Avion: 3      Iteracion: 0

Num Ruta: 1
Ingresos: 1503.53
Costos: 386.463528547
Utilidad Ruta: 1117.06647145
Costo Reducido: -
Nodos: [103, 9, 44, 11, 46, 23, 58, 25, 60, 19, 54, 713]
q: [0, 11.0, -11.0, 6.0, -6.0, 10.0, -10.0, 10.0, -10.0, 7.0, -7.0, 0]
Q: [0, 11.0, 0.0, 6.0, 0.0, 10.0, 0.0, 10.0, 0.0, 7.0, 0.0, 0]
B: [0.0, 37.2069129329, 66.73414993540001, 169.0, 173.05406684701, 267.0, 306.733842905, 410.0, 427.1849823101, 443.8578739909, 470.48499028239996, 489.2620487315]
