Avion: 3      Iteracion: 67

Num Ruta: 56
Ingresos: 1542.502
Costos: 326.338025789
Utilidad Ruta: 1216.16397421
Costo Reducido: 25.2056600355
Nodos: [103, 11, 46, 3, 38, 23, 35, 70, 58, 18, 53, 31, 66, 25, 60, 713]
q: [0.0, 6.0, -6.0, 13.0, -13.0, 10.0, 5.0, -5.0, -10.0, 10.0, -10.0, 9.0, -9.0, 10.0, -10.0, 0.0]
Q: [0.0, 6.0, 0.0, 13.0, 0.0, 10.0, 15.0, 10.0, 0.0, 10.0, 0.0, 9.0, 0.0, 10.0, 0.0, 0.0]
B: [0.0, 169.0, 173.05406684701, 256.0, 261.08428175852, 267.0, 277.4634044651, 289.38614345409997, 313.15284696969997, 338.59215837939996, 362.41039462809994, 406.0, 434.325479078, 459.752616235, 476.9375985451, 483.39377179247]
