Avion: 2      Iteracion: 66

Num Ruta: 48
Ingresos: 2292.386
Costos: 459.11533347
Utilidad Ruta: 1833.27066653
Costo Reducido: 82.6507072561
Nodos: [102, 16, 51, 17, 30, 52, 65, 10, 45, 26, 61, 13, 48, 20, 21, 56, 55, 2, 37, 712]
q: [0.0, 0.0, 0.0, 5.0, 10.0, -5.0, -10.0, 12.0, -12.0, 10.0, -10.0, 0.0, 0.0, 0.0, 12.0, -12.0, 0.0, 10.0, -10.0, 0.0]
Q: [0.0, 0.0, 0.0, 5.0, 15.0, 10.0, 0.0, 12.0, 0.0, 10.0, 0.0, 0.0, 0.0, 0.0, 12.0, 0.0, 0.0, 10.0, 0.0, 0.0]
B: [0.0, 36.0, 45.624091437640004, 78.34191948294, 111.95563108994, 115.10008557363, 131.19803109473, 149.89108138083, 179.41059211523, 300.0, 317.5792279694, 423.0, 439.88315095, 496.0, 500.74940638396, 541.48819706316, 562.08761768606, 569.41791495152, 610.15287699892, 614.26862346827]
