Avion: 6      Iteracion: 81

Num Ruta: 65
Ingresos: 1995.888
Costos: 424.842414829
Utilidad Ruta: 1571.04558517
Costo Reducido: 87.8354982935
Nodos: [106, 30, 16, 65, 51, 10, 45, 34, 22, 69, 57, 19, 54, 6, 41, 5, 40, 33, 68, 29, 4, 64, 39, 716]
q: [0.0, 11.0, 4.0, -11.0, -4.0, 12.0, -12.0, 8.0, 7.0, -8.0, -7.0, 7.0, -7.0, 4.0, -4.0, 0.0, 0.0, 5.0, -5.0, 9.0, 3.0, -9.0, -3.0, 0.0]
Q: [0.0, 11.0, 15.0, 4.0, 0.0, 12.0, 0.0, 8.0, 15.0, 7.0, 0.0, 7.0, 0.0, 4.0, 0.0, 0.0, 0.0, 5.0, 0.0, 9.0, 12.0, 3.0, 0.0, 0.0]
B: [0.0, 64.0, 72.20259129788, 83.01926305958, 85.89041962097, 101.71969683127, 131.23920756567, 322.0, 350.0636833826, 364.6328500369, 375.22310036439995, 402.0, 428.6271162915, 440.41813528899996, 444.11042468718995, 469.0, 470.12168890518, 483.41186760978, 525.3645326621801, 549.0, 569.7100026316, 592.5834067727, 604.8024778094, 619.4795926485]
