Avion: 7      Iteracion: 26

Num Ruta: 26
Ingresos: 713.228
Costos: 305.74556295
Utilidad Ruta: 407.48243705
Costo Reducido: 83.2211026462
Nodos: [107, 14, 49, 3, 38, 35, 70, 32, 67, 33, 8, 43, 13, 48, 68, 717]
q: [0.0, 8.0, -8.0, 0.0, 0.0, 8.0, -8.0, 11.0, -11.0, 5.0, 8.0, -8.0, 0.0, 0.0, -5.0, 0.0]
Q: [0.0, 8.0, 0.0, 0.0, 0.0, 8.0, 0.0, 11.0, 0.0, 5.0, 13.0, 5.0, 5.0, 5.0, 0.0, 0.0]
B: [0.0, 112.0, 124.021711775, 256.0, 261.08428175852, 274.08526633661995, 286.00800532561993, 309.0, 319.4016530417, 437.0, 450.76465480859997, 471.5330514246, 473.74372756550997, 490.62687851551, 495.97492881445, 530.51067720655]
