Avion: 4      Iteracion: 61

Num Ruta: 45
Ingresos: 2292.035
Costos: 521.308356965
Utilidad Ruta: 1770.72664304
Costo Reducido: 115.512722838
Nodos: [104, 17, 52, 9, 44, 10, 45, 1, 11, 46, 36, 3, 38, 23, 35, 70, 26, 61, 58, 34, 69, 714]
q: [0.0, 5.0, -5.0, 11.0, -11.0, 12.0, -12.0, 7.0, 6.0, -6.0, -7.0, 13.0, -13.0, 7.0, 8.0, -8.0, 8.0, -8.0, -7.0, 8.0, -8.0, 0.0]
Q: [0.0, 5.0, 0.0, 11.0, 0.0, 12.0, 0.0, 7.0, 13.0, 7.0, 0.0, 13.0, 0.0, 7.0, 15.0, 7.0, 15.0, 7.0, 0.0, 8.0, 0.0, 0.0]
B: [0.0, 24.0, 58.8425537813, 81.72911018459999, 111.25634718709999, 139.7984606337, 169.3179713681, 207.7373125389, 226.418141134, 230.47220798101, 264.78793731901, 271.88448922821, 276.96877098672996, 280.33125831012995, 290.79466277522994, 302.7174017642299, 317.06826393342993, 334.6474919028299, 337.71456428540995, 351.97351130120995, 388.41364151500994, 429.46216874800996]
