Avion: 5      Iteracion: 52

Num Ruta: 45
Ingresos: 931.947
Costos: 363.461508869
Utilidad Ruta: 568.485491131
Costo Reducido: 78.338191394
Nodos: [105, 19, 54, 5, 40, 33, 68, 29, 64, 715]
q: [0, 7.0, -7.0, 9.0, -9.0, 5.0, -5.0, 9.0, -9.0, 0]
Q: [0, 7.0, 0.0, 9.0, 0.0, 5.0, 0.0, 9.0, 0.0, 0]
B: [0.0, 402.0, 428.6271162915, 469.0, 470.12168890518, 483.41186760978, 525.3645326621801, 549.0, 582.7797797802, 630.090723715]
