Avion: 5      Iteracion: 37

Num Ruta: 36
Ingresos: 1201.598
Costos: 364.128456813
Utilidad Ruta: 837.469543187
Costo Reducido: 27.462981403
Nodos: [105, 25, 60, 31, 66, 4, 2, 39, 37, 715]
q: [0, 10.0, -10.0, 9.0, -9.0, 3.0, 10.0, -3.0, -10.0, 0]
Q: [0, 10.0, 0.0, 9.0, 0.0, 3.0, 13.0, 10.0, 0.0, 0]
B: [0.0, 410.0, 427.1849823101, 432.00662891681, 460.33210799481, 529.0, 556.3715326023, 565.8259991129, 599.0192098946001, 635.0237530107]
