Avion: 4      Iteracion: 26

Num Ruta: 26
Ingresos: 2158.175
Costos: 500.976452397
Utilidad Ruta: 1657.1985476
Costo Reducido: 167.754101104
Nodos: [104, 17, 52, 30, 65, 16, 51, 10, 45, 35, 70, 32, 67, 33, 8, 43, 68, 21, 56, 714]
q: [0, 5.0, -5.0, 11.0, -11.0, 9.0, -9.0, 12.0, -12.0, 8.0, -8.0, 11.0, -11.0, 5.0, 8.0, -8.0, -5.0, 12.0, -12.0, 0]
Q: [0, 5.0, 0.0, 11.0, 0.0, 9.0, 0.0, 12.0, 0.0, 8.0, 0.0, 11.0, 0.0, 5.0, 13.0, 5.0, 0.0, 12.0, 0.0, 0]
B: [0.0, 24.0, 58.8425537813, 64.0, 82.7140226568, 93.53069441849999, 103.15478585614, 118.98406306644, 148.50357380084, 270.0, 281.922738989, 309.0, 319.4016530417, 437.0, 450.76465480859997, 471.5330514246, 493.4899324645, 504.36940984169996, 545.1082005208999, 573.9990064113999]
