Avion: 4      Iteracion: 72

Num Ruta: 53
Ingresos: 1521.001
Costos: 331.359489615
Utilidad Ruta: 1189.64151038
Costo Reducido: 39.1195358862
Nodos: [104, 17, 52, 9, 44, 22, 57, 33, 68, 29, 64, 714]
q: [0, 5.0, -5.0, 11.0, -11.0, 10.0, -10.0, 5.0, -5.0, 9.0, -9.0, 0]
Q: [0, 5.0, 0.0, 11.0, 0.0, 10.0, 0.0, 5.0, 0.0, 9.0, 0.0, 0]
B: [0.0, 24.0, 58.8425537813, 81.72911018459999, 111.25634718709999, 299.0, 320.7546861389, 437.0, 478.9526650524, 549.0, 582.7797797802, 609.550209829]
