Avion: 1      Iteracion: 29

Num Ruta: 24
Ingresos: 269.684
Costos: 273.712342905
Utilidad Ruta: -4.0283429047
Costo Reducido: 24.8609611679
Nodos: [101, 30, 65, 27, 62, 711]
q: [0, 11.0, -11.0, 6.0, -6.0, 0]
Q: [0, 11.0, 0.0, 6.0, 0.0, 0]
B: [0.0, 64.0, 82.7140226568, 538.0, 555.0308623681, 569.1482535223]
