Avion: 6      Iteracion: 44

Num Ruta: 36
Ingresos: 1986.549
Costos: 453.706694928
Utilidad Ruta: 1532.84230507
Costo Reducido: 97.1004990622
Nodos: [106, 30, 16, 51, 65, 10, 45, 23, 35, 70, 32, 67, 34, 58, 69, 13, 48, 6, 41, 5, 40, 2, 39, 4, 37, 716]
q: [0.0, 11.0, 4.0, -4.0, -11.0, 12.0, -12.0, 4.0, 8.0, -8.0, 11.0, -11.0, 8.0, -4.0, -8.0, 15.0, -15.0, 4.0, -4.0, 9.0, -9.0, 10.0, -3.0, 3.0, -10.0, 0.0]
Q: [0.0, 11.0, 15.0, 11.0, 0.0, 12.0, 0.0, 4.0, 12.0, 4.0, 15.0, 4.0, 12.0, 8.0, 0.0, 15.0, 0.0, 4.0, 0.0, 9.0, 0.0, 10.0, 7.0, 10.0, 0.0, 0.0]
B: [0.0, 64.0, 72.20259129788, 81.82668273552001, 84.69783929691, 103.39088958301001, 132.91040031741, 267.0, 277.4634044651, 289.38614345409997, 309.0, 319.4016530417, 346.1750898215, 360.4340368373, 388.28712463740004, 423.0, 439.88315095, 464.1060995732, 467.79838897139, 486.18724918619, 487.30893809137, 522.0, 549.0, 569.4257496801999, 582.8765054953999, 603.3021429639999]
