Avion: 5      Iteracion: 88

Num Ruta: 72
Ingresos: 1108.629
Costos: 379.521910618
Utilidad Ruta: 729.107089382
Costo Reducido: 18.7439990689
Nodos: [105, 30, 16, 51, 65, 35, 70, 33, 8, 43, 13, 48, 68, 15, 50, 7, 4, 27, 62, 39, 42, 715]
q: [0.0, 11.0, 4.0, -4.0, -11.0, 8.0, -8.0, 5.0, 8.0, -8.0, 10.0, -10.0, -5.0, 0.0, 0.0, 0.0, 3.0, 6.0, -6.0, -3.0, 0.0, 0.0]
Q: [0.0, 11.0, 15.0, 11.0, 0.0, 8.0, 0.0, 5.0, 13.0, 5.0, 15.0, 5.0, 0.0, 0.0, 0.0, 0.0, 3.0, 9.0, 3.0, 0.0, 0.0, 0.0]
B: [0.0, 64.0, 72.20259129788, 81.82668273552001, 84.69783929691, 270.0, 281.922738989, 437.0, 450.76465480859997, 471.5330514246, 473.74372756550997, 490.62687851551, 495.97492881445, 511.0, 527.4211666151, 538.3259061809999, 548.6892794734999, 566.3040540108, 583.3349163789, 588.7501749138199, 589.9105489914299, 626.8161901456299]
