Avion: 5      Iteracion: 24

Num Ruta: 25
Ingresos: 1430.082
Costos: 428.364751388
Utilidad Ruta: 1001.71724861
Costo Reducido: 57.9177096218
Nodos: [105, 9, 24, 44, 59, 1, 36, 18, 53, 28, 63, 25, 60, 15, 50, 4, 39, 715]
q: [0.0, 11.0, 4.0, -11.0, -4.0, 7.0, -7.0, 10.0, -10.0, 6.0, -6.0, 10.0, -10.0, 0.0, 0.0, 3.0, -3.0, 0.0]
Q: [0.0, 11.0, 15.0, 4.0, 0.0, 7.0, 0.0, 10.0, 0.0, 6.0, 0.0, 10.0, 0.0, 0.0, 0.0, 3.0, 0.0, 0.0]
B: [0.0, 31.4915482312, 61.0, 85.1402498951, 110.19581330919999, 175.0, 209.2400855285, 293.0, 316.8182362487, 378.0, 414.0266187839, 417.35999740026, 434.54497971036, 511.0, 527.4211666151, 532.99584588839, 553.42159556859, 591.1356869005899]
