Avion: 2      Iteracion: 0

Num Ruta: 2
Ingresos: 4226.588
Costos: 866.26233798
Utilidad Ruta: 3360.32566202
Costo Reducido: -
Nodos: [102, 16, 51, 17, 52, 30, 65, 10, 45, 1, 36, 23, 58, 26, 61, 22, 57, 19, 8, 54, 43, 31, 66, 2, 27, 37, 4, 62, 39, 712]
q: [0.0, 9.0, -9.0, 5.0, -5.0, 11.0, -11.0, 12.0, -12.0, 7.0, -7.0, 10.0, -10.0, 10.0, -10.0, 10.0, -10.0, 7.0, 8.0, -7.0, -8.0, 9.0, -9.0, 10.0, 5.0, -10.0, 3.0, -5.0, -3.0, 0.0]
Q: [0.0, 9.0, 0.0, 5.0, 0.0, 11.0, 0.0, 12.0, 0.0, 7.0, 0.0, 10.0, 0.0, 10.0, 0.0, 10.0, 0.0, 7.0, 15.0, 8.0, 0.0, 9.0, 0.0, 10.0, 15.0, 5.0, 8.0, 3.0, 0.0, 0.0]
B: [0.0, 36.0, 45.624091437640004, 78.34191948294, 113.18447326424, 116.32892774793, 135.04295040473, 153.73600069083, 183.25551142523, 221.67485259603, 255.91493812453, 267.0, 306.733842905, 326.4202156791, 343.9994436485, 357.6336242986, 379.3883104375, 402.0, 425.1608815463, 443.1178409771, 446.04596016866, 463.15858150495995, 491.48406058295996, 522.0, 547.7839683718, 572.749620336, 586.2003761512, 602.2875768089, 607.70283534382, 644.9247824315199]
