Avion: 1      Iteracion: 13

Num Ruta: 14
Ingresos: 696.09
Costos: 286.0496319
Utilidad Ruta: 410.0403681
Costo Reducido: 123.935702763
Nodos: [101, 22, 57, 19, 54, 711]
q: [0, 10.0, -10.0, 7.0, -7.0, 0]
Q: [0, 10.0, 0.0, 7.0, 0.0, 0]
B: [0.0, 299.0, 320.7546861389, 402.0, 428.6271162915, 433.37264323799997]
