Avion: 3      Iteracion: 35

Num Ruta: 35
Ingresos: 2116.553
Costos: 533.764717514
Utilidad Ruta: 1582.78828249
Costo Reducido: 50.7213796819
Nodos: [103, 30, 65, 10, 45, 1, 36, 3, 38, 23, 35, 70, 32, 67, 34, 58, 28, 69, 63, 19, 54, 713]
q: [0.0, 11.0, -11.0, 12.0, -12.0, 7.0, -7.0, 13.0, -13.0, 4.0, 8.0, -8.0, 11.0, -11.0, 8.0, -4.0, 6.0, -8.0, -6.0, 7.0, -7.0, 0.0]
Q: [0.0, 11.0, 0.0, 12.0, 0.0, 7.0, 0.0, 13.0, 0.0, 4.0, 12.0, 4.0, 15.0, 4.0, 12.0, 8.0, 14.0, 6.0, 0.0, 7.0, 0.0, 0.0]
B: [0.0, 64.0, 82.7140226568, 101.4070729429, 130.92658367730002, 175.0, 209.2400855285, 256.0, 261.08428175852, 267.0, 277.4634044651, 289.38614345409997, 309.0, 319.4016530417, 346.1750898215, 360.4340368373, 378.0, 412.6152135628, 444.56576931700005, 457.10156259070004, 483.72867888220003, 502.50573733130005]
