Avion: 4      Iteracion: 6

Num Ruta: 9
Ingresos: 1498.208
Costos: 413.367954821
Utilidad Ruta: 1084.84004518
Costo Reducido: 653.750755871
Nodos: [104, 1, 36, 35, 70, 18, 53, 19, 8, 54, 43, 29, 64, 714]
q: [0, 7.0, -7.0, 8.0, -8.0, 10.0, -10.0, 7.0, 8.0, -7.0, -8.0, 9.0, -9.0, 0]
Q: [0, 7.0, 0.0, 8.0, 0.0, 10.0, 0.0, 7.0, 15.0, 8.0, 0.0, 9.0, 0.0, 0]
B: [0.0, 175.0, 209.2400855285, 270.0, 281.922738989, 302.3408921131, 326.15912836179996, 402.0, 425.1608815463, 443.1178409771, 446.04596016866, 549.0, 582.7797797802, 609.550209829]
