Avion: 7      Iteracion: 15

Num Ruta: 17
Ingresos: 1084.747
Costos: 357.233032794
Utilidad Ruta: 727.513967206
Costo Reducido: 77.3930951553
Nodos: [107, 16, 51, 9, 44, 14, 49, 3, 38, 23, 35, 70, 32, 67, 26, 61, 58, 717]
q: [0.0, 9.0, -9.0, 11.0, -11.0, 8.0, -8.0, 13.0, -13.0, 4.0, 8.0, -8.0, 11.0, -11.0, 10.0, -10.0, -4.0, 0.0]
Q: [0.0, 9.0, 0.0, 11.0, 0.0, 8.0, 0.0, 13.0, 0.0, 4.0, 12.0, 4.0, 15.0, 4.0, 14.0, 4.0, 0.0, 0.0]
B: [0.0, 40.0989101099, 49.723001547539994, 79.77985770384, 109.30709470634, 119.56390142184, 131.58561319684, 256.0, 261.08428175852, 267.0, 277.4634044651, 289.38614345409997, 309.0, 319.4016530417, 332.1221722921, 349.7014002615, 352.76847264408, 388.30412645828005]
