Avion: 5      Iteracion: 61

Num Ruta: 52
Ingresos: 490.92
Costos: 286.561845195
Utilidad Ruta: 204.358154805
Costo Reducido: 61.7864667291
Nodos: [105, 10, 45, 28, 63, 15, 50, 7, 42, 715]
q: [0, 12.0, -12.0, 6.0, -6.0, 0.0, -0.0, 0.0, -0.0, 0]
Q: [0, 12.0, 0.0, 6.0, 0.0, 0.0, 0.0, 0.0, 0.0, 0]
B: [0.0, 96.0, 125.5195107344, 378.0, 414.0266187839, 511.0, 527.4211666151, 538.3259061809999, 566.8672179938999, 603.7728591480999]
