Avion: 2      Iteracion: 8

Num Ruta: 10
Ingresos: 1823.559
Costos: 593.574262543
Utilidad Ruta: 1229.98473746
Costo Reducido: 202.097633298
Nodos: [102, 24, 59, 10, 45, 1, 36, 23, 58, 28, 63, 712]
q: [0, 11.0, -11.0, 12.0, -12.0, 7.0, -7.0, 10.0, -10.0, 6.0, -6.0, 0]
Q: [0, 11.0, 0.0, 12.0, 0.0, 7.0, 0.0, 10.0, 0.0, 6.0, 0.0, 0]
B: [0.0, 61.0, 99.5129503025, 111.2988809828, 140.8183917172, 179.237732888, 213.4778184165, 267.0, 306.733842905, 378.0, 414.0266187839, 422.05956058625003]
