Avion: 5      Iteracion: 32

Num Ruta: 33
Ingresos: 773.156
Costos: 266.881770417
Utilidad Ruta: 506.274229583
Costo Reducido: 54.1738056487
Nodos: [105, 18, 53, 28, 63, 25, 60, 27, 62, 715]
q: [0, 10.0, -10.0, 6.0, -6.0, 10.0, -10.0, 6.0, -6.0, 0]
Q: [0, 10.0, 0.0, 6.0, 0.0, 10.0, 0.0, 6.0, 0.0, 0]
B: [0.0, 293.0, 316.8182362487, 378.0, 414.0266187839, 417.35999740026, 434.54497971036, 538.0, 555.0308623681, 587.6857874177999]
