Avion: 1      Iteracion: 20

Num Ruta: 19
Ingresos: 1284.596
Costos: 309.334404127
Utilidad Ruta: 975.261595873
Costo Reducido: 132.928948959
Nodos: [101, 30, 65, 24, 59, 28, 63, 19, 8, 54, 43, 711]
q: [0, 11.0, -11.0, 11.0, -11.0, 6.0, -6.0, 7.0, 8.0, -7.0, -8.0, 0]
Q: [0, 11.0, 0.0, 11.0, 0.0, 6.0, 0.0, 7.0, 15.0, 8.0, 0.0, 0]
B: [0.0, 64.0, 82.7140226568, 107.4479935471, 145.9609438496, 378.0, 414.0266187839, 426.5624120576, 449.7232936039, 467.6802530347, 470.60837222626, 476.31750350869]
