Avion: 2      Iteracion: 33

Num Ruta: 29
Ingresos: 818.521
Costos: 461.328645054
Utilidad Ruta: 357.192354946
Costo Reducido: 48.196668979
Nodos: [102, 16, 51, 34, 69, 19, 25, 60, 54, 13, 48, 712]
q: [0.0, 9.0, -9.0, 8.0, -8.0, 7.0, 8.0, -8.0, -7.0, 0.0, 0.0, 0.0]
Q: [0.0, 9.0, 0.0, 8.0, 0.0, 7.0, 15.0, 7.0, 0.0, 0.0, 0.0, 0.0]
B: [0.0, 36.0, 45.624091437640004, 322.0, 358.4401302138, 402.0, 411.3920072402, 428.57698955029997, 445.3638459862, 449.59146529262, 466.47461624262, 481.86509251852]
