Avion: 1      Iteracion: 1

Num Ruta: 4
Ingresos: 1688.16
Costos: 423.87903859
Utilidad Ruta: 1264.28096141
Costo Reducido: 1493.41292489
Nodos: [101, 23, 58, 26, 61, 21, 56, 711]
q: [0, 10.0, -10.0, 10.0, -10.0, 12.0, -12.0, 0]
Q: [0, 10.0, 0.0, 10.0, 0.0, 12.0, 0.0, 0]
B: [0.0, 267.0, 306.733842905, 326.4202156791, 343.9994436485, 477.0, 517.7387906792, 539.9812763540999]
