Avion: 4      Iteracion: 90

Num Ruta: 59
Ingresos: 2027.729
Costos: 371.140328006
Utilidad Ruta: 1656.58867199
Costo Reducido: 33.3644228206
Nodos: [104, 17, 52, 9, 44, 18, 53, 22, 57, 8, 33, 43, 13, 48, 68, 29, 64, 714]
q: [0.0, 5.0, -5.0, 11.0, -11.0, 10.0, -10.0, 10.0, -10.0, 8.0, 5.0, -8.0, 10.0, -10.0, -5.0, 9.0, -9.0, 0.0]
Q: [0.0, 5.0, 0.0, 11.0, 0.0, 10.0, 0.0, 10.0, 0.0, 8.0, 13.0, 5.0, 15.0, 5.0, 0.0, 9.0, 0.0, 0.0]
B: [0.0, 24.0, 58.8425537813, 81.72911018459999, 111.25634718709999, 293.0, 316.8182362487, 332.3010836612, 354.0557698001, 414.0, 437.0, 460.2743670161, 462.48504315700995, 479.36819410700997, 484.71624440594996, 549.0, 582.7797797802, 609.550209829]
