Avion: 7      Iteracion: 16

Num Ruta: 18
Ingresos: 1062.558
Costos: 166.511837681
Utilidad Ruta: 896.046162319
Costo Reducido: 171.474877178
Nodos: [107, 14, 49, 3, 38, 23, 26, 61, 58, 22, 57, 717]
q: [0.0, 8.0, -8.0, 0.0, 0.0, 5.0, 10.0, -10.0, -5.0, 10.0, -10.0, 0.0]
Q: [0.0, 8.0, 0.0, 0.0, 0.0, 5.0, 15.0, 5.0, 0.0, 10.0, 0.0, 0.0]
B: [0.0, 112.0, 124.021711775, 256.0, 261.08428175852, 267.0, 301.4413435423, 319.0205715117, 322.08764389428, 337.84406788578, 359.59875402468003, 361.56554277795004]
