Avion: 4      Iteracion: 35

Num Ruta: 29
Ingresos: 1284.636
Costos: 473.306630135
Utilidad Ruta: 811.329369865
Costo Reducido: 64.0869880112
Nodos: [104, 10, 45, 32, 67, 34, 69, 25, 19, 60, 54, 5, 33, 40, 68, 714]
q: [0.0, 12.0, -12.0, 11.0, -11.0, 8.0, -8.0, 8.0, 7.0, -8.0, -7.0, 9.0, 5.0, -9.0, -5.0, 0.0]
Q: [0.0, 12.0, 0.0, 11.0, 0.0, 8.0, 0.0, 8.0, 15.0, 7.0, 0.0, 9.0, 14.0, 5.0, 0.0, 0.0]
B: [0.0, 96.0, 125.5195107344, 309.0, 319.4016530417, 346.1750898215, 382.6152200353, 411.9340544596, 421.3260616998, 437.99895338059997, 454.7858098165, 469.0, 482.6981671767, 495.9883458813, 525.0007204997, 541.1751374907001]
