Avion: 2      Iteracion: 12

Num Ruta: 14
Ingresos: 1498.693
Costos: 553.828938085
Utilidad Ruta: 944.864061915
Costo Reducido: 159.12861373
Nodos: [102, 24, 59, 10, 45, 35, 70, 33, 68, 4, 39, 2, 37, 712]
q: [0, 11.0, -11.0, 12.0, -12.0, 8.0, -8.0, 5.0, -5.0, 3.0, -3.0, 10.0, -10.0, 0]
Q: [0, 11.0, 0.0, 12.0, 0.0, 8.0, 0.0, 5.0, 0.0, 3.0, 0.0, 10.0, 0.0, 0]
B: [0.0, 61.0, 99.5129503025, 111.2988809828, 140.8183917172, 270.0, 281.922738989, 437.0, 478.9526650524, 529.0, 549.4257496801999, 558.8802161908, 599.6151782382, 603.73092470755]
