Avion: 6      Iteracion: 87

Num Ruta: 70
Ingresos: 2424.6
Costos: 395.483603227
Utilidad Ruta: 2029.11639677
Costo Reducido: 59.8297960059
Nodos: [106, 14, 49, 3, 38, 23, 35, 70, 34, 58, 22, 69, 57, 8, 33, 43, 6, 41, 5, 40, 68, 21, 56, 716]
q: [0.0, 8.0, -8.0, 13.0, -13.0, 7.0, 8.0, -8.0, 8.0, -7.0, 7.0, -8.0, -7.0, 8.0, 5.0, -8.0, 0.0, 0.0, 0.0, 0.0, -5.0, 12.0, -12.0, 0.0]
Q: [0.0, 8.0, 0.0, 13.0, 0.0, 7.0, 15.0, 7.0, 15.0, 8.0, 15.0, 7.0, 0.0, 8.0, 13.0, 5.0, 5.0, 5.0, 5.0, 5.0, 0.0, 12.0, 0.0, 0.0]
B: [0.0, 112.0, 124.021711775, 256.0, 261.08428175852, 267.0, 277.4634044651, 289.38614345409997, 322.0, 336.2589470158, 352.0153710073, 366.5845376616, 377.17478798909997, 414.0, 437.0, 460.2743670161, 469.46503864552994, 473.15732804371993, 491.5461882585199, 492.6678771636999, 521.6802517821, 532.5597291593, 573.2985198384999, 600.0104095695]
