Avion: 3      Iteracion: 39

Num Ruta: 39
Ingresos: 1871.742
Costos: 481.130401733
Utilidad Ruta: 1390.61159827
Costo Reducido: 64.8348189535
Nodos: [103, 11, 46, 1, 36, 35, 70, 32, 67, 26, 34, 61, 69, 25, 19, 60, 54, 5, 33, 40, 68, 4, 27, 62, 39, 713]
q: [0.0, 6.0, -6.0, 7.0, -7.0, 8.0, -8.0, 11.0, -11.0, 7.0, 8.0, -7.0, -8.0, 8.0, 7.0, -8.0, -7.0, 9.0, 5.0, -9.0, -5.0, 3.0, 0.0, 0.0, -3.0, 0.0]
Q: [0.0, 6.0, 0.0, 7.0, 0.0, 8.0, 0.0, 11.0, 0.0, 7.0, 15.0, 8.0, 0.0, 8.0, 15.0, 7.0, 0.0, 9.0, 14.0, 5.0, 0.0, 3.0, 3.0, 3.0, 0.0, 0.0]
B: [0.0, 169.0, 173.05406684701, 195.72351838431, 229.96360391281002, 270.0, 281.922738989, 309.0, 319.4016530417, 332.1221722921, 348.0493993263, 362.9626454183, 387.9493993691, 417.2682337934, 426.66024103359996, 443.33313271439994, 460.11998915029994, 469.0, 482.6981671767, 495.9883458813, 525.0007204997, 542.3182545332, 559.9330290705001, 576.9638914386001, 582.37914997352, 613.0656000452201]
