Avion: 3      Iteracion: 48

Num Ruta: 45
Ingresos: 2202.018
Costos: 494.072513794
Utilidad Ruta: 1707.94548621
Costo Reducido: 17.8373619059
Nodos: [103, 9, 44, 30, 16, 51, 65, 35, 70, 32, 67, 26, 34, 61, 69, 8, 19, 54, 43, 21, 56, 713]
q: [0.0, 11.0, -11.0, 11.0, 4.0, -4.0, -11.0, 8.0, -8.0, 11.0, -11.0, 7.0, 8.0, -7.0, -8.0, 8.0, 7.0, -7.0, -8.0, 12.0, -12.0, 0.0]
Q: [0.0, 11.0, 0.0, 11.0, 15.0, 11.0, 0.0, 8.0, 0.0, 11.0, 0.0, 7.0, 15.0, 8.0, 0.0, 8.0, 15.0, 8.0, 0.0, 12.0, 0.0, 0.0]
B: [0.0, 37.2069129329, 66.73414993540001, 82.52205027080001, 90.72464156868001, 100.34873300632002, 103.21988956771001, 270.0, 281.922738989, 309.0, 319.4016530417, 332.1221722921, 348.0493993263, 362.9626454183, 387.9493993691, 414.0, 437.1608815463, 463.7879978378, 466.71611702935996, 491.68028873606, 532.41907941526, 563.5768252419599]
