Avion: 4      Iteracion: 40

Num Ruta: 32
Ingresos: 1046.694
Costos: 346.059333043
Utilidad Ruta: 700.634666957
Costo Reducido: 22.1859395455
Nodos: [104, 17, 52, 9, 44, 14, 49, 35, 70, 32, 67, 33, 68, 714]
q: [0, 5.0, -5.0, 11.0, -11.0, 8.0, -8.0, 8.0, -8.0, 11.0, -11.0, 5.0, -5.0, 0]
Q: [0, 5.0, 0.0, 11.0, 0.0, 8.0, 0.0, 8.0, 0.0, 11.0, 0.0, 5.0, 0.0, 0]
B: [0.0, 24.0, 58.8425537813, 81.72911018459999, 111.25634718709999, 121.5131539026, 133.5348656776, 270.0, 281.922738989, 309.0, 319.4016530417, 437.0, 478.9526650524, 495.1270820434]
