Avion: 1      Iteracion: 24

Num Ruta: 21
Ingresos: 1100.45
Costos: 342.606790705
Utilidad Ruta: 757.843209295
Costo Reducido: 128.996499778
Nodos: [101, 30, 65, 24, 59, 1, 36, 25, 60, 4, 39, 711]
q: [0, 11.0, -11.0, 11.0, -11.0, 7.0, -7.0, 10.0, -10.0, 3.0, -3.0, 0]
Q: [0, 11.0, 0.0, 11.0, 0.0, 7.0, 0.0, 10.0, 0.0, 3.0, 0.0, 0]
B: [0.0, 64.0, 82.7140226568, 107.4479935471, 145.9609438496, 175.0, 209.2400855285, 410.0, 427.1849823101, 529.0, 549.4257496801999, 566.2347817760999]
