Avion: 3      Iteracion: 27

Num Ruta: 30
Ingresos: 2018.646
Costos: 389.56930401
Utilidad Ruta: 1629.07669599
Costo Reducido: 156.397057538
Nodos: [103, 11, 46, 35, 70, 32, 67, 34, 28, 69, 19, 63, 25, 60, 54, 6, 41, 21, 56, 27, 62, 713]
q: [0.0, 6.0, -6.0, 8.0, -8.0, 11.0, -11.0, 8.0, 6.0, -8.0, 7.0, -6.0, 8.0, -8.0, -7.0, 4.0, -4.0, 12.0, -12.0, 6.0, -6.0, 0.0]
Q: [0.0, 6.0, 0.0, 8.0, 0.0, 11.0, 0.0, 8.0, 14.0, 6.0, 13.0, 7.0, 15.0, 7.0, 0.0, 4.0, 0.0, 12.0, 0.0, 6.0, 0.0, 0.0]
B: [0.0, 169.0, 173.05406684701, 270.0, 281.922738989, 309.0, 319.4016530417, 346.1750898215, 378.0, 412.6152135628, 433.1550298229, 445.6908230966, 449.02420171296, 466.20918402306, 482.99604045896, 494.78705945646, 498.47934885464997, 535.1605977565499, 575.8993884357499, 589.0768366333499, 606.1076990014499, 634.3784192787499]
