Avion: 5      Iteracion: 25

Num Ruta: 26
Ingresos: 862.722
Costos: 412.067705927
Utilidad Ruta: 450.654294073
Costo Reducido: 56.1432813782
Nodos: [105, 16, 51, 24, 59, 14, 49, 35, 70, 18, 53, 31, 66, 715]
q: [0, 9.0, -9.0, 11.0, -11.0, 8.0, -8.0, 8.0, -8.0, 10.0, -10.0, 9.0, -9.0, 0]
Q: [0, 9.0, 0.0, 11.0, 0.0, 8.0, 0.0, 8.0, 0.0, 10.0, 0.0, 9.0, 0.0, 0]
B: [0.0, 36.0, 45.624091437640004, 70.85029051714, 109.36324081964, 138.00961011834, 150.03132189334, 270.0, 281.922738989, 302.3408921131, 326.15912836179996, 406.0, 434.325479078, 448.0782228406]
