Avion: 4      Iteracion: 25

Num Ruta: 25
Ingresos: 2884.134
Costos: 630.198633285
Utilidad Ruta: 2253.93536672
Costo Reducido: 47.7869396153
Nodos: [104, 17, 52, 16, 51, 24, 59, 10, 45, 1, 36, 3, 38, 35, 70, 18, 53, 28, 63, 19, 8, 33, 54, 43, 68, 29, 64, 714]
q: [0.0, 5.0, -5.0, 9.0, -9.0, 11.0, -11.0, 12.0, -12.0, 7.0, -7.0, 13.0, -13.0, 8.0, -8.0, 10.0, -10.0, 6.0, -6.0, 7.0, 3.0, 5.0, -7.0, -3.0, -5.0, 9.0, -9.0, 0.0]
Q: [0.0, 5.0, 0.0, 9.0, 0.0, 11.0, 0.0, 12.0, 0.0, 7.0, 0.0, 13.0, 0.0, 8.0, 0.0, 10.0, 0.0, 6.0, 0.0, 7.0, 10.0, 15.0, 8.0, 5.0, 0.0, 9.0, 0.0, 0.0]
B: [0.0, 24.0, 58.8425537813, 64.17419311644, 73.79828455408, 99.02448363357999, 137.53743393608, 149.32336461638, 178.84287535078, 217.26221652158, 251.50230205008, 258.59885395928, 263.6831357178, 276.68412029589996, 288.60685928489994, 309.02501240899994, 332.8432486576999, 378.0, 414.0266187839, 426.5624120576, 449.7232936039, 463.48794841250003, 485.0363421809, 487.96446137246, 509.92134241236, 549.0, 582.7797797802, 609.550209829]
