Avion: 7      Iteracion: 48

Num Ruta: 43
Ingresos: 1359.554
Costos: 272.051244389
Utilidad Ruta: 1087.50275561
Costo Reducido: 23.5003414232
Nodos: [107, 30, 16, 51, 65, 14, 49, 3, 38, 23, 35, 70, 34, 58, 22, 69, 57, 717]
q: [0.0, 11.0, 4.0, -4.0, -11.0, 8.0, -8.0, 0.0, 0.0, 7.0, 8.0, -8.0, 8.0, -7.0, 7.0, -8.0, -7.0, 0.0]
Q: [0.0, 11.0, 15.0, 11.0, 0.0, 8.0, 0.0, 0.0, 0.0, 7.0, 15.0, 7.0, 15.0, 8.0, 15.0, 7.0, 0.0, 0.0]
B: [0.0, 64.0, 72.20259129788, 81.82668273552001, 84.69783929691, 112.49377995381, 124.51549172881, 256.0, 261.08428175852, 267.0, 277.4634044651, 289.38614345409997, 322.0, 336.2589470158, 352.0153710073, 366.5845376616, 377.17478798909997, 379.14157674237]
