Avion: 4      Iteracion: 89

Num Ruta: 58
Ingresos: 1132.617
Costos: 229.585109825
Utilidad Ruta: 903.031890175
Costo Reducido: 4.54749585475
Nodos: [104, 17, 52, 9, 44, 11, 46, 25, 60, 29, 64, 714]
q: [0, 5.0, -5.0, 11.0, -11.0, 6.0, -6.0, 10.0, -10.0, 9.0, -9.0, 0]
Q: [0, 5.0, 0.0, 11.0, 0.0, 6.0, 0.0, 10.0, 0.0, 9.0, 0.0, 0]
B: [0.0, 24.0, 58.8425537813, 81.72911018459999, 111.25634718709999, 169.0, 173.05406684701, 410.0, 427.1849823101, 549.0, 582.7797797802, 609.550209829]
