Avion: 5      Iteracion: 18

Num Ruta: 19
Ingresos: 1561.414
Costos: 451.703101647
Utilidad Ruta: 1109.71089835
Costo Reducido: 134.620991944
Nodos: [105, 30, 16, 51, 65, 24, 59, 1, 36, 3, 38, 26, 61, 18, 53, 28, 63, 715]
q: [0.0, 6.0, 9.0, -9.0, -6.0, 11.0, -11.0, 7.0, -7.0, 13.0, -13.0, 10.0, -10.0, 10.0, -10.0, 6.0, -6.0, 0.0]
Q: [0.0, 6.0, 15.0, 6.0, 0.0, 11.0, 0.0, 7.0, 0.0, 13.0, 0.0, 10.0, 0.0, 10.0, 0.0, 6.0, 0.0, 0.0]
B: [0.0, 64.0, 72.20259129788, 81.82668273552001, 84.69783929691, 109.43181018721, 147.94476048971, 175.0, 209.2400855285, 256.0, 261.08428175852, 300.0, 317.5792279694, 340.8578987218, 364.67613497049996, 378.0, 414.0266187839, 451.2632406769]
