Avion: 1      Iteracion: 36

Num Ruta: 28
Ingresos: 2021.573
Costos: 439.396749829
Utilidad Ruta: 1582.17625017
Costo Reducido: 64.1684598297
Nodos: [101, 30, 65, 24, 59, 1, 36, 23, 58, 32, 67, 34, 69, 25, 60, 711]
q: [0, 11.0, -11.0, 11.0, -11.0, 7.0, -7.0, 10.0, -10.0, 11.0, -11.0, 8.0, -8.0, 10.0, -10.0, 0]
Q: [0, 11.0, 0.0, 11.0, 0.0, 7.0, 0.0, 10.0, 0.0, 11.0, 0.0, 8.0, 0.0, 10.0, 0.0, 0]
B: [0.0, 64.0, 82.7140226568, 107.4479935471, 145.9609438496, 175.0, 209.2400855285, 267.0, 306.733842905, 329.2181487426, 339.6198017843, 366.39323856410005, 402.83336877790003, 432.15220320220004, 449.33718551230004, 461.45006811720003]
