Avion: 5      Iteracion: 17

Num Ruta: 18
Ingresos: 576.061
Costos: 300.070191379
Utilidad Ruta: 275.990808621
Costo Reducido: 81.838600452
Nodos: [105, 19, 54, 27, 4, 39, 62, 715]
q: [0, 7.0, -7.0, 6.0, 3.0, -3.0, -6.0, 0]
Q: [0, 7.0, 0.0, 6.0, 9.0, 6.0, 0.0, 0]
B: [0.0, 402.0, 428.6271162915, 538.0, 555.6147745373, 576.0405242175, 581.45578275242, 614.1107078021199]
