Avion: 3      Iteracion: 47

Num Ruta: 44
Ingresos: 1538.584
Costos: 352.908813725
Utilidad Ruta: 1185.67518628
Costo Reducido: 22.9032685103
Nodos: [103, 11, 46, 23, 35, 70, 58, 32, 67, 34, 69, 8, 33, 43, 13, 48, 68, 713]
q: [0.0, 6.0, -6.0, 7.0, 8.0, -8.0, -7.0, 11.0, -11.0, 8.0, -8.0, 8.0, 5.0, -8.0, 10.0, -10.0, -5.0, 0.0]
Q: [0.0, 6.0, 0.0, 7.0, 15.0, 7.0, 0.0, 11.0, 0.0, 8.0, 0.0, 8.0, 13.0, 5.0, 15.0, 5.0, 0.0, 0.0]
B: [0.0, 169.0, 173.05406684701, 267.0, 277.4634044651, 289.38614345409997, 313.15284696969997, 335.63715280729997, 346.03880584899997, 372.8122426288, 409.2523728426, 414.0, 437.0, 460.2743670161, 462.48504315700995, 479.36819410700997, 484.71624440594996, 488.4111199113]
