Avion: 1      Iteracion: 15

Num Ruta: 16
Ingresos: 2143.738
Costos: 466.898619431
Utilidad Ruta: 1676.83938057
Costo Reducido: 167.878846833
Nodos: [101, 30, 16, 51, 65, 24, 59, 1, 36, 3, 38, 19, 54, 6, 41, 33, 68, 21, 56, 711]
q: [0.0, 6.0, 9.0, -9.0, -6.0, 11.0, -11.0, 7.0, -7.0, 13.0, -13.0, 7.0, -7.0, 4.0, -4.0, 5.0, -5.0, 12.0, -12.0, 0.0]
Q: [0.0, 6.0, 15.0, 6.0, 0.0, 11.0, 0.0, 7.0, 0.0, 13.0, 0.0, 7.0, 0.0, 4.0, 0.0, 5.0, 0.0, 12.0, 0.0, 0.0]
B: [0.0, 64.0, 72.20259129788, 81.82668273552001, 84.69783929691, 109.43181018721, 147.94476048971, 175.0, 209.2400855285, 256.0, 261.08428175852, 402.0, 428.6271162915, 440.41813528899996, 444.11042468718995, 472.52768064198995, 514.4803456943899, 525.35982307159, 566.0986137507899, 588.3410994256899]
