Avion: 5      Iteracion: 55

Num Ruta: 48
Ingresos: 499.617
Costos: 273.389364477
Utilidad Ruta: 226.227635523
Costo Reducido: 30.2319813453
Nodos: [105, 14, 49, 18, 53, 31, 66, 715]
q: [0, 8.0, -8.0, 10.0, -10.0, 9.0, -9.0, 0]
Q: [0, 8.0, 0.0, 10.0, 0.0, 9.0, 0.0, 0]
B: [0.0, 112.0, 124.021711775, 293.0, 316.8182362487, 406.0, 434.325479078, 448.0782228406]
