Avion: 5      Iteracion: 35

Num Ruta: 35
Ingresos: 421.148
Costos: 294.067676908
Utilidad Ruta: 127.080323092
Costo Reducido: 21.588932764
Nodos: [105, 30, 65, 34, 69, 715]
q: [0, 11.0, -11.0, 8.0, -8.0, 0]
Q: [0, 11.0, 0.0, 8.0, 0.0, 0]
B: [0.0, 64.0, 82.7140226568, 322.0, 358.4401302138, 376.9745084607]
