Avion: 2      Iteracion: 26

Num Ruta: 24
Ingresos: 463.646
Costos: 439.634304349
Utilidad Ruta: 24.011695651
Costo Reducido: 83.1142761098
Nodos: [102, 10, 45, 33, 68, 712]
q: [0, 12.0, -12.0, 5.0, -5.0, 0]
Q: [0, 12.0, 0.0, 5.0, 0.0, 0]
B: [0.0, 96.0, 125.5195107344, 437.0, 478.9526650524, 489.28194508539997]
