Avion: 4      Iteracion: 18

Num Ruta: 21
Ingresos: 1245.768
Costos: 433.597176823
Utilidad Ruta: 812.170823177
Costo Reducido: 139.092037937
Nodos: [104, 17, 52, 24, 9, 44, 59, 10, 45, 3, 38, 8, 19, 54, 43, 13, 48, 714]
q: [0.0, 0.0, 0.0, 4.0, 11.0, -11.0, -4.0, 12.0, -12.0, 13.0, -13.0, 8.0, 7.0, -7.0, -8.0, 15.0, -15.0, 0.0]
Q: [0.0, 0.0, 0.0, 4.0, 15.0, 4.0, 0.0, 12.0, 0.0, 13.0, 0.0, 8.0, 15.0, 8.0, 0.0, 15.0, 0.0, 0.0]
B: [0.0, 24.0, 58.8425537813, 75.400837086, 81.83771412381999, 111.36495112632, 136.42051454042, 148.20644522071998, 177.72595595511999, 256.0, 261.08428175852, 414.0, 437.1608815463, 463.7879978378, 466.71611702935996, 468.92679317026995, 485.80994412026996, 497.48924482706997]
