Avion: 2      Iteracion: 13

Num Ruta: 15
Ingresos: 1294.27
Costos: 520.573582155
Utilidad Ruta: 773.696417845
Costo Reducido: 119.199154756
Nodos: [102, 23, 58, 19, 54, 25, 60, 712]
q: [0, 10.0, -10.0, 7.0, -7.0, 10.0, -10.0, 0]
Q: [0, 10.0, 0.0, 7.0, 0.0, 10.0, 0.0, 0]
B: [0.0, 267.0, 306.733842905, 402.0, 428.6271162915, 460.3028294169, 477.487811727, 486.84921087456]
