Avion: 4      Iteracion: 5

Num Ruta: 8
Ingresos: 2117.049
Costos: 418.006906025
Utilidad Ruta: 1699.04209397
Costo Reducido: 1009.05074687
Nodos: [104, 17, 52, 9, 44, 14, 49, 3, 38, 22, 57, 25, 60, 8, 33, 43, 68, 29, 64, 714]
q: [0, 5.0, -5.0, 11.0, -11.0, 8.0, -8.0, 13.0, -13.0, 10.0, -10.0, 10.0, -10.0, 8.0, 5.0, -8.0, -5.0, 9.0, -9.0, 0]
Q: [0, 5.0, 0.0, 11.0, 0.0, 8.0, 0.0, 13.0, 0.0, 10.0, 0.0, 10.0, 0.0, 8.0, 13.0, 5.0, 0.0, 9.0, 0.0, 0]
B: [0.0, 24.0, 58.8425537813, 81.72911018459999, 111.25634718709999, 121.5131539026, 133.5348656776, 256.0, 261.08428175852, 299.0, 320.7546861389, 410.0, 427.1849823101, 453.0055821676, 466.77023697619995, 490.0446039922999, 512.0014850322, 549.0, 582.7797797802, 609.550209829]
