Avion: 3      Iteracion: 82

Num Ruta: 61
Ingresos: 2426.054
Costos: 511.753491842
Utilidad Ruta: 1914.30050816
Costo Reducido: 13.6408354362
Nodos: [103, 9, 44, 30, 65, 35, 70, 34, 22, 69, 57, 19, 31, 54, 33, 66, 68, 21, 56, 27, 62, 713]
q: [0.0, 11.0, -11.0, 11.0, -11.0, 8.0, -8.0, 8.0, 7.0, -8.0, -7.0, 7.0, 8.0, -7.0, 5.0, -8.0, -5.0, 12.0, -12.0, 0.0, 0.0, 0.0]
Q: [0.0, 11.0, 0.0, 11.0, 0.0, 8.0, 0.0, 8.0, 15.0, 7.0, 0.0, 7.0, 15.0, 8.0, 13.0, 5.0, 0.0, 12.0, 0.0, 0.0, 0.0, 0.0]
B: [0.0, 37.2069129329, 66.73414993540001, 82.52205027080001, 101.2360729276, 270.0, 281.922738989, 322.0, 350.0636833826, 364.6328500369, 375.22310036439995, 402.0, 423.4250045741, 440.5310440047, 462.0794377731, 484.4775992155, 515.4293900684, 526.3088674456001, 567.0476581248, 580.2251063224, 597.2559686905, 625.5266889678]
