Avion: 1      Iteracion: 8

Num Ruta: 10
Ingresos: 1877.619
Costos: 444.485362334
Utilidad Ruta: 1433.13363767
Costo Reducido: 253.695366984
Nodos: [101, 24, 59, 1, 36, 23, 58, 34, 28, 69, 63, 711]
q: [0, 11.0, -11.0, 7.0, -7.0, 10.0, -10.0, 8.0, 6.0, -8.0, -6.0, 0]
Q: [0, 11.0, 0.0, 7.0, 0.0, 10.0, 0.0, 8.0, 14.0, 6.0, 0.0, 0]
B: [0.0, 61.0, 99.5129503025, 175.0, 209.2400855285, 267.0, 306.733842905, 322.0, 378.0, 412.6152135628, 444.56576931700005, 473.13901164260005]
