Avion: 6      Iteracion: 13

Num Ruta: 16
Ingresos: 1913.588
Costos: 310.250931641
Utilidad Ruta: 1603.33706836
Costo Reducido: 321.097429397
Nodos: [106, 10, 45, 35, 70, 23, 58, 22, 57, 19, 25, 60, 54, 6, 41, 5, 40, 716]
q: [0.0, 12.0, -12.0, 8.0, -8.0, 10.0, -10.0, 10.0, -10.0, 7.0, 8.0, -8.0, -7.0, 4.0, -4.0, 9.0, -9.0, 0.0]
Q: [0.0, 12.0, 0.0, 8.0, 0.0, 10.0, 0.0, 10.0, 0.0, 7.0, 15.0, 7.0, 0.0, 4.0, 0.0, 9.0, 0.0, 0.0]
B: [0.0, 96.0, 125.5195107344, 270.0, 281.922738989, 302.04960511369995, 341.78344801869997, 357.5398720102, 379.2945581491, 402.0, 411.3920072402, 428.57698955029997, 445.3638459862, 457.15486498369995, 460.84715438188994, 479.2360145966899, 480.35770350186993, 487.08105757553994]
