Avion: 2      Iteracion: 92

Num Ruta: 58
Ingresos: 1584.484
Costos: 422.642426166
Utilidad Ruta: 1161.84157383
Costo Reducido: 25.1766669248
Nodos: [102, 16, 51, 24, 59, 10, 45, 26, 61, 13, 33, 68, 48, 20, 4, 39, 55, 2, 37, 712]
q: [0.0, 9.0, -9.0, 11.0, -11.0, 12.0, -12.0, 0.0, 0.0, 10.0, 5.0, -5.0, -10.0, 0.0, 3.0, -3.0, 0.0, 10.0, -10.0, 0.0]
Q: [0.0, 9.0, 0.0, 11.0, 0.0, 12.0, 0.0, 0.0, 0.0, 10.0, 15.0, 10.0, 0.0, 0.0, 3.0, 0.0, 0.0, 10.0, 0.0, 0.0]
B: [0.0, 36.0, 45.624091437640004, 70.85029051714, 109.36324081964, 121.14917149994, 150.66868223434, 300.0, 317.5792279694, 423.0, 448.372931896, 490.3255969484, 495.67364724734, 509.60423248274, 529.0, 549.4257496801999, 561.2869729308, 568.6172701962599, 609.35223224366, 613.46797871301]
