Avion: 1      Iteracion: 40

Num Ruta: 31
Ingresos: 2745.045
Costos: 458.664966724
Utilidad Ruta: 2286.38003328
Costo Reducido: 20.6426394582
Nodos: [101, 30, 65, 24, 59, 1, 36, 3, 38, 23, 58, 28, 63, 19, 8, 54, 43, 5, 40, 33, 68, 711]
q: [0, 11.0, -11.0, 11.0, -11.0, 7.0, -7.0, 13.0, -13.0, 10.0, -10.0, 6.0, -6.0, 7.0, 8.0, -7.0, -8.0, 9.0, -9.0, 5.0, -5.0, 0]
Q: [0, 11.0, 0.0, 11.0, 0.0, 7.0, 0.0, 13.0, 0.0, 10.0, 0.0, 6.0, 0.0, 7.0, 15.0, 8.0, 0.0, 9.0, 0.0, 5.0, 0.0, 0]
B: [0.0, 64.0, 82.7140226568, 107.4479935471, 145.9609438496, 175.0, 209.2400855285, 256.0, 261.08428175852, 267.0, 306.733842905, 378.0, 414.0266187839, 426.5624120576, 449.7232936039, 467.6802530347, 470.60837222626, 480.36118310313, 481.48287200831, 494.77305071291, 536.72571576531, 553.91788296431]
