Avion: 2      Iteracion: 19

Num Ruta: 20
Ingresos: 1253.813
Costos: 363.65608111
Utilidad Ruta: 890.15691889
Costo Reducido: 123.474679546
Nodos: [102, 16, 51, 10, 45, 26, 61, 13, 48, 2, 37, 712]
q: [0, 9.0, -9.0, 12.0, -12.0, 10.0, -10.0, 15.0, -15.0, 10.0, -10.0, 0]
Q: [0, 9.0, 0.0, 12.0, 0.0, 10.0, 0.0, 15.0, 0.0, 10.0, 0.0, 0]
B: [0.0, 36.0, 45.624091437640004, 96.0, 125.5195107344, 300.0, 317.5792279694, 423.0, 439.88315095, 522.0, 562.7349620474, 566.85070851675]
