Avion: 4      Iteracion: 14

Num Ruta: 17
Ingresos: 270.05
Costos: 285.755204576
Utilidad Ruta: -15.7052045762
Costo Reducido: 24.9551969291
Nodos: [104, 33, 68, 714]
q: [0, 5.0, -5.0, 0]
Q: [0, 5.0, 0.0, 0]
B: [0.0, 437.0, 478.9526650524, 495.1270820434]
