Avion: 6      Iteracion: 1

Num Ruta: 5
Ingresos: 4170.556
Costos: 617.525460408
Utilidad Ruta: 3553.03053959
Costo Reducido: 3181.87535539
Nodos: [106, 17, 52, 30, 65, 10, 45, 3, 38, 23, 18, 53, 58, 26, 61, 34, 69, 8, 33, 43, 13, 48, 68, 21, 56, 2, 62, 27, 37, 716]
q: [0.0, 5.0, -5.0, 11.0, -11.0, 12.0, -12.0, 13.0, -13.0, 10.0, 5.0, -5.0, -10.0, 10.0, -10.0, 8.0, -8.0, 8.0, 5.0, -8.0, 10.0, -10.0, -5.0, 12.0, -12.0, 10.0, -6.0, 6.0, -10.0, 0.0]
Q: [0.0, 5.0, 0.0, 11.0, 0.0, 12.0, 0.0, 13.0, 0.0, 10.0, 15.0, 10.0, 0.0, 10.0, 0.0, 8.0, 0.0, 8.0, 13.0, 5.0, 15.0, 5.0, 0.0, 12.0, 0.0, 10.0, 4.0, 10.0, 0.0, 0.0]
B: [0.0, 24.0, 58.8425537813, 64.0, 82.7140226568, 101.4070729429, 130.92658367730002, 256.0, 261.08428175852, 267.0, 293.0, 316.8182362487, 326.74376782137, 346.43014059547, 364.00936856487, 378.92261465687, 415.36274487067, 418.00891984598996, 437.0, 460.2743670161, 462.48504315700995, 479.36819410700997, 484.71624440594996, 495.59572178314994, 536.33451246235, 560.18552619345, 571.6375992808499, 588.6684616489499, 613.6341136131499, 634.0597510817499]
