Avion: 5      Iteracion: 13

Num Ruta: 14
Ingresos: 1387.234
Costos: 345.983553813
Utilidad Ruta: 1041.25044619
Costo Reducido: 143.292198102
Nodos: [105, 23, 58, 28, 63, 19, 54, 715]
q: [0, 10.0, -10.0, 6.0, -6.0, 7.0, -7.0, 0]
Q: [0, 10.0, 0.0, 6.0, 0.0, 7.0, 0.0, 0]
B: [0.0, 267.0, 306.733842905, 378.0, 414.0266187839, 426.5624120576, 453.1895283491, 488.8712121238]
