Avion: 2      Iteracion: 5

Num Ruta: 7
Ingresos: 471.047
Costos: 411.773544735
Utilidad Ruta: 59.273455265
Costo Reducido: 238.978712296
Nodos: [102, 16, 51, 17, 52, 712]
q: [0, 9.0, -9.0, 5.0, -5.0, 0]
Q: [0, 9.0, 0.0, 5.0, 0.0, 0]
B: [0.0, 36.0, 45.624091437640004, 78.34191948294, 113.18447326424, 137.86246447093998]
