Avion: 5      Iteracion: 78

Num Ruta: 64
Ingresos: 531.954
Costos: 287.555060516
Utilidad Ruta: 244.398939484
Costo Reducido: 1.47125702245
Nodos: [105, 9, 44, 22, 57, 715]
q: [0, 11.0, -11.0, 10.0, -10.0, 0]
Q: [0, 11.0, 0.0, 10.0, 0.0, 0]
B: [0.0, 31.4915482312, 61.0187852337, 299.0, 320.7546861389, 329.90781505747003]
