Avion: 4      Iteracion: 7

Num Ruta: 10
Ingresos: 1775.948
Costos: 480.96602693
Utilidad Ruta: 1294.98197307
Costo Reducido: 520.785138867
Nodos: [104, 17, 52, 30, 16, 51, 65, 14, 49, 23, 58, 18, 53, 34, 69, 25, 60, 13, 48, 714]
q: [0.0, 0.0, 0.0, 11.0, 4.0, -4.0, -11.0, 8.0, -8.0, 10.0, -10.0, 10.0, -10.0, 8.0, -8.0, 10.0, -10.0, 15.0, -15.0, 0.0]
Q: [0.0, 0.0, 0.0, 11.0, 15.0, 11.0, 0.0, 8.0, 0.0, 10.0, 0.0, 10.0, 0.0, 8.0, 0.0, 10.0, 0.0, 15.0, 0.0, 0.0]
B: [0.0, 24.0, 58.8425537813, 64.0, 72.20259129788, 81.82668273552001, 84.69783929691, 112.49377995381, 124.51549172881, 267.0, 306.733842905, 332.1731543147, 355.9913905634, 379.4621015241, 415.90223173789997, 445.2210661622, 462.4060484723, 478.40710893719995, 495.29025988719997, 506.969560594]
