Avion: 7      Iteracion: 12

Num Ruta: 14
Ingresos: 2037.648
Costos: 501.927857674
Utilidad Ruta: 1535.72014233
Costo Reducido: 291.906261445
Nodos: [107, 24, 59, 14, 49, 3, 38, 23, 35, 58, 70, 32, 67, 33, 8, 43, 6, 41, 68, 29, 4, 64, 39, 717]
q: [0.0, 11.0, -11.0, 8.0, -8.0, 13.0, -13.0, 7.0, 8.0, -7.0, -8.0, 11.0, -11.0, 5.0, 8.0, -8.0, 4.0, -4.0, -5.0, 9.0, 3.0, -9.0, -3.0, 0.0]
Q: [0.0, 11.0, 0.0, 8.0, 0.0, 13.0, 0.0, 7.0, 15.0, 8.0, 0.0, 11.0, 0.0, 5.0, 13.0, 5.0, 9.0, 5.0, 0.0, 9.0, 12.0, 3.0, 0.0, 0.0]
B: [0.0, 61.0, 99.5129503025, 128.1593196012, 140.1810313762, 256.0, 261.08428175852, 267.0, 277.4634044651, 306.7341364853, 330.5008400009, 342.0996211869, 352.5012742286, 437.0, 450.76465480859997, 471.5330514246, 480.72372305402996, 484.41601245221995, 515.4938732698199, 549.0, 569.7100026316, 592.5834067727, 604.8024778094, 633.549945524]
