Avion: 5      Iteracion: 58

Num Ruta: 51
Ingresos: 1490.363
Costos: 297.121711577
Utilidad Ruta: 1193.24128842
Costo Reducido: 11.1656354007
Nodos: [105, 18, 53, 28, 63, 25, 60, 21, 15, 50, 4, 56, 39, 715]
q: [0, 10.0, -10.0, 6.0, -6.0, 10.0, -10.0, 12.0, 0.0, -0.0, 3.0, -12.0, -3.0, 0]
Q: [0, 10.0, 0.0, 6.0, 0.0, 10.0, 0.0, 12.0, 12.0, 12.0, 15.0, 3.0, 0.0, 0]
B: [0.0, 293.0, 316.8182362487, 378.0, 414.0266187839, 417.35999740026, 434.54497971036, 477.0, 511.0, 527.4211666151, 532.99584588839, 562.16564329939, 578.96858771399, 616.68267904599]
