Avion: 2      Iteracion: 6

Num Ruta: 8
Ingresos: 2670.583
Costos: 563.70549854
Utilidad Ruta: 2106.87750146
Costo Reducido: 530.779489175
Nodos: [102, 16, 51, 30, 65, 1, 36, 23, 58, 19, 8, 54, 43, 4, 39, 2, 37, 712]
q: [0, 9.0, -9.0, 11.0, -11.0, 7.0, -7.0, 10.0, -10.0, 7.0, 8.0, -7.0, -8.0, 3.0, -3.0, 10.0, -10.0, 0]
Q: [0, 9.0, 0.0, 11.0, 0.0, 7.0, 0.0, 10.0, 0.0, 7.0, 15.0, 8.0, 0.0, 3.0, 0.0, 10.0, 0.0, 0]
B: [0.0, 36.0, 45.624091437640004, 64.0, 82.7140226568, 175.0, 209.2400855285, 267.0, 306.733842905, 402.0, 425.1608815463, 443.1178409771, 446.04596016866, 529.0, 549.4257496801999, 558.8802161908, 599.6151782382, 603.73092470755]
