Avion: 3      Iteracion: 46

Num Ruta: 43
Ingresos: 2715.246
Costos: 524.183147467
Utilidad Ruta: 2191.06285253
Costo Reducido: 133.611889437
Nodos: [103, 30, 16, 51, 65, 24, 59, 1, 36, 23, 18, 58, 53, 31, 19, 66, 8, 54, 43, 13, 48, 29, 4, 39, 64, 713]
q: [0.0, 11.0, 4.0, -4.0, -11.0, 11.0, -11.0, 7.0, -7.0, 5.0, 10.0, -5.0, -10.0, 9.0, 6.0, -9.0, 8.0, -6.0, -8.0, 15.0, -15.0, 9.0, 3.0, -3.0, -9.0, 0.0]
Q: [0.0, 11.0, 15.0, 11.0, 0.0, 11.0, 0.0, 7.0, 0.0, 5.0, 15.0, 10.0, 0.0, 9.0, 15.0, 6.0, 14.0, 8.0, 0.0, 15.0, 0.0, 9.0, 12.0, 9.0, 0.0, 0.0]
B: [0.0, 64.0, 72.20259129788, 81.82668273552001, 84.69783929691, 109.43181018721, 147.94476048971, 175.0, 209.2400855285, 267.0, 293.0, 318.4393114097, 328.36484298237, 406.0, 427.4250045741, 443.5262214225, 452.30906754434, 470.26602697514, 473.19414616669997, 475.40482230760995, 492.28797325760996, 549.0, 569.7100026316, 590.1357523117999, 602.3548233485, 628.7057429719]
