Avion: 1      Iteracion: 82

Num Ruta: 48
Ingresos: 1555.945
Costos: 358.021550276
Utilidad Ruta: 1197.92344972
Costo Reducido: 50.2584188038
Nodos: [101, 30, 65, 24, 59, 1, 36, 35, 70, 22, 57, 19, 54, 6, 41, 711]
q: [0, 11.0, -11.0, 11.0, -11.0, 7.0, -7.0, 8.0, -8.0, 10.0, -10.0, 7.0, -7.0, 4.0, -4.0, 0]
Q: [0, 11.0, 0.0, 11.0, 0.0, 7.0, 0.0, 8.0, 0.0, 10.0, 0.0, 7.0, 0.0, 4.0, 0.0, 0]
B: [0.0, 64.0, 82.7140226568, 107.4479935471, 145.9609438496, 175.0, 209.2400855285, 270.0, 281.922738989, 299.64604976889996, 321.40073590779997, 402.0, 428.6271162915, 440.41813528899996, 444.11042468718995, 462.26044948058995]
