Avion: 3      Iteracion: 54

Num Ruta: 48
Ingresos: 1357.361
Costos: 259.576583385
Utilidad Ruta: 1097.78441662
Costo Reducido: 67.6407804963
Nodos: [103, 11, 46, 25, 31, 60, 66, 33, 68, 21, 56, 27, 62, 713]
q: [0.0, 6.0, -6.0, 6.0, 9.0, -6.0, -9.0, 5.0, -5.0, 12.0, -12.0, 0.0, 0.0, 0.0]
Q: [0.0, 6.0, 0.0, 6.0, 15.0, 9.0, 0.0, 5.0, 0.0, 12.0, 0.0, 0.0, 0.0, 0.0]
B: [0.0, 169.0, 173.05406684701, 410.0, 430.9603311281, 435.78197773480997, 459.85651625581, 482.25467769821, 524.20734275061, 535.08682012781, 575.82561080701, 589.00305900461, 606.03392137271, 634.30464165001]
