Avion: 6      Iteracion: 63

Num Ruta: 51
Ingresos: 1563.656
Costos: 280.806284779
Utilidad Ruta: 1282.84971522
Costo Reducido: 72.2585347965
Nodos: [106, 10, 45, 26, 61, 34, 69, 31, 19, 66, 8, 54, 43, 6, 41, 5, 40, 716]
q: [0.0, 12.0, -12.0, 10.0, -10.0, 8.0, -8.0, 8.0, 7.0, -8.0, 8.0, -7.0, -8.0, 4.0, -4.0, 9.0, -9.0, 0.0]
Q: [0.0, 12.0, 0.0, 10.0, 0.0, 8.0, 0.0, 8.0, 15.0, 7.0, 15.0, 8.0, 0.0, 4.0, 0.0, 9.0, 0.0, 0.0]
B: [0.0, 96.0, 125.5195107344, 300.0, 317.5792279694, 332.4924740614, 368.9326042752, 406.0, 427.4250045741, 443.5262214225, 452.30906754434, 470.26602697514, 473.19414616669997, 482.38481779612994, 486.0771071943199, 504.4659674091199, 505.5876563142999, 512.3110103879699]
