Avion: 1      Iteracion: 64

Num Ruta: 43
Ingresos: 1507.997
Costos: 356.009972261
Utilidad Ruta: 1151.98702774
Costo Reducido: 61.6243585931
Nodos: [101, 17, 52, 1, 36, 23, 58, 711]
q: [0, 5.0, -5.0, 7.0, -7.0, 10.0, -10.0, 0]
Q: [0, 5.0, 0.0, 7.0, 0.0, 10.0, 0.0, 0]
B: [0.0, 24.0, 58.8425537813, 175.0, 209.2400855285, 267.0, 306.733842905, 316.69110558106]
