Avion: 3      Iteracion: 62

Num Ruta: 53
Ingresos: 1498.33
Costos: 415.558137343
Utilidad Ruta: 1082.77186266
Costo Reducido: 22.0167155746
Nodos: [103, 30, 65, 10, 45, 3, 38, 23, 35, 70, 26, 61, 58, 34, 69, 713]
q: [0.0, 11.0, -11.0, 12.0, -12.0, 13.0, -13.0, 7.0, 8.0, -8.0, 8.0, -8.0, -7.0, 8.0, -8.0, 0.0]
Q: [0.0, 11.0, 0.0, 12.0, 0.0, 13.0, 0.0, 7.0, 15.0, 7.0, 15.0, 7.0, 0.0, 8.0, 0.0, 0.0]
B: [0.0, 64.0, 82.7140226568, 101.4070729429, 130.92658367730002, 256.0, 261.08428175852, 267.0, 277.4634044651, 289.38614345409997, 303.7370056233, 321.3162335927, 324.38330597528, 338.64225299108, 375.08238320488, 404.21600601427997]
