Avion: 7      Iteracion: 58

Num Ruta: 51
Ingresos: 565.076
Costos: 283.432898593
Utilidad Ruta: 281.643101407
Costo Reducido: 28.9532625413
Nodos: [107, 14, 49, 3, 38, 23, 58, 32, 67, 33, 13, 48, 68, 717]
q: [0.0, 8.0, -8.0, 13.0, -13.0, 0.0, 0.0, 11.0, -11.0, 5.0, 10.0, -10.0, -5.0, 0.0]
Q: [0.0, 8.0, 0.0, 13.0, 0.0, 0.0, 0.0, 11.0, 0.0, 5.0, 15.0, 5.0, 0.0, 0.0]
B: [0.0, 112.0, 124.021711775, 256.0, 261.08428175852, 267.0, 306.733842905, 329.2181487426, 339.6198017843, 437.0, 462.372931896, 479.256082846, 484.60413314494, 519.13988153704]
