Avion: 6      Iteracion: 57

Num Ruta: 47
Ingresos: 1145.702
Costos: 228.942277614
Utilidad Ruta: 916.759722386
Costo Reducido: 26.437100978
Nodos: [106, 34, 32, 67, 69, 31, 19, 66, 8, 54, 43, 6, 41, 5, 40, 716]
q: [0.0, 8.0, 7.0, -7.0, -8.0, 8.0, 7.0, -8.0, 8.0, -7.0, -8.0, 4.0, -4.0, 9.0, -9.0, 0.0]
Q: [0.0, 8.0, 15.0, 8.0, 0.0, 8.0, 15.0, 7.0, 15.0, 8.0, 0.0, 4.0, 0.0, 9.0, 0.0, 0.0]
B: [0.0, 322.0, 342.0229178943, 352.424570936, 383.46685579070004, 410.58759989920003, 432.01260447330003, 448.1138213217, 456.89666744354, 474.85362687434, 477.7817460659, 486.97241769533, 490.66470709352, 509.05356730832, 510.1752562135, 516.89861028717]
