Avion: 6      Iteracion: 20

Num Ruta: 22
Ingresos: 1320.367
Costos: 310.3510423
Utilidad Ruta: 1010.0159577
Costo Reducido: 112.751998836
Nodos: [106, 30, 65, 32, 67, 33, 68, 21, 4, 56, 39, 716]
q: [0, 11.0, -11.0, 11.0, -11.0, 5.0, -5.0, 12.0, 3.0, -12.0, -3.0, 0]
Q: [0, 11.0, 0.0, 11.0, 0.0, 5.0, 0.0, 12.0, 15.0, 3.0, 0.0, 0]
B: [0.0, 64.0, 82.7140226568, 309.0, 319.4016530417, 437.0, 478.9526650524, 489.83214242959997, 529.0, 558.169797411, 574.9727418256, 589.6498566647]
