Avion: 4      Iteracion: 60

Num Ruta: 44
Ingresos: 2343.951
Costos: 524.386102556
Utilidad Ruta: 1819.56489744
Costo Reducido: 182.395457467
Nodos: [104, 17, 52, 10, 45, 26, 34, 61, 22, 69, 57, 19, 25, 60, 6, 41, 54, 5, 33, 40, 68, 29, 27, 62, 64, 714]
q: [0.0, 5.0, -5.0, 12.0, -12.0, 7.0, 8.0, -7.0, 7.0, -8.0, -7.0, 7.0, 0.0, 0.0, 4.0, -4.0, -7.0, 9.0, 5.0, -9.0, -5.0, 9.0, 6.0, -6.0, -9.0, 0.0]
Q: [0.0, 5.0, 0.0, 12.0, 0.0, 7.0, 15.0, 8.0, 15.0, 7.0, 0.0, 7.0, 7.0, 7.0, 11.0, 7.0, 0.0, 9.0, 14.0, 5.0, 0.0, 9.0, 15.0, 9.0, 0.0, 0.0]
B: [0.0, 24.0, 58.8425537813, 96.0, 125.5195107344, 300.0, 322.0, 336.913246092, 350.5474267421, 365.1165933964, 375.70684372389996, 402.0, 411.3920072402, 428.57698955029997, 454.0787600379, 457.77104943609, 473.25400219068996, 481.10431543284994, 494.80248260954994, 508.09266131414995, 537.10503593255, 549.0, 574.6018082369, 591.6326706049999, 607.0800481818, 633.8504782306]
