Avion: 5      Iteracion: 75

Num Ruta: 61
Ingresos: 1120.159
Costos: 313.211663884
Utilidad Ruta: 806.947336116
Costo Reducido: 24.1192377571
Nodos: [105, 11, 46, 22, 57, 18, 53, 28, 31, 63, 66, 715]
q: [0, 6.0, -6.0, 10.0, -10.0, 10.0, -10.0, 6.0, 9.0, -6.0, -9.0, 0]
Q: [0, 6.0, 0.0, 10.0, 0.0, 10.0, 0.0, 6.0, 15.0, 9.0, 0.0, 0]
B: [0.0, 169.0, 173.05406684701, 299.0, 320.7546861389, 334.15512273630003, 357.973358985, 378.0, 406.0, 426.4968799577, 454.9113116606, 468.6640554232]
