Avion: 7      Iteracion: 34

Num Ruta: 34
Ingresos: 2153.027
Costos: 403.5472808
Utilidad Ruta: 1749.4797192
Costo Reducido: 94.3909762075
Nodos: [107, 14, 49, 3, 38, 23, 35, 70, 34, 58, 22, 57, 69, 31, 66, 25, 60, 29, 4, 39, 64, 717]
q: [0.0, 8.0, -8.0, 13.0, -13.0, 7.0, 8.0, -8.0, 8.0, -7.0, 7.0, -7.0, -8.0, 9.0, -9.0, 10.0, -10.0, 9.0, 3.0, -3.0, -9.0, 0.0]
Q: [0.0, 8.0, 0.0, 13.0, 0.0, 7.0, 15.0, 7.0, 15.0, 8.0, 15.0, 8.0, 0.0, 9.0, 0.0, 10.0, 0.0, 9.0, 12.0, 9.0, 0.0, 0.0]
B: [0.0, 112.0, 124.021711775, 256.0, 261.08428175852, 267.0, 277.4634044651, 289.38614345409997, 322.0, 336.2589470158, 352.0153710073, 373.77005714620003, 384.3603074737, 411.4810515822, 439.8065306602, 465.2336678172, 482.4186501273, 549.0, 569.7100026316, 590.1357523117999, 602.3548233485, 639.8192121064]
