Avion: 1      Iteracion: 43

Num Ruta: 32
Ingresos: 1235.94
Costos: 322.209203956
Utilidad Ruta: 913.730796044
Costo Reducido: 57.7522249416
Nodos: [101, 30, 65, 24, 59, 1, 36, 19, 54, 4, 39, 711]
q: [0, 11.0, -11.0, 11.0, -11.0, 7.0, -7.0, 7.0, -7.0, 3.0, -3.0, 0]
Q: [0, 11.0, 0.0, 11.0, 0.0, 7.0, 0.0, 7.0, 0.0, 3.0, 0.0, 0]
B: [0.0, 64.0, 82.7140226568, 107.4479935471, 145.9609438496, 175.0, 209.2400855285, 402.0, 428.6271162915, 529.0, 549.4257496801999, 566.2347817760999]
