Avion: 3      Iteracion: 5

Num Ruta: 9
Ingresos: 1790.368
Costos: 492.107918773
Utilidad Ruta: 1298.26008123
Costo Reducido: 891.949689576
Nodos: [103, 17, 16, 51, 52, 14, 49, 3, 38, 22, 57, 28, 63, 25, 60, 29, 64, 713]
q: [0, 5.0, 9.0, -9.0, -5.0, 8.0, -8.0, 13.0, -13.0, 10.0, -10.0, 6.0, -6.0, 10.0, -10.0, 9.0, -9.0, 0]
Q: [0, 5.0, 14.0, 5.0, 0.0, 8.0, 0.0, 13.0, 0.0, 10.0, 0.0, 6.0, 0.0, 10.0, 0.0, 9.0, 0.0, 0]
B: [0.0, 39.7453305433, 74.54680752350001, 84.17089896114001, 98.81866773324, 112.0, 124.021711775, 256.0, 261.08428175852, 299.0, 320.7546861389, 378.0, 414.0266187839, 417.35999740026, 434.54497971036, 549.0, 582.7797797802, 609.1306994036]
