Avion: 5      Iteracion: 23

Num Ruta: 24
Ingresos: 2225.808
Costos: 495.631371885
Utilidad Ruta: 1730.17662812
Costo Reducido: 89.2094584618
Nodos: [105, 24, 59, 1, 36, 32, 67, 26, 61, 28, 63, 25, 60, 21, 15, 50, 4, 56, 39, 715]
q: [0, 11.0, -11.0, 7.0, -7.0, 11.0, -11.0, 10.0, -10.0, 6.0, -6.0, 10.0, -10.0, 12.0, 0.0, -0.0, 3.0, -12.0, -3.0, 0]
Q: [0, 11.0, 0.0, 7.0, 0.0, 11.0, 0.0, 10.0, 0.0, 6.0, 0.0, 10.0, 0.0, 12.0, 12.0, 12.0, 15.0, 3.0, 0.0, 0]
B: [0.0, 61.0, 99.5129503025, 175.0, 209.2400855285, 309.0, 319.4016530417, 332.1221722921, 349.7014002615, 378.0, 414.0266187839, 417.35999740026, 434.54497971036, 477.0, 511.0, 527.4211666151, 532.99584588839, 562.16564329939, 578.96858771399, 616.68267904599]
