Avion: 2      Iteracion: 41

Num Ruta: 32
Ingresos: 870.422
Costos: 387.238047956
Utilidad Ruta: 483.183952044
Costo Reducido: 64.472067475
Nodos: [102, 16, 51, 32, 67, 4, 39, 2, 37, 712]
q: [0, 9.0, -9.0, 11.0, -11.0, 3.0, -3.0, 10.0, -10.0, 0]
Q: [0, 9.0, 0.0, 11.0, 0.0, 3.0, 0.0, 10.0, 0.0, 0]
B: [0.0, 36.0, 45.624091437640004, 309.0, 319.4016530417, 529.0, 549.4257496801999, 558.8802161908, 599.6151782382, 603.73092470755]
