Avion: 1      Iteracion: 71

Num Ruta: 46
Ingresos: 2000.557
Costos: 449.011770541
Utilidad Ruta: 1551.54522946
Costo Reducido: 51.2738617817
Nodos: [101, 30, 65, 24, 59, 1, 36, 35, 70, 22, 57, 25, 60, 19, 54, 5, 40, 33, 68, 711]
q: [0, 11.0, -11.0, 11.0, -11.0, 7.0, -7.0, 8.0, -8.0, 10.0, -10.0, 10.0, -10.0, 7.0, -7.0, 9.0, -9.0, 5.0, -5.0, 0]
Q: [0, 11.0, 0.0, 11.0, 0.0, 7.0, 0.0, 8.0, 0.0, 10.0, 0.0, 10.0, 0.0, 7.0, 0.0, 9.0, 0.0, 5.0, 0.0, 0]
B: [0.0, 64.0, 82.7140226568, 107.4479935471, 145.9609438496, 175.0, 209.2400855285, 270.0, 281.922738989, 299.64604976889996, 321.40073590779997, 410.0, 427.1849823101, 443.8578739909, 470.48499028239996, 478.33530352455995, 479.45699242973996, 492.74717113433996, 534.69983618674, 551.8920033857399]
