Avion: 3      Iteracion: 59

Num Ruta: 50
Ingresos: 1741.215
Costos: 346.800627226
Utilidad Ruta: 1394.41437277
Costo Reducido: 15.1230761206
Nodos: [103, 11, 46, 35, 70, 23, 18, 53, 58, 34, 8, 69, 19, 43, 54, 713]
q: [0.0, 6.0, -6.0, 8.0, -8.0, 10.0, 5.0, -5.0, -10.0, 8.0, 7.0, -8.0, 7.0, -7.0, -7.0, 0.0]
Q: [0.0, 6.0, 0.0, 8.0, 0.0, 10.0, 15.0, 10.0, 0.0, 8.0, 15.0, 7.0, 14.0, 7.0, 0.0, 0.0]
B: [0.0, 169.0, 173.05406684701, 270.0, 281.922738989, 302.04960511369995, 322.2285552598, 346.04679150849995, 355.97232308117, 370.23127009697, 414.0, 416.64617497532, 437.18599123542, 466.07644924491996, 469.00456843647993, 487.78162688557995]
