Avion: 7      Iteracion: 53

Num Ruta: 48
Ingresos: 992.38
Costos: 355.719078342
Utilidad Ruta: 636.660921658
Costo Reducido: 10.7652129191
Nodos: [107, 11, 46, 19, 25, 60, 54, 4, 29, 64, 39, 717]
q: [0.0, 6.0, -6.0, 7.0, 8.0, -8.0, -7.0, 3.0, 9.0, -9.0, -3.0, 0.0]
Q: [0.0, 6.0, 0.0, 7.0, 15.0, 7.0, 0.0, 3.0, 12.0, 3.0, 0.0, 0.0]
B: [0.0, 169.0, 173.05406684701, 402.0, 411.3920072402, 428.57698955029997, 445.3638459862, 529.0, 549.7100026316, 583.4897824118, 595.7088534485, 624.4563211631]
