Avion: 6      Iteracion: 77

Num Ruta: 61
Ingresos: 2046.054
Costos: 424.747352766
Utilidad Ruta: 1621.30664723
Costo Reducido: 77.2249947957
Nodos: [106, 17, 52, 16, 51, 10, 45, 32, 67, 22, 57, 19, 33, 5, 40, 54, 6, 41, 68, 29, 64, 716]
q: [0.0, 5.0, -5.0, 9.0, -9.0, 12.0, -12.0, 11.0, -11.0, 10.0, -10.0, 7.0, 5.0, 0.0, 0.0, -7.0, 4.0, -4.0, -5.0, 9.0, -9.0, 0.0]
Q: [0.0, 5.0, 0.0, 9.0, 0.0, 12.0, 0.0, 11.0, 0.0, 10.0, 0.0, 7.0, 12.0, 12.0, 12.0, 5.0, 9.0, 5.0, 0.0, 9.0, 0.0, 0.0]
B: [0.0, 24.0, 58.8425537813, 64.17419311644, 73.79828455408, 96.0, 125.5195107344, 309.0, 319.4016530417, 353.8662667781, 375.620952917, 402.0, 438.5935603624, 469.0, 470.12168890518, 478.47762499876, 490.26864399626, 493.96093339444997, 525.03879421205, 549.0, 582.7797797802, 603.1769870644999]
