Avion: 6      Iteracion: 21

Num Ruta: 23
Ingresos: 703.459
Costos: 277.51923729
Utilidad Ruta: 425.93976271
Costo Reducido: 66.623327796
Nodos: [106, 10, 45, 32, 67, 33, 6, 41, 68, 4, 39, 716]
q: [0, 12.0, -12.0, 11.0, -11.0, 5.0, 4.0, -4.0, -5.0, 3.0, -3.0, 0]
Q: [0, 12.0, 0.0, 11.0, 0.0, 5.0, 9.0, 5.0, 0.0, 3.0, 0.0, 0]
B: [0.0, 96.0, 125.5195107344, 309.0, 319.4016530417, 437.0, 463.1548069196, 466.84709631779, 497.92495713539, 529.0, 549.4257496801999, 564.1028645192999]
