Avion: 7      Iteracion: 2

Num Ruta: 5
Ingresos: 2634.469
Costos: 684.776921426
Utilidad Ruta: 1949.69207857
Costo Reducido: 1635.85651529
Nodos: [107, 9, 44, 24, 59, 10, 45, 18, 53, 34, 28, 69, 19, 63, 25, 60, 54, 21, 4, 56, 39, 717]
q: [0.0, 11.0, -11.0, 11.0, -11.0, 12.0, -12.0, 10.0, -10.0, 8.0, 6.0, -8.0, 7.0, -6.0, 8.0, -8.0, -7.0, 12.0, 3.0, -12.0, -3.0, 0.0]
Q: [0.0, 11.0, 0.0, 11.0, 0.0, 12.0, 0.0, 10.0, 0.0, 8.0, 14.0, 6.0, 13.0, 7.0, 15.0, 7.0, 0.0, 12.0, 15.0, 3.0, 0.0, 0.0]
B: [0.0, 46.0648734938, 75.5921104963, 99.7323603914, 138.2453106939, 150.0312413742, 179.5507521086, 293.0, 316.8182362487, 340.28894720939996, 378.0, 412.6152135628, 433.1550298229, 445.6908230966, 449.02420171296, 466.20918402306, 482.99604045896, 506.60290083896, 529.0, 558.169797411, 574.9727418256, 603.7202095402]
