Avion: 6      Iteracion: 55

Num Ruta: 45
Ingresos: 397.355
Costos: 130.110402684
Utilidad Ruta: 267.244597316
Costo Reducido: 10.2349199359
Nodos: [106, 1, 36, 6, 41, 5, 40, 716]
q: [0, 7.0, -7.0, 4.0, -4.0, 9.0, -9.0, 0]
Q: [0, 7.0, 0.0, 4.0, 0.0, 9.0, 0.0, 0]
B: [0.0, 175.0, 209.2400855285, 436.0, 439.69228939819, 469.0, 470.12168890518, 476.84504297885]
