Avion: 7      Iteracion: 3

Num Ruta: 6
Ingresos: 2147.262
Costos: 491.069033912
Utilidad Ruta: 1656.19296609
Costo Reducido: 1176.46262514
Nodos: [107, 16, 51, 9, 44, 14, 49, 1, 36, 3, 38, 23, 35, 70, 26, 61, 58, 2, 37, 717]
q: [0.0, 9.0, -9.0, 11.0, -11.0, 8.0, -8.0, 7.0, -7.0, 13.0, -13.0, 7.0, 8.0, -8.0, 8.0, -8.0, -7.0, 10.0, -10.0, 0.0]
Q: [0.0, 9.0, 0.0, 11.0, 0.0, 8.0, 0.0, 7.0, 0.0, 13.0, 0.0, 7.0, 15.0, 7.0, 15.0, 7.0, 0.0, 10.0, 0.0, 0.0]
B: [0.0, 40.0989101099, 49.723001547539994, 79.77985770384, 109.30709470634, 119.56390142184, 131.58561319684, 175.0, 209.2400855285, 256.0, 261.08428175852, 267.0, 277.4634044651, 289.38614345409997, 303.7370056233, 321.3162335927, 324.38330597528, 522.0, 562.7349620474, 590.0950962941]
