Avion: 3      Iteracion: 18

Num Ruta: 21
Ingresos: 2129.028
Costos: 556.314236028
Utilidad Ruta: 1572.71376397
Costo Reducido: 166.197828169
Nodos: [103, 9, 44, 24, 59, 10, 45, 3, 38, 23, 18, 53, 58, 26, 61, 28, 63, 19, 54, 713]
q: [0.0, 11.0, -11.0, 11.0, -11.0, 12.0, -12.0, 13.0, -13.0, 5.0, 10.0, -10.0, -5.0, 10.0, -10.0, 6.0, -6.0, 7.0, -7.0, 0.0]
Q: [0.0, 11.0, 0.0, 11.0, 0.0, 12.0, 0.0, 13.0, 0.0, 5.0, 15.0, 5.0, 0.0, 10.0, 0.0, 6.0, 0.0, 7.0, 0.0, 0.0]
B: [0.0, 37.2069129329, 66.73414993540001, 90.87439983050001, 129.387350133, 141.1732808133, 170.6927915477, 256.0, 261.08428175852, 267.0, 293.0, 316.8182362487, 326.74376782137, 346.43014059547, 364.00936856487, 378.0, 414.0266187839, 426.5624120576, 453.1895283491, 471.9665867982]
