Avion: 6      Iteracion: 52

Num Ruta: 42
Ingresos: 2728.456
Costos: 429.859446979
Utilidad Ruta: 2298.59655302
Costo Reducido: 161.843093792
Nodos: [106, 17, 52, 23, 35, 70, 34, 58, 22, 69, 57, 19, 25, 60, 54, 6, 41, 5, 40, 33, 68, 29, 4, 64, 39, 716]
q: [0.0, 5.0, -5.0, 7.0, 8.0, -8.0, 8.0, -7.0, 7.0, -8.0, -7.0, 7.0, 8.0, -8.0, -7.0, 0.0, 0.0, 9.0, -9.0, 5.0, -5.0, 9.0, 3.0, -9.0, -3.0, 0.0]
Q: [0.0, 5.0, 0.0, 7.0, 15.0, 7.0, 15.0, 8.0, 15.0, 7.0, 0.0, 7.0, 15.0, 7.0, 0.0, 0.0, 0.0, 9.0, 0.0, 5.0, 0.0, 9.0, 12.0, 3.0, 0.0, 0.0]
B: [0.0, 24.0, 58.8425537813, 267.0, 277.4634044651, 289.38614345409997, 322.0, 336.2589470158, 352.0153710073, 366.5845376616, 377.17478798909997, 402.0, 411.3920072402, 428.57698955029997, 445.3638459862, 457.15486498369995, 460.84715438188994, 479.2360145966899, 480.35770350186993, 493.64788220646994, 535.6005472588699, 549.0, 569.7100026316, 592.5834067727, 604.8024778094, 619.4795926485]
