Avion: 6      Iteracion: 8

Num Ruta: 11
Ingresos: 2894.171
Costos: 486.828447921
Utilidad Ruta: 2407.34255208
Costo Reducido: 300.741103295
Nodos: [106, 17, 52, 24, 59, 1, 11, 46, 36, 23, 35, 70, 58, 34, 32, 67, 69, 19, 8, 33, 54, 43, 13, 48, 68, 5, 40, 716]
q: [0.0, 5.0, -5.0, 11.0, -11.0, 7.0, 6.0, -6.0, -7.0, 10.0, 5.0, -5.0, -10.0, 8.0, 7.0, -7.0, -8.0, 7.0, 3.0, 5.0, -7.0, -3.0, 10.0, -10.0, -5.0, 9.0, -9.0, 0.0]
Q: [0.0, 5.0, 0.0, 11.0, 0.0, 7.0, 13.0, 7.0, 0.0, 10.0, 15.0, 10.0, 0.0, 8.0, 15.0, 8.0, 0.0, 7.0, 10.0, 15.0, 8.0, 5.0, 15.0, 5.0, 0.0, 9.0, 0.0, 0.0]
B: [0.0, 24.0, 58.8425537813, 75.400837086, 113.9137873885, 175.0, 193.6808285951, 197.73489544211, 232.05062478011, 267.0, 277.4634044651, 289.38614345409997, 313.15284696969997, 327.41179398549997, 347.4347118798, 357.8363649215, 388.87864977619995, 409.41846603629995, 432.57934758259995, 446.3440023912, 467.89239615959997, 470.82051535115994, 473.0311914920699, 489.91434244206994, 495.26239274100993, 524.2338103280099, 525.3554992331899, 532.0788533068599]
