Avion: 5      Iteracion: 4

Num Ruta: 7
Ingresos: 2192.99
Costos: 652.274618053
Utilidad Ruta: 1540.71538195
Costo Reducido: 1312.32949546
Nodos: [105, 9, 44, 30, 16, 51, 65, 10, 45, 32, 67, 31, 28, 63, 66, 5, 40, 2, 27, 62, 37, 29, 64, 715]
q: [0.0, 11.0, -11.0, 11.0, 4.0, -4.0, -11.0, 12.0, -12.0, 11.0, -11.0, 9.0, 6.0, -6.0, -9.0, 9.0, -9.0, 10.0, 5.0, -5.0, -10.0, 9.0, -9.0, 0.0]
Q: [0.0, 11.0, 0.0, 11.0, 15.0, 11.0, 0.0, 12.0, 0.0, 11.0, 0.0, 9.0, 15.0, 9.0, 0.0, 9.0, 0.0, 10.0, 15.0, 10.0, 0.0, 9.0, 0.0, 0.0]
B: [0.0, 31.4915482312, 61.0187852337, 76.8066855691, 85.00927686698, 94.63336830462, 97.50452486601, 116.19757515211, 145.71708588651, 309.0, 319.4016530417, 406.0, 421.6162195489, 457.6428383328, 486.0572700357, 505.95375424770003, 507.07544315288004, 522.0, 547.7839683718, 564.8148307399, 594.1553610862, 603.9601016233099, 637.7398814035099, 685.0508253383099]
