Avion: 7      Iteracion: 9

Num Ruta: 11
Ingresos: 407.498
Costos: 242.575225862
Utilidad Ruta: 164.922774138
Costo Reducido: 106.064173327
Nodos: [107, 14, 49, 3, 38, 23, 32, 67, 26, 61, 58, 717]
q: [0.0, 0.0, 0.0, 13.0, -13.0, 0.0, 11.0, -11.0, 10.0, -10.0, 0.0, 0.0]
Q: [0.0, 0.0, 0.0, 13.0, 0.0, 0.0, 11.0, 0.0, 10.0, 0.0, 0.0, 0.0]
B: [0.0, 112.0, 124.021711775, 256.0, 261.08428175852, 267.0, 309.0, 319.4016530417, 332.1221722921, 349.7014002615, 352.76847264408, 388.30412645828005]
