Avion: 5      Iteracion: 63

Num Ruta: 54
Ingresos: 723.727
Costos: 386.243693946
Utilidad Ruta: 337.483306054
Costo Reducido: 5.61582093905
Nodos: [105, 9, 44, 10, 45, 1, 36, 715]
q: [0, 11.0, -11.0, 12.0, -12.0, 7.0, -7.0, 0]
Q: [0, 11.0, 0.0, 12.0, 0.0, 7.0, 0.0, 0]
B: [0.0, 31.4915482312, 61.0187852337, 96.0, 125.5195107344, 175.0, 209.2400855285, 223.7439433601]
