Avion: 3      Iteracion: 25

Num Ruta: 28
Ingresos: 2578.552
Costos: 558.237651781
Utilidad Ruta: 2020.31434822
Costo Reducido: 60.739214907
Nodos: [103, 16, 51, 24, 59, 1, 11, 46, 36, 3, 38, 35, 70, 18, 53, 28, 31, 66, 63, 25, 60, 21, 4, 39, 56, 713]
q: [0, 9.0, -9.0, 11.0, -11.0, 7.0, 6.0, -6.0, -7.0, 13.0, -13.0, 8.0, -8.0, 10.0, -10.0, 6.0, 9.0, -9.0, -6.0, 10.0, -10.0, 12.0, 3.0, -3.0, -12.0, 0]
Q: [0, 9.0, 0.0, 11.0, 0.0, 7.0, 13.0, 7.0, 0.0, 13.0, 0.0, 8.0, 0.0, 10.0, 0.0, 6.0, 15.0, 6.0, 0.0, 10.0, 0.0, 12.0, 15.0, 12.0, 0.0, 0]
B: [0.0, 36.0, 45.624091437640004, 70.85029051714, 109.36324081964, 175.0, 193.6808285951, 197.73489544211, 232.05062478011, 256.0, 261.08428175852, 274.08526633661995, 286.00800532561993, 306.42615844971994, 330.2443946984199, 378.0, 406.0, 434.325479078, 462.7399107809, 466.07328939726, 483.25827170736, 491.42698519236, 529.0, 549.4257496801999, 566.2286940948, 597.3864399214999]
