Avion: 2      Iteracion: 0

Num Ruta: 1
Ingresos: 1210.516
Costos: 480.532048726
Utilidad Ruta: 729.983951274
Costo Reducido: -
Nodos: [102, 16, 51, 17, 52, 2, 37, 4, 39, 712]
q: [0, 9.0, -9.0, 5.0, -5.0, 10.0, -10.0, 3.0, -3.0, 0]
Q: [0, 9.0, 0.0, 5.0, 0.0, 10.0, 0.0, 3.0, 0.0, 0]
B: [0.0, 36.0, 45.624091437640004, 78.34191948294, 113.18447326424, 522.0, 562.7349620474, 576.1857178626, 596.6114675428, 633.8334146305]
