Avion: 2      Iteracion: 72

Num Ruta: 51
Ingresos: 2654.078
Costos: 608.354856961
Utilidad Ruta: 2045.72314304
Costo Reducido: 108.061523399
Nodos: [102, 16, 51, 9, 24, 44, 59, 10, 45, 26, 34, 61, 22, 69, 57, 19, 31, 54, 33, 66, 68, 20, 4, 39, 55, 2, 37, 712]
q: [0.0, 9.0, -9.0, 4.0, 11.0, -4.0, -11.0, 12.0, -12.0, 7.0, 8.0, -7.0, 7.0, -8.0, -7.0, 6.0, 9.0, -6.0, 5.0, -9.0, -5.0, 0.0, 0.0, 0.0, 0.0, 10.0, -10.0, 0.0]
Q: [0.0, 9.0, 0.0, 4.0, 15.0, 11.0, 0.0, 12.0, 0.0, 7.0, 15.0, 8.0, 15.0, 7.0, 0.0, 6.0, 15.0, 9.0, 14.0, 5.0, 0.0, 0.0, 0.0, 0.0, 0.0, 10.0, 0.0, 0.0]
B: [0.0, 36.0, 45.624091437640004, 75.68094759394, 82.11782463176, 106.25807452686, 131.31363794096, 143.09956862126, 172.61907935566, 300.0, 322.0, 336.913246092, 350.5474267421, 365.1165933964, 375.70684372389996, 402.0, 423.4250045741, 440.5310440047, 462.0794377731, 484.4775992155, 515.4293900684, 526.020172523, 536.2993235580001, 556.7250732382001, 568.5862964888001, 575.9165937542601, 616.6515558016602, 620.7673022710102]
