Avion: 6      Iteracion: 92

Num Ruta: 75
Ingresos: 1118.64
Costos: 155.529716882
Utilidad Ruta: 963.110283118
Costo Reducido: 41.0390205214
Nodos: [106, 28, 31, 63, 19, 66, 8, 54, 43, 6, 41, 5, 40, 716]
q: [0.0, 6.0, 8.0, -6.0, 7.0, -8.0, 8.0, -7.0, -8.0, 0.0, 0.0, 9.0, -9.0, 0.0]
Q: [0.0, 6.0, 14.0, 8.0, 15.0, 7.0, 15.0, 8.0, 0.0, 0.0, 0.0, 9.0, 0.0, 0.0]
B: [0.0, 378.0, 406.0, 426.4968799577, 439.0326732314, 455.1338900798, 463.91673620164, 481.87369563244, 484.80181482399996, 493.99248645342993, 497.6847758516199, 516.0736360664199, 517.1953249715999, 523.9186790452699]
