Avion: 2      Iteracion: 20

Num Ruta: 21
Ingresos: 662.876
Costos: 371.890793772
Utilidad Ruta: 290.985206228
Costo Reducido: 43.1908100411
Nodos: [102, 32, 67, 2, 37, 712]
q: [0, 11.0, -11.0, 10.0, -10.0, 0]
Q: [0, 11.0, 0.0, 10.0, 0.0, 0]
B: [0.0, 309.0, 319.4016530417, 522.0, 562.7349620474, 566.85070851675]
