Avion: 3      Iteracion: 37

Num Ruta: 37
Ingresos: 1925.456
Costos: 383.563442078
Utilidad Ruta: 1541.89255792
Costo Reducido: 63.0940316514
Nodos: [103, 30, 16, 65, 51, 32, 67, 26, 34, 61, 69, 8, 33, 43, 6, 41, 68, 21, 56, 27, 62, 713]
q: [0.0, 11.0, 4.0, -11.0, -4.0, 11.0, -11.0, 7.0, 8.0, -7.0, -8.0, 8.0, 5.0, -8.0, 4.0, -4.0, -5.0, 12.0, -12.0, 0.0, 0.0, 0.0]
Q: [0.0, 11.0, 15.0, 4.0, 0.0, 11.0, 0.0, 7.0, 15.0, 8.0, 0.0, 8.0, 13.0, 5.0, 9.0, 5.0, 0.0, 12.0, 0.0, 0.0, 0.0, 0.0]
B: [0.0, 64.0, 72.20259129788, 83.01926305958, 85.89041962097, 309.0, 319.4016530417, 332.1221722921, 348.0493993263, 362.9626454183, 387.9493993691, 414.0, 437.0, 460.2743670161, 469.46503864552994, 473.15732804371993, 504.23518886131995, 515.1146662385199, 555.8534569177199, 569.0309051153199, 586.0617674834199, 614.3324877607199]
