Avion: 2      Iteracion: 35

Num Ruta: 30
Ingresos: 1029.964
Costos: 442.652294727
Utilidad Ruta: 587.311705273
Costo Reducido: 78.4718093383
Nodos: [102, 30, 65, 10, 45, 32, 67, 2, 37, 712]
q: [0, 11.0, -11.0, 12.0, -12.0, 11.0, -11.0, 10.0, -10.0, 0]
Q: [0, 11.0, 0.0, 12.0, 0.0, 11.0, 0.0, 10.0, 0.0, 0]
B: [0.0, 64.0, 82.7140226568, 101.4070729429, 130.92658367730002, 309.0, 319.4016530417, 522.0, 562.7349620474, 566.85070851675]
