Avion: 6      Iteracion: 10

Num Ruta: 13
Ingresos: 2421.732
Costos: 503.185041931
Utilidad Ruta: 1918.54695807
Costo Reducido: 320.765020003
Nodos: [106, 16, 51, 24, 30, 59, 10, 65, 45, 23, 35, 70, 26, 58, 61, 22, 57, 33, 6, 41, 5, 40, 68, 29, 64, 27, 62, 716]
q: [0.0, 9.0, -9.0, 11.0, 3.0, -11.0, 12.0, -3.0, -12.0, 7.0, 8.0, -8.0, 8.0, -7.0, -8.0, 10.0, -10.0, 5.0, 4.0, -4.0, 9.0, -9.0, -5.0, 9.0, -9.0, 6.0, -6.0, 0.0]
Q: [0.0, 9.0, 0.0, 11.0, 14.0, 3.0, 15.0, 12.0, 0.0, 7.0, 15.0, 7.0, 15.0, 8.0, 0.0, 10.0, 0.0, 5.0, 9.0, 5.0, 14.0, 5.0, 0.0, 9.0, 0.0, 6.0, 0.0, 0.0]
B: [0.0, 36.0, 45.624091437640004, 70.85029051714, 89.10719167804, 109.37531307594, 121.16124375624, 139.85429404234, 158.75509193554, 267.0, 277.4634044651, 289.38614345409997, 303.7370056233, 323.4233783974, 326.49045077998, 340.12463143008, 361.87931756898, 437.0, 463.1548069196, 466.84709631779, 485.23595653258997, 486.35764543777, 515.37002005617, 549.0, 582.7797797802, 590.99620777538, 608.0270701434799, 617.73274049642]
