Avion: 2      Iteracion: 7

Num Ruta: 9
Ingresos: 739.469
Costos: 375.315557447
Utilidad Ruta: 364.153442553
Costo Reducido: 75.8958922079
Nodos: [102, 4, 39, 2, 37, 712]
q: [0, 3.0, -3.0, 10.0, -10.0, 0]
Q: [0, 3.0, 0.0, 10.0, 0.0, 0]
B: [0.0, 529.0, 549.4257496801999, 558.8802161908, 599.6151782382, 603.73092470755]
