Avion: 5      Iteracion: 64

Num Ruta: 55
Ingresos: 1395.792
Costos: 347.949094494
Utilidad Ruta: 1047.84290551
Costo Reducido: 71.6516058853
Nodos: [105, 11, 46, 1, 36, 23, 58, 31, 66, 715]
q: [0, 6.0, -6.0, 7.0, -7.0, 10.0, -10.0, 9.0, -9.0, 0]
Q: [0, 6.0, 0.0, 7.0, 0.0, 10.0, 0.0, 9.0, 0.0, 0]
B: [0.0, 169.0, 173.05406684701, 195.72351838431, 229.96360391281002, 267.0, 306.733842905, 406.0, 434.325479078, 448.0782228406]
