Avion: 1      Iteracion: 14

Num Ruta: 15
Ingresos: 945.226
Costos: 403.480095041
Utilidad Ruta: 541.745904959
Costo Reducido: 117.085391525
Nodos: [101, 30, 65, 28, 63, 25, 60, 33, 68, 711]
q: [0, 11.0, -11.0, 6.0, -6.0, 10.0, -10.0, 5.0, -5.0, 0]
Q: [0, 11.0, 0.0, 6.0, 0.0, 10.0, 0.0, 5.0, 0.0, 0]
B: [0.0, 64.0, 82.7140226568, 378.0, 414.0266187839, 417.35999740026, 434.54497971036, 470.06238492246, 512.0150499748601, 529.20721717386]
