Avion: 1      Iteracion: 37

Num Ruta: 29
Ingresos: 1271.513
Costos: 399.067097508
Utilidad Ruta: 872.445902492
Costo Reducido: 50.4061583459
Nodos: [101, 30, 65, 24, 59, 1, 36, 32, 67, 34, 69, 25, 60, 711]
q: [0, 11.0, -11.0, 11.0, -11.0, 7.0, -7.0, 11.0, -11.0, 8.0, -8.0, 10.0, -10.0, 0]
Q: [0, 11.0, 0.0, 11.0, 0.0, 7.0, 0.0, 11.0, 0.0, 8.0, 0.0, 10.0, 0.0, 0]
B: [0.0, 64.0, 82.7140226568, 107.4479935471, 145.9609438496, 175.0, 209.2400855285, 309.0, 319.4016530417, 346.1750898215, 382.6152200353, 411.9340544596, 429.1190367697, 441.2319193746]
