Avion: 4      Iteracion: 81

Num Ruta: 56
Ingresos: 1485.788
Costos: 437.613677143
Utilidad Ruta: 1048.17432286
Costo Reducido: 32.3840881147
Nodos: [104, 17, 52, 30, 16, 65, 51, 10, 45, 32, 67, 34, 69, 31, 66, 25, 60, 29, 64, 714]
q: [0.0, 0.0, 0.0, 11.0, 4.0, -11.0, -4.0, 12.0, -12.0, 11.0, -11.0, 8.0, -8.0, 9.0, -9.0, 10.0, -10.0, 9.0, -9.0, 0.0]
Q: [0.0, 0.0, 0.0, 11.0, 15.0, 4.0, 0.0, 12.0, 0.0, 11.0, 0.0, 8.0, 0.0, 9.0, 0.0, 10.0, 0.0, 9.0, 0.0, 0.0]
B: [0.0, 24.0, 58.8425537813, 64.0, 72.20259129788, 83.01926305958, 85.89041962097, 101.71969683127, 131.23920756567, 309.0, 319.4016530417, 346.1750898215, 382.6152200353, 409.7359641438, 438.0614432218, 463.4885803788, 480.6735626889, 549.0, 582.7797797802, 609.550209829]
