Avion: 1      Iteracion: 16

Num Ruta: 17
Ingresos: 471.353
Costos: 295.600322041
Utilidad Ruta: 175.752677959
Costo Reducido: 140.446497667
Nodos: [101, 30, 16, 51, 65, 32, 67, 8, 43, 711]
q: [0.0, 6.0, 9.0, -9.0, -6.0, 11.0, -11.0, 8.0, -8.0, 0.0]
Q: [0.0, 6.0, 15.0, 6.0, 0.0, 11.0, 0.0, 8.0, 0.0, 0.0]
B: [0.0, 64.0, 72.20259129788, 81.82668273552001, 84.69783929691, 309.0, 319.4016530417, 414.0, 434.768396616, 440.47752789843]
