Avion: 4      Iteracion: 2

Num Ruta: 6
Ingresos: 2811.259
Costos: 696.451711063
Utilidad Ruta: 2114.80728894
Costo Reducido: 1670.01053805
Nodos: [104, 16, 51, 24, 9, 44, 59, 10, 45, 35, 70, 26, 61, 18, 53, 28, 63, 25, 19, 60, 54, 5, 33, 40, 68, 21, 56, 714]
q: [0.0, 9.0, -9.0, 11.0, 4.0, -4.0, -11.0, 12.0, -12.0, 8.0, -8.0, 10.0, -10.0, 10.0, -10.0, 6.0, -6.0, 8.0, 7.0, -8.0, -7.0, 9.0, 5.0, -9.0, -5.0, 12.0, -12.0, 0.0]
Q: [0.0, 9.0, 0.0, 11.0, 15.0, 11.0, 0.0, 12.0, 0.0, 8.0, 0.0, 10.0, 0.0, 10.0, 0.0, 6.0, 0.0, 8.0, 15.0, 7.0, 0.0, 9.0, 14.0, 5.0, 0.0, 12.0, 0.0, 0.0]
B: [0.0, 37.6306202048, 47.25471164244, 72.48091072194, 78.91778775976, 108.44502476226, 133.50058817636, 145.28651885666, 174.80602959106, 270.0, 281.922738989, 300.0, 317.5792279694, 340.8578987218, 364.67613497049996, 378.0, 414.0266187839, 417.35999740026, 426.75200464046, 443.42489632125995, 460.21175275715996, 469.0, 482.6981671767, 495.9883458813, 525.0007204997, 535.8801978769001, 576.6189885561, 605.5097944466]
