Avion: 4      Iteracion: 59

Num Ruta: 43
Ingresos: 3684.725
Costos: 622.939934565
Utilidad Ruta: 3061.78506544
Costo Reducido: 228.10779348
Nodos: [104, 17, 52, 9, 44, 10, 45, 23, 35, 70, 26, 61, 58, 34, 8, 69, 19, 54, 43, 21, 56, 2, 37, 29, 64, 714]
q: [0.0, 0.0, 0.0, 11.0, -11.0, 12.0, -12.0, 10.0, 5.0, -5.0, 5.0, -5.0, -10.0, 8.0, 7.0, -8.0, 7.0, -7.0, -7.0, 12.0, -12.0, 10.0, -10.0, 9.0, -9.0, 0.0]
Q: [0.0, 0.0, 0.0, 11.0, 0.0, 12.0, 0.0, 10.0, 15.0, 10.0, 15.0, 10.0, 0.0, 8.0, 15.0, 7.0, 14.0, 7.0, 0.0, 12.0, 0.0, 10.0, 0.0, 9.0, 0.0, 0.0]
B: [0.0, 24.0, 58.8425537813, 81.72911018459999, 111.25634718709999, 139.7984606337, 169.3179713681, 267.0, 277.4634044651, 289.38614345409997, 303.7370056233, 321.3162335927, 324.38330597528, 338.64225299108, 414.0, 416.64617497532, 437.18599123542, 463.81310752691996, 466.74122671847994, 491.70539842517996, 532.4441891043799, 556.2952028354799, 597.03016488288, 606.8349054199899, 640.6146852001899, 667.3851152489899]
