Avion: 3      Iteracion: 12

Num Ruta: 15
Ingresos: 2604.683
Costos: 555.774073646
Utilidad Ruta: 2048.90892635
Costo Reducido: 224.352122824
Nodos: [103, 24, 59, 10, 45, 11, 46, 3, 38, 23, 35, 70, 18, 53, 58, 28, 63, 25, 60, 4, 27, 62, 2, 39, 37, 713]
q: [0.0, 11.0, -11.0, 12.0, -12.0, 6.0, -6.0, 13.0, -13.0, 7.0, 8.0, -8.0, 8.0, -8.0, -7.0, 6.0, -6.0, 10.0, -10.0, 3.0, 6.0, -6.0, 10.0, -3.0, -10.0, 0.0]
Q: [0.0, 11.0, 0.0, 12.0, 0.0, 6.0, 0.0, 13.0, 0.0, 7.0, 15.0, 7.0, 15.0, 7.0, 0.0, 6.0, 0.0, 10.0, 0.0, 3.0, 9.0, 3.0, 13.0, 10.0, 0.0, 0.0]
B: [0.0, 61.0, 99.5129503025, 111.2988809828, 140.8183917172, 193.4566082998, 197.51067514681, 256.0, 261.08428175852, 267.0, 277.4634044651, 289.38614345409997, 309.80429657819997, 333.62253282689994, 343.54806439956997, 378.0, 414.0266187839, 417.35999740026, 434.54497971036, 529.0, 546.6147745373, 563.6456369054, 575.0977099928, 584.5521765034, 617.7453872851, 627.8402883743]
