Avion: 6      Iteracion: 75

Num Ruta: 59
Ingresos: 2616.683
Costos: 532.344306496
Utilidad Ruta: 2084.3386935
Costo Reducido: 131.024839278
Nodos: [106, 30, 16, 65, 51, 10, 45, 34, 22, 57, 69, 31, 66, 8, 33, 5, 40, 43, 68, 21, 56, 29, 64, 716]
q: [0.0, 6.0, 9.0, -6.0, -9.0, 12.0, -12.0, 8.0, 7.0, -7.0, -8.0, 9.0, -9.0, 8.0, 5.0, 2.0, -2.0, -8.0, -5.0, 12.0, -12.0, 9.0, -9.0, 0.0]
Q: [0.0, 6.0, 15.0, 9.0, 0.0, 12.0, 0.0, 8.0, 15.0, 8.0, 0.0, 9.0, 0.0, 8.0, 13.0, 15.0, 13.0, 5.0, 0.0, 12.0, 0.0, 9.0, 0.0, 0.0]
B: [0.0, 64.0, 72.20259129788, 83.01926305958, 85.89041962097, 101.71969683127, 131.23920756567, 322.0, 350.0636833826, 371.8183695215, 382.408619849, 409.5293639575, 437.8548430355, 446.63768915734, 460.40234396593996, 474.10051114263996, 475.22220004781997, 485.70017704722, 507.65705808712, 518.53653546432, 559.2753261435199, 597.7286226212199, 631.5084024014199, 651.9056096857198]
