Avion: 6      Iteracion: 61

Num Ruta: 49
Ingresos: 1349.716
Costos: 283.183544351
Utilidad Ruta: 1066.53245565
Costo Reducido: 118.747293805
Nodos: [106, 10, 45, 26, 61, 34, 28, 69, 19, 63, 54, 5, 40, 716]
q: [0, 12.0, -12.0, 10.0, -10.0, 8.0, 6.0, -8.0, 7.0, -6.0, -7.0, 9.0, -9.0, 0]
Q: [0, 12.0, 0.0, 10.0, 0.0, 8.0, 14.0, 6.0, 13.0, 7.0, 0.0, 9.0, 0.0, 0]
B: [0.0, 96.0, 125.5195107344, 300.0, 317.5792279694, 332.4924740614, 378.0, 412.6152135628, 433.1550298229, 445.6908230966, 478.5209002363, 486.37121347846, 487.49290238364, 494.21625645731]
