Avion: 5      Iteracion: 29

Num Ruta: 30
Ingresos: 1407.707
Costos: 392.566307662
Utilidad Ruta: 1015.14069234
Costo Reducido: 33.0028032852
Nodos: [105, 30, 65, 1, 11, 46, 36, 23, 58, 27, 62, 715]
q: [0, 11.0, -11.0, 7.0, 6.0, -6.0, -7.0, 10.0, -10.0, 6.0, -6.0, 0]
Q: [0, 11.0, 0.0, 7.0, 13.0, 7.0, 0.0, 10.0, 0.0, 6.0, 0.0, 0]
B: [0.0, 64.0, 82.7140226568, 175.0, 193.6808285951, 197.73489544211, 232.05062478011, 267.0, 306.733842905, 538.0, 555.0308623681, 587.6857874177999]
