Avion: 6      Iteracion: 83

Num Ruta: 66
Ingresos: 1170.53
Costos: 336.504299773
Utilidad Ruta: 834.025700227
Costo Reducido: 25.1377313846
Nodos: [106, 30, 65, 10, 45, 34, 22, 57, 69, 33, 6, 41, 68, 5, 40, 716]
q: [0.0, 11.0, -11.0, 12.0, -12.0, 8.0, 7.0, -7.0, -8.0, 5.0, 4.0, -4.0, -5.0, 0.0, 0.0, 0.0]
Q: [0.0, 11.0, 0.0, 12.0, 0.0, 8.0, 15.0, 8.0, 0.0, 5.0, 9.0, 5.0, 0.0, 0.0, 0.0, 0.0]
B: [0.0, 64.0, 82.7140226568, 101.4070729429, 130.92658367730002, 322.0, 350.0636833826, 371.8183695215, 382.408619849, 437.0, 463.1548069196, 466.84709631779, 497.92495713539, 526.89637472239, 528.01806362757, 534.7414177012399]
