Avion: 6      Iteracion: 31

Num Ruta: 29
Ingresos: 965.687
Costos: 175.045586026
Utilidad Ruta: 790.641413974
Costo Reducido: 65.942364067
Nodos: [106, 30, 65, 23, 35, 70, 58, 6, 41, 5, 40, 716]
q: [0.0, 11.0, -11.0, 10.0, 5.0, -5.0, -10.0, 0.0, 0.0, 0.0, 0.0, 0.0]
Q: [0.0, 11.0, 0.0, 10.0, 15.0, 10.0, 0.0, 0.0, 0.0, 0.0, 0.0, 0.0]
B: [0.0, 64.0, 82.7140226568, 267.0, 277.4634044651, 289.38614345409997, 313.15284696969997, 436.0, 439.69228939819, 469.0, 470.12168890518, 476.84504297885]
