Avion: 3      Iteracion: 84

Num Ruta: 62
Ingresos: 2524.138
Costos: 373.257188423
Utilidad Ruta: 2150.88081158
Costo Reducido: 74.1788386902
Nodos: [103, 11, 46, 3, 38, 23, 35, 70, 34, 58, 22, 57, 69, 8, 33, 43, 6, 41, 68, 21, 56, 27, 62, 713]
q: [0.0, 6.0, -6.0, 13.0, -13.0, 7.0, 8.0, -8.0, 8.0, -7.0, 7.0, -7.0, -8.0, 8.0, 5.0, -8.0, 4.0, -4.0, -5.0, 12.0, -12.0, 6.0, -6.0, 0.0]
Q: [0.0, 6.0, 0.0, 13.0, 0.0, 7.0, 15.0, 7.0, 15.0, 8.0, 15.0, 8.0, 0.0, 8.0, 13.0, 5.0, 9.0, 5.0, 0.0, 12.0, 0.0, 6.0, 0.0, 0.0]
B: [0.0, 169.0, 173.05406684701, 256.0, 261.08428175852, 267.0, 277.4634044651, 289.38614345409997, 322.0, 336.2589470158, 352.0153710073, 373.77005714620003, 384.3603074737, 414.0, 437.0, 460.2743670161, 469.46503864552994, 473.15732804371993, 504.23518886131995, 515.1146662385199, 555.8534569177199, 569.0309051153199, 586.0617674834199, 614.3324877607199]
