Avion: 6      Iteracion: 9

Num Ruta: 12
Ingresos: 2233.432
Costos: 490.5299247
Utilidad Ruta: 1742.9020753
Costo Reducido: 354.512038515
Nodos: [106, 1, 11, 46, 36, 3, 38, 32, 67, 26, 61, 34, 69, 8, 43, 13, 48, 31, 66, 5, 40, 4, 29, 64, 27, 39, 62, 716]
q: [0, 7.0, 6.0, -6.0, -7.0, 13.0, -13.0, 11.0, -11.0, 10.0, -10.0, 8.0, -8.0, 8.0, -8.0, 15.0, -15.0, 9.0, -9.0, 9.0, -9.0, 3.0, 9.0, -9.0, 6.0, -3.0, -6.0, 0]
Q: [0, 7.0, 13.0, 7.0, 0.0, 13.0, 0.0, 11.0, 0.0, 10.0, 0.0, 8.0, 0.0, 8.0, 0.0, 15.0, 0.0, 9.0, 0.0, 9.0, 0.0, 3.0, 12.0, 3.0, 9.0, 6.0, 0.0, 0]
B: [0.0, 175.0, 193.6808285951, 197.73489544211, 232.05062478011, 256.0, 261.08428175852, 309.0, 319.4016530417, 332.1221722921, 349.7014002615, 364.6146463535, 401.0547765673, 414.0, 434.768396616, 436.97907275691, 453.86222370691, 458.31973713931, 486.64521621731, 506.54170042931, 507.66338933449003, 529.0, 549.7100026316, 583.4897824118, 591.70621040698, 608.05702298618, 613.4722815211, 623.17795187404]
