Avion: 3      Iteracion: 16

Num Ruta: 19
Ingresos: 1554.681
Costos: 434.728838298
Utilidad Ruta: 1119.9521617
Costo Reducido: 144.304459417
Nodos: [103, 30, 16, 51, 65, 14, 49, 23, 32, 67, 26, 61, 58, 34, 69, 8, 43, 25, 60, 713]
q: [0.0, 6.0, 9.0, -9.0, -6.0, 8.0, -8.0, 4.0, 11.0, -11.0, 10.0, -10.0, -4.0, 8.0, -8.0, 8.0, -8.0, 10.0, -10.0, 0.0]
Q: [0.0, 6.0, 15.0, 6.0, 0.0, 8.0, 0.0, 4.0, 15.0, 4.0, 14.0, 4.0, 0.0, 8.0, 0.0, 8.0, 0.0, 10.0, 0.0, 0.0]
B: [0.0, 64.0, 72.20259129788, 81.82668273552001, 84.69783929691, 112.49377995381, 124.51549172881, 267.0, 309.0, 319.4016530417, 332.1221722921, 349.7014002615, 352.76847264408, 367.02741965988, 403.46754987368, 414.0, 434.768396616, 468.12895782230004, 485.31394013240003, 491.77011337977]
