Avion: 3      Iteracion: 72

Num Ruta: 58
Ingresos: 1564.493
Costos: 370.77467747
Utilidad Ruta: 1193.71832253
Costo Reducido: 30.7628141238
Nodos: [103, 11, 46, 1, 36, 35, 70, 34, 22, 69, 57, 19, 33, 5, 40, 54, 68, 713]
q: [0.0, 6.0, -6.0, 7.0, -7.0, 8.0, -8.0, 8.0, 7.0, -8.0, -7.0, 7.0, 5.0, 3.0, -3.0, -7.0, -5.0, 0.0]
Q: [0.0, 6.0, 0.0, 7.0, 0.0, 8.0, 0.0, 8.0, 15.0, 7.0, 0.0, 7.0, 12.0, 15.0, 12.0, 5.0, 0.0, 0.0]
B: [0.0, 169.0, 173.05406684701, 195.72351838431, 229.96360391281002, 270.0, 281.922738989, 322.0, 350.0636833826, 364.6328500369, 375.22310036439995, 402.0, 438.5935603624, 469.0, 470.12168890518, 478.47762499876, 500.38306982416003, 504.07794532951004]
