Avion: 5      Iteracion: 19

Num Ruta: 20
Ingresos: 501.684
Costos: 282.137430565
Utilidad Ruta: 219.546569435
Costo Reducido: 47.7556710423
Nodos: [105, 28, 63, 25, 60, 715]
q: [0, 6.0, -6.0, 10.0, -10.0, 0]
Q: [0, 6.0, 0.0, 10.0, 0.0, 0]
B: [0.0, 378.0, 414.0266187839, 417.35999740026, 434.54497971036, 471.68788700096]
