Avion: 4      Iteracion: 49

Num Ruta: 36
Ingresos: 695.551
Costos: 244.440909759
Utilidad Ruta: 451.110090241
Costo Reducido: 23.9488717332
Nodos: [104, 9, 44, 25, 60, 29, 64, 714]
q: [0, 11.0, -11.0, 10.0, -10.0, 9.0, -9.0, 0]
Q: [0, 11.0, 0.0, 10.0, 0.0, 9.0, 0.0, 0]
B: [0.0, 57.4296024799, 86.9568394824, 410.0, 427.1849823101, 549.0, 582.7797797802, 609.550209829]
