Avion: 4      Iteracion: 70

Num Ruta: 52
Ingresos: 2114.585
Costos: 509.456743363
Utilidad Ruta: 1605.12825664
Costo Reducido: 38.6654299887
Nodos: [104, 17, 52, 24, 16, 51, 59, 10, 45, 32, 67, 34, 28, 69, 63, 25, 60, 29, 4, 27, 39, 62, 64, 714]
q: [0.0, 5.0, -5.0, 11.0, 4.0, -4.0, -11.0, 12.0, -12.0, 11.0, -11.0, 8.0, 6.0, -8.0, -6.0, 10.0, -10.0, 6.0, 3.0, 6.0, -3.0, -6.0, -6.0, 0.0]
Q: [0.0, 5.0, 0.0, 11.0, 15.0, 11.0, 0.0, 12.0, 0.0, 11.0, 0.0, 8.0, 14.0, 6.0, 0.0, 10.0, 0.0, 6.0, 9.0, 15.0, 12.0, 6.0, 0.0, 0.0]
B: [0.0, 24.0, 58.8425537813, 75.400837086, 92.9734739968, 102.59756543444, 129.38684935544, 141.17278003574, 170.69229077014, 309.0, 319.4016530417, 346.1750898215, 378.0, 412.6152135628, 444.56576931700005, 447.89914793336004, 465.08413024346004, 549.0, 569.7100026316, 587.3247771689, 603.6755897481, 609.09084828302, 624.53822585982, 651.30865590862]
