Avion: 1      Iteracion: 3

Num Ruta: 6
Ingresos: 2541.097
Costos: 488.916868004
Utilidad Ruta: 2052.180132
Costo Reducido: 1336.55454545
Nodos: [101, 30, 16, 51, 65, 24, 59, 1, 36, 3, 38, 23, 58, 25, 60, 31, 66, 2, 37, 711]
q: [0.0, 0.0, 9.0, -9.0, 0.0, 11.0, -11.0, 7.0, -7.0, 13.0, -13.0, 10.0, -10.0, 10.0, -10.0, 9.0, -9.0, 10.0, -10.0, 0.0]
Q: [0.0, 0.0, 9.0, 0.0, 0.0, 11.0, 0.0, 7.0, 0.0, 13.0, 0.0, 10.0, 0.0, 10.0, 0.0, 9.0, 0.0, 10.0, 0.0, 0.0]
B: [0.0, 64.0, 72.20259129788, 81.82668273552001, 84.69783929691, 109.43181018721, 147.94476048971, 175.0, 209.2400855285, 256.0, 261.08428175852, 267.0, 306.733842905, 410.0, 427.1849823101, 432.00662891681, 460.33210799481, 522.0, 562.7349620474, 579.6846292418]
