Avion: 4      Iteracion: 50

Num Ruta: 37
Ingresos: 1123.444
Costos: 259.36073742
Utilidad Ruta: 864.08326258
Costo Reducido: 113.722846231
Nodos: [104, 17, 52, 9, 44, 25, 60, 19, 54, 714]
q: [0, 5.0, -5.0, 11.0, -11.0, 10.0, -10.0, 7.0, -7.0, 0]
Q: [0, 5.0, 0.0, 11.0, 0.0, 10.0, 0.0, 7.0, 0.0, 0]
B: [0.0, 24.0, 58.8425537813, 81.72911018459999, 111.25634718709999, 410.0, 427.1849823101, 443.8578739909, 470.48499028239996, 496.7331840107]
