Avion: 2      Iteracion: 45

Num Ruta: 34
Ingresos: 686.783
Costos: 471.982319479
Utilidad Ruta: 214.800680521
Costo Reducido: 7.31923053494
Nodos: [102, 16, 51, 9, 44, 30, 65, 33, 68, 712]
q: [0, 9.0, -9.0, 11.0, -11.0, 11.0, -11.0, 5.0, -5.0, 0]
Q: [0, 9.0, 0.0, 11.0, 0.0, 11.0, 0.0, 5.0, 0.0, 0]
B: [0.0, 36.0, 45.624091437640004, 75.68094759394, 105.20818459644, 120.99608493184, 139.71010758864, 437.0, 478.9526650524, 489.28194508539997]
