Avion: 4      Iteracion: 16

Num Ruta: 19
Ingresos: 1093.285
Costos: 266.234726071
Utilidad Ruta: 827.050273929
Costo Reducido: 150.402974365
Nodos: [104, 17, 52, 8, 43, 13, 48, 29, 64, 714]
q: [0, 5.0, -5.0, 8.0, -8.0, 15.0, -15.0, 9.0, -9.0, 0]
Q: [0, 5.0, 0.0, 8.0, 0.0, 15.0, 0.0, 9.0, 0.0, 0]
B: [0.0, 24.0, 58.8425537813, 414.0, 434.768396616, 436.97907275691, 453.86222370691, 549.0, 582.7797797802, 609.550209829]
