Avion: 4      Iteracion: 33

Num Ruta: 28
Ingresos: 2208.363
Costos: 396.994419294
Utilidad Ruta: 1811.36858071
Costo Reducido: 36.479946013
Nodos: [104, 17, 52, 9, 44, 14, 49, 23, 58, 34, 22, 69, 57, 29, 64, 714]
q: [0.0, 5.0, -5.0, 11.0, -11.0, 8.0, -8.0, 10.0, -10.0, 8.0, 7.0, -8.0, -7.0, 9.0, -9.0, 0.0]
Q: [0.0, 5.0, 0.0, 11.0, 0.0, 8.0, 0.0, 10.0, 0.0, 8.0, 15.0, 7.0, 0.0, 9.0, 0.0, 0.0]
B: [0.0, 24.0, 58.8425537813, 81.72911018459999, 111.25634718709999, 121.5131539026, 133.5348656776, 267.0, 306.733842905, 322.0, 350.0636833826, 364.6328500369, 375.22310036439995, 549.0, 582.7797797802, 609.550209829]
