Avion: 2      Iteracion: 0

Num Ruta: 3
Ingresos: 4727.885
Costos: 827.529891506
Utilidad Ruta: 3900.35510849
Costo Reducido: -
Nodos: [102, 16, 51, 17, 52, 30, 65, 10, 45, 1, 36, 23, 58, 26, 61, 22, 57, 19, 8, 54, 43, 31, 66, 21, 27, 56, 2, 62, 37, 712]
q: [0.0, 9.0, -9.0, 5.0, -5.0, 11.0, -11.0, 12.0, -12.0, 7.0, -7.0, 10.0, -10.0, 10.0, -10.0, 10.0, -10.0, 7.0, 8.0, -7.0, -8.0, 9.0, -9.0, 12.0, 3.0, -12.0, 10.0, -3.0, -10.0, 0.0]
Q: [0.0, 9.0, 0.0, 5.0, 0.0, 11.0, 0.0, 12.0, 0.0, 7.0, 0.0, 10.0, 0.0, 10.0, 0.0, 10.0, 0.0, 7.0, 15.0, 8.0, 0.0, 9.0, 0.0, 12.0, 15.0, 3.0, 13.0, 10.0, 0.0, 0.0]
B: [0.0, 36.0, 45.624091437640004, 78.34191948294, 113.18447326424, 116.32892774793, 135.04295040473, 153.73600069083, 183.25551142523, 221.67485259603, 255.91493812453, 267.0, 306.733842905, 326.4202156791, 343.9994436485, 357.6336242986, 379.3883104375, 402.0, 425.1608815463, 443.1178409771, 446.04596016866, 463.15858150495995, 491.48406058295996, 514.94989926386, 542.6151613265599, 555.79260952416, 579.64362325526, 591.09569634266, 620.43622668896, 624.55197315831]
