Avion: 6      Iteracion: 0

Num Ruta: 1
Ingresos: 639.831
Costos: 300.222432862
Utilidad Ruta: 339.608567138
Costo Reducido: -
Nodos: [106, 24, 59, 27, 62, 29, 64, 716]
q: [0, 11.0, -11.0, 6.0, -6.0, 9.0, -9.0, 0]
Q: [0, 11.0, 0.0, 6.0, 0.0, 9.0, 0.0, 0]
B: [0.0, 61.0, 99.5129503025, 538.0, 555.0308623681, 590.0480078828, 623.827787663, 644.2249949472999]
