Avion: 2      Iteracion: 59

Num Ruta: 44
Ingresos: 3019.758
Costos: 575.433588143
Utilidad Ruta: 2444.32441186
Costo Reducido: 255.527369357
Nodos: [102, 16, 51, 9, 24, 44, 59, 10, 45, 23, 35, 70, 26, 61, 58, 34, 8, 69, 19, 54, 43, 13, 48, 20, 4, 39, 55, 2, 37, 712]
q: [0.0, 9.0, -9.0, 4.0, 11.0, -4.0, -11.0, 12.0, -12.0, 10.0, 5.0, -5.0, 5.0, -5.0, -10.0, 8.0, 7.0, -8.0, 7.0, -7.0, -7.0, 0.0, 0.0, 0.0, 3.0, -3.0, 0.0, 10.0, -10.0, 0.0]
Q: [0.0, 9.0, 0.0, 4.0, 15.0, 11.0, 0.0, 12.0, 0.0, 10.0, 15.0, 10.0, 15.0, 10.0, 0.0, 8.0, 15.0, 7.0, 14.0, 7.0, 0.0, 0.0, 0.0, 0.0, 3.0, 0.0, 0.0, 10.0, 0.0, 0.0]
B: [0.0, 36.0, 45.624091437640004, 75.68094759394, 82.11782463176, 106.25807452686, 131.31363794096, 143.09956862126, 172.61907935566, 267.0, 277.4634044651, 289.38614345409997, 303.7370056233, 321.3162335927, 324.38330597528, 338.64225299108, 414.0, 416.64617497532, 437.18599123542, 463.81310752691996, 466.74122671847994, 468.9519028593899, 485.83505380938993, 499.7656390447899, 529.0, 549.4257496801999, 561.2869729308, 568.6172701962599, 609.35223224366, 613.46797871301]
