Avion: 4      Iteracion: 13

Num Ruta: 16
Ingresos: 1215.927
Costos: 311.959724632
Utilidad Ruta: 903.967275368
Costo Reducido: 178.933949435
Nodos: [104, 22, 57, 19, 54, 25, 60, 29, 64, 714]
q: [0, 10.0, -10.0, 7.0, -7.0, 10.0, -10.0, 9.0, -9.0, 0]
Q: [0, 10.0, 0.0, 7.0, 0.0, 10.0, 0.0, 9.0, 0.0, 0]
B: [0.0, 299.0, 320.7546861389, 402.0, 428.6271162915, 460.3028294169, 477.487811727, 549.0, 582.7797797802, 609.550209829]
