Avion: 5      Iteracion: 80

Num Ruta: 66
Ingresos: 503.008
Costos: 282.501871513
Utilidad Ruta: 220.506128487
Costo Reducido: 13.4907205794
Nodos: [105, 3, 38, 35, 70, 22, 57, 715]
q: [0, 13.0, -13.0, 8.0, -8.0, 10.0, -10.0, 0]
Q: [0, 13.0, 0.0, 8.0, 0.0, 10.0, 0.0, 0]
B: [0.0, 256.0, 261.08428175852, 274.08526633661995, 286.00800532561993, 303.7313161055199, 325.4860022444199, 334.63913116298994]
