Avion: 6      Iteracion: 66

Num Ruta: 54
Ingresos: 1378.003
Costos: 183.908923377
Utilidad Ruta: 1194.09407662
Costo Reducido: 143.606886588
Nodos: [106, 17, 52, 14, 49, 3, 38, 23, 35, 70, 58, 6, 41, 5, 40, 716]
q: [0.0, 5.0, -5.0, 8.0, -8.0, 13.0, -13.0, 10.0, 5.0, -5.0, -10.0, 4.0, -4.0, 0.0, 0.0, 0.0]
Q: [0.0, 5.0, 0.0, 8.0, 0.0, 13.0, 0.0, 10.0, 15.0, 10.0, 0.0, 4.0, 0.0, 0.0, 0.0, 0.0]
B: [0.0, 24.0, 58.8425537813, 112.0, 124.021711775, 256.0, 261.08428175852, 267.0, 277.4634044651, 289.38614345409997, 313.15284696969997, 436.0, 439.69228939819, 469.0, 470.12168890518, 476.84504297885]
