Avion: 5      Iteracion: 33

Num Ruta: 34
Ingresos: 1207.062
Costos: 370.780923035
Utilidad Ruta: 836.281076965
Costo Reducido: 27.980650715
Nodos: [105, 14, 49, 3, 38, 23, 58, 32, 67, 34, 69, 715]
q: [0, 8.0, -8.0, 13.0, -13.0, 10.0, -10.0, 11.0, -11.0, 8.0, -8.0, 0]
Q: [0, 8.0, 0.0, 13.0, 0.0, 10.0, 0.0, 11.0, 0.0, 8.0, 0.0, 0]
B: [0.0, 112.0, 124.021711775, 256.0, 261.08428175852, 267.0, 306.733842905, 329.2181487426, 339.6198017843, 366.39323856410005, 402.83336877790003, 421.36774702480005]
