Avion: 5      Iteracion: 86

Num Ruta: 71
Ingresos: 2903.094
Costos: 536.400194413
Utilidad Ruta: 2366.69380559
Costo Reducido: 3.66018008013
Nodos: [105, 30, 16, 51, 65, 24, 59, 22, 57, 18, 53, 28, 63, 25, 19, 60, 31, 54, 66, 21, 15, 50, 4, 56, 27, 39, 62, 715]
q: [0.0, 11.0, 4.0, -4.0, -11.0, 11.0, -11.0, 10.0, -10.0, 10.0, -10.0, 6.0, -6.0, 9.0, 6.0, -9.0, 9.0, -6.0, -9.0, 12.0, 0.0, 0.0, 3.0, -12.0, 6.0, -3.0, -6.0, 0.0]
Q: [0.0, 11.0, 15.0, 11.0, 0.0, 11.0, 0.0, 10.0, 0.0, 10.0, 0.0, 6.0, 0.0, 9.0, 15.0, 6.0, 15.0, 9.0, 0.0, 12.0, 12.0, 12.0, 15.0, 3.0, 9.0, 6.0, 0.0, 0.0]
B: [0.0, 64.0, 72.20259129788, 81.82668273552001, 84.69783929691, 109.43181018721, 147.94476048971, 299.0, 320.7546861389, 334.15512273630003, 357.973358985, 378.0, 414.0266187839, 417.35999740026, 426.75200464046, 443.42489632125995, 448.2465429279699, 465.3525823585699, 487.77074664556994, 511.23658532646994, 516.90881883718, 533.32998545228, 538.90466472557, 568.07446213657, 581.25191033417, 597.60272291337, 603.01798144829, 635.67290649799]
