Avion: 1      Iteracion: 81

Num Ruta: 47
Ingresos: 1167.658
Costos: 362.492217775
Utilidad Ruta: 805.165782225
Costo Reducido: 38.2523698674
Nodos: [101, 30, 65, 24, 59, 11, 46, 22, 57, 19, 54, 6, 41, 711]
q: [0, 11.0, -11.0, 11.0, -11.0, 6.0, -6.0, 10.0, -10.0, 7.0, -7.0, 4.0, -4.0, 0]
Q: [0, 11.0, 0.0, 11.0, 0.0, 6.0, 0.0, 10.0, 0.0, 7.0, 0.0, 4.0, 0.0, 0]
B: [0.0, 64.0, 82.7140226568, 107.4479935471, 145.9609438496, 169.0, 173.05406684701, 299.0, 320.7546861389, 402.0, 428.6271162915, 440.41813528899996, 444.11042468718995, 462.26044948058995]
