Avion: 7      Iteracion: 66

Num Ruta: 57
Ingresos: 1389.554
Costos: 284.884607864
Utilidad Ruta: 1104.66939214
Costo Reducido: 19.7667032355
Nodos: [107, 17, 52, 14, 49, 3, 38, 23, 35, 70, 34, 58, 22, 69, 57, 717]
q: [0.0, 5.0, -5.0, 8.0, -8.0, 13.0, -13.0, 7.0, 8.0, -8.0, 8.0, -7.0, 0.0, -8.0, 0.0, 0.0]
Q: [0.0, 5.0, 0.0, 8.0, 0.0, 13.0, 0.0, 7.0, 15.0, 7.0, 15.0, 8.0, 8.0, 0.0, 0.0, 0.0]
B: [0.0, 45.942580685, 80.78513446630001, 112.0, 124.021711775, 256.0, 261.08428175852, 267.0, 277.4634044651, 289.38614345409997, 322.0, 336.2589470158, 352.0153710073, 366.5845376616, 377.17478798909997, 379.14157674237]
