Avion: 6      Iteracion: 80

Num Ruta: 64
Ingresos: 2115.379
Costos: 406.312518091
Utilidad Ruta: 1709.06648191
Costo Reducido: 30.559322878
Nodos: [106, 10, 45, 32, 67, 33, 68, 21, 56, 2, 37, 29, 64, 716]
q: [0, 12.0, -12.0, 11.0, -11.0, 5.0, -5.0, 12.0, -12.0, 10.0, -10.0, 9.0, -9.0, 0]
Q: [0, 12.0, 0.0, 11.0, 0.0, 5.0, 0.0, 12.0, 0.0, 10.0, 0.0, 9.0, 0.0, 0]
B: [0.0, 96.0, 125.5195107344, 309.0, 319.4016530417, 437.0, 478.9526650524, 489.83214242959997, 530.5709331088, 554.4219468399, 595.1569088873, 604.96164942441, 638.74142920461, 659.1386364889099]
