Avion: 3      Iteracion: 90

Num Ruta: 64
Ingresos: 2195.612
Costos: 399.368913159
Utilidad Ruta: 1796.24308684
Costo Reducido: 49.8279963414
Nodos: [103, 11, 46, 35, 70, 32, 67, 26, 34, 61, 69, 19, 8, 54, 43, 5, 33, 40, 68, 21, 56, 27, 62, 713]
q: [0.0, 0.0, 0.0, 8.0, -8.0, 11.0, -11.0, 7.0, 8.0, -7.0, -8.0, 7.0, 8.0, -7.0, -8.0, 9.0, 5.0, -9.0, -5.0, 12.0, -12.0, 6.0, -6.0, 0.0]
Q: [0.0, 0.0, 0.0, 8.0, 0.0, 11.0, 0.0, 7.0, 15.0, 8.0, 0.0, 7.0, 15.0, 8.0, 0.0, 9.0, 14.0, 5.0, 0.0, 12.0, 0.0, 6.0, 0.0, 0.0]
B: [0.0, 169.0, 173.05406684701, 270.0, 281.922738989, 309.0, 319.4016530417, 332.1221722921, 348.0493993263, 362.9626454183, 387.9493993691, 408.4892156292, 431.6500971755, 449.6070566063, 452.53517579785995, 469.0, 482.6981671767, 495.9883458813, 525.0007204997, 535.8801978769001, 576.6189885561, 589.7964367537, 606.8272991218, 635.0980193991]
