Avion: 7      Iteracion: 74

Num Ruta: 62
Ingresos: 2631.247
Costos: 379.817762125
Utilidad Ruta: 2251.42923787
Costo Reducido: 51.4293701071
Nodos: [107, 14, 49, 3, 38, 23, 58, 22, 57, 31, 19, 66, 8, 33, 54, 43, 68, 29, 4, 27, 64, 39, 62, 717]
q: [0.0, 0.0, 0.0, 13.0, -13.0, 10.0, -10.0, 10.0, -10.0, 9.0, 6.0, -9.0, 4.0, 5.0, -6.0, -4.0, -5.0, 9.0, 3.0, 3.0, -9.0, -3.0, -3.0, 0.0]
Q: [0.0, 0.0, 0.0, 13.0, 0.0, 10.0, 0.0, 10.0, 0.0, 9.0, 15.0, 6.0, 10.0, 15.0, 9.0, 5.0, 0.0, 9.0, 12.0, 15.0, 6.0, 3.0, 0.0, 0.0]
B: [0.0, 112.0, 124.021711775, 256.0, 261.08428175852, 267.0, 306.733842905, 322.49026689650003, 344.24495303540004, 406.0, 427.4250045741, 443.5262214225, 452.30906754434, 466.07372235293997, 487.62211612133996, 490.55023531289993, 512.5071163527999, 549.0, 569.7100026316, 587.3247771689, 595.54120516408, 607.76027620078, 613.1755347357, 636.6205230488]
