Avion: 5      Iteracion: 14

Num Ruta: 15
Ingresos: 1037.96
Costos: 359.610584975
Utilidad Ruta: 678.349415025
Costo Reducido: 196.085507251
Nodos: [105, 30, 65, 16, 51, 14, 49, 18, 53, 28, 63, 31, 66, 715]
q: [0, 11.0, -11.0, 9.0, -9.0, 8.0, -8.0, 10.0, -10.0, 6.0, -6.0, 9.0, -9.0, 0]
Q: [0, 11.0, 0.0, 9.0, 0.0, 8.0, 0.0, 10.0, 0.0, 6.0, 0.0, 9.0, 0.0, 0]
B: [0.0, 64.0, 82.7140226568, 93.53069441849999, 103.15478585614, 129.94109036054, 141.96280213554, 293.0, 316.8182362487, 378.0, 414.0266187839, 434.5234987416, 462.8489778196, 476.6017215822]
