Avion: 1      Iteracion: 68

Num Ruta: 45
Ingresos: 2103.75
Costos: 355.267441033
Utilidad Ruta: 1748.48255897
Costo Reducido: 68.8612008321
Nodos: [101, 30, 65, 24, 59, 1, 36, 23, 58, 31, 66, 19, 54, 711]
q: [0, 11.0, -11.0, 11.0, -11.0, 7.0, -7.0, 10.0, -10.0, 9.0, -9.0, 7.0, -7.0, 0]
Q: [0, 11.0, 0.0, 11.0, 0.0, 7.0, 0.0, 10.0, 0.0, 9.0, 0.0, 7.0, 0.0, 0]
B: [0.0, 64.0, 82.7140226568, 107.4479935471, 145.9609438496, 175.0, 209.2400855285, 267.0, 306.733842905, 406.0, 434.325479078, 450.4266959264, 477.0538122179, 481.79933916439995]
