Avion: 1      Iteracion: 0

Num Ruta: 1
Ingresos: 1304.417
Costos: 390.231851652
Utilidad Ruta: 914.185148348
Costo Reducido: -
Nodos: [101, 1, 36, 5, 40, 33, 68, 21, 56, 711]
q: [0, 7.0, -7.0, 9.0, -9.0, 5.0, -5.0, 12.0, -12.0, 0]
Q: [0, 7.0, 0.0, 9.0, 0.0, 5.0, 0.0, 12.0, 0.0, 0]
B: [0.0, 175.0, 209.2400855285, 469.0, 470.12168890518, 483.41186760978, 525.3645326621801, 536.2440100393801, 576.98280071858, 599.22528639348]
