Avion: 5      Iteracion: 43

Num Ruta: 39
Ingresos: 1753.075
Costos: 451.412540218
Utilidad Ruta: 1301.66245978
Costo Reducido: 13.7499997331
Nodos: [105, 30, 65, 23, 35, 70, 58, 34, 69, 4, 2, 39, 37, 715]
q: [0.0, 11.0, -11.0, 7.0, 8.0, -8.0, -7.0, 8.0, -8.0, 3.0, 10.0, -3.0, -10.0, 0.0]
Q: [0.0, 11.0, 0.0, 7.0, 15.0, 7.0, 0.0, 8.0, 0.0, 3.0, 13.0, 10.0, 0.0, 0.0]
B: [0.0, 64.0, 82.7140226568, 267.0, 277.4634044651, 289.38614345409997, 313.15284696969997, 327.41179398549997, 363.85192419929996, 529.0, 556.3715326023, 565.8259991129, 599.0192098946001, 635.0237530107]
