Avion: 1      Iteracion: 62

Num Ruta: 42
Ingresos: 954.594
Costos: 363.372034692
Utilidad Ruta: 591.221965308
Costo Reducido: 88.4444215822
Nodos: [101, 30, 65, 10, 45, 34, 69, 19, 54, 711]
q: [0, 11.0, -11.0, 12.0, -12.0, 8.0, -8.0, 7.0, -7.0, 0]
Q: [0, 11.0, 0.0, 12.0, 0.0, 8.0, 0.0, 7.0, 0.0, 0]
B: [0.0, 64.0, 82.7140226568, 101.4070729429, 130.92658367730002, 322.0, 358.4401302138, 402.0, 428.6271162915, 433.37264323799997]
