Avion: 5      Iteracion: 65

Num Ruta: 56
Ingresos: 1249.34
Costos: 342.282705727
Utilidad Ruta: 907.057294273
Costo Reducido: 24.9110231781
Nodos: [105, 30, 16, 51, 65, 3, 38, 23, 58, 31, 66, 715]
q: [0.0, 6.0, 9.0, -9.0, -6.0, 13.0, -13.0, 10.0, -10.0, 9.0, -9.0, 0.0]
Q: [0.0, 6.0, 15.0, 6.0, 0.0, 13.0, 0.0, 10.0, 0.0, 9.0, 0.0, 0.0]
B: [0.0, 64.0, 72.20259129788, 81.82668273552001, 84.69783929691, 256.0, 261.08428175852, 267.0, 306.733842905, 406.0, 434.325479078, 448.0782228406]
