Avion: 5      Iteracion: 16

Num Ruta: 17
Ingresos: 896.352
Costos: 365.984614145
Utilidad Ruta: 530.367385855
Costo Reducido: 182.866961691
Nodos: [105, 14, 49, 8, 43, 13, 48, 29, 4, 39, 64, 715]
q: [0, 8.0, -8.0, 8.0, -8.0, 15.0, -15.0, 9.0, 3.0, -3.0, -9.0, 0]
Q: [0, 8.0, 0.0, 8.0, 0.0, 15.0, 0.0, 9.0, 12.0, 9.0, 0.0, 0]
B: [0.0, 112.0, 124.021711775, 414.0, 434.768396616, 436.97907275691, 453.86222370691, 549.0, 569.7100026316, 590.1357523117999, 602.3548233485, 649.6657672832999]
