Avion: 6      Iteracion: 3

Num Ruta: 6
Ingresos: 2867.877
Costos: 513.311328214
Utilidad Ruta: 2354.56567179
Costo Reducido: 653.907722924
Nodos: [106, 16, 51, 24, 59, 1, 36, 3, 38, 23, 58, 26, 61, 22, 57, 33, 13, 48, 68, 29, 64, 27, 62, 716]
q: [0.0, 9.0, -9.0, 11.0, -11.0, 7.0, -7.0, 13.0, -13.0, 10.0, -10.0, 10.0, -10.0, 10.0, -10.0, 5.0, 10.0, -10.0, -5.0, 9.0, -9.0, 6.0, -6.0, 0.0]
Q: [0.0, 9.0, 0.0, 11.0, 0.0, 7.0, 0.0, 13.0, 0.0, 10.0, 0.0, 10.0, 0.0, 10.0, 0.0, 5.0, 15.0, 5.0, 0.0, 9.0, 0.0, 6.0, 0.0, 0.0]
B: [0.0, 36.0, 45.624091437640004, 70.85029051714, 109.36324081964, 175.0, 209.2400855285, 256.0, 261.08428175852, 267.0, 306.733842905, 326.4202156791, 343.9994436485, 357.6336242986, 379.3883104375, 437.0, 462.372931896, 479.256082846, 484.60413314494, 549.0, 582.7797797802, 590.99620777538, 608.0270701434799, 617.73274049642]
