Avion: 5      Iteracion: 79

Num Ruta: 65
Ingresos: 1442.343
Costos: 453.895566454
Utilidad Ruta: 988.447433546
Costo Reducido: 7.76214164676
Nodos: [105, 16, 51, 22, 57, 18, 53, 31, 66, 33, 68, 29, 64, 715]
q: [0, 9.0, -9.0, 10.0, -10.0, 10.0, -10.0, 9.0, -9.0, 5.0, -5.0, 9.0, -9.0, 0]
Q: [0, 9.0, 0.0, 10.0, 0.0, 10.0, 0.0, 9.0, 0.0, 5.0, 0.0, 9.0, 0.0, 0]
B: [0.0, 36.0, 45.624091437640004, 299.0, 320.7546861389, 334.15512273630003, 357.973358985, 406.0, 434.325479078, 456.7236405204, 498.6763055728, 549.0, 582.7797797802, 630.090723715]
