Avion: 6      Iteracion: 6

Num Ruta: 9
Ingresos: 315.477
Costos: 177.479242427
Utilidad Ruta: 137.997757573
Costo Reducido: 198.895114617
Nodos: [106, 29, 64, 716]
q: [0, 9.0, -9.0, 0]
Q: [0, 9.0, 0.0, 0]
B: [0.0, 549.0, 582.7797797802, 603.1769870644999]
