Avion: 6      Iteracion: 7

Num Ruta: 10
Ingresos: 2496.573
Costos: 596.207870219
Utilidad Ruta: 1900.36512978
Costo Reducido: 662.471529679
Nodos: [106, 9, 44, 30, 65, 14, 49, 23, 18, 53, 58, 34, 32, 67, 69, 13, 48, 25, 60, 21, 56, 27, 39, 4, 62, 716]
q: [0.0, 11.0, -11.0, 11.0, -11.0, 8.0, -8.0, 5.0, 10.0, -10.0, -5.0, 8.0, 7.0, -7.0, -8.0, 15.0, -15.0, 10.0, -10.0, 12.0, -12.0, 6.0, -3.0, 3.0, -6.0, 0.0]
Q: [0.0, 11.0, 0.0, 11.0, 0.0, 8.0, 0.0, 5.0, 15.0, 5.0, 0.0, 8.0, 15.0, 8.0, 0.0, 15.0, 0.0, 10.0, 0.0, 12.0, 0.0, 6.0, 3.0, 6.0, 0.0, 0.0]
B: [0.0, 51.9831585901, 81.51039559259999, 97.29829592799999, 116.01231858479998, 143.8082592417, 155.8299710167, 267.0, 293.0, 316.8182362487, 326.74376782137, 341.00271483717, 361.02563273147, 371.42728577317, 402.46957062787, 423.81608605777, 440.69923700777, 464.71180298897, 481.89678529907, 490.06549878407003, 530.80428946327, 543.9817376608701, 560.3325502400701, 580.75829992027, 596.84550057797, 606.5511709309101]
