Avion: 3      Iteracion: 15

Num Ruta: 18
Ingresos: 1089.301
Costos: 285.26649769
Utilidad Ruta: 804.03450231
Costo Reducido: 54.3461200133
Nodos: [103, 11, 46, 1, 36, 3, 38, 8, 19, 54, 43, 6, 41, 713]
q: [0, 6.0, -6.0, 7.0, -7.0, 13.0, -13.0, 8.0, 7.0, -7.0, -8.0, 4.0, -4.0, 0]
Q: [0, 6.0, 0.0, 7.0, 0.0, 13.0, 0.0, 8.0, 15.0, 8.0, 0.0, 4.0, 0.0, 0]
B: [0.0, 169.0, 173.05406684701, 195.72351838431, 229.96360391281002, 256.0, 261.08428175852, 414.0, 437.1608815463, 463.7879978378, 466.71611702935996, 475.90678865879, 479.59907805698, 506.98417228728]
