Avion: 7      Iteracion: 19

Num Ruta: 21
Ingresos: 1024.562
Costos: 317.543097132
Utilidad Ruta: 707.018902868
Costo Reducido: 18.9030876293
Nodos: [107, 14, 49, 3, 38, 35, 70, 33, 13, 48, 68, 29, 4, 64, 39, 717]
q: [0.0, 8.0, -8.0, 13.0, -13.0, 8.0, -8.0, 5.0, 10.0, -10.0, -5.0, 9.0, 3.0, -9.0, -3.0, 0.0]
Q: [0.0, 8.0, 0.0, 13.0, 0.0, 8.0, 0.0, 5.0, 15.0, 5.0, 0.0, 9.0, 12.0, 3.0, 0.0, 0.0]
B: [0.0, 112.0, 124.021711775, 256.0, 261.08428175852, 274.08526633661995, 286.00800532561993, 437.0, 462.372931896, 479.256082846, 484.60413314494, 549.0, 569.7100026316, 592.5834067727, 604.8024778094, 633.549945524]
