Avion: 4      Iteracion: 44

Num Ruta: 33
Ingresos: 1390.105
Costos: 496.719661163
Utilidad Ruta: 893.385338837
Costo Reducido: 64.4514423127
Nodos: [104, 16, 51, 9, 44, 30, 65, 35, 70, 22, 57, 18, 53, 28, 13, 63, 48, 714]
q: [0.0, 9.0, -9.0, 11.0, -11.0, 11.0, -11.0, 8.0, -8.0, 10.0, -10.0, 10.0, -10.0, 6.0, 9.0, -6.0, -9.0, 0.0]
Q: [0.0, 9.0, 0.0, 11.0, 0.0, 11.0, 0.0, 8.0, 0.0, 10.0, 0.0, 10.0, 0.0, 6.0, 15.0, 9.0, 0.0, 0.0]
B: [0.0, 37.6306202048, 47.25471164244, 77.31156779874, 106.83880480124, 122.62670513664, 141.34072779344, 270.0, 281.922738989, 299.64604976889996, 321.40073590779997, 334.8011725052, 358.61940875389996, 378.0, 423.0, 455.9533692966, 478.9917993212, 490.671100028]
