Avion: 4      Iteracion: 68

Num Ruta: 51
Ingresos: 2006.143
Costos: 402.436733371
Utilidad Ruta: 1603.70626663
Costo Reducido: 72.5271037061
Nodos: [104, 17, 52, 3, 38, 23, 35, 70, 58, 31, 19, 66, 33, 54, 68, 29, 64, 714]
q: [0.0, 0.0, 0.0, 13.0, -13.0, 10.0, 5.0, -5.0, -10.0, 9.0, 6.0, -9.0, 5.0, -6.0, -5.0, 9.0, -9.0, 0.0]
Q: [0.0, 0.0, 0.0, 13.0, 0.0, 10.0, 15.0, 10.0, 0.0, 9.0, 15.0, 6.0, 11.0, 5.0, 0.0, 9.0, 0.0, 0.0]
B: [0.0, 24.0, 58.8425537813, 256.0, 261.08428175852, 267.0, 277.4634044651, 289.38614345409997, 313.15284696969997, 406.0, 427.4250045741, 443.5262214225, 465.9243828649, 487.4727766333, 509.3782214587, 549.0, 582.7797797802, 609.550209829]
