Avion: 6      Iteracion: 73

Num Ruta: 58
Ingresos: 3487.392
Costos: 503.324264802
Utilidad Ruta: 2984.0677352
Costo Reducido: 32.7033451464
Nodos: [106, 17, 52, 24, 59, 1, 36, 23, 35, 70, 34, 58, 22, 69, 57, 19, 8, 33, 54, 43, 6, 41, 5, 40, 68, 21, 56, 716]
q: [0.0, 5.0, -5.0, 11.0, -11.0, 7.0, -7.0, 7.0, 8.0, -8.0, 8.0, -7.0, 7.0, -8.0, -7.0, 7.0, 3.0, 5.0, -7.0, -3.0, 4.0, -4.0, 0.0, 0.0, -5.0, 12.0, -12.0, 0.0]
Q: [0.0, 5.0, 0.0, 11.0, 0.0, 7.0, 0.0, 7.0, 15.0, 7.0, 15.0, 8.0, 15.0, 7.0, 0.0, 7.0, 10.0, 15.0, 8.0, 5.0, 9.0, 5.0, 5.0, 5.0, 0.0, 12.0, 0.0, 0.0]
B: [0.0, 24.0, 58.8425537813, 75.400837086, 113.9137873885, 175.0, 209.2400855285, 267.0, 277.4634044651, 289.38614345409997, 322.0, 336.2589470158, 352.0153710073, 366.5845376616, 377.17478798909997, 402.0, 425.1608815463, 438.92553635490003, 460.4739301233, 463.40204931486, 472.59272094429, 476.28501034248, 494.67387055728, 495.79555946246, 524.80793408086, 535.6874114580601, 576.42620213726, 603.1380918682601]
