Avion: 5      Iteracion: 8

Num Ruta: 10
Ingresos: 675.822
Costos: 381.317709823
Utilidad Ruta: 294.504290177
Costo Reducido: 150.904644149
Nodos: [105, 35, 70, 32, 67, 34, 28, 69, 63, 715]
q: [0, 8.0, -8.0, 11.0, -11.0, 8.0, 6.0, -8.0, -6.0, 0]
Q: [0, 8.0, 0.0, 11.0, 0.0, 8.0, 14.0, 6.0, 0.0, 0]
B: [0.0, 270.0, 281.922738989, 309.0, 319.4016530417, 346.1750898215, 378.0, 412.6152135628, 444.56576931700005, 481.80239121000005]
