Avion: 6      Iteracion: 90

Num Ruta: 73
Ingresos: 2038.163
Costos: 401.20982272
Utilidad Ruta: 1636.95317728
Costo Reducido: 16.2759965052
Nodos: [106, 30, 16, 51, 65, 35, 70, 18, 53, 22, 57, 8, 33, 43, 13, 48, 68, 21, 5, 40, 56, 716]
q: [0.0, 6.0, 9.0, -9.0, -6.0, 8.0, -8.0, 10.0, -10.0, 10.0, -10.0, 8.0, 5.0, -8.0, 10.0, -10.0, -5.0, 12.0, 3.0, -3.0, -12.0, 0.0]
Q: [0.0, 6.0, 15.0, 6.0, 0.0, 8.0, 0.0, 10.0, 0.0, 10.0, 0.0, 8.0, 13.0, 5.0, 15.0, 5.0, 0.0, 12.0, 15.0, 12.0, 0.0, 0.0]
B: [0.0, 64.0, 72.20259129788, 81.82668273552001, 84.69783929691, 270.0, 281.922738989, 302.3408921131, 326.15912836179996, 341.64197577429996, 363.3966619132, 414.0, 437.0, 460.2743670161, 462.48504315700995, 479.36819410700997, 484.71624440594996, 495.59572178314994, 524.2138450095499, 525.3355339147299, 548.0781825951299, 574.7900723261299]
