Avion: 6      Iteracion: 39

Num Ruta: 34
Ingresos: 759.306
Costos: 250.057968874
Utilidad Ruta: 509.248031126
Costo Reducido: 12.6354077746
Nodos: [106, 30, 65, 32, 67, 8, 33, 43, 68, 5, 40, 716]
q: [0, 11.0, -11.0, 11.0, -11.0, 8.0, 5.0, -8.0, -5.0, 9.0, -9.0, 0]
Q: [0, 11.0, 0.0, 11.0, 0.0, 8.0, 13.0, 5.0, 0.0, 9.0, 0.0, 0]
B: [0.0, 64.0, 82.7140226568, 309.0, 319.4016530417, 414.0, 437.0, 460.2743670161, 482.23124805599997, 511.202665643, 512.3243545481799, 519.0477086218499]
