Avion: 4      Iteracion: 11

Num Ruta: 14
Ingresos: 2603.178
Costos: 538.456325146
Utilidad Ruta: 2064.72167485
Costo Reducido: 284.738054543
Nodos: [104, 17, 52, 24, 9, 44, 59, 10, 45, 1, 36, 32, 67, 26, 61, 34, 28, 69, 63, 25, 60, 29, 64, 714]
q: [0.0, 5.0, -5.0, 4.0, 11.0, -11.0, -4.0, 12.0, -12.0, 7.0, -7.0, 11.0, -11.0, 10.0, -10.0, 8.0, 6.0, -8.0, -6.0, 10.0, -10.0, 9.0, -9.0, 0.0]
Q: [0.0, 5.0, 0.0, 4.0, 15.0, 4.0, 0.0, 12.0, 0.0, 7.0, 0.0, 11.0, 0.0, 10.0, 0.0, 8.0, 14.0, 6.0, 0.0, 10.0, 0.0, 9.0, 0.0, 0.0]
B: [0.0, 24.0, 58.8425537813, 75.400837086, 81.83771412381999, 111.36495112632, 136.42051454042, 148.20644522071998, 177.72595595511999, 216.14529712592, 250.38538265442, 309.0, 319.4016530417, 332.1221722921, 349.7014002615, 364.6146463535, 380.64753417820003, 415.26274774100006, 447.2133034952001, 450.5466821115601, 467.73166442166007, 549.0, 582.7797797802, 609.550209829]
