Avion: 7      Iteracion: 0

Num Ruta: 2
Ingresos: 3202.892
Costos: 564.96547989
Utilidad Ruta: 2637.92652011
Costo Reducido: -
Nodos: [107, 17, 52, 24, 59, 14, 49, 11, 46, 1, 36, 3, 38, 23, 18, 53, 58, 22, 57, 19, 8, 54, 43, 31, 66, 717]
q: [0.0, 5.0, -5.0, 11.0, -11.0, 8.0, -8.0, 6.0, -6.0, 7.0, -7.0, 13.0, -13.0, 10.0, 5.0, -5.0, -10.0, 10.0, -10.0, 7.0, 8.0, -7.0, -8.0, 9.0, -9.0, 0.0]
Q: [0.0, 5.0, 0.0, 11.0, 0.0, 8.0, 0.0, 6.0, 0.0, 7.0, 0.0, 13.0, 0.0, 10.0, 15.0, 10.0, 0.0, 10.0, 0.0, 7.0, 15.0, 8.0, 0.0, 9.0, 0.0, 0.0]
B: [0.0, 45.942580685, 80.78513446630001, 97.343417771, 135.8563680735, 164.5027373722, 176.5244491472, 205.97287825639998, 210.02694510341, 232.69639664071, 266.93648216920997, 274.03303407840997, 279.11731583692995, 282.47980316032994, 302.65875330642996, 326.47698955512993, 336.40252112779996, 352.1589451193, 373.9136312582, 402.0, 425.1608815463, 443.1178409771, 446.04596016866, 463.15858150495995, 491.48406058295996, 495.11878258057993]
