Avion: 5      Iteracion: 10

Num Ruta: 11
Ingresos: 1487.846
Costos: 438.934322014
Utilidad Ruta: 1048.91167799
Costo Reducido: 108.276980795
Nodos: [105, 9, 44, 30, 16, 51, 65, 14, 49, 23, 18, 53, 58, 28, 63, 25, 60, 715]
q: [0.0, 11.0, -11.0, 11.0, 4.0, -4.0, -11.0, 8.0, -8.0, 10.0, 5.0, -5.0, -10.0, 0.0, 0.0, 10.0, -10.0, 0.0]
Q: [0.0, 11.0, 0.0, 11.0, 15.0, 11.0, 0.0, 8.0, 0.0, 10.0, 15.0, 10.0, 0.0, 0.0, 0.0, 10.0, 0.0, 0.0]
B: [0.0, 31.4915482312, 61.0187852337, 76.8066855691, 85.00927686698, 94.63336830462, 97.50452486601, 125.30046552291, 137.32217729791, 267.0, 293.0, 316.8182362487, 326.74376782137, 378.0, 414.0266187839, 417.35999740026, 434.54497971036, 471.68788700096]
