Avion: 4      Iteracion: 58

Num Ruta: 42
Ingresos: 1865.027
Costos: 394.42428433
Utilidad Ruta: 1470.60271567
Costo Reducido: 31.3036673905
Nodos: [104, 17, 52, 30, 16, 51, 65, 10, 45, 32, 67, 26, 61, 31, 66, 25, 60, 29, 64, 714]
q: [0.0, 5.0, -5.0, 6.0, 9.0, -9.0, -6.0, 12.0, -12.0, 11.0, -11.0, 10.0, -10.0, 9.0, -9.0, 10.0, -10.0, 9.0, -9.0, 0.0]
Q: [0.0, 5.0, 0.0, 6.0, 15.0, 6.0, 0.0, 12.0, 0.0, 11.0, 0.0, 10.0, 0.0, 9.0, 0.0, 10.0, 0.0, 9.0, 0.0, 0.0]
B: [0.0, 24.0, 58.8425537813, 64.0, 72.20259129788, 81.82668273552001, 84.69783929691, 103.39088958301001, 132.91040031741, 309.0, 319.4016530417, 332.1221722921, 349.7014002615, 406.0, 434.325479078, 459.752616235, 476.9375985451, 549.0, 582.7797797802, 609.550209829]
