Avion: 3      Iteracion: 53

Num Ruta: 47
Ingresos: 1292.928
Costos: 347.767772906
Utilidad Ruta: 945.160227094
Costo Reducido: 36.6638570021
Nodos: [103, 11, 46, 35, 70, 32, 67, 26, 34, 61, 69, 19, 33, 54, 13, 48, 68, 713]
q: [0.0, 6.0, -6.0, 8.0, -8.0, 11.0, -11.0, 7.0, 8.0, -7.0, -8.0, 7.0, 5.0, -7.0, 10.0, -10.0, -5.0, 0.0]
Q: [0.0, 6.0, 0.0, 8.0, 0.0, 11.0, 0.0, 7.0, 15.0, 8.0, 0.0, 7.0, 12.0, 5.0, 15.0, 5.0, 0.0, 0.0]
B: [0.0, 169.0, 173.05406684701, 270.0, 281.922738989, 309.0, 319.4016530417, 332.1221722921, 348.0493993263, 362.9626454183, 387.9493993691, 408.4892156292, 445.0827759916, 466.63116976, 470.85878906642, 487.74194001642, 493.08999031536, 496.78486582071]
