Avion: 6      Iteracion: 91

Num Ruta: 74
Ingresos: 1209.98
Costos: 351.273466424
Utilidad Ruta: 858.706533576
Costo Reducido: 31.8033985018
Nodos: [106, 16, 51, 9, 44, 14, 49, 35, 70, 33, 8, 5, 40, 43, 68, 29, 64, 716]
q: [0.0, 9.0, -9.0, 11.0, -11.0, 8.0, -8.0, 8.0, -8.0, 5.0, 8.0, 2.0, -2.0, -8.0, -5.0, 9.0, -9.0, 0.0]
Q: [0.0, 9.0, 0.0, 11.0, 0.0, 8.0, 0.0, 8.0, 0.0, 5.0, 13.0, 15.0, 13.0, 5.0, 0.0, 9.0, 0.0, 0.0]
B: [0.0, 36.0, 45.624091437640004, 75.68094759394, 105.20818459644, 115.46499131194001, 127.48670308694001, 270.0, 281.922738989, 437.0, 450.76465480859997, 469.0, 470.12168890518, 480.59966590458, 502.55654694448, 549.0, 582.7797797802, 603.1769870644999]
