Avion: 5      Iteracion: 31

Num Ruta: 32
Ingresos: 696.404
Costos: 362.129082672
Utilidad Ruta: 334.274917328
Costo Reducido: 12.4375983773
Nodos: [105, 30, 65, 35, 70, 4, 29, 64, 39, 715]
q: [0, 11.0, -11.0, 8.0, -8.0, 3.0, 9.0, -9.0, -3.0, 0]
Q: [0, 11.0, 0.0, 8.0, 0.0, 3.0, 12.0, 3.0, 0.0, 0]
B: [0.0, 64.0, 82.7140226568, 270.0, 281.922738989, 529.0, 549.7100026316, 583.4897824118, 595.7088534485, 633.4229447805]
