Avion: 3      Iteracion: 36

Num Ruta: 36
Ingresos: 1859.816
Costos: 415.034526719
Utilidad Ruta: 1444.78147328
Costo Reducido: 29.9901517521
Nodos: [103, 30, 16, 51, 65, 3, 38, 23, 58, 32, 67, 34, 69, 8, 33, 43, 68, 713]
q: [0.0, 11.0, 4.0, -4.0, -11.0, 13.0, -13.0, 10.0, -10.0, 11.0, -11.0, 8.0, -8.0, 8.0, 5.0, -8.0, -5.0, 0.0]
Q: [0.0, 11.0, 15.0, 11.0, 0.0, 13.0, 0.0, 10.0, 0.0, 11.0, 0.0, 8.0, 0.0, 8.0, 13.0, 5.0, 0.0, 0.0]
B: [0.0, 64.0, 72.20259129788, 81.82668273552001, 84.69783929691, 256.0, 261.08428175852, 267.0, 306.733842905, 329.2181487426, 339.6198017843, 366.39323856410005, 402.83336877790003, 414.0, 437.0, 460.2743670161, 482.23124805599997, 485.92612356135]
