Avion: 5      Iteracion: 76

Num Ruta: 62
Ingresos: 1747.667
Costos: 520.894844852
Utilidad Ruta: 1226.77215515
Costo Reducido: 88.8806316986
Nodos: [105, 16, 51, 35, 70, 22, 57, 18, 53, 31, 66, 8, 33, 43, 6, 41, 68, 29, 4, 27, 64, 39, 62, 715]
q: [0.0, 9.0, -9.0, 8.0, -8.0, 10.0, -10.0, 0.0, 0.0, 9.0, -9.0, 8.0, 5.0, -8.0, 4.0, -4.0, -5.0, 6.0, 3.0, 6.0, -6.0, -3.0, -6.0, 0.0]
Q: [0.0, 9.0, 0.0, 8.0, 0.0, 10.0, 0.0, 0.0, 0.0, 9.0, 0.0, 8.0, 13.0, 5.0, 9.0, 5.0, 0.0, 6.0, 9.0, 15.0, 9.0, 6.0, 0.0, 0.0]
B: [0.0, 36.0, 45.624091437640004, 270.0, 281.922738989, 299.64604976889996, 321.40073590779997, 334.8011725052, 358.61940875389996, 406.0, 434.325479078, 443.10832519984, 456.87298000844, 480.14734702453995, 489.3380186539699, 493.0303080521599, 524.1081688697599, 549.0, 569.7100026316, 587.3247771689, 595.54120516408, 607.76027620078, 613.1755347357, 645.8304597854]
