Avion: 5      Iteracion: 54

Num Ruta: 47
Ingresos: 2018.57
Costos: 534.77737261
Utilidad Ruta: 1483.79262739
Costo Reducido: 86.6162512741
Nodos: [105, 9, 44, 30, 65, 32, 67, 26, 61, 31, 66, 33, 68, 21, 15, 50, 4, 56, 39, 715]
q: [0, 11.0, -11.0, 11.0, -11.0, 11.0, -11.0, 10.0, -10.0, 9.0, -9.0, 5.0, -5.0, 12.0, 0.0, -0.0, 3.0, -12.0, -3.0, 0]
Q: [0, 11.0, 0.0, 11.0, 0.0, 11.0, 0.0, 10.0, 0.0, 9.0, 0.0, 5.0, 0.0, 12.0, 12.0, 12.0, 15.0, 3.0, 0.0, 0]
B: [0.0, 31.4915482312, 61.0187852337, 76.8066855691, 95.5207082259, 309.0, 319.4016530417, 332.1221722921, 349.7014002615, 406.0, 434.325479078, 456.7236405204, 498.6763055728, 509.55578295, 515.22801646071, 531.64918307581, 537.2238623491, 566.3936597601, 583.1966041747, 620.9106955067]
