Avion: 7      Iteracion: 50

Num Ruta: 45
Ingresos: 1768.534
Costos: 380.383322021
Utilidad Ruta: 1388.15067798
Costo Reducido: 58.3608442931
Nodos: [107, 9, 44, 14, 49, 3, 38, 23, 35, 70, 34, 58, 22, 57, 69, 25, 19, 60, 54, 717]
q: [0.0, 11.0, -11.0, 0.0, 0.0, 0.0, 0.0, 7.0, 8.0, -8.0, 8.0, -7.0, 7.0, -7.0, -8.0, 8.0, 7.0, -8.0, -7.0, 0.0]
Q: [0.0, 11.0, 0.0, 0.0, 0.0, 0.0, 0.0, 7.0, 15.0, 7.0, 15.0, 8.0, 15.0, 8.0, 0.0, 8.0, 15.0, 7.0, 0.0, 0.0]
B: [0.0, 46.0648734938, 75.5921104963, 112.0, 124.021711775, 256.0, 261.08428175852, 267.0, 277.4634044651, 289.38614345409997, 322.0, 336.2589470158, 352.0153710073, 373.77005714620003, 384.3603074737, 413.679141898, 423.0711491382, 439.74404081899996, 456.53089725489997, 482.0150610042]
