Avion: 1      Iteracion: 49

Num Ruta: 36
Ingresos: 1380.337
Costos: 354.68774192
Utilidad Ruta: 1025.64925808
Costo Reducido: 59.0688365193
Nodos: [101, 30, 65, 24, 59, 1, 36, 35, 70, 32, 67, 34, 69, 8, 43, 711]
q: [0, 11.0, -11.0, 11.0, -11.0, 7.0, -7.0, 8.0, -8.0, 11.0, -11.0, 8.0, -8.0, 8.0, -8.0, 0]
Q: [0, 11.0, 0.0, 11.0, 0.0, 7.0, 0.0, 8.0, 0.0, 11.0, 0.0, 8.0, 0.0, 8.0, 0.0, 0]
B: [0.0, 64.0, 82.7140226568, 107.4479935471, 145.9609438496, 175.0, 209.2400855285, 270.0, 281.922738989, 309.0, 319.4016530417, 346.1750898215, 382.6152200353, 414.0, 434.768396616, 440.47752789843]
