Avion: 3      Iteracion: 13

Num Ruta: 16
Ingresos: 2010.428
Costos: 364.142786103
Utilidad Ruta: 1646.2852139
Costo Reducido: 281.162708594
Nodos: [103, 11, 46, 3, 38, 23, 35, 70, 58, 28, 31, 63, 19, 66, 54, 6, 41, 27, 4, 39, 62, 713]
q: [0.0, 0.0, 0.0, 13.0, -13.0, 10.0, 5.0, -5.0, -10.0, 6.0, 8.0, -6.0, 7.0, -8.0, -7.0, 4.0, -4.0, 6.0, 3.0, -3.0, -6.0, 0.0]
Q: [0.0, 0.0, 0.0, 13.0, 0.0, 10.0, 15.0, 10.0, 0.0, 6.0, 14.0, 8.0, 15.0, 7.0, 0.0, 4.0, 0.0, 6.0, 9.0, 6.0, 0.0, 0.0]
B: [0.0, 169.0, 173.05406684701, 256.0, 261.08428175852, 267.0, 277.4634044651, 289.38614345409997, 313.15284696969997, 378.0, 406.0, 426.4968799577, 439.0326732314, 455.1338900798, 477.5520543668, 489.3430733643, 493.03536276248997, 538.0, 555.6147745373, 576.0405242175, 581.45578275242, 609.72650302972]
