Avion: 6      Iteracion: 51

Num Ruta: 41
Ingresos: 1383.026
Costos: 330.740580318
Utilidad Ruta: 1052.28541968
Costo Reducido: 100.155031436
Nodos: [106, 10, 45, 3, 38, 35, 70, 32, 67, 26, 34, 61, 69, 19, 25, 60, 54, 6, 41, 5, 40, 716]
q: [0.0, 12.0, -12.0, 13.0, -13.0, 8.0, -8.0, 11.0, -11.0, 7.0, 8.0, -7.0, -8.0, 7.0, 8.0, -8.0, -7.0, 4.0, -4.0, 9.0, -9.0, 0.0]
Q: [0.0, 12.0, 0.0, 13.0, 0.0, 8.0, 0.0, 11.0, 0.0, 7.0, 15.0, 8.0, 0.0, 7.0, 15.0, 7.0, 0.0, 4.0, 0.0, 9.0, 0.0, 0.0]
B: [0.0, 96.0, 125.5195107344, 256.0, 261.08428175852, 274.08526633661995, 286.00800532561993, 309.0, 319.4016530417, 332.1221722921, 348.0493993263, 362.9626454183, 387.9493993691, 408.4892156292, 417.88122286939995, 435.06620517949995, 451.85306161539995, 463.6440806128999, 467.3363700110899, 485.7252302258899, 486.8469191310699, 493.5702732047399]
