Avion: 7      Iteracion: 0

Num Ruta: 1
Ingresos: 1101.625
Costos: 319.197275048
Utilidad Ruta: 782.427724952
Costo Reducido: -
Nodos: [107, 14, 49, 18, 53, 22, 57, 8, 43, 31, 66, 717]
q: [0, 8.0, -8.0, 10.0, -10.0, 10.0, -10.0, 8.0, -8.0, 9.0, -9.0, 0]
Q: [0, 8.0, 0.0, 10.0, 0.0, 10.0, 0.0, 8.0, 0.0, 9.0, 0.0, 0]
B: [0.0, 112.0, 124.021711775, 293.0, 316.8182362487, 332.3010836612, 354.0557698001, 414.0, 434.768396616, 451.8810179523, 480.2064970303, 483.84121902792]
