Avion: 5      Iteracion: 84

Num Ruta: 69
Ingresos: 3035.051
Costos: 617.206523518
Utilidad Ruta: 2417.84447648
Costo Reducido: 45.535022851
Nodos: [105, 30, 65, 24, 59, 11, 46, 35, 70, 3, 38, 23, 18, 53, 58, 31, 19, 66, 8, 33, 54, 43, 68, 21, 15, 50, 56, 715]
q: [0.0, 11.0, -11.0, 11.0, -11.0, 6.0, -6.0, 8.0, -8.0, 13.0, -13.0, 10.0, 5.0, -5.0, -10.0, 9.0, 6.0, -9.0, 4.0, 5.0, -6.0, -4.0, -5.0, 12.0, 0.0, 0.0, -12.0, 0.0]
Q: [0.0, 11.0, 0.0, 11.0, 0.0, 6.0, 0.0, 8.0, 0.0, 13.0, 0.0, 10.0, 15.0, 10.0, 0.0, 9.0, 15.0, 6.0, 10.0, 15.0, 9.0, 5.0, 0.0, 12.0, 12.0, 12.0, 0.0, 0.0]
B: [0.0, 64.0, 82.7140226568, 107.4479935471, 145.9609438496, 169.0, 173.05406684701, 270.0, 281.922738989, 301.6759641434, 306.76024590192, 310.12273322531996, 330.30168337142, 354.11991962011996, 364.04545119279, 406.0, 427.4250045741, 443.5262214225, 452.30906754434, 466.07372235293997, 487.62211612133996, 490.55023531289993, 512.5071163527999, 523.38659373, 529.05882724071, 545.47999385581, 575.9294419625099, 629.2611863930099]
