Avion: 6      Iteracion: 88

Num Ruta: 71
Ingresos: 1098.522
Costos: 235.395821932
Utilidad Ruta: 863.126178068
Costo Reducido: 51.0026067361
Nodos: [106, 34, 22, 57, 69, 8, 33, 43, 13, 48, 68, 5, 40, 716]
q: [0.0, 8.0, 7.0, -7.0, -8.0, 8.0, 5.0, -8.0, 10.0, -10.0, -5.0, 0.0, 0.0, 0.0]
Q: [0.0, 8.0, 15.0, 8.0, 0.0, 8.0, 13.0, 5.0, 15.0, 5.0, 0.0, 0.0, 0.0, 0.0]
B: [0.0, 322.0, 350.0636833826, 371.8183695215, 382.408619849, 414.0, 437.0, 460.2743670161, 462.48504315700995, 479.36819410700997, 484.71624440594996, 513.68766199295, 514.80935089813, 521.5327049718]
