Avion: 4      Iteracion: 15

Num Ruta: 18
Ingresos: 780.82
Costos: 416.457395571
Utilidad Ruta: 364.362604429
Costo Reducido: 59.8953749733
Nodos: [104, 24, 9, 44, 59, 14, 49, 3, 38, 19, 54, 6, 41, 714]
q: [0.0, 4.0, 11.0, -11.0, -4.0, 8.0, -8.0, 13.0, -13.0, 7.0, -7.0, 4.0, -4.0, 0.0]
Q: [0.0, 4.0, 15.0, 4.0, 0.0, 8.0, 0.0, 13.0, 0.0, 7.0, 0.0, 4.0, 0.0, 0.0]
B: [0.0, 61.0, 67.43687703782, 96.96411404032, 122.01967745441999, 150.66604675311999, 162.68775852811999, 256.0, 261.08428175852, 402.0, 428.6271162915, 440.41813528899996, 444.11042468718995, 470.49380081689]
