Avion: 1      Iteracion: 22

Num Ruta: 20
Ingresos: 597.619
Costos: 290.516791729
Utilidad Ruta: 307.102208271
Costo Reducido: 90.3357044302
Nodos: [101, 31, 66, 19, 54, 711]
q: [0, 9.0, -9.0, 7.0, -7.0, 0]
Q: [0, 9.0, 0.0, 7.0, 0.0, 0]
B: [0.0, 406.0, 434.325479078, 450.4266959264, 477.0538122179, 481.79933916439995]
