Avion: 5      Iteracion: 77

Num Ruta: 63
Ingresos: 1448.541
Costos: 480.616341246
Utilidad Ruta: 967.924658754
Costo Reducido: 4.85708094966
Nodos: [105, 17, 52, 16, 51, 10, 45, 32, 67, 34, 8, 69, 43, 31, 66, 715]
q: [0.0, 5.0, -5.0, 9.0, -9.0, 12.0, -12.0, 11.0, -11.0, 8.0, 7.0, -8.0, -7.0, 9.0, -9.0, 0.0]
Q: [0.0, 5.0, 0.0, 9.0, 0.0, 12.0, 0.0, 11.0, 0.0, 8.0, 15.0, 7.0, 0.0, 9.0, 0.0, 0.0]
B: [0.0, 35.8094227823, 70.65197656359999, 75.98361589873998, 85.60770733637999, 101.43698454668, 130.95649528107998, 309.0, 319.4016530417, 346.1750898215, 414.0, 416.64617497532, 436.87392818722, 453.98654952351995, 482.31202860151996, 496.06477236411996]
