Avion: 3      Iteracion: 49

Num Ruta: 46
Ingresos: 2511.21
Costos: 356.392656894
Utilidad Ruta: 2154.81734311
Costo Reducido: 74.0825536868
Nodos: [103, 11, 46, 23, 35, 70, 32, 67, 26, 61, 58, 31, 19, 66, 8, 54, 43, 13, 48, 21, 56, 27, 62, 713]
q: [0.0, 6.0, -6.0, 5.0, 8.0, -8.0, 10.0, -10.0, 10.0, -10.0, -5.0, 8.0, 7.0, -8.0, 8.0, -7.0, -8.0, 15.0, -15.0, 12.0, -12.0, 6.0, -6.0, 0.0]
Q: [0.0, 6.0, 0.0, 5.0, 13.0, 5.0, 15.0, 5.0, 15.0, 5.0, 0.0, 8.0, 15.0, 7.0, 15.0, 8.0, 0.0, 15.0, 0.0, 12.0, 0.0, 6.0, 0.0, 0.0]
B: [0.0, 169.0, 173.05406684701, 267.0, 277.4634044651, 289.38614345409997, 309.0, 319.4016530417, 332.1221722921, 349.7014002615, 352.76847264408, 406.0, 427.4250045741, 443.5262214225, 452.30906754434, 470.26602697514, 473.19414616669997, 475.40482230760995, 492.28797325760996, 507.79936964860997, 548.5381603278099, 561.71560852541, 578.7464708935099, 607.01719117081]
