Avion: 7      Iteracion: 31

Num Ruta: 31
Ingresos: 1346.36
Costos: 203.982145905
Utilidad Ruta: 1142.3778541
Costo Reducido: 58.0627142218
Nodos: [107, 30, 16, 51, 65, 14, 49, 3, 38, 23, 58, 22, 57, 717]
q: [0.0, 11.0, 0.0, 0.0, -11.0, 8.0, -8.0, 0.0, 0.0, 10.0, -10.0, 10.0, -10.0, 0.0]
Q: [0.0, 11.0, 11.0, 11.0, 0.0, 8.0, 0.0, 0.0, 0.0, 10.0, 0.0, 10.0, 0.0, 0.0]
B: [0.0, 64.0, 72.20259129788, 81.82668273552001, 84.69783929691, 112.49377995381, 124.51549172881, 256.0, 261.08428175852, 267.0, 306.733842905, 322.49026689650003, 344.24495303540004, 346.21174178867005]
