Avion: 1      Iteracion: 25

Num Ruta: 22
Ingresos: 1176.124
Costos: 354.033311636
Utilidad Ruta: 822.090688364
Costo Reducido: 144.122646924
Nodos: [101, 30, 65, 24, 59, 1, 36, 35, 70, 32, 67, 34, 8, 69, 43, 711]
q: [0.0, 0.0, 0.0, 11.0, -11.0, 7.0, -7.0, 8.0, -8.0, 11.0, -11.0, 8.0, 7.0, -8.0, -7.0, 0.0]
Q: [0.0, 0.0, 0.0, 11.0, 0.0, 7.0, 0.0, 8.0, 0.0, 11.0, 0.0, 8.0, 15.0, 7.0, 0.0, 0.0]
B: [0.0, 64.0, 82.7140226568, 107.4479935471, 145.9609438496, 175.0, 209.2400855285, 270.0, 281.922738989, 309.0, 319.4016530417, 346.1750898215, 414.0, 416.64617497532, 436.87392818722, 442.58305946965]
