Avion: 6      Iteracion: 54

Num Ruta: 44
Ingresos: 2073.275
Costos: 374.355369848
Utilidad Ruta: 1698.91963015
Costo Reducido: 120.010129737
Nodos: [106, 17, 52, 24, 9, 44, 59, 10, 45, 32, 67, 26, 61, 28, 31, 63, 19, 66, 54, 6, 41, 5, 40, 716]
q: [0.0, 5.0, -5.0, 4.0, 11.0, -11.0, -4.0, 12.0, -12.0, 11.0, -11.0, 10.0, -10.0, 6.0, 9.0, -6.0, 6.0, -9.0, -6.0, 4.0, -4.0, 9.0, -9.0, 0.0]
Q: [0.0, 5.0, 0.0, 4.0, 15.0, 4.0, 0.0, 12.0, 0.0, 11.0, 0.0, 10.0, 0.0, 6.0, 15.0, 9.0, 15.0, 6.0, 0.0, 4.0, 0.0, 9.0, 0.0, 0.0]
B: [0.0, 24.0, 58.8425537813, 75.400837086, 81.83771412381999, 111.36495112632, 136.42051454042, 148.20644522071998, 177.72595595511999, 309.0, 319.4016530417, 332.1221722921, 349.7014002615, 378.0, 406.0, 426.4968799577, 439.0326732314, 455.1338900798, 477.5520543668, 489.3430733643, 493.03536276248997, 511.42422297728996, 512.5459118824699, 519.2692659561399]
