Avion: 1      Iteracion: 90

Num Ruta: 50
Ingresos: 1001.917
Costos: 324.533975425
Utilidad Ruta: 677.383024575
Costo Reducido: 15.9991425477
Nodos: [101, 30, 65, 16, 51, 18, 53, 19, 8, 54, 43, 711]
q: [0, 11.0, -11.0, 9.0, -9.0, 10.0, -10.0, 7.0, 8.0, -7.0, -8.0, 0]
Q: [0, 11.0, 0.0, 9.0, 0.0, 10.0, 0.0, 7.0, 15.0, 8.0, 0.0, 0]
B: [0.0, 64.0, 82.7140226568, 93.53069441849999, 103.15478585614, 293.0, 316.8182362487, 402.0, 425.1608815463, 443.1178409771, 446.04596016866, 451.75509145109]
