Avion: 5      Iteracion: 0

Num Ruta: 2
Ingresos: 2320.155
Costos: 647.738823724
Utilidad Ruta: 1672.41617628
Costo Reducido: -
Nodos: [105, 17, 52, 30, 16, 51, 65, 24, 59, 1, 11, 46, 36, 3, 38, 35, 70, 32, 67, 26, 61, 34, 69, 13, 28, 48, 63, 715]
q: [0.0, 5.0, -5.0, 11.0, 4.0, -4.0, -11.0, 11.0, -11.0, 7.0, 6.0, -6.0, -7.0, 13.0, -13.0, 8.0, -8.0, 11.0, -11.0, 10.0, -10.0, 8.0, -8.0, 9.0, 6.0, -9.0, -6.0, 0.0]
Q: [0.0, 5.0, 0.0, 11.0, 15.0, 11.0, 0.0, 11.0, 0.0, 7.0, 13.0, 7.0, 0.0, 13.0, 0.0, 8.0, 0.0, 11.0, 0.0, 10.0, 0.0, 8.0, 0.0, 9.0, 15.0, 6.0, 0.0, 0.0]
B: [0.0, 35.8094227823, 70.65197656359999, 73.79643104728999, 81.99902234516999, 91.62311378281, 94.49427034419999, 119.22824123449999, 157.741191537, 175.0, 193.6808285951, 197.73489544211, 232.05062478011, 256.0, 261.08428175852, 274.08526633661995, 286.00800532561993, 309.0, 319.4016530417, 332.1221722921, 349.7014002615, 364.6146463535, 401.0547765673, 423.0, 436.7962173439, 450.1536367429, 473.1920667675, 510.42868866050003]
