Avion: 5      Iteracion: 73

Num Ruta: 59
Ingresos: 1477.445
Costos: 365.816631935
Utilidad Ruta: 1111.62836807
Costo Reducido: 7.50123516801
Nodos: [105, 11, 46, 1, 36, 23, 35, 70, 34, 58, 22, 69, 57, 715]
q: [0.0, 6.0, -6.0, 7.0, -7.0, 7.0, 8.0, -8.0, 8.0, -7.0, 7.0, -8.0, -7.0, 0.0]
Q: [0.0, 6.0, 0.0, 7.0, 0.0, 7.0, 15.0, 7.0, 15.0, 8.0, 15.0, 7.0, 0.0, 0.0]
B: [0.0, 169.0, 173.05406684701, 195.72351838431, 229.96360391281002, 267.0, 277.4634044651, 289.38614345409997, 322.0, 336.2589470158, 352.0153710073, 366.5845376616, 377.17478798909997, 386.32791690767]
