Avion: 2      Iteracion: 65

Num Ruta: 47
Ingresos: 2302.768
Costos: 461.947937101
Utilidad Ruta: 1840.8200629
Costo Reducido: 168.466983932
Nodos: [102, 16, 51, 1, 36, 3, 38, 23, 35, 70, 26, 61, 58, 13, 48, 31, 66, 20, 4, 39, 55, 2, 37, 712]
q: [0.0, 9.0, -9.0, 7.0, -7.0, 13.0, -13.0, 7.0, 8.0, -8.0, 8.0, -8.0, -7.0, 0.0, 0.0, 9.0, -9.0, 0.0, 3.0, -3.0, 0.0, 10.0, -10.0, 0.0]
Q: [0.0, 9.0, 0.0, 7.0, 0.0, 13.0, 0.0, 7.0, 15.0, 7.0, 15.0, 7.0, 0.0, 0.0, 0.0, 9.0, 0.0, 0.0, 3.0, 0.0, 0.0, 10.0, 0.0, 0.0]
B: [0.0, 36.0, 45.624091437640004, 175.0, 209.2400855285, 256.0, 261.08428175852, 267.0, 277.4634044651, 289.38614345409997, 303.7370056233, 321.3162335927, 324.38330597528, 423.0, 439.88315095, 444.3406643824, 472.6661434604, 496.0, 529.0, 549.4257496801999, 561.2869729308, 568.6172701962599, 609.35223224366, 613.46797871301]
