Avion: 4      Iteracion: 36

Num Ruta: 30
Ingresos: 1244.991
Costos: 277.943612718
Utilidad Ruta: 967.047387282
Costo Reducido: 36.2261559882
Nodos: [104, 17, 52, 9, 44, 14, 49, 3, 38, 25, 60, 29, 64, 714]
q: [0, 5.0, -5.0, 11.0, -11.0, 8.0, -8.0, 13.0, -13.0, 10.0, -10.0, 9.0, -9.0, 0]
Q: [0, 5.0, 0.0, 11.0, 0.0, 8.0, 0.0, 13.0, 0.0, 10.0, 0.0, 9.0, 0.0, 0]
B: [0.0, 24.0, 58.8425537813, 81.72911018459999, 111.25634718709999, 121.5131539026, 133.5348656776, 256.0, 261.08428175852, 410.0, 427.1849823101, 549.0, 582.7797797802, 609.550209829]
