Avion: 6      Iteracion: 17

Num Ruta: 20
Ingresos: 1301.628
Costos: 284.172956459
Utilidad Ruta: 1017.45504354
Costo Reducido: 129.432579782
Nodos: [106, 17, 52, 19, 54, 5, 40, 4, 29, 64, 27, 39, 62, 716]
q: [0, 5.0, -5.0, 7.0, -7.0, 9.0, -9.0, 3.0, 9.0, -9.0, 6.0, -3.0, -6.0, 0]
Q: [0, 5.0, 0.0, 7.0, 0.0, 9.0, 0.0, 3.0, 12.0, 3.0, 9.0, 6.0, 0.0, 0]
B: [0.0, 24.0, 58.8425537813, 402.0, 428.6271162915, 469.0, 470.12168890518, 529.0, 549.7100026316, 583.4897824118, 591.70621040698, 608.05702298618, 613.4722815211, 623.17795187404]
