Avion: 6      Iteracion: 76

Num Ruta: 60
Ingresos: 447.931
Costos: 212.831114858
Utilidad Ruta: 235.099885142
Costo Reducido: 13.1224993399
Nodos: [106, 16, 51, 35, 70, 33, 6, 41, 68, 5, 40, 716]
q: [0, 9.0, -9.0, 8.0, -8.0, 5.0, 4.0, -4.0, -5.0, 9.0, -9.0, 0]
Q: [0, 9.0, 0.0, 8.0, 0.0, 5.0, 9.0, 5.0, 0.0, 9.0, 0.0, 0]
B: [0.0, 36.0, 45.624091437640004, 270.0, 281.922738989, 437.0, 463.1548069196, 466.84709631779, 497.92495713539, 526.89637472239, 528.01806362757, 534.7414177012399]
