Avion: 4      Iteracion: 67

Num Ruta: 50
Ingresos: 2102.071
Costos: 435.582770618
Utilidad Ruta: 1666.48822938
Costo Reducido: 87.8697958644
Nodos: [104, 17, 52, 35, 23, 70, 58, 18, 53, 31, 19, 66, 33, 54, 68, 29, 64, 714]
q: [0.0, 0.0, 0.0, 5.0, 10.0, -5.0, -10.0, 10.0, -10.0, 9.0, 6.0, -9.0, 5.0, -6.0, -5.0, 9.0, -9.0, 0.0]
Q: [0.0, 0.0, 0.0, 5.0, 15.0, 10.0, 0.0, 10.0, 0.0, 9.0, 15.0, 6.0, 11.0, 5.0, 0.0, 9.0, 0.0, 0.0]
B: [0.0, 24.0, 58.8425537813, 270.0, 280.4634044651, 300.59027058979996, 324.35697410539996, 349.79628551509995, 373.6145217637999, 406.0, 427.4250045741, 443.5262214225, 465.9243828649, 487.4727766333, 509.3782214587, 549.0, 582.7797797802, 609.550209829]
