Avion: 2      Iteracion: 9

Num Ruta: 11
Ingresos: 128.52
Costos: 370.319555132
Utilidad Ruta: -241.799555132
Costo Reducido: 96.2207541388
Nodos: [102, 13, 48, 712]
q: [0, 15.0, -15.0, 0]
Q: [0, 15.0, 0.0, 0]
B: [0.0, 423.0, 439.88315095, 455.2736272259]
