Avion: 4      Iteracion: 75

Num Ruta: 54
Ingresos: 1766.769
Costos: 335.729757285
Utilidad Ruta: 1431.03924271
Costo Reducido: 13.9413017232
Nodos: [104, 17, 52, 9, 44, 22, 57, 8, 33, 43, 68, 29, 64, 714]
q: [0, 5.0, -5.0, 11.0, -11.0, 10.0, -10.0, 8.0, 5.0, -8.0, -5.0, 9.0, -9.0, 0]
Q: [0, 5.0, 0.0, 11.0, 0.0, 10.0, 0.0, 8.0, 13.0, 5.0, 0.0, 9.0, 0.0, 0]
B: [0.0, 24.0, 58.8425537813, 81.72911018459999, 111.25634718709999, 299.0, 320.7546861389, 414.0, 437.0, 460.2743670161, 482.23124805599997, 549.0, 582.7797797802, 609.550209829]
