Avion: 6      Iteracion: 46

Num Ruta: 38
Ingresos: 2507.622
Costos: 429.569615681
Utilidad Ruta: 2078.05238432
Costo Reducido: 128.687185445
Nodos: [106, 30, 16, 51, 65, 24, 59, 1, 36, 23, 35, 70, 34, 58, 22, 57, 69, 8, 43, 13, 48, 31, 66, 5, 40, 716]
q: [0.0, 11.0, 4.0, -4.0, -11.0, 11.0, -11.0, 7.0, -7.0, 7.0, 8.0, -8.0, 8.0, -7.0, 7.0, -7.0, -8.0, 8.0, -8.0, 15.0, -15.0, 9.0, -9.0, 0.0, 0.0, 0.0]
Q: [0.0, 11.0, 15.0, 11.0, 0.0, 11.0, 0.0, 7.0, 0.0, 7.0, 15.0, 7.0, 15.0, 8.0, 15.0, 8.0, 0.0, 8.0, 0.0, 15.0, 0.0, 9.0, 0.0, 0.0, 0.0, 0.0]
B: [0.0, 64.0, 72.20259129788, 81.82668273552001, 84.69783929691, 109.43181018721, 147.94476048971, 175.0, 209.2400855285, 267.0, 277.4634044651, 289.38614345409997, 322.0, 336.2589470158, 352.0153710073, 373.77005714620003, 384.3603074737, 414.0, 434.768396616, 436.97907275691, 453.86222370691, 458.31973713931, 486.64521621731, 506.54170042931, 507.66338933449003, 514.38674340816]
