Avion: 5      Iteracion: 27

Num Ruta: 28
Ingresos: 236.918
Costos: 276.292774965
Utilidad Ruta: -39.3747749649
Costo Reducido: 27.7129181395
Nodos: [105, 30, 65, 32, 67, 715]
q: [0, 11.0, -11.0, 11.0, -11.0, 0]
Q: [0, 11.0, 0.0, 11.0, 0.0, 0]
B: [0.0, 64.0, 82.7140226568, 309.0, 319.4016530417, 364.9323781622]
