Avion: 7      Iteracion: 39

Num Ruta: 39
Ingresos: 2001.326
Costos: 268.702582955
Utilidad Ruta: 1732.62341705
Costo Reducido: 38.9593498996
Nodos: [107, 14, 49, 3, 38, 23, 58, 22, 57, 19, 25, 60, 8, 43, 54, 717]
q: [0.0, 8.0, -8.0, 13.0, -13.0, 10.0, -10.0, 10.0, -10.0, 7.0, 8.0, -8.0, 8.0, -8.0, -7.0, 0.0]
Q: [0.0, 8.0, 0.0, 13.0, 0.0, 10.0, 0.0, 10.0, 0.0, 7.0, 15.0, 7.0, 15.0, 7.0, 0.0, 0.0]
B: [0.0, 112.0, 124.021711775, 256.0, 261.08428175852, 267.0, 306.733842905, 322.49026689650003, 344.24495303540004, 402.0, 411.3920072402, 428.57698955029997, 454.39758940779996, 475.1659860238, 478.09410521535995, 503.57826896465997]
