Avion: 5      Iteracion: 22

Num Ruta: 23
Ingresos: 257.769
Costos: 236.212357197
Utilidad Ruta: 21.5566428032
Costo Reducido: 85.5589864201
Nodos: [105, 31, 66, 715]
q: [0, 9.0, -9.0, 0]
Q: [0, 9.0, 0.0, 0]
B: [0.0, 406.0, 434.325479078, 448.0782228406]
