Avion: 3      Iteracion: 19

Num Ruta: 22
Ingresos: 1139.661
Costos: 375.926894051
Utilidad Ruta: 763.734105949
Costo Reducido: 86.3039202559
Nodos: [103, 30, 16, 51, 65, 24, 59, 34, 28, 69, 63, 25, 60, 713]
q: [0.0, 6.0, 9.0, -9.0, -6.0, 11.0, -11.0, 8.0, 6.0, -8.0, -6.0, 10.0, -10.0, 0.0]
Q: [0.0, 6.0, 15.0, 6.0, 0.0, 11.0, 0.0, 8.0, 14.0, 6.0, 0.0, 10.0, 0.0, 0.0]
B: [0.0, 64.0, 72.20259129788, 81.82668273552001, 84.69783929691, 109.43181018721, 147.94476048971, 322.0, 378.0, 412.6152135628, 444.56576931700005, 447.89914793336004, 465.08413024346004, 471.54030349083]
