Avion: 3      Iteracion: 9

Num Ruta: 13
Ingresos: 1189.407
Costos: 228.001408573
Utilidad Ruta: 961.405591427
Costo Reducido: 335.139738117
Nodos: [103, 11, 46, 13, 48, 31, 66, 21, 56, 27, 62, 713]
q: [0, 6.0, -6.0, 15.0, -15.0, 9.0, -9.0, 12.0, -12.0, 6.0, -6.0, 0]
Q: [0, 6.0, 0.0, 15.0, 0.0, 9.0, 0.0, 12.0, 0.0, 6.0, 0.0, 0]
B: [0.0, 169.0, 173.05406684701, 423.0, 439.88315095, 444.3406643824, 472.6661434604, 496.1319821413, 536.8707728205, 550.0482210181, 567.0790833862, 595.3498036635]
