Avion: 7      Iteracion: 18

Num Ruta: 20
Ingresos: 871.944
Costos: 243.629614337
Utilidad Ruta: 628.314385663
Costo Reducido: 95.716561982
Nodos: [107, 9, 44, 14, 49, 3, 38, 23, 18, 53, 58, 22, 57, 717]
q: [0.0, 11.0, -11.0, 8.0, -8.0, 13.0, -13.0, 5.0, 10.0, -10.0, -5.0, 0.0, 0.0, 0.0]
Q: [0.0, 11.0, 0.0, 8.0, 0.0, 13.0, 0.0, 5.0, 15.0, 5.0, 0.0, 0.0, 0.0, 0.0]
B: [0.0, 46.0648734938, 75.5921104963, 112.0, 124.021711775, 256.0, 261.08428175852, 267.0, 293.0, 316.8182362487, 326.74376782137, 342.50019181287, 364.25487795177, 366.22166670504004]
