Avion: 7      Iteracion: 11

Num Ruta: 13
Ingresos: 1216.359
Costos: 277.344598547
Utilidad Ruta: 939.014401453
Costo Reducido: 213.919716657
Nodos: [107, 16, 51, 9, 44, 14, 49, 3, 38, 23, 18, 53, 58, 22, 57, 717]
q: [0.0, 9.0, -9.0, 11.0, -11.0, 8.0, -8.0, 0.0, 0.0, 5.0, 10.0, -10.0, -5.0, 10.0, -10.0, 0.0]
Q: [0.0, 9.0, 0.0, 11.0, 0.0, 8.0, 0.0, 0.0, 0.0, 5.0, 15.0, 5.0, 0.0, 10.0, 0.0, 0.0]
B: [0.0, 40.0989101099, 49.723001547539994, 79.77985770384, 109.30709470634, 119.56390142184, 131.58561319684, 256.0, 261.08428175852, 267.0, 293.0, 316.8182362487, 326.74376782137, 342.50019181287, 364.25487795177, 366.22166670504004]
