Avion: 5      Iteracion: 62

Num Ruta: 53
Ingresos: 472.604
Costos: 173.514114175
Utilidad Ruta: 299.089885825
Costo Reducido: 17.2218965215
Nodos: [105, 18, 53, 28, 63, 15, 50, 7, 42, 715]
q: [0, 10.0, -10.0, 6.0, -6.0, 0.0, -0.0, 0.0, -0.0, 0]
Q: [0, 10.0, 0.0, 6.0, 0.0, 0.0, 0.0, 0.0, 0.0, 0]
B: [0.0, 293.0, 316.8182362487, 378.0, 414.0266187839, 511.0, 527.4211666151, 538.3259061809999, 566.8672179938999, 603.7728591480999]
