Avion: 4      Iteracion: 48

Num Ruta: 35
Ingresos: 786.767
Costos: 298.269097393
Utilidad Ruta: 488.497902607
Costo Reducido: 47.1069689192
Nodos: [104, 17, 52, 30, 16, 51, 65, 32, 67, 25, 60, 29, 64, 714]
q: [0.0, 0.0, 0.0, 11.0, 4.0, -4.0, -11.0, 11.0, -11.0, 10.0, -10.0, 9.0, -9.0, 0.0]
Q: [0.0, 0.0, 0.0, 11.0, 15.0, 11.0, 0.0, 11.0, 0.0, 10.0, 0.0, 9.0, 0.0, 0.0]
B: [0.0, 24.0, 58.8425537813, 64.0, 72.20259129788, 81.82668273552001, 84.69783929691, 309.0, 319.4016530417, 410.0, 427.1849823101, 549.0, 582.7797797802, 609.550209829]
