Avion: 2      Iteracion: 49

Num Ruta: 36
Ingresos: 927.596
Costos: 392.722789139
Utilidad Ruta: 534.873210861
Costo Reducido: 3.67231523083
Nodos: [102, 26, 61, 32, 67, 2, 37, 712]
q: [0, 10.0, -10.0, 11.0, -11.0, 10.0, -10.0, 0]
Q: [0, 10.0, 0.0, 11.0, 0.0, 10.0, 0.0, 0]
B: [0.0, 300.0, 317.5792279694, 337.6304130715, 348.0320661132, 522.0, 562.7349620474, 566.85070851675]
