Avion: 7      Iteracion: 29

Num Ruta: 29
Ingresos: 1640.183
Costos: 244.755022206
Utilidad Ruta: 1395.42797779
Costo Reducido: 3.92261212021
Nodos: [107, 14, 49, 11, 46, 1, 36, 3, 38, 23, 58, 22, 57, 717]
q: [0, 8.0, -8.0, 6.0, -6.0, 7.0, -7.0, 13.0, -13.0, 10.0, -10.0, 10.0, -10.0, 0]
Q: [0, 8.0, 0.0, 6.0, 0.0, 7.0, 0.0, 13.0, 0.0, 10.0, 0.0, 10.0, 0.0, 0]
B: [0.0, 112.0, 124.021711775, 169.0, 173.05406684701, 195.72351838431, 229.96360391281002, 256.0, 261.08428175852, 267.0, 306.733842905, 322.49026689650003, 344.24495303540004, 346.21174178867005]
