Avion: 6      Iteracion: 22

Num Ruta: 24
Ingresos: 264.339
Costos: 132.999269939
Utilidad Ruta: 131.339730061
Costo Reducido: 51.6853390683
Nodos: [106, 31, 66, 5, 40, 716]
q: [0, 9.0, -9.0, 9.0, -9.0, 0]
Q: [0, 9.0, 0.0, 9.0, 0.0, 0]
B: [0.0, 406.0, 434.325479078, 469.0, 470.12168890518, 476.84504297885]
