Avion: 4      Iteracion: 23

Num Ruta: 24
Ingresos: 1945.919
Costos: 438.924012177
Utilidad Ruta: 1506.99498782
Costo Reducido: 90.6743541918
Nodos: [104, 17, 52, 30, 16, 51, 65, 24, 59, 1, 36, 3, 38, 18, 53, 28, 63, 25, 60, 714]
q: [0.0, 5.0, -5.0, 11.0, 4.0, -4.0, -11.0, 11.0, -11.0, 7.0, -7.0, 13.0, -13.0, 10.0, -10.0, 6.0, -6.0, 10.0, -10.0, 0.0]
Q: [0.0, 5.0, 0.0, 11.0, 15.0, 11.0, 0.0, 11.0, 0.0, 7.0, 0.0, 13.0, 0.0, 10.0, 0.0, 6.0, 0.0, 10.0, 0.0, 0.0]
B: [0.0, 24.0, 58.8425537813, 64.0, 72.20259129788, 81.82668273552001, 84.69783929691, 109.43181018721, 147.94476048971, 175.0, 209.2400855285, 256.0, 261.08428175852, 293.0, 316.8182362487, 378.0, 414.0266187839, 417.35999740026, 434.54497971036, 455.32069950536]
