Avion: 7      Iteracion: 36

Num Ruta: 36
Ingresos: 1393.004
Costos: 215.101066999
Utilidad Ruta: 1177.902933
Costo Reducido: 31.4829256006
Nodos: [107, 14, 49, 3, 38, 23, 58, 34, 22, 57, 69, 717]
q: [0.0, 8.0, -8.0, 13.0, -13.0, 10.0, -10.0, 8.0, 7.0, -7.0, -8.0, 0.0]
Q: [0.0, 8.0, 0.0, 13.0, 0.0, 10.0, 0.0, 8.0, 15.0, 8.0, 0.0, 0.0]
B: [0.0, 112.0, 124.021711775, 256.0, 261.08428175852, 267.0, 306.733842905, 322.0, 350.0636833826, 371.8183695215, 382.408619849, 391.16198217442]
