Avion: 3      Iteracion: 38

Num Ruta: 38
Ingresos: 1355.126
Costos: 450.143431635
Utilidad Ruta: 904.982568365
Costo Reducido: 13.5674878929
Nodos: [103, 30, 65, 16, 51, 11, 46, 35, 70, 32, 67, 34, 69, 19, 8, 33, 54, 43, 68, 713]
q: [0.0, 11.0, -11.0, 9.0, -9.0, 6.0, -6.0, 8.0, -8.0, 11.0, -11.0, 8.0, -8.0, 7.0, 3.0, 5.0, -7.0, -3.0, -5.0, 0.0]
Q: [0.0, 11.0, 0.0, 9.0, 0.0, 6.0, 0.0, 8.0, 0.0, 11.0, 0.0, 8.0, 0.0, 7.0, 10.0, 15.0, 8.0, 5.0, 0.0, 0.0]
B: [0.0, 64.0, 82.7140226568, 93.53069441849999, 103.15478585614, 169.0, 173.05406684701, 270.0, 281.922738989, 309.0, 319.4016530417, 346.1750898215, 382.6152200353, 403.1550362954, 426.3159178417, 440.08057265030004, 461.62896641870003, 464.55708561026, 486.51396665016, 490.20884215551]
