Avion: 3      Iteracion: 69

Num Ruta: 57
Ingresos: 1591.319
Costos: 392.207480159
Utilidad Ruta: 1199.11151984
Costo Reducido: 88.0910908116
Nodos: [103, 11, 46, 22, 57, 18, 53, 31, 66, 33, 5, 40, 6, 41, 68, 29, 4, 39, 64, 713]
q: [0, 6.0, -6.0, 10.0, -10.0, 10.0, -10.0, 9.0, -9.0, 5.0, 9.0, -9.0, 4.0, -4.0, -5.0, 9.0, 3.0, -3.0, -9.0, 0]
Q: [0, 6.0, 0.0, 10.0, 0.0, 10.0, 0.0, 9.0, 0.0, 5.0, 14.0, 5.0, 9.0, 5.0, 0.0, 9.0, 12.0, 9.0, 0.0, 0]
B: [0.0, 169.0, 173.05406684701, 299.0, 320.7546861389, 334.15512273630003, 357.973358985, 406.0, 434.325479078, 456.7236405204, 470.4218076971, 471.54349660228, 487.76708945348, 491.45937885167, 522.53723966927, 549.0, 569.7100026316, 590.1357523117999, 602.3548233485, 628.7057429719]
