Avion: 2      Iteracion: 74

Num Ruta: 52
Ingresos: 2111.705
Costos: 405.318122067
Utilidad Ruta: 1706.38687793
Costo Reducido: 81.9143026743
Nodos: [102, 16, 51, 10, 45, 26, 61, 28, 31, 63, 19, 66, 54, 13, 48, 20, 4, 39, 55, 2, 37, 712]
q: [0.0, 9.0, -9.0, 12.0, -12.0, 10.0, -10.0, 6.0, 9.0, -6.0, 6.0, -9.0, -6.0, 0.0, 0.0, 0.0, 3.0, -3.0, 0.0, 10.0, -10.0, 0.0]
Q: [0.0, 9.0, 0.0, 12.0, 0.0, 10.0, 0.0, 6.0, 15.0, 9.0, 15.0, 6.0, 0.0, 0.0, 0.0, 0.0, 3.0, 0.0, 0.0, 10.0, 0.0, 0.0]
B: [0.0, 36.0, 45.624091437640004, 96.0, 125.5195107344, 300.0, 317.5792279694, 378.0, 406.0, 426.4968799577, 439.0326732314, 455.1338900798, 477.5520543668, 481.77967367322003, 498.66282462322005, 512.59340985862, 529.0, 549.4257496801999, 561.2869729308, 568.6172701962599, 609.35223224366, 613.46797871301]
