Avion: 2      Iteracion: 14

Num Ruta: 16
Ingresos: 1033.219
Costos: 425.351802345
Utilidad Ruta: 607.867197655
Costo Reducido: 167.209685612
Nodos: [102, 16, 51, 33, 68, 27, 62, 2, 37, 712]
q: [0, 9.0, -9.0, 5.0, -5.0, 6.0, -6.0, 10.0, -10.0, 0]
Q: [0, 9.0, 0.0, 5.0, 0.0, 6.0, 0.0, 10.0, 0.0, 0]
B: [0.0, 36.0, 45.624091437640004, 437.0, 478.9526650524, 538.0, 555.0308623681, 566.4829354555, 607.2178975029, 611.33364397225]
