Avion: 4      Iteracion: 80

Num Ruta: 55
Ingresos: 2407.119
Costos: 429.622417721
Utilidad Ruta: 1977.49658228
Costo Reducido: 36.1081443016
Nodos: [104, 17, 52, 9, 44, 19, 31, 54, 33, 66, 68, 21, 56, 29, 64, 714]
q: [0.0, 5.0, -5.0, 11.0, -11.0, 7.0, 8.0, -7.0, 5.0, -8.0, -5.0, 12.0, -12.0, 9.0, -9.0, 0.0]
Q: [0.0, 5.0, 0.0, 11.0, 0.0, 7.0, 15.0, 8.0, 13.0, 5.0, 0.0, 12.0, 0.0, 9.0, 0.0, 0.0]
B: [0.0, 24.0, 58.8425537813, 81.72911018459999, 111.25634718709999, 402.0, 423.4250045741, 440.5310440047, 462.0794377731, 484.4775992155, 515.4293900684, 526.3088674456001, 567.0476581248, 605.5009546025, 639.2807343827, 666.0511644315]
