Avion: 4      Iteracion: 9

Num Ruta: 12
Ingresos: 1536.137
Costos: 329.225995316
Utilidad Ruta: 1206.91100468
Costo Reducido: 265.118921163
Nodos: [104, 17, 52, 9, 44, 11, 46, 31, 19, 66, 8, 54, 43, 13, 48, 714]
q: [0.0, 5.0, -5.0, 11.0, -11.0, 6.0, -6.0, 9.0, 6.0, -9.0, 8.0, -6.0, -8.0, 15.0, -15.0, 0.0]
Q: [0.0, 5.0, 0.0, 11.0, 0.0, 6.0, 0.0, 9.0, 15.0, 6.0, 14.0, 8.0, 0.0, 15.0, 0.0, 0.0]
B: [0.0, 24.0, 58.8425537813, 81.72911018459999, 111.25634718709999, 169.0, 173.05406684701, 406.0, 427.4250045741, 443.5262214225, 452.30906754434, 470.26602697514, 473.19414616669997, 475.40482230760995, 492.28797325760996, 503.96727396440997]
