Avion: 6      Iteracion: 45

Num Ruta: 37
Ingresos: 2640.428
Costos: 514.355544833
Utilidad Ruta: 2126.07245517
Costo Reducido: 110.177561085
Nodos: [106, 30, 65, 16, 51, 10, 45, 1, 36, 23, 35, 70, 34, 58, 22, 57, 69, 33, 6, 41, 5, 40, 68, 29, 4, 39, 64, 716]
q: [0.0, 11.0, -11.0, 9.0, -9.0, 12.0, -12.0, 7.0, -7.0, 7.0, 8.0, -8.0, 8.0, -7.0, 7.0, -7.0, -8.0, 5.0, 4.0, -4.0, 0.0, 0.0, -5.0, 9.0, 3.0, -3.0, -9.0, 0.0]
Q: [0.0, 11.0, 0.0, 9.0, 0.0, 12.0, 0.0, 7.0, 0.0, 7.0, 15.0, 7.0, 15.0, 8.0, 15.0, 8.0, 0.0, 5.0, 9.0, 5.0, 5.0, 5.0, 0.0, 9.0, 12.0, 9.0, 0.0, 0.0]
B: [0.0, 64.0, 82.7140226568, 93.53069441849999, 103.15478585614, 118.98406306644, 148.50357380084, 186.92291497164, 221.16300050014001, 267.0, 277.4634044651, 289.38614345409997, 322.0, 336.2589470158, 352.0153710073, 373.77005714620003, 384.3603074737, 437.0, 463.1548069196, 466.84709631779, 485.23595653258997, 486.35764543777, 515.37002005617, 549.0, 569.7100026316, 590.1357523117999, 602.3548233485, 622.7520306327999]
