Avion: 6      Iteracion: 70

Num Ruta: 56
Ingresos: 1275.759
Costos: 289.231123253
Utilidad Ruta: 986.527876747
Costo Reducido: 46.2559063904
Nodos: [106, 10, 45, 26, 34, 61, 22, 57, 69, 33, 6, 41, 68, 5, 40, 716]
q: [0.0, 12.0, -12.0, 10.0, 5.0, -10.0, 10.0, -10.0, -5.0, 5.0, 4.0, -4.0, -5.0, 0.0, 0.0, 0.0]
Q: [0.0, 12.0, 0.0, 10.0, 15.0, 5.0, 15.0, 5.0, 0.0, 5.0, 9.0, 5.0, 0.0, 0.0, 0.0, 0.0]
B: [0.0, 96.0, 125.5195107344, 300.0, 322.0, 336.913246092, 350.5474267421, 372.302112881, 382.8923632085, 437.0, 463.1548069196, 466.84709631779, 497.92495713539, 526.89637472239, 528.01806362757, 534.7414177012399]
