Avion: 7      Iteracion: 47

Num Ruta: 42
Ingresos: 2438.27
Costos: 486.654900713
Utilidad Ruta: 1951.61509929
Costo Reducido: 18.1295658985
Nodos: [107, 30, 16, 51, 65, 35, 70, 3, 38, 23, 58, 34, 69, 8, 19, 54, 43, 13, 48, 29, 4, 64, 39, 717]
q: [0.0, 11.0, 4.0, -4.0, -11.0, 8.0, -8.0, 0.0, 0.0, 10.0, -10.0, 8.0, -8.0, 8.0, 7.0, -7.0, -8.0, 15.0, -15.0, 9.0, 3.0, -9.0, -3.0, 0.0]
Q: [0.0, 11.0, 15.0, 11.0, 0.0, 8.0, 0.0, 0.0, 0.0, 10.0, 0.0, 8.0, 0.0, 8.0, 15.0, 8.0, 0.0, 15.0, 0.0, 9.0, 12.0, 3.0, 0.0, 0.0]
B: [0.0, 64.0, 72.20259129788, 81.82668273552001, 84.69783929691, 270.0, 281.922738989, 301.6759641434, 306.76024590192, 310.12273322531996, 349.85657613032, 364.11552314612, 400.55565335992, 414.0, 437.1608815463, 463.7879978378, 466.71611702935996, 468.92679317026995, 485.80994412026996, 549.0, 569.7100026316, 592.5834067727, 604.8024778094, 633.549945524]
