Avion: 5      Iteracion: 85

Num Ruta: 70
Ingresos: 923.273
Costos: 333.17310212
Utilidad Ruta: 590.09989788
Costo Reducido: 8.2918735556
Nodos: [105, 14, 49, 35, 70, 22, 57, 18, 53, 31, 66, 715]
q: [0, 8.0, -8.0, 8.0, -8.0, 10.0, -10.0, 10.0, -10.0, 9.0, -9.0, 0]
Q: [0, 8.0, 0.0, 8.0, 0.0, 10.0, 0.0, 10.0, 0.0, 9.0, 0.0, 0]
B: [0.0, 112.0, 124.021711775, 270.0, 281.922738989, 299.64604976889996, 321.40073590779997, 334.8011725052, 358.61940875389996, 406.0, 434.325479078, 448.0782228406]
