Avion: 2      Iteracion: 67

Num Ruta: 49
Ingresos: 2192.184
Costos: 480.286046034
Utilidad Ruta: 1711.89795397
Costo Reducido: 106.330456536
Nodos: [102, 16, 51, 10, 45, 26, 61, 18, 53, 31, 19, 66, 33, 54, 68, 20, 4, 39, 55, 2, 37, 712]
q: [0.0, 0.0, 0.0, 12.0, -12.0, 10.0, -10.0, 10.0, -10.0, 9.0, 6.0, -9.0, 5.0, -6.0, -5.0, 0.0, 3.0, -3.0, 0.0, 10.0, -10.0, 0.0]
Q: [0.0, 0.0, 0.0, 12.0, 0.0, 10.0, 0.0, 10.0, 0.0, 9.0, 15.0, 6.0, 11.0, 5.0, 0.0, 0.0, 3.0, 0.0, 0.0, 10.0, 0.0, 0.0]
B: [0.0, 36.0, 45.624091437640004, 96.0, 125.5195107344, 300.0, 317.5792279694, 340.8578987218, 364.67613497049996, 406.0, 427.4250045741, 443.5262214225, 465.9243828649, 487.4727766333, 509.3782214587, 519.9690039133, 530.2481549483, 550.6739046284999, 562.5351278791, 569.8654251445599, 610.60038719196, 614.71613366131]
