Avion: 3      Iteracion: 42

Num Ruta: 41
Ingresos: 1315.097
Costos: 422.394563537
Utilidad Ruta: 892.702436463
Costo Reducido: 8.45902901004
Nodos: [103, 30, 65, 16, 51, 35, 70, 32, 67, 34, 69, 19, 33, 54, 13, 48, 68, 713]
q: [0.0, 11.0, -11.0, 9.0, -9.0, 8.0, -8.0, 11.0, -11.0, 8.0, -8.0, 7.0, 5.0, -7.0, 10.0, -10.0, -5.0, 0.0]
Q: [0.0, 11.0, 0.0, 9.0, 0.0, 8.0, 0.0, 11.0, 0.0, 8.0, 0.0, 7.0, 12.0, 5.0, 15.0, 5.0, 0.0, 0.0]
B: [0.0, 64.0, 82.7140226568, 93.53069441849999, 103.15478585614, 270.0, 281.922738989, 309.0, 319.4016530417, 346.1750898215, 382.6152200353, 403.1550362954, 439.7485966578, 461.2969904262, 465.52460973262004, 482.40776068262005, 487.75581098156005, 491.45068648691006]
