Avion: 3      Iteracion: 2

Num Ruta: 6
Ingresos: 2777.549
Costos: 656.508778046
Utilidad Ruta: 2121.04022195
Costo Reducido: 1750.02492311
Nodos: [103, 9, 44, 24, 59, 10, 45, 35, 70, 26, 34, 61, 69, 28, 31, 63, 19, 66, 54, 21, 4, 39, 56, 713]
q: [0.0, 11.0, -11.0, 11.0, -11.0, 12.0, -12.0, 8.0, -8.0, 7.0, 8.0, -7.0, -8.0, 6.0, 8.0, -6.0, 7.0, -8.0, -7.0, 12.0, 3.0, -3.0, -12.0, 0.0]
Q: [0.0, 11.0, 0.0, 11.0, 0.0, 12.0, 0.0, 8.0, 0.0, 7.0, 15.0, 8.0, 0.0, 6.0, 14.0, 8.0, 15.0, 7.0, 0.0, 12.0, 15.0, 12.0, 0.0, 0.0]
B: [0.0, 37.2069129329, 66.73414993540001, 90.87439983050001, 129.387350133, 141.1732808133, 170.6927915477, 270.0, 281.922738989, 300.0, 322.0, 336.913246092, 361.9000000428, 396.5152136056, 412.13143315450003, 432.62831311220003, 445.1641063859, 461.2653232343, 483.68348752130004, 507.29034790130004, 529.0, 549.4257496801999, 566.2286940948, 597.3864399214999]
