Avion: 4      Iteracion: 0

Num Ruta: 1
Ingresos: 358.484
Costos: 336.737470745
Utilidad Ruta: 21.7465292546
Costo Reducido: -
Nodos: [104, 10, 45, 13, 48, 6, 41, 714]
q: [0, 12.0, -12.0, 15.0, -15.0, 4.0, -4.0, 0]
Q: [0, 12.0, 0.0, 15.0, 0.0, 4.0, 0.0, 0]
B: [0.0, 96.0, 125.5195107344, 423.0, 439.88315095, 464.1060995732, 467.79838897139, 494.18176510109004]
