Avion: 1      Iteracion: 47

Num Ruta: 35
Ingresos: 1135.218
Costos: 417.827329666
Utilidad Ruta: 717.390670334
Costo Reducido: 45.5729414523
Nodos: [101, 30, 65, 24, 59, 1, 36, 35, 70, 32, 67, 34, 8, 69, 43, 4, 39, 711]
q: [0.0, 11.0, -11.0, 11.0, -11.0, 0.0, 0.0, 8.0, -8.0, 11.0, -11.0, 8.0, 7.0, -8.0, -7.0, 3.0, -3.0, 0.0]
Q: [0.0, 11.0, 0.0, 11.0, 0.0, 0.0, 0.0, 8.0, 0.0, 11.0, 0.0, 8.0, 15.0, 7.0, 0.0, 3.0, 0.0, 0.0]
B: [0.0, 64.0, 82.7140226568, 107.4479935471, 145.9609438496, 175.0, 209.2400855285, 270.0, 281.922738989, 309.0, 319.4016530417, 346.1750898215, 414.0, 416.64617497532, 436.87392818722, 529.0, 549.4257496801999, 566.2347817760999]
