Avion: 2      Iteracion: 51

Num Ruta: 37
Ingresos: 1642.99
Costos: 479.001397049
Utilidad Ruta: 1163.98860295
Costo Reducido: 63.6429514011
Nodos: [102, 16, 51, 10, 45, 3, 38, 23, 35, 70, 26, 61, 58, 32, 67, 2, 37, 712]
q: [0.0, 0.0, 0.0, 12.0, -12.0, 13.0, -13.0, 5.0, 8.0, -8.0, 10.0, -10.0, -5.0, 11.0, -11.0, 10.0, -10.0, 0.0]
Q: [0.0, 0.0, 0.0, 12.0, 0.0, 13.0, 0.0, 5.0, 13.0, 5.0, 15.0, 5.0, 0.0, 11.0, 0.0, 10.0, 0.0, 0.0]
B: [0.0, 36.0, 45.624091437640004, 96.0, 125.5195107344, 256.0, 261.08428175852, 267.0, 277.4634044651, 289.38614345409997, 303.7370056233, 321.3162335927, 324.38330597528, 346.86761181288, 357.26926485458, 522.0, 562.7349620474, 566.85070851675]
