Avion: 7      Iteracion: 33

Num Ruta: 33
Ingresos: 1628.973
Costos: 260.373024424
Utilidad Ruta: 1368.59997558
Costo Reducido: 38.7545055277
Nodos: [107, 14, 49, 3, 38, 23, 58, 25, 19, 60, 31, 54, 66, 717]
q: [0.0, 8.0, -8.0, 13.0, -13.0, 10.0, -10.0, 9.0, 6.0, -9.0, 9.0, -6.0, -9.0, 0.0]
Q: [0.0, 8.0, 0.0, 13.0, 0.0, 10.0, 0.0, 9.0, 15.0, 6.0, 15.0, 9.0, 0.0, 0.0]
B: [0.0, 112.0, 124.021711775, 256.0, 261.08428175852, 267.0, 306.733842905, 410.0, 419.3920072402, 436.06489892099995, 440.8865455277099, 457.9925849583099, 480.41074924530994, 484.0454712429299]
