Avion: 1      Iteracion: 38

Num Ruta: 30
Ingresos: 979.41
Costos: 316.479037421
Utilidad Ruta: 662.930962579
Costo Reducido: 52.979780926
Nodos: [101, 30, 65, 24, 59, 11, 46, 25, 60, 19, 54, 711]
q: [0, 11.0, -11.0, 11.0, -11.0, 6.0, -6.0, 10.0, -10.0, 7.0, -7.0, 0]
Q: [0, 11.0, 0.0, 11.0, 0.0, 6.0, 0.0, 10.0, 0.0, 7.0, 0.0, 0]
B: [0.0, 64.0, 82.7140226568, 107.4479935471, 145.9609438496, 169.0, 173.05406684701, 410.0, 427.1849823101, 443.8578739909, 470.48499028239996, 475.23051722889994]
