Avion: 3      Iteracion: 60

Num Ruta: 51
Ingresos: 2854.752
Costos: 590.061427331
Utilidad Ruta: 2264.69057267
Costo Reducido: 34.3185049571
Nodos: [103, 17, 52, 10, 45, 1, 11, 46, 36, 3, 38, 23, 35, 70, 26, 61, 58, 34, 69, 19, 8, 33, 54, 43, 6, 41, 68, 713]
q: [0.0, 5.0, -5.0, 12.0, -12.0, 7.0, 6.0, -6.0, -7.0, 13.0, -13.0, 7.0, 8.0, -8.0, 8.0, -8.0, -7.0, 8.0, -8.0, 7.0, 3.0, 5.0, -7.0, -3.0, 4.0, -4.0, -5.0, 0.0]
Q: [0.0, 5.0, 0.0, 12.0, 0.0, 7.0, 13.0, 7.0, 0.0, 13.0, 0.0, 7.0, 15.0, 7.0, 15.0, 7.0, 0.0, 8.0, 0.0, 7.0, 10.0, 15.0, 8.0, 5.0, 9.0, 5.0, 0.0, 0.0]
B: [0.0, 39.7453305433, 74.5878843246, 96.0, 125.5195107344, 175.0, 193.6808285951, 197.73489544211, 232.05062478011, 256.0, 261.08428175852, 267.0, 277.4634044651, 289.38614345409997, 303.7370056233, 321.3162335927, 324.38330597528, 338.64225299108, 375.08238320488, 402.0, 425.1608815463, 438.92553635490003, 460.4739301233, 463.40204931486, 472.59272094429, 476.28501034248, 507.36287116008003, 511.05774666543005]
