Avion: 6      Iteracion: 25

Num Ruta: 25
Ingresos: 1075.543
Costos: 311.935633832
Utilidad Ruta: 763.607366168
Costo Reducido: 64.5111589681
Nodos: [106, 16, 51, 10, 45, 32, 67, 34, 69, 19, 25, 60, 54, 5, 40, 716]
q: [0.0, 9.0, -9.0, 12.0, -12.0, 11.0, -11.0, 8.0, -8.0, 7.0, 8.0, -8.0, -7.0, 0.0, 0.0, 0.0]
Q: [0.0, 9.0, 0.0, 12.0, 0.0, 11.0, 0.0, 8.0, 0.0, 7.0, 15.0, 7.0, 0.0, 0.0, 0.0, 0.0]
B: [0.0, 36.0, 45.624091437640004, 96.0, 125.5195107344, 309.0, 319.4016530417, 346.1750898215, 382.6152200353, 403.1550362954, 412.5470435356, 429.7320258457, 446.5188822816, 469.0, 470.12168890518, 476.84504297885]
