Avion: 3      Iteracion: 79

Num Ruta: 60
Ingresos: 2415.347
Costos: 479.398962937
Utilidad Ruta: 1935.94803706
Costo Reducido: 35.4195367558
Nodos: [103, 9, 44, 30, 16, 51, 65, 11, 46, 22, 57, 18, 53, 31, 19, 66, 33, 54, 68, 21, 56, 27, 62, 713]
q: [0.0, 11.0, -11.0, 6.0, 9.0, -9.0, -6.0, 6.0, -6.0, 10.0, -10.0, 10.0, -10.0, 8.0, 7.0, -8.0, 5.0, -7.0, -5.0, 12.0, -12.0, 0.0, 0.0, 0.0]
Q: [0.0, 11.0, 0.0, 6.0, 15.0, 6.0, 0.0, 6.0, 0.0, 10.0, 0.0, 10.0, 0.0, 8.0, 15.0, 7.0, 12.0, 5.0, 0.0, 12.0, 0.0, 0.0, 0.0, 0.0]
B: [0.0, 37.2069129329, 66.73414993540001, 82.52205027080001, 90.72464156868001, 100.34873300632002, 103.21988956771001, 169.0, 173.05406684701, 299.0, 320.7546861389, 334.15512273630003, 357.973358985, 406.0, 427.4250045741, 443.5262214225, 465.9243828649, 487.4727766333, 509.3782214587, 520.2576988359, 560.9964895150999, 574.1739377127, 591.2048000807999, 619.4755203581]
