Avion: 6      Iteracion: 53

Num Ruta: 43
Ingresos: 1614.534
Costos: 331.856100652
Utilidad Ruta: 1282.67789935
Costo Reducido: 48.1585551222
Nodos: [106, 17, 30, 52, 65, 35, 70, 32, 67, 34, 69, 19, 25, 60, 54, 13, 48, 6, 41, 5, 40, 716]
q: [0.0, 5.0, 10.0, -5.0, -10.0, 8.0, -8.0, 11.0, -11.0, 8.0, -8.0, 7.0, 8.0, -8.0, -7.0, 15.0, -15.0, 4.0, -4.0, 9.0, -9.0, 0.0]
Q: [0.0, 5.0, 15.0, 10.0, 0.0, 8.0, 0.0, 11.0, 0.0, 8.0, 0.0, 7.0, 15.0, 7.0, 0.0, 15.0, 0.0, 4.0, 0.0, 9.0, 0.0, 0.0]
B: [0.0, 24.0, 64.0, 67.14445448369, 83.24240000479, 270.0, 281.922738989, 309.0, 319.4016530417, 346.1750898215, 382.6152200353, 403.1550362954, 412.5470435356, 429.7320258457, 446.5188822816, 450.74650158802, 467.62965253802, 491.85260116122004, 495.54489055941, 513.93375077421, 515.05543967939, 521.77879375306]
