Avion: 6      Iteracion: 4

Num Ruta: 7
Ingresos: 2324.215
Costos: 460.214789992
Utilidad Ruta: 1864.00021001
Costo Reducido: 988.326452911
Nodos: [106, 17, 52, 30, 16, 51, 65, 14, 49, 11, 46, 19, 33, 54, 13, 48, 68, 5, 40, 2, 37, 29, 64, 716]
q: [0.0, 5.0, -5.0, 11.0, 4.0, -4.0, -11.0, 8.0, -8.0, 6.0, -6.0, 7.0, 5.0, -7.0, 10.0, -10.0, -5.0, 9.0, -9.0, 10.0, -10.0, 9.0, -9.0, 0.0]
Q: [0.0, 5.0, 0.0, 11.0, 15.0, 11.0, 0.0, 8.0, 0.0, 6.0, 0.0, 7.0, 12.0, 5.0, 15.0, 5.0, 0.0, 9.0, 0.0, 10.0, 0.0, 9.0, 0.0, 0.0]
B: [0.0, 24.0, 58.8425537813, 64.0, 72.20259129788, 81.82668273552001, 84.69783929691, 112.49377995381, 124.51549172881, 169.0, 173.05406684701, 402.0, 438.5935603624, 460.1419541308, 464.36957343722, 481.25272438722004, 486.60077468616004, 515.57219227316, 516.69388117834, 530.77593163274, 571.51089368014, 581.31563421725, 615.09541399745, 635.49262128175]
