Avion: 3      Iteracion: 65

Num Ruta: 54
Ingresos: 2866.148
Costos: 429.468588903
Utilidad Ruta: 2436.6794111
Costo Reducido: 155.676998874
Nodos: [103, 11, 46, 1, 36, 3, 38, 23, 35, 70, 26, 61, 58, 31, 19, 66, 8, 54, 43, 21, 4, 39, 56, 713]
q: [0.0, 0.0, 0.0, 7.0, -7.0, 13.0, -13.0, 7.0, 8.0, -8.0, 8.0, -8.0, -7.0, 8.0, 7.0, -8.0, 8.0, -7.0, -8.0, 12.0, 3.0, -3.0, -12.0, 0.0]
Q: [0.0, 0.0, 0.0, 7.0, 0.0, 13.0, 0.0, 7.0, 15.0, 7.0, 15.0, 7.0, 0.0, 8.0, 15.0, 7.0, 15.0, 8.0, 0.0, 12.0, 15.0, 12.0, 0.0, 0.0]
B: [0.0, 169.0, 173.05406684701, 195.72351838431, 229.96360391281002, 256.0, 261.08428175852, 267.0, 277.4634044651, 289.38614345409997, 303.7370056233, 321.3162335927, 324.38330597528, 406.0, 427.4250045741, 443.5262214225, 452.30906754434, 470.26602697514, 473.19414616669997, 498.15831787339994, 529.0, 549.4257496801999, 566.2286940948, 597.3864399214999]
