Avion: 4      Iteracion: 22

Num Ruta: 23
Ingresos: 1976.733
Costos: 392.64771049
Utilidad Ruta: 1584.08528951
Costo Reducido: 173.077104708
Nodos: [104, 17, 52, 9, 44, 31, 19, 66, 8, 33, 54, 43, 68, 29, 4, 39, 64, 714]
q: [0.0, 5.0, -5.0, 11.0, -11.0, 9.0, 6.0, -9.0, 4.0, 5.0, -6.0, -4.0, -5.0, 9.0, 3.0, -3.0, -9.0, 0.0]
Q: [0.0, 5.0, 0.0, 11.0, 0.0, 9.0, 15.0, 6.0, 10.0, 15.0, 9.0, 5.0, 0.0, 9.0, 12.0, 9.0, 0.0, 0.0]
B: [0.0, 24.0, 58.8425537813, 81.72911018459999, 111.25634718709999, 406.0, 427.4250045741, 443.5262214225, 452.30906754434, 466.07372235293997, 487.62211612133996, 490.55023531289993, 512.5071163527999, 549.0, 569.7100026316, 590.1357523117999, 602.3548233485, 629.1252533973]
