Avion: 5      Iteracion: 74

Num Ruta: 60
Ingresos: 1226.81
Costos: 374.243482123
Utilidad Ruta: 852.566517877
Costo Reducido: 60.6110372672
Nodos: [105, 18, 22, 57, 53, 28, 31, 66, 63, 15, 50, 29, 64, 715]
q: [0.0, 0.0, 10.0, -10.0, 0.0, 6.0, 9.0, -9.0, -6.0, 0.0, 0.0, 9.0, -9.0, 0.0]
Q: [0.0, 0.0, 10.0, 0.0, 0.0, 6.0, 15.0, 6.0, 0.0, 0.0, 0.0, 9.0, 0.0, 0.0]
B: [0.0, 293.0, 302.68569016643, 324.44037630533, 361.34118460273, 378.0, 406.0, 434.325479078, 462.7399107809, 511.0, 527.4211666151, 549.0, 582.7797797802, 630.090723715]
