Avion: 2      Iteracion: 56

Num Ruta: 41
Ingresos: 2226.748
Costos: 603.620137293
Utilidad Ruta: 1623.12786271
Costo Reducido: 78.2564418876
Nodos: [102, 16, 51, 10, 45, 32, 67, 26, 61, 34, 69, 8, 33, 6, 41, 43, 13, 48, 68, 21, 4, 56, 39, 712]
q: [0.0, 9.0, -9.0, 12.0, -12.0, 11.0, -11.0, 10.0, -10.0, 8.0, -8.0, 6.0, 5.0, 4.0, -4.0, -6.0, 10.0, -10.0, -5.0, 12.0, 3.0, -12.0, -3.0, 0.0]
Q: [0.0, 9.0, 0.0, 12.0, 0.0, 11.0, 0.0, 10.0, 0.0, 8.0, 0.0, 6.0, 11.0, 15.0, 11.0, 5.0, 15.0, 5.0, 0.0, 12.0, 15.0, 3.0, 0.0, 0.0]
B: [0.0, 36.0, 45.624091437640004, 96.0, 125.5195107344, 309.0, 319.4016530417, 332.1221722921, 349.7014002615, 364.6146463535, 401.0547765673, 414.0, 437.0, 463.1548069196, 466.84709631779, 479.71309880498995, 481.92377494589994, 498.80692589589995, 504.15497619483995, 515.03445357204, 529.98224193684, 559.15203934784, 575.95498376244, 613.1769308501399]
