Avion: 6      Iteracion: 28

Num Ruta: 27
Ingresos: 416.273
Costos: 213.357011212
Utilidad Ruta: 202.915988788
Costo Reducido: 68.4317225618
Nodos: [106, 30, 65, 5, 40, 4, 39, 27, 62, 716]
q: [0, 11.0, -11.0, 9.0, -9.0, 3.0, -3.0, 6.0, -6.0, 0]
Q: [0, 11.0, 0.0, 9.0, 0.0, 3.0, 0.0, 6.0, 0.0, 0]
B: [0.0, 64.0, 82.7140226568, 469.0, 470.12168890518, 529.0, 549.4257496801999, 565.7765622594, 582.8074246274999, 592.51309498044]
