Avion: 2      Iteracion: 42

Num Ruta: 33
Ingresos: 840.469
Costos: 365.605676566
Utilidad Ruta: 474.863323434
Costo Reducido: 5.81665444906
Nodos: [102, 16, 51, 30, 65, 2, 37, 712]
q: [0, 9.0, -9.0, 11.0, -11.0, 10.0, -10.0, 0]
Q: [0, 9.0, 0.0, 11.0, 0.0, 10.0, 0.0, 0]
B: [0.0, 36.0, 45.624091437640004, 64.0, 82.7140226568, 522.0, 562.7349620474, 566.85070851675]
