Avion: 2      Iteracion: 61

Num Ruta: 46
Ingresos: 879.464
Costos: 457.288311186
Utilidad Ruta: 422.175688814
Costo Reducido: 69.0903933333
Nodos: [102, 16, 30, 65, 51, 10, 45, 26, 61, 34, 69, 712]
q: [0.0, 0.0, 11.0, -11.0, 0.0, 12.0, -12.0, 10.0, -10.0, 8.0, -8.0, 0.0]
Q: [0.0, 0.0, 11.0, 0.0, 0.0, 12.0, 0.0, 10.0, 0.0, 8.0, 0.0, 0.0]
B: [0.0, 36.0, 64.0, 82.7140226568, 85.58517921818999, 101.41445642849, 130.93396716288999, 300.0, 317.5792279694, 332.4924740614, 368.9326042752, 396.7504141998]
