Avion: 2      Iteracion: 2

Num Ruta: 6
Ingresos: 3087.891
Costos: 860.508623646
Utilidad Ruta: 2227.38237635
Costo Reducido: 1857.41446669
Nodos: [102, 9, 44, 24, 59, 10, 45, 11, 46, 18, 53, 34, 69, 19, 25, 60, 54, 31, 66, 21, 27, 56, 2, 62, 37, 712]
q: [0.0, 11.0, -11.0, 11.0, -11.0, 12.0, -12.0, 6.0, -6.0, 10.0, -10.0, 8.0, -8.0, 7.0, 8.0, -8.0, -7.0, 9.0, -9.0, 12.0, 0.0, -12.0, 10.0, 0.0, -10.0, 0.0]
Q: [0.0, 11.0, 0.0, 11.0, 0.0, 12.0, 0.0, 6.0, 0.0, 10.0, 0.0, 8.0, 0.0, 7.0, 15.0, 7.0, 0.0, 9.0, 0.0, 12.0, 12.0, 0.0, 10.0, 10.0, 0.0, 0.0]
B: [0.0, 29.8362865317, 59.3635235342, 83.5037734293, 122.0167237318, 133.8026544121, 163.3221651465, 215.9603817291, 220.01444857611, 293.0, 316.8182362487, 340.28894720939996, 376.72907742319995, 402.0, 411.3920072402, 428.57698955029997, 445.3638459862, 462.46988541679997, 490.79536449479997, 514.2612031757, 541.9264652383999, 555.103913436, 578.9549271671, 590.4070002545, 619.7475306008, 623.86327707015]
