Avion: 6      Iteracion: 29

Num Ruta: 28
Ingresos: 551.688
Costos: 217.080071689
Utilidad Ruta: 334.607928311
Costo Reducido: 52.6424241694
Nodos: [106, 4, 29, 64, 27, 39, 62, 716]
q: [0, 3.0, 9.0, -9.0, 6.0, -3.0, -6.0, 0]
Q: [0, 3.0, 12.0, 3.0, 9.0, 6.0, 0.0, 0]
B: [0.0, 529.0, 549.7100026316, 583.4897824118, 591.70621040698, 608.05702298618, 613.4722815211, 623.17795187404]
