Avion: 3      Iteracion: 66

Num Ruta: 55
Ingresos: 673.38
Costos: 143.842002008
Utilidad Ruta: 529.537997992
Costo Reducido: 24.7803603373
Nodos: [103, 11, 46, 21, 5, 40, 56, 27, 62, 713]
q: [0.0, 0.0, 0.0, 12.0, 0.0, 0.0, -12.0, 0.0, 0.0, 0.0]
Q: [0.0, 0.0, 0.0, 12.0, 12.0, 12.0, 0.0, 0.0, 0.0, 0.0]
B: [0.0, 169.0, 173.05406684701, 477.0, 505.61812322640003, 506.73981213158004, 529.48246081198, 542.65990900958, 559.69077137768, 587.96149165498]
