Avion: 6      Iteracion: 16

Num Ruta: 19
Ingresos: 1050.071
Costos: 250.287291508
Utilidad Ruta: 799.783708492
Costo Reducido: 175.600673053
Nodos: [106, 17, 52, 16, 51, 32, 67, 26, 61, 8, 5, 43, 40, 716]
q: [0.0, 5.0, -5.0, 9.0, -9.0, 11.0, -11.0, 10.0, -10.0, 8.0, 7.0, -8.0, -7.0, 0.0]
Q: [0.0, 5.0, 0.0, 9.0, 0.0, 11.0, 0.0, 10.0, 0.0, 8.0, 15.0, 7.0, 0.0, 0.0]
B: [0.0, 24.0, 58.8425537813, 64.17419311644, 73.79828455408, 309.0, 319.4016530417, 332.1221722921, 349.7014002615, 414.0, 469.0, 478.75281087687, 489.23078787627, 495.95414194994004]
