Avion: 2      Iteracion: 57

Num Ruta: 42
Ingresos: 1683.747
Costos: 477.181239709
Utilidad Ruta: 1206.56576029
Costo Reducido: 82.6933072409
Nodos: [102, 16, 51, 10, 45, 32, 67, 26, 61, 13, 48, 31, 66, 4, 27, 39, 2, 62, 37, 712]
q: [0.0, 0.0, 0.0, 12.0, -12.0, 11.0, -11.0, 10.0, -10.0, 15.0, -15.0, 9.0, -9.0, 3.0, 6.0, -3.0, 9.0, -6.0, -9.0, 0.0]
Q: [0.0, 0.0, 0.0, 12.0, 0.0, 11.0, 0.0, 10.0, 0.0, 15.0, 0.0, 9.0, 0.0, 3.0, 9.0, 6.0, 15.0, 9.0, 0.0, 0.0]
B: [0.0, 36.0, 45.624091437640004, 96.0, 125.5195107344, 309.0, 319.4016530417, 332.1221722921, 349.7014002615, 423.0, 439.88315095, 444.3406643824, 472.6661434604, 529.0, 546.6147745373, 562.9655871165, 572.4200536271001, 583.8721267145, 613.2126570608, 617.32840353015]
