Avion: 6      Iteracion: 42

Num Ruta: 35
Ingresos: 1399.744
Costos: 410.846880077
Utilidad Ruta: 988.897119923
Costo Reducido: 19.0601430209
Nodos: [106, 30, 65, 24, 59, 1, 36, 35, 70, 32, 67, 33, 5, 40, 68, 4, 39, 27, 62, 716]
q: [0, 11.0, -11.0, 11.0, -11.0, 7.0, -7.0, 8.0, -8.0, 11.0, -11.0, 5.0, 9.0, -9.0, -5.0, 3.0, -3.0, 6.0, -6.0, 0]
Q: [0, 11.0, 0.0, 11.0, 0.0, 7.0, 0.0, 8.0, 0.0, 11.0, 0.0, 5.0, 14.0, 5.0, 0.0, 3.0, 0.0, 6.0, 0.0, 0]
B: [0.0, 64.0, 82.7140226568, 107.4479935471, 145.9609438496, 175.0, 209.2400855285, 270.0, 281.922738989, 309.0, 319.4016530417, 437.0, 469.0, 470.12168890518, 499.13406352358, 529.0, 549.4257496801999, 565.7765622594, 582.8074246274999, 592.51309498044]
