Avion: 6      Iteracion: 68

Num Ruta: 55
Ingresos: 2378.314
Costos: 453.785685588
Utilidad Ruta: 1924.52831441
Costo Reducido: 87.8373474708
Nodos: [106, 10, 45, 3, 38, 23, 35, 70, 34, 58, 69, 19, 25, 60, 54, 6, 41, 5, 40, 33, 68, 29, 4, 64, 39, 716]
q: [0.0, 12.0, -12.0, 13.0, -13.0, 7.0, 8.0, -8.0, 8.0, -7.0, -8.0, 7.0, 8.0, -8.0, -7.0, 4.0, -4.0, 0.0, 0.0, 5.0, -5.0, 9.0, 3.0, -9.0, -3.0, 0.0]
Q: [0.0, 12.0, 0.0, 13.0, 0.0, 7.0, 15.0, 7.0, 15.0, 8.0, 0.0, 7.0, 15.0, 7.0, 0.0, 4.0, 0.0, 0.0, 0.0, 5.0, 0.0, 9.0, 12.0, 3.0, 0.0, 0.0]
B: [0.0, 96.0, 125.5195107344, 256.0, 261.08428175852, 267.0, 277.4634044651, 289.38614345409997, 322.0, 336.2589470158, 364.1120348159, 402.0, 411.3920072402, 428.57698955029997, 445.3638459862, 457.15486498369995, 460.84715438188994, 479.2360145966899, 480.35770350186993, 493.64788220646994, 535.6005472588699, 549.0, 569.7100026316, 592.5834067727, 604.8024778094, 619.4795926485]
