Avion: 3      Iteracion: 22

Num Ruta: 25
Ingresos: 732.993
Costos: 215.945192298
Utilidad Ruta: 517.047807702
Costo Reducido: 144.51407113
Nodos: [103, 11, 46, 25, 19, 60, 31, 54, 66, 713]
q: [0.0, 0.0, 0.0, 9.0, 6.0, -9.0, 9.0, -6.0, -9.0, 0.0]
Q: [0.0, 0.0, 0.0, 9.0, 15.0, 6.0, 15.0, 9.0, 0.0, 0.0]
B: [0.0, 169.0, 173.05406684701, 410.0, 419.3920072402, 436.06489892099995, 440.8865455277099, 457.9925849583099, 480.41074924530994, 510.67325056290997]
