Avion: 4      Iteracion: 12

Num Ruta: 15
Ingresos: 2942.318
Costos: 639.181279627
Utilidad Ruta: 2303.13672037
Costo Reducido: 289.441918549
Nodos: [104, 17, 52, 24, 9, 44, 59, 10, 45, 3, 38, 23, 35, 70, 18, 53, 58, 28, 63, 8, 33, 43, 6, 41, 68, 29, 4, 39, 64, 714]
q: [0.0, 5.0, -5.0, 11.0, 0.0, 0.0, -11.0, 12.0, -12.0, 13.0, -13.0, 7.0, 8.0, -8.0, 8.0, -8.0, -7.0, 6.0, -6.0, 8.0, 5.0, -8.0, 4.0, -4.0, -5.0, 9.0, 3.0, -3.0, -9.0, 0.0]
Q: [0.0, 5.0, 0.0, 11.0, 11.0, 11.0, 0.0, 12.0, 0.0, 13.0, 0.0, 7.0, 15.0, 7.0, 15.0, 7.0, 0.0, 6.0, 0.0, 8.0, 13.0, 5.0, 9.0, 5.0, 0.0, 9.0, 12.0, 9.0, 0.0, 0.0]
B: [0.0, 24.0, 58.8425537813, 75.400837086, 81.83771412381999, 111.36495112632, 136.42051454042, 148.20644522071998, 177.72595595511999, 256.0, 261.08428175852, 267.0, 277.4634044651, 289.38614345409997, 309.80429657819997, 333.62253282689994, 343.54806439956997, 378.0, 414.0266187839, 448.6194490382, 462.38410384680003, 485.6584708629, 494.84914249233, 498.54143189051996, 529.6192927081199, 549.0, 569.7100026316, 590.1357523117999, 602.3548233485, 629.1252533973]
