Avion: 7      Iteracion: 60

Num Ruta: 53
Ingresos: 2880.493
Costos: 556.235742206
Utilidad Ruta: 2324.25725779
Costo Reducido: 46.5204352615
Nodos: [107, 17, 52, 10, 45, 11, 46, 1, 36, 3, 38, 23, 58, 34, 22, 57, 69, 19, 31, 54, 66, 717]
q: [0.0, 5.0, -5.0, 12.0, -12.0, 6.0, -6.0, 7.0, -7.0, 13.0, -13.0, 10.0, -10.0, 8.0, 7.0, -7.0, -8.0, 7.0, 8.0, -7.0, -8.0, 0.0]
Q: [0.0, 5.0, 0.0, 12.0, 0.0, 6.0, 0.0, 7.0, 0.0, 13.0, 0.0, 10.0, 0.0, 8.0, 15.0, 8.0, 0.0, 7.0, 15.0, 8.0, 0.0, 0.0]
B: [0.0, 45.942580685, 80.78513446630001, 98.0459336656, 127.5654444, 180.2036609826, 184.25772782961002, 206.92717936691002, 241.16726489541003, 256.0, 261.08428175852, 267.0, 306.733842905, 322.0, 350.0636833826, 371.8183695215, 382.408619849, 402.9484361091, 424.3734406832, 441.4794801138, 463.8976444008, 467.53236639842]
