Avion: 2      Iteracion: 31

Num Ruta: 28
Ingresos: 1237.776
Costos: 540.871050224
Utilidad Ruta: 696.904949776
Costo Reducido: 68.5000204176
Nodos: [102, 30, 65, 14, 49, 23, 58, 34, 69, 712]
q: [0, 11.0, -11.0, 8.0, -8.0, 10.0, -10.0, 8.0, -8.0, 0]
Q: [0, 11.0, 0.0, 8.0, 0.0, 10.0, 0.0, 8.0, 0.0, 0]
B: [0.0, 64.0, 82.7140226568, 112.0, 124.021711775, 267.0, 306.733842905, 322.0, 358.4401302138, 386.2579401384]
