Avion: 6      Iteracion: 62

Num Ruta: 50
Ingresos: 2223.268
Costos: 420.525891638
Utilidad Ruta: 1802.74210836
Costo Reducido: 88.7917735526
Nodos: [106, 10, 30, 65, 45, 3, 38, 23, 35, 70, 26, 61, 58, 34, 69, 31, 19, 66, 8, 5, 40, 54, 43, 6, 41, 716]
q: [0.0, 12.0, 3.0, -3.0, -12.0, 13.0, -13.0, 7.0, 8.0, -8.0, 8.0, -8.0, -7.0, 8.0, -8.0, 8.0, 7.0, -8.0, 8.0, 0.0, 0.0, -7.0, -8.0, 4.0, -4.0, 0.0]
Q: [0.0, 12.0, 15.0, 12.0, 0.0, 13.0, 0.0, 7.0, 15.0, 7.0, 15.0, 7.0, 0.0, 8.0, 0.0, 8.0, 15.0, 7.0, 15.0, 15.0, 15.0, 8.0, 0.0, 4.0, 0.0, 0.0]
B: [0.0, 96.0, 112.7389035782, 131.452926235, 150.3537241282, 256.0, 261.08428175852, 267.0, 277.4634044651, 289.38614345409997, 303.7370056233, 321.3162335927, 324.38330597528, 338.64225299108, 375.08238320488, 406.0, 427.4250045741, 443.5262214225, 452.30906754434, 469.0, 470.12168890518, 478.47762499876, 481.40574419032, 490.59641581974995, 494.28870521793993, 517.2408245100399]
