Avion: 3      Iteracion: 31

Num Ruta: 32
Ingresos: 1279.911
Costos: 352.521925938
Utilidad Ruta: 927.389074062
Costo Reducido: 24.0545140668
Nodos: [103, 30, 65, 14, 49, 23, 35, 70, 58, 34, 69, 713]
q: [0.0, 11.0, -11.0, 8.0, -8.0, 10.0, 5.0, -5.0, -10.0, 8.0, -8.0, 0.0]
Q: [0.0, 11.0, 0.0, 8.0, 0.0, 10.0, 15.0, 10.0, 0.0, 8.0, 0.0, 0.0]
B: [0.0, 64.0, 82.7140226568, 112.0, 124.021711775, 267.0, 277.4634044651, 289.38614345409997, 313.15284696969997, 327.41179398549997, 363.85192419929996, 392.98554700869994]
