Avion: 2      Iteracion: 1

Num Ruta: 5
Ingresos: 1142.989
Costos: 431.829572929
Utilidad Ruta: 711.159427071
Costo Reducido: 813.806195704
Nodos: [102, 17, 52, 4, 39, 2, 37, 712]
q: [0, 5.0, -5.0, 3.0, -3.0, 10.0, -10.0, 0]
Q: [0, 5.0, 0.0, 3.0, 0.0, 10.0, 0.0, 0]
B: [0.0, 33.3868157212, 68.22936950249999, 529.0, 549.4257496801999, 558.8802161908, 599.6151782382, 603.73092470755]
