Avion: 1      Iteracion: 54

Num Ruta: 38
Ingresos: 1707.621
Costos: 457.139867585
Utilidad Ruta: 1250.48113242
Costo Reducido: 61.3718139664
Nodos: [101, 30, 65, 24, 59, 1, 36, 3, 38, 25, 60, 31, 66, 33, 68, 4, 39, 711]
q: [0, 11.0, -11.0, 11.0, -11.0, 7.0, -7.0, 13.0, -13.0, 10.0, -10.0, 9.0, -9.0, 5.0, -5.0, 3.0, -3.0, 0]
Q: [0, 11.0, 0.0, 11.0, 0.0, 7.0, 0.0, 13.0, 0.0, 10.0, 0.0, 9.0, 0.0, 5.0, 0.0, 3.0, 0.0, 0]
B: [0.0, 64.0, 82.7140226568, 107.4479935471, 145.9609438496, 175.0, 209.2400855285, 256.0, 261.08428175852, 410.0, 427.1849823101, 432.00662891681, 460.33210799481, 482.73026943721, 524.68293448961, 542.00046852311, 562.4262182033101, 579.2352502992101]
