Avion: 5      Iteracion: 48

Num Ruta: 42
Ingresos: 484.574
Costos: 312.509995085
Utilidad Ruta: 172.064004915
Costo Reducido: 31.7339241103
Nodos: [105, 30, 65, 32, 67, 34, 69, 715]
q: [0, 11.0, -11.0, 11.0, -11.0, 8.0, -8.0, 0]
Q: [0, 11.0, 0.0, 11.0, 0.0, 8.0, 0.0, 0]
B: [0.0, 64.0, 82.7140226568, 309.0, 319.4016530417, 346.1750898215, 382.6152200353, 401.14959828220003]
