Avion: 7      Iteracion: 55

Num Ruta: 50
Ingresos: 1041.945
Costos: 259.61860492
Utilidad Ruta: 782.32639508
Costo Reducido: 12.0082149105
Nodos: [107, 14, 49, 1, 36, 3, 38, 23, 26, 61, 58, 22, 57, 717]
q: [0.0, 8.0, -8.0, 7.0, -7.0, 0.0, 0.0, 0.0, 10.0, -10.0, 0.0, 10.0, -10.0, 0.0]
Q: [0.0, 8.0, 0.0, 7.0, 0.0, 0.0, 0.0, 0.0, 10.0, 0.0, 0.0, 10.0, 0.0, 0.0]
B: [0.0, 112.0, 124.021711775, 175.0, 209.2400855285, 256.0, 261.08428175852, 267.0, 301.4413435423, 319.0205715117, 322.08764389428, 337.84406788578, 359.59875402468003, 361.56554277795004]
