Avion: 5      Iteracion: 68

Num Ruta: 57
Ingresos: 2158.694
Costos: 482.26754157
Utilidad Ruta: 1676.42645843
Costo Reducido: 26.9598520176
Nodos: [105, 35, 70, 23, 58, 31, 66, 33, 68, 21, 15, 50, 4, 56, 39, 715]
q: [0, 8.0, -8.0, 10.0, -10.0, 9.0, -9.0, 5.0, -5.0, 12.0, 0.0, -0.0, 3.0, -12.0, -3.0, 0]
Q: [0, 8.0, 0.0, 10.0, 0.0, 9.0, 0.0, 5.0, 0.0, 12.0, 12.0, 12.0, 15.0, 3.0, 0.0, 0]
B: [0.0, 270.0, 281.922738989, 302.04960511369995, 341.78344801869997, 406.0, 434.325479078, 456.7236405204, 498.6763055728, 509.55578295, 515.22801646071, 531.64918307581, 537.2238623491, 566.3936597601, 583.1966041747, 620.9106955067]
