Avion: 3      Iteracion: 4

Num Ruta: 8
Ingresos: 1470.02
Costos: 396.535496698
Utilidad Ruta: 1073.4845033
Costo Reducido: 930.170390336
Nodos: [103, 28, 63, 31, 66, 2, 37, 29, 64, 713]
q: [0, 6.0, -6.0, 9.0, -9.0, 10.0, -10.0, 9.0, -9.0, 0]
Q: [0, 6.0, 0.0, 9.0, 0.0, 10.0, 0.0, 9.0, 0.0, 0]
B: [0.0, 378.0, 414.0266187839, 434.5234987416, 462.8489778196, 522.0, 562.7349620474, 572.53970258451, 606.31948236471, 632.67040198811]
