Avion: 1      Iteracion: 66

Num Ruta: 44
Ingresos: 1393.64
Costos: 365.97516745
Utilidad Ruta: 1027.66483255
Costo Reducido: 56.0351246187
Nodos: [101, 17, 52, 30, 65, 14, 49, 23, 58, 711]
q: [0, 5.0, -5.0, 11.0, -11.0, 8.0, -8.0, 10.0, -10.0, 0]
Q: [0, 5.0, 0.0, 11.0, 0.0, 8.0, 0.0, 10.0, 0.0, 0]
B: [0.0, 24.0, 58.8425537813, 64.0, 82.7140226568, 112.0, 124.021711775, 267.0, 306.733842905, 316.69110558106]
