Avion: 7      Iteracion: 52

Num Ruta: 47
Ingresos: 1094.618
Costos: 157.577040757
Utilidad Ruta: 937.040959243
Costo Reducido: 11.7331270721
Nodos: [107, 14, 49, 3, 38, 23, 35, 70, 58, 22, 57, 717]
q: [0.0, 8.0, -8.0, 13.0, -13.0, 7.0, 8.0, -8.0, -7.0, 10.0, -10.0, 0.0]
Q: [0.0, 8.0, 0.0, 13.0, 0.0, 7.0, 15.0, 7.0, 0.0, 10.0, 0.0, 0.0]
B: [0.0, 112.0, 124.021711775, 256.0, 261.08428175852, 267.0, 277.4634044651, 289.38614345409997, 313.15284696969997, 328.9092709612, 350.6639571001, 352.63074585337]
