Avion: 5      Iteracion: 0

Num Ruta: 4
Ingresos: 0
Costos: 208.918666428
Utilidad Ruta: -208.918666428
Costo Reducido: -
Nodos: [105, 715]
q: [0, 0]
Q: [0, 0]
B: [0, 0]
