Avion: 2      Iteracion: 17

Num Ruta: 18
Ingresos: 407.377
Costos: 405.969769153
Utilidad Ruta: 1.40723084663
Costo Reducido: 43.6281109734
Nodos: [102, 16, 51, 19, 54, 712]
q: [0, 9.0, -9.0, 7.0, -7.0, 0]
Q: [0, 9.0, 0.0, 7.0, 0.0, 0]
B: [0.0, 36.0, 45.624091437640004, 402.0, 428.6271162915, 454.162548009]
