Avion: 3      Iteracion: 7

Num Ruta: 11
Ingresos: 2631.96
Costos: 542.861349982
Utilidad Ruta: 2089.09865002
Costo Reducido: 623.935469239
Nodos: [103, 30, 16, 51, 65, 24, 59, 1, 11, 46, 36, 23, 22, 57, 18, 58, 53, 13, 48, 25, 60, 21, 4, 27, 56, 39, 62, 713]
q: [0.0, 11.0, 4.0, -4.0, -11.0, 11.0, -11.0, 7.0, 6.0, -6.0, -7.0, 5.0, 10.0, -10.0, 10.0, -5.0, -10.0, 15.0, -15.0, 10.0, -10.0, 6.0, 3.0, 6.0, -6.0, -3.0, -6.0, 0.0]
Q: [0.0, 11.0, 15.0, 11.0, 0.0, 11.0, 0.0, 7.0, 13.0, 7.0, 0.0, 5.0, 15.0, 5.0, 15.0, 10.0, 0.0, 15.0, 0.0, 10.0, 0.0, 6.0, 9.0, 15.0, 9.0, 6.0, 0.0, 0.0]
B: [0.0, 64.0, 72.20259129788, 81.82668273552001, 84.69783929691, 109.43181018721, 147.94476048971, 175.0, 193.6808285951, 197.73489544211, 232.05062478011, 267.0, 299.0, 320.7546861389, 334.15512273630003, 359.594434146, 369.51996571867005, 423.0, 439.88315095, 463.8957169312, 481.0806992413, 489.2494127263, 529.0, 546.6147745373, 559.7922227349001, 576.5951671495001, 582.01042568442, 610.2811459617201]
