Avion: 3      Iteracion: 8

Num Ruta: 12
Ingresos: 1655.729
Costos: 323.401011989
Utilidad Ruta: 1332.32798801
Costo Reducido: 256.463807753
Nodos: [103, 11, 46, 1, 36, 23, 58, 34, 69, 33, 68, 713]
q: [0, 6.0, -6.0, 7.0, -7.0, 10.0, -10.0, 8.0, -8.0, 5.0, -5.0, 0]
Q: [0, 6.0, 0.0, 7.0, 0.0, 10.0, 0.0, 8.0, 0.0, 5.0, 0.0, 0]
B: [0.0, 169.0, 173.05406684701, 195.72351838431, 229.96360391281002, 267.0, 306.733842905, 322.0, 358.4401302138, 437.0, 478.9526650524, 482.64754055775]
