Avion: 6      Iteracion: 71

Num Ruta: 57
Ingresos: 2212.275
Costos: 299.033147256
Utilidad Ruta: 1913.24185274
Costo Reducido: 88.8793216247
Nodos: [106, 17, 30, 52, 16, 65, 51, 26, 34, 61, 22, 69, 57, 19, 31, 66, 8, 54, 43, 6, 41, 5, 40, 716]
q: [0.0, 5.0, 10.0, -5.0, 5.0, -10.0, -5.0, 10.0, 5.0, -10.0, 10.0, -5.0, -10.0, 6.0, 9.0, -9.0, 8.0, -6.0, -8.0, 4.0, -4.0, 9.0, -9.0, 0.0]
Q: [0.0, 5.0, 15.0, 10.0, 15.0, 5.0, 0.0, 10.0, 15.0, 5.0, 15.0, 10.0, 0.0, 6.0, 15.0, 6.0, 14.0, 8.0, 0.0, 4.0, 0.0, 9.0, 0.0, 0.0]
B: [0.0, 24.0, 64.0, 67.14445448369, 72.47609381883, 83.29276558052999, 86.16392214191998, 300.0, 322.0, 336.913246092, 350.5474267421, 365.1165933964, 375.70684372389996, 402.0, 423.4250045741, 451.7504836521, 460.53332977394, 478.49028920474, 481.4184083963, 490.60908002573, 494.30136942392, 512.69022963872, 513.8119185439, 520.53527261757]
