Avion: 1      Iteracion: 60

Num Ruta: 40
Ingresos: 289.788
Costos: 318.835721529
Utilidad Ruta: -29.0477215286
Costo Reducido: 57.0835769174
Nodos: [101, 10, 45, 27, 62, 711]
q: [0, 12.0, -12.0, 6.0, -6.0, 0]
Q: [0, 12.0, 0.0, 6.0, 0.0, 0]
B: [0.0, 96.0, 125.5195107344, 538.0, 555.0308623681, 569.1482535223]
