Avion: 1      Iteracion: 12

Num Ruta: 13
Ingresos: 1636.263
Costos: 445.775849658
Utilidad Ruta: 1190.48715034
Costo Reducido: 182.02032761
Nodos: [101, 30, 65, 24, 59, 18, 53, 28, 63, 19, 8, 54, 43, 6, 41, 4, 39, 711]
q: [0, 11.0, -11.0, 11.0, -11.0, 10.0, -10.0, 6.0, -6.0, 7.0, 8.0, -7.0, -8.0, 4.0, -4.0, 3.0, -3.0, 0]
Q: [0, 11.0, 0.0, 11.0, 0.0, 10.0, 0.0, 6.0, 0.0, 7.0, 15.0, 8.0, 0.0, 4.0, 0.0, 3.0, 0.0, 0]
B: [0.0, 64.0, 82.7140226568, 107.4479935471, 145.9609438496, 293.0, 316.8182362487, 378.0, 414.0266187839, 426.5624120576, 449.7232936039, 467.6802530347, 470.60837222626, 479.79904385569, 483.49133325388, 529.0, 549.4257496801999, 566.2347817760999]
