Avion: 7      Iteracion: 17

Num Ruta: 19
Ingresos: 2083.227
Costos: 350.914689266
Utilidad Ruta: 1732.31231073
Costo Reducido: 204.640669899
Nodos: [107, 14, 49, 3, 38, 23, 58, 22, 57, 19, 25, 60, 33, 5, 40, 54, 68, 29, 27, 64, 62, 717]
q: [0.0, 8.0, -8.0, 13.0, -13.0, 10.0, -10.0, 0.0, 0.0, 7.0, 8.0, -8.0, 5.0, 3.0, -3.0, -7.0, -5.0, 9.0, 6.0, -9.0, -6.0, 0.0]
Q: [0.0, 8.0, 0.0, 13.0, 0.0, 10.0, 0.0, 0.0, 0.0, 7.0, 15.0, 7.0, 12.0, 15.0, 12.0, 5.0, 0.0, 9.0, 15.0, 6.0, 0.0, 0.0]
B: [0.0, 112.0, 124.021711775, 256.0, 261.08428175852, 267.0, 306.733842905, 322.49026689650003, 344.24495303540004, 402.0, 411.3920072402, 428.57698955029997, 464.0943947624, 477.7925619391, 478.91425084428, 487.27018693786, 509.17563176326, 549.0, 574.6018082369, 582.8182362320799, 598.26561380888, 621.71060212198]
