Avion: 3      Iteracion: 28

Num Ruta: 31
Ingresos: 846.945
Costos: 176.214738639
Utilidad Ruta: 670.730261361
Costo Reducido: 50.5933827191
Nodos: [103, 11, 46, 21, 4, 39, 56, 713]
q: [0, 6.0, -6.0, 12.0, 3.0, -3.0, -12.0, 0]
Q: [0, 6.0, 0.0, 12.0, 15.0, 12.0, 0.0, 0]
B: [0.0, 169.0, 173.05406684701, 477.0, 529.0, 549.4257496801999, 566.2286940948, 597.3864399214999]
