Avion: 4      Iteracion: 1

Num Ruta: 5
Ingresos: 3662.101
Costos: 645.207766824
Utilidad Ruta: 3016.89323318
Costo Reducido: 2995.14670392
Nodos: [104, 17, 52, 30, 16, 65, 51, 10, 45, 3, 38, 23, 35, 70, 58, 34, 26, 61, 69, 31, 66, 8, 33, 43, 68, 21, 4, 39, 56, 714]
q: [0.0, 5.0, -5.0, 11.0, 0.0, -11.0, 0.0, 12.0, -12.0, 13.0, -13.0, 10.0, 5.0, -5.0, -10.0, 8.0, 7.0, -7.0, -8.0, 9.0, -9.0, 8.0, 5.0, -8.0, -5.0, 12.0, 3.0, -3.0, -12.0, 0.0]
Q: [0.0, 5.0, 0.0, 11.0, 11.0, 0.0, 0.0, 12.0, 0.0, 13.0, 0.0, 10.0, 15.0, 10.0, 0.0, 8.0, 15.0, 8.0, 0.0, 9.0, 0.0, 8.0, 13.0, 5.0, 0.0, 12.0, 15.0, 12.0, 0.0, 0.0]
B: [0.0, 24.0, 58.8425537813, 64.0, 72.20259129788, 83.01926305958, 85.89041962097, 101.71969683127, 131.23920756567, 256.0, 261.08428175852, 267.0, 277.4634044651, 289.38614345409997, 313.15284696969997, 327.41179398549997, 343.33902101969994, 360.91824898909994, 385.90500293989993, 413.0257470483999, 441.3512261263999, 450.13407224823993, 463.8987270568399, 487.1730940729399, 509.1299751128399, 520.0094524900398, 534.9572408548398, 555.3829905350399, 572.1859349496399, 601.0767408401399]
