Avion: 7      Iteracion: 4

Num Ruta: 7
Ingresos: 1325.593
Costos: 455.997218642
Utilidad Ruta: 869.595781358
Costo Reducido: 909.83129805
Nodos: [107, 9, 44, 30, 65, 14, 49, 3, 38, 23, 32, 67, 58, 28, 19, 63, 31, 54, 66, 717]
q: [0.0, 11.0, -11.0, 11.0, -11.0, 8.0, -8.0, 0.0, 0.0, 0.0, 11.0, -11.0, 0.0, 6.0, 6.0, -6.0, 9.0, -6.0, -9.0, 0.0]
Q: [0.0, 11.0, 0.0, 11.0, 0.0, 8.0, 0.0, 0.0, 0.0, 0.0, 11.0, 0.0, 0.0, 6.0, 12.0, 6.0, 15.0, 9.0, 0.0, 0.0]
B: [0.0, 46.0648734938, 75.5921104963, 91.38001083169999, 110.09403348849999, 137.8899741454, 149.9116859204, 256.0, 261.08428175852, 267.0, 309.0, 319.4016530417, 351.7919881588, 378.0, 414.065010994, 426.60080426769997, 447.0976842254, 464.20372365599997, 486.621887943, 490.25660994061997]
