Avion: 7      Iteracion: 23

Num Ruta: 24
Ingresos: 2153.64
Costos: 506.157373267
Utilidad Ruta: 1647.48262673
Costo Reducido: 57.7389933632
Nodos: [107, 30, 16, 51, 65, 24, 59, 1, 36, 3, 38, 23, 18, 53, 58, 28, 63, 25, 60, 4, 27, 62, 39, 717]
q: [0.0, 11.0, 4.0, -4.0, -11.0, 11.0, -11.0, 7.0, -7.0, 13.0, -13.0, 5.0, 10.0, -10.0, -5.0, 6.0, -6.0, 10.0, -10.0, 3.0, 6.0, -6.0, -3.0, 0.0]
Q: [0.0, 11.0, 15.0, 11.0, 0.0, 11.0, 0.0, 7.0, 0.0, 13.0, 0.0, 5.0, 15.0, 5.0, 0.0, 6.0, 0.0, 10.0, 0.0, 3.0, 9.0, 3.0, 0.0, 0.0]
B: [0.0, 64.0, 72.20259129788, 81.82668273552001, 84.69783929691, 109.43181018721, 147.94476048971, 175.0, 209.2400855285, 256.0, 261.08428175852, 267.0, 293.0, 316.8182362487, 326.74376782137, 378.0, 414.0266187839, 417.35999740026, 434.54497971036, 529.0, 546.6147745373, 563.6456369054, 569.06089544032, 597.80836315492]
