Avion: 2      Iteracion: 60

Num Ruta: 45
Ingresos: 1600.236
Costos: 532.19381201
Utilidad Ruta: 1068.04218799
Costo Reducido: 96.1568693466
Nodos: [102, 16, 51, 17, 52, 10, 45, 26, 61, 34, 69, 8, 33, 6, 41, 43, 13, 48, 68, 712]
q: [0.0, 0.0, 0.0, 5.0, -5.0, 12.0, -12.0, 10.0, -10.0, 8.0, -8.0, 6.0, 5.0, 4.0, -4.0, -6.0, 0.0, 0.0, -5.0, 0.0]
Q: [0.0, 0.0, 0.0, 5.0, 0.0, 12.0, 0.0, 10.0, 0.0, 8.0, 0.0, 6.0, 11.0, 15.0, 11.0, 5.0, 5.0, 5.0, 0.0, 0.0]
B: [0.0, 36.0, 45.624091437640004, 78.34191948294, 113.18447326424, 130.44527246354, 159.96478319794, 300.0, 317.5792279694, 332.4924740614, 368.9326042752, 414.0, 437.0, 463.1548069196, 466.84709631779, 479.71309880498995, 481.92377494589994, 498.80692589589995, 504.15497619483995, 514.48425622784]
