Avion: 6      Iteracion: 64

Num Ruta: 52
Ingresos: 2525.274
Costos: 421.240749405
Utilidad Ruta: 2104.0332506
Costo Reducido: 192.878337413
Nodos: [106, 17, 52, 1, 11, 46, 36, 3, 38, 23, 35, 70, 26, 61, 58, 31, 6, 41, 5, 40, 66, 4, 29, 64, 27, 39, 62, 716]
q: [0.0, 5.0, -5.0, 7.0, 6.0, -6.0, -7.0, 13.0, -13.0, 7.0, 8.0, -8.0, 8.0, -8.0, -7.0, 9.0, 4.0, -4.0, 6.0, -6.0, -9.0, 3.0, 9.0, -9.0, 6.0, -3.0, -6.0, 0.0]
Q: [0.0, 5.0, 0.0, 7.0, 13.0, 7.0, 0.0, 13.0, 0.0, 7.0, 15.0, 7.0, 15.0, 7.0, 0.0, 9.0, 13.0, 9.0, 15.0, 9.0, 0.0, 3.0, 12.0, 3.0, 9.0, 6.0, 0.0, 0.0]
B: [0.0, 24.0, 58.8425537813, 175.0, 193.6808285951, 197.73489544211, 232.05062478011, 256.0, 261.08428175852, 267.0, 277.4634044651, 289.38614345409997, 303.7370056233, 321.3162335927, 324.38330597528, 406.0, 436.0, 439.69228939819, 469.0, 470.12168890518, 488.93639618428, 529.0, 549.7100026316, 583.4897824118, 591.70621040698, 608.05702298618, 613.4722815211, 623.17795187404]
