Avion: 6      Iteracion: 86

Num Ruta: 69
Ingresos: 1354.736
Costos: 320.000402088
Utilidad Ruta: 1034.73559791
Costo Reducido: 36.2012623089
Nodos: [106, 17, 30, 52, 16, 51, 65, 24, 59, 31, 33, 66, 68, 5, 40, 716]
q: [0.0, 5.0, 10.0, -5.0, 5.0, -5.0, -10.0, 11.0, -11.0, 9.0, 5.0, -9.0, -5.0, 0.0, 0.0, 0.0]
Q: [0.0, 5.0, 15.0, 10.0, 15.0, 10.0, 0.0, 11.0, 0.0, 9.0, 14.0, 5.0, 0.0, 0.0, 0.0, 0.0]
B: [0.0, 24.0, 64.0, 67.14445448369, 72.47609381883, 82.10018525647, 84.97134181786, 109.70531270816, 148.21826301066, 406.0, 443.5012702852, 465.8994317276, 496.8512225805, 525.8226401675, 526.94432907268, 533.66768314635]
