Avion: 6      Iteracion: 35

Num Ruta: 32
Ingresos: 1383.171
Costos: 336.321926529
Utilidad Ruta: 1046.84907347
Costo Reducido: 41.43183718
Nodos: [106, 10, 45, 34, 69, 13, 48, 21, 4, 56, 39, 716]
q: [0, 12.0, -12.0, 8.0, -8.0, 15.0, -15.0, 12.0, 3.0, -12.0, -3.0, 0]
Q: [0, 12.0, 0.0, 8.0, 0.0, 15.0, 0.0, 12.0, 15.0, 3.0, 0.0, 0]
B: [0.0, 96.0, 125.5195107344, 322.0, 358.4401302138, 423.0, 439.88315095, 477.0, 529.0, 558.169797411, 574.9727418256, 589.6498566647]
