Avion: 3      Iteracion: 1

Num Ruta: 5
Ingresos: 3064.05
Costos: 582.349286597
Utilidad Ruta: 2481.7007134
Costo Reducido: 2638.94106041
Nodos: [103, 17, 52, 30, 65, 10, 45, 3, 38, 23, 18, 53, 58, 34, 26, 61, 69, 33, 68, 21, 56, 713]
q: [0.0, 5.0, -5.0, 11.0, -11.0, 12.0, -12.0, 13.0, -13.0, 10.0, 5.0, -5.0, -10.0, 8.0, 7.0, -7.0, -8.0, 5.0, -5.0, 12.0, -12.0, 0.0]
Q: [0.0, 5.0, 0.0, 11.0, 0.0, 12.0, 0.0, 13.0, 0.0, 10.0, 15.0, 10.0, 0.0, 8.0, 15.0, 8.0, 0.0, 5.0, 0.0, 12.0, 0.0, 0.0]
B: [0.0, 39.7453305433, 74.5878843246, 77.73233880829, 96.44636146508999, 115.13941175119, 144.65892248558998, 256.0, 261.08428175852, 267.0, 293.0, 316.8182362487, 326.74376782137, 341.00271483717, 356.92994187137, 374.50916984076997, 399.49592379156996, 437.0, 478.9526650524, 489.83214242959997, 530.5709331088, 561.7286789354999]
