Avion: 6      Iteracion: 18

Num Ruta: 21
Ingresos: 1399.726
Costos: 417.467571061
Utilidad Ruta: 982.258428939
Costo Reducido: 114.121355763
Nodos: [106, 10, 45, 3, 38, 18, 53, 26, 61, 13, 48, 5, 40, 4, 29, 64, 27, 39, 62, 716]
q: [0, 12.0, -12.0, 13.0, -13.0, 10.0, -10.0, 10.0, -10.0, 15.0, -15.0, 9.0, -9.0, 3.0, 9.0, -9.0, 6.0, -3.0, -6.0, 0]
Q: [0, 12.0, 0.0, 13.0, 0.0, 10.0, 0.0, 10.0, 0.0, 15.0, 0.0, 9.0, 0.0, 3.0, 12.0, 3.0, 9.0, 6.0, 0.0, 0]
B: [0.0, 96.0, 125.5195107344, 256.0, 261.08428175852, 293.0, 316.8182362487, 345.81975307109997, 363.39898104049996, 423.0, 439.88315095, 469.0, 470.12168890518, 529.0, 549.7100026316, 583.4897824118, 591.70621040698, 608.05702298618, 613.4722815211, 623.17795187404]
