Avion: 6      Iteracion: 5

Num Ruta: 8
Ingresos: 2200.329
Costos: 483.310024464
Utilidad Ruta: 1717.01897554
Costo Reducido: 954.446673008
Nodos: [106, 17, 52, 9, 44, 14, 49, 3, 38, 35, 70, 32, 67, 22, 57, 8, 33, 6, 41, 43, 13, 48, 68, 29, 27, 62, 64, 716]
q: [0.0, 5.0, -5.0, 11.0, -11.0, 8.0, -8.0, 13.0, -13.0, 8.0, -8.0, 11.0, -11.0, 10.0, -10.0, 6.0, 5.0, 4.0, -4.0, -6.0, 10.0, -10.0, -5.0, 9.0, 6.0, -6.0, -9.0, 0.0]
Q: [0.0, 5.0, 0.0, 11.0, 0.0, 8.0, 0.0, 13.0, 0.0, 8.0, 0.0, 11.0, 0.0, 10.0, 0.0, 6.0, 11.0, 15.0, 11.0, 5.0, 15.0, 5.0, 0.0, 9.0, 15.0, 9.0, 0.0, 0.0]
B: [0.0, 24.0, 58.8425537813, 81.72911018459999, 111.25634718709999, 121.5131539026, 133.5348656776, 256.0, 261.08428175852, 274.08526633661995, 286.00800532561993, 309.0, 319.4016530417, 353.8662667781, 375.620952917, 414.0, 437.0, 463.1548069196, 466.84709631779, 479.71309880498995, 481.92377494589994, 498.80692589589995, 504.15497619483995, 549.0, 574.6018082369, 591.6326706049999, 607.0800481818, 627.4772554660999]
