Avion: 4      Iteracion: 8

Num Ruta: 11
Ingresos: 3118.368
Costos: 539.321401761
Utilidad Ruta: 2579.04659824
Costo Reducido: 283.031712455
Nodos: [104, 17, 52, 24, 9, 44, 59, 1, 11, 46, 36, 23, 58, 34, 22, 69, 57, 19, 8, 33, 54, 43, 13, 68, 48, 714]
q: [0.0, 5.0, -5.0, 11.0, 4.0, -4.0, -11.0, 7.0, 6.0, -6.0, -7.0, 10.0, -10.0, 8.0, 7.0, -8.0, -7.0, 7.0, 3.0, 5.0, -7.0, -3.0, 10.0, -5.0, -10.0, 0.0]
Q: [0.0, 5.0, 0.0, 11.0, 15.0, 11.0, 0.0, 7.0, 13.0, 7.0, 0.0, 10.0, 0.0, 8.0, 15.0, 7.0, 0.0, 7.0, 10.0, 15.0, 8.0, 5.0, 15.0, 10.0, 0.0, 0.0]
B: [0.0, 24.0, 58.8425537813, 75.400837086, 81.83771412381999, 111.36495112632, 136.42051454042, 175.0, 193.6808285951, 197.73489544211, 232.05062478011, 267.0, 306.733842905, 322.0, 350.0636833826, 364.6328500369, 375.22310036439995, 402.0, 425.1608815463, 438.92553635490003, 460.4739301233, 463.40204931486, 465.61272545577, 485.58355508296995, 490.93160538190995, 502.61090608870995]
