Avion: 5      Iteracion: 51

Num Ruta: 44
Ingresos: 719.49
Costos: 295.556752619
Utilidad Ruta: 423.933247381
Costo Reducido: 35.1189601172
Nodos: [105, 18, 53, 25, 60, 19, 54, 715]
q: [0, 10.0, -10.0, 10.0, -10.0, 7.0, -7.0, 0]
Q: [0, 10.0, 0.0, 10.0, 0.0, 7.0, 0.0, 0]
B: [0.0, 293.0, 316.8182362487, 410.0, 427.1849823101, 443.8578739909, 470.48499028239996, 506.16667405709995]
