Avion: 7      Iteracion: 28

Num Ruta: 28
Ingresos: 1722.491
Costos: 320.755945798
Utilidad Ruta: 1401.7350542
Costo Reducido: 94.4267929859
Nodos: [107, 14, 49, 3, 38, 23, 35, 70, 34, 58, 22, 57, 69, 8, 5, 40, 43, 27, 62, 4, 39, 717]
q: [0.0, 8.0, -8.0, 13.0, -13.0, 7.0, 8.0, -8.0, 8.0, -7.0, 7.0, -7.0, -8.0, 8.0, 7.0, -7.0, -8.0, 6.0, -6.0, 3.0, -3.0, 0.0]
Q: [0.0, 8.0, 0.0, 13.0, 0.0, 7.0, 15.0, 7.0, 15.0, 8.0, 15.0, 8.0, 0.0, 8.0, 15.0, 8.0, 0.0, 6.0, 0.0, 3.0, 0.0, 0.0]
B: [0.0, 112.0, 124.021711775, 256.0, 261.08428175852, 267.0, 277.4634044651, 289.38614345409997, 322.0, 336.2589470158, 352.0153710073, 373.77005714620003, 384.3603074737, 414.0, 469.0, 470.12168890518, 480.59966590458, 538.0, 555.0308623681, 571.1180630258, 591.5438127059999, 620.2912804206]
