Avion: 3      Iteracion: 3

Num Ruta: 7
Ingresos: 3380.096
Costos: 669.663115956
Utilidad Ruta: 2710.43288404
Costo Reducido: 1695.11045822
Nodos: [103, 9, 44, 16, 51, 10, 45, 1, 36, 3, 38, 23, 35, 70, 58, 26, 34, 61, 69, 25, 60, 31, 66, 4, 27, 62, 2, 39, 37, 713]
q: [0.0, 11.0, -11.0, 9.0, -9.0, 12.0, -12.0, 7.0, -7.0, 13.0, -13.0, 10.0, 5.0, -5.0, -10.0, 10.0, 5.0, -10.0, -5.0, 10.0, -10.0, 9.0, -9.0, 3.0, 6.0, -6.0, 10.0, -3.0, -10.0, 0.0]
Q: [0.0, 11.0, 0.0, 9.0, 0.0, 12.0, 0.0, 7.0, 0.0, 13.0, 0.0, 10.0, 15.0, 10.0, 0.0, 10.0, 15.0, 5.0, 0.0, 10.0, 0.0, 9.0, 0.0, 3.0, 9.0, 3.0, 13.0, 10.0, 0.0, 0.0]
B: [0.0, 37.2069129329, 66.73414993540001, 90.46393411060001, 100.08802554824001, 115.91730275854002, 145.43681349294002, 183.85615466374003, 218.09624019224003, 256.0, 261.08428175852, 267.0, 277.4634044651, 289.38614345409997, 313.15284696969997, 332.83921974379996, 348.76644677799993, 363.67969286999994, 388.66644682079993, 417.98528124509994, 435.17026355519994, 439.9919101619099, 468.3173892399099, 529.0, 546.6147745373, 563.6456369054, 575.0977099928, 584.5521765034, 617.7453872851, 627.8402883743]
