Avion: 7      Iteracion: 22

Num Ruta: 23
Ingresos: 2587.515
Costos: 528.408851652
Utilidad Ruta: 2059.10614835
Costo Reducido: 120.132215583
Nodos: [107, 9, 44, 14, 49, 3, 38, 23, 58, 32, 67, 26, 61, 25, 60, 31, 33, 66, 68, 29, 4, 64, 39, 717]
q: [0, 11.0, -11.0, 8.0, -8.0, 13.0, -13.0, 10.0, -10.0, 11.0, -11.0, 10.0, -10.0, 10.0, -10.0, 9.0, 5.0, -9.0, -5.0, 9.0, 3.0, -9.0, -3.0, 0]
Q: [0, 11.0, 0.0, 8.0, 0.0, 13.0, 0.0, 10.0, 0.0, 11.0, 0.0, 10.0, 0.0, 10.0, 0.0, 9.0, 14.0, 5.0, 0.0, 9.0, 12.0, 3.0, 0.0, 0]
B: [0.0, 46.0648734938, 75.5921104963, 112.0, 124.021711775, 256.0, 261.08428175852, 267.0, 306.733842905, 329.2181487426, 339.6198017843, 352.3403210347, 369.9195490041, 410.0, 427.1849823101, 432.00662891681, 469.50789920201, 491.90606064441, 522.85785149731, 549.0, 569.7100026316, 592.5834067727, 604.8024778094, 633.549945524]
