Avion: 5      Iteracion: 28

Num Ruta: 29
Ingresos: 439.715
Costos: 322.584612893
Utilidad Ruta: 117.130387107
Costo Reducido: 36.1717810773
Nodos: [105, 30, 16, 51, 65, 4, 39, 27, 62, 715]
q: [0.0, 11.0, 4.0, -4.0, -11.0, 3.0, -3.0, 6.0, -6.0, 0.0]
Q: [0.0, 11.0, 15.0, 11.0, 0.0, 3.0, 0.0, 6.0, 0.0, 0.0]
B: [0.0, 64.0, 72.20259129788, 81.82668273552001, 84.69783929691, 529.0, 549.4257496801999, 565.7765622594, 582.8074246274999, 615.4623496771999]
