Avion: 3      Iteracion: 0

Num Ruta: 2
Ingresos: 2882.113
Costos: 609.387999693
Utilidad Ruta: 2272.72500031
Costo Reducido: -
Nodos: [103, 9, 44, 30, 24, 65, 59, 11, 46, 1, 36, 3, 38, 23, 58, 22, 57, 28, 63, 25, 60, 19, 54, 713]
q: [0.0, 11.0, -11.0, 4.0, 11.0, -4.0, -11.0, 6.0, -6.0, 7.0, -7.0, 13.0, -13.0, 10.0, -10.0, 10.0, -10.0, 6.0, -6.0, 10.0, -10.0, 7.0, -7.0, 0.0]
Q: [0.0, 11.0, 0.0, 4.0, 15.0, 11.0, 0.0, 6.0, 0.0, 7.0, 0.0, 13.0, 0.0, 10.0, 0.0, 10.0, 0.0, 6.0, 0.0, 10.0, 0.0, 7.0, 0.0, 0.0]
B: [0.0, 37.2069129329, 66.73414993540001, 82.52205027080001, 100.77895143170001, 125.51292232200001, 155.1504832372, 173.9629119215, 178.01697876851, 200.68643030581, 234.92651583431, 256.0, 261.08428175852, 267.0, 306.733842905, 322.49026689650003, 344.24495303540004, 387.29611673630006, 423.32273552020007, 426.65611413656006, 443.84109644666006, 460.51398812746004, 487.14110441896, 505.91816286806005]
