Avion: 2      Iteracion: 10

Num Ruta: 12
Ingresos: 193.596
Costos: 421.983889881
Utilidad Ruta: -228.387889881
Costo Reducido: 43.5440392671
Nodos: [102, 10, 45, 712]
q: [0, 12.0, -12.0, 0]
Q: [0, 12.0, 0.0, 0]
B: [0.0, 96.0, 125.5195107344, 181.4240955285]
