Avion: 5      Iteracion: 3

Num Ruta: 6
Ingresos: 3279.371
Costos: 699.34420392
Utilidad Ruta: 2580.02679608
Costo Reducido: 1782.08516833
Nodos: [105, 16, 51, 9, 44, 1, 36, 3, 38, 23, 35, 70, 58, 26, 61, 34, 69, 25, 60, 31, 66, 4, 27, 62, 2, 39, 37, 715]
q: [0.0, 9.0, -9.0, 11.0, -11.0, 7.0, -7.0, 13.0, -13.0, 10.0, 5.0, -5.0, -10.0, 10.0, -10.0, 8.0, -8.0, 10.0, -10.0, 9.0, -9.0, 3.0, 6.0, -6.0, 10.0, -3.0, -10.0, 0.0]
Q: [0.0, 9.0, 0.0, 11.0, 0.0, 7.0, 0.0, 13.0, 0.0, 10.0, 15.0, 10.0, 0.0, 10.0, 0.0, 8.0, 0.0, 10.0, 0.0, 9.0, 0.0, 3.0, 9.0, 3.0, 13.0, 10.0, 0.0, 0.0]
B: [0.0, 36.0, 45.624091437640004, 75.68094759394, 105.20818459644, 175.0, 209.2400855285, 256.0, 261.08428175852, 267.0, 277.4634044651, 289.38614345409997, 313.15284696969997, 332.83921974379996, 350.41844771319995, 365.33169380519996, 401.77182401899995, 431.09065844329996, 448.27564075339995, 453.09728736010993, 481.42276643810993, 529.0, 546.6147745373, 563.6456369054, 575.0977099928, 584.5521765034, 617.7453872851, 653.7499304012]
