Avion: 6      Iteracion: 36

Num Ruta: 33
Ingresos: 758.192
Costos: 240.79114016
Utilidad Ruta: 517.40085984
Costo Reducido: 39.3010723406
Nodos: [106, 32, 67, 34, 69, 19, 25, 60, 54, 5, 40, 716]
q: [0.0, 11.0, -11.0, 8.0, -8.0, 5.0, 10.0, -10.0, -5.0, 0.0, 0.0, 0.0]
Q: [0.0, 11.0, 0.0, 8.0, 0.0, 5.0, 15.0, 5.0, 0.0, 0.0, 0.0, 0.0]
B: [0.0, 309.0, 319.4016530417, 346.1750898215, 382.6152200353, 403.1550362954, 412.5470435356, 429.7320258457, 446.5188822816, 469.0, 470.12168890518, 476.84504297885]
