Avion: 7      Iteracion: 32

Num Ruta: 32
Ingresos: 1509.898
Costos: 241.631608975
Utilidad Ruta: 1268.26639103
Costo Reducido: 28.8503747339
Nodos: [107, 30, 16, 51, 65, 14, 49, 3, 38, 23, 35, 70, 26, 61, 58, 22, 57, 717]
q: [0.0, 11.0, 4.0, -4.0, -11.0, 8.0, -8.0, 13.0, -13.0, 7.0, 8.0, -8.0, 8.0, -8.0, -7.0, 10.0, -10.0, 0.0]
Q: [0.0, 11.0, 15.0, 11.0, 0.0, 8.0, 0.0, 13.0, 0.0, 7.0, 15.0, 7.0, 15.0, 7.0, 0.0, 10.0, 0.0, 0.0]
B: [0.0, 64.0, 72.20259129788, 81.82668273552001, 84.69783929691, 112.49377995381, 124.51549172881, 256.0, 261.08428175852, 267.0, 277.4634044651, 289.38614345409997, 303.7370056233, 321.3162335927, 324.38330597528, 340.13972996678, 361.89441610568, 363.86120485895003]
