Avion: 4      Iteracion: 3

Num Ruta: 7
Ingresos: 1992.597
Costos: 573.022810974
Utilidad Ruta: 1419.57418903
Costo Reducido: 984.645738293
Nodos: [104, 16, 51, 24, 9, 44, 59, 1, 36, 35, 70, 26, 61, 34, 69, 25, 60, 31, 33, 66, 68, 714]
q: [0.0, 9.0, -9.0, 4.0, 11.0, -11.0, -4.0, 7.0, -7.0, 8.0, -8.0, 10.0, -10.0, 8.0, -8.0, 10.0, -10.0, 9.0, 5.0, -9.0, -5.0, 0.0]
Q: [0.0, 9.0, 0.0, 4.0, 15.0, 4.0, 0.0, 7.0, 0.0, 8.0, 0.0, 10.0, 0.0, 8.0, 0.0, 10.0, 0.0, 9.0, 14.0, 5.0, 0.0, 0.0]
B: [0.0, 37.6306202048, 47.25471164244, 72.48091072194, 78.91778775976, 108.44502476226, 133.50058817636, 175.0, 209.2400855285, 270.0, 281.922738989, 300.0, 317.5792279694, 332.4924740614, 368.9326042752, 410.0, 427.1849823101, 432.00662891681, 469.50789920201, 491.90606064441, 522.85785149731, 539.03226848831]
