Avion: 1      Iteracion: 7

Num Ruta: 9
Ingresos: 681.652
Costos: 351.425518799
Utilidad Ruta: 330.226481201
Costo Reducido: 433.798777063
Nodos: [101, 30, 65, 18, 53, 13, 48, 25, 60, 711]
q: [0, 11.0, -11.0, 10.0, -10.0, 15.0, -15.0, 10.0, -10.0, 0]
Q: [0, 11.0, 0.0, 10.0, 0.0, 15.0, 0.0, 10.0, 0.0, 0]
B: [0.0, 64.0, 82.7140226568, 293.0, 316.8182362487, 423.0, 439.88315095, 463.8957169312, 481.0806992413, 493.1935818462]
