Avion: 1      Iteracion: 61

Num Ruta: 41
Ingresos: 193.596
Costos: 291.039291472
Utilidad Ruta: -97.4432914721
Costo Reducido: 14.8125702412
Nodos: [101, 10, 45, 711]
q: [0, 12.0, -12.0, 0]
Q: [0, 12.0, 0.0, 0]
B: [0.0, 96.0, 125.5195107344, 160.7944067654]
