Avion: 2      Iteracion: 75

Num Ruta: 53
Ingresos: 2401.512
Costos: 566.858538569
Utilidad Ruta: 1834.65346143
Costo Reducido: 63.6832083163
Nodos: [102, 16, 51, 10, 45, 35, 70, 22, 57, 18, 53, 31, 19, 66, 8, 33, 54, 43, 68, 20, 4, 39, 55, 2, 37, 712]
q: [0.0, 9.0, -9.0, 12.0, -12.0, 8.0, -8.0, 10.0, -10.0, 10.0, -10.0, 9.0, 6.0, -9.0, 4.0, 5.0, -6.0, -4.0, -5.0, 0.0, 0.0, 0.0, 0.0, 10.0, -10.0, 0.0]
Q: [0.0, 9.0, 0.0, 12.0, 0.0, 8.0, 0.0, 10.0, 0.0, 10.0, 0.0, 9.0, 15.0, 6.0, 10.0, 15.0, 9.0, 5.0, 0.0, 0.0, 0.0, 0.0, 0.0, 10.0, 0.0, 0.0]
B: [0.0, 36.0, 45.624091437640004, 96.0, 125.5195107344, 270.0, 281.922738989, 299.64604976889996, 321.40073590779997, 334.8011725052, 358.61940875389996, 406.0, 427.4250045741, 443.5262214225, 452.30906754434, 466.07372235293997, 487.62211612133996, 490.55023531289993, 512.5071163527999, 523.0978988073999, 533.3770498424, 553.8027995226, 565.6640227732, 572.99432003866, 613.72928208606, 617.8450285554101]
