Avion: 2      Iteracion: 28

Num Ruta: 26
Ingresos: 207.546
Costos: 377.17040251
Utilidad Ruta: -169.62440251
Costo Reducido: 38.8019942801
Nodos: [102, 16, 51, 4, 39, 712]
q: [0, 9.0, -9.0, 3.0, -3.0, 0]
Q: [0, 9.0, 0.0, 3.0, 0.0, 0]
B: [0.0, 36.0, 45.624091437640004, 529.0, 549.4257496801999, 586.6476967678999]
