Avion: 3      Iteracion: 40

Num Ruta: 40
Ingresos: 2089.3
Costos: 484.770659229
Utilidad Ruta: 1604.52934077
Costo Reducido: 42.6216337588
Nodos: [103, 30, 16, 51, 65, 24, 59, 1, 11, 46, 36, 3, 38, 23, 35, 70, 32, 67, 58, 28, 31, 66, 63, 25, 60, 713]
q: [0.0, 11.0, 4.0, -4.0, -11.0, 11.0, -11.0, 7.0, 6.0, -6.0, -7.0, 13.0, -13.0, 4.0, 8.0, -8.0, 11.0, -11.0, -4.0, 6.0, 9.0, -9.0, -6.0, 10.0, -10.0, 0.0]
Q: [0.0, 11.0, 15.0, 11.0, 0.0, 11.0, 0.0, 7.0, 13.0, 7.0, 0.0, 13.0, 0.0, 4.0, 12.0, 4.0, 15.0, 4.0, 0.0, 6.0, 15.0, 6.0, 0.0, 10.0, 0.0, 0.0]
B: [0.0, 64.0, 72.20259129788, 81.82668273552001, 84.69783929691, 109.43181018721, 147.94476048971, 175.0, 193.6808285951, 197.73489544211, 232.05062478011, 256.0, 261.08428175852, 267.0, 277.4634044651, 289.38614345409997, 309.0, 319.4016530417, 351.7919881588, 378.0, 406.0, 434.325479078, 462.7399107809, 466.07328939726, 483.25827170736, 489.71444495472997]
