Avion: 3      Iteracion: 85

Num Ruta: 63
Ingresos: 1147.154
Costos: 240.299026249
Utilidad Ruta: 906.854973751
Costo Reducido: 6.4402914198
Nodos: [103, 11, 46, 35, 70, 5, 33, 40, 68, 21, 56, 27, 62, 713]
q: [0, 6.0, -6.0, 8.0, -8.0, 9.0, 5.0, -9.0, -5.0, 12.0, -12.0, 6.0, -6.0, 0]
Q: [0, 6.0, 0.0, 8.0, 0.0, 9.0, 14.0, 5.0, 0.0, 12.0, 0.0, 6.0, 0.0, 0]
B: [0.0, 169.0, 173.05406684701, 270.0, 281.922738989, 469.0, 482.6981671767, 495.9883458813, 525.0007204997, 535.8801978769001, 576.6189885561, 589.7964367537, 606.8272991218, 635.0980193991]
