Avion: 3      Iteracion: 34

Num Ruta: 34
Ingresos: 1346.513
Costos: 380.696793623
Utilidad Ruta: 965.816206377
Costo Reducido: 69.2510676526
Nodos: [103, 11, 46, 3, 38, 23, 35, 70, 32, 67, 34, 58, 28, 69, 31, 63, 66, 713]
q: [0.0, 6.0, -6.0, 13.0, -13.0, 4.0, 8.0, -8.0, 11.0, -11.0, 8.0, -4.0, 6.0, -8.0, 9.0, -6.0, -9.0, 0.0]
Q: [0.0, 6.0, 0.0, 13.0, 0.0, 4.0, 12.0, 4.0, 15.0, 4.0, 12.0, 8.0, 14.0, 6.0, 15.0, 9.0, 0.0, 0.0]
B: [0.0, 169.0, 173.05406684701, 256.0, 261.08428175852, 267.0, 277.4634044651, 289.38614345409997, 309.0, 319.4016530417, 346.1750898215, 360.4340368373, 378.0, 412.6152135628, 439.7359576713, 460.232837629, 488.6472693319, 518.9097706495]
