Avion: 7      Iteracion: 42

Num Ruta: 41
Ingresos: 2014.967
Costos: 397.214749675
Utilidad Ruta: 1617.75225032
Costo Reducido: 54.156747251
Nodos: [107, 30, 16, 51, 65, 14, 49, 3, 38, 23, 35, 70, 34, 58, 22, 57, 69, 19, 54, 4, 27, 39, 62, 717]
q: [0.0, 11.0, 4.0, -4.0, -11.0, 8.0, -8.0, 13.0, -13.0, 7.0, 8.0, -8.0, 8.0, -7.0, 7.0, -7.0, -8.0, 7.0, -7.0, 3.0, 6.0, -3.0, -6.0, 0.0]
Q: [0.0, 11.0, 15.0, 11.0, 0.0, 8.0, 0.0, 13.0, 0.0, 7.0, 15.0, 7.0, 15.0, 8.0, 15.0, 8.0, 0.0, 7.0, 0.0, 3.0, 9.0, 6.0, 0.0, 0.0]
B: [0.0, 64.0, 72.20259129788, 81.82668273552001, 84.69783929691, 112.49377995381, 124.51549172881, 256.0, 261.08428175852, 267.0, 277.4634044651, 289.38614345409997, 322.0, 336.2589470158, 352.0153710073, 373.77005714620003, 384.3603074737, 404.9001237338, 431.5272400253, 529.0, 546.6147745373, 562.9655871165, 568.38084565142, 591.82583396452]
