Avion: 4      Iteracion: 37

Num Ruta: 31
Ingresos: 380.074
Costos: 254.442559593
Utilidad Ruta: 125.631440407
Costo Reducido: 21.9013321651
Nodos: [104, 9, 44, 25, 60, 714]
q: [0, 11.0, -11.0, 10.0, -10.0, 0]
Q: [0, 11.0, 0.0, 10.0, 0.0, 0]
B: [0.0, 57.4296024799, 86.9568394824, 410.0, 427.1849823101, 447.9607021051]
