Avion: 6      Iteracion: 84

Num Ruta: 67
Ingresos: 2161.032
Costos: 468.14616043
Utilidad Ruta: 1692.88583957
Costo Reducido: 35.0264407782
Nodos: [106, 9, 44, 30, 65, 14, 49, 3, 38, 23, 35, 70, 34, 58, 22, 57, 69, 8, 33, 6, 41, 43, 13, 48, 68, 716]
q: [0.0, 11.0, -11.0, 11.0, -11.0, 8.0, -8.0, 13.0, -13.0, 7.0, 8.0, -8.0, 8.0, -7.0, 7.0, -7.0, -8.0, 6.0, 5.0, 4.0, -4.0, -6.0, 10.0, -10.0, -5.0, 0.0]
Q: [0.0, 11.0, 0.0, 11.0, 0.0, 8.0, 0.0, 13.0, 0.0, 7.0, 15.0, 7.0, 15.0, 8.0, 15.0, 8.0, 0.0, 6.0, 11.0, 15.0, 11.0, 5.0, 15.0, 5.0, 0.0, 0.0]
B: [0.0, 51.9831585901, 81.51039559259999, 97.29829592799999, 116.01231858479998, 143.8082592417, 155.8299710167, 256.0, 261.08428175852, 267.0, 277.4634044651, 289.38614345409997, 322.0, 336.2589470158, 352.0153710073, 373.77005714620003, 384.3603074737, 414.0, 437.0, 463.1548069196, 466.84709631779, 479.71309880498995, 481.92377494589994, 498.80692589589995, 504.15497619483995, 528.04742012594]
