Avion: 6      Iteracion: 33

Num Ruta: 31
Ingresos: 677.02
Costos: 157.539780288
Utilidad Ruta: 519.480219712
Costo Reducido: 76.9411328463
Nodos: [106, 17, 52, 30, 16, 51, 65, 32, 67, 6, 41, 5, 40, 716]
q: [0.0, 5.0, -5.0, 11.0, 4.0, -4.0, -11.0, 11.0, -11.0, 0.0, 0.0, 9.0, -9.0, 0.0]
Q: [0.0, 5.0, 0.0, 11.0, 15.0, 11.0, 0.0, 11.0, 0.0, 0.0, 0.0, 9.0, 0.0, 0.0]
B: [0.0, 24.0, 58.8425537813, 64.0, 72.20259129788, 81.82668273552001, 84.69783929691, 309.0, 319.4016530417, 436.0, 439.69228939819, 469.0, 470.12168890518, 476.84504297885]
