Avion: 5      Iteracion: 50

Num Ruta: 43
Ingresos: 1332.589
Costos: 452.480088849
Utilidad Ruta: 880.108911151
Costo Reducido: 88.6620791938
Nodos: [105, 9, 24, 44, 59, 1, 36, 18, 53, 25, 60, 19, 54, 715]
q: [0.0, 11.0, 4.0, -11.0, -4.0, 7.0, -7.0, 10.0, -10.0, 10.0, -10.0, 7.0, -7.0, 0.0]
Q: [0.0, 11.0, 15.0, 4.0, 0.0, 7.0, 0.0, 10.0, 0.0, 10.0, 0.0, 7.0, 0.0, 0.0]
B: [0.0, 31.4915482312, 61.0, 85.1402498951, 110.19581330919999, 175.0, 209.2400855285, 293.0, 316.8182362487, 410.0, 427.1849823101, 443.8578739909, 470.48499028239996, 506.16667405709995]
