Avion: 7      Iteracion: 6

Num Ruta: 9
Ingresos: 1017.625
Costos: 320.68193088
Utilidad Ruta: 696.94306912
Costo Reducido: 241.183428042
Nodos: [107, 11, 46, 1, 36, 3, 38, 23, 18, 53, 58, 717]
q: [0.0, 6.0, -6.0, 7.0, -7.0, 13.0, -13.0, 5.0, 10.0, -10.0, -5.0, 0.0]
Q: [0.0, 6.0, 0.0, 7.0, 0.0, 13.0, 0.0, 5.0, 15.0, 5.0, 0.0, 0.0]
B: [0.0, 169.0, 173.05406684701, 195.72351838431, 229.96360391281002, 256.0, 261.08428175852, 267.0, 293.0, 316.8182362487, 326.74376782137, 362.27942163557]
