Avion: 6      Iteracion: 12

Num Ruta: 15
Ingresos: 1243.366
Costos: 365.037339943
Utilidad Ruta: 878.328660057
Costo Reducido: 184.976250718
Nodos: [106, 17, 52, 24, 59, 10, 45, 35, 70, 32, 67, 6, 41, 8, 5, 43, 40, 716]
q: [0.0, 5.0, -5.0, 11.0, -11.0, 12.0, -12.0, 8.0, -8.0, 11.0, -11.0, 4.0, -4.0, 8.0, 7.0, -8.0, -7.0, 0.0]
Q: [0.0, 5.0, 0.0, 11.0, 0.0, 12.0, 0.0, 8.0, 0.0, 11.0, 0.0, 4.0, 0.0, 8.0, 15.0, 7.0, 0.0, 0.0]
B: [0.0, 24.0, 58.8425537813, 75.400837086, 113.9137873885, 125.6997180688, 155.2192288032, 270.0, 281.922738989, 309.0, 319.4016530417, 436.0, 439.69228939819, 470.96534786709, 483.89371706048996, 493.64652793735996, 504.12450493676, 510.84785901043]
