Avion: 2      Iteracion: 54

Num Ruta: 40
Ingresos: 2641.341
Costos: 557.24410585
Utilidad Ruta: 2084.09689415
Costo Reducido: 166.163094844
Nodos: [102, 16, 51, 9, 24, 44, 59, 10, 45, 26, 61, 22, 57, 19, 25, 60, 54, 31, 66, 20, 4, 39, 55, 2, 37, 712]
q: [0.0, 9.0, -9.0, 11.0, 4.0, -11.0, -4.0, 12.0, -12.0, 10.0, -10.0, 10.0, -10.0, 7.0, 8.0, -8.0, -7.0, 9.0, -9.0, 0.0, 3.0, -3.0, 0.0, 10.0, -10.0, 0.0]
Q: [0.0, 9.0, 0.0, 11.0, 15.0, 4.0, 0.0, 12.0, 0.0, 10.0, 0.0, 10.0, 0.0, 7.0, 15.0, 7.0, 0.0, 9.0, 0.0, 0.0, 3.0, 0.0, 0.0, 10.0, 0.0, 0.0]
B: [0.0, 36.0, 45.624091437640004, 75.68094759394, 82.11782463176, 106.25807452686, 131.31363794096, 143.09956862126, 172.61907935566, 300.0, 317.5792279694, 331.2134086195, 352.9680947584, 402.0, 411.3920072402, 428.57698955029997, 445.3638459862, 462.46988541679997, 490.79536449479997, 511.575397411, 529.0, 549.4257496801999, 561.2869729308, 568.6172701962599, 609.35223224366, 613.46797871301]
