Avion: 4      Iteracion: 31

Num Ruta: 27
Ingresos: 1408.307
Costos: 310.839304545
Utilidad Ruta: 1097.46769545
Costo Reducido: 70.5042370593
Nodos: [104, 17, 52, 30, 65, 8, 33, 43, 68, 29, 64, 714]
q: [0, 5.0, -5.0, 11.0, -11.0, 8.0, 5.0, -8.0, -5.0, 9.0, -9.0, 0]
Q: [0, 5.0, 0.0, 11.0, 0.0, 8.0, 13.0, 5.0, 0.0, 9.0, 0.0, 0]
B: [0.0, 24.0, 58.8425537813, 64.0, 82.7140226568, 414.0, 437.0, 460.2743670161, 482.23124805599997, 549.0, 582.7797797802, 609.550209829]
