Avion: 1      Iteracion: 35

Num Ruta: 27
Ingresos: 302.012
Costos: 271.523016828
Utilidad Ruta: 30.4889831721
Costo Reducido: 31.9793796016
Nodos: [101, 30, 65, 13, 48, 711]
q: [0, 11.0, -11.0, 15.0, -15.0, 0]
Q: [0, 11.0, 0.0, 15.0, 0.0, 0]
B: [0.0, 64.0, 82.7140226568, 423.0, 439.88315095, 455.1345530167]
