Avion: 3      Iteracion: 6

Num Ruta: 10
Ingresos: 2532.062
Costos: 557.56953845
Utilidad Ruta: 1974.49246155
Costo Reducido: 946.450086163
Nodos: [103, 30, 65, 16, 51, 1, 11, 46, 36, 3, 38, 23, 35, 70, 18, 58, 53, 19, 8, 54, 43, 6, 41, 13, 48, 29, 4, 39, 64, 713]
q: [0.0, 11.0, -11.0, 9.0, -9.0, 7.0, 6.0, -6.0, -7.0, 13.0, -13.0, 5.0, 8.0, -8.0, 10.0, -5.0, -10.0, 7.0, 8.0, -7.0, -8.0, 4.0, -4.0, 15.0, -15.0, 9.0, 3.0, -3.0, -9.0, 0.0]
Q: [0.0, 11.0, 0.0, 9.0, 0.0, 7.0, 13.0, 7.0, 0.0, 13.0, 0.0, 5.0, 13.0, 5.0, 15.0, 10.0, 0.0, 7.0, 15.0, 8.0, 0.0, 4.0, 0.0, 15.0, 0.0, 9.0, 12.0, 9.0, 0.0, 0.0]
B: [0.0, 64.0, 82.7140226568, 93.53069441849999, 103.15478585614, 175.0, 193.6808285951, 197.73489544211, 232.05062478011, 256.0, 261.08428175852, 267.0, 277.4634044651, 289.38614345409997, 309.80429657819997, 335.24360798789996, 345.16913956057, 402.0, 425.1608815463, 443.1178409771, 446.04596016866, 455.23663179809, 458.92892119628, 472.33898730348, 489.22213825348, 549.0, 569.7100026316, 590.1357523117999, 602.3548233485, 628.7057429719]
