Avion: 6      Iteracion: 79

Num Ruta: 63
Ingresos: 2157.699
Costos: 476.735108128
Utilidad Ruta: 1680.96389187
Costo Reducido: 83.5648297757
Nodos: [106, 16, 51, 9, 44, 14, 49, 3, 38, 35, 70, 26, 34, 61, 22, 69, 57, 19, 33, 5, 40, 54, 68, 29, 64, 716]
q: [0.0, 9.0, -9.0, 11.0, -11.0, 8.0, -8.0, 13.0, -13.0, 8.0, -8.0, 10.0, 5.0, -10.0, 10.0, -5.0, -10.0, 7.0, 5.0, 0.0, 0.0, -7.0, -5.0, 9.0, -9.0, 0.0]
Q: [0.0, 9.0, 0.0, 11.0, 0.0, 8.0, 0.0, 13.0, 0.0, 8.0, 0.0, 10.0, 15.0, 5.0, 15.0, 10.0, 0.0, 7.0, 12.0, 12.0, 12.0, 5.0, 0.0, 9.0, 0.0, 0.0]
B: [0.0, 36.0, 45.624091437640004, 75.68094759394, 105.20818459644, 115.46499131194001, 127.48670308694001, 256.0, 261.08428175852, 274.08526633661995, 286.00800532561993, 300.35886749481995, 322.0, 336.913246092, 350.5474267421, 365.1165933964, 375.70684372389996, 402.0, 438.5935603624, 469.0, 470.12168890518, 478.47762499876, 500.38306982416003, 549.0, 582.7797797802, 603.1769870644999]
