Avion: 3      Iteracion: 23

Num Ruta: 26
Ingresos: 2880.787
Costos: 536.258718673
Utilidad Ruta: 2344.52828133
Costo Reducido: 118.990218815
Nodos: [103, 17, 30, 52, 16, 51, 65, 24, 59, 1, 11, 46, 36, 3, 38, 18, 53, 28, 63, 25, 60, 21, 4, 56, 27, 39, 62, 713]
q: [0.0, 5.0, 10.0, -5.0, 5.0, -5.0, -10.0, 11.0, -11.0, 7.0, 6.0, -6.0, -7.0, 13.0, -13.0, 10.0, -10.0, 6.0, -6.0, 10.0, -10.0, 12.0, 3.0, -12.0, 6.0, -3.0, -6.0, 0.0]
Q: [0.0, 5.0, 15.0, 10.0, 15.0, 10.0, 0.0, 11.0, 0.0, 7.0, 13.0, 7.0, 0.0, 13.0, 0.0, 10.0, 0.0, 6.0, 0.0, 10.0, 0.0, 12.0, 15.0, 3.0, 9.0, 6.0, 0.0, 0.0]
B: [0.0, 39.7453305433, 73.3590421503, 76.50349663399, 81.83513596913, 91.45922740677, 94.33038396815999, 119.06435485845999, 157.57730516096, 175.0, 193.6808285951, 197.73489544211, 232.05062478011, 256.0, 261.08428175852, 293.0, 316.8182362487, 378.0, 414.0266187839, 417.35999740026, 434.54497971036, 477.0, 529.0, 558.169797411, 571.3472456086, 587.6980581878, 593.11331672272, 621.38403700002]
