Avion: 3      Iteracion: 57

Num Ruta: 49
Ingresos: 2367.212
Costos: 435.409671684
Utilidad Ruta: 1931.80232832
Costo Reducido: 69.6459132622
Nodos: [103, 30, 65, 32, 67, 26, 34, 61, 69, 19, 8, 33, 54, 43, 13, 48, 68, 21, 4, 39, 56, 27, 62, 713]
q: [0.0, 11.0, -11.0, 11.0, -11.0, 7.0, 8.0, -7.0, -8.0, 7.0, 3.0, 5.0, -7.0, -3.0, 10.0, -10.0, -5.0, 12.0, 3.0, -3.0, -12.0, 6.0, -6.0, 0.0]
Q: [0.0, 11.0, 0.0, 11.0, 0.0, 7.0, 15.0, 8.0, 0.0, 7.0, 10.0, 15.0, 8.0, 5.0, 15.0, 5.0, 0.0, 12.0, 15.0, 12.0, 0.0, 6.0, 0.0, 0.0]
B: [0.0, 64.0, 82.7140226568, 309.0, 319.4016530417, 332.1221722921, 348.0493993263, 362.9626454183, 387.9493993691, 408.4892156292, 431.6500971755, 445.4147519841, 466.9631457525, 469.89126494405997, 472.10194108496995, 488.98509203496997, 494.33314233390996, 505.21261971110994, 529.0, 549.4257496801999, 566.2286940948, 579.4061422924, 596.4370046605, 624.7077249378]
