Avion: 6      Iteracion: 56

Num Ruta: 46
Ingresos: 1448.575
Costos: 390.06945073
Utilidad Ruta: 1058.50554927
Costo Reducido: 57.8337337204
Nodos: [106, 17, 52, 14, 49, 1, 36, 32, 67, 34, 69, 33, 6, 41, 68, 5, 40, 716]
q: [0, 5.0, -5.0, 8.0, -8.0, 7.0, -7.0, 11.0, -11.0, 8.0, -8.0, 5.0, 4.0, -4.0, -5.0, 9.0, -9.0, 0]
Q: [0, 5.0, 0.0, 8.0, 0.0, 7.0, 0.0, 11.0, 0.0, 8.0, 0.0, 5.0, 9.0, 5.0, 0.0, 9.0, 0.0, 0]
B: [0.0, 24.0, 58.8425537813, 112.0, 124.021711775, 175.0, 209.2400855285, 309.0, 319.4016530417, 346.1750898215, 382.6152200353, 437.0, 463.1548069196, 466.84709631779, 497.92495713539, 526.89637472239, 528.01806362757, 534.7414177012399]
