Avion: 1      Iteracion: 19

Num Ruta: 18
Ingresos: 390.321
Costos: 273.952126019
Utilidad Ruta: 116.368873981
Costo Reducido: 88.6316819868
Nodos: [101, 30, 16, 51, 65, 24, 59, 711]
q: [0.0, 6.0, 9.0, -9.0, -6.0, 11.0, -11.0, 0.0]
Q: [0.0, 6.0, 15.0, 6.0, 0.0, 11.0, 0.0, 0.0]
B: [0.0, 64.0, 72.20259129788, 81.82668273552001, 84.69783929691, 109.43181018721, 147.94476048971, 157.45068548415]
