Avion: 2      Iteracion: 70

Num Ruta: 50
Ingresos: 1621.552
Costos: 372.618556585
Utilidad Ruta: 1248.93344342
Costo Reducido: 13.3693143092
Nodos: [102, 16, 51, 10, 45, 26, 61, 22, 57, 20, 4, 39, 55, 2, 37, 712]
q: [0, 9.0, -9.0, 12.0, -12.0, 10.0, -10.0, 10.0, -10.0, 0.0, 3.0, -3.0, -0.0, 10.0, -10.0, 0]
Q: [0, 9.0, 0.0, 12.0, 0.0, 10.0, 0.0, 10.0, 0.0, 0.0, 3.0, 0.0, 0.0, 10.0, 0.0, 0]
B: [0.0, 36.0, 45.624091437640004, 96.0, 125.5195107344, 300.0, 317.5792279694, 331.2134086195, 352.9680947584, 496.0, 529.0, 549.4257496801999, 561.2869729308, 568.6172701962599, 609.35223224366, 613.46797871301]
