Avion: 6      Iteracion: 78

Num Ruta: 62
Ingresos: 2197.182
Costos: 483.852628645
Utilidad Ruta: 1713.32937135
Costo Reducido: 115.504020958
Nodos: [106, 16, 51, 9, 44, 30, 65, 35, 70, 34, 22, 57, 69, 33, 6, 41, 5, 40, 68, 21, 4, 56, 27, 39, 62, 716]
q: [0.0, 9.0, -9.0, 11.0, -11.0, 11.0, -11.0, 8.0, -8.0, 8.0, 7.0, -7.0, -8.0, 5.0, 4.0, -4.0, 0.0, 0.0, -5.0, 12.0, 3.0, -12.0, 6.0, -3.0, -6.0, 0.0]
Q: [0.0, 9.0, 0.0, 11.0, 0.0, 11.0, 0.0, 8.0, 0.0, 8.0, 15.0, 8.0, 0.0, 5.0, 9.0, 5.0, 5.0, 5.0, 0.0, 12.0, 15.0, 3.0, 9.0, 6.0, 0.0, 0.0]
B: [0.0, 36.0, 45.624091437640004, 75.68094759394, 105.20818459644, 120.99608493184, 139.71010758864, 270.0, 281.922738989, 322.0, 350.0636833826, 371.8183695215, 382.408619849, 437.0, 463.1548069196, 466.84709631779, 485.23595653258997, 486.35764543777, 515.37002005617, 526.24949743337, 541.19728579817, 570.36708320917, 583.54453140677, 599.89534398597, 605.31060252089, 615.0162728738301]
