Avion: 5      Iteracion: 26

Num Ruta: 27
Ingresos: 1465.856
Costos: 352.623756901
Utilidad Ruta: 1113.2322431
Costo Reducido: 108.854711921
Nodos: [105, 18, 70, 35, 53, 28, 63, 25, 60, 21, 15, 50, 27, 56, 62, 715]
q: [0.0, 10.0, -8.0, 8.0, -10.0, 6.0, -6.0, 10.0, -10.0, 12.0, 0.0, 0.0, 3.0, -12.0, -3.0, 0.0]
Q: [0.0, 10.0, 2.0, 10.0, 0.0, 6.0, 0.0, 10.0, 0.0, 12.0, 12.0, 12.0, 15.0, 3.0, 0.0, 0.0]
B: [0.0, 293.0, 313.4181531241, 325.3408921131, 357.0688460339, 378.0, 414.0266187839, 417.35999740026, 434.54497971036, 477.0, 511.0, 527.4211666151, 545.1349521224, 558.31240032, 579.2791895353, 611.934114585]
