Avion: 7      Iteracion: 71

Num Ruta: 60
Ingresos: 1996.509
Costos: 317.415768661
Utilidad Ruta: 1679.09323134
Costo Reducido: 24.0271206014
Nodos: [107, 14, 49, 3, 38, 23, 35, 70, 34, 58, 22, 57, 69, 19, 25, 60, 54, 31, 66, 717]
q: [0.0, 8.0, -8.0, 13.0, -13.0, 7.0, 8.0, -8.0, 8.0, -7.0, 7.0, -7.0, -8.0, 7.0, 8.0, -8.0, -7.0, 9.0, -9.0, 0.0]
Q: [0.0, 8.0, 0.0, 13.0, 0.0, 7.0, 15.0, 7.0, 15.0, 8.0, 15.0, 8.0, 0.0, 7.0, 15.0, 7.0, 0.0, 9.0, 0.0, 0.0]
B: [0.0, 112.0, 124.021711775, 256.0, 261.08428175852, 267.0, 277.4634044651, 289.38614345409997, 322.0, 336.2589470158, 352.0153710073, 373.77005714620003, 384.3603074737, 404.9001237338, 414.292130974, 431.47711328409997, 448.26396972, 465.37000915059997, 493.69548822859997, 497.33021022621995]
