Avion: 7      Iteracion: 30

Num Ruta: 30
Ingresos: 2265.71
Costos: 377.681166124
Utilidad Ruta: 1888.02883388
Costo Reducido: 10.1249219504
Nodos: [107, 14, 49, 11, 46, 1, 3, 36, 38, 23, 58, 22, 57, 19, 25, 60, 31, 54, 66, 717]
q: [0.0, 8.0, -8.0, 6.0, -6.0, 7.0, 0.0, -7.0, 0.0, 10.0, -10.0, 10.0, -10.0, 5.0, 10.0, -10.0, 9.0, -5.0, -9.0, 0.0]
Q: [0.0, 8.0, 0.0, 6.0, 0.0, 7.0, 7.0, 0.0, 0.0, 10.0, 0.0, 10.0, 0.0, 5.0, 15.0, 5.0, 14.0, 9.0, 0.0, 0.0]
B: [0.0, 112.0, 124.021711775, 169.0, 173.05406684701, 195.72351838431, 256.0, 263.0965519092, 271.28427747861, 274.64676480201, 314.38060770701003, 330.13703169851004, 351.89171783741006, 402.0, 411.3920072402, 428.57698955029997, 433.39863615700995, 450.50467558760994, 472.92283987460996, 476.55756187222994]
