Avion: 3      Iteracion: 44

Num Ruta: 42
Ingresos: 1300.84
Costos: 398.61599111
Utilidad Ruta: 902.22400889
Costo Reducido: 67.7553163206
Nodos: [103, 11, 46, 35, 70, 22, 57, 32, 67, 33, 5, 40, 68, 29, 4, 27, 39, 62, 64, 713]
q: [0.0, 6.0, -6.0, 8.0, -8.0, 10.0, -10.0, 11.0, -11.0, 5.0, 9.0, -9.0, -5.0, 9.0, 3.0, 3.0, -3.0, -3.0, -9.0, 0.0]
Q: [0.0, 6.0, 0.0, 8.0, 0.0, 10.0, 0.0, 11.0, 0.0, 5.0, 14.0, 5.0, 0.0, 9.0, 12.0, 15.0, 12.0, 9.0, 0.0, 0.0]
B: [0.0, 169.0, 173.05406684701, 270.0, 281.922738989, 299.64604976889996, 321.40073590779997, 355.4005132159, 365.8021662576, 437.0, 469.0, 470.12168890518, 499.13406352358, 549.0, 569.7100026316, 587.3247771689, 603.6755897481, 609.09084828302, 624.53822585982, 650.8891454832201]
