Avion: 4      Iteracion: 64

Num Ruta: 48
Ingresos: 3616.824
Costos: 545.70123601
Utilidad Ruta: 3071.12276399
Costo Reducido: 153.194472661
Nodos: [104, 17, 52, 9, 44, 1, 11, 46, 36, 3, 38, 23, 35, 70, 26, 61, 58, 31, 19, 66, 8, 54, 43, 6, 41, 2, 37, 29, 64, 714]
q: [0.0, 5.0, -5.0, 11.0, -11.0, 7.0, 6.0, -6.0, -7.0, 13.0, -13.0, 7.0, 8.0, -8.0, 8.0, -8.0, -7.0, 8.0, 7.0, -8.0, 8.0, -7.0, -8.0, 4.0, -4.0, 10.0, -10.0, 9.0, -9.0, 0.0]
Q: [0.0, 5.0, 0.0, 11.0, 0.0, 7.0, 13.0, 7.0, 0.0, 13.0, 0.0, 7.0, 15.0, 7.0, 15.0, 7.0, 0.0, 8.0, 15.0, 7.0, 15.0, 8.0, 0.0, 4.0, 0.0, 10.0, 0.0, 9.0, 0.0, 0.0]
B: [0.0, 24.0, 58.8425537813, 81.72911018459999, 111.25634718709999, 175.0, 193.6808285951, 197.73489544211, 232.05062478011, 256.0, 261.08428175852, 267.0, 277.4634044651, 289.38614345409997, 303.7370056233, 321.3162335927, 324.38330597528, 406.0, 427.4250045741, 443.5262214225, 452.30906754434, 470.26602697514, 473.19414616669997, 482.38481779612994, 486.0771071943199, 522.0, 562.7349620474, 572.53970258451, 606.31948236471, 633.08991241351]
