Avion: 3      Iteracion: 76

Num Ruta: 59
Ingresos: 1941.959
Costos: 511.811072786
Utilidad Ruta: 1430.14792721
Costo Reducido: 47.1624817605
Nodos: [103, 16, 51, 24, 59, 11, 46, 22, 57, 31, 66, 8, 33, 43, 6, 41, 68, 29, 4, 27, 64, 39, 62, 713]
q: [0.0, 9.0, -9.0, 11.0, -11.0, 6.0, -6.0, 10.0, -10.0, 9.0, -9.0, 8.0, 5.0, -8.0, 4.0, -4.0, -5.0, 6.0, 3.0, 6.0, -6.0, -3.0, -6.0, 0.0]
Q: [0.0, 9.0, 0.0, 11.0, 0.0, 6.0, 0.0, 10.0, 0.0, 9.0, 0.0, 8.0, 13.0, 5.0, 9.0, 5.0, 0.0, 6.0, 9.0, 15.0, 9.0, 6.0, 0.0, 0.0]
B: [0.0, 36.0, 45.624091437640004, 70.85029051714, 109.36324081964, 169.0, 173.05406684701, 299.0, 320.7546861389, 406.0, 434.325479078, 443.10832519984, 456.87298000844, 480.14734702453995, 489.3380186539699, 493.0303080521599, 524.1081688697599, 549.0, 569.7100026316, 587.3247771689, 595.54120516408, 607.76027620078, 613.1755347357, 641.446255013]
