Avion: 3      Iteracion: 61

Num Ruta: 52
Ingresos: 2759.678
Costos: 568.192190937
Utilidad Ruta: 2191.48580906
Costo Reducido: 79.4989192855
Nodos: [103, 30, 65, 10, 45, 1, 11, 46, 36, 3, 38, 23, 35, 70, 26, 61, 58, 34, 28, 69, 19, 63, 54, 4, 27, 62, 39, 713]
q: [0.0, 11.0, -11.0, 12.0, -12.0, 7.0, 6.0, -6.0, -7.0, 13.0, -13.0, 7.0, 8.0, -8.0, 8.0, -8.0, -7.0, 8.0, 6.0, -8.0, 7.0, -6.0, -7.0, 3.0, 6.0, -6.0, -3.0, 0.0]
Q: [0.0, 11.0, 0.0, 12.0, 0.0, 7.0, 13.0, 7.0, 0.0, 13.0, 0.0, 7.0, 15.0, 7.0, 15.0, 7.0, 0.0, 8.0, 14.0, 6.0, 13.0, 7.0, 0.0, 3.0, 9.0, 3.0, 0.0, 0.0]
B: [0.0, 64.0, 82.7140226568, 101.4070729429, 130.92658367730002, 175.0, 193.6808285951, 197.73489544211, 232.05062478011, 256.0, 261.08428175852, 267.0, 277.4634044651, 289.38614345409997, 303.7370056233, 321.3162335927, 324.38330597528, 338.64225299108, 378.0, 412.6152135628, 433.1550298229, 445.6908230966, 478.5209002363, 529.0, 546.6147745373, 563.6456369054, 569.06089544032, 599.74734551202]
