Avion: 3      Iteracion: 26

Num Ruta: 29
Ingresos: 1937.253
Costos: 506.242884951
Utilidad Ruta: 1431.01011505
Costo Reducido: 67.7543304922
Nodos: [103, 17, 30, 52, 16, 51, 65, 10, 45, 35, 70, 32, 67, 26, 61, 34, 28, 69, 63, 25, 60, 713]
q: [0.0, 5.0, 10.0, -5.0, 5.0, -5.0, -10.0, 12.0, -12.0, 8.0, -8.0, 11.0, -11.0, 10.0, -10.0, 8.0, 6.0, -8.0, -6.0, 10.0, -10.0, 0.0]
Q: [0.0, 5.0, 15.0, 10.0, 15.0, 10.0, 0.0, 12.0, 0.0, 8.0, 0.0, 11.0, 0.0, 10.0, 0.0, 8.0, 14.0, 6.0, 0.0, 10.0, 0.0, 0.0]
B: [0.0, 39.7453305433, 73.3590421503, 76.50349663399, 81.83513596913, 91.45922740677, 94.33038396815999, 113.02343425426, 142.54294498866, 270.0, 281.922738989, 309.0, 319.4016530417, 332.1221722921, 349.7014002615, 364.6146463535, 380.64753417820003, 415.26274774100006, 447.2133034952001, 450.5466821115601, 467.73166442166007, 474.18783766903005]
