Avion: 3      Iteracion: 21

Num Ruta: 24
Ingresos: 2765.876
Costos: 563.497498881
Utilidad Ruta: 2202.37850112
Costo Reducido: 91.1331041702
Nodos: [103, 10, 45, 1, 36, 23, 18, 53, 58, 32, 67, 19, 25, 54, 60, 21, 4, 39, 56, 713]
q: [0.0, 12.0, -12.0, 7.0, -7.0, 10.0, 5.0, -5.0, -10.0, 11.0, -11.0, 7.0, 8.0, -7.0, -8.0, 12.0, 3.0, -3.0, -12.0, 0.0]
Q: [0.0, 12.0, 0.0, 7.0, 0.0, 10.0, 15.0, 10.0, 0.0, 11.0, 0.0, 7.0, 15.0, 8.0, 0.0, 12.0, 15.0, 12.0, 0.0, 0.0]
B: [0.0, 96.0, 125.5195107344, 175.0, 209.2400855285, 267.0, 293.0, 316.8182362487, 326.74376782137, 349.22807365897, 359.62972670067, 409.39496956157, 418.78697680177, 450.46268992717, 467.24954636307, 477.0, 529.0, 549.4257496801999, 566.2286940948, 597.3864399214999]
