Avion: 1      Iteracion: 10

Num Ruta: 12
Ingresos: 173.492
Costos: 240.306460442
Utilidad Ruta: -66.8144604416
Costo Reducido: 82.9166839443
Nodos: [101, 30, 65, 711]
q: [0, 11.0, -11.0, 0]
Q: [0, 11.0, 0.0, 0]
B: [0.0, 64.0, 82.7140226568, 103.8050199068]
