Avion: 2      Iteracion: 48

Num Ruta: 35
Ingresos: 730.403
Costos: 351.349755183
Utilidad Ruta: 379.053244817
Costo Reducido: 14.0377015302
Nodos: [102, 16, 51, 32, 67, 2, 37, 712]
q: [0, 9.0, -9.0, 11.0, -11.0, 10.0, -10.0, 0]
Q: [0, 9.0, 0.0, 11.0, 0.0, 10.0, 0.0, 0]
B: [0.0, 36.0, 45.624091437640004, 309.0, 319.4016530417, 522.0, 562.7349620474, 566.85070851675]
