Avion: 6      Iteracion: 49

Num Ruta: 40
Ingresos: 1796.71
Costos: 395.56109877
Utilidad Ruta: 1401.14890123
Costo Reducido: 52.08782396
Nodos: [106, 30, 65, 23, 35, 70, 34, 58, 32, 67, 69, 8, 6, 41, 5, 40, 43, 4, 29, 64, 39, 716]
q: [0.0, 11.0, -11.0, 7.0, 8.0, -8.0, 8.0, -7.0, 7.0, -7.0, -8.0, 8.0, 4.0, -4.0, 7.0, -7.0, -8.0, 3.0, 9.0, -9.0, -3.0, 0.0]
Q: [0.0, 11.0, 0.0, 7.0, 15.0, 7.0, 15.0, 8.0, 15.0, 8.0, 0.0, 8.0, 12.0, 8.0, 15.0, 8.0, 0.0, 3.0, 12.0, 3.0, 0.0, 0.0]
B: [0.0, 64.0, 82.7140226568, 267.0, 277.4634044651, 289.38614345409997, 322.0, 336.2589470158, 358.7432528534, 369.1449058951, 400.18719074980004, 414.0, 441.9144979715, 445.60678736969, 469.0, 470.12168890518, 480.59966590458, 529.0, 549.7100026316, 583.4897824118, 595.7088534485, 610.3859682876]
