Avion: 3      Iteracion: 14

Num Ruta: 17
Ingresos: 1704.289
Costos: 469.443452158
Utilidad Ruta: 1234.84554784
Costo Reducido: 150.097261302
Nodos: [103, 30, 16, 51, 65, 14, 49, 11, 46, 1, 36, 32, 67, 26, 61, 28, 31, 66, 63, 25, 60, 713]
q: [0.0, 6.0, 9.0, -9.0, -6.0, 8.0, -8.0, 6.0, -6.0, 7.0, -7.0, 11.0, -11.0, 10.0, -10.0, 6.0, 9.0, -9.0, -6.0, 10.0, -10.0, 0.0]
Q: [0.0, 6.0, 15.0, 6.0, 0.0, 8.0, 0.0, 6.0, 0.0, 7.0, 0.0, 11.0, 0.0, 10.0, 0.0, 6.0, 15.0, 6.0, 0.0, 10.0, 0.0, 0.0]
B: [0.0, 64.0, 72.20259129788, 81.82668273552001, 84.69783929691, 112.49377995381, 124.51549172881, 169.0, 173.05406684701, 195.72351838431, 229.96360391281002, 309.0, 319.4016530417, 332.1221722921, 349.7014002615, 378.0, 406.0, 434.325479078, 462.7399107809, 466.07328939726, 483.25827170736, 489.71444495472997]
