Avion: 5      Iteracion: 12

Num Ruta: 13
Ingresos: 1145.251
Costos: 450.275843672
Utilidad Ruta: 694.975156328
Costo Reducido: 167.077505706
Nodos: [105, 30, 16, 51, 65, 24, 59, 11, 46, 35, 70, 18, 53, 28, 63, 4, 39, 715]
q: [0.0, 11.0, 4.0, -4.0, -11.0, 11.0, -11.0, 6.0, -6.0, 8.0, -8.0, 10.0, -10.0, 6.0, -6.0, 3.0, -3.0, 0.0]
Q: [0.0, 11.0, 15.0, 11.0, 0.0, 11.0, 0.0, 6.0, 0.0, 8.0, 0.0, 10.0, 0.0, 6.0, 0.0, 3.0, 0.0, 0.0]
B: [0.0, 64.0, 72.20259129788, 81.82668273552001, 84.69783929691, 109.43181018721, 147.94476048971, 169.0, 173.05406684701, 270.0, 281.922738989, 302.3408921131, 326.15912836179996, 378.0, 414.0266187839, 529.0, 549.4257496801999, 587.1398410121999]
