Avion: 5      Iteracion: 7

Num Ruta: 9
Ingresos: 2910.921
Costos: 571.471757452
Utilidad Ruta: 2339.44924255
Costo Reducido: 730.360859597
Nodos: [105, 9, 44, 30, 16, 51, 65, 14, 49, 23, 58, 18, 53, 28, 63, 25, 60, 13, 48, 21, 15, 50, 4, 56, 27, 39, 62, 715]
q: [0.0, 11.0, -11.0, 11.0, 4.0, -4.0, -11.0, 8.0, -8.0, 10.0, -10.0, 10.0, -10.0, 6.0, -6.0, 10.0, -10.0, 15.0, -15.0, 12.0, 0.0, 0.0, 3.0, -12.0, 6.0, -3.0, -6.0, 0.0]
Q: [0.0, 11.0, 0.0, 11.0, 15.0, 11.0, 0.0, 8.0, 0.0, 10.0, 0.0, 10.0, 0.0, 6.0, 0.0, 10.0, 0.0, 15.0, 0.0, 12.0, 12.0, 12.0, 15.0, 3.0, 9.0, 6.0, 0.0, 0.0]
B: [0.0, 31.4915482312, 61.0187852337, 76.8066855691, 85.00927686698, 94.63336830462, 97.50452486601, 125.30046552291, 137.32217729791, 267.0, 306.733842905, 332.1731543147, 355.9913905634, 378.0, 414.0266187839, 417.35999740026, 434.54497971036, 450.54604017526, 467.42919112526, 482.94058751626, 511.0, 527.4211666151, 532.99584588839, 562.16564329939, 575.34309149699, 591.69390407619, 597.10916261111, 629.76408766081]
