Avion: 1      Iteracion: 5

Num Ruta: 7
Ingresos: 923.357
Costos: 372.842915151
Utilidad Ruta: 550.514084849
Costo Reducido: 538.558426999
Nodos: [101, 17, 52, 25, 60, 29, 64, 711]
q: [0, 5.0, -5.0, 10.0, -10.0, 9.0, -9.0, 0]
Q: [0, 5.0, 0.0, 10.0, 0.0, 9.0, 0.0, 0]
B: [0.0, 24.0, 58.8425537813, 410.0, 427.1849823101, 549.0, 582.7797797802, 598.8802887473]
