Avion: 7      Iteracion: 10

Num Ruta: 12
Ingresos: 1591.12
Costos: 372.022430909
Utilidad Ruta: 1219.09756909
Costo Reducido: 354.212086914
Nodos: [107, 30, 16, 51, 65, 10, 45, 11, 46, 3, 38, 23, 35, 70, 26, 61, 58, 22, 57, 717]
q: [0.0, 11.0, 4.0, -4.0, -11.0, 12.0, -12.0, 6.0, -6.0, 0.0, 0.0, 7.0, 8.0, -8.0, 8.0, -8.0, -7.0, 10.0, -10.0, 0.0]
Q: [0.0, 11.0, 15.0, 11.0, 0.0, 12.0, 0.0, 6.0, 0.0, 0.0, 0.0, 7.0, 15.0, 7.0, 15.0, 7.0, 0.0, 10.0, 0.0, 0.0]
B: [0.0, 64.0, 72.20259129788, 81.82668273552001, 84.69783929691, 103.39088958301001, 132.91040031741, 185.54861690001, 189.60268374702, 256.0, 261.08428175852, 267.0, 277.4634044651, 289.38614345409997, 303.7370056233, 321.3162335927, 324.38330597528, 340.13972996678, 361.89441610568, 363.86120485895003]
