Avion: 5      Iteracion: 46

Num Ruta: 41
Ingresos: 1374.883
Costos: 438.848302434
Utilidad Ruta: 936.034697566
Costo Reducido: 101.641530417
Nodos: [105, 30, 65, 18, 53, 31, 8, 66, 43, 13, 48, 29, 4, 39, 64, 715]
q: [0.0, 11.0, -11.0, 10.0, -10.0, 9.0, 6.0, -9.0, -6.0, 15.0, -15.0, 9.0, 3.0, -3.0, -9.0, 0.0]
Q: [0.0, 11.0, 0.0, 10.0, 0.0, 9.0, 15.0, 6.0, 0.0, 15.0, 0.0, 9.0, 12.0, 9.0, 0.0, 0.0]
B: [0.0, 64.0, 82.7140226568, 293.0, 316.8182362487, 406.0, 435.118175166, 443.90102128784, 469.24019230824, 471.45086844915, 488.33401939915, 549.0, 569.7100026316, 590.1357523117999, 602.3548233485, 649.6657672832999]
