Avion: 3      Iteracion: 17

Num Ruta: 20
Ingresos: 1293.797
Costos: 400.078139987
Utilidad Ruta: 893.718860013
Costo Reducido: 96.5045057744
Nodos: [103, 17, 16, 51, 52, 30, 65, 14, 49, 3, 38, 19, 25, 54, 60, 713]
q: [0.0, 5.0, 9.0, -9.0, -5.0, 11.0, -11.0, 8.0, -8.0, 13.0, -13.0, 7.0, 8.0, -7.0, -8.0, 0.0]
Q: [0.0, 5.0, 14.0, 5.0, 0.0, 11.0, 0.0, 8.0, 0.0, 13.0, 0.0, 7.0, 15.0, 8.0, 0.0, 0.0]
B: [0.0, 39.7453305433, 74.54680752350001, 84.17089896114001, 98.81866773324, 101.96312221693, 120.67714487373, 148.47308553063, 160.49479730563, 256.0, 261.08428175852, 402.0, 411.3920072402, 443.0677203656, 459.8545768015, 466.31075004887]
