Avion: 7      Iteracion: 38

Num Ruta: 38
Ingresos: 1776.373
Costos: 285.973404547
Utilidad Ruta: 1490.39959545
Costo Reducido: 48.2609445611
Nodos: [107, 14, 49, 3, 38, 23, 35, 70, 58, 22, 57, 19, 25, 60, 54, 31, 66, 717]
q: [0.0, 8.0, -8.0, 0.0, 0.0, 7.0, 8.0, -8.0, -7.0, 10.0, -10.0, 7.0, 8.0, -8.0, -7.0, 9.0, -9.0, 0.0]
Q: [0.0, 8.0, 0.0, 0.0, 0.0, 7.0, 15.0, 7.0, 0.0, 10.0, 0.0, 7.0, 15.0, 7.0, 0.0, 9.0, 0.0, 0.0]
B: [0.0, 112.0, 124.021711775, 256.0, 261.08428175852, 267.0, 277.4634044651, 289.38614345409997, 313.15284696969997, 328.9092709612, 350.6639571001, 402.0, 411.3920072402, 428.57698955029997, 445.3638459862, 462.46988541679997, 490.79536449479997, 494.43008649241995]
