Avion: 6      Iteracion: 65

Num Ruta: 53
Ingresos: 2059.319
Costos: 259.107460252
Utilidad Ruta: 1800.21153975
Costo Reducido: 181.087906906
Nodos: [106, 1, 36, 3, 38, 23, 35, 70, 26, 61, 58, 31, 19, 66, 8, 54, 43, 6, 41, 5, 40, 716]
q: [0.0, 7.0, -7.0, 13.0, -13.0, 7.0, 8.0, -8.0, 8.0, -8.0, -7.0, 8.0, 7.0, -8.0, 8.0, -7.0, -8.0, 0.0, 0.0, 9.0, -9.0, 0.0]
Q: [0.0, 7.0, 0.0, 13.0, 0.0, 7.0, 15.0, 7.0, 15.0, 7.0, 0.0, 8.0, 15.0, 7.0, 15.0, 8.0, 0.0, 0.0, 0.0, 9.0, 0.0, 0.0]
B: [0.0, 175.0, 209.2400855285, 256.0, 261.08428175852, 267.0, 277.4634044651, 289.38614345409997, 303.7370056233, 321.3162335927, 324.38330597528, 406.0, 427.4250045741, 443.5262214225, 452.30906754434, 470.26602697514, 473.19414616669997, 482.38481779612994, 486.0771071943199, 504.4659674091199, 505.5876563142999, 512.3110103879699]
