Avion: 6      Iteracion: 89

Num Ruta: 72
Ingresos: 1274.239
Costos: 253.920723994
Utilidad Ruta: 1020.31827601
Costo Reducido: 21.458686901
Nodos: [106, 17, 30, 52, 16, 65, 51, 35, 70, 33, 8, 43, 13, 48, 68, 5, 40, 716]
q: [0.0, 5.0, 10.0, -5.0, 5.0, -10.0, -5.0, 8.0, -8.0, 5.0, 8.0, -8.0, 10.0, -10.0, -5.0, 9.0, -9.0, 0.0]
Q: [0.0, 5.0, 15.0, 10.0, 15.0, 5.0, 0.0, 8.0, 0.0, 5.0, 13.0, 5.0, 15.0, 5.0, 0.0, 9.0, 0.0, 0.0]
B: [0.0, 24.0, 64.0, 67.14445448369, 72.47609381883, 83.29276558052999, 86.16392214191998, 270.0, 281.922738989, 437.0, 450.76465480859997, 471.5330514246, 473.74372756550997, 490.62687851551, 495.97492881445, 524.94634640145, 526.06803530663, 532.7913893803]
