Avion: 6      Iteracion: 32

Num Ruta: 30
Ingresos: 937.924
Costos: 222.36568429
Utilidad Ruta: 715.55831571
Costo Reducido: 32.5778540317
Nodos: [106, 17, 52, 30, 65, 26, 61, 27, 62, 716]
q: [0, 5.0, -5.0, 11.0, -11.0, 10.0, -10.0, 6.0, -6.0, 0]
Q: [0, 5.0, 0.0, 11.0, 0.0, 10.0, 0.0, 6.0, 0.0, 0]
B: [0.0, 24.0, 58.8425537813, 64.0, 82.7140226568, 300.0, 317.5792279694, 538.0, 555.0308623681, 564.73653272104]
