Avion: 1      Iteracion: 9

Num Ruta: 11
Ingresos: 96.192
Costos: 253.878733517
Utilidad Ruta: -157.686733517
Costo Reducido: 69.0702825555
Nodos: [101, 27, 62, 711]
q: [0, 6.0, -6.0, 0]
Q: [0, 6.0, 0.0, 0]
B: [0.0, 538.0, 555.0308623681, 569.1482535223]
