Avion: 4      Iteracion: 51

Num Ruta: 38
Ingresos: 1615.282
Costos: 428.827818117
Utilidad Ruta: 1186.45418188
Costo Reducido: 16.4202787056
Nodos: [104, 17, 52, 9, 44, 23, 35, 70, 58, 34, 32, 67, 69, 25, 60, 29, 4, 39, 64, 714]
q: [0.0, 0.0, 0.0, 11.0, -11.0, 7.0, 8.0, -8.0, -7.0, 4.0, 11.0, -11.0, -4.0, 10.0, -10.0, 9.0, 3.0, -3.0, -9.0, 0.0]
Q: [0.0, 0.0, 0.0, 11.0, 0.0, 7.0, 15.0, 7.0, 0.0, 4.0, 15.0, 4.0, 0.0, 10.0, 0.0, 9.0, 12.0, 9.0, 0.0, 0.0]
B: [0.0, 24.0, 58.8425537813, 81.72911018459999, 111.25634718709999, 267.0, 277.4634044651, 289.38614345409997, 313.15284696969997, 327.41179398549997, 347.4347118798, 357.8363649215, 388.87864977619995, 418.19748420049996, 435.38246651059995, 549.0, 569.7100026316, 590.1357523117999, 602.3548233485, 629.1252533973]
