Avion: 4      Iteracion: 66

Num Ruta: 49
Ingresos: 2137.022
Costos: 421.58073435
Utilidad Ruta: 1715.44126565
Costo Reducido: 85.1356663674
Nodos: [104, 17, 52, 30, 65, 14, 49, 3, 38, 23, 35, 58, 70, 33, 6, 41, 68, 29, 64, 714]
q: [0.0, 5.0, -5.0, 11.0, -11.0, 8.0, -8.0, 13.0, -13.0, 10.0, 5.0, -10.0, -5.0, 5.0, 4.0, -4.0, -5.0, 9.0, -9.0, 0.0]
Q: [0.0, 5.0, 0.0, 11.0, 0.0, 8.0, 0.0, 13.0, 0.0, 10.0, 15.0, 5.0, 0.0, 5.0, 9.0, 5.0, 0.0, 9.0, 0.0, 0.0]
B: [0.0, 24.0, 58.8425537813, 64.0, 82.7140226568, 112.0, 124.021711775, 256.0, 261.08428175852, 267.0, 277.4634044651, 306.7341364853, 330.5008400009, 437.0, 463.1548069196, 466.84709631779, 497.92495713539, 549.0, 582.7797797802, 609.550209829]
