Avion: 6      Iteracion: 59

Num Ruta: 48
Ingresos: 2315.981
Costos: 421.6885051
Utilidad Ruta: 1894.2924949
Costo Reducido: 208.744000618
Nodos: [106, 16, 51, 9, 24, 44, 59, 10, 45, 35, 70, 23, 18, 58, 53, 31, 19, 66, 8, 54, 43, 6, 41, 5, 40, 716]
q: [0.0, 9.0, -9.0, 4.0, 11.0, -4.0, -11.0, 12.0, -12.0, 8.0, -8.0, 10.0, 5.0, -10.0, -5.0, 8.0, 7.0, -8.0, 8.0, -7.0, -8.0, 4.0, -4.0, 9.0, -9.0, 0.0]
Q: [0.0, 9.0, 0.0, 4.0, 15.0, 11.0, 0.0, 12.0, 0.0, 8.0, 0.0, 10.0, 15.0, 5.0, 0.0, 8.0, 15.0, 7.0, 15.0, 8.0, 0.0, 4.0, 0.0, 9.0, 0.0, 0.0]
B: [0.0, 36.0, 45.624091437640004, 75.68094759394, 82.11782463176, 106.25807452686, 131.31363794096, 143.09956862126, 172.61907935566, 270.0, 281.922738989, 302.04960511369995, 322.2285552598, 347.6678666695, 357.59339824217, 406.0, 427.4250045741, 443.5262214225, 452.30906754434, 470.26602697514, 473.19414616669997, 482.38481779612994, 486.0771071943199, 504.4659674091199, 505.5876563142999, 512.3110103879699]
