Avion: 1      Iteracion: 45

Num Ruta: 33
Ingresos: 1134.569
Costos: 364.008299401
Utilidad Ruta: 770.5607006
Costo Reducido: 67.4780195031
Nodos: [101, 30, 65, 24, 59, 1, 36, 35, 70, 32, 67, 34, 69, 711]
q: [0, 11.0, -11.0, 11.0, -11.0, 7.0, -7.0, 8.0, -8.0, 11.0, -11.0, 8.0, -8.0, 0]
Q: [0, 11.0, 0.0, 11.0, 0.0, 7.0, 0.0, 8.0, 0.0, 11.0, 0.0, 8.0, 0.0, 0]
B: [0.0, 64.0, 82.7140226568, 107.4479935471, 145.9609438496, 175.0, 209.2400855285, 270.0, 281.922738989, 309.0, 319.4016530417, 346.1750898215, 382.6152200353, 401.05948038910003]
