Avion: 5      Iteracion: 70

Num Ruta: 58
Ingresos: 1511.897
Costos: 385.155739685
Utilidad Ruta: 1126.74126031
Costo Reducido: 56.7707434808
Nodos: [105, 14, 49, 35, 70, 22, 57, 18, 53, 28, 31, 63, 19, 54, 66, 715]
q: [0.0, 8.0, -8.0, 8.0, -8.0, 10.0, -10.0, 10.0, -10.0, 6.0, 9.0, -6.0, 6.0, -6.0, -9.0, 0.0]
Q: [0.0, 8.0, 0.0, 8.0, 0.0, 10.0, 0.0, 10.0, 0.0, 6.0, 15.0, 9.0, 15.0, 9.0, 0.0, 0.0]
B: [0.0, 112.0, 124.021711775, 270.0, 281.922738989, 299.64604976889996, 321.40073590779997, 334.8011725052, 358.61940875389996, 378.0, 406.0, 426.4968799577, 439.0326732314, 465.6597895229, 488.0779538099, 501.8306975725]
