Avion: 4      Iteracion: 10

Num Ruta: 13
Ingresos: 2445.834
Costos: 606.431411465
Utilidad Ruta: 1839.40258853
Costo Reducido: 197.424316456
Nodos: [104, 16, 51, 24, 9, 44, 59, 10, 45, 23, 35, 70, 26, 58, 61, 22, 57, 25, 60, 31, 33, 66, 68, 714]
q: [0.0, 9.0, -9.0, 11.0, 4.0, -4.0, -11.0, 12.0, -12.0, 7.0, 8.0, -8.0, 8.0, -7.0, -8.0, 10.0, -10.0, 10.0, -10.0, 9.0, 5.0, -9.0, -5.0, 0.0]
Q: [0.0, 9.0, 0.0, 11.0, 15.0, 11.0, 0.0, 12.0, 0.0, 7.0, 15.0, 7.0, 15.0, 8.0, 0.0, 10.0, 0.0, 10.0, 0.0, 9.0, 14.0, 5.0, 0.0, 0.0]
B: [0.0, 37.6306202048, 47.25471164244, 72.48091072194, 78.91778775976, 108.44502476226, 133.50058817636, 145.28651885666, 174.80602959106, 267.0, 277.4634044651, 289.38614345409997, 303.7370056233, 323.4233783974, 326.49045077998, 340.12463143008, 361.87931756898, 410.0, 427.1849823101, 432.00662891681, 469.50789920201, 491.90606064441, 522.85785149731, 539.03226848831]
