Avion: 6      Iteracion: 14

Num Ruta: 17
Ingresos: 1459.205
Costos: 451.540999898
Utilidad Ruta: 1007.6640001
Costo Reducido: 215.001458893
Nodos: [106, 30, 16, 51, 65, 14, 49, 1, 36, 32, 67, 8, 33, 6, 41, 43, 13, 48, 68, 4, 27, 39, 62, 716]
q: [0.0, 6.0, 9.0, -9.0, -6.0, 8.0, -8.0, 7.0, -7.0, 11.0, -11.0, 6.0, 5.0, 4.0, -4.0, -6.0, 10.0, -10.0, -5.0, 3.0, 6.0, -3.0, -6.0, 0.0]
Q: [0.0, 6.0, 15.0, 6.0, 0.0, 8.0, 0.0, 7.0, 0.0, 11.0, 0.0, 6.0, 11.0, 15.0, 11.0, 5.0, 15.0, 5.0, 0.0, 3.0, 9.0, 6.0, 0.0, 0.0]
B: [0.0, 64.0, 72.20259129788, 81.82668273552001, 84.69783929691, 112.49377995381, 124.51549172881, 175.0, 209.2400855285, 309.0, 319.4016530417, 414.0, 437.0, 463.1548069196, 466.84709631779, 479.71309880498995, 481.92377494589994, 498.80692589589995, 504.15497619483995, 529.0, 546.6147745373, 562.9655871165, 568.38084565142, 578.0865160043601]
