Avion: 7      Iteracion: 59

Num Ruta: 52
Ingresos: 1504.301
Costos: 300.679038966
Utilidad Ruta: 1203.62196103
Costo Reducido: 106.361595737
Nodos: [107, 14, 49, 3, 38, 23, 35, 70, 34, 58, 22, 57, 69, 19, 54, 31, 66, 717]
q: [0.0, 8.0, -8.0, 0.0, 0.0, 7.0, 8.0, -8.0, 8.0, -7.0, 0.0, 0.0, -8.0, 7.0, -7.0, 9.0, -9.0, 0.0]
Q: [0.0, 8.0, 0.0, 0.0, 0.0, 7.0, 15.0, 7.0, 15.0, 8.0, 8.0, 8.0, 0.0, 7.0, 0.0, 9.0, 0.0, 0.0]
B: [0.0, 112.0, 124.021711775, 256.0, 261.08428175852, 267.0, 277.4634044651, 289.38614345409997, 322.0, 336.2589470158, 352.0153710073, 373.77005714620003, 384.3603074737, 404.9001237338, 431.5272400253, 448.6332794559, 476.9587585339, 480.59348053151996]
