Avion: 5      Iteracion: 2

Num Ruta: 5
Ingresos: 2844.006
Costos: 736.925685802
Utilidad Ruta: 2107.0803142
Costo Reducido: 1639.8658154
Nodos: [105, 16, 51, 9, 24, 44, 59, 10, 45, 11, 46, 35, 70, 32, 67, 26, 61, 34, 28, 69, 19, 63, 25, 60, 54, 21, 15, 50, 4, 56, 39, 715]
q: [0.0, 9.0, -9.0, 4.0, 11.0, -4.0, -11.0, 12.0, -12.0, 6.0, -6.0, 8.0, -8.0, 11.0, -11.0, 10.0, -10.0, 8.0, 6.0, -8.0, 7.0, -6.0, 8.0, -8.0, -7.0, 12.0, 0.0, 0.0, 3.0, -12.0, -3.0, 0.0]
Q: [0.0, 9.0, 0.0, 4.0, 15.0, 11.0, 0.0, 12.0, 0.0, 6.0, 0.0, 8.0, 0.0, 11.0, 0.0, 10.0, 0.0, 8.0, 14.0, 6.0, 13.0, 7.0, 15.0, 7.0, 0.0, 12.0, 12.0, 12.0, 15.0, 3.0, 0.0, 0.0]
B: [0.0, 36.0, 45.624091437640004, 75.68094759394, 82.11782463176, 106.25807452686, 131.31363794096, 143.09956862126, 172.61907935566, 225.25729593826, 229.31136278527, 270.0, 281.922738989, 309.0, 319.4016530417, 332.1221722921, 349.7014002615, 364.6146463535, 380.64753417820003, 415.26274774100006, 435.80256400110005, 448.33835727480005, 451.67173589116004, 468.85671820126004, 485.64357463716004, 509.25043501716004, 514.9226685278701, 531.3438351429701, 536.9185144162601, 566.0883118272601, 582.8912562418601, 620.6053475738601]
