Avion: 1      Iteracion: 59

Num Ruta: 39
Ingresos: 1715.643
Costos: 379.327268152
Utilidad Ruta: 1336.31573185
Costo Reducido: 102.108459909
Nodos: [101, 30, 16, 51, 65, 24, 59, 1, 36, 23, 58, 29, 64, 711]
q: [0.0, 0.0, 9.0, -9.0, 0.0, 11.0, -11.0, 7.0, -7.0, 10.0, -10.0, 9.0, -9.0, 0.0]
Q: [0.0, 0.0, 9.0, 0.0, 0.0, 11.0, 0.0, 7.0, 0.0, 10.0, 0.0, 9.0, 0.0, 0.0]
B: [0.0, 64.0, 72.20259129788, 81.82668273552001, 84.69783929691, 109.43181018721, 147.94476048971, 175.0, 209.2400855285, 267.0, 306.733842905, 549.0, 582.7797797802, 598.8802887473]
