Avion: 1      Iteracion: 2

Num Ruta: 5
Ingresos: 2553.767
Costos: 590.417894614
Utilidad Ruta: 1963.34910539
Costo Reducido: 1277.31312303
Nodos: [101, 30, 16, 51, 65, 24, 59, 1, 36, 35, 70, 26, 61, 18, 53, 28, 63, 25, 19, 60, 54, 5, 33, 40, 68, 21, 56, 711]
q: [0.0, 0.0, 9.0, -9.0, 0.0, 11.0, -11.0, 0.0, 0.0, 8.0, -8.0, 10.0, -10.0, 10.0, -10.0, 6.0, -6.0, 8.0, 7.0, -8.0, -7.0, 9.0, 5.0, -9.0, -5.0, 12.0, -12.0, 0.0]
Q: [0.0, 0.0, 9.0, 0.0, 0.0, 11.0, 0.0, 0.0, 0.0, 8.0, 0.0, 10.0, 0.0, 10.0, 0.0, 6.0, 0.0, 8.0, 15.0, 7.0, 0.0, 9.0, 14.0, 5.0, 0.0, 12.0, 0.0, 0.0]
B: [0.0, 64.0, 72.20259129788, 81.82668273552001, 84.69783929691, 109.43181018721, 147.94476048971, 175.0, 209.2400855285, 270.0, 281.922738989, 300.0, 317.5792279694, 340.8578987218, 364.67613497049996, 378.0, 414.0266187839, 417.35999740026, 426.75200464046, 443.42489632125995, 460.21175275715996, 469.0, 482.6981671767, 495.9883458813, 525.0007204997, 535.8801978769001, 576.6189885561, 598.861474231]
