Avion: 7      Iteracion: 0

Num Ruta: 3
Ingresos: 3687.505
Costos: 648.293561215
Utilidad Ruta: 3039.21143878
Costo Reducido: -
Nodos: [107, 17, 52, 24, 59, 14, 49, 11, 46, 1, 36, 3, 38, 23, 26, 61, 58, 22, 57, 19, 33, 54, 68, 21, 56, 717]
q: [0.0, 5.0, -5.0, 11.0, -11.0, 8.0, -8.0, 6.0, -6.0, 7.0, -7.0, 13.0, -13.0, 10.0, 5.0, -5.0, -10.0, 10.0, -10.0, 7.0, 5.0, -7.0, -5.0, 12.0, -12.0, 0.0]
Q: [0.0, 5.0, 0.0, 11.0, 0.0, 8.0, 0.0, 6.0, 0.0, 7.0, 0.0, 13.0, 0.0, 10.0, 15.0, 10.0, 0.0, 10.0, 0.0, 7.0, 12.0, 5.0, 0.0, 12.0, 0.0, 0.0]
B: [0.0, 45.942580685, 80.78513446630001, 97.343417771, 135.8563680735, 164.5027373722, 176.5244491472, 205.97287825639998, 210.02694510341, 232.69639664071, 266.93648216920997, 274.03303407840997, 279.11731583692995, 282.47980316032994, 316.9211467026299, 334.5003746720299, 337.56744705460994, 353.32387104610996, 375.07855718500997, 402.0, 438.5935603624, 460.1419541308, 482.0473989562, 492.9268763334, 533.6656670126, 577.2819379788]
