Avion: 5      Iteracion: 20

Num Ruta: 21
Ingresos: 874.258
Costos: 343.867223673
Utilidad Ruta: 530.390776327
Costo Reducido: 59.11450007
Nodos: [105, 30, 65, 24, 59, 18, 53, 28, 63, 715]
q: [0, 11.0, -11.0, 11.0, -11.0, 10.0, -10.0, 6.0, -6.0, 0]
Q: [0, 11.0, 0.0, 11.0, 0.0, 10.0, 0.0, 6.0, 0.0, 0]
B: [0.0, 64.0, 82.7140226568, 107.4479935471, 145.9609438496, 293.0, 316.8182362487, 378.0, 414.0266187839, 451.2632406769]
