Avion: 6      Iteracion: 85

Num Ruta: 68
Ingresos: 1446.296
Costos: 274.098787182
Utilidad Ruta: 1172.19721282
Costo Reducido: 45.8242313953
Nodos: [106, 10, 45, 34, 22, 69, 57, 19, 25, 60, 8, 54, 43, 6, 41, 5, 40, 716]
q: [0.0, 12.0, -12.0, 8.0, 7.0, -8.0, -7.0, 7.0, 8.0, -8.0, 8.0, -7.0, -8.0, 0.0, 0.0, 9.0, -9.0, 0.0]
Q: [0.0, 12.0, 0.0, 8.0, 15.0, 7.0, 0.0, 7.0, 15.0, 7.0, 15.0, 8.0, 0.0, 0.0, 0.0, 9.0, 0.0, 0.0]
B: [0.0, 96.0, 125.5195107344, 322.0, 350.0636833826, 364.6328500369, 375.22310036439995, 402.0, 411.3920072402, 428.57698955029997, 454.39758940779996, 472.35454883859995, 475.2826680301599, 484.4733396595899, 488.1656290577799, 506.5544892725799, 507.6761781777599, 514.3995322514298]
