Avion: 5      Iteracion: 81

Num Ruta: 67
Ingresos: 795.387
Costos: 363.888815287
Utilidad Ruta: 431.498184713
Costo Reducido: 28.3983816223
Nodos: [105, 30, 65, 33, 6, 41, 68, 29, 64, 715]
q: [0, 11.0, -11.0, 5.0, 4.0, -4.0, -5.0, 9.0, -9.0, 0]
Q: [0, 11.0, 0.0, 5.0, 9.0, 5.0, 0.0, 9.0, 0.0, 0]
B: [0.0, 64.0, 82.7140226568, 437.0, 463.1548069196, 466.84709631779, 497.92495713539, 549.0, 582.7797797802, 630.090723715]
