Avion: 4      Iteracion: 63

Num Ruta: 47
Ingresos: 3009.222
Costos: 544.133377513
Utilidad Ruta: 2465.08862249
Costo Reducido: 109.331289822
Nodos: [104, 17, 52, 16, 51, 10, 45, 1, 36, 23, 35, 70, 18, 58, 53, 31, 19, 66, 8, 33, 54, 43, 68, 29, 64, 714]
q: [0.0, 5.0, -5.0, 9.0, -9.0, 12.0, -12.0, 7.0, -7.0, 7.0, 8.0, -8.0, 8.0, -7.0, -8.0, 9.0, 6.0, -9.0, 4.0, 5.0, -6.0, -4.0, -5.0, 9.0, -9.0, 0.0]
Q: [0.0, 5.0, 0.0, 9.0, 0.0, 12.0, 0.0, 7.0, 0.0, 7.0, 15.0, 7.0, 15.0, 8.0, 0.0, 9.0, 15.0, 6.0, 10.0, 15.0, 9.0, 5.0, 0.0, 9.0, 0.0, 0.0]
B: [0.0, 24.0, 58.8425537813, 64.17419311644, 73.79828455408, 96.0, 125.5195107344, 175.0, 209.2400855285, 267.0, 277.4634044651, 289.38614345409997, 309.80429657819997, 335.24360798789996, 345.16913956057, 406.0, 427.4250045741, 443.5262214225, 452.30906754434, 466.07372235293997, 487.62211612133996, 490.55023531289993, 512.5071163527999, 549.0, 582.7797797802, 609.550209829]
