Avion: 7      Iteracion: 21

Num Ruta: 22
Ingresos: 1647.735
Costos: 364.581241468
Utilidad Ruta: 1283.15375853
Costo Reducido: 105.182513931
Nodos: [107, 14, 49, 3, 38, 23, 35, 58, 70, 32, 67, 33, 68, 29, 4, 64, 39, 717]
q: [0.0, 8.0, -8.0, 0.0, 0.0, 10.0, 5.0, -10.0, -5.0, 11.0, -11.0, 5.0, -5.0, 9.0, 3.0, -9.0, -3.0, 0.0]
Q: [0.0, 8.0, 0.0, 0.0, 0.0, 10.0, 15.0, 5.0, 0.0, 11.0, 0.0, 5.0, 0.0, 9.0, 12.0, 3.0, 0.0, 0.0]
B: [0.0, 112.0, 124.021711775, 256.0, 261.08428175852, 267.0, 277.4634044651, 306.7341364853, 330.5008400009, 342.0996211869, 352.5012742286, 437.0, 478.9526650524, 549.0, 569.7100026316, 592.5834067727, 604.8024778094, 633.549945524]
