Avion: 5      Iteracion: 6

Num Ruta: 8
Ingresos: 2157.032
Costos: 597.97690695
Utilidad Ruta: 1559.05509305
Costo Reducido: 932.60170277
Nodos: [105, 30, 65, 16, 51, 1, 11, 46, 36, 3, 38, 35, 70, 18, 53, 19, 8, 54, 43, 6, 41, 13, 48, 29, 4, 39, 64, 715]
q: [0, 11.0, -11.0, 9.0, -9.0, 7.0, 6.0, -6.0, -7.0, 13.0, -13.0, 8.0, -8.0, 10.0, -10.0, 7.0, 8.0, -7.0, -8.0, 4.0, -4.0, 15.0, -15.0, 9.0, 3.0, -3.0, -9.0, 0]
Q: [0, 11.0, 0.0, 9.0, 0.0, 7.0, 13.0, 7.0, 0.0, 13.0, 0.0, 8.0, 0.0, 10.0, 0.0, 7.0, 15.0, 8.0, 0.0, 4.0, 0.0, 15.0, 0.0, 9.0, 12.0, 9.0, 0.0, 0]
B: [0.0, 64.0, 82.7140226568, 93.53069441849999, 103.15478585614, 175.0, 193.6808285951, 197.73489544211, 232.05062478011, 256.0, 261.08428175852, 274.08526633661995, 286.00800532561993, 306.42615844971994, 330.2443946984199, 402.0, 425.1608815463, 443.1178409771, 446.04596016866, 455.23663179809, 458.92892119628, 472.33898730348, 489.22213825348, 549.0, 569.7100026316, 590.1357523117999, 602.3548233485, 649.6657672832999]
