Avion: 4      Iteracion: 56

Num Ruta: 41
Ingresos: 1556.684
Costos: 433.509889642
Utilidad Ruta: 1123.17411036
Costo Reducido: 59.3532565534
Nodos: [104, 17, 52, 14, 49, 1, 36, 25, 60, 31, 66, 33, 68, 714]
q: [0, 5.0, -5.0, 8.0, -8.0, 7.0, -7.0, 10.0, -10.0, 9.0, -9.0, 5.0, -5.0, 0]
Q: [0, 5.0, 0.0, 8.0, 0.0, 7.0, 0.0, 10.0, 0.0, 9.0, 0.0, 5.0, 0.0, 0]
B: [0.0, 24.0, 58.8425537813, 112.0, 124.021711775, 175.0, 209.2400855285, 410.0, 427.1849823101, 432.00662891681, 460.33210799481, 482.73026943721, 524.68293448961, 540.8573514806101]
