Avion: 6      Iteracion: 11

Num Ruta: 14
Ingresos: 2701.648
Costos: 465.532720023
Utilidad Ruta: 2236.11527998
Costo Reducido: 335.003765839
Nodos: [106, 17, 52, 16, 51, 10, 45, 32, 67, 26, 61, 34, 69, 19, 25, 60, 54, 6, 41, 5, 40, 2, 37, 29, 64, 716]
q: [0.0, 5.0, -5.0, 9.0, -9.0, 12.0, -12.0, 11.0, -11.0, 10.0, -10.0, 8.0, -8.0, 7.0, 8.0, -8.0, -7.0, 4.0, -4.0, 9.0, -9.0, 10.0, -10.0, 9.0, -9.0, 0.0]
Q: [0.0, 5.0, 0.0, 9.0, 0.0, 12.0, 0.0, 11.0, 0.0, 10.0, 0.0, 8.0, 0.0, 7.0, 15.0, 7.0, 0.0, 4.0, 0.0, 9.0, 0.0, 10.0, 0.0, 9.0, 0.0, 0.0]
B: [0.0, 24.0, 58.8425537813, 64.17419311644, 73.79828455408, 96.0, 125.5195107344, 309.0, 319.4016530417, 332.1221722921, 349.7014002615, 364.6146463535, 401.0547765673, 421.5945928274, 430.98660006759997, 448.17158237769996, 464.95843881359997, 476.74945781109994, 480.44174720928993, 498.8306074240899, 499.9522963292699, 522.0, 562.7349620474, 572.53970258451, 606.31948236471, 626.7166896490099]
