Avion: 6      Iteracion: 47

Num Ruta: 39
Ingresos: 1296.085
Costos: 315.575818796
Utilidad Ruta: 980.509181204
Costo Reducido: 0.0867108446589
Nodos: [106, 30, 65, 32, 67, 8, 43, 21, 4, 56, 39, 716]
q: [0, 11.0, -11.0, 11.0, -11.0, 8.0, -8.0, 12.0, 3.0, -12.0, -3.0, 0]
Q: [0, 11.0, 0.0, 11.0, 0.0, 8.0, 0.0, 12.0, 15.0, 3.0, 0.0, 0]
B: [0.0, 64.0, 82.7140226568, 309.0, 319.4016530417, 414.0, 434.768396616, 477.0, 529.0, 558.169797411, 574.9727418256, 589.6498566647]
