Avion: 2      Iteracion: 84

Num Ruta: 56
Ingresos: 3573.969
Costos: 688.261676375
Utilidad Ruta: 2885.70732362
Costo Reducido: 25.6614672115
Nodos: [102, 16, 51, 30, 65, 10, 45, 3, 38, 23, 35, 70, 34, 58, 22, 57, 69, 8, 33, 43, 13, 48, 68, 21, 56, 27, 62, 2, 37, 712]
q: [0.0, 9.0, -9.0, 11.0, -11.0, 12.0, -12.0, 13.0, -13.0, 7.0, 8.0, -8.0, 8.0, -7.0, 7.0, -7.0, -8.0, 8.0, 5.0, -8.0, 10.0, -10.0, -5.0, 12.0, -12.0, 6.0, -6.0, 10.0, -10.0, 0.0]
Q: [0.0, 9.0, 0.0, 11.0, 0.0, 12.0, 0.0, 13.0, 0.0, 7.0, 15.0, 7.0, 15.0, 8.0, 15.0, 8.0, 0.0, 8.0, 13.0, 5.0, 15.0, 5.0, 0.0, 12.0, 0.0, 6.0, 0.0, 10.0, 0.0, 0.0]
B: [0.0, 36.0, 45.624091437640004, 64.0, 82.7140226568, 101.4070729429, 130.92658367730002, 256.0, 261.08428175852, 267.0, 277.4634044651, 289.38614345409997, 322.0, 336.2589470158, 352.0153710073, 373.77005714620003, 384.3603074737, 414.0, 437.0, 460.2743670161, 462.48504315700995, 479.36819410700997, 484.71624440594996, 495.59572178314994, 536.33451246235, 549.51196065995, 566.54282302805, 577.9948961154499, 618.72985816285, 622.8456046322]
