Avion: 2      Iteracion: 30

Num Ruta: 27
Ingresos: 237.906
Costos: 410.846589742
Utilidad Ruta: -172.940589742
Costo Reducido: 20.7120554529
Nodos: [102, 11, 46, 25, 60, 712]
q: [0, 6.0, -6.0, 10.0, -10.0, 0]
Q: [0, 6.0, 0.0, 10.0, 0.0, 0]
B: [0.0, 169.0, 173.05406684701, 410.0, 427.1849823101, 436.54638145766]
