Avion: 2      Iteracion: 27

Num Ruta: 25
Ingresos: 337.577
Costos: 380.466606772
Utilidad Ruta: -42.889606772
Costo Reducido: 36.8138148968
Nodos: [102, 16, 51, 33, 68, 712]
q: [0, 9.0, -9.0, 5.0, -5.0, 0]
Q: [0, 9.0, 0.0, 5.0, 0.0, 0]
B: [0.0, 36.0, 45.624091437640004, 437.0, 478.9526650524, 489.28194508539997]
