Avion: 1      Iteracion: 6

Num Ruta: 8
Ingresos: 1386.235
Costos: 363.901929078
Utilidad Ruta: 1022.33307092
Costo Reducido: 579.213892829
Nodos: [101, 30, 16, 51, 65, 24, 59, 1, 36, 35, 70, 18, 53, 19, 8, 54, 43, 711]
q: [0.0, 11.0, 4.0, -4.0, -11.0, 0.0, 0.0, 7.0, -7.0, 8.0, -8.0, 10.0, -10.0, 7.0, 8.0, -7.0, -8.0, 0.0]
Q: [0.0, 11.0, 15.0, 11.0, 0.0, 0.0, 0.0, 7.0, 0.0, 8.0, 0.0, 10.0, 0.0, 7.0, 15.0, 8.0, 0.0, 0.0]
B: [0.0, 64.0, 72.20259129788, 81.82668273552001, 84.69783929691, 109.43181018721, 147.94476048971, 175.0, 209.2400855285, 270.0, 281.922738989, 302.3408921131, 326.15912836179996, 402.0, 425.1608815463, 443.1178409771, 446.04596016866, 451.75509145109]
