Avion: 4      Iteracion: 54

Num Ruta: 40
Ingresos: 1106.306
Costos: 360.513455483
Utilidad Ruta: 745.792544517
Costo Reducido: 2.60035574425
Nodos: [104, 17, 52, 9, 44, 10, 45, 32, 67, 33, 68, 714]
q: [0, 5.0, -5.0, 11.0, -11.0, 12.0, -12.0, 11.0, -11.0, 5.0, -5.0, 0]
Q: [0, 5.0, 0.0, 11.0, 0.0, 12.0, 0.0, 11.0, 0.0, 5.0, 0.0, 0]
B: [0.0, 24.0, 58.8425537813, 81.72911018459999, 111.25634718709999, 139.7984606337, 169.3179713681, 309.0, 319.4016530417, 437.0, 478.9526650524, 495.1270820434]
