Avion: 3      Iteracion: 10

Num Ruta: 14
Ingresos: 1543.154
Costos: 445.184427572
Utilidad Ruta: 1097.96957243
Costo Reducido: 310.795974204
Nodos: [103, 9, 44, 30, 16, 65, 51, 10, 45, 11, 46, 23, 35, 70, 26, 61, 58, 6, 41, 27, 62, 713]
q: [0.0, 11.0, -11.0, 11.0, 4.0, -11.0, -4.0, 12.0, -12.0, 6.0, -6.0, 7.0, 8.0, -8.0, 8.0, -8.0, -7.0, 4.0, -4.0, 6.0, -6.0, 0.0]
Q: [0.0, 11.0, 0.0, 11.0, 15.0, 4.0, 0.0, 12.0, 0.0, 6.0, 0.0, 7.0, 15.0, 7.0, 15.0, 7.0, 0.0, 4.0, 0.0, 6.0, 0.0, 0.0]
B: [0.0, 37.2069129329, 66.73414993540001, 82.52205027080001, 90.72464156868001, 101.54131333038, 104.41246989177, 120.24174710207001, 149.76125783647, 202.39947441907, 206.45354126608, 267.0, 277.4634044651, 289.38614345409997, 303.7370056233, 321.3162335927, 324.38330597528, 436.0, 439.69228939819, 538.0, 555.0308623681, 583.3015826454]
