Avion: 5      Iteracion: 53

Num Ruta: 46
Ingresos: 859.09
Costos: 380.112829257
Utilidad Ruta: 478.977170743
Costo Reducido: 28.4800169573
Nodos: [105, 18, 53, 32, 67, 6, 41, 13, 48, 29, 4, 39, 64, 715]
q: [0, 10.0, -10.0, 11.0, -11.0, 4.0, -4.0, 15.0, -15.0, 9.0, 3.0, -3.0, -9.0, 0]
Q: [0, 10.0, 0.0, 11.0, 0.0, 4.0, 0.0, 15.0, 0.0, 9.0, 12.0, 9.0, 0.0, 0]
B: [0.0, 293.0, 316.8182362487, 348.1029144475, 358.5045674892, 436.0, 439.69228939819, 453.10235550539, 469.98550645539, 549.0, 569.7100026316, 590.1357523117999, 602.3548233485, 649.6657672832999]
