Avion: 6      Iteracion: 26

Num Ruta: 26
Ingresos: 1360.412
Costos: 324.81511478
Utilidad Ruta: 1035.59688522
Costo Reducido: 91.2689019208
Nodos: [106, 17, 52, 30, 65, 10, 45, 35, 70, 8, 33, 43, 68, 5, 40, 716]
q: [0, 5.0, -5.0, 11.0, -11.0, 12.0, -12.0, 8.0, -8.0, 8.0, 5.0, -8.0, -5.0, 9.0, -9.0, 0]
Q: [0, 5.0, 0.0, 11.0, 0.0, 12.0, 0.0, 8.0, 0.0, 8.0, 13.0, 5.0, 0.0, 9.0, 0.0, 0]
B: [0.0, 24.0, 58.8425537813, 64.0, 82.7140226568, 101.4070729429, 130.92658367730002, 270.0, 281.922738989, 414.0, 437.0, 460.2743670161, 482.23124805599997, 511.202665643, 512.3243545481799, 519.0477086218499]
