Avion: 7      Iteracion: 5

Num Ruta: 8
Ingresos: 2108.761
Costos: 504.436574451
Utilidad Ruta: 1604.32442555
Costo Reducido: 1143.00654593
Nodos: [107, 17, 16, 51, 52, 14, 49, 3, 38, 23, 35, 70, 26, 34, 61, 58, 22, 57, 69, 28, 63, 25, 60, 29, 64, 27, 62, 717]
q: [0.0, 5.0, 9.0, -9.0, -5.0, 8.0, -8.0, 13.0, -13.0, 0.0, 8.0, -8.0, 0.0, 5.0, 0.0, 0.0, 10.0, -10.0, -5.0, 6.0, -6.0, 10.0, -10.0, 9.0, -9.0, 6.0, -6.0, 0.0]
Q: [0.0, 5.0, 14.0, 5.0, 0.0, 8.0, 0.0, 13.0, 0.0, 0.0, 8.0, 0.0, 0.0, 5.0, 5.0, 5.0, 15.0, 5.0, 0.0, 6.0, 0.0, 10.0, 0.0, 9.0, 0.0, 6.0, 0.0, 0.0]
B: [0.0, 45.942580685, 80.7440576652, 90.36814910284001, 105.01591787494, 117.45447072484001, 129.47618249984, 256.0, 261.08428175852, 267.0, 277.4634044651, 289.38614345409997, 303.7370056233, 322.0, 336.913246092, 339.98031847458003, 355.73674246608005, 377.49142860498006, 388.08167893248003, 422.69689249528005, 458.72351127918006, 462.05688989554005, 479.24187220564005, 549.0, 582.7797797802, 590.99620777538, 608.0270701434799, 631.4720584565799]
