Avion: 7      Iteracion: 8

Num Ruta: 10
Ingresos: 1138.023
Costos: 308.895360565
Utilidad Ruta: 829.127639435
Costo Reducido: 111.552207735
Nodos: [107, 11, 46, 1, 3, 36, 38, 23, 58, 717]
q: [0.0, 6.0, -6.0, 7.0, 0.0, -7.0, 0.0, 10.0, -10.0, 0.0]
Q: [0.0, 6.0, 0.0, 7.0, 7.0, 0.0, 0.0, 10.0, 0.0, 0.0]
B: [0.0, 169.0, 173.05406684701, 195.72351838431, 256.0, 263.0965519092, 271.28427747861, 274.64676480201, 314.38060770701003, 349.91626152121]
