Avion: 4      Iteracion: 21

Num Ruta: 22
Ingresos: 1705.783
Costos: 385.935105977
Utilidad Ruta: 1319.84789402
Costo Reducido: 146.553656062
Nodos: [104, 17, 52, 9, 44, 14, 49, 23, 35, 70, 58, 32, 67, 25, 60, 714]
q: [0.0, 5.0, -5.0, 11.0, -11.0, 8.0, -8.0, 10.0, 5.0, -5.0, -10.0, 11.0, -11.0, 10.0, -10.0, 0.0]
Q: [0.0, 5.0, 0.0, 11.0, 0.0, 8.0, 0.0, 10.0, 15.0, 10.0, 0.0, 11.0, 0.0, 10.0, 0.0, 0.0]
B: [0.0, 24.0, 58.8425537813, 81.72911018459999, 111.25634718709999, 121.5131539026, 133.5348656776, 267.0, 277.4634044651, 289.38614345409997, 313.15284696969997, 335.63715280729997, 346.03880584899997, 410.0, 427.1849823101, 447.9607021051]
