Avion: 5      Iteracion: 15

Num Ruta: 16
Ingresos: 774.476
Costos: 346.362740656
Utilidad Ruta: 428.113259345
Costo Reducido: 83.9302263151
Nodos: [105, 14, 49, 3, 38, 19, 8, 54, 43, 6, 41, 5, 40, 715]
q: [0, 8.0, -8.0, 13.0, -13.0, 7.0, 8.0, -7.0, -8.0, 4.0, -4.0, 9.0, -9.0, 0]
Q: [0, 8.0, 0.0, 13.0, 0.0, 7.0, 15.0, 8.0, 0.0, 4.0, 0.0, 9.0, 0.0, 0]
B: [0.0, 112.0, 124.021711775, 256.0, 261.08428175852, 402.0, 425.1608815463, 443.1178409771, 446.04596016866, 455.23663179809, 458.92892119628, 477.31778141108, 478.43947031626, 509.03534051146]
