Avion: 5      Iteracion: 0

Num Ruta: 3
Ingresos: 3881.385
Costos: 749.439333084
Utilidad Ruta: 3131.94566692
Costo Reducido: -
Nodos: [105, 17, 52, 30, 16, 51, 65, 24, 59, 1, 11, 46, 36, 3, 38, 23, 58, 22, 57, 28, 63, 19, 54, 33, 21, 68, 56, 715]
q: [0.0, 5.0, -5.0, 11.0, 4.0, -4.0, -11.0, 11.0, -11.0, 7.0, 6.0, -6.0, -7.0, 13.0, -13.0, 10.0, -10.0, 10.0, -10.0, 6.0, -6.0, 7.0, -7.0, 3.0, 12.0, -3.0, -12.0, 0.0]
Q: [0.0, 5.0, 0.0, 11.0, 15.0, 11.0, 0.0, 11.0, 0.0, 7.0, 13.0, 7.0, 0.0, 13.0, 0.0, 10.0, 0.0, 10.0, 0.0, 6.0, 0.0, 7.0, 0.0, 3.0, 15.0, 12.0, 0.0, 0.0]
B: [0.0, 35.8094227823, 70.65197656359999, 73.79643104728999, 81.99902234516999, 91.62311378281, 94.49427034419999, 119.22824123449999, 157.741191537, 175.0, 193.6808285951, 197.73489544211, 232.05062478011, 256.0, 261.08428175852, 267.0, 306.733842905, 322.49026689650003, 344.24495303540004, 387.29611673630006, 423.32273552020007, 435.85852879390006, 462.48564508540005, 484.03403885380004, 523.6272468193, 534.5067241965, 569.3587630178, 622.6905074483]
