Avion: 2      Iteracion: 24

Num Ruta: 23
Ingresos: 473.495
Costos: 471.746059383
Utilidad Ruta: 1.74894061744
Costo Reducido: 63.5170556712
Nodos: [102, 32, 67, 33, 68, 4, 39, 712]
q: [0, 11.0, -11.0, 5.0, -5.0, 3.0, -3.0, 0]
Q: [0, 11.0, 0.0, 5.0, 0.0, 3.0, 0.0, 0]
B: [0.0, 309.0, 319.4016530417, 437.0, 478.9526650524, 529.0, 549.4257496801999, 586.6476967678999]
