Avion: 5      Iteracion: 83

Num Ruta: 68
Ingresos: 2234.946
Costos: 513.112010054
Utilidad Ruta: 1721.83398995
Costo Reducido: 13.032535004
Nodos: [105, 30, 65, 24, 59, 1, 11, 46, 36, 35, 70, 22, 57, 18, 53, 28, 31, 63, 19, 54, 66, 715]
q: [0.0, 11.0, -11.0, 11.0, -11.0, 7.0, 6.0, -6.0, -7.0, 8.0, -8.0, 10.0, -10.0, 10.0, -10.0, 6.0, 9.0, -6.0, 6.0, -6.0, -9.0, 0.0]
Q: [0.0, 11.0, 0.0, 11.0, 0.0, 7.0, 13.0, 7.0, 0.0, 8.0, 0.0, 10.0, 0.0, 10.0, 0.0, 6.0, 15.0, 9.0, 15.0, 9.0, 0.0, 0.0]
B: [0.0, 64.0, 82.7140226568, 107.4479935471, 145.9609438496, 175.0, 193.6808285951, 197.73489544211, 232.05062478011, 270.0, 281.922738989, 299.64604976889996, 321.40073590779997, 334.8011725052, 358.61940875389996, 378.0, 406.0, 426.4968799577, 439.0326732314, 465.6597895229, 488.0779538099, 501.8306975725]
