Avion: 4      Iteracion: 45

Num Ruta: 34
Ingresos: 824.071
Costos: 295.441356125
Utilidad Ruta: 528.629643875
Costo Reducido: 16.5580704935
Nodos: [104, 9, 44, 25, 60, 13, 48, 29, 64, 714]
q: [0, 11.0, -11.0, 10.0, -10.0, 15.0, -15.0, 9.0, -9.0, 0]
Q: [0, 11.0, 0.0, 10.0, 0.0, 15.0, 0.0, 9.0, 0.0, 0]
B: [0.0, 57.4296024799, 86.9568394824, 410.0, 427.1849823101, 443.186042775, 460.069193725, 549.0, 582.7797797802, 609.550209829]
