Avion: 7      Iteracion: 27

Num Ruta: 27
Ingresos: 1601.426
Costos: 261.481796208
Utilidad Ruta: 1339.94420379
Costo Reducido: 44.4839613255
Nodos: [107, 9, 44, 30, 65, 14, 49, 3, 38, 23, 58, 22, 57, 717]
q: [0, 11.0, -11.0, 11.0, -11.0, 8.0, -8.0, 13.0, -13.0, 10.0, -10.0, 10.0, -10.0, 0]
Q: [0, 11.0, 0.0, 11.0, 0.0, 8.0, 0.0, 13.0, 0.0, 10.0, 0.0, 10.0, 0.0, 0]
B: [0.0, 46.0648734938, 75.5921104963, 91.38001083169999, 110.09403348849999, 137.8899741454, 149.9116859204, 256.0, 261.08428175852, 267.0, 306.733842905, 322.49026689650003, 344.24495303540004, 346.21174178867005]
