Avion: 4      Iteracion: 62

Num Ruta: 46
Ingresos: 1904.072
Costos: 460.353691959
Utilidad Ruta: 1443.71830804
Costo Reducido: 43.8085990512
Nodos: [104, 17, 52, 9, 44, 10, 45, 3, 38, 23, 35, 70, 26, 61, 58, 34, 69, 714]
q: [0.0, 5.0, -5.0, 11.0, -11.0, 12.0, -12.0, 13.0, -13.0, 7.0, 8.0, -8.0, 8.0, -8.0, -7.0, 8.0, -8.0, 0.0]
Q: [0.0, 5.0, 0.0, 11.0, 0.0, 12.0, 0.0, 13.0, 0.0, 7.0, 15.0, 7.0, 15.0, 7.0, 0.0, 8.0, 0.0, 0.0]
B: [0.0, 24.0, 58.8425537813, 81.72911018459999, 111.25634718709999, 139.7984606337, 169.3179713681, 256.0, 261.08428175852, 267.0, 277.4634044651, 289.38614345409997, 303.7370056233, 321.3162335927, 324.38330597528, 338.64225299108, 375.08238320488, 416.13091043788]
