Avion: 2      Iteracion: 22

Num Ruta: 22
Ingresos: 257.769
Costos: 425.657342738
Utilidad Ruta: -167.888342738
Costo Reducido: 29.5295740582
Nodos: [102, 31, 66, 712]
q: [0, 9.0, -9.0, 0]
Q: [0, 9.0, 0.0, 0]
B: [0.0, 406.0, 434.325479078, 460.2185387852]
