Avion: 3      Iteracion: 0

Num Ruta: 3
Ingresos: 3578.939
Costos: 636.669167334
Utilidad Ruta: 2942.26983267
Costo Reducido: -
Nodos: [103, 17, 52, 30, 24, 65, 59, 11, 46, 1, 36, 3, 38, 23, 58, 22, 57, 28, 63, 19, 54, 21, 56, 713]
q: [0.0, 5.0, -5.0, 4.0, 11.0, -4.0, -11.0, 6.0, -6.0, 7.0, -7.0, 13.0, -13.0, 10.0, -10.0, 10.0, -10.0, 6.0, -6.0, 7.0, -7.0, 12.0, -12.0, 0.0]
Q: [0.0, 5.0, 0.0, 4.0, 15.0, 11.0, 0.0, 6.0, 0.0, 7.0, 0.0, 13.0, 0.0, 10.0, 0.0, 10.0, 0.0, 6.0, 0.0, 7.0, 0.0, 12.0, 0.0, 0.0]
B: [0.0, 39.7453305433, 74.5878843246, 77.73233880829, 95.98923996919, 120.72321085949, 150.36077177469, 169.17320045898998, 173.227267306, 195.8967188433, 230.1368043718, 256.0, 261.08428175852, 267.0, 306.733842905, 322.49026689650003, 344.24495303540004, 387.29611673630006, 423.32273552020007, 435.85852879390006, 462.48564508540005, 486.09250546540005, 526.8312961446001, 557.9890419713]
