Avion: 7      Iteracion: 14

Num Ruta: 16
Ingresos: 500.337
Costos: 249.879780214
Utilidad Ruta: 250.457219786
Costo Reducido: 35.0477499993
Nodos: [107, 14, 49, 1, 36, 3, 38, 717]
q: [0, 8.0, -8.0, 7.0, -7.0, 13.0, -13.0, 0]
Q: [0, 8.0, 0.0, 7.0, 0.0, 13.0, 0.0, 0]
B: [0.0, 112.0, 124.021711775, 175.0, 209.2400855285, 256.0, 261.08428175852, 269.27348715343]
