Avion: 2      Iteracion: 58

Num Ruta: 46
Ingresos: 76800.0
Costos: 248.04623962
Utilidad Ruta: 76551.9537604
Costo Reducido: 8.74013478354
Nodos: [102, 12, 47, 10, 45, 35, 26, 70, 61, 22, 57, 32, 19, 54, 67, 712]
q: [0.0, 14.0, -14.0, 12.0, -12.0, 6.0, 9.0, -6.0, -9.0, 10.0, -10.0, 6.0, 7.0, -7.0, -6.0, 0.0]
Q: [0.0, 14.0, 0.0, 12.0, 0.0, 6.0, 15.0, 9.0, 0.0, 10.0, 0.0, 6.0, 13.0, 6.0, 0.0, 0.0]
B: [0.0, 54.0, 97.347924264, 106.06569462115, 135.58520535555, 279.0, 300.0, 309.29300538039, 319.11482114938, 332.74900179948, 354.50368793838004, 422.0, 433.71491463899997, 460.34203093049996, 477.46940737869994, 494.33824569079997]
