Avion: 3      Iteracion: 61

Num Ruta: 50
Ingresos: 85200.0
Costos: 209.063350305
Utilidad Ruta: 84990.9366497
Costo Reducido: 2.64091897212
Nodos: [103, 16, 51, 24, 65, 30, 31, 59, 11, 66, 46, 15, 50, 7, 4, 42, 39, 713]
q: [0.0, 11.0, -11.0, 14.0, -11.0, 11.0, 1.0, -14.0, 8.0, -1.0, -8.0, 11.0, -11.0, 10.0, 5.0, -10.0, -5.0, 0.0]
Q: [0.0, 11.0, 0.0, 14.0, 3.0, 14.0, 15.0, 1.0, 9.0, 8.0, 0.0, 11.0, 0.0, 10.0, 15.0, 5.0, 0.0, 0.0]
B: [0.0, 36.0, 45.624091437640004, 70.85029051714, 95.58426140744, 114.29828406424, 130.0, 141.2843577575, 169.0, 169.478878899097, 173.173257466597, 511.0, 527.4211666151, 538.3259061809999, 548.6892794734999, 567.9616404602, 569.12201453781, 585.69293632871]
