Avion: 5      Iteracion: 0

Num Ruta: 2
Ingresos: 195600.0
Costos: 601.831424835
Utilidad Ruta: 194998.168575
Costo Reducido: -
Nodos: [105, 16, 51, 24, 59, 10, 45, 1, 11, 46, 36, 3, 38, 23, 58, 26, 61, 22, 57, 13, 48, 25, 60, 5, 40, 15, 50, 7, 4, 39, 42, 715]
q: [0, 11.0, -11.0, 14.0, -14.0, 12.0, -12.0, 7.0, 8.0, -8.0, -7.0, 15.0, -15.0, 10.0, -10.0, 13.0, -13.0, 10.0, -10.0, 15.0, -15.0, 10.0, -10.0, 12.0, -12.0, 11.0, -11.0, 10.0, 5.0, -5.0, -10.0, 0]
Q: [0, 11.0, 0.0, 14.0, 0.0, 12.0, 0.0, 7.0, 15.0, 7.0, 0.0, 15.0, 0.0, 10.0, 0.0, 13.0, 0.0, 10.0, 0.0, 15.0, 0.0, 10.0, 0.0, 12.0, 0.0, 11.0, 0.0, 10.0, 15.0, 10.0, 0.0, 0]
B: [0.0, 36.0, 45.624091437640004, 70.85029051714, 109.36324081964, 121.14917149994, 150.66868223434, 189.08802340514, 207.76885200024, 211.82291884725, 246.13864818525002, 256.0, 261.08428175852, 267.0, 306.733842905, 326.4202156791, 343.9994436485, 357.6336242986, 379.3883104375, 423.0, 439.88315095, 463.8957169312, 481.0806992413, 504.1429351476, 505.26462405278, 538.66681853158, 555.08798514668, 565.99272471258, 576.35609800508, 596.7818476852799, 597.9422217628899, 623.8481263407898]
