Avion: 6      Iteracion: 36

Num Ruta: 34
Ingresos: 126000.0
Costos: 344.853020547
Utilidad Ruta: 125655.146979
Costo Reducido: 29.9229050539
Nodos: [106, 16, 51, 9, 44, 14, 49, 3, 38, 23, 18, 53, 58, 26, 61, 6, 41, 5, 40, 20, 7, 42, 55, 716]
q: [0.0, 11.0, -11.0, 11.0, -11.0, 8.0, -8.0, 15.0, -15.0, 4.0, 11.0, -11.0, -4.0, 13.0, -13.0, 5.0, -5.0, 12.0, -12.0, 10.0, 5.0, -5.0, -10.0, 0.0]
Q: [0.0, 11.0, 0.0, 11.0, 0.0, 8.0, 0.0, 15.0, 0.0, 4.0, 15.0, 4.0, 0.0, 13.0, 0.0, 5.0, 0.0, 12.0, 0.0, 10.0, 15.0, 10.0, 0.0, 0.0]
B: [0.0, 36.0, 45.624091437640004, 75.68094759394, 105.20818459644, 115.46499131194001, 127.48670308694001, 256.0, 261.08428175852, 267.0, 293.0, 316.8182362487, 326.74376782137, 346.43014059547, 364.00936856487, 436.0, 439.69228939819, 469.0, 470.12168890518, 496.0, 517.0, 545.5413118129, 558.5049963585999, 584.0218468891999]
