Avion: 2      Iteracion: 13

Num Ruta: 14
Ingresos: 85200.0
Costos: 260.139693557
Utilidad Ruta: 84939.8603064
Costo Reducido: 140.138912681
Nodos: [102, 24, 9, 44, 59, 11, 46, 34, 69, 28, 13, 48, 63, 25, 60, 15, 50, 712]
q: [0.0, 4.0, 11.0, -11.0, -4.0, 8.0, -8.0, 12.0, -12.0, 8.0, 7.0, -7.0, -8.0, 10.0, -10.0, 11.0, -11.0, 0.0]
Q: [0.0, 4.0, 15.0, 4.0, 0.0, 8.0, 0.0, 12.0, 0.0, 8.0, 15.0, 8.0, 0.0, 10.0, 0.0, 11.0, 0.0, 0.0]
B: [0.0, 61.0, 67.43687703782, 96.96411404032, 122.01967745441999, 169.0, 173.05406684701, 283.0, 323.947598037, 378.0, 423.0, 439.88315095, 462.92158097460003, 466.25495959096, 483.43994190106, 511.0, 527.4211666151, 534.86056773347]
