Avion: 7      Iteracion: 3

Num Ruta: 7
Ingresos: 34800.0
Costos: 124.186506612
Utilidad Ruta: 34675.8134934
Costo Reducido: 34678.346881
Nodos: [107, 24, 59, 13, 48, 717]
q: [0, 14.0, -14.0, 15.0, -15.0, 0]
Q: [0, 14.0, 0.0, 15.0, 0.0, 0]
B: [0.0, 61.0, 99.5129503025, 423.0, 439.88315095, 469.8497970753]
