Avion: 7      Iteracion: 37

Num Ruta: 32
Ingresos: 45600.0
Costos: 122.597345397
Utilidad Ruta: 45477.4026546
Costo Reducido: 18.1100152307
Nodos: [107, 9, 44, 19, 8, 54, 43, 5, 40, 717]
q: [0, 11.0, -11.0, 7.0, 8.0, -7.0, -8.0, 12.0, -12.0, 0]
Q: [0, 11.0, 0.0, 7.0, 15.0, 8.0, 0.0, 12.0, 0.0, 0]
B: [0.0, 32.6028927091, 62.1301297116, 402.0, 425.1608815463, 443.1178409771, 446.04596016866, 469.0, 470.12168890518, 473.1997267542]
