Avion: 5      Iteracion: 7

Num Ruta: 8
Ingresos: 128400.0
Costos: 461.012623673
Utilidad Ruta: 127938.987376
Costo Reducido: 70033.3623293
Nodos: [105, 17, 52, 9, 44, 11, 46, 1, 36, 3, 38, 18, 53, 22, 57, 8, 43, 6, 41, 5, 40, 7, 27, 42, 2, 62, 37, 715]
q: [0.0, 5.0, -5.0, 11.0, -11.0, 8.0, -8.0, 7.0, -7.0, 15.0, -15.0, 11.0, -11.0, 10.0, -10.0, 8.0, -8.0, 5.0, -5.0, 12.0, -12.0, 0.0, 6.0, 0.0, 9.0, -6.0, -9.0, 0.0]
Q: [0.0, 5.0, 0.0, 11.0, 0.0, 8.0, 0.0, 7.0, 0.0, 15.0, 0.0, 11.0, 0.0, 10.0, 0.0, 8.0, 0.0, 5.0, 0.0, 12.0, 0.0, 0.0, 6.0, 6.0, 15.0, 9.0, 0.0, 0.0]
B: [0.0, 24.0, 58.8425537813, 81.72911018459999, 111.25634718709999, 169.0, 173.05406684701, 195.72351838431, 229.96360391281002, 256.0, 261.08428175852, 293.0, 316.8182362487, 332.3010836612, 354.0557698001, 414.0, 434.768396616, 443.95906824543, 447.65135764362, 469.0, 470.12168890518, 517.0, 544.6633233723, 560.5030982444, 570.633266703, 582.0853397904, 611.4258701367, 626.0603060329]
