Avion: 7      Iteracion: 1

Num Ruta: 5
Ingresos: 133200.0
Costos: 487.201888876
Utilidad Ruta: 132712.798111
Costo Reducido: 115880.626391
Nodos: [107, 16, 51, 24, 65, 30, 59, 1, 31, 66, 36, 18, 34, 53, 69, 28, 63, 25, 60, 32, 8, 43, 67, 15, 21, 50, 56, 717]
q: [0.0, 11.0, -11.0, 14.0, -11.0, 11.0, -14.0, 7.0, 6.0, -6.0, -7.0, 11.0, 4.0, -11.0, -4.0, 8.0, -8.0, 10.0, -10.0, 6.0, 8.0, -8.0, -6.0, 2.0, 13.0, -2.0, -13.0, 0.0]
Q: [0.0, 11.0, 0.0, 14.0, 3.0, 14.0, 0.0, 7.0, 13.0, 7.0, 0.0, 11.0, 15.0, 4.0, 0.0, 8.0, 0.0, 10.0, 0.0, 6.0, 14.0, 6.0, 0.0, 2.0, 15.0, 13.0, 0.0, 0.0]
B: [0.0, 36.0, 45.624091437640004, 70.85029051714, 95.58426140744, 114.29828406424, 134.56640546213998, 175.0, 183.89376197118, 197.19937597428, 230.76046369508, 293.0, 316.7154937119, 344.9475311871, 360.10016082690004, 378.0, 414.0266187839, 417.35999740026, 434.54497971036, 453.08990915216, 464.53680729096, 485.30520390696, 501.35430263556, 524.64974218926, 530.32197569997, 541.12124382327, 571.5706919299699, 593.34122366437]
