Avion: 7      Iteracion: 57

Num Ruta: 38
Ingresos: 70800.0
Costos: 203.686057776
Utilidad Ruta: 70596.3139422
Costo Reducido: 5.48717380145
Nodos: [107, 16, 51, 24, 59, 1, 36, 8, 19, 54, 43, 5, 40, 717]
q: [0, 11.0, -11.0, 14.0, -14.0, 7.0, -7.0, 8.0, 7.0, -7.0, -8.0, 12.0, -12.0, 0]
Q: [0, 11.0, 0.0, 14.0, 0.0, 7.0, 0.0, 8.0, 15.0, 8.0, 0.0, 12.0, 0.0, 0]
B: [0.0, 36.0, 45.624091437640004, 70.85029051714, 109.36324081964, 175.0, 209.2400855285, 414.0, 437.1608815463, 463.7879978378, 466.71611702935996, 476.46892790622996, 477.59061681141, 480.66865466043]
