Avion: 5      Iteracion: 53

Num Ruta: 47
Ingresos: 20400.0
Costos: 66.6461974599
Utilidad Ruta: 20333.3538025
Costo Reducido: 5.8714969444
Nodos: [105, 31, 66, 15, 50, 715]
q: [0, 6.0, -6.0, 11.0, -11.0, 0]
Q: [0, 6.0, 0.0, 11.0, 0.0, 0]
B: [0.0, 130.0, 143.3056140031, 511.0, 527.4211666151, 539.2736094434999]
