Avion: 2      Iteracion: 28

Num Ruta: 29
Ingresos: 79200.0
Costos: 216.417813513
Utilidad Ruta: 78983.5821865
Costo Reducido: 52.6023663433
Nodos: [102, 3, 38, 23, 18, 58, 53, 15, 50, 20, 7, 42, 55, 33, 68, 712]
q: [0.0, 15.0, -15.0, 10.0, 5.0, -10.0, -5.0, 11.0, -11.0, 10.0, 5.0, -5.0, -10.0, 10.0, -10.0, 0.0]
Q: [0.0, 15.0, 0.0, 10.0, 15.0, 5.0, 0.0, 11.0, 0.0, 10.0, 15.0, 10.0, 0.0, 10.0, 0.0, 0.0]
B: [0.0, 256.0, 261.08428175852, 267.0, 293.0, 318.4393114097, 328.36484298237, 511.0, 527.4211666151, 533.55501866744, 542.2979730879999, 570.8392849008999, 583.8029694465998, 594.6247687886998, 617.9282800262998, 636.7385156441999]
