Avion: 2      Iteracion: 21

Num Ruta: 22
Ingresos: 50400.0
Costos: 155.075488052
Utilidad Ruta: 50244.9245119
Costo Reducido: 74.4847875847
Nodos: [102, 24, 59, 1, 36, 3, 38, 32, 67, 712]
q: [0, 14.0, -14.0, 7.0, -7.0, 15.0, -15.0, 6.0, -6.0, 0]
Q: [0, 14.0, 0.0, 7.0, 0.0, 15.0, 0.0, 6.0, 0.0, 0]
B: [0.0, 61.0, 99.5129503025, 175.0, 209.2400855285, 256.0, 261.08428175852, 422.0, 449.8573558149, 466.72619412700004]
