Avion: 6      Iteracion: 6

Num Ruta: 8
Ingresos: 97200.0
Costos: 355.52088062
Utilidad Ruta: 96844.4791194
Costo Reducido: 76278.0311408
Nodos: [106, 9, 44, 30, 65, 18, 53, 26, 61, 5, 40, 21, 56, 33, 68, 716]
q: [0, 11.0, -11.0, 11.0, -11.0, 11.0, -11.0, 13.0, -13.0, 12.0, -12.0, 13.0, -13.0, 10.0, -10.0, 0]
Q: [0, 11.0, 0.0, 11.0, 0.0, 11.0, 0.0, 13.0, 0.0, 12.0, 0.0, 13.0, 0.0, 10.0, 0.0, 0]
B: [0.0, 41.2454164484, 70.77265345090001, 86.5605537863, 105.2745764431, 293.0, 316.8182362487, 345.81975307109997, 363.39898104049996, 469.0, 470.12168890518, 498.36127928818, 539.10006996738, 562.0, 585.3035112376, 621.3570077393]
