Avion: 6      Iteracion: 17

Num Ruta: 18
Ingresos: 118800.0
Costos: 443.167573817
Utilidad Ruta: 118356.832426
Costo Reducido: 102.744185198
Nodos: [106, 17, 30, 52, 65, 16, 51, 14, 49, 1, 36, 23, 35, 70, 58, 6, 41, 5, 40, 7, 15, 50, 20, 4, 42, 55, 39, 716]
q: [0.0, 5.0, 10.0, -5.0, -10.0, 11.0, -11.0, 8.0, -8.0, 7.0, -7.0, 9.0, 6.0, -6.0, -9.0, 5.0, -5.0, 12.0, -12.0, 4.0, 11.0, -11.0, 10.0, 1.0, -4.0, -10.0, -1.0, 0.0]
Q: [0.0, 5.0, 15.0, 10.0, 0.0, 11.0, 0.0, 8.0, 0.0, 7.0, 0.0, 9.0, 15.0, 9.0, 0.0, 5.0, 0.0, 12.0, 0.0, 4.0, 15.0, 4.0, 14.0, 15.0, 11.0, 1.0, 0.0, 0.0]
B: [0.0, 24.0, 64.0, 67.14445448369, 83.24240000479, 94.05907176649, 103.68316320413001, 130.46946770853, 142.49117948353, 178.17290870173, 212.41299423023, 267.0, 307.4405515417, 327.3534349341, 339.9719804129, 436.0, 439.69228939819, 469.0, 470.12168890518, 517.0, 530.7672641436, 547.1884307587, 553.3222828110399, 563.60143384604, 582.87379483274, 595.83747937844, 607.69870262904, 629.37348857954]
