Avion: 5      Iteracion: 57

Num Ruta: 49
Ingresos: 81600.0
Costos: 260.631245319
Utilidad Ruta: 81339.3687547
Costo Reducido: 2.99599050268
Nodos: [105, 17, 52, 14, 49, 3, 38, 23, 18, 53, 58, 22, 57, 19, 8, 54, 43, 715]
q: [0.0, 5.0, -5.0, 8.0, -8.0, 15.0, -15.0, 10.0, 5.0, -5.0, -10.0, 10.0, -10.0, 7.0, 8.0, -7.0, -8.0, 0.0]
Q: [0.0, 5.0, 0.0, 8.0, 0.0, 15.0, 0.0, 10.0, 15.0, 10.0, 0.0, 10.0, 0.0, 7.0, 15.0, 8.0, 0.0, 0.0]
B: [0.0, 24.0, 58.8425537813, 112.0, 124.021711775, 256.0, 261.08428175852, 267.0, 293.0, 316.8182362487, 326.74376782137, 342.50019181287, 364.25487795177, 402.0, 425.1608815463, 443.1178409771, 446.04596016866, 467.37036018365995]
