Avion: 2      Iteracion: 0

Num Ruta: 1
Ingresos: 79200.0
Costos: 359.701904195
Utilidad Ruta: 78840.2980958
Costo Reducido: -
Nodos: [102, 31, 66, 34, 69, 25, 60, 13, 48, 21, 56, 20, 55, 712]
q: [0, 6.0, -6.0, 12.0, -12.0, 10.0, -10.0, 15.0, -15.0, 13.0, -13.0, 10.0, -10.0, 0]
Q: [0, 6.0, 0.0, 12.0, 0.0, 10.0, 0.0, 15.0, 0.0, 13.0, 0.0, 10.0, 0.0, 0]
B: [0.0, 130.0, 143.3056140031, 283.0, 323.947598037, 410.0, 427.1849823101, 443.186042775, 460.069193725, 477.0, 517.7387906792, 554.1640824007, 596.3412248477999, 639.7395298493]
