Avion: 7      Iteracion: 0

Num Ruta: 1
Ingresos: 70800.0
Costos: 207.284693142
Utilidad Ruta: 70592.7153069
Costo Reducido: -
Nodos: [107, 16, 51, 30, 65, 35, 70, 26, 61, 22, 57, 8, 43, 717]
q: [0, 11.0, -11.0, 11.0, -11.0, 6.0, -6.0, 13.0, -13.0, 10.0, -10.0, 8.0, -8.0, 0]
Q: [0, 11.0, 0.0, 11.0, 0.0, 6.0, 0.0, 13.0, 0.0, 10.0, 0.0, 8.0, 0.0, 0]
B: [0.0, 36.0, 45.624091437640004, 64.0, 82.7140226568, 279.0, 298.9128833924, 308.20588877279, 325.78511674219, 339.41929739229, 361.17398353119, 414.0, 434.768396616, 446.7501249137]
