Avion: 2      Iteracion: 22

Num Ruta: 23
Ingresos: 63600.0
Costos: 217.314827892
Utilidad Ruta: 63382.6851721
Costo Reducido: 81.323695175
Nodos: [102, 24, 59, 31, 66, 34, 69, 25, 60, 15, 50, 712]
q: [0, 14.0, -14.0, 6.0, -6.0, 12.0, -12.0, 10.0, -10.0, 11.0, -11.0, 0]
Q: [0, 14.0, 0.0, 6.0, 0.0, 12.0, 0.0, 10.0, 0.0, 11.0, 0.0, 0]
B: [0.0, 61.0, 99.5129503025, 130.0, 143.3056140031, 283.0, 323.947598037, 410.0, 427.1849823101, 511.0, 527.4211666151, 534.86056773347]
