Avion: 5      Iteracion: 0

Num Ruta: 1
Ingresos: 55200.0
Costos: 205.058079748
Utilidad Ruta: 54994.9419203
Costo Reducido: -
Nodos: [105, 3, 38, 23, 58, 15, 50, 7, 42, 715]
q: [0, 15.0, -15.0, 10.0, -10.0, 11.0, -11.0, 10.0, -10.0, 0]
Q: [0, 15.0, 0.0, 10.0, 0.0, 11.0, 0.0, 10.0, 0.0, 0]
B: [0.0, 256.0, 261.08428175852, 267.0, 306.733842905, 511.0, 527.4211666151, 538.3259061809999, 566.8672179938999, 592.7731225717998]
