Avion: 6      Iteracion: 37

Num Ruta: 35
Ingresos: 56400.0
Costos: 215.294949062
Utilidad Ruta: 56184.7050509
Costo Reducido: 5.23434982364
Nodos: [106, 30, 65, 23, 18, 58, 53, 15, 50, 7, 42, 716]
q: [0.0, 11.0, -11.0, 10.0, 5.0, -10.0, -5.0, 11.0, -11.0, 10.0, -10.0, 0.0]
Q: [0.0, 11.0, 0.0, 10.0, 15.0, 5.0, 0.0, 11.0, 0.0, 10.0, 0.0, 0.0]
B: [0.0, 64.0, 82.7140226568, 267.0, 293.0, 318.4393114097, 328.36484298237, 511.0, 527.4211666151, 538.3259061809999, 566.8672179938999, 588.1047557513999]
