Avion: 5      Iteracion: 4

Num Ruta: 6
Ingresos: 171600.0
Costos: 574.595083317
Utilidad Ruta: 171025.404917
Costo Reducido: 153273.551739
Nodos: [105, 17, 52, 30, 65, 16, 51, 14, 49, 31, 66, 1, 36, 3, 38, 23, 58, 18, 53, 19, 8, 54, 43, 6, 41, 13, 48, 7, 27, 42, 2, 62, 37, 715]
q: [0.0, 5.0, -5.0, 11.0, -11.0, 11.0, -11.0, 8.0, -8.0, 6.0, -6.0, 7.0, -7.0, 15.0, -15.0, 10.0, -10.0, 11.0, -11.0, 7.0, 8.0, -7.0, -8.0, 5.0, -5.0, 15.0, -15.0, 10.0, 5.0, -10.0, 9.0, -5.0, -9.0, 0.0]
Q: [0.0, 5.0, 0.0, 11.0, 0.0, 11.0, 0.0, 8.0, 0.0, 6.0, 0.0, 7.0, 0.0, 15.0, 0.0, 10.0, 0.0, 11.0, 0.0, 7.0, 15.0, 8.0, 0.0, 5.0, 0.0, 15.0, 0.0, 10.0, 15.0, 5.0, 14.0, 9.0, 0.0, 0.0]
B: [0.0, 24.0, 58.8425537813, 64.0, 82.7140226568, 93.53069441849999, 103.15478585614, 129.94109036054, 141.96280213554, 169.17486934843998, 182.48048335154, 201.47017745123998, 235.71026297973998, 256.0, 261.08428175852, 267.0, 306.733842905, 332.1731543147, 355.9913905634, 402.0, 425.1608815463, 443.1178409771, 446.04596016866, 455.23663179809, 458.92892119628, 472.33898730348, 489.22213825348, 517.0, 544.6633233723, 560.5030982444, 570.633266703, 582.0853397904, 611.4258701367, 626.0603060329]
