Avion: 5      Iteracion: 10

Num Ruta: 11
Ingresos: 117600.0
Costos: 521.545935798
Utilidad Ruta: 117078.454064
Costo Reducido: 45352.6870046
Nodos: [105, 17, 52, 9, 12, 44, 10, 47, 45, 3, 38, 23, 34, 58, 69, 25, 60, 32, 67, 6, 41, 33, 68, 27, 62, 715]
q: [0.0, 5.0, -5.0, 11.0, 4.0, -11.0, 11.0, -4.0, -11.0, 15.0, -15.0, 3.0, 12.0, -3.0, -12.0, 10.0, -10.0, 6.0, -6.0, 5.0, -5.0, 10.0, -10.0, 6.0, -6.0, 0.0]
Q: [0.0, 5.0, 0.0, 11.0, 15.0, 4.0, 15.0, 11.0, 0.0, 15.0, 0.0, 3.0, 15.0, 12.0, 0.0, 10.0, 0.0, 6.0, 0.0, 5.0, 0.0, 10.0, 0.0, 6.0, 0.0, 0.0]
B: [0.0, 24.0, 58.8425537813, 81.72911018459999, 102.56383410889998, 113.35087086599998, 141.8929843126, 150.61075466974998, 178.12528715714998, 256.0, 261.08428175852, 267.0, 308.6968644505, 345.192375421, 361.7120311075, 410.0, 427.1849823101, 445.7299117519, 473.5872675668, 493.9792393449, 497.67152874309, 562.0, 585.3035112376, 592.52226459258, 609.55312696068, 631.4346535298799]
