Avion: 3      Iteracion: 46

Num Ruta: 44
Ingresos: 40800.0
Costos: 155.700524735
Utilidad Ruta: 40644.2994753
Costo Reducido: 4.71607621838
Nodos: [103, 30, 65, 24, 59, 29, 64, 713]
q: [0, 11.0, -11.0, 14.0, -14.0, 9.0, -9.0, 0]
Q: [0, 11.0, 0.0, 14.0, 0.0, 9.0, 0.0, 0]
B: [0.0, 64.0, 82.7140226568, 107.4479935471, 145.9609438496, 549.0, 582.7797797802, 602.156490853]
