Avion: 7      Iteracion: 51

Num Ruta: 36
Ingresos: 116400.0
Costos: 314.796896732
Utilidad Ruta: 116085.203103
Costo Reducido: 5.56355544068
Nodos: [107, 16, 51, 24, 59, 1, 36, 3, 38, 23, 18, 53, 58, 13, 48, 29, 15, 50, 4, 39, 64, 717]
q: [0.0, 11.0, -11.0, 14.0, -14.0, 7.0, -7.0, 15.0, -15.0, 10.0, 5.0, -5.0, -10.0, 15.0, -15.0, 9.0, 6.0, -6.0, 5.0, -5.0, -9.0, 0.0]
Q: [0.0, 11.0, 0.0, 14.0, 0.0, 7.0, 0.0, 15.0, 0.0, 10.0, 15.0, 10.0, 0.0, 15.0, 0.0, 9.0, 15.0, 9.0, 14.0, 9.0, 0.0, 0.0]
B: [0.0, 36.0, 45.624091437640004, 70.85029051714, 109.36324081964, 175.0, 209.2400855285, 256.0, 261.08428175852, 267.0, 293.0, 316.8182362487, 326.74376782137, 423.0, 439.88315095, 549.0, 562.9414599307, 579.3626265458, 584.93730581909, 605.3630554992901, 617.5821265359901, 633.8949489772901]
