Avion: 7      Iteracion: 55

Num Ruta: 37
Ingresos: 64800.0
Costos: 193.370180013
Utilidad Ruta: 64606.62982
Costo Reducido: 6.98698046945
Nodos: [107, 14, 49, 3, 38, 19, 32, 54, 13, 67, 48, 29, 64, 717]
q: [0.0, 8.0, -8.0, 15.0, -15.0, 7.0, 6.0, -7.0, 9.0, -6.0, -9.0, 9.0, -9.0, 0.0]
Q: [0.0, 8.0, 0.0, 15.0, 0.0, 7.0, 13.0, 6.0, 15.0, 9.0, 0.0, 9.0, 0.0, 0.0]
B: [0.0, 112.0, 124.021711775, 256.0, 261.08428175852, 402.0, 422.0, 441.5724706923, 445.80008999872, 459.64226977652004, 463.71322015696006, 549.0, 582.7797797802, 599.0926022215]
