Avion: 6      Iteracion: 16

Num Ruta: 17
Ingresos: 123600.0
Costos: 426.749048795
Utilidad Ruta: 123173.250951
Costo Reducido: 188.677334902
Nodos: [106, 16, 51, 12, 47, 1, 11, 46, 36, 23, 18, 53, 58, 6, 41, 13, 48, 21, 56, 4, 7, 42, 39, 716]
q: [0.0, 11.0, -11.0, 14.0, -14.0, 7.0, 8.0, -8.0, -7.0, 4.0, 11.0, -11.0, -4.0, 5.0, -5.0, 15.0, -15.0, 13.0, -13.0, 5.0, 10.0, -10.0, -5.0, 0.0]
Q: [0.0, 11.0, 0.0, 14.0, 0.0, 7.0, 15.0, 7.0, 0.0, 4.0, 15.0, 4.0, 0.0, 5.0, 0.0, 15.0, 0.0, 13.0, 0.0, 5.0, 15.0, 5.0, 0.0, 0.0]
B: [0.0, 36.0, 45.624091437640004, 79.57799432084, 122.92591858484, 175.0, 193.6808285951, 197.73489544211, 232.05062478011, 267.0, 293.0, 316.8182362487, 326.74376782137, 436.0, 439.69228939819, 453.10235550539, 469.98550645539, 485.49690284639, 526.23569352559, 555.40549093659, 565.76886422909, 594.31017604199, 595.4705501195999, 617.1453360700999]
