Avion: 7      Iteracion: 5

Num Ruta: 9
Ingresos: 68400.0
Costos: 216.875172964
Utilidad Ruta: 68183.124827
Costo Reducido: 68196.152732
Nodos: [107, 9, 44, 14, 49, 3, 38, 25, 60, 21, 56, 717]
q: [0, 11.0, -11.0, 8.0, -8.0, 15.0, -15.0, 10.0, -10.0, 13.0, -13.0, 0]
Q: [0, 11.0, 0.0, 8.0, 0.0, 15.0, 0.0, 10.0, 0.0, 13.0, 0.0, 0]
B: [0.0, 32.6028927091, 62.1301297116, 112.0, 124.021711775, 256.0, 261.08428175852, 410.0, 427.1849823101, 477.0, 517.7387906792, 539.5093224136]
