Avion: 6      Iteracion: 46

Num Ruta: 39
Ingresos: 39600.0
Costos: 106.358585321
Utilidad Ruta: 39493.6414147
Costo Reducido: 3.43761957328
Nodos: [106, 10, 45, 35, 26, 70, 61, 27, 62, 716]
q: [0.0, 12.0, -12.0, 6.0, 9.0, -6.0, -9.0, 6.0, -6.0, 0.0]
Q: [0.0, 12.0, 0.0, 6.0, 15.0, 9.0, 0.0, 6.0, 0.0, 0.0]
B: [0.0, 96.0, 125.5195107344, 279.0, 300.0, 309.29300538039, 319.11482114938, 538.0, 555.0308623681, 572.9447390284]
