Avion: 4      Iteracion: 66

Num Ruta: 48
Ingresos: 52800.0
Costos: 165.865577765
Utilidad Ruta: 52634.1344222
Costo Reducido: 0.412090545753
Nodos: [104, 11, 46, 15, 50, 20, 7, 42, 55, 33, 68, 714]
q: [0.0, 8.0, -8.0, 11.0, -11.0, 10.0, 5.0, -5.0, -10.0, 10.0, -10.0, 0.0]
Q: [0.0, 8.0, 0.0, 11.0, 0.0, 10.0, 15.0, 10.0, 0.0, 10.0, 0.0, 0.0]
B: [0.0, 169.0, 173.05406684701, 511.0, 527.4211666151, 533.55501866744, 542.2979730879999, 570.8392849008999, 583.8029694465998, 594.6247687886998, 617.9282800262998, 651.0683995341998]
