Avion: 3      Iteracion: 15

Num Ruta: 19
Ingresos: 100800.0
Costos: 362.085965454
Utilidad Ruta: 100437.914035
Costo Reducido: 215.3973063
Nodos: [103, 30, 65, 14, 49, 3, 38, 18, 53, 19, 8, 54, 43, 20, 7, 42, 55, 29, 64, 713]
q: [0.0, 11.0, -11.0, 8.0, -8.0, 15.0, -15.0, 11.0, -11.0, 7.0, 8.0, -7.0, -8.0, 5.0, 10.0, -10.0, -5.0, 9.0, -9.0, 0.0]
Q: [0.0, 11.0, 0.0, 8.0, 0.0, 15.0, 0.0, 11.0, 0.0, 7.0, 15.0, 8.0, 0.0, 5.0, 15.0, 5.0, 0.0, 9.0, 0.0, 0.0]
B: [0.0, 64.0, 82.7140226568, 112.0, 124.021711775, 256.0, 261.08428175852, 293.0, 316.8182362487, 402.0, 425.1608815463, 443.1178409771, 446.04596016866, 496.0, 517.0, 545.5413118129, 558.5049963585999, 608.0350499825998, 641.8148297627998, 661.1915408355999]
