Avion: 2      Iteracion: 29

Num Ruta: 30
Ingresos: 122400.0
Costos: 421.778739802
Utilidad Ruta: 121978.22126
Costo Reducido: 39.4865647615
Nodos: [102, 9, 44, 12, 47, 35, 26, 70, 61, 22, 57, 19, 25, 60, 8, 54, 43, 6, 41, 2, 4, 37, 7, 42, 39, 712]
q: [0.0, 11.0, -11.0, 14.0, -14.0, 6.0, 9.0, -6.0, -9.0, 10.0, -10.0, 7.0, 8.0, -8.0, 8.0, -7.0, -8.0, 5.0, -5.0, 9.0, 5.0, -9.0, 10.0, -10.0, -5.0, 0.0]
Q: [0.0, 11.0, 0.0, 14.0, 0.0, 6.0, 15.0, 9.0, 0.0, 10.0, 0.0, 7.0, 15.0, 7.0, 15.0, 8.0, 0.0, 5.0, 0.0, 9.0, 14.0, 5.0, 15.0, 5.0, 0.0, 0.0]
B: [0.0, 28.0, 57.5272370025, 68.3142737596, 111.6621980236, 279.0, 300.0, 309.29300538039, 319.11482114938, 332.74900179948, 354.50368793838004, 402.0, 411.3920072402, 428.57698955029997, 454.39758940779996, 472.35454883859995, 475.2826680301599, 484.4733396595899, 488.1656290577799, 522.0, 549.3715326023, 562.8222884175, 574.3290145375, 602.8703263504, 604.0307004280099, 635.64786190721]
