Avion: 6      Iteracion: 24

Num Ruta: 24
Ingresos: 141600.0
Costos: 440.62814365
Utilidad Ruta: 141159.371856
Costo Reducido: 87.2328940974
Nodos: [106, 30, 16, 51, 65, 24, 59, 1, 36, 3, 38, 18, 53, 25, 60, 19, 32, 54, 13, 67, 48, 29, 4, 39, 64, 33, 68, 716]
q: [0.0, 11.0, 4.0, -4.0, -11.0, 14.0, -14.0, 7.0, -7.0, 15.0, -15.0, 11.0, -11.0, 10.0, -10.0, 7.0, 6.0, -7.0, 9.0, -6.0, -9.0, 9.0, 5.0, -5.0, -9.0, 10.0, -10.0, 0.0]
Q: [0.0, 11.0, 15.0, 11.0, 0.0, 14.0, 0.0, 7.0, 0.0, 15.0, 0.0, 11.0, 0.0, 10.0, 0.0, 7.0, 13.0, 6.0, 15.0, 9.0, 0.0, 9.0, 14.0, 9.0, 0.0, 10.0, 0.0, 0.0]
B: [0.0, 64.0, 72.20259129788, 81.82668273552001, 84.69783929691, 109.43181018721, 147.94476048971, 175.0, 209.2400855285, 256.0, 261.08428175852, 293.0, 316.8182362487, 410.0, 427.1849823101, 443.8578739909, 455.57278862989995, 475.14525932219993, 479.37287862861996, 493.21505840642, 497.28600878686, 549.0, 569.7100026316, 590.1357523117999, 602.3548233485, 611.2063150307, 634.5098262683, 670.56332277]
