Avion: 5      Iteracion: 14

Num Ruta: 14
Ingresos: 98400.0
Costos: 284.585640463
Utilidad Ruta: 98115.4143595
Costo Reducido: 189.168218278
Nodos: [105, 17, 52, 30, 65, 16, 51, 14, 49, 31, 11, 66, 46, 19, 32, 54, 13, 67, 48, 15, 50, 715]
q: [0.0, 5.0, -5.0, 11.0, -11.0, 11.0, -11.0, 8.0, -8.0, 6.0, 8.0, -6.0, -8.0, 7.0, 6.0, -7.0, 9.0, -6.0, -9.0, 11.0, -11.0, 0.0]
Q: [0.0, 5.0, 0.0, 11.0, 0.0, 11.0, 0.0, 8.0, 0.0, 6.0, 14.0, 8.0, 0.0, 7.0, 13.0, 6.0, 15.0, 9.0, 0.0, 11.0, 0.0, 0.0]
B: [0.0, 24.0, 58.8425537813, 64.0, 82.7140226568, 93.53069441849999, 103.15478585614, 129.94109036054, 141.96280213554, 169.17486934843998, 182.35759854233999, 182.83647744143698, 186.53085600893698, 402.0, 422.0, 441.5724706923, 445.80008999872, 459.64226977652004, 463.71322015696006, 511.0, 527.4211666151, 539.2736094434999]
