Avion: 6      Iteracion: 2

Num Ruta: 6
Ingresos: 153600.0
Costos: 581.114747644
Utilidad Ruta: 153018.885252
Costo Reducido: 148779.184453
Nodos: [106, 9, 44, 12, 47, 14, 49, 11, 46, 34, 69, 22, 57, 8, 32, 67, 43, 13, 48, 5, 40, 7, 4, 42, 39, 29, 64, 716]
q: [0, 11.0, -11.0, 14.0, -14.0, 8.0, -8.0, 8.0, -8.0, 12.0, -12.0, 10.0, -10.0, 8.0, 6.0, -6.0, -8.0, 15.0, -15.0, 12.0, -12.0, 10.0, 5.0, -10.0, -5.0, 9.0, -9.0, 0]
Q: [0, 11.0, 0.0, 14.0, 0.0, 8.0, 0.0, 8.0, 0.0, 12.0, 0.0, 10.0, 0.0, 8.0, 14.0, 8.0, 0.0, 15.0, 0.0, 12.0, 0.0, 10.0, 15.0, 5.0, 0.0, 9.0, 0.0, 0]
B: [0.0, 41.2454164484, 70.77265345090001, 81.559690208, 124.907614472, 161.4268482537, 173.4485600287, 202.8969891379, 206.95105598491, 283.0, 323.947598037, 353.69889745399996, 375.4535835929, 414.0, 425.4468981388, 453.3042539537, 469.35335268230006, 471.56402882321004, 488.44717977321005, 515.7114628740101, 516.8331517791901, 538.55155839659, 548.91493168909, 568.1872926757901, 569.3476667534001, 607.1655123954, 640.9452921756, 674.2424984398]
