Avion: 6      Iteracion: 56

Num Ruta: 46
Ingresos: 110400.0
Costos: 303.503915222
Utilidad Ruta: 110096.496085
Costo Reducido: 1.15523588235
Nodos: [106, 1, 36, 3, 38, 23, 18, 53, 58, 22, 57, 19, 8, 54, 43, 13, 48, 29, 27, 64, 62, 716]
q: [0.0, 7.0, -7.0, 15.0, -15.0, 10.0, 5.0, -5.0, -10.0, 10.0, -10.0, 7.0, 8.0, -7.0, -8.0, 15.0, -15.0, 9.0, 6.0, -9.0, -6.0, 0.0]
Q: [0.0, 7.0, 0.0, 15.0, 0.0, 10.0, 15.0, 10.0, 0.0, 10.0, 0.0, 7.0, 15.0, 8.0, 0.0, 15.0, 0.0, 9.0, 15.0, 6.0, 0.0, 0.0]
B: [0.0, 175.0, 209.2400855285, 256.0, 261.08428175852, 267.0, 293.0, 316.8182362487, 326.74376782137, 342.50019181287, 364.25487795177, 402.0, 425.1608815463, 443.1178409771, 446.04596016866, 448.25663630956996, 465.13978725956997, 549.0, 574.6018082369, 582.8182362320799, 598.26561380888, 616.17949046918]
