Avion: 1      Iteracion: 20

Num Ruta: 21
Ingresos: 122400.0
Costos: 392.079512651
Utilidad Ruta: 122007.920487
Costo Reducido: 110.903586968
Nodos: [101, 24, 59, 1, 31, 66, 11, 46, 36, 23, 58, 28, 63, 19, 8, 54, 43, 13, 48, 29, 64, 33, 68, 711]
q: [0, 14.0, -14.0, 7.0, 6.0, -6.0, 8.0, -8.0, -7.0, 10.0, -10.0, 8.0, -8.0, 7.0, 8.0, -7.0, -8.0, 15.0, -15.0, 9.0, -9.0, 10.0, -10.0, 0]
Q: [0, 14.0, 0.0, 7.0, 13.0, 7.0, 15.0, 7.0, 0.0, 10.0, 0.0, 8.0, 0.0, 7.0, 15.0, 8.0, 0.0, 15.0, 0.0, 9.0, 0.0, 10.0, 0.0, 0]
B: [0.0, 61.0, 99.5129503025, 175.0, 183.89376197118, 197.19937597428, 197.678254873377, 201.732321720387, 236.048051058387, 267.0, 306.733842905, 378.0, 414.0266187839, 426.5624120576, 449.7232936039, 467.6802530347, 470.60837222626, 472.81904836716996, 489.70219931716997, 549.0, 582.7797797802, 591.6312714624, 614.9347827, 633.7047712189001]
