Avion: 2      Iteracion: 7

Num Ruta: 8
Ingresos: 84000.0
Costos: 392.05855582
Utilidad Ruta: 83607.9414442
Costo Reducido: 63984.523129
Nodos: [102, 17, 52, 1, 36, 3, 38, 18, 22, 57, 53, 28, 63, 20, 55, 33, 68, 712]
q: [0.0, 5.0, -5.0, 7.0, -7.0, 15.0, -15.0, 5.0, 10.0, -10.0, -5.0, 8.0, -8.0, 10.0, -10.0, 10.0, -10.0, 0.0]
Q: [0.0, 5.0, 0.0, 7.0, 0.0, 15.0, 0.0, 5.0, 15.0, 5.0, 0.0, 8.0, 0.0, 10.0, 0.0, 10.0, 0.0, 0.0]
B: [0.0, 47.9042703942, 82.7468241755, 175.0, 209.2400855285, 256.0, 261.08428175852, 293.0, 302.68569016643, 324.44037630533, 361.34118460273, 378.0, 414.0266187839, 496.0, 538.1771424471, 562.0, 585.3035112376, 604.1137468555]
