Avion: 3      Iteracion: 11

Num Ruta: 15
Ingresos: 52800.0
Costos: 221.859554858
Utilidad Ruta: 52578.1404451
Costo Reducido: 57.4672698391
Nodos: [103, 12, 47, 10, 45, 2, 37, 29, 64, 713]
q: [0, 14.0, -14.0, 12.0, -12.0, 9.0, -9.0, 9.0, -9.0, 0]
Q: [0, 14.0, 0.0, 12.0, 0.0, 9.0, 0.0, 9.0, 0.0, 0]
B: [0.0, 54.0, 97.347924264, 106.06569462115, 135.58520535555, 522.0, 562.7349620474, 572.53970258451, 606.31948236471, 625.69619343751]
