Avion: 7      Iteracion: 0

Num Ruta: 3
Ingresos: 148800.0
Costos: 412.978469914
Utilidad Ruta: 148387.02153
Costo Reducido: -
Nodos: [107, 16, 51, 30, 65, 24, 59, 1, 31, 66, 11, 46, 36, 3, 38, 26, 61, 18, 53, 13, 48, 21, 56, 717]
q: [0, 11.0, -11.0, 11.0, -11.0, 14.0, -14.0, 7.0, 6.0, -6.0, 8.0, -8.0, -7.0, 15.0, -15.0, 13.0, -13.0, 11.0, -11.0, 15.0, -15.0, 13.0, -13.0, 0]
Q: [0, 11.0, 0.0, 11.0, 0.0, 14.0, 0.0, 7.0, 13.0, 7.0, 15.0, 7.0, 0.0, 15.0, 0.0, 13.0, 0.0, 11.0, 0.0, 15.0, 0.0, 13.0, 0.0, 0]
B: [0.0, 36.0, 45.624091437640004, 64.0, 82.7140226568, 107.4479935471, 145.9609438496, 175.0, 183.89376197118, 197.19937597428, 197.678254873377, 201.732321720387, 236.048051058387, 256.0, 261.08428175852, 300.0, 317.5792279694, 340.8578987218, 364.67613497049996, 423.0, 439.88315095, 477.0, 517.7387906792, 539.5093224136]
