Avion: 6      Iteracion: 66

Num Ruta: 51
Ingresos: 85200.0
Costos: 296.352940383
Utilidad Ruta: 84903.6470596
Costo Reducido: 3.11380180069
Nodos: [106, 1, 36, 23, 18, 53, 58, 22, 57, 8, 32, 19, 54, 43, 13, 67, 48, 29, 27, 64, 62, 716]
q: [0.0, 7.0, -7.0, 10.0, 5.0, -5.0, -10.0, 10.0, -10.0, 2.0, 6.0, 7.0, -7.0, -2.0, 9.0, -6.0, -9.0, 9.0, 6.0, -9.0, -6.0, 0.0]
Q: [0.0, 7.0, 0.0, 10.0, 15.0, 10.0, 0.0, 10.0, 0.0, 2.0, 8.0, 15.0, 8.0, 6.0, 15.0, 9.0, 0.0, 9.0, 15.0, 6.0, 0.0, 0.0]
B: [0.0, 175.0, 209.2400855285, 267.0, 293.0, 316.8182362487, 326.74376782137, 342.50019181287, 364.25487795177, 414.0, 425.4468981388, 437.16181277780004, 463.7889290693, 466.71704826086, 468.92772440177, 482.76990417957, 486.84085456001003, 549.0, 574.6018082369, 582.8182362320799, 598.26561380888, 616.17949046918]
