Avion: 1      Iteracion: 5

Num Ruta: 7
Ingresos: 106800.0
Costos: 429.468995122
Utilidad Ruta: 106370.531005
Costo Reducido: 103537.061523
Nodos: [101, 9, 44, 14, 31, 66, 49, 3, 38, 22, 57, 19, 54, 25, 60, 21, 56, 29, 64, 711]
q: [0, 11.0, -11.0, 8.0, 6.0, -6.0, -8.0, 15.0, -15.0, 10.0, -10.0, 7.0, -7.0, 10.0, -10.0, 13.0, -13.0, 9.0, -9.0, 0]
Q: [0, 11.0, 0.0, 8.0, 14.0, 8.0, 0.0, 15.0, 0.0, 10.0, 0.0, 7.0, 0.0, 10.0, 0.0, 13.0, 0.0, 9.0, 0.0, 0]
B: [0.0, 35.5033292242, 65.0305662267, 112.0, 130.0, 143.3056140031, 172.3711709735, 256.0, 261.08428175852, 299.0, 320.7546861389, 402.0, 428.6271162915, 460.3028294169, 477.487811727, 485.656525212, 526.3953158912, 564.8486123688999, 598.6283921490999, 619.4794192700999]
