Avion: 6      Iteracion: 61

Num Ruta: 49
Ingresos: 36000.0
Costos: 94.6244624083
Utilidad Ruta: 35905.3755376
Costo Reducido: 0.812786356801
Nodos: [106, 13, 48, 29, 27, 64, 62, 716]
q: [0, 15.0, -15.0, 9.0, 6.0, -9.0, -6.0, 0]
Q: [0, 15.0, 0.0, 9.0, 15.0, 6.0, 0.0, 0]
B: [0.0, 423.0, 439.88315095, 549.0, 574.6018082369, 582.8182362320799, 598.26561380888, 616.17949046918]
