Avion: 2      Iteracion: 27

Num Ruta: 28
Ingresos: 52800.0
Costos: 163.08186955
Utilidad Ruta: 52636.9181304
Costo Reducido: 40.34467555
Nodos: [102, 24, 59, 1, 36, 8, 32, 43, 13, 48, 67, 712]
q: [0.0, 14.0, -14.0, 7.0, -7.0, 8.0, 6.0, -8.0, 9.0, -9.0, -6.0, 0.0]
Q: [0.0, 14.0, 0.0, 7.0, 0.0, 8.0, 14.0, 6.0, 15.0, 6.0, 0.0, 0.0]
B: [0.0, 61.0, 99.5129503025, 175.0, 209.2400855285, 414.0, 425.4468981388, 447.8266328334, 450.03730897431, 466.92045992431, 470.99141030475005, 487.8602486168501]
