Avion: 3      Iteracion: 23

Num Ruta: 26
Ingresos: 96000.0
Costos: 322.72868599
Utilidad Ruta: 95677.271314
Costo Reducido: 57.582300904
Nodos: [103, 14, 49, 22, 57, 19, 8, 54, 43, 6, 41, 5, 40, 20, 7, 42, 55, 2, 33, 68, 37, 713]
q: [0.0, 8.0, -8.0, 10.0, -10.0, 7.0, 8.0, -7.0, -8.0, 5.0, -5.0, 12.0, -12.0, 5.0, 10.0, -10.0, -5.0, 9.0, 6.0, -6.0, -9.0, 0.0]
Q: [0.0, 8.0, 0.0, 10.0, 0.0, 7.0, 15.0, 8.0, 0.0, 5.0, 0.0, 12.0, 0.0, 5.0, 15.0, 5.0, 0.0, 9.0, 15.0, 9.0, 0.0, 0.0]
B: [0.0, 112.0, 124.021711775, 299.0, 320.7546861389, 402.0, 425.1608815463, 443.1178409771, 446.04596016866, 455.23663179809, 458.92892119628, 477.31778141108, 478.43947031626, 502.00342944875996, 517.0, 545.5413118129, 558.5049963585999, 565.8352936240599, 579.6208945540599, 602.9244057916599, 621.4431898230598, 638.3412156544598]
