Avion: 4      Iteracion: 0

Num Ruta: 3
Ingresos: 151200.0
Costos: 460.819844319
Utilidad Ruta: 150739.180156
Costo Reducido: -
Nodos: [104, 16, 51, 24, 59, 10, 45, 11, 46, 3, 38, 23, 18, 53, 58, 26, 61, 28, 63, 25, 19, 60, 54, 13, 48, 714]
q: [0.0, 11.0, -11.0, 14.0, -14.0, 12.0, -12.0, 8.0, -8.0, 15.0, -15.0, 4.0, 11.0, -11.0, -4.0, 13.0, -13.0, 8.0, -8.0, 8.0, 7.0, -8.0, -7.0, 15.0, -15.0, 0.0]
Q: [0.0, 11.0, 0.0, 14.0, 0.0, 12.0, 0.0, 8.0, 0.0, 15.0, 0.0, 4.0, 15.0, 4.0, 0.0, 13.0, 0.0, 8.0, 0.0, 8.0, 15.0, 7.0, 0.0, 15.0, 0.0, 0.0]
B: [0.0, 36.0, 45.624091437640004, 70.85029051714, 109.36324081964, 121.14917149994, 150.66868223434, 203.30689881694, 207.36096566395, 256.0, 261.08428175852, 267.0, 293.0, 316.8182362487, 326.74376782137, 346.43014059547, 364.00936856487, 378.0, 414.0266187839, 417.35999740026, 426.75200464046, 443.42489632125995, 460.21175275715996, 464.43937206358, 481.32252301358, 505.44528844378]
