Avion: 2      Iteracion: 11

Num Ruta: 12
Ingresos: 81600.0
Costos: 294.683138693
Utilidad Ruta: 81305.3168613
Costo Reducido: 107.261893349
Nodos: [102, 9, 44, 12, 47, 1, 31, 66, 36, 3, 38, 18, 34, 69, 53, 712]
q: [0.0, 11.0, -11.0, 14.0, -14.0, 7.0, 6.0, -6.0, -7.0, 15.0, -15.0, 3.0, 12.0, -12.0, -3.0, 0.0]
Q: [0.0, 11.0, 0.0, 14.0, 0.0, 7.0, 13.0, 7.0, 0.0, 15.0, 0.0, 3.0, 15.0, 3.0, 0.0, 0.0]
B: [0.0, 28.0, 57.5272370025, 68.3142737596, 111.6621980236, 175.0, 183.89376197118, 197.19937597428, 230.76046369508, 256.0, 261.08428175852, 293.0, 316.7154937119, 357.6630917489, 372.8157213887, 389.688445087]
