Avion: 7      Iteracion: 23

Num Ruta: 20
Ingresos: 39600.0
Costos: 96.893098334
Utilidad Ruta: 39503.1069017
Costo Reducido: 38.4306992101
Nodos: [107, 16, 51, 22, 57, 5, 40, 717]
q: [0, 11.0, -11.0, 10.0, -10.0, 12.0, -12.0, 0]
Q: [0, 11.0, 0.0, 10.0, 0.0, 12.0, 0.0, 0]
B: [0.0, 36.0, 45.624091437640004, 299.0, 320.7546861389, 469.0, 470.12168890518, 473.1997267542]
