Avion: 4      Iteracion: 29

Num Ruta: 27
Ingresos: 94800.0
Costos: 383.499063621
Utilidad Ruta: 94416.5009364
Costo Reducido: 20.3291067039
Nodos: [104, 17, 52, 24, 59, 1, 36, 3, 38, 18, 34, 53, 69, 28, 63, 25, 19, 32, 54, 67, 60, 714]
q: [0.0, 5.0, -5.0, 14.0, -14.0, 7.0, -7.0, 15.0, -15.0, 3.0, 12.0, -3.0, -12.0, 8.0, -8.0, 2.0, 7.0, 6.0, -7.0, -6.0, -2.0, 0.0]
Q: [0.0, 5.0, 0.0, 14.0, 0.0, 7.0, 0.0, 15.0, 0.0, 3.0, 15.0, 12.0, 0.0, 8.0, 0.0, 2.0, 9.0, 15.0, 8.0, 2.0, 0.0, 0.0]
B: [0.0, 24.0, 58.8425537813, 75.400837086, 113.9137873885, 175.0, 209.2400855285, 256.0, 261.08428175852, 293.0, 316.7154937119, 344.9475311871, 360.10016082690004, 378.0, 414.0266187839, 417.35999740026, 426.75200464046, 438.46691927945994, 458.03938997175993, 475.1667664199599, 486.1518346946599, 507.1925712311599]
