Avion: 4      Iteracion: 0

Num Ruta: 2
Ingresos: 135600.0
Costos: 506.530533442
Utilidad Ruta: 135093.469467
Costo Reducido: -
Nodos: [104, 9, 44, 24, 59, 14, 49, 11, 46, 3, 38, 23, 18, 53, 58, 26, 61, 28, 63, 25, 19, 60, 54, 32, 67, 714]
q: [0.0, 11.0, -11.0, 14.0, -14.0, 8.0, -8.0, 8.0, -8.0, 15.0, -15.0, 10.0, 5.0, -5.0, -10.0, 13.0, -13.0, 8.0, -8.0, 8.0, 7.0, -8.0, -7.0, 6.0, -6.0, 0.0]
Q: [0.0, 11.0, 0.0, 14.0, 0.0, 8.0, 0.0, 8.0, 0.0, 15.0, 0.0, 10.0, 15.0, 10.0, 0.0, 13.0, 0.0, 8.0, 0.0, 8.0, 15.0, 7.0, 0.0, 6.0, 0.0, 0.0]
B: [0.0, 43.2032553519, 72.7304923544, 96.8707422495, 135.383692552, 164.0300618507, 176.0517736257, 205.5002027349, 209.55426958191, 256.0, 261.08428175852, 267.0, 293.0, 316.8182362487, 326.74376782137, 346.43014059547, 364.00936856487, 378.0, 414.0266187839, 417.35999740026, 426.75200464046, 443.42489632125995, 460.21175275715996, 479.78422344945994, 507.64157926435996, 535.7180296988599]
