Avion: 6      Iteracion: 30

Num Ruta: 30
Ingresos: 75600.0
Costos: 219.905413316
Utilidad Ruta: 75380.0945867
Costo Reducido: 40.2543540484
Nodos: [106, 1, 36, 8, 19, 54, 43, 13, 48, 15, 50, 7, 4, 42, 39, 716]
q: [0, 7.0, -7.0, 8.0, 7.0, -7.0, -8.0, 15.0, -15.0, 11.0, -11.0, 10.0, 5.0, -10.0, -5.0, 0]
Q: [0, 7.0, 0.0, 8.0, 15.0, 8.0, 0.0, 15.0, 0.0, 11.0, 0.0, 10.0, 15.0, 5.0, 0.0, 0]
B: [0.0, 175.0, 209.2400855285, 414.0, 437.1608815463, 463.7879978378, 466.71611702935996, 468.92679317026995, 485.80994412026996, 511.0, 527.4211666151, 538.3259061809999, 548.6892794734999, 567.9616404602, 569.12201453781, 590.7968004883099]
