Avion: 4      Iteracion: 19

Num Ruta: 20
Ingresos: 79200.0
Costos: 352.120342043
Utilidad Ruta: 78847.879658
Costo Reducido: 39.6253244477
Nodos: [104, 14, 49, 1, 36, 23, 18, 53, 58, 26, 61, 25, 19, 60, 8, 43, 54, 714]
q: [0.0, 8.0, -8.0, 7.0, -7.0, 4.0, 11.0, -11.0, -4.0, 13.0, -13.0, 8.0, 7.0, -8.0, 8.0, -8.0, -7.0, 0.0]
Q: [0.0, 8.0, 0.0, 7.0, 0.0, 4.0, 15.0, 4.0, 0.0, 13.0, 0.0, 8.0, 15.0, 7.0, 15.0, 7.0, 0.0, 0.0]
B: [0.0, 112.0, 124.021711775, 175.0, 209.2400855285, 267.0, 293.0, 316.8182362487, 326.74376782137, 346.43014059547, 364.00936856487, 410.0, 419.3920072402, 436.06489892099995, 461.88549877849994, 482.65389539449995, 485.5820145860599, 523.20834213736]
