Avion: 7      Iteracion: 20

Num Ruta: 18
Ingresos: 114000.0
Costos: 292.613640444
Utilidad Ruta: 113707.38636
Costo Reducido: 103.159724152
Nodos: [107, 16, 51, 24, 59, 1, 31, 66, 11, 46, 36, 3, 38, 23, 58, 13, 48, 29, 64, 717]
q: [0, 11.0, -11.0, 14.0, -14.0, 7.0, 6.0, -6.0, 8.0, -8.0, -7.0, 15.0, -15.0, 10.0, -10.0, 15.0, -15.0, 9.0, -9.0, 0]
Q: [0, 11.0, 0.0, 14.0, 0.0, 7.0, 13.0, 7.0, 15.0, 7.0, 0.0, 15.0, 0.0, 10.0, 0.0, 15.0, 0.0, 9.0, 0.0, 0]
B: [0.0, 36.0, 45.624091437640004, 70.85029051714, 109.36324081964, 175.0, 183.89376197118, 197.19937597428, 197.678254873377, 201.732321720387, 236.048051058387, 256.0, 261.08428175852, 267.0, 306.733842905, 423.0, 439.88315095, 549.0, 582.7797797802, 599.0926022215]
