Avion: 1      Iteracion: 25

Num Ruta: 25
Ingresos: 7200.0
Costos: 59.7416122859
Utilidad Ruta: 7140.25838771
Costo Reducido: 15.6996971307
Nodos: [101, 35, 70, 711]
q: [0, 6.0, -6.0, 0]
Q: [0, 6.0, 0.0, 0]
B: [0.0, 279.0, 298.9128833924, 326.24380567829996]
