Avion: 4      Iteracion: 49

Num Ruta: 41
Ingresos: 66000.0
Costos: 262.176752397
Utilidad Ruta: 65737.8232476
Costo Reducido: 4.75437587383
Nodos: [104, 17, 52, 12, 47, 10, 45, 26, 61, 18, 53, 714]
q: [0, 5.0, -5.0, 14.0, -14.0, 12.0, -12.0, 13.0, -13.0, 11.0, -11.0, 0]
Q: [0, 5.0, 0.0, 14.0, 0.0, 12.0, 0.0, 13.0, 0.0, 11.0, 0.0, 0]
B: [0.0, 24.0, 58.8425537813, 78.5512475229, 121.8991717869, 130.61694214405, 160.13645287845, 300.0, 317.5792279694, 340.8578987218, 364.67613497049996, 393.31129730629993]
