Avion: 4      Iteracion: 8

Num Ruta: 12
Ingresos: 112800.0
Costos: 495.922682267
Utilidad Ruta: 112304.077318
Costo Reducido: 63228.4690323
Nodos: [104, 17, 52, 16, 51, 12, 47, 35, 70, 18, 53, 19, 32, 54, 8, 43, 67, 15, 50, 20, 4, 39, 55, 714]
q: [0, 5.0, -5.0, 11.0, -11.0, 14.0, -14.0, 6.0, -6.0, 11.0, -11.0, 7.0, 6.0, -7.0, 8.0, -8.0, -6.0, 11.0, -11.0, 10.0, 5.0, -5.0, -10.0, 0]
Q: [0, 5.0, 0.0, 11.0, 0.0, 14.0, 0.0, 6.0, 0.0, 11.0, 0.0, 7.0, 13.0, 6.0, 14.0, 6.0, 0.0, 11.0, 0.0, 10.0, 15.0, 10.0, 0.0, 0]
B: [0.0, 24.0, 58.8425537813, 64.17419311644, 73.79828455408, 107.75218743728, 151.10011170128, 279.0, 298.9128833924, 321.80373678409995, 345.62197303279993, 402.0, 422.0, 441.5724706923, 459.5294301231, 480.2978267391, 496.3469254677, 519.6423650214, 536.0635316365, 542.19738368884, 552.47653472384, 572.9022844040401, 584.7635076546401, 645.98308140354]
