Avion: 3      Iteracion: 19

Num Ruta: 22
Ingresos: 85200.0
Costos: 364.050615916
Utilidad Ruta: 84835.9493841
Costo Reducido: 125.063652164
Nodos: [103, 14, 49, 1, 36, 18, 53, 19, 8, 54, 43, 20, 7, 42, 55, 2, 33, 68, 37, 713]
q: [0.0, 8.0, -8.0, 7.0, -7.0, 11.0, -11.0, 7.0, 8.0, -7.0, -8.0, 5.0, 10.0, -10.0, -5.0, 9.0, 6.0, -6.0, -9.0, 0.0]
Q: [0.0, 8.0, 0.0, 7.0, 0.0, 11.0, 0.0, 7.0, 15.0, 8.0, 0.0, 5.0, 15.0, 5.0, 0.0, 9.0, 15.0, 9.0, 0.0, 0.0]
B: [0.0, 112.0, 124.021711775, 175.0, 209.2400855285, 293.0, 316.8182362487, 402.0, 425.1608815463, 443.1178409771, 446.04596016866, 496.0, 517.0, 545.5413118129, 558.5049963585999, 565.8352936240599, 579.6208945540599, 602.9244057916599, 621.4431898230598, 638.3412156544598]
