Avion: 6      Iteracion: 50

Num Ruta: 42
Ingresos: 42000.0
Costos: 117.841715889
Utilidad Ruta: 41882.1582841
Costo Reducido: 3.8127077241
Nodos: [106, 10, 45, 26, 61, 22, 57, 716]
q: [0, 12.0, -12.0, 13.0, -13.0, 10.0, -10.0, 0]
Q: [0, 12.0, 0.0, 13.0, 0.0, 10.0, 0.0, 0]
B: [0.0, 96.0, 125.5195107344, 300.0, 317.5792279694, 331.2134086195, 352.9680947584, 369.4228747326]
