Avion: 3      Iteracion: 16

Num Ruta: 20
Ingresos: 105600.0
Costos: 401.538963791
Utilidad Ruta: 105198.461036
Costo Reducido: 116.628885702
Nodos: [103, 16, 51, 1, 36, 18, 53, 19, 8, 54, 43, 6, 41, 13, 48, 20, 7, 42, 55, 29, 64, 713]
q: [0.0, 11.0, -11.0, 7.0, -7.0, 11.0, -11.0, 7.0, 8.0, -7.0, -8.0, 5.0, -5.0, 15.0, -15.0, 5.0, 10.0, -10.0, -5.0, 9.0, -9.0, 0.0]
Q: [0.0, 11.0, 0.0, 7.0, 0.0, 11.0, 0.0, 7.0, 15.0, 8.0, 0.0, 5.0, 0.0, 15.0, 0.0, 5.0, 15.0, 5.0, 0.0, 9.0, 0.0, 0.0]
B: [0.0, 36.0, 45.624091437640004, 175.0, 209.2400855285, 293.0, 316.8182362487, 402.0, 425.1608815463, 443.1178409771, 446.04596016866, 455.23663179809, 458.92892119628, 472.33898730348, 489.22213825348, 503.15272348888, 517.0, 545.5413118129, 558.5049963585999, 608.0350499825998, 641.8148297627998, 661.1915408355999]
