Avion: 5      Iteracion: 58

Num Ruta: 50
Ingresos: 44400.0
Costos: 200.468058644
Utilidad Ruta: 44199.5319414
Costo Reducido: 0.0368347622643
Nodos: [105, 17, 52, 12, 47, 10, 45, 35, 70, 715]
q: [0, 5.0, -5.0, 14.0, -14.0, 12.0, -12.0, 6.0, -6.0, 0]
Q: [0, 5.0, 0.0, 14.0, 0.0, 12.0, 0.0, 6.0, 0.0, 0]
B: [0.0, 24.0, 58.8425537813, 78.5512475229, 121.8991717869, 130.61694214405, 160.13645287845, 279.0, 298.9128833924, 323.0496558776]
