Avion: 1      Iteracion: 43

Num Ruta: 41
Ingresos: 31200.0
Costos: 117.722096432
Utilidad Ruta: 31082.2779036
Costo Reducido: 12.0415306624
Nodos: [101, 26, 61, 21, 56, 711]
q: [0, 13.0, -13.0, 13.0, -13.0, 0]
Q: [0, 13.0, 0.0, 13.0, 0.0, 0]
B: [0.0, 300.0, 317.5792279694, 477.0, 517.7387906792, 537.5187401229999]
