Avion: 7      Iteracion: 28

Num Ruta: 25
Ingresos: 15600.0
Costos: 48.2399076628
Utilidad Ruta: 15551.7600923
Costo Reducido: 5.31148321844
Nodos: [107, 26, 61, 717]
q: [0, 13.0, -13.0, 0]
Q: [0, 13.0, 0.0, 0]
B: [0.0, 300.0, 317.5792279694, 334.6435628231]
