Avion: 2      Iteracion: 41

Num Ruta: 39
Ingresos: 104400.0
Costos: 354.994940664
Utilidad Ruta: 104045.005059
Costo Reducido: 16.6196283265
Nodos: [102, 24, 59, 11, 46, 34, 69, 28, 63, 25, 19, 32, 54, 67, 60, 20, 7, 42, 55, 2, 33, 68, 37, 712]
q: [0.0, 14.0, -14.0, 8.0, -8.0, 12.0, -12.0, 8.0, -8.0, 2.0, 7.0, 6.0, -7.0, -6.0, -2.0, 10.0, 5.0, -5.0, -10.0, 9.0, 6.0, -6.0, -9.0, 0.0]
Q: [0.0, 14.0, 0.0, 8.0, 0.0, 12.0, 0.0, 8.0, 0.0, 2.0, 9.0, 15.0, 8.0, 2.0, 0.0, 10.0, 15.0, 10.0, 0.0, 9.0, 15.0, 9.0, 0.0, 0.0]
B: [0.0, 61.0, 99.5129503025, 169.0, 173.05406684701, 283.0, 323.947598037, 378.0, 414.0266187839, 417.35999740026, 426.75200464046, 438.46691927945994, 458.03938997175993, 475.1667664199599, 486.1518346946599, 496.0, 517.0, 545.5413118129, 558.5049963585999, 565.8352936240599, 579.6208945540599, 602.9244057916599, 621.4431898230598, 624.2974851826898]
