Avion: 1      Iteracion: 39

Num Ruta: 37
Ingresos: 31200.0
Costos: 130.863310937
Utilidad Ruta: 31069.1366891
Costo Reducido: 2.79753609747
Nodos: [101, 26, 61, 19, 32, 54, 67, 711]
q: [0, 13.0, -13.0, 7.0, 6.0, -7.0, -6.0, 0]
Q: [0, 13.0, 0.0, 7.0, 13.0, 6.0, 0.0, 0]
B: [0.0, 300.0, 317.5792279694, 402.0, 422.0, 441.5724706923, 458.69984714049997, 478.18821867329996]
