Avion: 1      Iteracion: 58

Num Ruta: 46
Ingresos: 54000.0
Costos: 204.415329271
Utilidad Ruta: 53795.5846707
Costo Reducido: 3.36927514787
Nodos: [101, 26, 61, 21, 56, 33, 68, 29, 64, 711]
q: [0, 13.0, -13.0, 13.0, -13.0, 10.0, -10.0, 9.0, -9.0, 0]
Q: [0, 13.0, 0.0, 13.0, 0.0, 10.0, 0.0, 9.0, 0.0, 0]
B: [0.0, 300.0, 317.5792279694, 477.0, 517.7387906792, 562.0, 585.3035112376, 603.6868304428, 637.466610223, 658.317637344]
