Avion: 7      Iteracion: 7

Num Ruta: 11
Ingresos: 30000.0
Costos: 107.930967545
Utilidad Ruta: 29892.0690325
Costo Reducido: 17200.7276652
Nodos: [107, 3, 38, 22, 57, 717]
q: [0, 15.0, -15.0, 10.0, -10.0, 0]
Q: [0, 15.0, 0.0, 10.0, 0.0, 0]
B: [0.0, 256.0, 261.08428175852, 299.0, 320.7546861389, 345.52088966310004]
