Avion: 6      Iteracion: 4

Num Ruta: 7
Ingresos: 24000.0
Costos: 170.865565809
Utilidad Ruta: 23829.1344342
Costo Reducido: 6516.37912821
Nodos: [106, 17, 52, 2, 27, 37, 62, 716]
q: [0, 5.0, -5.0, 9.0, 6.0, -9.0, -6.0, 0]
Q: [0, 5.0, 0.0, 9.0, 15.0, 6.0, 0.0, 0]
B: [0.0, 24.0, 58.8425537813, 522.0, 547.7839683718, 572.749620336, 602.0901506823, 620.0040273426]
