Avion: 3      Iteracion: 5

Num Ruta: 9
Ingresos: 152400.0
Costos: 494.080120886
Utilidad Ruta: 151905.919879
Costo Reducido: 126812.761589
Nodos: [103, 16, 51, 9, 44, 30, 65, 14, 49, 3, 38, 35, 70, 22, 57, 25, 60, 19, 54, 5, 40, 15, 50, 20, 7, 4, 42, 55, 39, 713]
q: [0.0, 11.0, -11.0, 11.0, -11.0, 11.0, -11.0, 8.0, -8.0, 15.0, -15.0, 6.0, -6.0, 10.0, -10.0, 10.0, -10.0, 7.0, -7.0, 12.0, -12.0, 11.0, -11.0, 10.0, 0.0, 5.0, 0.0, -10.0, -5.0, 0.0]
Q: [0.0, 11.0, 0.0, 11.0, 0.0, 11.0, 0.0, 8.0, 0.0, 15.0, 0.0, 6.0, 0.0, 10.0, 0.0, 10.0, 0.0, 7.0, 0.0, 12.0, 0.0, 11.0, 0.0, 10.0, 10.0, 15.0, 15.0, 5.0, 0.0, 0.0]
B: [0.0, 36.0, 45.624091437640004, 75.68094759394, 105.20818459644, 120.99608493184, 139.71010758864, 167.50604824554, 179.52776002054, 256.0, 261.08428175852, 304.88260501412, 324.79548840651995, 339.90974303581993, 361.66442917471994, 410.0, 427.1849823101, 443.8578739909, 470.48499028239996, 478.33530352455995, 479.45699242973996, 512.85918690854, 529.28035352364, 535.41420557598, 544.1571599965399, 554.5205332890399, 573.79289427574, 586.7565788214399, 598.6178020720399, 615.1887238629399]
