Avion: 3      Iteracion: 21

Num Ruta: 24
Ingresos: 48000.0
Costos: 144.551284561
Utilidad Ruta: 47855.4487154
Costo Reducido: 33.5121687585
Nodos: [103, 14, 49, 32, 67, 13, 48, 15, 50, 713]
q: [0, 8.0, -8.0, 6.0, -6.0, 15.0, -15.0, 11.0, -11.0, 0]
Q: [0, 8.0, 0.0, 6.0, 0.0, 15.0, 0.0, 11.0, 0.0, 0]
B: [0.0, 112.0, 124.021711775, 422.0, 449.8573558149, 463.69953559270004, 480.58268654270006, 511.0, 527.4211666151, 535.83014193912]
