Avion: 4      Iteracion: 31

Num Ruta: 29
Ingresos: 25200.0
Costos: 99.3767054203
Utilidad Ruta: 25100.6232946
Costo Reducido: 2.57797976008
Nodos: [104, 22, 57, 18, 53, 714]
q: [0, 10.0, -10.0, 11.0, -11.0, 0]
Q: [0, 10.0, 0.0, 11.0, 0.0, 0]
B: [0.0, 299.0, 320.7546861389, 334.15512273630003, 357.973358985, 386.6085213208]
