Avion: 5      Iteracion: 34

Num Ruta: 33
Ingresos: 145200.0
Costos: 461.840118503
Utilidad Ruta: 144738.159881
Costo Reducido: 17.7444804353
Nodos: [105, 17, 52, 16, 51, 24, 59, 10, 45, 35, 26, 70, 61, 22, 57, 8, 32, 43, 6, 41, 13, 67, 48, 15, 50, 20, 7, 4, 42, 39, 55, 715]
q: [0.0, 5.0, -5.0, 11.0, -11.0, 14.0, -14.0, 12.0, -12.0, 6.0, 9.0, -6.0, -9.0, 10.0, -10.0, 8.0, 6.0, -8.0, 5.0, -5.0, 9.0, -6.0, -9.0, 11.0, -11.0, 10.0, 5.0, 0.0, -5.0, 0.0, -10.0, 0.0]
Q: [0.0, 5.0, 0.0, 11.0, 0.0, 14.0, 0.0, 12.0, 0.0, 6.0, 15.0, 9.0, 0.0, 10.0, 0.0, 8.0, 14.0, 6.0, 11.0, 6.0, 15.0, 9.0, 0.0, 11.0, 0.0, 10.0, 15.0, 15.0, 10.0, 10.0, 0.0, 0.0]
B: [0.0, 24.0, 58.8425537813, 64.17419311644, 73.79828455408, 99.02448363357999, 137.53743393608, 149.32336461638, 178.84287535078, 279.0, 300.0, 309.29300538039, 319.11482114938, 332.74900179948, 354.50368793838004, 414.0, 425.4468981388, 447.8266328334, 457.01730446283, 460.70959386102, 474.11965996822, 487.96183974602, 492.03279012646004, 511.98981588186007, 528.4109824969601, 534.5448345493, 543.28778896986, 553.65116226236, 572.92352324906, 574.08389732667, 585.94512057727, 623.79056929967]
