Avion: 3      Iteracion: 36

Num Ruta: 36
Ingresos: 69600.0
Costos: 257.433194867
Utilidad Ruta: 69342.5668051
Costo Reducido: 39.938105976
Nodos: [103, 16, 51, 14, 49, 18, 53, 21, 56, 27, 29, 64, 62, 713]
q: [0, 11.0, -11.0, 8.0, -8.0, 11.0, -11.0, 13.0, -13.0, 6.0, 9.0, -9.0, -6.0, 0]
Q: [0, 11.0, 0.0, 8.0, 0.0, 11.0, 0.0, 13.0, 0.0, 6.0, 15.0, 6.0, 0.0, 0]
B: [0.0, 36.0, 45.624091437640004, 112.0, 124.021711775, 293.0, 316.8182362487, 477.0, 517.7387906792, 538.0, 563.6018082369, 597.3815880171, 612.8289655939, 625.2720042098999]
