Avion: 4      Iteracion: 45

Num Ruta: 38
Ingresos: 62400.0
Costos: 225.620900444
Utilidad Ruta: 62174.3790996
Costo Reducido: 9.02063252354
Nodos: [104, 12, 47, 10, 45, 35, 26, 70, 61, 18, 53, 714]
q: [0.0, 14.0, -14.0, 12.0, -12.0, 6.0, 9.0, -6.0, -9.0, 11.0, -11.0, 0.0]
Q: [0.0, 14.0, 0.0, 12.0, 0.0, 6.0, 15.0, 9.0, 0.0, 11.0, 0.0, 0.0]
B: [0.0, 54.0, 97.347924264, 106.06569462115, 135.58520535555, 279.0, 300.0, 309.29300538039, 319.11482114938, 342.39349190178, 366.21172815048, 394.84689048627996]
