Avion: 4      Iteracion: 51

Num Ruta: 42
Ingresos: 88800.0
Costos: 297.662916128
Utilidad Ruta: 88502.3370839
Costo Reducido: 9.36051844554
Nodos: [104, 17, 30, 52, 16, 51, 65, 24, 59, 22, 57, 18, 53, 28, 63, 15, 50, 714]
q: [0.0, 5.0, 10.0, -5.0, 5.0, -5.0, -10.0, 14.0, -14.0, 10.0, -10.0, 11.0, -11.0, 8.0, -8.0, 11.0, -11.0, 0.0]
Q: [0.0, 5.0, 15.0, 10.0, 15.0, 10.0, 0.0, 14.0, 0.0, 10.0, 0.0, 11.0, 0.0, 8.0, 0.0, 11.0, 0.0, 0.0]
B: [0.0, 24.0, 64.0, 67.14445448369, 72.47609381883, 82.10018525647, 84.97134181786, 109.70531270816, 148.21826301066, 299.0, 320.7546861389, 334.15512273630003, 357.973358985, 378.0, 414.0266187839, 511.0, 527.4211666151, 552.29730478]
