Avion: 2      Iteracion: 0

Num Ruta: 3
Ingresos: 160800.0
Costos: 491.891743141
Utilidad Ruta: 160308.108257
Costo Reducido: -
Nodos: [102, 24, 30, 59, 10, 65, 45, 31, 11, 66, 46, 1, 36, 3, 38, 23, 18, 53, 58, 26, 61, 13, 48, 21, 56, 7, 4, 39, 42, 712]
q: [0.0, 12.0, 3.0, -12.0, 12.0, -3.0, -12.0, 6.0, 8.0, -6.0, -8.0, 7.0, -7.0, 15.0, -15.0, 4.0, 11.0, -11.0, -4.0, 13.0, -13.0, 15.0, -15.0, 13.0, -13.0, 10.0, 5.0, -5.0, -10.0, 0.0]
Q: [0.0, 12.0, 15.0, 3.0, 15.0, 12.0, 0.0, 6.0, 14.0, 8.0, 0.0, 7.0, 0.0, 15.0, 0.0, 4.0, 15.0, 4.0, 0.0, 13.0, 0.0, 15.0, 0.0, 13.0, 0.0, 10.0, 15.0, 10.0, 0.0, 0.0]
B: [0.0, 61.0, 79.2569011609, 99.5250225588, 111.3109532391, 130.0040035252, 148.9048014184, 188.51295575560002, 201.69568494950002, 202.17456384859702, 205.868942416097, 228.53839395339702, 262.778479481897, 269.875031391097, 274.959313149617, 278.321800473017, 298.500750619117, 322.318986867817, 332.244518440487, 351.930891214587, 369.510119183987, 423.0, 439.88315095, 477.0, 517.7387906792, 557.2683688328, 567.6317421253, 588.0574918054999, 589.2178658831099, 619.6976803182099]
