Avion: 4      Iteracion: 10

Num Ruta: 14
Ingresos: 75600.0
Costos: 292.952390328
Utilidad Ruta: 75307.0476097
Costo Reducido: 16658.1974513
Nodos: [104, 16, 51, 9, 44, 30, 65, 3, 38, 23, 34, 58, 69, 714]
q: [0.0, 11.0, -11.0, 11.0, -11.0, 11.0, -11.0, 15.0, -15.0, 3.0, 12.0, -3.0, -12.0, 0.0]
Q: [0.0, 11.0, 0.0, 11.0, 0.0, 11.0, 0.0, 15.0, 0.0, 3.0, 15.0, 12.0, 0.0, 0.0]
B: [0.0, 36.0, 45.624091437640004, 75.68094759394, 105.20818459644, 120.99608493184, 139.71010758864, 256.0, 261.08428175852, 267.0, 308.6968644505, 345.192375421, 361.7120311075, 401.67748710390003]
