Avion: 6      Iteracion: 14

Num Ruta: 15
Ingresos: 103200.0
Costos: 372.981357306
Utilidad Ruta: 102827.018643
Costo Reducido: 159.270883306
Nodos: [106, 30, 65, 16, 51, 14, 49, 23, 58, 22, 57, 32, 19, 54, 67, 21, 56, 33, 68, 716]
q: [0, 11.0, -11.0, 11.0, -11.0, 8.0, -8.0, 10.0, -10.0, 10.0, -10.0, 6.0, 7.0, -7.0, -6.0, 13.0, -13.0, 10.0, -10.0, 0]
Q: [0, 11.0, 0.0, 11.0, 0.0, 8.0, 0.0, 10.0, 0.0, 10.0, 0.0, 6.0, 13.0, 6.0, 0.0, 13.0, 0.0, 10.0, 0.0, 0]
B: [0.0, 64.0, 82.7140226568, 93.53069441849999, 103.15478585614, 129.94109036054, 141.96280213554, 267.0, 306.733842905, 322.49026689650003, 344.24495303540004, 422.0, 433.71491463899997, 460.34203093049996, 477.46940737869994, 495.8813389720999, 536.6201296512999, 562.0, 585.3035112376, 621.3570077393]
