Avion: 5      Iteracion: 25

Num Ruta: 25
Ingresos: 98400.0
Costos: 314.615826741
Utilidad Ruta: 98085.3841733
Costo Reducido: 24.5625503644
Nodos: [105, 17, 52, 30, 16, 51, 65, 14, 49, 3, 38, 23, 18, 58, 53, 21, 56, 15, 50, 715]
q: [0.0, 5.0, -5.0, 11.0, 4.0, -4.0, -11.0, 8.0, -8.0, 15.0, -15.0, 4.0, 11.0, -4.0, -11.0, 13.0, -13.0, 11.0, -11.0, 0.0]
Q: [0.0, 5.0, 0.0, 11.0, 15.0, 11.0, 0.0, 8.0, 0.0, 15.0, 0.0, 4.0, 15.0, 11.0, 0.0, 13.0, 0.0, 11.0, 0.0, 0.0]
B: [0.0, 24.0, 58.8425537813, 64.0, 72.20259129788, 81.82668273552001, 84.69783929691, 112.49377995381, 124.51549172881, 256.0, 261.08428175852, 267.0, 293.0, 318.4393114097, 328.36484298237, 477.0, 517.7387906792, 564.1245581623, 580.5457247774, 592.3981676057999]
