Avion: 3      Iteracion: 48

Num Ruta: 46
Ingresos: 30000.0
Costos: 90.0754674872
Utilidad Ruta: 29909.9245325
Costo Reducido: 1.67401227879
Nodos: [103, 22, 57, 7, 4, 42, 39, 713]
q: [0, 10.0, -10.0, 10.0, 5.0, -10.0, -5.0, 0]
Q: [0, 10.0, 0.0, 10.0, 15.0, 5.0, 0.0, 0]
B: [0.0, 299.0, 320.7546861389, 517.0, 529.0, 548.2723609867, 549.43273506431, 566.00365685521]
