Avion: 3      Iteracion: 0

Num Ruta: 1
Ingresos: 56400.0
Costos: 260.923640892
Utilidad Ruta: 56139.0763591
Costo Reducido: -
Nodos: [103, 12, 47, 1, 36, 5, 40, 4, 39, 29, 64, 713]
q: [0, 14.0, -14.0, 7.0, -7.0, 12.0, -12.0, 5.0, -5.0, 9.0, -9.0, 0]
Q: [0, 14.0, 0.0, 7.0, 0.0, 12.0, 0.0, 5.0, 0.0, 9.0, 0.0, 0]
B: [0.0, 54.0, 97.347924264, 175.0, 209.2400855285, 469.0, 470.12168890518, 529.0, 549.4257496801999, 587.2435953221999, 621.0233751023999, 640.4000861751999]
