Avion: 3      Iteracion: 45

Num Ruta: 43
Ingresos: 36000.0
Costos: 127.059818026
Utilidad Ruta: 35872.940182
Costo Reducido: 6.70552400931
Nodos: [103, 18, 53, 29, 64, 33, 68, 713]
q: [0, 11.0, -11.0, 9.0, -9.0, 10.0, -10.0, 0]
Q: [0, 11.0, 0.0, 9.0, 0.0, 10.0, 0.0, 0]
B: [0.0, 293.0, 316.8182362487, 549.0, 582.7797797802, 591.6312714624, 614.9347827, 628.3903772614]
