Avion: 3      Iteracion: 65

Num Ruta: 53
Ingresos: 99600.0
Costos: 291.101881402
Utilidad Ruta: 99308.8981186
Costo Reducido: 5.86952907758
Nodos: [103, 30, 16, 51, 65, 14, 49, 19, 32, 8, 54, 43, 13, 67, 48, 15, 50, 20, 7, 42, 55, 33, 68, 713]
q: [0.0, 11.0, 4.0, -4.0, -11.0, 8.0, -8.0, 7.0, 6.0, 2.0, -7.0, -2.0, 9.0, -6.0, -9.0, 11.0, -11.0, 10.0, 5.0, -5.0, -10.0, 10.0, -10.0, 0.0]
Q: [0.0, 11.0, 15.0, 11.0, 0.0, 8.0, 0.0, 7.0, 13.0, 15.0, 8.0, 6.0, 15.0, 9.0, 0.0, 11.0, 0.0, 10.0, 15.0, 10.0, 0.0, 10.0, 0.0, 0.0]
B: [0.0, 64.0, 72.20259129788, 81.82668273552001, 84.69783929691, 112.49377995381, 124.51549172881, 402.0, 422.0, 433.4468981388, 451.4038575696, 454.33197676116, 456.54265290206996, 470.38483267987, 474.45578306031, 511.0, 527.4211666151, 533.55501866744, 542.2979730879999, 570.8392849008999, 583.8029694465998, 594.6247687886998, 617.9282800262998, 631.3838745876998]
