Avion: 4      Iteracion: 46

Num Ruta: 39
Ingresos: 105600.0
Costos: 292.355004994
Utilidad Ruta: 105307.644995
Costo Reducido: 1.31640751177
Nodos: [104, 17, 30, 52, 16, 51, 65, 3, 38, 23, 18, 53, 58, 28, 63, 25, 19, 60, 54, 13, 48, 714]
q: [0.0, 5.0, 10.0, -5.0, 5.0, -5.0, -10.0, 15.0, -15.0, 4.0, 11.0, -11.0, -4.0, 8.0, -8.0, 8.0, 7.0, -8.0, -7.0, 15.0, -15.0, 0.0]
Q: [0.0, 5.0, 15.0, 10.0, 15.0, 10.0, 0.0, 15.0, 0.0, 4.0, 15.0, 4.0, 0.0, 8.0, 0.0, 8.0, 15.0, 7.0, 0.0, 15.0, 0.0, 0.0]
B: [0.0, 24.0, 64.0, 67.14445448369, 72.47609381883, 82.10018525647, 84.97134181786, 256.0, 261.08428175852, 267.0, 293.0, 316.8182362487, 326.74376782137, 378.0, 414.0266187839, 417.35999740026, 426.75200464046, 443.42489632125995, 460.21175275715996, 464.43937206358, 481.32252301358, 505.44528844378]
