Avion: 1      Iteracion: 32

Num Ruta: 31
Ingresos: 52800.0
Costos: 233.926538332
Utilidad Ruta: 52566.0734617
Costo Reducido: 22.5068736612
Nodos: [101, 24, 59, 1, 36, 8, 32, 43, 67, 29, 64, 711]
q: [0, 14.0, -14.0, 7.0, -7.0, 8.0, 6.0, -8.0, -6.0, 9.0, -9.0, 0]
Q: [0, 14.0, 0.0, 7.0, 0.0, 8.0, 14.0, 6.0, 0.0, 9.0, 0.0, 0]
B: [0.0, 61.0, 99.5129503025, 175.0, 209.2400855285, 414.0, 425.4468981388, 447.8266328334, 463.87573156200006, 549.0, 582.7797797802, 603.6308069012]
