Avion: 3      Iteracion: 20

Num Ruta: 23
Ingresos: 36000.0
Costos: 107.188075418
Utilidad Ruta: 35892.8119246
Costo Reducido: 53.1873712604
Nodos: [103, 13, 48, 29, 64, 27, 62, 713]
q: [0, 15.0, -15.0, 9.0, -9.0, 6.0, -6.0, 0]
Q: [0, 15.0, 0.0, 9.0, 0.0, 6.0, 0.0, 0]
B: [0.0, 423.0, 439.88315095, 549.0, 582.7797797802, 590.99620777538, 608.0270701434799, 620.4701087594799]
