Avion: 1      Iteracion: 21

Num Ruta: 22
Ingresos: 40800.0
Costos: 148.39335492
Utilidad Ruta: 40651.6066451
Costo Reducido: 60.0295625364
Nodos: [101, 26, 61, 28, 63, 21, 56, 711]
q: [0, 13.0, -13.0, 8.0, -8.0, 13.0, -13.0, 0]
Q: [0, 13.0, 0.0, 8.0, 0.0, 13.0, 0.0, 0]
B: [0.0, 300.0, 317.5792279694, 378.0, 414.0266187839, 477.0, 517.7387906792, 537.5187401229999]
