Avion: 4      Iteracion: 33

Num Ruta: 31
Ingresos: 43200.0
Costos: 213.007528356
Utilidad Ruta: 42986.9924716
Costo Reducido: 4.64408431278
Nodos: [104, 17, 52, 9, 44, 34, 69, 28, 63, 714]
q: [0, 5.0, -5.0, 11.0, -11.0, 12.0, -12.0, 8.0, -8.0, 0]
Q: [0, 5.0, 0.0, 11.0, 0.0, 12.0, 0.0, 8.0, 0.0, 0]
B: [0.0, 24.0, 58.8425537813, 81.72911018459999, 111.25634718709999, 283.0, 323.947598037, 378.0, 414.0266187839, 421.45963499537]
