Avion: 4      Iteracion: 26

Num Ruta: 25
Ingresos: 42000.0
Costos: 167.747102806
Utilidad Ruta: 41832.2528972
Costo Reducido: 25.1963730876
Nodos: [104, 22, 57, 7, 20, 42, 55, 33, 68, 714]
q: [0.0, 10.0, -10.0, 5.0, 10.0, -5.0, -10.0, 10.0, -10.0, 0.0]
Q: [0.0, 10.0, 0.0, 5.0, 15.0, 10.0, 0.0, 10.0, 0.0, 0.0]
B: [0.0, 299.0, 320.7546861389, 517.0, 525.74295442056, 554.98896180616, 567.9526463518599, 578.7744456939599, 602.0779569315599, 635.2180764394599]
