Avion: 4      Iteracion: 38

Num Ruta: 35
Ingresos: 45600.0
Costos: 135.56030019
Utilidad Ruta: 45464.4396998
Costo Reducido: 7.72929498833
Nodos: [104, 14, 49, 3, 38, 23, 18, 58, 53, 714]
q: [0.0, 8.0, -8.0, 15.0, -15.0, 10.0, 5.0, -10.0, -5.0, 0.0]
Q: [0.0, 8.0, 0.0, 15.0, 0.0, 10.0, 15.0, 5.0, 0.0, 0.0]
B: [0.0, 112.0, 124.021711775, 256.0, 261.08428175852, 267.0, 293.0, 318.4393114097, 328.36484298237, 357.00000531817]
