Avion: 5      Iteracion: 27

Num Ruta: 27
Ingresos: 84000.0
Costos: 287.774142842
Utilidad Ruta: 83712.2258572
Costo Reducido: 16.9826707411
Nodos: [105, 14, 49, 23, 18, 53, 58, 6, 41, 5, 40, 20, 7, 4, 42, 39, 2, 55, 33, 68, 37, 715]
q: [0.0, 8.0, -8.0, 4.0, 11.0, -11.0, -4.0, 5.0, -5.0, 12.0, -12.0, 6.0, 9.0, 0.0, -9.0, 0.0, 9.0, -6.0, 6.0, -6.0, -9.0, 0.0]
Q: [0.0, 8.0, 0.0, 4.0, 15.0, 4.0, 0.0, 5.0, 0.0, 12.0, 0.0, 6.0, 15.0, 15.0, 6.0, 6.0, 15.0, 9.0, 15.0, 9.0, 0.0, 0.0]
B: [0.0, 112.0, 124.021711775, 267.0, 293.0, 316.8182362487, 326.74376782137, 436.0, 439.69228939819, 469.0, 470.12168890518, 496.0, 517.0, 529.0, 548.2723609867, 549.43273506431, 558.88720157491, 566.21749884037, 577.03929818247, 600.34280942007, 618.86159345147, 633.49602934767]
