Avion: 7      Iteracion: 16

Num Ruta: 17
Ingresos: 86400.0
Costos: 313.376677181
Utilidad Ruta: 86086.6233228
Costo Reducido: 137.074437974
Nodos: [107, 16, 51, 24, 12, 59, 47, 28, 63, 25, 60, 21, 56, 4, 7, 39, 42, 717]
q: [0.0, 11.0, -11.0, 1.0, 14.0, -1.0, -14.0, 8.0, -8.0, 10.0, -10.0, 13.0, -13.0, 5.0, 10.0, -5.0, -10.0, 0.0]
Q: [0.0, 11.0, 0.0, 1.0, 15.0, 14.0, 0.0, 8.0, 0.0, 10.0, 0.0, 13.0, 0.0, 5.0, 15.0, 10.0, 0.0, 0.0]
B: [0.0, 36.0, 45.624091437640004, 70.85029051714, 87.69811794384, 121.74428718504001, 137.67652475544, 378.0, 414.0266187839, 417.35999740026, 434.54497971036, 477.0, 517.7387906792, 546.9085880901999, 557.2719613826999, 586.9696278903999, 588.1300019680099, 593.0889672834799]
