Avion: 1      Iteracion: 37

Num Ruta: 35
Ingresos: 27600.0
Costos: 128.151802768
Utilidad Ruta: 27471.8481972
Costo Reducido: 23.9453845428
Nodos: [101, 9, 44, 34, 69, 711]
q: [0, 11.0, -11.0, 12.0, -12.0, 0]
Q: [0, 11.0, 0.0, 12.0, 0.0, 0]
B: [0.0, 35.5033292242, 65.0305662267, 283.0, 323.947598037, 331.19621590526]
