Avion: 4      Iteracion: 27

Num Ruta: 26
Ingresos: 24000.0
Costos: 112.506634611
Utilidad Ruta: 23887.4933654
Costo Reducido: 6.72125815508
Nodos: [104, 11, 46, 34, 69, 714]
q: [0, 8.0, -8.0, 12.0, -12.0, 0]
Q: [0, 8.0, 0.0, 12.0, 0.0, 0]
B: [0.0, 169.0, 173.05406684701, 283.0, 323.947598037, 363.9130540334]
