Avion: 4      Iteracion: 13

Num Ruta: 16
Ingresos: 64800.0
Costos: 259.790118885
Utilidad Ruta: 64540.2098811
Costo Reducido: 130.041184688
Nodos: [104, 17, 52, 9, 44, 11, 46, 34, 18, 53, 69, 28, 13, 48, 63, 714]
q: [0.0, 5.0, -5.0, 11.0, -11.0, 8.0, -8.0, 12.0, 3.0, -3.0, -12.0, 8.0, 7.0, -7.0, -8.0, 0.0]
Q: [0.0, 5.0, 0.0, 11.0, 0.0, 8.0, 0.0, 12.0, 15.0, 12.0, 0.0, 8.0, 15.0, 8.0, 0.0, 0.0]
B: [0.0, 24.0, 58.8425537813, 81.72911018459999, 111.25634718709999, 169.0, 173.05406684701, 283.0, 306.7154937119, 330.5337299606, 345.6863596004, 378.0, 423.0, 439.88315095, 462.92158097460003, 470.35459718607]
