Avion: 6      Iteracion: 21

Num Ruta: 22
Ingresos: 121200.0
Costos: 420.137389263
Utilidad Ruta: 120779.862611
Costo Reducido: 81.0762948287
Nodos: [106, 16, 51, 24, 59, 31, 66, 34, 69, 26, 61, 6, 41, 5, 40, 2, 37, 29, 64, 33, 68, 716]
q: [0, 11.0, -11.0, 14.0, -14.0, 6.0, -6.0, 12.0, -12.0, 13.0, -13.0, 5.0, -5.0, 12.0, -12.0, 9.0, -9.0, 9.0, -9.0, 10.0, -10.0, 0]
Q: [0, 11.0, 0.0, 14.0, 0.0, 6.0, 0.0, 12.0, 0.0, 13.0, 0.0, 5.0, 0.0, 12.0, 0.0, 9.0, 0.0, 9.0, 0.0, 10.0, 0.0, 0]
B: [0.0, 36.0, 45.624091437640004, 70.85029051714, 109.36324081964, 130.0, 143.3056140031, 283.0, 323.947598037, 358.0226741044, 375.6019020738, 436.0, 439.69228939819, 469.0, 470.12168890518, 522.0, 562.7349620474, 572.53970258451, 606.31948236471, 615.17097404691, 638.47448528451, 674.52798178621]
