Avion: 3      Iteracion: 57

Num Ruta: 49
Ingresos: 39600.0
Costos: 154.573195137
Utilidad Ruta: 39445.4268049
Costo Reducido: 1.58019810393
Nodos: [103, 14, 49, 18, 53, 29, 4, 39, 64, 713]
q: [0, 8.0, -8.0, 11.0, -11.0, 9.0, 5.0, -5.0, -9.0, 0]
Q: [0, 8.0, 0.0, 11.0, 0.0, 9.0, 14.0, 9.0, 0.0, 0]
B: [0.0, 112.0, 124.021711775, 293.0, 316.8182362487, 549.0, 569.7100026316, 590.1357523117999, 602.3548233485, 621.7315344213]
