Avion: 1      Iteracion: 28

Num Ruta: 28
Ingresos: 39600.0
Costos: 143.456761614
Utilidad Ruta: 39456.5432384
Costo Reducido: 35.782695596
Nodos: [101, 9, 44, 19, 32, 54, 13, 48, 67, 711]
q: [0.0, 11.0, -11.0, 7.0, 6.0, -7.0, 9.0, -9.0, -6.0, 0.0]
Q: [0.0, 11.0, 0.0, 7.0, 13.0, 6.0, 15.0, 6.0, 0.0, 0.0]
B: [0.0, 35.5033292242, 65.0305662267, 402.0, 422.0, 441.5724706923, 445.80008999872, 462.68324094872, 466.75419132916005, 486.24256286196004]
