Avion: 1      Iteracion: 27

Num Ruta: 27
Ingresos: 67200.0
Costos: 271.622182194
Utilidad Ruta: 66928.3778178
Costo Reducido: 5.43008204761
Nodos: [101, 16, 51, 24, 59, 1, 36, 18, 53, 19, 32, 54, 67, 711]
q: [0, 11.0, -11.0, 14.0, -14.0, 7.0, -7.0, 11.0, -11.0, 7.0, 6.0, -7.0, -6.0, 0]
Q: [0, 11.0, 0.0, 14.0, 0.0, 7.0, 0.0, 11.0, 0.0, 7.0, 13.0, 6.0, 0.0, 0]
B: [0.0, 36.0, 45.624091437640004, 70.85029051714, 109.36324081964, 175.0, 209.2400855285, 293.0, 316.8182362487, 402.0, 422.0, 441.5724706923, 458.69984714049997, 478.18821867329996]
