Avion: 6      Iteracion: 8

Num Ruta: 10
Ingresos: 39600.0
Costos: 213.385571121
Utilidad Ruta: 39386.6144289
Costo Reducido: 19285.736139
Nodos: [106, 35, 70, 32, 67, 15, 50, 20, 55, 716]
q: [0, 6.0, -6.0, 6.0, -6.0, 11.0, -11.0, 10.0, -10.0, 0]
Q: [0, 6.0, 0.0, 6.0, 0.0, 11.0, 0.0, 10.0, 0.0, 0]
B: [0.0, 279.0, 298.9128833924, 422.0, 449.8573558149, 511.0, 527.4211666151, 533.55501866744, 575.73216111454, 601.24901164514]
