Avion: 6      Iteracion: 39

Num Ruta: 37
Ingresos: 32400.0
Costos: 101.637922246
Utilidad Ruta: 32298.3620778
Costo Reducido: 1.38631010662
Nodos: [106, 10, 45, 35, 26, 70, 61, 716]
q: [0.0, 12.0, -12.0, 6.0, 9.0, -6.0, -9.0, 0.0]
Q: [0.0, 12.0, 0.0, 6.0, 15.0, 9.0, 0.0, 0.0]
B: [0.0, 96.0, 125.5195107344, 279.0, 300.0, 309.29300538039, 319.11482114938, 352.03297895018]
