Avion: 3      Iteracion: 42

Num Ruta: 41
Ingresos: 60000.0
Costos: 208.550799187
Utilidad Ruta: 59791.4492008
Costo Reducido: 24.2804066221
Nodos: [103, 18, 53, 19, 32, 54, 67, 15, 50, 7, 4, 42, 39, 713]
q: [0, 11.0, -11.0, 7.0, 6.0, -7.0, -6.0, 11.0, -11.0, 10.0, 5.0, -10.0, -5.0, 0]
Q: [0, 11.0, 0.0, 7.0, 13.0, 6.0, 0.0, 11.0, 0.0, 10.0, 15.0, 5.0, 0.0, 0]
B: [0.0, 293.0, 316.8182362487, 402.0, 422.0, 441.5724706923, 458.69984714049997, 511.0, 527.4211666151, 538.3259061809999, 548.6892794734999, 567.9616404602, 569.12201453781, 585.69293632871]
