Avion: 6      Iteracion: 19

Num Ruta: 20
Ingresos: 87600.0
Costos: 328.267582766
Utilidad Ruta: 87271.7324172
Costo Reducido: 115.181847367
Nodos: [106, 1, 36, 23, 18, 53, 58, 22, 57, 19, 8, 54, 43, 15, 50, 20, 7, 4, 42, 39, 55, 716]
q: [0.0, 7.0, -7.0, 4.0, 11.0, -11.0, -4.0, 10.0, -10.0, 7.0, 8.0, -7.0, -8.0, 11.0, -11.0, 5.0, 10.0, 0.0, -10.0, 0.0, -5.0, 0.0]
Q: [0.0, 7.0, 0.0, 4.0, 15.0, 4.0, 0.0, 10.0, 0.0, 7.0, 15.0, 8.0, 0.0, 11.0, 0.0, 5.0, 15.0, 15.0, 5.0, 5.0, 0.0, 0.0]
B: [0.0, 175.0, 209.2400855285, 267.0, 293.0, 316.8182362487, 326.74376782137, 342.50019181287, 364.25487795177, 402.0, 425.1608815463, 443.1178409771, 446.04596016866, 511.0, 527.4211666151, 533.55501866744, 542.2979730879999, 552.6613463804999, 571.9337073672, 573.09408144481, 584.95530469541, 610.4721552260099]
