Avion: 1      Iteracion: 8

Num Ruta: 9
Ingresos: 133200.0
Costos: 485.364919545
Utilidad Ruta: 132714.63508
Costo Reducido: 61006.1326787
Nodos: [101, 16, 51, 24, 12, 59, 10, 47, 45, 35, 70, 18, 53, 19, 32, 8, 54, 43, 6, 41, 67, 15, 50, 4, 20, 39, 55, 33, 68, 711]
q: [0.0, 11.0, -11.0, 12.0, 3.0, -12.0, 12.0, -3.0, -12.0, 6.0, -6.0, 11.0, -11.0, 1.0, 6.0, 8.0, -1.0, -8.0, 5.0, -5.0, -6.0, 11.0, -11.0, 5.0, 10.0, -5.0, -10.0, 10.0, -10.0, 0.0]
Q: [0.0, 11.0, 0.0, 12.0, 15.0, 3.0, 15.0, 12.0, 0.0, 6.0, 0.0, 11.0, 0.0, 1.0, 7.0, 15.0, 14.0, 6.0, 11.0, 6.0, 0.0, 11.0, 0.0, 5.0, 15.0, 10.0, 0.0, 10.0, 0.0, 0.0]
B: [0.0, 36.0, 45.624091437640004, 70.85029051714, 87.69811794384, 121.74428718504001, 133.53021786534, 142.24798822249, 169.76252070989, 279.0, 298.9128833924, 321.80373678409995, 345.62197303279993, 402.0, 422.0, 433.4468981388, 451.4038575696, 454.33197676116, 463.52264839059, 467.21493778878, 489.87230943688, 513.16774899058, 529.58891560568, 535.16359487897, 545.44274591397, 575.82273564407, 587.68395889467, 598.50575823677, 621.80926947437, 640.5792579932701]
