Avion: 3      Iteracion: 38

Num Ruta: 38
Ingresos: 45600.0
Costos: 192.809645607
Utilidad Ruta: 45407.1903544
Costo Reducido: 16.6783029898
Nodos: [103, 12, 47, 6, 41, 21, 56, 27, 62, 713]
q: [0, 14.0, -14.0, 5.0, -5.0, 13.0, -13.0, 6.0, -6.0, 0]
Q: [0, 14.0, 0.0, 5.0, 0.0, 13.0, 0.0, 6.0, 0.0, 0]
B: [0.0, 54.0, 97.347924264, 436.0, 439.69228939819, 477.0, 517.7387906792, 538.0, 555.0308623681, 567.4739009840999]
