Avion: 4      Iteracion: 30

Num Ruta: 28
Ingresos: 108000.0
Costos: 347.297357744
Utilidad Ruta: 107652.702642
Costo Reducido: 36.79995117
Nodos: [104, 17, 30, 52, 16, 65, 51, 18, 53, 22, 57, 32, 8, 43, 13, 67, 48, 15, 50, 7, 4, 39, 42, 714]
q: [0.0, 5.0, 10.0, -5.0, 5.0, -10.0, -5.0, 11.0, -11.0, 10.0, -10.0, 6.0, 8.0, -8.0, 9.0, -6.0, -9.0, 11.0, -11.0, 10.0, 5.0, -5.0, -10.0, 0.0]
Q: [0.0, 5.0, 15.0, 10.0, 15.0, 5.0, 0.0, 11.0, 0.0, 10.0, 0.0, 6.0, 14.0, 6.0, 15.0, 9.0, 0.0, 11.0, 0.0, 10.0, 15.0, 10.0, 0.0, 0.0]
B: [0.0, 24.0, 64.0, 67.14445448369, 72.47609381883, 83.29276558052999, 86.16392214191998, 293.0, 316.8182362487, 332.3010836612, 354.0557698001, 422.0, 433.4468981388, 454.2152947548, 456.42597089571, 470.26815067351004, 474.33910105395006, 511.0, 527.4211666151, 538.3259061809999, 548.6892794734999, 569.1150291536999, 570.2754032313098, 618.5397422924099]
