Avion: 3      Iteracion: 7

Num Ruta: 11
Ingresos: 45600.0
Costos: 209.487816263
Utilidad Ruta: 45390.5121837
Costo Reducido: 38330.3082421
Nodos: [103, 22, 57, 28, 63, 20, 55, 33, 68, 713]
q: [0, 10.0, -10.0, 8.0, -8.0, 10.0, -10.0, 10.0, -10.0, 0]
Q: [0, 10.0, 0.0, 8.0, 0.0, 10.0, 0.0, 10.0, 0.0, 0]
B: [0.0, 299.0, 320.7546861389, 378.0, 414.0266187839, 496.0, 538.1771424471, 562.0, 585.3035112376, 598.7591057989999]
