Avion: 6      Iteracion: 18

Num Ruta: 19
Ingresos: 22800.0
Costos: 91.3272982569
Utilidad Ruta: 22708.6727017
Costo Reducido: 22.8040025335
Nodos: [106, 30, 65, 14, 49, 716]
q: [0, 11.0, -11.0, 8.0, -8.0, 0]
Q: [0, 11.0, 0.0, 8.0, 0.0, 0]
B: [0.0, 64.0, 82.7140226568, 112.0, 124.021711775, 139.4857068604]
