Avion: 4      Iteracion: 54

Num Ruta: 44
Ingresos: 42000.0
Costos: 148.625876407
Utilidad Ruta: 41851.3741236
Costo Reducido: 9.32781259456
Nodos: [104, 15, 50, 7, 4, 42, 39, 2, 37, 714]
q: [0, 11.0, -11.0, 10.0, 5.0, -10.0, -5.0, 9.0, -9.0, 0]
Q: [0, 11.0, 0.0, 10.0, 15.0, 5.0, 0.0, 9.0, 0.0, 0]
B: [0.0, 511.0, 527.4211666151, 538.3259061809999, 548.6892794734999, 567.9616404602, 569.12201453781, 578.57648104841, 619.31144309581, 635.51287775451]
