Avion: 2      Iteracion: 9

Num Ruta: 10
Ingresos: 116400.0
Costos: 570.042448048
Utilidad Ruta: 115829.957552
Costo Reducido: 61019.6747496
Nodos: [102, 17, 52, 30, 65, 14, 49, 31, 11, 66, 46, 35, 70, 34, 69, 28, 63, 8, 43, 6, 41, 4, 39, 2, 33, 68, 37, 712]
q: [0.0, 5.0, -5.0, 11.0, -11.0, 8.0, -8.0, 6.0, 8.0, -6.0, -8.0, 6.0, -6.0, 12.0, -12.0, 8.0, -8.0, 8.0, -8.0, 5.0, -5.0, 5.0, -5.0, 9.0, 6.0, -6.0, -9.0, 0.0]
Q: [0.0, 5.0, 0.0, 11.0, 0.0, 8.0, 0.0, 6.0, 14.0, 8.0, 0.0, 6.0, 0.0, 12.0, 0.0, 8.0, 0.0, 8.0, 0.0, 5.0, 0.0, 5.0, 0.0, 9.0, 15.0, 9.0, 0.0, 0.0]
B: [0.0, 47.9042703942, 82.7468241755, 85.89127865919, 104.60530131598999, 132.40124197288998, 144.42295374788998, 171.63502096078997, 184.81775015468997, 185.29662905378697, 188.99100762128697, 279.0, 298.9128833924, 340.34711220139997, 381.29471023839994, 390.4748937877599, 426.50151257165993, 461.0943428259599, 481.86273944195995, 491.05341107139, 494.74570046957996, 529.0, 549.4257496801999, 558.8802161908, 572.6658171207999, 595.9693283583999, 614.4881123897999, 617.3424077494299]
