Avion: 7      Iteracion: 9

Num Ruta: 12
Ingresos: 60000.0
Costos: 379.998757485
Utilidad Ruta: 59620.0012425
Costo Reducido: 51317.8629778
Nodos: [107, 11, 46, 35, 70, 28, 63, 8, 6, 41, 43, 2, 29, 37, 64, 717]
q: [0.0, 8.0, -8.0, 6.0, -6.0, 8.0, -8.0, 8.0, 5.0, -5.0, -8.0, 6.0, 9.0, -6.0, -9.0, 0.0]
Q: [0.0, 8.0, 0.0, 6.0, 0.0, 8.0, 0.0, 8.0, 13.0, 8.0, 0.0, 6.0, 15.0, 9.0, 0.0, 0.0]
B: [0.0, 169.0, 173.05406684701, 279.0, 298.9128833924, 378.0, 414.0266187839, 448.6194490382, 476.5339470097, 480.22623640789, 493.09223889508996, 522.0, 568.3943954589, 578.19913599601, 610.61353787231, 626.92636031361]
