Avion: 7      Iteracion: 29

Num Ruta: 26
Ingresos: 7200.0
Costos: 42.303778271
Utilidad Ruta: 7157.69622173
Costo Reducido: 11.0413734141
Nodos: [107, 35, 70, 717]
q: [0, 6.0, -6.0, 0]
Q: [0, 6.0, 0.0, 0]
B: [0.0, 279.0, 298.9128833924, 307.05547223134]
