Avion: 4      Iteracion: 52

Num Ruta: 43
Ingresos: 49200.0
Costos: 183.371589407
Utilidad Ruta: 49016.6284106
Costo Reducido: 0.241374931655
Nodos: [104, 1, 36, 23, 18, 53, 58, 28, 63, 15, 50, 714]
q: [0.0, 7.0, -7.0, 10.0, 5.0, -5.0, -10.0, 8.0, -8.0, 11.0, -11.0, 0.0]
Q: [0.0, 7.0, 0.0, 10.0, 15.0, 10.0, 0.0, 8.0, 0.0, 11.0, 0.0, 0.0]
B: [0.0, 175.0, 209.2400855285, 267.0, 293.0, 316.8182362487, 326.74376782137, 378.0, 414.0266187839, 511.0, 527.4211666151, 552.29730478]
