Avion: 4      Iteracion: 47

Num Ruta: 40
Ingresos: 31200.0
Costos: 128.955094665
Utilidad Ruta: 31071.0449053
Costo Reducido: 11.3941188128
Nodos: [104, 31, 66, 34, 69, 28, 63, 714]
q: [0, 6.0, -6.0, 12.0, -12.0, 8.0, -8.0, 0]
Q: [0, 6.0, 0.0, 12.0, 0.0, 8.0, 0.0, 0]
B: [0.0, 130.0, 143.3056140031, 283.0, 323.947598037, 378.0, 414.0266187839, 421.45963499537]
