Avion: 1      Iteracion: 42

Num Ruta: 40
Ingresos: 85200.0
Costos: 284.626927162
Utilidad Ruta: 84915.3730728
Costo Reducido: 2.71010202216
Nodos: [101, 24, 59, 31, 11, 66, 46, 34, 69, 28, 63, 25, 60, 21, 56, 711]
q: [0, 14.0, -14.0, 6.0, 8.0, -6.0, -8.0, 12.0, -12.0, 8.0, -8.0, 10.0, -10.0, 13.0, -13.0, 0]
Q: [0, 14.0, 0.0, 6.0, 14.0, 8.0, 0.0, 12.0, 0.0, 8.0, 0.0, 10.0, 0.0, 13.0, 0.0, 0]
B: [0.0, 61.0, 99.5129503025, 130.0, 169.0, 169.478878899097, 173.173257466597, 283.0, 323.947598037, 378.0, 414.0266187839, 417.35999740026, 434.54497971036, 477.0, 517.7387906792, 537.5187401229999]
