Avion: 6      Iteracion: 1

Num Ruta: 5
Ingresos: 159600.0
Costos: 643.626521593
Utilidad Ruta: 158956.373478
Costo Reducido: 111836.643076
Nodos: [106, 17, 52, 16, 51, 24, 59, 10, 45, 1, 36, 23, 58, 18, 53, 28, 63, 25, 19, 60, 8, 54, 43, 21, 56, 33, 68, 29, 64, 716]
q: [0.0, 5.0, -5.0, 11.0, -11.0, 14.0, -14.0, 12.0, -12.0, 7.0, -7.0, 10.0, -10.0, 11.0, -11.0, 8.0, -8.0, 10.0, 5.0, -10.0, 8.0, -5.0, -8.0, 13.0, -13.0, 10.0, -10.0, 9.0, -9.0, 0.0]
Q: [0.0, 5.0, 0.0, 11.0, 0.0, 14.0, 0.0, 12.0, 0.0, 7.0, 0.0, 10.0, 0.0, 11.0, 0.0, 8.0, 0.0, 10.0, 15.0, 5.0, 13.0, 8.0, 0.0, 13.0, 0.0, 10.0, 0.0, 9.0, 0.0, 0.0]
B: [0.0, 24.0, 58.8425537813, 64.17419311644, 73.79828455408, 99.02448363357999, 137.53743393608, 149.32336461638, 178.84287535078, 217.26221652158, 251.50230205008, 267.0, 306.733842905, 332.1731543147, 355.9913905634, 378.0, 414.0266187839, 417.35999740026, 426.75200464046, 443.42489632125995, 469.24549617875994, 487.20245560955993, 490.1305748011199, 515.0947465078199, 555.8335371870198, 565.9890821256198, 589.2925933632198, 607.6759125684198, 641.4556923486198, 674.7528986128198]
