Avion: 5      Iteracion: 38

Num Ruta: 37
Ingresos: 123600.0
Costos: 412.852507392
Utilidad Ruta: 123187.147493
Costo Reducido: 17.6368727891
Nodos: [105, 17, 30, 52, 16, 65, 51, 10, 45, 35, 26, 70, 61, 22, 57, 8, 32, 19, 54, 43, 6, 41, 67, 15, 50, 20, 4, 39, 55, 715]
q: [0.0, 5.0, 10.0, -5.0, 5.0, -10.0, -5.0, 12.0, -12.0, 6.0, 9.0, -6.0, -9.0, 10.0, -10.0, 2.0, 6.0, 7.0, -7.0, -2.0, 5.0, -5.0, -6.0, 11.0, -11.0, 10.0, 5.0, -5.0, -10.0, 0.0]
Q: [0.0, 5.0, 15.0, 10.0, 15.0, 5.0, 0.0, 12.0, 0.0, 6.0, 15.0, 9.0, 0.0, 10.0, 0.0, 2.0, 8.0, 15.0, 8.0, 6.0, 11.0, 6.0, 0.0, 11.0, 0.0, 10.0, 15.0, 10.0, 0.0, 0.0]
B: [0.0, 24.0, 64.0, 67.14445448369, 72.47609381883, 83.29276558052999, 86.16392214191998, 101.99319935221999, 131.51271008662, 279.0, 300.0, 309.29300538039, 319.11482114938, 332.74900179948, 354.50368793838004, 414.0, 425.4468981388, 437.16181277780004, 463.7889290693, 466.71704826086, 475.90771989028997, 479.60000928847995, 502.25738093658, 525.5528204902799, 541.9739871053799, 548.1078391577199, 558.38699019272, 578.81273987292, 590.67396312352, 628.51941184592]
