Avion: 7      Iteracion: 43

Num Ruta: 35
Ingresos: 36000.0
Costos: 76.0426375628
Utilidad Ruta: 35923.9573624
Costo Reducido: 4.89577842855
Nodos: [107, 16, 51, 26, 61, 27, 62, 717]
q: [0, 11.0, -11.0, 13.0, -13.0, 6.0, -6.0, 0]
Q: [0, 11.0, 0.0, 13.0, 0.0, 6.0, 0.0, 0]
B: [0.0, 36.0, 45.624091437640004, 300.0, 317.5792279694, 538.0, 555.0308623681, 555.940030119398]
