Avion: 3      Iteracion: 24

Num Ruta: 27
Ingresos: 34800.0
Costos: 133.732548722
Utilidad Ruta: 34666.2674513
Costo Reducido: 48.4454352614
Nodos: [103, 25, 60, 29, 64, 33, 68, 713]
q: [0, 10.0, -10.0, 9.0, -9.0, 10.0, -10.0, 0]
Q: [0, 10.0, 0.0, 9.0, 0.0, 10.0, 0.0, 0]
B: [0.0, 410.0, 427.1849823101, 549.0, 582.7797797802, 591.6312714624, 614.9347827, 628.3903772614]
