Avion: 1      Iteracion: 35

Num Ruta: 34
Ingresos: 63600.0
Costos: 247.121252989
Utilidad Ruta: 63352.878747
Costo Reducido: 2.861883764
Nodos: [101, 9, 44, 25, 60, 21, 56, 33, 68, 29, 64, 711]
q: [0, 11.0, -11.0, 10.0, -10.0, 13.0, -13.0, 10.0, -10.0, 9.0, -9.0, 0]
Q: [0, 11.0, 0.0, 10.0, 0.0, 13.0, 0.0, 10.0, 0.0, 9.0, 0.0, 0]
B: [0.0, 35.5033292242, 65.0305662267, 410.0, 427.1849823101, 477.0, 517.7387906792, 562.0, 585.3035112376, 603.6868304428, 637.466610223, 658.317637344]
