Avion: 7      Iteracion: 13

Num Ruta: 15
Ingresos: 31200.0
Costos: 139.578089234
Utilidad Ruta: 31060.4219108
Costo Reducido: 60.6127080787
Nodos: [107, 17, 30, 52, 16, 51, 65, 35, 70, 717]
q: [0.0, 5.0, 4.0, -5.0, 11.0, -11.0, -4.0, 6.0, -6.0, 0.0]
Q: [0.0, 5.0, 9.0, 4.0, 15.0, 4.0, 0.0, 6.0, 0.0, 0.0]
B: [0.0, 39.2872808044, 72.9009924114, 76.04544689509, 81.37708623022999, 91.00117766787, 93.87233422925999, 279.0, 298.9128833924, 307.05547223134]
