Avion: 5      Iteracion: 29

Num Ruta: 29
Ingresos: 129600.0
Costos: 475.191502233
Utilidad Ruta: 129124.808498
Costo Reducido: 5.39980082316
Nodos: [105, 17, 52, 24, 12, 59, 47, 35, 26, 70, 61, 18, 53, 28, 63, 25, 19, 60, 54, 13, 48, 15, 7, 50, 29, 64, 42, 715]
q: [0.0, 5.0, -5.0, 1.0, 14.0, -1.0, -14.0, 6.0, 9.0, -6.0, -9.0, 11.0, -11.0, 8.0, -8.0, 8.0, 7.0, -8.0, -7.0, 15.0, -15.0, 9.0, 6.0, -9.0, 9.0, -9.0, -6.0, 0.0]
Q: [0.0, 5.0, 0.0, 1.0, 15.0, 14.0, 0.0, 6.0, 15.0, 9.0, 0.0, 11.0, 0.0, 8.0, 0.0, 8.0, 15.0, 7.0, 0.0, 15.0, 0.0, 9.0, 15.0, 6.0, 15.0, 6.0, 0.0, 0.0]
B: [0.0, 24.0, 58.8425537813, 75.400837086, 92.2486645127, 126.29483375390001, 142.2270713243, 279.0, 300.0, 309.29300538039, 319.11482114938, 342.39349190178, 366.21172815048, 378.0, 414.0266187839, 417.35999740026, 426.75200464046, 443.42489632125995, 460.21175275715996, 464.43937206358, 481.32252301358, 511.0, 524.7672641436, 535.6720037094999, 550.8098805751999, 584.5896603553999, 596.8864642084, 622.7923687862999]
