Avion: 1      Iteracion: 33

Num Ruta: 32
Ingresos: 18000.0
Costos: 61.8171847638
Utilidad Ruta: 17938.1828152
Costo Reducido: 16.4549246857
Nodos: [101, 35, 26, 70, 61, 711]
q: [0.0, 6.0, 9.0, -6.0, -9.0, 0.0]
Q: [0.0, 6.0, 15.0, 9.0, 0.0, 0.0]
B: [0.0, 279.0, 300.0, 309.29300538039, 319.11482114938, 338.69216356348]
