Avion: 1      Iteracion: 2

Num Ruta: 4
Ingresos: 122400.0
Costos: 418.503732068
Utilidad Ruta: 121981.496268
Costo Reducido: 103330.18293
Nodos: [101, 24, 59, 30, 65, 14, 49, 11, 46, 34, 69, 22, 57, 19, 54, 13, 48, 5, 40, 6, 41, 711]
q: [0, 14.0, -14.0, 11.0, -11.0, 8.0, -8.0, 8.0, -8.0, 12.0, -12.0, 10.0, -10.0, 7.0, -7.0, 15.0, -15.0, 12.0, -12.0, 5.0, -5.0, 0]
Q: [0, 14.0, 0.0, 11.0, 0.0, 8.0, 0.0, 8.0, 0.0, 12.0, 0.0, 10.0, 0.0, 7.0, 0.0, 15.0, 0.0, 12.0, 0.0, 5.0, 0.0, 0]
B: [0.0, 61.0, 99.5129503025, 119.7810717004, 138.4950943572, 166.2910350141, 178.3127467891, 207.7611758983, 211.81524274531, 283.0, 323.947598037, 353.69889745399996, 375.4535835929, 402.0, 428.6271162915, 432.85473559792, 449.73788654792, 477.00216964872004, 478.12385855390005, 494.34745140510006, 498.03974080329004, 517.18842214169]
