Avion: 7      Iteracion: 31

Num Ruta: 28
Ingresos: 54000.0
Costos: 177.721472976
Utilidad Ruta: 53822.278527
Costo Reducido: 24.1151613324
Nodos: [107, 9, 44, 12, 47, 6, 41, 33, 27, 68, 62, 717]
q: [0.0, 11.0, -11.0, 14.0, -14.0, 5.0, -5.0, 10.0, 5.0, -10.0, -5.0, 0.0]
Q: [0.0, 11.0, 0.0, 14.0, 0.0, 5.0, 0.0, 10.0, 15.0, 5.0, 0.0, 0.0]
B: [0.0, 32.6028927091, 62.1301297116, 72.9171664687, 116.2650907327, 436.0, 439.69228939819, 562.0, 578.4525909206, 585.6713442755799, 606.23813656318, 607.147304314478]
