Avion: 1      Iteracion: 9

Num Ruta: 10
Ingresos: 43200.0
Costos: 227.577629115
Utilidad Ruta: 42972.4223709
Costo Reducido: 7655.33093493
Nodos: [101, 31, 14, 49, 66, 21, 56, 29, 64, 711]
q: [0, 6.0, 8.0, -8.0, -6.0, 13.0, -13.0, 9.0, -9.0, 0]
Q: [0, 6.0, 14.0, 6.0, 0.0, 13.0, 0.0, 9.0, 0.0, 0]
B: [0.0, 130.0, 147.5196824172, 159.5413941922, 188.60695116259998, 477.0, 517.7387906792, 556.1920871568999, 589.9718669370999, 610.8228940580999]
