Avion: 3      Iteracion: 35

Num Ruta: 35
Ingresos: 44400.0
Costos: 150.118370699
Utilidad Ruta: 44249.8816293
Costo Reducido: 14.5228093928
Nodos: [103, 31, 66, 25, 60, 21, 4, 39, 56, 27, 62, 713]
q: [0.0, 6.0, -6.0, 10.0, -10.0, 13.0, 2.0, -2.0, -13.0, 6.0, -6.0, 0.0]
Q: [0.0, 6.0, 0.0, 10.0, 0.0, 13.0, 15.0, 13.0, 0.0, 6.0, 0.0, 0.0]
B: [0.0, 130.0, 143.3056140031, 410.0, 427.1849823101, 477.0, 529.0, 549.4257496801999, 566.2286940948, 579.4061422924, 596.4370046605, 608.8800432764999]
