Avion: 4      Iteracion: 12

Num Ruta: 15
Ingresos: 72000.0
Costos: 337.273144936
Utilidad Ruta: 71662.7268551
Costo Reducido: 90.1225477529
Nodos: [104, 17, 52, 12, 47, 14, 49, 11, 46, 34, 69, 26, 61, 714]
q: [0, 5.0, -5.0, 14.0, -14.0, 8.0, -8.0, 8.0, -8.0, 12.0, -12.0, 13.0, -13.0, 0]
Q: [0, 5.0, 0.0, 14.0, 0.0, 8.0, 0.0, 8.0, 0.0, 12.0, 0.0, 13.0, 0.0, 0]
B: [0.0, 24.0, 58.8425537813, 78.5512475229, 121.8991717869, 158.4184055686, 170.4401173436, 199.8885464528, 203.94261329981, 283.0, 323.947598037, 358.0226741044, 375.6019020738, 413.4179994928]
