Avion: 3      Iteracion: 2

Num Ruta: 6
Ingresos: 139200.0
Costos: 440.706414038
Utilidad Ruta: 138759.293586
Costo Reducido: 119284.618108
Nodos: [103, 12, 47, 30, 65, 11, 46, 34, 69, 22, 57, 8, 43, 13, 48, 5, 40, 15, 50, 7, 4, 42, 39, 713]
q: [0, 14.0, -14.0, 11.0, -11.0, 8.0, -8.0, 12.0, -12.0, 10.0, -10.0, 8.0, -8.0, 15.0, -15.0, 12.0, -12.0, 11.0, -11.0, 10.0, 5.0, -10.0, -5.0, 0]
Q: [0, 14.0, 0.0, 11.0, 0.0, 8.0, 0.0, 12.0, 0.0, 10.0, 0.0, 8.0, 0.0, 15.0, 0.0, 12.0, 0.0, 11.0, 0.0, 10.0, 15.0, 5.0, 0.0, 0]
B: [0.0, 54.0, 97.347924264, 122.72227077779999, 141.4362934346, 177.3777249309, 181.43179177791, 283.0, 323.947598037, 353.69889745399996, 375.4535835929, 414.0, 434.768396616, 436.97907275691, 453.86222370691, 481.12650680771003, 482.24819571289004, 515.65039019169, 532.07155680679, 542.97629637269, 553.33966966519, 572.61203065189, 573.7724047295, 590.3433265204]
