Avion: 1      Iteracion: 6

Num Ruta: 8
Ingresos: 122400.0
Costos: 477.325305331
Utilidad Ruta: 121922.674695
Costo Reducido: 120740.781152
Nodos: [101, 9, 44, 30, 65, 1, 11, 46, 36, 23, 58, 18, 53, 5, 40, 21, 56, 33, 68, 29, 64, 711]
q: [0, 11.0, -11.0, 11.0, -11.0, 7.0, 8.0, -8.0, -7.0, 10.0, -10.0, 11.0, -11.0, 12.0, -12.0, 13.0, -13.0, 10.0, -10.0, 9.0, -9.0, 0]
Q: [0, 11.0, 0.0, 11.0, 0.0, 7.0, 15.0, 7.0, 0.0, 10.0, 0.0, 11.0, 0.0, 12.0, 0.0, 13.0, 0.0, 10.0, 0.0, 9.0, 0.0, 0]
B: [0.0, 35.5033292242, 65.0305662267, 80.8184665621, 99.5324892189, 175.0, 193.6808285951, 197.73489544211, 232.05062478011, 267.0, 306.733842905, 332.1731543147, 355.9913905634, 469.0, 470.12168890518, 498.36127928818, 539.10006996738, 562.0, 585.3035112376, 603.6868304428, 637.466610223, 658.317637344]
