Avion: 1      Iteracion: 26

Num Ruta: 26
Ingresos: 55200.0
Costos: 173.127475715
Utilidad Ruta: 55026.8725243
Costo Reducido: 19.7035691763
Nodos: [101, 35, 70, 22, 57, 19, 8, 54, 43, 13, 48, 711]
q: [0, 6.0, -6.0, 10.0, -10.0, 7.0, 8.0, -7.0, -8.0, 15.0, -15.0, 0]
Q: [0, 6.0, 0.0, 10.0, 0.0, 7.0, 15.0, 8.0, 0.0, 15.0, 0.0, 0]
B: [0.0, 279.0, 298.9128833924, 314.02713802169995, 335.78182416059997, 402.0, 425.1608815463, 443.1178409771, 446.04596016866, 448.25663630956996, 465.13978725956997, 487.91477889516995]
