Avion: 7      Iteracion: 15

Num Ruta: 16
Ingresos: 122400.0
Costos: 402.733714461
Utilidad Ruta: 121997.266286
Costo Reducido: 264.445763838
Nodos: [107, 24, 59, 30, 65, 26, 61, 28, 63, 19, 8, 43, 54, 5, 40, 7, 42, 33, 68, 29, 64, 717]
q: [0, 14.0, -14.0, 11.0, -11.0, 13.0, -13.0, 8.0, -8.0, 7.0, 8.0, -8.0, -7.0, 12.0, -12.0, 10.0, -10.0, 10.0, -10.0, 9.0, -9.0, 0]
Q: [0, 14.0, 0.0, 11.0, 0.0, 13.0, 0.0, 8.0, 0.0, 7.0, 15.0, 7.0, 0.0, 12.0, 0.0, 10.0, 0.0, 10.0, 0.0, 9.0, 0.0, 0]
B: [0.0, 61.0, 99.5129503025, 119.7810717004, 138.4950943572, 300.0, 317.5792279694, 378.0, 414.0266187839, 426.5624120576, 449.7232936039, 470.4916902199, 473.41980941146, 481.27012265362, 482.3918115588, 517.0, 545.5413118129, 562.0, 585.3035112376, 603.6868304428, 637.466610223, 653.7794326643]
