Avion: 4      Iteracion: 16

Num Ruta: 19
Ingresos: 70800.0
Costos: 282.914704376
Utilidad Ruta: 70517.0852956
Costo Reducido: 56.4863406111
Nodos: [104, 1, 11, 46, 36, 23, 18, 53, 58, 28, 63, 25, 19, 60, 54, 32, 67, 714]
q: [0.0, 7.0, 8.0, -8.0, -7.0, 4.0, 11.0, -11.0, -4.0, 8.0, -8.0, 8.0, 7.0, -8.0, -7.0, 6.0, -6.0, 0.0]
Q: [0.0, 7.0, 15.0, 7.0, 0.0, 4.0, 15.0, 4.0, 0.0, 8.0, 0.0, 8.0, 15.0, 7.0, 0.0, 6.0, 0.0, 0.0]
B: [0.0, 175.0, 193.6808285951, 197.73489544211, 232.05062478011, 267.0, 293.0, 316.8182362487, 326.74376782137, 378.0, 414.0266187839, 417.35999740026, 426.75200464046, 443.42489632125995, 460.21175275715996, 479.78422344945994, 507.64157926435996, 535.7180296988599]
