Avion: 2      Iteracion: 14

Num Ruta: 15
Ingresos: 154800.0
Costos: 445.138388855
Utilidad Ruta: 154354.861611
Costo Reducido: 221.906299419
Nodos: [102, 12, 47, 30, 65, 14, 49, 3, 38, 23, 58, 26, 61, 22, 57, 32, 19, 54, 13, 67, 48, 15, 50, 7, 4, 39, 42, 712]
q: [0.0, 14.0, -14.0, 11.0, -11.0, 8.0, -8.0, 15.0, -15.0, 10.0, -10.0, 13.0, -13.0, 10.0, -10.0, 6.0, 7.0, -7.0, 9.0, -6.0, -9.0, 11.0, -11.0, 10.0, 5.0, -5.0, -10.0, 0.0]
Q: [0.0, 14.0, 0.0, 11.0, 0.0, 8.0, 0.0, 15.0, 0.0, 10.0, 0.0, 13.0, 0.0, 10.0, 0.0, 6.0, 13.0, 6.0, 15.0, 9.0, 0.0, 11.0, 0.0, 10.0, 15.0, 10.0, 0.0, 0.0]
B: [0.0, 54.0, 97.347924264, 122.72227077779999, 141.4362934346, 169.2322340915, 181.2539458665, 256.0, 261.08428175852, 267.0, 306.733842905, 326.4202156791, 343.9994436485, 357.6336242986, 379.3883104375, 422.0, 433.71491463899997, 460.34203093049996, 464.56965023692, 478.41183001472, 482.48278039516003, 511.0, 527.4211666151, 538.3259061809999, 548.6892794734999, 569.1150291536999, 570.2754032313098, 600.7552176664099]
