Avion: 3      Iteracion: 17

Num Ruta: 21
Ingresos: 48000.0
Costos: 235.038064488
Utilidad Ruta: 47764.9619355
Costo Reducido: 69.7198177488
Nodos: [103, 14, 49, 1, 36, 23, 58, 20, 4, 55, 39, 713]
q: [0, 8.0, -8.0, 7.0, -7.0, 10.0, -10.0, 10.0, 5.0, -10.0, -5.0, 0]
Q: [0, 8.0, 0.0, 7.0, 0.0, 10.0, 0.0, 10.0, 15.0, 5.0, 0.0, 0]
B: [0.0, 112.0, 124.021711775, 175.0, 209.2400855285, 267.0, 306.733842905, 496.0, 529.0, 561.0963231072, 572.9575463578, 589.5284681487]
