Avion: 5      Iteracion: 16

Num Ruta: 16
Ingresos: 144000.0
Costos: 532.116362305
Utilidad Ruta: 143467.883638
Costo Reducido: 171.792192744
Nodos: [105, 17, 16, 51, 52, 12, 47, 1, 11, 46, 36, 18, 53, 22, 57, 19, 54, 6, 41, 13, 48, 21, 56, 4, 7, 42, 39, 715]
q: [0.0, 5.0, 10.0, -10.0, -5.0, 14.0, -14.0, 7.0, 8.0, -8.0, -7.0, 11.0, -11.0, 10.0, -10.0, 7.0, -7.0, 5.0, -5.0, 15.0, -15.0, 13.0, -13.0, 5.0, 10.0, -10.0, -5.0, 0.0]
Q: [0.0, 5.0, 15.0, 5.0, 0.0, 14.0, 0.0, 7.0, 15.0, 7.0, 0.0, 11.0, 0.0, 10.0, 0.0, 7.0, 0.0, 5.0, 0.0, 15.0, 0.0, 13.0, 0.0, 5.0, 15.0, 5.0, 0.0, 0.0]
B: [0.0, 24.0, 58.8014769802, 68.42556841784, 83.07333718993999, 102.78203093153999, 146.12995519554, 175.0, 193.6808285951, 197.73489544211, 232.05062478011, 293.0, 316.8182362487, 332.3010836612, 354.0557698001, 402.0, 428.6271162915, 440.41813528899996, 444.11042468718995, 457.52049079438996, 474.40364174439, 489.91503813539, 530.6538288145899, 559.8236262255899, 570.1869995180899, 598.7283113309899, 599.8886854085998, 626.9358982039998]
