Avion: 3      Iteracion: 1

Num Ruta: 5
Ingresos: 150000.0
Costos: 509.505430948
Utilidad Ruta: 149490.494569
Costo Reducido: 110196.810327
Nodos: [103, 24, 51, 16, 59, 10, 45, 1, 36, 23, 58, 18, 53, 28, 63, 25, 60, 15, 50, 7, 4, 42, 27, 62, 39, 33, 68, 713]
q: [0.0, 14.0, -11.0, 11.0, -14.0, 12.0, -12.0, 7.0, -7.0, 10.0, -10.0, 11.0, -11.0, 8.0, -8.0, 10.0, -10.0, 11.0, -11.0, 10.0, 5.0, -10.0, 6.0, -6.0, -5.0, 10.0, -10.0, 0.0]
Q: [0.0, 14.0, 3.0, 14.0, 0.0, 12.0, 0.0, 7.0, 0.0, 10.0, 0.0, 11.0, 0.0, 8.0, 0.0, 10.0, 0.0, 11.0, 0.0, 10.0, 15.0, 5.0, 11.0, 5.0, 0.0, 10.0, 0.0, 0.0]
B: [0.0, 61.0, 86.22619907949999, 95.85029051714, 120.25777979813999, 132.04371047844, 161.56322121284, 199.98256238364002, 234.22264791214002, 267.0, 306.733842905, 332.1731543147, 355.9913905634, 378.0, 414.0266187839, 417.35999740026, 434.54497971036, 511.0, 527.4211666151, 538.3259061809999, 548.6892794734999, 567.9616404602, 583.8014153322999, 600.8322777003999, 606.2475362353199, 614.8190016876199, 638.1225129252199, 651.5781074866198]
