Avion: 2      Iteracion: 8

Num Ruta: 9
Ingresos: 114000.0
Costos: 510.386373768
Utilidad Ruta: 113489.613626
Costo Reducido: 64450.4321124
Nodos: [102, 17, 52, 12, 47, 10, 45, 35, 70, 18, 53, 19, 8, 54, 43, 32, 67, 15, 50, 20, 4, 39, 55, 712]
q: [0, 5.0, -5.0, 14.0, -14.0, 12.0, -12.0, 6.0, -6.0, 11.0, -11.0, 7.0, 8.0, -7.0, -8.0, 6.0, -6.0, 11.0, -11.0, 10.0, 5.0, -5.0, -10.0, 0]
Q: [0, 5.0, 0.0, 14.0, 0.0, 12.0, 0.0, 6.0, 0.0, 11.0, 0.0, 7.0, 15.0, 8.0, 0.0, 6.0, 0.0, 11.0, 0.0, 10.0, 15.0, 10.0, 0.0, 0]
B: [0.0, 47.9042703942, 82.7468241755, 102.4555179171, 145.8034421811, 154.52121253824998, 184.04072327264998, 279.0, 298.9128833924, 321.80373678409995, 345.62197303279993, 402.0, 425.1608815463, 443.1178409771, 446.04596016866, 468.42569486326, 496.28305067816, 519.57849023186, 535.99965684696, 542.1335088993, 552.4126599343, 572.8384096145, 584.6996328651, 628.0979378666001]
