Avion: 1      Iteracion: 67

Num Ruta: 49
Ingresos: 64800.0
Costos: 255.315801768
Utilidad Ruta: 64544.6841982
Costo Reducido: 1.65221358312
Nodos: [101, 9, 44, 34, 69, 28, 63, 25, 60, 21, 56, 711]
q: [0, 11.0, -11.0, 12.0, -12.0, 8.0, -8.0, 10.0, -10.0, 13.0, -13.0, 0]
Q: [0, 11.0, 0.0, 12.0, 0.0, 8.0, 0.0, 10.0, 0.0, 13.0, 0.0, 0]
B: [0.0, 35.5033292242, 65.0305662267, 283.0, 323.947598037, 378.0, 414.0266187839, 417.35999740026, 434.54497971036, 477.0, 517.7387906792, 537.5187401229999]
