Avion: 5      Iteracion: 37

Num Ruta: 36
Ingresos: 118800.0
Costos: 379.076438755
Utilidad Ruta: 118420.923561
Costo Reducido: 21.7896307572
Nodos: [105, 30, 65, 16, 51, 10, 45, 35, 26, 70, 61, 22, 57, 8, 32, 43, 67, 15, 50, 20, 7, 42, 55, 715]
q: [0.0, 11.0, -11.0, 11.0, -11.0, 12.0, -12.0, 2.0, 13.0, -2.0, -13.0, 10.0, -10.0, 8.0, 6.0, -8.0, -6.0, 11.0, -11.0, 10.0, 5.0, -5.0, -10.0, 0.0]
Q: [0.0, 11.0, 0.0, 11.0, 0.0, 12.0, 0.0, 2.0, 15.0, 13.0, 0.0, 10.0, 0.0, 8.0, 14.0, 6.0, 0.0, 11.0, 0.0, 10.0, 15.0, 10.0, 0.0, 0.0]
B: [0.0, 64.0, 82.7140226568, 93.53069441849999, 103.15478585614, 118.98406306644, 148.50357380084, 279.0, 300.0, 309.29300538039, 319.11482114938, 332.74900179948, 354.50368793838004, 414.0, 425.4468981388, 447.8266328334, 463.87573156200006, 511.0, 527.4211666151, 533.55501866744, 542.2979730879999, 570.8392849008999, 583.8029694465998, 621.6484181689998]
