Avion: 5      Iteracion: 36

Num Ruta: 35
Ingresos: 127200.0
Costos: 334.228322294
Utilidad Ruta: 126865.771678
Costo Reducido: 31.2297478194
Nodos: [105, 17, 30, 52, 16, 51, 65, 14, 49, 3, 38, 23, 18, 53, 58, 26, 61, 6, 41, 13, 48, 29, 27, 64, 62, 715]
q: [0.0, 5.0, 4.0, -5.0, 11.0, -11.0, -4.0, 8.0, -8.0, 15.0, -15.0, 4.0, 11.0, -11.0, -4.0, 13.0, -13.0, 5.0, -5.0, 15.0, -15.0, 9.0, 6.0, -9.0, -6.0, 0.0]
Q: [0.0, 5.0, 9.0, 4.0, 15.0, 4.0, 0.0, 8.0, 0.0, 15.0, 0.0, 4.0, 15.0, 4.0, 0.0, 13.0, 0.0, 5.0, 0.0, 15.0, 0.0, 9.0, 15.0, 6.0, 0.0, 0.0]
B: [0.0, 24.0, 64.0, 67.14445448369, 72.47609381883, 82.10018525647, 84.97134181786, 112.76728247476, 124.78899424976, 256.0, 261.08428175852, 267.0, 293.0, 316.8182362487, 326.74376782137, 346.43014059547, 364.00936856487, 436.0, 439.69228939819, 453.10235550539, 469.98550645539, 549.0, 574.6018082369, 582.8182362320799, 598.26561380888, 620.1471403780799]
