Avion: 4      Iteracion: 5

Num Ruta: 9
Ingresos: 46800.0
Costos: 229.479193429
Utilidad Ruta: 46570.5208066
Costo Reducido: 46601.013881
Nodos: [104, 9, 44, 3, 38, 21, 56, 714]
q: [0, 11.0, -11.0, 15.0, -15.0, 13.0, -13.0, 0]
Q: [0, 11.0, 0.0, 15.0, 0.0, 13.0, 0.0, 0]
B: [0.0, 43.2032553519, 72.7304923544, 256.0, 261.08428175852, 477.0, 517.7387906792, 571.0474680215999]
