Avion: 3      Iteracion: 41

Num Ruta: 40
Ingresos: 94800.0
Costos: 320.165429242
Utilidad Ruta: 94479.8345708
Costo Reducido: 15.6314996627
Nodos: [103, 24, 59, 1, 36, 23, 18, 53, 58, 28, 63, 15, 29, 50, 7, 42, 33, 64, 68, 713]
q: [0.0, 14.0, -14.0, 7.0, -7.0, 10.0, 5.0, -5.0, -10.0, 8.0, -8.0, 10.0, 5.0, -10.0, 10.0, -10.0, 10.0, -5.0, -10.0, 0.0]
Q: [0.0, 14.0, 0.0, 7.0, 0.0, 10.0, 15.0, 10.0, 0.0, 8.0, 0.0, 10.0, 15.0, 5.0, 15.0, 5.0, 15.0, 10.0, 0.0, 0.0]
B: [0.0, 61.0, 99.5129503025, 175.0, 209.2400855285, 267.0, 293.0, 316.8182362487, 326.74376782137, 378.0, 414.0266187839, 511.0, 549.0, 564.1378768657, 575.0426164316, 603.5839282444999, 613.04395446011, 621.89544614231, 637.30986202481, 650.7654565862099]
