Avion: 5      Iteracion: 48

Num Ruta: 44
Ingresos: 78000.0
Costos: 216.22237764
Utilidad Ruta: 77783.7776224
Costo Reducido: 33.341901776
Nodos: [105, 17, 30, 52, 16, 51, 65, 35, 26, 70, 61, 13, 48, 29, 27, 64, 62, 715]
q: [0.0, 5.0, 10.0, -5.0, 5.0, -5.0, -10.0, 6.0, 9.0, -6.0, -9.0, 15.0, -15.0, 9.0, 6.0, -9.0, -6.0, 0.0]
Q: [0.0, 5.0, 15.0, 10.0, 15.0, 10.0, 0.0, 6.0, 15.0, 9.0, 0.0, 15.0, 0.0, 9.0, 15.0, 6.0, 0.0, 0.0]
B: [0.0, 24.0, 64.0, 67.14445448369, 72.47609381883, 82.10018525647, 84.97134181786, 279.0, 300.0, 309.29300538039, 319.11482114938, 423.0, 439.88315095, 549.0, 574.6018082369, 582.8182362320799, 598.26561380888, 620.1471403780799]
