Avion: 5      Iteracion: 18

Num Ruta: 18
Ingresos: 94800.0
Costos: 267.600113464
Utilidad Ruta: 94532.3998865
Costo Reducido: 103.478741342
Nodos: [105, 17, 30, 52, 16, 51, 65, 14, 49, 3, 38, 23, 18, 53, 58, 6, 41, 33, 68, 27, 62, 715]
q: [0.0, 5.0, 10.0, -5.0, 5.0, -5.0, -10.0, 8.0, -8.0, 15.0, -15.0, 4.0, 11.0, -11.0, -4.0, 5.0, -5.0, 10.0, -10.0, 6.0, -6.0, 0.0]
Q: [0.0, 5.0, 15.0, 10.0, 15.0, 10.0, 0.0, 8.0, 0.0, 15.0, 0.0, 4.0, 15.0, 4.0, 0.0, 5.0, 0.0, 10.0, 0.0, 6.0, 0.0, 0.0]
B: [0.0, 24.0, 64.0, 67.14445448369, 72.47609381883, 82.10018525647, 84.97134181786, 112.76728247476, 124.78899424976, 256.0, 261.08428175852, 267.0, 293.0, 316.8182362487, 326.74376782137, 436.0, 439.69228939819, 562.0, 585.3035112376, 592.52226459258, 609.55312696068, 631.4346535298799]
