Avion: 6      Iteracion: 27

Num Ruta: 27
Ingresos: 97200.0
Costos: 296.6887157
Utilidad Ruta: 96903.3112843
Costo Reducido: 39.0240509706
Nodos: [106, 30, 16, 51, 65, 24, 59, 1, 36, 23, 18, 53, 58, 13, 48, 29, 27, 64, 62, 716]
q: [0.0, 11.0, 4.0, -4.0, -11.0, 14.0, -14.0, 7.0, -7.0, 4.0, 11.0, -11.0, -4.0, 15.0, -15.0, 9.0, 6.0, -9.0, -6.0, 0.0]
Q: [0.0, 11.0, 15.0, 11.0, 0.0, 14.0, 0.0, 7.0, 0.0, 4.0, 15.0, 4.0, 0.0, 15.0, 0.0, 9.0, 15.0, 6.0, 0.0, 0.0]
B: [0.0, 64.0, 72.20259129788, 81.82668273552001, 84.69783929691, 109.43181018721, 147.94476048971, 175.0, 209.2400855285, 267.0, 293.0, 316.8182362487, 326.74376782137, 423.0, 439.88315095, 549.0, 574.6018082369, 582.8182362320799, 598.26561380888, 616.17949046918]
