Avion: 6      Iteracion: 26

Num Ruta: 26
Ingresos: 44400.0
Costos: 120.563411208
Utilidad Ruta: 44279.4365888
Costo Reducido: 30.7011310021
Nodos: [106, 10, 45, 35, 26, 70, 61, 22, 57, 716]
q: [0.0, 12.0, -12.0, 6.0, 9.0, -6.0, -9.0, 10.0, -10.0, 0.0]
Q: [0.0, 12.0, 0.0, 6.0, 15.0, 9.0, 0.0, 10.0, 0.0, 0.0]
B: [0.0, 96.0, 125.5195107344, 279.0, 300.0, 309.29300538039, 319.11482114938, 332.74900179948, 354.50368793838004, 370.95846791258003]
