Avion: 2      Iteracion: 35

Num Ruta: 35
Ingresos: 98400.0
Costos: 294.289000415
Utilidad Ruta: 98105.7109996
Costo Reducido: 33.1815132174
Nodos: [102, 24, 59, 31, 11, 66, 46, 34, 69, 28, 63, 25, 60, 20, 7, 42, 55, 2, 37, 712]
q: [0.0, 14.0, -14.0, 6.0, 8.0, -6.0, -8.0, 12.0, -12.0, 8.0, -8.0, 10.0, -10.0, 10.0, 5.0, -5.0, -10.0, 9.0, -9.0, 0.0]
Q: [0.0, 14.0, 0.0, 6.0, 14.0, 8.0, 0.0, 12.0, 0.0, 8.0, 0.0, 10.0, 0.0, 10.0, 15.0, 10.0, 0.0, 9.0, 0.0, 0.0]
B: [0.0, 61.0, 99.5129503025, 130.0, 169.0, 169.478878899097, 173.173257466597, 283.0, 323.947598037, 378.0, 414.0266187839, 417.35999740026, 434.54497971036, 496.0, 517.0, 545.5413118129, 558.5049963585999, 565.8352936240599, 606.5702556714599, 609.4245510310899]
