Avion: 4      Iteracion: 6

Num Ruta: 10
Ingresos: 69600.0
Costos: 303.799107844
Utilidad Ruta: 69296.2008922
Costo Reducido: 55393.0833714
Nodos: [104, 9, 44, 30, 65, 18, 53, 5, 40, 21, 56, 714]
q: [0, 11.0, -11.0, 11.0, -11.0, 11.0, -11.0, 12.0, -12.0, 13.0, -13.0, 0]
Q: [0, 11.0, 0.0, 11.0, 0.0, 11.0, 0.0, 12.0, 0.0, 13.0, 0.0, 0]
B: [0.0, 43.2032553519, 72.7304923544, 88.5183926898, 107.23241534659999, 293.0, 316.8182362487, 469.0, 470.12168890518, 498.36127928818, 539.10006996738, 592.40874730978]
