Avion: 6      Iteracion: 7

Num Ruta: 9
Ingresos: 100800.0
Costos: 445.773701563
Utilidad Ruta: 100354.226298
Costo Reducido: 48264.5534399
Nodos: [106, 17, 52, 9, 44, 3, 38, 35, 26, 70, 61, 22, 57, 28, 63, 20, 55, 33, 68, 716]
q: [0.0, 5.0, -5.0, 11.0, -11.0, 15.0, -15.0, 6.0, 9.0, -6.0, -9.0, 10.0, -10.0, 8.0, -8.0, 10.0, -10.0, 10.0, -10.0, 0.0]
Q: [0.0, 5.0, 0.0, 11.0, 0.0, 15.0, 0.0, 6.0, 15.0, 9.0, 0.0, 10.0, 0.0, 8.0, 0.0, 10.0, 0.0, 10.0, 0.0, 0.0]
B: [0.0, 24.0, 58.8425537813, 81.72911018459999, 111.25634718709999, 256.0, 261.08428175852, 304.88260501412, 315.50981960682, 324.80282498721, 334.6246407562, 348.2588214063, 370.0135075452, 413.06467124610003, 449.09129003000004, 496.0, 538.1771424471, 562.0, 585.3035112376, 621.3570077393]
