Avion: 4      Iteracion: 20

Num Ruta: 21
Ingresos: 108000.0
Costos: 308.232708828
Utilidad Ruta: 107691.767291
Costo Reducido: 98.4055697643
Nodos: [104, 1, 31, 11, 66, 46, 36, 3, 38, 23, 18, 58, 53, 22, 57, 19, 32, 8, 54, 43, 6, 41, 13, 48, 67, 714]
q: [0.0, 7.0, 6.0, 2.0, -6.0, -2.0, -7.0, 15.0, -15.0, 10.0, 5.0, -10.0, -5.0, 10.0, -10.0, 7.0, 0.0, 8.0, -7.0, -8.0, 5.0, -5.0, 15.0, -15.0, 0.0, 0.0]
Q: [0.0, 7.0, 13.0, 15.0, 9.0, 7.0, 0.0, 15.0, 0.0, 10.0, 15.0, 5.0, 0.0, 10.0, 0.0, 7.0, 7.0, 15.0, 8.0, 0.0, 5.0, 0.0, 15.0, 0.0, 0.0, 0.0]
B: [0.0, 175.0, 183.89376197118, 197.07649116508, 197.555370064177, 201.249748631677, 235.56547796967698, 256.0, 261.08428175852, 267.0, 293.0, 318.4393114097, 328.36484298237, 343.84769039487, 365.60237653377004, 402.0, 422.0, 433.4468981388, 451.4038575696, 454.33197676116, 463.52264839059, 467.21493778878, 480.62500389598, 497.50815484598, 501.57910522642004, 529.6555556609201]
