Avion: 3      Iteracion: 12

Num Ruta: 16
Ingresos: 22800.0
Costos: 70.3363665144
Utilidad Ruta: 22729.6636335
Costo Reducido: 89.8545314997
Nodos: [103, 26, 61, 27, 62, 713]
q: [0, 13.0, -13.0, 6.0, -6.0, 0]
Q: [0, 13.0, 0.0, 6.0, 0.0, 0]
B: [0.0, 300.0, 317.5792279694, 538.0, 555.0308623681, 567.4739009840999]
