Avion: 5      Iteracion: 20

Num Ruta: 20
Ingresos: 120000.0
Costos: 309.004866134
Utilidad Ruta: 119690.995134
Costo Reducido: 127.084190761
Nodos: [105, 1, 31, 66, 11, 46, 36, 3, 38, 23, 18, 53, 58, 28, 63, 19, 8, 54, 43, 13, 48, 15, 50, 715]
q: [0.0, 7.0, 6.0, -6.0, 8.0, -8.0, -7.0, 15.0, -15.0, 10.0, 5.0, -5.0, -10.0, 8.0, -8.0, 7.0, 8.0, -7.0, -8.0, 15.0, -15.0, 11.0, -11.0, 0.0]
Q: [0.0, 7.0, 13.0, 7.0, 15.0, 7.0, 0.0, 15.0, 0.0, 10.0, 15.0, 10.0, 0.0, 8.0, 0.0, 7.0, 15.0, 8.0, 0.0, 15.0, 0.0, 11.0, 0.0, 0.0]
B: [0.0, 175.0, 183.89376197118, 197.19937597428, 197.678254873377, 201.732321720387, 236.048051058387, 256.0, 261.08428175852, 267.0, 293.0, 316.8182362487, 326.74376782137, 378.0, 414.0266187839, 426.5624120576, 449.7232936039, 467.6802530347, 470.60837222626, 472.81904836716996, 489.70219931716997, 511.0, 527.4211666151, 539.2736094434999]
