Avion: 7      Iteracion: 6

Num Ruta: 10
Ingresos: 30000.0
Costos: 107.687506898
Utilidad Ruta: 29892.3124931
Costo Reducido: 10892.3050391
Nodos: [107, 5, 40, 21, 56, 717]
q: [0, 12.0, -12.0, 13.0, -13.0, 0]
Q: [0, 12.0, 0.0, 13.0, 0.0, 0]
B: [0.0, 469.0, 470.12168890518, 498.36127928818, 539.10006996738, 560.8706017017801]
