Avion: 5      Iteracion: 35

Num Ruta: 34
Ingresos: 114000.0
Costos: 343.213495353
Utilidad Ruta: 113656.786505
Costo Reducido: 44.0626846757
Nodos: [105, 17, 30, 52, 16, 51, 65, 14, 49, 3, 38, 23, 18, 58, 53, 28, 63, 25, 60, 21, 56, 27, 62, 715]
q: [0.0, 5.0, 4.0, -5.0, 11.0, -11.0, -4.0, 8.0, -8.0, 15.0, -15.0, 10.0, 5.0, -10.0, -5.0, 8.0, -8.0, 10.0, -10.0, 13.0, -13.0, 6.0, -6.0, 0.0]
Q: [0.0, 5.0, 9.0, 4.0, 15.0, 4.0, 0.0, 8.0, 0.0, 15.0, 0.0, 10.0, 15.0, 5.0, 0.0, 8.0, 0.0, 10.0, 0.0, 13.0, 0.0, 6.0, 0.0, 0.0]
B: [0.0, 24.0, 64.0, 67.14445448369, 72.47609381883, 82.10018525647, 84.97134181786, 112.76728247476, 124.78899424976, 256.0, 261.08428175852, 267.0, 293.0, 318.4393114097, 328.36484298237, 378.0, 414.0266187839, 417.35999740026, 434.54497971036, 477.0, 517.7387906792, 538.0, 555.0308623681, 576.9123889373]
