Avion: 3      Iteracion: 27

Num Ruta: 30
Ingresos: 108000.0
Costos: 311.192136337
Utilidad Ruta: 107688.807864
Costo Reducido: 52.9014968322
Nodos: [103, 30, 65, 16, 51, 14, 49, 19, 8, 54, 43, 13, 48, 20, 7, 42, 55, 2, 33, 68, 37, 713]
q: [0.0, 11.0, -11.0, 11.0, -11.0, 8.0, -8.0, 7.0, 8.0, -7.0, -8.0, 15.0, -15.0, 10.0, 5.0, -5.0, -10.0, 9.0, 6.0, -6.0, -9.0, 0.0]
Q: [0.0, 11.0, 0.0, 11.0, 0.0, 8.0, 0.0, 7.0, 15.0, 8.0, 0.0, 15.0, 0.0, 10.0, 15.0, 10.0, 0.0, 9.0, 15.0, 9.0, 0.0, 0.0]
B: [0.0, 64.0, 82.7140226568, 93.53069441849999, 103.15478585614, 129.94109036054, 141.96280213554, 402.0, 425.1608815463, 443.1178409771, 446.04596016866, 448.25663630956996, 465.13978725956997, 496.0, 517.0, 545.5413118129, 558.5049963585999, 565.8352936240599, 579.6208945540599, 602.9244057916599, 621.4431898230598, 638.3412156544598]
