Avion: 2      Iteracion: 3

Num Ruta: 6
Ingresos: 163200.0
Costos: 546.853970957
Utilidad Ruta: 162653.146029
Costo Reducido: 135827.189845
Nodos: [102, 9, 44, 30, 65, 24, 59, 31, 66, 23, 18, 53, 58, 26, 61, 28, 63, 25, 60, 19, 54, 13, 48, 15, 50, 20, 4, 55, 39, 712]
q: [0.0, 11.0, -11.0, 11.0, -11.0, 14.0, -14.0, 6.0, -6.0, 10.0, 5.0, -5.0, -10.0, 13.0, -13.0, 8.0, -8.0, 10.0, -10.0, 7.0, -7.0, 15.0, -15.0, 11.0, -11.0, 10.0, 5.0, -10.0, -5.0, 0.0]
Q: [0.0, 11.0, 0.0, 11.0, 0.0, 14.0, 0.0, 6.0, 0.0, 10.0, 15.0, 10.0, 0.0, 13.0, 0.0, 8.0, 0.0, 10.0, 0.0, 7.0, 0.0, 15.0, 0.0, 11.0, 0.0, 10.0, 15.0, 5.0, 0.0, 0.0]
B: [0.0, 28.0, 57.5272370025, 73.3151373379, 92.0291599947, 116.763130885, 155.27608118749998, 166.560438945, 179.8660529481, 267.0, 293.0, 316.8182362487, 326.74376782137, 346.43014059547, 364.00936856487, 378.0, 414.0266187839, 417.35999740026, 434.54497971036, 451.21787139116, 477.84498768265996, 482.07260698908, 498.95575793908, 518.91278369448, 535.33395030958, 541.46780236192, 551.74695339692, 583.84327650412, 595.70449975472, 627.32166123392]
