Avion: 1      Iteracion: 0

Num Ruta: 1
Ingresos: 44400.0
Costos: 207.803667494
Utilidad Ruta: 44192.1963325
Costo Reducido: -
Nodos: [101, 24, 59, 14, 49, 6, 41, 33, 68, 711]
q: [0, 14.0, -14.0, 8.0, -8.0, 5.0, -5.0, 10.0, -10.0, 0]
Q: [0, 14.0, 0.0, 8.0, 0.0, 5.0, 0.0, 10.0, 0.0, 0]
B: [0.0, 61.0, 99.5129503025, 128.1593196012, 140.1810313762, 436.0, 439.69228939819, 562.0, 585.3035112376, 604.0734997565]
