Avion: 2      Iteracion: 37

Num Ruta: 37
Ingresos: 48000.0
Costos: 189.932461567
Utilidad Ruta: 47810.0675384
Costo Reducido: 6.94250670326
Nodos: [102, 12, 47, 30, 65, 8, 19, 54, 43, 712]
q: [0, 14.0, -14.0, 11.0, -11.0, 8.0, 7.0, -7.0, -8.0, 0]
Q: [0, 14.0, 0.0, 11.0, 0.0, 8.0, 15.0, 8.0, 0.0, 0]
B: [0.0, 54.0, 97.347924264, 122.72227077779999, 141.4362934346, 414.0, 437.1608815463, 463.7879978378, 466.71611702935996, 488.37311017246]
