Avion: 1      Iteracion: 19

Num Ruta: 20
Ingresos: 74400.0
Costos: 328.363869619
Utilidad Ruta: 74071.6361304
Costo Reducido: 76.0048218853
Nodos: [101, 16, 51, 24, 59, 1, 36, 18, 34, 69, 53, 19, 8, 54, 43, 711]
q: [0.0, 11.0, -11.0, 14.0, -14.0, 7.0, -7.0, 3.0, 12.0, -12.0, -3.0, 7.0, 8.0, -7.0, -8.0, 0.0]
Q: [0.0, 11.0, 0.0, 14.0, 0.0, 7.0, 0.0, 3.0, 15.0, 3.0, 0.0, 7.0, 15.0, 8.0, 0.0, 0.0]
B: [0.0, 36.0, 45.624091437640004, 70.85029051714, 109.36324081964, 175.0, 209.2400855285, 293.0, 316.7154937119, 357.6630917489, 372.8157213887, 402.0, 425.1608815463, 443.1178409771, 446.04596016866, 470.64733559766]
