Avion: 2      Iteracion: 51

Num Ruta: 44
Ingresos: 54000.0
Costos: 186.738034464
Utilidad Ruta: 53813.2619655
Costo Reducido: 12.3902795717
Nodos: [102, 24, 59, 34, 69, 28, 63, 15, 50, 712]
q: [0, 14.0, -14.0, 12.0, -12.0, 8.0, -8.0, 11.0, -11.0, 0]
Q: [0, 14.0, 0.0, 12.0, 0.0, 8.0, 0.0, 11.0, 0.0, 0]
B: [0.0, 61.0, 99.5129503025, 283.0, 323.947598037, 378.0, 414.0266187839, 511.0, 527.4211666151, 534.86056773347]
