Avion: 5      Iteracion: 21

Num Ruta: 21
Ingresos: 103200.0
Costos: 365.495963415
Utilidad Ruta: 102834.504037
Costo Reducido: 45.0875728962
Nodos: [105, 17, 16, 51, 52, 14, 49, 31, 66, 34, 69, 26, 61, 6, 41, 5, 40, 2, 15, 37, 50, 715]
q: [0.0, 5.0, 10.0, -10.0, -5.0, 8.0, -8.0, 6.0, -6.0, 12.0, -12.0, 13.0, -13.0, 5.0, -5.0, 12.0, -12.0, 9.0, 6.0, -9.0, -6.0, 0.0]
Q: [0.0, 5.0, 15.0, 5.0, 0.0, 8.0, 0.0, 6.0, 0.0, 12.0, 0.0, 13.0, 0.0, 5.0, 0.0, 12.0, 0.0, 9.0, 15.0, 6.0, 0.0, 0.0]
B: [0.0, 24.0, 58.8014769802, 68.42556841784, 83.07333718993999, 112.0, 124.021711775, 151.2337789879, 164.539392991, 283.0, 323.947598037, 358.0226741044, 375.6019020738, 436.0, 439.69228939819, 469.0, 470.12168890518, 522.0, 569.4160147313, 577.7418838150701, 586.4178866389501, 598.27032946735]
