Avion: 4      Iteracion: 0

Num Ruta: 1
Ingresos: 61200.0
Costos: 283.343922863
Utilidad Ruta: 60916.6560771
Costo Reducido: -
Nodos: [104, 9, 44, 11, 46, 18, 53, 28, 63, 19, 54, 32, 67, 714]
q: [0, 11.0, -11.0, 8.0, -8.0, 11.0, -11.0, 8.0, -8.0, 7.0, -7.0, 6.0, -6.0, 0]
Q: [0, 11.0, 0.0, 8.0, 0.0, 11.0, 0.0, 8.0, 0.0, 7.0, 0.0, 6.0, 0.0, 0]
B: [0.0, 43.2032553519, 72.7304923544, 169.0, 173.05406684701, 293.0, 316.8182362487, 378.0, 414.0266187839, 426.5624120576, 453.1895283491, 472.7619990414, 500.6193548563, 528.6958052908]
