Avion: 5      Iteracion: 23

Num Ruta: 23
Ingresos: 102000.0
Costos: 323.378780349
Utilidad Ruta: 101676.62122
Costo Reducido: 71.2111812987
Nodos: [105, 17, 16, 51, 52, 14, 49, 23, 18, 53, 58, 6, 41, 5, 40, 7, 4, 42, 39, 2, 33, 68, 37, 715]
q: [0.0, 5.0, 10.0, -10.0, -5.0, 8.0, -8.0, 10.0, 5.0, -5.0, -10.0, 5.0, -5.0, 12.0, -12.0, 10.0, 5.0, -10.0, -5.0, 9.0, 6.0, -6.0, -9.0, 0.0]
Q: [0.0, 5.0, 15.0, 5.0, 0.0, 8.0, 0.0, 10.0, 15.0, 10.0, 0.0, 5.0, 0.0, 12.0, 0.0, 10.0, 15.0, 5.0, 0.0, 9.0, 15.0, 9.0, 0.0, 0.0]
B: [0.0, 24.0, 58.8014769802, 68.42556841784, 83.07333718993999, 112.0, 124.021711775, 267.0, 293.0, 316.8182362487, 326.74376782137, 436.0, 439.69228939819, 469.0, 470.12168890518, 517.0, 529.0, 548.2723609867, 549.43273506431, 558.88720157491, 572.67280250491, 595.97631374251, 614.49509777391, 629.1295336701099]
