Avion: 1      Iteracion: 22

Num Ruta: 23
Ingresos: 91200.0
Costos: 326.950817234
Utilidad Ruta: 90873.0491828
Costo Reducido: 116.074228377
Nodos: [101, 24, 59, 31, 11, 66, 46, 34, 69, 28, 63, 25, 32, 67, 60, 21, 56, 711]
q: [0.0, 14.0, -14.0, 6.0, 8.0, -6.0, -8.0, 12.0, -12.0, 8.0, -8.0, 9.0, 6.0, -6.0, -9.0, 13.0, -13.0, 0.0]
Q: [0.0, 14.0, 0.0, 6.0, 14.0, 8.0, 0.0, 12.0, 0.0, 8.0, 0.0, 9.0, 15.0, 9.0, 0.0, 13.0, 0.0, 0.0]
B: [0.0, 61.0, 99.5129503025, 130.0, 169.0, 169.478878899097, 173.173257466597, 283.0, 323.947598037, 378.0, 414.0266187839, 417.35999740026, 438.02644569216, 465.88380150706, 476.86886978176, 485.03758326676, 525.77637394596, 545.55632338976]
