Avion: 3      Iteracion: 0

Num Ruta: 2
Ingresos: 196800.0
Costos: 622.074990933
Utilidad Ruta: 196177.925009
Costo Reducido: -
Nodos: [103, 16, 51, 12, 47, 10, 45, 1, 11, 46, 36, 3, 38, 23, 18, 53, 58, 26, 61, 19, 54, 13, 48, 5, 40, 15, 50, 4, 39, 33, 68, 29, 64, 713]
q: [0.0, 11.0, -11.0, 14.0, -14.0, 12.0, -12.0, 7.0, 8.0, -8.0, -7.0, 15.0, -15.0, 4.0, 11.0, -11.0, -4.0, 13.0, -13.0, 7.0, -7.0, 15.0, -15.0, 12.0, -12.0, 11.0, -11.0, 5.0, -5.0, 10.0, -10.0, 9.0, -9.0, 0.0]
Q: [0.0, 11.0, 0.0, 14.0, 0.0, 12.0, 0.0, 7.0, 15.0, 7.0, 0.0, 15.0, 0.0, 4.0, 15.0, 4.0, 0.0, 13.0, 0.0, 7.0, 0.0, 15.0, 0.0, 12.0, 0.0, 11.0, 0.0, 5.0, 0.0, 10.0, 0.0, 9.0, 0.0, 0.0]
B: [0.0, 36.0, 45.624091437640004, 79.57799432084, 122.92591858484, 131.64368894199, 161.16319967639, 199.58254084719002, 218.26336944229, 222.31743628930002, 256.6331656273, 263.7297175365, 268.81399929502, 272.17648661842, 293.0, 316.8182362487, 326.74376782137, 346.43014059547, 364.00936856487, 402.0, 428.6271162915, 432.85473559792, 449.73788654792, 477.00216964872004, 478.12385855390005, 511.5260530327, 527.9472196478, 533.52189892109, 553.94764860129, 562.51911405359, 585.82262529119, 604.20594449639, 637.98572427659, 657.36243534939]
