Avion: 1      Iteracion: 10

Num Ruta: 11
Ingresos: 134400.0
Costos: 517.659130696
Utilidad Ruta: 133882.340869
Costo Reducido: 42741.9488306
Nodos: [101, 16, 51, 9, 44, 30, 65, 3, 38, 23, 34, 58, 69, 25, 60, 32, 19, 54, 67, 15, 50, 29, 27, 62, 64, 711]
q: [0.0, 11.0, -11.0, 11.0, -11.0, 11.0, -11.0, 15.0, -15.0, 3.0, 12.0, -3.0, -12.0, 10.0, -10.0, 6.0, 7.0, -7.0, -6.0, 11.0, -11.0, 9.0, 6.0, -6.0, -9.0, 0.0]
Q: [0.0, 11.0, 0.0, 11.0, 0.0, 11.0, 0.0, 15.0, 0.0, 3.0, 15.0, 12.0, 0.0, 10.0, 0.0, 6.0, 13.0, 6.0, 0.0, 11.0, 0.0, 9.0, 15.0, 9.0, 0.0, 0.0]
B: [0.0, 36.0, 45.624091437640004, 75.68094759394, 105.20818459644, 120.99608493184, 139.71010758864, 256.0, 261.08428175852, 267.0, 308.6968644505, 345.192375421, 361.7120311075, 410.0, 427.1849823101, 445.7299117519, 457.44482639089995, 484.07194268239994, 501.1993191305999, 524.4947586842999, 540.9159252993999, 556.0538021650999, 581.6556104019999, 598.6864727700998, 614.1338503468999, 634.9848774678999]
