Avion: 4      Iteracion: 63

Num Ruta: 47
Ingresos: 66000.0
Costos: 220.014362597
Utilidad Ruta: 65779.9856374
Costo Reducido: 4.89418720208
Nodos: [104, 1, 36, 23, 18, 58, 53, 22, 57, 32, 8, 43, 13, 67, 48, 714]
q: [0.0, 7.0, -7.0, 10.0, 5.0, -10.0, -5.0, 10.0, -10.0, 6.0, 8.0, -8.0, 9.0, -6.0, -9.0, 0.0]
Q: [0.0, 7.0, 0.0, 10.0, 15.0, 5.0, 0.0, 10.0, 0.0, 6.0, 14.0, 6.0, 15.0, 9.0, 0.0, 0.0]
B: [0.0, 175.0, 209.2400855285, 267.0, 293.0, 318.4393114097, 328.36484298237, 343.84769039487, 365.60237653377004, 422.0, 433.4468981388, 454.2152947548, 456.42597089571, 470.26815067351004, 474.33910105395006, 498.46186648415005]
