Avion: 1      Iteracion: 40

Num Ruta: 38
Ingresos: 105600.0
Costos: 271.998523001
Utilidad Ruta: 105328.001477
Costo Reducido: 14.4547969776
Nodos: [101, 16, 51, 30, 65, 14, 49, 3, 38, 23, 18, 53, 58, 13, 48, 21, 56, 711]
q: [0.0, 11.0, -11.0, 11.0, -11.0, 8.0, -8.0, 15.0, -15.0, 10.0, 5.0, -5.0, -10.0, 15.0, -15.0, 13.0, -13.0, 0.0]
Q: [0.0, 11.0, 0.0, 11.0, 0.0, 8.0, 0.0, 15.0, 0.0, 10.0, 15.0, 10.0, 0.0, 15.0, 0.0, 13.0, 0.0, 0.0]
B: [0.0, 36.0, 45.624091437640004, 64.0, 82.7140226568, 112.0, 124.021711775, 256.0, 261.08428175852, 267.0, 293.0, 316.8182362487, 326.74376782137, 423.0, 439.88315095, 477.0, 517.7387906792, 537.5187401229999]
