Avion: 4      Iteracion: 55

Num Ruta: 45
Ingresos: 26400.0
Costos: 136.041995676
Utilidad Ruta: 26263.9580043
Costo Reducido: 1.72994711208
Nodos: [104, 1, 36, 8, 19, 54, 43, 714]
q: [0, 7.0, -7.0, 8.0, 7.0, -7.0, -8.0, 0]
Q: [0, 7.0, 0.0, 8.0, 15.0, 8.0, 0.0, 0]
B: [0.0, 175.0, 209.2400855285, 414.0, 437.1608815463, 463.7879978378, 466.71611702935996, 505.35554762815997]
