Avion: 2      Iteracion: 46

Num Ruta: 43
Ingresos: 34800.0
Costos: 115.051975686
Utilidad Ruta: 34684.9480243
Costo Reducido: 2.08661930075
Nodos: [102, 12, 47, 6, 41, 33, 68, 712]
q: [0, 14.0, -14.0, 5.0, -5.0, 10.0, -10.0, 0]
Q: [0, 14.0, 0.0, 5.0, 0.0, 10.0, 0.0, 0]
B: [0.0, 54.0, 97.347924264, 436.0, 439.69228939819, 562.0, 585.3035112376, 604.1137468555]
