Avion: 5      Iteracion: 26

Num Ruta: 26
Ingresos: 177600.0
Costos: 529.623108983
Utilidad Ruta: 177070.376891
Costo Reducido: 44.9020460907
Nodos: [105, 17, 52, 30, 65, 16, 51, 1, 31, 66, 36, 3, 38, 23, 18, 53, 58, 22, 57, 19, 25, 60, 8, 54, 43, 13, 48, 20, 7, 42, 55, 2, 33, 68, 37, 715]
q: [0.0, 5.0, -5.0, 11.0, -11.0, 11.0, -11.0, 7.0, 6.0, -6.0, -7.0, 15.0, -15.0, 10.0, 5.0, -5.0, -10.0, 10.0, -10.0, 7.0, 8.0, -8.0, 8.0, -7.0, -8.0, 15.0, -15.0, 10.0, 5.0, -5.0, -10.0, 9.0, 6.0, -6.0, -9.0, 0.0]
Q: [0.0, 5.0, 0.0, 11.0, 0.0, 11.0, 0.0, 7.0, 13.0, 7.0, 0.0, 15.0, 0.0, 10.0, 15.0, 10.0, 0.0, 10.0, 0.0, 7.0, 15.0, 7.0, 15.0, 8.0, 0.0, 15.0, 0.0, 10.0, 15.0, 10.0, 0.0, 9.0, 15.0, 9.0, 0.0, 0.0]
B: [0.0, 24.0, 58.8425537813, 64.0, 82.7140226568, 93.53069441849999, 103.15478585614, 175.0, 183.89376197118, 197.19937597428, 230.76046369508, 256.0, 261.08428175852, 267.0, 293.0, 316.8182362487, 326.74376782137, 342.50019181287, 364.25487795177, 402.0, 411.3920072402, 428.57698955029997, 454.39758940779996, 472.35454883859995, 475.2826680301599, 477.4933441710699, 494.3764951210699, 508.3070803564699, 517.0500347770299, 545.5913465899298, 558.5550311356297, 565.8853284010897, 579.6709293310897, 602.9744405686897, 621.4932246000897, 636.1276604962896]
