Avion: 4      Iteracion: 36

Num Ruta: 33
Ingresos: 80400.0
Costos: 289.129231124
Utilidad Ruta: 80110.8707689
Costo Reducido: 30.1187457264
Nodos: [104, 17, 16, 51, 52, 12, 47, 10, 45, 35, 26, 70, 61, 18, 53, 714]
q: [0.0, 5.0, 10.0, -10.0, -5.0, 14.0, -14.0, 12.0, -12.0, 6.0, 9.0, -6.0, -9.0, 11.0, -11.0, 0.0]
Q: [0.0, 5.0, 15.0, 5.0, 0.0, 14.0, 0.0, 12.0, 0.0, 6.0, 15.0, 9.0, 0.0, 11.0, 0.0, 0.0]
B: [0.0, 24.0, 58.8014769802, 68.42556841784, 83.07333718993999, 102.78203093153999, 146.12995519554, 154.84772555268998, 184.36723628708998, 279.0, 300.0, 309.29300538039, 319.11482114938, 342.39349190178, 366.21172815048, 394.84689048627996]
