Avion: 6      Iteracion: 0

Num Ruta: 1
Ingresos: 38400.0
Costos: 236.166934821
Utilidad Ruta: 38163.8330652
Costo Reducido: -
Nodos: [106, 17, 52, 10, 45, 27, 62, 2, 37, 716]
q: [0, 5.0, -5.0, 12.0, -12.0, 6.0, -6.0, 9.0, -9.0, 0]
Q: [0, 5.0, 0.0, 12.0, 0.0, 6.0, 0.0, 9.0, 0.0, 0]
B: [0.0, 24.0, 58.8425537813, 96.0, 125.5195107344, 538.0, 555.0308623681, 566.4829354555, 607.2178975029, 644.2050944229]
