Avion: 6      Iteracion: 38

Num Ruta: 36
Ingresos: 103200.0
Costos: 361.931985043
Utilidad Ruta: 102838.068015
Costo Reducido: 14.8143587287
Nodos: [106, 1, 36, 3, 38, 18, 34, 53, 69, 28, 63, 25, 19, 32, 54, 67, 60, 15, 50, 20, 4, 39, 55, 716]
q: [0.0, 7.0, -7.0, 15.0, -15.0, 3.0, 12.0, -3.0, -12.0, 8.0, -8.0, 2.0, 7.0, 6.0, -7.0, -6.0, -2.0, 11.0, -11.0, 10.0, 5.0, -5.0, -10.0, 0.0]
Q: [0.0, 7.0, 0.0, 15.0, 0.0, 3.0, 15.0, 12.0, 0.0, 8.0, 0.0, 2.0, 9.0, 15.0, 8.0, 2.0, 0.0, 11.0, 0.0, 10.0, 15.0, 10.0, 0.0, 0.0]
B: [0.0, 175.0, 209.2400855285, 256.0, 261.08428175852, 293.0, 316.7154937119, 344.9475311871, 360.10016082690004, 378.0, 414.0266187839, 417.35999740026, 426.75200464046, 438.46691927945994, 458.03938997175993, 475.1667664199599, 486.1518346946599, 511.0, 527.4211666151, 533.55501866744, 543.83416970244, 564.25991938264, 576.12114263324, 601.63799316384]
