Avion: 2      Iteracion: 43

Num Ruta: 41
Ingresos: 40800.0
Costos: 94.1022050569
Utilidad Ruta: 40705.8977949
Costo Reducido: 3.07460423805
Nodos: [102, 24, 31, 59, 11, 66, 46, 15, 50, 712]
q: [0.0, 14.0, 1.0, -14.0, 8.0, -1.0, -8.0, 11.0, -11.0, 0.0]
Q: [0.0, 14.0, 15.0, 1.0, 9.0, 8.0, 0.0, 11.0, 0.0, 0.0]
B: [0.0, 61.0, 130.0, 141.2843577575, 169.0, 169.478878899097, 173.173257466597, 511.0, 527.4211666151, 534.86056773347]
