Avion: 7      Iteracion: 27

Num Ruta: 24
Ingresos: 45600.0
Costos: 172.98602054
Utilidad Ruta: 45427.0139795
Costo Reducido: 11.0035373125
Nodos: [107, 16, 51, 24, 59, 21, 56, 717]
q: [0, 11.0, -11.0, 14.0, -14.0, 13.0, -13.0, 0]
Q: [0, 11.0, 0.0, 14.0, 0.0, 13.0, 0.0, 0]
B: [0.0, 36.0, 45.624091437640004, 70.85029051714, 109.36324081964, 477.0, 517.7387906792, 539.5093224136]
