Avion: 4      Iteracion: 4

Num Ruta: 8
Ingresos: 44400.0
Costos: 237.345301916
Utilidad Ruta: 44162.6546981
Costo Reducido: 37225.198091
Nodos: [104, 3, 38, 34, 69, 7, 42, 714]
q: [0, 15.0, -15.0, 12.0, -12.0, 10.0, -10.0, 0]
Q: [0, 15.0, 0.0, 12.0, 0.0, 10.0, 0.0, 0]
B: [0.0, 256.0, 261.08428175852, 302.35708151811997, 343.30467955511995, 517.0, 545.5413118129, 593.805650874]
