Avion: 1      Iteracion: 17

Num Ruta: 18
Ingresos: 75600.0
Costos: 277.55581724
Utilidad Ruta: 75322.4441828
Costo Reducido: 71.5787079271
Nodos: [101, 16, 51, 30, 65, 24, 59, 1, 36, 23, 35, 70, 58, 6, 41, 711]
q: [0.0, 11.0, -11.0, 11.0, -11.0, 14.0, -14.0, 7.0, -7.0, 9.0, 6.0, -6.0, -9.0, 5.0, -5.0, 0.0]
Q: [0.0, 11.0, 0.0, 11.0, 0.0, 14.0, 0.0, 7.0, 0.0, 9.0, 15.0, 9.0, 0.0, 5.0, 0.0, 0.0]
B: [0.0, 36.0, 45.624091437640004, 64.0, 82.7140226568, 107.4479935471, 145.9609438496, 175.0, 209.2400855285, 267.0, 307.4405515417, 327.3534349341, 339.9719804129, 436.0, 439.69228939819, 458.84097073659]
