Avion: 1      Iteracion: 13

Num Ruta: 14
Ingresos: 115200.0
Costos: 398.501816506
Utilidad Ruta: 114801.498183
Costo Reducido: 207.201631299
Nodos: [101, 16, 51, 17, 52, 11, 46, 34, 69, 28, 13, 48, 63, 25, 60, 15, 50, 29, 27, 64, 33, 62, 68, 711]
q: [0.0, 11.0, -11.0, 5.0, -5.0, 8.0, -8.0, 12.0, -12.0, 8.0, 7.0, -7.0, -8.0, 10.0, -10.0, 11.0, -11.0, 9.0, 6.0, -9.0, 9.0, -6.0, -9.0, 0.0]
Q: [0.0, 11.0, 0.0, 5.0, 0.0, 8.0, 0.0, 12.0, 0.0, 8.0, 15.0, 8.0, 0.0, 10.0, 0.0, 11.0, 0.0, 9.0, 15.0, 6.0, 15.0, 9.0, 0.0, 0.0]
B: [0.0, 36.0, 45.624091437640004, 78.34191948294, 113.18447326424, 169.0, 173.05406684701, 283.0, 323.947598037, 378.0, 423.0, 439.88315095, 462.92158097460003, 466.25495959096, 483.43994190106, 511.0, 527.4211666151, 549.0, 574.6018082369, 582.8182362320799, 591.66972791428, 605.51689791398, 626.08369020158, 644.85367872048]
