Avion: 6      Iteracion: 49

Num Ruta: 41
Ingresos: 104400.0
Costos: 323.938318713
Utilidad Ruta: 104076.061681
Costo Reducido: 5.9002993485
Nodos: [106, 17, 30, 52, 65, 16, 51, 10, 45, 26, 61, 22, 57, 7, 15, 50, 20, 4, 42, 39, 55, 716]
q: [0.0, 5.0, 10.0, -5.0, -10.0, 11.0, -11.0, 12.0, -12.0, 13.0, -13.0, 10.0, -10.0, 4.0, 11.0, -11.0, 10.0, 1.0, -4.0, -1.0, -10.0, 0.0]
Q: [0.0, 5.0, 15.0, 10.0, 0.0, 11.0, 0.0, 12.0, 0.0, 13.0, 0.0, 10.0, 0.0, 4.0, 15.0, 4.0, 14.0, 15.0, 11.0, 10.0, 0.0, 0.0]
B: [0.0, 24.0, 64.0, 67.14445448369, 83.24240000479, 94.05907176649, 103.68316320413001, 119.51244041443002, 149.03195114883002, 300.0, 317.5792279694, 331.2134086195, 352.9680947584, 517.0, 530.7672641436, 547.1884307587, 553.3222828110399, 563.60143384604, 582.87379483274, 584.03416891035, 595.89539216095, 621.41224269155]
