Avion: 3      Iteracion: 40

Num Ruta: 39
Ingresos: 80400.0
Costos: 192.527014037
Utilidad Ruta: 80207.472986
Costo Reducido: 29.9187062182
Nodos: [103, 30, 65, 16, 51, 10, 45, 35, 70, 5, 40, 7, 4, 42, 39, 713]
q: [0, 11.0, -11.0, 11.0, -11.0, 12.0, -12.0, 6.0, -6.0, 12.0, -12.0, 10.0, 5.0, -10.0, -5.0, 0]
Q: [0, 11.0, 0.0, 11.0, 0.0, 12.0, 0.0, 6.0, 0.0, 12.0, 0.0, 10.0, 15.0, 5.0, 0.0, 0]
B: [0.0, 64.0, 82.7140226568, 93.53069441849999, 103.15478585614, 118.98406306644, 148.50357380084, 279.0, 298.9128833924, 469.0, 470.12168890518, 517.0, 529.0, 548.2723609867, 549.43273506431, 566.00365685521]
