Avion: 5      Iteracion: 52

Num Ruta: 46
Ingresos: 55200.0
Costos: 210.54418984
Utilidad Ruta: 54989.4558102
Costo Reducido: 9.6473143449
Nodos: [105, 17, 52, 12, 47, 10, 45, 35, 26, 70, 61, 715]
q: [0.0, 5.0, -5.0, 14.0, -14.0, 12.0, -12.0, 2.0, 13.0, -2.0, -13.0, 0.0]
Q: [0.0, 5.0, 0.0, 14.0, 0.0, 12.0, 0.0, 2.0, 15.0, 13.0, 0.0, 0.0]
B: [0.0, 24.0, 58.8425537813, 78.5512475229, 121.8991717869, 130.61694214405, 160.13645287845, 279.0, 300.0, 309.29300538039, 319.11482114938, 343.49857248098004]
