Avion: 5      Iteracion: 0

Num Ruta: 3
Ingresos: 0
Costos: 29.8612857225
Utilidad Ruta: -29.8612857225
Costo Reducido: -
Nodos: [105, 715]
q: [0, 0]
Q: [0, 0]
B: [0, 0]
