Avion: 2      Iteracion: 63

Num Ruta: 47
Ingresos: 44400.0
Costos: 155.688998418
Utilidad Ruta: 44244.3110016
Costo Reducido: 2.86363712577
Nodos: [102, 24, 59, 21, 56, 33, 68, 712]
q: [0, 14.0, -14.0, 13.0, -13.0, 10.0, -10.0, 0]
Q: [0, 14.0, 0.0, 13.0, 0.0, 10.0, 0.0, 0]
B: [0.0, 61.0, 99.5129503025, 477.0, 517.7387906792, 562.0, 585.3035112376, 604.1137468555]
