Avion: 6      Iteracion: 60

Num Ruta: 48
Ingresos: 103200.0
Costos: 329.660205863
Utilidad Ruta: 102870.339794
Costo Reducido: 1.14368542215
Nodos: [106, 17, 30, 52, 16, 51, 65, 24, 59, 1, 36, 23, 18, 53, 58, 13, 48, 29, 27, 64, 62, 716]
q: [0.0, 5.0, 10.0, -5.0, 5.0, -5.0, -10.0, 14.0, -14.0, 7.0, -7.0, 10.0, 5.0, -5.0, -10.0, 15.0, -15.0, 9.0, 6.0, -9.0, -6.0, 0.0]
Q: [0.0, 5.0, 15.0, 10.0, 15.0, 10.0, 0.0, 14.0, 0.0, 7.0, 0.0, 10.0, 15.0, 10.0, 0.0, 15.0, 0.0, 9.0, 15.0, 6.0, 0.0, 0.0]
B: [0.0, 24.0, 64.0, 67.14445448369, 72.47609381883, 82.10018525647, 84.97134181786, 109.70531270816, 148.21826301066, 175.0, 209.2400855285, 267.0, 293.0, 316.8182362487, 326.74376782137, 423.0, 439.88315095, 549.0, 574.6018082369, 582.8182362320799, 598.26561380888, 616.17949046918]
