Avion: 2      Iteracion: 12

Num Ruta: 13
Ingresos: 70800.0
Costos: 258.119617185
Utilidad Ruta: 70541.8803828
Costo Reducido: 73.5729492357
Nodos: [102, 12, 47, 1, 11, 46, 36, 3, 38, 18, 34, 69, 53, 712]
q: [0.0, 14.0, -14.0, 7.0, 8.0, -8.0, -7.0, 15.0, -15.0, 3.0, 12.0, -12.0, -3.0, 0.0]
Q: [0.0, 14.0, 0.0, 7.0, 15.0, 7.0, 0.0, 15.0, 0.0, 3.0, 15.0, 3.0, 0.0, 0.0]
B: [0.0, 54.0, 97.347924264, 175.0, 193.6808285951, 197.73489544211, 232.05062478011, 256.0, 261.08428175852, 293.0, 316.7154937119, 357.6630917489, 372.8157213887, 389.688445087]
