Avion: 5      Iteracion: 49

Num Ruta: 45
Ingresos: 110400.0
Costos: 296.531337532
Utilidad Ruta: 110103.468662
Costo Reducido: 1.87323579515
Nodos: [105, 17, 52, 30, 65, 16, 51, 14, 49, 3, 38, 8, 19, 43, 54, 5, 40, 7, 4, 42, 39, 715]
q: [0, 5.0, -5.0, 11.0, -11.0, 11.0, -11.0, 8.0, -8.0, 15.0, -15.0, 8.0, 7.0, -8.0, -7.0, 12.0, -12.0, 10.0, 5.0, -10.0, -5.0, 0]
Q: [0, 5.0, 0.0, 11.0, 0.0, 11.0, 0.0, 8.0, 0.0, 15.0, 0.0, 8.0, 15.0, 7.0, 0.0, 12.0, 0.0, 10.0, 15.0, 5.0, 0.0, 0]
B: [0.0, 24.0, 58.8425537813, 64.0, 82.7140226568, 93.53069441849999, 103.15478585614, 129.94109036054, 141.96280213554, 256.0, 261.08428175852, 414.0, 437.1608815463, 466.0513395558, 468.97945874735996, 476.82977198951994, 477.95146089469995, 517.0, 529.0, 548.2723609867, 549.43273506431, 576.47994785971]
