Avion: 3      Iteracion: 9

Num Ruta: 13
Ingresos: 54000.0
Costos: 323.218646198
Utilidad Ruta: 53676.7813538
Costo Reducido: 46212.9763699
Nodos: [103, 11, 46, 35, 70, 28, 63, 6, 41, 2, 37, 29, 64, 713]
q: [0, 8.0, -8.0, 6.0, -6.0, 8.0, -8.0, 5.0, -5.0, 9.0, -9.0, 9.0, -9.0, 0]
Q: [0, 8.0, 0.0, 6.0, 0.0, 8.0, 0.0, 5.0, 0.0, 9.0, 0.0, 9.0, 0.0, 0]
B: [0.0, 169.0, 173.05406684701, 279.0, 298.9128833924, 378.0, 414.0266187839, 456.7028030791, 460.39509247729, 522.0, 562.7349620474, 572.53970258451, 606.31948236471, 625.69619343751]
