Avion: 7      Iteracion: 10

Num Ruta: 13
Ingresos: 118800.0
Costos: 431.954493337
Utilidad Ruta: 118368.045507
Costo Reducido: 48102.6853678
Nodos: [107, 16, 51, 9, 44, 30, 65, 3, 38, 23, 34, 58, 69, 25, 60, 32, 67, 6, 41, 33, 27, 68, 62, 717]
q: [0.0, 11.0, -11.0, 11.0, -11.0, 11.0, -11.0, 15.0, -15.0, 3.0, 12.0, -3.0, -12.0, 10.0, -10.0, 6.0, -6.0, 5.0, -5.0, 9.0, 6.0, -9.0, -6.0, 0.0]
Q: [0.0, 11.0, 0.0, 11.0, 0.0, 11.0, 0.0, 15.0, 0.0, 3.0, 15.0, 12.0, 0.0, 10.0, 0.0, 6.0, 0.0, 5.0, 0.0, 9.0, 15.0, 6.0, 0.0, 0.0]
B: [0.0, 36.0, 45.624091437640004, 75.68094759394, 105.20818459644, 120.99608493184, 139.71010758864, 256.0, 261.08428175852, 267.0, 308.6968644505, 345.192375421, 361.7120311075, 410.0, 427.1849823101, 445.7299117519, 473.5872675668, 493.9792393449, 497.67152874309, 562.0, 578.4525909206, 585.6713442755799, 606.23813656318, 607.147304314478]
