Avion: 3      Iteracion: 63

Num Ruta: 52
Ingresos: 56400.0
Costos: 191.088407952
Utilidad Ruta: 56208.911592
Costo Reducido: 3.21127803186
Nodos: [103, 30, 16, 51, 65, 14, 49, 18, 53, 21, 56, 713]
q: [0.0, 11.0, 4.0, -4.0, -11.0, 8.0, -8.0, 11.0, -11.0, 13.0, -13.0, 0.0]
Q: [0.0, 11.0, 15.0, 11.0, 0.0, 8.0, 0.0, 11.0, 0.0, 13.0, 0.0, 0.0]
B: [0.0, 64.0, 72.20259129788, 81.82668273552001, 84.69783929691, 112.49377995381, 124.51549172881, 293.0, 316.8182362487, 477.0, 517.7387906792, 543.4624708202999]
