Avion: 2      Iteracion: 16

Num Ruta: 17
Ingresos: 81600.0
Costos: 270.115064145
Utilidad Ruta: 81329.8849359
Costo Reducido: 138.929963257
Nodos: [102, 16, 51, 9, 44, 11, 46, 25, 60, 21, 56, 4, 7, 39, 42, 712]
q: [0, 11.0, -11.0, 11.0, -11.0, 8.0, -8.0, 10.0, -10.0, 13.0, -13.0, 5.0, 10.0, -5.0, -10.0, 0]
Q: [0, 11.0, 0.0, 11.0, 0.0, 8.0, 0.0, 10.0, 0.0, 13.0, 0.0, 5.0, 15.0, 10.0, 0.0, 0]
B: [0.0, 36.0, 45.624091437640004, 75.68094759394, 105.20818459644, 169.0, 173.05406684701, 410.0, 427.1849823101, 477.0, 517.7387906792, 546.9085880901999, 557.2719613826999, 586.9696278903999, 588.1300019680099, 618.6098164031099]
