Avion: 4      Iteracion: 22

Num Ruta: 23
Ingresos: 96000.0
Costos: 357.464636827
Utilidad Ruta: 95642.5353632
Costo Reducido: 86.3122780358
Nodos: [104, 17, 52, 24, 59, 1, 31, 66, 11, 46, 36, 23, 18, 53, 58, 22, 57, 32, 25, 67, 60, 714]
q: [0.0, 5.0, -5.0, 14.0, -14.0, 7.0, 6.0, -6.0, 8.0, -8.0, -7.0, 10.0, 5.0, -5.0, -10.0, 10.0, -10.0, 6.0, 9.0, -6.0, -9.0, 0.0]
Q: [0.0, 5.0, 0.0, 14.0, 0.0, 7.0, 13.0, 7.0, 15.0, 7.0, 0.0, 10.0, 15.0, 10.0, 0.0, 10.0, 0.0, 6.0, 15.0, 9.0, 0.0, 0.0]
B: [0.0, 24.0, 58.8425537813, 75.400837086, 113.9137873885, 175.0, 183.89376197118, 197.19937597428, 197.678254873377, 201.732321720387, 236.048051058387, 267.0, 293.0, 316.8182362487, 326.74376782137, 342.50019181287, 364.25487795177, 422.0, 442.6664482919, 469.8986961242, 480.8837643989, 501.9245009354]
