Avion: 6      Iteracion: 34

Num Ruta: 32
Ingresos: 117600.0
Costos: 377.655430546
Utilidad Ruta: 117222.344569
Costo Reducido: 23.7352392805
Nodos: [106, 16, 51, 14, 49, 3, 38, 18, 34, 53, 69, 28, 63, 25, 19, 54, 60, 15, 50, 20, 7, 42, 55, 716]
q: [0.0, 11.0, -11.0, 8.0, -8.0, 15.0, -15.0, 3.0, 12.0, -3.0, -12.0, 8.0, -8.0, 8.0, 7.0, -7.0, -8.0, 11.0, -11.0, 10.0, 5.0, -5.0, -10.0, 0.0]
Q: [0.0, 11.0, 0.0, 8.0, 0.0, 15.0, 0.0, 3.0, 15.0, 12.0, 0.0, 8.0, 0.0, 8.0, 15.0, 8.0, 0.0, 11.0, 0.0, 10.0, 15.0, 10.0, 0.0, 0.0]
B: [0.0, 36.0, 45.624091437640004, 112.0, 124.021711775, 256.0, 261.08428175852, 293.0, 316.7154937119, 344.9475311871, 360.10016082690004, 378.0, 414.0266187839, 417.35999740026, 426.75200464046, 453.37912093195996, 470.16597736785997, 511.0, 527.4211666151, 533.55501866744, 542.2979730879999, 570.8392849008999, 583.8029694465998, 609.3198199771998]
