Avion: 6      Iteracion: 48

Num Ruta: 40
Ingresos: 88800.0
Costos: 273.347988521
Utilidad Ruta: 88526.6520115
Costo Reducido: 4.9820004442
Nodos: [106, 17, 30, 52, 65, 16, 51, 26, 61, 22, 57, 7, 15, 50, 20, 42, 55, 716]
q: [0.0, 5.0, 10.0, -5.0, -10.0, 11.0, -11.0, 13.0, -13.0, 10.0, -10.0, 5.0, 10.0, -10.0, 10.0, -5.0, -10.0, 0.0]
Q: [0.0, 5.0, 15.0, 10.0, 0.0, 11.0, 0.0, 13.0, 0.0, 10.0, 0.0, 5.0, 15.0, 5.0, 15.0, 10.0, 0.0, 0.0]
B: [0.0, 24.0, 64.0, 67.14445448369, 83.24240000479, 94.05907176649, 103.68316320413001, 300.0, 317.5792279694, 331.2134086195, 352.9680947584, 517.0, 530.7672641436, 547.1884307587, 553.3222828110399, 582.56829019664, 595.5319747423399, 621.0488252729399]
