Avion: 4      Iteracion: 14

Num Ruta: 17
Ingresos: 129600.0
Costos: 375.705476342
Utilidad Ruta: 129224.294524
Costo Reducido: 180.487839158
Nodos: [104, 17, 52, 30, 65, 16, 51, 14, 49, 3, 38, 23, 58, 26, 61, 22, 57, 32, 19, 67, 54, 5, 40, 714]
q: [0, 5.0, -5.0, 11.0, -11.0, 11.0, -11.0, 8.0, -8.0, 15.0, -15.0, 10.0, -10.0, 13.0, -13.0, 10.0, -10.0, 6.0, 7.0, -6.0, -7.0, 12.0, -12.0, 0]
Q: [0, 5.0, 0.0, 11.0, 0.0, 11.0, 0.0, 8.0, 0.0, 15.0, 0.0, 10.0, 0.0, 13.0, 0.0, 10.0, 0.0, 6.0, 13.0, 7.0, 0.0, 12.0, 0.0, 0]
B: [0.0, 24.0, 58.8425537813, 64.0, 82.7140226568, 93.53069441849999, 103.15478585614, 129.94109036054, 141.96280213554, 256.0, 261.08428175852, 267.0, 306.733842905, 326.4202156791, 343.9994436485, 357.6336242986, 379.3883104375, 422.0, 433.71491463899997, 461.3697862171, 478.4971626653, 486.34747590745997, 487.46916481264, 530.10872945624]
