Avion: 2      Iteracion: 23

Num Ruta: 24
Ingresos: 50400.0
Costos: 147.459181593
Utilidad Ruta: 50252.5408184
Costo Reducido: 57.1937029108
Nodos: [102, 14, 49, 8, 6, 41, 43, 5, 40, 2, 37, 712]
q: [0, 8.0, -8.0, 8.0, 5.0, -5.0, -8.0, 12.0, -12.0, 9.0, -9.0, 0]
Q: [0, 8.0, 0.0, 8.0, 13.0, 8.0, 0.0, 12.0, 0.0, 9.0, 0.0, 0]
B: [0.0, 112.0, 124.021711775, 414.0, 441.9144979715, 445.60678736969, 458.47278985688996, 469.0, 470.12168890518, 522.0, 562.7349620474, 565.58925740703]
