Avion: 5      Iteracion: 9

Num Ruta: 10
Ingresos: 110400.0
Costos: 521.909991518
Utilidad Ruta: 109878.090008
Costo Reducido: 59988.6513707
Nodos: [105, 17, 52, 30, 65, 14, 49, 31, 11, 66, 46, 35, 70, 34, 69, 28, 63, 8, 43, 6, 41, 2, 15, 37, 50, 715]
q: [0.0, 5.0, -5.0, 11.0, -11.0, 8.0, -8.0, 6.0, 8.0, -6.0, -8.0, 6.0, -6.0, 12.0, -12.0, 8.0, -8.0, 8.0, -8.0, 5.0, -5.0, 9.0, 6.0, -9.0, -6.0, 0.0]
Q: [0.0, 5.0, 0.0, 11.0, 0.0, 8.0, 0.0, 6.0, 14.0, 8.0, 0.0, 6.0, 0.0, 12.0, 0.0, 8.0, 0.0, 8.0, 0.0, 5.0, 0.0, 9.0, 15.0, 6.0, 0.0, 0.0]
B: [0.0, 24.0, 58.8425537813, 64.0, 82.7140226568, 112.0, 124.021711775, 151.2337789879, 169.0, 169.478878899097, 173.173257466597, 279.0, 298.9128833924, 340.34711220139997, 381.29471023839994, 390.4748937877599, 426.50151257165993, 461.0943428259599, 481.86273944195995, 491.05341107139, 494.74570046957996, 522.0, 569.4160147313, 577.7418838150701, 586.4178866389501, 598.27032946735]
