Avion: 3      Iteracion: 26

Num Ruta: 29
Ingresos: 34800.0
Costos: 109.37479628
Utilidad Ruta: 34690.6252037
Costo Reducido: 18.1280746204
Nodos: [103, 31, 66, 21, 56, 33, 68, 713]
q: [0, 6.0, -6.0, 13.0, -13.0, 10.0, -10.0, 0]
Q: [0, 6.0, 0.0, 13.0, 0.0, 10.0, 0.0, 0]
B: [0.0, 130.0, 143.3056140031, 477.0, 517.7387906792, 562.0, 585.3035112376, 598.7591057989999]
