Avion: 5      Iteracion: 41

Num Ruta: 40
Ingresos: 121200.0
Costos: 331.861659696
Utilidad Ruta: 120868.13834
Costo Reducido: 13.7135660794
Nodos: [105, 17, 30, 52, 16, 51, 65, 14, 49, 3, 38, 23, 18, 53, 58, 6, 41, 13, 48, 21, 56, 33, 68, 715]
q: [0.0, 5.0, 10.0, -5.0, 5.0, -5.0, -10.0, 8.0, -8.0, 15.0, -15.0, 10.0, 5.0, -5.0, -10.0, 5.0, -5.0, 15.0, -15.0, 13.0, -13.0, 10.0, -10.0, 0.0]
Q: [0.0, 5.0, 15.0, 10.0, 15.0, 10.0, 0.0, 8.0, 0.0, 15.0, 0.0, 10.0, 15.0, 10.0, 0.0, 5.0, 0.0, 15.0, 0.0, 13.0, 0.0, 10.0, 0.0, 0.0]
B: [0.0, 24.0, 64.0, 67.14445448369, 72.47609381883, 82.10018525647, 84.97134181786, 112.76728247476, 124.78899424976, 256.0, 261.08428175852, 267.0, 293.0, 316.8182362487, 326.74376782137, 436.0, 439.69228939819, 453.10235550539, 469.98550645539, 485.49690284639, 526.23569352559, 562.0, 585.3035112376, 608.9260985641]
