Avion: 7      Iteracion: 39

Num Ruta: 33
Ingresos: 93600.0
Costos: 279.528269613
Utilidad Ruta: 93320.4717304
Costo Reducido: 11.2184540692
Nodos: [107, 16, 51, 26, 61, 19, 32, 67, 54, 5, 40, 21, 56, 33, 68, 27, 62, 717]
q: [0, 11.0, -11.0, 13.0, -13.0, 7.0, 6.0, -6.0, -7.0, 12.0, -12.0, 13.0, -13.0, 10.0, -10.0, 6.0, -6.0, 0]
Q: [0, 11.0, 0.0, 13.0, 0.0, 7.0, 13.0, 7.0, 0.0, 12.0, 0.0, 13.0, 0.0, 10.0, 0.0, 6.0, 0.0, 0]
B: [0.0, 36.0, 45.624091437640004, 300.0, 317.5792279694, 402.0, 422.0, 449.8573558149, 466.9847322631, 474.83504550526, 475.95673441044, 504.19632479344, 544.93511547264, 562.0, 585.3035112376, 592.52226459258, 609.55312696068, 610.462294711978]
