Avion: 3      Iteracion: 69

Num Ruta: 56
Ingresos: 54000.0
Costos: 167.558611849
Utilidad Ruta: 53832.4413882
Costo Reducido: 3.75652891552
Nodos: [103, 22, 57, 18, 53, 29, 27, 64, 33, 62, 68, 713]
q: [0.0, 10.0, -10.0, 11.0, -11.0, 9.0, 6.0, -9.0, 9.0, -6.0, -9.0, 0.0]
Q: [0.0, 10.0, 0.0, 11.0, 0.0, 9.0, 15.0, 6.0, 15.0, 9.0, 0.0, 0.0]
B: [0.0, 299.0, 320.7546861389, 334.15512273630003, 357.973358985, 549.0, 574.6018082369, 582.8182362320799, 591.66972791428, 605.51689791398, 626.08369020158, 639.53928476298]
