Avion: 1      Iteracion: 3

Num Ruta: 5
Ingresos: 163200.0
Costos: 563.667350263
Utilidad Ruta: 162636.33265
Costo Reducido: 143419.451069
Nodos: [101, 24, 30, 59, 10, 65, 45, 31, 66, 23, 18, 53, 58, 26, 61, 28, 63, 25, 60, 13, 48, 6, 41, 5, 40, 4, 20, 39, 55, 33, 68, 711]
q: [0.0, 12.0, 3.0, -12.0, 12.0, -3.0, -12.0, 6.0, -6.0, 4.0, 11.0, -11.0, -4.0, 13.0, -13.0, 8.0, -8.0, 10.0, -10.0, 15.0, -15.0, 5.0, -5.0, 12.0, -12.0, 5.0, 10.0, -5.0, -10.0, 10.0, -10.0, 0.0]
Q: [0.0, 12.0, 15.0, 3.0, 15.0, 12.0, 0.0, 6.0, 0.0, 4.0, 15.0, 4.0, 0.0, 13.0, 0.0, 8.0, 0.0, 10.0, 0.0, 15.0, 0.0, 5.0, 0.0, 12.0, 0.0, 5.0, 15.0, 10.0, 0.0, 10.0, 0.0, 0.0]
B: [0.0, 61.0, 79.2569011609, 99.5250225588, 111.3109532391, 130.0040035252, 148.9048014184, 188.51295575560002, 201.81856975870002, 267.0, 293.0, 316.8182362487, 326.74376782137, 346.43014059547, 364.00936856487, 378.0, 414.0266187839, 417.35999740026, 434.54497971036, 450.54604017526, 467.42919112526, 491.65213974846, 495.34442914665, 513.73328936145, 514.85497826663, 529.0, 539.279151035, 569.6591407651, 581.5203640157, 592.3421633578, 615.6456745954, 634.4156631143001]
