Avion: 3      Iteracion: 29

Num Ruta: 31
Ingresos: 34800.0
Costos: 129.200170626
Utilidad Ruta: 34670.7998294
Costo Reducido: 21.5295090975
Nodos: [103, 16, 51, 2, 37, 29, 64, 713]
q: [0, 11.0, -11.0, 9.0, -9.0, 9.0, -9.0, 0]
Q: [0, 11.0, 0.0, 9.0, 0.0, 9.0, 0.0, 0]
B: [0.0, 36.0, 45.624091437640004, 522.0, 562.7349620474, 572.53970258451, 606.31948236471, 625.69619343751]
