Avion: 3      Iteracion: 10

Num Ruta: 14
Ingresos: 51600.0
Costos: 249.277470404
Utilidad Ruta: 51350.7225296
Costo Reducido: 33819.4921503
Nodos: [103, 17, 52, 9, 44, 32, 67, 6, 41, 33, 68, 27, 62, 713]
q: [0, 5.0, -5.0, 11.0, -11.0, 6.0, -6.0, 5.0, -5.0, 10.0, -10.0, 6.0, -6.0, 0]
Q: [0, 5.0, 0.0, 11.0, 0.0, 6.0, 0.0, 5.0, 0.0, 10.0, 0.0, 6.0, 0.0, 0]
B: [0.0, 29.0037544639, 63.84630824519999, 86.7328646485, 116.260101651, 422.0, 449.8573558149, 470.24932759300003, 473.94161699119, 562.0, 585.3035112376, 592.52226459258, 609.55312696068, 621.9961655766799]
