Avion: 3      Iteracion: 25

Num Ruta: 28
Ingresos: 40800.0
Costos: 120.065391219
Utilidad Ruta: 40679.9346088
Costo Reducido: 49.2737211197
Nodos: [103, 11, 46, 15, 50, 20, 4, 55, 39, 713]
q: [0, 8.0, -8.0, 11.0, -11.0, 10.0, 5.0, -10.0, -5.0, 0]
Q: [0, 8.0, 0.0, 11.0, 0.0, 10.0, 15.0, 5.0, 0.0, 0]
B: [0.0, 169.0, 173.05406684701, 511.0, 527.4211666151, 533.55501866744, 543.83416970244, 575.93049280964, 587.79171606024, 604.36263785114]
