Avion: 5      Iteracion: 12

Num Ruta: 12
Ingresos: 115200.0
Costos: 423.335759834
Utilidad Ruta: 114776.66424
Costo Reducido: 208.147789746
Nodos: [105, 17, 52, 14, 49, 3, 38, 23, 18, 53, 58, 26, 61, 19, 54, 6, 41, 21, 56, 27, 7, 62, 42, 715]
q: [0.0, 5.0, -5.0, 8.0, -8.0, 15.0, -15.0, 10.0, 5.0, -5.0, -10.0, 13.0, -13.0, 7.0, -7.0, 5.0, -5.0, 13.0, -13.0, 6.0, 9.0, -6.0, -9.0, 0.0]
Q: [0.0, 5.0, 0.0, 8.0, 0.0, 15.0, 0.0, 10.0, 15.0, 10.0, 0.0, 13.0, 0.0, 7.0, 0.0, 5.0, 0.0, 13.0, 0.0, 6.0, 15.0, 9.0, 0.0, 0.0]
B: [0.0, 24.0, 58.8425537813, 112.0, 124.021711775, 256.0, 261.08428175852, 267.0, 293.0, 316.8182362487, 326.74376782137, 346.43014059547, 364.00936856487, 402.0, 428.6271162915, 440.41813528899996, 444.11042468718995, 480.79167358908995, 521.53046426829, 538.0, 565.6633233723, 590.3878382715001, 594.78775883896, 620.69366341686]
