Avion: 5      Iteracion: 28

Num Ruta: 28
Ingresos: 52800.0
Costos: 182.556291204
Utilidad Ruta: 52617.4437088
Costo Reducido: 23.9085430687
Nodos: [105, 17, 52, 12, 47, 31, 11, 66, 46, 15, 50, 715]
q: [0, 5.0, -5.0, 14.0, -14.0, 6.0, 8.0, -6.0, -8.0, 11.0, -11.0, 0]
Q: [0, 5.0, 0.0, 14.0, 0.0, 6.0, 14.0, 8.0, 0.0, 11.0, 0.0, 0]
B: [0.0, 24.0, 58.8425537813, 78.5512475229, 121.8991717869, 142.8165051734, 169.0, 169.478878899097, 173.173257466597, 511.0, 527.4211666151, 539.2736094434999]
