Avion: 1      Iteracion: 38

Num Ruta: 36
Ingresos: 104400.0
Costos: 359.704956893
Utilidad Ruta: 104040.295043
Costo Reducido: 26.8983439985
Nodos: [101, 16, 51, 24, 59, 31, 11, 66, 46, 34, 69, 28, 63, 25, 19, 32, 54, 67, 60, 21, 56, 711]
q: [0.0, 11.0, -11.0, 14.0, -14.0, 6.0, 8.0, -6.0, -8.0, 12.0, -12.0, 8.0, -8.0, 2.0, 7.0, 6.0, -7.0, -6.0, -2.0, 13.0, -13.0, 0.0]
Q: [0.0, 11.0, 0.0, 14.0, 0.0, 6.0, 14.0, 8.0, 0.0, 12.0, 0.0, 8.0, 0.0, 2.0, 9.0, 15.0, 8.0, 2.0, 0.0, 13.0, 0.0, 0.0]
B: [0.0, 36.0, 45.624091437640004, 70.85029051714, 109.36324081964, 130.0, 169.0, 169.478878899097, 173.173257466597, 283.0, 323.947598037, 378.0, 414.0266187839, 417.35999740026, 426.75200464046, 438.46691927945994, 458.03938997175993, 475.1667664199599, 486.1518346946599, 494.3205481796599, 535.0593388588599, 554.8392883026598]
