Avion: 7      Iteracion: 36

Num Ruta: 31
Ingresos: 13200.0
Costos: 30.9203115038
Utilidad Ruta: 13169.0796885
Costo Reducido: 1.97961095375
Nodos: [107, 16, 51, 717]
q: [0, 11.0, -11.0, 0]
Q: [0, 11.0, 0.0, 0]
B: [0.0, 36.0, 45.624091437640004, 49.3272387477]
