Avion: 5      Iteracion: 5

Num Ruta: 7
Ingresos: 134400.0
Costos: 500.54860825
Utilidad Ruta: 133899.451392
Costo Reducido: 98319.5113766
Nodos: [105, 17, 52, 30, 65, 16, 51, 31, 66, 14, 49, 3, 38, 35, 70, 22, 57, 19, 54, 6, 41, 21, 56, 27, 4, 7, 62, 39, 42, 715]
q: [0.0, 5.0, -5.0, 11.0, -11.0, 11.0, -11.0, 6.0, -6.0, 8.0, -8.0, 15.0, -15.0, 6.0, -6.0, 10.0, -10.0, 7.0, -7.0, 5.0, -5.0, 13.0, -13.0, 6.0, 5.0, 4.0, -6.0, -5.0, -4.0, 0.0]
Q: [0.0, 5.0, 0.0, 11.0, 0.0, 11.0, 0.0, 6.0, 0.0, 8.0, 0.0, 15.0, 0.0, 6.0, 0.0, 10.0, 0.0, 7.0, 0.0, 5.0, 0.0, 13.0, 0.0, 6.0, 11.0, 15.0, 9.0, 4.0, 0.0, 0.0]
B: [0.0, 24.0, 58.8425537813, 64.0, 82.7140226568, 93.53069441849999, 103.15478585614, 130.0, 143.3056140031, 160.3516205736, 172.3733323486, 256.0, 261.08428175852, 304.88260501412, 324.79548840651995, 339.90974303581993, 361.66442917471994, 402.0, 428.6271162915, 440.41813528899996, 444.11042468718995, 480.79167358908995, 521.53046426829, 538.0, 555.6147745373, 565.9781478298, 590.702662729, 596.11792126392, 597.27829534153, 623.18419991943]
