Avion: 3      Iteracion: 30

Num Ruta: 32
Ingresos: 31200.0
Costos: 99.835843758
Utilidad Ruta: 31100.1641562
Costo Reducido: 14.5208756183
Nodos: [103, 15, 50, 7, 4, 42, 39, 713]
q: [0, 11.0, -11.0, 10.0, 5.0, -10.0, -5.0, 0]
Q: [0, 11.0, 0.0, 10.0, 15.0, 5.0, 0.0, 0]
B: [0.0, 511.0, 527.4211666151, 538.3259061809999, 548.6892794734999, 567.9616404602, 569.12201453781, 585.69293632871]
