Avion: 7      Iteracion: 12

Num Ruta: 14
Ingresos: 110400.0
Costos: 479.339099615
Utilidad Ruta: 109920.6609
Costo Reducido: 170.633130667
Nodos: [107, 24, 59, 1, 11, 46, 36, 34, 69, 26, 61, 28, 63, 19, 8, 54, 43, 21, 27, 62, 56, 717]
q: [0.0, 14.0, -14.0, 7.0, 8.0, -8.0, -7.0, 12.0, -12.0, 13.0, -13.0, 8.0, -8.0, 7.0, 8.0, -7.0, -8.0, 9.0, 6.0, -6.0, -9.0, 0.0]
Q: [0.0, 14.0, 0.0, 7.0, 15.0, 7.0, 0.0, 12.0, 0.0, 13.0, 0.0, 8.0, 0.0, 7.0, 15.0, 8.0, 0.0, 9.0, 15.0, 9.0, 0.0, 0.0]
B: [0.0, 61.0, 99.5129503025, 175.0, 193.6808285951, 197.73489544211, 232.05062478011, 283.0, 323.947598037, 358.0226741044, 375.6019020738, 386.0098191084, 422.0364378923, 434.572231166, 457.7331127123, 475.6900721431, 478.61819133465997, 503.58236304135994, 538.0, 555.0308623681, 575.9976515833999, 597.7681833178]
