Avion: 3      Iteracion: 8

Num Ruta: 12
Ingresos: 112800.0
Costos: 482.930824821
Utilidad Ruta: 112317.069175
Costo Reducido: 54326.9500535
Nodos: [103, 17, 52, 16, 51, 12, 47, 35, 70, 18, 53, 19, 8, 54, 43, 32, 67, 15, 50, 20, 4, 55, 39, 713]
q: [0, 5.0, -5.0, 11.0, -11.0, 14.0, -14.0, 6.0, -6.0, 11.0, -11.0, 7.0, 8.0, -7.0, -8.0, 6.0, -6.0, 11.0, -11.0, 10.0, 5.0, -10.0, -5.0, 0]
Q: [0, 5.0, 0.0, 11.0, 0.0, 14.0, 0.0, 6.0, 0.0, 11.0, 0.0, 7.0, 15.0, 8.0, 0.0, 6.0, 0.0, 11.0, 0.0, 10.0, 15.0, 5.0, 0.0, 0]
B: [0.0, 29.0037544639, 63.84630824519999, 69.17794758033999, 78.80203901798, 112.75594190118, 156.10386616518, 279.0, 298.9128833924, 321.80373678409995, 345.62197303279993, 402.0, 425.1608815463, 443.1178409771, 446.04596016866, 468.42569486326, 496.28305067816, 519.57849023186, 535.99965684696, 542.1335088993, 552.4126599343, 584.5089830415, 596.3702062921, 612.941128083]
