Avion: 1      Iteracion: 12

Num Ruta: 13
Ingresos: 28800.0
Costos: 105.184033395
Utilidad Ruta: 28694.8159666
Costo Reducido: 144.468028524
Nodos: [101, 26, 61, 6, 41, 27, 62, 711]
q: [0, 13.0, -13.0, 5.0, -5.0, 6.0, -6.0, 0]
Q: [0, 13.0, 0.0, 5.0, 0.0, 6.0, 0.0, 0]
B: [0.0, 300.0, 317.5792279694, 436.0, 439.69228939819, 538.0, 555.0308623681, 589.5662651021]
