Avion: 2      Iteracion: 17

Num Ruta: 18
Ingresos: 48000.0
Costos: 213.77725542
Utilidad Ruta: 47786.2227446
Costo Reducido: 82.8922531811
Nodos: [102, 24, 59, 1, 36, 23, 58, 29, 64, 712]
q: [0, 14.0, -14.0, 7.0, -7.0, 10.0, -10.0, 9.0, -9.0, 0]
Q: [0, 14.0, 0.0, 7.0, 0.0, 10.0, 0.0, 9.0, 0.0, 0]
B: [0.0, 61.0, 99.5129503025, 175.0, 209.2400855285, 267.0, 306.733842905, 549.0, 582.7797797802, 614.6159456455]
