Avion: 7      Iteracion: 59

Num Ruta: 39
Ingresos: 43200.0
Costos: 149.829143207
Utilidad Ruta: 43050.1708568
Costo Reducido: 5.40649961049
Nodos: [107, 9, 44, 12, 47, 6, 41, 27, 62, 717]
q: [0, 11.0, -11.0, 14.0, -14.0, 5.0, -5.0, 6.0, -6.0, 0]
Q: [0, 11.0, 0.0, 14.0, 0.0, 5.0, 0.0, 6.0, 0.0, 0]
B: [0.0, 32.6028927091, 62.1301297116, 72.9171664687, 116.2650907327, 436.0, 439.69228939819, 538.0, 555.0308623681, 555.940030119398]
