Avion: 2      Iteracion: 25

Num Ruta: 26
Ingresos: 132000.0
Costos: 368.51334048
Utilidad Ruta: 131631.48666
Costo Reducido: 89.7227142895
Nodos: [102, 9, 44, 30, 16, 51, 65, 24, 59, 31, 11, 66, 46, 19, 8, 54, 43, 13, 48, 15, 50, 20, 4, 39, 55, 712]
q: [0.0, 11.0, -11.0, 11.0, 4.0, -4.0, -11.0, 14.0, -14.0, 6.0, 8.0, -6.0, -8.0, 7.0, 8.0, -7.0, -8.0, 15.0, -15.0, 11.0, -11.0, 10.0, 5.0, -5.0, -10.0, 0.0]
Q: [0.0, 11.0, 0.0, 11.0, 15.0, 11.0, 0.0, 14.0, 0.0, 6.0, 14.0, 8.0, 0.0, 7.0, 15.0, 8.0, 0.0, 15.0, 0.0, 11.0, 0.0, 10.0, 15.0, 10.0, 0.0, 0.0]
B: [0.0, 28.0, 57.5272370025, 73.3151373379, 81.51772863578, 91.14182007342, 94.01297663481, 118.74694752511, 157.25989782761002, 168.54425558511002, 181.72698477901002, 182.20586367810702, 185.90024224560702, 402.0, 425.1608815463, 443.1178409771, 446.04596016866, 448.25663630956996, 465.13978725956997, 511.0, 527.4211666151, 533.55501866744, 543.83416970244, 564.25991938264, 576.12114263324, 619.51944763474]
