Avion: 6      Iteracion: 0

Num Ruta: 2
Ingresos: 176400.0
Costos: 587.921707715
Utilidad Ruta: 175812.078292
Costo Reducido: -
Nodos: [106, 17, 52, 16, 51, 24, 59, 10, 45, 1, 36, 3, 38, 23, 18, 53, 58, 26, 61, 13, 48, 5, 40, 21, 56, 27, 62, 2, 37, 716]
q: [0.0, 5.0, -5.0, 11.0, -11.0, 14.0, -14.0, 12.0, -12.0, 7.0, -7.0, 15.0, -15.0, 4.0, 11.0, -11.0, -4.0, 13.0, -13.0, 15.0, -15.0, 12.0, -12.0, 13.0, -13.0, 6.0, -6.0, 9.0, -9.0, 0.0]
Q: [0.0, 5.0, 0.0, 11.0, 0.0, 14.0, 0.0, 12.0, 0.0, 7.0, 0.0, 15.0, 0.0, 4.0, 15.0, 4.0, 0.0, 13.0, 0.0, 15.0, 0.0, 12.0, 0.0, 13.0, 0.0, 6.0, 0.0, 9.0, 0.0, 0.0]
B: [0.0, 24.0, 58.8425537813, 64.17419311644, 73.79828455408, 99.02448363357999, 137.53743393608, 149.32336461638, 178.84287535078, 217.26221652158, 251.50230205008, 258.59885395928, 263.6831357178, 267.0456230412, 293.0, 316.8182362487, 326.74376782137, 346.43014059547, 364.00936856487, 423.0, 439.88315095, 469.0, 470.12168890518, 498.36127928818, 539.10006996738, 552.27751816498, 569.30838053308, 580.76045362048, 621.49541566788, 658.48261258788]
