Avion: 6      Iteracion: 51

Num Ruta: 43
Ingresos: 84000.0
Costos: 251.578767633
Utilidad Ruta: 83748.4212324
Costo Reducido: 10.9222603963
Nodos: [106, 17, 30, 52, 16, 65, 51, 26, 61, 18, 53, 15, 50, 7, 4, 39, 42, 716]
q: [0.0, 5.0, 10.0, -5.0, 5.0, -10.0, -5.0, 13.0, -13.0, 11.0, -11.0, 11.0, -11.0, 10.0, 5.0, -5.0, -10.0, 0.0]
Q: [0.0, 5.0, 15.0, 10.0, 15.0, 5.0, 0.0, 13.0, 0.0, 11.0, 0.0, 11.0, 0.0, 10.0, 15.0, 10.0, 0.0, 0.0]
B: [0.0, 24.0, 64.0, 67.14445448369, 72.47609381883, 83.29276558052999, 86.16392214191998, 300.0, 317.5792279694, 340.8578987218, 364.67613497049996, 511.0, 527.4211666151, 538.3259061809999, 548.6892794734999, 569.1150291536999, 570.2754032313098, 591.5129409888099]
