Avion: 2      Iteracion: 34

Num Ruta: 34
Ingresos: 92400.0
Costos: 322.842812728
Utilidad Ruta: 92077.1571873
Costo Reducido: 3.45240915906
Nodos: [102, 24, 59, 31, 11, 66, 46, 34, 69, 6, 41, 8, 43, 20, 7, 42, 55, 2, 37, 712]
q: [0.0, 14.0, -14.0, 6.0, 8.0, -6.0, -8.0, 12.0, -12.0, 5.0, -5.0, 8.0, -8.0, 10.0, 5.0, -5.0, -10.0, 9.0, -9.0, 0.0]
Q: [0.0, 14.0, 0.0, 6.0, 14.0, 8.0, 0.0, 12.0, 0.0, 5.0, 0.0, 8.0, 0.0, 10.0, 15.0, 10.0, 0.0, 9.0, 0.0, 0.0]
B: [0.0, 61.0, 99.5129503025, 130.0, 169.0, 169.478878899097, 173.173257466597, 283.0, 323.947598037, 436.0, 439.69228939819, 470.96534786709, 491.73374448309, 512.08438172129, 520.82733614185, 549.3686479547499, 562.3323325004499, 569.6626297659099, 610.3975918133099, 613.2518871729399]
