Avion: 5      Iteracion: 42

Num Ruta: 41
Ingresos: 93600.0
Costos: 292.30647421
Utilidad Ruta: 93307.6935258
Costo Reducido: 14.411527573
Nodos: [105, 17, 30, 52, 16, 51, 65, 14, 49, 23, 18, 53, 58, 6, 41, 13, 48, 29, 27, 64, 62, 715]
q: [0.0, 5.0, 10.0, -5.0, 5.0, -5.0, -10.0, 8.0, -8.0, 4.0, 11.0, -11.0, -4.0, 5.0, -5.0, 15.0, -15.0, 9.0, 6.0, -9.0, -6.0, 0.0]
Q: [0.0, 5.0, 15.0, 10.0, 15.0, 10.0, 0.0, 8.0, 0.0, 4.0, 15.0, 4.0, 0.0, 5.0, 0.0, 15.0, 0.0, 9.0, 15.0, 6.0, 0.0, 0.0]
B: [0.0, 24.0, 64.0, 67.14445448369, 72.47609381883, 82.10018525647, 84.97134181786, 112.76728247476, 124.78899424976, 267.0, 293.0, 316.8182362487, 326.74376782137, 436.0, 439.69228939819, 453.10235550539, 469.98550645539, 549.0, 574.6018082369, 582.8182362320799, 598.26561380888, 620.1471403780799]
