Avion: 6      Iteracion: 10

Num Ruta: 12
Ingresos: 162000.0
Costos: 585.368209906
Utilidad Ruta: 161414.63179
Costo Reducido: 43444.4394135
Nodos: [106, 17, 52, 30, 65, 16, 51, 10, 45, 3, 38, 23, 34, 58, 69, 25, 19, 60, 32, 54, 13, 67, 48, 15, 50, 29, 27, 64, 62, 33, 68, 716]
q: [0.0, 5.0, -5.0, 11.0, -11.0, 11.0, -11.0, 12.0, -12.0, 15.0, -15.0, 3.0, 12.0, -3.0, -12.0, 10.0, 5.0, -10.0, 6.0, -5.0, 9.0, -6.0, -9.0, 11.0, -11.0, 9.0, 6.0, -9.0, -6.0, 10.0, -10.0, 0.0]
Q: [0.0, 5.0, 0.0, 11.0, 0.0, 11.0, 0.0, 12.0, 0.0, 15.0, 0.0, 3.0, 15.0, 12.0, 0.0, 10.0, 15.0, 5.0, 11.0, 6.0, 15.0, 9.0, 0.0, 11.0, 0.0, 9.0, 15.0, 6.0, 0.0, 10.0, 0.0, 0.0]
B: [0.0, 24.0, 58.8425537813, 64.0, 82.7140226568, 93.53069441849999, 103.15478585614, 118.98406306644, 148.50357380084, 256.0, 261.08428175852, 267.0, 308.6968644505, 345.192375421, 361.7120311075, 410.0, 419.3920072402, 436.06489892099995, 454.60982836279993, 474.1822990550999, 478.40991836151994, 492.25209813931997, 496.32304851976, 516.28007427516, 532.70124089026, 549.0, 574.6018082369, 582.8182362320799, 598.26561380888, 612.1127838085799, 635.4162950461799, 671.4697915478799]
