Avion: 3      Iteracion: 3

Num Ruta: 7
Ingresos: 99600.0
Costos: 311.501805808
Utilidad Ruta: 99288.4981942
Costo Reducido: 75877.4313418
Nodos: [103, 12, 47, 10, 45, 26, 61, 13, 48, 25, 60, 20, 55, 2, 37, 713]
q: [0, 14.0, -14.0, 12.0, -12.0, 13.0, -13.0, 15.0, -15.0, 10.0, -10.0, 10.0, -10.0, 9.0, -9.0, 0]
Q: [0, 14.0, 0.0, 12.0, 0.0, 13.0, 0.0, 15.0, 0.0, 10.0, 0.0, 10.0, 0.0, 9.0, 0.0, 0]
B: [0.0, 54.0, 97.347924264, 106.06569462115, 135.58520535555, 300.0, 317.5792279694, 423.0, 439.88315095, 463.8957169312, 481.0806992413, 496.0, 538.1771424471, 545.50743971256, 586.24240175996, 603.14042759136]
