Avion: 4      Iteracion: 32

Num Ruta: 30
Ingresos: 75600.0
Costos: 296.866897217
Utilidad Ruta: 75303.1331028
Costo Reducido: 10.8350619534
Nodos: [104, 12, 47, 30, 65, 14, 49, 3, 38, 18, 34, 53, 69, 714]
q: [0.0, 14.0, -14.0, 11.0, -11.0, 8.0, -8.0, 15.0, -15.0, 3.0, 12.0, -3.0, -12.0, 0.0]
Q: [0.0, 14.0, 0.0, 11.0, 0.0, 8.0, 0.0, 15.0, 0.0, 3.0, 15.0, 12.0, 0.0, 0.0]
B: [0.0, 54.0, 97.347924264, 122.72227077779999, 141.4362934346, 169.2322340915, 181.2539458665, 256.0, 261.08428175852, 293.0, 316.7154937119, 344.9475311871, 360.10016082690004, 400.06561682330005]
