Avion: 5      Iteracion: 8

Num Ruta: 9
Ingresos: 127200.0
Costos: 498.303052733
Utilidad Ruta: 126701.696947
Costo Reducido: 59086.7041213
Nodos: [105, 17, 52, 16, 51, 24, 59, 10, 45, 35, 70, 18, 53, 19, 54, 8, 32, 43, 67, 15, 7, 50, 20, 4, 42, 39, 55, 715]
q: [0.0, 5.0, -5.0, 11.0, -11.0, 14.0, -14.0, 12.0, -12.0, 6.0, -6.0, 11.0, -11.0, 7.0, -7.0, 8.0, 6.0, -8.0, -6.0, 11.0, 0.0, -11.0, 10.0, 5.0, 0.0, -5.0, -10.0, 0.0]
Q: [0.0, 5.0, 0.0, 11.0, 0.0, 14.0, 0.0, 12.0, 0.0, 6.0, 0.0, 11.0, 0.0, 7.0, 0.0, 8.0, 14.0, 6.0, 0.0, 11.0, 11.0, 0.0, 10.0, 15.0, 15.0, 10.0, 0.0, 0.0]
B: [0.0, 24.0, 58.8425537813, 64.17419311644, 73.79828455408, 99.02448363357999, 137.53743393608, 149.32336461638, 178.84287535078, 279.0, 298.9128833924, 321.80373678409995, 345.62197303279993, 402.0, 428.6271162915, 446.5840757223, 458.0309738611, 480.4107085557, 496.45980728430004, 519.7552468380001, 533.5225109816, 544.4272505475, 550.56110259984, 560.84025363484, 580.11261462154, 581.27298869915, 593.13421194975, 630.97966067215]
