Avion: 2      Iteracion: 19

Num Ruta: 20
Ingresos: 106800.0
Costos: 407.818212475
Utilidad Ruta: 106392.181788
Costo Reducido: 91.0681313489
Nodos: [102, 24, 59, 1, 36, 23, 18, 53, 58, 22, 57, 19, 8, 54, 43, 21, 56, 27, 4, 7, 62, 42, 39, 712]
q: [0.0, 14.0, -14.0, 7.0, -7.0, 4.0, 11.0, -11.0, -4.0, 10.0, -10.0, 7.0, 8.0, -7.0, -8.0, 13.0, -13.0, 5.0, 0.0, 10.0, -5.0, -10.0, 0.0, 0.0]
Q: [0.0, 14.0, 0.0, 7.0, 0.0, 4.0, 15.0, 4.0, 0.0, 10.0, 0.0, 7.0, 15.0, 8.0, 0.0, 13.0, 0.0, 5.0, 5.0, 15.0, 10.0, 0.0, 0.0, 0.0]
B: [0.0, 61.0, 99.5129503025, 175.0, 209.2400855285, 267.0, 293.0, 316.8182362487, 326.74376782137, 342.50019181287, 364.25487795177, 402.0, 425.1608815463, 443.1178409771, 446.04596016866, 477.0, 517.7387906792, 538.0, 555.6147745373, 565.9781478298, 590.702662729, 595.10258329646, 596.26295737407, 627.88011885327]
