Avion: 3      Iteracion: 68

Num Ruta: 55
Ingresos: 97200.0
Costos: 225.949891202
Utilidad Ruta: 96974.0501088
Costo Reducido: 1.78565153848
Nodos: [103, 30, 65, 16, 51, 10, 45, 35, 26, 70, 61, 6, 41, 5, 40, 7, 4, 42, 39, 713]
q: [0.0, 11.0, -11.0, 11.0, -11.0, 12.0, -12.0, 6.0, 9.0, -6.0, -9.0, 5.0, -5.0, 12.0, -12.0, 10.0, 5.0, -10.0, -5.0, 0.0]
Q: [0.0, 11.0, 0.0, 11.0, 0.0, 12.0, 0.0, 6.0, 15.0, 9.0, 0.0, 5.0, 0.0, 12.0, 0.0, 10.0, 15.0, 5.0, 0.0, 0.0]
B: [0.0, 64.0, 82.7140226568, 93.53069441849999, 103.15478585614, 118.98406306644, 148.50357380084, 279.0, 300.0, 309.29300538039, 319.11482114938, 436.0, 439.69228939819, 469.0, 470.12168890518, 517.0, 529.0, 548.2723609867, 549.43273506431, 566.00365685521]
