Avion: 1      Iteracion: 41

Num Ruta: 39
Ingresos: 32400.0
Costos: 150.99170432
Utilidad Ruta: 32249.0082957
Costo Reducido: 8.60521246273
Nodos: [101, 24, 59, 21, 56, 711]
q: [0, 14.0, -14.0, 13.0, -13.0, 0]
Q: [0, 14.0, 0.0, 13.0, 0.0, 0]
B: [0.0, 61.0, 99.5129503025, 477.0, 517.7387906792, 537.5187401229999]
