Avion: 4      Iteracion: 3

Num Ruta: 7
Ingresos: 76800.0
Costos: 258.703375125
Utilidad Ruta: 76541.2966249
Costo Reducido: 57302.9912726
Nodos: [104, 9, 44, 12, 47, 26, 61, 18, 53, 13, 48, 714]
q: [0, 11.0, -11.0, 14.0, -14.0, 13.0, -13.0, 11.0, -11.0, 15.0, -15.0, 0]
Q: [0, 11.0, 0.0, 14.0, 0.0, 13.0, 0.0, 11.0, 0.0, 15.0, 0.0, 0]
B: [0.0, 43.2032553519, 72.7304923544, 83.5175291115, 126.8654533755, 300.0, 317.5792279694, 340.8578987218, 364.67613497049996, 423.0, 439.88315095, 464.0059163802]
