Avion: 4      Iteracion: 21

Num Ruta: 22
Ingresos: 99600.0
Costos: 313.092194531
Utilidad Ruta: 99286.9078055
Costo Reducido: 59.0215532611
Nodos: [104, 16, 51, 26, 61, 22, 57, 32, 8, 43, 13, 67, 48, 15, 50, 20, 7, 4, 42, 39, 55, 714]
q: [0.0, 11.0, -11.0, 13.0, -13.0, 10.0, -10.0, 6.0, 8.0, -8.0, 9.0, -6.0, -9.0, 11.0, -11.0, 10.0, 5.0, 0.0, -5.0, 0.0, -10.0, 0.0]
Q: [0.0, 11.0, 0.0, 13.0, 0.0, 10.0, 0.0, 6.0, 14.0, 6.0, 15.0, 9.0, 0.0, 11.0, 0.0, 10.0, 15.0, 15.0, 10.0, 10.0, 0.0, 0.0]
B: [0.0, 36.0, 45.624091437640004, 300.0, 317.5792279694, 331.2134086195, 352.9680947584, 422.0, 433.4468981388, 454.2152947548, 456.42597089571, 470.26815067351004, 474.33910105395006, 511.0, 527.4211666151, 533.55501866744, 542.2979730879999, 552.6613463804999, 571.9337073672, 573.09408144481, 584.95530469541, 646.1748784443099]
