Avion: 1      Iteracion: 55

Num Ruta: 44
Ingresos: 46800.0
Costos: 197.028156111
Utilidad Ruta: 46602.9718439
Costo Reducido: 2.83042532557
Nodos: [101, 9, 44, 19, 8, 54, 43, 21, 56, 711]
q: [0, 11.0, -11.0, 7.0, 8.0, -7.0, -8.0, 13.0, -13.0, 0]
Q: [0, 11.0, 0.0, 7.0, 15.0, 8.0, 0.0, 13.0, 0.0, 0]
B: [0.0, 35.5033292242, 65.0305662267, 402.0, 425.1608815463, 443.1178409771, 446.04596016866, 477.0, 517.7387906792, 537.5187401229999]
