Avion: 1      Iteracion: 56

Num Ruta: 45
Ingresos: 68400.0
Costos: 276.2137991
Utilidad Ruta: 68123.7862009
Costo Reducido: 7.95292498762
Nodos: [101, 24, 59, 34, 69, 28, 63, 25, 60, 21, 56, 711]
q: [0, 14.0, -14.0, 12.0, -12.0, 8.0, -8.0, 10.0, -10.0, 13.0, -13.0, 0]
Q: [0, 14.0, 0.0, 12.0, 0.0, 8.0, 0.0, 10.0, 0.0, 13.0, 0.0, 0]
B: [0.0, 61.0, 99.5129503025, 283.0, 323.947598037, 378.0, 414.0266187839, 417.35999740026, 434.54497971036, 477.0, 517.7387906792, 537.5187401229999]
