Avion: 3      Iteracion: 0

Num Ruta: 3
Ingresos: 196800.0
Costos: 611.580473491
Utilidad Ruta: 196188.419527
Costo Reducido: -
Nodos: [103, 16, 51, 24, 59, 10, 45, 1, 11, 46, 36, 3, 38, 23, 18, 53, 58, 26, 61, 19, 54, 13, 48, 5, 40, 15, 50, 4, 39, 33, 68, 29, 64, 713]
q: [0.0, 11.0, -11.0, 14.0, -14.0, 12.0, -12.0, 7.0, 8.0, -8.0, -7.0, 15.0, -15.0, 4.0, 11.0, -11.0, -4.0, 13.0, -13.0, 7.0, -7.0, 15.0, -15.0, 12.0, -12.0, 11.0, -11.0, 5.0, -5.0, 10.0, -10.0, 9.0, -9.0, 0.0]
Q: [0.0, 11.0, 0.0, 14.0, 0.0, 12.0, 0.0, 7.0, 15.0, 7.0, 0.0, 15.0, 0.0, 4.0, 15.0, 4.0, 0.0, 13.0, 0.0, 7.0, 0.0, 15.0, 0.0, 12.0, 0.0, 11.0, 0.0, 5.0, 0.0, 10.0, 0.0, 9.0, 0.0, 0.0]
B: [0.0, 36.0, 45.624091437640004, 70.85029051714, 109.36324081964, 121.14917149994, 150.66868223434, 189.08802340514, 207.76885200024, 211.82291884725, 246.13864818525002, 256.0, 261.08428175852, 267.0, 293.0, 316.8182362487, 326.74376782137, 346.43014059547, 364.00936856487, 402.0, 428.6271162915, 432.85473559792, 449.73788654792, 477.00216964872004, 478.12385855390005, 511.5260530327, 527.9472196478, 533.52189892109, 553.94764860129, 562.51911405359, 585.82262529119, 604.20594449639, 637.98572427659, 657.36243534939]
