Avion: 4      Iteracion: 7

Num Ruta: 11
Ingresos: 36000.0
Costos: 167.494556944
Utilidad Ruta: 35832.5054431
Costo Reducido: 24139.8826209
Nodos: [104, 22, 57, 20, 55, 33, 68, 714]
q: [0, 10.0, -10.0, 10.0, -10.0, 10.0, -10.0, 0]
Q: [0, 10.0, 0.0, 10.0, 0.0, 10.0, 0.0, 0]
B: [0.0, 299.0, 320.7546861389, 496.0, 538.1771424471, 562.0, 585.3035112376, 618.4436307455]
