Avion: 7      Iteracion: 34

Num Ruta: 29
Ingresos: 80400.0
Costos: 248.839141748
Utilidad Ruta: 80151.1608583
Costo Reducido: 12.2508053973
Nodos: [107, 16, 51, 24, 59, 1, 36, 3, 38, 18, 53, 29, 64, 717]
q: [0, 11.0, -11.0, 14.0, -14.0, 7.0, -7.0, 15.0, -15.0, 11.0, -11.0, 9.0, -9.0, 0]
Q: [0, 11.0, 0.0, 14.0, 0.0, 7.0, 0.0, 15.0, 0.0, 11.0, 0.0, 9.0, 0.0, 0]
B: [0.0, 36.0, 45.624091437640004, 70.85029051714, 109.36324081964, 175.0, 209.2400855285, 256.0, 261.08428175852, 293.0, 316.8182362487, 549.0, 582.7797797802, 599.0926022215]
