Avion: 3      Iteracion: 34

Num Ruta: 34
Ingresos: 40800.0
Costos: 150.805220365
Utilidad Ruta: 40649.1947796
Costo Reducido: 6.60675231498
Nodos: [103, 16, 51, 24, 59, 29, 64, 713]
q: [0, 11.0, -11.0, 14.0, -14.0, 9.0, -9.0, 0]
Q: [0, 11.0, 0.0, 14.0, 0.0, 9.0, 0.0, 0]
B: [0.0, 36.0, 45.624091437640004, 70.85029051714, 109.36324081964, 549.0, 582.7797797802, 602.156490853]
