Avion: 6      Iteracion: 15

Num Ruta: 16
Ingresos: 60000.0
Costos: 236.678903169
Utilidad Ruta: 59763.3210968
Costo Reducido: 185.255845319
Nodos: [106, 30, 65, 8, 43, 5, 40, 7, 42, 29, 64, 716]
q: [0, 11.0, -11.0, 8.0, -8.0, 12.0, -12.0, 10.0, -10.0, 9.0, -9.0, 0]
Q: [0, 11.0, 0.0, 8.0, 0.0, 12.0, 0.0, 10.0, 0.0, 9.0, 0.0, 0]
B: [0.0, 64.0, 82.7140226568, 414.0, 434.768396616, 469.0, 470.12168890518, 517.0, 545.5413118129, 582.3531320477, 616.1329118279, 649.4301180921]
