Avion: 2      Iteracion: 0

Num Ruta: 4
Ingresos: 0
Costos: 25.0518701298
Utilidad Ruta: -25.0518701298
Costo Reducido: -
Nodos: [102, 712]
q: [0, 0]
Q: [0, 0]
B: [0, 0]
