Avion: 5      Iteracion: 1

Num Ruta: 4
Ingresos: 135600.0
Costos: 603.014923516
Utilidad Ruta: 134996.985076
Costo Reducido: 129637.03744
Nodos: [105, 24, 51, 16, 59, 10, 45, 1, 36, 35, 70, 34, 69, 28, 63, 25, 19, 54, 60, 21, 56, 27, 7, 42, 62, 715]
q: [0.0, 14.0, -11.0, 11.0, -14.0, 12.0, -12.0, 7.0, -7.0, 6.0, -6.0, 12.0, -12.0, 8.0, -8.0, 10.0, 5.0, -5.0, -10.0, 13.0, -13.0, 5.0, 10.0, -10.0, -5.0, 0.0]
Q: [0.0, 14.0, 3.0, 14.0, 0.0, 12.0, 0.0, 7.0, 0.0, 6.0, 0.0, 12.0, 0.0, 8.0, 0.0, 10.0, 15.0, 10.0, 0.0, 13.0, 0.0, 5.0, 15.0, 5.0, 0.0, 0.0]
B: [0.0, 61.0, 86.22619907949999, 95.85029051714, 120.25777979813999, 132.04371047844, 161.56322121284, 199.98256238364002, 234.22264791214002, 279.0, 298.9128833924, 340.34711220139997, 381.29471023839994, 390.4748937877599, 426.50151257165993, 429.8348911880199, 439.2268984282199, 465.8540147197199, 482.6408711556199, 490.8095846406199, 531.5483753198199, 544.7258235174199, 572.38914688972, 600.93045870262, 605.3303792700799, 627.2119058392799]
