Avion: 5      Iteracion: 22

Num Ruta: 22
Ingresos: 87600.0
Costos: 309.073988098
Utilidad Ruta: 87290.9260119
Costo Reducido: 63.2221659758
Nodos: [105, 17, 52, 12, 47, 31, 11, 66, 46, 34, 69, 6, 41, 5, 40, 15, 50, 715]
q: [0, 5.0, -5.0, 14.0, -14.0, 6.0, 8.0, -6.0, -8.0, 12.0, -12.0, 5.0, -5.0, 12.0, -12.0, 11.0, -11.0, 0]
Q: [0, 5.0, 0.0, 14.0, 0.0, 6.0, 14.0, 8.0, 0.0, 12.0, 0.0, 5.0, 0.0, 12.0, 0.0, 11.0, 0.0, 0]
B: [0.0, 24.0, 58.8425537813, 78.5512475229, 121.8991717869, 142.8165051734, 169.0, 169.478878899097, 173.173257466597, 283.0, 323.947598037, 436.0, 439.69228939819, 469.0, 470.12168890518, 511.0, 527.4211666151, 539.2736094434999]
