Avion: 7      Iteracion: 2

Num Ruta: 6
Ingresos: 61200.0
Costos: 296.763028418
Utilidad Ruta: 60903.2369716
Costo Reducido: 41488.5259482
Nodos: [107, 12, 47, 34, 69, 5, 40, 21, 56, 717]
q: [0, 14.0, -14.0, 12.0, -12.0, 12.0, -12.0, 13.0, -13.0, 0]
Q: [0, 14.0, 0.0, 12.0, 0.0, 12.0, 0.0, 13.0, 0.0, 0]
B: [0.0, 54.0, 97.347924264, 283.0, 323.947598037, 469.0, 470.12168890518, 498.36127928818, 539.10006996738, 560.8706017017801]
