Avion: 6      Iteracion: 53

Num Ruta: 44
Ingresos: 76800.0
Costos: 244.3185966
Utilidad Ruta: 76555.6814034
Costo Reducido: 15.2757930595
Nodos: [106, 30, 16, 65, 51, 14, 49, 23, 18, 58, 53, 15, 50, 7, 4, 39, 42, 716]
q: [0.0, 11.0, 4.0, -11.0, -4.0, 8.0, -8.0, 10.0, 5.0, -10.0, -5.0, 11.0, -11.0, 10.0, 5.0, -5.0, -10.0, 0.0]
Q: [0.0, 11.0, 15.0, 4.0, 0.0, 8.0, 0.0, 10.0, 15.0, 5.0, 0.0, 11.0, 0.0, 10.0, 15.0, 10.0, 0.0, 0.0]
B: [0.0, 64.0, 72.20259129788, 83.01926305958, 85.89041962097, 112.67672412536999, 124.69843590036999, 267.0, 293.0, 318.4393114097, 328.36484298237, 511.0, 527.4211666151, 538.3259061809999, 548.6892794734999, 569.1150291536999, 570.2754032313098, 591.5129409888099]
