Avion: 6      Iteracion: 59

Num Ruta: 47
Ingresos: 105600.0
Costos: 327.289659731
Utilidad Ruta: 105272.71034
Costo Reducido: 5.81250419749
Nodos: [106, 17, 30, 52, 16, 51, 65, 24, 59, 1, 36, 3, 38, 8, 32, 43, 13, 67, 48, 29, 64, 716]
q: [0.0, 5.0, 10.0, -5.0, 5.0, -5.0, -10.0, 14.0, -14.0, 7.0, -7.0, 15.0, -15.0, 8.0, 6.0, -8.0, 9.0, -6.0, -9.0, 9.0, -9.0, 0.0]
Q: [0.0, 5.0, 15.0, 10.0, 15.0, 10.0, 0.0, 14.0, 0.0, 7.0, 0.0, 15.0, 0.0, 8.0, 14.0, 6.0, 15.0, 9.0, 0.0, 9.0, 0.0, 0.0]
B: [0.0, 24.0, 64.0, 67.14445448369, 72.47609381883, 82.10018525647, 84.97134181786, 109.70531270816, 148.21826301066, 175.0, 209.2400855285, 256.0, 261.08428175852, 414.0, 425.4468981388, 447.8266328334, 450.03730897431, 463.87948875211003, 467.95043913255006, 549.0, 582.7797797802, 616.0769860444]
