Avion: 6      Iteracion: 25

Num Ruta: 25
Ingresos: 146400.0
Costos: 439.159655747
Utilidad Ruta: 145960.840344
Costo Reducido: 77.3412862058
Nodos: [106, 17, 30, 52, 16, 51, 65, 24, 59, 1, 36, 3, 38, 23, 35, 70, 58, 13, 48, 15, 50, 20, 4, 39, 55, 33, 68, 716]
q: [0.0, 5.0, 10.0, -5.0, 5.0, -5.0, -10.0, 14.0, -14.0, 7.0, -7.0, 15.0, -15.0, 9.0, 6.0, -6.0, -9.0, 15.0, -15.0, 11.0, -11.0, 10.0, 5.0, -5.0, -10.0, 10.0, -10.0, 0.0]
Q: [0.0, 5.0, 15.0, 10.0, 15.0, 10.0, 0.0, 14.0, 0.0, 7.0, 0.0, 15.0, 0.0, 9.0, 15.0, 9.0, 0.0, 15.0, 0.0, 11.0, 0.0, 10.0, 15.0, 10.0, 0.0, 10.0, 0.0, 0.0]
B: [0.0, 24.0, 64.0, 67.14445448369, 72.47609381883, 82.10018525647, 84.97134181786, 109.70531270816, 148.21826301066, 175.0, 209.2400855285, 256.0, 261.08428175852, 267.0, 307.4405515417, 327.3534349341, 339.9719804129, 423.0, 439.88315095, 511.0, 527.4211666151, 533.55501866744, 543.83416970244, 564.25991938264, 576.12114263324, 586.94294197534, 610.24645321294, 646.29994971464]
