Avion: 1      Iteracion: 24

Num Ruta: 24
Ingresos: 140400.0
Costos: 449.479972667
Utilidad Ruta: 139950.520027
Costo Reducido: 96.4907895185
Nodos: [101, 9, 44, 12, 47, 1, 36, 3, 38, 35, 26, 70, 61, 13, 48, 25, 60, 15, 29, 50, 4, 64, 39, 33, 68, 711]
q: [0.0, 11.0, -11.0, 14.0, -14.0, 7.0, -7.0, 15.0, -15.0, 6.0, 9.0, -6.0, -9.0, 15.0, -15.0, 10.0, -10.0, 6.0, 9.0, -6.0, 5.0, -9.0, -5.0, 10.0, -10.0, 0.0]
Q: [0.0, 11.0, 0.0, 14.0, 0.0, 7.0, 0.0, 15.0, 0.0, 6.0, 15.0, 9.0, 0.0, 15.0, 0.0, 10.0, 0.0, 6.0, 15.0, 9.0, 14.0, 5.0, 0.0, 10.0, 0.0, 0.0]
B: [0.0, 35.5033292242, 65.0305662267, 75.8176029838, 119.1655272478, 175.0, 209.2400855285, 256.0, 261.08428175852, 304.88260501412, 315.50981960682, 324.80282498721, 334.6246407562, 423.0, 439.88315095, 463.8957169312, 481.0806992413, 511.0, 549.0, 564.1378768657, 569.7125561389901, 592.58596028009, 604.8050313167901, 613.3764967690901, 636.6800080066901, 655.4499965255901]
