Avion: 6      Iteracion: 29

Num Ruta: 29
Ingresos: 62400.0
Costos: 272.094242553
Utilidad Ruta: 62127.9057574
Costo Reducido: 33.1191108004
Nodos: [106, 22, 57, 18, 53, 21, 56, 2, 37, 29, 64, 716]
q: [0, 10.0, -10.0, 11.0, -11.0, 13.0, -13.0, 9.0, -9.0, 9.0, -9.0, 0]
Q: [0, 10.0, 0.0, 11.0, 0.0, 13.0, 0.0, 9.0, 0.0, 9.0, 0.0, 0]
B: [0.0, 299.0, 320.7546861389, 334.15512273630003, 357.973358985, 477.0, 517.7387906792, 541.5898044103, 582.3247664577, 592.12950699481, 625.90928677501, 659.2064930392099]
