Avion: 7      Iteracion: 26

Num Ruta: 23
Ingresos: 67200.0
Costos: 249.689906327
Utilidad Ruta: 66950.3100937
Costo Reducido: 39.4904227504
Nodos: [107, 9, 44, 12, 47, 31, 66, 25, 60, 20, 7, 55, 42, 717]
q: [0.0, 11.0, -11.0, 14.0, -14.0, 6.0, -6.0, 10.0, -10.0, 10.0, 5.0, -10.0, -5.0, 0.0]
Q: [0.0, 11.0, 0.0, 14.0, 0.0, 6.0, 0.0, 10.0, 0.0, 10.0, 15.0, 5.0, 0.0, 0.0]
B: [0.0, 32.6028927091, 62.1301297116, 72.9171664687, 116.2650907327, 137.1824241192, 150.4880381223, 410.0, 427.1849823101, 496.0, 517.0, 557.8372308194, 570.8009153651, 575.75988068057]
