Avion: 1      Iteracion: 29

Num Ruta: 29
Ingresos: 49200.0
Costos: 168.394219988
Utilidad Ruta: 49031.60578
Costo Reducido: 18.6293157187
Nodos: [101, 26, 61, 28, 63, 15, 50, 29, 64, 711]
q: [0, 13.0, -13.0, 8.0, -8.0, 11.0, -11.0, 9.0, -9.0, 0]
Q: [0, 13.0, 0.0, 8.0, 0.0, 11.0, 0.0, 9.0, 0.0, 0]
B: [0.0, 300.0, 317.5792279694, 378.0, 414.0266187839, 511.0, 527.4211666151, 549.0, 582.7797797802, 603.6308069012]
