Avion: 6      Iteracion: 35

Num Ruta: 33
Ingresos: 127200.0
Costos: 354.26100125
Utilidad Ruta: 126845.738999
Costo Reducido: 11.6243060625
Nodos: [106, 1, 31, 66, 36, 3, 38, 23, 18, 53, 58, 22, 57, 19, 25, 60, 8, 54, 43, 13, 48, 29, 27, 64, 62, 716]
q: [0.0, 7.0, 6.0, -6.0, -7.0, 15.0, -15.0, 10.0, 5.0, -5.0, -10.0, 10.0, -10.0, 5.0, 10.0, -10.0, 8.0, -5.0, -8.0, 15.0, -15.0, 9.0, 6.0, -9.0, -6.0, 0.0]
Q: [0.0, 7.0, 13.0, 7.0, 0.0, 15.0, 0.0, 10.0, 15.0, 10.0, 0.0, 10.0, 0.0, 5.0, 15.0, 5.0, 13.0, 8.0, 0.0, 15.0, 0.0, 9.0, 15.0, 6.0, 0.0, 0.0]
B: [0.0, 175.0, 183.89376197118, 197.19937597428, 230.76046369508, 256.0, 261.08428175852, 267.0, 293.0, 316.8182362487, 326.74376782137, 342.50019181287, 364.25487795177, 402.0, 411.3920072402, 428.57698955029997, 454.39758940779996, 472.35454883859995, 475.2826680301599, 477.4933441710699, 494.3764951210699, 549.0, 574.6018082369, 582.8182362320799, 598.26561380888, 616.17949046918]
