Avion: 3      Iteracion: 6

Num Ruta: 10
Ingresos: 154800.0
Costos: 584.713454478
Utilidad Ruta: 154215.286546
Costo Reducido: 117933.262868
Nodos: [103, 9, 44, 30, 65, 10, 45, 1, 31, 66, 11, 46, 36, 23, 26, 61, 58, 18, 53, 32, 67, 5, 40, 20, 7, 42, 55, 2, 33, 68, 37, 713]
q: [0.0, 11.0, -11.0, 11.0, -11.0, 12.0, -12.0, 7.0, 6.0, -6.0, 8.0, -8.0, -7.0, 10.0, 5.0, -5.0, -10.0, 11.0, -11.0, 6.0, -6.0, 12.0, -12.0, 5.0, 10.0, -10.0, -5.0, 5.0, 10.0, -10.0, -5.0, 0.0]
Q: [0.0, 11.0, 0.0, 11.0, 0.0, 12.0, 0.0, 7.0, 13.0, 7.0, 15.0, 7.0, 0.0, 10.0, 15.0, 10.0, 0.0, 11.0, 0.0, 6.0, 0.0, 12.0, 0.0, 5.0, 15.0, 5.0, 0.0, 5.0, 15.0, 5.0, 0.0, 0.0]
B: [0.0, 28.8572183864, 58.3844553889, 74.1723557243, 92.8863783811, 111.5794286672, 141.0989394016, 179.51828057240002, 188.41204254358001, 201.71765654668002, 202.19653544577702, 206.25060229278702, 240.56633163078703, 267.0, 301.4413435423, 319.0205715117, 322.08764389428, 347.52695530398, 371.34519155268, 422.0, 449.8573558149, 474.79959087910004, 475.92127978428005, 499.48523891678, 517.0, 545.5413118129, 558.5049963585999, 565.8352936240599, 579.6208945540599, 602.9244057916599, 621.4431898230598, 638.3412156544598]
