Avion: 5      Iteracion: 40

Num Ruta: 39
Ingresos: 133200.0
Costos: 357.432299769
Utilidad Ruta: 132842.5677
Costo Reducido: 13.5643422361
Nodos: [105, 17, 30, 65, 16, 51, 52, 14, 49, 3, 38, 23, 18, 53, 58, 6, 41, 5, 40, 7, 4, 42, 39, 2, 33, 68, 37, 715]
q: [0.0, 4.0, 11.0, -11.0, 11.0, -11.0, -4.0, 8.0, -8.0, 15.0, -15.0, 10.0, 5.0, -5.0, -10.0, 5.0, -5.0, 12.0, -12.0, 10.0, 5.0, -10.0, -5.0, 9.0, 6.0, -6.0, -9.0, 0.0]
Q: [0.0, 4.0, 15.0, 4.0, 15.0, 4.0, 0.0, 8.0, 0.0, 15.0, 0.0, 10.0, 15.0, 10.0, 0.0, 5.0, 0.0, 12.0, 0.0, 10.0, 15.0, 5.0, 0.0, 9.0, 15.0, 9.0, 0.0, 0.0]
B: [0.0, 24.0, 64.0, 82.7140226568, 93.53069441849999, 103.15478585614, 117.80255462823999, 130.24110747813998, 142.26281925313998, 256.0, 261.08428175852, 267.0, 293.0, 316.8182362487, 326.74376782137, 436.0, 439.69228939819, 469.0, 470.12168890518, 517.0, 529.0, 548.2723609867, 549.43273506431, 558.88720157491, 572.67280250491, 595.97631374251, 614.49509777391, 629.1295336701099]
