Avion: 2      Iteracion: 36

Num Ruta: 36
Ingresos: 51600.0
Costos: 229.055429571
Utilidad Ruta: 51370.9445704
Costo Reducido: 31.3231388346
Nodos: [102, 14, 49, 8, 32, 19, 54, 43, 6, 41, 67, 29, 7, 42, 64, 712]
q: [0.0, 8.0, -8.0, 2.0, 6.0, 7.0, -7.0, -2.0, 5.0, -5.0, -6.0, 9.0, 6.0, -6.0, -9.0, 0.0]
Q: [0.0, 8.0, 0.0, 2.0, 8.0, 15.0, 8.0, 6.0, 11.0, 6.0, 0.0, 9.0, 15.0, 9.0, 0.0, 0.0]
B: [0.0, 112.0, 124.021711775, 414.0, 425.4468981388, 437.16181277780004, 463.7889290693, 466.71704826086, 475.90771989028997, 479.60000928847995, 502.25738093658, 549.0, 570.2768523283, 598.8181641412, 611.1149679942, 642.9511338595]
