Avion: 7      Iteracion: 4

Num Ruta: 8
Ingresos: 85200.0
Costos: 302.295826917
Utilidad Ruta: 84897.7041731
Costo Reducido: 81564.1787635
Nodos: [107, 16, 51, 9, 24, 44, 31, 59, 1, 66, 36, 3, 38, 23, 58, 18, 53, 717]
q: [0.0, 11.0, -11.0, 11.0, 0.0, -11.0, 6.0, 0.0, 7.0, -6.0, -7.0, 15.0, -15.0, 10.0, -10.0, 11.0, -11.0, 0.0]
Q: [0.0, 11.0, 0.0, 11.0, 11.0, 0.0, 6.0, 6.0, 13.0, 7.0, 0.0, 15.0, 0.0, 10.0, 0.0, 11.0, 0.0, 0.0]
B: [0.0, 36.0, 45.624091437640004, 75.68094759394, 82.11782463176, 106.25807452686, 130.0, 141.2843577575, 175.0, 193.9896940997, 227.5507818205, 256.0, 261.08428175852, 267.0, 306.733842905, 332.1731543147, 355.9913905634, 382.6376535284]
