Avion: 2      Iteracion: 6

Num Ruta: 7
Ingresos: 98400.0
Costos: 369.211242418
Utilidad Ruta: 98030.7887576
Costo Reducido: 89589.3725434
Nodos: [102, 9, 44, 31, 11, 46, 66, 1, 36, 23, 26, 58, 61, 18, 53, 21, 56, 15, 50, 712]
q: [0.0, 11.0, -11.0, 6.0, 8.0, -8.0, -6.0, 7.0, -7.0, 10.0, 5.0, -10.0, -5.0, 11.0, -11.0, 13.0, -13.0, 11.0, -11.0, 0.0]
Q: [0.0, 11.0, 0.0, 6.0, 14.0, 6.0, 0.0, 7.0, 0.0, 10.0, 15.0, 5.0, 0.0, 11.0, 0.0, 13.0, 0.0, 11.0, 0.0, 0.0]
B: [0.0, 28.0, 57.5272370025, 130.0, 169.0, 173.05406684701, 176.74844541451, 195.73813951421, 229.97822504271, 267.0, 301.4413435423, 321.1277163164, 324.19478869898, 347.47345945138, 371.29169570007997, 477.0, 517.7387906792, 564.1245581623, 580.5457247774, 587.98512589577]
