Avion: 6      Iteracion: 40

Num Ruta: 38
Ingresos: 80400.0
Costos: 245.523464859
Utilidad Ruta: 80154.4765351
Costo Reducido: 20.1027568387
Nodos: [106, 30, 65, 16, 51, 14, 49, 19, 32, 54, 13, 67, 48, 29, 27, 64, 62, 716]
q: [0.0, 11.0, -11.0, 11.0, -11.0, 8.0, -8.0, 7.0, 6.0, -7.0, 9.0, -6.0, -9.0, 9.0, 6.0, -9.0, -6.0, 0.0]
Q: [0.0, 11.0, 0.0, 11.0, 0.0, 8.0, 0.0, 7.0, 13.0, 6.0, 15.0, 9.0, 0.0, 9.0, 15.0, 6.0, 0.0, 0.0]
B: [0.0, 64.0, 82.7140226568, 93.53069441849999, 103.15478585614, 129.94109036054, 141.96280213554, 402.0, 422.0, 441.5724706923, 445.80008999872, 459.64226977652004, 463.71322015696006, 549.0, 574.6018082369, 582.8182362320799, 598.26561380888, 616.17949046918]
