Avion: 3      Iteracion: 52

Num Ruta: 47
Ingresos: 36000.0
Costos: 130.175817939
Utilidad Ruta: 35869.8241821
Costo Reducido: 1.46169126165
Nodos: [103, 22, 57, 18, 53, 29, 64, 713]
q: [0, 10.0, -10.0, 11.0, -11.0, 9.0, -9.0, 0]
Q: [0, 10.0, 0.0, 11.0, 0.0, 9.0, 0.0, 0]
B: [0.0, 299.0, 320.7546861389, 334.15512273630003, 357.973358985, 549.0, 582.7797797802, 602.156490853]
