Avion: 6      Iteracion: 11

Num Ruta: 13
Ingresos: 21600.0
Costos: 83.9718643767
Utilidad Ruta: 21516.0281356
Costo Reducido: 55.573883701
Nodos: [106, 10, 45, 35, 70, 716]
q: [0, 12.0, -12.0, 6.0, -6.0, 0]
Q: [0, 12.0, 0.0, 6.0, 0.0, 0]
B: [0.0, 96.0, 125.5195107344, 279.0, 298.9128833924, 323.9941356737]
