Avion: 1      Iteracion: 64

Num Ruta: 48
Ingresos: 45600.0
Costos: 174.462879067
Utilidad Ruta: 45425.5371209
Costo Reducido: 1.38011370327
Nodos: [101, 16, 51, 24, 59, 21, 56, 711]
q: [0, 11.0, -11.0, 14.0, -14.0, 13.0, -13.0, 0]
Q: [0, 11.0, 0.0, 14.0, 0.0, 13.0, 0.0, 0]
B: [0.0, 36.0, 45.624091437640004, 70.85029051714, 109.36324081964, 477.0, 517.7387906792, 537.5187401229999]
