Avion: 2      Iteracion: 10

Num Ruta: 11
Ingresos: 132000.0
Costos: 534.966502143
Utilidad Ruta: 131465.033498
Costo Reducido: 54797.4885731
Nodos: [102, 9, 12, 44, 16, 51, 30, 65, 47, 3, 38, 18, 34, 69, 53, 25, 60, 32, 67, 6, 41, 29, 27, 64, 62, 33, 68, 712]
q: [0.0, 11.0, 4.0, -11.0, 11.0, -11.0, 11.0, -11.0, -4.0, 15.0, -15.0, 0.0, 12.0, -12.0, 0.0, 10.0, -10.0, 6.0, -6.0, 5.0, -5.0, 9.0, 6.0, -9.0, -6.0, 10.0, -10.0, 0.0]
Q: [0.0, 11.0, 15.0, 4.0, 15.0, 4.0, 15.0, 4.0, 0.0, 15.0, 0.0, 0.0, 12.0, 0.0, 0.0, 10.0, 0.0, 6.0, 0.0, 5.0, 0.0, 9.0, 15.0, 6.0, 0.0, 10.0, 0.0, 0.0]
B: [0.0, 28.0, 54.0, 64.7870367571, 88.51682093229999, 98.14091236994, 115.12620600884, 133.84022866564, 156.63608673244002, 256.0, 261.08428175852, 293.0, 316.7154937119, 357.6630917489, 372.8157213887, 410.0, 427.1849823101, 445.7299117519, 473.5872675668, 493.9792393449, 497.67152874309, 549.0, 574.6018082369, 582.8182362320799, 598.26561380888, 612.1127838085799, 635.4162950461799, 654.22653066408]
