Avion: 3      Iteracion: 13

Num Ruta: 17
Ingresos: 42000.0
Costos: 176.772842148
Utilidad Ruta: 41823.2271579
Costo Reducido: 72.0151784382
Nodos: [103, 17, 52, 13, 48, 29, 64, 27, 62, 713]
q: [0, 5.0, -5.0, 15.0, -15.0, 9.0, -9.0, 6.0, -6.0, 0]
Q: [0, 5.0, 0.0, 15.0, 0.0, 9.0, 0.0, 6.0, 0.0, 0]
B: [0.0, 29.0037544639, 63.84630824519999, 423.0, 439.88315095, 549.0, 582.7797797802, 590.99620777538, 608.0270701434799, 620.4701087594799]
