Avion: 1      Iteracion: 14

Num Ruta: 15
Ingresos: 142800.0
Costos: 481.34493469
Utilidad Ruta: 142318.655065
Costo Reducido: 201.446807516
Nodos: [101, 16, 51, 30, 65, 14, 49, 1, 31, 66, 11, 46, 36, 23, 58, 22, 57, 32, 19, 67, 54, 5, 40, 21, 56, 33, 68, 711]
q: [0, 11.0, -11.0, 11.0, -11.0, 8.0, -8.0, 7.0, 6.0, -6.0, 8.0, -8.0, -7.0, 10.0, -10.0, 10.0, -10.0, 6.0, 7.0, -6.0, -7.0, 12.0, -12.0, 13.0, -13.0, 10.0, -10.0, 0]
Q: [0, 11.0, 0.0, 11.0, 0.0, 8.0, 0.0, 7.0, 13.0, 7.0, 15.0, 7.0, 0.0, 10.0, 0.0, 10.0, 0.0, 6.0, 13.0, 7.0, 0.0, 12.0, 0.0, 13.0, 0.0, 10.0, 0.0, 0]
B: [0.0, 36.0, 45.624091437640004, 64.0, 82.7140226568, 112.0, 124.021711775, 175.0, 183.89376197118, 197.19937597428, 197.678254873377, 201.732321720387, 236.048051058387, 267.0, 306.733842905, 322.49026689650003, 344.24495303540004, 422.0, 433.71491463899997, 461.3697862171, 478.4971626653, 486.34747590745997, 487.46916481264, 515.7087551956399, 556.4475458748399, 566.6030908134398, 589.9066020510398, 608.6765905699399]
