Avion: 3      Iteracion: 66

Num Ruta: 54
Ingresos: 97200.0
Costos: 280.359318499
Utilidad Ruta: 96919.6406815
Costo Reducido: 4.08224767915
Nodos: [103, 30, 16, 51, 65, 14, 49, 19, 32, 54, 13, 67, 48, 15, 50, 20, 7, 42, 55, 33, 68, 713]
q: [0.0, 11.0, 4.0, -4.0, -11.0, 8.0, -8.0, 7.0, 6.0, -7.0, 9.0, -6.0, -9.0, 11.0, -11.0, 10.0, 5.0, -5.0, -10.0, 10.0, -10.0, 0.0]
Q: [0.0, 11.0, 15.0, 11.0, 0.0, 8.0, 0.0, 7.0, 13.0, 6.0, 15.0, 9.0, 0.0, 11.0, 0.0, 10.0, 15.0, 10.0, 0.0, 10.0, 0.0, 0.0]
B: [0.0, 64.0, 72.20259129788, 81.82668273552001, 84.69783929691, 112.49377995381, 124.51549172881, 402.0, 422.0, 441.5724706923, 445.80008999872, 459.64226977652004, 463.71322015696006, 511.0, 527.4211666151, 533.55501866744, 542.2979730879999, 570.8392849008999, 583.8029694465998, 594.6247687886998, 617.9282800262998, 631.3838745876998]
