Avion: 3      Iteracion: 37

Num Ruta: 37
Ingresos: 76800.0
Costos: 204.178675198
Utilidad Ruta: 76595.8213248
Costo Reducido: 36.7620468907
Nodos: [103, 16, 51, 9, 44, 19, 8, 54, 43, 5, 40, 7, 4, 42, 39, 713]
q: [0, 11.0, -11.0, 11.0, -11.0, 7.0, 8.0, -7.0, -8.0, 12.0, -12.0, 10.0, 5.0, -10.0, -5.0, 0]
Q: [0, 11.0, 0.0, 11.0, 0.0, 7.0, 15.0, 8.0, 0.0, 12.0, 0.0, 10.0, 15.0, 5.0, 0.0, 0]
B: [0.0, 36.0, 45.624091437640004, 75.68094759394, 105.20818459644, 402.0, 425.1608815463, 443.1178409771, 446.04596016866, 469.0, 470.12168890518, 517.0, 529.0, 548.2723609867, 549.43273506431, 566.00365685521]
