Avion: 5      Iteracion: 19

Num Ruta: 19
Ingresos: 128400.0
Costos: 474.901939046
Utilidad Ruta: 127925.098061
Costo Reducido: 92.0247442539
Nodos: [105, 17, 30, 52, 16, 51, 65, 24, 59, 1, 36, 35, 26, 70, 61, 22, 57, 19, 8, 54, 43, 15, 50, 20, 7, 4, 42, 39, 55, 715]
q: [0.0, 5.0, 4.0, -5.0, 11.0, -11.0, -4.0, 14.0, -14.0, 7.0, -7.0, 6.0, 9.0, -6.0, -9.0, 10.0, -10.0, 7.0, 8.0, -7.0, -8.0, 11.0, -11.0, 5.0, 10.0, 0.0, -10.0, 0.0, -5.0, 0.0]
Q: [0.0, 5.0, 9.0, 4.0, 15.0, 4.0, 0.0, 14.0, 0.0, 7.0, 0.0, 6.0, 15.0, 9.0, 0.0, 10.0, 0.0, 7.0, 15.0, 8.0, 0.0, 11.0, 0.0, 5.0, 15.0, 15.0, 5.0, 5.0, 0.0, 0.0]
B: [0.0, 24.0, 64.0, 67.14445448369, 72.47609381883, 82.10018525647, 84.97134181786, 109.70531270816, 148.21826301066, 175.0, 209.2400855285, 279.0, 300.0, 309.29300538039, 319.11482114938, 332.74900179948, 354.50368793838004, 402.0, 425.1608815463, 443.1178409771, 446.04596016866, 511.0, 527.4211666151, 533.55501866744, 542.2979730879999, 552.6613463804999, 571.9337073672, 573.09408144481, 584.95530469541, 622.8007534178099]
