Avion: 1      Iteracion: 4

Num Ruta: 6
Ingresos: 133200.0
Costos: 431.196024381
Utilidad Ruta: 132768.803976
Costo Reducido: 111266.107078
Nodos: [101, 30, 65, 16, 51, 1, 31, 66, 36, 3, 38, 23, 58, 18, 53, 13, 48, 7, 42, 2, 62, 27, 37, 711]
q: [0.0, 11.0, -11.0, 11.0, -11.0, 7.0, 6.0, -6.0, -7.0, 15.0, -15.0, 10.0, -10.0, 11.0, -11.0, 15.0, -15.0, 10.0, -10.0, 9.0, -6.0, 6.0, -9.0, 0.0]
Q: [0.0, 11.0, 0.0, 11.0, 0.0, 7.0, 13.0, 7.0, 0.0, 15.0, 0.0, 10.0, 0.0, 11.0, 0.0, 15.0, 0.0, 10.0, 0.0, 9.0, 3.0, 9.0, 0.0, 0.0]
B: [0.0, 64.0, 82.7140226568, 93.53069441849999, 103.15478585614, 175.0, 183.89376197118, 197.19937597428, 230.76046369508, 256.0, 261.08428175852, 267.0, 306.733842905, 332.1731543147, 355.9913905634, 423.0, 439.88315095, 517.0, 545.5413118129, 555.6714802715, 567.1235533588999, 584.1544157269999, 609.1200676911999, 644.1730896008999]
