Avion: 4      Iteracion: 15

Num Ruta: 18
Ingresos: 103200.0
Costos: 354.21876567
Utilidad Ruta: 102845.781234
Costo Reducido: 160.978956233
Nodos: [104, 17, 52, 30, 65, 24, 59, 1, 36, 3, 38, 18, 53, 28, 63, 25, 19, 54, 60, 714]
q: [0.0, 5.0, -5.0, 11.0, -11.0, 14.0, -14.0, 7.0, -7.0, 15.0, -15.0, 11.0, -11.0, 8.0, -8.0, 8.0, 7.0, -7.0, -8.0, 0.0]
Q: [0.0, 5.0, 0.0, 11.0, 0.0, 14.0, 0.0, 7.0, 0.0, 15.0, 0.0, 11.0, 0.0, 8.0, 0.0, 8.0, 15.0, 8.0, 0.0, 0.0]
B: [0.0, 24.0, 58.8425537813, 64.0, 82.7140226568, 107.4479935471, 145.9609438496, 175.0, 209.2400855285, 256.0, 261.08428175852, 293.0, 316.8182362487, 378.0, 414.0266187839, 417.35999740026, 426.75200464046, 453.37912093195996, 470.16597736785997, 491.20671390435996]
