Avion: 3      Iteracion: 55

Num Ruta: 48
Ingresos: 58800.0
Costos: 147.438877259
Utilidad Ruta: 58652.5611227
Costo Reducido: 11.3121096525
Nodos: [103, 30, 65, 14, 49, 3, 38, 8, 19, 43, 54, 713]
q: [0, 11.0, -11.0, 8.0, -8.0, 15.0, -15.0, 8.0, 7.0, -8.0, -7.0, 0]
Q: [0, 11.0, 0.0, 8.0, 0.0, 15.0, 0.0, 8.0, 15.0, 7.0, 0.0, 0]
B: [0.0, 64.0, 82.7140226568, 112.0, 124.021711775, 256.0, 261.08428175852, 414.0, 437.1608815463, 466.0513395558, 468.97945874735996, 475.27819044508993]
