Avion: 1      Iteracion: 15

Num Ruta: 16
Ingresos: 100800.0
Costos: 342.996729983
Utilidad Ruta: 100457.00327
Costo Reducido: 148.566379453
Nodos: [101, 24, 59, 30, 65, 14, 49, 11, 46, 18, 53, 19, 8, 54, 43, 5, 40, 6, 41, 711]
q: [0, 14.0, -14.0, 11.0, -11.0, 8.0, -8.0, 8.0, -8.0, 11.0, -11.0, 7.0, 8.0, -7.0, -8.0, 12.0, -12.0, 5.0, -5.0, 0]
Q: [0, 14.0, 0.0, 11.0, 0.0, 8.0, 0.0, 8.0, 0.0, 11.0, 0.0, 7.0, 15.0, 8.0, 0.0, 12.0, 0.0, 5.0, 0.0, 0]
B: [0.0, 61.0, 99.5129503025, 119.7810717004, 138.4950943572, 166.2910350141, 178.3127467891, 207.7611758983, 211.81524274531, 293.0, 316.8182362487, 402.0, 425.1608815463, 443.1178409771, 446.04596016866, 469.0, 470.12168890518, 486.34528175638, 490.03757115457, 509.18625249297]
