Avion: 7      Iteracion: 41

Num Ruta: 34
Ingresos: 21600.0
Costos: 103.141827669
Utilidad Ruta: 21496.8581723
Costo Reducido: 4.90164554651
Nodos: [107, 2, 37, 29, 64, 717]
q: [0, 9.0, -9.0, 9.0, -9.0, 0]
Q: [0, 9.0, 0.0, 9.0, 0.0, 0]
B: [0.0, 522.0, 562.7349620474, 572.53970258451, 606.31948236471, 622.63230480601]
