Avion: 7      Iteracion: 0

Num Ruta: 2
Ingresos: 130800.0
Costos: 421.944043002
Utilidad Ruta: 130378.055957
Costo Reducido: -
Nodos: [107, 16, 51, 30, 65, 24, 59, 1, 31, 66, 11, 46, 36, 35, 70, 26, 61, 22, 57, 13, 48, 8, 43, 717]
q: [0, 11.0, -11.0, 11.0, -11.0, 14.0, -14.0, 7.0, 6.0, -6.0, 8.0, -8.0, -7.0, 6.0, -6.0, 13.0, -13.0, 10.0, -10.0, 15.0, -15.0, 8.0, -8.0, 0]
Q: [0, 11.0, 0.0, 11.0, 0.0, 14.0, 0.0, 7.0, 13.0, 7.0, 15.0, 7.0, 0.0, 6.0, 0.0, 13.0, 0.0, 10.0, 0.0, 15.0, 0.0, 8.0, 0.0, 0]
B: [0.0, 36.0, 45.624091437640004, 64.0, 82.7140226568, 107.4479935471, 145.9609438496, 175.0, 183.89376197118, 197.19937597428, 197.678254873377, 201.732321720387, 236.048051058387, 279.0, 298.9128833924, 308.20588877279, 325.78511674219, 339.41929739229, 361.17398353119, 423.0, 439.88315095, 473.0543964648, 493.8227930808, 505.8045213785]
