Avion: 1      Iteracion: 18

Num Ruta: 19
Ingresos: 93600.0
Costos: 269.219352315
Utilidad Ruta: 93330.7806477
Costo Reducido: 38.2952333748
Nodos: [101, 16, 51, 30, 65, 24, 59, 1, 36, 3, 38, 23, 18, 53, 58, 6, 41, 711]
q: [0.0, 11.0, -11.0, 11.0, -11.0, 14.0, -14.0, 7.0, -7.0, 15.0, -15.0, 4.0, 11.0, -11.0, -4.0, 5.0, -5.0, 0.0]
Q: [0.0, 11.0, 0.0, 11.0, 0.0, 14.0, 0.0, 7.0, 0.0, 15.0, 0.0, 4.0, 15.0, 4.0, 0.0, 5.0, 0.0, 0.0]
B: [0.0, 36.0, 45.624091437640004, 64.0, 82.7140226568, 107.4479935471, 145.9609438496, 175.0, 209.2400855285, 256.0, 261.08428175852, 267.0, 293.0, 316.8182362487, 326.74376782137, 436.0, 439.69228939819, 458.84097073659]
