Avion: 1      Iteracion: 30

Num Ruta: 30
Ingresos: 106800.0
Costos: 310.037350508
Utilidad Ruta: 106489.962649
Costo Reducido: 23.8845533825
Nodos: [101, 24, 59, 1, 36, 3, 38, 23, 18, 53, 58, 13, 48, 21, 56, 33, 68, 711]
q: [0.0, 14.0, -14.0, 7.0, -7.0, 15.0, -15.0, 4.0, 11.0, -11.0, -4.0, 15.0, -15.0, 13.0, -13.0, 10.0, -10.0, 0.0]
Q: [0.0, 14.0, 0.0, 7.0, 0.0, 15.0, 0.0, 4.0, 15.0, 4.0, 0.0, 15.0, 0.0, 13.0, 0.0, 10.0, 0.0, 0.0]
B: [0.0, 61.0, 99.5129503025, 175.0, 209.2400855285, 256.0, 261.08428175852, 267.0, 293.0, 316.8182362487, 326.74376782137, 423.0, 439.88315095, 477.0, 517.7387906792, 562.0, 585.3035112376, 604.0734997565]
