Avion: 6      Iteracion: 9

Num Ruta: 11
Ingresos: 112800.0
Costos: 563.134878926
Utilidad Ruta: 112236.865121
Costo Reducido: 64498.4010417
Nodos: [106, 17, 52, 14, 49, 31, 11, 66, 46, 35, 70, 34, 69, 28, 63, 8, 43, 6, 41, 2, 37, 29, 64, 33, 68, 716]
q: [0, 5.0, -5.0, 8.0, -8.0, 6.0, 8.0, -6.0, -8.0, 6.0, -6.0, 12.0, -12.0, 8.0, -8.0, 8.0, -8.0, 5.0, -5.0, 9.0, -9.0, 9.0, -9.0, 10.0, -10.0, 0]
Q: [0, 5.0, 0.0, 8.0, 0.0, 6.0, 14.0, 8.0, 0.0, 6.0, 0.0, 12.0, 0.0, 8.0, 0.0, 8.0, 0.0, 5.0, 0.0, 9.0, 0.0, 9.0, 0.0, 10.0, 0.0, 0]
B: [0.0, 24.0, 58.8425537813, 112.0, 124.021711775, 151.2337789879, 169.0, 169.478878899097, 173.173257466597, 279.0, 298.9128833924, 340.34711220139997, 381.29471023839994, 390.4748937877599, 426.50151257165993, 461.0943428259599, 481.86273944195995, 491.05341107139, 494.74570046957996, 522.0, 562.7349620474, 572.53970258451, 606.31948236471, 615.17097404691, 638.47448528451, 674.52798178621]
