Avion: 5      Iteracion: 45

Num Ruta: 43
Ingresos: 55200.0
Costos: 196.475706774
Utilidad Ruta: 55003.5242932
Costo Reducido: 14.6225054139
Nodos: [105, 17, 52, 14, 49, 19, 32, 54, 13, 67, 48, 15, 50, 715]
q: [0.0, 5.0, -5.0, 8.0, -8.0, 7.0, 6.0, -7.0, 9.0, -6.0, -9.0, 11.0, -11.0, 0.0]
Q: [0.0, 5.0, 0.0, 8.0, 0.0, 7.0, 13.0, 6.0, 15.0, 9.0, 0.0, 11.0, 0.0, 0.0]
B: [0.0, 24.0, 58.8425537813, 112.0, 124.021711775, 402.0, 422.0, 441.5724706923, 445.80008999872, 459.64226977652004, 463.71322015696006, 511.0, 527.4211666151, 539.2736094434999]
