Avion: 2      Iteracion: 33

Num Ruta: 33
Ingresos: 117600.0
Costos: 349.136803673
Utilidad Ruta: 117250.863196
Costo Reducido: 52.6842259008
Nodos: [102, 9, 44, 12, 47, 14, 49, 3, 38, 8, 32, 67, 43, 5, 40, 20, 4, 39, 55, 2, 37, 712]
q: [0, 11.0, -11.0, 14.0, -14.0, 8.0, -8.0, 15.0, -15.0, 8.0, 6.0, -6.0, -8.0, 12.0, -12.0, 10.0, 5.0, -5.0, -10.0, 9.0, -9.0, 0]
Q: [0, 11.0, 0.0, 14.0, 0.0, 8.0, 0.0, 15.0, 0.0, 8.0, 14.0, 8.0, 0.0, 12.0, 0.0, 10.0, 15.0, 10.0, 0.0, 9.0, 0.0, 0]
B: [0.0, 28.0, 57.5272370025, 68.3142737596, 111.6621980236, 148.1814318053, 160.2031435803, 256.0, 261.08428175852, 414.0, 425.4468981388, 453.3042539537, 469.35335268230006, 479.10616355917006, 480.22785246435006, 503.79181159685004, 529.0, 549.4257496801999, 561.2869729308, 568.6172701962599, 609.35223224366, 612.2065276032899]
