Avion: 4      Iteracion: 0

Num Ruta: 4
Ingresos: 0
Costos: 30.4930744432
Utilidad Ruta: -30.4930744432
Costo Reducido: -
Nodos: [104, 714]
q: [0, 0]
Q: [0, 0]
B: [0, 0]
