Avion: 5      Iteracion: 30

Num Ruta: 30
Ingresos: 108000.0
Costos: 294.960681562
Utilidad Ruta: 107705.039318
Costo Reducido: 18.9962022714
Nodos: [105, 17, 52, 14, 49, 3, 38, 18, 53, 22, 57, 19, 32, 8, 54, 43, 13, 67, 48, 15, 50, 715]
q: [0.0, 5.0, -5.0, 8.0, -8.0, 15.0, -15.0, 11.0, -11.0, 10.0, -10.0, 7.0, 0.0, 8.0, -7.0, -8.0, 15.0, 0.0, -15.0, 11.0, -11.0, 0.0]
Q: [0.0, 5.0, 0.0, 8.0, 0.0, 15.0, 0.0, 11.0, 0.0, 10.0, 0.0, 7.0, 7.0, 15.0, 8.0, 0.0, 15.0, 15.0, 0.0, 11.0, 0.0, 0.0]
B: [0.0, 24.0, 58.8425537813, 112.0, 124.021711775, 256.0, 261.08428175852, 293.0, 316.8182362487, 332.3010836612, 354.0557698001, 402.0, 422.0, 433.4468981388, 451.4038575696, 454.33197676116, 456.54265290206996, 470.38483267987, 474.45578306031, 511.0, 527.4211666151, 539.2736094434999]
