Avion: 2      Iteracion: 18

Num Ruta: 19
Ingresos: 102000.0
Costos: 334.371501661
Utilidad Ruta: 101665.628498
Costo Reducido: 81.5611523525
Nodos: [102, 12, 47, 10, 45, 35, 26, 70, 61, 18, 53, 28, 63, 25, 60, 20, 4, 39, 55, 712]
q: [0.0, 14.0, -14.0, 12.0, -12.0, 6.0, 9.0, -6.0, -9.0, 11.0, -11.0, 8.0, -8.0, 10.0, -10.0, 10.0, 5.0, -5.0, -10.0, 0.0]
Q: [0.0, 14.0, 0.0, 12.0, 0.0, 6.0, 15.0, 9.0, 0.0, 11.0, 0.0, 8.0, 0.0, 10.0, 0.0, 10.0, 15.0, 10.0, 0.0, 0.0]
B: [0.0, 54.0, 97.347924264, 106.06569462115, 135.58520535555, 279.0, 300.0, 309.29300538039, 319.11482114938, 342.39349190178, 366.21172815048, 378.0, 414.0266187839, 417.35999740026, 434.54497971036, 496.0, 529.0, 549.4257496801999, 561.2869729308, 604.6852779323]
