Avion: 1      Iteracion: 0

Num Ruta: 2
Ingresos: 201600.0
Costos: 618.958509198
Utilidad Ruta: 200981.041491
Costo Reducido: -
Nodos: [101, 16, 51, 24, 59, 31, 14, 49, 11, 46, 66, 1, 36, 3, 38, 23, 18, 53, 58, 26, 61, 25, 60, 13, 48, 6, 41, 5, 40, 21, 56, 27, 62, 33, 68, 711]
q: [0.0, 11.0, -11.0, 14.0, -14.0, 6.0, 8.0, -8.0, 8.0, -8.0, -6.0, 7.0, -7.0, 15.0, -15.0, 10.0, 5.0, -5.0, -10.0, 13.0, -13.0, 10.0, -10.0, 15.0, -15.0, 5.0, -5.0, 12.0, -12.0, 13.0, -13.0, 6.0, -6.0, 10.0, -10.0, 0.0]
Q: [0.0, 11.0, 0.0, 14.0, 0.0, 6.0, 14.0, 6.0, 14.0, 6.0, 0.0, 7.0, 0.0, 15.0, 0.0, 10.0, 15.0, 10.0, 0.0, 13.0, 0.0, 10.0, 0.0, 15.0, 0.0, 5.0, 0.0, 12.0, 0.0, 13.0, 0.0, 6.0, 0.0, 10.0, 0.0, 0.0]
B: [0.0, 36.0, 45.624091437640004, 70.85029051714, 109.36324081964, 130.0, 147.5196824172, 159.5413941922, 188.98982330139998, 193.04389014841, 196.73826871590998, 215.72796281560997, 249.96804834410997, 257.06460025330995, 262.1488820118299, 267.0, 293.0, 316.8182362487, 326.74376782137, 346.43014059547, 364.00936856487, 410.0, 427.1849823101, 443.186042775, 460.069193725, 484.2921423482, 487.98443174639, 506.37329196119, 507.49498086637, 535.73457124937, 576.47336192857, 589.65081012617, 606.68167249427, 620.5288424939699, 643.8323537315699, 662.60234225047]
