Avion: 4      Iteracion: 37

Num Ruta: 34
Ingresos: 72000.0
Costos: 200.422452523
Utilidad Ruta: 71799.5775475
Costo Reducido: 17.2939481972
Nodos: [104, 30, 65, 16, 51, 14, 49, 3, 38, 23, 18, 53, 58, 714]
q: [0.0, 11.0, -11.0, 11.0, -11.0, 8.0, -8.0, 15.0, -15.0, 10.0, 5.0, -5.0, -10.0, 0.0]
Q: [0.0, 11.0, 0.0, 11.0, 0.0, 8.0, 0.0, 15.0, 0.0, 10.0, 15.0, 10.0, 0.0, 0.0]
B: [0.0, 64.0, 82.7140226568, 93.53069441849999, 103.15478585614, 129.94109036054, 141.96280213554, 256.0, 261.08428175852, 267.0, 293.0, 316.8182362487, 326.74376782137, 364.39734253877]
