Avion: 7      Iteracion: 25

Num Ruta: 22
Ingresos: 57600.0
Costos: 189.912355879
Utilidad Ruta: 57410.0876441
Costo Reducido: 60.9851550591
Nodos: [107, 30, 65, 35, 70, 5, 40, 2, 37, 7, 42, 717]
q: [0, 11.0, -11.0, 6.0, -6.0, 12.0, -12.0, 9.0, -9.0, 10.0, -10.0, 0]
Q: [0, 11.0, 0.0, 6.0, 0.0, 12.0, 0.0, 9.0, 0.0, 10.0, 0.0, 0]
B: [0.0, 64.0, 82.7140226568, 279.0, 298.9128833924, 469.0, 470.12168890518, 522.0, 562.7349620474, 574.2416881674001, 602.7829999803, 607.74196529577]
