Avion: 5      Iteracion: 3

Num Ruta: 5
Ingresos: 99600.0
Costos: 365.062815019
Utilidad Ruta: 99234.937185
Costo Reducido: 99264.0488623
Nodos: [105, 9, 24, 44, 12, 59, 47, 10, 45, 35, 70, 26, 61, 18, 53, 28, 13, 48, 63, 715]
q: [0.0, 11.0, 1.0, -11.0, 14.0, -1.0, -14.0, 12.0, -12.0, 6.0, -6.0, 13.0, -13.0, 11.0, -11.0, 0.0, 15.0, -15.0, 0.0, 0.0]
Q: [0.0, 11.0, 12.0, 1.0, 15.0, 14.0, 0.0, 12.0, 0.0, 6.0, 0.0, 13.0, 0.0, 11.0, 0.0, 0.0, 15.0, 0.0, 0.0, 0.0]
B: [0.0, 52.3609759458, 61.0, 85.1402498951, 95.9272866522, 129.9734558934, 145.9056934638, 154.62346382094998, 184.14297455534998, 279.0, 298.9128833924, 308.20588877279, 325.78511674219, 349.06378749459, 372.88202374328995, 382.01552652152, 423.0, 439.88315095, 462.92158097460003, 483.26109780760004]
