Avion: 7      Iteracion: 21

Num Ruta: 19
Ingresos: 69600.0
Costos: 243.714870475
Utilidad Ruta: 69356.2851295
Costo Reducido: 78.4924353335
Nodos: [107, 16, 51, 26, 61, 28, 63, 19, 32, 54, 67, 21, 56, 717]
q: [0, 11.0, -11.0, 13.0, -13.0, 8.0, -8.0, 7.0, 6.0, -7.0, -6.0, 13.0, -13.0, 0]
Q: [0, 11.0, 0.0, 13.0, 0.0, 8.0, 0.0, 7.0, 13.0, 6.0, 0.0, 13.0, 0.0, 0]
B: [0.0, 36.0, 45.624091437640004, 300.0, 317.5792279694, 378.0, 414.0266187839, 426.5624120576, 438.27732669659997, 457.84979738889996, 474.97717383709994, 493.38910543049997, 534.1278961096999, 555.8984278441]
