Avion: 5      Iteracion: 43

Num Ruta: 42
Ingresos: 108000.0
Costos: 318.234495332
Utilidad Ruta: 107681.765505
Costo Reducido: 2.39413972681
Nodos: [105, 17, 52, 14, 49, 3, 38, 23, 18, 53, 58, 6, 41, 5, 40, 20, 7, 42, 2, 55, 33, 68, 37, 715]
q: [0.0, 5.0, -5.0, 8.0, -8.0, 15.0, -15.0, 10.0, 5.0, -5.0, -10.0, 5.0, -5.0, 12.0, -12.0, 6.0, 9.0, -9.0, 9.0, -6.0, 6.0, -6.0, -9.0, 0.0]
Q: [0.0, 5.0, 0.0, 8.0, 0.0, 15.0, 0.0, 10.0, 15.0, 10.0, 0.0, 5.0, 0.0, 12.0, 0.0, 6.0, 15.0, 6.0, 15.0, 9.0, 15.0, 9.0, 0.0, 0.0]
B: [0.0, 24.0, 58.8425537813, 112.0, 124.021711775, 256.0, 261.08428175852, 267.0, 293.0, 316.8182362487, 326.74376782137, 436.0, 439.69228939819, 469.0, 470.12168890518, 496.0, 517.0, 545.5413118129, 555.6714802715, 563.0017775369599, 573.8235768790599, 597.1270881166599, 615.6458721480599, 630.2803080442599]
