Avion: 3      Iteracion: 14

Num Ruta: 18
Ingresos: 78000.0
Costos: 289.284697352
Utilidad Ruta: 77710.7153026
Costo Reducido: 142.978699449
Nodos: [103, 12, 47, 30, 65, 14, 49, 32, 67, 15, 50, 7, 4, 42, 39, 713]
q: [0, 14.0, -14.0, 11.0, -11.0, 8.0, -8.0, 6.0, -6.0, 11.0, -11.0, 10.0, 5.0, -10.0, -5.0, 0]
Q: [0, 14.0, 0.0, 11.0, 0.0, 8.0, 0.0, 6.0, 0.0, 11.0, 0.0, 10.0, 15.0, 5.0, 0.0, 0]
B: [0.0, 54.0, 97.347924264, 122.72227077779999, 141.4362934346, 169.2322340915, 181.2539458665, 422.0, 449.8573558149, 511.0, 527.4211666151, 538.3259061809999, 548.6892794734999, 567.9616404602, 569.12201453781, 585.69293632871]
