Avion: 6      Iteracion: 62

Num Ruta: 50
Ingresos: 92400.0
Costos: 342.025461912
Utilidad Ruta: 92057.9745381
Costo Reducido: 0.0545867899345
Nodos: [106, 17, 30, 52, 16, 51, 65, 14, 49, 18, 34, 53, 69, 28, 63, 15, 50, 20, 7, 42, 55, 716]
q: [0.0, 5.0, 10.0, -5.0, 5.0, -5.0, -10.0, 8.0, -8.0, 3.0, 12.0, -3.0, -12.0, 8.0, -8.0, 11.0, -11.0, 10.0, 5.0, -5.0, -10.0, 0.0]
Q: [0.0, 5.0, 15.0, 10.0, 15.0, 10.0, 0.0, 8.0, 0.0, 3.0, 15.0, 12.0, 0.0, 8.0, 0.0, 11.0, 0.0, 10.0, 15.0, 10.0, 0.0, 0.0]
B: [0.0, 24.0, 64.0, 67.14445448369, 72.47609381883, 82.10018525647, 84.97134181786, 112.76728247476, 124.78899424976, 293.0, 316.7154937119, 344.9475311871, 360.10016082690004, 378.0, 414.0266187839, 511.0, 527.4211666151, 533.55501866744, 542.2979730879999, 570.8392849008999, 583.8029694465998, 609.3198199771998]
