Avion: 2      Iteracion: 0

Num Ruta: 2
Ingresos: 157200.0
Costos: 575.641201778
Utilidad Ruta: 156624.358798
Costo Reducido: -
Nodos: [102, 24, 30, 59, 10, 65, 45, 31, 11, 66, 46, 1, 36, 3, 38, 18, 34, 69, 53, 25, 60, 13, 48, 21, 56, 20, 4, 39, 55, 712]
q: [0.0, 12.0, 3.0, -12.0, 12.0, -3.0, -12.0, 6.0, 8.0, -6.0, -8.0, 7.0, -7.0, 15.0, -15.0, 11.0, 4.0, -4.0, -11.0, 10.0, -10.0, 15.0, -15.0, 13.0, -13.0, 10.0, 5.0, -5.0, -10.0, 0.0]
Q: [0.0, 12.0, 15.0, 3.0, 15.0, 12.0, 0.0, 6.0, 14.0, 8.0, 0.0, 7.0, 0.0, 15.0, 0.0, 11.0, 15.0, 11.0, 0.0, 10.0, 0.0, 15.0, 0.0, 13.0, 0.0, 10.0, 15.0, 10.0, 0.0, 0.0]
B: [0.0, 61.0, 79.2569011609, 99.5250225588, 111.3109532391, 130.0040035252, 148.9048014184, 188.51295575560002, 201.69568494950002, 202.17456384859702, 205.868942416097, 228.53839395339702, 262.778479481897, 269.875031391097, 274.959313149617, 295.998322299317, 319.71381601121703, 360.661414048217, 375.814043688017, 410.0, 427.1849823101, 443.186042775, 460.069193725, 477.0, 517.7387906792, 554.1640824007, 564.4432334357, 584.8689831158999, 596.7302063664999, 640.128511368]
