Avion: 4      Iteracion: 2

Num Ruta: 6
Ingresos: 122400.0
Costos: 456.935064327
Utilidad Ruta: 121943.064936
Costo Reducido: 64143.7126787
Nodos: [104, 9, 44, 12, 47, 11, 46, 22, 57, 18, 53, 13, 48, 8, 43, 5, 40, 21, 56, 714]
q: [0, 11.0, -11.0, 14.0, -14.0, 8.0, -8.0, 10.0, -10.0, 11.0, -11.0, 15.0, -15.0, 8.0, -8.0, 12.0, -12.0, 13.0, -13.0, 0]
Q: [0, 11.0, 0.0, 14.0, 0.0, 8.0, 0.0, 10.0, 0.0, 11.0, 0.0, 15.0, 0.0, 8.0, 0.0, 12.0, 0.0, 13.0, 0.0, 0]
B: [0.0, 43.2032553519, 72.7304923544, 83.5175291115, 126.8654533755, 169.0, 173.05406684701, 299.0, 320.7546861389, 334.15512273630003, 357.973358985, 423.0, 439.88315095, 473.0543964648, 493.8227930808, 503.57560395767, 504.69729286285, 532.93688324585, 573.67567392505, 626.9843512674499]
