Avion: 3      Iteracion: 4

Num Ruta: 8
Ingresos: 177600.0
Costos: 597.975945076
Utilidad Ruta: 177002.024055
Costo Reducido: 164074.4815
Nodos: [103, 17, 30, 65, 16, 51, 52, 14, 49, 31, 66, 1, 36, 3, 38, 23, 58, 18, 53, 19, 8, 54, 43, 6, 41, 13, 48, 20, 7, 42, 55, 2, 33, 68, 37, 713]
q: [0.0, 4.0, 11.0, -11.0, 11.0, -11.0, -4.0, 8.0, -8.0, 6.0, -6.0, 7.0, -7.0, 15.0, -15.0, 10.0, -10.0, 11.0, -11.0, 7.0, 8.0, -7.0, -8.0, 5.0, -5.0, 15.0, -15.0, 10.0, 5.0, -5.0, -10.0, 9.0, 6.0, -6.0, -9.0, 0.0]
Q: [0.0, 4.0, 15.0, 4.0, 15.0, 4.0, 0.0, 8.0, 0.0, 6.0, 0.0, 7.0, 0.0, 15.0, 0.0, 10.0, 0.0, 11.0, 0.0, 7.0, 15.0, 8.0, 0.0, 5.0, 0.0, 15.0, 0.0, 10.0, 15.0, 10.0, 0.0, 9.0, 15.0, 9.0, 0.0, 0.0]
B: [0.0, 29.0037544639, 64.0, 82.7140226568, 93.53069441849999, 103.15478585614, 117.80255462823999, 130.24110747813998, 142.26281925313998, 169.47488646603998, 182.78050046913998, 201.77019456883997, 236.01028009733997, 256.0, 261.08428175852, 267.0, 306.733842905, 332.1731543147, 355.9913905634, 402.0, 425.1608815463, 443.1178409771, 446.04596016866, 455.23663179809, 458.92892119628, 472.33898730348, 489.22213825348, 503.15272348888, 517.0, 545.5413118129, 558.5049963585999, 565.8352936240599, 579.6208945540599, 602.9244057916599, 621.4431898230598, 638.3412156544598]
