Avion: 4      Iteracion: 39

Num Ruta: 36
Ingresos: 67200.0
Costos: 229.821871432
Utilidad Ruta: 66970.1781286
Costo Reducido: 3.41227111104
Nodos: [104, 11, 46, 19, 32, 54, 13, 67, 48, 15, 50, 20, 4, 39, 55, 714]
q: [0.0, 8.0, -8.0, 7.0, 6.0, -7.0, 9.0, -6.0, -9.0, 11.0, -11.0, 10.0, 5.0, -5.0, -10.0, 0.0]
Q: [0.0, 8.0, 0.0, 7.0, 13.0, 6.0, 15.0, 9.0, 0.0, 11.0, 0.0, 10.0, 15.0, 10.0, 0.0, 0.0]
B: [0.0, 169.0, 173.05406684701, 402.0, 422.0, 441.5724706923, 445.80008999872, 459.64226977652004, 463.71322015696006, 511.0, 527.4211666151, 533.55501866744, 543.83416970244, 564.25991938264, 576.12114263324, 637.3407163821399]
