Avion: 6      Iteracion: 28

Num Ruta: 28
Ingresos: 61200.0
Costos: 197.628215479
Utilidad Ruta: 61002.3717845
Costo Reducido: 24.0858956276
Nodos: [106, 3, 38, 23, 18, 58, 53, 15, 50, 7, 42, 716]
q: [0.0, 15.0, -15.0, 10.0, 5.0, -10.0, -5.0, 11.0, -11.0, 10.0, -10.0, 0.0]
Q: [0.0, 15.0, 0.0, 10.0, 15.0, 5.0, 0.0, 11.0, 0.0, 10.0, 0.0, 0.0]
B: [0.0, 256.0, 261.08428175852, 267.0, 293.0, 318.4393114097, 328.36484298237, 511.0, 527.4211666151, 538.3259061809999, 566.8672179938999, 588.1047557513999]
