Avion: 3      Iteracion: 22

Num Ruta: 25
Ingresos: 42000.0
Costos: 142.66327029
Utilidad Ruta: 41857.3367297
Costo Reducido: 27.0353328526
Nodos: [103, 12, 47, 6, 41, 33, 68, 27, 62, 713]
q: [0, 14.0, -14.0, 5.0, -5.0, 10.0, -10.0, 6.0, -6.0, 0]
Q: [0, 14.0, 0.0, 5.0, 0.0, 10.0, 0.0, 6.0, 0.0, 0]
B: [0.0, 54.0, 97.347924264, 436.0, 439.69228939819, 562.0, 585.3035112376, 592.52226459258, 609.55312696068, 621.9961655766799]
