Avion: 1      Iteracion: 11

Num Ruta: 12
Ingresos: 136800.0
Costos: 444.027090916
Utilidad Ruta: 136355.972909
Costo Reducido: 153.384157998
Nodos: [101, 24, 59, 1, 31, 66, 36, 3, 38, 23, 58, 35, 26, 70, 61, 6, 41, 5, 40, 20, 7, 4, 42, 39, 2, 55, 33, 68, 37, 711]
q: [0.0, 14.0, -14.0, 7.0, 6.0, -6.0, -7.0, 15.0, -15.0, 10.0, -10.0, 6.0, 9.0, -6.0, -9.0, 5.0, -5.0, 12.0, -12.0, 0.0, 10.0, 5.0, -10.0, -5.0, 9.0, 0.0, 6.0, -6.0, -9.0, 0.0]
Q: [0.0, 14.0, 0.0, 7.0, 13.0, 7.0, 0.0, 15.0, 0.0, 10.0, 0.0, 6.0, 15.0, 9.0, 0.0, 5.0, 0.0, 12.0, 0.0, 0.0, 10.0, 15.0, 5.0, 0.0, 9.0, 9.0, 15.0, 9.0, 0.0, 0.0]
B: [0.0, 61.0, 99.5129503025, 175.0, 183.89376197118, 197.19937597428, 230.76046369508, 256.0, 261.08428175852, 267.0, 306.733842905, 336.2538785588, 346.8810931515, 356.17409853189, 365.99591430088003, 436.0, 439.69228939819, 469.0, 470.12168890518, 496.0, 517.0, 529.0, 548.2723609867, 549.43273506431, 558.88720157491, 566.21749884037, 577.03929818247, 600.34280942007, 618.86159345147, 653.9146153611699]
