Avion: 4      Iteracion: 61

Num Ruta: 46
Ingresos: 52800.0
Costos: 158.183750952
Utilidad Ruta: 52641.816249
Costo Reducido: 1.35786310369
Nodos: [104, 11, 46, 15, 50, 20, 4, 39, 55, 33, 68, 714]
q: [0, 8.0, -8.0, 11.0, -11.0, 10.0, 5.0, -5.0, -10.0, 10.0, -10.0, 0]
Q: [0, 8.0, 0.0, 11.0, 0.0, 10.0, 15.0, 10.0, 0.0, 10.0, 0.0, 0]
B: [0.0, 169.0, 173.05406684701, 511.0, 527.4211666151, 533.55501866744, 543.83416970244, 564.25991938264, 576.12114263324, 586.94294197534, 610.24645321294, 643.3865727208399]
