Avion: 5      Iteracion: 15

Num Ruta: 15
Ingresos: 138000.0
Costos: 475.870444963
Utilidad Ruta: 137524.129555
Costo Reducido: 271.276467244
Nodos: [105, 17, 52, 24, 59, 10, 45, 35, 26, 70, 61, 18, 53, 28, 63, 25, 19, 60, 8, 54, 43, 5, 40, 7, 29, 27, 64, 42, 62, 715]
q: [0.0, 5.0, -5.0, 14.0, -14.0, 12.0, -12.0, 6.0, 9.0, -6.0, -9.0, 11.0, -11.0, 8.0, -8.0, 8.0, 7.0, -8.0, 8.0, -7.0, -8.0, 12.0, -12.0, 6.0, 9.0, 0.0, -9.0, -6.0, 0.0, 0.0]
Q: [0.0, 5.0, 0.0, 14.0, 0.0, 12.0, 0.0, 6.0, 15.0, 9.0, 0.0, 11.0, 0.0, 8.0, 0.0, 8.0, 15.0, 7.0, 15.0, 8.0, 0.0, 12.0, 0.0, 6.0, 15.0, 15.0, 6.0, 0.0, 0.0, 0.0]
B: [0.0, 24.0, 58.8425537813, 75.400837086, 113.9137873885, 125.6997180688, 155.2192288032, 279.0, 300.0, 309.29300538039, 319.11482114938, 342.39349190178, 366.21172815048, 378.0, 414.0266187839, 417.35999740026, 426.75200464046, 443.42489632125995, 469.24549617875994, 487.20245560955993, 490.1305748011199, 499.8833856779899, 501.0050745831699, 522.72348120057, 549.0, 574.6018082369, 582.8182362320799, 595.11504008508, 599.5149606525399, 621.3964872217399]
