Avion: 4      Iteracion: 9

Num Ruta: 13
Ingresos: 100800.0
Costos: 448.947787058
Utilidad Ruta: 100351.052213
Costo Reducido: 46628.5469913
Nodos: [104, 17, 52, 30, 65, 14, 49, 31, 11, 66, 46, 3, 38, 23, 35, 70, 26, 61, 58, 28, 63, 32, 8, 43, 6, 41, 67, 714]
q: [0.0, 5.0, -5.0, 11.0, -11.0, 8.0, -8.0, 6.0, 8.0, -6.0, -8.0, 0.0, 0.0, 0.0, 6.0, -6.0, 13.0, -13.0, 0.0, 8.0, -8.0, 6.0, 8.0, -8.0, 5.0, -5.0, -6.0, 0.0]
Q: [0.0, 5.0, 0.0, 11.0, 0.0, 8.0, 0.0, 6.0, 14.0, 8.0, 0.0, 0.0, 0.0, 0.0, 6.0, 0.0, 13.0, 0.0, 0.0, 8.0, 0.0, 6.0, 14.0, 6.0, 11.0, 6.0, 0.0, 0.0]
B: [0.0, 24.0, 58.8425537813, 64.0, 82.7140226568, 112.0, 124.021711775, 151.2337789879, 169.0, 169.478878899097, 173.173257466597, 256.0, 261.08428175852, 267.0, 307.4405515417, 327.3534349341, 336.64644031449, 354.22566828389, 357.29274066647, 378.0, 414.0266187839, 437.4817273106, 448.9286254494, 469.6970220654, 478.88769369483, 482.57998309301996, 505.23735474112, 533.31380517562]
