Avion: 4      Iteracion: 25

Num Ruta: 24
Ingresos: 141600.0
Costos: 429.177131439
Utilidad Ruta: 141170.822869
Costo Reducido: 29.4326500253
Nodos: [104, 17, 52, 30, 16, 51, 65, 24, 59, 31, 11, 66, 46, 3, 38, 23, 35, 70, 58, 22, 57, 19, 32, 8, 54, 43, 13, 48, 67, 714]
q: [0.0, 5.0, -5.0, 11.0, 4.0, -4.0, -11.0, 14.0, -14.0, 6.0, 8.0, -6.0, -8.0, 15.0, -15.0, 9.0, 6.0, -6.0, -9.0, 10.0, -10.0, 7.0, 0.0, 8.0, -7.0, -8.0, 15.0, -15.0, 0.0, 0.0]
Q: [0.0, 5.0, 0.0, 11.0, 15.0, 11.0, 0.0, 14.0, 0.0, 6.0, 14.0, 8.0, 0.0, 15.0, 0.0, 9.0, 15.0, 9.0, 0.0, 10.0, 0.0, 7.0, 7.0, 15.0, 8.0, 0.0, 15.0, 0.0, 0.0, 0.0]
B: [0.0, 24.0, 58.8425537813, 64.0, 72.20259129788, 81.82668273552001, 84.69783929691, 109.43181018721, 147.94476048971, 159.22911824721, 172.41184744111, 172.890726340207, 176.585104907707, 256.0, 261.08428175852, 267.0, 307.4405515417, 327.3534349341, 339.9719804129, 355.7284044044, 377.4830905433, 402.0, 422.0, 433.4468981388, 451.4038575696, 454.33197676116, 456.54265290206996, 473.42580385207, 477.49675423251, 505.57320466701]
