Avion: 1      Iteracion: 16

Num Ruta: 17
Ingresos: 87600.0
Costos: 302.832791225
Utilidad Ruta: 87297.1672088
Costo Reducido: 163.979825129
Nodos: [101, 16, 51, 12, 47, 6, 41, 13, 48, 21, 56, 4, 7, 42, 39, 711]
q: [0, 11.0, -11.0, 14.0, -14.0, 5.0, -5.0, 15.0, -15.0, 13.0, -13.0, 5.0, 10.0, -10.0, -5.0, 0]
Q: [0, 11.0, 0.0, 14.0, 0.0, 5.0, 0.0, 15.0, 0.0, 13.0, 0.0, 5.0, 15.0, 5.0, 0.0, 0]
B: [0.0, 36.0, 45.624091437640004, 79.57799432084, 122.92591858484, 436.0, 439.69228939819, 453.10235550539, 469.98550645539, 485.49690284639, 526.23569352559, 555.40549093659, 565.76886422909, 594.31017604199, 595.4705501195999, 628.1584184042999]
