Avion: 2      Iteracion: 32

Num Ruta: 32
Ingresos: 87600.0
Costos: 279.962213012
Utilidad Ruta: 87320.037787
Costo Reducido: 7.94982235326
Nodos: [102, 9, 44, 12, 47, 1, 36, 3, 38, 23, 26, 58, 61, 18, 53, 712]
q: [0.0, 11.0, -11.0, 14.0, -14.0, 7.0, -7.0, 15.0, -15.0, 10.0, 5.0, -10.0, -5.0, 11.0, -11.0, 0.0]
Q: [0.0, 11.0, 0.0, 14.0, 0.0, 7.0, 0.0, 15.0, 0.0, 10.0, 15.0, 5.0, 0.0, 11.0, 0.0, 0.0]
B: [0.0, 28.0, 57.5272370025, 68.3142737596, 111.6621980236, 175.0, 209.2400855285, 256.0, 261.08428175852, 267.0, 301.4413435423, 321.1277163164, 324.19478869898, 347.47345945138, 371.29169570007997, 388.16441939837995]
