Avion: 2      Iteracion: 53

Num Ruta: 45
Ingresos: 88800.0
Costos: 263.052791244
Utilidad Ruta: 88536.9472088
Costo Reducido: 14.8168294694
Nodos: [102, 9, 44, 12, 47, 10, 45, 35, 26, 70, 61, 18, 53, 15, 50, 712]
q: [0.0, 11.0, -11.0, 14.0, -14.0, 12.0, -12.0, 6.0, 9.0, -6.0, -9.0, 11.0, -11.0, 11.0, -11.0, 0.0]
Q: [0.0, 11.0, 0.0, 14.0, 0.0, 12.0, 0.0, 6.0, 15.0, 9.0, 0.0, 11.0, 0.0, 11.0, 0.0, 0.0]
B: [0.0, 28.0, 57.5272370025, 68.3142737596, 111.6621980236, 120.37996838075, 149.89947911515, 279.0, 300.0, 309.29300538039, 319.11482114938, 342.39349190178, 366.21172815048, 511.0, 527.4211666151, 534.86056773347]
