Avion: 6      Iteracion: 70

Num Ruta: 53
Ingresos: 104400.0
Costos: 301.305737953
Utilidad Ruta: 104098.694262
Costo Reducido: 1.16209118937
Nodos: [106, 14, 49, 3, 38, 23, 18, 53, 58, 22, 57, 19, 32, 8, 54, 43, 13, 67, 48, 29, 27, 64, 62, 716]
q: [0.0, 8.0, -8.0, 15.0, -15.0, 10.0, 5.0, -5.0, -10.0, 10.0, -10.0, 7.0, 6.0, 2.0, -7.0, -2.0, 9.0, -6.0, -9.0, 9.0, 6.0, -9.0, -6.0, 0.0]
Q: [0.0, 8.0, 0.0, 15.0, 0.0, 10.0, 15.0, 10.0, 0.0, 10.0, 0.0, 7.0, 13.0, 15.0, 8.0, 6.0, 15.0, 9.0, 0.0, 9.0, 15.0, 6.0, 0.0, 0.0]
B: [0.0, 112.0, 124.021711775, 256.0, 261.08428175852, 267.0, 293.0, 316.8182362487, 326.74376782137, 342.50019181287, 364.25487795177, 402.0, 422.0, 433.4468981388, 451.4038575696, 454.33197676116, 456.54265290206996, 470.38483267987, 474.45578306031, 549.0, 574.6018082369, 582.8182362320799, 598.26561380888, 616.17949046918]
