Avion: 2      Iteracion: 1

Num Ruta: 5
Ingresos: 114000.0
Costos: 438.642523079
Utilidad Ruta: 113561.357477
Costo Reducido: 72948.0013529
Nodos: [102, 16, 51, 30, 65, 24, 59, 31, 66, 34, 69, 28, 63, 25, 60, 21, 56, 20, 55, 712]
q: [0, 11.0, -11.0, 11.0, -11.0, 14.0, -14.0, 6.0, -6.0, 12.0, -12.0, 8.0, -8.0, 10.0, -10.0, 13.0, -13.0, 10.0, -10.0, 0]
Q: [0, 11.0, 0.0, 11.0, 0.0, 14.0, 0.0, 6.0, 0.0, 12.0, 0.0, 8.0, 0.0, 10.0, 0.0, 13.0, 0.0, 10.0, 0.0, 0]
B: [0.0, 36.0, 45.624091437640004, 64.0, 82.7140226568, 107.4479935471, 145.9609438496, 157.2453016071, 170.5509156102, 283.0, 323.947598037, 378.0, 414.0266187839, 417.35999740026, 434.54497971036, 477.0, 517.7387906792, 554.1640824007, 596.3412248477999, 639.7395298493]
