Avion: 2      Iteracion: 24

Num Ruta: 25
Ingresos: 79200.0
Costos: 266.358787959
Utilidad Ruta: 78933.641212
Costo Reducido: 50.3688705368
Nodos: [102, 9, 44, 19, 25, 60, 32, 54, 13, 67, 48, 15, 50, 29, 4, 39, 64, 712]
q: [0.0, 11.0, -11.0, 5.0, 10.0, -10.0, 6.0, -5.0, 9.0, -6.0, -9.0, 11.0, -11.0, 9.0, 5.0, -5.0, -9.0, 0.0]
Q: [0.0, 11.0, 0.0, 5.0, 15.0, 5.0, 11.0, 6.0, 15.0, 9.0, 0.0, 11.0, 0.0, 9.0, 14.0, 9.0, 0.0, 0.0]
B: [0.0, 28.0, 57.5272370025, 402.0, 411.3920072402, 428.57698955029997, 447.12191899209995, 466.69438968439994, 470.92200899081996, 484.76418876862, 488.83513914906, 511.0, 527.4211666151, 549.0, 569.7100026316, 590.1357523117999, 602.3548233485, 634.1909892138]
