Avion: 5      Iteracion: 24

Num Ruta: 24
Ingresos: 57600.0
Costos: 175.384802056
Utilidad Ruta: 57424.6151979
Costo Reducido: 49.3433019889
Nodos: [105, 1, 36, 3, 38, 32, 25, 60, 67, 15, 50, 715]
q: [0.0, 7.0, -7.0, 15.0, -15.0, 6.0, 9.0, -9.0, -6.0, 11.0, -11.0, 0.0]
Q: [0.0, 7.0, 0.0, 15.0, 0.0, 6.0, 15.0, 6.0, 0.0, 11.0, 0.0, 0.0]
B: [0.0, 175.0, 209.2400855285, 256.0, 261.08428175852, 422.0, 442.6664482919, 459.851430602, 470.8364988767, 511.0, 527.4211666151, 539.2736094434999]
