Avion: 2      Iteracion: 20

Num Ruta: 21
Ingresos: 45600.0
Costos: 197.131229156
Utilidad Ruta: 45402.8687708
Costo Reducido: 37.4948840009
Nodos: [102, 9, 44, 34, 69, 29, 27, 64, 62, 712]
q: [0, 11.0, -11.0, 12.0, -12.0, 9.0, 6.0, -9.0, -6.0, 0]
Q: [0, 11.0, 0.0, 12.0, 0.0, 9.0, 15.0, 6.0, 0.0, 0]
B: [0.0, 28.0, 57.5272370025, 283.0, 323.947598037, 549.0, 574.6018082369, 582.8182362320799, 598.26561380888, 625.7550897041799]
