Avion: 1      Iteracion: 34

Num Ruta: 33
Ingresos: 126000.0
Costos: 379.479109521
Utilidad Ruta: 125620.52089
Costo Reducido: 16.4944223328
Nodos: [101, 16, 51, 24, 59, 1, 36, 3, 38, 23, 18, 53, 58, 6, 41, 5, 40, 7, 15, 50, 20, 4, 42, 55, 39, 711]
q: [0.0, 11.0, -11.0, 14.0, -14.0, 7.0, -7.0, 15.0, -15.0, 10.0, 5.0, -5.0, -10.0, 5.0, -5.0, 12.0, -12.0, 4.0, 11.0, -11.0, 10.0, 1.0, -4.0, -10.0, -1.0, 0.0]
Q: [0.0, 11.0, 0.0, 14.0, 0.0, 7.0, 0.0, 15.0, 0.0, 10.0, 15.0, 10.0, 0.0, 5.0, 0.0, 12.0, 0.0, 4.0, 15.0, 4.0, 14.0, 15.0, 11.0, 1.0, 0.0, 0.0]
B: [0.0, 36.0, 45.624091437640004, 70.85029051714, 109.36324081964, 175.0, 209.2400855285, 256.0, 261.08428175852, 267.0, 293.0, 316.8182362487, 326.74376782137, 436.0, 439.69228939819, 469.0, 470.12168890518, 517.0, 530.7672641436, 547.1884307587, 553.3222828110399, 563.60143384604, 582.87379483274, 595.83747937844, 607.69870262904, 640.38657091374]
