Avion: 3      Iteracion: 47

Num Ruta: 45
Ingresos: 24000.0
Costos: 100.825931618
Utilidad Ruta: 23899.1740684
Costo Reducido: 1.65337651212
Nodos: [103, 18, 53, 29, 64, 713]
q: [0, 11.0, -11.0, 9.0, -9.0, 0]
Q: [0, 11.0, 0.0, 9.0, 0.0, 0]
B: [0.0, 293.0, 316.8182362487, 549.0, 582.7797797802, 602.156490853]
