Avion: 1      Iteracion: 0

Num Ruta: 3
Ingresos: 0
Costos: 45.2745870439
Utilidad Ruta: -45.2745870439
Costo Reducido: -
Nodos: [101, 711]
q: [0, 0]
Q: [0, 0]
B: [0, 0]
