Avion: 2      Iteracion: 15

Num Ruta: 16
Ingresos: 126000.0
Costos: 365.574345847
Utilidad Ruta: 125634.425654
Costo Reducido: 228.814851098
Nodos: [102, 24, 59, 30, 65, 14, 49, 3, 38, 8, 32, 19, 54, 43, 13, 67, 48, 5, 40, 7, 29, 64, 42, 712]
q: [0.0, 14.0, -14.0, 11.0, -11.0, 8.0, -8.0, 15.0, -15.0, 8.0, 0.0, 7.0, -7.0, -8.0, 15.0, 0.0, -15.0, 12.0, -12.0, 6.0, 9.0, -9.0, -6.0, 0.0]
Q: [0.0, 14.0, 0.0, 11.0, 0.0, 8.0, 0.0, 15.0, 0.0, 8.0, 8.0, 15.0, 8.0, 0.0, 15.0, 15.0, 0.0, 12.0, 0.0, 6.0, 15.0, 6.0, 0.0, 0.0]
B: [0.0, 61.0, 99.5129503025, 119.7810717004, 138.4950943572, 166.2910350141, 178.3127467891, 256.0, 261.08428175852, 414.0, 425.4468981388, 437.16181277780004, 463.7889290693, 466.71704826086, 468.92772440177, 482.76990417957, 486.84085456001003, 514.10513766081, 515.22682656599, 536.94523318339, 558.22208551169, 592.00186529189, 604.29866914489, 634.77848357999]
