Avion: 6      Iteracion: 12

Num Ruta: 14
Ingresos: 7200.0
Costos: 38.875856554
Utilidad Ruta: 7161.12414345
Costo Reducido: 59.3991446778
Nodos: [106, 27, 62, 716]
q: [0, 6.0, -6.0, 0]
Q: [0, 6.0, 0.0, 0]
B: [0.0, 538.0, 555.0308623681, 572.9447390284]
