Avion: 5      Iteracion: 13

Num Ruta: 13
Ingresos: 126000.0
Costos: 438.138281856
Utilidad Ruta: 125561.861718
Costo Reducido: 141.254752604
Nodos: [105, 17, 52, 9, 44, 11, 46, 34, 69, 22, 57, 8, 32, 67, 43, 13, 48, 20, 5, 40, 55, 2, 33, 68, 37, 715]
q: [0.0, 5.0, -5.0, 11.0, -11.0, 8.0, -8.0, 12.0, -12.0, 10.0, -10.0, 8.0, 6.0, -6.0, -8.0, 15.0, -15.0, 10.0, 5.0, -5.0, -10.0, 9.0, 6.0, -6.0, -9.0, 0.0]
Q: [0.0, 5.0, 0.0, 11.0, 0.0, 8.0, 0.0, 12.0, 0.0, 10.0, 0.0, 8.0, 14.0, 8.0, 0.0, 15.0, 0.0, 10.0, 15.0, 10.0, 0.0, 9.0, 15.0, 9.0, 0.0, 0.0]
B: [0.0, 24.0, 58.8425537813, 81.72911018459999, 111.25634718709999, 169.0, 173.05406684701, 283.0, 323.947598037, 353.69889745399996, 375.4535835929, 414.0, 425.4468981388, 453.3042539537, 469.35335268230006, 471.56402882321004, 488.44717977321005, 502.37776500861, 526.29010199181, 527.41179089699, 546.55142613389, 553.88172339935, 567.66732432935, 590.97083556695, 609.4896195983499, 624.1240554945499]
