Avion: 3      Iteracion: 32

Num Ruta: 33
Ingresos: 74400.0
Costos: 248.676695169
Utilidad Ruta: 74151.3233048
Costo Reducido: 27.1741011613
Nodos: [103, 12, 47, 26, 61, 8, 43, 5, 40, 4, 20, 39, 55, 713]
q: [0, 14.0, -14.0, 13.0, -13.0, 8.0, -8.0, 12.0, -12.0, 5.0, 10.0, -5.0, -10.0, 0]
Q: [0, 14.0, 0.0, 13.0, 0.0, 8.0, 0.0, 12.0, 0.0, 5.0, 15.0, 10.0, 0.0, 0]
B: [0.0, 54.0, 97.347924264, 300.0, 317.5792279694, 414.0, 434.768396616, 469.0, 470.12168890518, 529.0, 539.279151035, 569.6591407651, 581.5203640157, 609.8244591611]
