Avion: 5      Iteracion: 39

Num Ruta: 38
Ingresos: 121200.0
Costos: 349.900420896
Utilidad Ruta: 120850.099579
Costo Reducido: 23.9870914397
Nodos: [105, 17, 30, 52, 16, 51, 65, 14, 49, 3, 38, 23, 18, 53, 58, 26, 61, 13, 32, 67, 48, 29, 27, 64, 62, 715]
q: [0.0, 5.0, 10.0, -5.0, 5.0, -5.0, -10.0, 8.0, -8.0, 15.0, -15.0, 10.0, 5.0, -5.0, -10.0, 13.0, -13.0, 9.0, 6.0, -6.0, -9.0, 9.0, 6.0, -9.0, -6.0, 0.0]
Q: [0.0, 5.0, 15.0, 10.0, 15.0, 10.0, 0.0, 8.0, 0.0, 15.0, 0.0, 10.0, 15.0, 10.0, 0.0, 13.0, 0.0, 9.0, 15.0, 9.0, 0.0, 9.0, 15.0, 6.0, 0.0, 0.0]
B: [0.0, 24.0, 64.0, 67.14445448369, 72.47609381883, 82.10018525647, 84.97134181786, 112.76728247476, 124.78899424976, 256.0, 261.08428175852, 267.0, 293.0, 316.8182362487, 326.74376782137, 346.43014059547, 364.00936856487, 423.0, 445.6608668854, 473.51822270030004, 477.58917308074007, 549.0, 574.6018082369, 582.8182362320799, 598.26561380888, 620.1471403780799]
