Avion: 7      Iteracion: 35

Num Ruta: 30
Ingresos: 98400.0
Costos: 302.925695875
Utilidad Ruta: 98097.0743041
Costo Reducido: 19.4352958226
Nodos: [107, 16, 51, 24, 59, 1, 31, 66, 36, 3, 38, 23, 58, 21, 56, 27, 62, 717]
q: [0, 11.0, -11.0, 14.0, -14.0, 7.0, 6.0, -6.0, -7.0, 15.0, -15.0, 10.0, -10.0, 13.0, -13.0, 6.0, -6.0, 0]
Q: [0, 11.0, 0.0, 14.0, 0.0, 7.0, 13.0, 7.0, 0.0, 15.0, 0.0, 10.0, 0.0, 13.0, 0.0, 6.0, 0.0, 0]
B: [0.0, 36.0, 45.624091437640004, 70.85029051714, 109.36324081964, 175.0, 183.89376197118, 197.19937597428, 230.76046369508, 256.0, 261.08428175852, 267.0, 306.733842905, 477.0, 517.7387906792, 538.0, 555.0308623681, 555.940030119398]
