Avion: 1      Iteracion: 60

Num Ruta: 47
Ingresos: 52800.0
Costos: 167.748653723
Utilidad Ruta: 52632.2513463
Costo Reducido: 5.36856737731
Nodos: [101, 26, 61, 28, 63, 25, 60, 21, 56, 711]
q: [0, 13.0, -13.0, 8.0, -8.0, 10.0, -10.0, 13.0, -13.0, 0]
Q: [0, 13.0, 0.0, 8.0, 0.0, 10.0, 0.0, 13.0, 0.0, 0]
B: [0.0, 300.0, 317.5792279694, 378.0, 414.0266187839, 417.35999740026, 434.54497971036, 477.0, 517.7387906792, 537.5187401229999]
