Avion: 2      Iteracion: 44

Num Ruta: 42
Ingresos: 52800.0
Costos: 169.557901106
Utilidad Ruta: 52630.4420989
Costo Reducido: 8.24231087472
Nodos: [102, 12, 47, 13, 48, 29, 27, 64, 62, 712]
q: [0, 14.0, -14.0, 15.0, -15.0, 9.0, 6.0, -9.0, -6.0, 0]
Q: [0, 14.0, 0.0, 15.0, 0.0, 9.0, 15.0, 6.0, 0.0, 0]
B: [0.0, 54.0, 97.347924264, 423.0, 439.88315095, 549.0, 574.6018082369, 582.8182362320799, 598.26561380888, 625.7550897041799]
