Avion: 4      Iteracion: 40

Num Ruta: 37
Ingresos: 60000.0
Costos: 163.200636747
Utilidad Ruta: 59836.7993633
Costo Reducido: 18.9357396115
Nodos: [104, 31, 11, 66, 46, 15, 50, 20, 4, 39, 55, 33, 68, 714]
q: [0, 6.0, 8.0, -6.0, -8.0, 11.0, -11.0, 10.0, 5.0, -5.0, -10.0, 10.0, -10.0, 0]
Q: [0, 6.0, 14.0, 8.0, 0.0, 11.0, 0.0, 10.0, 15.0, 10.0, 0.0, 10.0, 0.0, 0]
B: [0.0, 130.0, 169.0, 169.478878899097, 173.173257466597, 511.0, 527.4211666151, 533.55501866744, 543.83416970244, 564.25991938264, 576.12114263324, 586.94294197534, 610.24645321294, 643.3865727208399]
