Avion: 5      Iteracion: 17

Num Ruta: 17
Ingresos: 122400.0
Costos: 393.962091965
Utilidad Ruta: 122006.037908
Costo Reducido: 78.3019113427
Nodos: [105, 17, 30, 52, 16, 65, 51, 10, 45, 35, 26, 70, 61, 22, 57, 8, 32, 43, 6, 41, 67, 15, 50, 20, 4, 39, 55, 715]
q: [0.0, 5.0, 10.0, -5.0, 5.0, -10.0, -5.0, 12.0, -12.0, 6.0, 9.0, -6.0, -9.0, 10.0, -10.0, 8.0, 6.0, -8.0, 5.0, -5.0, -6.0, 11.0, -11.0, 10.0, 5.0, -5.0, -10.0, 0.0]
Q: [0.0, 5.0, 15.0, 10.0, 15.0, 5.0, 0.0, 12.0, 0.0, 6.0, 15.0, 9.0, 0.0, 10.0, 0.0, 8.0, 14.0, 6.0, 11.0, 6.0, 0.0, 11.0, 0.0, 10.0, 15.0, 10.0, 0.0, 0.0]
B: [0.0, 24.0, 64.0, 67.14445448369, 72.47609381883, 83.29276558052999, 86.16392214191998, 101.99319935221999, 131.51271008662, 279.0, 300.0, 309.29300538039, 319.11482114938, 332.74900179948, 354.50368793838004, 414.0, 425.4468981388, 447.8266328334, 457.01730446283, 460.70959386102, 483.36696550912, 511.0, 527.4211666151, 533.55501866744, 543.83416970244, 564.25991938264, 576.12114263324, 613.9665913556399]
