Avion: 4      Iteracion: 1

Num Ruta: 5
Ingresos: 133200.0
Costos: 590.578669096
Utilidad Ruta: 132609.421331
Costo Reducido: 89726.4027588
Nodos: [104, 17, 52, 16, 51, 24, 59, 10, 45, 1, 36, 23, 58, 18, 53, 28, 63, 25, 32, 60, 6, 41, 67, 21, 56, 714]
q: [0.0, 5.0, -5.0, 11.0, -11.0, 14.0, -14.0, 12.0, -12.0, 7.0, -7.0, 10.0, -10.0, 11.0, -11.0, 8.0, -8.0, 10.0, 5.0, -10.0, 5.0, -5.0, -5.0, 13.0, -13.0, 0.0]
Q: [0.0, 5.0, 0.0, 11.0, 0.0, 14.0, 0.0, 12.0, 0.0, 7.0, 0.0, 10.0, 0.0, 11.0, 0.0, 8.0, 0.0, 10.0, 15.0, 5.0, 10.0, 5.0, 0.0, 13.0, 0.0, 0.0]
B: [0.0, 24.0, 58.8425537813, 64.17419311644, 73.79828455408, 99.02448363357999, 137.53743393608, 149.32336461638, 178.84287535078, 217.26221652158, 251.50230205008, 267.0, 306.733842905, 332.1731543147, 355.9913905634, 378.0, 414.0266187839, 417.35999740026, 438.02644569216, 456.57137513396, 482.07314562156, 485.76543501975, 508.42280666785, 526.83473826125, 567.5735289404499, 620.8822062828499]
