Avion: 2      Iteracion: 26

Num Ruta: 27
Ingresos: 110400.0
Costos: 346.831303663
Utilidad Ruta: 110053.168696
Costo Reducido: 52.8247286992
Nodos: [102, 9, 44, 12, 47, 10, 45, 35, 26, 70, 61, 22, 57, 19, 25, 60, 54, 4, 7, 42, 39, 712]
q: [0.0, 11.0, -11.0, 14.0, -14.0, 12.0, -12.0, 6.0, 9.0, -6.0, -9.0, 10.0, -10.0, 7.0, 8.0, -8.0, -7.0, 5.0, 10.0, -10.0, -5.0, 0.0]
Q: [0.0, 11.0, 0.0, 14.0, 0.0, 12.0, 0.0, 6.0, 15.0, 9.0, 0.0, 10.0, 0.0, 7.0, 15.0, 7.0, 0.0, 5.0, 15.0, 5.0, 0.0, 0.0]
B: [0.0, 28.0, 57.5272370025, 68.3142737596, 111.6621980236, 120.37996838075, 149.89947911515, 279.0, 300.0, 309.29300538039, 319.11482114938, 332.74900179948, 354.50368793838004, 402.0, 411.3920072402, 428.57698955029997, 445.3638459862, 529.0, 539.3633732925, 567.9046851054, 569.0650591830099, 600.6822206622099]
