Avion: 2      Iteracion: 66

Num Ruta: 63
Ingresos: 3248.471
Costos: 553.578812835
Utilidad Ruta: 2694.89218717
Costo Reducido: 67.337415686
Nodos: [102, 16, 51, 24, 59, 1, 36, 3, 38, 23, 35, 70, 32, 67, 26, 61, 58, 28, 63, 25, 19, 60, 54, 13, 48, 20, 4, 39, 55, 2, 37, 712]
q: [0.0, 9.0, -9.0, 11.0, -11.0, 7.0, -7.0, 13.0, -13.0, 7.0, 8.0, -8.0, 8.0, -8.0, 8.0, -8.0, -7.0, 6.0, -6.0, 8.0, 7.0, -8.0, -7.0, 15.0, -15.0, 0.0, 3.0, -3.0, 0.0, 10.0, -10.0, 0.0]
Q: [0.0, 9.0, 0.0, 11.0, 0.0, 7.0, 0.0, 13.0, 0.0, 7.0, 15.0, 7.0, 15.0, 7.0, 15.0, 7.0, 0.0, 6.0, 0.0, 8.0, 15.0, 7.0, 0.0, 15.0, 0.0, 0.0, 3.0, 0.0, 0.0, 10.0, 0.0, 0.0]
B: [0.0, 36.0, 45.624091437640004, 70.85029051714, 109.36324081964, 175.0, 209.2400855285, 256.0, 261.08428175852, 267.0, 277.4634044651, 289.38614345409997, 309.0, 319.4016530417, 332.1221722921, 349.7014002615, 352.76847264408, 378.0, 414.0266187839, 417.35999740026, 426.75200464046, 443.42489632125995, 460.21175275715996, 464.43937206358, 481.32252301358, 496.0, 529.0, 549.4257496801999, 561.2869729308, 568.6172701962599, 609.35223224366, 613.46797871301]
