Avion: 4      Iteracion: 84

Num Ruta: 48
Ingresos: 2302.535
Costos: 482.272653322
Utilidad Ruta: 1820.26234668
Costo Reducido: 79.4773343369
Nodos: [104, 17, 52, 24, 9, 44, 59, 10, 45, 32, 67, 26, 34, 61, 69, 33, 8, 43, 13, 48, 68, 29, 64, 714]
q: [0.0, 5.0, -5.0, 11.0, 4.0, -4.0, -11.0, 12.0, -12.0, 11.0, -11.0, 7.0, 8.0, -7.0, -8.0, 5.0, 8.0, -8.0, 10.0, -10.0, -5.0, 9.0, -9.0, 0.0]
Q: [0.0, 5.0, 0.0, 11.0, 15.0, 11.0, 0.0, 12.0, 0.0, 11.0, 0.0, 7.0, 15.0, 8.0, 0.0, 5.0, 13.0, 5.0, 15.0, 5.0, 0.0, 9.0, 0.0, 0.0]
B: [0.0, 24.0, 58.8425537813, 75.400837086, 81.83771412381999, 111.36495112632, 136.42051454042, 148.20644522071998, 177.72595595511999, 309.0, 319.4016530417, 332.1221722921, 348.0493993263, 362.9626454183, 387.9493993691, 437.0, 450.76465480859997, 471.5330514246, 473.74372756550997, 490.62687851551, 495.97492881445, 549.0, 582.7797797802, 609.550209829]
