Avion: 3      Iteracion: 56

Num Ruta: 34
Ingresos: 228.162
Costos: 218.79243802
Utilidad Ruta: 9.36956197994
Costo Reducido: 18.0398544577
Nodos: [103, 24, 59, 713]
q: [0, 11.0, -11.0, 0]
Q: [0, 11.0, 0.0, 0]
B: [0.0, 61.0, 99.5129503025, 107.96728362926001]
