Avion: 5      Iteracion: 13

Num Ruta: 13
Ingresos: 379.64
Costos: 253.717968162
Utilidad Ruta: 125.922031838
Costo Reducido: 116.331273354
Nodos: [105, 18, 53, 25, 60, 715]
q: [0, 10.0, -10.0, 10.0, -10.0, 0]
Q: [0, 10.0, 0.0, 10.0, 0.0, 0]
B: [0.0, 293.0, 316.8182362487, 410.0, 427.1849823101, 464.3278896007]
