Avion: 6      Iteracion: 88

Num Ruta: 56
Ingresos: 622.841
Costos: 196.715780973
Utilidad Ruta: 426.125219027
Costo Reducido: 3.57417876796
Nodos: [106, 16, 51, 26, 61, 34, 69, 6, 41, 5, 40, 716]
q: [0, 9.0, -9.0, 10.0, -10.0, 8.0, -8.0, 4.0, -4.0, 9.0, -9.0, 0]
Q: [0, 9.0, 0.0, 10.0, 0.0, 8.0, 0.0, 4.0, 0.0, 9.0, 0.0, 0]
B: [0.0, 36.0, 45.624091437640004, 300.0, 317.5792279694, 332.4924740614, 368.9326042752, 436.0, 439.69228939819, 469.0, 470.12168890518, 476.84504297885]
