Avion: 5      Iteracion: 105

Num Ruta: 61
Ingresos: 561.569
Costos: 248.255909362
Utilidad Ruta: 313.313090638
Costo Reducido: 1.700973316
Nodos: [105, 18, 53, 13, 48, 31, 66, 715]
q: [0, 10.0, -10.0, 15.0, -15.0, 9.0, -9.0, 0]
Q: [0, 10.0, 0.0, 15.0, 0.0, 9.0, 0.0, 0]
B: [0.0, 293.0, 316.8182362487, 423.0, 439.88315095, 444.3406643824, 472.6661434604, 486.418887223]
