Avion: 6      Iteracion: 67

Num Ruta: 49
Ingresos: 295.05
Costos: 173.007676312
Utilidad Ruta: 122.042323688
Costo Reducido: 28.9913064818
Nodos: [106, 24, 9, 44, 59, 6, 41, 5, 40, 716]
q: [0.0, 4.0, 11.0, -11.0, -4.0, 4.0, -4.0, 0.0, 0.0, 0.0]
Q: [0.0, 4.0, 15.0, 4.0, 0.0, 4.0, 0.0, 0.0, 0.0, 0.0]
B: [0.0, 61.0, 67.43687703782, 96.96411404032, 122.01967745441999, 436.0, 439.69228939819, 469.0, 470.12168890518, 476.84504297885]
