Avion: 6      Iteracion: 38

Num Ruta: 35
Ingresos: 487.38
Costos: 212.614664923
Utilidad Ruta: 274.765335077
Costo Reducido: 36.0955384358
Nodos: [106, 10, 45, 34, 67, 32, 69, 5, 40, 716]
q: [0.0, 12.0, -12.0, 8.0, -8.0, 8.0, -8.0, 0.0, 0.0, 0.0]
Q: [0.0, 12.0, 0.0, 8.0, 0.0, 8.0, 0.0, 0.0, 0.0, 0.0]
B: [0.0, 96.0, 125.5195107344, 322.0, 348.7734367798, 359.1750898215, 382.8059566909, 469.0, 470.12168890518, 476.84504297885]
