Avion: 2      Iteracion: 55

Num Ruta: 52
Ingresos: 2450.462
Costos: 624.547256501
Utilidad Ruta: 1825.9147435
Costo Reducido: 80.1838524354
Nodos: [102, 16, 51, 30, 65, 24, 59, 1, 36, 35, 70, 32, 67, 26, 61, 34, 69, 8, 33, 6, 41, 43, 13, 48, 20, 68, 4, 39, 55, 2, 37, 712]
q: [0.0, 0.0, 0.0, 11.0, -11.0, 11.0, -11.0, 7.0, -7.0, 8.0, -8.0, 11.0, -11.0, 0.0, 0.0, 8.0, -8.0, 6.0, 5.0, 4.0, -4.0, -6.0, 10.0, -10.0, 0.0, -5.0, 3.0, -3.0, 0.0, 10.0, -10.0, 0.0]
Q: [0.0, 0.0, 0.0, 11.0, 0.0, 11.0, 0.0, 7.0, 0.0, 8.0, 0.0, 11.0, 0.0, 0.0, 0.0, 8.0, 0.0, 6.0, 11.0, 15.0, 11.0, 5.0, 15.0, 5.0, 5.0, 0.0, 3.0, 0.0, 0.0, 10.0, 0.0, 0.0]
B: [0.0, 36.0, 45.624091437640004, 64.0, 82.7140226568, 107.4479935471, 145.9609438496, 175.0, 209.2400855285, 270.0, 281.922738989, 309.0, 319.4016530417, 332.1221722921, 349.7014002615, 364.6146463535, 401.0547765673, 414.0, 437.0, 463.1548069196, 466.84709631779, 479.71309880498995, 481.92377494589994, 498.80692589589995, 512.7375111312999, 523.3282935858999, 540.6458276193999, 561.0715772996, 572.9328005502, 580.26309781566, 620.99805986306, 625.11380633241]
