Avion: 6      Iteracion: 25

Num Ruta: 26
Ingresos: 1775.392
Costos: 372.765345291
Utilidad Ruta: 1402.62665471
Costo Reducido: 156.567180275
Nodos: [106, 17, 52, 32, 67, 26, 61, 31, 66, 8, 43, 13, 48, 29, 64, 27, 62, 716]
q: [0, 5.0, -5.0, 11.0, -11.0, 10.0, -10.0, 9.0, -9.0, 8.0, -8.0, 15.0, -15.0, 9.0, -9.0, 6.0, -6.0, 0]
Q: [0, 5.0, 0.0, 11.0, 0.0, 10.0, 0.0, 9.0, 0.0, 8.0, 0.0, 15.0, 0.0, 9.0, 0.0, 6.0, 0.0, 0]
B: [0.0, 24.0, 58.8425537813, 309.0, 319.4016530417, 332.1221722921, 349.7014002615, 406.0, 434.325479078, 443.10832519984, 463.87672181584, 466.08739795675, 482.97054890675, 549.0, 582.7797797802, 590.99620777538, 608.0270701434799, 617.73274049642]
