Avion: 1      Iteracion: 54

Num Ruta: 34
Ingresos: 1909.695
Costos: 431.761488855
Utilidad Ruta: 1477.93351114
Costo Reducido: 82.848173996
Nodos: [101, 30, 65, 24, 59, 1, 36, 3, 38, 35, 70, 32, 67, 33, 68, 21, 56, 711]
q: [0, 11.0, -11.0, 11.0, -11.0, 7.0, -7.0, 13.0, -13.0, 8.0, -8.0, 11.0, -11.0, 5.0, -5.0, 12.0, -12.0, 0]
Q: [0, 11.0, 0.0, 11.0, 0.0, 7.0, 0.0, 13.0, 0.0, 8.0, 0.0, 11.0, 0.0, 5.0, 0.0, 12.0, 0.0, 0]
B: [0.0, 64.0, 82.7140226568, 107.4479935471, 145.9609438496, 175.0, 209.2400855285, 256.0, 261.08428175852, 274.08526633661995, 286.00800532561993, 309.0, 319.4016530417, 437.0, 478.9526650524, 489.83214242959997, 530.5709331088, 552.8134187837]
