Avion: 6      Iteracion: 37

Num Ruta: 34
Ingresos: 2665.334
Costos: 297.798132886
Utilidad Ruta: 2367.53586711
Costo Reducido: 63.2392537393
Nodos: [106, 17, 52, 30, 65, 3, 38, 23, 57, 22, 58, 28, 31, 63, 19, 66, 54, 6, 41, 5, 40, 716]
q: [0.0, 5.0, -5.0, 11.0, -11.0, 13.0, -13.0, 10.0, -10.0, 10.0, -10.0, 6.0, 8.0, -6.0, 7.0, -8.0, -7.0, 4.0, -4.0, 0.0, 0.0, 0.0]
Q: [0.0, 5.0, 0.0, 11.0, 0.0, 13.0, 0.0, 10.0, 0.0, 10.0, 0.0, 6.0, 14.0, 8.0, 15.0, 7.0, 0.0, 4.0, 0.0, 0.0, 0.0, 0.0]
B: [0.0, 24.0, 58.8425537813, 64.0, 82.7140226568, 256.0, 261.08428175852, 267.0, 320.0, 341.7546861389, 357.5111101304, 378.0, 406.0, 426.4968799577, 439.0326732314, 455.1338900798, 477.5520543668, 489.3430733643, 493.03536276248997, 511.42422297728996, 512.5459118824699, 519.2692659561399]
