Avion: 1      Iteracion: 7

Num Ruta: 11
Ingresos: 1376.795
Costos: 345.46629875
Utilidad Ruta: 1031.32870125
Costo Reducido: 284.397295952
Nodos: [101, 30, 16, 51, 65, 24, 59, 1, 36, 8, 43, 13, 48, 31, 66, 711]
q: [0.0, 6.0, 9.0, -9.0, -6.0, 11.0, -11.0, 7.0, -7.0, 8.0, -8.0, 15.0, -15.0, 9.0, -9.0, 0.0]
Q: [0.0, 6.0, 15.0, 6.0, 0.0, 11.0, 0.0, 7.0, 0.0, 8.0, 0.0, 15.0, 0.0, 9.0, 0.0, 0.0]
B: [0.0, 64.0, 72.20259129788, 81.82668273552001, 84.69783929691, 109.43181018721, 147.94476048971, 175.0, 209.2400855285, 414.0, 434.768396616, 436.97907275691, 453.86222370691, 458.31973713931, 486.64521621731, 508.95900818551]
