Avion: 2      Iteracion: 22

Num Ruta: 21
Ingresos: 1943.828
Costos: 479.394013777
Utilidad Ruta: 1464.43398622
Costo Reducido: 273.610318487
Nodos: [102, 16, 51, 10, 45, 34, 69, 19, 33, 54, 13, 48, 68, 20, 4, 39, 55, 2, 37, 712]
q: [0.0, 9.0, -9.0, 12.0, -12.0, 8.0, -8.0, 7.0, 5.0, -7.0, 10.0, -10.0, -5.0, 0.0, 3.0, -3.0, 0.0, 10.0, -10.0, 0.0]
Q: [0.0, 9.0, 0.0, 12.0, 0.0, 8.0, 0.0, 7.0, 12.0, 5.0, 15.0, 5.0, 0.0, 0.0, 3.0, 0.0, 0.0, 10.0, 0.0, 0.0]
B: [0.0, 36.0, 45.624091437640004, 96.0, 125.5195107344, 322.0, 358.4401302138, 402.0, 438.5935603624, 460.1419541308, 464.36957343722, 481.25272438722004, 486.60077468616004, 497.19155714076004, 529.0, 549.4257496801999, 561.2869729308, 568.6172701962599, 609.35223224366, 613.46797871301]
