Avion: 1      Iteracion: 99

Num Ruta: 53
Ingresos: 1481.617
Costos: 369.75278069
Utilidad Ruta: 1111.86421931
Costo Reducido: 12.1220050389
Nodos: [101, 30, 65, 24, 59, 1, 36, 33, 68, 29, 4, 39, 64, 711]
q: [0, 11.0, -11.0, 11.0, -11.0, 7.0, -7.0, 5.0, -5.0, 9.0, 3.0, -3.0, -9.0, 0]
Q: [0, 11.0, 0.0, 11.0, 0.0, 7.0, 0.0, 5.0, 0.0, 9.0, 12.0, 9.0, 0.0, 0]
B: [0.0, 64.0, 82.7140226568, 107.4479935471, 145.9609438496, 175.0, 209.2400855285, 437.0, 478.9526650524, 549.0, 569.7100026316, 590.1357523117999, 602.3548233485, 618.4553323156]
