Avion: 5      Iteracion: 54

Num Ruta: 41
Ingresos: 1409.448
Costos: 416.533617227
Utilidad Ruta: 992.914382773
Costo Reducido: 50.6724646827
Nodos: [105, 24, 59, 1, 36, 35, 70, 28, 63, 25, 60, 31, 66, 715]
q: [0, 11.0, -11.0, 7.0, -7.0, 8.0, -8.0, 6.0, -6.0, 10.0, -10.0, 9.0, -9.0, 0]
Q: [0, 11.0, 0.0, 7.0, 0.0, 8.0, 0.0, 6.0, 0.0, 10.0, 0.0, 9.0, 0.0, 0]
B: [0.0, 61.0, 99.5129503025, 175.0, 209.2400855285, 270.0, 281.922738989, 378.0, 414.0266187839, 417.35999740026, 434.54497971036, 439.36662631707, 467.69210539507, 481.44484915767]
