Avion: 6      Iteracion: 55

Num Ruta: 45
Ingresos: 822.238
Costos: 264.510431566
Utilidad Ruta: 557.727568434
Costo Reducido: 42.7400338165
Nodos: [106, 24, 59, 34, 69, 19, 54, 5, 40, 716]
q: [0, 11.0, -11.0, 8.0, -8.0, 7.0, -7.0, 9.0, -9.0, 0]
Q: [0, 11.0, 0.0, 8.0, 0.0, 7.0, 0.0, 9.0, 0.0, 0]
B: [0.0, 61.0, 99.5129503025, 322.0, 358.4401302138, 402.0, 428.6271162915, 469.0, 470.12168890518, 476.84504297885]
