Avion: 7      Iteracion: 16

Num Ruta: 16
Ingresos: 939.3
Costos: 313.01407544
Utilidad Ruta: 626.28592456
Costo Reducido: 55.6962800989
Nodos: [107, 19, 54, 2, 37, 717]
q: [0, 7.0, -7.0, 10.0, -10.0, 0]
Q: [0, 7.0, 0.0, 10.0, 0.0, 0]
B: [0.0, 402.0, 428.6271162915, 522.0, 562.7349620474, 590.0950962941]
