Avion: 1      Iteracion: 6

Num Ruta: 10
Ingresos: 204.36
Costos: 283.585870179
Utilidad Ruta: -79.2258701792
Costo Reducido: 149.906093301
Nodos: [101, 25, 60, 711]
q: [0, 10.0, -10.0, 0]
Q: [0, 10.0, 0.0, 0]
B: [0.0, 410.0, 427.1849823101, 439.297864915]
