Avion: 4      Iteracion: 32

Num Ruta: 30
Ingresos: 755.309
Costos: 347.952875097
Utilidad Ruta: 407.356124903
Costo Reducido: 43.1388544784
Nodos: [104, 1, 36, 35, 70, 32, 67, 33, 68, 714]
q: [0, 7.0, -7.0, 8.0, -8.0, 11.0, -11.0, 5.0, -5.0, 0]
Q: [0, 7.0, 0.0, 8.0, 0.0, 11.0, 0.0, 5.0, 0.0, 0]
B: [0.0, 175.0, 209.2400855285, 270.0, 281.922738989, 309.0, 319.4016530417, 437.0, 478.9526650524, 495.1270820434]
