Avion: 3      Iteracion: 12

Num Ruta: 13
Ingresos: 1228.389
Costos: 300.065929231
Utilidad Ruta: 928.323070769
Costo Reducido: 154.597737995
Nodos: [103, 11, 46, 23, 26, 61, 58, 28, 31, 63, 66, 713]
q: [0.0, 6.0, -6.0, 5.0, 10.0, -10.0, -5.0, 6.0, 9.0, -6.0, -9.0, 0.0]
Q: [0.0, 6.0, 0.0, 5.0, 15.0, 5.0, 0.0, 6.0, 15.0, 9.0, 0.0, 0.0]
B: [0.0, 169.0, 173.05406684701, 267.0, 301.4413435423, 319.0205715117, 322.08764389428, 378.0, 406.0, 426.4968799577, 454.9113116606, 485.17381297820003]
