Avion: 5      Iteracion: 71

Num Ruta: 48
Ingresos: 1082.504
Costos: 323.504019434
Utilidad Ruta: 758.999980566
Costo Reducido: 32.7662048559
Nodos: [105, 18, 53, 28, 63, 19, 54, 33, 68, 715]
q: [0, 10.0, -10.0, 6.0, -6.0, 7.0, -7.0, 5.0, -5.0, 0]
Q: [0, 10.0, 0.0, 6.0, 0.0, 7.0, 0.0, 5.0, 0.0, 0]
B: [0.0, 293.0, 316.8182362487, 378.0, 414.0266187839, 426.5624120576, 453.1895283491, 474.7379221175, 516.6905871699, 560.4509136084]
