Avion: 5      Iteracion: 1

Num Ruta: 5
Ingresos: 3275.135
Costos: 744.747454631
Utilidad Ruta: 2530.38754537
Costo Reducido: 1979.99144334
Nodos: [105, 9, 44, 16, 51, 30, 65, 10, 45, 3, 38, 23, 58, 22, 57, 28, 63, 19, 54, 5, 40, 33, 21, 68, 56, 715]
q: [0.0, 11.0, -11.0, 9.0, -9.0, 11.0, -11.0, 12.0, -12.0, 13.0, -13.0, 10.0, -10.0, 10.0, -10.0, 6.0, -6.0, 7.0, -7.0, 9.0, -9.0, 3.0, 12.0, -3.0, -12.0, 0.0]
Q: [0.0, 11.0, 0.0, 9.0, 0.0, 11.0, 0.0, 12.0, 0.0, 13.0, 0.0, 10.0, 0.0, 10.0, 0.0, 6.0, 0.0, 7.0, 0.0, 9.0, 0.0, 3.0, 15.0, 12.0, 0.0, 0.0]
B: [0.0, 31.4915482312, 61.0187852337, 84.7485694089, 94.37266084654, 111.35795448544, 130.07197714224, 148.76502742834, 178.28453816274, 256.0, 261.08428175852, 267.0, 306.733842905, 322.49026689650003, 344.24495303540004, 387.29611673630006, 423.32273552020007, 435.85852879390006, 462.48564508540005, 470.33595832756004, 471.45764723274004, 484.74782593734005, 524.3410339028401, 535.2205112800401, 570.0725501013401, 623.40429453184]
