Avion: 7      Iteracion: 1

Num Ruta: 4
Ingresos: 2649.91
Costos: 531.530165862
Utilidad Ruta: 2118.37983414
Costo Reducido: 2037.67550889
Nodos: [107, 30, 65, 16, 51, 10, 45, 3, 38, 23, 18, 53, 58, 22, 57, 31, 19, 66, 8, 33, 54, 43, 68, 717]
q: [0.0, 11.0, -11.0, 9.0, -9.0, 12.0, -12.0, 13.0, -13.0, 10.0, 5.0, -5.0, -10.0, 10.0, -10.0, 9.0, 6.0, -9.0, 4.0, 5.0, -6.0, -4.0, -5.0, 0.0]
Q: [0.0, 11.0, 0.0, 9.0, 0.0, 12.0, 0.0, 13.0, 0.0, 10.0, 15.0, 10.0, 0.0, 10.0, 0.0, 9.0, 15.0, 6.0, 10.0, 15.0, 9.0, 5.0, 0.0, 0.0]
B: [0.0, 64.0, 82.7140226568, 93.53069441849999, 103.15478585614, 118.98406306644, 148.50357380084, 256.0, 261.08428175852, 267.0, 293.0, 316.8182362487, 326.74376782137, 342.50019181287, 364.25487795177, 406.0, 427.4250045741, 443.5262214225, 452.30906754434, 466.07372235293997, 487.62211612133996, 490.55023531289993, 512.5071163527999, 547.0428647448999]
