Avion: 6      Iteracion: 6

Num Ruta: 10
Ingresos: 1783.663
Costos: 469.562109706
Utilidad Ruta: 1314.10089029
Costo Reducido: 864.7613093
Nodos: [106, 24, 59, 1, 36, 3, 38, 18, 70, 35, 53, 28, 25, 63, 60, 31, 66, 4, 39, 716]
q: [0.0, 11.0, -11.0, 7.0, -7.0, 13.0, -13.0, 10.0, -8.0, 8.0, -10.0, 6.0, 9.0, -6.0, -9.0, 9.0, -9.0, 3.0, -3.0, 0.0]
Q: [0.0, 11.0, 0.0, 7.0, 0.0, 13.0, 0.0, 10.0, 2.0, 10.0, 0.0, 6.0, 15.0, 9.0, 0.0, 9.0, 0.0, 3.0, 0.0, 0.0]
B: [0.0, 61.0, 99.5129503025, 175.0, 209.2400855285, 256.0, 261.08428175852, 293.0, 313.4181531241, 325.3408921131, 357.0688460339, 378.0, 414.5748134377, 417.90819205406, 435.21428080916, 440.03592741587, 468.36140649387, 529.0, 549.4257496801999, 564.1028645192999]
