Avion: 4      Iteracion: 2

Num Ruta: 5
Ingresos: 3358.654
Costos: 689.72714169
Utilidad Ruta: 2668.92685831
Costo Reducido: 1666.33621419
Nodos: [104, 9, 44, 30, 65, 1, 36, 23, 18, 53, 58, 26, 61, 28, 63, 8, 33, 43, 68, 4, 2, 39, 37, 714]
q: [0.0, 11.0, -11.0, 11.0, -11.0, 7.0, -7.0, 10.0, 5.0, -5.0, -10.0, 10.0, -10.0, 6.0, -6.0, 8.0, 5.0, -8.0, -5.0, 3.0, 10.0, -3.0, -10.0, 0.0]
Q: [0.0, 11.0, 0.0, 11.0, 0.0, 7.0, 0.0, 10.0, 15.0, 10.0, 0.0, 10.0, 0.0, 6.0, 0.0, 8.0, 13.0, 5.0, 0.0, 3.0, 13.0, 10.0, 0.0, 0.0]
B: [0.0, 57.4296024799, 86.9568394824, 102.7447398178, 121.4587624746, 175.0, 209.2400855285, 267.0, 293.0, 316.8182362487, 326.74376782137, 346.43014059547, 364.00936856487, 378.0, 414.0266187839, 448.6194490382, 462.38410384680003, 485.6584708629, 507.6153519028, 529.0, 556.3715326023, 565.8259991129, 599.0192098946001, 623.3805140058]
