Avion: 6      Iteracion: 109

Num Ruta: 60
Ingresos: 2266.567
Costos: 428.163773939
Utilidad Ruta: 1838.40322606
Costo Reducido: 44.7023478028
Nodos: [106, 30, 65, 35, 70, 32, 67, 26, 34, 61, 69, 8, 33, 6, 41, 43, 13, 48, 68, 21, 4, 56, 27, 39, 62, 716]
q: [0.0, 11.0, -11.0, 8.0, -8.0, 11.0, -11.0, 7.0, 8.0, -7.0, -8.0, 8.0, 5.0, 2.0, -2.0, -8.0, 10.0, -10.0, -5.0, 12.0, 3.0, -12.0, 6.0, -3.0, -6.0, 0.0]
Q: [0.0, 11.0, 0.0, 8.0, 0.0, 11.0, 0.0, 7.0, 15.0, 8.0, 0.0, 8.0, 13.0, 15.0, 13.0, 5.0, 15.0, 5.0, 0.0, 12.0, 15.0, 3.0, 9.0, 6.0, 0.0, 0.0]
B: [0.0, 64.0, 82.7140226568, 270.0, 281.922738989, 309.0, 319.4016530417, 332.1221722921, 348.0493993263, 362.9626454183, 387.9493993691, 414.0, 437.0, 463.1548069196, 466.84709631779, 479.71309880498995, 481.92377494589994, 498.80692589589995, 504.15497619483995, 515.03445357204, 529.98224193684, 559.15203934784, 572.32948754544, 588.68030012464, 594.09555865956, 603.8012290125]
