Avion: 2      Iteracion: 50

Num Ruta: 47
Ingresos: 3383.047
Costos: 699.575903369
Utilidad Ruta: 2683.47109663
Costo Reducido: 16.937582817
Nodos: [102, 16, 51, 30, 65, 24, 59, 1, 36, 23, 18, 53, 58, 34, 32, 67, 69, 8, 33, 43, 13, 48, 68, 21, 20, 56, 55, 2, 37, 712]
q: [0.0, 0.0, 0.0, 11.0, -11.0, 11.0, -11.0, 7.0, -7.0, 5.0, 10.0, -10.0, -5.0, 8.0, 7.0, -7.0, -8.0, 8.0, 5.0, -8.0, 0.0, 0.0, -5.0, 12.0, 0.0, -12.0, 0.0, 10.0, -10.0, 0.0]
Q: [0.0, 0.0, 0.0, 11.0, 0.0, 11.0, 0.0, 7.0, 0.0, 5.0, 15.0, 5.0, 0.0, 8.0, 15.0, 8.0, 0.0, 8.0, 13.0, 5.0, 5.0, 5.0, 0.0, 12.0, 12.0, 0.0, 0.0, 10.0, 0.0, 0.0]
B: [0.0, 36.0, 45.624091437640004, 64.0, 82.7140226568, 107.4479935471, 145.9609438496, 175.0, 209.2400855285, 267.0, 293.0, 316.8182362487, 326.74376782137, 341.00271483717, 361.02563273147, 371.42728577317, 402.46957062787, 414.0, 437.0, 460.2743670161, 462.48504315700995, 479.36819410700997, 484.71624440594996, 495.59572178314994, 500.3451281671099, 536.7704198886099, 557.3698405115099, 564.7001377769699, 605.4350998243699, 609.5508462937199]
