Avion: 1      Iteracion: 2

Num Ruta: 6
Ingresos: 1349.51
Costos: 384.761620504
Utilidad Ruta: 964.748379496
Costo Reducido: 616.094859023
Nodos: [101, 23, 58, 2, 37, 711]
q: [0, 10.0, -10.0, 10.0, -10.0, 0]
Q: [0, 10.0, 0.0, 10.0, 0.0, 0]
B: [0.0, 267.0, 306.733842905, 522.0, 562.7349620474, 579.6846292418]
