Avion: 5      Iteracion: 28

Num Ruta: 27
Ingresos: 421.833
Costos: 282.268688103
Utilidad Ruta: 139.564311897
Costo Reducido: 5.68107140035
Nodos: [105, 1, 36, 35, 70, 715]
q: [0, 7.0, -7.0, 8.0, -8.0, 0]
Q: [0, 7.0, 0.0, 8.0, 0.0, 0]
B: [0.0, 175.0, 209.2400855285, 270.0, 281.922738989, 310.9187060362]
