Avion: 7      Iteracion: 76

Num Ruta: 50
Ingresos: 1227.042
Costos: 168.807499762
Utilidad Ruta: 1058.23450024
Costo Reducido: 4.31635884819
Nodos: [107, 14, 49, 3, 38, 23, 35, 70, 26, 61, 58, 22, 57, 717]
q: [0.0, 8.0, -8.0, 0.0, 0.0, 7.0, 8.0, -8.0, 8.0, -8.0, -7.0, 10.0, -10.0, 0.0]
Q: [0.0, 8.0, 0.0, 0.0, 0.0, 7.0, 15.0, 7.0, 15.0, 7.0, 0.0, 10.0, 0.0, 0.0]
B: [0.0, 112.0, 124.021711775, 256.0, 261.08428175852, 267.0, 277.4634044651, 289.38614345409997, 303.7370056233, 321.3162335927, 324.38330597528, 340.13972996678, 361.89441610568, 363.86120485895003]
