Avion: 1      Iteracion: 87

Num Ruta: 50
Ingresos: 1483.596
Costos: 394.213071279
Utilidad Ruta: 1089.38292872
Costo Reducido: 25.8668011909
Nodos: [101, 30, 65, 24, 59, 1, 36, 34, 69, 19, 54, 4, 39, 711]
q: [0, 11.0, -11.0, 11.0, -11.0, 7.0, -7.0, 8.0, -8.0, 7.0, -7.0, 3.0, -3.0, 0]
Q: [0, 11.0, 0.0, 11.0, 0.0, 7.0, 0.0, 8.0, 0.0, 7.0, 0.0, 3.0, 0.0, 0]
B: [0.0, 64.0, 82.7140226568, 107.4479935471, 145.9609438496, 175.0, 209.2400855285, 322.0, 358.4401302138, 402.0, 428.6271162915, 529.0, 549.4257496801999, 566.2347817760999]
