Avion: 6      Iteracion: 101

Num Ruta: 59
Ingresos: 1313.453
Costos: 306.963091649
Utilidad Ruta: 1006.48990835
Costo Reducido: 7.10407529145
Nodos: [106, 17, 52, 30, 65, 16, 51, 35, 70, 8, 33, 6, 41, 43, 13, 48, 68, 716]
q: [0.0, 5.0, -5.0, 11.0, -11.0, 9.0, -9.0, 8.0, -8.0, 8.0, 5.0, 0.0, 0.0, -8.0, 10.0, -10.0, -5.0, 0.0]
Q: [0.0, 5.0, 0.0, 11.0, 0.0, 9.0, 0.0, 8.0, 0.0, 8.0, 13.0, 13.0, 13.0, 5.0, 15.0, 5.0, 0.0, 0.0]
B: [0.0, 24.0, 58.8425537813, 64.0, 82.7140226568, 93.53069441849999, 103.15478585614, 270.0, 281.922738989, 414.0, 437.0, 463.1548069196, 466.84709631779, 479.71309880498995, 481.92377494589994, 498.80692589589995, 504.15497619483995, 528.04742012594]
