Avion: 4      Iteracion: 25

Num Ruta: 25
Ingresos: 1099.071
Costos: 200.58660568
Utilidad Ruta: 898.48439432
Costo Reducido: 96.5421613689
Nodos: [104, 17, 52, 9, 44, 25, 60, 29, 64, 714]
q: [0, 5.0, -5.0, 11.0, -11.0, 10.0, -10.0, 9.0, -9.0, 0]
Q: [0, 5.0, 0.0, 11.0, 0.0, 10.0, 0.0, 9.0, 0.0, 0]
B: [0.0, 24.0, 58.8425537813, 81.72911018459999, 111.25634718709999, 410.0, 427.1849823101, 549.0, 582.7797797802, 609.550209829]
