Avion: 4      Iteracion: 9

Num Ruta: 11
Ingresos: 1248.048
Costos: 398.593038692
Utilidad Ruta: 849.454961308
Costo Reducido: 204.754374361
Nodos: [104, 17, 52, 10, 45, 32, 67, 34, 69, 19, 54, 714]
q: [0, 5.0, -5.0, 12.0, -12.0, 11.0, -11.0, 8.0, -8.0, 7.0, -7.0, 0]
Q: [0, 5.0, 0.0, 12.0, 0.0, 11.0, 0.0, 8.0, 0.0, 7.0, 0.0, 0]
B: [0.0, 24.0, 58.8425537813, 96.0, 125.5195107344, 309.0, 319.4016530417, 346.1750898215, 382.6152200353, 403.1550362954, 429.7821525869, 456.0303463152]
