Avion: 5      Iteracion: 21

Num Ruta: 21
Ingresos: 650.016
Costos: 332.387881708
Utilidad Ruta: 317.628118292
Costo Reducido: 35.8918973264
Nodos: [105, 11, 46, 19, 54, 5, 40, 33, 68, 715]
q: [0, 6.0, -6.0, 7.0, -7.0, 9.0, -9.0, 5.0, -5.0, 0]
Q: [0, 6.0, 0.0, 7.0, 0.0, 9.0, 0.0, 5.0, 0.0, 0]
B: [0.0, 169.0, 173.05406684701, 402.0, 428.6271162915, 469.0, 470.12168890518, 483.41186760978, 525.3645326621801, 569.12485910068]
