Avion: 5      Iteracion: 94

Num Ruta: 57
Ingresos: 1069.863
Costos: 309.849352381
Utilidad Ruta: 760.013647619
Costo Reducido: 21.3605938893
Nodos: [105, 30, 65, 16, 51, 22, 57, 18, 53, 28, 63, 15, 50, 715]
q: [0, 11.0, -11.0, 9.0, -9.0, 10.0, -10.0, 10.0, -10.0, 6.0, -6.0, 0.0, -0.0, 0]
Q: [0, 11.0, 0.0, 9.0, 0.0, 10.0, 0.0, 10.0, 0.0, 6.0, 0.0, 0.0, 0.0, 0]
B: [0.0, 64.0, 82.7140226568, 93.53069441849999, 103.15478585614, 299.0, 320.7546861389, 334.15512273630003, 357.973358985, 378.0, 414.0266187839, 511.0, 527.4211666151, 560.9947556696]
