Avion: 5      Iteracion: 11

Num Ruta: 11
Ingresos: 890.971
Costos: 341.585063795
Utilidad Ruta: 549.385936205
Costo Reducido: 137.823750077
Nodos: [105, 1, 11, 46, 36, 3, 38, 35, 70, 22, 57, 715]
q: [0, 7.0, 6.0, -6.0, -7.0, 13.0, -13.0, 8.0, -8.0, 10.0, -10.0, 0]
Q: [0, 7.0, 13.0, 7.0, 0.0, 13.0, 0.0, 8.0, 0.0, 10.0, 0.0, 0]
B: [0.0, 175.0, 193.6808285951, 197.73489544211, 232.05062478011, 256.0, 261.08428175852, 274.08526633661995, 286.00800532561993, 303.7313161055199, 325.4860022444199, 334.63913116298994]
