Avion: 1      Iteracion: 73

Num Ruta: 44
Ingresos: 1549.491
Costos: 460.401983099
Utilidad Ruta: 1089.0890169
Costo Reducido: 118.07322306
Nodos: [101, 17, 52, 24, 59, 22, 57, 18, 53, 13, 48, 31, 66, 711]
q: [0, 5.0, -5.0, 11.0, -11.0, 10.0, -10.0, 10.0, -10.0, 15.0, -15.0, 9.0, -9.0, 0]
Q: [0, 5.0, 0.0, 11.0, 0.0, 10.0, 0.0, 10.0, 0.0, 15.0, 0.0, 9.0, 0.0, 0]
B: [0.0, 24.0, 58.8425537813, 75.400837086, 113.9137873885, 299.0, 320.7546861389, 334.15512273630003, 357.973358985, 423.0, 439.88315095, 444.3406643824, 472.6661434604, 494.9799354286]
