Avion: 7      Iteracion: 5

Num Ruta: 7
Ingresos: 315.477
Costos: 268.657661295
Utilidad Ruta: 46.8193387048
Costo Reducido: 262.984292362
Nodos: [107, 29, 64, 717]
q: [0, 9.0, -9.0, 0]
Q: [0, 9.0, 0.0, 0]
B: [0.0, 549.0, 582.7797797802, 620.2441685381]
