Avion: 1      Iteracion: 5

Num Ruta: 9
Ingresos: 2681.655
Costos: 599.029304284
Utilidad Ruta: 2082.62569572
Costo Reducido: 1114.73593955
Nodos: [101, 17, 52, 16, 30, 65, 51, 10, 45, 1, 36, 3, 38, 23, 58, 34, 69, 33, 68, 29, 64, 711]
q: [0.0, 5.0, -5.0, 9.0, 0.0, 0.0, -9.0, 12.0, -12.0, 7.0, -7.0, 13.0, -13.0, 10.0, -10.0, 8.0, -8.0, 5.0, -5.0, 9.0, -9.0, 0.0]
Q: [0.0, 5.0, 0.0, 9.0, 9.0, 9.0, 0.0, 12.0, 0.0, 7.0, 0.0, 13.0, 0.0, 10.0, 0.0, 8.0, 0.0, 5.0, 0.0, 9.0, 0.0, 0.0]
B: [0.0, 24.0, 58.8425537813, 64.17419311644, 72.37678441432, 91.09080707112, 93.96196363250999, 109.79124084281, 139.31075157721, 177.73009274801, 211.97017827651, 256.0, 261.08428175852, 267.0, 306.733842905, 322.0, 358.4401302138, 437.0, 478.9526650524, 549.0, 582.7797797802, 598.8802887473]
