Avion: 5      Iteracion: 64

Num Ruta: 45
Ingresos: 336.618
Costos: 314.155330448
Utilidad Ruta: 22.4626695524
Costo Reducido: 3.16579413976
Nodos: [105, 14, 49, 33, 68, 715]
q: [0, 8.0, -8.0, 5.0, -5.0, 0]
Q: [0, 8.0, 0.0, 5.0, 0.0, 0]
B: [0.0, 112.0, 124.021711775, 437.0, 478.9526650524, 522.7129914909]
