Avion: 4      Iteracion: 55

Num Ruta: 40
Ingresos: 1336.685
Costos: 395.479601269
Utilidad Ruta: 941.205398731
Costo Reducido: 29.3975738775
Nodos: [104, 24, 59, 10, 45, 2, 37, 29, 64, 714]
q: [0, 11.0, -11.0, 12.0, -12.0, 10.0, -10.0, 9.0, -9.0, 0]
Q: [0, 11.0, 0.0, 12.0, 0.0, 10.0, 0.0, 9.0, 0.0, 0]
B: [0.0, 61.0, 99.5129503025, 111.2988809828, 140.8183917172, 522.0, 562.7349620474, 572.53970258451, 606.31948236471, 633.08991241351]
