Avion: 7      Iteracion: 14

Num Ruta: 15
Ingresos: 973.118
Costos: 219.636321381
Utilidad Ruta: 753.481678619
Costo Reducido: 85.8352587847
Nodos: [107, 14, 49, 23, 18, 53, 58, 22, 57, 717]
q: [0.0, 8.0, -8.0, 5.0, 10.0, -10.0, -5.0, 10.0, -10.0, 0.0]
Q: [0.0, 8.0, 0.0, 5.0, 15.0, 5.0, 0.0, 10.0, 0.0, 0.0]
B: [0.0, 112.0, 124.021711775, 267.0, 293.0, 316.8182362487, 326.74376782137, 342.50019181287, 364.25487795177, 366.22166670504004]
