Avion: 3      Iteracion: 5

Num Ruta: 7
Ingresos: 833.183
Costos: 342.894621424
Utilidad Ruta: 490.288378576
Costo Reducido: 647.528725586
Nodos: [103, 34, 69, 33, 68, 29, 64, 713]
q: [0, 8.0, -8.0, 5.0, -5.0, 9.0, -9.0, 0]
Q: [0, 8.0, 0.0, 5.0, 0.0, 9.0, 0.0, 0]
B: [0.0, 322.0, 358.4401302138, 437.0, 478.9526650524, 549.0, 582.7797797802, 609.1306994036]
