Avion: 7      Iteracion: 40

Num Ruta: 28
Ingresos: 2016.929
Costos: 405.063392068
Utilidad Ruta: 1611.86560793
Costo Reducido: 106.831873189
Nodos: [107, 14, 49, 3, 38, 23, 35, 70, 26, 61, 58, 34, 69, 31, 19, 66, 33, 54, 68, 717]
q: [0.0, 8.0, -8.0, 13.0, -13.0, 7.0, 8.0, -8.0, 8.0, -8.0, -7.0, 8.0, -8.0, 9.0, 6.0, -9.0, 5.0, -6.0, -5.0, 0.0]
Q: [0.0, 8.0, 0.0, 13.0, 0.0, 7.0, 15.0, 7.0, 15.0, 7.0, 0.0, 8.0, 0.0, 9.0, 15.0, 6.0, 11.0, 5.0, 0.0, 0.0]
B: [0.0, 112.0, 124.021711775, 256.0, 261.08428175852, 267.0, 277.4634044651, 289.38614345409997, 303.7370056233, 321.3162335927, 324.38330597528, 338.64225299108, 375.08238320488, 406.0, 427.4250045741, 443.5262214225, 465.9243828649, 487.4727766333, 509.3782214587, 543.9139698508]
