Avion: 1      Iteracion: 12

Num Ruta: 16
Ingresos: 1773.614
Costos: 489.148830781
Utilidad Ruta: 1284.46516922
Costo Reducido: 239.199353421
Nodos: [101, 17, 16, 52, 30, 65, 51, 23, 35, 70, 26, 67, 32, 61, 58, 28, 63, 4, 39, 711]
q: [0.0, 5.0, 9.0, -5.0, 6.0, -6.0, -9.0, 5.0, 8.0, -8.0, 10.0, -11.0, 11.0, -10.0, -5.0, 6.0, -6.0, 3.0, -3.0, 0.0]
Q: [0.0, 5.0, 14.0, 9.0, 15.0, 9.0, 0.0, 5.0, 13.0, 5.0, 15.0, 4.0, 15.0, 5.0, 0.0, 6.0, 0.0, 3.0, 0.0, 0.0]
B: [0.0, 24.0, 58.8014769802, 64.13311631534, 67.27757079903, 85.99159345583, 88.86275001722, 267.0, 277.4634044651, 289.38614345409997, 303.7370056233, 319.0, 329.4016530417, 349.4528381438, 352.51991052638004, 378.0, 414.0266187839, 529.0, 549.4257496801999, 566.2347817760999]
