Avion: 5      Iteracion: 33

Num Ruta: 32
Ingresos: 1724.35
Costos: 432.244319584
Utilidad Ruta: 1292.10568042
Costo Reducido: 64.9096473537
Nodos: [105, 30, 65, 24, 59, 1, 11, 46, 36, 18, 53, 28, 63, 25, 60, 31, 66, 715]
q: [0, 11.0, -11.0, 11.0, -11.0, 7.0, 6.0, -6.0, -7.0, 10.0, -10.0, 6.0, -6.0, 10.0, -10.0, 9.0, -9.0, 0]
Q: [0, 11.0, 0.0, 11.0, 0.0, 7.0, 13.0, 7.0, 0.0, 10.0, 0.0, 6.0, 0.0, 10.0, 0.0, 9.0, 0.0, 0]
B: [0.0, 64.0, 82.7140226568, 107.4479935471, 145.9609438496, 175.0, 193.6808285951, 197.73489544211, 232.05062478011, 293.0, 316.8182362487, 378.0, 414.0266187839, 417.35999740026, 434.54497971036, 439.36662631707, 467.69210539507, 481.44484915767]
