Avion: 1      Iteracion: 16

Num Ruta: 18
Ingresos: 600.185
Costos: 234.912097416
Utilidad Ruta: 365.272902584
Costo Reducido: 3.06241815166
Nodos: [101, 1, 36, 8, 43, 711]
q: [0, 7.0, -7.0, 8.0, -8.0, 0]
Q: [0, 7.0, 0.0, 8.0, 0.0, 0]
B: [0.0, 175.0, 209.2400855285, 414.0, 434.768396616, 440.47752789843]
