Avion: 2      Iteracion: 98

Num Ruta: 86
Ingresos: 2459.926
Costos: 543.11074378
Utilidad Ruta: 1916.81525622
Costo Reducido: 63.9993433535
Nodos: [102, 16, 51, 24, 59, 10, 45, 26, 61, 18, 53, 31, 19, 66, 8, 33, 54, 43, 68, 20, 4, 39, 55, 2, 37, 712]
q: [0.0, 9.0, -9.0, 11.0, -11.0, 12.0, -12.0, 10.0, -10.0, 10.0, -10.0, 8.0, 7.0, -8.0, 3.0, 5.0, -7.0, -3.0, -5.0, 0.0, 0.0, 0.0, 0.0, 10.0, -10.0, 0.0]
Q: [0.0, 9.0, 0.0, 11.0, 0.0, 12.0, 0.0, 10.0, 0.0, 10.0, 0.0, 8.0, 15.0, 7.0, 10.0, 15.0, 8.0, 5.0, 0.0, 0.0, 0.0, 0.0, 0.0, 10.0, 0.0, 0.0]
B: [0.0, 36.0, 45.624091437640004, 70.85029051714, 109.36324081964, 121.14917149994, 150.66868223434, 300.0, 317.5792279694, 340.8578987218, 364.67613497049996, 406.0, 427.4250045741, 443.5262214225, 452.30906754434, 466.07372235293997, 487.62211612133996, 490.55023531289993, 512.5071163527999, 523.0978988073999, 533.3770498424, 553.8027995226, 565.6640227732, 572.99432003866, 613.72928208606, 617.8450285554101]
