Avion: 4      Iteracion: 0

Num Ruta: 1
Ingresos: 619.277
Costos: 296.411221772
Utilidad Ruta: 322.865778228
Costo Reducido: -
Nodos: [104, 18, 53, 13, 48, 29, 64, 714]
q: [0, 10.0, -10.0, 15.0, -15.0, 9.0, -9.0, 0]
Q: [0, 10.0, 0.0, 15.0, 0.0, 9.0, 0.0, 0]
B: [0.0, 293.0, 316.8182362487, 423.0, 439.88315095, 549.0, 582.7797797802, 609.550209829]
