Avion: 3      Iteracion: 39

Num Ruta: 30
Ingresos: 303.596
Costos: 195.298937999
Utilidad Ruta: 108.297062001
Costo Reducido: 7.55452940991
Nodos: [103, 11, 46, 33, 68, 713]
q: [0, 6.0, -6.0, 5.0, -5.0, 0]
Q: [0, 6.0, 0.0, 5.0, 0.0, 0]
B: [0.0, 169.0, 173.05406684701, 437.0, 478.9526650524, 482.64754055775]
