Avion: 1      Iteracion: 0

Num Ruta: 1
Ingresos: 1309.933
Costos: 418.808410825
Utilidad Ruta: 891.124589175
Costo Reducido: -
Nodos: [101, 1, 36, 6, 41, 8, 43, 21, 56, 711]
q: [0, 7.0, -7.0, 4.0, -4.0, 8.0, -8.0, 12.0, -12.0, 0]
Q: [0, 7.0, 0.0, 4.0, 0.0, 8.0, 0.0, 12.0, 0.0, 0]
B: [0.0, 175.0, 209.2400855285, 436.0, 439.69228939819, 470.96534786709, 491.73374448309, 516.69791618979, 557.43670686899, 579.6791925438899]
