Avion: 5      Iteracion: 102

Num Ruta: 60
Ingresos: 1803.265
Costos: 414.383590663
Utilidad Ruta: 1388.88140934
Costo Reducido: 24.8187513748
Nodos: [105, 30, 65, 23, 58, 34, 69, 8, 43, 13, 48, 31, 66, 715]
q: [0, 11.0, -11.0, 10.0, -10.0, 8.0, -8.0, 8.0, -8.0, 15.0, -15.0, 9.0, -9.0, 0]
Q: [0, 11.0, 0.0, 10.0, 0.0, 8.0, 0.0, 8.0, 0.0, 15.0, 0.0, 9.0, 0.0, 0]
B: [0.0, 64.0, 82.7140226568, 267.0, 306.733842905, 322.0, 358.4401302138, 414.0, 434.768396616, 436.97907275691, 453.86222370691, 458.31973713931, 486.64521621731, 500.39795997991]
