Avion: 5      Iteracion: 27

Num Ruta: 26
Ingresos: 886.175
Costos: 404.582443377
Utilidad Ruta: 481.592556623
Costo Reducido: 41.6365501092
Nodos: [105, 24, 59, 1, 11, 46, 36, 33, 68, 715]
q: [0, 11.0, -11.0, 7.0, 6.0, -6.0, -7.0, 5.0, -5.0, 0]
Q: [0, 11.0, 0.0, 7.0, 13.0, 7.0, 0.0, 5.0, 0.0, 0]
B: [0.0, 61.0, 99.5129503025, 175.0, 193.6808285951, 197.73489544211, 232.05062478011, 437.0, 478.9526650524, 522.7129914909]
