Avion: 3      Iteracion: 32

Num Ruta: 26
Ingresos: 710.014
Costos: 275.365269527
Utilidad Ruta: 434.648730473
Costo Reducido: 33.7854826561
Nodos: [103, 14, 49, 11, 46, 19, 33, 54, 68, 713]
q: [0, 8.0, -8.0, 6.0, -6.0, 7.0, 5.0, -7.0, -5.0, 0]
Q: [0, 8.0, 0.0, 6.0, 0.0, 7.0, 12.0, 5.0, 0.0, 0]
B: [0.0, 112.0, 124.021711775, 169.0, 173.05406684701, 402.0, 438.5935603624, 460.1419541308, 482.0473989562, 485.74227446155004]
