Avion: 2      Iteracion: 0

Num Ruta: 2
Ingresos: 4692.83
Costos: 825.160080143
Utilidad Ruta: 3867.66991986
Costo Reducido: -
Nodos: [102, 17, 52, 24, 59, 10, 45, 1, 36, 3, 38, 23, 58, 26, 61, 22, 57, 19, 8, 33, 54, 43, 13, 48, 68, 21, 20, 5, 40, 56, 55, 2, 37, 712]
q: [0.0, 5.0, -5.0, 11.0, -11.0, 12.0, -12.0, 7.0, -7.0, 13.0, -13.0, 10.0, -10.0, 10.0, -10.0, 10.0, -10.0, 7.0, 3.0, 5.0, -7.0, -3.0, 10.0, -10.0, -5.0, 12.0, 0.0, 3.0, -3.0, -12.0, 0.0, 10.0, -10.0, 0.0]
Q: [0.0, 5.0, 0.0, 11.0, 0.0, 12.0, 0.0, 7.0, 0.0, 13.0, 0.0, 10.0, 0.0, 10.0, 0.0, 10.0, 0.0, 7.0, 10.0, 15.0, 8.0, 5.0, 15.0, 5.0, 0.0, 12.0, 12.0, 15.0, 12.0, 0.0, 0.0, 10.0, 0.0, 0.0]
B: [0.0, 33.3868157212, 68.22936950249999, 84.78765280719999, 123.30060310969999, 135.08653379, 164.6060445244, 203.02538569520001, 237.26547122370002, 256.0, 261.08428175852, 267.0, 306.733842905, 326.4202156791, 343.9994436485, 357.6336242986, 379.3883104375, 402.0, 425.1608815463, 438.92553635490003, 460.4739301233, 463.40204931486, 465.61272545577, 482.49587640577, 487.84392670471, 498.72340408190996, 503.47281046586994, 527.3851474490699, 528.5068363542499, 551.2494850346499, 571.8489056575498, 579.1792029230098, 619.9141649704098, 624.0299114397599]
