Avion: 4      Iteracion: 89

Num Ruta: 52
Ingresos: 1233.021
Costos: 374.682695954
Utilidad Ruta: 858.338304046
Costo Reducido: 24.2051000594
Nodos: [104, 17, 52, 9, 44, 14, 49, 19, 54, 25, 60, 29, 4, 27, 39, 62, 64, 714]
q: [0.0, 0.0, 0.0, 11.0, -11.0, 8.0, -8.0, 7.0, -7.0, 10.0, -10.0, 6.0, 3.0, 6.0, -3.0, -6.0, -6.0, 0.0]
Q: [0.0, 0.0, 0.0, 11.0, 0.0, 8.0, 0.0, 7.0, 0.0, 10.0, 0.0, 6.0, 9.0, 15.0, 12.0, 6.0, 0.0, 0.0]
B: [0.0, 24.0, 58.8425537813, 81.72911018459999, 111.25634718709999, 121.5131539026, 133.5348656776, 402.0, 428.6271162915, 460.3028294169, 477.487811727, 549.0, 569.7100026316, 587.3247771689, 603.6755897481, 609.09084828302, 624.53822585982, 651.30865590862]
