Avion: 1      Iteracion: 25

Num Ruta: 22
Ingresos: 3042.118
Costos: 505.307773311
Utilidad Ruta: 2536.81022669
Costo Reducido: 103.37163587
Nodos: [101, 17, 52, 30, 65, 24, 59, 1, 36, 3, 38, 23, 58, 31, 66, 19, 54, 4, 29, 64, 39, 711]
q: [0, 5.0, -5.0, 11.0, -11.0, 11.0, -11.0, 7.0, -7.0, 13.0, -13.0, 10.0, -10.0, 9.0, -9.0, 7.0, -7.0, 3.0, 9.0, -9.0, -3.0, 0]
Q: [0, 5.0, 0.0, 11.0, 0.0, 11.0, 0.0, 7.0, 0.0, 13.0, 0.0, 10.0, 0.0, 9.0, 0.0, 7.0, 0.0, 3.0, 12.0, 3.0, 0.0, 0]
B: [0.0, 24.0, 58.8425537813, 64.0, 82.7140226568, 107.4479935471, 145.9609438496, 175.0, 209.2400855285, 256.0, 261.08428175852, 267.0, 306.733842905, 406.0, 434.325479078, 450.4266959264, 477.0538122179, 529.0, 549.7100026316, 583.4897824118, 595.7088534485, 612.5178855444]
