Avion: 6      Iteracion: 64

Num Ruta: 47
Ingresos: 2251.078
Costos: 340.907453858
Utilidad Ruta: 1910.17054614
Costo Reducido: 49.0902399825
Nodos: [106, 14, 49, 23, 58, 26, 67, 32, 61, 28, 31, 63, 19, 66, 8, 54, 43, 5, 40, 716]
q: [0.0, 8.0, -8.0, 10.0, -10.0, 10.0, -10.0, 10.0, -10.0, 6.0, 8.0, -6.0, 7.0, -8.0, 8.0, -7.0, -8.0, 0.0, 0.0, 0.0]
Q: [0.0, 8.0, 0.0, 10.0, 0.0, 10.0, 0.0, 10.0, 0.0, 6.0, 14.0, 8.0, 15.0, 7.0, 15.0, 8.0, 0.0, 0.0, 0.0, 0.0]
B: [0.0, 112.0, 124.021711775, 267.0, 306.733842905, 326.4202156791, 339.1407349295, 349.5423879712, 369.59357307330004, 380.00149010790005, 406.0, 426.4968799577, 439.0326732314, 455.1338900798, 463.91673620164, 481.87369563244, 484.80181482399996, 494.55462570086996, 495.67631460604997, 502.39966867972]
