Avion: 2      Iteracion: 20

Num Ruta: 19
Ingresos: 1088.835
Costos: 542.468851642
Utilidad Ruta: 546.366148358
Costo Reducido: 230.197373886
Nodos: [102, 16, 30, 65, 51, 10, 45, 26, 61, 32, 67, 33, 6, 41, 13, 48, 68, 4, 27, 62, 39, 2, 37, 712]
q: [0.0, 4.0, 11.0, -11.0, -4.0, 12.0, -12.0, 0.0, 0.0, 11.0, -11.0, 5.0, 4.0, -4.0, 10.0, -10.0, -5.0, 3.0, 6.0, -6.0, -3.0, 0.0, 0.0, 0.0]
Q: [0.0, 4.0, 15.0, 4.0, 0.0, 12.0, 0.0, 0.0, 0.0, 11.0, 0.0, 5.0, 9.0, 5.0, 15.0, 5.0, 0.0, 3.0, 9.0, 3.0, 0.0, 0.0, 0.0, 0.0]
B: [0.0, 36.0, 64.0, 82.7140226568, 85.58517921818999, 101.41445642849, 130.93396716288999, 300.0, 317.5792279694, 337.6304130715, 348.0320661132, 437.0, 463.1548069196, 466.84709631779, 480.25716242499, 497.14031337499, 502.48836367393, 529.0, 546.6147745373, 563.6456369054, 569.06089544032, 578.51536195092, 619.25032399832, 623.36607046767]
