Avion: 2      Iteracion: 71

Num Ruta: 65
Ingresos: 3459.864
Costos: 661.97120764
Utilidad Ruta: 2797.89279236
Costo Reducido: 2.07607165136
Nodos: [102, 16, 51, 9, 44, 14, 49, 23, 35, 70, 34, 58, 22, 69, 57, 19, 8, 33, 54, 43, 13, 48, 68, 21, 20, 56, 55, 2, 37, 712]
q: [0.0, 9.0, -9.0, 11.0, -11.0, 8.0, -8.0, 7.0, 8.0, -8.0, 8.0, -7.0, 7.0, -8.0, -7.0, 7.0, 3.0, 5.0, -7.0, -3.0, 10.0, -10.0, -5.0, 12.0, 0.0, -12.0, 0.0, 10.0, -10.0, 0.0]
Q: [0.0, 9.0, 0.0, 11.0, 0.0, 8.0, 0.0, 7.0, 15.0, 7.0, 15.0, 8.0, 15.0, 7.0, 0.0, 7.0, 10.0, 15.0, 8.0, 5.0, 15.0, 5.0, 0.0, 12.0, 12.0, 0.0, 0.0, 10.0, 0.0, 0.0]
B: [0.0, 36.0, 45.624091437640004, 75.68094759394, 105.20818459644, 115.46499131194001, 127.48670308694001, 267.0, 277.4634044651, 289.38614345409997, 322.0, 336.2589470158, 352.0153710073, 366.5845376616, 377.17478798909997, 402.0, 425.1608815463, 438.92553635490003, 460.4739301233, 463.40204931486, 465.61272545577, 482.49587640577, 487.84392670471, 498.72340408190996, 503.47281046586994, 539.8981021873699, 560.4975228102699, 567.8278200757298, 608.5627821231299, 612.6785285924799]
