Avion: 5      Iteracion: 66

Num Ruta: 46
Ingresos: 692.986
Costos: 333.771625014
Utilidad Ruta: 359.214374986
Costo Reducido: 14.6046526274
Nodos: [105, 18, 53, 34, 69, 33, 68, 715]
q: [0, 10.0, -10.0, 8.0, -8.0, 5.0, -5.0, 0]
Q: [0, 10.0, 0.0, 8.0, 0.0, 5.0, 0.0, 0]
B: [0.0, 293.0, 316.8182362487, 340.28894720939996, 376.72907742319995, 437.0, 478.9526650524, 522.7129914909]
