Avion: 4      Iteracion: 10

Num Ruta: 12
Ingresos: 447.601
Costos: 274.324524912
Utilidad Ruta: 173.276475088
Costo Reducido: 79.2720997719
Nodos: [104, 16, 51, 9, 44, 25, 60, 714]
q: [0, 9.0, -9.0, 11.0, -11.0, 10.0, -10.0, 0]
Q: [0, 9.0, 0.0, 11.0, 0.0, 10.0, 0.0, 0]
B: [0.0, 37.6306202048, 47.25471164244, 77.31156779874, 106.83880480124, 410.0, 427.1849823101, 447.9607021051]
