Avion: 4      Iteracion: 18

Num Ruta: 18
Ingresos: 773.587
Costos: 307.217384393
Utilidad Ruta: 466.369615607
Costo Reducido: 57.9066387375
Nodos: [104, 31, 66, 8, 33, 43, 68, 714]
q: [0, 9.0, -9.0, 8.0, 5.0, -8.0, -5.0, 0]
Q: [0, 9.0, 0.0, 8.0, 13.0, 5.0, 0.0, 0]
B: [0.0, 406.0, 434.325479078, 443.10832519984, 456.87298000844, 480.14734702453995, 502.10422806443995, 518.2786450554399]
