Avion: 2      Iteracion: 51

Num Ruta: 48
Ingresos: 3306.688
Costos: 668.854001493
Utilidad Ruta: 2637.83399851
Costo Reducido: 86.3807046145
Nodos: [102, 16, 51, 9, 44, 30, 65, 3, 38, 23, 35, 70, 34, 58, 22, 69, 57, 8, 33, 43, 13, 48, 68, 21, 20, 56, 55, 2, 37, 712]
q: [0.0, 0.0, 0.0, 11.0, -11.0, 11.0, -11.0, 13.0, -13.0, 7.0, 8.0, -8.0, 8.0, -7.0, 7.0, -8.0, -7.0, 8.0, 5.0, -8.0, 0.0, 0.0, -5.0, 12.0, 0.0, -12.0, 0.0, 10.0, -10.0, 0.0]
Q: [0.0, 0.0, 0.0, 11.0, 0.0, 11.0, 0.0, 13.0, 0.0, 7.0, 15.0, 7.0, 15.0, 8.0, 15.0, 7.0, 0.0, 8.0, 13.0, 5.0, 5.0, 5.0, 0.0, 12.0, 12.0, 0.0, 0.0, 10.0, 0.0, 0.0]
B: [0.0, 36.0, 45.624091437640004, 75.68094759394, 105.20818459644, 120.99608493184, 139.71010758864, 256.0, 261.08428175852, 267.0, 277.4634044651, 289.38614345409997, 322.0, 336.2589470158, 352.0153710073, 366.5845376616, 377.17478798909997, 414.0, 437.0, 460.2743670161, 462.48504315700995, 479.36819410700997, 484.71624440594996, 495.59572178314994, 500.3451281671099, 536.7704198886099, 557.3698405115099, 564.7001377769699, 605.4350998243699, 609.5508462937199]
