Avion: 7      Iteracion: 0

Num Ruta: 1
Ingresos: 1421.674
Costos: 475.984477218
Utilidad Ruta: 945.689522782
Costo Reducido: -
Nodos: [107, 17, 16, 51, 52, 14, 49, 22, 57, 31, 66, 33, 68, 717]
q: [0, 5.0, 9.0, -9.0, -5.0, 8.0, -8.0, 10.0, -10.0, 9.0, -9.0, 5.0, -5.0, 0]
Q: [0, 5.0, 14.0, 5.0, 0.0, 8.0, 0.0, 10.0, 0.0, 9.0, 0.0, 5.0, 0.0, 0]
B: [0.0, 45.942580685, 80.7440576652, 90.36814910284001, 105.01591787494, 117.45447072484001, 129.47618249984, 299.0, 320.7546861389, 406.0, 434.325479078, 456.7236405204, 498.6763055728, 533.2120539649]
