Avion: 4      Iteracion: 52

Num Ruta: 38
Ingresos: 1748.856
Costos: 476.661839024
Utilidad Ruta: 1272.19416098
Costo Reducido: 77.6968199832
Nodos: [104, 9, 44, 24, 59, 28, 63, 25, 60, 31, 66, 33, 68, 29, 64, 714]
q: [0, 11.0, -11.0, 11.0, -11.0, 6.0, -6.0, 10.0, -10.0, 9.0, -9.0, 5.0, -5.0, 9.0, -9.0, 0]
Q: [0, 11.0, 0.0, 11.0, 0.0, 6.0, 0.0, 10.0, 0.0, 9.0, 0.0, 5.0, 0.0, 9.0, 0.0, 0]
B: [0.0, 57.4296024799, 86.9568394824, 111.0970893775, 149.61003968, 378.0, 414.0266187839, 417.35999740026, 434.54497971036, 439.36662631707, 467.69210539507, 490.09026683747, 532.04293188987, 549.0, 582.7797797802, 609.550209829]
