Avion: 7      Iteracion: 64

Num Ruta: 43
Ingresos: 2091.248
Costos: 315.089452451
Utilidad Ruta: 1776.15854755
Costo Reducido: 62.1686452918
Nodos: [107, 14, 49, 3, 38, 23, 58, 22, 57, 19, 31, 54, 33, 66, 68, 717]
q: [0.0, 8.0, -8.0, 13.0, -13.0, 10.0, -10.0, 10.0, -10.0, 7.0, 8.0, -7.0, 5.0, -8.0, -5.0, 0.0]
Q: [0.0, 8.0, 0.0, 13.0, 0.0, 10.0, 0.0, 10.0, 0.0, 7.0, 15.0, 8.0, 13.0, 5.0, 0.0, 0.0]
B: [0.0, 112.0, 124.021711775, 256.0, 261.08428175852, 267.0, 306.733842905, 322.49026689650003, 344.24495303540004, 402.0, 423.4250045741, 440.5310440047, 462.0794377731, 484.4775992155, 515.4293900684, 549.9651384605]
