Avion: 5      Iteracion: 17

Num Ruta: 17
Ingresos: 145.92
Costos: 219.454255349
Utilidad Ruta: -73.5342553494
Costo Reducido: 81.5066512717
Nodos: [105, 14, 49, 3, 38, 715]
q: [0, 8.0, -8.0, 13.0, -13.0, 0]
Q: [0, 8.0, 0.0, 13.0, 0.0, 0]
B: [0.0, 112.0, 124.021711775, 256.0, 261.08428175852, 267.48784842094]
