Avion: 1      Iteracion: 92

Num Ruta: 51
Ingresos: 2029.517
Costos: 338.428771597
Utilidad Ruta: 1691.0882284
Costo Reducido: 21.2139778252
Nodos: [101, 1, 36, 23, 35, 70, 34, 58, 22, 57, 69, 8, 19, 54, 43, 711]
q: [0.0, 7.0, -7.0, 7.0, 8.0, -8.0, 8.0, -7.0, 7.0, -7.0, -8.0, 8.0, 7.0, -7.0, -8.0, 0.0]
Q: [0.0, 7.0, 0.0, 7.0, 15.0, 7.0, 15.0, 8.0, 15.0, 8.0, 0.0, 8.0, 15.0, 8.0, 0.0, 0.0]
B: [0.0, 175.0, 209.2400855285, 267.0, 277.4634044651, 289.38614345409997, 322.0, 336.2589470158, 352.0153710073, 373.77005714620003, 384.3603074737, 414.0, 437.1608815463, 463.7879978378, 466.71611702935996, 472.42524831178997]
