Avion: 1      Iteracion: 109

Num Ruta: 58
Ingresos: 1999.555
Costos: 344.50330472
Utilidad Ruta: 1655.05169528
Costo Reducido: 6.24369068008
Nodos: [101, 30, 65, 24, 59, 1, 36, 23, 58, 34, 69, 8, 43, 711]
q: [0, 11.0, -11.0, 11.0, -11.0, 7.0, -7.0, 10.0, -10.0, 8.0, -8.0, 8.0, -8.0, 0]
Q: [0, 11.0, 0.0, 11.0, 0.0, 7.0, 0.0, 10.0, 0.0, 8.0, 0.0, 8.0, 0.0, 0]
B: [0.0, 64.0, 82.7140226568, 107.4479935471, 145.9609438496, 175.0, 209.2400855285, 267.0, 306.733842905, 322.0, 358.4401302138, 414.0, 434.768396616, 440.47752789843]
