Avion: 2      Iteracion: 0

Num Ruta: 1
Ingresos: 799.616
Costos: 411.631040074
Utilidad Ruta: 387.984959926
Costo Reducido: -
Nodos: [102, 10, 45, 5, 40, 2, 37, 712]
q: [0, 12.0, -12.0, 9.0, -9.0, 10.0, -10.0, 0]
Q: [0, 12.0, 0.0, 9.0, 0.0, 10.0, 0.0, 0]
B: [0.0, 96.0, 125.5195107344, 469.0, 470.12168890518, 522.0, 562.7349620474, 566.85070851675]
