Avion: 1      Iteracion: 4

Num Ruta: 8
Ingresos: 1477.002
Costos: 515.287062536
Utilidad Ruta: 961.714937464
Costo Reducido: 1124.24492946
Nodos: [101, 16, 51, 9, 44, 22, 57, 26, 61, 28, 63, 29, 64, 711]
q: [0, 9.0, -9.0, 11.0, -11.0, 10.0, -10.0, 10.0, -10.0, 6.0, -6.0, 9.0, -9.0, 0]
Q: [0, 9.0, 0.0, 11.0, 0.0, 10.0, 0.0, 10.0, 0.0, 6.0, 0.0, 9.0, 0.0, 0]
B: [0.0, 36.0, 45.624091437640004, 75.68094759394, 105.20818459644, 299.0, 320.7546861389, 357.0876895518, 374.6669175212, 385.0748345558, 421.1014533397, 549.0, 582.7797797802, 598.8802887473]
