Avion: 2      Iteracion: 29

Num Ruta: 28
Ingresos: 2545.41
Costos: 717.940059576
Utilidad Ruta: 1827.46994042
Costo Reducido: 129.126704674
Nodos: [102, 24, 16, 51, 59, 10, 45, 3, 38, 35, 70, 32, 67, 26, 61, 34, 69, 8, 33, 43, 13, 48, 68, 21, 56, 27, 62, 2, 37, 712]
q: [0.0, 11.0, 4.0, -4.0, -11.0, 12.0, -12.0, 13.0, -13.0, 8.0, -8.0, 11.0, -11.0, 10.0, -10.0, 8.0, -8.0, 8.0, 5.0, -8.0, 10.0, -10.0, -5.0, 12.0, -12.0, 6.0, -6.0, 0.0, 0.0, 0.0]
Q: [0.0, 11.0, 15.0, 11.0, 0.0, 12.0, 0.0, 13.0, 0.0, 8.0, 0.0, 11.0, 0.0, 10.0, 0.0, 8.0, 0.0, 8.0, 13.0, 5.0, 15.0, 5.0, 0.0, 12.0, 0.0, 6.0, 0.0, 0.0, 0.0, 0.0]
B: [0.0, 61.0, 78.5726369108, 88.19672834844, 114.98601226944001, 126.77194294974001, 156.29145368414, 256.0, 261.08428175852, 274.08526633661995, 286.00800532561993, 309.0, 319.4016530417, 332.1221722921, 349.7014002615, 364.6146463535, 401.0547765673, 414.0, 437.0, 460.2743670161, 462.48504315700995, 479.36819410700997, 484.71624440594996, 495.59572178314994, 536.33451246235, 549.51196065995, 566.54282302805, 577.9948961154499, 618.72985816285, 622.8456046322]
