Avion: 5      Iteracion: 52

Num Ruta: 40
Ingresos: 1737.287
Costos: 469.127083052
Utilidad Ruta: 1268.15991695
Costo Reducido: 72.3729637781
Nodos: [105, 9, 44, 18, 53, 28, 63, 31, 66, 33, 21, 68, 56, 715]
q: [0.0, 11.0, -11.0, 10.0, -10.0, 6.0, -6.0, 9.0, -9.0, 5.0, 10.0, -5.0, -10.0, 0.0]
Q: [0.0, 11.0, 0.0, 10.0, 0.0, 6.0, 0.0, 9.0, 0.0, 5.0, 15.0, 10.0, 0.0, 0.0]
B: [0.0, 31.4915482312, 61.0187852337, 293.0, 316.8182362487, 378.0, 414.0266187839, 434.5234987416, 462.8489778196, 485.247139262, 524.8403472275, 535.7198246047001, 570.571863426, 623.9036078565]
