Avion: 6      Iteracion: 54

Num Ruta: 44
Ingresos: 2313.68
Costos: 266.637605481
Utilidad Ruta: 2047.04239452
Costo Reducido: 79.9849612085
Nodos: [106, 1, 36, 23, 57, 22, 58, 28, 31, 63, 19, 66, 54, 5, 40, 716]
q: [0.0, 7.0, -7.0, 10.0, -10.0, 10.0, -10.0, 6.0, 9.0, -6.0, 6.0, -9.0, -6.0, 9.0, -9.0, 0.0]
Q: [0.0, 7.0, 0.0, 10.0, 0.0, 10.0, 0.0, 6.0, 15.0, 9.0, 15.0, 6.0, 0.0, 9.0, 0.0, 0.0]
B: [0.0, 175.0, 209.2400855285, 267.0, 320.0, 341.7546861389, 357.5111101304, 378.0, 406.0, 426.4968799577, 439.0326732314, 455.1338900798, 477.5520543668, 485.40236760896, 486.52405651414, 493.24741058781]
