Avion: 7      Iteracion: 13

Num Ruta: 14
Ingresos: 519.837
Costos: 286.828111775
Utilidad Ruta: 233.008888225
Costo Reducido: 80.5435379521
Nodos: [107, 25, 60, 29, 64, 717]
q: [0, 10.0, -10.0, 9.0, -9.0, 0]
Q: [0, 10.0, 0.0, 9.0, 0.0, 0]
B: [0.0, 410.0, 427.1849823101, 549.0, 582.7797797802, 620.2441685381]
