Avion: 6      Iteracion: 19

Num Ruta: 20
Ingresos: 1106.246
Costos: 390.342217436
Utilidad Ruta: 715.903782565
Costo Reducido: 217.446994571
Nodos: [106, 24, 59, 10, 45, 35, 70, 32, 67, 8, 33, 5, 40, 43, 6, 41, 68, 716]
q: [0.0, 11.0, -11.0, 12.0, -12.0, 8.0, -8.0, 11.0, -11.0, 8.0, 5.0, 2.0, -2.0, -8.0, 4.0, -4.0, -5.0, 0.0]
Q: [0.0, 11.0, 0.0, 12.0, 0.0, 8.0, 0.0, 11.0, 0.0, 8.0, 13.0, 15.0, 13.0, 5.0, 9.0, 5.0, 0.0, 0.0]
B: [0.0, 61.0, 99.5129503025, 111.2988809828, 140.8183917172, 270.0, 281.922738989, 309.0, 319.4016530417, 414.0, 437.0, 469.0, 470.12168890518, 480.59966590458, 489.79033753400995, 493.48262693219993, 524.5604877497999, 548.4529316809]
