Avion: 2      Iteracion: 31

Num Ruta: 30
Ingresos: 2642.264
Costos: 570.689397846
Utilidad Ruta: 2071.57460215
Costo Reducido: 169.532417512
Nodos: [102, 16, 30, 65, 51, 10, 45, 1, 36, 35, 70, 26, 61, 34, 69, 8, 33, 43, 13, 48, 68, 20, 4, 39, 55, 2, 37, 712]
q: [0.0, 0.0, 11.0, -11.0, 0.0, 12.0, -12.0, 7.0, -7.0, 8.0, -8.0, 10.0, -10.0, 8.0, -8.0, 8.0, 5.0, -8.0, 10.0, -10.0, -5.0, 0.0, 3.0, -3.0, 0.0, 10.0, -10.0, 0.0]
Q: [0.0, 0.0, 11.0, 0.0, 0.0, 12.0, 0.0, 7.0, 0.0, 8.0, 0.0, 10.0, 0.0, 8.0, 0.0, 8.0, 13.0, 5.0, 15.0, 5.0, 0.0, 0.0, 3.0, 0.0, 0.0, 10.0, 0.0, 0.0]
B: [0.0, 36.0, 64.0, 82.7140226568, 85.58517921818999, 101.41445642849, 130.93396716288999, 175.0, 209.2400855285, 270.0, 281.922738989, 300.0, 317.5792279694, 332.4924740614, 368.9326042752, 414.0, 437.0, 460.2743670161, 462.48504315700995, 479.36819410700997, 484.71624440594996, 496.0, 529.0, 549.4257496801999, 561.2869729308, 568.6172701962599, 609.35223224366, 613.46797871301]
