Avion: 2      Iteracion: 23

Num Ruta: 22
Ingresos: 1804.654
Costos: 498.627852619
Utilidad Ruta: 1306.02614738
Costo Reducido: 143.585352434
Nodos: [102, 16, 51, 9, 44, 30, 65, 14, 49, 23, 35, 70, 58, 32, 67, 26, 61, 13, 48, 20, 4, 39, 55, 2, 37, 712]
q: [0.0, 0.0, 0.0, 11.0, -11.0, 11.0, -11.0, 8.0, -8.0, 10.0, 5.0, -5.0, -10.0, 11.0, -11.0, 10.0, -10.0, 15.0, -15.0, 0.0, 3.0, -3.0, 0.0, 0.0, 0.0, 0.0]
Q: [0.0, 0.0, 0.0, 11.0, 0.0, 11.0, 0.0, 8.0, 0.0, 10.0, 15.0, 10.0, 0.0, 11.0, 0.0, 10.0, 0.0, 15.0, 0.0, 0.0, 3.0, 0.0, 0.0, 0.0, 0.0, 0.0]
B: [0.0, 36.0, 45.624091437640004, 75.68094759394, 105.20818459644, 120.99608493184, 139.71010758864, 167.50604824554, 179.52776002054, 267.0, 277.4634044651, 289.38614345409997, 313.15284696969997, 335.63715280729997, 346.03880584899997, 358.7593250994, 376.33855306879997, 423.0, 439.88315095, 496.0, 529.0, 549.4257496801999, 561.2869729308, 568.6172701962599, 609.35223224366, 613.46797871301]
