Avion: 6      Iteracion: 1

Num Ruta: 5
Ingresos: 3723.957
Costos: 691.116806236
Utilidad Ruta: 3032.84019376
Costo Reducido: 2638.02073447
Nodos: [106, 16, 51, 9, 24, 44, 59, 10, 45, 3, 38, 23, 18, 53, 58, 22, 57, 31, 19, 66, 8, 33, 54, 43, 68, 21, 56, 29, 64, 716]
q: [0.0, 9.0, -9.0, 11.0, 4.0, -11.0, -4.0, 12.0, -12.0, 13.0, -13.0, 10.0, 5.0, -5.0, -10.0, 10.0, -10.0, 9.0, 6.0, -9.0, 4.0, 5.0, -6.0, -4.0, -5.0, 12.0, -12.0, 9.0, -9.0, 0.0]
Q: [0.0, 9.0, 0.0, 11.0, 15.0, 4.0, 0.0, 12.0, 0.0, 13.0, 0.0, 10.0, 15.0, 10.0, 0.0, 10.0, 0.0, 9.0, 15.0, 6.0, 10.0, 15.0, 9.0, 5.0, 0.0, 12.0, 0.0, 9.0, 0.0, 0.0]
B: [0.0, 36.0, 45.624091437640004, 75.68094759394, 82.11782463176, 106.25807452686, 131.31363794096, 143.09956862126, 172.61907935566, 256.0, 261.08428175852, 267.0, 293.0, 316.8182362487, 326.74376782137, 342.50019181287, 364.25487795177, 406.0, 427.4250045741, 443.5262214225, 452.30906754434, 466.07372235293997, 487.62211612133996, 490.55023531289993, 512.5071163527999, 523.38659373, 564.1253844091999, 602.5786808868999, 636.3584606670998, 656.7556679513998]
