Avion: 3      Iteracion: 0

Num Ruta: 2
Ingresos: 3242.066
Costos: 592.503102128
Utilidad Ruta: 2649.56289787
Costo Reducido: -
Nodos: [103, 17, 30, 52, 16, 51, 65, 24, 59, 1, 11, 46, 36, 3, 38, 23, 58, 22, 57, 28, 63, 25, 60, 19, 54, 713]
q: [0.0, 5.0, 10.0, -5.0, 5.0, -5.0, -10.0, 11.0, -11.0, 7.0, 6.0, -6.0, -7.0, 13.0, -13.0, 10.0, -10.0, 10.0, -10.0, 6.0, -6.0, 10.0, -10.0, 7.0, -7.0, 0.0]
Q: [0.0, 5.0, 15.0, 10.0, 15.0, 10.0, 0.0, 11.0, 0.0, 7.0, 13.0, 7.0, 0.0, 13.0, 0.0, 10.0, 0.0, 10.0, 0.0, 6.0, 0.0, 10.0, 0.0, 7.0, 0.0, 0.0]
B: [0.0, 39.7453305433, 73.3590421503, 76.50349663399, 81.83513596913, 91.45922740677, 94.33038396815999, 119.06435485845999, 157.57730516096, 175.0, 193.6808285951, 197.73489544211, 232.05062478011, 256.0, 261.08428175852, 267.0, 306.733842905, 322.49026689650003, 344.24495303540004, 387.29611673630006, 423.32273552020007, 426.65611413656006, 443.84109644666006, 460.51398812746004, 487.14110441896, 505.91816286806005]
