Avion: 6      Iteracion: 3

Num Ruta: 7
Ingresos: 2960.16
Costos: 613.410565005
Utilidad Ruta: 2346.74943499
Costo Reducido: 2389.95138634
Nodos: [106, 17, 52, 30, 65, 24, 59, 11, 46, 35, 70, 26, 61, 34, 69, 31, 66, 8, 43, 13, 48, 21, 56, 27, 62, 4, 39, 716]
q: [0, 5.0, -5.0, 11.0, -11.0, 11.0, -11.0, 6.0, -6.0, 8.0, -8.0, 10.0, -10.0, 8.0, -8.0, 9.0, -9.0, 8.0, -8.0, 15.0, -15.0, 12.0, -12.0, 6.0, -6.0, 3.0, -3.0, 0]
Q: [0, 5.0, 0.0, 11.0, 0.0, 11.0, 0.0, 6.0, 0.0, 8.0, 0.0, 10.0, 0.0, 8.0, 0.0, 9.0, 0.0, 8.0, 0.0, 15.0, 0.0, 12.0, 0.0, 6.0, 0.0, 3.0, 0.0, 0]
B: [0.0, 24.0, 58.8425537813, 64.0, 82.7140226568, 107.4479935471, 145.9609438496, 169.0, 173.05406684701, 270.0, 281.922738989, 300.0, 317.5792279694, 332.4924740614, 368.9326042752, 406.0, 434.325479078, 443.10832519984, 463.87672181584, 466.08739795675, 482.97054890675, 498.48194529775003, 539.22073597695, 552.39818417455, 569.42904654265, 585.51624720035, 605.94199688055, 620.61911171965]
