Avion: 7      Iteracion: 3

Num Ruta: 5
Ingresos: 1599.389
Costos: 452.574392808
Utilidad Ruta: 1146.81460719
Costo Reducido: 1196.0479462
Nodos: [107, 17, 52, 26, 61, 31, 66, 21, 56, 717]
q: [0, 5.0, -5.0, 10.0, -10.0, 9.0, -9.0, 12.0, -12.0, 0]
Q: [0, 5.0, 0.0, 10.0, 0.0, 9.0, 0.0, 12.0, 0.0, 0]
B: [0.0, 45.942580685, 80.78513446630001, 300.0, 317.5792279694, 406.0, 434.325479078, 477.0, 517.7387906792, 561.3550616453999]
