Avion: 3      Iteracion: 68

Num Ruta: 38
Ingresos: 609.9
Costos: 232.503637655
Utilidad Ruta: 377.396362345
Costo Reducido: 17.1631914487
Nodos: [103, 19, 33, 54, 68, 713]
q: [0, 7.0, 5.0, -7.0, -5.0, 0]
Q: [0, 7.0, 12.0, 5.0, 0.0, 0]
B: [0.0, 402.0, 438.5935603624, 460.1419541308, 482.0473989562, 485.74227446155004]
