Avion: 2      Iteracion: 52

Num Ruta: 49
Ingresos: 1820.358
Costos: 559.424547676
Utilidad Ruta: 1260.93345232
Costo Reducido: 130.935415245
Nodos: [102, 16, 51, 9, 24, 44, 59, 10, 45, 26, 35, 70, 61, 31, 66, 33, 13, 48, 68, 20, 4, 39, 55, 2, 37, 712]
q: [0.0, 0.0, 0.0, 4.0, 11.0, -4.0, -11.0, 12.0, -12.0, 0.0, 8.0, -8.0, 0.0, 9.0, -9.0, 5.0, 0.0, 0.0, -5.0, 0.0, 3.0, -3.0, 0.0, 10.0, -10.0, 0.0]
Q: [0.0, 0.0, 0.0, 4.0, 15.0, 11.0, 0.0, 12.0, 0.0, 0.0, 8.0, 0.0, 0.0, 9.0, 0.0, 5.0, 5.0, 5.0, 0.0, 0.0, 3.0, 0.0, 0.0, 10.0, 0.0, 0.0]
B: [0.0, 36.0, 45.624091437640004, 75.68094759394, 82.11782463176, 106.25807452686, 131.31363794096, 143.09956862126, 172.61907935566, 300.0, 325.9216408817, 337.8443798707, 358.5644656089, 406.0, 434.325479078, 456.7236405204, 482.0965724164, 498.97972336640004, 504.32777366534003, 514.91855611994, 529.0, 549.4257496801999, 561.2869729308, 568.6172701962599, 609.35223224366, 613.46797871301]
