Avion: 4      Iteracion: 22

Num Ruta: 22
Ingresos: 1396.313
Costos: 355.075390789
Utilidad Ruta: 1041.23760921
Costo Reducido: 155.098427283
Nodos: [104, 17, 52, 35, 70, 19, 54, 33, 68, 29, 64, 714]
q: [0, 5.0, -5.0, 8.0, -8.0, 7.0, -7.0, 5.0, -5.0, 9.0, -9.0, 0]
Q: [0, 5.0, 0.0, 8.0, 0.0, 7.0, 0.0, 5.0, 0.0, 9.0, 0.0, 0]
B: [0.0, 24.0, 58.8425537813, 270.0, 281.922738989, 402.0, 428.6271162915, 450.1755100599, 492.12817511229997, 549.0, 582.7797797802, 609.550209829]
