Avion: 3      Iteracion: 34

Num Ruta: 27
Ingresos: 877.74
Costos: 221.789794505
Utilidad Ruta: 655.950205495
Costo Reducido: 10.5154855497
Nodos: [103, 25, 60, 21, 56, 713]
q: [0, 10.0, -10.0, 12.0, -12.0, 0]
Q: [0, 10.0, 0.0, 12.0, 0.0, 0]
B: [0.0, 410.0, 427.1849823101, 477.0, 517.7387906792, 548.8965365058999]
