Avion: 2      Iteracion: 26

Num Ruta: 25
Ingresos: 1520.503
Costos: 574.467467078
Utilidad Ruta: 946.035532921
Costo Reducido: 107.865166444
Nodos: [102, 12, 30, 16, 51, 65, 47, 10, 45, 26, 61, 34, 32, 67, 69, 8, 33, 43, 13, 48, 20, 68, 27, 62, 55, 2, 37, 712]
q: [0.0, 0.0, 6.0, 9.0, -9.0, -6.0, 0.0, 12.0, -12.0, 10.0, -10.0, 8.0, 7.0, -7.0, -8.0, 8.0, 5.0, -8.0, 0.0, 0.0, 0.0, -5.0, 6.0, -6.0, 0.0, 0.0, 0.0, 0.0]
Q: [0.0, 0.0, 6.0, 15.0, 6.0, 0.0, 0.0, 12.0, 0.0, 10.0, 0.0, 8.0, 15.0, 8.0, 0.0, 8.0, 13.0, 5.0, 5.0, 5.0, 5.0, 0.0, 6.0, 0.0, 0.0, 0.0, 0.0, 0.0]
B: [0.0, 54.0, 72.5310629215, 80.73365421938, 90.35774565702, 93.22890221841, 116.02476028521, 124.74253064236, 154.26204137676, 300.0, 317.5792279694, 332.4924740614, 352.5153919557, 362.9170449974, 393.95932985210004, 414.0, 437.0, 460.2743670161, 462.48504315700995, 479.36819410700997, 496.0, 506.5907824546, 538.0, 555.0308623681, 571.1886281789999, 578.5189254444599, 619.2538874918599, 623.36963396121]
