Avion: 2      Iteracion: 44

Num Ruta: 43
Ingresos: 1605.633
Costos: 545.897921692
Utilidad Ruta: 1059.73507831
Costo Reducido: 13.8769679038
Nodos: [102, 16, 51, 10, 45, 26, 61, 34, 32, 67, 69, 19, 33, 54, 13, 48, 20, 68, 27, 62, 55, 2, 37, 712]
q: [0.0, 9.0, -9.0, 12.0, -12.0, 10.0, -10.0, 8.0, 7.0, -7.0, -8.0, 7.0, 5.0, -7.0, 10.0, -10.0, 0.0, -5.0, 6.0, -6.0, 0.0, 0.0, 0.0, 0.0]
Q: [0.0, 9.0, 0.0, 12.0, 0.0, 10.0, 0.0, 8.0, 15.0, 8.0, 0.0, 7.0, 12.0, 5.0, 15.0, 5.0, 5.0, 0.0, 6.0, 0.0, 0.0, 0.0, 0.0, 0.0]
B: [0.0, 36.0, 45.624091437640004, 96.0, 125.5195107344, 300.0, 317.5792279694, 332.4924740614, 352.5153919557, 362.9170449974, 393.95932985210004, 414.49914611220004, 451.09270647460005, 472.64110024300004, 476.86871954942006, 493.7518704994201, 507.68245573482005, 518.27323818942, 540.15406982352, 557.18493219162, 573.3426980025199, 580.6729952679799, 621.4079573153799, 625.52370378473]
