Avion: 6      Iteracion: 33

Num Ruta: 31
Ingresos: 1869.0
Costos: 445.512826649
Utilidad Ruta: 1423.48717335
Costo Reducido: 74.1213859929
Nodos: [106, 30, 65, 10, 45, 35, 70, 32, 67, 8, 33, 43, 13, 48, 68, 21, 56, 27, 62, 716]
q: [0.0, 11.0, -11.0, 12.0, -12.0, 8.0, -8.0, 11.0, -11.0, 8.0, 5.0, -8.0, 10.0, -10.0, -5.0, 12.0, -12.0, 6.0, -6.0, 0.0]
Q: [0.0, 11.0, 0.0, 12.0, 0.0, 8.0, 0.0, 11.0, 0.0, 8.0, 13.0, 5.0, 15.0, 5.0, 0.0, 12.0, 0.0, 6.0, 0.0, 0.0]
B: [0.0, 64.0, 82.7140226568, 101.4070729429, 130.92658367730002, 270.0, 281.922738989, 309.0, 319.4016530417, 414.0, 437.0, 460.2743670161, 462.48504315700995, 479.36819410700997, 484.71624440594996, 495.59572178314994, 536.33451246235, 549.51196065995, 566.54282302805, 576.24849338099]
