Avion: 1      Iteracion: 102

Num Ruta: 54
Ingresos: 1494.694
Costos: 369.715947033
Utilidad Ruta: 1124.97805297
Costo Reducido: 49.6839271798
Nodos: [101, 30, 65, 24, 59, 1, 36, 35, 70, 33, 13, 48, 68, 29, 64, 711]
q: [0.0, 11.0, -11.0, 11.0, -11.0, 7.0, -7.0, 8.0, -8.0, 5.0, 10.0, -10.0, -5.0, 9.0, -9.0, 0.0]
Q: [0.0, 11.0, 0.0, 11.0, 0.0, 7.0, 0.0, 8.0, 0.0, 5.0, 15.0, 5.0, 0.0, 9.0, 0.0, 0.0]
B: [0.0, 64.0, 82.7140226568, 107.4479935471, 145.9609438496, 175.0, 209.2400855285, 270.0, 281.922738989, 437.0, 462.372931896, 479.256082846, 484.60413314494, 549.0, 582.7797797802, 598.8802887473]
