Avion: 6      Iteracion: 65

Num Ruta: 48
Ingresos: 729.482
Costos: 254.392950935
Utilidad Ruta: 475.089049064
Costo Reducido: 7.13795141128
Nodos: [106, 34, 61, 26, 69, 33, 68, 716]
q: [0.0, 8.0, -8.0, 8.0, -8.0, 5.0, -5.0, 0.0]
Q: [0.0, 8.0, 0.0, 8.0, 0.0, 5.0, 0.0, 0.0]
B: [0.0, 322.0, 336.913246092, 354.4924740614, 380.2759853234, 437.0, 478.9526650524, 502.8451089835]
