Avion: 5      Iteracion: 22

Num Ruta: 22
Ingresos: 609.9
Costos: 321.513183118
Utilidad Ruta: 288.386816882
Costo Reducido: 35.3697700394
Nodos: [105, 19, 54, 33, 68, 715]
q: [0, 7.0, -7.0, 5.0, -5.0, 0]
Q: [0, 7.0, 0.0, 5.0, 0.0, 0]
B: [0.0, 402.0, 428.6271162915, 450.1755100599, 492.12817511229997, 535.8885015508]
