Avion: 2      Iteracion: 16

Num Ruta: 15
Ingresos: 2849.459
Costos: 710.638581006
Utilidad Ruta: 2138.82041899
Costo Reducido: 241.211132562
Nodos: [102, 9, 12, 44, 30, 16, 51, 65, 47, 10, 45, 3, 38, 23, 32, 67, 26, 61, 58, 34, 69, 8, 33, 43, 13, 48, 68, 4, 27, 62, 39, 2, 37, 712]
q: [0.0, 11.0, 0.0, -11.0, 11.0, 0.0, 0.0, -11.0, 0.0, 12.0, -12.0, 13.0, -13.0, 4.0, 11.0, -11.0, 10.0, -10.0, -4.0, 8.0, -8.0, 8.0, 5.0, -8.0, 0.0, 0.0, -5.0, 3.0, 6.0, -6.0, -3.0, 10.0, -10.0, 0.0]
Q: [0.0, 11.0, 11.0, 0.0, 11.0, 11.0, 11.0, 0.0, 0.0, 12.0, 0.0, 13.0, 0.0, 4.0, 15.0, 4.0, 14.0, 4.0, 0.0, 8.0, 0.0, 8.0, 13.0, 5.0, 5.0, 5.0, 0.0, 3.0, 9.0, 3.0, 0.0, 10.0, 0.0, 0.0]
B: [0.0, 29.8362865317, 54.0, 64.7870367571, 80.5749370925, 88.77752839038, 98.40161982802, 101.27277638941, 124.06863445620999, 132.78640481335998, 162.30591554775998, 256.0, 261.08428175852, 267.0, 309.0, 319.4016530417, 332.1221722921, 349.7014002615, 352.76847264408, 367.02741965988, 403.46754987368, 414.0, 437.0, 460.2743670161, 462.48504315700995, 479.36819410700997, 484.71624440594996, 529.0, 546.6147745373, 563.6456369054, 569.06089544032, 578.51536195092, 619.25032399832, 623.36607046767]
