Avion: 7      Iteracion: 46

Num Ruta: 31
Ingresos: 1477.125
Costos: 382.749117257
Utilidad Ruta: 1094.37588274
Costo Reducido: 31.7860107611
Nodos: [107, 14, 49, 11, 46, 1, 36, 3, 38, 23, 35, 70, 32, 67, 26, 61, 58, 34, 69, 717]
q: [0.0, 8.0, -8.0, 6.0, -6.0, 7.0, -7.0, 13.0, -13.0, 4.0, 8.0, -8.0, 11.0, -11.0, 10.0, -10.0, -4.0, 8.0, -8.0, 0.0]
Q: [0.0, 8.0, 0.0, 6.0, 0.0, 7.0, 0.0, 13.0, 0.0, 4.0, 12.0, 4.0, 15.0, 4.0, 14.0, 4.0, 0.0, 8.0, 0.0, 0.0]
B: [0.0, 112.0, 124.021711775, 169.0, 173.05406684701, 195.72351838431, 229.96360391281002, 256.0, 261.08428175852, 267.0, 277.4634044651, 289.38614345409997, 309.0, 319.4016530417, 332.1221722921, 349.7014002615, 352.76847264408, 367.02741965988, 403.46754987368, 412.2209121991]
