Avion: 5      Iteracion: 58

Num Ruta: 42
Ingresos: 1568.525
Costos: 416.860143298
Utilidad Ruta: 1151.6648567
Costo Reducido: 65.2654003993
Nodos: [105, 30, 65, 24, 59, 1, 36, 18, 53, 28, 63, 19, 54, 715]
q: [0, 11.0, -11.0, 11.0, -11.0, 7.0, -7.0, 10.0, -10.0, 6.0, -6.0, 7.0, -7.0, 0]
Q: [0, 11.0, 0.0, 11.0, 0.0, 7.0, 0.0, 10.0, 0.0, 6.0, 0.0, 7.0, 0.0, 0]
B: [0.0, 64.0, 82.7140226568, 107.4479935471, 145.9609438496, 175.0, 209.2400855285, 293.0, 316.8182362487, 378.0, 414.0266187839, 426.5624120576, 453.1895283491, 488.8712121238]
