Avion: 1      Iteracion: 50

Num Ruta: 31
Ingresos: 419.26
Costos: 240.534822412
Utilidad Ruta: 178.725177588
Costo Reducido: 9.61885781845
Nodos: [101, 30, 65, 8, 43, 711]
q: [0, 11.0, -11.0, 8.0, -8.0, 0]
Q: [0, 11.0, 0.0, 8.0, 0.0, 0]
B: [0.0, 64.0, 82.7140226568, 414.0, 434.768396616, 440.47752789843]
