Avion: 3      Iteracion: 13

Num Ruta: 14
Ingresos: 505.739
Costos: 244.892869915
Utilidad Ruta: 260.846130085
Costo Reducido: 57.3573432623
Nodos: [103, 30, 65, 16, 51, 26, 61, 713]
q: [0, 11.0, -11.0, 9.0, -9.0, 10.0, -10.0, 0]
Q: [0, 11.0, 0.0, 9.0, 0.0, 10.0, 0.0, 0]
B: [0.0, 64.0, 82.7140226568, 93.53069441849999, 103.15478585614, 300.0, 317.5792279694, 333.7690249107]
