Avion: 3      Iteracion: 76

Num Ruta: 40
Ingresos: 2120.508
Costos: 492.662482267
Utilidad Ruta: 1627.84551773
Costo Reducido: 45.9139119192
Nodos: [103, 16, 51, 24, 59, 10, 45, 23, 35, 70, 58, 31, 19, 66, 33, 54, 68, 713]
q: [0.0, 9.0, -9.0, 11.0, -11.0, 12.0, -12.0, 10.0, 5.0, -5.0, -10.0, 8.0, 7.0, -8.0, 5.0, -7.0, -5.0, 0.0]
Q: [0.0, 9.0, 0.0, 11.0, 0.0, 12.0, 0.0, 10.0, 15.0, 10.0, 0.0, 8.0, 15.0, 7.0, 12.0, 5.0, 0.0, 0.0]
B: [0.0, 36.0, 45.624091437640004, 70.85029051714, 109.36324081964, 121.14917149994, 150.66868223434, 267.0, 277.4634044651, 289.38614345409997, 313.15284696969997, 406.0, 427.4250045741, 443.5262214225, 465.9243828649, 487.4727766333, 509.3782214587, 513.07309696405]
