Avion: 6      Iteracion: 0

Num Ruta: 1
Ingresos: 1161.985
Costos: 319.546456771
Utilidad Ruta: 842.438543229
Costo Reducido: -
Nodos: [106, 9, 44, 23, 58, 27, 62, 4, 39, 716]
q: [0, 11.0, -11.0, 10.0, -10.0, 6.0, -6.0, 3.0, -3.0, 0]
Q: [0, 11.0, 0.0, 10.0, 0.0, 6.0, 0.0, 3.0, 0.0, 0]
B: [0.0, 51.9831585901, 81.51039559259999, 267.0, 306.733842905, 538.0, 555.0308623681, 571.1180630258, 591.5438127059999, 606.2209275450999]
