Avion: 2      Iteracion: 15

Num Ruta: 14
Ingresos: 2609.048
Costos: 694.048959727
Utilidad Ruta: 1914.99904027
Costo Reducido: 193.809213957
Nodos: [102, 9, 12, 44, 30, 16, 51, 65, 47, 10, 45, 3, 38, 23, 35, 70, 26, 61, 58, 34, 69, 33, 6, 41, 13, 48, 68, 27, 62, 2, 37, 712]
q: [0.0, 11.0, 0.0, -11.0, 11.0, 4.0, -4.0, -11.0, 0.0, 12.0, -12.0, 13.0, -13.0, 5.0, 8.0, -8.0, 10.0, -10.0, -5.0, 8.0, -8.0, 5.0, 4.0, -4.0, 0.0, 0.0, -5.0, 6.0, -6.0, 10.0, -10.0, 0.0]
Q: [0.0, 11.0, 11.0, 0.0, 11.0, 15.0, 11.0, 0.0, 0.0, 12.0, 0.0, 13.0, 0.0, 5.0, 13.0, 5.0, 15.0, 5.0, 0.0, 8.0, 0.0, 5.0, 9.0, 5.0, 5.0, 5.0, 0.0, 6.0, 0.0, 10.0, 0.0, 0.0]
B: [0.0, 29.8362865317, 54.0, 64.7870367571, 80.5749370925, 88.77752839038, 98.40161982802, 101.27277638941, 124.06863445620999, 132.78640481335998, 162.30591554775998, 256.0, 261.08428175852, 267.0, 277.4634044651, 289.38614345409997, 303.7370056233, 321.3162335927, 324.38330597528, 338.64225299108, 375.08238320488, 437.0, 463.1548069196, 466.84709631779, 480.25716242499, 497.14031337499, 502.48836367393, 538.0, 555.0308623681, 566.4829354555, 607.2178975029, 611.33364397225]
