Avion: 5      Iteracion: 60

Num Ruta: 44
Ingresos: 242.282
Costos: 269.38038592
Utilidad Ruta: -27.0983859199
Costo Reducido: 36.7064003346
Nodos: [105, 9, 44, 14, 49, 715]
q: [0, 11.0, -11.0, 8.0, -8.0, 0]
Q: [0, 11.0, 0.0, 8.0, 0.0, 0]
B: [0.0, 31.4915482312, 61.0187852337, 112.0, 124.021711775, 130.10479397073]
