Avion: 4      Iteracion: 57

Num Ruta: 41
Ingresos: 655.327
Costos: 289.001514053
Utilidad Ruta: 366.325485947
Costo Reducido: 20.9612679782
Nodos: [104, 19, 54, 29, 64, 714]
q: [0, 7.0, -7.0, 9.0, -9.0, 0]
Q: [0, 7.0, 0.0, 9.0, 0.0, 0]
B: [0.0, 402.0, 428.6271162915, 549.0, 582.7797797802, 609.550209829]
