Avion: 1      Iteracion: 39

Num Ruta: 28
Ingresos: 1057.516
Costos: 400.480212943
Utilidad Ruta: 657.035787057
Costo Reducido: 47.3768663481
Nodos: [101, 1, 36, 18, 53, 31, 66, 33, 68, 711]
q: [0, 7.0, -7.0, 10.0, -10.0, 9.0, -9.0, 5.0, -5.0, 0]
Q: [0, 7.0, 0.0, 10.0, 0.0, 9.0, 0.0, 5.0, 0.0, 0]
B: [0.0, 175.0, 209.2400855285, 293.0, 316.8182362487, 406.0, 434.325479078, 456.7236405204, 498.6763055728, 515.8684727718]
