Avion: 7      Iteracion: 51

Num Ruta: 32
Ingresos: 767.987
Costos: 311.91169963
Utilidad Ruta: 456.07530037
Costo Reducido: 36.4550795642
Nodos: [107, 3, 38, 23, 35, 70, 32, 67, 58, 31, 66, 717]
q: [0.0, 13.0, -13.0, 4.0, 8.0, -8.0, 11.0, -11.0, -4.0, 9.0, -9.0, 0.0]
Q: [0.0, 13.0, 0.0, 4.0, 12.0, 4.0, 15.0, 4.0, 0.0, 9.0, 0.0, 0.0]
B: [0.0, 256.0, 261.08428175852, 267.0, 277.4634044651, 289.38614345409997, 309.0, 319.4016530417, 351.7919881588, 406.0, 434.325479078, 437.96020107562]
