Avion: 7      Iteracion: 31

Num Ruta: 26
Ingresos: 1445.437
Costos: 314.232595662
Utilidad Ruta: 1131.20440434
Costo Reducido: 145.733543416
Nodos: [107, 14, 49, 3, 38, 23, 35, 70, 26, 61, 58, 22, 57, 28, 31, 63, 25, 60, 66, 717]
q: [0.0, 0.0, 0.0, 13.0, -13.0, 0.0, 8.0, -8.0, 10.0, -10.0, 0.0, 10.0, -10.0, 6.0, 9.0, -6.0, 6.0, -6.0, -9.0, 0.0]
Q: [0.0, 0.0, 0.0, 13.0, 0.0, 0.0, 8.0, 0.0, 10.0, 0.0, 0.0, 10.0, 0.0, 6.0, 15.0, 9.0, 15.0, 9.0, 0.0, 0.0]
B: [0.0, 112.0, 124.021711775, 256.0, 261.08428175852, 267.0, 277.4634044651, 289.38614345409997, 303.7370056233, 321.3162335927, 324.38330597528, 340.13972996678, 361.89441610568, 404.94557980658004, 420.56179935548005, 441.05867931318005, 444.39205792954004, 461.57704023964004, 485.65157876064006, 489.28630075826004]
