Avion: 4      Iteracion: 65

Num Ruta: 44
Ingresos: 2224.597
Costos: 490.500993334
Utilidad Ruta: 1734.09600667
Costo Reducido: 25.4561423201
Nodos: [104, 16, 51, 26, 61, 34, 69, 8, 33, 43, 68, 21, 4, 39, 56, 29, 64, 714]
q: [0, 9.0, -9.0, 10.0, -10.0, 8.0, -8.0, 8.0, 5.0, -8.0, -5.0, 12.0, 3.0, -3.0, -12.0, 9.0, -9.0, 0]
Q: [0, 9.0, 0.0, 10.0, 0.0, 8.0, 0.0, 8.0, 13.0, 5.0, 0.0, 12.0, 15.0, 12.0, 0.0, 9.0, 0.0, 0]
B: [0.0, 37.6306202048, 47.25471164244, 300.0, 317.5792279694, 332.4924740614, 368.9326042752, 414.0, 437.0, 460.2743670161, 482.23124805599997, 493.11072543319995, 529.0, 549.4257496801999, 566.2286940948, 604.6819905724999, 638.4617703526999, 665.2322004014999]
