Avion: 5      Iteracion: 24

Num Ruta: 24
Ingresos: 786.083
Costos: 329.278176025
Utilidad Ruta: 456.804823975
Costo Reducido: 41.5342863211
Nodos: [105, 30, 16, 51, 65, 24, 59, 1, 36, 715]
q: [0.0, 11.0, 4.0, -4.0, -11.0, 11.0, -11.0, 7.0, -7.0, 0.0]
Q: [0.0, 11.0, 15.0, 11.0, 0.0, 11.0, 0.0, 7.0, 0.0, 0.0]
B: [0.0, 64.0, 72.20259129788, 81.82668273552001, 84.69783929691, 109.43181018721, 147.94476048971, 175.0, 209.2400855285, 223.7439433601]
