Avion: 2      Iteracion: 58

Num Ruta: 55
Ingresos: 2485.201
Costos: 500.023445081
Utilidad Ruta: 1985.17755492
Costo Reducido: 90.7134943644
Nodos: [102, 16, 51, 24, 59, 10, 45, 26, 34, 61, 22, 57, 69, 8, 19, 54, 43, 13, 48, 20, 4, 39, 55, 2, 37, 712]
q: [0.0, 9.0, -9.0, 11.0, -11.0, 12.0, -12.0, 7.0, 8.0, -7.0, 7.0, -7.0, -8.0, 8.0, 7.0, -7.0, -8.0, 15.0, -15.0, 0.0, 0.0, 0.0, 0.0, 10.0, -10.0, 0.0]
Q: [0.0, 9.0, 0.0, 11.0, 0.0, 12.0, 0.0, 7.0, 15.0, 8.0, 15.0, 8.0, 0.0, 8.0, 15.0, 8.0, 0.0, 15.0, 0.0, 0.0, 0.0, 0.0, 0.0, 10.0, 0.0, 0.0]
B: [0.0, 36.0, 45.624091437640004, 70.85029051714, 109.36324081964, 121.14917149994, 150.66868223434, 300.0, 322.0, 336.913246092, 350.5474267421, 372.302112881, 382.8923632085, 414.0, 437.1608815463, 463.7879978378, 466.71611702935996, 468.92679317026995, 485.80994412026996, 499.74052935566993, 529.0, 549.4257496801999, 561.2869729308, 568.6172701962599, 609.35223224366, 613.46797871301]
