Avion: 6      Iteracion: 35

Num Ruta: 33
Ingresos: 592.064
Costos: 231.03990328
Utilidad Ruta: 361.02409672
Costo Reducido: 50.2818481595
Nodos: [106, 30, 65, 26, 67, 32, 61, 27, 62, 716]
q: [0.0, 11.0, -11.0, 10.0, -10.0, 10.0, -10.0, 6.0, -6.0, 0.0]
Q: [0.0, 11.0, 0.0, 10.0, 0.0, 10.0, 0.0, 6.0, 0.0, 0.0]
B: [0.0, 64.0, 82.7140226568, 300.0, 319.0, 329.4016530417, 349.4528381438, 538.0, 555.0308623681, 564.73653272104]
