Avion: 3      Iteracion: 19

Num Ruta: 19
Ingresos: 1676.803
Costos: 451.679163126
Utilidad Ruta: 1225.12383687
Costo Reducido: 42.495492053
Nodos: [103, 30, 16, 51, 65, 24, 59, 11, 46, 35, 70, 23, 58, 31, 66, 19, 54, 713]
q: [0.0, 0.0, 0.0, 0.0, 0.0, 11.0, -11.0, 6.0, -6.0, 8.0, -8.0, 10.0, -10.0, 9.0, -9.0, 7.0, -7.0, 0.0]
Q: [0.0, 0.0, 0.0, 0.0, 0.0, 11.0, 0.0, 6.0, 0.0, 8.0, 0.0, 10.0, 0.0, 9.0, 0.0, 7.0, 0.0, 0.0]
B: [0.0, 64.0, 72.20259129788, 81.82668273552001, 84.69783929691, 109.43181018721, 147.94476048971, 169.0, 173.05406684701, 270.0, 281.922738989, 302.04960511369995, 341.78344801869997, 406.0, 434.325479078, 450.4266959264, 477.0538122179, 495.830870667]
