Avion: 2      Iteracion: 107

Num Ruta: 94
Ingresos: 1353.173
Costos: 393.959027458
Utilidad Ruta: 959.213972542
Costo Reducido: 9.49000109545
Nodos: [102, 16, 51, 24, 59, 10, 45, 26, 32, 67, 61, 13, 48, 20, 4, 39, 55, 2, 37, 712]
q: [0.0, 0.0, 0.0, 11.0, -11.0, 12.0, -12.0, 0.0, 11.0, -11.0, 0.0, 15.0, -15.0, 0.0, 3.0, -3.0, 0.0, 10.0, -10.0, 0.0]
Q: [0.0, 0.0, 0.0, 11.0, 0.0, 12.0, 0.0, 0.0, 11.0, 0.0, 0.0, 15.0, 0.0, 0.0, 3.0, 0.0, 0.0, 10.0, 0.0, 0.0]
B: [0.0, 36.0, 45.624091437640004, 70.85029051714, 109.36324081964, 121.14917149994, 150.66868223434, 300.0, 309.0, 319.4016530417, 349.5747438678, 423.0, 439.88315095, 496.0, 529.0, 549.4257496801999, 561.2869729308, 568.6172701962599, 609.35223224366, 613.46797871301]
