Avion: 5      Iteracion: 25

Num Ruta: 25
Ingresos: 462.129
Costos: 255.991570407
Utilidad Ruta: 206.137429593
Costo Reducido: 62.761425633
Nodos: [105, 25, 60, 31, 66, 715]
q: [0, 10.0, -10.0, 9.0, -9.0, 0]
Q: [0, 10.0, 0.0, 9.0, 0.0, 0]
B: [0.0, 410.0, 427.1849823101, 432.00662891681, 460.33210799481, 474.08485175741]
