Avion: 2      Iteracion: 63

Num Ruta: 60
Ingresos: 2948.595
Costos: 554.572820582
Utilidad Ruta: 2394.02217942
Costo Reducido: 97.3546083795
Nodos: [102, 16, 51, 10, 45, 3, 38, 23, 35, 70, 26, 61, 58, 22, 57, 19, 8, 33, 54, 43, 13, 48, 20, 68, 4, 39, 55, 2, 37, 712]
q: [0.0, 0.0, 0.0, 12.0, -12.0, 13.0, -13.0, 10.0, 5.0, -5.0, 0.0, 0.0, -10.0, 10.0, -10.0, 7.0, 3.0, 5.0, -7.0, -3.0, 10.0, -10.0, 0.0, -5.0, 3.0, -3.0, 0.0, 10.0, -10.0, 0.0]
Q: [0.0, 0.0, 0.0, 12.0, 0.0, 13.0, 0.0, 10.0, 15.0, 10.0, 10.0, 10.0, 0.0, 10.0, 0.0, 7.0, 10.0, 15.0, 8.0, 5.0, 15.0, 5.0, 5.0, 0.0, 3.0, 0.0, 0.0, 10.0, 0.0, 0.0]
B: [0.0, 36.0, 45.624091437640004, 96.0, 125.5195107344, 256.0, 261.08428175852, 267.0, 277.4634044651, 289.38614345409997, 303.7370056233, 321.3162335927, 324.38330597528, 340.13972996678, 361.89441610568, 402.0, 425.1608815463, 438.92553635490003, 460.4739301233, 463.40204931486, 465.61272545577, 482.49587640577, 496.42646164116996, 507.01724409576997, 529.0, 549.4257496801999, 561.2869729308, 568.6172701962599, 609.35223224366, 613.46797871301]
