Avion: 4      Iteracion: 29

Num Ruta: 27
Ingresos: 1018.916
Costos: 347.112516676
Utilidad Ruta: 671.803483324
Costo Reducido: 103.263227997
Nodos: [104, 10, 45, 26, 61, 22, 57, 25, 60, 714]
q: [0, 12.0, -12.0, 10.0, -10.0, 10.0, -10.0, 10.0, -10.0, 0]
Q: [0, 12.0, 0.0, 10.0, 0.0, 10.0, 0.0, 10.0, 0.0, 0]
B: [0.0, 96.0, 125.5195107344, 300.0, 317.5792279694, 331.2134086195, 352.9680947584, 410.0, 427.1849823101, 447.9607021051]
