Avion: 2      Iteracion: 21

Num Ruta: 20
Ingresos: 1328.738
Costos: 409.405124059
Utilidad Ruta: 919.332875941
Costo Reducido: 98.1112218706
Nodos: [102, 16, 51, 10, 45, 32, 67, 26, 61, 4, 39, 2, 37, 712]
q: [0, 9.0, -9.0, 12.0, -12.0, 11.0, -11.0, 10.0, -10.0, 3.0, -3.0, 10.0, -10.0, 0]
Q: [0, 9.0, 0.0, 12.0, 0.0, 11.0, 0.0, 10.0, 0.0, 3.0, 0.0, 10.0, 0.0, 0]
B: [0.0, 36.0, 45.624091437640004, 96.0, 125.5195107344, 309.0, 319.4016530417, 332.1221722921, 349.7014002615, 529.0, 549.4257496801999, 558.8802161908, 599.6151782382, 603.73092470755]
