Avion: 2      Iteracion: 54

Num Ruta: 51
Ingresos: 2725.594
Costos: 617.465025147
Utilidad Ruta: 2108.12897485
Costo Reducido: 68.4821410652
Nodos: [102, 16, 51, 24, 59, 10, 45, 1, 36, 3, 38, 23, 35, 70, 32, 67, 26, 61, 58, 28, 13, 48, 31, 63, 66, 20, 4, 39, 55, 2, 37, 712]
q: [0.0, 9.0, -9.0, 11.0, -11.0, 12.0, -12.0, 7.0, -7.0, 13.0, -13.0, 4.0, 8.0, -8.0, 11.0, -11.0, 0.0, 0.0, -4.0, 6.0, 9.0, -9.0, 9.0, -6.0, -9.0, 0.0, 3.0, -3.0, 0.0, 10.0, -10.0, 0.0]
Q: [0.0, 9.0, 0.0, 11.0, 0.0, 12.0, 0.0, 7.0, 0.0, 13.0, 0.0, 4.0, 12.0, 4.0, 15.0, 4.0, 4.0, 4.0, 0.0, 6.0, 15.0, 6.0, 15.0, 9.0, 0.0, 0.0, 3.0, 0.0, 0.0, 10.0, 0.0, 0.0]
B: [0.0, 36.0, 45.624091437640004, 70.85029051714, 109.36324081964, 121.14917149994, 150.66868223434, 189.08802340514, 223.32810893364, 256.0, 261.08428175852, 267.0, 277.4634044651, 289.38614345409997, 309.0, 319.4016530417, 332.1221722921, 349.7014002615, 352.76847264408, 378.0, 423.0, 439.88315095, 444.3406643824, 464.8375443401, 493.251976043, 514.0320089592, 529.0, 549.4257496801999, 561.2869729308, 568.6172701962599, 609.35223224366, 613.46797871301]
