Avion: 7      Iteracion: 23

Num Ruta: 23
Ingresos: 1976.443
Costos: 413.32051747
Utilidad Ruta: 1563.12248253
Costo Reducido: 81.3451798261
Nodos: [107, 14, 49, 11, 46, 1, 36, 3, 38, 23, 35, 70, 26, 61, 58, 31, 19, 66, 8, 54, 43, 717]
q: [0.0, 8.0, -8.0, 6.0, -6.0, 7.0, -7.0, 0.0, 0.0, 5.0, 8.0, -8.0, 10.0, -10.0, -5.0, 8.0, 7.0, -8.0, 8.0, -7.0, -8.0, 0.0]
Q: [0.0, 8.0, 0.0, 6.0, 0.0, 7.0, 0.0, 0.0, 0.0, 5.0, 13.0, 5.0, 15.0, 5.0, 0.0, 8.0, 15.0, 7.0, 15.0, 8.0, 0.0, 0.0]
B: [0.0, 112.0, 124.021711775, 169.0, 173.05406684701, 195.72351838431, 229.96360391281002, 256.0, 261.08428175852, 267.0, 277.4634044651, 289.38614345409997, 303.7370056233, 321.3162335927, 324.38330597528, 406.0, 427.4250045741, 443.5262214225, 452.30906754434, 470.26602697514, 473.19414616669997, 501.60635382469997]
