Avion: 1      Iteracion: 22

Num Ruta: 20
Ingresos: 587.506
Costos: 302.865733582
Utilidad Ruta: 284.640266418
Costo Reducido: 50.7883974625
Nodos: [101, 34, 69, 19, 54, 711]
q: [0, 8.0, -8.0, 7.0, -7.0, 0]
Q: [0, 8.0, 0.0, 7.0, 0.0, 0]
B: [0.0, 322.0, 358.4401302138, 402.0, 428.6271162915, 433.37264323799997]
