Avion: 3      Iteracion: 1

Num Ruta: 5
Ingresos: 3623.566
Costos: 672.052388188
Utilidad Ruta: 2951.51361181
Costo Reducido: 2446.55115793
Nodos: [103, 9, 44, 16, 51, 30, 65, 10, 45, 3, 38, 23, 35, 70, 58, 22, 57, 28, 31, 63, 19, 66, 8, 54, 43, 21, 56, 713]
q: [0.0, 11.0, -11.0, 9.0, -9.0, 11.0, -11.0, 12.0, -12.0, 13.0, -13.0, 10.0, 5.0, -5.0, -10.0, 10.0, -10.0, 6.0, 8.0, -6.0, 7.0, -8.0, 8.0, -7.0, -8.0, 12.0, -12.0, 0.0]
Q: [0.0, 11.0, 0.0, 9.0, 0.0, 11.0, 0.0, 12.0, 0.0, 13.0, 0.0, 10.0, 15.0, 10.0, 0.0, 10.0, 0.0, 6.0, 14.0, 8.0, 15.0, 7.0, 15.0, 8.0, 0.0, 12.0, 0.0, 0.0]
B: [0.0, 37.2069129329, 66.73414993540001, 90.46393411060001, 100.08802554824001, 117.07331918714002, 135.78734184394003, 154.48039213004003, 183.99990286444003, 256.0, 261.08428175852, 267.0, 277.4634044651, 289.38614345409997, 313.15284696969997, 328.9092709612, 350.6639571001, 393.715120801, 409.3313403499, 429.8282203076, 442.3640135813, 458.4652304297, 467.24807655154, 485.20503598234, 488.1331551739, 513.0973268806, 553.8361175598, 584.9938633864999]
