Avion: 6      Iteracion: 26

Num Ruta: 27
Ingresos: 2014.892
Costos: 311.134666754
Utilidad Ruta: 1703.75733325
Costo Reducido: 166.831716085
Nodos: [106, 17, 52, 14, 49, 35, 70, 26, 67, 32, 61, 28, 31, 63, 19, 66, 8, 54, 43, 6, 41, 5, 40, 716]
q: [0.0, 5.0, -5.0, 8.0, -8.0, 8.0, -8.0, 10.0, -10.0, 10.0, -10.0, 6.0, 8.0, -6.0, 7.0, -8.0, 8.0, -7.0, -8.0, 4.0, -4.0, 9.0, -9.0, 0.0]
Q: [0.0, 5.0, 0.0, 8.0, 0.0, 8.0, 0.0, 10.0, 0.0, 10.0, 0.0, 6.0, 14.0, 8.0, 15.0, 7.0, 15.0, 8.0, 0.0, 4.0, 0.0, 9.0, 0.0, 0.0]
B: [0.0, 24.0, 58.8425537813, 112.0, 124.021711775, 270.0, 281.922738989, 300.0, 319.0, 329.4016530417, 349.4528381438, 378.0, 406.0, 426.4968799577, 439.0326732314, 455.1338900798, 463.91673620164, 481.87369563244, 484.80181482399996, 493.99248645342993, 497.6847758516199, 516.0736360664199, 517.1953249715999, 523.9186790452699]
