Avion: 7      Iteracion: 20

Num Ruta: 20
Ingresos: 2185.388
Costos: 385.929745023
Utilidad Ruta: 1799.45825498
Costo Reducido: 185.18395912
Nodos: [107, 30, 65, 14, 49, 3, 38, 23, 58, 22, 57, 19, 31, 54, 33, 66, 68, 717]
q: [0.0, 11.0, -11.0, 8.0, -8.0, 0.0, 0.0, 10.0, -10.0, 10.0, -10.0, 7.0, 8.0, -7.0, 5.0, -8.0, -5.0, 0.0]
Q: [0.0, 11.0, 0.0, 8.0, 0.0, 0.0, 0.0, 10.0, 0.0, 10.0, 0.0, 7.0, 15.0, 8.0, 13.0, 5.0, 0.0, 0.0]
B: [0.0, 64.0, 82.7140226568, 112.0, 124.021711775, 256.0, 261.08428175852, 267.0, 306.733842905, 322.49026689650003, 344.24495303540004, 402.0, 423.4250045741, 440.5310440047, 462.0794377731, 484.4775992155, 515.4293900684, 549.9651384605]
