Avion: 1      Iteracion: 74

Num Ruta: 45
Ingresos: 1312.768
Costos: 470.21179388
Utilidad Ruta: 842.55620612
Costo Reducido: 59.3450403993
Nodos: [101, 24, 59, 10, 45, 26, 61, 22, 57, 33, 68, 711]
q: [0, 11.0, -11.0, 12.0, -12.0, 10.0, -10.0, 10.0, -10.0, 5.0, -5.0, 0]
Q: [0, 11.0, 0.0, 12.0, 0.0, 10.0, 0.0, 10.0, 0.0, 5.0, 0.0, 0]
B: [0.0, 61.0, 99.5129503025, 111.2988809828, 140.8183917172, 300.0, 317.5792279694, 331.2134086195, 352.9680947584, 437.0, 478.9526650524, 496.1448322514]
