Avion: 1      Iteracion: 57

Num Ruta: 36
Ingresos: 1907.657
Costos: 404.62428743
Utilidad Ruta: 1503.03271257
Costo Reducido: 103.878012156
Nodos: [101, 30, 65, 24, 59, 1, 36, 22, 57, 19, 54, 4, 29, 64, 39, 711]
q: [0, 11.0, -11.0, 11.0, -11.0, 7.0, -7.0, 10.0, -10.0, 7.0, -7.0, 3.0, 9.0, -9.0, -3.0, 0]
Q: [0, 11.0, 0.0, 11.0, 0.0, 7.0, 0.0, 10.0, 0.0, 7.0, 0.0, 3.0, 12.0, 3.0, 0.0, 0]
B: [0.0, 64.0, 82.7140226568, 107.4479935471, 145.9609438496, 175.0, 209.2400855285, 299.0, 320.7546861389, 402.0, 428.6271162915, 529.0, 549.7100026316, 583.4897824118, 595.7088534485, 612.5178855444]
