Avion: 4      Iteracion: 33

Num Ruta: 31
Ingresos: 501.684
Costos: 248.376399664
Utilidad Ruta: 253.307600336
Costo Reducido: 3.93562307271
Nodos: [104, 28, 63, 25, 60, 714]
q: [0, 6.0, -6.0, 10.0, -10.0, 0]
Q: [0, 6.0, 0.0, 10.0, 0.0, 0]
B: [0.0, 378.0, 414.0266187839, 417.35999740026, 434.54497971036, 455.32069950536]
