Avion: 7      Iteracion: 55

Num Ruta: 34
Ingresos: 1515.612
Costos: 487.293743401
Utilidad Ruta: 1028.3182566
Costo Reducido: 94.3647176109
Nodos: [107, 30, 65, 24, 59, 34, 69, 28, 31, 63, 19, 54, 66, 717]
q: [0.0, 11.0, -11.0, 11.0, -11.0, 8.0, -8.0, 6.0, 8.0, -6.0, 7.0, -7.0, -8.0, 0.0]
Q: [0.0, 11.0, 0.0, 11.0, 0.0, 8.0, 0.0, 6.0, 14.0, 8.0, 15.0, 8.0, 0.0, 0.0]
B: [0.0, 64.0, 82.7140226568, 107.4479935471, 145.9609438496, 322.0, 358.4401302138, 393.0553437766, 408.6715633255, 429.1684432832, 441.7042365569, 468.3313528484, 490.7495171354, 494.38423913302]
