Avion: 2      Iteracion: 87

Num Ruta: 77
Ingresos: 2161.033
Costos: 539.789055011
Utilidad Ruta: 1621.24394499
Costo Reducido: 37.7938635309
Nodos: [102, 16, 51, 24, 59, 10, 45, 26, 61, 34, 69, 31, 66, 33, 13, 48, 68, 20, 4, 39, 55, 2, 37, 712]
q: [0.0, 9.0, -9.0, 11.0, -11.0, 0.0, 0.0, 10.0, -10.0, 8.0, -8.0, 9.0, -9.0, 5.0, 10.0, -10.0, -5.0, 0.0, 3.0, -3.0, 0.0, 10.0, -10.0, 0.0]
Q: [0.0, 9.0, 0.0, 11.0, 0.0, 0.0, 0.0, 10.0, 0.0, 8.0, 0.0, 9.0, 0.0, 5.0, 15.0, 5.0, 0.0, 0.0, 3.0, 0.0, 0.0, 10.0, 0.0, 0.0]
B: [0.0, 36.0, 45.624091437640004, 70.85029051714, 109.36324081964, 121.14917149994, 150.66868223434, 300.0, 317.5792279694, 332.4924740614, 368.9326042752, 406.0, 434.325479078, 456.7236405204, 482.0965724164, 498.97972336640004, 504.32777366534003, 514.91855611994, 529.0, 549.4257496801999, 561.2869729308, 568.6172701962599, 609.35223224366, 613.46797871301]
