Avion: 2      Iteracion: 8

Num Ruta: 9
Ingresos: 2636.318
Costos: 702.823604115
Utilidad Ruta: 1933.49439588
Costo Reducido: 386.042421588
Nodos: [102, 16, 51, 24, 59, 10, 45, 23, 35, 70, 26, 61, 58, 34, 32, 67, 69, 6, 41, 13, 48, 21, 56, 27, 62, 2, 37, 712]
q: [0.0, 9.0, -9.0, 11.0, -11.0, 12.0, -12.0, 10.0, 5.0, -5.0, 5.0, -5.0, -10.0, 8.0, 7.0, -7.0, -8.0, 4.0, -4.0, 15.0, -15.0, 12.0, -12.0, 6.0, -6.0, 0.0, 0.0, 0.0]
Q: [0.0, 9.0, 0.0, 11.0, 0.0, 12.0, 0.0, 10.0, 15.0, 10.0, 15.0, 10.0, 0.0, 8.0, 15.0, 8.0, 0.0, 4.0, 0.0, 15.0, 0.0, 12.0, 0.0, 6.0, 0.0, 0.0, 0.0, 0.0]
B: [0.0, 36.0, 45.624091437640004, 70.85029051714, 109.36324081964, 121.14917149994, 150.66868223434, 267.0, 277.4634044651, 289.38614345409997, 303.7370056233, 321.3162335927, 324.38330597528, 338.64225299108, 358.66517088538, 369.06682392708, 400.10910878178004, 436.0, 439.69228939819, 453.10235550539, 469.98550645539, 485.49690284639, 526.23569352559, 539.41314172319, 556.44400409129, 567.89607717869, 608.63103922609, 612.74678569544]
