Avion: 6      Iteracion: 7

Num Ruta: 11
Ingresos: 2146.271
Costos: 528.703955946
Utilidad Ruta: 1617.56704405
Costo Reducido: 443.127867563
Nodos: [106, 16, 51, 24, 9, 44, 59, 14, 49, 3, 38, 32, 67, 26, 61, 8, 33, 6, 41, 43, 13, 48, 68, 21, 56, 27, 62, 716]
q: [0.0, 9.0, -9.0, 4.0, 11.0, -11.0, -4.0, 8.0, -8.0, 13.0, -13.0, 11.0, -11.0, 10.0, -10.0, 6.0, 5.0, 4.0, -4.0, -6.0, 10.0, -10.0, -5.0, 12.0, -12.0, 6.0, -6.0, 0.0]
Q: [0.0, 9.0, 0.0, 4.0, 15.0, 4.0, 0.0, 8.0, 0.0, 13.0, 0.0, 11.0, 0.0, 10.0, 0.0, 6.0, 11.0, 15.0, 11.0, 5.0, 15.0, 5.0, 0.0, 12.0, 0.0, 6.0, 0.0, 0.0]
B: [0.0, 36.0, 45.624091437640004, 70.85029051714, 77.28716755495999, 106.81440455746, 131.86996797156, 160.51633727025998, 172.53804904525998, 256.0, 261.08428175852, 309.0, 319.4016530417, 332.1221722921, 349.7014002615, 414.0, 437.0, 463.1548069196, 466.84709631779, 479.71309880498995, 481.92377494589994, 498.80692589589995, 504.15497619483995, 515.03445357204, 555.7732442512399, 568.95069244884, 585.9815548169399, 595.68722516988]
