Avion: 2      Iteracion: 25

Num Ruta: 24
Ingresos: 858.834
Costos: 372.622658689
Utilidad Ruta: 486.211341311
Costo Reducido: 135.743930962
Nodos: [102, 16, 51, 32, 67, 26, 61, 13, 48, 31, 5, 40, 66, 20, 4, 39, 55, 2, 37, 712]
q: [0.0, 0.0, 0.0, 11.0, -11.0, 10.0, -10.0, 15.0, -15.0, 9.0, 6.0, -6.0, -9.0, 0.0, 3.0, -3.0, 0.0, 0.0, 0.0, 0.0]
Q: [0.0, 0.0, 0.0, 11.0, 0.0, 10.0, 0.0, 15.0, 0.0, 9.0, 15.0, 9.0, 0.0, 0.0, 3.0, 0.0, 0.0, 0.0, 0.0, 0.0]
B: [0.0, 36.0, 45.624091437640004, 309.0, 319.4016530417, 332.1221722921, 349.7014002615, 423.0, 439.88315095, 444.3406643824, 469.0, 470.12168890518, 488.93639618428, 509.71642910048, 529.0, 549.4257496801999, 561.2869729308, 568.6172701962599, 609.35223224366, 613.46797871301]
