Avion: 3      Iteracion: 10

Num Ruta: 11
Ingresos: 837.52
Costos: 421.150495966
Utilidad Ruta: 416.369504034
Costo Reducido: 214.558814837
Nodos: [103, 30, 65, 16, 51, 11, 46, 23, 18, 53, 58, 34, 69, 4, 39, 713]
q: [0.0, 11.0, -11.0, 9.0, -9.0, 6.0, -6.0, 0.0, 10.0, -10.0, 0.0, 8.0, -8.0, 3.0, -3.0, 0.0]
Q: [0.0, 11.0, 0.0, 9.0, 0.0, 6.0, 0.0, 0.0, 10.0, 0.0, 0.0, 8.0, 0.0, 3.0, 0.0, 0.0]
B: [0.0, 64.0, 82.7140226568, 93.53069441849999, 103.15478585614, 169.0, 173.05406684701, 267.0, 293.0, 316.8182362487, 326.74376782137, 341.00271483717, 377.44284505097, 529.0, 549.4257496801999, 580.1121997519]
