Avion: 5      Iteracion: 67

Num Ruta: 47
Ingresos: 760.116
Costos: 348.079682303
Utilidad Ruta: 412.036317697
Costo Reducido: 4.12839359699
Nodos: [105, 9, 44, 24, 59, 22, 57, 715]
q: [0, 11.0, -11.0, 11.0, -11.0, 10.0, -10.0, 0]
Q: [0, 11.0, 0.0, 11.0, 0.0, 10.0, 0.0, 0]
B: [0.0, 31.4915482312, 61.0187852337, 85.1590351288, 123.6719854313, 299.0, 320.7546861389, 329.90781505747003]
