Avion: 6      Iteracion: 22

Num Ruta: 23
Ingresos: 587.506
Costos: 205.648069775
Utilidad Ruta: 381.857930225
Costo Reducido: 59.2854467059
Nodos: [106, 34, 69, 19, 54, 716]
q: [0, 8.0, -8.0, 7.0, -7.0, 0]
Q: [0, 8.0, 0.0, 7.0, 0.0, 0]
B: [0.0, 322.0, 358.4401302138, 402.0, 428.6271162915, 436.62445597416996]
