Avion: 2      Iteracion: 13

Num Ruta: 12
Ingresos: 2422.688
Costos: 446.918113721
Utilidad Ruta: 1975.76988628
Costo Reducido: 395.947605559
Nodos: [102, 16, 51, 1, 36, 23, 35, 70, 58, 26, 61, 13, 48, 25, 60, 20, 4, 39, 55, 2, 37, 712]
q: [0.0, 9.0, -9.0, 7.0, -7.0, 10.0, 5.0, -5.0, -10.0, 10.0, -10.0, 0.0, 0.0, 10.0, -10.0, 0.0, 3.0, -3.0, 0.0, 10.0, -10.0, 0.0]
Q: [0.0, 9.0, 0.0, 7.0, 0.0, 10.0, 15.0, 10.0, 0.0, 10.0, 0.0, 0.0, 0.0, 10.0, 0.0, 0.0, 3.0, 0.0, 0.0, 10.0, 0.0, 0.0]
B: [0.0, 36.0, 45.624091437640004, 175.0, 209.2400855285, 267.0, 277.4634044651, 289.38614345409997, 313.15284696969997, 332.83921974379996, 350.41844771319995, 423.0, 439.88315095, 463.8957169312, 481.0806992413, 496.0, 529.0, 549.4257496801999, 561.2869729308, 568.6172701962599, 609.35223224366, 613.46797871301]
