Avion: 6      Iteracion: 44

Num Ruta: 39
Ingresos: 424.413
Costos: 171.351070181
Utilidad Ruta: 253.061929819
Costo Reducido: 16.3111635513
Nodos: [106, 1, 36, 32, 67, 5, 40, 716]
q: [0, 7.0, -7.0, 11.0, -11.0, 9.0, -9.0, 0]
Q: [0, 7.0, 0.0, 11.0, 0.0, 9.0, 0.0, 0]
B: [0.0, 175.0, 209.2400855285, 309.0, 319.4016530417, 469.0, 470.12168890518, 476.84504297885]
