Avion: 4      Iteracion: 23

Num Ruta: 23
Ingresos: 491.191
Costos: 287.880699573
Utilidad Ruta: 203.310300427
Costo Reducido: 0.184599578039
Nodos: [104, 9, 44, 29, 64, 714]
q: [0, 11.0, -11.0, 9.0, -9.0, 0]
Q: [0, 11.0, 0.0, 9.0, 0.0, 0]
B: [0.0, 57.4296024799, 86.9568394824, 549.0, 582.7797797802, 609.550209829]
