Avion: 2      Iteracion: 100

Num Ruta: 87
Ingresos: 3083.606
Costos: 661.769577744
Utilidad Ruta: 2421.83642226
Costo Reducido: 27.3203947855
Nodos: [102, 16, 51, 24, 59, 10, 45, 1, 11, 46, 36, 23, 35, 70, 32, 67, 26, 61, 58, 19, 8, 33, 54, 43, 13, 48, 20, 68, 4, 39, 55, 2, 37, 712]
q: [0.0, 9.0, -9.0, 11.0, -11.0, 12.0, -12.0, 7.0, 6.0, -6.0, -7.0, 5.0, 8.0, -8.0, 10.0, -10.0, 10.0, -10.0, -5.0, 7.0, 3.0, 5.0, -7.0, -3.0, 0.0, 0.0, 0.0, -5.0, 3.0, -3.0, 0.0, 10.0, -10.0, 0.0]
Q: [0.0, 9.0, 0.0, 11.0, 0.0, 12.0, 0.0, 7.0, 13.0, 7.0, 0.0, 5.0, 13.0, 5.0, 15.0, 5.0, 15.0, 5.0, 0.0, 7.0, 10.0, 15.0, 8.0, 5.0, 5.0, 5.0, 5.0, 0.0, 3.0, 0.0, 0.0, 10.0, 0.0, 0.0]
B: [0.0, 36.0, 45.624091437640004, 70.85029051714, 109.36324081964, 121.14917149994, 150.66868223434, 189.08802340514, 207.76885200024, 211.82291884725, 246.13864818525002, 267.0, 277.4634044651, 289.38614345409997, 309.0, 319.4016530417, 332.1221722921, 349.7014002615, 352.76847264408, 402.0, 425.1608815463, 438.92553635490003, 460.4739301233, 463.40204931486, 465.61272545577, 482.49587640577, 496.42646164116996, 507.01724409576997, 529.0, 549.4257496801999, 561.2869729308, 568.6172701962599, 609.35223224366, 613.46797871301]
