Avion: 7      Iteracion: 54

Num Ruta: 33
Ingresos: 2008.989
Costos: 362.206586473
Utilidad Ruta: 1646.78241353
Costo Reducido: 104.592285256
Nodos: [107, 14, 49, 3, 38, 23, 35, 70, 34, 58, 22, 57, 69, 31, 66, 8, 33, 43, 68, 717]
q: [0.0, 8.0, -8.0, 13.0, -13.0, 7.0, 8.0, -8.0, 8.0, -7.0, 7.0, -7.0, -8.0, 9.0, -9.0, 8.0, 5.0, -8.0, -5.0, 0.0]
Q: [0.0, 8.0, 0.0, 13.0, 0.0, 7.0, 15.0, 7.0, 15.0, 8.0, 15.0, 8.0, 0.0, 9.0, 0.0, 8.0, 13.0, 5.0, 0.0, 0.0]
B: [0.0, 112.0, 124.021711775, 256.0, 261.08428175852, 267.0, 277.4634044651, 289.38614345409997, 322.0, 336.2589470158, 352.0153710073, 373.77005714620003, 384.3603074737, 411.4810515822, 439.8065306602, 448.58937678204, 462.35403159064003, 485.62839860674, 507.58527964664, 542.12102803874]
