Avion: 6      Iteracion: 41

Num Ruta: 37
Ingresos: 360.987
Costos: 132.906600049
Utilidad Ruta: 228.080399951
Costo Reducido: 16.3591213438
Nodos: [106, 1, 36, 5, 40, 716]
q: [0, 7.0, -7.0, 9.0, -9.0, 0]
Q: [0, 7.0, 0.0, 9.0, 0.0, 0]
B: [0.0, 175.0, 209.2400855285, 469.0, 470.12168890518, 476.84504297885]
