Avion: 2      Iteracion: 35

Num Ruta: 34
Ingresos: 1741.61
Costos: 615.480983835
Utilidad Ruta: 1126.12901617
Costo Reducido: 18.8943450448
Nodos: [102, 12, 30, 16, 51, 65, 47, 10, 45, 26, 61, 34, 32, 67, 69, 19, 33, 54, 13, 48, 20, 68, 27, 62, 55, 2, 37, 712]
q: [0.0, 0.0, 11.0, 4.0, -4.0, -11.0, 0.0, 12.0, -12.0, 10.0, -10.0, 8.0, 7.0, -7.0, -8.0, 7.0, 5.0, -7.0, 10.0, -10.0, 0.0, -5.0, 6.0, -6.0, 0.0, 0.0, 0.0, 0.0]
Q: [0.0, 0.0, 11.0, 15.0, 11.0, 0.0, 0.0, 12.0, 0.0, 10.0, 0.0, 8.0, 15.0, 8.0, 0.0, 7.0, 12.0, 5.0, 15.0, 5.0, 5.0, 0.0, 6.0, 0.0, 0.0, 0.0, 0.0, 0.0]
B: [0.0, 54.0, 72.5310629215, 80.73365421938, 90.35774565702, 93.22890221841, 116.02476028521, 124.74253064236, 154.26204137676, 300.0, 317.5792279694, 332.4924740614, 352.5153919557, 362.9170449974, 393.95932985210004, 414.49914611220004, 451.09270647460005, 472.64110024300004, 476.86871954942006, 493.7518704994201, 507.68245573482005, 518.27323818942, 540.15406982352, 557.18493219162, 573.3426980025199, 580.6729952679799, 621.4079573153799, 625.52370378473]
