Avion: 3      Iteracion: 0

Num Ruta: 1
Ingresos: 805.918
Costos: 298.386289232
Utilidad Ruta: 507.531710768
Costo Reducido: -
Nodos: [103, 24, 59, 11, 46, 25, 60, 19, 54, 713]
q: [0, 11.0, -11.0, 6.0, -6.0, 10.0, -10.0, 7.0, -7.0, 0]
Q: [0, 11.0, 0.0, 6.0, 0.0, 10.0, 0.0, 7.0, 0.0, 0]
B: [0.0, 61.0, 99.5129503025, 169.0, 173.05406684701, 410.0, 427.1849823101, 443.8578739909, 470.48499028239996, 489.2620487315]
