Avion: 1      Iteracion: 3

Num Ruta: 7
Ingresos: 673.38
Costos: 308.312621877
Utilidad Ruta: 365.067378123
Costo Reducido: 478.768320473
Nodos: [101, 21, 56, 711]
q: [0, 12.0, -12.0, 0]
Q: [0, 12.0, 0.0, 0]
B: [0.0, 477.0, 517.7387906792, 539.9812763540999]
