Avion: 2      Iteracion: 28

Num Ruta: 27
Ingresos: 1653.745
Costos: 578.869659519
Utilidad Ruta: 1074.87534048
Costo Reducido: 14.3168800636
Nodos: [102, 9, 12, 44, 30, 16, 51, 65, 47, 10, 45, 26, 61, 34, 69, 19, 33, 54, 13, 48, 68, 712]
q: [0.0, 11.0, 0.0, -11.0, 6.0, 9.0, -9.0, -6.0, 0.0, 12.0, -12.0, 10.0, -10.0, 8.0, -8.0, 7.0, 5.0, -7.0, 0.0, 0.0, -5.0, 0.0]
Q: [0.0, 11.0, 11.0, 0.0, 6.0, 15.0, 6.0, 0.0, 0.0, 12.0, 0.0, 10.0, 0.0, 8.0, 0.0, 7.0, 12.0, 5.0, 5.0, 5.0, 0.0, 0.0]
B: [0.0, 29.8362865317, 54.0, 64.7870367571, 80.5749370925, 88.77752839038, 98.40161982802, 101.27277638941, 124.06863445620999, 132.78640481335998, 162.30591554775998, 300.0, 317.5792279694, 332.4924740614, 368.9326042752, 402.0, 438.5935603624, 460.1419541308, 464.36957343722, 481.25272438722004, 486.60077468616004, 496.93005471916]
