Avion: 7      Iteracion: 80

Num Ruta: 53
Ingresos: 1255.756
Costos: 295.670671271
Utilidad Ruta: 960.085328729
Costo Reducido: 0.155035970877
Nodos: [107, 9, 44, 30, 65, 14, 49, 3, 38, 23, 18, 53, 58, 22, 57, 717]
q: [0.0, 11.0, -11.0, 11.0, -11.0, 0.0, 0.0, 0.0, 0.0, 5.0, 10.0, -10.0, -5.0, 10.0, -10.0, 0.0]
Q: [0.0, 11.0, 0.0, 11.0, 0.0, 0.0, 0.0, 0.0, 0.0, 5.0, 15.0, 5.0, 0.0, 10.0, 0.0, 0.0]
B: [0.0, 46.0648734938, 75.5921104963, 91.38001083169999, 110.09403348849999, 137.8899741454, 149.9116859204, 256.0, 261.08428175852, 267.0, 293.0, 316.8182362487, 326.74376782137, 342.50019181287, 364.25487795177, 366.22166670504004]
