Avion: 6      Iteracion: 34

Num Ruta: 32
Ingresos: 999.685
Costos: 284.181419694
Utilidad Ruta: 715.503580306
Costo Reducido: 66.0153126089
Nodos: [106, 34, 69, 8, 33, 43, 68, 4, 27, 62, 39, 716]
q: [0, 8.0, -8.0, 8.0, 5.0, -8.0, -5.0, 3.0, 6.0, -6.0, -3.0, 0]
Q: [0, 8.0, 0.0, 8.0, 13.0, 5.0, 0.0, 3.0, 9.0, 3.0, 0.0, 0]
B: [0.0, 322.0, 358.4401302138, 414.0, 437.0, 460.2743670161, 482.23124805599997, 529.0, 546.6147745373, 563.6456369054, 569.06089544032, 583.73801027942]
