Avion: 2      Iteracion: 10

Num Ruta: 10
Ingresos: 1971.576
Costos: 664.093514047
Utilidad Ruta: 1307.48248595
Costo Reducido: 324.047891587
Nodos: [102, 16, 51, 30, 65, 3, 38, 22, 57, 18, 53, 34, 69, 33, 6, 41, 13, 48, 68, 4, 27, 62, 39, 2, 37, 712]
q: [0.0, 9.0, -9.0, 11.0, -11.0, 13.0, -13.0, 10.0, -10.0, 10.0, -10.0, 8.0, -8.0, 0.0, 4.0, -4.0, 0.0, 0.0, 0.0, 3.0, 6.0, -6.0, -3.0, 10.0, -10.0, 0.0]
Q: [0.0, 9.0, 0.0, 11.0, 0.0, 13.0, 0.0, 10.0, 0.0, 10.0, 0.0, 8.0, 0.0, 0.0, 4.0, 0.0, 0.0, 0.0, 0.0, 3.0, 9.0, 3.0, 0.0, 10.0, 0.0, 0.0]
B: [0.0, 36.0, 45.624091437640004, 64.0, 82.7140226568, 256.0, 261.08428175852, 299.0, 320.7546861389, 334.15512273630003, 357.973358985, 381.4440699457, 417.8842001595, 437.0, 463.1548069196, 466.84709631779, 480.25716242499, 497.14031337499, 502.48836367393, 529.0, 546.6147745373, 563.6456369054, 569.06089544032, 578.51536195092, 619.25032399832, 623.36607046767]
