Avion: 6      Iteracion: 13

Num Ruta: 15
Ingresos: 264.72
Costos: 157.378144015
Utilidad Ruta: 107.341855985
Costo Reducido: 64.8089939906
Nodos: [106, 26, 61, 716]
q: [0, 10.0, -10.0, 0]
Q: [0, 10.0, 0.0, 0]
B: [0.0, 300.0, 317.5792279694, 333.1155777659]
