Avion: 6      Iteracion: 68

Num Ruta: 50
Ingresos: 903.493
Costos: 264.546273934
Utilidad Ruta: 638.946726066
Costo Reducido: 25.1419604452
Nodos: [106, 34, 69, 8, 33, 43, 68, 4, 39, 716]
q: [0, 8.0, -8.0, 8.0, 5.0, -8.0, -5.0, 3.0, -3.0, 0]
Q: [0, 8.0, 0.0, 8.0, 13.0, 5.0, 0.0, 3.0, 0.0, 0]
B: [0.0, 322.0, 358.4401302138, 414.0, 437.0, 460.2743670161, 482.23124805599997, 529.0, 549.4257496801999, 564.1028645192999]
