Avion: 6      Iteracion: 14

Num Ruta: 16
Ingresos: 612.801
Costos: 208.501179977
Utilidad Ruta: 404.299820023
Costo Reducido: 85.9140560811
Nodos: [106, 28, 63, 29, 64, 716]
q: [0, 6.0, -6.0, 9.0, -9.0, 0]
Q: [0, 6.0, 0.0, 9.0, 0.0, 0]
B: [0.0, 378.0, 414.0266187839, 549.0, 582.7797797802, 603.1769870644999]
