Avion: 7      Iteracion: 8

Num Ruta: 9
Ingresos: 1106.3
Costos: 223.443043929
Utilidad Ruta: 882.856956071
Costo Reducido: 200.07058707
Nodos: [107, 23, 58, 22, 57, 717]
q: [0, 10.0, -10.0, 10.0, -10.0, 0]
Q: [0, 10.0, 0.0, 10.0, 0.0, 0]
B: [0.0, 267.0, 306.733842905, 322.49026689650003, 344.24495303540004, 346.21174178867005]
