Avion: 2      Iteracion: 61

Num Ruta: 58
Ingresos: 2121.178
Costos: 551.738983227
Utilidad Ruta: 1569.43901677
Costo Reducido: 94.7349796126
Nodos: [102, 16, 51, 30, 65, 14, 49, 3, 38, 23, 35, 70, 34, 58, 22, 69, 57, 19, 54, 6, 41, 13, 48, 20, 4, 39, 55, 2, 37, 712]
q: [0.0, 9.0, -9.0, 11.0, -11.0, 8.0, -8.0, 13.0, -13.0, 7.0, 8.0, -8.0, 8.0, -7.0, 7.0, -8.0, -7.0, 7.0, -7.0, 4.0, -4.0, 15.0, -15.0, 0.0, 3.0, -3.0, 0.0, 0.0, 0.0, 0.0]
Q: [0.0, 9.0, 0.0, 11.0, 0.0, 8.0, 0.0, 13.0, 0.0, 7.0, 15.0, 7.0, 15.0, 8.0, 15.0, 7.0, 0.0, 7.0, 0.0, 4.0, 0.0, 15.0, 0.0, 0.0, 3.0, 0.0, 0.0, 0.0, 0.0, 0.0]
B: [0.0, 36.0, 45.624091437640004, 64.0, 82.7140226568, 112.0, 124.021711775, 256.0, 261.08428175852, 267.0, 277.4634044651, 289.38614345409997, 322.0, 336.2589470158, 352.0153710073, 366.5845376616, 377.17478798909997, 402.0, 428.6271162915, 440.41813528899996, 444.11042468718995, 457.52049079438996, 474.40364174439, 496.0, 529.0, 549.4257496801999, 561.2869729308, 568.6172701962599, 609.35223224366, 613.46797871301]
