Avion: 7      Iteracion: 11

Num Ruta: 12
Ingresos: 1862.966
Costos: 369.990208182
Utilidad Ruta: 1492.97579182
Costo Reducido: 189.126001331
Nodos: [107, 14, 49, 11, 46, 1, 36, 3, 38, 23, 35, 70, 58, 22, 57, 25, 31, 60, 66, 717]
q: [0.0, 8.0, -8.0, 6.0, -6.0, 7.0, -7.0, 13.0, -13.0, 7.0, 8.0, -8.0, -7.0, 10.0, -10.0, 6.0, 9.0, -6.0, -9.0, 0.0]
Q: [0.0, 8.0, 0.0, 6.0, 0.0, 7.0, 0.0, 13.0, 0.0, 7.0, 15.0, 7.0, 0.0, 10.0, 0.0, 6.0, 15.0, 9.0, 0.0, 0.0]
B: [0.0, 112.0, 124.021711775, 169.0, 173.05406684701, 195.72351838431, 229.96360391281002, 256.0, 261.08428175852, 267.0, 277.4634044651, 289.38614345409997, 313.15284696969997, 328.9092709612, 350.6639571001, 410.0, 430.9603311281, 435.78197773480997, 459.85651625581, 463.49123825342997]
