Avion: 2      Iteracion: 5

Num Ruta: 7
Ingresos: 2754.7
Costos: 728.647395828
Utilidad Ruta: 2026.05260417
Costo Reducido: 1271.75542015
Nodos: [102, 16, 51, 17, 52, 10, 45, 3, 38, 23, 58, 18, 53, 34, 69, 8, 33, 43, 13, 48, 68, 4, 27, 62, 39, 2, 37, 712]
q: [0.0, 9.0, -9.0, 5.0, -5.0, 12.0, -12.0, 13.0, -13.0, 10.0, -10.0, 10.0, -10.0, 8.0, -8.0, 8.0, 5.0, -8.0, 10.0, -10.0, -5.0, 3.0, 6.0, -6.0, -3.0, 0.0, 0.0, 0.0]
Q: [0.0, 9.0, 0.0, 5.0, 0.0, 12.0, 0.0, 13.0, 0.0, 10.0, 0.0, 10.0, 0.0, 8.0, 0.0, 8.0, 13.0, 5.0, 15.0, 5.0, 0.0, 3.0, 9.0, 3.0, 0.0, 0.0, 0.0, 0.0]
B: [0.0, 36.0, 45.624091437640004, 78.34191948294, 113.18447326424, 130.44527246354, 159.96478319794, 256.0, 261.08428175852, 267.0, 306.733842905, 332.1731543147, 355.9913905634, 379.4621015241, 415.90223173789997, 418.54840671321995, 437.0, 460.2743670161, 462.48504315700995, 479.36819410700997, 484.71624440594996, 529.0, 546.6147745373, 563.6456369054, 569.06089544032, 578.51536195092, 619.25032399832, 623.36607046767]
