Avion: 6      Iteracion: 4

Num Ruta: 8
Ingresos: 3052.27
Costos: 571.324314246
Utilidad Ruta: 2480.94568575
Costo Reducido: 1962.73471752
Nodos: [106, 16, 51, 9, 44, 14, 49, 35, 70, 18, 57, 22, 53, 28, 31, 63, 19, 66, 8, 54, 43, 6, 41, 2, 27, 62, 37, 29, 64, 716]
q: [0.0, 9.0, -9.0, 11.0, -11.0, 8.0, -8.0, 8.0, -8.0, 10.0, -10.0, 10.0, -10.0, 6.0, 8.0, -6.0, 7.0, -8.0, 8.0, -7.0, -8.0, 4.0, -4.0, 10.0, 5.0, -5.0, -10.0, 9.0, -9.0, 0.0]
Q: [0.0, 9.0, 0.0, 11.0, 0.0, 8.0, 0.0, 8.0, 0.0, 10.0, 0.0, 10.0, 0.0, 6.0, 14.0, 8.0, 15.0, 7.0, 15.0, 8.0, 0.0, 4.0, 0.0, 10.0, 15.0, 10.0, 0.0, 9.0, 0.0, 0.0]
B: [0.0, 36.0, 45.624091437640004, 75.68094759394, 105.20818459644, 115.46499131194001, 127.48670308694001, 270.0, 281.922738989, 302.3408921131, 320.0, 341.7546861389, 357.2375335514, 378.0, 406.0, 426.4968799577, 439.0326732314, 455.1338900798, 463.91673620164, 481.87369563244, 484.80181482399996, 493.99248645342993, 497.6847758516199, 522.0, 547.7839683718, 564.8148307399, 594.1553610862, 603.9601016233099, 637.7398814035099, 658.1370886878099]
