Avion: 3      Iteracion: 6

Num Ruta: 8
Ingresos: 501.684
Costos: 235.14169323
Utilidad Ruta: 266.54230677
Costo Reducido: 307.6488575
Nodos: [103, 28, 63, 25, 60, 713]
q: [0, 6.0, -6.0, 10.0, -10.0, 0]
Q: [0, 6.0, 0.0, 10.0, 0.0, 0]
B: [0.0, 378.0, 414.0266187839, 417.35999740026, 434.54497971036, 441.00115295772997]
