Avion: 2      Iteracion: 2

Num Ruta: 5
Ingresos: 3623.597
Costos: 753.097968699
Utilidad Ruta: 2870.4990313
Costo Reducido: 1830.90874091
Nodos: [102, 9, 12, 44, 30, 16, 51, 65, 47, 10, 45, 1, 36, 23, 35, 70, 58, 34, 22, 57, 69, 8, 33, 43, 13, 48, 68, 4, 27, 62, 39, 2, 37, 712]
q: [0.0, 11.0, 0.0, -11.0, 11.0, 0.0, 0.0, -11.0, 0.0, 12.0, -12.0, 7.0, -7.0, 10.0, 5.0, -5.0, -10.0, 8.0, 7.0, -7.0, -8.0, 8.0, 5.0, -8.0, 10.0, -10.0, -5.0, 3.0, 6.0, -6.0, -3.0, 10.0, -10.0, 0.0]
Q: [0.0, 11.0, 11.0, 0.0, 11.0, 11.0, 11.0, 0.0, 0.0, 12.0, 0.0, 7.0, 0.0, 10.0, 15.0, 10.0, 0.0, 8.0, 15.0, 8.0, 0.0, 8.0, 13.0, 5.0, 15.0, 5.0, 0.0, 3.0, 9.0, 3.0, 0.0, 10.0, 0.0, 0.0]
B: [0.0, 29.8362865317, 54.0, 64.7870367571, 80.5749370925, 88.77752839038, 98.40161982802, 101.27277638941, 124.06863445620999, 132.78640481335998, 162.30591554775998, 200.72525671856, 234.96534224706, 267.0, 277.4634044651, 289.38614345409997, 313.15284696969997, 327.41179398549997, 355.4754773681, 377.230163507, 387.82041383449996, 414.0, 437.0, 460.2743670161, 462.48504315700995, 479.36819410700997, 484.71624440594996, 529.0, 546.6147745373, 563.6456369054, 569.06089544032, 578.51536195092, 619.25032399832, 623.36607046767]
