Avion: 1      Iteracion: 77

Num Ruta: 47
Ingresos: 1253.155
Costos: 394.05914263
Utilidad Ruta: 859.09585737
Costo Reducido: 39.0640089413
Nodos: [101, 30, 65, 24, 59, 1, 36, 35, 70, 32, 67, 33, 68, 27, 62, 711]
q: [0, 11.0, -11.0, 11.0, -11.0, 7.0, -7.0, 8.0, -8.0, 11.0, -11.0, 5.0, -5.0, 6.0, -6.0, 0]
Q: [0, 11.0, 0.0, 11.0, 0.0, 7.0, 0.0, 8.0, 0.0, 11.0, 0.0, 5.0, 0.0, 6.0, 0.0, 0]
B: [0.0, 64.0, 82.7140226568, 107.4479935471, 145.9609438496, 175.0, 209.2400855285, 270.0, 281.922738989, 309.0, 319.4016530417, 437.0, 478.9526650524, 538.0, 555.0308623681, 569.1482535223]
