Avion: 5      Iteracion: 49

Num Ruta: 38
Ingresos: 1089.074
Costos: 324.217806517
Utilidad Ruta: 764.856193483
Costo Reducido: 13.9395002413
Nodos: [105, 18, 53, 28, 63, 19, 54, 5, 40, 33, 68, 715]
q: [0, 10.0, -10.0, 6.0, -6.0, 7.0, -7.0, 9.0, -9.0, 5.0, -5.0, 0]
Q: [0, 10.0, 0.0, 6.0, 0.0, 7.0, 0.0, 9.0, 0.0, 5.0, 0.0, 0]
B: [0.0, 293.0, 316.8182362487, 378.0, 414.0266187839, 426.5624120576, 453.1895283491, 469.0, 470.12168890518, 483.41186760978, 525.3645326621801, 569.12485910068]
