Avion: 1      Iteracion: 35

Num Ruta: 26
Ingresos: 992.282
Costos: 320.820951017
Utilidad Ruta: 671.461048983
Costo Reducido: 49.8407576817
Nodos: [101, 30, 65, 24, 59, 1, 36, 4, 27, 62, 39, 711]
q: [0, 11.0, -11.0, 11.0, -11.0, 7.0, -7.0, 3.0, 6.0, -6.0, -3.0, 0]
Q: [0, 11.0, 0.0, 11.0, 0.0, 7.0, 0.0, 3.0, 9.0, 3.0, 0.0, 0]
B: [0.0, 64.0, 82.7140226568, 107.4479935471, 145.9609438496, 175.0, 209.2400855285, 529.0, 546.6147745373, 563.6456369054, 569.06089544032, 585.86992753622]
