Avion: 6      Iteracion: 40

Num Ruta: 36
Ingresos: 563.834
Costos: 256.922922303
Utilidad Ruta: 306.911077697
Costo Reducido: 35.798255648
Nodos: [106, 34, 67, 32, 69, 33, 68, 716]
q: [0.0, 8.0, -8.0, 8.0, -8.0, 5.0, -5.0, 0.0]
Q: [0.0, 8.0, 0.0, 8.0, 0.0, 5.0, 0.0, 0.0]
B: [0.0, 322.0, 348.7734367798, 359.1750898215, 382.8059566909, 437.0, 478.9526650524, 502.8451089835]
