Avion: 3      Iteracion: 31

Num Ruta: 25
Ingresos: 337.466
Costos: 234.058613844
Utilidad Ruta: 103.407386156
Costo Reducido: 34.3840770995
Nodos: [103, 35, 70, 33, 68, 713]
q: [0, 8.0, -8.0, 5.0, -5.0, 0]
Q: [0, 8.0, 0.0, 5.0, 0.0, 0]
B: [0.0, 270.0, 281.922738989, 437.0, 478.9526650524, 482.64754055775]
