Avion: 1      Iteracion: 58

Num Ruta: 37
Ingresos: 1966.273
Costos: 426.031879056
Utilidad Ruta: 1540.24112094
Costo Reducido: 1.15321549645
Nodos: [101, 24, 59, 1, 36, 23, 58, 34, 67, 32, 69, 19, 54, 711]
q: [0.0, 11.0, -11.0, 7.0, -7.0, 10.0, -10.0, 8.0, -8.0, 8.0, -8.0, 7.0, -7.0, 0.0]
Q: [0.0, 11.0, 0.0, 7.0, 0.0, 10.0, 0.0, 8.0, 0.0, 8.0, 0.0, 7.0, 0.0, 0.0]
B: [0.0, 61.0, 99.5129503025, 175.0, 209.2400855285, 267.0, 306.733842905, 322.0, 348.7734367798, 359.1750898215, 382.8059566909, 403.345772951, 429.9728892425, 434.718416189]
