Avion: 2      Iteracion: 24

Num Ruta: 23
Ingresos: 2665.35
Costos: 648.053184766
Utilidad Ruta: 2017.29681523
Costo Reducido: 142.12872036
Nodos: [102, 9, 12, 44, 30, 16, 51, 65, 47, 10, 45, 1, 36, 23, 35, 70, 32, 67, 26, 61, 58, 34, 69, 8, 19, 54, 43, 13, 48, 20, 4, 39, 55, 2, 37, 712]
q: [0.0, 11.0, 0.0, -11.0, 11.0, 4.0, -4.0, -11.0, 0.0, 12.0, -12.0, 7.0, -7.0, 5.0, 8.0, -8.0, 10.0, -10.0, 10.0, -10.0, -5.0, 8.0, -8.0, 8.0, 7.0, -7.0, -8.0, 0.0, 0.0, 0.0, 3.0, -3.0, 0.0, 0.0, 0.0, 0.0]
Q: [0.0, 11.0, 11.0, 0.0, 11.0, 15.0, 11.0, 0.0, 0.0, 12.0, 0.0, 7.0, 0.0, 5.0, 13.0, 5.0, 15.0, 5.0, 15.0, 5.0, 0.0, 8.0, 0.0, 8.0, 15.0, 8.0, 0.0, 0.0, 0.0, 0.0, 3.0, 0.0, 0.0, 0.0, 0.0, 0.0]
B: [0.0, 29.8362865317, 54.0, 64.7870367571, 80.5749370925, 88.77752839038, 98.40161982802, 101.27277638941, 124.06863445620999, 132.78640481335998, 162.30591554775998, 200.72525671856, 234.96534224706, 267.0, 277.4634044651, 289.38614345409997, 309.0, 319.4016530417, 332.1221722921, 349.7014002615, 352.76847264408, 367.02741965988, 403.46754987368, 414.0, 437.1608815463, 463.7879978378, 466.71611702935996, 468.92679317026995, 485.80994412026996, 499.74052935566993, 529.0, 549.4257496801999, 561.2869729308, 568.6172701962599, 609.35223224366, 613.46797871301]
