Avion: 1      Iteracion: 36

Num Ruta: 27
Ingresos: 1431.123
Costos: 384.487755286
Utilidad Ruta: 1046.63524471
Costo Reducido: 120.793135629
Nodos: [101, 30, 65, 24, 59, 1, 36, 35, 70, 32, 67, 25, 60, 19, 54, 711]
q: [0, 11.0, -11.0, 11.0, -11.0, 7.0, -7.0, 8.0, -8.0, 11.0, -11.0, 10.0, -10.0, 7.0, -7.0, 0]
Q: [0, 11.0, 0.0, 11.0, 0.0, 7.0, 0.0, 8.0, 0.0, 11.0, 0.0, 10.0, 0.0, 7.0, 0.0, 0]
B: [0.0, 64.0, 82.7140226568, 107.4479935471, 145.9609438496, 175.0, 209.2400855285, 270.0, 281.922738989, 309.0, 319.4016530417, 410.0, 427.1849823101, 443.8578739909, 470.48499028239996, 475.23051722889994]
