Avion: 1      Iteracion: 10

Num Ruta: 14
Ingresos: 2220.802
Costos: 552.503531258
Utilidad Ruta: 1668.29846874
Costo Reducido: 374.784158016
Nodos: [101, 30, 16, 51, 65, 24, 59, 11, 46, 22, 57, 18, 53, 34, 69, 25, 60, 21, 4, 39, 56, 711]
q: [0.0, 6.0, 9.0, -9.0, -6.0, 11.0, -11.0, 6.0, -6.0, 10.0, -10.0, 10.0, -10.0, 8.0, -8.0, 10.0, -10.0, 12.0, 3.0, -3.0, -12.0, 0.0]
Q: [0.0, 6.0, 15.0, 6.0, 0.0, 11.0, 0.0, 6.0, 0.0, 10.0, 0.0, 10.0, 0.0, 8.0, 0.0, 10.0, 0.0, 12.0, 15.0, 12.0, 0.0, 0.0]
B: [0.0, 64.0, 72.20259129788, 81.82668273552001, 84.69783929691, 109.43181018721, 147.94476048971, 169.0, 173.05406684701, 299.0, 320.7546861389, 334.15512273630003, 357.973358985, 381.4440699457, 417.8842001595, 447.2030345838, 464.3880168939, 477.0, 529.0, 549.4257496801999, 566.2286940948, 588.4711797696999]
