Avion: 2      Iteracion: 11

Num Ruta: 11
Ingresos: 2620.254
Costos: 659.432720367
Utilidad Ruta: 1960.82127963
Costo Reducido: 222.920361251
Nodos: [102, 16, 51, 14, 49, 11, 46, 1, 36, 3, 38, 23, 35, 70, 34, 58, 22, 57, 69, 8, 5, 40, 43, 6, 41, 27, 62, 2, 37, 712]
q: [0.0, 0.0, 0.0, 8.0, -8.0, 6.0, -6.0, 7.0, -7.0, 13.0, -13.0, 7.0, 8.0, -8.0, 5.0, -7.0, 10.0, -10.0, -5.0, 8.0, 7.0, -7.0, -8.0, 4.0, -4.0, 6.0, -6.0, 10.0, -10.0, 0.0]
Q: [0.0, 0.0, 0.0, 8.0, 0.0, 6.0, 0.0, 7.0, 0.0, 13.0, 0.0, 7.0, 15.0, 7.0, 12.0, 5.0, 15.0, 5.0, 0.0, 8.0, 15.0, 8.0, 0.0, 4.0, 0.0, 6.0, 0.0, 10.0, 0.0, 0.0]
B: [0.0, 36.0, 45.624091437640004, 112.0, 124.021711775, 169.0, 173.05406684701, 195.72351838431, 229.96360391281002, 256.0, 261.08428175852, 267.0, 277.4634044651, 289.38614345409997, 322.0, 336.2589470158, 352.0153710073, 373.77005714620003, 384.3603074737, 414.0, 469.0, 470.12168890518, 480.59966590458, 489.79033753400995, 493.48262693219993, 538.0, 555.0308623681, 566.4829354555, 607.2178975029, 611.33364397225]
