Avion: 7      Iteracion: 0

Num Ruta: 2
Ingresos: 3401.22
Costos: 621.179415705
Utilidad Ruta: 2780.0405843
Costo Reducido: -
Nodos: [107, 17, 16, 51, 52, 30, 65, 14, 49, 11, 46, 1, 36, 3, 38, 23, 35, 70, 26, 61, 58, 22, 57, 31, 19, 66, 8, 33, 54, 43, 68, 717]
q: [0.0, 5.0, 9.0, -9.0, -5.0, 11.0, -11.0, 8.0, -8.0, 6.0, -6.0, 7.0, -7.0, 13.0, -13.0, 10.0, 5.0, -5.0, 5.0, -5.0, -10.0, 10.0, -10.0, 9.0, 6.0, -9.0, 4.0, 5.0, -6.0, -4.0, -5.0, 0.0]
Q: [0.0, 5.0, 14.0, 5.0, 0.0, 11.0, 0.0, 8.0, 0.0, 6.0, 0.0, 7.0, 0.0, 13.0, 0.0, 10.0, 15.0, 10.0, 15.0, 10.0, 0.0, 10.0, 0.0, 9.0, 15.0, 6.0, 10.0, 15.0, 9.0, 5.0, 0.0, 0.0]
B: [0.0, 45.942580685, 80.7440576652, 90.36814910284001, 105.01591787494, 108.16037235863, 126.87439501543, 154.67033567233, 166.69204744733, 196.14047655653, 200.19454340354, 222.86399494084, 257.10408046934003, 264.20063237854004, 269.28491413706, 272.64740146046, 283.11080592556, 295.03354491455997, 309.38440708376, 326.96363505316, 330.03070743574, 345.78713142724, 367.54181756614, 406.0, 427.4250045741, 443.5262214225, 452.30906754434, 466.07372235293997, 487.62211612133996, 490.55023531289993, 512.5071163527999, 547.0428647448999]
