Avion: 2      Iteracion: 7

Num Ruta: 8
Ingresos: 2230.685
Costos: 631.160780789
Utilidad Ruta: 1599.52421921
Costo Reducido: 480.064061919
Nodos: [102, 9, 12, 44, 30, 16, 51, 65, 47, 10, 45, 26, 61, 32, 67, 8, 33, 43, 13, 48, 68, 21, 56, 27, 62, 2, 37, 712]
q: [0.0, 11.0, 0.0, -11.0, 6.0, 9.0, -9.0, -6.0, 0.0, 12.0, -12.0, 10.0, -10.0, 11.0, -11.0, 8.0, 5.0, -8.0, 10.0, -10.0, -5.0, 12.0, -12.0, 6.0, -6.0, 0.0, 0.0, 0.0]
Q: [0.0, 11.0, 11.0, 0.0, 6.0, 15.0, 6.0, 0.0, 0.0, 12.0, 0.0, 10.0, 0.0, 11.0, 0.0, 8.0, 13.0, 5.0, 15.0, 5.0, 0.0, 12.0, 0.0, 6.0, 0.0, 0.0, 0.0, 0.0]
B: [0.0, 29.8362865317, 54.0, 64.7870367571, 80.5749370925, 88.77752839038, 98.40161982802, 101.27277638941, 124.06863445620999, 132.78640481335998, 162.30591554775998, 300.0, 317.5792279694, 337.6304130715, 348.0320661132, 414.0, 437.0, 460.2743670161, 462.48504315700995, 479.36819410700997, 484.71624440594996, 495.59572178314994, 536.33451246235, 549.51196065995, 566.54282302805, 577.9948961154499, 618.72985816285, 622.8456046322]
