Avion: 4      Iteracion: 87

Num Ruta: 50
Ingresos: 2440.936
Costos: 556.618312402
Utilidad Ruta: 1884.3176876
Costo Reducido: 91.4958200407
Nodos: [104, 17, 52, 16, 51, 24, 59, 34, 26, 61, 69, 8, 19, 43, 54, 5, 33, 40, 68, 29, 4, 27, 39, 62, 64, 714]
q: [0.0, 5.0, -5.0, 9.0, -9.0, 11.0, -11.0, 8.0, 7.0, -7.0, -8.0, 8.0, 7.0, -8.0, -7.0, 9.0, 5.0, -9.0, -5.0, 6.0, 3.0, 6.0, -3.0, -6.0, -6.0, 0.0]
Q: [0.0, 5.0, 0.0, 9.0, 0.0, 11.0, 0.0, 8.0, 15.0, 8.0, 0.0, 8.0, 15.0, 7.0, 0.0, 9.0, 14.0, 5.0, 0.0, 6.0, 9.0, 15.0, 12.0, 6.0, 0.0, 0.0]
B: [0.0, 24.0, 58.8425537813, 64.17419311644, 73.79828455408, 99.02448363357999, 137.53743393608, 322.0, 337.9272270342, 355.50645500359997, 380.49320895439996, 414.0, 437.1608815463, 466.0513395558, 468.97945874735996, 476.82977198951994, 490.52793916621994, 503.81811787081995, 532.83049248922, 549.0, 569.7100026316, 587.3247771689, 603.6755897481, 609.09084828302, 624.53822585982, 651.30865590862]
