Avion: 3      Iteracion: 58

Num Ruta: 35
Ingresos: 401.654
Costos: 251.772202891
Utilidad Ruta: 149.881797109
Costo Reducido: 4.76351068321
Nodos: [103, 30, 65, 24, 59, 713]
q: [0, 11.0, -11.0, 11.0, -11.0, 0]
Q: [0, 11.0, 0.0, 11.0, 0.0, 0]
B: [0.0, 64.0, 82.7140226568, 107.4479935471, 145.9609438496, 154.41527717636]
