Avion: 7      Iteracion: 6

Num Ruta: 8
Ingresos: 887.431
Costos: 289.057504798
Utilidad Ruta: 598.373495202
Costo Reducido: 306.543101063
Nodos: [107, 3, 38, 23, 18, 53, 58, 31, 66, 717]
q: [0.0, 13.0, -13.0, 5.0, 10.0, -10.0, -5.0, 9.0, -9.0, 0.0]
Q: [0.0, 13.0, 0.0, 5.0, 15.0, 5.0, 0.0, 9.0, 0.0, 0.0]
B: [0.0, 256.0, 261.08428175852, 267.0, 293.0, 316.8182362487, 326.74376782137, 406.0, 434.325479078, 437.96020107562]
