Avion: 2      Iteracion: 56

Num Ruta: 53
Ingresos: 3327.852
Costos: 625.949124594
Utilidad Ruta: 2701.90287541
Costo Reducido: 143.449285308
Nodos: [102, 16, 51, 9, 24, 44, 59, 10, 45, 1, 36, 3, 38, 23, 35, 70, 26, 61, 58, 34, 69, 8, 19, 54, 43, 13, 48, 20, 4, 39, 55, 2, 37, 712]
q: [0.0, 0.0, 0.0, 4.0, 11.0, -4.0, -11.0, 12.0, -12.0, 7.0, -7.0, 13.0, -13.0, 5.0, 8.0, -8.0, 10.0, -10.0, -5.0, 8.0, -8.0, 8.0, 7.0, -7.0, -8.0, 15.0, -15.0, 0.0, 3.0, -3.0, 0.0, 10.0, -10.0, 0.0]
Q: [0.0, 0.0, 0.0, 4.0, 15.0, 11.0, 0.0, 12.0, 0.0, 7.0, 0.0, 13.0, 0.0, 5.0, 13.0, 5.0, 15.0, 5.0, 0.0, 8.0, 0.0, 8.0, 15.0, 8.0, 0.0, 15.0, 0.0, 0.0, 3.0, 0.0, 0.0, 10.0, 0.0, 0.0]
B: [0.0, 36.0, 45.624091437640004, 75.68094759394, 82.11782463176, 106.25807452686, 131.31363794096, 143.09956862126, 172.61907935566, 211.03842052646002, 245.27850605496002, 256.0, 261.08428175852, 267.0, 277.4634044651, 289.38614345409997, 303.7370056233, 321.3162335927, 324.38330597528, 338.64225299108, 375.08238320488, 414.0, 437.1608815463, 463.7879978378, 466.71611702935996, 468.92679317026995, 485.80994412026996, 499.74052935566993, 529.0, 549.4257496801999, 561.2869729308, 568.6172701962599, 609.35223224366, 613.46797871301]
