Avion: 6      Iteracion: 30

Num Ruta: 29
Ingresos: 575.802
Costos: 229.092768648
Utilidad Ruta: 346.709231352
Costo Reducido: 26.303535652
Nodos: [106, 32, 67, 26, 61, 34, 69, 716]
q: [0, 11.0, -11.0, 10.0, -10.0, 8.0, -8.0, 0]
Q: [0, 11.0, 0.0, 10.0, 0.0, 8.0, 0.0, 0]
B: [0.0, 309.0, 319.4016530417, 332.1221722921, 349.7014002615, 364.6146463535, 401.0547765673, 410.51586699071]
