Avion: 4      Iteracion: 1

Num Ruta: 4
Ingresos: 3577.873
Costos: 726.816959614
Utilidad Ruta: 2851.05604039
Costo Reducido: 2735.66133125
Nodos: [104, 9, 44, 30, 65, 10, 45, 3, 38, 23, 35, 70, 58, 18, 53, 28, 63, 19, 8, 33, 54, 43, 68, 21, 56, 29, 64, 714]
q: [0.0, 11.0, -11.0, 11.0, -11.0, 12.0, -12.0, 13.0, -13.0, 10.0, 5.0, -5.0, -10.0, 10.0, -10.0, 6.0, -6.0, 7.0, 3.0, 5.0, -7.0, -3.0, -5.0, 12.0, -12.0, 9.0, -9.0, 0.0]
Q: [0.0, 11.0, 0.0, 11.0, 0.0, 12.0, 0.0, 13.0, 0.0, 10.0, 15.0, 10.0, 0.0, 10.0, 0.0, 6.0, 0.0, 7.0, 10.0, 15.0, 8.0, 5.0, 0.0, 12.0, 0.0, 9.0, 0.0, 0.0]
B: [0.0, 57.4296024799, 86.9568394824, 102.7447398178, 121.4587624746, 140.15181276069998, 169.67132349509998, 256.0, 261.08428175852, 267.0, 277.4634044651, 289.38614345409997, 313.15284696969997, 338.59215837939996, 362.41039462809994, 378.0, 414.0266187839, 426.5624120576, 449.7232936039, 463.48794841250003, 485.0363421809, 487.96446137246, 509.92134241236, 520.80081978956, 561.53961046876, 599.9929069464599, 633.7726867266599, 660.5431167754599]
