Avion: 1      Iteracion: 1

Num Ruta: 5
Ingresos: 3220.74
Costos: 627.330990308
Utilidad Ruta: 2593.40900969
Costo Reducido: 2525.67169427
Nodos: [101, 9, 44, 30, 65, 10, 45, 3, 38, 23, 35, 70, 34, 58, 22, 57, 69, 8, 19, 54, 43, 6, 41, 21, 56, 711]
q: [0.0, 11.0, -11.0, 11.0, -11.0, 12.0, -12.0, 13.0, -13.0, 10.0, 5.0, -5.0, 5.0, -10.0, 10.0, -10.0, -5.0, 8.0, 7.0, -7.0, -8.0, 4.0, -4.0, 12.0, -12.0, 0.0]
Q: [0.0, 11.0, 0.0, 11.0, 0.0, 12.0, 0.0, 13.0, 0.0, 10.0, 15.0, 10.0, 15.0, 5.0, 15.0, 5.0, 0.0, 8.0, 15.0, 8.0, 0.0, 4.0, 0.0, 12.0, 0.0, 0.0]
B: [0.0, 44.6232980628, 74.1505350653, 89.9384354007, 108.6524580575, 127.3455083436, 156.865019078, 256.0, 261.08428175852, 267.0, 277.4634044651, 289.38614345409997, 322.0, 336.2589470158, 352.0153710073, 373.77005714620003, 384.3603074737, 414.0, 437.1608815463, 463.7879978378, 466.71611702935996, 475.90678865879, 479.59907805698, 516.28032695888, 557.0191176380799, 579.2616033129799]
