Avion: 5      Iteracion: 90

Num Ruta: 55
Ingresos: 1742.454
Costos: 439.284937566
Utilidad Ruta: 1303.16906243
Costo Reducido: 33.7868588487
Nodos: [105, 30, 16, 51, 65, 24, 59, 1, 36, 3, 38, 23, 58, 34, 69, 715]
q: [0.0, 6.0, 9.0, -9.0, -6.0, 11.0, -11.0, 7.0, -7.0, 0.0, 0.0, 10.0, -10.0, 8.0, -8.0, 0.0]
Q: [0.0, 6.0, 15.0, 6.0, 0.0, 11.0, 0.0, 7.0, 0.0, 0.0, 0.0, 10.0, 0.0, 8.0, 0.0, 0.0]
B: [0.0, 64.0, 72.20259129788, 81.82668273552001, 84.69783929691, 109.43181018721, 147.94476048971, 175.0, 209.2400855285, 256.0, 261.08428175852, 267.0, 306.733842905, 322.0, 358.4401302138, 376.9745084607]
