Avion: 1      Iteracion: 75

Num Ruta: 46
Ingresos: 869.42
Costos: 450.689297774
Utilidad Ruta: 418.730702226
Costo Reducido: 20.8024852345
Nodos: [101, 9, 44, 35, 70, 22, 57, 33, 68, 711]
q: [0, 11.0, -11.0, 8.0, -8.0, 10.0, -10.0, 5.0, -5.0, 0]
Q: [0, 11.0, 0.0, 8.0, 0.0, 10.0, 0.0, 5.0, 0.0, 0]
B: [0.0, 44.6232980628, 74.1505350653, 270.0, 281.922738989, 299.64604976889996, 321.40073590779997, 437.0, 478.9526650524, 496.1448322514]
