Avion: 2      Iteracion: 43

Num Ruta: 42
Ingresos: 1737.581
Costos: 551.210249836
Utilidad Ruta: 1186.37075016
Costo Reducido: 33.6418924469
Nodos: [102, 16, 30, 65, 51, 10, 45, 26, 61, 34, 32, 67, 69, 19, 8, 33, 54, 43, 13, 48, 68, 712]
q: [0.0, 4.0, 11.0, -11.0, -4.0, 12.0, -12.0, 10.0, -10.0, 8.0, 7.0, -7.0, -8.0, 7.0, 3.0, 5.0, -7.0, -3.0, 10.0, -10.0, -5.0, 0.0]
Q: [0.0, 4.0, 15.0, 4.0, 0.0, 12.0, 0.0, 10.0, 0.0, 8.0, 15.0, 8.0, 0.0, 7.0, 10.0, 15.0, 8.0, 5.0, 15.0, 5.0, 0.0, 0.0]
B: [0.0, 36.0, 64.0, 82.7140226568, 85.58517921818999, 101.41445642849, 130.93396716288999, 300.0, 317.5792279694, 332.4924740614, 352.5153919557, 362.9170449974, 393.95932985210004, 414.49914611220004, 437.66002765850004, 451.42468246710007, 472.97307623550006, 475.90119542706003, 478.11187156797, 494.99502251797, 500.34307281691, 510.67235284991]
