Avion: 3      Iteracion: 67

Num Ruta: 37
Ingresos: 1050.998
Costos: 387.564234799
Utilidad Ruta: 663.433765201
Costo Reducido: 28.9170924885
Nodos: [103, 30, 16, 51, 65, 24, 59, 1, 36, 35, 70, 32, 67, 33, 68, 713]
q: [0.0, 0.0, 9.0, -9.0, 0.0, 11.0, -11.0, 7.0, -7.0, 8.0, -8.0, 11.0, -11.0, 5.0, -5.0, 0.0]
Q: [0.0, 0.0, 9.0, 0.0, 0.0, 11.0, 0.0, 7.0, 0.0, 8.0, 0.0, 11.0, 0.0, 5.0, 0.0, 0.0]
B: [0.0, 64.0, 72.20259129788, 81.82668273552001, 84.69783929691, 109.43181018721, 147.94476048971, 175.0, 209.2400855285, 270.0, 281.922738989, 309.0, 319.4016530417, 437.0, 478.9526650524, 482.64754055775]
