Avion: 1      Iteracion: 105

Num Ruta: 55
Ingresos: 2093.637
Costos: 367.292061344
Utilidad Ruta: 1726.34493866
Costo Reducido: 31.3694912909
Nodos: [101, 30, 65, 24, 59, 1, 36, 23, 58, 34, 69, 19, 54, 711]
q: [0, 11.0, -11.0, 11.0, -11.0, 7.0, -7.0, 10.0, -10.0, 8.0, -8.0, 7.0, -7.0, 0]
Q: [0, 11.0, 0.0, 11.0, 0.0, 7.0, 0.0, 10.0, 0.0, 8.0, 0.0, 7.0, 0.0, 0]
B: [0.0, 64.0, 82.7140226568, 107.4479935471, 145.9609438496, 175.0, 209.2400855285, 267.0, 306.733842905, 322.0, 358.4401302138, 402.0, 428.6271162915, 433.37264323799997]
