Avion: 5      Iteracion: 81

Num Ruta: 52
Ingresos: 1495.011
Costos: 462.818940313
Utilidad Ruta: 1032.19205969
Costo Reducido: 81.7517559069
Nodos: [105, 9, 44, 30, 65, 32, 67, 22, 57, 19, 54, 13, 48, 31, 66, 715]
q: [0, 11.0, -11.0, 11.0, -11.0, 11.0, -11.0, 10.0, -10.0, 7.0, -7.0, 15.0, -15.0, 9.0, -9.0, 0]
Q: [0, 11.0, 0.0, 11.0, 0.0, 11.0, 0.0, 10.0, 0.0, 7.0, 0.0, 15.0, 0.0, 9.0, 0.0, 0]
B: [0.0, 31.4915482312, 61.0187852337, 76.8066855691, 95.5207082259, 309.0, 319.4016530417, 353.8662667781, 375.620952917, 402.0, 428.6271162915, 432.85473559792, 449.73788654792, 454.19539998032, 482.52087905832, 496.27362282092]
