Avion: 6      Iteracion: 63

Num Ruta: 46
Ingresos: 164.888
Costos: 130.733962654
Utilidad Ruta: 34.1540373455
Costo Reducido: 67.9566242406
Nodos: [106, 6, 41, 13, 48, 716]
q: [0, 4.0, -4.0, 15.0, -15.0, 0]
Q: [0, 4.0, 0.0, 15.0, 0.0, 0]
B: [0.0, 436.0, 439.69228939819, 453.10235550539, 469.98550645539, 493.35894276669]
