Avion: 5      Iteracion: 43

Num Ruta: 35
Ingresos: 744.851
Costos: 371.990398331
Utilidad Ruta: 372.860601669
Costo Reducido: 3.2181492941
Nodos: [105, 1, 36, 3, 38, 32, 67, 34, 69, 715]
q: [0, 7.0, -7.0, 13.0, -13.0, 11.0, -11.0, 8.0, -8.0, 0]
Q: [0, 7.0, 0.0, 13.0, 0.0, 11.0, 0.0, 8.0, 0.0, 0]
B: [0.0, 175.0, 209.2400855285, 256.0, 261.08428175852, 309.0, 319.4016530417, 346.1750898215, 382.6152200353, 401.14959828220003]
