Avion: 6      Iteracion: 51

Num Ruta: 42
Ingresos: 300.354
Costos: 156.115243736
Utilidad Ruta: 144.238756264
Costo Reducido: 18.4269674201
Nodos: [106, 34, 67, 32, 69, 5, 40, 716]
q: [0.0, 8.0, -8.0, 8.0, -8.0, 9.0, -9.0, 0.0]
Q: [0.0, 8.0, 0.0, 8.0, 0.0, 9.0, 0.0, 0.0]
B: [0.0, 322.0, 348.7734367798, 359.1750898215, 382.8059566909, 469.0, 470.12168890518, 476.84504297885]
