Avion: 2      Iteracion: 14

Num Ruta: 13
Ingresos: 1660.892
Costos: 617.224354249
Utilidad Ruta: 1043.66764575
Costo Reducido: 205.250220923
Nodos: [102, 16, 51, 9, 24, 44, 59, 10, 45, 26, 61, 34, 32, 67, 69, 13, 48, 31, 66, 4, 27, 62, 39, 2, 37, 712]
q: [0.0, 0.0, 0.0, 4.0, 11.0, -4.0, -11.0, 12.0, -12.0, 10.0, -10.0, 8.0, 7.0, -7.0, -8.0, 15.0, -15.0, 9.0, -9.0, 3.0, 6.0, -6.0, -3.0, 0.0, 0.0, 0.0]
Q: [0.0, 0.0, 0.0, 4.0, 15.0, 11.0, 0.0, 12.0, 0.0, 10.0, 0.0, 8.0, 15.0, 8.0, 0.0, 15.0, 0.0, 9.0, 0.0, 3.0, 9.0, 3.0, 0.0, 0.0, 0.0, 0.0]
B: [0.0, 36.0, 45.624091437640004, 75.68094759394, 82.11782463176, 106.25807452686, 131.31363794096, 143.09956862126, 172.61907935566, 300.0, 317.5792279694, 332.4924740614, 352.5153919557, 362.9170449974, 393.95932985210004, 423.0, 439.88315095, 444.3406643824, 472.6661434604, 529.0, 546.6147745373, 563.6456369054, 569.06089544032, 578.51536195092, 619.25032399832, 623.36607046767]
