Avion: 4      Iteracion: 4

Num Ruta: 7
Ingresos: 3147.258
Costos: 710.864021653
Utilidad Ruta: 2436.39397835
Costo Reducido: 1742.1832548
Nodos: [104, 16, 51, 9, 44, 14, 49, 11, 46, 1, 36, 35, 70, 22, 57, 26, 61, 28, 63, 25, 60, 31, 66, 5, 40, 2, 27, 62, 37, 29, 64, 714]
q: [0.0, 9.0, -9.0, 11.0, -11.0, 8.0, -8.0, 6.0, -6.0, 7.0, -7.0, 8.0, -8.0, 10.0, -10.0, 10.0, -10.0, 6.0, -6.0, 10.0, -10.0, 9.0, -9.0, 9.0, -9.0, 10.0, 5.0, -5.0, -10.0, 9.0, -9.0, 0.0]
Q: [0.0, 9.0, 0.0, 11.0, 0.0, 8.0, 0.0, 6.0, 0.0, 7.0, 0.0, 8.0, 0.0, 10.0, 0.0, 10.0, 0.0, 6.0, 0.0, 10.0, 0.0, 9.0, 0.0, 9.0, 0.0, 10.0, 15.0, 10.0, 0.0, 9.0, 0.0, 0.0]
B: [0.0, 37.6306202048, 47.25471164244, 77.31156779874, 106.83880480124, 117.09561151674001, 129.11732329174, 169.0, 173.05406684701, 195.72351838431, 229.96360391281002, 270.0, 281.922738989, 299.64604976889996, 321.40073590779997, 357.73373932069995, 375.31296729009995, 385.72088432469997, 421.7475031086, 425.08088172495997, 442.26586403505996, 447.08751064176994, 475.41298971976994, 495.30947393176996, 496.43116283694997, 522.0, 547.7839683718, 564.8148307399, 594.1553610862, 603.9601016233099, 637.7398814035099, 664.5103114523099]
