Avion: 2      Iteracion: 40

Num Ruta: 39
Ingresos: 2470.161
Costos: 613.764590685
Utilidad Ruta: 1856.39640932
Costo Reducido: 45.5935374586
Nodos: [102, 16, 51, 9, 44, 14, 49, 3, 38, 23, 35, 70, 26, 61, 34, 58, 69, 33, 13, 48, 68, 21, 20, 56, 55, 2, 37, 712]
q: [0.0, 9.0, -9.0, 11.0, -11.0, 8.0, -8.0, 13.0, -13.0, 7.0, 8.0, -8.0, 8.0, -8.0, 8.0, -7.0, -8.0, 5.0, 10.0, -10.0, -5.0, 12.0, 0.0, -12.0, 0.0, 0.0, 0.0, 0.0]
Q: [0.0, 9.0, 0.0, 11.0, 0.0, 8.0, 0.0, 13.0, 0.0, 7.0, 15.0, 7.0, 15.0, 7.0, 15.0, 8.0, 0.0, 5.0, 15.0, 5.0, 0.0, 12.0, 12.0, 0.0, 0.0, 0.0, 0.0, 0.0]
B: [0.0, 36.0, 45.624091437640004, 75.68094759394, 105.20818459644, 115.46499131194001, 127.48670308694001, 256.0, 261.08428175852, 267.0, 277.4634044651, 289.38614345409997, 303.7370056233, 321.3162335927, 336.2294796847, 350.4884267005, 378.3415145006, 437.0, 462.372931896, 479.256082846, 484.60413314494, 495.48361052214, 500.2330169061, 536.6583086276, 557.2577292505, 564.58802651596, 605.32298856336, 609.43873503271]
