Avion: 1      Iteracion: 51

Num Ruta: 32
Ingresos: 1599.224
Costos: 315.554913894
Utilidad Ruta: 1283.66908611
Costo Reducido: 85.3564293696
Nodos: [101, 30, 65, 23, 35, 70, 34, 58, 69, 8, 19, 54, 43, 711]
q: [0.0, 11.0, -11.0, 7.0, 8.0, -8.0, 8.0, -7.0, -8.0, 8.0, 7.0, -7.0, -8.0, 0.0]
Q: [0.0, 11.0, 0.0, 7.0, 15.0, 7.0, 15.0, 8.0, 0.0, 8.0, 15.0, 8.0, 0.0, 0.0]
B: [0.0, 64.0, 82.7140226568, 267.0, 277.4634044651, 289.38614345409997, 322.0, 336.2589470158, 364.1120348159, 414.0, 437.1608815463, 463.7879978378, 466.71611702935996, 472.42524831178997]
