Avion: 2      Iteracion: 53

Num Ruta: 50
Ingresos: 2835.342
Costos: 636.259692262
Utilidad Ruta: 2199.08230774
Costo Reducido: 62.1061185071
Nodos: [102, 16, 51, 24, 59, 10, 45, 1, 36, 3, 38, 23, 35, 70, 18, 53, 58, 28, 13, 48, 31, 63, 66, 20, 4, 39, 55, 2, 37, 712]
q: [0.0, 9.0, -9.0, 11.0, -11.0, 12.0, -12.0, 7.0, -7.0, 13.0, -13.0, 5.0, 8.0, -8.0, 10.0, -10.0, -5.0, 6.0, 0.0, 0.0, 9.0, -6.0, -9.0, 0.0, 3.0, -3.0, 0.0, 10.0, -10.0, 0.0]
Q: [0.0, 9.0, 0.0, 11.0, 0.0, 12.0, 0.0, 7.0, 0.0, 13.0, 0.0, 5.0, 13.0, 5.0, 15.0, 5.0, 0.0, 6.0, 6.0, 6.0, 15.0, 9.0, 0.0, 0.0, 3.0, 0.0, 0.0, 10.0, 0.0, 0.0]
B: [0.0, 36.0, 45.624091437640004, 70.85029051714, 109.36324081964, 121.14917149994, 150.66868223434, 189.08802340514, 223.32810893364, 256.0, 261.08428175852, 267.0, 277.4634044651, 289.38614345409997, 309.80429657819997, 333.62253282689994, 343.54806439956997, 378.0, 423.0, 439.88315095, 444.3406643824, 464.8375443401, 493.251976043, 514.0320089592, 529.0, 549.4257496801999, 561.2869729308, 568.6172701962599, 609.35223224366, 613.46797871301]
