Avion: 4      Iteracion: 3

Num Ruta: 6
Ingresos: 3320.975
Costos: 666.260365064
Utilidad Ruta: 2654.71463494
Costo Reducido: 2219.31356645
Nodos: [104, 17, 52, 30, 65, 24, 59, 11, 46, 35, 70, 26, 61, 34, 69, 31, 66, 8, 33, 43, 68, 21, 4, 39, 56, 29, 64, 714]
q: [0, 5.0, -5.0, 11.0, -11.0, 11.0, -11.0, 6.0, -6.0, 8.0, -8.0, 10.0, -10.0, 8.0, -8.0, 9.0, -9.0, 8.0, 5.0, -8.0, -5.0, 12.0, 3.0, -3.0, -12.0, 9.0, -9.0, 0]
Q: [0, 5.0, 0.0, 11.0, 0.0, 11.0, 0.0, 6.0, 0.0, 8.0, 0.0, 10.0, 0.0, 8.0, 0.0, 9.0, 0.0, 8.0, 13.0, 5.0, 0.0, 12.0, 15.0, 12.0, 0.0, 9.0, 0.0, 0]
B: [0.0, 24.0, 58.8425537813, 64.0, 82.7140226568, 107.4479935471, 145.9609438496, 169.0, 173.05406684701, 270.0, 281.922738989, 300.0, 317.5792279694, 332.4924740614, 368.9326042752, 406.0, 434.325479078, 443.10832519984, 456.87298000844, 480.14734702453995, 502.10422806443995, 512.9837054416399, 529.0, 549.4257496801999, 566.2286940948, 604.6819905724999, 638.4617703526999, 665.2322004014999]
