Avion: 1      Iteracion: 46

Num Ruta: 30
Ingresos: 2008.408
Costos: 432.450883121
Utilidad Ruta: 1575.95711688
Costo Reducido: 65.6394849356
Nodos: [101, 24, 59, 1, 36, 23, 35, 70, 58, 34, 67, 32, 69, 19, 54, 711]
q: [0.0, 11.0, -11.0, 7.0, -7.0, 10.0, 5.0, -5.0, -10.0, 8.0, -8.0, 8.0, -8.0, 7.0, -7.0, 0.0]
Q: [0.0, 11.0, 0.0, 7.0, 0.0, 10.0, 15.0, 10.0, 0.0, 8.0, 0.0, 8.0, 0.0, 7.0, 0.0, 0.0]
B: [0.0, 61.0, 99.5129503025, 175.0, 209.2400855285, 267.0, 277.4634044651, 289.38614345409997, 313.15284696969997, 327.41179398549997, 354.1852307653, 364.586883807, 388.2177506764, 408.7575669365, 435.384683228, 440.13021017449995]
