Avion: 3      Iteracion: 17

Num Ruta: 17
Ingresos: 1159.34
Costos: 358.063016044
Utilidad Ruta: 801.276983956
Costo Reducido: 90.1730098862
Nodos: [103, 17, 52, 14, 49, 3, 38, 19, 33, 54, 68, 713]
q: [0, 5.0, -5.0, 8.0, -8.0, 13.0, -13.0, 7.0, 5.0, -7.0, -5.0, 0]
Q: [0, 5.0, 0.0, 8.0, 0.0, 13.0, 0.0, 7.0, 12.0, 5.0, 0.0, 0]
B: [0.0, 39.7453305433, 74.5878843246, 112.0, 124.021711775, 256.0, 261.08428175852, 402.0, 438.5935603624, 460.1419541308, 482.0473989562, 485.74227446155004]
