Avion: 3      Iteracion: 16

Num Ruta: 16
Ingresos: 1402.568
Costos: 166.109547822
Utilidad Ruta: 1236.45845218
Costo Reducido: 156.628791971
Nodos: [103, 11, 46, 21, 56, 27, 62, 2, 37, 713]
q: [0, 6.0, -6.0, 12.0, -12.0, 6.0, -6.0, 10.0, -10.0, 0]
Q: [0, 6.0, 0.0, 12.0, 0.0, 6.0, 0.0, 10.0, 0.0, 0]
B: [0.0, 169.0, 173.05406684701, 477.0, 517.7387906792, 538.0, 555.0308623681, 566.4829354555, 607.2178975029, 617.3127985921]
