Avion: 1      Iteracion: 108

Num Ruta: 57
Ingresos: 2199.942
Costos: 391.377853327
Utilidad Ruta: 1808.56414667
Costo Reducido: 4.66334397853
Nodos: [101, 30, 65, 24, 59, 1, 36, 23, 58, 31, 66, 19, 54, 27, 62, 711]
q: [0, 11.0, -11.0, 11.0, -11.0, 7.0, -7.0, 10.0, -10.0, 9.0, -9.0, 7.0, -7.0, 6.0, -6.0, 0]
Q: [0, 11.0, 0.0, 11.0, 0.0, 7.0, 0.0, 10.0, 0.0, 9.0, 0.0, 7.0, 0.0, 6.0, 0.0, 0]
B: [0.0, 64.0, 82.7140226568, 107.4479935471, 145.9609438496, 175.0, 209.2400855285, 267.0, 306.733842905, 406.0, 434.325479078, 450.4266959264, 477.0538122179, 538.0, 555.0308623681, 569.1482535223]
