Avion: 4      Iteracion: 8

Num Ruta: 10
Ingresos: 1064.284
Costos: 369.932088282
Utilidad Ruta: 694.351911718
Costo Reducido: 158.28334771
Nodos: [104, 14, 49, 23, 58, 34, 69, 714]
q: [0, 8.0, -8.0, 10.0, -10.0, 8.0, -8.0, 0]
Q: [0, 8.0, 0.0, 10.0, 0.0, 8.0, 0.0, 0]
B: [0.0, 112.0, 124.021711775, 267.0, 306.733842905, 322.0, 358.4401302138, 399.4886574468]
