Avion: 2      Iteracion: 57

Num Ruta: 54
Ingresos: 1833.324
Costos: 424.54544963
Utilidad Ruta: 1408.77855037
Costo Reducido: 52.7327544531
Nodos: [102, 16, 51, 24, 59, 10, 45, 26, 61, 13, 19, 54, 48, 20, 4, 39, 55, 2, 37, 712]
q: [0.0, 9.0, -9.0, 11.0, -11.0, 12.0, -12.0, 10.0, -10.0, 0.0, 7.0, -7.0, 0.0, 0.0, 3.0, -3.0, 0.0, 10.0, -10.0, 0.0]
Q: [0.0, 9.0, 0.0, 11.0, 0.0, 12.0, 0.0, 10.0, 0.0, 0.0, 7.0, 0.0, 0.0, 0.0, 3.0, 0.0, 0.0, 10.0, 0.0, 0.0]
B: [0.0, 36.0, 45.624091437640004, 70.85029051714, 109.36324081964, 121.14917149994, 150.66868223434, 300.0, 317.5792279694, 423.0, 451.3015296583, 477.9286459498, 497.5766707106, 511.507255946, 529.0, 549.4257496801999, 561.2869729308, 568.6172701962599, 609.35223224366, 613.46797871301]
