Avion: 7      Iteracion: 87

Num Ruta: 57
Ingresos: 1247.084
Costos: 201.128973942
Utilidad Ruta: 1045.95502606
Costo Reducido: 3.75985497534
Nodos: [107, 14, 49, 3, 38, 23, 58, 34, 22, 69, 57, 717]
q: [0.0, 0.0, 0.0, 0.0, 0.0, 10.0, -10.0, 8.0, 7.0, -8.0, -7.0, 0.0]
Q: [0.0, 0.0, 0.0, 0.0, 0.0, 10.0, 0.0, 8.0, 15.0, 7.0, 0.0, 0.0]
B: [0.0, 112.0, 124.021711775, 256.0, 261.08428175852, 267.0, 306.733842905, 322.0, 350.0636833826, 364.6328500369, 375.22310036439995, 377.18988911766996]
