Avion: 2      Iteracion: 64

Num Ruta: 61
Ingresos: 2435.89
Costos: 545.380886597
Utilidad Ruta: 1890.5091134
Costo Reducido: 32.2967797275
Nodos: [102, 16, 51, 14, 49, 3, 38, 23, 22, 57, 18, 58, 53, 8, 33, 6, 41, 43, 13, 48, 68, 20, 4, 39, 55, 2, 37, 712]
q: [0.0, 9.0, -9.0, 8.0, -8.0, 13.0, -13.0, 5.0, 10.0, -10.0, 10.0, -5.0, -10.0, 6.0, 5.0, 4.0, -4.0, -6.0, 10.0, -10.0, -5.0, 0.0, 3.0, -3.0, 0.0, 10.0, -10.0, 0.0]
Q: [0.0, 9.0, 0.0, 8.0, 0.0, 13.0, 0.0, 5.0, 15.0, 5.0, 15.0, 10.0, 0.0, 6.0, 11.0, 15.0, 11.0, 5.0, 15.0, 5.0, 0.0, 0.0, 3.0, 0.0, 0.0, 10.0, 0.0, 0.0]
B: [0.0, 36.0, 45.624091437640004, 112.0, 124.021711775, 256.0, 261.08428175852, 267.0, 299.0, 320.7546861389, 334.15512273630003, 359.594434146, 369.51996571867005, 414.0, 437.0, 463.1548069196, 466.84709631779, 479.71309880498995, 481.92377494589994, 498.80692589589995, 504.15497619483995, 514.74575864944, 529.0, 549.4257496801999, 561.2869729308, 568.6172701962599, 609.35223224366, 613.46797871301]
