Avion: 6      Iteracion: 16

Num Ruta: 17
Ingresos: 1998.032
Costos: 369.794747563
Utilidad Ruta: 1628.23725244
Costo Reducido: 225.807632959
Nodos: [106, 17, 52, 30, 65, 32, 67, 26, 61, 34, 69, 8, 43, 2, 37, 716]
q: [0, 5.0, -5.0, 11.0, -11.0, 11.0, -11.0, 10.0, -10.0, 8.0, -8.0, 8.0, -8.0, 10.0, -10.0, 0]
Q: [0, 5.0, 0.0, 11.0, 0.0, 11.0, 0.0, 10.0, 0.0, 8.0, 0.0, 8.0, 0.0, 10.0, 0.0, 0]
B: [0.0, 24.0, 58.8425537813, 64.0, 82.7140226568, 309.0, 319.4016530417, 332.1221722921, 349.7014002615, 364.6146463535, 401.0547765673, 414.0, 434.768396616, 522.0, 562.7349620474, 583.160599516]
