Avion: 2      Iteracion: 27

Num Ruta: 26
Ingresos: 2518.087
Costos: 751.304930201
Utilidad Ruta: 1766.7820698
Costo Reducido: 72.0692707868
Nodos: [102, 24, 30, 16, 51, 65, 59, 10, 45, 1, 11, 46, 36, 35, 70, 32, 67, 26, 61, 34, 69, 33, 6, 41, 13, 48, 68, 27, 62, 2, 37, 712]
q: [0.0, 11.0, 4.0, 0.0, 0.0, -4.0, -11.0, 12.0, -12.0, 7.0, 6.0, -6.0, -7.0, 8.0, -8.0, 11.0, -11.0, 10.0, -10.0, 8.0, -8.0, 5.0, 4.0, -4.0, 0.0, 0.0, -5.0, 6.0, -6.0, 10.0, -10.0, 0.0]
Q: [0.0, 11.0, 15.0, 15.0, 15.0, 11.0, 0.0, 12.0, 0.0, 7.0, 13.0, 7.0, 0.0, 8.0, 0.0, 11.0, 0.0, 10.0, 0.0, 8.0, 0.0, 5.0, 9.0, 5.0, 5.0, 5.0, 0.0, 6.0, 0.0, 10.0, 0.0, 0.0]
B: [0.0, 61.0, 79.2569011609, 87.45949245878, 97.08358389642001, 99.95474045781, 129.59230137301, 141.37823205331, 170.89774278771, 209.31708395851, 227.99791255361, 232.05197940062, 266.36770873862, 274.67884933423005, 286.60158832323003, 309.0, 319.4016530417, 332.1221722921, 349.7014002615, 364.6146463535, 401.0547765673, 437.0, 463.1548069196, 466.84709631779, 480.25716242499, 497.14031337499, 502.48836367393, 538.0, 555.0308623681, 566.4829354555, 607.2178975029, 611.33364397225]
