Avion: 2      Iteracion: 102

Num Ruta: 89
Ingresos: 2811.928
Costos: 499.506940726
Utilidad Ruta: 2312.42105927
Costo Reducido: 34.26698898
Nodos: [102, 16, 51, 30, 65, 24, 59, 1, 36, 23, 35, 70, 58, 32, 67, 26, 61, 13, 48, 20, 4, 39, 55, 2, 37, 712]
q: [0.0, 9.0, -9.0, 11.0, -11.0, 11.0, -11.0, 7.0, -7.0, 10.0, 5.0, -5.0, -10.0, 11.0, -11.0, 10.0, -10.0, 15.0, -15.0, 0.0, 3.0, -3.0, 0.0, 10.0, -10.0, 0.0]
Q: [0.0, 9.0, 0.0, 11.0, 0.0, 11.0, 0.0, 7.0, 0.0, 10.0, 15.0, 10.0, 0.0, 11.0, 0.0, 10.0, 0.0, 15.0, 0.0, 0.0, 3.0, 0.0, 0.0, 10.0, 0.0, 0.0]
B: [0.0, 36.0, 45.624091437640004, 64.0, 82.7140226568, 107.4479935471, 145.9609438496, 175.0, 209.2400855285, 267.0, 277.4634044651, 289.38614345409997, 313.15284696969997, 335.63715280729997, 346.03880584899997, 358.7593250994, 376.33855306879997, 423.0, 439.88315095, 496.0, 529.0, 549.4257496801999, 561.2869729308, 568.6172701962599, 609.35223224366, 613.46797871301]
