Avion: 7      Iteracion: 92

Num Ruta: 59
Ingresos: 1737.812
Costos: 294.938157597
Utilidad Ruta: 1442.8738424
Costo Reducido: 3.32350460601
Nodos: [107, 14, 49, 3, 38, 23, 35, 70, 34, 58, 22, 57, 69, 19, 31, 54, 5, 40, 66, 717]
q: [0.0, 0.0, 0.0, 13.0, -13.0, 7.0, 8.0, -8.0, 8.0, -7.0, 7.0, -7.0, -8.0, 7.0, 8.0, -7.0, 0.0, 0.0, -8.0, 0.0]
Q: [0.0, 0.0, 0.0, 13.0, 0.0, 7.0, 15.0, 7.0, 15.0, 8.0, 15.0, 8.0, 0.0, 7.0, 15.0, 8.0, 8.0, 8.0, 0.0, 0.0]
B: [0.0, 112.0, 124.021711775, 256.0, 261.08428175852, 267.0, 277.4634044651, 289.38614345409997, 322.0, 336.2589470158, 352.0153710073, 373.77005714620003, 384.3603074737, 404.9001237338, 426.3251283079, 443.4311677385, 469.0, 470.12168890518, 488.93639618428, 492.5711181819]
