Avion: 3      Iteracion: 107

Num Ruta: 42
Ingresos: 943.137
Costos: 171.027012007
Utilidad Ruta: 772.109987993
Costo Reducido: 3.3384791302
Nodos: [103, 11, 46, 21, 56, 27, 62, 4, 39, 713]
q: [0, 6.0, -6.0, 12.0, -12.0, 6.0, -6.0, 3.0, -3.0, 0]
Q: [0, 6.0, 0.0, 12.0, 0.0, 6.0, 0.0, 3.0, 0.0, 0]
B: [0.0, 169.0, 173.05406684701, 477.0, 517.7387906792, 538.0, 555.0308623681, 571.1180630258, 591.5438127059999, 622.2302627777]
