Avion: 4      Iteracion: 40

Num Ruta: 36
Ingresos: 1314.355
Costos: 404.529675345
Utilidad Ruta: 909.825324655
Costo Reducido: 57.2256143104
Nodos: [104, 17, 52, 9, 44, 18, 35, 70, 53, 34, 69, 8, 33, 43, 68, 714]
q: [0.0, 5.0, -5.0, 11.0, -11.0, 10.0, 5.0, -5.0, -10.0, 8.0, -8.0, 0.0, 5.0, 0.0, -5.0, 0.0]
Q: [0.0, 5.0, 0.0, 11.0, 0.0, 10.0, 15.0, 10.0, 0.0, 8.0, 0.0, 0.0, 5.0, 5.0, 0.0, 0.0]
B: [0.0, 24.0, 58.8425537813, 81.72911018459999, 111.25634718709999, 293.0, 305.7525351989, 317.67527418789996, 347.44685300059996, 370.91756396129995, 407.35769417509994, 414.0, 437.0, 460.2743670161, 482.23124805599997, 498.40566504699996]
