Avion: 6      Iteracion: 17

Num Ruta: 18
Ingresos: 1202.882
Costos: 337.450579089
Utilidad Ruta: 865.431420911
Costo Reducido: 171.92875631
Nodos: [106, 17, 52, 16, 51, 14, 49, 3, 38, 32, 67, 26, 61, 31, 66, 716]
q: [0, 5.0, -5.0, 9.0, -9.0, 8.0, -8.0, 13.0, -13.0, 11.0, -11.0, 10.0, -10.0, 9.0, -9.0, 0]
Q: [0, 5.0, 0.0, 9.0, 0.0, 8.0, 0.0, 13.0, 0.0, 11.0, 0.0, 10.0, 0.0, 9.0, 0.0, 0]
B: [0.0, 24.0, 58.8425537813, 64.17419311644, 73.79828455408, 112.0, 124.021711775, 256.0, 261.08428175852, 309.0, 319.4016530417, 332.1221722921, 349.7014002615, 406.0, 434.325479078, 448.8109229442]
