Avion: 6      Iteracion: 11

Num Ruta: 13
Ingresos: 1010.061
Costos: 335.897489685
Utilidad Ruta: 674.163510315
Costo Reducido: 164.688241132
Nodos: [106, 14, 49, 3, 38, 35, 70, 28, 25, 63, 60, 29, 64, 716]
q: [0.0, 8.0, -8.0, 13.0, -13.0, 8.0, -8.0, 6.0, 9.0, -6.0, -9.0, 9.0, -9.0, 0.0]
Q: [0.0, 8.0, 0.0, 13.0, 0.0, 8.0, 0.0, 6.0, 15.0, 9.0, 0.0, 9.0, 0.0, 0.0]
B: [0.0, 112.0, 124.021711775, 256.0, 261.08428175852, 274.08526633661995, 286.00800532561993, 378.0, 414.5748134377, 417.90819205406, 435.21428080916, 549.0, 582.7797797802, 603.1769870644999]
