Avion: 6      Iteracion: 52

Num Ruta: 43
Ingresos: 527.819
Costos: 233.501013174
Utilidad Ruta: 294.317986826
Costo Reducido: 17.3732341414
Nodos: [106, 31, 66, 33, 68, 716]
q: [0, 9.0, -9.0, 5.0, -5.0, 0]
Q: [0, 9.0, 0.0, 5.0, 0.0, 0]
B: [0.0, 406.0, 434.325479078, 456.7236405204, 498.6763055728, 522.5687495039]
