Avion: 4      Iteracion: 21

Num Ruta: 21
Ingresos: 349.023
Costos: 244.706517518
Utilidad Ruta: 104.316482482
Costo Reducido: 4.64432388668
Nodos: [104, 11, 46, 29, 64, 714]
q: [0, 6.0, -6.0, 9.0, -9.0, 0]
Q: [0, 6.0, 0.0, 9.0, 0.0, 0]
B: [0.0, 169.0, 173.05406684701, 549.0, 582.7797797802, 609.550209829]
