Avion: 2      Iteracion: 60

Num Ruta: 57
Ingresos: 2840.098
Costos: 613.295605996
Utilidad Ruta: 2226.802394
Costo Reducido: 34.8694352613
Nodos: [102, 16, 51, 9, 44, 14, 49, 3, 38, 23, 35, 70, 34, 58, 22, 57, 69, 8, 19, 5, 40, 54, 43, 6, 41, 20, 4, 39, 55, 2, 37, 712]
q: [0.0, 9.0, -9.0, 11.0, -11.0, 8.0, -8.0, 13.0, -13.0, 7.0, 8.0, -8.0, 8.0, -7.0, 7.0, -7.0, -8.0, 8.0, 7.0, 0.0, 0.0, -7.0, -8.0, 4.0, -4.0, 0.0, 3.0, -3.0, 0.0, 10.0, -10.0, 0.0]
Q: [0.0, 9.0, 0.0, 11.0, 0.0, 8.0, 0.0, 13.0, 0.0, 7.0, 15.0, 7.0, 15.0, 8.0, 15.0, 8.0, 0.0, 8.0, 15.0, 15.0, 15.0, 8.0, 0.0, 4.0, 0.0, 0.0, 3.0, 0.0, 0.0, 10.0, 0.0, 0.0]
B: [0.0, 36.0, 45.624091437640004, 75.68094759394, 105.20818459644, 115.46499131194001, 127.48670308694001, 256.0, 261.08428175852, 267.0, 277.4634044651, 289.38614345409997, 322.0, 336.2589470158, 352.0153710073, 373.77005714620003, 384.3603074737, 414.0, 437.1608815463, 469.0, 470.12168890518, 478.47762499876, 481.40574419032, 490.59641581974995, 494.28870521793993, 526.6314897610399, 536.91064079604, 557.33639047624, 569.19761372684, 576.5279109923, 617.2628730397, 621.37861950905]
