Avion: 3      Iteracion: 62

Num Ruta: 36
Ingresos: 858.763
Costos: 238.189718561
Utilidad Ruta: 620.573281439
Costo Reducido: 36.6682660659
Nodos: [103, 14, 49, 23, 35, 70, 58, 713]
q: [0.0, 8.0, -8.0, 10.0, 5.0, -5.0, -10.0, 0.0]
Q: [0.0, 8.0, 0.0, 10.0, 15.0, 10.0, 0.0, 0.0]
B: [0.0, 112.0, 124.021711775, 267.0, 277.4634044651, 289.38614345409997, 313.15284696969997, 328.59764343969994]
