Avion: 4      Iteracion: 58

Num Ruta: 42
Ingresos: 1754.979
Costos: 521.344228725
Utilidad Ruta: 1233.63477128
Costo Reducido: 86.592543155
Nodos: [104, 9, 44, 30, 65, 10, 45, 32, 67, 34, 69, 8, 19, 43, 54, 29, 64, 714]
q: [0, 11.0, -11.0, 11.0, -11.0, 12.0, -12.0, 11.0, -11.0, 8.0, -8.0, 8.0, 7.0, -8.0, -7.0, 9.0, -9.0, 0]
Q: [0, 11.0, 0.0, 11.0, 0.0, 12.0, 0.0, 11.0, 0.0, 8.0, 0.0, 8.0, 15.0, 7.0, 0.0, 9.0, 0.0, 0]
B: [0.0, 57.4296024799, 86.9568394824, 102.7447398178, 121.4587624746, 140.15181276069998, 169.67132349509998, 309.0, 319.4016530417, 346.1750898215, 382.6152200353, 414.0, 437.1608815463, 466.0513395558, 468.97945874735996, 549.0, 582.7797797802, 609.550209829]
