Avion: 2      Iteracion: 36

Num Ruta: 35
Ingresos: 2045.634
Costos: 522.13162276
Utilidad Ruta: 1523.50237724
Costo Reducido: 49.5183771854
Nodos: [102, 16, 51, 12, 47, 10, 45, 1, 36, 3, 38, 35, 70, 32, 67, 26, 61, 13, 33, 68, 48, 20, 4, 39, 55, 2, 37, 712]
q: [0.0, 9.0, -9.0, 0.0, 0.0, 12.0, -12.0, 7.0, -7.0, 13.0, -13.0, 8.0, -8.0, 11.0, -11.0, 10.0, -10.0, 10.0, 5.0, -5.0, -10.0, 0.0, 0.0, 0.0, 0.0, 10.0, -10.0, 0.0]
Q: [0.0, 9.0, 0.0, 0.0, 0.0, 12.0, 0.0, 7.0, 0.0, 13.0, 0.0, 8.0, 0.0, 11.0, 0.0, 10.0, 0.0, 10.0, 15.0, 10.0, 0.0, 0.0, 0.0, 0.0, 0.0, 10.0, 0.0, 0.0]
B: [0.0, 36.0, 45.624091437640004, 79.57799432084, 122.92591858484, 131.64368894199, 161.16319967639, 199.58254084719002, 233.82262637569002, 256.0, 261.08428175852, 274.08526633661995, 286.00800532561993, 309.0, 319.4016530417, 332.1221722921, 349.7014002615, 423.0, 448.372931896, 490.3255969484, 495.67364724734, 509.60423248274, 529.0, 549.4257496801999, 561.2869729308, 568.6172701962599, 609.35223224366, 613.46797871301]
