Avion: 1      Iteracion: 8

Num Ruta: 12
Ingresos: 1979.287
Costos: 471.068332301
Utilidad Ruta: 1508.2186677
Costo Reducido: 318.377972377
Nodos: [101, 30, 16, 51, 65, 24, 59, 1, 36, 23, 35, 70, 58, 34, 67, 32, 69, 31, 66, 19, 54, 711]
q: [0.0, 0.0, 9.0, -9.0, 0.0, 11.0, -11.0, 0.0, 0.0, 10.0, 5.0, -5.0, -10.0, 8.0, -8.0, 8.0, -8.0, 9.0, -9.0, 7.0, -7.0, 0.0]
Q: [0.0, 0.0, 9.0, 0.0, 0.0, 11.0, 0.0, 0.0, 0.0, 10.0, 15.0, 10.0, 0.0, 8.0, 0.0, 8.0, 0.0, 9.0, 0.0, 7.0, 0.0, 0.0]
B: [0.0, 64.0, 72.20259129788, 81.82668273552001, 84.69783929691, 109.43181018721, 147.94476048971, 175.0, 209.2400855285, 267.0, 277.4634044651, 289.38614345409997, 313.15284696969997, 327.41179398549997, 354.1852307653, 364.586883807, 388.2177506764, 415.3384947849, 443.6639738629, 459.76519071129997, 486.39230700279995, 491.13783394929993]
