Avion: 7      Iteracion: 25

Num Ruta: 24
Ingresos: 1726.536
Costos: 304.144829376
Utilidad Ruta: 1422.39117062
Costo Reducido: 163.727725818
Nodos: [107, 14, 49, 3, 38, 23, 58, 32, 67, 26, 61, 31, 19, 54, 66, 717]
q: [0.0, 0.0, 0.0, 13.0, -13.0, 10.0, -10.0, 11.0, -11.0, 10.0, -10.0, 8.0, 7.0, -7.0, -8.0, 0.0]
Q: [0.0, 0.0, 0.0, 13.0, 0.0, 10.0, 0.0, 11.0, 0.0, 10.0, 0.0, 8.0, 15.0, 8.0, 0.0, 0.0]
B: [0.0, 112.0, 124.021711775, 256.0, 261.08428175852, 267.0, 306.733842905, 329.2181487426, 339.6198017843, 352.3403210347, 369.9195490041, 406.0, 427.4250045741, 454.0521208656, 476.4702851526, 480.10500715022]
