Avion: 1      Iteracion: 11

Num Ruta: 15
Ingresos: 2286.36
Costos: 523.608082736
Utilidad Ruta: 1762.75191726
Costo Reducido: 349.584259396
Nodos: [101, 30, 65, 24, 59, 1, 36, 3, 38, 35, 70, 22, 57, 32, 67, 33, 8, 43, 6, 41, 68, 29, 27, 64, 62, 711]
q: [0, 11.0, -11.0, 11.0, -11.0, 7.0, -7.0, 13.0, -13.0, 8.0, -8.0, 10.0, -10.0, 11.0, -11.0, 5.0, 8.0, -8.0, 4.0, -4.0, -5.0, 9.0, 6.0, -9.0, -6.0, 0]
Q: [0, 11.0, 0.0, 11.0, 0.0, 7.0, 0.0, 13.0, 0.0, 8.0, 0.0, 10.0, 0.0, 11.0, 0.0, 5.0, 13.0, 5.0, 9.0, 5.0, 0.0, 9.0, 15.0, 6.0, 0.0, 0]
B: [0.0, 64.0, 82.7140226568, 107.4479935471, 145.9609438496, 175.0, 209.2400855285, 256.0, 261.08428175852, 274.08526633661995, 286.00800532561993, 303.7313161055199, 325.4860022444199, 359.48577955251994, 369.88743259421994, 437.0, 450.76465480859997, 471.5330514246, 480.72372305402996, 484.41601245221995, 515.4938732698199, 549.0, 574.6018082369, 582.8182362320799, 598.26561380888, 612.38300496308]
