Avion: 4      Iteracion: 6

Num Ruta: 8
Ingresos: 1663.063
Costos: 393.932878588
Utilidad Ruta: 1269.13012141
Costo Reducido: 664.760513634
Nodos: [104, 17, 52, 24, 59, 1, 36, 18, 53, 28, 63, 25, 60, 714]
q: [0, 5.0, -5.0, 11.0, -11.0, 7.0, -7.0, 10.0, -10.0, 6.0, -6.0, 10.0, -10.0, 0]
Q: [0, 5.0, 0.0, 11.0, 0.0, 7.0, 0.0, 10.0, 0.0, 6.0, 0.0, 10.0, 0.0, 0]
B: [0.0, 24.0, 58.8425537813, 75.400837086, 113.9137873885, 175.0, 209.2400855285, 293.0, 316.8182362487, 378.0, 414.0266187839, 417.35999740026, 434.54497971036, 455.32069950536]
