Avion: 6      Iteracion: 100

Num Ruta: 58
Ingresos: 491.829
Costos: 176.464711059
Utilidad Ruta: 315.364288941
Costo Reducido: 15.088882032
Nodos: [106, 1, 36, 35, 70, 32, 67, 5, 40, 716]
q: [0, 7.0, -7.0, 8.0, -8.0, 11.0, -11.0, 9.0, -9.0, 0]
Q: [0, 7.0, 0.0, 8.0, 0.0, 11.0, 0.0, 9.0, 0.0, 0]
B: [0.0, 175.0, 209.2400855285, 270.0, 281.922738989, 309.0, 319.4016530417, 469.0, 470.12168890518, 476.84504297885]
