Avion: 4      Iteracion: 38

Num Ruta: 34
Ingresos: 707.754
Costos: 257.671087595
Utilidad Ruta: 450.082912405
Costo Reducido: 3.96883819024
Nodos: [104, 17, 52, 9, 44, 13, 48, 714]
q: [0, 5.0, -5.0, 11.0, -11.0, 15.0, -15.0, 0]
Q: [0, 5.0, 0.0, 11.0, 0.0, 15.0, 0.0, 0]
B: [0.0, 24.0, 58.8425537813, 81.72911018459999, 111.25634718709999, 423.0, 439.88315095, 451.5624516568]
