Avion: 5      Iteracion: 16

Num Ruta: 16
Ingresos: 836.368
Costos: 316.440397103
Utilidad Ruta: 519.927602897
Costo Reducido: 124.837685768
Nodos: [105, 30, 65, 32, 67, 2, 37, 715]
q: [0, 11.0, -11.0, 11.0, -11.0, 10.0, -10.0, 0]
Q: [0, 11.0, 0.0, 11.0, 0.0, 10.0, 0.0, 0]
B: [0.0, 64.0, 82.7140226568, 309.0, 319.4016530417, 522.0, 562.7349620474, 598.7395051635]
