Avion: 5      Iteracion: 79

Num Ruta: 51
Ingresos: 423.767
Costos: 261.639292354
Utilidad Ruta: 162.127707646
Costo Reducido: 16.576042902
Nodos: [105, 16, 51, 22, 57, 715]
q: [0, 9.0, -9.0, 10.0, -10.0, 0]
Q: [0, 9.0, 0.0, 10.0, 0.0, 0]
B: [0.0, 36.0, 45.624091437640004, 299.0, 320.7546861389, 329.90781505747003]
