Avion: 4      Iteracion: 96

Num Ruta: 56
Ingresos: 1366.977
Costos: 307.589596985
Utilidad Ruta: 1059.38740301
Costo Reducido: 11.3103303155
Nodos: [104, 17, 52, 9, 44, 19, 8, 33, 54, 43, 13, 48, 68, 714]
q: [0.0, 5.0, -5.0, 11.0, -11.0, 7.0, 3.0, 5.0, -7.0, -3.0, 10.0, -10.0, -5.0, 0.0]
Q: [0.0, 5.0, 0.0, 11.0, 0.0, 7.0, 10.0, 15.0, 8.0, 5.0, 15.0, 5.0, 0.0, 0.0]
B: [0.0, 24.0, 58.8425537813, 81.72911018459999, 111.25634718709999, 402.0, 425.1608815463, 438.92553635490003, 460.4739301233, 463.40204931486, 465.61272545577, 482.49587640577, 487.84392670471, 504.01834369571]
