Avion: 1      Iteracion: 56

Num Ruta: 35
Ingresos: 741.504
Costos: 281.358925348
Utilidad Ruta: 460.145074652
Costo Reducido: 23.8003781186
Nodos: [101, 30, 65, 24, 59, 19, 54, 711]
q: [0, 11.0, -11.0, 11.0, -11.0, 7.0, -7.0, 0]
Q: [0, 11.0, 0.0, 11.0, 0.0, 7.0, 0.0, 0]
B: [0.0, 64.0, 82.7140226568, 107.4479935471, 145.9609438496, 402.0, 428.6271162915, 433.37264323799997]
