Avion: 2      Iteracion: 1

Num Ruta: 4
Ingresos: 4015.89
Costos: 800.917546307
Utilidad Ruta: 3214.97245369
Costo Reducido: 2530.11821486
Nodos: [102, 9, 44, 16, 51, 30, 65, 10, 45, 3, 38, 23, 35, 70, 34, 58, 22, 69, 57, 19, 8, 33, 54, 43, 13, 48, 68, 21, 20, 27, 56, 55, 2, 62, 37, 712]
q: [0.0, 11.0, -11.0, 9.0, -9.0, 11.0, -11.0, 12.0, -12.0, 13.0, -13.0, 10.0, 5.0, -5.0, 5.0, -10.0, 10.0, -5.0, -10.0, 7.0, 3.0, 5.0, -7.0, -3.0, 0.0, 0.0, -5.0, 12.0, 0.0, 3.0, -12.0, 0.0, 10.0, -3.0, -10.0, 0.0]
Q: [0.0, 11.0, 0.0, 9.0, 0.0, 11.0, 0.0, 12.0, 0.0, 13.0, 0.0, 10.0, 15.0, 10.0, 15.0, 5.0, 15.0, 10.0, 0.0, 7.0, 10.0, 15.0, 8.0, 5.0, 5.0, 5.0, 0.0, 12.0, 12.0, 15.0, 3.0, 3.0, 13.0, 10.0, 0.0, 0.0]
B: [0.0, 29.8362865317, 59.3635235342, 83.0933077094, 92.71739914704, 109.70269278594, 128.41671544274, 147.10976572884002, 176.62927646324002, 256.0, 261.08428175852, 267.0, 277.4634044651, 289.38614345409997, 322.0, 336.2589470158, 352.0153710073, 366.5845376616, 377.17478798909997, 402.0, 425.1608815463, 438.92553635490003, 460.4739301233, 463.40204931486, 465.61272545577, 482.49587640577, 487.84392670471, 498.72340408190996, 503.47281046586994, 538.0, 551.1774481976, 571.7768688205, 579.10716608596, 590.55923917336, 619.8997695196599, 624.0155159890099]
