Avion: 4      Iteracion: 81

Num Ruta: 47
Ingresos: 842.549
Costos: 341.030959268
Utilidad Ruta: 501.518040732
Costo Reducido: 17.4857077823
Nodos: [104, 10, 45, 32, 67, 33, 68, 29, 64, 714]
q: [0, 12.0, -12.0, 11.0, -11.0, 5.0, -5.0, 9.0, -9.0, 0]
Q: [0, 12.0, 0.0, 11.0, 0.0, 5.0, 0.0, 9.0, 0.0, 0]
B: [0.0, 96.0, 125.5195107344, 309.0, 319.4016530417, 437.0, 478.9526650524, 549.0, 582.7797797802, 609.550209829]
