Avion: 2      Iteracion: 39

Num Ruta: 38
Ingresos: 1157.894
Costos: 479.562927615
Utilidad Ruta: 678.331072385
Costo Reducido: 77.6610500933
Nodos: [102, 16, 51, 10, 45, 26, 61, 34, 69, 33, 13, 48, 20, 68, 27, 62, 55, 2, 37, 712]
q: [0.0, 0.0, 0.0, 12.0, -12.0, 10.0, -10.0, 8.0, -8.0, 5.0, 10.0, -10.0, 0.0, -5.0, 6.0, -6.0, 0.0, 0.0, 0.0, 0.0]
Q: [0.0, 0.0, 0.0, 12.0, 0.0, 10.0, 0.0, 8.0, 0.0, 5.0, 15.0, 5.0, 5.0, 0.0, 6.0, 0.0, 0.0, 0.0, 0.0, 0.0]
B: [0.0, 36.0, 45.624091437640004, 96.0, 125.5195107344, 300.0, 317.5792279694, 332.4924740614, 368.9326042752, 437.0, 462.372931896, 479.256082846, 496.0, 506.5907824546, 538.0, 555.0308623681, 571.1886281789999, 578.5189254444599, 619.2538874918599, 623.36963396121]
