Avion: 1      Iteracion: 62

Num Ruta: 39
Ingresos: 1845.981
Costos: 328.386339552
Utilidad Ruta: 1517.59466045
Costo Reducido: 52.8233277657
Nodos: [101, 30, 65, 24, 59, 1, 36, 23, 58, 19, 54, 711]
q: [0, 11.0, -11.0, 11.0, -11.0, 7.0, -7.0, 10.0, -10.0, 7.0, -7.0, 0]
Q: [0, 11.0, 0.0, 11.0, 0.0, 7.0, 0.0, 10.0, 0.0, 7.0, 0.0, 0]
B: [0.0, 64.0, 82.7140226568, 107.4479935471, 145.9609438496, 175.0, 209.2400855285, 267.0, 306.733842905, 402.0, 428.6271162915, 433.37264323799997]
