Avion: 5      Iteracion: 31

Num Ruta: 30
Ingresos: 1345.976
Costos: 422.206672436
Utilidad Ruta: 923.769327564
Costo Reducido: 85.6826201549
Nodos: [105, 30, 65, 24, 59, 1, 36, 35, 70, 26, 61, 31, 66, 715]
q: [0, 11.0, -11.0, 11.0, -11.0, 7.0, -7.0, 8.0, -8.0, 10.0, -10.0, 9.0, -9.0, 0]
Q: [0, 11.0, 0.0, 11.0, 0.0, 7.0, 0.0, 8.0, 0.0, 10.0, 0.0, 9.0, 0.0, 0]
B: [0.0, 64.0, 82.7140226568, 107.4479935471, 145.9609438496, 175.0, 209.2400855285, 270.0, 281.922738989, 300.0, 317.5792279694, 406.0, 434.325479078, 448.0782228406]
