Avion: 6      Iteracion: 97

Num Ruta: 57
Ingresos: 173.891
Costos: 130.745718548
Utilidad Ruta: 43.145281452
Costo Reducido: 23.216191968
Nodos: [106, 16, 51, 32, 67, 6, 41, 5, 40, 716]
q: [0, 9.0, -9.0, 11.0, -11.0, 4.0, -4.0, 9.0, -9.0, 0]
Q: [0, 9.0, 0.0, 11.0, 0.0, 4.0, 0.0, 9.0, 0.0, 0]
B: [0.0, 36.0, 45.624091437640004, 309.0, 319.4016530417, 436.0, 439.69228939819, 469.0, 470.12168890518, 476.84504297885]
