Avion: 3      Iteracion: 9

Num Ruta: 10
Ingresos: 436.042
Costos: 190.397747848
Utilidad Ruta: 245.644252152
Costo Reducido: 168.353542486
Nodos: [103, 19, 54, 27, 62, 713]
q: [0, 7.0, -7.0, 6.0, -6.0, 0]
Q: [0, 7.0, 0.0, 6.0, 0.0, 0]
B: [0.0, 402.0, 428.6271162915, 538.0, 555.0308623681, 583.3015826454]
