Avion: 7      Iteracion: 17

Num Ruta: 17
Ingresos: 973.207
Costos: 270.321254721
Utilidad Ruta: 702.885745279
Costo Reducido: 104.482923341
Nodos: [107, 17, 16, 51, 52, 14, 49, 3, 38, 22, 57, 717]
q: [0, 5.0, 9.0, -9.0, -5.0, 8.0, -8.0, 13.0, -13.0, 10.0, -10.0, 0]
Q: [0, 5.0, 14.0, 5.0, 0.0, 8.0, 0.0, 13.0, 0.0, 10.0, 0.0, 0]
B: [0.0, 45.942580685, 80.7440576652, 90.36814910284001, 105.01591787494, 117.45447072484001, 129.47618249984, 256.0, 261.08428175852, 299.0, 320.7546861389, 322.72147489217]
