Avion: 6      Iteracion: 31

Num Ruta: 30
Ingresos: 67.416
Costos: 158.444137419
Utilidad Ruta: -91.0281374193
Costo Reducido: 8.30075260725
Nodos: [106, 35, 70, 716]
q: [0, 8.0, -8.0, 0]
Q: [0, 8.0, 0.0, 0]
B: [0.0, 270.0, 281.922738989, 292.6810901638]
