Avion: 1      Iteracion: 15

Num Ruta: 17
Ingresos: 1626.404
Costos: 390.809367783
Utilidad Ruta: 1235.59463222
Costo Reducido: 135.720326041
Nodos: [101, 30, 65, 10, 45, 3, 38, 23, 35, 70, 34, 58, 69, 8, 19, 54, 43, 711]
q: [0.0, 11.0, -11.0, 12.0, -12.0, 13.0, -13.0, 7.0, 8.0, -8.0, 8.0, -7.0, -8.0, 0.0, 7.0, -7.0, 0.0, 0.0]
Q: [0.0, 11.0, 0.0, 12.0, 0.0, 13.0, 0.0, 7.0, 15.0, 7.0, 15.0, 8.0, 0.0, 0.0, 7.0, 0.0, 0.0, 0.0]
B: [0.0, 64.0, 82.7140226568, 101.4070729429, 130.92658367730002, 256.0, 261.08428175852, 267.0, 277.4634044651, 289.38614345409997, 322.0, 336.2589470158, 364.1120348159, 414.0, 437.1608815463, 463.7879978378, 466.71611702935996, 472.42524831178997]
