Avion: 6      Iteracion: 10

Num Ruta: 12
Ingresos: 430.613
Costos: 190.048272787
Utilidad Ruta: 240.564727213
Costo Reducido: 201.258410606
Nodos: [106, 34, 69, 6, 41, 5, 40, 4, 39, 716]
q: [0, 8.0, -8.0, 4.0, -4.0, 9.0, -9.0, 3.0, -3.0, 0]
Q: [0, 8.0, 0.0, 4.0, 0.0, 9.0, 0.0, 3.0, 0.0, 0]
B: [0.0, 322.0, 358.4401302138, 436.0, 439.69228939819, 469.0, 470.12168890518, 529.0, 549.4257496801999, 564.1028645192999]
