Avion: 4      Iteracion: 20

Num Ruta: 20
Ingresos: 585.527
Costos: 294.035138805
Utilidad Ruta: 291.491861195
Costo Reducido: 26.5309441541
Nodos: [104, 33, 68, 29, 64, 714]
q: [0, 5.0, -5.0, 9.0, -9.0, 0]
Q: [0, 5.0, 0.0, 9.0, 0.0, 0]
B: [0.0, 437.0, 478.9526650524, 549.0, 582.7797797802, 609.550209829]
