Avion: 6      Iteracion: 46

Num Ruta: 40
Ingresos: 970.727
Costos: 342.218869743
Utilidad Ruta: 628.508130257
Costo Reducido: 6.45595768126
Nodos: [106, 11, 46, 1, 36, 35, 70, 32, 67, 33, 6, 41, 13, 48, 68, 27, 62, 716]
q: [0.0, 6.0, -6.0, 7.0, -7.0, 8.0, -8.0, 11.0, -11.0, 5.0, 0.0, 0.0, 10.0, -10.0, -5.0, 6.0, -6.0, 0.0]
Q: [0.0, 6.0, 0.0, 7.0, 0.0, 8.0, 0.0, 11.0, 0.0, 5.0, 5.0, 5.0, 15.0, 5.0, 0.0, 6.0, 0.0, 0.0]
B: [0.0, 169.0, 173.05406684701, 195.72351838431, 229.96360391281002, 270.0, 281.922738989, 309.0, 319.4016530417, 437.0, 463.1548069196, 466.84709631779, 480.25716242499, 497.14031337499, 502.48836367393, 538.0, 555.0308623681, 564.73653272104]
