Avion: 5      Iteracion: 4

Num Ruta: 7
Ingresos: 1243.225
Costos: 567.129042273
Utilidad Ruta: 676.095957727
Costo Reducido: 500.483935467
Nodos: [105, 16, 51, 9, 44, 22, 57, 28, 63, 19, 54, 5, 40, 33, 21, 68, 56, 715]
q: [0.0, 9.0, -9.0, 11.0, -11.0, 10.0, -10.0, 6.0, -6.0, 7.0, -7.0, 9.0, -9.0, 0.0, 0.0, 0.0, 0.0, 0.0]
Q: [0.0, 9.0, 0.0, 11.0, 0.0, 10.0, 0.0, 6.0, 0.0, 7.0, 0.0, 9.0, 0.0, 0.0, 0.0, 0.0, 0.0, 0.0]
B: [0.0, 36.0, 45.624091437640004, 75.68094759394, 105.20818459644, 299.0, 320.7546861389, 378.0, 414.0266187839, 426.5624120576, 453.1895283491, 469.0, 470.12168890518, 483.41186760978, 523.00507557528, 533.88455295248, 568.73659177378, 622.06833620428]
