Avion: 6      Iteracion: 2

Num Ruta: 6
Ingresos: 3953.61
Costos: 640.939213846
Utilidad Ruta: 3312.67078615
Costo Reducido: 1630.63751416
Nodos: [106, 17, 52, 9, 44, 10, 45, 1, 36, 23, 58, 26, 61, 22, 57, 8, 33, 6, 41, 43, 13, 48, 68, 4, 27, 62, 2, 39, 37, 716]
q: [0.0, 5.0, -5.0, 11.0, -11.0, 12.0, -12.0, 7.0, -7.0, 10.0, -10.0, 10.0, -10.0, 10.0, -10.0, 8.0, 5.0, 2.0, -2.0, -8.0, 10.0, -10.0, -5.0, 3.0, 6.0, -6.0, 10.0, -3.0, -10.0, 0.0]
Q: [0.0, 5.0, 0.0, 11.0, 0.0, 12.0, 0.0, 7.0, 0.0, 10.0, 0.0, 10.0, 0.0, 10.0, 0.0, 8.0, 13.0, 15.0, 13.0, 5.0, 15.0, 5.0, 0.0, 3.0, 9.0, 3.0, 13.0, 10.0, 0.0, 0.0]
B: [0.0, 24.0, 58.8425537813, 81.72911018459999, 111.25634718709999, 139.7984606337, 169.3179713681, 207.7373125389, 241.9773980674, 267.0, 306.733842905, 326.4202156791, 343.9994436485, 357.6336242986, 379.3883104375, 414.0, 437.0, 463.1548069196, 466.84709631779, 479.71309880498995, 481.92377494589994, 498.80692589589995, 504.15497619483995, 529.0, 546.6147745373, 563.6456369054, 575.0977099928, 584.5521765034, 617.7453872851, 638.1710247537001]
