Avion: 5      Iteracion: 9

Num Ruta: 10
Ingresos: 339.85
Costos: 249.933481633
Utilidad Ruta: 89.9165183667
Costo Reducido: 69.9253759918
Nodos: [105, 19, 54, 715]
q: [0, 7.0, -7.0, 0]
Q: [0, 7.0, 0.0, 0]
B: [0.0, 402.0, 428.6271162915, 464.3088000662]
