Avion: 1      Iteracion: 19

Num Ruta: 19
Ingresos: 1163.659
Costos: 390.576592196
Utilidad Ruta: 773.082407804
Costo Reducido: 97.8976851633
Nodos: [101, 30, 65, 24, 59, 19, 54, 8, 43, 6, 41, 4, 39, 711]
q: [0, 11.0, -11.0, 11.0, -11.0, 7.0, -7.0, 8.0, -8.0, 4.0, -4.0, 3.0, -3.0, 0]
Q: [0, 11.0, 0.0, 11.0, 0.0, 7.0, 0.0, 8.0, 0.0, 4.0, 0.0, 3.0, 0.0, 0]
B: [0.0, 64.0, 82.7140226568, 107.4479935471, 145.9609438496, 402.0, 428.6271162915, 446.5840757223, 467.3524723383, 476.54314396773, 480.23543336591996, 529.0, 549.4257496801999, 566.2347817760999]
