Avion: 5      Iteracion: 12

Num Ruta: 12
Ingresos: 625.47
Costos: 319.625450166
Utilidad Ruta: 305.844549834
Costo Reducido: 132.604116232
Nodos: [105, 32, 67, 26, 61, 28, 63, 715]
q: [0, 11.0, -11.0, 10.0, -10.0, 6.0, -6.0, 0]
Q: [0, 11.0, 0.0, 10.0, 0.0, 6.0, 0.0, 0]
B: [0.0, 309.0, 319.4016530417, 332.1221722921, 349.7014002615, 378.0, 414.0266187839, 451.2632406769]
