Avion: 7      Iteracion: 85

Num Ruta: 56
Ingresos: 1928.51
Costos: 372.950820629
Utilidad Ruta: 1555.55917937
Costo Reducido: 10.2077303066
Nodos: [107, 14, 49, 3, 38, 23, 35, 70, 34, 58, 22, 57, 69, 19, 31, 54, 33, 66, 68, 717]
q: [0.0, 0.0, 0.0, 0.0, 0.0, 7.0, 8.0, -8.0, 8.0, -7.0, 7.0, -7.0, -8.0, 7.0, 8.0, -7.0, 5.0, -8.0, -5.0, 0.0]
Q: [0.0, 0.0, 0.0, 0.0, 0.0, 7.0, 15.0, 7.0, 15.0, 8.0, 15.0, 8.0, 0.0, 7.0, 15.0, 8.0, 13.0, 5.0, 0.0, 0.0]
B: [0.0, 112.0, 124.021711775, 256.0, 261.08428175852, 267.0, 277.4634044651, 289.38614345409997, 322.0, 336.2589470158, 352.0153710073, 373.77005714620003, 384.3603074737, 404.9001237338, 426.3251283079, 443.4311677385, 464.9795615069, 487.3777229493, 518.3295138022, 552.8652621943]
