Avion: 3      Iteracion: 18

Num Ruta: 18
Ingresos: 527.819
Costos: 252.919349376
Utilidad Ruta: 274.899650624
Costo Reducido: 73.3275466835
Nodos: [103, 31, 66, 33, 68, 713]
q: [0, 9.0, -9.0, 5.0, -5.0, 0]
Q: [0, 9.0, 0.0, 5.0, 0.0, 0]
B: [0.0, 406.0, 434.325479078, 456.7236405204, 498.6763055728, 502.37118107815]
