Avion: 4      Iteracion: 34

Num Ruta: 32
Ingresos: 1340.72
Costos: 422.05381403
Utilidad Ruta: 918.66618597
Costo Reducido: 3.23626150214
Nodos: [104, 17, 52, 24, 59, 10, 45, 32, 67, 34, 69, 25, 60, 714]
q: [0, 5.0, -5.0, 11.0, -11.0, 12.0, -12.0, 11.0, -11.0, 8.0, -8.0, 10.0, -10.0, 0]
Q: [0, 5.0, 0.0, 11.0, 0.0, 12.0, 0.0, 11.0, 0.0, 8.0, 0.0, 10.0, 0.0, 0]
B: [0.0, 24.0, 58.8425537813, 75.400837086, 113.9137873885, 125.6997180688, 155.2192288032, 309.0, 319.4016530417, 346.1750898215, 382.6152200353, 411.9340544596, 429.1190367697, 449.8947565647]
