Avion: 5      Iteracion: 18

Num Ruta: 18
Ingresos: 949.301
Costos: 426.891529502
Utilidad Ruta: 522.409470498
Costo Reducido: 104.344485974
Nodos: [105, 9, 44, 31, 66, 8, 43, 33, 68, 715]
q: [0, 11.0, -11.0, 9.0, -9.0, 8.0, -8.0, 5.0, -5.0, 0]
Q: [0, 11.0, 0.0, 9.0, 0.0, 8.0, 0.0, 5.0, 0.0, 0]
B: [0.0, 31.4915482312, 61.0187852337, 406.0, 434.325479078, 443.10832519984, 463.87672181584, 487.15108883194, 529.10375388434, 572.86408032284]
