Avion: 4      Iteracion: 46

Num Ruta: 37
Ingresos: 1047.604
Costos: 264.988440544
Utilidad Ruta: 782.615559456
Costo Reducido: 39.8540246712
Nodos: [104, 17, 52, 9, 44, 19, 54, 13, 48, 714]
q: [0, 5.0, -5.0, 11.0, -11.0, 7.0, -7.0, 15.0, -15.0, 0]
Q: [0, 5.0, 0.0, 11.0, 0.0, 7.0, 0.0, 15.0, 0.0, 0]
B: [0.0, 24.0, 58.8425537813, 81.72911018459999, 111.25634718709999, 402.0, 428.6271162915, 432.85473559792, 449.73788654792, 461.41718725472003]
