Avion: 3      Iteracion: 8

Num Ruta: 9
Ingresos: 783.606
Costos: 198.013130562
Utilidad Ruta: 585.592869438
Costo Reducido: 153.974491878
Nodos: [103, 11, 46, 23, 58, 713]
q: [0, 6.0, -6.0, 10.0, -10.0, 0]
Q: [0, 6.0, 0.0, 10.0, 0.0, 0]
B: [0.0, 169.0, 173.05406684701, 267.0, 306.733842905, 322.178639375]
