Avion: 4      Iteracion: 88

Num Ruta: 51
Ingresos: 2556.378
Costos: 471.130242561
Utilidad Ruta: 2085.24775744
Costo Reducido: 86.8503356736
Nodos: [104, 17, 52, 30, 16, 51, 65, 32, 67, 26, 61, 34, 69, 8, 33, 43, 13, 48, 68, 21, 4, 39, 56, 714]
q: [0.0, 5.0, -5.0, 6.0, 9.0, -9.0, -6.0, 11.0, -11.0, 10.0, -10.0, 8.0, -8.0, 8.0, 5.0, -8.0, 10.0, -10.0, -5.0, 12.0, 3.0, -3.0, -12.0, 0.0]
Q: [0.0, 5.0, 0.0, 6.0, 15.0, 6.0, 0.0, 11.0, 0.0, 10.0, 0.0, 8.0, 0.0, 8.0, 13.0, 5.0, 15.0, 5.0, 0.0, 12.0, 15.0, 12.0, 0.0, 0.0]
B: [0.0, 24.0, 58.8425537813, 64.0, 72.20259129788, 81.82668273552001, 84.69783929691, 309.0, 319.4016530417, 332.1221722921, 349.7014002615, 364.6146463535, 401.0547765673, 414.0, 437.0, 460.2743670161, 462.48504315700995, 479.36819410700997, 484.71624440594996, 495.59572178314994, 529.0, 549.4257496801999, 566.2286940948, 595.1194999853]
