Avion: 3      Iteracion: 75

Num Ruta: 39
Ingresos: 291.315
Costos: 183.492585928
Utilidad Ruta: 107.822414072
Costo Reducido: 1.1160977143
Nodos: [103, 11, 46, 31, 66, 713]
q: [0, 6.0, -6.0, 9.0, -9.0, 0]
Q: [0, 6.0, 0.0, 9.0, 0.0, 0]
B: [0.0, 169.0, 173.05406684701, 406.0, 434.325479078, 464.5879803956]
