Avion: 7      Iteracion: 22

Num Ruta: 22
Ingresos: 133.984
Costos: 223.890433909
Utilidad Ruta: -89.9064339094
Costo Reducido: 27.3782478222
Nodos: [107, 14, 49, 35, 70, 717]
q: [0, 8.0, -8.0, 8.0, -8.0, 0]
Q: [0, 8.0, 0.0, 8.0, 0.0, 0]
B: [0.0, 112.0, 124.021711775, 270.0, 281.922738989, 302.4014039846]
