Avion: 7      Iteracion: 83

Num Ruta: 55
Ingresos: 1978.359
Costos: 251.279915046
Utilidad Ruta: 1727.07908495
Costo Reducido: 20.638780377
Nodos: [107, 14, 49, 3, 38, 23, 58, 22, 57, 19, 54, 13, 48, 31, 66, 717]
q: [0, 8.0, -8.0, 13.0, -13.0, 10.0, -10.0, 10.0, -10.0, 7.0, -7.0, 15.0, -15.0, 9.0, -9.0, 0]
Q: [0, 8.0, 0.0, 13.0, 0.0, 10.0, 0.0, 10.0, 0.0, 7.0, 0.0, 15.0, 0.0, 9.0, 0.0, 0]
B: [0.0, 112.0, 124.021711775, 256.0, 261.08428175852, 267.0, 306.733842905, 322.49026689650003, 344.24495303540004, 402.0, 428.6271162915, 432.85473559792, 449.73788654792, 454.19539998032, 482.52087905832, 486.15560105594]
