Avion: 3      Iteracion: 52

Num Ruta: 33
Ingresos: 1446.395
Costos: 223.49917777
Utilidad Ruta: 1222.89582223
Costo Reducido: 12.4963854579
Nodos: [103, 11, 46, 21, 56, 4, 39, 2, 37, 713]
q: [0, 6.0, -6.0, 12.0, -12.0, 3.0, -3.0, 10.0, -10.0, 0]
Q: [0, 6.0, 0.0, 12.0, 0.0, 3.0, 0.0, 10.0, 0.0, 0]
B: [0.0, 169.0, 173.05406684701, 477.0, 517.7387906792, 546.9085880901999, 567.3343377704, 576.788804281, 617.5237663284, 627.6186674176]
