Avion: 3      Iteracion: 4

Num Ruta: 6
Ingresos: 1532.718
Costos: 469.709734699
Utilidad Ruta: 1063.0082653
Costo Reducido: 647.626110267
Nodos: [103, 9, 44, 1, 11, 46, 36, 22, 57, 28, 63, 29, 64, 713]
q: [0, 11.0, -11.0, 7.0, 6.0, -6.0, -7.0, 10.0, -10.0, 6.0, -6.0, 9.0, -9.0, 0]
Q: [0, 11.0, 0.0, 7.0, 13.0, 7.0, 0.0, 10.0, 0.0, 6.0, 0.0, 9.0, 0.0, 0]
B: [0.0, 37.2069129329, 66.73414993540001, 175.0, 193.6808285951, 197.73489544211, 232.05062478011, 299.0, 320.7546861389, 378.0, 414.0266187839, 549.0, 582.7797797802, 609.1306994036]
