Avion: 1      Iteracion: 64

Num Ruta: 41
Ingresos: 1256.273
Costos: 387.392124734
Utilidad Ruta: 868.880875266
Costo Reducido: 9.56115216839
Nodos: [101, 14, 49, 23, 35, 70, 67, 32, 58, 19, 54, 711]
q: [0.0, 8.0, -8.0, 10.0, 5.0, -5.0, -10.0, 10.0, -10.0, 7.0, -7.0, 0.0]
Q: [0.0, 8.0, 0.0, 10.0, 15.0, 10.0, 0.0, 10.0, 0.0, 7.0, 0.0, 0.0]
B: [0.0, 112.0, 124.021711775, 267.0, 277.4634044651, 289.38614345409997, 319.0, 329.4016530417, 351.8859588793, 402.0, 428.6271162915, 433.37264323799997]
