Avion: 6      Iteracion: 5

Num Ruta: 9
Ingresos: 3665.549
Costos: 619.900946178
Utilidad Ruta: 3045.64805382
Costo Reducido: 1469.92626464
Nodos: [106, 17, 52, 16, 51, 10, 45, 3, 38, 23, 58, 18, 53, 34, 69, 8, 33, 6, 41, 43, 13, 48, 68, 21, 4, 39, 56, 29, 64, 716]
q: [0.0, 5.0, -5.0, 9.0, -9.0, 12.0, -12.0, 13.0, -13.0, 10.0, -10.0, 10.0, -10.0, 8.0, -8.0, 8.0, 5.0, 2.0, -2.0, -8.0, 10.0, -10.0, -5.0, 12.0, 3.0, -3.0, -12.0, 9.0, -9.0, 0.0]
Q: [0.0, 5.0, 0.0, 9.0, 0.0, 12.0, 0.0, 13.0, 0.0, 10.0, 0.0, 10.0, 0.0, 8.0, 0.0, 8.0, 13.0, 15.0, 13.0, 5.0, 15.0, 5.0, 0.0, 12.0, 15.0, 12.0, 0.0, 9.0, 0.0, 0.0]
B: [0.0, 24.0, 58.8425537813, 64.17419311644, 73.79828455408, 96.0, 125.5195107344, 256.0, 261.08428175852, 267.0, 306.733842905, 332.1731543147, 355.9913905634, 379.4621015241, 415.90223173789997, 418.54840671321995, 437.0, 463.1548069196, 466.84709631779, 479.71309880498995, 481.92377494589994, 498.80692589589995, 504.15497619483995, 515.03445357204, 529.98224193684, 550.4079916170399, 567.2109360316399, 605.6642325093399, 639.4440122895398, 659.8412195738398]
