Avion: 6      Iteracion: 80

Num Ruta: 54
Ingresos: 1580.106
Costos: 313.398449591
Utilidad Ruta: 1266.70755041
Costo Reducido: 27.2390967457
Nodos: [106, 9, 44, 18, 57, 22, 53, 28, 31, 63, 19, 66, 54, 5, 40, 716]
q: [0.0, 11.0, -11.0, 10.0, -10.0, 10.0, -10.0, 6.0, 8.0, -6.0, 7.0, -8.0, -7.0, 9.0, -9.0, 0.0]
Q: [0.0, 11.0, 0.0, 10.0, 0.0, 10.0, 0.0, 6.0, 14.0, 8.0, 15.0, 7.0, 0.0, 9.0, 0.0, 0.0]
B: [0.0, 51.9831585901, 81.51039559259999, 293.0, 320.0, 341.7546861389, 357.2375335514, 378.0, 406.0, 426.4968799577, 439.0326732314, 455.1338900798, 477.5520543668, 485.40236760896, 486.52405651414, 493.24741058781]
