Avion: 5      Iteracion: 8

Num Ruta: 9
Ingresos: 1322.053
Costos: 370.33447272
Utilidad Ruta: 951.71852728
Costo Reducido: 236.376090052
Nodos: [105, 14, 49, 23, 58, 34, 69, 31, 66, 715]
q: [0, 8.0, -8.0, 10.0, -10.0, 8.0, -8.0, 9.0, -9.0, 0]
Q: [0, 8.0, 0.0, 10.0, 0.0, 8.0, 0.0, 9.0, 0.0, 0]
B: [0.0, 112.0, 124.021711775, 267.0, 306.733842905, 322.0, 358.4401302138, 406.0, 434.325479078, 448.0782228406]
