Avion: 6      Iteracion: 24

Num Ruta: 25
Ingresos: 1123.981
Costos: 250.511062558
Utilidad Ruta: 873.469937442
Costo Reducido: 82.5636724651
Nodos: [106, 17, 52, 24, 9, 44, 59, 1, 36, 35, 70, 5, 40, 716]
q: [0.0, 5.0, -5.0, 11.0, 4.0, -4.0, -11.0, 7.0, -7.0, 8.0, -8.0, 9.0, -9.0, 0.0]
Q: [0.0, 5.0, 0.0, 11.0, 15.0, 11.0, 0.0, 7.0, 0.0, 8.0, 0.0, 9.0, 0.0, 0.0]
B: [0.0, 24.0, 58.8425537813, 75.400837086, 81.83771412381999, 111.36495112632, 136.42051454042, 175.0, 209.2400855285, 270.0, 281.922738989, 469.0, 470.12168890518, 476.84504297885]
