Avion: 5      Iteracion: 75

Num Ruta: 50
Ingresos: 730.373
Costos: 239.654827407
Utilidad Ruta: 490.718172593
Costo Reducido: 48.0559907425
Nodos: [105, 18, 53, 28, 63, 31, 66, 715]
q: [0, 10.0, -10.0, 6.0, -6.0, 9.0, -9.0, 0]
Q: [0, 10.0, 0.0, 6.0, 0.0, 9.0, 0.0, 0]
B: [0.0, 293.0, 316.8182362487, 378.0, 414.0266187839, 434.5234987416, 462.8489778196, 476.6017215822]
