Avion: 5      Iteracion: 59

Num Ruta: 43
Ingresos: 661.931
Costos: 300.318829275
Utilidad Ruta: 361.612170725
Costo Reducido: 14.3966872793
Nodos: [105, 24, 59, 1, 36, 3, 38, 715]
q: [0, 11.0, -11.0, 7.0, -7.0, 13.0, -13.0, 0]
Q: [0, 11.0, 0.0, 7.0, 0.0, 13.0, 0.0, 0]
B: [0.0, 61.0, 99.5129503025, 175.0, 209.2400855285, 256.0, 261.08428175852, 267.48784842094]
