Avion: 6      Iteracion: 18

Num Ruta: 19
Ingresos: 1113.623
Costos: 302.298747918
Utilidad Ruta: 811.324252082
Costo Reducido: 163.269207756
Nodos: [106, 17, 52, 9, 44, 31, 66, 33, 68, 5, 40, 716]
q: [0, 5.0, -5.0, 11.0, -11.0, 9.0, -9.0, 5.0, -5.0, 9.0, -9.0, 0]
Q: [0, 5.0, 0.0, 11.0, 0.0, 9.0, 0.0, 5.0, 0.0, 9.0, 0.0, 0]
B: [0.0, 24.0, 58.8425537813, 81.72911018459999, 111.25634718709999, 406.0, 434.325479078, 456.7236405204, 498.6763055728, 527.6477231598, 528.76941206498, 535.4927661386499]
