Avion: 5      Iteracion: 20

Num Ruta: 20
Ingresos: 443.542
Costos: 303.681984536
Utilidad Ruta: 139.860015464
Costo Reducido: 64.2562390344
Nodos: [105, 30, 65, 33, 68, 715]
q: [0, 11.0, -11.0, 5.0, -5.0, 0]
Q: [0, 11.0, 0.0, 5.0, 0.0, 0]
B: [0.0, 64.0, 82.7140226568, 437.0, 478.9526650524, 522.7129914909]
