Avion: 6      Iteracion: 49

Num Ruta: 41
Ingresos: 334.716
Costos: 151.077226969
Utilidad Ruta: 183.638773031
Costo Reducido: 14.9979687292
Nodos: [106, 32, 67, 26, 61, 5, 40, 716]
q: [0, 11.0, -11.0, 10.0, -10.0, 9.0, -9.0, 0]
Q: [0, 11.0, 0.0, 10.0, 0.0, 9.0, 0.0, 0]
B: [0.0, 309.0, 319.4016530417, 332.1221722921, 349.7014002615, 469.0, 470.12168890518, 476.84504297885]
