Avion: 1      Iteracion: 80

Num Ruta: 48
Ingresos: 982.786
Costos: 419.372579289
Utilidad Ruta: 563.413420711
Costo Reducido: 8.59565687886
Nodos: [101, 30, 65, 24, 59, 32, 67, 34, 69, 33, 68, 711]
q: [0, 11.0, -11.0, 11.0, -11.0, 11.0, -11.0, 8.0, -8.0, 5.0, -5.0, 0]
Q: [0, 11.0, 0.0, 11.0, 0.0, 11.0, 0.0, 8.0, 0.0, 5.0, 0.0, 0]
B: [0.0, 64.0, 82.7140226568, 107.4479935471, 145.9609438496, 309.0, 319.4016530417, 346.1750898215, 382.6152200353, 437.0, 478.9526650524, 496.1448322514]
