Avion: 4      Iteracion: 19

Num Ruta: 19
Ingresos: 1929.818
Costos: 517.740598393
Utilidad Ruta: 1412.07740161
Costo Reducido: 225.813085666
Nodos: [104, 17, 52, 24, 59, 10, 45, 32, 67, 19, 54, 8, 43, 4, 39, 29, 64, 714]
q: [0, 5.0, -5.0, 11.0, -11.0, 12.0, -12.0, 11.0, -11.0, 7.0, -7.0, 8.0, -8.0, 3.0, -3.0, 9.0, -9.0, 0]
Q: [0, 5.0, 0.0, 11.0, 0.0, 12.0, 0.0, 11.0, 0.0, 7.0, 0.0, 8.0, 0.0, 3.0, 0.0, 9.0, 0.0, 0]
B: [0.0, 24.0, 58.8425537813, 75.400837086, 113.9137873885, 125.6997180688, 155.2192288032, 309.0, 319.4016530417, 402.0, 428.6271162915, 446.5840757223, 467.3524723383, 529.0, 549.4257496801999, 587.2435953221999, 621.0233751023999, 647.7938051511999]
