Avion: 3      Iteracion: 28

Num Ruta: 24
Ingresos: 954.698
Costos: 323.292992562
Utilidad Ruta: 631.405007438
Costo Reducido: 12.3458843189
Nodos: [103, 30, 16, 51, 65, 26, 61, 31, 66, 33, 68, 713]
q: [0.0, 6.0, 9.0, -9.0, -6.0, 10.0, -10.0, 9.0, -9.0, 5.0, -5.0, 0.0]
Q: [0.0, 6.0, 15.0, 6.0, 0.0, 10.0, 0.0, 9.0, 0.0, 5.0, 0.0, 0.0]
B: [0.0, 64.0, 72.20259129788, 81.82668273552001, 84.69783929691, 300.0, 317.5792279694, 406.0, 434.325479078, 456.7236405204, 498.6763055728, 502.37118107815]
