Avion: 1      Iteracion: 68

Num Ruta: 42
Ingresos: 1166.14
Costos: 350.945622793
Utilidad Ruta: 815.194377207
Costo Reducido: 14.1446177187
Nodos: [101, 30, 65, 24, 59, 1, 36, 33, 68, 4, 39, 711]
q: [0, 11.0, -11.0, 11.0, -11.0, 7.0, -7.0, 5.0, -5.0, 3.0, -3.0, 0]
Q: [0, 11.0, 0.0, 11.0, 0.0, 7.0, 0.0, 5.0, 0.0, 3.0, 0.0, 0]
B: [0.0, 64.0, 82.7140226568, 107.4479935471, 145.9609438496, 175.0, 209.2400855285, 437.0, 478.9526650524, 529.0, 549.4257496801999, 566.2347817760999]
