Avion: 5      Iteracion: 74

Num Ruta: 49
Ingresos: 1204.783
Costos: 338.856364154
Utilidad Ruta: 865.926635846
Costo Reducido: 70.69288214
Nodos: [105, 18, 53, 28, 63, 25, 60, 31, 66, 33, 68, 715]
q: [0, 10.0, -10.0, 6.0, -6.0, 10.0, -10.0, 9.0, -9.0, 5.0, -5.0, 0]
Q: [0, 10.0, 0.0, 6.0, 0.0, 10.0, 0.0, 9.0, 0.0, 5.0, 0.0, 0]
B: [0.0, 293.0, 316.8182362487, 378.0, 414.0266187839, 417.35999740026, 434.54497971036, 439.36662631707, 467.69210539507, 490.09026683747, 532.04293188987, 575.80325832837]
