Avion: 5      Iteracion: 37

Num Ruta: 34
Ingresos: 782.387
Costos: 375.681566495
Utilidad Ruta: 406.705433505
Costo Reducido: 4.47169494937
Nodos: [105, 1, 11, 46, 36, 3, 38, 35, 70, 34, 69, 715]
q: [0, 7.0, 6.0, -6.0, -7.0, 13.0, -13.0, 8.0, -8.0, 8.0, -8.0, 0]
Q: [0, 7.0, 13.0, 7.0, 0.0, 13.0, 0.0, 8.0, 0.0, 8.0, 0.0, 0]
B: [0.0, 175.0, 193.6808285951, 197.73489544211, 232.05062478011, 256.0, 261.08428175852, 274.08526633661995, 286.00800532561993, 322.0, 358.4401302138, 376.9745084607]
