Avion: 4      Iteracion: 91

Num Ruta: 53
Ingresos: 2439.472
Costos: 511.465126592
Utilidad Ruta: 1928.00687341
Costo Reducido: 50.8277243196
Nodos: [104, 17, 52, 16, 51, 24, 59, 34, 22, 69, 57, 19, 8, 33, 54, 43, 13, 48, 68, 29, 4, 39, 64, 714]
q: [0.0, 5.0, -5.0, 9.0, -9.0, 11.0, -11.0, 8.0, 7.0, -8.0, -7.0, 7.0, 3.0, 5.0, -7.0, -3.0, 10.0, -10.0, -5.0, 9.0, 3.0, -3.0, -9.0, 0.0]
Q: [0.0, 5.0, 0.0, 9.0, 0.0, 11.0, 0.0, 8.0, 15.0, 7.0, 0.0, 7.0, 10.0, 15.0, 8.0, 5.0, 15.0, 5.0, 0.0, 9.0, 12.0, 9.0, 0.0, 0.0]
B: [0.0, 24.0, 58.8425537813, 64.17419311644, 73.79828455408, 99.02448363357999, 137.53743393608, 322.0, 350.0636833826, 364.6328500369, 375.22310036439995, 402.0, 425.1608815463, 438.92553635490003, 460.4739301233, 463.40204931486, 465.61272545577, 482.49587640577, 487.84392670471, 549.0, 569.7100026316, 590.1357523117999, 602.3548233485, 629.1252533973]
