Avion: 2      Iteracion: 4

Num Ruta: 6
Ingresos: 3219.981
Costos: 783.469972838
Utilidad Ruta: 2436.51102716
Costo Reducido: 1929.74090833
Nodos: [102, 16, 51, 9, 44, 14, 49, 11, 46, 1, 36, 35, 70, 26, 34, 61, 22, 57, 69, 19, 8, 54, 43, 31, 66, 4, 27, 62, 39, 2, 37, 712]
q: [0.0, 9.0, -9.0, 11.0, -11.0, 8.0, -8.0, 6.0, -6.0, 7.0, -7.0, 8.0, -8.0, 10.0, 5.0, -10.0, 10.0, -10.0, -5.0, 7.0, 8.0, -7.0, -8.0, 9.0, -9.0, 3.0, 6.0, -6.0, -3.0, 10.0, -10.0, 0.0]
Q: [0.0, 9.0, 0.0, 11.0, 0.0, 8.0, 0.0, 6.0, 0.0, 7.0, 0.0, 8.0, 0.0, 10.0, 15.0, 5.0, 15.0, 5.0, 0.0, 7.0, 15.0, 8.0, 0.0, 9.0, 0.0, 3.0, 9.0, 3.0, 0.0, 10.0, 0.0, 0.0]
B: [0.0, 36.0, 45.624091437640004, 75.68094759394, 105.20818459644, 115.46499131194001, 127.48670308694001, 169.0, 173.05406684701, 195.72351838431, 229.96360391281002, 270.0, 281.922738989, 300.0, 322.0, 336.913246092, 350.5474267421, 372.302112881, 382.8923632085, 403.4321794686, 426.5930610149, 444.5500204457, 447.47813963725997, 464.59076097355995, 492.91624005155995, 529.0, 546.6147745373, 563.6456369054, 569.06089544032, 578.51536195092, 619.25032399832, 623.36607046767]
