Avion: 3      Iteracion: 26

Num Ruta: 22
Ingresos: 466.633
Costos: 264.935709234
Utilidad Ruta: 201.697290766
Costo Reducido: 38.0493753908
Nodos: [103, 30, 16, 51, 65, 14, 49, 11, 46, 25, 60, 713]
q: [0.0, 6.0, 9.0, -9.0, -6.0, 8.0, -8.0, 6.0, -6.0, 10.0, -10.0, 0.0]
Q: [0.0, 6.0, 15.0, 6.0, 0.0, 8.0, 0.0, 6.0, 0.0, 10.0, 0.0, 0.0]
B: [0.0, 64.0, 72.20259129788, 81.82668273552001, 84.69783929691, 112.49377995381, 124.51549172881, 169.0, 173.05406684701, 410.0, 427.1849823101, 433.64115555747]
