Avion: 4      Iteracion: 73

Num Ruta: 46
Ingresos: 1345.287
Costos: 312.936437199
Utilidad Ruta: 1032.3505628
Costo Reducido: 26.3402906079
Nodos: [104, 17, 52, 22, 57, 33, 68, 29, 64, 714]
q: [0, 5.0, -5.0, 10.0, -10.0, 5.0, -5.0, 9.0, -9.0, 0]
Q: [0, 5.0, 0.0, 10.0, 0.0, 5.0, 0.0, 9.0, 0.0, 0]
B: [0.0, 24.0, 58.8425537813, 299.0, 320.7546861389, 437.0, 478.9526650524, 549.0, 582.7797797802, 609.550209829]
