Avion: 5      Iteracion: 14

Num Ruta: 14
Ingresos: 1419.763
Costos: 434.610563809
Utilidad Ruta: 985.152436191
Costo Reducido: 182.918151425
Nodos: [105, 17, 52, 24, 59, 18, 53, 28, 63, 29, 64, 715]
q: [0, 5.0, -5.0, 11.0, -11.0, 10.0, -10.0, 6.0, -6.0, 9.0, -9.0, 0]
Q: [0, 5.0, 0.0, 11.0, 0.0, 10.0, 0.0, 6.0, 0.0, 9.0, 0.0, 0]
B: [0.0, 35.8094227823, 70.65197656359999, 87.21025986829999, 125.72321017079999, 293.0, 316.8182362487, 378.0, 414.0266187839, 549.0, 582.7797797802, 630.090723715]
