Avion: 6      Iteracion: 12

Num Ruta: 14
Ingresos: 1293.308
Costos: 380.30642182
Utilidad Ruta: 913.00157818
Costo Reducido: 277.960552923
Nodos: [106, 32, 67, 26, 61, 28, 63, 31, 66, 33, 68, 4, 39, 716]
q: [0, 11.0, -11.0, 10.0, -10.0, 6.0, -6.0, 9.0, -9.0, 5.0, -5.0, 3.0, -3.0, 0]
Q: [0, 11.0, 0.0, 10.0, 0.0, 6.0, 0.0, 9.0, 0.0, 5.0, 0.0, 3.0, 0.0, 0]
B: [0.0, 309.0, 319.4016530417, 332.1221722921, 349.7014002615, 378.0, 414.0266187839, 434.5234987416, 462.8489778196, 485.247139262, 527.1998043144, 544.5173383479, 564.9430880281, 579.6202028672]
