Avion: 4      Iteracion: 92

Num Ruta: 54
Ingresos: 1195.263
Costos: 244.886874082
Utilidad Ruta: 950.376125918
Costo Reducido: 6.77946141541
Nodos: [104, 17, 52, 9, 44, 25, 60, 29, 27, 62, 64, 714]
q: [0, 5.0, -5.0, 11.0, -11.0, 10.0, -10.0, 9.0, 6.0, -6.0, -9.0, 0]
Q: [0, 5.0, 0.0, 11.0, 0.0, 10.0, 0.0, 9.0, 15.0, 9.0, 0.0, 0]
B: [0.0, 24.0, 58.8425537813, 81.72911018459999, 111.25634718709999, 410.0, 427.1849823101, 549.0, 574.6018082369, 591.6326706049999, 607.0800481818, 633.8504782306]
