Avion: 7      Iteracion: 75

Num Ruta: 49
Ingresos: 1913.737
Costos: 341.508456515
Utilidad Ruta: 1572.22854348
Costo Reducido: 17.8939770761
Nodos: [107, 14, 49, 3, 38, 23, 35, 70, 58, 22, 57, 19, 31, 54, 33, 66, 68, 717]
q: [0.0, 8.0, -8.0, 13.0, -13.0, 7.0, 8.0, -8.0, -7.0, 10.0, -10.0, 6.0, 9.0, -6.0, 5.0, -9.0, -5.0, 0.0]
Q: [0.0, 8.0, 0.0, 13.0, 0.0, 7.0, 15.0, 7.0, 0.0, 10.0, 0.0, 6.0, 15.0, 9.0, 14.0, 5.0, 0.0, 0.0]
B: [0.0, 112.0, 124.021711775, 256.0, 261.08428175852, 267.0, 277.4634044651, 289.38614345409997, 313.15284696969997, 328.9092709612, 350.6639571001, 402.0, 423.4250045741, 440.5310440047, 462.0794377731, 484.4775992155, 515.4293900684, 549.9651384605]
