Avion: 7      Iteracion: 12

Num Ruta: 13
Ingresos: 588.639
Costos: 318.331601392
Utilidad Ruta: 270.307398608
Costo Reducido: 117.108493137
Nodos: [107, 11, 46, 28, 63, 31, 66, 717]
q: [0, 6.0, -6.0, 6.0, -6.0, 9.0, -9.0, 0]
Q: [0, 6.0, 0.0, 6.0, 0.0, 9.0, 0.0, 0]
B: [0.0, 169.0, 173.05406684701, 378.0, 414.0266187839, 434.5234987416, 462.8489778196, 466.48369981722]
