Avion: 4      Iteracion: 107

Num Ruta: 58
Ingresos: 2426.712
Costos: 478.454400875
Utilidad Ruta: 1948.25759913
Costo Reducido: 33.5398708176
Nodos: [104, 17, 52, 35, 70, 32, 67, 34, 69, 8, 33, 43, 68, 21, 4, 39, 56, 29, 64, 714]
q: [0, 5.0, -5.0, 8.0, -8.0, 11.0, -11.0, 8.0, -8.0, 8.0, 5.0, -8.0, -5.0, 12.0, 3.0, -3.0, -12.0, 9.0, -9.0, 0]
Q: [0, 5.0, 0.0, 8.0, 0.0, 11.0, 0.0, 8.0, 0.0, 8.0, 13.0, 5.0, 0.0, 12.0, 15.0, 12.0, 0.0, 9.0, 0.0, 0]
B: [0.0, 24.0, 58.8425537813, 270.0, 281.922738989, 309.0, 319.4016530417, 346.1750898215, 382.6152200353, 414.0, 437.0, 460.2743670161, 482.23124805599997, 493.11072543319995, 529.0, 549.4257496801999, 566.2286940948, 604.6819905724999, 638.4617703526999, 665.2322004014999]
