Avion: 2      Iteracion: 90

Num Ruta: 80
Ingresos: 3061.68
Costos: 590.394218655
Utilidad Ruta: 2471.28578135
Costo Reducido: 40.7161523027
Nodos: [102, 16, 51, 24, 59, 14, 49, 23, 35, 70, 26, 61, 58, 34, 69, 19, 8, 33, 54, 43, 13, 48, 68, 20, 4, 39, 55, 2, 37, 712]
q: [0.0, 9.0, -9.0, 11.0, -11.0, 8.0, -8.0, 10.0, 5.0, -5.0, 5.0, -5.0, -10.0, 8.0, -8.0, 7.0, 3.0, 5.0, -7.0, -3.0, 10.0, -10.0, -5.0, 0.0, 3.0, -3.0, 0.0, 10.0, -10.0, 0.0]
Q: [0.0, 9.0, 0.0, 11.0, 0.0, 8.0, 0.0, 10.0, 15.0, 10.0, 15.0, 10.0, 0.0, 8.0, 0.0, 7.0, 10.0, 15.0, 8.0, 5.0, 15.0, 5.0, 0.0, 0.0, 3.0, 0.0, 0.0, 10.0, 0.0, 0.0]
B: [0.0, 36.0, 45.624091437640004, 70.85029051714, 109.36324081964, 138.00961011834, 150.03132189334, 267.0, 277.4634044651, 289.38614345409997, 303.7370056233, 321.3162335927, 324.38330597528, 338.64225299108, 375.08238320488, 402.0, 425.1608815463, 438.92553635490003, 460.4739301233, 463.40204931486, 465.61272545577, 482.49587640577, 487.84392670471, 498.43470915931, 529.0, 549.4257496801999, 561.2869729308, 568.6172701962599, 609.35223224366, 613.46797871301]
