Avion: 2      Iteracion: 17

Num Ruta: 16
Ingresos: 2018.657
Costos: 544.463877499
Utilidad Ruta: 1474.1931225
Costo Reducido: 208.006776676
Nodos: [102, 16, 51, 10, 45, 26, 61, 34, 32, 67, 69, 31, 19, 66, 54, 6, 41, 2, 37, 712]
q: [0.0, 9.0, -9.0, 12.0, -12.0, 10.0, -10.0, 8.0, 7.0, -7.0, -8.0, 8.0, 7.0, -8.0, -7.0, 4.0, -4.0, 10.0, -10.0, 0.0]
Q: [0.0, 9.0, 0.0, 12.0, 0.0, 10.0, 0.0, 8.0, 15.0, 8.0, 0.0, 8.0, 15.0, 7.0, 0.0, 4.0, 0.0, 10.0, 0.0, 0.0]
B: [0.0, 36.0, 45.624091437640004, 96.0, 125.5195107344, 300.0, 317.5792279694, 332.4924740614, 352.5153919557, 362.9170449974, 393.95932985210004, 421.08007396060003, 442.50507853470003, 458.6062953831, 481.02445967010004, 492.8154786676, 496.50776806579, 522.0, 562.7349620474, 566.85070851675]
