Avion: 6      Iteracion: 77

Num Ruta: 53
Ingresos: 433.259
Costos: 177.897782078
Utilidad Ruta: 255.361217922
Costo Reducido: 31.7793739804
Nodos: [106, 30, 16, 51, 65, 24, 59, 6, 41, 5, 40, 716]
q: [0.0, 6.0, 9.0, -9.0, -6.0, 11.0, -11.0, 4.0, -4.0, 9.0, -9.0, 0.0]
Q: [0.0, 6.0, 15.0, 6.0, 0.0, 11.0, 0.0, 4.0, 0.0, 9.0, 0.0, 0.0]
B: [0.0, 64.0, 72.20259129788, 81.82668273552001, 84.69783929691, 109.43181018721, 147.94476048971, 436.0, 439.69228939819, 469.0, 470.12168890518, 476.84504297885]
