Avion: 7      Iteracion: 56

Num Ruta: 35
Ingresos: 2689.148
Costos: 609.226509322
Utilidad Ruta: 2079.92149068
Costo Reducido: 176.098454837
Nodos: [107, 9, 44, 24, 59, 10, 45, 1, 36, 3, 38, 23, 35, 70, 26, 34, 61, 58, 22, 57, 69, 31, 19, 66, 8, 54, 43, 717]
q: [0.0, 11.0, -11.0, 11.0, -11.0, 12.0, -12.0, 7.0, -7.0, 13.0, -13.0, 0.0, 8.0, -8.0, 10.0, 5.0, -10.0, 0.0, 10.0, -10.0, -5.0, 8.0, 7.0, -8.0, 8.0, -7.0, -8.0, 0.0]
Q: [0.0, 11.0, 0.0, 11.0, 0.0, 12.0, 0.0, 7.0, 0.0, 13.0, 0.0, 0.0, 8.0, 0.0, 10.0, 15.0, 5.0, 5.0, 15.0, 5.0, 0.0, 8.0, 15.0, 7.0, 15.0, 8.0, 0.0, 0.0]
B: [0.0, 46.0648734938, 75.5921104963, 99.7323603914, 138.2453106939, 150.0312413742, 179.5507521086, 217.9700932794, 252.2101788079, 259.3067307171, 264.39101247561996, 267.75349979901995, 278.21690426411993, 290.1396432531199, 304.4905054223199, 322.0, 336.913246092, 339.98031847458003, 355.73674246608005, 377.49142860498006, 388.08167893248003, 415.20242304098, 436.62742761508, 452.72864446348, 461.51149058532, 479.46845001612, 482.39656920768, 510.80877686568]
