Avion: 1      Iteracion: 106

Num Ruta: 56
Ingresos: 1625.162
Costos: 382.610396036
Utilidad Ruta: 1242.55160396
Costo Reducido: 24.2772444444
Nodos: [101, 30, 65, 24, 59, 1, 36, 18, 53, 31, 66, 19, 54, 27, 62, 711]
q: [0, 11.0, -11.0, 11.0, -11.0, 7.0, -7.0, 10.0, -10.0, 9.0, -9.0, 7.0, -7.0, 6.0, -6.0, 0]
Q: [0, 11.0, 0.0, 11.0, 0.0, 7.0, 0.0, 10.0, 0.0, 9.0, 0.0, 7.0, 0.0, 6.0, 0.0, 0]
B: [0.0, 64.0, 82.7140226568, 107.4479935471, 145.9609438496, 175.0, 209.2400855285, 293.0, 316.8182362487, 406.0, 434.325479078, 450.4266959264, 477.0538122179, 538.0, 555.0308623681, 569.1482535223]
