Avion: 5      Iteracion: 2

Num Ruta: 6
Ingresos: 2803.025
Costos: 613.700900225
Utilidad Ruta: 2189.32409977
Costo Reducido: 1887.41858638
Nodos: [105, 9, 44, 30, 16, 65, 51, 10, 45, 1, 36, 23, 35, 70, 26, 58, 61, 18, 53, 28, 31, 63, 66, 8, 5, 40, 43, 715]
q: [0.0, 11.0, -11.0, 11.0, 0.0, -11.0, 0.0, 12.0, -12.0, 7.0, -7.0, 10.0, 5.0, -5.0, 5.0, -10.0, -5.0, 10.0, -10.0, 6.0, 9.0, -6.0, -9.0, 8.0, 7.0, -7.0, -8.0, 0.0]
Q: [0.0, 11.0, 0.0, 11.0, 11.0, 0.0, 0.0, 12.0, 0.0, 7.0, 0.0, 10.0, 15.0, 10.0, 15.0, 5.0, 0.0, 10.0, 0.0, 6.0, 15.0, 9.0, 0.0, 8.0, 15.0, 8.0, 0.0, 0.0]
B: [0.0, 31.4915482312, 61.0187852337, 76.8066855691, 85.00927686698, 95.82594862868001, 98.69710519007, 114.52638240037001, 144.04589313477, 182.46523430557002, 216.70531983407002, 267.0, 277.4634044651, 289.38614345409997, 303.7370056233, 323.4233783974, 326.49045077998, 349.76912153238, 373.58735778107996, 382.72086055931, 406.0, 426.4968799577, 454.9113116606, 463.69415778244, 476.62252697584, 477.74421588102, 488.22219288042004, 526.82797681232]
