Avion: 4      Iteracion: 31

Num Ruta: 29
Ingresos: 833.82
Costos: 333.870816968
Utilidad Ruta: 499.949183032
Costo Reducido: 35.5975923567
Nodos: [104, 35, 70, 26, 61, 28, 63, 25, 60, 714]
q: [0, 8.0, -8.0, 10.0, -10.0, 6.0, -6.0, 10.0, -10.0, 0]
Q: [0, 8.0, 0.0, 10.0, 0.0, 6.0, 0.0, 10.0, 0.0, 0]
B: [0.0, 270.0, 281.922738989, 300.0, 317.5792279694, 378.0, 414.0266187839, 417.35999740026, 434.54497971036, 455.32069950536]
