Avion: 6      Iteracion: 43

Num Ruta: 38
Ingresos: 254.226
Costos: 131.749417259
Utilidad Ruta: 122.476582741
Costo Reducido: 17.5506164798
Nodos: [106, 34, 69, 5, 40, 716]
q: [0, 8.0, -8.0, 9.0, -9.0, 0]
Q: [0, 8.0, 0.0, 9.0, 0.0, 0]
B: [0.0, 322.0, 358.4401302138, 469.0, 470.12168890518, 476.84504297885]
