Avion: 4      Iteracion: 11

Num Ruta: 13
Ingresos: 998.69
Costos: 299.311222214
Utilidad Ruta: 699.378777786
Costo Reducido: 76.2541638387
Nodos: [104, 17, 52, 3, 38, 8, 33, 43, 68, 714]
q: [0, 5.0, -5.0, 13.0, -13.0, 8.0, 5.0, -8.0, -5.0, 0]
Q: [0, 5.0, 0.0, 13.0, 0.0, 8.0, 13.0, 5.0, 0.0, 0]
B: [0.0, 24.0, 58.8425537813, 256.0, 261.08428175852, 414.0, 437.0, 460.2743670161, 482.23124805599997, 498.40566504699996]
