Avion: 2      Iteracion: 41

Num Ruta: 40
Ingresos: 3044.821
Costos: 743.583459228
Utilidad Ruta: 2301.23754077
Costo Reducido: 51.8819797868
Nodos: [102, 16, 51, 30, 65, 24, 59, 1, 36, 3, 38, 23, 18, 53, 58, 34, 32, 67, 69, 8, 33, 43, 13, 48, 68, 21, 56, 27, 62, 2, 37, 712]
q: [0.0, 0.0, 0.0, 11.0, -11.0, 11.0, -11.0, 7.0, -7.0, 13.0, -13.0, 5.0, 10.0, -10.0, -5.0, 8.0, 7.0, -7.0, -8.0, 8.0, 5.0, -8.0, 10.0, -10.0, -5.0, 12.0, -12.0, 6.0, -6.0, 0.0, 0.0, 0.0]
Q: [0.0, 0.0, 0.0, 11.0, 0.0, 11.0, 0.0, 7.0, 0.0, 13.0, 0.0, 5.0, 15.0, 5.0, 0.0, 8.0, 15.0, 8.0, 0.0, 8.0, 13.0, 5.0, 15.0, 5.0, 0.0, 12.0, 0.0, 6.0, 0.0, 0.0, 0.0, 0.0]
B: [0.0, 36.0, 45.624091437640004, 64.0, 82.7140226568, 107.4479935471, 145.9609438496, 175.0, 209.2400855285, 256.0, 261.08428175852, 267.0, 293.0, 316.8182362487, 326.74376782137, 341.00271483717, 361.02563273147, 371.42728577317, 402.46957062787, 414.0, 437.0, 460.2743670161, 462.48504315700995, 479.36819410700997, 484.71624440594996, 495.59572178314994, 536.33451246235, 549.51196065995, 566.54282302805, 577.9948961154499, 618.72985816285, 622.8456046322]
