Avion: 1      Iteracion: 40

Num Ruta: 29
Ingresos: 1018.891
Costos: 416.698082912
Utilidad Ruta: 602.192917088
Costo Reducido: 28.4026681635
Nodos: [101, 1, 36, 3, 38, 35, 70, 34, 69, 33, 68, 711]
q: [0, 7.0, -7.0, 13.0, -13.0, 8.0, -8.0, 8.0, -8.0, 5.0, -5.0, 0]
Q: [0, 7.0, 0.0, 13.0, 0.0, 8.0, 0.0, 8.0, 0.0, 5.0, 0.0, 0]
B: [0.0, 175.0, 209.2400855285, 256.0, 261.08428175852, 274.08526633661995, 286.00800532561993, 322.0, 358.4401302138, 437.0, 478.9526650524, 496.1448322514]
