Avion: 1      Iteracion: 9

Num Ruta: 13
Ingresos: 1697.622
Costos: 508.45541499
Utilidad Ruta: 1189.16658501
Costo Reducido: 301.197292899
Nodos: [101, 30, 65, 10, 45, 1, 36, 35, 70, 32, 67, 34, 69, 31, 66, 19, 54, 711]
q: [0, 11.0, -11.0, 12.0, -12.0, 7.0, -7.0, 8.0, -8.0, 11.0, -11.0, 8.0, -8.0, 9.0, -9.0, 7.0, -7.0, 0]
Q: [0, 11.0, 0.0, 12.0, 0.0, 7.0, 0.0, 8.0, 0.0, 11.0, 0.0, 8.0, 0.0, 9.0, 0.0, 7.0, 0.0, 0]
B: [0.0, 64.0, 82.7140226568, 101.4070729429, 130.92658367730002, 175.0, 209.2400855285, 270.0, 281.922738989, 309.0, 319.4016530417, 346.1750898215, 382.6152200353, 409.7359641438, 438.0614432218, 454.1626600702, 480.7897763617, 485.53530330819996]
