Avion: 3      Iteracion: 82

Num Ruta: 41
Ingresos: 736.645
Costos: 250.423282597
Utilidad Ruta: 486.221717403
Costo Reducido: 55.4720288379
Nodos: [103, 11, 46, 18, 53, 31, 66, 33, 68, 713]
q: [0, 6.0, -6.0, 10.0, -10.0, 9.0, -9.0, 5.0, -5.0, 0]
Q: [0, 6.0, 0.0, 10.0, 0.0, 9.0, 0.0, 5.0, 0.0, 0]
B: [0.0, 169.0, 173.05406684701, 293.0, 316.8182362487, 406.0, 434.325479078, 456.7236405204, 498.6763055728, 502.37118107815]
