Avion: 2      Iteracion: 96

Num Ruta: 84
Ingresos: 3183.551
Costos: 620.550644063
Utilidad Ruta: 2563.00035594
Costo Reducido: 16.6594504613
Nodos: [102, 16, 51, 24, 59, 10, 45, 1, 36, 23, 35, 70, 32, 67, 26, 34, 58, 61, 69, 8, 19, 54, 43, 13, 48, 20, 4, 39, 55, 2, 37, 712]
q: [0.0, 9.0, -9.0, 11.0, -11.0, 12.0, -12.0, 7.0, -7.0, 7.0, 8.0, -8.0, 8.0, -8.0, 0.0, 8.0, -7.0, 0.0, -8.0, 8.0, 7.0, -7.0, -8.0, 15.0, -15.0, 0.0, 3.0, -3.0, 0.0, 10.0, -10.0, 0.0]
Q: [0.0, 9.0, 0.0, 11.0, 0.0, 12.0, 0.0, 7.0, 0.0, 7.0, 15.0, 7.0, 15.0, 7.0, 7.0, 15.0, 8.0, 8.0, 0.0, 8.0, 15.0, 8.0, 0.0, 15.0, 0.0, 0.0, 3.0, 0.0, 0.0, 10.0, 0.0, 0.0]
B: [0.0, 36.0, 45.624091437640004, 70.85029051714, 109.36324081964, 121.14917149994, 150.66868223434, 189.08802340514, 223.32810893364, 267.0, 277.4634044651, 289.38614345409997, 309.0, 319.4016530417, 332.1221722921, 348.0493993263, 362.3083463421, 365.37541872468, 390.36217267548, 414.0, 437.1608815463, 463.7879978378, 466.71611702935996, 468.92679317026995, 485.80994412026996, 499.74052935566993, 529.0, 549.4257496801999, 561.2869729308, 568.6172701962599, 609.35223224366, 613.46797871301]
