Avion: 6      Iteracion: 81

Num Ruta: 55
Ingresos: 1808.108
Costos: 335.622073072
Utilidad Ruta: 1472.48592693
Costo Reducido: 22.0920135009
Nodos: [106, 30, 65, 10, 45, 26, 67, 32, 61, 28, 31, 63, 19, 66, 8, 54, 43, 5, 40, 716]
q: [0.0, 11.0, -11.0, 12.0, -12.0, 10.0, -10.0, 10.0, -10.0, 6.0, 8.0, -6.0, 7.0, -8.0, 8.0, -7.0, -8.0, 9.0, -9.0, 0.0]
Q: [0.0, 11.0, 0.0, 12.0, 0.0, 10.0, 0.0, 10.0, 0.0, 6.0, 14.0, 8.0, 15.0, 7.0, 15.0, 8.0, 0.0, 9.0, 0.0, 0.0]
B: [0.0, 64.0, 82.7140226568, 101.4070729429, 130.92658367730002, 300.0, 319.0, 329.4016530417, 349.4528381438, 378.0, 406.0, 426.4968799577, 439.0326732314, 455.1338900798, 463.91673620164, 481.87369563244, 484.80181482399996, 494.55462570086996, 495.67631460604997, 502.39966867972]
