Avion: 5      Iteracion: 51

Num Ruta: 39
Ingresos: 965.728
Costos: 437.434367818
Utilidad Ruta: 528.293632182
Costo Reducido: 9.43691617471
Nodos: [105, 9, 44, 24, 59, 1, 36, 35, 70, 4, 39, 715]
q: [0, 11.0, -11.0, 11.0, -11.0, 7.0, -7.0, 8.0, -8.0, 3.0, -3.0, 0]
Q: [0, 11.0, 0.0, 11.0, 0.0, 7.0, 0.0, 8.0, 0.0, 3.0, 0.0, 0]
B: [0.0, 31.4915482312, 61.0187852337, 85.1590351288, 123.6719854313, 175.0, 209.2400855285, 270.0, 281.922738989, 529.0, 549.4257496801999, 587.1398410121999]
