Avion: 2      Iteracion: 67

Num Ruta: 64
Ingresos: 2328.532
Costos: 583.958539931
Utilidad Ruta: 1744.57346007
Costo Reducido: 36.9922692135
Nodos: [102, 9, 12, 44, 16, 51, 47, 10, 45, 32, 67, 26, 61, 34, 69, 8, 33, 6, 41, 43, 13, 48, 20, 68, 4, 39, 55, 2, 37, 712]
q: [0.0, 11.0, 0.0, -11.0, 9.0, -9.0, 0.0, 12.0, -12.0, 11.0, -11.0, 10.0, -10.0, 8.0, -8.0, 6.0, 5.0, 4.0, -4.0, -6.0, 10.0, -10.0, 0.0, -5.0, 3.0, -3.0, 0.0, 10.0, -10.0, 0.0]
Q: [0.0, 11.0, 11.0, 0.0, 9.0, 0.0, 0.0, 12.0, 0.0, 11.0, 0.0, 10.0, 0.0, 8.0, 0.0, 6.0, 11.0, 15.0, 11.0, 5.0, 15.0, 5.0, 5.0, 0.0, 3.0, 0.0, 0.0, 10.0, 0.0, 0.0]
B: [0.0, 29.8362865317, 54.0, 64.7870367571, 88.51682093229999, 98.14091236994, 118.37719525494, 127.09496561209001, 156.61447634649, 309.0, 319.4016530417, 332.1221722921, 349.7014002615, 364.6146463535, 401.0547765673, 414.0, 437.0, 463.1548069196, 466.84709631779, 479.71309880498995, 481.92377494589994, 498.80692589589995, 512.7375111312999, 523.3282935858999, 540.6458276193999, 561.0715772996, 572.9328005502, 580.26309781566, 620.99805986306, 625.11380633241]
