Avion: 4      Iteracion: 64

Num Ruta: 43
Ingresos: 1053.644
Costos: 283.457022975
Utilidad Ruta: 770.186977025
Costo Reducido: 7.80327466314
Nodos: [104, 17, 52, 9, 44, 25, 60, 33, 68, 714]
q: [0, 5.0, -5.0, 11.0, -11.0, 10.0, -10.0, 5.0, -5.0, 0]
Q: [0, 5.0, 0.0, 11.0, 0.0, 10.0, 0.0, 5.0, 0.0, 0]
B: [0.0, 24.0, 58.8425537813, 81.72911018459999, 111.25634718709999, 410.0, 427.1849823101, 462.7023875222, 504.6550525746, 520.8294695656]
