Avion: 4      Iteracion: 35

Num Ruta: 33
Ingresos: 740.986
Costos: 275.643283638
Utilidad Ruta: 465.342716362
Costo Reducido: 10.4388424643
Nodos: [104, 17, 52, 35, 70, 33, 68, 714]
q: [0, 5.0, -5.0, 8.0, -8.0, 5.0, -5.0, 0]
Q: [0, 5.0, 0.0, 8.0, 0.0, 5.0, 0.0, 0]
B: [0.0, 24.0, 58.8425537813, 270.0, 281.922738989, 437.0, 478.9526650524, 495.1270820434]
