Avion: 4      Iteracion: 7

Num Ruta: 9
Ingresos: 912.114
Costos: 234.376047841
Utilidad Ruta: 677.737952159
Costo Reducido: 295.384929665
Nodos: [104, 17, 52, 9, 44, 25, 60, 13, 48, 714]
q: [0, 5.0, -5.0, 11.0, -11.0, 10.0, -10.0, 15.0, -15.0, 0]
Q: [0, 5.0, 0.0, 11.0, 0.0, 10.0, 0.0, 15.0, 0.0, 0]
B: [0.0, 24.0, 58.8425537813, 81.72911018459999, 111.25634718709999, 410.0, 427.1849823101, 443.186042775, 460.069193725, 471.7484944318]
