Avion: 2      Iteracion: 37

Num Ruta: 36
Ingresos: 2103.498
Costos: 652.825148244
Utilidad Ruta: 1450.67285176
Costo Reducido: 81.6757346532
Nodos: [102, 16, 51, 30, 65, 1, 11, 46, 36, 3, 38, 23, 35, 70, 32, 67, 26, 61, 58, 34, 69, 33, 13, 48, 20, 68, 27, 62, 55, 2, 37, 712]
q: [0.0, 9.0, -9.0, 11.0, -11.0, 7.0, 6.0, -6.0, -7.0, 13.0, -13.0, 4.0, 8.0, -8.0, 11.0, -11.0, 10.0, -10.0, -4.0, 8.0, -8.0, 5.0, 10.0, -10.0, 0.0, -5.0, 6.0, -6.0, 0.0, 0.0, 0.0, 0.0]
Q: [0.0, 9.0, 0.0, 11.0, 0.0, 7.0, 13.0, 7.0, 0.0, 13.0, 0.0, 4.0, 12.0, 4.0, 15.0, 4.0, 14.0, 4.0, 0.0, 8.0, 0.0, 5.0, 15.0, 5.0, 5.0, 0.0, 6.0, 0.0, 0.0, 0.0, 0.0, 0.0]
B: [0.0, 36.0, 45.624091437640004, 64.0, 82.7140226568, 175.0, 193.6808285951, 197.73489544211, 232.05062478011, 256.0, 261.08428175852, 267.0, 277.4634044651, 289.38614345409997, 309.0, 319.4016530417, 332.1221722921, 349.7014002615, 352.76847264408, 367.02741965988, 403.46754987368, 437.0, 462.372931896, 479.256082846, 496.0, 506.5907824546, 538.0, 555.0308623681, 571.1886281789999, 578.5189254444599, 619.2538874918599, 623.36963396121]
