Avion: 4      Iteracion: 30

Num Ruta: 28
Ingresos: 665.612
Costos: 371.449040983
Utilidad Ruta: 294.162959017
Costo Reducido: 17.3837540352
Nodos: [104, 35, 70, 26, 61, 32, 67, 33, 68, 714]
q: [0, 8.0, -8.0, 10.0, -10.0, 11.0, -11.0, 5.0, -5.0, 0]
Q: [0, 8.0, 0.0, 10.0, 0.0, 11.0, 0.0, 5.0, 0.0, 0]
B: [0.0, 270.0, 281.922738989, 300.0, 317.5792279694, 337.6304130715, 348.0320661132, 437.0, 478.9526650524, 495.1270820434]
