Avion: 5      Iteracion: 95

Num Ruta: 58
Ingresos: 1222.523
Costos: 355.201068041
Utilidad Ruta: 867.321931959
Costo Reducido: 38.1476030354
Nodos: [105, 18, 53, 28, 63, 19, 54, 33, 68, 4, 39, 715]
q: [0, 10.0, -10.0, 6.0, -6.0, 7.0, -7.0, 5.0, -5.0, 3.0, -3.0, 0]
Q: [0, 10.0, 0.0, 6.0, 0.0, 7.0, 0.0, 5.0, 0.0, 3.0, 0.0, 0]
B: [0.0, 293.0, 316.8182362487, 378.0, 414.0266187839, 426.5624120576, 453.1895283491, 474.7379221175, 516.6905871699, 534.0081212034, 554.4338708836001, 592.1479622156]
