Avion: 7      Iteracion: 4

Num Ruta: 6
Ingresos: 969.041
Costos: 377.258840262
Utilidad Ruta: 591.782159738
Costo Reducido: 696.270445119
Nodos: [107, 22, 57, 28, 63, 29, 64, 717]
q: [0, 10.0, -10.0, 6.0, -6.0, 9.0, -9.0, 0]
Q: [0, 10.0, 0.0, 6.0, 0.0, 9.0, 0.0, 0]
B: [0.0, 299.0, 320.7546861389, 378.0, 414.0266187839, 549.0, 582.7797797802, 620.2441685381]
