Avion: 4      Iteracion: 53

Num Ruta: 39
Ingresos: 1874.677
Costos: 442.560271604
Utilidad Ruta: 1432.1167284
Costo Reducido: 37.6708875458
Nodos: [104, 1, 36, 18, 53, 28, 63, 25, 60, 31, 66, 33, 68, 29, 64, 714]
q: [0, 7.0, -7.0, 10.0, -10.0, 6.0, -6.0, 10.0, -10.0, 9.0, -9.0, 5.0, -5.0, 9.0, -9.0, 0]
Q: [0, 7.0, 0.0, 10.0, 0.0, 6.0, 0.0, 10.0, 0.0, 9.0, 0.0, 5.0, 0.0, 9.0, 0.0, 0]
B: [0.0, 175.0, 209.2400855285, 293.0, 316.8182362487, 378.0, 414.0266187839, 417.35999740026, 434.54497971036, 439.36662631707, 467.69210539507, 490.09026683747, 532.04293188987, 549.0, 582.7797797802, 609.550209829]
