Avion: 5      Iteracion: 86

Num Ruta: 54
Ingresos: 1441.383
Costos: 475.764350439
Utilidad Ruta: 965.618649561
Costo Reducido: 17.101169942
Nodos: [105, 24, 59, 35, 70, 32, 67, 22, 57, 19, 54, 13, 48, 31, 66, 715]
q: [0, 11.0, -11.0, 8.0, -8.0, 11.0, -11.0, 10.0, -10.0, 7.0, -7.0, 15.0, -15.0, 9.0, -9.0, 0]
Q: [0, 11.0, 0.0, 8.0, 0.0, 11.0, 0.0, 10.0, 0.0, 7.0, 0.0, 15.0, 0.0, 9.0, 0.0, 0]
B: [0.0, 61.0, 99.5129503025, 270.0, 281.922738989, 309.0, 319.4016530417, 353.8662667781, 375.620952917, 402.0, 428.6271162915, 432.85473559792, 449.73788654792, 454.19539998032, 482.52087905832, 496.27362282092]
