Avion: 2      Iteracion: 97

Num Ruta: 85
Ingresos: 1416.881
Costos: 441.891637485
Utilidad Ruta: 974.989362515
Costo Reducido: 6.81752205503
Nodos: [102, 16, 51, 24, 59, 10, 45, 26, 61, 32, 67, 2, 37, 712]
q: [0, 9.0, -9.0, 11.0, -11.0, 12.0, -12.0, 10.0, -10.0, 11.0, -11.0, 10.0, -10.0, 0]
Q: [0, 9.0, 0.0, 11.0, 0.0, 12.0, 0.0, 10.0, 0.0, 11.0, 0.0, 10.0, 0.0, 0]
B: [0.0, 36.0, 45.624091437640004, 70.85029051714, 109.36324081964, 121.14917149994, 150.66868223434, 300.0, 317.5792279694, 337.6304130715, 348.0320661132, 522.0, 562.7349620474, 566.85070851675]
