Avion: 1      Iteracion: 0

Num Ruta: 3
Ingresos: 4063.274
Costos: 613.994461105
Utilidad Ruta: 3449.27953889
Costo Reducido: -
Nodos: [101, 17, 52, 30, 16, 51, 65, 24, 59, 1, 36, 3, 38, 23, 58, 26, 61, 22, 57, 19, 54, 33, 68, 21, 4, 39, 56, 711]
q: [0.0, 5.0, -5.0, 11.0, 4.0, -4.0, -11.0, 11.0, -11.0, 7.0, -7.0, 13.0, -13.0, 10.0, -10.0, 10.0, -10.0, 10.0, -10.0, 7.0, -7.0, 5.0, -5.0, 12.0, 3.0, -3.0, -12.0, 0.0]
Q: [0.0, 5.0, 0.0, 11.0, 15.0, 11.0, 0.0, 11.0, 0.0, 7.0, 0.0, 13.0, 0.0, 10.0, 0.0, 10.0, 0.0, 10.0, 0.0, 7.0, 0.0, 5.0, 0.0, 12.0, 15.0, 12.0, 0.0, 0.0]
B: [0.0, 24.0, 58.8425537813, 64.0, 72.20259129788, 81.82668273552001, 84.69783929691, 109.43181018721, 147.94476048971, 175.0, 209.2400855285, 256.0, 261.08428175852, 267.0, 306.733842905, 326.4202156791, 343.9994436485, 357.6336242986, 379.3883104375, 402.0, 428.6271162915, 450.1755100599, 492.12817511229997, 503.00765248949995, 529.0, 549.4257496801999, 566.2286940948, 588.4711797696999]
