Avion: 3      Iteracion: 23

Num Ruta: 20
Ingresos: 411.669
Costos: 201.994685399
Utilidad Ruta: 209.674314601
Costo Reducido: 49.1917399325
Nodos: [103, 29, 64, 27, 62, 713]
q: [0, 9.0, -9.0, 6.0, -6.0, 0]
Q: [0, 9.0, 0.0, 6.0, 0.0, 0]
B: [0.0, 549.0, 582.7797797802, 590.99620777538, 608.0270701434799, 636.29779042078]
