Avion: 7      Iteracion: 41

Num Ruta: 29
Ingresos: 1464.958
Costos: 240.572722211
Utilidad Ruta: 1224.38527779
Costo Reducido: 39.9642100605
Nodos: [107, 14, 49, 3, 38, 23, 58, 31, 19, 54, 66, 717]
q: [0.0, 8.0, -8.0, 13.0, -13.0, 10.0, -10.0, 8.0, 7.0, -7.0, -8.0, 0.0]
Q: [0.0, 8.0, 0.0, 13.0, 0.0, 10.0, 0.0, 8.0, 15.0, 8.0, 0.0, 0.0]
B: [0.0, 112.0, 124.021711775, 256.0, 261.08428175852, 267.0, 306.733842905, 406.0, 427.4250045741, 454.0521208656, 476.4702851526, 480.10500715022]
