Avion: 2      Iteracion: 18

Num Ruta: 17
Ingresos: 2515.241
Costos: 592.393604172
Utilidad Ruta: 1922.84739583
Costo Reducido: 172.661372046
Nodos: [102, 9, 12, 44, 30, 16, 51, 65, 47, 10, 45, 26, 61, 22, 57, 8, 33, 43, 13, 48, 68, 4, 27, 62, 39, 2, 37, 712]
q: [0.0, 11.0, 0.0, -11.0, 11.0, 0.0, 0.0, -11.0, 0.0, 12.0, -12.0, 10.0, -10.0, 10.0, -10.0, 8.0, 5.0, -8.0, 0.0, 0.0, -5.0, 3.0, 6.0, -6.0, -3.0, 10.0, -10.0, 0.0]
Q: [0.0, 11.0, 11.0, 0.0, 11.0, 11.0, 11.0, 0.0, 0.0, 12.0, 0.0, 10.0, 0.0, 10.0, 0.0, 8.0, 13.0, 5.0, 5.0, 5.0, 0.0, 3.0, 9.0, 3.0, 0.0, 10.0, 0.0, 0.0]
B: [0.0, 29.8362865317, 54.0, 64.7870367571, 80.5749370925, 88.77752839038, 98.40161982802, 101.27277638941, 124.06863445620999, 132.78640481335998, 162.30591554775998, 300.0, 317.5792279694, 331.2134086195, 352.9680947584, 414.0, 437.0, 460.2743670161, 462.48504315700995, 479.36819410700997, 484.71624440594996, 529.0, 546.6147745373, 563.6456369054, 569.06089544032, 578.51536195092, 619.25032399832, 623.36607046767]
