Avion: 1      Iteracion: 63

Num Ruta: 40
Ingresos: 1128.034
Costos: 457.600903345
Utilidad Ruta: 670.433096655
Costo Reducido: 138.287556436
Nodos: [101, 24, 59, 10, 45, 11, 46, 25, 60, 19, 54, 13, 48, 711]
q: [0, 11.0, -11.0, 12.0, -12.0, 6.0, -6.0, 10.0, -10.0, 7.0, -7.0, 15.0, -15.0, 0]
Q: [0, 11.0, 0.0, 12.0, 0.0, 6.0, 0.0, 10.0, 0.0, 7.0, 0.0, 15.0, 0.0, 0]
B: [0.0, 61.0, 99.5129503025, 111.2988809828, 140.8183917172, 193.4566082998, 197.51067514681, 410.0, 427.1849823101, 443.8578739909, 470.48499028239996, 474.71260958882, 491.59576053882, 506.84716260552]
