Avion: 1      Iteracion: 28

Num Ruta: 25
Ingresos: 902.585
Costos: 345.982072135
Utilidad Ruta: 556.602927865
Costo Reducido: 73.13261809
Nodos: [101, 30, 65, 24, 59, 26, 61, 27, 4, 39, 62, 711]
q: [0, 11.0, -11.0, 11.0, -11.0, 10.0, -10.0, 6.0, 3.0, -3.0, -6.0, 0]
Q: [0, 11.0, 0.0, 11.0, 0.0, 10.0, 0.0, 6.0, 9.0, 6.0, 0.0, 0]
B: [0.0, 64.0, 82.7140226568, 107.4479935471, 145.9609438496, 300.0, 317.5792279694, 538.0, 555.6147745373, 576.0405242175, 581.45578275242, 595.57317390662]
