Avion: 4      Iteracion: 72

Num Ruta: 45
Ingresos: 443.997
Costos: 248.060186735
Utilidad Ruta: 195.936813265
Costo Reducido: 2.27635290899
Nodos: [104, 13, 48, 29, 64, 714]
q: [0, 15.0, -15.0, 9.0, -9.0, 0]
Q: [0, 15.0, 0.0, 9.0, 0.0, 0]
B: [0.0, 423.0, 439.88315095, 549.0, 582.7797797802, 609.550209829]
