Avion: 6      Iteracion: 76

Num Ruta: 52
Ingresos: 236.534
Costos: 118.578640268
Utilidad Ruta: 117.955359732
Costo Reducido: 8.88320566366
Nodos: [106, 10, 45, 6, 41, 5, 40, 716]
q: [0, 12.0, -12.0, 4.0, -4.0, 9.0, -9.0, 0]
Q: [0, 12.0, 0.0, 4.0, 0.0, 9.0, 0.0, 0]
B: [0.0, 96.0, 125.5195107344, 436.0, 439.69228939819, 469.0, 470.12168890518, 476.84504297885]
