Avion: 1      Iteracion: 26

Num Ruta: 23
Ingresos: 360.912
Costos: 290.524687272
Utilidad Ruta: 70.387312728
Costo Reducido: 40.2253046782
Nodos: [101, 26, 61, 27, 62, 711]
q: [0, 10.0, -10.0, 6.0, -6.0, 0]
Q: [0, 10.0, 0.0, 6.0, 0.0, 0]
B: [0.0, 300.0, 317.5792279694, 538.0, 555.0308623681, 569.1482535223]
