Avion: 3      Iteracion: 24

Num Ruta: 21
Ingresos: 324.354
Costos: 225.481129205
Utilidad Ruta: 98.8728707954
Costo Reducido: 16.4051249224
Nodos: [103, 24, 59, 27, 62, 713]
q: [0, 11.0, -11.0, 6.0, -6.0, 0]
Q: [0, 11.0, 0.0, 6.0, 0.0, 0]
B: [0.0, 61.0, 99.5129503025, 538.0, 555.0308623681, 583.3015826454]
