Avion: 4      Iteracion: 14

Num Ruta: 16
Ingresos: 718.997
Costos: 240.699982698
Utilidad Ruta: 478.297017302
Costo Reducido: 39.4779824408
Nodos: [104, 17, 52, 29, 64, 714]
q: [0, 5.0, -5.0, 9.0, -9.0, 0]
Q: [0, 5.0, 0.0, 9.0, 0.0, 0]
B: [0.0, 24.0, 58.8425537813, 549.0, 582.7797797802, 609.550209829]
