Avion: 7      Iteracion: 10

Num Ruta: 11
Ingresos: 851.891
Costos: 276.585840387
Utilidad Ruta: 575.305159613
Costo Reducido: 205.421045064
Nodos: [107, 30, 65, 16, 51, 3, 38, 23, 18, 53, 58, 22, 57, 717]
q: [0.0, 11.0, -11.0, 9.0, -9.0, 13.0, -13.0, 0.0, 10.0, -10.0, 0.0, 10.0, -10.0, 0.0]
Q: [0.0, 11.0, 0.0, 9.0, 0.0, 13.0, 0.0, 0.0, 10.0, 0.0, 0.0, 10.0, 0.0, 0.0]
B: [0.0, 64.0, 82.7140226568, 93.53069441849999, 103.15478585614, 256.0, 261.08428175852, 267.0, 293.0, 316.8182362487, 326.74376782137, 342.50019181287, 364.25487795177, 366.22166670504004]
