Avion: 5      Iteracion: 23

Num Ruta: 23
Ingresos: 315.477
Costos: 277.969496478
Utilidad Ruta: 37.5075035216
Costo Reducido: 30.146166721
Nodos: [105, 29, 64, 715]
q: [0, 9.0, -9.0, 0]
Q: [0, 9.0, 0.0, 0]
B: [0.0, 549.0, 582.7797797802, 630.090723715]
