Avion: 2      Iteracion: 19

Num Ruta: 18
Ingresos: 2581.056
Costos: 549.476187943
Utilidad Ruta: 2031.57981206
Costo Reducido: 213.780510674
Nodos: [102, 9, 12, 44, 16, 51, 47, 10, 45, 3, 38, 23, 35, 70, 26, 61, 58, 19, 54, 13, 48, 20, 4, 39, 55, 2, 37, 712]
q: [0.0, 11.0, 0.0, -11.0, 0.0, 0.0, 0.0, 12.0, -12.0, 13.0, -13.0, 10.0, 5.0, -5.0, 5.0, -5.0, -10.0, 7.0, -7.0, 15.0, -15.0, 0.0, 3.0, -3.0, 0.0, 10.0, -10.0, 0.0]
Q: [0.0, 11.0, 11.0, 0.0, 0.0, 0.0, 0.0, 12.0, 0.0, 13.0, 0.0, 10.0, 15.0, 10.0, 15.0, 10.0, 0.0, 7.0, 0.0, 15.0, 0.0, 0.0, 3.0, 0.0, 0.0, 10.0, 0.0, 0.0]
B: [0.0, 29.8362865317, 54.0, 64.7870367571, 88.51682093229999, 98.14091236994, 118.37719525494, 127.09496561209001, 156.61447634649, 256.0, 261.08428175852, 267.0, 277.4634044651, 289.38614345409997, 303.7370056233, 321.3162335927, 324.38330597528, 402.0, 428.6271162915, 432.85473559792, 449.73788654792, 496.0, 529.0, 549.4257496801999, 561.2869729308, 568.6172701962599, 609.35223224366, 613.46797871301]
