Avion: 2      Iteracion: 38

Num Ruta: 37
Ingresos: 1031.189
Costos: 414.598866478
Utilidad Ruta: 616.590133522
Costo Reducido: 55.6273595234
Nodos: [102, 16, 30, 51, 65, 10, 45, 35, 70, 32, 67, 26, 61, 13, 48, 20, 4, 39, 55, 2, 37, 712]
q: [0.0, 0.0, 11.0, 0.0, -11.0, 12.0, -12.0, 8.0, -8.0, 11.0, -11.0, 10.0, -10.0, 15.0, -15.0, 0.0, 3.0, -3.0, 0.0, 0.0, 0.0, 0.0]
Q: [0.0, 0.0, 11.0, 11.0, 0.0, 12.0, 0.0, 8.0, 0.0, 11.0, 0.0, 10.0, 0.0, 15.0, 0.0, 0.0, 3.0, 0.0, 0.0, 0.0, 0.0, 0.0]
B: [0.0, 36.0, 64.0, 80.9852936389, 83.85645020029, 102.54950048639, 132.06901122079, 270.0, 281.922738989, 309.0, 319.4016530417, 332.1221722921, 349.7014002615, 423.0, 439.88315095, 496.0, 529.0, 549.4257496801999, 561.2869729308, 568.6172701962599, 609.35223224366, 613.46797871301]
