Avion: 5      Iteracion: 7

Num Ruta: 8
Ingresos: 1280.756
Costos: 468.891573574
Utilidad Ruta: 811.864426426
Costo Reducido: 188.051010849
Nodos: [105, 30, 16, 51, 65, 24, 59, 1, 36, 3, 38, 32, 67, 26, 61, 13, 48, 715]
q: [0.0, 6.0, 9.0, -9.0, -6.0, 11.0, -11.0, 7.0, -7.0, 13.0, -13.0, 11.0, -11.0, 10.0, -10.0, 15.0, -15.0, 0.0]
Q: [0.0, 6.0, 15.0, 6.0, 0.0, 11.0, 0.0, 7.0, 0.0, 13.0, 0.0, 11.0, 0.0, 10.0, 0.0, 15.0, 0.0, 0.0]
B: [0.0, 64.0, 72.20259129788, 81.82668273552001, 84.69783929691, 109.43181018721, 147.94476048971, 175.0, 209.2400855285, 256.0, 261.08428175852, 309.0, 319.4016530417, 332.1221722921, 349.7014002615, 423.0, 439.88315095, 485.97208133460003]
