Avion: 7      Iteracion: 91

Num Ruta: 58
Ingresos: 1895.414
Costos: 291.471451223
Utilidad Ruta: 1603.94254878
Costo Reducido: 5.30841121472
Nodos: [107, 14, 49, 3, 38, 23, 58, 34, 22, 57, 69, 19, 31, 54, 66, 717]
q: [0.0, 0.0, 0.0, 13.0, -13.0, 10.0, -10.0, 8.0, 7.0, -7.0, -8.0, 7.0, 8.0, -7.0, -8.0, 0.0]
Q: [0.0, 0.0, 0.0, 13.0, 0.0, 10.0, 0.0, 8.0, 15.0, 8.0, 0.0, 7.0, 15.0, 8.0, 0.0, 0.0]
B: [0.0, 112.0, 124.021711775, 256.0, 261.08428175852, 267.0, 306.733842905, 322.0, 350.0636833826, 371.8183695215, 382.408619849, 402.9484361091, 424.3734406832, 441.4794801138, 463.8976444008, 467.53236639842]
