Avion: 4      Iteracion: 93

Num Ruta: 55
Ingresos: 2312.824
Costos: 480.432415622
Utilidad Ruta: 1832.39158438
Costo Reducido: 50.1730176298
Nodos: [104, 17, 52, 9, 44, 14, 49, 35, 70, 32, 67, 26, 34, 61, 69, 19, 33, 8, 54, 43, 13, 48, 68, 29, 64, 714]
q: [0.0, 5.0, -5.0, 11.0, -11.0, 8.0, -8.0, 8.0, -8.0, 11.0, -11.0, 7.0, 8.0, -7.0, -8.0, 7.0, 5.0, 3.0, -7.0, -3.0, 10.0, -10.0, -5.0, 9.0, -9.0, 0.0]
Q: [0.0, 5.0, 0.0, 11.0, 0.0, 8.0, 0.0, 8.0, 0.0, 11.0, 0.0, 7.0, 15.0, 8.0, 0.0, 7.0, 12.0, 15.0, 8.0, 5.0, 15.0, 5.0, 0.0, 9.0, 0.0, 0.0]
B: [0.0, 24.0, 58.8425537813, 81.72911018459999, 111.25634718709999, 121.5131539026, 133.5348656776, 270.0, 281.922738989, 309.0, 319.4016530417, 332.1221722921, 348.0493993263, 362.9626454183, 387.9493993691, 408.4892156292, 445.0827759916, 458.84743080019996, 476.80439023099996, 479.73250942255993, 481.9431855634699, 498.8263365134699, 504.1743868124099, 549.0, 582.7797797802, 609.550209829]
