Avion: 7      Iteracion: 62

Num Ruta: 41
Ingresos: 1347.363
Costos: 168.807499762
Utilidad Ruta: 1178.55550024
Costo Reducido: 62.6065153285
Nodos: [107, 14, 49, 3, 38, 23, 35, 70, 26, 61, 58, 22, 57, 717]
q: [0.0, 8.0, -8.0, 0.0, 0.0, 10.0, 5.0, -5.0, 5.0, -5.0, -10.0, 10.0, -10.0, 0.0]
Q: [0.0, 8.0, 0.0, 0.0, 0.0, 10.0, 15.0, 10.0, 15.0, 10.0, 0.0, 10.0, 0.0, 0.0]
B: [0.0, 112.0, 124.021711775, 256.0, 261.08428175852, 267.0, 277.4634044651, 289.38614345409997, 303.7370056233, 321.3162335927, 324.38330597528, 340.13972996678, 361.89441610568, 363.86120485895003]
