Avion: 1      Iteracion: 23

Num Ruta: 21
Ingresos: 488.969
Costos: 310.957123273
Utilidad Ruta: 178.011876727
Costo Reducido: 26.6686380799
Nodos: [101, 30, 65, 29, 64, 711]
q: [0, 11.0, -11.0, 9.0, -9.0, 0]
Q: [0, 11.0, 0.0, 9.0, 0.0, 0]
B: [0.0, 64.0, 82.7140226568, 549.0, 582.7797797802, 598.8802887473]
