Avion: 6      Iteracion: 23

Num Ruta: 24
Ingresos: 1234.561
Costos: 302.858340273
Utilidad Ruta: 931.702659727
Costo Reducido: 118.230194644
Nodos: [106, 17, 52, 9, 44, 19, 54, 29, 64, 716]
q: [0, 5.0, -5.0, 11.0, -11.0, 7.0, -7.0, 9.0, -9.0, 0]
Q: [0, 5.0, 0.0, 11.0, 0.0, 7.0, 0.0, 9.0, 0.0, 0]
B: [0.0, 24.0, 58.8425537813, 81.72911018459999, 111.25634718709999, 402.0, 428.6271162915, 549.0, 582.7797797802, 603.1769870644999]
