Avion: 7      Iteracion: 59

Num Ruta: 38
Ingresos: 2373.577
Costos: 403.101733041
Utilidad Ruta: 1970.47526696
Costo Reducido: 69.14045897
Nodos: [107, 24, 59, 1, 36, 3, 38, 23, 58, 22, 57, 19, 31, 54, 6, 41, 66, 717]
q: [0.0, 11.0, -11.0, 7.0, -7.0, 13.0, -13.0, 10.0, -10.0, 10.0, -10.0, 7.0, 8.0, -7.0, 4.0, -4.0, -8.0, 0.0]
Q: [0.0, 11.0, 0.0, 7.0, 0.0, 13.0, 0.0, 10.0, 0.0, 10.0, 0.0, 7.0, 15.0, 8.0, 12.0, 8.0, 0.0, 0.0]
B: [0.0, 61.0, 99.5129503025, 175.0, 209.2400855285, 256.0, 261.08428175852, 267.0, 306.733842905, 322.49026689650003, 344.24495303540004, 402.0, 423.4250045741, 440.5310440047, 452.32206300219997, 456.01435240038995, 493.3666437892899, 497.0013657869099]
