Avion: 5      Iteracion: 0

Num Ruta: 2
Ingresos: 2196.076
Costos: 676.504241645
Utilidad Ruta: 1519.57175835
Costo Reducido: -
Nodos: [105, 17, 16, 51, 52, 30, 65, 14, 49, 11, 46, 1, 36, 3, 38, 35, 70, 32, 67, 26, 61, 34, 69, 13, 28, 48, 63, 715]
q: [0.0, 5.0, 9.0, -9.0, -5.0, 11.0, -11.0, 8.0, -8.0, 6.0, -6.0, 7.0, -7.0, 13.0, -13.0, 8.0, -8.0, 11.0, -11.0, 10.0, -10.0, 8.0, -8.0, 9.0, 6.0, -9.0, -6.0, 0.0]
Q: [0.0, 5.0, 14.0, 5.0, 0.0, 11.0, 0.0, 8.0, 0.0, 6.0, 0.0, 7.0, 0.0, 13.0, 0.0, 8.0, 0.0, 11.0, 0.0, 10.0, 0.0, 8.0, 0.0, 9.0, 15.0, 6.0, 0.0, 0.0]
B: [0.0, 35.8094227823, 70.6108997625, 80.23499120014, 94.88275997224, 98.02721445593, 116.74123711272999, 144.53717776962998, 156.55888954462998, 186.00731865382997, 190.06138550083998, 212.73083703813998, 246.97092256663998, 256.0, 261.08428175852, 274.08526633661995, 286.00800532561993, 309.0, 319.4016530417, 332.1221722921, 349.7014002615, 364.6146463535, 401.0547765673, 423.0, 436.7962173439, 450.1536367429, 473.1920667675, 510.42868866050003]
