Avion: 1      Iteracion: 61

Num Ruta: 56
Ingresos: 3498.407
Costos: 592.877912049
Utilidad Ruta: 2905.52908795
Costo Reducido: 22.501098687
Nodos: [101, 30, 65, 24, 59, 1, 36, 35, 70, 22, 57, 18, 53, 28, 31, 66, 63, 21, 56, 2, 37, 29, 64, 711]
q: [0, 11.0, -11.0, 11.0, -11.0, 7.0, -7.0, 8.0, -8.0, 10.0, -10.0, 10.0, -10.0, 6.0, 9.0, -9.0, -6.0, 12.0, -12.0, 10.0, -10.0, 9.0, -9.0, 0]
Q: [0, 11.0, 0.0, 11.0, 0.0, 7.0, 0.0, 8.0, 0.0, 10.0, 0.0, 10.0, 0.0, 6.0, 15.0, 6.0, 0.0, 12.0, 0.0, 10.0, 0.0, 9.0, 0.0, 0]
B: [0.0, 64.0, 82.7140226568, 107.4479935471, 145.9609438496, 175.0, 209.2400855285, 270.0, 281.922738989, 299.64604976889996, 321.40073590779997, 334.8011725052, 358.61940875389996, 378.0, 406.0, 434.325479078, 462.7399107809, 477.0, 517.7387906792, 541.5898044103, 582.3247664577, 592.12950699481, 625.90928677501, 642.00979574211]
