Avion: 6      Iteracion: 53

Num Ruta: 35
Ingresos: 768.903
Costos: 214.060150098
Utilidad Ruta: 554.842849902
Costo Reducido: 57.7940334195
Nodos: [106, 1, 36, 35, 70, 8, 5, 40, 43, 27, 62, 716]
q: [0.0, 7.0, -7.0, 8.0, -8.0, 8.0, 7.0, -7.0, -8.0, 6.0, -6.0, 0.0]
Q: [0.0, 7.0, 0.0, 8.0, 0.0, 8.0, 15.0, 8.0, 0.0, 6.0, 0.0, 0.0]
B: [0.0, 175.0, 209.2400855285, 270.0, 281.922738989, 414.0, 469.0, 470.12168890518, 480.59966590458, 538.0, 555.0308623681, 564.73653272104]
