Avion: 2      Iteracion: 102

Num Ruta: 67
Ingresos: 2022.934
Costos: 566.507257936
Utilidad Ruta: 1456.42674206
Costo Reducido: 78.3887413612
Nodos: [102, 16, 51, 10, 45, 1, 11, 46, 36, 35, 70, 32, 67, 26, 61, 31, 13, 66, 8, 43, 48, 20, 4, 39, 55, 2, 37, 712]
q: [0.0, 9.0, -9.0, 12.0, -12.0, 7.0, 6.0, -6.0, -7.0, 8.0, -8.0, 11.0, -11.0, 0.0, 0.0, 9.0, 0.0, -9.0, 8.0, -8.0, 0.0, 0.0, 3.0, -3.0, 0.0, 10.0, -10.0, 0.0]
Q: [0.0, 9.0, 0.0, 12.0, 0.0, 7.0, 13.0, 7.0, 0.0, 8.0, 0.0, 11.0, 0.0, 0.0, 0.0, 9.0, 9.0, 0.0, 8.0, 0.0, 0.0, 0.0, 3.0, 0.0, 0.0, 10.0, 0.0, 0.0]
B: [0.0, 36.0, 45.624091437640004, 96.0, 125.5195107344, 175.0, 193.6808285951, 197.73489544211, 232.05062478011, 270.0, 281.922738989, 309.0, 319.4016530417, 332.1221722921, 349.7014002615, 406.0, 423.0, 449.0414324683, 457.82427859014, 478.59267520614003, 497.63036227684, 511.56094751224, 529.0, 549.4257496801999, 561.2869729308, 568.6172701962599, 609.35223224366, 613.46797871301]
