Avion: 5      Iteracion: 57

Num Ruta: 49
Ingresos: 957.851
Costos: 389.057476695
Utilidad Ruta: 568.793523305
Costo Reducido: 51.8512972004
Nodos: [105, 1, 36, 3, 38, 35, 70, 32, 67, 26, 61, 13, 48, 715]
q: [0, 7.0, -7.0, 13.0, -13.0, 8.0, -8.0, 11.0, -11.0, 10.0, -10.0, 15.0, -15.0, 0]
Q: [0, 7.0, 0.0, 13.0, 0.0, 8.0, 0.0, 11.0, 0.0, 10.0, 0.0, 15.0, 0.0, 0]
B: [0.0, 175.0, 209.2400855285, 256.0, 261.08428175852, 274.08526633661995, 286.00800532561993, 309.0, 319.4016530417, 332.1221722921, 349.7014002615, 423.0, 439.88315095, 485.97208133460003]
