Avion: 4      Iteracion: 91

Num Ruta: 50
Ingresos: 2055.512
Costos: 497.421226228
Utilidad Ruta: 1558.09077377
Costo Reducido: 170.015762747
Nodos: [104, 17, 52, 10, 45, 35, 70, 32, 67, 22, 57, 8, 33, 43, 68, 29, 4, 39, 64, 714]
q: [0, 5.0, -5.0, 12.0, -12.0, 8.0, -8.0, 11.0, -11.0, 10.0, -10.0, 8.0, 5.0, -8.0, -5.0, 9.0, 3.0, -3.0, -9.0, 0]
Q: [0, 5.0, 0.0, 12.0, 0.0, 8.0, 0.0, 11.0, 0.0, 10.0, 0.0, 8.0, 13.0, 5.0, 0.0, 9.0, 12.0, 9.0, 0.0, 0]
B: [0.0, 24.0, 58.8425537813, 96.0, 125.5195107344, 270.0, 281.922738989, 309.0, 319.4016530417, 353.8662667781, 375.620952917, 414.0, 437.0, 460.2743670161, 482.23124805599997, 549.0, 569.7100026316, 590.1357523117999, 602.3548233485, 629.1252533973]
