Avion: 1      Iteracion: 17

Num Ruta: 16
Ingresos: 1548.972
Costos: 334.074716896
Utilidad Ruta: 1214.8972831
Costo Reducido: 105.082563735
Nodos: [101, 30, 16, 51, 65, 24, 59, 1, 36, 23, 35, 70, 26, 58, 61, 711]
q: [0.0, 6.0, 9.0, -9.0, -6.0, 11.0, -11.0, 7.0, -7.0, 7.0, 8.0, -8.0, 8.0, -7.0, -8.0, 0.0]
Q: [0.0, 6.0, 15.0, 6.0, 0.0, 11.0, 0.0, 7.0, 0.0, 7.0, 15.0, 7.0, 15.0, 8.0, 0.0, 0.0]
B: [0.0, 64.0, 72.20259129788, 81.82668273552001, 84.69783929691, 109.43181018721, 147.94476048971, 175.0, 209.2400855285, 267.0, 277.4634044651, 289.38614345409997, 303.7370056233, 323.4233783974, 326.49045077998, 334.14421854494]
