Avion: 1      Iteracion: 0

Num Ruta: 1
Ingresos: 307.84
Costos: 332.094861398
Utilidad Ruta: -24.2548613982
Costo Reducido: -
Nodos: [101, 18, 53, 6, 41, 27, 62, 711]
q: [0, 10.0, -10.0, 4.0, -4.0, 6.0, -6.0, 0]
Q: [0, 10.0, 0.0, 4.0, 0.0, 6.0, 0.0, 0]
B: [0.0, 293.0, 316.8182362487, 436.0, 439.69228939819, 538.0, 555.0308623681, 569.1482535223]
