Avion: 7      Iteracion: 91

Num Ruta: 56
Ingresos: 1880.74
Costos: 414.914939852
Utilidad Ruta: 1465.82506015
Costo Reducido: 113.690050293
Nodos: [107, 14, 49, 3, 38, 35, 70, 22, 57, 19, 8, 54, 43, 33, 68, 29, 4, 39, 64, 717]
q: [0, 8.0, -8.0, 13.0, -13.0, 8.0, -8.0, 10.0, -10.0, 7.0, 8.0, -7.0, -8.0, 5.0, -5.0, 9.0, 3.0, -3.0, -9.0, 0]
Q: [0, 8.0, 0.0, 13.0, 0.0, 8.0, 0.0, 10.0, 0.0, 7.0, 15.0, 8.0, 0.0, 5.0, 0.0, 9.0, 12.0, 9.0, 0.0, 0]
B: [0.0, 112.0, 124.021711775, 256.0, 261.08428175852, 274.08526633661995, 286.00800532561993, 303.7313161055199, 325.4860022444199, 402.0, 425.1608815463, 443.1178409771, 446.04596016866, 469.32032718476, 511.27299223716, 549.0, 569.7100026316, 590.1357523117999, 602.3548233485, 639.8192121064]
