Avion: 5      Iteracion: 22

Num Ruta: 25
Ingresos: 500.899
Costos: 346.141677013
Utilidad Ruta: 154.757322987
Costo Reducido: 99.3158528871
Nodos: [105, 9, 44, 35, 70, 31, 66, 715]
q: [0, 11.0, -11.0, 8.0, -8.0, 9.0, -9.0, 0]
Q: [0, 11.0, 0.0, 8.0, 0.0, 9.0, 0.0, 0]
B: [0.0, 31.4915482312, 61.0187852337, 270.0, 281.922738989, 406.0, 434.325479078, 448.0782228406]
