Avion: 2      Iteracion: 48

Num Ruta: 37
Ingresos: 1073.771
Costos: 418.383359025
Utilidad Ruta: 655.387640975
Costo Reducido: 7.2768084924
Nodos: [102, 16, 51, 30, 65, 10, 45, 26, 61, 13, 28, 48, 63, 712]
q: [0.0, 9.0, -9.0, 11.0, -11.0, 12.0, -12.0, 10.0, -10.0, 9.0, 6.0, -9.0, -6.0, 0.0]
Q: [0.0, 9.0, 0.0, 11.0, 0.0, 12.0, 0.0, 10.0, 0.0, 9.0, 15.0, 6.0, 0.0, 0.0]
B: [0.0, 36.0, 45.624091437640004, 64.0, 82.7140226568, 101.4070729429, 130.92658367730002, 300.0, 317.5792279694, 423.0, 436.7962173439, 450.1536367429, 473.1920667675, 481.22500856985005]
