Avion: 1      Iteracion: 56

Num Ruta: 52
Ingresos: 2111.177
Costos: 516.33076476
Utilidad Ruta: 1594.84623524
Costo Reducido: 61.1893033709
Nodos: [101, 30, 65, 24, 59, 1, 36, 35, 70, 32, 67, 26, 34, 61, 28, 69, 31, 63, 66, 4, 27, 39, 62, 711]
q: [0.0, 11.0, -11.0, 11.0, -11.0, 7.0, -7.0, 8.0, -8.0, 11.0, -11.0, 7.0, 8.0, -7.0, 6.0, -8.0, 9.0, -6.0, -9.0, 3.0, 6.0, -3.0, -6.0, 0.0]
Q: [0.0, 11.0, 0.0, 11.0, 0.0, 7.0, 0.0, 8.0, 0.0, 11.0, 0.0, 7.0, 15.0, 8.0, 14.0, 6.0, 15.0, 9.0, 0.0, 3.0, 9.0, 6.0, 0.0, 0.0]
B: [0.0, 64.0, 82.7140226568, 107.4479935471, 145.9609438496, 175.0, 209.2400855285, 270.0, 281.922738989, 309.0, 319.4016530417, 332.1221722921, 348.0493993263, 362.9626454183, 378.0, 412.6152135628, 439.7359576713, 460.232837629, 488.6472693319, 529.0, 546.6147745373, 562.9655871165, 568.38084565142, 582.4982368056201]
