Avion: 1      Iteracion: 100

Num Ruta: 88
Ingresos: 3021.033
Costos: 585.695683617
Utilidad Ruta: 2435.33731638
Costo Reducido: 66.7164851818
Nodos: [101, 17, 30, 52, 16, 51, 65, 24, 59, 1, 36, 35, 70, 32, 67, 26, 61, 28, 31, 63, 19, 66, 8, 43, 54, 4, 2, 39, 37, 711]
q: [0.0, 5.0, 6.0, -5.0, 9.0, -9.0, -6.0, 11.0, -11.0, 0.0, 0.0, 8.0, -8.0, 11.0, -11.0, 10.0, -10.0, 6.0, 9.0, -6.0, 6.0, -9.0, 8.0, -8.0, -6.0, 3.0, 10.0, -3.0, -10.0, 0.0]
Q: [0.0, 5.0, 11.0, 6.0, 15.0, 6.0, 0.0, 11.0, 0.0, 0.0, 0.0, 8.0, 0.0, 11.0, 0.0, 10.0, 0.0, 6.0, 15.0, 9.0, 15.0, 6.0, 14.0, 6.0, 0.0, 3.0, 13.0, 10.0, 0.0, 0.0]
B: [0.0, 24.0, 64.0, 67.14445448369, 72.47609381883, 82.10018525647, 84.97134181786, 109.70531270816, 148.21826301066, 175.0, 209.2400855285, 270.0, 281.922738989, 309.0, 319.4016530417, 332.1221722921, 349.7014002615, 378.0, 406.0, 426.4968799577, 439.0326732314, 455.1338900798, 463.91673620164, 484.68513281764, 487.6132520092, 529.0, 556.3715326023, 565.8259991129, 599.0192098946001, 615.9688770890001]
