Avion: 1      Iteracion: 0

Num Ruta: 2
Ingresos: 4286.8
Costos: 653.014061253
Utilidad Ruta: 3633.78593875
Costo Reducido: -
Nodos: [101, 17, 52, 30, 16, 51, 65, 24, 59, 1, 36, 3, 38, 23, 35, 70, 26, 58, 61, 18, 53, 28, 31, 63, 19, 66, 8, 54, 43, 6, 41, 21, 56, 27, 62, 711]
q: [0.0, 5.0, -5.0, 11.0, 4.0, -4.0, -11.0, 11.0, -11.0, 7.0, -7.0, 13.0, -13.0, 10.0, 5.0, -5.0, 5.0, -10.0, -5.0, 10.0, -10.0, 6.0, 8.0, -6.0, 7.0, -8.0, 8.0, -7.0, -8.0, 4.0, -4.0, 12.0, -12.0, 6.0, -6.0, 0.0]
Q: [0.0, 5.0, 0.0, 11.0, 15.0, 11.0, 0.0, 11.0, 0.0, 7.0, 0.0, 13.0, 0.0, 10.0, 15.0, 10.0, 15.0, 5.0, 0.0, 10.0, 0.0, 6.0, 14.0, 8.0, 15.0, 7.0, 15.0, 8.0, 0.0, 4.0, 0.0, 12.0, 0.0, 6.0, 0.0, 0.0]
B: [0.0, 24.0, 58.8425537813, 64.0, 72.20259129788, 81.82668273552001, 84.69783929691, 109.43181018721, 147.94476048971, 175.0, 209.2400855285, 256.0, 261.08428175852, 267.0, 277.4634044651, 289.38614345409997, 303.7370056233, 323.4233783974, 326.49045077998, 349.76912153238, 373.58735778107996, 382.72086055931, 406.0, 426.4968799577, 439.0326732314, 455.1338900798, 463.91673620164, 481.87369563244, 484.80181482399996, 493.99248645342993, 497.6847758516199, 534.3660247535199, 575.1048154327199, 588.2822636303199, 605.3131259984199, 619.4305171526199]
