Avion: 5      Iteracion: 4

Num Ruta: 8
Ingresos: 1879.986
Costos: 581.920066546
Utilidad Ruta: 1298.06593345
Costo Reducido: 1261.09526219
Nodos: [105, 9, 44, 24, 59, 10, 45, 22, 57, 18, 53, 34, 69, 19, 25, 60, 54, 715]
q: [0.0, 11.0, -11.0, 11.0, -11.0, 12.0, -12.0, 10.0, -10.0, 10.0, -10.0, 8.0, -8.0, 7.0, 8.0, -8.0, -7.0, 0.0]
Q: [0.0, 11.0, 0.0, 11.0, 0.0, 12.0, 0.0, 10.0, 0.0, 10.0, 0.0, 8.0, 0.0, 7.0, 15.0, 7.0, 0.0, 0.0]
B: [0.0, 31.4915482312, 61.0187852337, 85.1590351288, 123.6719854313, 135.4579161116, 164.97742684600001, 299.0, 320.7546861389, 334.15512273630003, 357.973358985, 381.4440699457, 417.8842001595, 438.4240164196, 447.81602365979995, 465.00100596989995, 481.78786240579996, 517.4695461805]
