Avion: 2      Iteracion: 22

Num Ruta: 17
Ingresos: 1192.082
Costos: 550.474182941
Utilidad Ruta: 641.607817059
Costo Reducido: 106.003370475
Nodos: [102, 16, 51, 9, 44, 22, 35, 70, 57, 31, 66, 8, 43, 13, 48, 712]
q: [0.0, 9.0, -9.0, 11.0, -11.0, 7.0, 8.0, -8.0, -7.0, 9.0, -9.0, 8.0, -8.0, 15.0, -15.0, 0.0]
Q: [0.0, 9.0, 0.0, 11.0, 0.0, 7.0, 15.0, 7.0, 0.0, 9.0, 0.0, 8.0, 0.0, 15.0, 0.0, 0.0]
B: [0.0, 36.0, 45.624091437640004, 75.68094759394, 105.20818459644, 299.0, 315.4214191835, 327.3441581725, 349.770699279, 406.0, 434.325479078, 443.10832519984, 463.87672181584, 466.08739795675, 482.97054890675, 498.36102518265]
