Avion: 4      Iteracion: 73

Num Ruta: 42
Ingresos: 1637.137
Costos: 401.043304449
Utilidad Ruta: 1236.09369555
Costo Reducido: 32.4797642752
Nodos: [104, 17, 52, 30, 16, 51, 65, 24, 59, 31, 33, 66, 68, 29, 64, 714]
q: [0.0, 5.0, -5.0, 6.0, 9.0, -9.0, -6.0, 11.0, -11.0, 9.0, 5.0, -9.0, -5.0, 9.0, -9.0, 0.0]
Q: [0.0, 5.0, 0.0, 6.0, 15.0, 6.0, 0.0, 11.0, 0.0, 9.0, 14.0, 5.0, 0.0, 9.0, 0.0, 0.0]
B: [0.0, 24.0, 58.8425537813, 64.0, 72.20259129788, 81.82668273552001, 84.69783929691, 109.43181018721, 147.94476048971, 406.0, 443.5012702852, 465.8994317276, 496.8512225805, 549.0, 582.7797797802, 609.550209829]
