Avion: 3      Iteracion: 45

Num Ruta: 32
Ingresos: 821.767
Costos: 398.305275156
Utilidad Ruta: 423.461724844
Costo Reducido: 51.7244201627
Nodos: [103, 16, 51, 10, 45, 34, 69, 6, 41, 5, 33, 40, 68, 713]
q: [0, 9.0, -9.0, 12.0, -12.0, 8.0, -8.0, 4.0, -4.0, 9.0, 5.0, -9.0, -5.0, 0]
Q: [0, 9.0, 0.0, 12.0, 0.0, 8.0, 0.0, 4.0, 0.0, 9.0, 14.0, 5.0, 0.0, 0]
B: [0.0, 36.0, 45.624091437640004, 96.0, 125.5195107344, 322.0, 358.4401302138, 436.0, 439.69228939819, 469.0, 482.6981671767, 495.9883458813, 525.0007204997, 528.69559600505]
