Avion: 1      Iteracion: 59

Num Ruta: 55
Ingresos: 1946.47
Costos: 360.72747504
Utilidad Ruta: 1585.74252496
Costo Reducido: 35.2250726285
Nodos: [101, 30, 65, 24, 59, 1, 36, 35, 70, 32, 67, 26, 61, 31, 19, 66, 8, 54, 43, 711]
q: [0.0, 11.0, -11.0, 11.0, -11.0, 7.0, -7.0, 8.0, -8.0, 11.0, -11.0, 10.0, -10.0, 9.0, 6.0, -9.0, 8.0, -6.0, -8.0, 0.0]
Q: [0.0, 11.0, 0.0, 11.0, 0.0, 7.0, 0.0, 8.0, 0.0, 11.0, 0.0, 10.0, 0.0, 9.0, 15.0, 6.0, 14.0, 8.0, 0.0, 0.0]
B: [0.0, 64.0, 82.7140226568, 107.4479935471, 145.9609438496, 175.0, 209.2400855285, 270.0, 281.922738989, 309.0, 319.4016530417, 332.1221722921, 349.7014002615, 406.0, 427.4250045741, 443.5262214225, 452.30906754434, 470.26602697514, 473.19414616669997, 478.90327744913]
