Avion: 1      Iteracion: 53

Num Ruta: 49
Ingresos: 2138.511
Costos: 398.453361174
Utilidad Ruta: 1740.05763883
Costo Reducido: 39.4195513062
Nodos: [101, 30, 16, 51, 65, 24, 59, 1, 36, 35, 70, 22, 57, 18, 53, 31, 19, 66, 8, 54, 43, 711]
q: [0.0, 6.0, 9.0, -9.0, -6.0, 11.0, -11.0, 7.0, -7.0, 8.0, -8.0, 10.0, -10.0, 10.0, -10.0, 9.0, 6.0, -9.0, 8.0, -6.0, -8.0, 0.0]
Q: [0.0, 6.0, 15.0, 6.0, 0.0, 11.0, 0.0, 7.0, 0.0, 8.0, 0.0, 10.0, 0.0, 10.0, 0.0, 9.0, 15.0, 6.0, 14.0, 8.0, 0.0, 0.0]
B: [0.0, 64.0, 72.20259129788, 81.82668273552001, 84.69783929691, 109.43181018721, 147.94476048971, 175.0, 209.2400855285, 270.0, 281.922738989, 299.64604976889996, 321.40073590779997, 334.8011725052, 358.61940875389996, 406.0, 427.4250045741, 443.5262214225, 452.30906754434, 470.26602697514, 473.19414616669997, 478.90327744913]
