Avion: 4      Iteracion: 83

Num Ruta: 48
Ingresos: 1638.529
Costos: 388.373709891
Utilidad Ruta: 1250.15529011
Costo Reducido: 57.0914828803
Nodos: [104, 17, 52, 35, 70, 32, 67, 26, 34, 61, 69, 33, 13, 48, 68, 29, 64, 714]
q: [0.0, 5.0, -5.0, 8.0, -8.0, 11.0, -11.0, 7.0, 8.0, -7.0, -8.0, 5.0, 10.0, -10.0, -5.0, 9.0, -9.0, 0.0]
Q: [0.0, 5.0, 0.0, 8.0, 0.0, 11.0, 0.0, 7.0, 15.0, 8.0, 0.0, 5.0, 15.0, 5.0, 0.0, 9.0, 0.0, 0.0]
B: [0.0, 24.0, 58.8425537813, 270.0, 281.922738989, 309.0, 319.4016530417, 332.1221722921, 348.0493993263, 362.9626454183, 387.9493993691, 437.0, 462.372931896, 479.256082846, 484.60413314494, 549.0, 582.7797797802, 609.550209829]
