Avion: 1      Iteracion: 34

Num Ruta: 32
Ingresos: 1216.4
Costos: 283.325435511
Utilidad Ruta: 933.074564489
Costo Reducido: 62.4382581279
Nodos: [101, 30, 65, 24, 59, 31, 19, 66, 8, 54, 43, 711]
q: [0.0, 11.0, -11.0, 11.0, -11.0, 8.0, 7.0, -8.0, 8.0, -7.0, -8.0, 0.0]
Q: [0.0, 11.0, 0.0, 11.0, 0.0, 8.0, 15.0, 7.0, 15.0, 8.0, 0.0, 0.0]
B: [0.0, 64.0, 82.7140226568, 107.4479935471, 145.9609438496, 406.0, 427.4250045741, 443.5262214225, 452.30906754434, 470.26602697514, 473.19414616669997, 478.90327744913]
