Avion: 7      Iteracion: 104

Num Ruta: 61
Ingresos: 724.005
Costos: 311.989008906
Utilidad Ruta: 412.015991094
Costo Reducido: 2.33715487349
Nodos: [107, 14, 49, 8, 43, 29, 27, 64, 62, 717]
q: [0, 8.0, -8.0, 8.0, -8.0, 9.0, 6.0, -9.0, -6.0, 0]
Q: [0, 8.0, 0.0, 8.0, 0.0, 9.0, 15.0, 6.0, 0.0, 0]
B: [0.0, 112.0, 124.021711775, 414.0, 434.768396616, 549.0, 574.6018082369, 582.8182362320799, 598.26561380888, 621.71060212198]
