Avion: 7      Iteracion: 25

Num Ruta: 27
Ingresos: 1326.476
Costos: 464.472614746
Utilidad Ruta: 862.003385254
Costo Reducido: 88.81117934
Nodos: [107, 17, 52, 14, 49, 35, 70, 32, 67, 33, 68, 29, 4, 39, 64, 717]
q: [0, 5.0, -5.0, 8.0, -8.0, 8.0, -8.0, 11.0, -11.0, 5.0, -5.0, 9.0, 3.0, -3.0, -9.0, 0]
Q: [0, 5.0, 0.0, 8.0, 0.0, 8.0, 0.0, 11.0, 0.0, 5.0, 0.0, 9.0, 12.0, 9.0, 0.0, 0]
B: [0.0, 45.942580685, 80.78513446630001, 112.0, 124.021711775, 270.0, 281.922738989, 309.0, 319.4016530417, 437.0, 478.9526650524, 549.0, 569.7100026316, 590.1357523117999, 602.3548233485, 639.8192121064]
