Avion: 5      Iteracion: 46

Num Ruta: 43
Ingresos: 584.402
Costos: 288.48835196
Utilidad Ruta: 295.91364804
Costo Reducido: 38.2472245092
Nodos: [105, 24, 59, 22, 57, 715]
q: [0, 11.0, -11.0, 10.0, -10.0, 0]
Q: [0, 11.0, 0.0, 10.0, 0.0, 0]
B: [0.0, 61.0, 99.5129503025, 299.0, 320.7546861389, 329.90781505747003]
