Avion: 6      Iteracion: 75

Num Ruta: 48
Ingresos: 603.386
Costos: 238.208563918
Utilidad Ruta: 365.177436082
Costo Reducido: 35.9213462095
Nodos: [106, 34, 69, 33, 13, 48, 68, 716]
q: [0.0, 8.0, -8.0, 5.0, 10.0, -10.0, -5.0, 0.0]
Q: [0.0, 8.0, 0.0, 5.0, 15.0, 5.0, 0.0, 0.0]
B: [0.0, 322.0, 358.4401302138, 437.0, 462.372931896, 479.256082846, 484.60413314494, 508.49657707604]
