Avion: 1      Iteracion: 74

Num Ruta: 66
Ingresos: 1689.466
Costos: 343.900610168
Utilidad Ruta: 1345.56538983
Costo Reducido: 27.6302520911
Nodos: [101, 30, 65, 24, 59, 1, 36, 35, 70, 32, 67, 34, 8, 69, 19, 54, 43, 711]
q: [0.0, 11.0, -11.0, 11.0, -11.0, 7.0, -7.0, 8.0, -8.0, 11.0, -11.0, 8.0, 7.0, -8.0, 7.0, -7.0, -7.0, 0.0]
Q: [0.0, 11.0, 0.0, 11.0, 0.0, 7.0, 0.0, 8.0, 0.0, 11.0, 0.0, 8.0, 15.0, 7.0, 14.0, 7.0, 0.0, 0.0]
B: [0.0, 64.0, 82.7140226568, 107.4479935471, 145.9609438496, 175.0, 209.2400855285, 270.0, 281.922738989, 309.0, 319.4016530417, 346.1750898215, 414.0, 416.64617497532, 437.18599123542, 463.81310752691996, 466.74122671847994, 472.45035800090994]
