Avion: 1      Iteracion: 97

Num Ruta: 85
Ingresos: 2713.116
Costos: 512.898724399
Utilidad Ruta: 2200.2172756
Costo Reducido: 38.4898885134
Nodos: [101, 30, 16, 51, 65, 24, 59, 1, 36, 3, 38, 35, 70, 32, 67, 26, 34, 61, 69, 8, 19, 54, 43, 13, 48, 21, 4, 56, 27, 39, 62, 711]
q: [0.0, 11.0, 4.0, -4.0, -11.0, 11.0, -11.0, 7.0, -7.0, 13.0, -13.0, 8.0, -8.0, 11.0, -11.0, 7.0, 8.0, -7.0, -8.0, 8.0, 0.0, 0.0, -8.0, 15.0, -15.0, 12.0, 3.0, -12.0, 6.0, -3.0, -6.0, 0.0]
Q: [0.0, 11.0, 15.0, 11.0, 0.0, 11.0, 0.0, 7.0, 0.0, 13.0, 0.0, 8.0, 0.0, 11.0, 0.0, 7.0, 15.0, 8.0, 0.0, 8.0, 8.0, 8.0, 0.0, 15.0, 0.0, 12.0, 15.0, 3.0, 9.0, 6.0, 0.0, 0.0]
B: [0.0, 64.0, 72.20259129788, 81.82668273552001, 84.69783929691, 109.43181018721, 147.94476048971, 175.0, 209.2400855285, 256.0, 261.08428175852, 274.08526633661995, 286.00800532561993, 309.0, 319.4016530417, 332.1221722921, 348.0493993263, 362.9626454183, 387.9493993691, 414.0, 437.1608815463, 463.7879978378, 466.71611702935996, 468.92679317026995, 485.80994412026996, 501.32134051126997, 529.0, 558.169797411, 571.3472456086, 587.6980581878, 593.11331672272, 607.2307078769201]
