Avion: 1      Iteracion: 28

Num Ruta: 26
Ingresos: 1880.851
Costos: 515.542757047
Utilidad Ruta: 1365.30824295
Costo Reducido: 13.0803658911
Nodos: [101, 30, 65, 24, 59, 1, 36, 32, 67, 28, 31, 63, 66, 33, 68, 4, 27, 39, 62, 711]
q: [0, 11.0, -11.0, 11.0, -11.0, 7.0, -7.0, 11.0, -11.0, 6.0, 9.0, -6.0, -9.0, 5.0, -5.0, 3.0, 6.0, -3.0, -6.0, 0]
Q: [0, 11.0, 0.0, 11.0, 0.0, 7.0, 0.0, 11.0, 0.0, 6.0, 15.0, 9.0, 0.0, 5.0, 0.0, 3.0, 9.0, 6.0, 0.0, 0]
B: [0.0, 64.0, 82.7140226568, 107.4479935471, 145.9609438496, 175.0, 209.2400855285, 309.0, 319.4016530417, 378.0, 406.0, 426.4968799577, 454.9113116606, 477.309473103, 519.2621381554001, 536.5796721889001, 554.1944467262001, 570.5452593054001, 575.9605178403201, 590.0779089945202]
