Avion: 2      Iteracion: 28

Num Ruta: 21
Ingresos: 977.149
Costos: 472.583689712
Utilidad Ruta: 504.565310288
Costo Reducido: 31.6250385552
Nodos: [102, 16, 51, 10, 45, 34, 69, 19, 54, 13, 48, 712]
q: [0, 9.0, -9.0, 12.0, -12.0, 8.0, -8.0, 7.0, -7.0, 15.0, -15.0, 0]
Q: [0, 9.0, 0.0, 12.0, 0.0, 8.0, 0.0, 7.0, 0.0, 15.0, 0.0, 0]
B: [0.0, 36.0, 45.624091437640004, 96.0, 125.5195107344, 322.0, 358.4401302138, 402.0, 428.6271162915, 432.85473559792, 449.73788654792, 465.12836282382]
