Avion: 3      Iteracion: 103

Num Ruta: 50
Ingresos: 1564.55
Costos: 307.625538632
Utilidad Ruta: 1256.92446137
Costo Reducido: 39.0028969437
Nodos: [103, 24, 16, 51, 59, 11, 46, 21, 56, 2, 37, 713]
q: [0.0, 11.0, 4.0, -4.0, -11.0, 6.0, -6.0, 12.0, -12.0, 10.0, -10.0, 0.0]
Q: [0.0, 11.0, 15.0, 11.0, 0.0, 6.0, 0.0, 12.0, 0.0, 10.0, 0.0, 0.0]
B: [0.0, 61.0, 78.5726369108, 88.19672834844, 114.98601226944001, 169.0, 173.05406684701, 477.0, 517.7387906792, 541.5898044103, 582.3247664577, 592.4196675469]
