Avion: 1      Iteracion: 32

Num Ruta: 30
Ingresos: 1167.74
Costos: 347.318876416
Utilidad Ruta: 820.421123584
Costo Reducido: 17.5734603237
Nodos: [101, 30, 65, 24, 59, 1, 36, 29, 27, 64, 62, 711]
q: [0, 11.0, -11.0, 11.0, -11.0, 7.0, -7.0, 9.0, 6.0, -9.0, -6.0, 0]
Q: [0, 11.0, 0.0, 11.0, 0.0, 7.0, 0.0, 9.0, 15.0, 6.0, 0.0, 0]
B: [0.0, 64.0, 82.7140226568, 107.4479935471, 145.9609438496, 175.0, 209.2400855285, 549.0, 574.6018082369, 582.8182362320799, 598.26561380888, 612.38300496308]
