Avion: 5      Iteracion: 5

Num Ruta: 9
Ingresos: 2201.458
Costos: 563.672444046
Utilidad Ruta: 1637.78555595
Costo Reducido: 971.478274197
Nodos: [105, 17, 52, 30, 65, 10, 45, 3, 38, 35, 70, 22, 57, 18, 53, 28, 63, 25, 60, 8, 5, 40, 43, 715]
q: [0.0, 5.0, -5.0, 11.0, -11.0, 12.0, -12.0, 13.0, -13.0, 8.0, -8.0, 10.0, -10.0, 10.0, -10.0, 6.0, -6.0, 10.0, -10.0, 8.0, 7.0, -7.0, -8.0, 0.0]
Q: [0.0, 5.0, 0.0, 11.0, 0.0, 12.0, 0.0, 13.0, 0.0, 8.0, 0.0, 10.0, 0.0, 10.0, 0.0, 6.0, 0.0, 10.0, 0.0, 8.0, 15.0, 8.0, 0.0, 0.0]
B: [0.0, 35.8094227823, 70.65197656359999, 73.79643104728999, 92.51045370408998, 111.20350399018999, 140.72301472458997, 256.0, 261.08428175852, 274.08526633661995, 286.00800532561993, 303.7313161055199, 325.4860022444199, 338.88643884181994, 362.7046750905199, 378.0, 414.0266187839, 417.35999740026, 434.54497971036, 460.36557956786, 473.29394876125997, 474.41563766644, 484.89361466584, 523.49939859774]
