Avion: 2      Iteracion: 57

Num Ruta: 43
Ingresos: 1799.606
Costos: 435.161316265
Utilidad Ruta: 1364.44468374
Costo Reducido: 110.563704806
Nodos: [102, 16, 51, 9, 44, 35, 70, 22, 57, 26, 61, 13, 48, 20, 4, 39, 55, 2, 37, 712]
q: [0, 9.0, -9.0, 11.0, -11.0, 8.0, -8.0, 10.0, -10.0, 10.0, -10.0, 15.0, -15.0, 0.0, 3.0, -3.0, -0.0, 10.0, -10.0, 0]
Q: [0, 9.0, 0.0, 11.0, 0.0, 8.0, 0.0, 10.0, 0.0, 10.0, 0.0, 15.0, 0.0, 0.0, 3.0, 0.0, 0.0, 10.0, 0.0, 0]
B: [0.0, 36.0, 45.624091437640004, 75.68094759394, 105.20818459644, 270.0, 281.922738989, 299.64604976889996, 321.40073590779997, 357.73373932069995, 375.31296729009995, 423.0, 439.88315095, 496.0, 529.0, 549.4257496801999, 561.2869729308, 568.6172701962599, 609.35223224366, 613.46797871301]
