Avion: 3      Iteracion: 75

Num Ruta: 45
Ingresos: 815.972
Costos: 281.538759765
Utilidad Ruta: 534.433240235
Costo Reducido: 21.1112127492
Nodos: [103, 11, 46, 26, 61, 34, 69, 33, 68, 713]
q: [0, 6.0, -6.0, 10.0, -10.0, 8.0, -8.0, 5.0, -5.0, 0]
Q: [0, 6.0, 0.0, 10.0, 0.0, 8.0, 0.0, 5.0, 0.0, 0]
B: [0.0, 169.0, 173.05406684701, 300.0, 317.5792279694, 332.4924740614, 368.9326042752, 437.0, 478.9526650524, 482.64754055775]
