Avion: 4      Iteracion: 37

Num Ruta: 27
Ingresos: 463.646
Costos: 312.801865361
Utilidad Ruta: 150.844134639
Costo Reducido: 20.1243512651
Nodos: [104, 10, 45, 33, 68, 714]
q: [0, 12.0, -12.0, 5.0, -5.0, 0]
Q: [0, 12.0, 0.0, 5.0, 0.0, 0]
B: [0.0, 96.0, 125.5195107344, 437.0, 478.9526650524, 495.1270820434]
