Avion: 2      Iteracion: 9

Num Ruta: 8
Ingresos: 666.634
Costos: 524.398183658
Utilidad Ruta: 142.235816342
Costo Reducido: 60.2959159897
Nodos: [102, 9, 12, 44, 10, 45, 47, 28, 63, 712]
q: [0, 11.0, 0.0, -11.0, 12.0, -12.0, -0.0, 6.0, -6.0, 0]
Q: [0, 11.0, 11.0, 0.0, 12.0, 0.0, 0.0, 6.0, 0.0, 0]
B: [0.0, 29.8362865317, 54.0, 64.7870367571, 96.0, 125.5195107344, 153.0340432218, 378.0, 414.0266187839, 422.05956058625003]
