Avion: 3      Iteracion: 47

Num Ruta: 33
Ingresos: 162.066
Costos: 155.309244101
Utilidad Ruta: 6.75675589935
Costo Reducido: 7.80543837688
Nodos: [103, 11, 46, 13, 48, 713]
q: [0, 6.0, -6.0, 15.0, -15.0, 0]
Q: [0, 6.0, 0.0, 15.0, 0.0, 0]
B: [0.0, 169.0, 173.05406684701, 423.0, 439.88315095, 442.65763919110003]
