Avion: 2      Iteracion: 42

Num Ruta: 31
Ingresos: 1633.519
Costos: 529.407533813
Utilidad Ruta: 1104.11146619
Costo Reducido: 9.11848165387
Nodos: [102, 16, 51, 24, 59, 10, 45, 26, 61, 34, 69, 19, 25, 60, 54, 13, 48, 712]
q: [0.0, 9.0, -9.0, 11.0, -11.0, 12.0, -12.0, 10.0, -10.0, 8.0, -8.0, 7.0, 8.0, -8.0, -7.0, 15.0, -15.0, 0.0]
Q: [0.0, 9.0, 0.0, 11.0, 0.0, 12.0, 0.0, 10.0, 0.0, 8.0, 0.0, 7.0, 15.0, 7.0, 0.0, 15.0, 0.0, 0.0]
B: [0.0, 36.0, 45.624091437640004, 70.85029051714, 109.36324081964, 121.14917149994, 150.66868223434, 300.0, 317.5792279694, 332.4924740614, 368.9326042752, 402.0, 411.3920072402, 428.57698955029997, 445.3638459862, 449.59146529262, 466.47461624262, 481.86509251852]
