Avion: 7      Iteracion: 22

Num Ruta: 24
Ingresos: 1027.341
Costos: 349.541069229
Utilidad Ruta: 677.799930771
Costo Reducido: 39.3376900556
Nodos: [107, 31, 66, 21, 56, 27, 62, 717]
q: [0, 9.0, -9.0, 12.0, -12.0, 6.0, -6.0, 0]
Q: [0, 9.0, 0.0, 12.0, 0.0, 6.0, 0.0, 0]
B: [0.0, 406.0, 434.325479078, 477.0, 517.7387906792, 538.0, 555.0308623681, 578.4758506812]
