Avion: 1      Iteracion: 73

Num Ruta: 65
Ingresos: 1381.005
Costos: 427.571877244
Utilidad Ruta: 953.433122756
Costo Reducido: 56.9267969809
Nodos: [101, 30, 16, 51, 65, 24, 59, 1, 36, 35, 70, 32, 67, 34, 69, 31, 19, 66, 8, 54, 43, 711]
q: [0.0, 6.0, 9.0, -9.0, -6.0, 11.0, -11.0, 7.0, -7.0, 8.0, -8.0, 11.0, -11.0, 8.0, -8.0, 9.0, 0.0, -9.0, 0.0, 0.0, 0.0, 0.0]
Q: [0.0, 6.0, 15.0, 6.0, 0.0, 11.0, 0.0, 7.0, 0.0, 8.0, 0.0, 11.0, 0.0, 8.0, 0.0, 9.0, 9.0, 0.0, 0.0, 0.0, 0.0, 0.0]
B: [0.0, 64.0, 72.20259129788, 81.82668273552001, 84.69783929691, 109.43181018721, 147.94476048971, 175.0, 209.2400855285, 270.0, 281.922738989, 309.0, 319.4016530417, 346.1750898215, 382.6152200353, 409.7359641438, 431.1609687179, 447.2621855663, 456.04503168814, 474.00199111894, 476.93011031049997, 482.63924159293]
