Avion: 1      Iteracion: 23

Num Ruta: 22
Ingresos: 1586.273
Costos: 396.409727871
Utilidad Ruta: 1189.86327213
Costo Reducido: 110.017786366
Nodos: [101, 30, 65, 24, 59, 1, 36, 35, 70, 18, 53, 34, 69, 19, 54, 711]
q: [0, 11.0, -11.0, 11.0, -11.0, 7.0, -7.0, 8.0, -8.0, 10.0, -10.0, 8.0, -8.0, 7.0, -7.0, 0]
Q: [0, 11.0, 0.0, 11.0, 0.0, 7.0, 0.0, 8.0, 0.0, 10.0, 0.0, 8.0, 0.0, 7.0, 0.0, 0]
B: [0.0, 64.0, 82.7140226568, 107.4479935471, 145.9609438496, 175.0, 209.2400855285, 270.0, 281.922738989, 302.3408921131, 326.15912836179996, 349.62983932249995, 386.06996953629994, 406.60978579639993, 433.2369020878999, 437.9824290343999]
