Avion: 3      Iteracion: 31

Num Ruta: 25
Ingresos: 175.714
Costos: 227.110808396
Utilidad Ruta: -51.3968083955
Costo Reducido: 22.6637812361
Nodos: [103, 9, 44, 713]
q: [0, 11.0, -11.0, 0]
Q: [0, 11.0, 0.0, 0]
B: [0.0, 37.2069129329, 66.73414993540001, 87.11080839550002]
