Avion: 4      Iteracion: 18

Num Ruta: 16
Ingresos: 532.04
Costos: 235.484372764
Utilidad Ruta: 296.555627236
Costo Reducido: 53.299973383
Nodos: [104, 17, 52, 13, 48, 714]
q: [0, 5.0, -5.0, 15.0, -15.0, 0]
Q: [0, 5.0, 0.0, 15.0, 0.0, 0]
B: [0.0, 24.0, 58.8425537813, 423.0, 439.88315095, 451.5624516568]
