Avion: 4      Iteracion: 27

Num Ruta: 21
Ingresos: 1192.551
Costos: 287.017238592
Utilidad Ruta: 905.533761408
Costo Reducido: 59.881609762
Nodos: [104, 17, 52, 30, 16, 51, 65, 33, 68, 29, 64, 714]
q: [0.0, 5.0, -5.0, 11.0, 4.0, -4.0, -11.0, 5.0, -5.0, 9.0, -9.0, 0.0]
Q: [0.0, 5.0, 0.0, 11.0, 15.0, 11.0, 0.0, 5.0, 0.0, 9.0, 0.0, 0.0]
B: [0.0, 24.0, 58.8425537813, 64.0, 72.20259129788, 81.82668273552001, 84.69783929691, 437.0, 478.9526650524, 549.0, 582.7797797802, 609.550209829]
