Avion: 5      Iteracion: 34

Num Ruta: 35
Ingresos: 985.459
Costos: 402.712656664
Utilidad Ruta: 582.746343336
Costo Reducido: 40.8015211072
Nodos: [105, 30, 65, 10, 45, 32, 67, 8, 43, 13, 31, 48, 66, 715]
q: [0.0, 11.0, -11.0, 12.0, -12.0, 11.0, -11.0, 8.0, -8.0, 6.0, 9.0, -6.0, -9.0, 0.0]
Q: [0.0, 11.0, 0.0, 12.0, 0.0, 11.0, 0.0, 8.0, 0.0, 6.0, 15.0, 9.0, 0.0, 0.0]
B: [0.0, 64.0, 82.7140226568, 101.4070729429, 130.92658367730002, 309.0, 319.4016530417, 414.0, 434.768396616, 436.97907275691, 452.11628848501, 456.57380191741, 489.31098091931, 503.06372468191]
