Avion: 4      Iteracion: 1

Num Ruta: 4
Ingresos: 3893.124
Costos: 673.371666484
Utilidad Ruta: 3219.75233352
Costo Reducido: 2862.59796777
Nodos: [104, 17, 52, 30, 65, 16, 51, 10, 45, 23, 58, 26, 61, 22, 57, 28, 31, 63, 66, 21, 4, 39, 56, 29, 64, 714]
q: [0, 5.0, -5.0, 11.0, -11.0, 9.0, -9.0, 12.0, -12.0, 10.0, -10.0, 10.0, -10.0, 10.0, -10.0, 6.0, 9.0, -6.0, -9.0, 12.0, 3.0, -3.0, -12.0, 9.0, -9.0, 0]
Q: [0, 5.0, 0.0, 11.0, 0.0, 9.0, 0.0, 12.0, 0.0, 10.0, 0.0, 10.0, 0.0, 10.0, 0.0, 6.0, 15.0, 9.0, 0.0, 12.0, 15.0, 12.0, 0.0, 9.0, 0.0, 0]
B: [0.0, 24.0, 58.8425537813, 64.0, 82.7140226568, 93.53069441849999, 103.15478585614, 118.98406306644, 148.50357380084, 267.0, 306.733842905, 326.4202156791, 343.9994436485, 357.6336242986, 379.3883104375, 422.43947413840004, 438.05569368730005, 458.55257364500005, 486.96700534790006, 510.43284402880005, 529.0, 549.4257496801999, 566.2286940948, 604.6819905724999, 638.4617703526999, 665.2322004014999]
