Avion: 1      Iteracion: 58

Num Ruta: 54
Ingresos: 1414.734
Costos: 384.32398334
Utilidad Ruta: 1030.41001666
Costo Reducido: 103.888977049
Nodos: [101, 30, 16, 51, 65, 24, 59, 1, 36, 35, 70, 32, 67, 26, 61, 34, 8, 69, 19, 54, 43, 711]
q: [0.0, 11.0, 4.0, -4.0, -11.0, 11.0, -11.0, 0.0, 0.0, 8.0, -8.0, 11.0, -11.0, 10.0, -10.0, 8.0, 0.0, -8.0, 7.0, -7.0, 0.0, 0.0]
Q: [0.0, 11.0, 15.0, 11.0, 0.0, 11.0, 0.0, 0.0, 0.0, 8.0, 0.0, 11.0, 0.0, 10.0, 0.0, 8.0, 8.0, 0.0, 7.0, 0.0, 0.0, 0.0]
B: [0.0, 64.0, 72.20259129788, 81.82668273552001, 84.69783929691, 109.43181018721, 147.94476048971, 175.0, 209.2400855285, 270.0, 281.922738989, 309.0, 319.4016530417, 332.1221722921, 349.7014002615, 364.6146463535, 414.0, 416.64617497532, 437.18599123542, 463.81310752691996, 466.74122671847994, 472.45035800090994]
