Avion: 4      Iteracion: 113

Num Ruta: 66
Ingresos: 2030.042
Costos: 382.866882462
Utilidad Ruta: 1647.17511754
Costo Reducido: 13.2029116754
Nodos: [104, 17, 52, 9, 44, 18, 53, 31, 66, 25, 60, 21, 4, 39, 56, 714]
q: [0, 5.0, -5.0, 11.0, -11.0, 10.0, -10.0, 9.0, -9.0, 10.0, -10.0, 12.0, 3.0, -3.0, -12.0, 0]
Q: [0, 5.0, 0.0, 11.0, 0.0, 10.0, 0.0, 9.0, 0.0, 10.0, 0.0, 12.0, 15.0, 12.0, 0.0, 0]
B: [0.0, 24.0, 58.8425537813, 81.72911018459999, 111.25634718709999, 293.0, 316.8182362487, 406.0, 434.325479078, 459.752616235, 476.9375985451, 485.1063120301, 529.0, 549.4257496801999, 566.2286940948, 595.1194999853]
