Avion: 7      Iteracion: 7

Num Ruta: 11
Ingresos: 2846.453
Costos: 440.484040033
Utilidad Ruta: 2405.96895997
Costo Reducido: 938.167495759
Nodos: [107, 14, 49, 3, 38, 23, 58, 18, 53, 34, 69, 8, 19, 54, 43, 13, 48, 21, 4, 56, 39, 717]
q: [0, 8.0, -8.0, 13.0, -13.0, 10.0, -10.0, 10.0, -10.0, 8.0, -8.0, 8.0, 7.0, -7.0, -8.0, 15.0, -15.0, 12.0, 3.0, -12.0, -3.0, 0]
Q: [0, 8.0, 0.0, 13.0, 0.0, 10.0, 0.0, 10.0, 0.0, 8.0, 0.0, 8.0, 15.0, 8.0, 0.0, 15.0, 0.0, 12.0, 15.0, 3.0, 0.0, 0]
B: [0.0, 112.0, 124.021711775, 256.0, 261.08428175852, 267.0, 306.733842905, 332.1731543147, 355.9913905634, 379.4621015241, 415.90223173789997, 418.54840671321995, 441.70928825951995, 468.33640455101994, 471.2645237425799, 473.4751998834899, 490.3583508334899, 505.8697472244899, 529.0, 558.169797411, 574.9727418256, 603.7202095402]
