Avion: 2      Iteracion: 11

Num Ruta: 9
Ingresos: 243.241
Costos: 470.254048763
Utilidad Ruta: -227.013048763
Costo Reducido: 31.7265673853
Nodos: [102, 9, 12, 44, 16, 51, 47, 712]
q: [0, 11.0, 0.0, -11.0, 9.0, -9.0, -0.0, 0]
Q: [0, 11.0, 11.0, 0.0, 9.0, 0.0, 0.0, 0]
B: [0.0, 29.8362865317, 54.0, 64.7870367571, 88.51682093229999, 98.14091236994, 118.37719525494, 153.58303830694]
