Avion: 1      Iteracion: 91

Num Ruta: 80
Ingresos: 2572.81
Costos: 576.45903578
Utilidad Ruta: 1996.35096422
Costo Reducido: 105.804858148
Nodos: [101, 10, 45, 35, 70, 22, 57, 18, 53, 31, 19, 66, 8, 33, 54, 43, 68, 21, 4, 56, 27, 39, 62, 711]
q: [0.0, 12.0, -12.0, 8.0, -8.0, 10.0, -10.0, 10.0, -10.0, 9.0, 2.0, -9.0, 8.0, 5.0, -2.0, -8.0, -5.0, 12.0, 3.0, -12.0, 6.0, -3.0, -6.0, 0.0]
Q: [0.0, 12.0, 0.0, 8.0, 0.0, 10.0, 0.0, 10.0, 0.0, 9.0, 11.0, 2.0, 10.0, 15.0, 13.0, 5.0, 0.0, 12.0, 15.0, 3.0, 9.0, 6.0, 0.0, 0.0]
B: [0.0, 96.0, 125.5195107344, 270.0, 281.922738989, 299.64604976889996, 321.40073590779997, 334.8011725052, 358.61940875389996, 406.0, 427.4250045741, 443.5262214225, 452.30906754434, 466.07372235293997, 487.62211612133996, 490.55023531289993, 512.5071163527999, 523.38659373, 538.3343820947999, 567.5041795057999, 580.6816277034, 597.0324402826, 602.44769881752, 616.56508997172]
