Avion: 4      Iteracion: 43

Num Ruta: 29
Ingresos: 2287.182
Costos: 561.585723744
Utilidad Ruta: 1725.59627626
Costo Reducido: 79.8923013786
Nodos: [104, 10, 45, 1, 11, 46, 36, 35, 70, 26, 34, 61, 22, 69, 57, 19, 54, 25, 60, 29, 27, 62, 64, 714]
q: [0.0, 12.0, -12.0, 7.0, 6.0, -6.0, -7.0, 8.0, -8.0, 7.0, 8.0, -7.0, 7.0, -8.0, -7.0, 7.0, -7.0, 10.0, -10.0, 9.0, 6.0, -6.0, -9.0, 0.0]
Q: [0.0, 12.0, 0.0, 7.0, 13.0, 7.0, 0.0, 8.0, 0.0, 7.0, 15.0, 8.0, 15.0, 7.0, 0.0, 7.0, 0.0, 10.0, 0.0, 9.0, 15.0, 9.0, 0.0, 0.0]
B: [0.0, 96.0, 125.5195107344, 175.0, 193.6808285951, 197.73489544211, 232.05062478011, 270.0, 281.922738989, 300.0, 322.0, 336.913246092, 350.5474267421, 365.1165933964, 375.70684372389996, 402.0, 428.6271162915, 460.3028294169, 477.487811727, 549.0, 574.6018082369, 591.6326706049999, 607.0800481818, 633.8504782306]
