Avion: 4      Iteracion: 93

Num Ruta: 52
Ingresos: 2239.389
Costos: 473.368050335
Utilidad Ruta: 1766.02094967
Costo Reducido: 48.274802595
Nodos: [104, 17, 52, 16, 51, 35, 70, 32, 67, 22, 57, 8, 19, 25, 60, 54, 43, 27, 62, 2, 37, 714]
q: [0.0, 5.0, -5.0, 9.0, -9.0, 8.0, -8.0, 11.0, -11.0, 10.0, -10.0, 8.0, 7.0, 0.0, 0.0, -7.0, -8.0, 6.0, -6.0, 10.0, -10.0, 0.0]
Q: [0.0, 5.0, 0.0, 9.0, 0.0, 8.0, 0.0, 11.0, 0.0, 10.0, 0.0, 8.0, 15.0, 15.0, 15.0, 8.0, 0.0, 6.0, 0.0, 10.0, 0.0, 0.0]
B: [0.0, 24.0, 58.8425537813, 64.17419311644, 73.79828455408, 270.0, 281.922738989, 309.0, 319.4016530417, 353.8662667781, 375.620952917, 414.0, 437.1608815463, 446.5528887865, 463.7378710966, 480.5247275325, 483.45284672405995, 538.0, 555.0308623681, 566.4829354555, 607.2178975029, 631.5792016140999]
