Avion: 6      Iteracion: 80

Num Ruta: 51
Ingresos: 1015.055
Costos: 296.697516844
Utilidad Ruta: 718.357483156
Costo Reducido: 51.9042272847
Nodos: [106, 34, 69, 33, 13, 48, 68, 29, 27, 62, 64, 716]
q: [0.0, 8.0, -8.0, 5.0, 10.0, -10.0, -5.0, 9.0, 6.0, -6.0, -9.0, 0.0]
Q: [0.0, 8.0, 0.0, 5.0, 15.0, 5.0, 0.0, 9.0, 15.0, 9.0, 0.0, 0.0]
B: [0.0, 322.0, 358.4401302138, 437.0, 462.372931896, 479.256082846, 484.60413314494, 549.0, 574.6018082369, 591.6326706049999, 607.0800481818, 627.4772554660999]
