Avion: 5      Iteracion: 26

Num Ruta: 29
Ingresos: 1203.115
Costos: 419.904161832
Utilidad Ruta: 783.210838168
Costo Reducido: 120.549448994
Nodos: [105, 10, 45, 33, 68, 4, 2, 39, 37, 715]
q: [0, 12.0, -12.0, 5.0, -5.0, 3.0, 10.0, -3.0, -10.0, 0]
Q: [0, 12.0, 0.0, 5.0, 0.0, 3.0, 13.0, 10.0, 0.0, 0]
B: [0.0, 96.0, 125.5195107344, 437.0, 478.9526650524, 529.0, 556.3715326023, 565.8259991129, 599.0192098946001, 635.0237530107]
