Avion: 3      Iteracion: 25

Num Ruta: 20
Ingresos: 349.023
Costos: 184.002164543
Utilidad Ruta: 165.020835457
Costo Reducido: 42.6234920688
Nodos: [103, 11, 46, 29, 64, 713]
q: [0, 6.0, -6.0, 9.0, -9.0, 0]
Q: [0, 6.0, 0.0, 9.0, 0.0, 0]
B: [0.0, 169.0, 173.05406684701, 549.0, 582.7797797802, 609.1306994036]
