Avion: 6      Iteracion: 16

Num Ruta: 14
Ingresos: 270.05
Costos: 203.397610924
Utilidad Ruta: 66.6523890759
Costo Reducido: 5.54122744128
Nodos: [106, 33, 68, 716]
q: [0, 5.0, -5.0, 0]
Q: [0, 5.0, 0.0, 0]
B: [0.0, 437.0, 478.9526650524, 502.8451089835]
