Avion: 2      Iteracion: 0

Num Ruta: 1
Ingresos: 793.046
Costos: 384.498067149
Utilidad Ruta: 408.547932851
Costo Reducido: -
Nodos: [102, 10, 45, 2, 37, 712]
q: [0, 12.0, -12.0, 10.0, -10.0, 0]
Q: [0, 12.0, 0.0, 10.0, 0.0, 0]
B: [0.0, 96.0, 125.5195107344, 522.0, 562.7349620474, 566.85070851675]
