Avion: 1      Iteracion: 30

Num Ruta: 28
Ingresos: 1009.544
Costos: 418.042001715
Utilidad Ruta: 591.501998285
Costo Reducido: 53.4387878357
Nodos: [101, 9, 44, 19, 54, 31, 66, 4, 27, 39, 62, 711]
q: [0, 11.0, -11.0, 7.0, -7.0, 9.0, -9.0, 3.0, 6.0, -3.0, -6.0, 0]
Q: [0, 11.0, 0.0, 7.0, 0.0, 9.0, 0.0, 3.0, 9.0, 6.0, 0.0, 0]
B: [0.0, 44.6232980628, 74.1505350653, 402.0, 428.6271162915, 445.7331557221, 474.0586348001, 529.0, 546.6147745373, 562.9655871165, 568.38084565142, 582.4982368056201]
