Avion: 2      Iteracion: 36

Num Ruta: 26
Ingresos: 2459.571
Costos: 554.590329409
Utilidad Ruta: 1904.98067059
Costo Reducido: 200.674714783
Nodos: [102, 9, 12, 44, 30, 16, 51, 65, 47, 10, 45, 32, 67, 26, 61, 34, 69, 8, 33, 43, 13, 48, 68, 20, 4, 39, 55, 2, 37, 712]
q: [0.0, 11.0, 0.0, -11.0, 11.0, 0.0, 0.0, -11.0, 0.0, 12.0, -12.0, 11.0, -11.0, 10.0, -10.0, 8.0, -8.0, 8.0, 5.0, -8.0, 10.0, -10.0, -5.0, 0.0, 3.0, -3.0, 0.0, 10.0, -10.0, 0.0]
Q: [0.0, 11.0, 11.0, 0.0, 11.0, 11.0, 11.0, 0.0, 0.0, 12.0, 0.0, 11.0, 0.0, 10.0, 0.0, 8.0, 0.0, 8.0, 13.0, 5.0, 15.0, 5.0, 0.0, 0.0, 3.0, 0.0, 0.0, 10.0, 0.0, 0.0]
B: [0.0, 29.8362865317, 54.0, 64.7870367571, 80.5749370925, 88.77752839038, 98.40161982802, 101.27277638941, 124.06863445620999, 132.78640481335998, 162.30591554775998, 309.0, 319.4016530417, 332.1221722921, 349.7014002615, 364.6146463535, 401.0547765673, 414.0, 437.0, 460.2743670161, 462.48504315700995, 479.36819410700997, 484.71624440594996, 496.0, 529.0, 549.4257496801999, 561.2869729308, 568.6172701962599, 609.35223224366, 613.46797871301]
