Avion: 6      Iteracion: 7

Num Ruta: 8
Ingresos: 2331.944
Costos: 495.479560281
Utilidad Ruta: 1836.46443972
Costo Reducido: 804.069351332
Nodos: [106, 16, 51, 14, 49, 3, 38, 35, 70, 18, 53, 34, 69, 31, 19, 66, 8, 5, 40, 54, 43, 21, 4, 56, 39, 716]
q: [0.0, 9.0, -9.0, 8.0, -8.0, 13.0, -13.0, 8.0, -8.0, 10.0, -10.0, 8.0, -8.0, 8.0, 7.0, -8.0, 8.0, 0.0, 0.0, -7.0, -8.0, 12.0, 3.0, -12.0, -3.0, 0.0]
Q: [0.0, 9.0, 0.0, 8.0, 0.0, 13.0, 0.0, 8.0, 0.0, 10.0, 0.0, 8.0, 0.0, 8.0, 15.0, 7.0, 15.0, 15.0, 15.0, 8.0, 0.0, 12.0, 15.0, 3.0, 0.0, 0.0]
B: [0.0, 36.0, 45.624091437640004, 112.0, 124.021711775, 256.0, 261.08428175852, 274.08526633661995, 286.00800532561993, 306.42615844971994, 330.2443946984199, 353.7151056591199, 390.1552358729199, 417.2759799814199, 438.7009845555199, 454.80220140391987, 463.5850475257599, 476.51341671915986, 477.6351056243399, 485.99104171791987, 488.91916090947984, 513.8833326161798, 529.0, 558.169797411, 574.9727418256, 589.6498566647]
