Avion: 6      Iteracion: 119

Num Ruta: 68
Ingresos: 1759.681
Costos: 345.272985489
Utilidad Ruta: 1414.40801451
Costo Reducido: 91.4957042457
Nodos: [106, 16, 51, 32, 67, 26, 34, 61, 69, 8, 33, 43, 6, 41, 5, 40, 68, 21, 56, 716]
q: [0.0, 9.0, -9.0, 11.0, -11.0, 7.0, 8.0, -7.0, -8.0, 8.0, 5.0, -8.0, 0.0, 0.0, 9.0, -9.0, -5.0, 12.0, -12.0, 0.0]
Q: [0.0, 9.0, 0.0, 11.0, 0.0, 7.0, 15.0, 8.0, 0.0, 8.0, 13.0, 5.0, 5.0, 5.0, 14.0, 5.0, 0.0, 12.0, 0.0, 0.0]
B: [0.0, 36.0, 45.624091437640004, 309.0, 319.4016530417, 332.1221722921, 348.0493993263, 362.9626454183, 387.9493993691, 414.0, 437.0, 460.2743670161, 469.46503864552994, 473.15732804371993, 491.5461882585199, 492.6678771636999, 521.6802517821, 532.5597291593, 573.2985198384999, 600.0104095695]
