Avion: 2      Iteracion: 107

Num Ruta: 70
Ingresos: 2048.385
Costos: 521.583233835
Utilidad Ruta: 1526.80176616
Costo Reducido: 13.8805197523
Nodos: [102, 16, 51, 10, 45, 32, 67, 26, 61, 34, 69, 8, 33, 43, 13, 48, 20, 68, 27, 62, 55, 2, 37, 712]
q: [0.0, 9.0, -9.0, 12.0, -12.0, 11.0, -11.0, 10.0, -10.0, 8.0, -8.0, 8.0, 5.0, -8.0, 0.0, 0.0, 0.0, -5.0, 6.0, -6.0, 0.0, 10.0, -10.0, 0.0]
Q: [0.0, 9.0, 0.0, 12.0, 0.0, 11.0, 0.0, 10.0, 0.0, 8.0, 0.0, 8.0, 13.0, 5.0, 5.0, 5.0, 5.0, 0.0, 6.0, 0.0, 0.0, 10.0, 0.0, 0.0]
B: [0.0, 36.0, 45.624091437640004, 96.0, 125.5195107344, 309.0, 319.4016530417, 332.1221722921, 349.7014002615, 364.6146463535, 401.0547765673, 414.0, 437.0, 460.2743670161, 462.48504315700995, 479.36819410700997, 496.0, 506.5907824546, 538.0, 555.0308623681, 571.1886281789999, 578.5189254444599, 619.2538874918599, 623.36963396121]
