Avion: 1      Iteracion: 12

Num Ruta: 12
Ingresos: 2696.69
Costos: 544.719013515
Utilidad Ruta: 2151.97098648
Costo Reducido: 335.818185211
Nodos: [101, 30, 65, 24, 59, 1, 36, 23, 32, 67, 26, 61, 58, 31, 19, 66, 8, 43, 54, 6, 41, 2, 4, 37, 27, 39, 62, 711]
q: [0.0, 11.0, -11.0, 11.0, -11.0, 0.0, 0.0, 4.0, 11.0, -11.0, 10.0, -10.0, -4.0, 9.0, 6.0, -9.0, 8.0, -8.0, -6.0, 4.0, -4.0, 10.0, 3.0, -10.0, 6.0, -3.0, -6.0, 0.0]
Q: [0.0, 11.0, 0.0, 11.0, 0.0, 0.0, 0.0, 4.0, 15.0, 4.0, 14.0, 4.0, 0.0, 9.0, 15.0, 6.0, 14.0, 6.0, 0.0, 4.0, 0.0, 10.0, 13.0, 3.0, 9.0, 6.0, 0.0, 0.0]
B: [0.0, 64.0, 82.7140226568, 107.4479935471, 145.9609438496, 175.0, 209.2400855285, 267.0, 309.0, 319.4016530417, 332.1221722921, 349.7014002615, 352.76847264408, 406.0, 427.4250045741, 443.5262214225, 452.30906754434, 473.07746416034, 476.0055833519, 487.79660234939996, 491.48889174758995, 522.0, 549.3715326023, 562.8222884175, 587.7879403817, 604.1387529609, 609.55401149582, 623.67140265002]
