Avion: 6      Iteracion: 107

Num Ruta: 64
Ingresos: 245.276
Costos: 185.742220936
Utilidad Ruta: 59.5337790635
Costo Reducido: 13.8821540521
Nodos: [106, 18, 53, 32, 67, 5, 40, 716]
q: [0, 10.0, -10.0, 11.0, -11.0, 9.0, -9.0, 0]
Q: [0, 10.0, 0.0, 11.0, 0.0, 9.0, 0.0, 0]
B: [0.0, 293.0, 316.8182362487, 348.1029144475, 358.5045674892, 469.0, 470.12168890518, 476.84504297885]
