Avion: 2      Iteracion: 13

Num Ruta: 11
Ingresos: 585.233
Costos: 449.433870662
Utilidad Ruta: 135.799129338
Costo Reducido: 130.403488561
Nodos: [102, 16, 51, 34, 69, 33, 68, 712]
q: [0, 9.0, -9.0, 8.0, -8.0, 5.0, -5.0, 0]
Q: [0, 9.0, 0.0, 8.0, 0.0, 5.0, 0.0, 0]
B: [0.0, 36.0, 45.624091437640004, 322.0, 358.4401302138, 437.0, 478.9526650524, 489.28194508539997]
