Avion: 2      Iteracion: 91

Num Ruta: 60
Ingresos: 1196.496
Costos: 541.707837238
Utilidad Ruta: 654.788162762
Costo Reducido: 103.162983769
Nodos: [102, 16, 51, 10, 45, 35, 70, 22, 57, 32, 67, 33, 8, 43, 13, 48, 68, 712]
q: [0.0, 0.0, 0.0, 12.0, -12.0, 8.0, -8.0, 10.0, -10.0, 11.0, -11.0, 5.0, 8.0, -8.0, 0.0, 0.0, -5.0, 0.0]
Q: [0.0, 0.0, 0.0, 12.0, 0.0, 8.0, 0.0, 10.0, 0.0, 11.0, 0.0, 5.0, 13.0, 5.0, 5.0, 5.0, 0.0, 0.0]
B: [0.0, 36.0, 45.624091437640004, 96.0, 125.5195107344, 270.0, 281.922738989, 299.64604976889996, 321.40073590779997, 355.4005132159, 365.8021662576, 437.0, 450.76465480859997, 471.5330514246, 473.74372756550997, 490.62687851551, 495.97492881445, 506.30420884744996]
