Avion: 4      Iteracion: 32

Num Ruta: 25
Ingresos: 1912.47
Costos: 309.16123797
Utilidad Ruta: 1603.30876203
Costo Reducido: 112.951068656
Nodos: [104, 17, 52, 9, 44, 25, 60, 21, 4, 39, 56, 29, 64, 714]
q: [0, 5.0, -5.0, 11.0, -11.0, 10.0, -10.0, 12.0, 3.0, -3.0, -12.0, 9.0, -9.0, 0]
Q: [0, 5.0, 0.0, 11.0, 0.0, 10.0, 0.0, 12.0, 15.0, 12.0, 0.0, 9.0, 0.0, 0]
B: [0.0, 24.0, 58.8425537813, 81.72911018459999, 111.25634718709999, 410.0, 427.1849823101, 477.0, 529.0, 549.4257496801999, 566.2286940948, 604.6819905724999, 638.4617703526999, 665.2322004014999]
