Avion: 4      Iteracion: 0

Num Ruta: 1
Ingresos: 798.414
Costos: 306.888520616
Utilidad Ruta: 491.525479384
Costo Reducido: -
Nodos: [104, 1, 36, 13, 48, 29, 64, 714]
q: [0, 7.0, -7.0, 15.0, -15.0, 9.0, -9.0, 0]
Q: [0, 7.0, 0.0, 15.0, 0.0, 9.0, 0.0, 0]
B: [0.0, 175.0, 209.2400855285, 423.0, 439.88315095, 549.0, 582.7797797802, 609.550209829]
