Avion: 1      Iteracion: 57

Num Ruta: 53
Ingresos: 1483.991
Costos: 404.031004092
Utilidad Ruta: 1079.95999591
Costo Reducido: 58.5498073328
Nodos: [101, 30, 16, 51, 65, 24, 59, 1, 36, 3, 38, 35, 70, 32, 67, 26, 61, 31, 19, 66, 8, 5, 40, 54, 43, 711]
q: [0.0, 6.0, 9.0, -9.0, -6.0, 11.0, -11.0, 7.0, -7.0, 13.0, -13.0, 8.0, -8.0, 11.0, -11.0, 10.0, -10.0, 9.0, 0.0, -9.0, 0.0, 9.0, -9.0, 0.0, 0.0, 0.0]
Q: [0.0, 6.0, 15.0, 6.0, 0.0, 11.0, 0.0, 7.0, 0.0, 13.0, 0.0, 8.0, 0.0, 11.0, 0.0, 10.0, 0.0, 9.0, 9.0, 0.0, 0.0, 9.0, 0.0, 0.0, 0.0, 0.0]
B: [0.0, 64.0, 72.20259129788, 81.82668273552001, 84.69783929691, 109.43181018721, 147.94476048971, 175.0, 209.2400855285, 256.0, 261.08428175852, 274.08526633661995, 286.00800532561993, 309.0, 319.4016530417, 332.1221722921, 349.7014002615, 406.0, 427.4250045741, 443.5262214225, 452.30906754434, 469.0, 470.12168890518, 478.47762499876, 481.40574419032, 487.11487547275]
