Avion: 4      Iteracion: 3

Num Ruta: 5
Ingresos: 914.927
Costos: 296.643537527
Utilidad Ruta: 618.283462473
Costo Reducido: 497.275765837
Nodos: [104, 2, 37, 29, 64, 714]
q: [0, 10.0, -10.0, 9.0, -9.0, 0]
Q: [0, 10.0, 0.0, 9.0, 0.0, 0]
B: [0.0, 522.0, 562.7349620474, 572.53970258451, 606.31948236471, 633.08991241351]
