Avion: 6      Iteracion: 113

Num Ruta: 66
Ingresos: 1279.757
Costos: 260.173309286
Utilidad Ruta: 1019.58369071
Costo Reducido: 14.21078077
Nodos: [106, 1, 36, 23, 58, 18, 53, 716]
q: [0, 7.0, -7.0, 10.0, -10.0, 10.0, -10.0, 0]
Q: [0, 7.0, 0.0, 10.0, 0.0, 10.0, 0.0, 0]
B: [0.0, 175.0, 209.2400855285, 267.0, 306.733842905, 332.1731543147, 355.9913905634, 377.2605401703]
