Avion: 4      Iteracion: 108

Num Ruta: 63
Ingresos: 1798.617
Costos: 386.183465285
Utilidad Ruta: 1412.43353471
Costo Reducido: 56.788060814
Nodos: [104, 17, 52, 35, 70, 32, 67, 26, 34, 61, 69, 8, 33, 43, 68, 29, 64, 714]
q: [0.0, 5.0, -5.0, 8.0, -8.0, 11.0, -11.0, 7.0, 8.0, -7.0, -8.0, 8.0, 5.0, -8.0, -5.0, 9.0, -9.0, 0.0]
Q: [0.0, 5.0, 0.0, 8.0, 0.0, 11.0, 0.0, 7.0, 15.0, 8.0, 0.0, 8.0, 13.0, 5.0, 0.0, 9.0, 0.0, 0.0]
B: [0.0, 24.0, 58.8425537813, 270.0, 281.922738989, 309.0, 319.4016530417, 332.1221722921, 348.0493993263, 362.9626454183, 387.9493993691, 414.0, 437.0, 460.2743670161, 482.23124805599997, 549.0, 582.7797797802, 609.550209829]
