Avion: 1      Iteracion: 51

Num Ruta: 47
Ingresos: 3109.384
Costos: 652.225467641
Utilidad Ruta: 2457.15853236
Costo Reducido: 40.8407808628
Nodos: [101, 17, 30, 52, 16, 51, 65, 24, 59, 1, 36, 35, 70, 32, 67, 26, 34, 61, 28, 69, 31, 63, 66, 5, 40, 2, 4, 37, 27, 39, 62, 711]
q: [0.0, 5.0, 6.0, -5.0, 9.0, -9.0, -6.0, 11.0, -11.0, 7.0, -7.0, 8.0, -8.0, 11.0, -11.0, 7.0, 8.0, -7.0, 6.0, -8.0, 9.0, -6.0, -9.0, 9.0, -9.0, 10.0, 3.0, -10.0, 6.0, -3.0, -6.0, 0.0]
Q: [0.0, 5.0, 11.0, 6.0, 15.0, 6.0, 0.0, 11.0, 0.0, 7.0, 0.0, 8.0, 0.0, 11.0, 0.0, 7.0, 15.0, 8.0, 14.0, 6.0, 15.0, 9.0, 0.0, 9.0, 0.0, 10.0, 13.0, 3.0, 9.0, 6.0, 0.0, 0.0]
B: [0.0, 24.0, 64.0, 67.14445448369, 72.47609381883, 82.10018525647, 84.97134181786, 109.70531270816, 148.21826301066, 175.0, 209.2400855285, 270.0, 281.922738989, 309.0, 319.4016530417, 332.1221722921, 348.0493993263, 362.9626454183, 378.0, 412.6152135628, 439.7359576713, 460.232837629, 488.6472693319, 508.54375354390004, 509.66544244908005, 523.7474929034801, 551.1190255057801, 564.56978132098, 589.53543328518, 605.88624586438, 611.3015043993, 625.4188955535001]
