Avion: 2      Iteracion: 60

Num Ruta: 46
Ingresos: 1381.832
Costos: 348.141364657
Utilidad Ruta: 1033.69063534
Costo Reducido: 103.459687072
Nodos: [102, 16, 51, 10, 45, 26, 35, 70, 61, 13, 48, 20, 4, 39, 55, 2, 37, 712]
q: [0.0, 9.0, -9.0, 12.0, -12.0, 7.0, 8.0, -8.0, -7.0, 15.0, -15.0, 0.0, 3.0, -3.0, 0.0, 10.0, -10.0, 0.0]
Q: [0.0, 9.0, 0.0, 12.0, 0.0, 7.0, 15.0, 7.0, 0.0, 15.0, 0.0, 0.0, 3.0, 0.0, 0.0, 10.0, 0.0, 0.0]
B: [0.0, 36.0, 45.624091437640004, 96.0, 125.5195107344, 300.0, 325.9216408817, 337.8443798707, 358.5644656089, 423.0, 439.88315095, 496.0, 529.0, 549.4257496801999, 561.2869729308, 568.6172701962599, 609.35223224366, 613.46797871301]
