Avion: 7      Iteracion: 20

Num Ruta: 22
Ingresos: 273.142
Costos: 308.503751552
Utilidad Ruta: -35.361751552
Costo Reducido: 45.3155663778
Nodos: [107, 9, 16, 51, 44, 14, 49, 3, 38, 35, 70, 717]
q: [0.0, 11.0, 4.0, -4.0, -11.0, 0.0, 0.0, 0.0, 0.0, 8.0, -8.0, 0.0]
Q: [0.0, 11.0, 15.0, 11.0, 0.0, 0.0, 0.0, 0.0, 0.0, 8.0, 0.0, 0.0]
B: [0.0, 46.0648734938, 69.43198906250001, 79.05608050014001, 111.82696332314, 122.08377003864001, 134.10548181364, 256.0, 261.08428175852, 274.08526633661995, 286.00800532561993, 306.48667032121995]
