Avion: 2      Iteracion: 46

Num Ruta: 35
Ingresos: 2149.736
Costos: 551.735195464
Utilidad Ruta: 1598.00080454
Costo Reducido: 204.222788613
Nodos: [102, 16, 51, 24, 59, 10, 45, 26, 32, 67, 34, 61, 69, 19, 33, 54, 13, 48, 68, 20, 4, 39, 55, 2, 37, 712]
q: [0.0, 9.0, -9.0, 11.0, -11.0, 12.0, -12.0, 0.0, 11.0, -11.0, 8.0, 0.0, -8.0, 7.0, 5.0, -7.0, 0.0, 0.0, -5.0, 0.0, 3.0, -3.0, 0.0, 10.0, -10.0, 0.0]
Q: [0.0, 9.0, 0.0, 11.0, 0.0, 12.0, 0.0, 0.0, 11.0, 0.0, 8.0, 8.0, 0.0, 7.0, 12.0, 5.0, 5.0, 5.0, 0.0, 0.0, 3.0, 0.0, 0.0, 10.0, 0.0, 0.0]
B: [0.0, 36.0, 45.624091437640004, 70.85029051714, 109.36324081964, 121.14917149994, 150.66868223434, 300.0, 309.0, 319.4016530417, 346.1750898215, 361.08833591350003, 386.0750898643, 406.6149061244, 443.20846648680003, 464.7568602552, 468.98447956162005, 485.86763051162006, 491.21568081056006, 501.80646326516006, 529.0, 549.4257496801999, 561.2869729308, 568.6172701962599, 609.35223224366, 613.46797871301]
