Avion: 6      Iteracion: 103

Num Ruta: 62
Ingresos: 381.831
Costos: 201.807925047
Utilidad Ruta: 180.023074953
Costo Reducido: 32.9068585491
Nodos: [106, 16, 51, 32, 67, 8, 5, 40, 43, 716]
q: [0.0, 9.0, -9.0, 11.0, -11.0, 8.0, 7.0, -7.0, -8.0, 0.0]
Q: [0.0, 9.0, 0.0, 11.0, 0.0, 8.0, 15.0, 8.0, 0.0, 0.0]
B: [0.0, 36.0, 45.624091437640004, 309.0, 319.4016530417, 414.0, 469.0, 470.12168890518, 480.59966590458, 491.52428507418]
