Avion: 1      Iteracion: 105

Num Ruta: 92
Ingresos: 2010.976
Costos: 385.445743741
Utilidad Ruta: 1625.53025626
Costo Reducido: 112.584098259
Nodos: [101, 30, 65, 24, 59, 1, 36, 3, 38, 23, 35, 58, 70, 32, 67, 34, 69, 8, 19, 54, 43, 711]
q: [0.0, 0.0, 0.0, 11.0, -11.0, 7.0, -7.0, 13.0, -13.0, 10.0, 5.0, -10.0, -5.0, 11.0, -11.0, 8.0, -8.0, 8.0, 0.0, 0.0, -8.0, 0.0]
Q: [0.0, 0.0, 0.0, 11.0, 0.0, 7.0, 0.0, 13.0, 0.0, 10.0, 15.0, 5.0, 0.0, 11.0, 0.0, 8.0, 0.0, 8.0, 8.0, 8.0, 0.0, 0.0]
B: [0.0, 64.0, 82.7140226568, 107.4479935471, 145.9609438496, 175.0, 209.2400855285, 256.0, 261.08428175852, 267.0, 277.4634044651, 306.7341364853, 330.5008400009, 342.0996211869, 352.5012742286, 379.2747110084, 415.7148412222, 418.36101619752, 441.52189774382, 468.14901403531996, 471.07713322687994, 476.78626450930994]
