Avion: 1      Iteracion: 16

Num Ruta: 15
Ingresos: 2535.922
Costos: 451.068514662
Utilidad Ruta: 2084.85348534
Costo Reducido: 325.204197305
Nodos: [101, 30, 65, 24, 59, 1, 36, 18, 53, 31, 19, 66, 8, 33, 54, 43, 68, 21, 56, 711]
q: [0.0, 11.0, -11.0, 11.0, -11.0, 7.0, -7.0, 10.0, -10.0, 8.0, 7.0, -8.0, 3.0, 5.0, -7.0, -3.0, -5.0, 12.0, -12.0, 0.0]
Q: [0.0, 11.0, 0.0, 11.0, 0.0, 7.0, 0.0, 10.0, 0.0, 8.0, 15.0, 7.0, 10.0, 15.0, 8.0, 5.0, 0.0, 12.0, 0.0, 0.0]
B: [0.0, 64.0, 82.7140226568, 107.4479935471, 145.9609438496, 175.0, 209.2400855285, 293.0, 316.8182362487, 406.0, 427.4250045741, 443.5262214225, 452.30906754434, 466.07372235293997, 487.62211612133996, 490.55023531289993, 512.5071163527999, 523.38659373, 564.1253844091999, 586.3678700840999]
