Avion: 3      Iteracion: 17

Num Ruta: 16
Ingresos: 468.37
Costos: 199.273737982
Utilidad Ruta: 269.096262018
Costo Reducido: 75.9655720923
Nodos: [103, 19, 54, 13, 48, 713]
q: [0, 7.0, -7.0, 15.0, -15.0, 0]
Q: [0, 7.0, 0.0, 15.0, 0.0, 0]
B: [0.0, 402.0, 428.6271162915, 432.85473559792, 449.73788654792, 452.51237478902004]
