Avion: 4      Iteracion: 30

Num Ruta: 23
Ingresos: 1298.385
Costos: 401.226691146
Utilidad Ruta: 897.158308855
Costo Reducido: 113.276697819
Nodos: [104, 17, 52, 9, 44, 10, 45, 32, 67, 31, 66, 25, 60, 714]
q: [0, 5.0, -5.0, 11.0, -11.0, 12.0, -12.0, 11.0, -11.0, 9.0, -9.0, 10.0, -10.0, 0]
Q: [0, 5.0, 0.0, 11.0, 0.0, 12.0, 0.0, 11.0, 0.0, 9.0, 0.0, 10.0, 0.0, 0]
B: [0.0, 24.0, 58.8425537813, 81.72911018459999, 111.25634718709999, 139.7984606337, 169.3179713681, 309.0, 319.4016530417, 406.0, 434.325479078, 459.752616235, 476.9375985451, 497.7133183401]
