Avion: 6      Iteracion: 52

Num Ruta: 34
Ingresos: 354.417
Costos: 163.948191606
Utilidad Ruta: 190.468808394
Costo Reducido: 12.0111044378
Nodos: [106, 1, 36, 716]
q: [0, 7.0, -7.0, 0]
Q: [0, 7.0, 0.0, 0]
B: [0.0, 175.0, 209.2400855285, 228.1060314894]
