Avion: 6      Iteracion: 13

Num Ruta: 13
Ingresos: 2820.531
Costos: 494.0473008
Utilidad Ruta: 2326.4836992
Costo Reducido: 306.968637975
Nodos: [106, 17, 52, 24, 9, 44, 59, 10, 45, 32, 67, 26, 34, 61, 69, 8, 33, 43, 6, 41, 5, 40, 68, 21, 4, 56, 27, 39, 62, 716]
q: [0.0, 5.0, -5.0, 4.0, 11.0, -11.0, -4.0, 12.0, -12.0, 11.0, -11.0, 7.0, 8.0, -7.0, -8.0, 8.0, 5.0, -8.0, 4.0, -4.0, 9.0, -9.0, -5.0, 12.0, 3.0, -12.0, 6.0, -3.0, -6.0, 0.0]
Q: [0.0, 5.0, 0.0, 4.0, 15.0, 4.0, 0.0, 12.0, 0.0, 11.0, 0.0, 7.0, 15.0, 8.0, 0.0, 8.0, 13.0, 5.0, 9.0, 5.0, 14.0, 5.0, 0.0, 12.0, 15.0, 3.0, 9.0, 6.0, 0.0, 0.0]
B: [0.0, 24.0, 58.8425537813, 75.400837086, 81.83771412381999, 111.36495112632, 136.42051454042, 148.20644522071998, 177.72595595511999, 309.0, 319.4016530417, 332.1221722921, 348.0493993263, 362.9626454183, 387.9493993691, 414.0, 437.0, 460.2743670161, 469.46503864552994, 473.15732804371993, 491.5461882585199, 492.6678771636999, 521.6802517821, 532.5597291593, 547.5075175241, 576.6773149351, 589.8547631327, 606.2055757119, 611.62083424682, 621.32650459976]
