Avion: 3      Iteracion: 58

Num Ruta: 39
Ingresos: 770.426
Costos: 312.487546467
Utilidad Ruta: 457.938453533
Costo Reducido: 21.8490583702
Nodos: [103, 35, 70, 26, 34, 61, 69, 33, 68, 713]
q: [0.0, 8.0, -8.0, 7.0, 8.0, -7.0, -8.0, 5.0, -5.0, 0.0]
Q: [0.0, 8.0, 0.0, 7.0, 15.0, 8.0, 0.0, 5.0, 0.0, 0.0]
B: [0.0, 270.0, 281.922738989, 300.0, 322.0, 336.913246092, 361.9000000428, 437.0, 478.9526650524, 482.64754055775]
