Avion: 2      Iteracion: 19

Num Ruta: 15
Ingresos: 806.996
Costos: 354.253630449
Utilidad Ruta: 452.742369551
Costo Reducido: 105.351675462
Nodos: [102, 16, 51, 4, 39, 2, 37, 712]
q: [0, 9.0, -9.0, 3.0, -3.0, 10.0, -10.0, 0]
Q: [0, 9.0, 0.0, 3.0, 0.0, 10.0, 0.0, 0]
B: [0.0, 36.0, 45.624091437640004, 529.0, 549.4257496801999, 558.8802161908, 599.6151782382, 603.73092470755]
