Avion: 7      Iteracion: 19

Num Ruta: 21
Ingresos: 1199.694
Costos: 440.177254212
Utilidad Ruta: 759.516745788
Costo Reducido: 164.24111286
Nodos: [107, 9, 44, 14, 49, 11, 46, 19, 54, 13, 48, 29, 4, 64, 39, 717]
q: [0, 11.0, -11.0, 8.0, -8.0, 6.0, -6.0, 7.0, -7.0, 15.0, -15.0, 9.0, 3.0, -9.0, -3.0, 0]
Q: [0, 11.0, 0.0, 8.0, 0.0, 6.0, 0.0, 7.0, 0.0, 15.0, 0.0, 9.0, 12.0, 3.0, 0.0, 0]
B: [0.0, 46.0648734938, 75.5921104963, 112.0, 124.021711775, 169.0, 173.05406684701, 402.0, 428.6271162915, 432.85473559792, 449.73788654792, 549.0, 569.7100026316, 592.5834067727, 604.8024778094, 633.549945524]
