Avion: 6      Iteracion: 62

Num Ruta: 41
Ingresos: 135.09
Costos: 125.138231211
Utilidad Ruta: 9.95176878885
Costo Reducido: 4.0554670528
Nodos: [106, 13, 48, 5, 40, 716]
q: [0, 15.0, -15.0, 9.0, -9.0, 0]
Q: [0, 15.0, 0.0, 9.0, 0.0, 0]
B: [0.0, 423.0, 439.88315095, 469.0, 470.12168890518, 476.84504297885]
