Avion: 6      Iteracion: 36

Num Ruta: 26
Ingresos: 1355.457
Costos: 433.818573553
Utilidad Ruta: 921.638426447
Costo Reducido: 96.0639394027
Nodos: [106, 24, 9, 44, 59, 10, 45, 32, 67, 34, 69, 33, 5, 40, 68, 29, 64, 716]
q: [0.0, 4.0, 11.0, -11.0, -4.0, 12.0, -12.0, 11.0, -11.0, 8.0, -8.0, 5.0, 9.0, -9.0, -5.0, 9.0, -9.0, 0.0]
Q: [0.0, 4.0, 15.0, 4.0, 0.0, 12.0, 0.0, 11.0, 0.0, 8.0, 0.0, 5.0, 14.0, 5.0, 0.0, 9.0, 0.0, 0.0]
B: [0.0, 61.0, 67.43687703782, 96.96411404032, 122.01967745441999, 133.80560813472, 163.32511886912, 309.0, 319.4016530417, 346.1750898215, 382.6152200353, 437.0, 469.0, 470.12168890518, 499.13406352358, 549.0, 582.7797797802, 603.1769870644999]
