Avion: 7      Iteracion: 26

Num Ruta: 28
Ingresos: 490.224
Costos: 204.856554586
Utilidad Ruta: 285.367445414
Costo Reducido: 93.3874117344
Nodos: [107, 14, 49, 35, 70, 22, 57, 717]
q: [0, 8.0, -8.0, 8.0, -8.0, 10.0, -10.0, 0]
Q: [0, 8.0, 0.0, 8.0, 0.0, 10.0, 0.0, 0]
B: [0.0, 112.0, 124.021711775, 270.0, 281.922738989, 299.64604976889996, 321.40073590779997, 323.36752466107]
