Avion: 4      Iteracion: 118

Num Ruta: 69
Ingresos: 1862.99
Costos: 346.668721839
Utilidad Ruta: 1516.32127816
Costo Reducido: 51.210018865
Nodos: [104, 17, 52, 9, 44, 11, 46, 18, 53, 28, 31, 66, 63, 25, 60, 29, 64, 714]
q: [0, 5.0, -5.0, 11.0, -11.0, 6.0, -6.0, 10.0, -10.0, 6.0, 9.0, -9.0, -6.0, 10.0, -10.0, 9.0, -9.0, 0]
Q: [0, 5.0, 0.0, 11.0, 0.0, 6.0, 0.0, 10.0, 0.0, 6.0, 15.0, 6.0, 0.0, 10.0, 0.0, 9.0, 0.0, 0]
B: [0.0, 24.0, 58.8425537813, 81.72911018459999, 111.25634718709999, 169.0, 173.05406684701, 293.0, 316.8182362487, 378.0, 406.0, 434.325479078, 462.7399107809, 466.07328939726, 483.25827170736, 549.0, 582.7797797802, 609.550209829]
