Avion: 5      Iteracion: 99

Num Ruta: 63
Ingresos: 666.977
Costos: 295.125976168
Utilidad Ruta: 371.851023832
Costo Reducido: 19.8369046407
Nodos: [105, 16, 51, 2, 37, 715]
q: [0, 9.0, -9.0, 10.0, -10.0, 0]
Q: [0, 9.0, 0.0, 10.0, 0.0, 0]
B: [0.0, 36.0, 45.624091437640004, 522.0, 562.7349620474, 598.7395051635]
