Avion: 4      Iteracion: 10

Num Ruta: 10
Ingresos: 2214.678
Costos: 448.973615022
Utilidad Ruta: 1765.70438498
Costo Reducido: 348.000135855
Nodos: [104, 17, 52, 9, 44, 14, 49, 18, 53, 26, 61, 21, 4, 39, 56, 29, 64, 714]
q: [0, 5.0, -5.0, 11.0, -11.0, 8.0, -8.0, 10.0, -10.0, 10.0, -10.0, 12.0, 3.0, -3.0, -12.0, 9.0, -9.0, 0]
Q: [0, 5.0, 0.0, 11.0, 0.0, 8.0, 0.0, 10.0, 0.0, 10.0, 0.0, 12.0, 15.0, 12.0, 0.0, 9.0, 0.0, 0]
B: [0.0, 24.0, 58.8425537813, 81.72911018459999, 111.25634718709999, 121.5131539026, 133.5348656776, 293.0, 316.8182362487, 345.81975307109997, 363.39898104049996, 477.0, 529.0, 549.4257496801999, 566.2286940948, 604.6819905724999, 638.4617703526999, 665.2322004014999]
