Avion: 6      Iteracion: 40

Num Ruta: 28
Ingresos: 909.574
Costos: 248.590738644
Utilidad Ruta: 660.983261356
Costo Reducido: 12.5588334573
Nodos: [106, 10, 45, 6, 41, 27, 2, 62, 37, 716]
q: [0.0, 12.0, -12.0, 4.0, -4.0, 5.0, 10.0, -5.0, -10.0, 0.0]
Q: [0.0, 12.0, 0.0, 4.0, 0.0, 5.0, 15.0, 10.0, 0.0, 0.0]
B: [0.0, 96.0, 125.5195107344, 436.0, 439.69228939819, 538.0, 563.7839683718, 575.2360414592, 604.5765718055, 625.0022092741]
