Avion: 1      Iteracion: 8

Num Ruta: 8
Ingresos: 2675.98
Costos: 684.532765107
Utilidad Ruta: 1991.44723489
Costo Reducido: 320.184350576
Nodos: [101, 17, 52, 16, 51, 24, 59, 10, 45, 35, 70, 32, 67, 28, 31, 63, 19, 66, 8, 54, 43, 6, 41, 21, 56, 27, 62, 711]
q: [0.0, 5.0, -5.0, 9.0, -9.0, 11.0, -11.0, 12.0, -12.0, 8.0, -8.0, 11.0, -11.0, 6.0, 9.0, -6.0, 6.0, -9.0, 0.0, -6.0, 0.0, 4.0, -4.0, 12.0, -12.0, 6.0, -6.0, 0.0]
Q: [0.0, 5.0, 0.0, 9.0, 0.0, 11.0, 0.0, 12.0, 0.0, 8.0, 0.0, 11.0, 0.0, 6.0, 15.0, 9.0, 15.0, 6.0, 6.0, 0.0, 0.0, 4.0, 0.0, 12.0, 0.0, 6.0, 0.0, 0.0]
B: [0.0, 24.0, 58.8425537813, 64.17419311644, 73.79828455408, 99.02448363357999, 137.53743393608, 149.32336461638, 178.84287535078, 270.0, 281.922738989, 309.0, 319.4016530417, 378.0, 406.0, 426.4968799577, 439.0326732314, 455.1338900798, 463.91673620164, 481.87369563244, 484.80181482399996, 493.99248645342993, 497.6847758516199, 534.3660247535199, 575.1048154327199, 588.2822636303199, 605.3131259984199, 619.4305171526199]
