Avion: 3      Iteracion: 6

Num Ruta: 7
Ingresos: 2332.43
Costos: 567.75902589
Utilidad Ruta: 1764.67097411
Costo Reducido: 1203.08937991
Nodos: [103, 9, 44, 24, 59, 10, 45, 23, 58, 26, 61, 25, 60, 8, 33, 43, 68, 713]
q: [0, 11.0, -11.0, 11.0, -11.0, 12.0, -12.0, 10.0, -10.0, 10.0, -10.0, 10.0, -10.0, 8.0, 5.0, -8.0, -5.0, 0]
Q: [0, 11.0, 0.0, 11.0, 0.0, 12.0, 0.0, 10.0, 0.0, 10.0, 0.0, 10.0, 0.0, 8.0, 13.0, 5.0, 0.0, 0]
B: [0.0, 37.2069129329, 66.73414993540001, 90.87439983050001, 129.387350133, 141.1732808133, 170.6927915477, 267.0, 306.733842905, 326.4202156791, 343.9994436485, 410.0, 427.1849823101, 453.0055821676, 466.77023697619995, 490.0446039922999, 512.0014850322, 515.6963605375499]
