Avion: 5      Iteracion: 8

Num Ruta: 12
Ingresos: 782.658
Costos: 522.14366617
Utilidad Ruta: 260.51433383
Costo Reducido: 264.213151296
Nodos: [105, 9, 16, 51, 44, 11, 46, 35, 70, 32, 67, 34, 69, 6, 41, 13, 48, 715]
q: [0.0, 11.0, 4.0, -4.0, -11.0, 6.0, -6.0, 8.0, -8.0, 11.0, -11.0, 8.0, -8.0, 4.0, -4.0, 15.0, -15.0, 0.0]
Q: [0.0, 11.0, 15.0, 11.0, 0.0, 6.0, 0.0, 8.0, 0.0, 11.0, 0.0, 8.0, 0.0, 4.0, 0.0, 15.0, 0.0, 0.0]
B: [0.0, 31.4915482312, 54.8586637999, 64.48275523754, 97.25363806054, 169.0, 173.05406684701, 270.0, 281.922738989, 309.0, 319.4016530417, 346.1750898215, 382.6152200353, 436.0, 439.69228939819, 453.10235550539, 469.98550645539, 516.07443683999]
