Avion: 1      Iteracion: 7

Num Ruta: 7
Ingresos: 2366.721
Costos: 560.936735932
Utilidad Ruta: 1805.78426407
Costo Reducido: 569.777522352
Nodos: [101, 10, 45, 34, 69, 28, 31, 63, 19, 66, 8, 54, 43, 21, 56, 4, 39, 711]
q: [0.0, 12.0, -12.0, 8.0, -8.0, 6.0, 8.0, -6.0, 7.0, -8.0, 8.0, -7.0, -8.0, 12.0, -12.0, 3.0, -3.0, 0.0]
Q: [0.0, 12.0, 0.0, 8.0, 0.0, 6.0, 14.0, 8.0, 15.0, 7.0, 15.0, 8.0, 0.0, 12.0, 0.0, 3.0, 0.0, 0.0]
B: [0.0, 96.0, 125.5195107344, 322.0, 358.4401302138, 393.0553437766, 408.6715633255, 429.1684432832, 441.7042365569, 457.8054534053, 466.58829952714, 484.54525895794, 487.4733781495, 512.4375498562, 553.1763405354, 582.3461379464, 602.7718876265999, 619.5809197224999]
