Avion: 6      Iteracion: 51

Num Ruta: 33
Ingresos: 1189.742
Costos: 310.726349806
Utilidad Ruta: 879.015650194
Costo Reducido: 80.7989557978
Nodos: [106, 1, 36, 35, 70, 22, 57, 29, 64, 27, 62, 716]
q: [0, 7.0, -7.0, 8.0, -8.0, 10.0, -10.0, 9.0, -9.0, 6.0, -6.0, 0]
Q: [0, 7.0, 0.0, 8.0, 0.0, 10.0, 0.0, 9.0, 0.0, 6.0, 0.0, 0]
B: [0.0, 175.0, 209.2400855285, 270.0, 281.922738989, 299.64604976889996, 321.40073590779997, 549.0, 582.7797797802, 590.99620777538, 608.0270701434799, 617.73274049642]
