Avion: 7      Iteracion: 73

Num Ruta: 51
Ingresos: 939.488
Costos: 372.648710998
Utilidad Ruta: 566.839289002
Costo Reducido: 0.10276600071
Nodos: [107, 31, 66, 33, 68, 29, 27, 64, 62, 717]
q: [0, 9.0, -9.0, 5.0, -5.0, 9.0, 6.0, -9.0, -6.0, 0]
Q: [0, 9.0, 0.0, 5.0, 0.0, 9.0, 15.0, 6.0, 0.0, 0]
B: [0.0, 406.0, 434.325479078, 456.7236405204, 498.6763055728, 549.0, 574.6018082369, 582.8182362320799, 598.26561380888, 621.71060212198]
