Avion: 5      Iteracion: 104

Num Ruta: 65
Ingresos: 588.639
Costos: 278.971708832
Utilidad Ruta: 309.667291168
Costo Reducido: 11.4334756106
Nodos: [105, 11, 46, 31, 28, 63, 66, 715]
q: [0, 6.0, -6.0, 9.0, 6.0, -6.0, -9.0, 0]
Q: [0, 6.0, 0.0, 9.0, 15.0, 9.0, 0.0, 0]
B: [0.0, 169.0, 173.05406684701, 406.0, 421.6162195489, 457.6428383328, 486.0572700357, 499.8100137983]
