Avion: 7      Iteracion: 5

Num Ruta: 9
Ingresos: 2415.624
Costos: 595.398201555
Utilidad Ruta: 1820.22579845
Costo Reducido: 1187.8115443
Nodos: [107, 17, 52, 30, 65, 10, 45, 3, 38, 23, 18, 53, 58, 22, 57, 25, 60, 8, 43, 13, 48, 29, 4, 64, 39, 717]
q: [0.0, 5.0, -5.0, 11.0, -11.0, 12.0, -12.0, 13.0, -13.0, 0.0, 10.0, -10.0, 0.0, 10.0, -10.0, 10.0, -10.0, 8.0, -8.0, 15.0, -15.0, 9.0, 3.0, -9.0, -3.0, 0.0]
Q: [0.0, 5.0, 0.0, 11.0, 0.0, 12.0, 0.0, 13.0, 0.0, 0.0, 10.0, 0.0, 0.0, 10.0, 0.0, 10.0, 0.0, 8.0, 0.0, 15.0, 0.0, 9.0, 12.0, 3.0, 0.0, 0.0]
B: [0.0, 45.942580685, 80.78513446630001, 83.92958894999, 102.64361160679, 121.33666189289, 150.85617262729, 256.0, 261.08428175852, 267.0, 293.0, 316.8182362487, 326.74376782137, 342.50019181287, 364.25487795177, 410.0, 427.1849823101, 453.0055821676, 473.7739787836, 475.98465492451, 492.86780587451, 549.0, 569.7100026316, 592.5834067727, 604.8024778094, 633.549945524]
