Avion: 1      Iteracion: 99

Num Ruta: 87
Ingresos: 2371.454
Costos: 513.836038834
Utilidad Ruta: 1857.61796117
Costo Reducido: 0.309499414446
Nodos: [101, 17, 52, 30, 16, 51, 65, 24, 59, 11, 46, 31, 19, 66, 8, 33, 54, 43, 68, 21, 56, 711]
q: [0.0, 5.0, -5.0, 6.0, 9.0, -9.0, -6.0, 11.0, -11.0, 6.0, -6.0, 9.0, 2.0, -9.0, 8.0, 5.0, -2.0, -8.0, -5.0, 12.0, -12.0, 0.0]
Q: [0.0, 5.0, 0.0, 6.0, 15.0, 6.0, 0.0, 11.0, 0.0, 6.0, 0.0, 9.0, 11.0, 2.0, 10.0, 15.0, 13.0, 5.0, 0.0, 12.0, 0.0, 0.0]
B: [0.0, 24.0, 58.8425537813, 64.0, 72.20259129788, 81.82668273552001, 84.69783929691, 109.43181018721, 147.94476048971, 169.0, 173.05406684701, 406.0, 427.4250045741, 443.5262214225, 452.30906754434, 466.07372235293997, 487.62211612133996, 490.55023531289993, 512.5071163527999, 523.38659373, 564.1253844091999, 586.3678700840999]
