Avion: 4      Iteracion: 104

Num Ruta: 60
Ingresos: 1967.655
Costos: 460.87070656
Utilidad Ruta: 1506.78429344
Costo Reducido: 66.2196198167
Nodos: [104, 17, 52, 24, 59, 10, 45, 32, 67, 34, 69, 8, 33, 43, 68, 29, 64, 714]
q: [0, 5.0, -5.0, 11.0, -11.0, 12.0, -12.0, 11.0, -11.0, 8.0, -8.0, 8.0, 5.0, -8.0, -5.0, 9.0, -9.0, 0]
Q: [0, 5.0, 0.0, 11.0, 0.0, 12.0, 0.0, 11.0, 0.0, 8.0, 0.0, 8.0, 13.0, 5.0, 0.0, 9.0, 0.0, 0]
B: [0.0, 24.0, 58.8425537813, 75.400837086, 113.9137873885, 125.6997180688, 155.2192288032, 309.0, 319.4016530417, 346.1750898215, 382.6152200353, 414.0, 437.0, 460.2743670161, 482.23124805599997, 549.0, 582.7797797802, 609.550209829]
