Avion: 7      Iteracion: 50

Num Ruta: 42
Ingresos: 1560.156
Costos: 416.454812983
Utilidad Ruta: 1143.70118702
Costo Reducido: 30.850896817
Nodos: [107, 17, 52, 16, 51, 14, 49, 3, 38, 22, 57, 18, 53, 29, 27, 64, 62, 717]
q: [0, 5.0, -5.0, 9.0, -9.0, 8.0, -8.0, 13.0, -13.0, 10.0, -10.0, 10.0, -10.0, 9.0, 6.0, -9.0, -6.0, 0]
Q: [0, 5.0, 0.0, 9.0, 0.0, 8.0, 0.0, 13.0, 0.0, 10.0, 0.0, 10.0, 0.0, 9.0, 15.0, 6.0, 0.0, 0]
B: [0.0, 45.942580685, 80.78513446630001, 86.11677380144, 95.74086523908001, 122.52716974348002, 134.54888151848002, 256.0, 261.08428175852, 299.0, 320.7546861389, 334.15512273630003, 357.973358985, 549.0, 574.6018082369, 582.8182362320799, 598.26561380888, 621.71060212198]
