Avion: 2      Iteracion: 35

Num Ruta: 25
Ingresos: 1838.294
Costos: 539.74701186
Utilidad Ruta: 1298.54698814
Costo Reducido: 32.6939100027
Nodos: [102, 32, 67, 34, 69, 19, 8, 33, 54, 43, 13, 48, 68, 4, 39, 2, 37, 712]
q: [0.0, 11.0, -11.0, 8.0, -8.0, 7.0, 3.0, 5.0, -7.0, -3.0, 10.0, -10.0, -5.0, 3.0, -3.0, 10.0, -10.0, 0.0]
Q: [0.0, 11.0, 0.0, 8.0, 0.0, 7.0, 10.0, 15.0, 8.0, 5.0, 15.0, 5.0, 0.0, 3.0, 0.0, 10.0, 0.0, 0.0]
B: [0.0, 309.0, 319.4016530417, 346.1750898215, 382.6152200353, 403.1550362954, 426.3159178417, 440.08057265030004, 461.62896641870003, 464.55708561026, 466.76776175117, 483.65091270117, 488.99896300011, 529.0, 549.4257496801999, 558.8802161908, 599.6151782382, 603.73092470755]
