Avion: 7      Iteracion: 2

Num Ruta: 6
Ingresos: 2942.575
Costos: 681.982079973
Utilidad Ruta: 2260.59292003
Costo Reducido: 1843.07015409
Nodos: [107, 17, 16, 51, 30, 52, 65, 14, 49, 1, 36, 3, 38, 23, 35, 70, 26, 34, 61, 58, 22, 57, 69, 31, 33, 66, 68, 21, 4, 56, 27, 39, 62, 717]
q: [0.0, 0.0, 9.0, -9.0, 11.0, 0.0, -11.0, 8.0, -8.0, 7.0, -7.0, 0.0, 0.0, 0.0, 8.0, -8.0, 10.0, 5.0, -10.0, 0.0, 10.0, -10.0, -5.0, 9.0, 5.0, -9.0, -5.0, 12.0, 3.0, -12.0, 6.0, -3.0, -6.0, 0.0]
Q: [0.0, 0.0, 9.0, 0.0, 11.0, 11.0, 0.0, 8.0, 0.0, 7.0, 0.0, 0.0, 0.0, 0.0, 8.0, 0.0, 10.0, 15.0, 5.0, 5.0, 15.0, 5.0, 0.0, 9.0, 14.0, 5.0, 0.0, 12.0, 15.0, 3.0, 9.0, 6.0, 0.0, 0.0]
B: [0.0, 45.942580685, 80.7440576652, 90.36814910284001, 107.35344274174001, 110.49789722543001, 126.59584274653001, 154.39178340343, 166.41349517843, 202.09522439663, 236.33530992513, 256.0, 261.08428175852, 267.0, 277.4634044651, 289.38614345409997, 303.7370056233, 322.0, 336.913246092, 339.98031847458003, 355.73674246608005, 377.49142860498006, 388.08167893248003, 415.20242304098, 452.70369332618003, 475.10185476858004, 506.05364562148003, 516.93312299868, 531.88091136348, 561.05070877448, 574.22815697208, 590.57896955128, 595.9942280862, 619.4392163993]
