Avion: 7      Iteracion: 86

Num Ruta: 53
Ingresos: 1164.519
Costos: 241.986438368
Utilidad Ruta: 922.532561632
Costo Reducido: 2.07142449914
Nodos: [107, 14, 49, 3, 38, 23, 58, 13, 48, 4, 39, 717]
q: [0, 8.0, -8.0, 13.0, -13.0, 10.0, -10.0, 15.0, -15.0, 3.0, -3.0, 0]
Q: [0, 8.0, 0.0, 13.0, 0.0, 10.0, 0.0, 15.0, 0.0, 3.0, 0.0, 0]
B: [0.0, 112.0, 124.021711775, 256.0, 261.08428175852, 267.0, 306.733842905, 423.0, 439.88315095, 529.0, 549.4257496801999, 578.1732173948]
