Avion: 1      Iteracion: 92

Num Ruta: 81
Ingresos: 1534.091
Costos: 387.309862227
Utilidad Ruta: 1146.78113777
Costo Reducido: 37.9362302619
Nodos: [101, 30, 16, 51, 65, 24, 59, 1, 36, 35, 70, 22, 57, 31, 19, 66, 8, 54, 43, 711]
q: [0.0, 0.0, 9.0, -9.0, 0.0, 11.0, -11.0, 0.0, 0.0, 8.0, -8.0, 10.0, -10.0, 8.0, 7.0, -8.0, 8.0, -7.0, -8.0, 0.0]
Q: [0.0, 0.0, 9.0, 0.0, 0.0, 11.0, 0.0, 0.0, 0.0, 8.0, 0.0, 10.0, 0.0, 8.0, 15.0, 7.0, 15.0, 8.0, 0.0, 0.0]
B: [0.0, 64.0, 72.20259129788, 81.82668273552001, 84.69783929691, 109.43181018721, 147.94476048971, 175.0, 209.2400855285, 270.0, 281.922738989, 299.64604976889996, 321.40073590779997, 406.0, 427.4250045741, 443.5262214225, 452.30906754434, 470.26602697514, 473.19414616669997, 478.90327744913]
