Avion: 1      Iteracion: 68

Num Ruta: 61
Ingresos: 2507.535
Costos: 475.311459733
Utilidad Ruta: 2032.22354027
Costo Reducido: 25.8374875831
Nodos: [101, 17, 30, 52, 16, 51, 65, 24, 59, 1, 36, 35, 70, 34, 22, 69, 57, 31, 19, 66, 8, 54, 43, 711]
q: [0.0, 5.0, 6.0, -5.0, 9.0, -9.0, -6.0, 11.0, -11.0, 7.0, -7.0, 8.0, -8.0, 8.0, 7.0, -8.0, -7.0, 9.0, 6.0, -9.0, 8.0, -6.0, -8.0, 0.0]
Q: [0.0, 5.0, 11.0, 6.0, 15.0, 6.0, 0.0, 11.0, 0.0, 7.0, 0.0, 8.0, 0.0, 8.0, 15.0, 7.0, 0.0, 9.0, 15.0, 6.0, 14.0, 8.0, 0.0, 0.0]
B: [0.0, 24.0, 64.0, 67.14445448369, 72.47609381883, 82.10018525647, 84.97134181786, 109.70531270816, 148.21826301066, 175.0, 209.2400855285, 270.0, 281.922738989, 322.0, 350.0636833826, 364.6328500369, 375.22310036439995, 407.81783375799995, 429.24283833209995, 445.34405518049994, 454.12690130233995, 472.08386073313994, 475.0119799246999, 480.7211112071299]
