Avion: 6      Iteracion: 1

Num Ruta: 4
Ingresos: 2142.437
Costos: 357.39276262
Utilidad Ruta: 1785.04423738
Costo Reducido: 793.051648304
Nodos: [106, 17, 52, 23, 58, 21, 56, 29, 64, 716]
q: [0, 5.0, -5.0, 10.0, -10.0, 12.0, -12.0, 9.0, -9.0, 0]
Q: [0, 5.0, 0.0, 10.0, 0.0, 12.0, 0.0, 9.0, 0.0, 0]
B: [0.0, 24.0, 58.8425537813, 267.0, 306.733842905, 477.0, 517.7387906792, 556.1920871568999, 589.9718669370999, 610.3690742213998]
