Avion: 4      Iteracion: 75

Num Ruta: 44
Ingresos: 2718.588
Costos: 523.745523931
Utilidad Ruta: 2194.84247607
Costo Reducido: 44.7524357141
Nodos: [104, 17, 52, 24, 9, 44, 59, 1, 36, 3, 38, 35, 70, 26, 34, 61, 69, 19, 25, 60, 33, 54, 68, 29, 64, 714]
q: [0.0, 5.0, -5.0, 11.0, 4.0, -4.0, -11.0, 7.0, -7.0, 13.0, -13.0, 8.0, -8.0, 7.0, 8.0, -7.0, -8.0, 7.0, 8.0, -8.0, 5.0, -7.0, -5.0, 9.0, -9.0, 0.0]
Q: [0.0, 5.0, 0.0, 11.0, 15.0, 11.0, 0.0, 7.0, 0.0, 13.0, 0.0, 8.0, 0.0, 7.0, 15.0, 8.0, 0.0, 7.0, 15.0, 7.0, 12.0, 5.0, 0.0, 9.0, 0.0, 0.0]
B: [0.0, 24.0, 58.8425537813, 75.400837086, 81.83771412381999, 111.36495112632, 136.42051454042, 175.0, 209.2400855285, 256.0, 261.08428175852, 274.08526633661995, 286.00800532561993, 300.35886749481995, 322.0, 336.913246092, 361.9000000428, 402.0, 411.3920072402, 428.57698955029997, 464.0943947624, 485.6427885308, 507.5482333562, 549.0, 582.7797797802, 609.550209829]
