Avion: 2      Iteracion: 89

Num Ruta: 58
Ingresos: 2175.26
Costos: 492.039392612
Utilidad Ruta: 1683.22060739
Costo Reducido: 28.8290616917
Nodos: [102, 16, 51, 10, 45, 26, 32, 67, 34, 61, 69, 19, 33, 54, 13, 48, 68, 20, 4, 39, 55, 2, 37, 712]
q: [0.0, 9.0, -9.0, 12.0, -12.0, 7.0, 8.0, -8.0, 8.0, -7.0, -8.0, 7.0, 5.0, -7.0, 10.0, -10.0, -5.0, 0.0, 3.0, -3.0, 0.0, 10.0, -10.0, 0.0]
Q: [0.0, 9.0, 0.0, 12.0, 0.0, 7.0, 15.0, 7.0, 15.0, 8.0, 0.0, 7.0, 12.0, 5.0, 15.0, 5.0, 0.0, 0.0, 3.0, 0.0, 0.0, 10.0, 0.0, 0.0]
B: [0.0, 36.0, 45.624091437640004, 96.0, 125.5195107344, 300.0, 309.0, 319.4016530417, 346.1750898215, 361.08833591350003, 386.0750898643, 406.6149061244, 443.20846648680003, 464.7568602552, 468.98447956162005, 485.86763051162006, 491.21568081056006, 501.80646326516006, 529.0, 549.4257496801999, 561.2869729308, 568.6172701962599, 609.35223224366, 613.46797871301]
