Avion: 2      Iteracion: 51

Num Ruta: 40
Ingresos: 3228.031
Costos: 690.513200053
Utilidad Ruta: 2537.51779995
Costo Reducido: 2.54333346121
Nodos: [102, 16, 51, 10, 45, 1, 36, 35, 70, 22, 57, 26, 61, 28, 31, 66, 63, 21, 56, 27, 62, 2, 37, 712]
q: [0, 9.0, -9.0, 12.0, -12.0, 7.0, -7.0, 8.0, -8.0, 10.0, -10.0, 10.0, -10.0, 6.0, 9.0, -9.0, -6.0, 12.0, -12.0, 6.0, -6.0, 10.0, -10.0, 0]
Q: [0, 9.0, 0.0, 12.0, 0.0, 7.0, 0.0, 8.0, 0.0, 10.0, 0.0, 10.0, 0.0, 6.0, 15.0, 6.0, 0.0, 12.0, 0.0, 6.0, 0.0, 10.0, 0.0, 0]
B: [0.0, 36.0, 45.624091437640004, 96.0, 125.5195107344, 175.0, 209.2400855285, 270.0, 281.922738989, 299.64604976889996, 321.40073590779997, 357.73373932069995, 375.31296729009995, 385.72088432469997, 406.0, 434.325479078, 462.7399107809, 477.0, 517.7387906792, 538.0, 555.0308623681, 566.4829354555, 607.2178975029, 611.33364397225]
