Avion: 6      Iteracion: 86

Num Ruta: 55
Ingresos: 559.175
Costos: 254.730006765
Utilidad Ruta: 304.444993235
Costo Reducido: 53.8868740024
Nodos: [106, 32, 67, 33, 13, 48, 68, 4, 39, 716]
q: [0.0, 11.0, -11.0, 5.0, 10.0, -10.0, -5.0, 3.0, -3.0, 0.0]
Q: [0.0, 11.0, 0.0, 5.0, 15.0, 5.0, 0.0, 3.0, 0.0, 0.0]
B: [0.0, 309.0, 319.4016530417, 437.0, 462.372931896, 479.256082846, 484.60413314494, 529.0, 549.4257496801999, 564.1028645192999]
