Avion: 2      Iteracion: 100

Num Ruta: 66
Ingresos: 1929.979
Costos: 397.99961835
Utilidad Ruta: 1531.97938165
Costo Reducido: 98.658546094
Nodos: [102, 16, 51, 32, 67, 26, 61, 31, 19, 66, 8, 54, 43, 13, 48, 20, 4, 39, 55, 2, 37, 712]
q: [0.0, 9.0, -9.0, 11.0, -11.0, 10.0, -10.0, 9.0, 6.0, -9.0, 8.0, -6.0, -8.0, 0.0, 0.0, 0.0, 3.0, -3.0, 0.0, 10.0, -10.0, 0.0]
Q: [0.0, 9.0, 0.0, 11.0, 0.0, 10.0, 0.0, 9.0, 15.0, 6.0, 14.0, 8.0, 0.0, 0.0, 0.0, 0.0, 3.0, 0.0, 0.0, 10.0, 0.0, 0.0]
B: [0.0, 36.0, 45.624091437640004, 309.0, 319.4016530417, 332.1221722921, 349.7014002615, 406.0, 427.4250045741, 443.5262214225, 452.30906754434, 470.26602697514, 473.19414616669997, 475.40482230760995, 492.28797325760996, 506.21855849300994, 529.0, 549.4257496801999, 561.2869729308, 568.6172701962599, 609.35223224366, 613.46797871301]
