Avion: 2      Iteracion: 63

Num Ruta: 47
Ingresos: 1671.2
Costos: 458.233658001
Utilidad Ruta: 1212.966342
Costo Reducido: 21.9235751655
Nodos: [102, 16, 51, 10, 45, 32, 67, 26, 61, 13, 48, 31, 66, 27, 62, 2, 37, 712]
q: [0, 9.0, -9.0, 12.0, -12.0, 11.0, -11.0, 10.0, -10.0, 15.0, -15.0, 9.0, -9.0, 6.0, -6.0, 10.0, -10.0, 0]
Q: [0, 9.0, 0.0, 12.0, 0.0, 11.0, 0.0, 10.0, 0.0, 15.0, 0.0, 9.0, 0.0, 6.0, 0.0, 10.0, 0.0, 0]
B: [0.0, 36.0, 45.624091437640004, 96.0, 125.5195107344, 309.0, 319.4016530417, 332.1221722921, 349.7014002615, 423.0, 439.88315095, 444.3406643824, 472.6661434604, 538.0, 555.0308623681, 566.4829354555, 607.2178975029, 611.33364397225]
