Avion: 3      Iteracion: 12

Num Ruta: 12
Ingresos: 1652.77
Costos: 450.124815349
Utilidad Ruta: 1202.64518465
Costo Reducido: 142.129675636
Nodos: [103, 9, 44, 30, 65, 26, 34, 61, 22, 69, 57, 31, 33, 66, 68, 713]
q: [0.0, 11.0, -11.0, 11.0, -11.0, 10.0, 5.0, -10.0, 10.0, -5.0, -10.0, 9.0, 5.0, -9.0, -5.0, 0.0]
Q: [0.0, 11.0, 0.0, 11.0, 0.0, 10.0, 15.0, 5.0, 15.0, 10.0, 0.0, 9.0, 14.0, 5.0, 0.0, 0.0]
B: [0.0, 37.2069129329, 66.73414993540001, 82.52205027080001, 101.2360729276, 300.0, 322.0, 336.913246092, 350.5474267421, 365.1165933964, 375.70684372389996, 408.30157711749996, 445.80284740269997, 468.2010088451, 499.15279969799997, 502.84767520335]
