Avion: 2      Iteracion: 24

Num Ruta: 19
Ingresos: 1832.474
Costos: 570.465922622
Utilidad Ruta: 1262.00807738
Costo Reducido: 105.742200146
Nodos: [102, 10, 45, 34, 69, 19, 33, 54, 13, 48, 68, 27, 62, 2, 37, 712]
q: [0.0, 12.0, -12.0, 8.0, -8.0, 7.0, 5.0, -7.0, 10.0, -10.0, -5.0, 6.0, -6.0, 10.0, -10.0, 0.0]
Q: [0.0, 12.0, 0.0, 8.0, 0.0, 7.0, 12.0, 5.0, 15.0, 5.0, 0.0, 6.0, 0.0, 10.0, 0.0, 0.0]
B: [0.0, 96.0, 125.5195107344, 322.0, 358.4401302138, 402.0, 438.5935603624, 460.1419541308, 464.36957343722, 481.25272438722004, 486.60077468616004, 538.0, 555.0308623681, 566.4829354555, 607.2178975029, 611.33364397225]
