Avion: 4      Iteracion: 105

Num Ruta: 61
Ingresos: 2578.038
Costos: 517.796982948
Utilidad Ruta: 2060.24101705
Costo Reducido: 59.0880367342
Nodos: [104, 17, 52, 9, 44, 10, 45, 1, 36, 3, 38, 23, 35, 70, 58, 32, 67, 33, 8, 43, 68, 714]
q: [0.0, 5.0, -5.0, 11.0, -11.0, 12.0, -12.0, 7.0, -7.0, 13.0, -13.0, 10.0, 5.0, -5.0, -10.0, 11.0, -11.0, 5.0, 8.0, -8.0, -5.0, 0.0]
Q: [0.0, 5.0, 0.0, 11.0, 0.0, 12.0, 0.0, 7.0, 0.0, 13.0, 0.0, 10.0, 15.0, 10.0, 0.0, 11.0, 0.0, 5.0, 13.0, 5.0, 0.0, 0.0]
B: [0.0, 24.0, 58.8425537813, 81.72911018459999, 111.25634718709999, 139.7984606337, 169.3179713681, 207.7373125389, 241.9773980674, 256.0, 261.08428175852, 267.0, 277.4634044651, 289.38614345409997, 313.15284696969997, 335.63715280729997, 346.03880584899997, 437.0, 450.76465480859997, 471.5330514246, 493.4899324645, 509.6643494555]
