Avion: 2      Iteracion: 93

Num Ruta: 62
Ingresos: 2637.703
Costos: 640.686903098
Utilidad Ruta: 1997.0160969
Costo Reducido: 79.8913782321
Nodos: [102, 16, 51, 9, 24, 44, 59, 10, 45, 3, 38, 35, 70, 32, 67, 33, 8, 43, 13, 48, 68, 21, 20, 56, 55, 2, 37, 712]
q: [0.0, 9.0, -9.0, 4.0, 11.0, -4.0, -11.0, 12.0, -12.0, 13.0, -13.0, 8.0, -8.0, 11.0, -11.0, 5.0, 8.0, -8.0, 10.0, -10.0, -5.0, 12.0, 0.0, -12.0, 0.0, 10.0, -10.0, 0.0]
Q: [0.0, 9.0, 0.0, 4.0, 15.0, 11.0, 0.0, 12.0, 0.0, 13.0, 0.0, 8.0, 0.0, 11.0, 0.0, 5.0, 13.0, 5.0, 15.0, 5.0, 0.0, 12.0, 12.0, 0.0, 0.0, 10.0, 0.0, 0.0]
B: [0.0, 36.0, 45.624091437640004, 75.68094759394, 82.11782463176, 106.25807452686, 131.31363794096, 143.09956862126, 172.61907935566, 256.0, 261.08428175852, 274.08526633661995, 286.00800532561993, 309.0, 319.4016530417, 437.0, 450.76465480859997, 471.5330514246, 473.74372756550997, 490.62687851551, 495.97492881445, 506.85440619164996, 511.60381257560994, 548.0291042971099, 568.6285249200099, 575.9588221854699, 616.6937842328699, 620.80953070222]
