Avion: 7      Iteracion: 52

Num Ruta: 43
Ingresos: 1324.02
Costos: 381.473922861
Utilidad Ruta: 942.546077139
Costo Reducido: 33.1549049233
Nodos: [107, 1, 11, 46, 36, 3, 38, 35, 70, 22, 57, 18, 53, 31, 66, 717]
q: [0, 7.0, 6.0, -6.0, -7.0, 13.0, -13.0, 8.0, -8.0, 10.0, -10.0, 10.0, -10.0, 9.0, -9.0, 0]
Q: [0, 7.0, 13.0, 7.0, 0.0, 13.0, 0.0, 8.0, 0.0, 10.0, 0.0, 10.0, 0.0, 9.0, 0.0, 0]
B: [0.0, 175.0, 193.6808285951, 197.73489544211, 232.05062478011, 256.0, 261.08428175852, 274.08526633661995, 286.00800532561993, 303.7313161055199, 325.4860022444199, 338.88643884181994, 362.7046750905199, 406.0, 434.325479078, 437.96020107562]
