Avion: 1      Iteracion: 106

Num Ruta: 93
Ingresos: 1522.092
Costos: 373.863483973
Utilidad Ruta: 1148.22851603
Costo Reducido: 35.0394993323
Nodos: [101, 30, 65, 24, 59, 1, 36, 23, 35, 70, 32, 67, 58, 31, 19, 66, 8, 5, 40, 54, 43, 711]
q: [0.0, 0.0, 0.0, 11.0, -11.0, 7.0, -7.0, 4.0, 8.0, -8.0, 11.0, -11.0, -4.0, 9.0, 0.0, -9.0, 8.0, 7.0, -7.0, 0.0, -8.0, 0.0]
Q: [0.0, 0.0, 0.0, 11.0, 0.0, 7.0, 0.0, 4.0, 12.0, 4.0, 15.0, 4.0, 0.0, 9.0, 9.0, 0.0, 8.0, 15.0, 8.0, 8.0, 0.0, 0.0]
B: [0.0, 64.0, 82.7140226568, 107.4479935471, 145.9609438496, 175.0, 209.2400855285, 267.0, 277.4634044651, 289.38614345409997, 309.0, 319.4016530417, 351.7919881588, 406.0, 427.4250045741, 443.5262214225, 452.30906754434, 469.0, 470.12168890518, 478.47762499876, 481.40574419032, 487.11487547275]
