Avion: 1      Iteracion: 10

Num Ruta: 10
Ingresos: 1626.463
Costos: 417.235771547
Utilidad Ruta: 1209.22722845
Costo Reducido: 239.477043544
Nodos: [101, 30, 65, 24, 59, 1, 36, 18, 53, 28, 31, 63, 19, 66, 8, 54, 43, 4, 39, 711]
q: [0.0, 11.0, -11.0, 11.0, -11.0, 7.0, -7.0, 10.0, -10.0, 6.0, 9.0, -6.0, 0.0, -9.0, 0.0, 0.0, 0.0, 3.0, -3.0, 0.0]
Q: [0.0, 11.0, 0.0, 11.0, 0.0, 7.0, 0.0, 10.0, 0.0, 6.0, 15.0, 9.0, 9.0, 0.0, 0.0, 0.0, 0.0, 3.0, 0.0, 0.0]
B: [0.0, 64.0, 82.7140226568, 107.4479935471, 145.9609438496, 175.0, 209.2400855285, 293.0, 316.8182362487, 378.0, 406.0, 426.4968799577, 439.0326732314, 455.1338900798, 463.91673620164, 481.87369563244, 484.80181482399996, 529.0, 549.4257496801999, 566.2347817760999]
