Avion: 4      Iteracion: 70

Num Ruta: 41
Ingresos: 1993.931
Costos: 391.756199769
Utilidad Ruta: 1602.17480023
Costo Reducido: 76.602480462
Nodos: [104, 17, 52, 35, 70, 33, 8, 43, 13, 48, 68, 5, 40, 2, 37, 29, 64, 714]
q: [0.0, 5.0, -5.0, 8.0, -8.0, 5.0, 8.0, -8.0, 10.0, -10.0, -5.0, 9.0, -9.0, 10.0, -10.0, 9.0, -9.0, 0.0]
Q: [0.0, 5.0, 0.0, 8.0, 0.0, 5.0, 13.0, 5.0, 15.0, 5.0, 0.0, 9.0, 0.0, 10.0, 0.0, 9.0, 0.0, 0.0]
B: [0.0, 24.0, 58.8425537813, 270.0, 281.922738989, 437.0, 450.76465480859997, 471.5330514246, 473.74372756550997, 490.62687851551, 495.97492881445, 524.94634640145, 526.06803530663, 540.15008576103, 580.88504780843, 590.68978834554, 624.46956812574, 651.23999817454]
