Avion: 4      Iteracion: 59

Num Ruta: 35
Ingresos: 1672.34
Costos: 420.170058723
Utilidad Ruta: 1252.16994128
Costo Reducido: 81.9642181744
Nodos: [104, 17, 52, 30, 16, 51, 65, 24, 59, 1, 36, 35, 70, 32, 67, 26, 61, 13, 48, 714]
q: [0.0, 5.0, -5.0, 6.0, 9.0, -9.0, -6.0, 11.0, -11.0, 7.0, -7.0, 8.0, -8.0, 11.0, -11.0, 10.0, -10.0, 15.0, -15.0, 0.0]
Q: [0.0, 5.0, 0.0, 6.0, 15.0, 6.0, 0.0, 11.0, 0.0, 7.0, 0.0, 8.0, 0.0, 11.0, 0.0, 10.0, 0.0, 15.0, 0.0, 0.0]
B: [0.0, 24.0, 58.8425537813, 64.0, 72.20259129788, 81.82668273552001, 84.69783929691, 109.43181018721, 147.94476048971, 175.0, 209.2400855285, 270.0, 281.922738989, 309.0, 319.4016530417, 332.1221722921, 349.7014002615, 423.0, 439.88315095, 451.5624516568]
