Avion: 5      Iteracion: 43

Num Ruta: 42
Ingresos: 872.513
Costos: 393.332885456
Utilidad Ruta: 479.180114544
Costo Reducido: 4.75899040366
Nodos: [105, 30, 65, 10, 45, 34, 69, 31, 66, 715]
q: [0, 11.0, -11.0, 12.0, -12.0, 8.0, -8.0, 9.0, -9.0, 0]
Q: [0, 11.0, 0.0, 12.0, 0.0, 8.0, 0.0, 9.0, 0.0, 0]
B: [0.0, 64.0, 82.7140226568, 101.4070729429, 130.92658367730002, 322.0, 358.4401302138, 406.0, 434.325479078, 448.0782228406]
