Avion: 3      Iteracion: 0

Num Ruta: 2
Ingresos: 3358.374
Costos: 617.608477818
Utilidad Ruta: 2740.76552218
Costo Reducido: -
Nodos: [103, 17, 16, 51, 52, 24, 59, 1, 11, 46, 36, 3, 38, 23, 58, 26, 61, 22, 57, 25, 60, 19, 54, 5, 33, 40, 68, 713]
q: [0, 5.0, 9.0, -9.0, -5.0, 11.0, -11.0, 7.0, 6.0, -6.0, -7.0, 13.0, -13.0, 10.0, -10.0, 10.0, -10.0, 10.0, -10.0, 10.0, -10.0, 7.0, -7.0, 9.0, 5.0, -9.0, -5.0, 0]
Q: [0, 5.0, 14.0, 5.0, 0.0, 11.0, 0.0, 7.0, 13.0, 7.0, 0.0, 13.0, 0.0, 10.0, 0.0, 10.0, 0.0, 10.0, 0.0, 10.0, 0.0, 7.0, 0.0, 9.0, 14.0, 5.0, 0.0, 0]
B: [0.0, 39.7453305433, 74.54680752350001, 84.17089896114001, 98.81866773324, 115.37695103794, 153.88990134044002, 175.0, 193.6808285951, 197.73489544211, 232.05062478011, 256.0, 261.08428175852, 267.0, 306.733842905, 326.4202156791, 343.9994436485, 357.6336242986, 379.3883104375, 410.0, 427.1849823101, 443.8578739909, 470.48499028239996, 478.33530352455995, 492.03347070125994, 505.32364940585995, 534.3360240242599, 538.0308995296099]
