Avion: 6      Iteracion: 6

Num Ruta: 7
Ingresos: 585.527
Costos: 237.586295448
Utilidad Ruta: 347.940704552
Costo Reducido: 265.157271726
Nodos: [106, 33, 68, 29, 64, 716]
q: [0, 5.0, -5.0, 9.0, -9.0, 0]
Q: [0, 5.0, 0.0, 9.0, 0.0, 0]
B: [0.0, 437.0, 478.9526650524, 549.0, 582.7797797802, 603.1769870644999]
