Avion: 4      Iteracion: 44

Num Ruta: 30
Ingresos: 1185.065
Costos: 282.505163684
Utilidad Ruta: 902.559836316
Costo Reducido: 41.6834039431
Nodos: [104, 17, 52, 24, 59, 11, 46, 25, 60, 29, 64, 714]
q: [0, 5.0, -5.0, 11.0, -11.0, 6.0, -6.0, 10.0, -10.0, 9.0, -9.0, 0]
Q: [0, 5.0, 0.0, 11.0, 0.0, 6.0, 0.0, 10.0, 0.0, 9.0, 0.0, 0]
B: [0.0, 24.0, 58.8425537813, 75.400837086, 113.9137873885, 169.0, 173.05406684701, 410.0, 427.1849823101, 549.0, 582.7797797802, 609.550209829]
