Avion: 4      Iteracion: 48

Num Ruta: 32
Ingresos: 1074.93
Costos: 274.704261376
Utilidad Ruta: 800.225738624
Costo Reducido: 25.9588512068
Nodos: [104, 28, 31, 66, 63, 25, 60, 29, 64, 714]
q: [0, 6.0, 9.0, -9.0, -6.0, 10.0, -10.0, 9.0, -9.0, 0]
Q: [0, 6.0, 15.0, 6.0, 0.0, 10.0, 0.0, 9.0, 0.0, 0]
B: [0.0, 378.0, 406.0, 434.325479078, 462.7399107809, 466.07328939726, 483.25827170736, 549.0, 582.7797797802, 609.550209829]
