Avion: 4      Iteracion: 8

Num Ruta: 8
Ingresos: 128.52
Costos: 230.84918253
Utilidad Ruta: -102.32918253
Costo Reducido: 79.1453872381
Nodos: [104, 13, 48, 714]
q: [0, 15.0, -15.0, 0]
Q: [0, 15.0, 0.0, 0]
B: [0.0, 423.0, 439.88315095, 451.5624516568]
