Avion: 7      Iteracion: 100

Num Ruta: 59
Ingresos: 1642.07
Costos: 401.729748845
Utilidad Ruta: 1240.34025115
Costo Reducido: 84.8701993718
Nodos: [107, 14, 49, 3, 38, 32, 67, 34, 69, 8, 19, 54, 43, 2, 37, 717]
q: [0, 8.0, -8.0, 13.0, -13.0, 11.0, -11.0, 8.0, -8.0, 8.0, 7.0, -7.0, -8.0, 10.0, -10.0, 0]
Q: [0, 8.0, 0.0, 13.0, 0.0, 11.0, 0.0, 8.0, 0.0, 8.0, 15.0, 8.0, 0.0, 10.0, 0.0, 0]
B: [0.0, 112.0, 124.021711775, 256.0, 261.08428175852, 309.0, 319.4016530417, 346.1750898215, 382.6152200353, 414.0, 437.1608815463, 463.7879978378, 466.71611702935996, 522.0, 562.7349620474, 590.0950962941]
