Avion: 5      Iteracion: 18

Num Ruta: 21
Ingresos: 297.324
Costos: 261.712784241
Utilidad Ruta: 35.6112157591
Costo Reducido: 55.9255982164
Nodos: [105, 28, 63, 715]
q: [0, 6.0, -6.0, 0]
Q: [0, 6.0, 0.0, 0]
B: [0.0, 378.0, 414.0266187839, 451.2632406769]
