Avion: 5      Iteracion: 47

Num Ruta: 44
Ingresos: 354.417
Costos: 247.542699303
Utilidad Ruta: 106.874300697
Costo Reducido: 9.80913833188
Nodos: [105, 1, 36, 715]
q: [0, 7.0, -7.0, 0]
Q: [0, 7.0, 0.0, 0]
B: [0.0, 175.0, 209.2400855285, 223.7439433601]
