Avion: 2      Iteracion: 105

Num Ruta: 69
Ingresos: 2286.208
Costos: 486.395929715
Utilidad Ruta: 1799.81207029
Costo Reducido: 84.591942215
Nodos: [102, 16, 51, 10, 45, 1, 36, 3, 38, 23, 58, 26, 32, 67, 61, 13, 48, 20, 4, 39, 55, 2, 37, 712]
q: [0.0, 0.0, 0.0, 12.0, -12.0, 7.0, -7.0, 13.0, -13.0, 10.0, -10.0, 4.0, 11.0, -11.0, -4.0, 0.0, 0.0, 0.0, 3.0, -3.0, 0.0, 10.0, -10.0, 0.0]
Q: [0.0, 0.0, 0.0, 12.0, 0.0, 7.0, 0.0, 13.0, 0.0, 10.0, 0.0, 4.0, 15.0, 4.0, 0.0, 0.0, 0.0, 0.0, 3.0, 0.0, 0.0, 10.0, 0.0, 0.0]
B: [0.0, 36.0, 45.624091437640004, 96.0, 125.5195107344, 175.0, 209.2400855285, 256.0, 261.08428175852, 267.0, 306.733842905, 326.4202156791, 330.53179736989, 340.93345041159, 371.10654123769, 423.0, 439.88315095, 496.0, 529.0, 549.4257496801999, 561.2869729308, 568.6172701962599, 609.35223224366, 613.46797871301]
