Avion: 5      Iteracion: 106

Num Ruta: 67
Ingresos: 1142.042
Costos: 310.550348912
Utilidad Ruta: 831.491651088
Costo Reducido: 27.2553834146
Nodos: [105, 18, 53, 28, 31, 66, 63, 15, 50, 29, 27, 64, 62, 715]
q: [0, 10.0, -10.0, 6.0, 9.0, -9.0, -6.0, 0.0, -0.0, 9.0, 6.0, -9.0, -6.0, 0]
Q: [0, 10.0, 0.0, 6.0, 15.0, 6.0, 0.0, 0.0, 0.0, 9.0, 15.0, 6.0, 0.0, 0]
B: [0.0, 293.0, 316.8182362487, 378.0, 406.0, 434.325479078, 462.7399107809, 511.0, 527.4211666151, 549.0, 574.6018082369, 582.8182362320799, 598.26561380888, 630.9205388585799]
