Avion: 1      Iteracion: 44

Num Ruta: 41
Ingresos: 1961.127
Costos: 410.922239938
Utilidad Ruta: 1550.20476006
Costo Reducido: 74.3192446178
Nodos: [101, 30, 65, 24, 59, 1, 36, 35, 70, 32, 67, 26, 34, 61, 69, 31, 19, 66, 8, 54, 43, 711]
q: [0.0, 0.0, 0.0, 11.0, -11.0, 7.0, -7.0, 8.0, -8.0, 11.0, -11.0, 7.0, 8.0, -7.0, -8.0, 8.0, 7.0, -8.0, 8.0, -7.0, -8.0, 0.0]
Q: [0.0, 0.0, 0.0, 11.0, 0.0, 7.0, 0.0, 8.0, 0.0, 11.0, 0.0, 7.0, 15.0, 8.0, 0.0, 8.0, 15.0, 7.0, 15.0, 8.0, 0.0, 0.0]
B: [0.0, 64.0, 82.7140226568, 107.4479935471, 145.9609438496, 175.0, 209.2400855285, 270.0, 281.922738989, 309.0, 319.4016530417, 332.1221722921, 348.0493993263, 362.9626454183, 387.9493993691, 415.07014347759997, 436.49514805169997, 452.59636490009996, 461.37921102193997, 479.33617045273996, 482.26428964429994, 487.97342092672994]
