Avion: 7      Iteracion: 88

Num Ruta: 54
Ingresos: 2261.739
Costos: 330.903551085
Utilidad Ruta: 1930.83544891
Costo Reducido: 17.7858729314
Nodos: [107, 14, 49, 3, 38, 23, 58, 22, 57, 33, 68, 4, 39, 2, 37, 717]
q: [0, 8.0, -8.0, 13.0, -13.0, 10.0, -10.0, 10.0, -10.0, 5.0, -5.0, 3.0, -3.0, 10.0, -10.0, 0]
Q: [0, 8.0, 0.0, 13.0, 0.0, 10.0, 0.0, 10.0, 0.0, 5.0, 0.0, 3.0, 0.0, 10.0, 0.0, 0]
B: [0.0, 112.0, 124.021711775, 256.0, 261.08428175852, 267.0, 306.733842905, 322.49026689650003, 344.24495303540004, 437.0, 478.9526650524, 529.0, 549.4257496801999, 558.8802161908, 599.6151782382, 626.9753124849]
