Avion: 6      Iteracion: 43

Num Ruta: 29
Ingresos: 200.166
Costos: 136.293997836
Utilidad Ruta: 63.872002164
Costo Reducido: 3.96831132253
Nodos: [106, 10, 45, 5, 40, 716]
q: [0, 12.0, -12.0, 9.0, -9.0, 0]
Q: [0, 12.0, 0.0, 9.0, 0.0, 0]
B: [0.0, 96.0, 125.5195107344, 469.0, 470.12168890518, 476.84504297885]
