Avion: 5      Iteracion: 42

Num Ruta: 41
Ingresos: 1182.029
Costos: 380.94983498
Utilidad Ruta: 801.07916502
Costo Reducido: 71.3050692544
Nodos: [105, 24, 59, 1, 36, 2, 37, 715]
q: [0, 11.0, -11.0, 7.0, -7.0, 10.0, -10.0, 0]
Q: [0, 11.0, 0.0, 7.0, 0.0, 10.0, 0.0, 0]
B: [0.0, 61.0, 99.5129503025, 175.0, 209.2400855285, 522.0, 562.7349620474, 598.7395051635]
