Avion: 1      Iteracion: 9

Num Ruta: 9
Ingresos: 602.008
Costos: 275.015271942
Utilidad Ruta: 326.992728058
Costo Reducido: 71.4915930535
Nodos: [101, 22, 57, 8, 43, 711]
q: [0, 10.0, -10.0, 8.0, -8.0, 0]
Q: [0, 10.0, 0.0, 8.0, 0.0, 0]
B: [0.0, 299.0, 320.7546861389, 414.0, 434.768396616, 440.47752789843]
