Avion: 6      Iteracion: 37

Num Ruta: 27
Ingresos: 612.752
Costos: 255.670458678
Utilidad Ruta: 357.081541322
Costo Reducido: 81.8945028547
Nodos: [106, 10, 45, 32, 67, 33, 13, 48, 68, 716]
q: [0.0, 12.0, -12.0, 11.0, -11.0, 5.0, 10.0, -10.0, -5.0, 0.0]
Q: [0.0, 12.0, 0.0, 11.0, 0.0, 5.0, 15.0, 5.0, 0.0, 0.0]
B: [0.0, 96.0, 125.5195107344, 309.0, 319.4016530417, 437.0, 462.372931896, 479.256082846, 484.60413314494, 508.49657707604]
