Avion: 1      Iteracion: 82

Num Ruta: 72
Ingresos: 778.626
Costos: 294.247440893
Utilidad Ruta: 484.378559107
Costo Reducido: 27.3592845739
Nodos: [101, 30, 16, 51, 65, 24, 59, 1, 36, 8, 13, 48, 43, 711]
q: [0.0, 0.0, 9.0, -9.0, 0.0, 11.0, -11.0, 7.0, -7.0, 0.0, 15.0, -15.0, 0.0, 0.0]
Q: [0.0, 0.0, 9.0, 0.0, 0.0, 11.0, 0.0, 7.0, 0.0, 0.0, 15.0, 0.0, 0.0, 0.0]
B: [0.0, 64.0, 72.20259129788, 81.82668273552001, 84.69783929691, 109.43181018721, 147.94476048971, 175.0, 209.2400855285, 414.0, 436.1101810259, 452.9933319759, 472.03101904659997, 477.74015032903]
