Avion: 4      Iteracion: 94

Num Ruta: 53
Ingresos: 1424.472
Costos: 388.806352338
Utilidad Ruta: 1035.66564766
Costo Reducido: 135.679284642
Nodos: [104, 17, 52, 9, 44, 11, 46, 3, 38, 35, 70, 32, 67, 33, 8, 43, 13, 48, 68, 714]
q: [0.0, 5.0, -5.0, 11.0, -11.0, 6.0, -6.0, 13.0, -13.0, 8.0, -8.0, 11.0, -11.0, 5.0, 8.0, -8.0, 10.0, -10.0, -5.0, 0.0]
Q: [0.0, 5.0, 0.0, 11.0, 0.0, 6.0, 0.0, 13.0, 0.0, 8.0, 0.0, 11.0, 0.0, 5.0, 13.0, 5.0, 15.0, 5.0, 0.0, 0.0]
B: [0.0, 24.0, 58.8425537813, 81.72911018459999, 111.25634718709999, 169.0, 173.05406684701, 256.0, 261.08428175852, 274.08526633661995, 286.00800532561993, 309.0, 319.4016530417, 437.0, 450.76465480859997, 471.5330514246, 473.74372756550997, 490.62687851551, 495.97492881445, 512.14934580545]
