Avion: 5      Iteracion: 23

Num Ruta: 26
Ingresos: 175.28
Costos: 217.969096356
Utilidad Ruta: -42.6890963558
Costo Reducido: 7.94854996352
Nodos: [105, 18, 53, 715]
q: [0, 10.0, -10.0, 0]
Q: [0, 10.0, 0.0, 0]
B: [0.0, 293.0, 316.8182362487, 362.86772955749996]
