Avion: 3      Iteracion: 9

Num Ruta: 9
Ingresos: 389.786
Costos: 182.816110799
Utilidad Ruta: 206.969889201
Costo Reducido: 106.329745082
Nodos: [103, 11, 46, 22, 57, 713]
q: [0, 6.0, -6.0, 10.0, -10.0, 0]
Q: [0, 6.0, 0.0, 10.0, 0.0, 0]
B: [0.0, 169.0, 173.05406684701, 299.0, 320.7546861389, 355.24867315110004]
