Avion: 2      Iteracion: 29

Num Ruta: 22
Ingresos: 935.516
Costos: 366.104509316
Utilidad Ruta: 569.411490684
Costo Reducido: 39.5366645836
Nodos: [102, 16, 51, 13, 48, 4, 39, 2, 37, 712]
q: [0, 9.0, -9.0, 15.0, -15.0, 3.0, -3.0, 10.0, -10.0, 0]
Q: [0, 9.0, 0.0, 15.0, 0.0, 3.0, 0.0, 10.0, 0.0, 0]
B: [0.0, 36.0, 45.624091437640004, 423.0, 439.88315095, 529.0, 549.4257496801999, 558.8802161908, 599.6151782382, 603.73092470755]
