Avion: 5      Iteracion: 29

Num Ruta: 32
Ingresos: 708.815
Costos: 272.836122726
Utilidad Ruta: 435.978877274
Costo Reducido: 51.3483717646
Nodos: [105, 18, 53, 28, 63, 4, 27, 39, 62, 715]
q: [0, 10.0, -10.0, 6.0, -6.0, 3.0, 6.0, -3.0, -6.0, 0]
Q: [0, 10.0, 0.0, 6.0, 0.0, 3.0, 9.0, 6.0, 0.0, 0]
B: [0.0, 293.0, 316.8182362487, 378.0, 414.0266187839, 529.0, 546.6147745373, 562.9655871165, 568.38084565142, 601.03577070112]
