Avion: 6      Iteracion: 70

Num Ruta: 45
Ingresos: 793.046
Costos: 217.680320808
Utilidad Ruta: 575.365679192
Costo Reducido: 19.354945329
Nodos: [106, 10, 45, 2, 37, 716]
q: [0, 12.0, -12.0, 10.0, -10.0, 0]
Q: [0, 12.0, 0.0, 10.0, 0.0, 0]
B: [0.0, 96.0, 125.5195107344, 522.0, 562.7349620474, 583.160599516]
