Avion: 1      Iteracion: 113

Num Ruta: 98
Ingresos: 2079.121
Costos: 399.226436221
Utilidad Ruta: 1679.89456378
Costo Reducido: 36.7932122794
Nodos: [101, 30, 65, 24, 59, 1, 36, 3, 38, 23, 35, 70, 32, 67, 34, 58, 69, 19, 8, 54, 43, 711]
q: [0.0, 11.0, -11.0, 0.0, 0.0, 7.0, -7.0, 13.0, -13.0, 7.0, 8.0, -8.0, 8.0, -8.0, 8.0, -7.0, -8.0, 7.0, 8.0, -7.0, -8.0, 0.0]
Q: [0.0, 11.0, 0.0, 0.0, 0.0, 7.0, 0.0, 13.0, 0.0, 7.0, 15.0, 7.0, 15.0, 7.0, 15.0, 8.0, 0.0, 7.0, 15.0, 8.0, 0.0, 0.0]
B: [0.0, 64.0, 82.7140226568, 107.4479935471, 145.9609438496, 175.0, 209.2400855285, 256.0, 261.08428175852, 267.0, 277.4634044651, 289.38614345409997, 309.0, 319.4016530417, 346.1750898215, 360.4340368373, 388.28712463740004, 408.82694089750004, 431.98782244380004, 449.94478187460004, 452.87290106616, 458.58203234859]
