Avion: 7      Iteracion: 47

Num Ruta: 41
Ingresos: 913.585
Costos: 345.496943242
Utilidad Ruta: 568.088056758
Costo Reducido: 0.913372472884
Nodos: [107, 11, 46, 19, 54, 13, 48, 29, 64, 27, 62, 717]
q: [0, 6.0, -6.0, 7.0, -7.0, 15.0, -15.0, 9.0, -9.0, 6.0, -6.0, 0]
Q: [0, 6.0, 0.0, 7.0, 0.0, 15.0, 0.0, 9.0, 0.0, 6.0, 0.0, 0]
B: [0.0, 169.0, 173.05406684701, 402.0, 428.6271162915, 432.85473559792, 449.73788654792, 549.0, 582.7797797802, 590.99620777538, 608.0270701434799, 631.4720584565799]
