Avion: 7      Iteracion: 21

Num Ruta: 23
Ingresos: 1051.029
Costos: 453.494197419
Utilidad Ruta: 597.534802581
Costo Reducido: 69.9321684138
Nodos: [107, 9, 44, 10, 45, 33, 68, 29, 27, 64, 62, 717]
q: [0, 11.0, -11.0, 12.0, -12.0, 5.0, -5.0, 9.0, 6.0, -9.0, -6.0, 0]
Q: [0, 11.0, 0.0, 12.0, 0.0, 5.0, 0.0, 9.0, 15.0, 6.0, 0.0, 0]
B: [0.0, 46.0648734938, 75.5921104963, 104.1342239429, 133.6537346773, 437.0, 478.9526650524, 549.0, 574.6018082369, 582.8182362320799, 598.26561380888, 621.71060212198]
