Avion: 1      Iteracion: 88

Num Ruta: 78
Ingresos: 3178.499
Costos: 513.868875542
Utilidad Ruta: 2664.63012446
Costo Reducido: 94.9692251736
Nodos: [101, 30, 16, 51, 65, 24, 59, 1, 36, 23, 35, 70, 32, 67, 26, 61, 58, 34, 69, 8, 19, 54, 43, 2, 4, 37, 27, 39, 62, 711]
q: [0.0, 6.0, 9.0, -9.0, -6.0, 11.0, -11.0, 7.0, -7.0, 5.0, 8.0, -8.0, 10.0, -10.0, 10.0, -10.0, -5.0, 8.0, -8.0, 8.0, 7.0, -7.0, -8.0, 10.0, 3.0, -10.0, 6.0, -3.0, -6.0, 0.0]
Q: [0.0, 6.0, 15.0, 6.0, 0.0, 11.0, 0.0, 7.0, 0.0, 5.0, 13.0, 5.0, 15.0, 5.0, 15.0, 5.0, 0.0, 8.0, 0.0, 8.0, 15.0, 8.0, 0.0, 10.0, 13.0, 3.0, 9.0, 6.0, 0.0, 0.0]
B: [0.0, 64.0, 72.20259129788, 81.82668273552001, 84.69783929691, 109.43181018721, 147.94476048971, 175.0, 209.2400855285, 267.0, 277.4634044651, 289.38614345409997, 309.0, 319.4016530417, 332.1221722921, 349.7014002615, 352.76847264408, 367.02741965988, 403.46754987368, 414.0, 437.1608815463, 463.7879978378, 466.71611702935996, 522.0, 549.3715326023, 562.8222884175, 587.7879403817, 604.1387529609, 609.55401149582, 623.67140265002]
