Avion: 5      Iteracion: 100

Num Ruta: 64
Ingresos: 1050.291
Costos: 400.609919477
Utilidad Ruta: 649.681080523
Costo Reducido: 32.1271704825
Nodos: [105, 17, 52, 16, 51, 32, 67, 33, 8, 43, 68, 715]
q: [0, 5.0, -5.0, 9.0, -9.0, 11.0, -11.0, 5.0, 8.0, -8.0, -5.0, 0]
Q: [0, 5.0, 0.0, 9.0, 0.0, 11.0, 0.0, 5.0, 13.0, 5.0, 0.0, 0]
B: [0.0, 35.8094227823, 70.65197656359999, 75.98361589873998, 85.60770733637999, 309.0, 319.4016530417, 437.0, 450.76465480859997, 471.5330514246, 493.4899324645, 537.250258903]
