Avion: 1      Iteracion: 40

Num Ruta: 37
Ingresos: 3407.424
Costos: 618.342960788
Utilidad Ruta: 2789.08103921
Costo Reducido: 170.677466955
Nodos: [101, 30, 65, 16, 51, 10, 45, 1, 36, 3, 38, 35, 70, 26, 34, 61, 22, 57, 69, 8, 19, 54, 43, 13, 48, 21, 27, 56, 2, 62, 37, 711]
q: [0.0, 11.0, -11.0, 9.0, -9.0, 12.0, -12.0, 7.0, -7.0, 13.0, -13.0, 8.0, -8.0, 7.0, 8.0, -7.0, 7.0, -7.0, -8.0, 0.0, 7.0, -7.0, 0.0, 15.0, -15.0, 12.0, 3.0, -12.0, 10.0, -3.0, -10.0, 0.0]
Q: [0.0, 11.0, 0.0, 9.0, 0.0, 12.0, 0.0, 7.0, 0.0, 13.0, 0.0, 8.0, 0.0, 7.0, 15.0, 8.0, 15.0, 8.0, 0.0, 0.0, 7.0, 0.0, 0.0, 15.0, 0.0, 12.0, 15.0, 3.0, 13.0, 10.0, 0.0, 0.0]
B: [0.0, 64.0, 82.7140226568, 93.53069441849999, 103.15478585614, 118.98406306644, 148.50357380084, 186.92291497164, 221.16300050014001, 256.0, 261.08428175852, 274.08526633661995, 286.00800532561993, 300.35886749481995, 322.0, 336.913246092, 350.5474267421, 372.302112881, 382.8923632085, 414.0, 437.1608815463, 463.7879978378, 466.71611702935996, 468.92679317026995, 485.80994412026996, 501.32134051126997, 538.0, 551.1774481976, 575.0284619287, 586.4805350161, 615.8210653624001, 632.7707325568001]
