Avion: 4      Iteracion: 97

Num Ruta: 55
Ingresos: 1137.43
Costos: 433.575847771
Utilidad Ruta: 703.854152229
Costo Reducido: 25.887474599
Nodos: [104, 17, 52, 9, 44, 14, 49, 3, 38, 35, 70, 18, 53, 31, 33, 8, 66, 43, 68, 714]
q: [0.0, 0.0, 0.0, 11.0, -11.0, 8.0, -8.0, 13.0, -13.0, 8.0, -8.0, 10.0, -10.0, 2.0, 5.0, 8.0, -2.0, -8.0, -5.0, 0.0]
Q: [0.0, 0.0, 0.0, 11.0, 0.0, 8.0, 0.0, 13.0, 0.0, 8.0, 0.0, 10.0, 0.0, 2.0, 7.0, 15.0, 13.0, 5.0, 0.0, 0.0]
B: [0.0, 24.0, 58.8425537813, 81.72911018459999, 111.25634718709999, 121.5131539026, 133.5348656776, 256.0, 261.08428175852, 274.08526633661995, 286.00800532561993, 306.42615844971994, 330.2443946984199, 406.0, 443.5012702852, 457.2659250938, 466.04877121564, 491.38794223604, 513.34482327594, 529.5192402669401]
