Avion: 7      Iteracion: 24

Num Ruta: 26
Ingresos: 570.137
Costos: 350.5040026
Utilidad Ruta: 219.6329974
Costo Reducido: 14.1742596485
Nodos: [107, 30, 16, 51, 65, 14, 49, 19, 54, 27, 62, 717]
q: [0.0, 0.0, 9.0, -9.0, 0.0, 8.0, -8.0, 7.0, -7.0, 6.0, -6.0, 0.0]
Q: [0.0, 0.0, 9.0, 0.0, 0.0, 8.0, 0.0, 7.0, 0.0, 6.0, 0.0, 0.0]
B: [0.0, 64.0, 72.20259129788, 81.82668273552001, 84.69783929691, 112.49377995381, 124.51549172881, 402.0, 428.6271162915, 538.0, 555.0308623681, 578.4758506812]
