Avion: 6      Iteracion: 100

Num Ruta: 61
Ingresos: 1505.787
Costos: 321.964874942
Utilidad Ruta: 1183.82212506
Costo Reducido: 117.450100512
Nodos: [106, 17, 52, 16, 51, 32, 67, 33, 8, 43, 68, 29, 4, 64, 39, 716]
q: [0, 5.0, -5.0, 9.0, -9.0, 11.0, -11.0, 5.0, 8.0, -8.0, -5.0, 9.0, 3.0, -9.0, -3.0, 0]
Q: [0, 5.0, 0.0, 9.0, 0.0, 11.0, 0.0, 5.0, 13.0, 5.0, 0.0, 9.0, 12.0, 3.0, 0.0, 0]
B: [0.0, 24.0, 58.8425537813, 64.17419311644, 73.79828455408, 309.0, 319.4016530417, 437.0, 450.76465480859997, 471.5330514246, 493.4899324645, 549.0, 569.7100026316, 592.5834067727, 604.8024778094, 619.4795926485]
