Avion: 2      Iteracion: 26

Num Ruta: 20
Ingresos: 1684.357
Costos: 531.755066731
Utilidad Ruta: 1152.60193327
Costo Reducido: 181.366651874
Nodos: [102, 10, 45, 35, 70, 26, 61, 32, 67, 33, 13, 48, 68, 4, 39, 2, 37, 712]
q: [0.0, 12.0, -12.0, 8.0, -8.0, 10.0, -10.0, 11.0, -11.0, 5.0, 10.0, -10.0, -5.0, 3.0, -3.0, 10.0, -10.0, 0.0]
Q: [0.0, 12.0, 0.0, 8.0, 0.0, 10.0, 0.0, 11.0, 0.0, 5.0, 15.0, 5.0, 0.0, 3.0, 0.0, 10.0, 0.0, 0.0]
B: [0.0, 96.0, 125.5195107344, 270.0, 281.922738989, 300.0, 317.5792279694, 337.6304130715, 348.0320661132, 437.0, 462.372931896, 479.256082846, 484.60413314494, 529.0, 549.4257496801999, 558.8802161908, 599.6151782382, 603.73092470755]
