Avion: 4      Iteracion: 67

Num Ruta: 40
Ingresos: 1152.48
Costos: 276.761972097
Utilidad Ruta: 875.718027903
Costo Reducido: 10.0395827222
Nodos: [104, 17, 52, 9, 44, 25, 31, 66, 60, 29, 64, 714]
q: [0.0, 5.0, -5.0, 11.0, -11.0, 0.0, 9.0, -9.0, 0.0, 9.0, -9.0, 0.0]
Q: [0.0, 5.0, 0.0, 11.0, 0.0, 0.0, 9.0, 0.0, 0.0, 9.0, 0.0, 0.0]
B: [0.0, 24.0, 58.8425537813, 81.72911018459999, 111.25634718709999, 410.0, 430.9603311281, 459.2858102061, 483.3603487271, 549.0, 582.7797797802, 609.550209829]
