Avion: 5      Iteracion: 63

Num Ruta: 52
Ingresos: 66.568
Costos: 210.137889707
Utilidad Ruta: -143.569889707
Costo Reducido: 9.04845364755
Nodos: [105, 14, 49, 715]
q: [0, 8.0, -8.0, 0]
Q: [0, 8.0, 0.0, 0]
B: [0.0, 112.0, 124.021711775, 130.10479397073]
