Avion: 4      Iteracion: 106

Num Ruta: 62
Ingresos: 1915.207
Costos: 434.969449125
Utilidad Ruta: 1480.23755087
Costo Reducido: 44.3959248013
Nodos: [104, 17, 52, 9, 44, 10, 45, 32, 67, 34, 69, 8, 33, 43, 68, 29, 64, 714]
q: [0, 5.0, -5.0, 11.0, -11.0, 12.0, -12.0, 11.0, -11.0, 8.0, -8.0, 8.0, 5.0, -8.0, -5.0, 9.0, -9.0, 0]
Q: [0, 5.0, 0.0, 11.0, 0.0, 12.0, 0.0, 11.0, 0.0, 8.0, 0.0, 8.0, 13.0, 5.0, 0.0, 9.0, 0.0, 0]
B: [0.0, 24.0, 58.8425537813, 81.72911018459999, 111.25634718709999, 139.7984606337, 169.3179713681, 309.0, 319.4016530417, 346.1750898215, 382.6152200353, 414.0, 437.0, 460.2743670161, 482.23124805599997, 549.0, 582.7797797802, 609.550209829]
