Avion: 5      Iteracion: 17

Num Ruta: 20
Ingresos: 303.8
Costos: 247.809103474
Utilidad Ruta: 55.9908965263
Costo Reducido: 79.4298138369
Nodos: [105, 18, 53, 13, 48, 715]
q: [0, 10.0, -10.0, 15.0, -15.0, 0]
Q: [0, 10.0, 0.0, 15.0, 0.0, 0]
B: [0.0, 293.0, 316.8182362487, 423.0, 439.88315095, 485.97208133460003]
