Avion: 5      Iteracion: 86

Num Ruta: 59
Ingresos: 612.623
Costos: 220.876941927
Utilidad Ruta: 391.746058073
Costo Reducido: 13.8396470411
Nodos: [105, 18, 53, 28, 63, 15, 50, 4, 39, 715]
q: [0, 10.0, -10.0, 6.0, -6.0, 0.0, -0.0, 3.0, -3.0, 0]
Q: [0, 10.0, 0.0, 6.0, 0.0, 0.0, 0.0, 3.0, 0.0, 0]
B: [0.0, 293.0, 316.8182362487, 378.0, 414.0266187839, 511.0, 527.4211666151, 532.99584588839, 553.42159556859, 591.1356869005899]
