Avion: 5      Iteracion: 14

Num Ruta: 17
Ingresos: 779.176
Costos: 308.611875419
Utilidad Ruta: 470.564124581
Costo Reducido: 111.28594557
Nodos: [105, 22, 57, 18, 53, 34, 69, 715]
q: [0, 10.0, -10.0, 10.0, -10.0, 8.0, -8.0, 0]
Q: [0, 10.0, 0.0, 10.0, 0.0, 8.0, 0.0, 0]
B: [0.0, 299.0, 320.7546861389, 334.15512273630003, 357.973358985, 381.4440699457, 417.8842001595, 436.4185784064]
