Avion: 6      Iteracion: 88

Num Ruta: 56
Ingresos: 522.134
Costos: 186.301585991
Utilidad Ruta: 335.832414009
Costo Reducido: 17.2315931943
Nodos: [106, 9, 44, 19, 54, 5, 40, 716]
q: [0, 11.0, -11.0, 7.0, -7.0, 9.0, -9.0, 0]
Q: [0, 11.0, 0.0, 7.0, 0.0, 9.0, 0.0, 0]
B: [0.0, 51.9831585901, 81.51039559259999, 402.0, 428.6271162915, 469.0, 470.12168890518, 476.84504297885]
