Avion: 3      Iteracion: 15

Num Ruta: 14
Ingresos: 1215.775
Costos: 371.57681166
Utilidad Ruta: 844.19818834
Costo Reducido: 66.4914746357
Nodos: [103, 30, 65, 1, 36, 35, 70, 26, 61, 13, 33, 48, 68, 713]
q: [0.0, 11.0, -11.0, 7.0, -7.0, 8.0, -8.0, 10.0, -10.0, 10.0, 5.0, -10.0, -5.0, 0.0]
Q: [0.0, 11.0, 0.0, 7.0, 0.0, 8.0, 0.0, 10.0, 0.0, 10.0, 15.0, 5.0, 0.0, 0.0]
B: [0.0, 64.0, 82.7140226568, 175.0, 209.2400855285, 270.0, 281.922738989, 300.0, 317.5792279694, 423.0, 448.372931896, 489.1289324971, 494.47698279604, 498.17185830139]
