Avion: 6      Iteracion: 89

Num Ruta: 57
Ingresos: 271.29
Costos: 124.640719269
Utilidad Ruta: 146.649280731
Costo Reducido: 4.30804622707
Nodos: [106, 26, 61, 5, 40, 716]
q: [0, 10.0, -10.0, 9.0, -9.0, 0]
Q: [0, 10.0, 0.0, 9.0, 0.0, 0]
B: [0.0, 300.0, 317.5792279694, 469.0, 470.12168890518, 476.84504297885]
