Avion: 7      Iteracion: 18

Num Ruta: 20
Ingresos: 1081.513
Costos: 363.410568569
Utilidad Ruta: 718.102431431
Costo Reducido: 85.9932549282
Nodos: [107, 17, 30, 52, 65, 14, 49, 3, 38, 35, 70, 13, 48, 31, 66, 717]
q: [0.0, 5.0, 10.0, -5.0, -10.0, 8.0, -8.0, 0.0, 0.0, 8.0, -8.0, 15.0, -15.0, 9.0, -9.0, 0.0]
Q: [0.0, 5.0, 15.0, 10.0, 0.0, 8.0, 0.0, 0.0, 0.0, 8.0, 0.0, 15.0, 0.0, 9.0, 0.0, 0.0]
B: [0.0, 45.942580685, 79.556292292, 82.70074677568999, 98.79869229679, 126.59463295369, 138.61634472869, 256.0, 261.08428175852, 274.08526633661995, 286.00800532561993, 423.0, 439.88315095, 444.3406643824, 472.6661434604, 476.30086545802]
