Avion: 1      Iteracion: 3

Num Ruta: 5
Ingresos: 3070.066
Costos: 640.670716994
Utilidad Ruta: 2429.39528301
Costo Reducido: 1634.91530593
Nodos: [101, 17, 52, 30, 65, 24, 59, 1, 36, 3, 38, 23, 35, 70, 58, 18, 53, 28, 31, 63, 66, 5, 40, 6, 41, 2, 4, 37, 27, 39, 62, 711]
q: [0.0, 5.0, -5.0, 0.0, 0.0, 11.0, -11.0, 0.0, 0.0, 13.0, -13.0, 10.0, 0.0, 0.0, -10.0, 10.0, -10.0, 6.0, 9.0, -6.0, -9.0, 9.0, -9.0, 4.0, -4.0, 10.0, 3.0, -10.0, 6.0, -3.0, -6.0, 0.0]
Q: [0.0, 5.0, 0.0, 0.0, 0.0, 11.0, 0.0, 0.0, 0.0, 13.0, 0.0, 10.0, 10.0, 10.0, 0.0, 10.0, 0.0, 6.0, 15.0, 9.0, 0.0, 9.0, 0.0, 4.0, 0.0, 10.0, 13.0, 3.0, 9.0, 6.0, 0.0, 0.0]
B: [0.0, 24.0, 58.8425537813, 64.0, 82.7140226568, 107.4479935471, 145.9609438496, 175.0, 209.2400855285, 256.0, 261.08428175852, 267.0, 277.4634044651, 289.38614345409997, 313.15284696969997, 338.59215837939996, 362.41039462809994, 378.0, 406.0, 426.4968799577, 454.9113116606, 474.8077958726, 475.92948477778003, 492.15307762898004, 495.84536702717, 522.0, 549.3715326023, 562.8222884175, 587.7879403817, 604.1387529609, 609.55401149582, 623.67140265002]
