Avion: 1      Iteracion: 13

Num Ruta: 13
Ingresos: 3204.231
Costos: 545.06741075
Utilidad Ruta: 2659.16358925
Costo Reducido: 278.299270101
Nodos: [101, 30, 16, 51, 65, 24, 59, 1, 36, 23, 58, 34, 69, 8, 33, 43, 6, 41, 68, 21, 4, 56, 27, 39, 62, 711]
q: [0.0, 6.0, 9.0, -9.0, -6.0, 11.0, -11.0, 7.0, -7.0, 10.0, -10.0, 8.0, -8.0, 8.0, 5.0, -8.0, 4.0, -4.0, -5.0, 12.0, 3.0, -12.0, 6.0, -3.0, -6.0, 0.0]
Q: [0.0, 6.0, 15.0, 6.0, 0.0, 11.0, 0.0, 7.0, 0.0, 10.0, 0.0, 8.0, 0.0, 8.0, 13.0, 5.0, 9.0, 5.0, 0.0, 12.0, 15.0, 3.0, 9.0, 6.0, 0.0, 0.0]
B: [0.0, 64.0, 72.20259129788, 81.82668273552001, 84.69783929691, 109.43181018721, 147.94476048971, 175.0, 209.2400855285, 267.0, 306.733842905, 322.0, 358.4401302138, 414.0, 437.0, 460.2743670161, 469.46503864552994, 473.15732804371993, 504.23518886131995, 515.1146662385199, 530.0624546033199, 559.2322520143199, 572.4097002119199, 588.7605127911199, 594.1757713260399, 608.29316248024]
