Avion: 7      Iteracion: 0

Num Ruta: 2
Ingresos: 4189.891
Costos: 668.702225163
Utilidad Ruta: 3521.18877484
Costo Reducido: -
Nodos: [107, 17, 30, 52, 24, 65, 59, 1, 11, 46, 36, 3, 38, 23, 58, 26, 61, 22, 57, 19, 8, 54, 43, 31, 66, 21, 4, 39, 56, 717]
q: [0.0, 5.0, 4.0, -5.0, 11.0, -4.0, -11.0, 7.0, 6.0, -6.0, -7.0, 13.0, -13.0, 10.0, -10.0, 10.0, -10.0, 10.0, -10.0, 7.0, 8.0, -7.0, -8.0, 9.0, -9.0, 12.0, 3.0, -3.0, -12.0, 0.0]
Q: [0.0, 5.0, 9.0, 4.0, 15.0, 11.0, 0.0, 7.0, 13.0, 7.0, 0.0, 13.0, 0.0, 10.0, 0.0, 10.0, 0.0, 10.0, 0.0, 7.0, 15.0, 8.0, 0.0, 9.0, 0.0, 12.0, 15.0, 12.0, 0.0, 0.0]
B: [0.0, 45.942580685, 79.556292292, 82.70074677568999, 99.25903008038999, 123.99300097068999, 153.63056188589, 175.0, 193.6808285951, 197.73489544211, 232.05062478011, 256.0, 261.08428175852, 267.0, 306.733842905, 326.4202156791, 343.9994436485, 357.6336242986, 379.3883104375, 402.0, 425.1608815463, 443.1178409771, 446.04596016866, 463.15858150495995, 491.48406058295996, 514.94989926386, 529.8976876286599, 550.3234373088599, 567.1263817234599, 610.7426526896598]
