Avion: 3      Iteracion: 18

Num Ruta: 17
Ingresos: 595.026
Costos: 247.561807329
Utilidad Ruta: 347.464192671
Costo Reducido: 38.8176239293
Nodos: [103, 11, 46, 26, 34, 61, 69, 13, 48, 713]
q: [0.0, 6.0, -6.0, 7.0, 8.0, -7.0, -8.0, 15.0, -15.0, 0.0]
Q: [0.0, 6.0, 0.0, 7.0, 15.0, 8.0, 0.0, 15.0, 0.0, 0.0]
B: [0.0, 169.0, 173.05406684701, 300.0, 322.0, 336.913246092, 361.9000000428, 423.0, 439.88315095, 442.65763919110003]
