Avion: 3      Iteracion: 88

Num Ruta: 48
Ingresos: 973.533
Costos: 349.690549301
Utilidad Ruta: 623.842450699
Costo Reducido: 5.2826262887
Nodos: [103, 9, 44, 16, 51, 35, 70, 32, 67, 2, 37, 713]
q: [0, 11.0, -11.0, 9.0, -9.0, 8.0, -8.0, 11.0, -11.0, 10.0, -10.0, 0]
Q: [0, 11.0, 0.0, 9.0, 0.0, 8.0, 0.0, 11.0, 0.0, 10.0, 0.0, 0]
B: [0.0, 37.2069129329, 66.73414993540001, 90.46393411060001, 100.08802554824001, 270.0, 281.922738989, 309.0, 319.4016530417, 522.0, 562.7349620474, 572.8298631366]
