Avion: 1      Iteracion: 62

Num Ruta: 57
Ingresos: 1319.873
Costos: 369.342478734
Utilidad Ruta: 950.530521266
Costo Reducido: 17.2748455346
Nodos: [101, 30, 65, 24, 59, 1, 36, 35, 70, 32, 67, 26, 34, 61, 69, 711]
q: [0.0, 11.0, -11.0, 11.0, -11.0, 7.0, -7.0, 8.0, -8.0, 11.0, -11.0, 7.0, 8.0, -7.0, -8.0, 0.0]
Q: [0.0, 11.0, 0.0, 11.0, 0.0, 7.0, 0.0, 8.0, 0.0, 11.0, 0.0, 7.0, 15.0, 8.0, 0.0, 0.0]
B: [0.0, 64.0, 82.7140226568, 107.4479935471, 145.9609438496, 175.0, 209.2400855285, 270.0, 281.922738989, 309.0, 319.4016530417, 332.1221722921, 348.0493993263, 362.9626454183, 387.9493993691, 406.3936597229]
