Avion: 6      Iteracion: 25

Num Ruta: 22
Ingresos: 1928.794
Costos: 456.957730479
Utilidad Ruta: 1471.83626952
Costo Reducido: 186.707855235
Nodos: [106, 17, 52, 24, 9, 44, 59, 10, 45, 32, 67, 34, 69, 33, 6, 41, 5, 40, 68, 29, 4, 64, 39, 716]
q: [0.0, 5.0, -5.0, 4.0, 11.0, -11.0, -4.0, 12.0, -12.0, 11.0, -11.0, 8.0, -8.0, 5.0, 4.0, -4.0, 0.0, 0.0, -5.0, 9.0, 3.0, -9.0, -3.0, 0.0]
Q: [0.0, 5.0, 0.0, 4.0, 15.0, 4.0, 0.0, 12.0, 0.0, 11.0, 0.0, 8.0, 0.0, 5.0, 9.0, 5.0, 5.0, 5.0, 0.0, 9.0, 12.0, 3.0, 0.0, 0.0]
B: [0.0, 24.0, 58.8425537813, 75.400837086, 81.83771412381999, 111.36495112632, 136.42051454042, 148.20644522071998, 177.72595595511999, 309.0, 319.4016530417, 346.1750898215, 382.6152200353, 437.0, 463.1548069196, 466.84709631779, 485.23595653258997, 486.35764543777, 515.37002005617, 549.0, 569.7100026316, 592.5834067727, 604.8024778094, 619.4795926485]
