Avion: 1      Iteracion: 96

Num Ruta: 84
Ingresos: 1808.794
Costos: 404.505014374
Utilidad Ruta: 1404.28898563
Costo Reducido: 51.567510124
Nodos: [101, 30, 65, 24, 59, 1, 36, 3, 38, 35, 70, 32, 67, 26, 61, 28, 31, 63, 19, 66, 8, 5, 40, 54, 43, 711]
q: [0.0, 11.0, -11.0, 0.0, 0.0, 7.0, -7.0, 13.0, -13.0, 8.0, -8.0, 11.0, -11.0, 10.0, -10.0, 6.0, 9.0, -6.0, 0.0, -9.0, 8.0, 7.0, -7.0, 0.0, -8.0, 0.0]
Q: [0.0, 11.0, 0.0, 0.0, 0.0, 7.0, 0.0, 13.0, 0.0, 8.0, 0.0, 11.0, 0.0, 10.0, 0.0, 6.0, 15.0, 9.0, 9.0, 0.0, 8.0, 15.0, 8.0, 8.0, 0.0, 0.0]
B: [0.0, 64.0, 82.7140226568, 107.4479935471, 145.9609438496, 175.0, 209.2400855285, 256.0, 261.08428175852, 274.08526633661995, 286.00800532561993, 309.0, 319.4016530417, 332.1221722921, 349.7014002615, 378.0, 406.0, 426.4968799577, 439.0326732314, 455.1338900798, 463.91673620164, 476.84510539504, 477.96679430022, 486.3227303938, 489.25084958535996, 494.95998086778997]
