Avion: 2      Iteracion: 18

Num Ruta: 14
Ingresos: 2227.058
Costos: 557.757322856
Utilidad Ruta: 1669.30067714
Costo Reducido: 174.718862521
Nodos: [102, 16, 51, 35, 70, 26, 61, 34, 69, 28, 13, 48, 63, 21, 56, 2, 37, 712]
q: [0.0, 0.0, 0.0, 8.0, -8.0, 10.0, -10.0, 8.0, -8.0, 6.0, 9.0, -9.0, -6.0, 12.0, -12.0, 10.0, -10.0, 0.0]
Q: [0.0, 0.0, 0.0, 8.0, 0.0, 10.0, 0.0, 8.0, 0.0, 6.0, 15.0, 6.0, 0.0, 12.0, 0.0, 10.0, 0.0, 0.0]
B: [0.0, 36.0, 45.624091437640004, 270.0, 281.922738989, 300.0, 317.5792279694, 332.4924740614, 368.9326042752, 403.547817838, 423.0, 439.88315095, 462.92158097460003, 477.0, 517.7387906792, 541.5898044103, 582.3247664577, 586.44051292705]
