Avion: 6      Iteracion: 105

Num Ruta: 63
Ingresos: 876.805
Costos: 212.713122366
Utilidad Ruta: 664.091877634
Costo Reducido: 33.3660118181
Nodos: [106, 1, 36, 33, 8, 43, 68, 5, 40, 716]
q: [0, 7.0, -7.0, 5.0, 8.0, -8.0, -5.0, 9.0, -9.0, 0]
Q: [0, 7.0, 0.0, 5.0, 13.0, 5.0, 0.0, 9.0, 0.0, 0]
B: [0.0, 175.0, 209.2400855285, 437.0, 450.76465480859997, 471.5330514246, 493.4899324645, 522.4613500515, 523.58303895668, 530.3063930303499]
