Avion: 7      Iteracion: 10

Num Ruta: 14
Ingresos: 2283.462
Costos: 503.450907897
Utilidad Ruta: 1780.0110921
Costo Reducido: 310.811870523
Nodos: [107, 17, 30, 52, 16, 51, 65, 14, 49, 3, 38, 23, 35, 70, 26, 58, 61, 18, 53, 28, 63, 21, 4, 56, 39, 717]
q: [0.0, 5.0, 10.0, -5.0, 5.0, -5.0, -10.0, 8.0, -8.0, 0.0, 0.0, 0.0, 8.0, -8.0, 10.0, 0.0, -10.0, 10.0, -10.0, 6.0, -6.0, 12.0, 3.0, -12.0, -3.0, 0.0]
Q: [0.0, 5.0, 15.0, 10.0, 15.0, 10.0, 0.0, 8.0, 0.0, 0.0, 0.0, 0.0, 8.0, 0.0, 10.0, 10.0, 0.0, 10.0, 0.0, 6.0, 0.0, 12.0, 15.0, 3.0, 0.0, 0.0]
B: [0.0, 45.942580685, 79.556292292, 82.70074677568999, 88.03238611082999, 97.65647754847, 100.52763410985999, 128.32357476675998, 140.34528654175998, 256.0, 261.08428175852, 267.0, 277.4634044651, 289.38614345409997, 303.7370056233, 323.4233783974, 326.49045077998, 349.76912153238, 373.58735778107996, 382.72086055931, 418.74747934321, 477.0, 529.0, 558.169797411, 574.9727418256, 603.7202095402]
