Avion: 3      Iteracion: 40

Num Ruta: 30
Ingresos: 366.426
Costos: 168.115623701
Utilidad Ruta: 198.310376299
Costo Reducido: 38.7189448627
Nodos: [103, 11, 46, 25, 60, 13, 48, 713]
q: [0, 6.0, -6.0, 10.0, -10.0, 15.0, -15.0, 0]
Q: [0, 6.0, 0.0, 10.0, 0.0, 15.0, 0.0, 0]
B: [0.0, 169.0, 173.05406684701, 410.0, 427.1849823101, 443.186042775, 460.069193725, 462.8436819661]
