Avion: 1      Iteracion: 101

Num Ruta: 89
Ingresos: 1793.405
Costos: 400.279947033
Utilidad Ruta: 1393.12505297
Costo Reducido: 58.9445645709
Nodos: [101, 30, 16, 51, 65, 24, 59, 1, 36, 35, 70, 18, 53, 28, 31, 63, 19, 66, 8, 5, 40, 54, 43, 711]
q: [0.0, 6.0, 9.0, -9.0, -6.0, 11.0, -11.0, 7.0, -7.0, 8.0, -8.0, 10.0, -10.0, 6.0, 9.0, -6.0, 0.0, -9.0, 8.0, 7.0, -7.0, 0.0, -8.0, 0.0]
Q: [0.0, 6.0, 15.0, 6.0, 0.0, 11.0, 0.0, 7.0, 0.0, 8.0, 0.0, 10.0, 0.0, 6.0, 15.0, 9.0, 9.0, 0.0, 8.0, 15.0, 8.0, 8.0, 0.0, 0.0]
B: [0.0, 64.0, 72.20259129788, 81.82668273552001, 84.69783929691, 109.43181018721, 147.94476048971, 175.0, 209.2400855285, 270.0, 281.922738989, 302.3408921131, 326.15912836179996, 378.0, 406.0, 426.4968799577, 439.0326732314, 455.1338900798, 463.91673620164, 476.84510539504, 477.96679430022, 486.3227303938, 489.25084958535996, 494.95998086778997]
