Avion: 5      Iteracion: 48

Num Ruta: 45
Ingresos: 1004.787
Costos: 359.453790616
Utilidad Ruta: 645.333209384
Costo Reducido: 6.98318539311
Nodos: [105, 30, 65, 33, 8, 43, 68, 29, 64, 715]
q: [0, 11.0, -11.0, 5.0, 8.0, -8.0, -5.0, 9.0, -9.0, 0]
Q: [0, 11.0, 0.0, 5.0, 13.0, 5.0, 0.0, 9.0, 0.0, 0]
B: [0.0, 64.0, 82.7140226568, 437.0, 450.76465480859997, 471.5330514246, 493.4899324645, 549.0, 582.7797797802, 630.090723715]
