Avion: 4      Iteracion: 16

Num Ruta: 15
Ingresos: 468.37
Costos: 275.45317399
Utilidad Ruta: 192.91682601
Costo Reducido: 74.9260825815
Nodos: [104, 19, 54, 13, 48, 714]
q: [0, 7.0, -7.0, 15.0, -15.0, 0]
Q: [0, 7.0, 0.0, 15.0, 0.0, 0]
B: [0.0, 402.0, 428.6271162915, 432.85473559792, 449.73788654792, 461.41718725472003]
