Avion: 1      Iteracion: 110

Num Ruta: 96
Ingresos: 1472.531
Costos: 289.826991335
Utilidad Ruta: 1182.70400866
Costo Reducido: 35.550401319
Nodos: [101, 30, 65, 24, 59, 1, 36, 35, 70, 32, 67, 8, 19, 54, 43, 711]
q: [0, 11.0, -11.0, 11.0, -11.0, 7.0, -7.0, 8.0, -8.0, 11.0, -11.0, 8.0, 7.0, -7.0, -8.0, 0]
Q: [0, 11.0, 0.0, 11.0, 0.0, 7.0, 0.0, 8.0, 0.0, 11.0, 0.0, 8.0, 15.0, 8.0, 0.0, 0]
B: [0.0, 64.0, 82.7140226568, 107.4479935471, 145.9609438496, 175.0, 209.2400855285, 270.0, 281.922738989, 309.0, 319.4016530417, 414.0, 437.1608815463, 463.7879978378, 466.71611702935996, 472.42524831178997]
