Avion: 4      Iteracion: 9

Num Ruta: 9
Ingresos: 3050.289
Costos: 560.272493074
Utilidad Ruta: 2490.01650693
Costo Reducido: 120.2702982
Nodos: [104, 17, 52, 30, 16, 51, 65, 24, 59, 1, 11, 46, 36, 23, 58, 26, 61, 22, 57, 5, 40, 33, 68, 29, 64, 714]
q: [0.0, 5.0, -5.0, 0.0, 9.0, -9.0, 0.0, 11.0, -11.0, 7.0, 6.0, -6.0, -7.0, 10.0, -10.0, 10.0, -10.0, 10.0, -10.0, 9.0, -9.0, 5.0, -5.0, 9.0, -9.0, 0.0]
Q: [0.0, 5.0, 0.0, 0.0, 9.0, 0.0, 0.0, 11.0, 0.0, 7.0, 13.0, 7.0, 0.0, 10.0, 0.0, 10.0, 0.0, 10.0, 0.0, 9.0, 0.0, 5.0, 0.0, 9.0, 0.0, 0.0]
B: [0.0, 24.0, 58.8425537813, 64.0, 72.20259129788, 81.82668273552001, 84.69783929691, 109.43181018721, 147.94476048971, 175.0, 193.6808285951, 197.73489544211, 232.05062478011, 267.0, 306.733842905, 326.4202156791, 343.9994436485, 357.6336242986, 379.3883104375, 469.0, 470.12168890518, 483.41186760978, 525.3645326621801, 549.0, 582.7797797802, 609.550209829]
