Avion: 6      Iteracion: 10

Num Ruta: 11
Ingresos: 2279.605
Costos: 460.86301612
Utilidad Ruta: 1818.74198388
Costo Reducido: 407.653612555
Nodos: [106, 17, 52, 9, 44, 14, 49, 35, 70, 26, 61, 18, 53, 6, 41, 33, 5, 40, 68, 21, 4, 56, 39, 716]
q: [0, 5.0, -5.0, 11.0, -11.0, 8.0, -8.0, 8.0, -8.0, 10.0, -10.0, 10.0, -10.0, 4.0, -4.0, 5.0, 9.0, -9.0, -5.0, 12.0, 3.0, -12.0, -3.0, 0]
Q: [0, 5.0, 0.0, 11.0, 0.0, 8.0, 0.0, 8.0, 0.0, 10.0, 0.0, 10.0, 0.0, 4.0, 0.0, 5.0, 14.0, 5.0, 0.0, 12.0, 15.0, 3.0, 0.0, 0]
B: [0.0, 24.0, 58.8425537813, 81.72911018459999, 111.25634718709999, 121.5131539026, 133.5348656776, 270.0, 281.922738989, 300.0, 317.5792279694, 340.8578987218, 364.67613497049996, 436.0, 439.69228939819, 468.10954535299, 481.80771252969, 482.92940143487, 511.94177605326996, 522.8212534304699, 537.7690417952699, 566.9388392062699, 583.7417836208699, 598.4188984599699]
