Avion: 5      Iteracion: 85

Num Ruta: 58
Ingresos: 1570.927
Costos: 482.115780874
Utilidad Ruta: 1088.81121913
Costo Reducido: 30.1357731214
Nodos: [105, 17, 52, 16, 51, 32, 67, 26, 61, 28, 63, 25, 60, 33, 68, 715]
q: [0, 5.0, -5.0, 9.0, -9.0, 11.0, -11.0, 10.0, -10.0, 6.0, -6.0, 10.0, -10.0, 5.0, -5.0, 0]
Q: [0, 5.0, 0.0, 9.0, 0.0, 11.0, 0.0, 10.0, 0.0, 6.0, 0.0, 10.0, 0.0, 5.0, 0.0, 0]
B: [0.0, 35.8094227823, 70.65197656359999, 75.98361589873998, 85.60770733637999, 309.0, 319.4016530417, 332.1221722921, 349.7014002615, 378.0, 414.0266187839, 417.35999740026, 434.54497971036, 470.06238492246, 512.0150499748601, 555.77537641336]
