Avion: 6      Iteracion: 23

Num Ruta: 20
Ingresos: 1129.85
Costos: 434.701453368
Utilidad Ruta: 695.148546632
Costo Reducido: 101.565725249
Nodos: [106, 16, 51, 24, 9, 44, 59, 10, 45, 35, 70, 33, 6, 41, 68, 4, 27, 62, 39, 716]
q: [0.0, 9.0, -9.0, 4.0, 11.0, -11.0, -4.0, 12.0, -12.0, 8.0, -8.0, 5.0, 4.0, -4.0, -5.0, 3.0, 6.0, -6.0, -3.0, 0.0]
Q: [0.0, 9.0, 0.0, 4.0, 15.0, 4.0, 0.0, 12.0, 0.0, 8.0, 0.0, 5.0, 9.0, 5.0, 0.0, 3.0, 9.0, 3.0, 0.0, 0.0]
B: [0.0, 36.0, 45.624091437640004, 70.85029051714, 77.28716755495999, 106.81440455746, 131.86996797156, 143.65589865185999, 173.17540938626, 270.0, 281.922738989, 437.0, 463.1548069196, 466.84709631779, 497.92495713539, 529.0, 546.6147745373, 563.6456369054, 569.06089544032, 583.73801027942]
