Avion: 3      Iteracion: 115

Num Ruta: 56
Ingresos: 1199.655
Costos: 304.763554675
Utilidad Ruta: 894.891445325
Costo Reducido: 6.52298105016
Nodos: [103, 11, 46, 1, 36, 3, 38, 35, 70, 32, 67, 33, 8, 43, 13, 48, 68, 713]
q: [0.0, 6.0, -6.0, 7.0, -7.0, 13.0, -13.0, 8.0, -8.0, 11.0, -11.0, 5.0, 8.0, -8.0, 10.0, -10.0, -5.0, 0.0]
Q: [0.0, 6.0, 0.0, 7.0, 0.0, 13.0, 0.0, 8.0, 0.0, 11.0, 0.0, 5.0, 13.0, 5.0, 15.0, 5.0, 0.0, 0.0]
B: [0.0, 169.0, 173.05406684701, 195.72351838431, 229.96360391281002, 256.0, 261.08428175852, 274.08526633661995, 286.00800532561993, 309.0, 319.4016530417, 437.0, 450.76465480859997, 471.5330514246, 473.74372756550997, 490.62687851551, 495.97492881445, 499.6698043198]
