Avion: 1      Iteracion: 19

Num Ruta: 18
Ingresos: 583.992
Costos: 299.892394838
Utilidad Ruta: 284.099605162
Costo Reducido: 65.4974755411
Nodos: [101, 30, 16, 51, 65, 24, 59, 1, 36, 35, 70, 711]
q: [0.0, 6.0, 9.0, -9.0, -6.0, 0.0, 0.0, 7.0, -7.0, 8.0, -8.0, 0.0]
Q: [0.0, 6.0, 15.0, 6.0, 0.0, 0.0, 0.0, 7.0, 0.0, 8.0, 0.0, 0.0]
B: [0.0, 64.0, 72.20259129788, 81.82668273552001, 84.69783929691, 109.43181018721, 147.94476048971, 175.0, 209.2400855285, 270.0, 281.922738989, 299.4812793611]
