Avion: 1      Iteracion: 37

Num Ruta: 35
Ingresos: 1520.505
Costos: 527.189339707
Utilidad Ruta: 993.315660293
Costo Reducido: 184.980785599
Nodos: [101, 30, 65, 16, 51, 10, 45, 35, 70, 32, 67, 26, 34, 61, 69, 19, 8, 33, 54, 43, 13, 68, 48, 711]
q: [0.0, 0.0, 0.0, 9.0, -9.0, 12.0, -12.0, 8.0, -8.0, 11.0, -11.0, 7.0, 8.0, -7.0, -8.0, 7.0, 0.0, 5.0, -7.0, 0.0, 10.0, -5.0, -10.0, 0.0]
Q: [0.0, 0.0, 0.0, 9.0, 0.0, 12.0, 0.0, 8.0, 0.0, 11.0, 0.0, 7.0, 15.0, 8.0, 0.0, 7.0, 7.0, 12.0, 5.0, 5.0, 15.0, 10.0, 0.0, 0.0]
B: [0.0, 64.0, 82.7140226568, 93.53069441849999, 103.15478585614, 118.98406306644, 148.50357380084, 270.0, 281.922738989, 309.0, 319.4016530417, 332.1221722921, 348.0493993263, 362.9626454183, 387.9493993691, 408.4892156292, 431.6500971755, 445.4147519841, 466.9631457525, 469.89126494405997, 472.10194108496995, 492.0727707121699, 497.4208210111099, 512.6722230778099]
