Avion: 7      Iteracion: 12

Num Ruta: 15
Ingresos: 2365.2
Costos: 420.092239998
Utilidad Ruta: 1945.10776
Costo Reducido: 267.451262671
Nodos: [107, 30, 65, 14, 49, 3, 38, 23, 58, 22, 57, 31, 33, 66, 68, 29, 27, 64, 62, 717]
q: [0, 11.0, -11.0, 8.0, -8.0, 13.0, -13.0, 10.0, -10.0, 10.0, -10.0, 9.0, 5.0, -9.0, -5.0, 9.0, 6.0, -9.0, -6.0, 0]
Q: [0, 11.0, 0.0, 8.0, 0.0, 13.0, 0.0, 10.0, 0.0, 10.0, 0.0, 9.0, 14.0, 5.0, 0.0, 9.0, 15.0, 6.0, 0.0, 0]
B: [0.0, 64.0, 82.7140226568, 112.0, 124.021711775, 256.0, 261.08428175852, 267.0, 306.733842905, 322.49026689650003, 344.24495303540004, 406.0, 443.5012702852, 465.8994317276, 496.8512225805, 549.0, 574.6018082369, 582.8182362320799, 598.26561380888, 621.71060212198]
