Avion: 7      Iteracion: 55

Num Ruta: 44
Ingresos: 1176.298
Costos: 352.431912641
Utilidad Ruta: 823.866087359
Costo Reducido: 4.07678553701
Nodos: [107, 1, 36, 3, 38, 22, 57, 13, 48, 31, 66, 717]
q: [0, 7.0, -7.0, 13.0, -13.0, 10.0, -10.0, 15.0, -15.0, 9.0, -9.0, 0]
Q: [0, 7.0, 0.0, 13.0, 0.0, 10.0, 0.0, 15.0, 0.0, 9.0, 0.0, 0]
B: [0.0, 175.0, 209.2400855285, 256.0, 261.08428175852, 299.0, 320.7546861389, 423.0, 439.88315095, 444.3406643824, 472.6661434604, 476.30086545802]
