Avion: 6      Iteracion: 47

Num Ruta: 31
Ingresos: 1625.832
Costos: 389.421446797
Utilidad Ruta: 1236.4105532
Costo Reducido: 34.9964737303
Nodos: [106, 1, 36, 34, 69, 19, 33, 5, 40, 54, 68, 29, 27, 62, 64, 716]
q: [0.0, 7.0, -7.0, 8.0, -8.0, 7.0, 5.0, 3.0, -3.0, -7.0, -5.0, 9.0, 6.0, -6.0, -9.0, 0.0]
Q: [0.0, 7.0, 0.0, 8.0, 0.0, 7.0, 12.0, 15.0, 12.0, 5.0, 0.0, 9.0, 15.0, 9.0, 0.0, 0.0]
B: [0.0, 175.0, 209.2400855285, 322.0, 358.4401302138, 402.0, 438.5935603624, 469.0, 470.12168890518, 478.47762499876, 500.38306982416003, 549.0, 574.6018082369, 591.6326706049999, 607.0800481818, 627.4772554660999]
