Avion: 1      Iteracion: 78

Num Ruta: 70
Ingresos: 2411.545
Costos: 395.405911197
Utilidad Ruta: 2016.1390888
Costo Reducido: 32.9851901852
Nodos: [101, 30, 65, 24, 59, 1, 36, 23, 35, 70, 26, 58, 61, 18, 53, 31, 19, 66, 8, 5, 40, 54, 43, 711]
q: [0.0, 11.0, -11.0, 11.0, -11.0, 7.0, -7.0, 10.0, 5.0, -5.0, 5.0, -10.0, -5.0, 10.0, -10.0, 9.0, 6.0, -9.0, 0.0, 9.0, -9.0, -6.0, 0.0, 0.0]
Q: [0.0, 11.0, 0.0, 11.0, 0.0, 7.0, 0.0, 10.0, 15.0, 10.0, 15.0, 5.0, 0.0, 10.0, 0.0, 9.0, 15.0, 6.0, 6.0, 15.0, 6.0, 0.0, 0.0, 0.0]
B: [0.0, 64.0, 82.7140226568, 107.4479935471, 145.9609438496, 175.0, 209.2400855285, 267.0, 277.4634044651, 289.38614345409997, 303.7370056233, 323.4233783974, 326.49045077998, 349.76912153238, 373.58735778107996, 406.0, 427.4250045741, 443.5262214225, 452.30906754434, 469.0, 470.12168890518, 478.47762499876, 481.40574419032, 487.11487547275]
