Avion: 1      Iteracion: 112

Num Ruta: 97
Ingresos: 2038.722
Costos: 424.244257115
Utilidad Ruta: 1614.47774288
Costo Reducido: 3.11292008402
Nodos: [101, 30, 65, 24, 59, 31, 19, 66, 8, 54, 43, 5, 40, 2, 4, 37, 27, 39, 62, 711]
q: [0.0, 11.0, -11.0, 11.0, -11.0, 9.0, 6.0, -9.0, 8.0, -6.0, -8.0, 9.0, -9.0, 10.0, 3.0, -10.0, 6.0, -3.0, -6.0, 0.0]
Q: [0.0, 11.0, 0.0, 11.0, 0.0, 9.0, 15.0, 6.0, 14.0, 8.0, 0.0, 9.0, 0.0, 10.0, 13.0, 3.0, 9.0, 6.0, 0.0, 0.0]
B: [0.0, 64.0, 82.7140226568, 107.4479935471, 145.9609438496, 406.0, 427.4250045741, 443.5262214225, 452.30906754434, 470.26602697514, 473.19414616669997, 482.94695704356997, 484.06864594875, 522.0, 549.3715326023, 562.8222884175, 587.7879403817, 604.1387529609, 609.55401149582, 623.67140265002]
