Avion: 6      Iteracion: 30

Num Ruta: 24
Ingresos: 962.022
Costos: 184.6103636
Utilidad Ruta: 777.4116364
Costo Reducido: 41.1523336534
Nodos: [106, 17, 52, 9, 44, 19, 54, 6, 41, 5, 40, 716]
q: [0, 5.0, -5.0, 11.0, -11.0, 7.0, -7.0, 4.0, -4.0, 9.0, -9.0, 0]
Q: [0, 5.0, 0.0, 11.0, 0.0, 7.0, 0.0, 4.0, 0.0, 9.0, 0.0, 0]
B: [0.0, 24.0, 58.8425537813, 81.72911018459999, 111.25634718709999, 402.0, 428.6271162915, 440.41813528899996, 444.11042468718995, 469.0, 470.12168890518, 476.84504297885]
