Avion: 1      Iteracion: 84

Num Ruta: 74
Ingresos: 1513.823
Costos: 397.248352754
Utilidad Ruta: 1116.57464725
Costo Reducido: 59.3752447928
Nodos: [101, 30, 16, 65, 51, 1, 36, 8, 19, 54, 43, 33, 68, 4, 27, 39, 62, 711]
q: [0.0, 0.0, 9.0, 0.0, -9.0, 7.0, -7.0, 8.0, 7.0, -7.0, -8.0, 5.0, -5.0, 3.0, 6.0, -3.0, -6.0, 0.0]
Q: [0.0, 0.0, 9.0, 9.0, 0.0, 7.0, 0.0, 8.0, 15.0, 8.0, 0.0, 5.0, 0.0, 3.0, 9.0, 6.0, 0.0, 0.0]
B: [0.0, 64.0, 72.20259129788, 83.01926305958, 85.89041962097, 175.0, 209.2400855285, 414.0, 437.1608815463, 463.7879978378, 466.71611702935996, 489.99048404546, 531.94314909786, 549.26068313136, 566.87545766866, 583.22627024786, 588.64152878278, 602.7589199369801]
