Avion: 2      Iteracion: 74

Num Ruta: 51
Ingresos: 1522.858
Costos: 386.952246287
Utilidad Ruta: 1135.90575371
Costo Reducido: 43.1197764126
Nodos: [102, 16, 30, 65, 51, 10, 45, 26, 61, 13, 48, 31, 66, 20, 4, 39, 55, 2, 37, 712]
q: [0.0, 4.0, 11.0, -11.0, -4.0, 12.0, -12.0, 0.0, 0.0, 15.0, -15.0, 9.0, -9.0, 0.0, 3.0, -3.0, 0.0, 10.0, -10.0, 0.0]
Q: [0.0, 4.0, 15.0, 4.0, 0.0, 12.0, 0.0, 0.0, 0.0, 15.0, 0.0, 9.0, 0.0, 0.0, 3.0, 0.0, 0.0, 10.0, 0.0, 0.0]
B: [0.0, 36.0, 64.0, 82.7140226568, 85.58517921818999, 101.41445642849, 130.93396716288999, 300.0, 317.5792279694, 423.0, 439.88315095, 444.3406643824, 472.6661434604, 496.0, 529.0, 549.4257496801999, 561.2869729308, 568.6172701962599, 609.35223224366, 613.46797871301]
