Avion: 1      Iteracion: 75

Num Ruta: 67
Ingresos: 1933.418
Costos: 430.318887995
Utilidad Ruta: 1503.09911201
Costo Reducido: 52.820253299
Nodos: [101, 30, 65, 24, 59, 1, 36, 3, 38, 35, 70, 26, 34, 61, 69, 31, 66, 19, 54, 711]
q: [0.0, 11.0, -11.0, 11.0, -11.0, 7.0, -7.0, 13.0, -13.0, 8.0, -8.0, 7.0, 8.0, -7.0, -8.0, 9.0, -9.0, 7.0, -7.0, 0.0]
Q: [0.0, 11.0, 0.0, 11.0, 0.0, 7.0, 0.0, 13.0, 0.0, 8.0, 0.0, 7.0, 15.0, 8.0, 0.0, 9.0, 0.0, 7.0, 0.0, 0.0]
B: [0.0, 64.0, 82.7140226568, 107.4479935471, 145.9609438496, 175.0, 209.2400855285, 256.0, 261.08428175852, 274.08526633661995, 286.00800532561993, 300.35886749481995, 322.0, 336.913246092, 361.9000000428, 406.0, 434.325479078, 450.4266959264, 477.0538122179, 481.79933916439995]
