Avion: 5      Iteracion: 15

Num Ruta: 18
Ingresos: 173.492
Costos: 244.246487298
Utilidad Ruta: -70.7544872984
Costo Reducido: 40.5262422976
Nodos: [105, 30, 65, 715]
q: [0, 11.0, -11.0, 0]
Q: [0, 11.0, 0.0, 0]
B: [0.0, 64.0, 82.7140226568, 115.0707034507]
