Avion: 2      Iteracion: 108

Num Ruta: 71
Ingresos: 1405.081
Costos: 404.66191488
Utilidad Ruta: 1000.41908512
Costo Reducido: 29.8846227914
Nodos: [102, 16, 51, 35, 70, 32, 67, 26, 61, 13, 33, 68, 48, 20, 4, 39, 55, 2, 37, 712]
q: [0.0, 0.0, 0.0, 8.0, -8.0, 11.0, -11.0, 10.0, -10.0, 0.0, 5.0, -5.0, 0.0, 0.0, 3.0, -3.0, 0.0, 10.0, -10.0, 0.0]
Q: [0.0, 0.0, 0.0, 8.0, 0.0, 11.0, 0.0, 10.0, 0.0, 0.0, 5.0, 0.0, 0.0, 0.0, 3.0, 0.0, 0.0, 10.0, 0.0, 0.0]
B: [0.0, 36.0, 45.624091437640004, 270.0, 281.922738989, 309.0, 319.4016530417, 332.1221722921, 349.7014002615, 423.0, 448.372931896, 490.3255969484, 495.67364724734, 509.60423248274, 529.0, 549.4257496801999, 561.2869729308, 568.6172701962599, 609.35223224366, 613.46797871301]
