Avion: 4      Iteracion: 57

Num Ruta: 34
Ingresos: 1232.177
Costos: 310.936039564
Utilidad Ruta: 921.240960436
Costo Reducido: 27.1591002253
Nodos: [104, 17, 52, 9, 44, 35, 70, 33, 68, 29, 64, 714]
q: [0, 5.0, -5.0, 11.0, -11.0, 8.0, -8.0, 5.0, -5.0, 9.0, -9.0, 0]
Q: [0, 5.0, 0.0, 11.0, 0.0, 8.0, 0.0, 5.0, 0.0, 9.0, 0.0, 0]
B: [0.0, 24.0, 58.8425537813, 81.72911018459999, 111.25634718709999, 270.0, 281.922738989, 437.0, 478.9526650524, 549.0, 582.7797797802, 609.550209829]
