Avion: 6      Iteracion: 74

Num Ruta: 47
Ingresos: 2296.728
Costos: 480.98653534
Utilidad Ruta: 1815.74146466
Costo Reducido: 56.6332490549
Nodos: [106, 17, 52, 30, 65, 35, 70, 32, 67, 34, 69, 31, 33, 66, 68, 21, 4, 56, 39, 716]
q: [0, 5.0, -5.0, 11.0, -11.0, 8.0, -8.0, 11.0, -11.0, 8.0, -8.0, 9.0, 5.0, -9.0, -5.0, 12.0, 3.0, -12.0, -3.0, 0]
Q: [0, 5.0, 0.0, 11.0, 0.0, 8.0, 0.0, 11.0, 0.0, 8.0, 0.0, 9.0, 14.0, 5.0, 0.0, 12.0, 15.0, 3.0, 0.0, 0]
B: [0.0, 24.0, 58.8425537813, 64.0, 82.7140226568, 270.0, 281.922738989, 309.0, 319.4016530417, 346.1750898215, 382.6152200353, 409.7359641438, 447.237234429, 469.6353958714, 500.5871867243, 511.4666641015, 529.0, 558.169797411, 574.9727418256, 589.6498566647]
