Avion: 7      Iteracion: 9

Num Ruta: 13
Ingresos: 1475.873
Costos: 377.58779137
Utilidad Ruta: 1098.28520863
Costo Reducido: 194.605783627
Nodos: [107, 14, 49, 3, 38, 22, 57, 26, 61, 28, 63, 29, 64, 27, 62, 717]
q: [0, 8.0, -8.0, 13.0, -13.0, 10.0, -10.0, 10.0, -10.0, 6.0, -6.0, 9.0, -9.0, 6.0, -6.0, 0]
Q: [0, 8.0, 0.0, 13.0, 0.0, 10.0, 0.0, 10.0, 0.0, 6.0, 0.0, 9.0, 0.0, 6.0, 0.0, 0]
B: [0.0, 112.0, 124.021711775, 256.0, 261.08428175852, 299.0, 320.7546861389, 357.0876895518, 374.6669175212, 385.0748345558, 421.1014533397, 549.0, 582.7797797802, 590.99620777538, 608.0270701434799, 631.4720584565799]
