Avion: 7      Iteracion: 58

Num Ruta: 47
Ingresos: 834.296
Costos: 202.793276828
Utilidad Ruta: 631.502723172
Costo Reducido: 52.126216365
Nodos: [107, 14, 49, 3, 38, 35, 70, 26, 61, 22, 57, 717]
q: [0, 8.0, -8.0, 13.0, -13.0, 8.0, -8.0, 10.0, -10.0, 10.0, -10.0, 0]
Q: [0, 8.0, 0.0, 13.0, 0.0, 8.0, 0.0, 10.0, 0.0, 10.0, 0.0, 0]
B: [0.0, 112.0, 124.021711775, 256.0, 261.08428175852, 274.08526633661995, 286.00800532561993, 300.35886749481995, 317.93809546421994, 331.57227611431995, 353.32696225321996, 355.29375100648997]
