Avion: 6      Iteracion: 79

Num Ruta: 50
Ingresos: 975.652
Costos: 307.200069171
Utilidad Ruta: 668.451930829
Costo Reducido: 96.5189692862
Nodos: [106, 30, 65, 16, 51, 32, 67, 33, 13, 48, 68, 29, 64, 716]
q: [0.0, 11.0, -11.0, 9.0, -9.0, 11.0, -11.0, 5.0, 10.0, -10.0, -5.0, 9.0, -9.0, 0.0]
Q: [0.0, 11.0, 0.0, 9.0, 0.0, 11.0, 0.0, 5.0, 15.0, 5.0, 0.0, 9.0, 0.0, 0.0]
B: [0.0, 64.0, 82.7140226568, 93.53069441849999, 103.15478585614, 309.0, 319.4016530417, 437.0, 462.372931896, 479.256082846, 484.60413314494, 549.0, 582.7797797802, 603.1769870644999]
