Avion: 3      Iteracion: 107

Num Ruta: 51
Ingresos: 754.524
Costos: 268.615597953
Utilidad Ruta: 485.908402047
Costo Reducido: 57.4371588679
Nodos: [103, 11, 46, 18, 53, 32, 67, 33, 8, 43, 13, 48, 68, 713]
q: [0.0, 0.0, 0.0, 10.0, -10.0, 11.0, -11.0, 5.0, 8.0, -8.0, 0.0, 0.0, -5.0, 0.0]
Q: [0.0, 0.0, 0.0, 10.0, 0.0, 11.0, 0.0, 5.0, 13.0, 5.0, 5.0, 5.0, 0.0, 0.0]
B: [0.0, 169.0, 173.05406684701, 293.0, 316.8182362487, 348.1029144475, 358.5045674892, 437.0, 450.76465480859997, 471.5330514246, 473.74372756550997, 490.62687851551, 495.97492881445, 499.6698043198]
