Avion: 6      Iteracion: 46

Num Ruta: 30
Ingresos: 1767.147
Costos: 337.996158257
Utilidad Ruta: 1429.15084174
Costo Reducido: 76.8436626489
Nodos: [106, 34, 69, 19, 33, 5, 40, 54, 68, 21, 4, 56, 27, 62, 39, 716]
q: [0.0, 8.0, -8.0, 7.0, 5.0, 0.0, 0.0, -7.0, -5.0, 12.0, 3.0, -12.0, 6.0, -6.0, -3.0, 0.0]
Q: [0.0, 8.0, 0.0, 7.0, 12.0, 12.0, 12.0, 5.0, 0.0, 12.0, 15.0, 3.0, 9.0, 3.0, 0.0, 0.0]
B: [0.0, 322.0, 358.4401302138, 402.0, 438.5935603624, 469.0, 470.12168890518, 478.47762499876, 500.38306982416003, 511.26254720136, 529.0, 558.169797411, 571.3472456086, 588.3781079767, 593.79336651162, 608.47048135072]
