Avion: 5      Iteracion: 115

Num Ruta: 69
Ingresos: 484.641
Costos: 336.827041896
Utilidad Ruta: 147.813958104
Costo Reducido: 6.49241257375
Nodos: [105, 9, 44, 30, 16, 51, 65, 35, 70, 3, 38, 715]
q: [0.0, 11.0, -11.0, 6.0, 9.0, -9.0, -6.0, 8.0, -8.0, 13.0, -13.0, 0.0]
Q: [0.0, 11.0, 0.0, 6.0, 15.0, 6.0, 0.0, 8.0, 0.0, 13.0, 0.0, 0.0]
B: [0.0, 31.4915482312, 61.0187852337, 76.8066855691, 85.00927686698, 94.63336830462, 97.50452486601, 270.0, 281.922738989, 301.6759641434, 306.76024590192, 313.16381256434]
