Avion: 4      Iteracion: 46

Num Ruta: 31
Ingresos: 1410.267
Costos: 516.786954662
Utilidad Ruta: 893.480045338
Costo Reducido: 63.8292611186
Nodos: [104, 17, 52, 16, 51, 24, 59, 10, 45, 32, 67, 34, 69, 19, 33, 5, 40, 54, 68, 714]
q: [0.0, 0.0, 0.0, 9.0, -9.0, 11.0, -11.0, 12.0, -12.0, 11.0, -11.0, 8.0, -8.0, 7.0, 5.0, 0.0, 0.0, -7.0, -5.0, 0.0]
Q: [0.0, 0.0, 0.0, 9.0, 0.0, 11.0, 0.0, 12.0, 0.0, 11.0, 0.0, 8.0, 0.0, 7.0, 12.0, 12.0, 12.0, 5.0, 0.0, 0.0]
B: [0.0, 24.0, 58.8425537813, 64.17419311644, 73.79828455408, 99.02448363357999, 137.53743393608, 149.32336461638, 178.84287535078, 309.0, 319.4016530417, 346.1750898215, 382.6152200353, 403.1550362954, 439.7485966578, 469.0, 470.12168890518, 478.47762499876, 500.38306982416003, 516.55748681516]
