Avion: 5      Iteracion: 20

Num Ruta: 23
Ingresos: 515.564
Costos: 305.796303186
Utilidad Ruta: 209.767696814
Costo Reducido: 72.6569572737
Nodos: [105, 9, 44, 19, 54, 715]
q: [0, 11.0, -11.0, 7.0, -7.0, 0]
Q: [0, 11.0, 0.0, 7.0, 0.0, 0]
B: [0.0, 31.4915482312, 61.0187852337, 402.0, 428.6271162915, 464.3088000662]
