Avion: 7      Iteracion: 8

Num Ruta: 12
Ingresos: 1297.001
Costos: 452.016704238
Utilidad Ruta: 844.984295762
Costo Reducido: 287.885338003
Nodos: [107, 17, 30, 52, 16, 51, 65, 14, 49, 3, 38, 35, 70, 22, 57, 32, 67, 6, 41, 13, 48, 717]
q: [0.0, 5.0, 6.0, -5.0, 9.0, -9.0, -6.0, 0.0, 0.0, 13.0, -13.0, 8.0, -8.0, 10.0, -10.0, 11.0, -11.0, 4.0, -4.0, 15.0, -15.0, 0.0]
Q: [0.0, 5.0, 11.0, 6.0, 15.0, 6.0, 0.0, 0.0, 0.0, 13.0, 0.0, 8.0, 0.0, 10.0, 0.0, 11.0, 0.0, 4.0, 0.0, 15.0, 0.0, 0.0]
B: [0.0, 45.942580685, 79.556292292, 82.70074677568999, 88.03238611082999, 97.65647754847, 100.52763410985999, 128.32357476675998, 140.34528654175998, 256.0, 261.08428175852, 274.08526633661995, 286.00800532561993, 303.7313161055199, 325.4860022444199, 359.48577955251994, 369.88743259421994, 436.0, 439.69228939819, 453.10235550539, 469.98550645539, 506.35685953719]
