Avion: 7      Iteracion: 1

Num Ruta: 5
Ingresos: 3570.969
Costos: 679.599960104
Utilidad Ruta: 2891.3690399
Costo Reducido: 2568.90505804
Nodos: [107, 17, 16, 51, 30, 52, 65, 10, 45, 3, 38, 23, 58, 26, 61, 22, 57, 31, 6, 41, 33, 66, 68, 21, 4, 56, 39, 717]
q: [0.0, 5.0, 9.0, -9.0, 10.0, -5.0, -10.0, 12.0, -12.0, 0.0, 0.0, 10.0, -10.0, 10.0, -10.0, 10.0, -10.0, 9.0, 4.0, -4.0, 5.0, -9.0, -5.0, 12.0, 3.0, -12.0, -3.0, 0.0]
Q: [0.0, 5.0, 14.0, 5.0, 15.0, 10.0, 0.0, 12.0, 0.0, 0.0, 0.0, 10.0, 0.0, 10.0, 0.0, 10.0, 0.0, 9.0, 13.0, 9.0, 14.0, 5.0, 0.0, 12.0, 15.0, 3.0, 0.0, 0.0]
B: [0.0, 45.942580685, 80.7440576652, 90.36814910284001, 107.35344274174001, 110.49789722543001, 126.59584274653001, 145.28889303263, 174.80840376703, 256.0, 261.08428175852, 267.0, 306.733842905, 326.4202156791, 343.9994436485, 357.6336242986, 379.3883104375, 411.9830438311, 436.0, 439.69228939819, 468.10954535299, 490.50770679539, 521.45949764829, 532.3389750254901, 547.28676339029, 576.45656080129, 593.25950521589, 622.0069729304901]
