Avion: 1      Iteracion: 72

Num Ruta: 64
Ingresos: 1626.782
Costos: 389.016344435
Utilidad Ruta: 1237.76565557
Costo Reducido: 56.6976238595
Nodos: [101, 30, 65, 24, 59, 1, 36, 35, 70, 34, 69, 31, 19, 66, 8, 5, 40, 54, 43, 711]
q: [0.0, 11.0, -11.0, 11.0, -11.0, 7.0, -7.0, 8.0, -8.0, 8.0, -8.0, 9.0, 6.0, -9.0, 0.0, 9.0, -9.0, -6.0, 0.0, 0.0]
Q: [0.0, 11.0, 0.0, 11.0, 0.0, 7.0, 0.0, 8.0, 0.0, 8.0, 0.0, 9.0, 15.0, 6.0, 6.0, 15.0, 6.0, 0.0, 0.0, 0.0]
B: [0.0, 64.0, 82.7140226568, 107.4479935471, 145.9609438496, 175.0, 209.2400855285, 270.0, 281.922738989, 322.0, 358.4401302138, 406.0, 427.4250045741, 443.5262214225, 452.30906754434, 469.0, 470.12168890518, 478.47762499876, 481.40574419032, 487.11487547275]
