Avion: 4      Iteracion: 80

Num Ruta: 46
Ingresos: 2617.597
Costos: 504.583237803
Utilidad Ruta: 2113.0137622
Costo Reducido: 137.610127406
Nodos: [104, 17, 52, 24, 9, 44, 59, 1, 11, 46, 36, 23, 35, 70, 58, 34, 22, 57, 69, 13, 48, 25, 60, 29, 64, 714]
q: [0.0, 0.0, 0.0, 11.0, 4.0, -4.0, -11.0, 7.0, 6.0, -6.0, -7.0, 10.0, 5.0, -5.0, -10.0, 8.0, 7.0, -7.0, -8.0, 15.0, -15.0, 10.0, -10.0, 9.0, -9.0, 0.0]
Q: [0.0, 0.0, 0.0, 11.0, 15.0, 11.0, 0.0, 7.0, 13.0, 7.0, 0.0, 10.0, 15.0, 10.0, 0.0, 8.0, 15.0, 8.0, 0.0, 15.0, 0.0, 10.0, 0.0, 9.0, 0.0, 0.0]
B: [0.0, 24.0, 58.8425537813, 75.400837086, 81.83771412381999, 111.36495112632, 136.42051454042, 175.0, 193.6808285951, 197.73489544211, 232.05062478011, 267.0, 277.4634044651, 289.38614345409997, 313.15284696969997, 327.41179398549997, 355.4754773681, 377.230163507, 387.82041383449996, 423.0, 439.88315095, 463.8957169312, 481.0806992413, 549.0, 582.7797797802, 609.550209829]
