Avion: 1      Iteracion: 2

Num Ruta: 4
Ingresos: 3218.204
Costos: 606.150538819
Utilidad Ruta: 2612.05346118
Costo Reducido: 2377.85511946
Nodos: [101, 16, 51, 30, 65, 24, 59, 1, 36, 35, 70, 26, 57, 22, 61, 28, 31, 63, 19, 66, 8, 54, 43, 5, 40, 2, 4, 37, 27, 39, 62, 711]
q: [0.0, 9.0, -9.0, 11.0, -11.0, 0.0, 0.0, 7.0, -7.0, 8.0, -8.0, 10.0, -10.0, 10.0, -10.0, 6.0, 9.0, -6.0, 6.0, -9.0, 8.0, -6.0, -8.0, 9.0, -9.0, 10.0, 3.0, -10.0, 6.0, -3.0, -6.0, 0.0]
Q: [0.0, 9.0, 0.0, 11.0, 0.0, 0.0, 0.0, 7.0, 0.0, 8.0, 0.0, 10.0, 0.0, 10.0, 0.0, 6.0, 15.0, 9.0, 15.0, 6.0, 14.0, 8.0, 0.0, 9.0, 0.0, 10.0, 13.0, 3.0, 9.0, 6.0, 0.0, 0.0]
B: [0.0, 36.0, 45.624091437640004, 64.0, 82.7140226568, 107.4479935471, 145.9609438496, 175.0, 209.2400855285, 270.0, 281.922738989, 300.0, 336.3330034129, 358.0876895518, 371.7218702019, 382.1297872365, 406.0, 426.4968799577, 439.0326732314, 455.1338900798, 463.91673620164, 481.87369563244, 484.80181482399996, 494.55462570086996, 495.67631460604997, 522.0, 549.3715326023, 562.8222884175, 587.7879403817, 604.1387529609, 609.55401149582, 623.67140265002]
