Avion: 1      Iteracion: 114

Num Ruta: 99
Ingresos: 2505.169
Costos: 450.939366707
Utilidad Ruta: 2054.22963329
Costo Reducido: 14.4597509819
Nodos: [101, 30, 16, 51, 65, 24, 59, 1, 36, 3, 38, 23, 35, 70, 32, 67, 34, 58, 69, 31, 19, 66, 8, 54, 43, 711]
q: [0.0, 6.0, 9.0, -9.0, -6.0, 11.0, -11.0, 7.0, -7.0, 13.0, -13.0, 7.0, 8.0, -8.0, 8.0, -8.0, 8.0, -7.0, -8.0, 9.0, 6.0, -9.0, 8.0, -6.0, -8.0, 0.0]
Q: [0.0, 6.0, 15.0, 6.0, 0.0, 11.0, 0.0, 7.0, 0.0, 13.0, 0.0, 7.0, 15.0, 7.0, 15.0, 7.0, 15.0, 8.0, 0.0, 9.0, 15.0, 6.0, 14.0, 8.0, 0.0, 0.0]
B: [0.0, 64.0, 72.20259129788, 81.82668273552001, 84.69783929691, 109.43181018721, 147.94476048971, 175.0, 209.2400855285, 256.0, 261.08428175852, 267.0, 277.4634044651, 289.38614345409997, 309.0, 319.4016530417, 346.1750898215, 360.4340368373, 388.28712463740004, 415.40786874590003, 436.83287332000003, 452.9340901684, 461.71693629024, 479.67389572104, 482.6020149126, 488.31114619503]
