Avion: 4      Iteracion: 111

Num Ruta: 64
Ingresos: 1304.695
Costos: 335.551850339
Utilidad Ruta: 969.143149661
Costo Reducido: 17.8105416549
Nodos: [104, 17, 52, 9, 44, 11, 46, 19, 25, 60, 54, 5, 33, 40, 68, 29, 64, 714]
q: [0.0, 0.0, 0.0, 11.0, -11.0, 6.0, -6.0, 7.0, 8.0, -8.0, -7.0, 9.0, 5.0, -9.0, -5.0, 9.0, -9.0, 0.0]
Q: [0.0, 0.0, 0.0, 11.0, 0.0, 6.0, 0.0, 7.0, 15.0, 7.0, 0.0, 9.0, 14.0, 5.0, 0.0, 9.0, 0.0, 0.0]
B: [0.0, 24.0, 58.8425537813, 81.72911018459999, 111.25634718709999, 169.0, 173.05406684701, 402.0, 411.3920072402, 428.57698955029997, 445.3638459862, 469.0, 482.6981671767, 495.9883458813, 525.0007204997, 549.0, 582.7797797802, 609.550209829]
