Avion: 3      Iteracion: 7

Num Ruta: 8
Ingresos: 1166.804
Costos: 320.95420608
Utilidad Ruta: 845.84979392
Costo Reducido: 340.390819287
Nodos: [103, 34, 69, 8, 43, 21, 56, 713]
q: [0, 8.0, -8.0, 8.0, -8.0, 12.0, -12.0, 0]
Q: [0, 8.0, 0.0, 8.0, 0.0, 12.0, 0.0, 0]
B: [0.0, 322.0, 358.4401302138, 414.0, 434.768396616, 477.0, 517.7387906792, 548.8965365058999]
