Avion: 1      Iteracion: 71

Num Ruta: 63
Ingresos: 1775.531
Costos: 311.610419349
Utilidad Ruta: 1463.92058065
Costo Reducido: 74.1513032309
Nodos: [101, 30, 65, 24, 59, 1, 36, 8, 19, 54, 43, 27, 2, 62, 37, 711]
q: [0.0, 11.0, -11.0, 11.0, -11.0, 7.0, -7.0, 0.0, 7.0, -7.0, 0.0, 5.0, 10.0, -5.0, -10.0, 0.0]
Q: [0.0, 11.0, 0.0, 11.0, 0.0, 7.0, 0.0, 0.0, 7.0, 0.0, 0.0, 5.0, 15.0, 10.0, 0.0, 0.0]
B: [0.0, 64.0, 82.7140226568, 107.4479935471, 145.9609438496, 175.0, 209.2400855285, 414.0, 437.1608815463, 463.7879978378, 466.71611702935996, 538.0, 563.7839683718, 575.2360414592, 604.5765718055, 621.5262389999]
