Avion: 5      Iteracion: 37

Num Ruta: 38
Ingresos: 708.944
Costos: 393.730121611
Utilidad Ruta: 315.213878389
Costo Reducido: 69.617207144
Nodos: [105, 10, 45, 32, 67, 33, 13, 48, 68, 27, 62, 715]
q: [0.0, 12.0, -12.0, 11.0, -11.0, 5.0, 10.0, -10.0, -5.0, 6.0, -6.0, 0.0]
Q: [0.0, 12.0, 0.0, 11.0, 0.0, 5.0, 15.0, 5.0, 0.0, 6.0, 0.0, 0.0]
B: [0.0, 96.0, 125.5195107344, 309.0, 319.4016530417, 437.0, 462.372931896, 479.256082846, 484.60413314494, 538.0, 555.0308623681, 587.6857874177999]
