Avion: 5      Iteracion: 98

Num Ruta: 62
Ingresos: 678.817
Costos: 274.921668289
Utilidad Ruta: 403.895331711
Costo Reducido: 6.06868694663
Nodos: [105, 18, 53, 31, 66, 8, 43, 715]
q: [0, 10.0, -10.0, 9.0, -9.0, 8.0, -8.0, 0]
Q: [0, 10.0, 0.0, 9.0, 0.0, 8.0, 0.0, 0]
B: [0.0, 293.0, 316.8182362487, 406.0, 434.325479078, 443.10832519984, 463.87672181584, 502.48250574774005]
