Avion: 7      Iteracion: 42

Num Ruta: 39
Ingresos: 627.16
Costos: 247.776426032
Utilidad Ruta: 379.383573968
Costo Reducido: 5.27520365082
Nodos: [107, 30, 16, 51, 65, 14, 49, 3, 38, 35, 70, 22, 57, 717]
q: [0.0, 11.0, 4.0, -4.0, -11.0, 0.0, 0.0, 0.0, 0.0, 8.0, -8.0, 10.0, -10.0, 0.0]
Q: [0.0, 11.0, 15.0, 11.0, 0.0, 0.0, 0.0, 0.0, 0.0, 8.0, 0.0, 10.0, 0.0, 0.0]
B: [0.0, 64.0, 72.20259129788, 81.82668273552001, 84.69783929691, 112.49377995381, 124.51549172881, 256.0, 261.08428175852, 274.08526633661995, 286.00800532561993, 303.7313161055199, 325.4860022444199, 327.45279099768993]
