Avion: 4      Iteracion: 12

Num Ruta: 11
Ingresos: 173.492
Costos: 274.078319848
Utilidad Ruta: -100.586319848
Costo Reducido: 36.5246163251
Nodos: [104, 30, 65, 714]
q: [0, 11.0, -11.0, 0]
Q: [0, 11.0, 0.0, 0]
B: [0.0, 64.0, 82.7140226568, 125.11094317]
