Avion: 1      Iteracion: 87

Num Ruta: 77
Ingresos: 2134.59
Costos: 366.402067475
Utilidad Ruta: 1768.18793252
Costo Reducido: 20.3681670355
Nodos: [101, 30, 16, 51, 65, 24, 59, 1, 36, 23, 35, 70, 26, 61, 58, 19, 8, 54, 43, 711]
q: [0.0, 6.0, 9.0, -9.0, -6.0, 11.0, -11.0, 7.0, -7.0, 7.0, 8.0, -8.0, 8.0, -8.0, -7.0, 7.0, 8.0, -7.0, -8.0, 0.0]
Q: [0.0, 6.0, 15.0, 6.0, 0.0, 11.0, 0.0, 7.0, 0.0, 7.0, 15.0, 7.0, 15.0, 7.0, 0.0, 7.0, 15.0, 8.0, 0.0, 0.0]
B: [0.0, 64.0, 72.20259129788, 81.82668273552001, 84.69783929691, 109.43181018721, 147.94476048971, 175.0, 209.2400855285, 267.0, 277.4634044651, 289.38614345409997, 303.7370056233, 321.3162335927, 324.38330597528, 402.0, 425.1608815463, 443.1178409771, 446.04596016866, 451.75509145109]
