Avion: 3      Iteracion: 2

Num Ruta: 5
Ingresos: 2380.036
Costos: 584.670354263
Utilidad Ruta: 1795.36564574
Costo Reducido: 1905.63412836
Nodos: [103, 16, 51, 9, 44, 30, 65, 1, 11, 46, 36, 35, 70, 26, 34, 61, 22, 69, 57, 25, 60, 31, 33, 66, 68, 713]
q: [0.0, 9.0, -9.0, 11.0, -11.0, 11.0, -11.0, 7.0, 6.0, -6.0, -7.0, 8.0, -8.0, 10.0, 5.0, -10.0, 10.0, -5.0, -10.0, 10.0, -10.0, 9.0, 5.0, -9.0, -5.0, 0.0]
Q: [0.0, 9.0, 0.0, 11.0, 0.0, 11.0, 0.0, 7.0, 13.0, 7.0, 0.0, 8.0, 0.0, 10.0, 15.0, 5.0, 15.0, 10.0, 0.0, 10.0, 0.0, 9.0, 14.0, 5.0, 0.0, 0.0]
B: [0.0, 36.0, 45.624091437640004, 75.68094759394, 105.20818459644, 120.99608493184, 139.71010758864, 175.0, 193.6808285951, 197.73489544211, 232.05062478011, 270.0, 281.922738989, 300.0, 322.0, 336.913246092, 350.5474267421, 365.1165933964, 375.70684372389996, 410.0, 427.1849823101, 432.00662891681, 469.50789920201, 491.90606064441, 522.85785149731, 526.5527270026599]
