Avion: 1      Iteracion: 103

Num Ruta: 90
Ingresos: 2367.707
Costos: 470.938061018
Utilidad Ruta: 1896.76893898
Costo Reducido: 71.3726699053
Nodos: [101, 30, 16, 51, 65, 24, 59, 1, 36, 35, 70, 32, 67, 26, 34, 61, 69, 8, 19, 54, 43, 21, 4, 56, 39, 711]
q: [0.0, 6.0, 9.0, -9.0, -6.0, 11.0, -11.0, 7.0, -7.0, 8.0, -8.0, 11.0, -11.0, 7.0, 8.0, -7.0, -8.0, 8.0, 0.0, 0.0, -8.0, 12.0, 3.0, -12.0, -3.0, 0.0]
Q: [0.0, 6.0, 15.0, 6.0, 0.0, 11.0, 0.0, 7.0, 0.0, 8.0, 0.0, 11.0, 0.0, 7.0, 15.0, 8.0, 0.0, 8.0, 8.0, 8.0, 0.0, 12.0, 15.0, 3.0, 0.0, 0.0]
B: [0.0, 64.0, 72.20259129788, 81.82668273552001, 84.69783929691, 109.43181018721, 147.94476048971, 175.0, 209.2400855285, 270.0, 281.922738989, 309.0, 319.4016530417, 332.1221722921, 348.0493993263, 362.9626454183, 387.9493993691, 414.0, 437.1608815463, 463.7879978378, 466.71611702935996, 491.68028873606, 529.0, 558.169797411, 574.9727418256, 591.7817739215]
