Avion: 1      Iteracion: 70

Num Ruta: 62
Ingresos: 1357.569
Costos: 307.196540338
Utilidad Ruta: 1050.37245966
Costo Reducido: 52.4423113787
Nodos: [101, 30, 65, 24, 59, 1, 36, 8, 33, 43, 13, 48, 68, 711]
q: [0.0, 11.0, -11.0, 11.0, -11.0, 7.0, -7.0, 8.0, 5.0, -8.0, 10.0, -10.0, -5.0, 0.0]
Q: [0.0, 11.0, 0.0, 11.0, 0.0, 7.0, 0.0, 8.0, 13.0, 5.0, 15.0, 5.0, 0.0, 0.0]
B: [0.0, 64.0, 82.7140226568, 107.4479935471, 145.9609438496, 175.0, 209.2400855285, 414.0, 437.0, 460.2743670161, 462.48504315700995, 479.36819410700997, 484.71624440594996, 501.90841160494995]
