Avion: 4      Iteracion: 102

Num Ruta: 58
Ingresos: 1613.857
Costos: 404.24153798
Utilidad Ruta: 1209.61546202
Costo Reducido: 56.6392827005
Nodos: [104, 17, 52, 9, 44, 11, 46, 1, 36, 35, 70, 32, 67, 33, 8, 43, 68, 714]
q: [0, 5.0, -5.0, 11.0, -11.0, 6.0, -6.0, 7.0, -7.0, 8.0, -8.0, 11.0, -11.0, 5.0, 8.0, -8.0, -5.0, 0]
Q: [0, 5.0, 0.0, 11.0, 0.0, 6.0, 0.0, 7.0, 0.0, 8.0, 0.0, 11.0, 0.0, 5.0, 13.0, 5.0, 0.0, 0]
B: [0.0, 24.0, 58.8425537813, 81.72911018459999, 111.25634718709999, 169.0, 173.05406684701, 195.72351838431, 229.96360391281002, 270.0, 281.922738989, 309.0, 319.4016530417, 437.0, 450.76465480859997, 471.5330514246, 493.4899324645, 509.6643494555]
