Avion: 2      Iteracion: 15

Num Ruta: 13
Ingresos: 560.694
Costos: 486.403637785
Utilidad Ruta: 74.2903622149
Costo Reducido: 57.3062322461
Nodos: [102, 9, 24, 44, 30, 65, 59, 13, 48, 712]
q: [0.0, 11.0, 4.0, -11.0, 11.0, -11.0, -4.0, 15.0, -15.0, 0.0]
Q: [0.0, 11.0, 15.0, 4.0, 15.0, 4.0, 0.0, 15.0, 0.0, 0.0]
B: [0.0, 29.8362865317, 61.0, 85.1402498951, 100.9281502305, 119.64217288729999, 149.2797338025, 423.0, 439.88315095, 455.2736272259]
