Avion: 4      Iteracion: 92

Num Ruta: 51
Ingresos: 2261.061
Costos: 497.599173141
Utilidad Ruta: 1763.46182686
Costo Reducido: 149.649082177
Nodos: [104, 17, 52, 9, 44, 11, 46, 35, 70, 22, 57, 19, 31, 66, 8, 54, 43, 21, 4, 39, 56, 714]
q: [0.0, 0.0, 0.0, 11.0, -11.0, 6.0, -6.0, 8.0, -8.0, 10.0, -10.0, 7.0, 8.0, -8.0, 8.0, -7.0, -8.0, 12.0, 3.0, -3.0, -12.0, 0.0]
Q: [0.0, 0.0, 0.0, 11.0, 0.0, 6.0, 0.0, 8.0, 0.0, 10.0, 0.0, 7.0, 15.0, 7.0, 15.0, 8.0, 0.0, 12.0, 15.0, 12.0, 0.0, 0.0]
B: [0.0, 24.0, 58.8425537813, 81.72911018459999, 111.25634718709999, 169.0, 173.05406684701, 270.0, 281.922738989, 299.64604976889996, 321.40073590779997, 402.0, 423.4250045741, 451.7504836521, 460.53332977394, 478.49028920474, 481.4184083963, 506.382580103, 529.0, 549.4257496801999, 566.2286940948, 595.1194999853]
