Avion: 2      Iteracion: 49

Num Ruta: 38
Ingresos: 2298.801
Costos: 539.553482211
Utilidad Ruta: 1759.24751779
Costo Reducido: 94.3570366554
Nodos: [102, 16, 51, 24, 59, 10, 45, 26, 61, 34, 69, 8, 33, 43, 13, 48, 20, 68, 27, 62, 55, 2, 37, 712]
q: [0.0, 9.0, -9.0, 11.0, -11.0, 12.0, -12.0, 10.0, -10.0, 8.0, -8.0, 8.0, 5.0, -8.0, 10.0, -10.0, 0.0, -5.0, 6.0, -6.0, 0.0, 10.0, -10.0, 0.0]
Q: [0.0, 9.0, 0.0, 11.0, 0.0, 12.0, 0.0, 10.0, 0.0, 8.0, 0.0, 8.0, 13.0, 5.0, 15.0, 5.0, 5.0, 0.0, 6.0, 0.0, 0.0, 10.0, 0.0, 0.0]
B: [0.0, 36.0, 45.624091437640004, 70.85029051714, 109.36324081964, 121.14917149994, 150.66868223434, 300.0, 317.5792279694, 332.4924740614, 368.9326042752, 414.0, 437.0, 460.2743670161, 462.48504315700995, 479.36819410700997, 496.0, 506.5907824546, 538.0, 555.0308623681, 571.1886281789999, 578.5189254444599, 619.2538874918599, 623.36963396121]
