Avion: 5      Iteracion: 75

Num Ruta: 55
Ingresos: 955.918
Costos: 394.877431756
Utilidad Ruta: 561.040568244
Costo Reducido: 28.1559398137
Nodos: [105, 30, 65, 26, 61, 34, 69, 33, 68, 715]
q: [0, 11.0, -11.0, 10.0, -10.0, 8.0, -8.0, 5.0, -5.0, 0]
Q: [0, 11.0, 0.0, 10.0, 0.0, 8.0, 0.0, 5.0, 0.0, 0]
B: [0.0, 64.0, 82.7140226568, 300.0, 317.5792279694, 332.4924740614, 368.9326042752, 437.0, 478.9526650524, 522.7129914909]
