Avion: 4      Iteracion: 65

Num Ruta: 38
Ingresos: 1456.076
Costos: 346.564295152
Utilidad Ruta: 1109.51170485
Costo Reducido: 69.688694668
Nodos: [104, 17, 52, 9, 44, 11, 46, 31, 33, 66, 68, 29, 64, 714]
q: [0, 5.0, -5.0, 11.0, -11.0, 6.0, -6.0, 9.0, 5.0, -9.0, -5.0, 9.0, -9.0, 0]
Q: [0, 5.0, 0.0, 11.0, 0.0, 6.0, 0.0, 9.0, 14.0, 5.0, 0.0, 9.0, 0.0, 0]
B: [0.0, 24.0, 58.8425537813, 81.72911018459999, 111.25634718709999, 169.0, 173.05406684701, 406.0, 443.5012702852, 465.8994317276, 496.8512225805, 549.0, 582.7797797802, 609.550209829]
