Avion: 6      Iteracion: 31

Num Ruta: 25
Ingresos: 1209.402
Costos: 271.449561043
Utilidad Ruta: 937.952438957
Costo Reducido: 16.2162035762
Nodos: [106, 34, 69, 8, 6, 41, 43, 27, 2, 62, 37, 716]
q: [0.0, 8.0, -8.0, 8.0, 4.0, -4.0, -8.0, 5.0, 10.0, -5.0, -10.0, 0.0]
Q: [0.0, 8.0, 0.0, 8.0, 12.0, 8.0, 0.0, 5.0, 15.0, 10.0, 0.0, 0.0]
B: [0.0, 322.0, 358.4401302138, 414.0, 441.9144979715, 445.60678736969, 458.47278985688996, 538.0, 563.7839683718, 575.2360414592, 604.5765718055, 625.0022092741]
