Avion: 2      Iteracion: 23

Num Ruta: 18
Ingresos: 1036.287
Costos: 435.599651103
Utilidad Ruta: 600.687348897
Costo Reducido: 55.6403867714
Nodos: [102, 16, 51, 9, 44, 10, 45, 2, 37, 712]
q: [0, 9.0, -9.0, 11.0, -11.0, 12.0, -12.0, 10.0, -10.0, 0]
Q: [0, 9.0, 0.0, 11.0, 0.0, 12.0, 0.0, 10.0, 0.0, 0]
B: [0.0, 36.0, 45.624091437640004, 75.68094759394, 105.20818459644, 133.75029804304, 163.26980877744, 522.0, 562.7349620474, 566.85070851675]
