Avion: 3      Iteracion: 13

Num Ruta: 13
Ingresos: 760.947
Costos: 363.352319981
Utilidad Ruta: 397.594680019
Costo Reducido: 153.709360017
Nodos: [103, 9, 44, 16, 51, 34, 69, 33, 68, 713]
q: [0, 11.0, -11.0, 9.0, -9.0, 8.0, -8.0, 5.0, -5.0, 0]
Q: [0, 11.0, 0.0, 9.0, 0.0, 8.0, 0.0, 5.0, 0.0, 0]
B: [0.0, 37.2069129329, 66.73414993540001, 90.46393411060001, 100.08802554824001, 322.0, 358.4401302138, 437.0, 478.9526650524, 482.64754055775]
