Avion: 4      Iteracion: 6

Num Ruta: 7
Ingresos: 519.837
Costos: 221.626916177
Utilidad Ruta: 298.210083823
Costo Reducido: 343.848208999
Nodos: [104, 25, 60, 29, 64, 714]
q: [0, 10.0, -10.0, 9.0, -9.0, 0]
Q: [0, 10.0, 0.0, 9.0, 0.0, 0]
B: [0.0, 410.0, 427.1849823101, 549.0, 582.7797797802, 609.550209829]
