Avion: 1      Iteracion: 119

Num Ruta: 101
Ingresos: 2999.844
Costos: 576.266983865
Utilidad Ruta: 2423.57701613
Costo Reducido: 30.5169846226
Nodos: [101, 30, 16, 51, 65, 24, 59, 1, 36, 35, 70, 32, 67, 26, 61, 31, 19, 66, 8, 33, 54, 43, 68, 21, 56, 29, 64, 711]
q: [0.0, 6.0, 9.0, -9.0, -6.0, 11.0, -11.0, 7.0, -7.0, 8.0, -8.0, 11.0, -11.0, 10.0, -10.0, 9.0, 2.0, -9.0, 8.0, 5.0, -2.0, -8.0, -5.0, 12.0, -12.0, 9.0, -9.0, 0.0]
Q: [0.0, 6.0, 15.0, 6.0, 0.0, 11.0, 0.0, 7.0, 0.0, 8.0, 0.0, 11.0, 0.0, 10.0, 0.0, 9.0, 11.0, 2.0, 10.0, 15.0, 13.0, 5.0, 0.0, 12.0, 0.0, 9.0, 0.0, 0.0]
B: [0.0, 64.0, 72.20259129788, 81.82668273552001, 84.69783929691, 109.43181018721, 147.94476048971, 175.0, 209.2400855285, 270.0, 281.922738989, 309.0, 319.4016530417, 332.1221722921, 349.7014002615, 406.0, 427.4250045741, 443.5262214225, 452.30906754434, 466.07372235293997, 487.62211612133996, 490.55023531289993, 512.5071163527999, 523.38659373, 564.1253844091999, 602.5786808868999, 636.3584606670998, 652.4589696341999]
