Avion: 3      Iteracion: 113

Num Ruta: 55
Ingresos: 1858.628
Costos: 366.29296214
Utilidad Ruta: 1492.33503786
Costo Reducido: 34.4177247176
Nodos: [103, 11, 46, 1, 36, 3, 38, 23, 35, 70, 18, 58, 53, 31, 66, 8, 33, 43, 68, 713]
q: [0.0, 6.0, -6.0, 7.0, -7.0, 13.0, -13.0, 5.0, 8.0, -8.0, 10.0, -5.0, -10.0, 9.0, -9.0, 8.0, 5.0, -8.0, -5.0, 0.0]
Q: [0.0, 6.0, 0.0, 7.0, 0.0, 13.0, 0.0, 5.0, 13.0, 5.0, 15.0, 10.0, 0.0, 9.0, 0.0, 8.0, 13.0, 5.0, 0.0, 0.0]
B: [0.0, 169.0, 173.05406684701, 195.72351838431, 229.96360391281002, 256.0, 261.08428175852, 267.0, 277.4634044651, 289.38614345409997, 309.80429657819997, 335.24360798789996, 345.16913956057, 406.0, 434.325479078, 443.10832519984, 456.87298000844, 480.14734702453995, 502.10422806443995, 505.79910356978996]
