Avion: 6      Iteracion: 84

Num Ruta: 54
Ingresos: 74.097
Costos: 113.615593469
Utilidad Ruta: -39.5185934688
Costo Reducido: 8.53675485049
Nodos: [106, 16, 51, 5, 40, 716]
q: [0, 9.0, -9.0, 9.0, -9.0, 0]
Q: [0, 9.0, 0.0, 9.0, 0.0, 0]
B: [0.0, 36.0, 45.624091437640004, 469.0, 470.12168890518, 476.84504297885]
