Avion: 6      Iteracion: 18

Num Ruta: 15
Ingresos: 513.874
Costos: 171.104224076
Utilidad Ruta: 342.769775924
Costo Reducido: 126.310147238
Nodos: [106, 17, 52, 35, 70, 5, 6, 41, 40, 716]
q: [0, 5.0, -5.0, 8.0, -8.0, 9.0, 4.0, -4.0, -9.0, 0]
Q: [0, 5.0, 0.0, 8.0, 0.0, 9.0, 13.0, 9.0, 0.0, 0]
B: [0.0, 24.0, 58.8425537813, 270.0, 281.922738989, 469.0, 484.1451341691, 487.83742356729, 507.33035095138996, 514.0537050250599]
