Avion: 4      Iteracion: 99

Num Ruta: 57
Ingresos: 1660.436
Costos: 338.938260271
Utilidad Ruta: 1321.49773973
Costo Reducido: 4.54749585475
Nodos: [104, 17, 52, 9, 44, 11, 46, 25, 60, 31, 33, 66, 68, 29, 64, 714]
q: [0, 5.0, -5.0, 11.0, -11.0, 6.0, -6.0, 10.0, -10.0, 9.0, 5.0, -9.0, -5.0, 9.0, -9.0, 0]
Q: [0, 5.0, 0.0, 11.0, 0.0, 6.0, 0.0, 10.0, 0.0, 9.0, 14.0, 5.0, 0.0, 9.0, 0.0, 0]
B: [0.0, 24.0, 58.8425537813, 81.72911018459999, 111.25634718709999, 169.0, 173.05406684701, 410.0, 427.1849823101, 432.00662891681, 469.50789920201, 491.90606064441, 522.85785149731, 549.0, 582.7797797802, 609.550209829]
