Avion: 1      Iteracion: 81

Num Ruta: 71
Ingresos: 1633.11
Costos: 421.665172169
Utilidad Ruta: 1211.44482783
Costo Reducido: 22.3393312697
Nodos: [101, 30, 16, 51, 65, 24, 59, 1, 36, 3, 38, 35, 70, 32, 67, 26, 34, 61, 69, 19, 54, 711]
q: [0.0, 0.0, 9.0, -9.0, 0.0, 11.0, -11.0, 7.0, -7.0, 13.0, -13.0, 8.0, -8.0, 11.0, -11.0, 7.0, 8.0, -7.0, -8.0, 7.0, -7.0, 0.0]
Q: [0.0, 0.0, 9.0, 0.0, 0.0, 11.0, 0.0, 7.0, 0.0, 13.0, 0.0, 8.0, 0.0, 11.0, 0.0, 7.0, 15.0, 8.0, 0.0, 7.0, 0.0, 0.0]
B: [0.0, 64.0, 72.20259129788, 81.82668273552001, 84.69783929691, 109.43181018721, 147.94476048971, 175.0, 209.2400855285, 256.0, 261.08428175852, 274.08526633661995, 286.00800532561993, 309.0, 319.4016530417, 332.1221722921, 348.0493993263, 362.9626454183, 387.9493993691, 408.4892156292, 435.11633192069996, 439.86185886719994]
