Avion: 2      Iteracion: 45

Num Ruta: 34
Ingresos: 2089.392
Costos: 438.210540364
Utilidad Ruta: 1651.18145964
Costo Reducido: 178.993734176
Nodos: [102, 16, 51, 10, 45, 26, 61, 34, 69, 8, 33, 6, 41, 43, 13, 48, 68, 20, 4, 39, 55, 2, 37, 712]
q: [0.0, 9.0, -9.0, 12.0, -12.0, 10.0, -10.0, 8.0, -8.0, 6.0, 5.0, 4.0, -4.0, -6.0, 10.0, -10.0, -5.0, 0.0, 3.0, -3.0, 0.0, 10.0, -10.0, 0.0]
Q: [0.0, 9.0, 0.0, 12.0, 0.0, 10.0, 0.0, 8.0, 0.0, 6.0, 11.0, 15.0, 11.0, 5.0, 15.0, 5.0, 0.0, 0.0, 3.0, 0.0, 0.0, 10.0, 0.0, 0.0]
B: [0.0, 36.0, 45.624091437640004, 96.0, 125.5195107344, 300.0, 317.5792279694, 332.4924740614, 368.9326042752, 414.0, 437.0, 463.1548069196, 466.84709631779, 479.71309880498995, 481.92377494589994, 498.80692589589995, 504.15497619483995, 514.74575864944, 529.0, 549.4257496801999, 561.2869729308, 568.6172701962599, 609.35223224366, 613.46797871301]
