Avion: 3      Iteracion: 24

Num Ruta: 19
Ingresos: 129.738
Costos: 145.315716616
Utilidad Ruta: -15.5777166161
Costo Reducido: 72.3081262996
Nodos: [103, 11, 46, 27, 62, 713]
q: [0, 6.0, -6.0, 6.0, -6.0, 0]
Q: [0, 6.0, 0.0, 6.0, 0.0, 0]
B: [0.0, 169.0, 173.05406684701, 538.0, 555.0308623681, 583.3015826454]
