Avion: 7      Iteracion: 29

Num Ruta: 31
Ingresos: 1879.141
Costos: 285.273817864
Utilidad Ruta: 1593.86718214
Costo Reducido: 111.593294492
Nodos: [107, 14, 49, 3, 38, 23, 58, 34, 22, 57, 69, 8, 43, 13, 48, 31, 66, 717]
q: [0.0, 0.0, 0.0, 0.0, 0.0, 10.0, -10.0, 8.0, 7.0, -7.0, -8.0, 8.0, -8.0, 15.0, -15.0, 9.0, -9.0, 0.0]
Q: [0.0, 0.0, 0.0, 0.0, 0.0, 10.0, 0.0, 8.0, 15.0, 8.0, 0.0, 8.0, 0.0, 15.0, 0.0, 9.0, 0.0, 0.0]
B: [0.0, 112.0, 124.021711775, 256.0, 261.08428175852, 267.0, 306.733842905, 322.0, 350.0636833826, 371.8183695215, 382.408619849, 414.0, 434.768396616, 436.97907275691, 453.86222370691, 458.31973713931, 486.64521621731, 490.27993821493]
