Avion: 2      Iteracion: 69

Num Ruta: 50
Ingresos: 2009.794
Costos: 522.705160565
Utilidad Ruta: 1487.08883944
Costo Reducido: 1.47497912022
Nodos: [102, 16, 51, 24, 59, 10, 45, 26, 61, 13, 48, 31, 66, 33, 68, 2, 37, 712]
q: [0, 9.0, -9.0, 11.0, -11.0, 12.0, -12.0, 10.0, -10.0, 15.0, -15.0, 9.0, -9.0, 5.0, -5.0, 10.0, -10.0, 0]
Q: [0, 9.0, 0.0, 11.0, 0.0, 12.0, 0.0, 10.0, 0.0, 15.0, 0.0, 9.0, 0.0, 5.0, 0.0, 10.0, 0.0, 0]
B: [0.0, 36.0, 45.624091437640004, 70.85029051714, 109.36324081964, 121.14917149994, 150.66868223434, 300.0, 317.5792279694, 423.0, 439.88315095, 444.3406643824, 472.6661434604, 495.0643049028, 537.0169699552, 579.5633881123, 620.2983501597, 624.41409662905]
