Avion: 1      Iteracion: 38

Num Ruta: 36
Ingresos: 1961.704
Costos: 435.68428435
Utilidad Ruta: 1526.01971565
Costo Reducido: 90.4111565449
Nodos: [101, 30, 16, 51, 65, 24, 59, 1, 36, 35, 70, 26, 61, 34, 28, 69, 63, 19, 54, 711]
q: [0.0, 6.0, 9.0, -9.0, -6.0, 11.0, -11.0, 7.0, -7.0, 8.0, -8.0, 10.0, -10.0, 8.0, 6.0, -8.0, -6.0, 7.0, -7.0, 0.0]
Q: [0.0, 6.0, 15.0, 6.0, 0.0, 11.0, 0.0, 7.0, 0.0, 8.0, 0.0, 10.0, 0.0, 8.0, 14.0, 6.0, 0.0, 7.0, 0.0, 0.0]
B: [0.0, 64.0, 72.20259129788, 81.82668273552001, 84.69783929691, 109.43181018721, 147.94476048971, 175.0, 209.2400855285, 270.0, 281.922738989, 300.0, 317.5792279694, 332.4924740614, 378.0, 412.6152135628, 444.56576931700005, 457.10156259070004, 483.72867888220003, 488.4742058287]
