Avion: 4      Iteracion: 52

Num Ruta: 33
Ingresos: 1531.637
Costos: 433.260575648
Utilidad Ruta: 1098.37642435
Costo Reducido: 91.3348903519
Nodos: [104, 17, 52, 9, 44, 1, 11, 46, 36, 35, 70, 34, 22, 69, 57, 714]
q: [0.0, 5.0, -5.0, 11.0, -11.0, 7.0, 6.0, -6.0, -7.0, 8.0, -8.0, 8.0, 7.0, -8.0, -7.0, 0.0]
Q: [0.0, 5.0, 0.0, 11.0, 0.0, 7.0, 13.0, 7.0, 0.0, 8.0, 0.0, 8.0, 15.0, 7.0, 0.0, 0.0]
B: [0.0, 24.0, 58.8425537813, 81.72911018459999, 111.25634718709999, 175.0, 193.6808285951, 197.73489544211, 232.05062478011, 270.0, 281.922738989, 322.0, 350.0636833826, 364.6328500369, 375.22310036439995, 423.18474681239996]
