Avion: 6      Iteracion: 83

Num Ruta: 53
Ingresos: 766.33
Costos: 164.594959965
Utilidad Ruta: 601.735040035
Costo Reducido: 6.12317107709
Nodos: [106, 17, 52, 22, 57, 5, 40, 716]
q: [0, 5.0, -5.0, 10.0, -10.0, 9.0, -9.0, 0]
Q: [0, 5.0, 0.0, 10.0, 0.0, 9.0, 0.0, 0]
B: [0.0, 24.0, 58.8425537813, 299.0, 320.7546861389, 469.0, 470.12168890518, 476.84504297885]
