Avion: 7      Iteracion: 39

Num Ruta: 36
Ingresos: 1900.14
Costos: 386.303375034
Utilidad Ruta: 1513.83662497
Costo Reducido: 65.4732923683
Nodos: [107, 14, 49, 35, 70, 23, 58, 22, 57, 25, 60, 29, 4, 39, 64, 717]
q: [0, 8.0, -8.0, 8.0, -8.0, 10.0, -10.0, 10.0, -10.0, 10.0, -10.0, 9.0, 3.0, -3.0, -9.0, 0]
Q: [0, 8.0, 0.0, 8.0, 0.0, 10.0, 0.0, 10.0, 0.0, 10.0, 0.0, 9.0, 12.0, 9.0, 0.0, 0]
B: [0.0, 112.0, 124.021711775, 270.0, 281.922738989, 302.04960511369995, 341.78344801869997, 357.5398720102, 379.2945581491, 410.0, 427.1849823101, 549.0, 569.7100026316, 590.1357523117999, 602.3548233485, 639.8192121064]
