Avion: 6      Iteracion: 77

Num Ruta: 49
Ingresos: 524.276
Costos: 214.436661474
Utilidad Ruta: 309.839338526
Costo Reducido: 9.65833134306
Nodos: [106, 34, 69, 33, 5, 40, 68, 716]
q: [0, 8.0, -8.0, 5.0, 9.0, -9.0, -5.0, 0]
Q: [0, 8.0, 0.0, 5.0, 14.0, 5.0, 0.0, 0]
B: [0.0, 322.0, 358.4401302138, 437.0, 469.0, 470.12168890518, 499.13406352358, 523.02650745468]
