Avion: 4      Iteracion: 74

Num Ruta: 43
Ingresos: 1828.818
Costos: 470.252798363
Utilidad Ruta: 1358.56520164
Costo Reducido: 23.0116981154
Nodos: [104, 17, 52, 30, 16, 51, 65, 35, 70, 32, 67, 34, 69, 31, 33, 66, 68, 29, 64, 714]
q: [0.0, 5.0, -5.0, 11.0, 4.0, -4.0, -11.0, 8.0, -8.0, 11.0, -11.0, 8.0, -8.0, 9.0, 5.0, -9.0, -5.0, 9.0, -9.0, 0.0]
Q: [0.0, 5.0, 0.0, 11.0, 15.0, 11.0, 0.0, 8.0, 0.0, 11.0, 0.0, 8.0, 0.0, 9.0, 14.0, 5.0, 0.0, 9.0, 0.0, 0.0]
B: [0.0, 24.0, 58.8425537813, 64.0, 72.20259129788, 81.82668273552001, 84.69783929691, 270.0, 281.922738989, 309.0, 319.4016530417, 346.1750898215, 382.6152200353, 409.7359641438, 447.237234429, 469.6353958714, 500.5871867243, 549.0, 582.7797797802, 609.550209829]
