Avion: 5      Iteracion: 7

Num Ruta: 11
Ingresos: 2379.675
Costos: 531.05704996
Utilidad Ruta: 1848.61795004
Costo Reducido: 318.981848834
Nodos: [105, 16, 51, 10, 45, 23, 58, 28, 31, 66, 63, 21, 4, 39, 56, 715]
q: [0, 9.0, -9.0, 12.0, -12.0, 10.0, -10.0, 6.0, 9.0, -9.0, -6.0, 12.0, 3.0, -3.0, -12.0, 0]
Q: [0, 9.0, 0.0, 12.0, 0.0, 10.0, 0.0, 6.0, 15.0, 6.0, 0.0, 12.0, 15.0, 12.0, 0.0, 0]
B: [0.0, 36.0, 45.624091437640004, 96.0, 125.5195107344, 267.0, 306.733842905, 378.0, 406.0, 434.325479078, 462.7399107809, 477.0, 529.0, 549.4257496801999, 566.2286940948, 619.5604385252999]
