Avion: 6      Iteracion: 24

Num Ruta: 21
Ingresos: 289.788
Costos: 201.611273033
Utilidad Ruta: 88.1767269672
Costo Reducido: 52.1115569363
Nodos: [106, 10, 45, 27, 62, 716]
q: [0, 12.0, -12.0, 6.0, -6.0, 0]
Q: [0, 12.0, 0.0, 6.0, 0.0, 0]
B: [0.0, 96.0, 125.5195107344, 538.0, 555.0308623681, 564.73653272104]
