Avion: 6      Iteracion: 65

Num Ruta: 43
Ingresos: 1291.118
Costos: 366.740962513
Utilidad Ruta: 924.377037487
Costo Reducido: 41.6890776669
Nodos: [106, 10, 45, 34, 69, 31, 66, 33, 5, 40, 68, 29, 64, 716]
q: [0, 12.0, -12.0, 8.0, -8.0, 9.0, -9.0, 5.0, 9.0, -9.0, -5.0, 9.0, -9.0, 0]
Q: [0, 12.0, 0.0, 8.0, 0.0, 9.0, 0.0, 5.0, 14.0, 5.0, 0.0, 9.0, 0.0, 0]
B: [0.0, 96.0, 125.5195107344, 322.0, 358.4401302138, 406.0, 434.325479078, 456.7236405204, 470.4218076971, 471.54349660228, 500.55587122068, 549.0, 582.7797797802, 603.1769870644999]
