Avion: 2      Iteracion: 113

Num Ruta: 74
Ingresos: 2252.018
Costos: 527.664322601
Utilidad Ruta: 1724.3536774
Costo Reducido: 13.1022034142
Nodos: [102, 16, 30, 65, 51, 10, 45, 26, 18, 53, 61, 34, 69, 8, 33, 43, 13, 48, 68, 20, 4, 39, 55, 2, 37, 712]
q: [0.0, 9.0, 6.0, -6.0, -9.0, 12.0, -12.0, 5.0, 10.0, -10.0, -5.0, 8.0, -8.0, 8.0, 5.0, -8.0, 10.0, -10.0, -5.0, 0.0, 3.0, -3.0, 0.0, 10.0, -10.0, 0.0]
Q: [0.0, 9.0, 15.0, 9.0, 0.0, 12.0, 0.0, 5.0, 15.0, 5.0, 0.0, 8.0, 0.0, 8.0, 13.0, 5.0, 15.0, 5.0, 0.0, 0.0, 3.0, 0.0, 0.0, 10.0, 0.0, 0.0]
B: [0.0, 36.0, 64.0, 82.7140226568, 85.58517921818999, 101.41445642849, 130.93396716288999, 300.0, 331.0550372082, 354.8732734569, 366.3080629171, 381.2213090091, 417.6614392229, 420.30761419822, 437.0, 460.2743670161, 462.48504315700995, 479.36819410700997, 484.71624440594996, 496.0, 529.0, 549.4257496801999, 561.2869729308, 568.6172701962599, 609.35223224366, 613.46797871301]
