Avion: 6      Iteracion: 63

Num Ruta: 42
Ingresos: 443.997
Costos: 192.545987279
Utilidad Ruta: 251.451012721
Costo Reducido: 6.5678456632
Nodos: [106, 13, 48, 29, 64, 716]
q: [0, 15.0, -15.0, 9.0, -9.0, 0]
Q: [0, 15.0, 0.0, 9.0, 0.0, 0]
B: [0.0, 423.0, 439.88315095, 549.0, 582.7797797802, 603.1769870644999]
