Avion: 7      Iteracion: 94

Num Ruta: 57
Ingresos: 713.731
Costos: 350.841168973
Utilidad Ruta: 362.889831027
Costo Reducido: 28.1809659249
Nodos: [107, 3, 38, 35, 70, 32, 67, 8, 43, 31, 66, 717]
q: [0, 13.0, -13.0, 8.0, -8.0, 11.0, -11.0, 8.0, -8.0, 9.0, -9.0, 0]
Q: [0, 13.0, 0.0, 8.0, 0.0, 11.0, 0.0, 8.0, 0.0, 9.0, 0.0, 0]
B: [0.0, 256.0, 261.08428175852, 274.08526633661995, 286.00800532561993, 309.0, 319.4016530417, 414.0, 434.768396616, 451.8810179523, 480.2064970303, 483.84121902792]
