Avion: 2      Iteracion: 8

Num Ruta: 7
Ingresos: 2928.528
Costos: 757.134606058
Utilidad Ruta: 2171.39339394
Costo Reducido: 353.156575094
Nodos: [102, 17, 52, 24, 59, 10, 45, 35, 70, 32, 67, 26, 61, 34, 69, 33, 13, 48, 68, 21, 56, 27, 62, 2, 37, 712]
q: [0.0, 5.0, -5.0, 11.0, -11.0, 12.0, -12.0, 8.0, -8.0, 11.0, -11.0, 0.0, 0.0, 8.0, -8.0, 5.0, 10.0, -10.0, -5.0, 12.0, -12.0, 6.0, -6.0, 10.0, -10.0, 0.0]
Q: [0.0, 5.0, 0.0, 11.0, 0.0, 12.0, 0.0, 8.0, 0.0, 11.0, 0.0, 0.0, 0.0, 8.0, 0.0, 5.0, 15.0, 5.0, 0.0, 12.0, 0.0, 6.0, 0.0, 10.0, 0.0, 0.0]
B: [0.0, 33.3868157212, 68.22936950249999, 84.78765280719999, 123.30060310969999, 135.08653379, 164.6060445244, 270.0, 281.922738989, 309.0, 319.4016530417, 332.1221722921, 349.7014002615, 364.6146463535, 401.0547765673, 437.0, 462.372931896, 479.256082846, 484.60413314494, 495.48361052214, 536.22240120134, 549.39984939894, 566.43071176704, 577.8827848544399, 618.61774690184, 622.73349337119]
