Avion: 2      Iteracion: 34

Num Ruta: 24
Ingresos: 1499.581
Costos: 398.720970703
Utilidad Ruta: 1100.8600293
Costo Reducido: 74.6224491694
Nodos: [102, 16, 51, 10, 45, 26, 61, 13, 48, 8, 43, 2, 37, 712]
q: [0, 9.0, -9.0, 12.0, -12.0, 10.0, -10.0, 15.0, -15.0, 8.0, -8.0, 10.0, -10.0, 0]
Q: [0, 9.0, 0.0, 12.0, 0.0, 10.0, 0.0, 15.0, 0.0, 8.0, 0.0, 10.0, 0.0, 0]
B: [0.0, 36.0, 45.624091437640004, 96.0, 125.5195107344, 300.0, 317.5792279694, 423.0, 439.88315095, 473.0543964648, 493.8227930808, 522.0, 562.7349620474, 566.85070851675]
