Avion: 5      Iteracion: 1

Num Ruta: 5
Ingresos: 3577.647
Costos: 719.390240977
Utilidad Ruta: 2858.25675902
Costo Reducido: 1755.93169031
Nodos: [105, 17, 16, 51, 52, 30, 65, 10, 45, 23, 58, 26, 61, 22, 57, 31, 28, 63, 66, 21, 4, 39, 56, 715]
q: [0, 5.0, 9.0, -9.0, -5.0, 11.0, -11.0, 12.0, -12.0, 10.0, -10.0, 10.0, -10.0, 10.0, -10.0, 9.0, 6.0, -6.0, -9.0, 12.0, 3.0, -3.0, -12.0, 0]
Q: [0, 5.0, 14.0, 5.0, 0.0, 11.0, 0.0, 12.0, 0.0, 10.0, 0.0, 10.0, 0.0, 10.0, 0.0, 9.0, 15.0, 9.0, 0.0, 12.0, 15.0, 12.0, 0.0, 0]
B: [0.0, 35.8094227823, 70.6108997625, 80.23499120014, 94.88275997224, 98.02721445593, 116.74123711272999, 135.43428739882998, 164.95379813322998, 267.0, 306.733842905, 326.4202156791, 343.9994436485, 357.6336242986, 379.3883104375, 411.9830438311, 427.59926338, 463.62588216390003, 492.04031386680003, 515.5061525477, 530.4539409125, 550.8796905927, 567.6826350073, 621.0143794377999]
