Avion: 2      Iteracion: 44

Num Ruta: 33
Ingresos: 1317.111
Costos: 497.411297511
Utilidad Ruta: 819.699702489
Costo Reducido: 16.9144021576
Nodos: [102, 16, 51, 10, 45, 26, 61, 34, 32, 67, 8, 69, 33, 43, 13, 68, 48, 712]
q: [0.0, 0.0, 0.0, 12.0, -12.0, 10.0, -10.0, 8.0, 7.0, -7.0, 7.0, -8.0, 5.0, -7.0, 10.0, -5.0, -10.0, 0.0]
Q: [0.0, 0.0, 0.0, 12.0, 0.0, 10.0, 0.0, 8.0, 15.0, 8.0, 15.0, 7.0, 12.0, 5.0, 15.0, 10.0, 0.0, 0.0]
B: [0.0, 36.0, 45.624091437640004, 96.0, 125.5195107344, 300.0, 317.5792279694, 332.4924740614, 352.5153919557, 362.9170449974, 414.0, 416.64617497532, 437.0, 460.2743670161, 462.48504315700995, 482.45587278420993, 487.8039230831499, 503.19439935904995]
