Avion: 6      Iteracion: 8

Num Ruta: 9
Ingresos: 803.946
Costos: 281.053713288
Utilidad Ruta: 522.892286712
Costo Reducido: 303.426260016
Nodos: [106, 17, 52, 9, 44, 13, 48, 27, 62, 716]
q: [0, 5.0, -5.0, 11.0, -11.0, 15.0, -15.0, 6.0, -6.0, 0]
Q: [0, 5.0, 0.0, 11.0, 0.0, 15.0, 0.0, 6.0, 0.0, 0]
B: [0.0, 24.0, 58.8425537813, 81.72911018459999, 111.25634718709999, 423.0, 439.88315095, 538.0, 555.0308623681, 564.73653272104]
