Avion: 6      Iteracion: 57

Num Ruta: 37
Ingresos: 1007.36
Costos: 273.327264662
Utilidad Ruta: 734.032735338
Costo Reducido: 70.9851656143
Nodos: [106, 1, 36, 35, 70, 33, 68, 29, 64, 716]
q: [0, 7.0, -7.0, 8.0, -8.0, 5.0, -5.0, 9.0, -9.0, 0]
Q: [0, 7.0, 0.0, 8.0, 0.0, 5.0, 0.0, 9.0, 0.0, 0]
B: [0.0, 175.0, 209.2400855285, 270.0, 281.922738989, 437.0, 478.9526650524, 549.0, 582.7797797802, 603.1769870644999]
