Avion: 2      Iteracion: 94

Num Ruta: 63
Ingresos: 2154.052
Costos: 498.943665833
Utilidad Ruta: 1655.10833417
Costo Reducido: 121.977736441
Nodos: [102, 16, 51, 10, 45, 3, 38, 35, 70, 32, 67, 26, 61, 31, 19, 66, 8, 54, 43, 13, 48, 20, 4, 39, 55, 2, 37, 712]
q: [0.0, 9.0, -9.0, 12.0, -12.0, 13.0, -13.0, 8.0, -8.0, 11.0, -11.0, 0.0, 0.0, 8.0, 7.0, -8.0, 8.0, -7.0, -8.0, 15.0, -15.0, 0.0, 3.0, -3.0, 0.0, 10.0, -10.0, 0.0]
Q: [0.0, 9.0, 0.0, 12.0, 0.0, 13.0, 0.0, 8.0, 0.0, 11.0, 0.0, 0.0, 0.0, 8.0, 15.0, 7.0, 15.0, 8.0, 0.0, 15.0, 0.0, 0.0, 3.0, 0.0, 0.0, 10.0, 0.0, 0.0]
B: [0.0, 36.0, 45.624091437640004, 96.0, 125.5195107344, 256.0, 261.08428175852, 274.08526633661995, 286.00800532561993, 309.0, 319.4016530417, 332.1221722921, 349.7014002615, 406.0, 427.4250045741, 443.5262214225, 452.30906754434, 470.26602697514, 473.19414616669997, 475.40482230760995, 492.28797325760996, 506.21855849300994, 529.0, 549.4257496801999, 561.2869729308, 568.6172701962599, 609.35223224366, 613.46797871301]
