Avion: 7      Iteracion: 103

Num Ruta: 60
Ingresos: 796.86
Costos: 302.446141531
Utilidad Ruta: 494.413858469
Costo Reducido: 51.3788593701
Nodos: [107, 14, 49, 35, 70, 32, 67, 2, 37, 717]
q: [0, 8.0, -8.0, 8.0, -8.0, 11.0, -11.0, 10.0, -10.0, 0]
Q: [0, 8.0, 0.0, 8.0, 0.0, 11.0, 0.0, 10.0, 0.0, 0]
B: [0.0, 112.0, 124.021711775, 270.0, 281.922738989, 309.0, 319.4016530417, 522.0, 562.7349620474, 590.0950962941]
