Avion: 7      Iteracion: 28

Num Ruta: 30
Ingresos: 228.727
Costos: 229.597122187
Utilidad Ruta: -0.87012218736
Costo Reducido: 3.95426474534
Nodos: [107, 30, 16, 51, 65, 14, 49, 3, 38, 717]
q: [0.0, 6.0, 9.0, -9.0, -6.0, 8.0, -8.0, 0.0, 0.0, 0.0]
Q: [0.0, 6.0, 15.0, 6.0, 0.0, 8.0, 0.0, 0.0, 0.0, 0.0]
B: [0.0, 64.0, 72.20259129788, 81.82668273552001, 84.69783929691, 112.49377995381, 124.51549172881, 256.0, 261.08428175852, 269.27348715343]
