Avion: 4      Iteracion: 66

Num Ruta: 39
Ingresos: 1604.077
Costos: 430.149060452
Utilidad Ruta: 1173.92793955
Costo Reducido: 34.6037782043
Nodos: [104, 17, 52, 9, 44, 22, 34, 69, 57, 25, 60, 31, 33, 66, 68, 714]
q: [0.0, 5.0, -5.0, 11.0, -11.0, 7.0, 8.0, -8.0, -7.0, 0.0, 0.0, 9.0, 5.0, -9.0, -5.0, 0.0]
Q: [0.0, 5.0, 0.0, 11.0, 0.0, 7.0, 15.0, 7.0, 0.0, 0.0, 0.0, 9.0, 14.0, 5.0, 0.0, 0.0]
B: [0.0, 24.0, 58.8425537813, 81.72911018459999, 111.25634718709999, 299.0, 327.0636833826, 363.5038135964, 374.09406392389997, 410.0, 427.1849823101, 432.00662891681, 469.50789920201, 491.90606064441, 522.85785149731, 539.03226848831]
