Avion: 1      Iteracion: 98

Num Ruta: 86
Ingresos: 2155.85
Costos: 490.252027474
Utilidad Ruta: 1665.59797253
Costo Reducido: 69.2076759401
Nodos: [101, 30, 16, 51, 65, 24, 59, 1, 36, 3, 38, 35, 70, 18, 53, 31, 19, 66, 8, 33, 54, 43, 68, 29, 64, 711]
q: [0.0, 6.0, 9.0, -9.0, -6.0, 11.0, -11.0, 7.0, -7.0, 13.0, -13.0, 8.0, -8.0, 10.0, -10.0, 9.0, 0.0, -9.0, 8.0, 5.0, 0.0, -8.0, -5.0, 9.0, -9.0, 0.0]
Q: [0.0, 6.0, 15.0, 6.0, 0.0, 11.0, 0.0, 7.0, 0.0, 13.0, 0.0, 8.0, 0.0, 10.0, 0.0, 9.0, 9.0, 0.0, 8.0, 13.0, 13.0, 5.0, 0.0, 9.0, 0.0, 0.0]
B: [0.0, 64.0, 72.20259129788, 81.82668273552001, 84.69783929691, 109.43181018721, 147.94476048971, 175.0, 209.2400855285, 256.0, 261.08428175852, 274.08526633661995, 286.00800532561993, 306.42615844971994, 330.2443946984199, 406.0, 427.4250045741, 443.5262214225, 452.30906754434, 466.07372235293997, 487.62211612133996, 490.55023531289993, 512.5071163527999, 549.0, 582.7797797802, 598.8802887473]
