Avion: 7      Iteracion: 41

Num Ruta: 38
Ingresos: 965.137
Costos: 330.684804069
Utilidad Ruta: 634.452195931
Costo Reducido: 39.3130928863
Nodos: [107, 3, 38, 35, 70, 22, 57, 25, 60, 31, 66, 717]
q: [0, 13.0, -13.0, 8.0, -8.0, 10.0, -10.0, 10.0, -10.0, 9.0, -9.0, 0]
Q: [0, 13.0, 0.0, 8.0, 0.0, 10.0, 0.0, 10.0, 0.0, 9.0, 0.0, 0]
B: [0.0, 256.0, 261.08428175852, 274.08526633661995, 286.00800532561993, 303.7313161055199, 325.4860022444199, 410.0, 427.1849823101, 432.00662891681, 460.33210799481, 463.96682999242995]
