Avion: 5      Iteracion: 27

Num Ruta: 30
Ingresos: 623.207
Costos: 323.076189549
Utilidad Ruta: 300.130810451
Costo Reducido: 31.9250391074
Nodos: [105, 30, 65, 32, 67, 13, 48, 31, 66, 715]
q: [0, 11.0, -11.0, 11.0, -11.0, 15.0, -15.0, 9.0, -9.0, 0]
Q: [0, 11.0, 0.0, 11.0, 0.0, 15.0, 0.0, 9.0, 0.0, 0]
B: [0.0, 64.0, 82.7140226568, 309.0, 319.4016530417, 423.0, 439.88315095, 444.3406643824, 472.6661434604, 486.418887223]
