Avion: 1      Iteracion: 93

Num Ruta: 82
Ingresos: 2031.286
Costos: 440.484871949
Utilidad Ruta: 1590.80112805
Costo Reducido: 37.2454669763
Nodos: [101, 30, 16, 51, 65, 24, 59, 1, 36, 3, 38, 35, 70, 32, 67, 22, 57, 19, 31, 66, 8, 54, 43, 711]
q: [0.0, 0.0, 9.0, -9.0, 0.0, 11.0, -11.0, 7.0, -7.0, 13.0, -13.0, 8.0, -8.0, 11.0, -11.0, 10.0, -10.0, 7.0, 8.0, -8.0, 8.0, -7.0, -8.0, 0.0]
Q: [0.0, 0.0, 9.0, 0.0, 0.0, 11.0, 0.0, 7.0, 0.0, 13.0, 0.0, 8.0, 0.0, 11.0, 0.0, 10.0, 0.0, 7.0, 15.0, 7.0, 15.0, 8.0, 0.0, 0.0]
B: [0.0, 64.0, 72.20259129788, 81.82668273552001, 84.69783929691, 109.43181018721, 147.94476048971, 175.0, 209.2400855285, 256.0, 261.08428175852, 274.08526633661995, 286.00800532561993, 309.0, 319.4016530417, 353.8662667781, 375.620952917, 402.0, 423.4250045741, 451.7504836521, 460.53332977394, 478.49028920474, 481.4184083963, 487.12753967873]
