Avion: 2      Iteracion: 38

Num Ruta: 28
Ingresos: 3401.832
Costos: 766.97690149
Utilidad Ruta: 2634.85509851
Costo Reducido: 63.1194695542
Nodos: [102, 16, 51, 9, 24, 44, 59, 10, 45, 1, 36, 35, 70, 26, 61, 34, 69, 28, 13, 48, 63, 25, 60, 21, 56, 27, 62, 2, 37, 712]
q: [0.0, 9.0, -9.0, 11.0, 4.0, -11.0, -4.0, 12.0, -12.0, 7.0, -7.0, 8.0, -8.0, 10.0, -10.0, 8.0, -8.0, 6.0, 9.0, -9.0, -6.0, 10.0, -10.0, 12.0, -12.0, 6.0, -6.0, 10.0, -10.0, 0.0]
Q: [0.0, 9.0, 0.0, 11.0, 15.0, 4.0, 0.0, 12.0, 0.0, 7.0, 0.0, 8.0, 0.0, 10.0, 0.0, 8.0, 0.0, 6.0, 15.0, 6.0, 0.0, 10.0, 0.0, 12.0, 0.0, 6.0, 0.0, 10.0, 0.0, 0.0]
B: [0.0, 36.0, 45.624091437640004, 75.68094759394, 82.11782463176, 106.25807452686, 131.31363794096, 143.09956862126, 172.61907935566, 211.03842052646002, 245.27850605496002, 270.0, 281.922738989, 300.0, 317.5792279694, 332.4924740614, 368.9326042752, 403.547817838, 423.0, 439.88315095, 462.92158097460003, 466.25495959096, 483.43994190106, 491.60865538606004, 532.34744606526, 545.52489426286, 562.55575663096, 574.00782971836, 614.74279176576, 618.85853823511]
