Avion: 7      Iteracion: 57

Num Ruta: 46
Ingresos: 503.008
Costos: 231.393030419
Utilidad Ruta: 271.614969581
Costo Reducido: 29.4727141787
Nodos: [107, 3, 38, 35, 70, 22, 57, 717]
q: [0, 13.0, -13.0, 8.0, -8.0, 10.0, -10.0, 0]
Q: [0, 13.0, 0.0, 8.0, 0.0, 10.0, 0.0, 0]
B: [0.0, 256.0, 261.08428175852, 274.08526633661995, 286.00800532561993, 303.7313161055199, 325.4860022444199, 327.45279099768993]
