Avion: 5      Iteracion: 33

Num Ruta: 34
Ingresos: 838.156
Costos: 299.284281546
Utilidad Ruta: 538.871718454
Costo Reducido: 54.9757472875
Nodos: [105, 18, 53, 32, 67, 2, 37, 715]
q: [0, 10.0, -10.0, 11.0, -11.0, 10.0, -10.0, 0]
Q: [0, 10.0, 0.0, 11.0, 0.0, 10.0, 0.0, 0]
B: [0.0, 293.0, 316.8182362487, 348.1029144475, 358.5045674892, 522.0, 562.7349620474, 598.7395051635]
