Avion: 1      Iteracion: 49

Num Ruta: 45
Ingresos: 2200.277
Costos: 362.815210654
Utilidad Ruta: 1837.46178935
Costo Reducido: 71.5646480579
Nodos: [101, 30, 65, 24, 59, 1, 36, 35, 70, 26, 61, 28, 31, 63, 19, 66, 8, 54, 43, 711]
q: [0.0, 11.0, -11.0, 11.0, -11.0, 7.0, -7.0, 8.0, -8.0, 10.0, -10.0, 6.0, 8.0, -6.0, 7.0, -8.0, 8.0, -7.0, -8.0, 0.0]
Q: [0.0, 11.0, 0.0, 11.0, 0.0, 7.0, 0.0, 8.0, 0.0, 10.0, 0.0, 6.0, 14.0, 8.0, 15.0, 7.0, 15.0, 8.0, 0.0, 0.0]
B: [0.0, 64.0, 82.7140226568, 107.4479935471, 145.9609438496, 175.0, 209.2400855285, 270.0, 281.922738989, 300.0, 317.5792279694, 378.0, 406.0, 426.4968799577, 439.0326732314, 455.1338900798, 463.91673620164, 481.87369563244, 484.80181482399996, 490.51094610642997]
