Avion: 1      Iteracion: 35

Num Ruta: 33
Ingresos: 1596.386
Costos: 366.905325857
Utilidad Ruta: 1229.48067414
Costo Reducido: 27.9580456538
Nodos: [101, 30, 65, 24, 59, 1, 36, 35, 70, 18, 53, 31, 66, 19, 54, 711]
q: [0, 11.0, -11.0, 11.0, -11.0, 7.0, -7.0, 8.0, -8.0, 10.0, -10.0, 9.0, -9.0, 7.0, -7.0, 0]
Q: [0, 11.0, 0.0, 11.0, 0.0, 7.0, 0.0, 8.0, 0.0, 10.0, 0.0, 9.0, 0.0, 7.0, 0.0, 0]
B: [0.0, 64.0, 82.7140226568, 107.4479935471, 145.9609438496, 175.0, 209.2400855285, 270.0, 281.922738989, 302.3408921131, 326.15912836179996, 406.0, 434.325479078, 450.4266959264, 477.0538122179, 481.79933916439995]
