Avion: 1      Iteracion: 83

Num Ruta: 73
Ingresos: 1884.24
Costos: 449.163384014
Utilidad Ruta: 1435.07661599
Costo Reducido: 35.1395486293
Nodos: [101, 10, 45, 26, 34, 61, 22, 57, 69, 8, 19, 54, 43, 13, 48, 29, 4, 27, 64, 39, 62, 711]
q: [0.0, 12.0, -12.0, 10.0, 5.0, -10.0, 10.0, -10.0, -5.0, 0.0, 7.0, -7.0, 0.0, 15.0, -15.0, 6.0, 3.0, 6.0, -6.0, -3.0, -6.0, 0.0]
Q: [0.0, 12.0, 0.0, 10.0, 15.0, 5.0, 15.0, 5.0, 0.0, 0.0, 7.0, 0.0, 0.0, 15.0, 0.0, 6.0, 9.0, 15.0, 9.0, 6.0, 0.0, 0.0]
B: [0.0, 96.0, 125.5195107344, 300.0, 322.0, 336.913246092, 350.5474267421, 372.302112881, 382.8923632085, 414.0, 437.1608815463, 463.7879978378, 466.71611702935996, 468.92679317026995, 485.80994412026996, 549.0, 569.7100026316, 587.3247771689, 595.54120516408, 607.76027620078, 613.1755347357, 627.2929258899001]
