Avion: 2      Iteracion: 56

Num Ruta: 42
Ingresos: 1872.092
Costos: 460.873369314
Utilidad Ruta: 1411.21863069
Costo Reducido: 89.5949835836
Nodos: [102, 16, 51, 10, 45, 26, 61, 34, 32, 67, 69, 13, 48, 31, 66, 20, 4, 39, 55, 2, 37, 712]
q: [0.0, 0.0, 0.0, 12.0, -12.0, 10.0, -10.0, 8.0, 7.0, -7.0, -8.0, 15.0, -15.0, 9.0, -9.0, 0.0, 3.0, -3.0, 0.0, 10.0, -10.0, 0.0]
Q: [0.0, 0.0, 0.0, 12.0, 0.0, 10.0, 0.0, 8.0, 15.0, 8.0, 0.0, 15.0, 0.0, 9.0, 0.0, 0.0, 3.0, 0.0, 0.0, 10.0, 0.0, 0.0]
B: [0.0, 36.0, 45.624091437640004, 96.0, 125.5195107344, 300.0, 317.5792279694, 332.4924740614, 352.5153919557, 362.9170449974, 393.95932985210004, 423.0, 439.88315095, 444.3406643824, 472.6661434604, 496.0, 529.0, 549.4257496801999, 561.2869729308, 568.6172701962599, 609.35223224366, 613.46797871301]
