Avion: 1      Iteracion: 86

Num Ruta: 76
Ingresos: 1045.668
Costos: 342.287803678
Utilidad Ruta: 703.380196322
Costo Reducido: 32.706104691
Nodos: [101, 30, 16, 51, 65, 24, 59, 1, 36, 35, 70, 32, 67, 26, 61, 711]
q: [0.0, 0.0, 9.0, -9.0, 0.0, 11.0, -11.0, 7.0, -7.0, 8.0, -8.0, 11.0, -11.0, 10.0, -10.0, 0.0]
Q: [0.0, 0.0, 9.0, 0.0, 0.0, 11.0, 0.0, 7.0, 0.0, 8.0, 0.0, 11.0, 0.0, 10.0, 0.0, 0.0]
B: [0.0, 64.0, 72.20259129788, 81.82668273552001, 84.69783929691, 109.43181018721, 147.94476048971, 175.0, 209.2400855285, 270.0, 281.922738989, 309.0, 319.4016530417, 332.1221722921, 349.7014002615, 357.35516802646]
