Avion: 2      Iteracion: 12

Num Ruta: 10
Ingresos: 1761.467
Costos: 587.363931748
Utilidad Ruta: 1174.10306825
Costo Reducido: 306.332082381
Nodos: [102, 30, 65, 32, 67, 26, 61, 31, 66, 33, 6, 41, 68, 27, 62, 2, 37, 712]
q: [0, 11.0, -11.0, 11.0, -11.0, 10.0, -10.0, 9.0, -9.0, 5.0, 4.0, -4.0, -5.0, 6.0, -6.0, 10.0, -10.0, 0]
Q: [0, 11.0, 0.0, 11.0, 0.0, 10.0, 0.0, 9.0, 0.0, 5.0, 9.0, 5.0, 0.0, 6.0, 0.0, 10.0, 0.0, 0]
B: [0.0, 64.0, 82.7140226568, 309.0, 319.4016530417, 332.1221722921, 349.7014002615, 406.0, 434.325479078, 456.7236405204, 482.87844744, 486.57073683819, 517.64859765579, 539.52942928989, 556.56029165799, 568.01236474539, 608.74732679279, 612.86307326214]
