Avion: 6      Iteracion: 22

Num Ruta: 19
Ingresos: 386.289
Costos: 177.297341508
Utilidad Ruta: 208.991658492
Costo Reducido: 21.4748718631
Nodos: [106, 13, 48, 31, 66, 716]
q: [0, 15.0, -15.0, 9.0, -9.0, 0]
Q: [0, 15.0, 0.0, 9.0, 0.0, 0]
B: [0.0, 423.0, 439.88315095, 444.3406643824, 472.6661434604, 487.1515873266]
