Avion: 4      Iteracion: 112

Num Ruta: 65
Ingresos: 2208.628
Costos: 348.557366792
Utilidad Ruta: 1860.07063321
Costo Reducido: 58.5510846254
Nodos: [104, 17, 52, 9, 44, 25, 60, 31, 66, 8, 43, 5, 40, 2, 37, 29, 64, 714]
q: [0, 5.0, -5.0, 11.0, -11.0, 10.0, -10.0, 9.0, -9.0, 8.0, -8.0, 9.0, -9.0, 10.0, -10.0, 9.0, -9.0, 0]
Q: [0, 5.0, 0.0, 11.0, 0.0, 10.0, 0.0, 9.0, 0.0, 8.0, 0.0, 9.0, 0.0, 10.0, 0.0, 9.0, 0.0, 0]
B: [0.0, 24.0, 58.8425537813, 81.72911018459999, 111.25634718709999, 410.0, 427.1849823101, 432.00662891681, 460.33210799481, 469.11495411665, 489.88335073265, 499.63616160952, 500.7578505147, 522.0, 562.7349620474, 572.53970258451, 606.31948236471, 633.08991241351]
