Avion: 7      Iteracion: 14

Num Ruta: 16
Ingresos: 2498.0
Costos: 405.72114385
Utilidad Ruta: 2092.27885615
Costo Reducido: 212.363415084
Nodos: [107, 14, 49, 3, 38, 23, 58, 34, 22, 57, 69, 19, 54, 13, 48, 6, 41, 27, 2, 62, 37, 717]
q: [0.0, 8.0, -8.0, 0.0, 0.0, 10.0, -10.0, 8.0, 7.0, -7.0, -8.0, 7.0, -7.0, 15.0, -15.0, 4.0, -4.0, 5.0, 10.0, -5.0, -10.0, 0.0]
Q: [0.0, 8.0, 0.0, 0.0, 0.0, 10.0, 0.0, 8.0, 15.0, 8.0, 0.0, 7.0, 0.0, 15.0, 0.0, 4.0, 0.0, 5.0, 15.0, 10.0, 0.0, 0.0]
B: [0.0, 112.0, 124.021711775, 256.0, 261.08428175852, 267.0, 306.733842905, 322.0, 350.0636833826, 371.8183695215, 382.408619849, 402.9484361091, 429.5755524006, 433.80317170702, 450.68632265702, 474.90927128022, 478.60156067841, 538.0, 563.7839683718, 575.2360414592, 604.5765718055, 631.9367060522]
