Avion: 3      Iteracion: 38

Num Ruta: 29
Ingresos: 881.573
Costos: 336.414254561
Utilidad Ruta: 545.158745439
Costo Reducido: 19.6414659444
Nodos: [103, 16, 51, 10, 45, 26, 61, 13, 33, 48, 68, 713]
q: [0.0, 9.0, -9.0, 12.0, -12.0, 10.0, -10.0, 10.0, 5.0, -10.0, -5.0, 0.0]
Q: [0.0, 9.0, 0.0, 12.0, 0.0, 10.0, 0.0, 10.0, 15.0, 5.0, 0.0, 0.0]
B: [0.0, 36.0, 45.624091437640004, 96.0, 125.5195107344, 300.0, 317.5792279694, 423.0, 448.372931896, 489.1289324971, 494.47698279604, 498.17185830139]
