Avion: 6      Iteracion: 91

Num Ruta: 58
Ingresos: 502.79
Costos: 228.19124799
Utilidad Ruta: 274.59875201
Costo Reducido: 66.520413462
Nodos: [106, 10, 45, 32, 67, 8, 43, 716]
q: [0, 12.0, -12.0, 11.0, -11.0, 8.0, -8.0, 0]
Q: [0, 12.0, 0.0, 11.0, 0.0, 8.0, 0.0, 0]
B: [0.0, 96.0, 125.5195107344, 309.0, 319.4016530417, 414.0, 434.768396616, 445.69301578560004]
