Avion: 2      Iteracion: 6

Num Ruta: 6
Ingresos: 597.472
Costos: 534.185350867
Utilidad Ruta: 63.2866491332
Costo Reducido: 383.713015424
Nodos: [102, 9, 12, 44, 24, 59, 47, 10, 45, 712]
q: [0, 11.0, 0.0, -11.0, 11.0, -11.0, -0.0, 12.0, -12.0, 0]
Q: [0, 11.0, 11.0, 0.0, 11.0, 0.0, 0.0, 12.0, 0.0, 0]
B: [0.0, 29.8362865317, 54.0, 64.7870367571, 88.9272866522, 127.4402369547, 143.3724745251, 152.09024488224998, 181.60975561664998, 237.51434041074998]
