Avion: 3      Iteracion: 49

Num Ruta: 34
Ingresos: 864.436
Costos: 277.914329535
Utilidad Ruta: 586.521670465
Costo Reducido: 68.5464687929
Nodos: [103, 11, 46, 35, 70, 34, 69, 8, 33, 43, 68, 713]
q: [0, 6.0, -6.0, 8.0, -8.0, 8.0, -8.0, 8.0, 5.0, -8.0, -5.0, 0]
Q: [0, 6.0, 0.0, 8.0, 0.0, 8.0, 0.0, 8.0, 13.0, 5.0, 0.0, 0]
B: [0.0, 169.0, 173.05406684701, 270.0, 281.922738989, 322.0, 358.4401302138, 414.0, 437.0, 460.2743670161, 482.23124805599997, 485.92612356135]
