Avion: 2      Iteracion: 2

Num Ruta: 4
Ingresos: 3424.393
Costos: 735.431327259
Utilidad Ruta: 2688.96167274
Costo Reducido: 2780.89609991
Nodos: [102, 16, 51, 9, 44, 30, 65, 1, 36, 22, 57, 26, 61, 28, 31, 66, 63, 25, 60, 21, 56, 2, 37, 712]
q: [0, 9.0, -9.0, 11.0, -11.0, 11.0, -11.0, 7.0, -7.0, 10.0, -10.0, 10.0, -10.0, 6.0, 9.0, -9.0, -6.0, 10.0, -10.0, 12.0, -12.0, 10.0, -10.0, 0]
Q: [0, 9.0, 0.0, 11.0, 0.0, 11.0, 0.0, 7.0, 0.0, 10.0, 0.0, 10.0, 0.0, 6.0, 15.0, 6.0, 0.0, 10.0, 0.0, 12.0, 0.0, 10.0, 0.0, 0]
B: [0.0, 36.0, 45.624091437640004, 75.68094759394, 105.20818459644, 120.99608493184, 139.71010758864, 175.0, 209.2400855285, 299.0, 320.7546861389, 357.0876895518, 374.6669175212, 385.0748345558, 406.0, 434.325479078, 462.7399107809, 466.07328939726, 483.25827170736, 491.42698519236, 532.16577587156, 556.01678960266, 596.75175165006, 600.86749811941]
