Avion: 5      Iteracion: 21

Num Ruta: 24
Ingresos: 1090.954
Costos: 467.610630546
Utilidad Ruta: 623.343369454
Costo Reducido: 117.259041098
Nodos: [105, 30, 65, 16, 51, 10, 45, 13, 48, 31, 66, 33, 68, 715]
q: [0, 11.0, -11.0, 9.0, -9.0, 12.0, -12.0, 15.0, -15.0, 9.0, -9.0, 5.0, -5.0, 0]
Q: [0, 11.0, 0.0, 9.0, 0.0, 12.0, 0.0, 15.0, 0.0, 9.0, 0.0, 5.0, 0.0, 0]
B: [0.0, 64.0, 82.7140226568, 93.53069441849999, 103.15478585614, 118.98406306644, 148.50357380084, 423.0, 439.88315095, 444.3406643824, 472.6661434604, 495.0643049028, 537.0169699552, 580.7772963937]
