Avion: 7      Iteracion: 97

Num Ruta: 58
Ingresos: 578.969
Costos: 231.920813548
Utilidad Ruta: 347.048186452
Costo Reducido: 32.9632073838
Nodos: [107, 14, 49, 3, 38, 18, 53, 31, 66, 717]
q: [0, 8.0, -8.0, 13.0, -13.0, 10.0, -10.0, 9.0, -9.0, 0]
Q: [0, 8.0, 0.0, 13.0, 0.0, 10.0, 0.0, 9.0, 0.0, 0]
B: [0.0, 112.0, 124.021711775, 256.0, 261.08428175852, 293.0, 316.8182362487, 406.0, 434.325479078, 437.96020107562]
