Avion: 5      Iteracion: 32

Num Ruta: 33
Ingresos: 79.352
Costos: 215.350588771
Utilidad Ruta: -135.998588771
Costo Reducido: 31.7547037663
Nodos: [105, 3, 38, 715]
q: [0, 13.0, -13.0, 0]
Q: [0, 13.0, 0.0, 0]
B: [0.0, 256.0, 261.08428175852, 267.48784842094]
