Avion: 7      Iteracion: 27

Num Ruta: 29
Ingresos: 801.373
Costos: 394.349186411
Utilidad Ruta: 407.023813589
Costo Reducido: 51.6644553468
Nodos: [107, 30, 16, 51, 65, 14, 49, 3, 38, 35, 70, 32, 67, 34, 69, 4, 39, 717]
q: [0.0, 11.0, 4.0, -4.0, -11.0, 0.0, 0.0, 13.0, -13.0, 8.0, -8.0, 11.0, -11.0, 8.0, -8.0, 3.0, -3.0, 0.0]
Q: [0.0, 11.0, 15.0, 11.0, 0.0, 0.0, 0.0, 13.0, 0.0, 8.0, 0.0, 11.0, 0.0, 8.0, 0.0, 3.0, 0.0, 0.0]
B: [0.0, 64.0, 72.20259129788, 81.82668273552001, 84.69783929691, 112.49377995381, 124.51549172881, 256.0, 261.08428175852, 274.08526633661995, 286.00800532561993, 309.0, 319.4016530417, 346.1750898215, 382.6152200353, 529.0, 549.4257496801999, 578.1732173948]
