Avion: 7      Iteracion: 3

Num Ruta: 7
Ingresos: 2966.322
Costos: 615.716038476
Utilidad Ruta: 2350.60596152
Costo Reducido: 2000.3926692
Nodos: [107, 17, 52, 24, 59, 14, 49, 3, 38, 23, 18, 53, 58, 34, 28, 69, 31, 63, 66, 4, 27, 62, 2, 39, 37, 717]
q: [0.0, 5.0, -5.0, 11.0, -11.0, 8.0, -8.0, 13.0, -13.0, 5.0, 10.0, -10.0, -5.0, 8.0, 6.0, -8.0, 9.0, -6.0, -9.0, 3.0, 6.0, -6.0, 10.0, -3.0, -10.0, 0.0]
Q: [0.0, 5.0, 0.0, 11.0, 0.0, 8.0, 0.0, 13.0, 0.0, 5.0, 15.0, 5.0, 0.0, 8.0, 14.0, 6.0, 15.0, 9.0, 0.0, 3.0, 9.0, 3.0, 13.0, 10.0, 0.0, 0.0]
B: [0.0, 45.942580685, 80.78513446630001, 97.343417771, 135.8563680735, 164.5027373722, 176.5244491472, 256.0, 261.08428175852, 267.0, 293.0, 316.8182362487, 326.74376782137, 341.00271483717, 378.0, 412.6152135628, 439.7359576713, 460.232837629, 488.6472693319, 529.0, 546.6147745373, 563.6456369054, 575.0977099928, 584.5521765034, 617.7453872851, 645.1055215318]
