Avion: 5      Iteracion: 3

Num Ruta: 7
Ingresos: 3200.986
Costos: 660.990690525
Utilidad Ruta: 2539.99530948
Costo Reducido: 1930.17913743
Nodos: [105, 17, 52, 24, 59, 3, 38, 23, 58, 18, 53, 28, 31, 63, 66, 33, 68, 4, 2, 39, 37, 715]
q: [0, 5.0, -5.0, 11.0, -11.0, 13.0, -13.0, 10.0, -10.0, 10.0, -10.0, 6.0, 9.0, -6.0, -9.0, 5.0, -5.0, 3.0, 10.0, -3.0, -10.0, 0]
Q: [0, 5.0, 0.0, 11.0, 0.0, 13.0, 0.0, 10.0, 0.0, 10.0, 0.0, 6.0, 15.0, 9.0, 0.0, 5.0, 0.0, 3.0, 13.0, 10.0, 0.0, 0]
B: [0.0, 35.8094227823, 70.65197656359999, 87.21025986829999, 125.72321017079999, 256.0, 261.08428175852, 267.0, 306.733842905, 332.1731543147, 355.9913905634, 378.0, 406.0, 426.4968799577, 454.9113116606, 477.309473103, 519.2621381554001, 536.5796721889001, 563.9512047912001, 573.4056713018001, 606.5988820835001, 642.6034251996001]
