Avion: 7      Iteracion: 17

Num Ruta: 19
Ingresos: 1718.249
Costos: 379.658215661
Utilidad Ruta: 1338.59078434
Costo Reducido: 124.063446433
Nodos: [107, 17, 16, 51, 30, 52, 65, 3, 38, 23, 35, 70, 34, 58, 22, 57, 69, 717]
q: [0.0, 5.0, 9.0, -9.0, 10.0, -5.0, -10.0, 0.0, 0.0, 7.0, 8.0, -8.0, 8.0, -7.0, 7.0, -7.0, -8.0, 0.0]
Q: [0.0, 5.0, 14.0, 5.0, 15.0, 10.0, 0.0, 0.0, 0.0, 7.0, 15.0, 7.0, 15.0, 8.0, 15.0, 8.0, 0.0, 0.0]
B: [0.0, 45.942580685, 80.7440576652, 90.36814910284001, 107.35344274174001, 110.49789722543001, 126.59584274653001, 256.0, 261.08428175852, 267.0, 277.4634044651, 289.38614345409997, 322.0, 336.2589470158, 352.0153710073, 373.77005714620003, 384.3603074737, 393.11366979912]
