Avion: 6      Iteracion: 2

Num Ruta: 5
Ingresos: 2781.492
Costos: 533.036853774
Utilidad Ruta: 2248.45514623
Costo Reducido: 1927.68415307
Nodos: [106, 9, 44, 1, 36, 26, 61, 22, 57, 19, 25, 60, 33, 5, 40, 54, 68, 21, 4, 56, 27, 62, 39, 716]
q: [0.0, 11.0, -11.0, 7.0, -7.0, 10.0, -10.0, 10.0, -10.0, 5.0, 10.0, -10.0, 5.0, 5.0, -5.0, -5.0, -5.0, 12.0, 3.0, -12.0, 6.0, -6.0, -3.0, 0.0]
Q: [0.0, 11.0, 0.0, 7.0, 0.0, 10.0, 0.0, 10.0, 0.0, 5.0, 15.0, 5.0, 10.0, 15.0, 10.0, 5.0, 0.0, 12.0, 15.0, 3.0, 9.0, 3.0, 0.0, 0.0]
B: [0.0, 51.9831585901, 81.51039559259999, 175.0, 209.2400855285, 300.0, 317.5792279694, 331.2134086195, 352.9680947584, 402.0, 411.3920072402, 428.57698955029997, 464.0943947624, 477.7925619391, 478.91425084428, 487.27018693786, 509.17563176326, 520.05510914046, 535.00289750526, 564.17269491626, 577.35014311386, 594.38100548196, 599.79626401688, 614.47337885598]
