Avion: 7      Iteracion: 23

Num Ruta: 25
Ingresos: 1018.598
Costos: 441.373483193
Utilidad Ruta: 577.224516807
Costo Reducido: 22.5804944087
Nodos: [107, 1, 11, 46, 36, 3, 38, 35, 70, 34, 69, 4, 39, 27, 62, 717]
q: [0, 7.0, 6.0, -6.0, -7.0, 13.0, -13.0, 8.0, -8.0, 8.0, -8.0, 3.0, -3.0, 6.0, -6.0, 0]
Q: [0, 7.0, 13.0, 7.0, 0.0, 13.0, 0.0, 8.0, 0.0, 8.0, 0.0, 3.0, 0.0, 6.0, 0.0, 0]
B: [0.0, 175.0, 193.6808285951, 197.73489544211, 232.05062478011, 256.0, 261.08428175852, 274.08526633661995, 286.00800532561993, 322.0, 358.4401302138, 529.0, 549.4257496801999, 565.7765622594, 582.8074246274999, 606.2524129405999]
