Avion: 2      Iteracion: 4

Num Ruta: 5
Ingresos: 2317.905
Costos: 667.891124052
Utilidad Ruta: 1650.01387595
Costo Reducido: 1531.91865213
Nodos: [102, 16, 51, 9, 44, 30, 65, 14, 49, 23, 35, 70, 18, 57, 22, 58, 53, 28, 63, 25, 19, 54, 13, 48, 60, 712]
q: [0.0, 9.0, -9.0, 11.0, -11.0, 11.0, -11.0, 8.0, -8.0, 5.0, 8.0, -8.0, 10.0, -10.0, 10.0, -5.0, -10.0, 6.0, -6.0, 8.0, 7.0, -7.0, 7.0, -7.0, -8.0, 0.0]
Q: [0.0, 9.0, 0.0, 11.0, 0.0, 11.0, 0.0, 8.0, 0.0, 5.0, 13.0, 5.0, 15.0, 5.0, 15.0, 10.0, 0.0, 6.0, 0.0, 8.0, 15.0, 8.0, 15.0, 8.0, 0.0, 0.0]
B: [0.0, 36.0, 45.624091437640004, 75.68094759394, 105.20818459644, 120.99608493184, 139.71010758864, 167.50604824554, 179.52776002054, 267.0, 277.4634044651, 289.38614345409997, 309.80429657819997, 323.2047331756, 344.9594193145, 360.715843306, 370.64137487867004, 379.77487765690006, 415.80149644080007, 419.13487505716006, 428.52688229736003, 455.15399858886, 459.38161789528004, 476.26476884528006, 485.44310649433004, 494.80450564189005]
