Avion: 6      Iteracion: 9

Num Ruta: 10
Ingresos: 2700.176
Costos: 459.789885114
Utilidad Ruta: 2240.38611489
Costo Reducido: 169.744500443
Nodos: [106, 17, 52, 24, 59, 1, 36, 23, 26, 58, 61, 22, 57, 33, 6, 41, 68, 29, 27, 64, 62, 716]
q: [0.0, 5.0, -5.0, 11.0, -11.0, 7.0, -7.0, 5.0, 10.0, -5.0, -10.0, 10.0, -10.0, 5.0, 4.0, -4.0, -5.0, 9.0, 6.0, -9.0, -6.0, 0.0]
Q: [0.0, 5.0, 0.0, 11.0, 0.0, 7.0, 0.0, 5.0, 15.0, 10.0, 0.0, 10.0, 0.0, 5.0, 9.0, 5.0, 0.0, 9.0, 15.0, 6.0, 0.0, 0.0]
B: [0.0, 24.0, 58.8425537813, 75.400837086, 113.9137873885, 175.0, 209.2400855285, 267.0, 301.4413435423, 321.1277163164, 324.19478869898, 337.82896934908, 359.58365548798, 437.0, 463.1548069196, 466.84709631779, 497.92495713539, 549.0, 574.6018082369, 582.8182362320799, 598.26561380888, 607.97128416182]
