Avion: 1      Iteracion: 21

Num Ruta: 20
Ingresos: 1213.481
Costos: 368.318871154
Utilidad Ruta: 845.162128846
Costo Reducido: 110.926117783
Nodos: [101, 30, 65, 10, 45, 28, 31, 63, 19, 66, 8, 54, 43, 711]
q: [0.0, 11.0, -11.0, 12.0, -12.0, 6.0, 9.0, -6.0, 6.0, -9.0, 0.0, -6.0, 0.0, 0.0]
Q: [0.0, 11.0, 0.0, 12.0, 0.0, 6.0, 15.0, 9.0, 15.0, 6.0, 6.0, 0.0, 0.0, 0.0]
B: [0.0, 64.0, 82.7140226568, 101.4070729429, 130.92658367730002, 378.0, 406.0, 426.4968799577, 439.0326732314, 455.1338900798, 463.91673620164, 481.87369563244, 484.80181482399996, 490.51094610642997]
