Avion: 2      Iteracion: 30

Num Ruta: 23
Ingresos: 1265.312
Costos: 367.679569583
Utilidad Ruta: 897.632430417
Costo Reducido: 41.5872715518
Nodos: [102, 16, 51, 10, 45, 26, 61, 4, 39, 2, 37, 712]
q: [0, 9.0, -9.0, 12.0, -12.0, 10.0, -10.0, 3.0, -3.0, 10.0, -10.0, 0]
Q: [0, 9.0, 0.0, 12.0, 0.0, 10.0, 0.0, 3.0, 0.0, 10.0, 0.0, 0]
B: [0.0, 36.0, 45.624091437640004, 96.0, 125.5195107344, 300.0, 317.5792279694, 529.0, 549.4257496801999, 558.8802161908, 599.6151782382, 603.73092470755]
