Avion: 3      Iteracion: 11

Num Ruta: 11
Ingresos: 956.469
Costos: 398.611244604
Utilidad Ruta: 557.857755396
Costo Reducido: 254.009426318
Nodos: [103, 16, 51, 9, 44, 14, 49, 35, 70, 32, 67, 8, 33, 43, 68, 713]
q: [0, 9.0, -9.0, 11.0, -11.0, 8.0, -8.0, 8.0, -8.0, 11.0, -11.0, 8.0, 5.0, -8.0, -5.0, 0]
Q: [0, 9.0, 0.0, 11.0, 0.0, 8.0, 0.0, 8.0, 0.0, 11.0, 0.0, 8.0, 13.0, 5.0, 0.0, 0]
B: [0.0, 36.0, 45.624091437640004, 75.68094759394, 105.20818459644, 115.46499131194001, 127.48670308694001, 270.0, 281.922738989, 309.0, 319.4016530417, 414.0, 437.0, 460.2743670161, 482.23124805599997, 485.92612356135]
