Avion: 1      Iteracion: 95

Num Ruta: 83
Ingresos: 2027.083
Costos: 459.466605859
Utilidad Ruta: 1567.61639414
Costo Reducido: 18.3668270509
Nodos: [101, 30, 16, 51, 65, 24, 59, 1, 36, 3, 38, 35, 70, 32, 67, 26, 61, 28, 31, 63, 19, 66, 8, 54, 43, 5, 40, 711]
q: [0.0, 6.0, 9.0, -9.0, -6.0, 11.0, -11.0, 7.0, -7.0, 13.0, -13.0, 8.0, -8.0, 11.0, -11.0, 10.0, -10.0, 6.0, 9.0, -6.0, 0.0, -9.0, 8.0, 0.0, -8.0, 9.0, -9.0, 0.0]
Q: [0.0, 6.0, 15.0, 6.0, 0.0, 11.0, 0.0, 7.0, 0.0, 13.0, 0.0, 8.0, 0.0, 11.0, 0.0, 10.0, 0.0, 6.0, 15.0, 9.0, 9.0, 0.0, 8.0, 8.0, 0.0, 9.0, 0.0, 0.0]
B: [0.0, 64.0, 72.20259129788, 81.82668273552001, 84.69783929691, 109.43181018721, 147.94476048971, 175.0, 209.2400855285, 256.0, 261.08428175852, 274.08526633661995, 286.00800532561993, 309.0, 319.4016530417, 332.1221722921, 349.7014002615, 378.0, 406.0, 426.4968799577, 439.0326732314, 455.1338900798, 463.91673620164, 481.87369563244, 484.80181482399996, 494.55462570086996, 495.67631460604997, 507.93775571224995]
