Avion: 5      Iteracion: 39

Num Ruta: 39
Ingresos: 946.06
Costos: 441.433171915
Utilidad Ruta: 504.626828085
Costo Reducido: 143.066543682
Nodos: [105, 16, 51, 14, 49, 35, 70, 13, 48, 25, 60, 29, 27, 64, 62, 715]
q: [0, 9.0, -9.0, 8.0, -8.0, 8.0, -8.0, 15.0, -15.0, 10.0, -10.0, 9.0, 6.0, -9.0, -6.0, 0]
Q: [0, 9.0, 0.0, 8.0, 0.0, 8.0, 0.0, 15.0, 0.0, 10.0, 0.0, 9.0, 15.0, 6.0, 0.0, 0]
B: [0.0, 36.0, 45.624091437640004, 112.0, 124.021711775, 270.0, 281.922738989, 423.0, 439.88315095, 463.8957169312, 481.0806992413, 549.0, 574.6018082369, 582.8182362320799, 598.26561380888, 630.9205388585799]
