Avion: 6      Iteracion: 71

Num Ruta: 46
Ingresos: 679.61
Costos: 173.313310855
Utilidad Ruta: 506.296689145
Costo Reducido: 18.8332108017
Nodos: [106, 6, 41, 27, 2, 62, 37, 716]
q: [0.0, 0.0, 0.0, 5.0, 10.0, -5.0, -10.0, 0.0]
Q: [0.0, 0.0, 0.0, 5.0, 15.0, 10.0, 0.0, 0.0]
B: [0.0, 436.0, 439.69228939819, 538.0, 563.7839683718, 575.2360414592, 604.5765718055, 625.0022092741]
