Avion: 6      Iteracion: 96

Num Ruta: 60
Ingresos: 832.755
Costos: 234.316431336
Utilidad Ruta: 598.438568664
Costo Reducido: 23.5179137556
Nodos: [106, 8, 33, 5, 40, 43, 68, 29, 64, 716]
q: [0.0, 8.0, 5.0, 2.0, -2.0, -8.0, -5.0, 9.0, -9.0, 0.0]
Q: [0.0, 8.0, 13.0, 15.0, 13.0, 5.0, 0.0, 9.0, 0.0, 0.0]
B: [0.0, 414.0, 437.0, 469.0, 470.12168890518, 480.59966590458, 502.55654694448, 549.0, 582.7797797802, 603.1769870644999]
