Avion: 7      Iteracion: 6

Num Ruta: 10
Ingresos: 1324.177
Costos: 489.862169004
Utilidad Ruta: 834.314830996
Costo Reducido: 967.696656385
Nodos: [107, 24, 59, 26, 61, 8, 43, 33, 68, 29, 64, 717]
q: [0, 11.0, -11.0, 10.0, -10.0, 8.0, -8.0, 5.0, -5.0, 9.0, -9.0, 0]
Q: [0, 11.0, 0.0, 10.0, 0.0, 8.0, 0.0, 5.0, 0.0, 9.0, 0.0, 0]
B: [0.0, 61.0, 99.5129503025, 300.0, 317.5792279694, 414.0, 434.768396616, 458.0427636321, 499.9954286845, 549.0, 582.7797797802, 620.2441685381]
