Avion: 2      Iteracion: 14

Num Ruta: 12
Ingresos: 1467.491
Costos: 468.407249698
Utilidad Ruta: 999.083750302
Costo Reducido: 197.468438047
Nodos: [102, 16, 51, 32, 67, 26, 61, 34, 69, 13, 48, 27, 62, 2, 37, 712]
q: [0, 9.0, -9.0, 11.0, -11.0, 10.0, -10.0, 8.0, -8.0, 15.0, -15.0, 6.0, -6.0, 10.0, -10.0, 0]
Q: [0, 9.0, 0.0, 11.0, 0.0, 10.0, 0.0, 8.0, 0.0, 15.0, 0.0, 6.0, 0.0, 10.0, 0.0, 0]
B: [0.0, 36.0, 45.624091437640004, 309.0, 319.4016530417, 332.1221722921, 349.7014002615, 364.6146463535, 401.0547765673, 423.0, 439.88315095, 538.0, 555.0308623681, 566.4829354555, 607.2178975029, 611.33364397225]
