Avion: 3      Iteracion: 36

Num Ruta: 27
Ingresos: 373.396
Costos: 162.932678313
Utilidad Ruta: 210.463321687
Costo Reducido: 7.17187269419
Nodos: [103, 11, 46, 19, 54, 713]
q: [0, 6.0, -6.0, 7.0, -7.0, 0]
Q: [0, 6.0, 0.0, 7.0, 0.0, 0]
B: [0.0, 169.0, 173.05406684701, 402.0, 428.6271162915, 447.4041747406]
