Avion: 1      Iteracion: 31

Num Ruta: 29
Ingresos: 1279.795
Costos: 339.57379453
Utilidad Ruta: 940.22120547
Costo Reducido: 93.1662982731
Nodos: [101, 1, 36, 8, 43, 27, 2, 62, 37, 711]
q: [0.0, 7.0, -7.0, 8.0, -8.0, 5.0, 10.0, -5.0, -10.0, 0.0]
Q: [0.0, 7.0, 0.0, 8.0, 0.0, 5.0, 15.0, 10.0, 0.0, 0.0]
B: [0.0, 175.0, 209.2400855285, 414.0, 434.768396616, 538.0, 563.7839683718, 575.2360414592, 604.5765718055, 621.5262389999]
