Avion: 1      Iteracion: 46

Num Ruta: 42
Ingresos: 2403.235
Costos: 380.564272599
Utilidad Ruta: 2022.6707274
Costo Reducido: 89.7531988633
Nodos: [101, 30, 16, 51, 65, 24, 59, 1, 36, 23, 35, 70, 58, 28, 31, 63, 19, 66, 8, 54, 43, 711]
q: [0.0, 6.0, 9.0, -9.0, -6.0, 11.0, -11.0, 7.0, -7.0, 10.0, 5.0, -5.0, -10.0, 6.0, 8.0, -6.0, 7.0, -8.0, 0.0, -7.0, 0.0, 0.0]
Q: [0.0, 6.0, 15.0, 6.0, 0.0, 11.0, 0.0, 7.0, 0.0, 10.0, 15.0, 10.0, 0.0, 6.0, 14.0, 8.0, 15.0, 7.0, 7.0, 0.0, 0.0, 0.0]
B: [0.0, 64.0, 72.20259129788, 81.82668273552001, 84.69783929691, 109.43181018721, 147.94476048971, 175.0, 209.2400855285, 267.0, 277.4634044651, 289.38614345409997, 313.15284696969997, 378.0, 406.0, 426.4968799577, 439.0326732314, 455.1338900798, 463.91673620164, 481.87369563244, 484.80181482399996, 490.51094610642997]
