Avion: 4      Iteracion: 116

Num Ruta: 68
Ingresos: 1209.976
Costos: 364.769113863
Utilidad Ruta: 845.206886137
Costo Reducido: 25.5848639608
Nodos: [104, 17, 52, 30, 16, 51, 65, 35, 70, 32, 67, 33, 8, 43, 13, 48, 68, 29, 64, 714]
q: [0.0, 0.0, 0.0, 6.0, 9.0, -9.0, -6.0, 8.0, -8.0, 11.0, -11.0, 5.0, 8.0, -8.0, 10.0, -10.0, -5.0, 9.0, -9.0, 0.0]
Q: [0.0, 0.0, 0.0, 6.0, 15.0, 6.0, 0.0, 8.0, 0.0, 11.0, 0.0, 5.0, 13.0, 5.0, 15.0, 5.0, 0.0, 9.0, 0.0, 0.0]
B: [0.0, 24.0, 58.8425537813, 64.0, 72.20259129788, 81.82668273552001, 84.69783929691, 270.0, 281.922738989, 309.0, 319.4016530417, 437.0, 450.76465480859997, 471.5330514246, 473.74372756550997, 490.62687851551, 495.97492881445, 549.0, 582.7797797802, 609.550209829]
