Avion: 6      Iteracion: 0

Num Ruta: 2
Ingresos: 4379.132
Costos: 671.264429637
Utilidad Ruta: 3707.86757036
Costo Reducido: -
Nodos: [106, 17, 52, 24, 9, 44, 59, 10, 45, 1, 36, 3, 38, 23, 58, 26, 61, 22, 57, 19, 25, 60, 33, 5, 40, 54, 68, 21, 4, 56, 27, 62, 39, 716]
q: [0.0, 5.0, -5.0, 11.0, 4.0, -4.0, -11.0, 12.0, -12.0, 7.0, -7.0, 13.0, -13.0, 10.0, -10.0, 10.0, -10.0, 10.0, -10.0, 7.0, 8.0, -8.0, 5.0, 3.0, -3.0, -7.0, -5.0, 12.0, 3.0, -12.0, 6.0, -6.0, -3.0, 0.0]
Q: [0.0, 5.0, 0.0, 11.0, 15.0, 11.0, 0.0, 12.0, 0.0, 7.0, 0.0, 13.0, 0.0, 10.0, 0.0, 10.0, 0.0, 10.0, 0.0, 7.0, 15.0, 7.0, 12.0, 15.0, 12.0, 5.0, 0.0, 12.0, 15.0, 3.0, 9.0, 3.0, 0.0, 0.0]
B: [0.0, 24.0, 58.8425537813, 75.400837086, 81.83771412381999, 111.36495112632, 136.42051454042, 148.20644522071998, 177.72595595511999, 216.14529712592, 250.38538265442, 257.48193456362, 262.56621632213995, 267.0, 306.733842905, 326.4202156791, 343.9994436485, 357.6336242986, 379.3883104375, 402.0, 411.3920072402, 428.57698955029997, 464.0943947624, 477.7925619391, 478.91425084428, 487.27018693786, 509.17563176326, 520.05510914046, 535.00289750526, 564.17269491626, 577.35014311386, 594.38100548196, 599.79626401688, 614.47337885598]
