Avion: 7      Iteracion: 72

Num Ruta: 50
Ingresos: 595.257
Costos: 308.070312583
Utilidad Ruta: 287.186687417
Costo Reducido: 29.8445233625
Nodos: [107, 30, 16, 65, 51, 14, 49, 3, 38, 35, 70, 31, 66, 717]
q: [0.0, 11.0, 4.0, -11.0, -4.0, 8.0, -8.0, 0.0, 0.0, 8.0, -8.0, 9.0, -9.0, 0.0]
Q: [0.0, 11.0, 15.0, 4.0, 0.0, 8.0, 0.0, 0.0, 0.0, 8.0, 0.0, 9.0, 0.0, 0.0]
B: [0.0, 64.0, 72.20259129788, 83.01926305958, 85.89041962097, 112.67672412536999, 124.69843590036999, 256.0, 261.08428175852, 274.08526633661995, 286.00800532561993, 406.0, 434.325479078, 437.96020107562]
