Avion: 6      Iteracion: 50

Num Ruta: 32
Ingresos: 247.656
Costos: 159.944887965
Utilidad Ruta: 87.7111120355
Costo Reducido: 6.05225523129
Nodos: [106, 34, 69, 716]
q: [0, 8.0, -8.0, 0]
Q: [0, 8.0, 0.0, 0]
B: [0.0, 322.0, 358.4401302138, 367.90122063721]
