Avion: 3      Iteracion: 16

Num Ruta: 15
Ingresos: 339.85
Costos: 194.165537934
Utilidad Ruta: 145.684462066
Costo Reducido: 17.5600119514
Nodos: [103, 19, 54, 713]
q: [0, 7.0, -7.0, 0]
Q: [0, 7.0, 0.0, 0]
B: [0.0, 402.0, 428.6271162915, 447.4041747406]
