Avion: 3      Iteracion: 59

Num Ruta: 40
Ingresos: 586.257
Costos: 323.790351411
Utilidad Ruta: 262.466648589
Costo Reducido: 40.8487795022
Nodos: [103, 30, 16, 51, 65, 24, 59, 35, 70, 13, 48, 713]
q: [0.0, 6.0, 9.0, -9.0, -6.0, 11.0, -11.0, 8.0, -8.0, 15.0, -15.0, 0.0]
Q: [0.0, 6.0, 15.0, 6.0, 0.0, 11.0, 0.0, 8.0, 0.0, 15.0, 0.0, 0.0]
B: [0.0, 64.0, 72.20259129788, 81.82668273552001, 84.69783929691, 109.43181018721, 147.94476048971, 270.0, 281.922738989, 423.0, 439.88315095, 442.65763919110003]
