Avion: 7      Iteracion: 16

Num Ruta: 18
Ingresos: 597.619
Costos: 273.252689729
Utilidad Ruta: 324.366310271
Costo Reducido: 163.691685197
Nodos: [107, 19, 54, 31, 66, 717]
q: [0, 7.0, -7.0, 9.0, -9.0, 0]
Q: [0, 7.0, 0.0, 9.0, 0.0, 0]
B: [0.0, 402.0, 428.6271162915, 445.7331557221, 474.0586348001, 477.69335679771996]
