Avion: 2      Iteracion: 41

Num Ruta: 30
Ingresos: 882.525
Costos: 393.564691162
Utilidad Ruta: 488.960308838
Costo Reducido: 35.1034776977
Nodos: [102, 16, 51, 24, 59, 10, 45, 26, 61, 13, 48, 712]
q: [0, 9.0, -9.0, 11.0, -11.0, 12.0, -12.0, 10.0, -10.0, 15.0, -15.0, 0]
Q: [0, 9.0, 0.0, 11.0, 0.0, 12.0, 0.0, 10.0, 0.0, 15.0, 0.0, 0]
B: [0.0, 36.0, 45.624091437640004, 70.85029051714, 109.36324081964, 121.14917149994, 150.66868223434, 300.0, 317.5792279694, 423.0, 439.88315095, 455.2736272259]
