Avion: 1      Iteracion: 48

Num Ruta: 44
Ingresos: 2106.363
Costos: 413.782435123
Utilidad Ruta: 1692.58056488
Costo Reducido: 54.4883066965
Nodos: [101, 30, 65, 24, 59, 1, 36, 35, 70, 26, 61, 31, 8, 66, 19, 54, 43, 27, 4, 62, 39, 711]
q: [0.0, 11.0, -11.0, 11.0, -11.0, 7.0, -7.0, 8.0, -8.0, 10.0, -10.0, 9.0, 6.0, -9.0, 7.0, -7.0, -6.0, 6.0, 3.0, -6.0, -3.0, 0.0]
Q: [0.0, 11.0, 0.0, 11.0, 0.0, 7.0, 0.0, 8.0, 0.0, 10.0, 0.0, 9.0, 15.0, 6.0, 13.0, 6.0, 0.0, 6.0, 9.0, 3.0, 0.0, 0.0]
B: [0.0, 64.0, 82.7140226568, 107.4479935471, 145.9609438496, 175.0, 209.2400855285, 270.0, 281.922738989, 300.0, 317.5792279694, 406.0, 435.118175166, 443.90102128784, 460.00223813624, 486.62935442774, 489.55747361929997, 538.0, 555.6147745373, 571.701975195, 577.11723372992, 593.92626582582]
