Avion: 3      Iteracion: 84

Num Ruta: 47
Ingresos: 401.003
Costos: 259.581800673
Utilidad Ruta: 141.421199327
Costo Reducido: 9.55529590031
Nodos: [103, 16, 51, 32, 67, 33, 68, 713]
q: [0, 9.0, -9.0, 11.0, -11.0, 5.0, -5.0, 0]
Q: [0, 9.0, 0.0, 11.0, 0.0, 5.0, 0.0, 0]
B: [0.0, 36.0, 45.624091437640004, 309.0, 319.4016530417, 437.0, 478.9526650524, 482.64754055775]
