Avion: 1      Iteracion: 15

Num Ruta: 14
Ingresos: 1946.109
Costos: 373.406865897
Utilidad Ruta: 1572.7021341
Costo Reducido: 229.065528957
Nodos: [101, 17, 52, 30, 65, 24, 59, 1, 36, 3, 38, 23, 35, 70, 26, 58, 61, 711]
q: [0.0, 5.0, -5.0, 11.0, -11.0, 11.0, -11.0, 7.0, -7.0, 13.0, -13.0, 5.0, 8.0, -8.0, 10.0, -5.0, -10.0, 0.0]
Q: [0.0, 5.0, 0.0, 11.0, 0.0, 11.0, 0.0, 7.0, 0.0, 13.0, 0.0, 5.0, 13.0, 5.0, 15.0, 10.0, 0.0, 0.0]
B: [0.0, 24.0, 58.8425537813, 64.0, 82.7140226568, 107.4479935471, 145.9609438496, 175.0, 209.2400855285, 256.0, 261.08428175852, 267.0, 277.4634044651, 289.38614345409997, 303.7370056233, 323.4233783974, 326.49045077998, 334.14421854494]
