Avion: 7      Iteracion: 74

Num Ruta: 52
Ingresos: 471.105
Costos: 235.063259199
Utilidad Ruta: 236.041740801
Costo Reducido: 13.2038741541
Nodos: [107, 14, 49, 3, 38, 35, 70, 31, 66, 717]
q: [0, 8.0, -8.0, 13.0, -13.0, 8.0, -8.0, 9.0, -9.0, 0]
Q: [0, 8.0, 0.0, 13.0, 0.0, 8.0, 0.0, 9.0, 0.0, 0]
B: [0.0, 112.0, 124.021711775, 256.0, 261.08428175852, 274.08526633661995, 286.00800532561993, 406.0, 434.325479078, 437.96020107562]
