Avion: 1      Iteracion: 41

Num Ruta: 38
Ingresos: 2028.667
Costos: 422.458738255
Utilidad Ruta: 1606.20826175
Costo Reducido: 71.0330470644
Nodos: [101, 30, 65, 24, 59, 1, 36, 3, 38, 35, 70, 32, 67, 34, 69, 31, 19, 66, 8, 54, 43, 711]
q: [0.0, 11.0, -11.0, 11.0, -11.0, 7.0, -7.0, 13.0, -13.0, 8.0, -8.0, 11.0, -11.0, 8.0, -8.0, 8.0, 7.0, -8.0, 8.0, -7.0, -8.0, 0.0]
Q: [0.0, 11.0, 0.0, 11.0, 0.0, 7.0, 0.0, 13.0, 0.0, 8.0, 0.0, 11.0, 0.0, 8.0, 0.0, 8.0, 15.0, 7.0, 15.0, 8.0, 0.0, 0.0]
B: [0.0, 64.0, 82.7140226568, 107.4479935471, 145.9609438496, 175.0, 209.2400855285, 256.0, 261.08428175852, 274.08526633661995, 286.00800532561993, 309.0, 319.4016530417, 346.1750898215, 382.6152200353, 409.7359641438, 431.1609687179, 447.2621855663, 456.04503168814, 474.00199111894, 476.93011031049997, 482.63924159293]
