Avion: 5      Iteracion: 80

Num Ruta: 56
Ingresos: 1383.924
Costos: 441.691681462
Utilidad Ruta: 942.232318538
Costo Reducido: 7.02620132477
Nodos: [105, 1, 36, 35, 70, 32, 67, 26, 61, 34, 69, 13, 48, 31, 66, 715]
q: [0, 7.0, -7.0, 8.0, -8.0, 11.0, -11.0, 10.0, -10.0, 8.0, -8.0, 15.0, -15.0, 9.0, -9.0, 0]
Q: [0, 7.0, 0.0, 8.0, 0.0, 11.0, 0.0, 10.0, 0.0, 8.0, 0.0, 15.0, 0.0, 9.0, 0.0, 0]
B: [0.0, 175.0, 209.2400855285, 270.0, 281.922738989, 309.0, 319.4016530417, 332.1221722921, 349.7014002615, 364.6146463535, 401.0547765673, 423.0, 439.88315095, 444.3406643824, 472.6661434604, 486.418887223]
