Avion: 4      Iteracion: 81

Num Ruta: 47
Ingresos: 2173.371
Costos: 502.084680456
Utilidad Ruta: 1671.28631954
Costo Reducido: 101.056523644
Nodos: [104, 17, 52, 16, 51, 1, 11, 46, 36, 3, 38, 35, 70, 32, 67, 26, 34, 61, 69, 33, 13, 48, 68, 29, 64, 714]
q: [0.0, 5.0, -5.0, 9.0, -9.0, 7.0, 6.0, -6.0, -7.0, 13.0, -13.0, 8.0, -8.0, 11.0, -11.0, 7.0, 8.0, -7.0, -8.0, 5.0, 10.0, -10.0, -5.0, 9.0, -9.0, 0.0]
Q: [0.0, 5.0, 0.0, 9.0, 0.0, 7.0, 13.0, 7.0, 0.0, 13.0, 0.0, 8.0, 0.0, 11.0, 0.0, 7.0, 15.0, 8.0, 0.0, 5.0, 15.0, 5.0, 0.0, 9.0, 0.0, 0.0]
B: [0.0, 24.0, 58.8425537813, 64.17419311644, 73.79828455408, 175.0, 193.6808285951, 197.73489544211, 232.05062478011, 256.0, 261.08428175852, 274.08526633661995, 286.00800532561993, 309.0, 319.4016530417, 332.1221722921, 348.0493993263, 362.9626454183, 387.9493993691, 437.0, 462.372931896, 479.256082846, 484.60413314494, 549.0, 582.7797797802, 609.550209829]
