Avion: 3      Iteracion: 108

Num Ruta: 52
Ingresos: 982.413
Costos: 253.851205088
Utilidad Ruta: 728.561794912
Costo Reducido: 19.3572067564
Nodos: [103, 11, 46, 18, 53, 31, 66, 8, 33, 43, 68, 713]
q: [0, 6.0, -6.0, 10.0, -10.0, 9.0, -9.0, 8.0, 5.0, -8.0, -5.0, 0]
Q: [0, 6.0, 0.0, 10.0, 0.0, 9.0, 0.0, 8.0, 13.0, 5.0, 0.0, 0]
B: [0.0, 169.0, 173.05406684701, 293.0, 316.8182362487, 406.0, 434.325479078, 443.10832519984, 456.87298000844, 480.14734702453995, 502.10422806443995, 505.79910356978996]
