Avion: 6      Iteracion: 82

Num Ruta: 52
Ingresos: 766.772
Costos: 218.024348252
Utilidad Ruta: 548.747651748
Costo Reducido: 42.7005468468
Nodos: [106, 17, 52, 24, 59, 13, 48, 5, 40, 716]
q: [0, 5.0, -5.0, 11.0, -11.0, 15.0, -15.0, 9.0, -9.0, 0]
Q: [0, 5.0, 0.0, 11.0, 0.0, 15.0, 0.0, 9.0, 0.0, 0]
B: [0.0, 24.0, 58.8425537813, 75.400837086, 113.9137873885, 423.0, 439.88315095, 469.0, 470.12168890518, 476.84504297885]
