Avion: 7      Iteracion: 4

Num Ruta: 8
Ingresos: 2255.421
Costos: 464.397131846
Utilidad Ruta: 1791.02386815
Costo Reducido: 1134.10865662
Nodos: [107, 17, 16, 51, 30, 52, 65, 14, 49, 3, 38, 23, 58, 22, 57, 28, 63, 25, 60, 19, 54, 717]
q: [0.0, 0.0, 9.0, -9.0, 11.0, 0.0, -11.0, 8.0, -8.0, 0.0, 0.0, 10.0, -10.0, 10.0, -10.0, 6.0, -6.0, 10.0, -10.0, 7.0, -7.0, 0.0]
Q: [0.0, 0.0, 9.0, 0.0, 11.0, 11.0, 0.0, 8.0, 0.0, 0.0, 0.0, 10.0, 0.0, 10.0, 0.0, 6.0, 0.0, 10.0, 0.0, 7.0, 0.0, 0.0]
B: [0.0, 45.942580685, 80.7440576652, 90.36814910284001, 107.35344274174001, 110.49789722543001, 126.59584274653001, 154.39178340343, 166.41349517843, 256.0, 261.08428175852, 267.0, 306.733842905, 322.49026689650003, 344.24495303540004, 387.29611673630006, 423.32273552020007, 426.65611413656006, 443.84109644666006, 460.51398812746004, 487.14110441896, 512.62526816826]
