Avion: 3      Iteracion: 51

Num Ruta: 35
Ingresos: 801.455
Costos: 232.819401368
Utilidad Ruta: 568.635598632
Costo Reducido: 52.5729629528
Nodos: [103, 11, 46, 22, 57, 29, 64, 27, 62, 713]
q: [0, 6.0, -6.0, 10.0, -10.0, 9.0, -9.0, 6.0, -6.0, 0]
Q: [0, 6.0, 0.0, 10.0, 0.0, 9.0, 0.0, 6.0, 0.0, 0]
B: [0.0, 169.0, 173.05406684701, 299.0, 320.7546861389, 549.0, 582.7797797802, 590.99620777538, 608.0270701434799, 636.29779042078]
