Avion: 1      Iteracion: 85

Num Ruta: 75
Ingresos: 1426.962
Costos: 395.030033586
Utilidad Ruta: 1031.93196641
Costo Reducido: 43.8773171725
Nodos: [101, 17, 52, 30, 65, 16, 51, 1, 36, 8, 33, 43, 13, 48, 68, 711]
q: [0.0, 5.0, -5.0, 0.0, 0.0, 9.0, -9.0, 7.0, -7.0, 8.0, 5.0, -8.0, 10.0, -10.0, -5.0, 0.0]
Q: [0.0, 5.0, 0.0, 0.0, 0.0, 9.0, 0.0, 7.0, 0.0, 8.0, 13.0, 5.0, 15.0, 5.0, 0.0, 0.0]
B: [0.0, 24.0, 58.8425537813, 64.0, 82.7140226568, 93.53069441849999, 103.15478585614, 175.0, 209.2400855285, 414.0, 437.0, 460.2743670161, 462.48504315700995, 479.36819410700997, 484.71624440594996, 501.90841160494995]
