Avion: 6      Iteracion: 58

Num Ruta: 38
Ingresos: 659.513
Costos: 237.576491325
Utilidad Ruta: 421.936508675
Costo Reducido: 51.1058055426
Nodos: [106, 35, 70, 33, 5, 40, 68, 29, 64, 716]
q: [0, 8.0, -8.0, 5.0, 9.0, -9.0, -5.0, 9.0, -9.0, 0]
Q: [0, 8.0, 0.0, 5.0, 14.0, 5.0, 0.0, 9.0, 0.0, 0]
B: [0.0, 270.0, 281.922738989, 437.0, 469.0, 470.12168890518, 499.13406352358, 549.0, 582.7797797802, 603.1769870644999]
