Avion: 4      Iteracion: 4

Num Ruta: 6
Ingresos: 696.09
Costos: 298.573152963
Utilidad Ruta: 397.516847037
Costo Reducido: 464.632018762
Nodos: [104, 22, 57, 19, 54, 714]
q: [0, 10.0, -10.0, 7.0, -7.0, 0]
Q: [0, 10.0, 0.0, 7.0, 0.0, 0]
B: [0.0, 299.0, 320.7546861389, 402.0, 428.6271162915, 454.8753100198]
