Avion: 5      Iteracion: 41

Num Ruta: 40
Ingresos: 637.409
Costos: 263.474930319
Utilidad Ruta: 373.934069681
Costo Reducido: 24.3912956049
Nodos: [105, 18, 53, 25, 60, 31, 66, 715]
q: [0, 10.0, -10.0, 10.0, -10.0, 9.0, -9.0, 0]
Q: [0, 10.0, 0.0, 10.0, 0.0, 9.0, 0.0, 0]
B: [0.0, 293.0, 316.8182362487, 410.0, 427.1849823101, 432.00662891681, 460.33210799481, 474.08485175741]
