Avion: 5      Iteracion: 53

Num Ruta: 48
Ingresos: 573.566
Costos: 254.472115901
Utilidad Ruta: 319.093884099
Costo Reducido: 60.5592929711
Nodos: [105, 11, 46, 35, 70, 18, 53, 28, 63, 15, 50, 7, 42, 715]
q: [0, 6.0, -6.0, 8.0, -8.0, 10.0, -10.0, 6.0, -6.0, 0.0, -0.0, 0.0, -0.0, 0]
Q: [0, 6.0, 0.0, 8.0, 0.0, 10.0, 0.0, 6.0, 0.0, 0.0, 0.0, 0.0, 0.0, 0]
B: [0.0, 169.0, 173.05406684701, 270.0, 281.922738989, 302.3408921131, 326.15912836179996, 378.0, 414.0266187839, 511.0, 527.4211666151, 538.3259061809999, 566.8672179938999, 603.7728591480999]
