Avion: 3      Iteracion: 27

Num Ruta: 22
Ingresos: 1085.366
Costos: 272.281783737
Utilidad Ruta: 813.084216263
Costo Reducido: 9.70617890067
Nodos: [103, 11, 46, 22, 57, 19, 54, 13, 33, 48, 68, 713]
q: [0.0, 6.0, -6.0, 10.0, -10.0, 7.0, -7.0, 10.0, 5.0, -10.0, -5.0, 0.0]
Q: [0.0, 6.0, 0.0, 10.0, 0.0, 7.0, 0.0, 10.0, 15.0, 5.0, 0.0, 0.0]
B: [0.0, 169.0, 173.05406684701, 299.0, 320.7546861389, 402.0, 428.6271162915, 432.85473559792, 458.22766749392, 498.98366809502, 504.33171839396, 508.02659389931]
