Avion: 1      Iteracion: 77

Num Ruta: 69
Ingresos: 1993.263
Costos: 409.618153364
Utilidad Ruta: 1583.64484664
Costo Reducido: 42.3242911863
Nodos: [101, 30, 16, 51, 65, 24, 59, 1, 36, 35, 70, 32, 67, 26, 61, 28, 31, 63, 19, 66, 8, 5, 40, 54, 43, 711]
q: [0.0, 6.0, 9.0, -9.0, -6.0, 11.0, -11.0, 7.0, -7.0, 8.0, -8.0, 11.0, -11.0, 10.0, -10.0, 6.0, 9.0, -6.0, 6.0, -9.0, 0.0, 9.0, -9.0, -6.0, 0.0, 0.0]
Q: [0.0, 6.0, 15.0, 6.0, 0.0, 11.0, 0.0, 7.0, 0.0, 8.0, 0.0, 11.0, 0.0, 10.0, 0.0, 6.0, 15.0, 9.0, 15.0, 6.0, 6.0, 15.0, 6.0, 0.0, 0.0, 0.0]
B: [0.0, 64.0, 72.20259129788, 81.82668273552001, 84.69783929691, 109.43181018721, 147.94476048971, 175.0, 209.2400855285, 270.0, 281.922738989, 309.0, 319.4016530417, 332.1221722921, 349.7014002615, 378.0, 406.0, 426.4968799577, 439.0326732314, 455.1338900798, 463.91673620164, 476.84510539504, 477.96679430022, 486.3227303938, 489.25084958535996, 494.95998086778997]
