Avion: 4      Iteracion: 14

Num Ruta: 13
Ingresos: 1070.497
Costos: 278.12474868
Utilidad Ruta: 792.37225132
Costo Reducido: 53.5089750239
Nodos: [104, 17, 52, 16, 51, 2, 37, 714]
q: [0, 5.0, -5.0, 9.0, -9.0, 10.0, -10.0, 0]
Q: [0, 5.0, 0.0, 9.0, 0.0, 10.0, 0.0, 0]
B: [0.0, 24.0, 58.8425537813, 64.17419311644, 73.79828455408, 522.0, 562.7349620474, 587.0962661586]
