Avion: 3      Iteracion: 109

Num Ruta: 53
Ingresos: 1049.829
Costos: 298.939178336
Utilidad Ruta: 750.889821664
Costo Reducido: 14.7592817359
Nodos: [103, 11, 46, 35, 70, 18, 53, 31, 66, 8, 33, 43, 68, 713]
q: [0, 6.0, -6.0, 8.0, -8.0, 10.0, -10.0, 9.0, -9.0, 8.0, 5.0, -8.0, -5.0, 0]
Q: [0, 6.0, 0.0, 8.0, 0.0, 10.0, 0.0, 9.0, 0.0, 8.0, 13.0, 5.0, 0.0, 0]
B: [0.0, 169.0, 173.05406684701, 270.0, 281.922738989, 302.3408921131, 326.15912836179996, 406.0, 434.325479078, 443.10832519984, 456.87298000844, 480.14734702453995, 502.10422806443995, 505.79910356978996]
