Avion: 7      Iteracion: 89

Num Ruta: 55
Ingresos: 1093.455
Costos: 248.379426348
Utilidad Ruta: 845.075573652
Costo Reducido: 17.9148858026
Nodos: [107, 14, 49, 3, 38, 23, 35, 70, 26, 58, 61, 13, 48, 31, 66, 717]
q: [0.0, 0.0, 0.0, 0.0, 0.0, 5.0, 8.0, -8.0, 10.0, -5.0, -10.0, 15.0, -15.0, 9.0, -9.0, 0.0]
Q: [0.0, 0.0, 0.0, 0.0, 0.0, 5.0, 13.0, 5.0, 15.0, 10.0, 0.0, 15.0, 0.0, 9.0, 0.0, 0.0]
B: [0.0, 112.0, 124.021711775, 256.0, 261.08428175852, 267.0, 277.4634044651, 289.38614345409997, 303.7370056233, 323.4233783974, 326.49045077998, 423.0, 439.88315095, 444.3406643824, 472.6661434604, 476.30086545802]
