Avion: 1      Iteracion: 25

Num Ruta: 24
Ingresos: 2737.719
Costos: 434.83751758
Utilidad Ruta: 2302.88148242
Costo Reducido: 147.500180804
Nodos: [101, 17, 30, 52, 16, 51, 65, 24, 59, 1, 36, 23, 18, 53, 58, 28, 31, 63, 19, 66, 8, 54, 43, 711]
q: [0.0, 5.0, 0.0, -5.0, 9.0, -9.0, 0.0, 11.0, -11.0, 7.0, -7.0, 10.0, 5.0, -5.0, -10.0, 6.0, 9.0, -6.0, 6.0, -9.0, 0.0, -6.0, 0.0, 0.0]
Q: [0.0, 5.0, 5.0, 0.0, 9.0, 0.0, 0.0, 11.0, 0.0, 7.0, 0.0, 10.0, 15.0, 10.0, 0.0, 6.0, 15.0, 9.0, 15.0, 6.0, 6.0, 0.0, 0.0, 0.0]
B: [0.0, 24.0, 64.0, 67.14445448369, 72.47609381883, 82.10018525647, 84.97134181786, 109.70531270816, 148.21826301066, 175.0, 209.2400855285, 267.0, 293.0, 316.8182362487, 326.74376782137, 378.0, 406.0, 426.4968799577, 439.0326732314, 455.1338900798, 463.91673620164, 481.87369563244, 484.80181482399996, 490.51094610642997]
