Avion: 7      Iteracion: 108

Num Ruta: 62
Ingresos: 1258.759
Costos: 313.165664682
Utilidad Ruta: 945.593335318
Costo Reducido: 8.01524004513
Nodos: [107, 14, 49, 3, 38, 23, 35, 70, 58, 18, 53, 29, 27, 64, 62, 717]
q: [0.0, 0.0, 0.0, 13.0, -13.0, 7.0, 8.0, -8.0, -7.0, 10.0, -10.0, 9.0, 6.0, -9.0, -6.0, 0.0]
Q: [0.0, 0.0, 0.0, 13.0, 0.0, 7.0, 15.0, 7.0, 0.0, 10.0, 0.0, 9.0, 15.0, 6.0, 0.0, 0.0]
B: [0.0, 112.0, 124.021711775, 256.0, 261.08428175852, 267.0, 277.4634044651, 289.38614345409997, 313.15284696969997, 338.59215837939996, 362.41039462809994, 549.0, 574.6018082369, 582.8182362320799, 598.26561380888, 621.71060212198]
