Avion: 1      Iteracion: 67

Num Ruta: 60
Ingresos: 2271.888
Costos: 403.0063641
Utilidad Ruta: 1868.8816359
Costo Reducido: 33.2142107224
Nodos: [101, 30, 65, 24, 59, 1, 36, 35, 70, 22, 57, 28, 31, 63, 19, 66, 8, 54, 43, 711]
q: [0.0, 11.0, -11.0, 11.0, -11.0, 7.0, -7.0, 8.0, -8.0, 10.0, -10.0, 6.0, 9.0, -6.0, 6.0, -9.0, 8.0, -6.0, -8.0, 0.0]
Q: [0.0, 11.0, 0.0, 11.0, 0.0, 7.0, 0.0, 8.0, 0.0, 10.0, 0.0, 6.0, 15.0, 9.0, 15.0, 6.0, 14.0, 8.0, 0.0, 0.0]
B: [0.0, 64.0, 82.7140226568, 107.4479935471, 145.9609438496, 175.0, 209.2400855285, 270.0, 281.922738989, 299.64604976889996, 321.40073590779997, 378.0, 406.0, 426.4968799577, 439.0326732314, 455.1338900798, 463.91673620164, 481.87369563244, 484.80181482399996, 490.51094610642997]
