Avion: 5      Iteracion: 13

Num Ruta: 16
Ingresos: 1122.728
Costos: 400.998851609
Utilidad Ruta: 721.729148391
Costo Reducido: 187.456277109
Nodos: [105, 9, 44, 18, 53, 28, 63, 25, 60, 33, 68, 715]
q: [0, 11.0, -11.0, 10.0, -10.0, 6.0, -6.0, 10.0, -10.0, 5.0, -5.0, 0]
Q: [0, 11.0, 0.0, 10.0, 0.0, 6.0, 0.0, 10.0, 0.0, 5.0, 0.0, 0]
B: [0.0, 31.4915482312, 61.0187852337, 293.0, 316.8182362487, 378.0, 414.0266187839, 417.35999740026, 434.54497971036, 470.06238492246, 512.0150499748601, 555.77537641336]
