Avion: 4      Iteracion: 85

Num Ruta: 49
Ingresos: 1375.691
Costos: 293.329843345
Utilidad Ruta: 1082.36115665
Costo Reducido: 6.29785619627
Nodos: [104, 17, 52, 9, 44, 25, 60, 5, 33, 40, 68, 29, 64, 714]
q: [0, 5.0, -5.0, 11.0, -11.0, 10.0, -10.0, 9.0, 5.0, -9.0, -5.0, 9.0, -9.0, 0]
Q: [0, 5.0, 0.0, 11.0, 0.0, 10.0, 0.0, 9.0, 14.0, 5.0, 0.0, 9.0, 0.0, 0]
B: [0.0, 24.0, 58.8425537813, 81.72911018459999, 111.25634718709999, 410.0, 427.1849823101, 469.0, 482.6981671767, 495.9883458813, 525.0007204997, 549.0, 582.7797797802, 609.550209829]
