Avion: 6      Iteracion: 54

Num Ruta: 36
Ingresos: 1704.908
Costos: 377.153370291
Utilidad Ruta: 1327.75462971
Costo Reducido: 37.9626240935
Nodos: [106, 17, 52, 24, 9, 44, 59, 1, 36, 33, 5, 40, 68, 29, 27, 62, 64, 716]
q: [0.0, 5.0, -5.0, 4.0, 11.0, -11.0, -4.0, 7.0, -7.0, 5.0, 9.0, -9.0, -5.0, 9.0, 6.0, -6.0, -9.0, 0.0]
Q: [0.0, 5.0, 0.0, 4.0, 15.0, 4.0, 0.0, 7.0, 0.0, 5.0, 14.0, 5.0, 0.0, 9.0, 15.0, 9.0, 0.0, 0.0]
B: [0.0, 24.0, 58.8425537813, 75.400837086, 81.83771412381999, 111.36495112632, 136.42051454042, 175.0, 209.2400855285, 437.0, 469.0, 470.12168890518, 499.13406352358, 549.0, 574.6018082369, 591.6326706049999, 607.0800481818, 627.4772554660999]
