Avion: 3      Iteracion: 1

Num Ruta: 4
Ingresos: 2974.88
Costos: 635.296948903
Utilidad Ruta: 2339.5830511
Costo Reducido: 2109.81540812
Nodos: [103, 17, 16, 51, 52, 30, 65, 10, 45, 11, 46, 23, 58, 26, 61, 22, 57, 25, 60, 31, 33, 66, 68, 713]
q: [0, 5.0, 9.0, -9.0, -5.0, 11.0, -11.0, 12.0, -12.0, 6.0, -6.0, 10.0, -10.0, 10.0, -10.0, 10.0, -10.0, 10.0, -10.0, 9.0, 5.0, -9.0, -5.0, 0]
Q: [0, 5.0, 14.0, 5.0, 0.0, 11.0, 0.0, 12.0, 0.0, 6.0, 0.0, 10.0, 0.0, 10.0, 0.0, 10.0, 0.0, 10.0, 0.0, 9.0, 14.0, 5.0, 0.0, 0]
B: [0.0, 39.7453305433, 74.54680752350001, 84.17089896114001, 98.81866773324, 101.96312221693, 120.67714487373, 139.37019515983, 168.88970589423, 221.52792247682999, 225.58198932384, 267.0, 306.733842905, 326.4202156791, 343.9994436485, 357.6336242986, 379.3883104375, 410.0, 427.1849823101, 432.00662891681, 469.50789920201, 491.90606064441, 522.85785149731, 526.5527270026599]
