Avion: 7      Iteracion: 40

Num Ruta: 37
Ingresos: 1969.834
Costos: 479.921247204
Utilidad Ruta: 1489.9127528
Costo Reducido: 58.5971100131
Nodos: [107, 1, 11, 46, 36, 3, 38, 22, 57, 25, 60, 13, 48, 21, 4, 39, 56, 717]
q: [0, 7.0, 6.0, -6.0, -7.0, 13.0, -13.0, 10.0, -10.0, 10.0, -10.0, 15.0, -15.0, 12.0, 3.0, -3.0, -12.0, 0]
Q: [0, 7.0, 13.0, 7.0, 0.0, 13.0, 0.0, 10.0, 0.0, 10.0, 0.0, 15.0, 0.0, 12.0, 15.0, 12.0, 0.0, 0]
B: [0.0, 175.0, 193.6808285951, 197.73489544211, 232.05062478011, 256.0, 261.08428175852, 299.0, 320.7546861389, 410.0, 427.1849823101, 443.186042775, 460.069193725, 477.0, 529.0, 549.4257496801999, 566.2286940948, 609.8449650609999]
