Avion: 7      Iteracion: 62

Num Ruta: 48
Ingresos: 1282.269
Costos: 211.583578597
Utilidad Ruta: 1070.6854214
Costo Reducido: 4.10686094251
Nodos: [107, 14, 49, 3, 38, 23, 58, 13, 48, 31, 66, 717]
q: [0, 8.0, -8.0, 13.0, -13.0, 10.0, -10.0, 15.0, -15.0, 9.0, -9.0, 0]
Q: [0, 8.0, 0.0, 13.0, 0.0, 10.0, 0.0, 15.0, 0.0, 9.0, 0.0, 0]
B: [0.0, 112.0, 124.021711775, 256.0, 261.08428175852, 267.0, 306.733842905, 423.0, 439.88315095, 444.3406643824, 472.6661434604, 476.30086545802]
