Avion: 2      Iteracion: 103

Num Ruta: 68
Ingresos: 2853.735
Costos: 599.689855589
Utilidad Ruta: 2254.04514441
Costo Reducido: 89.4227527435
Nodos: [102, 16, 51, 24, 59, 10, 45, 32, 67, 26, 61, 34, 69, 8, 33, 43, 13, 48, 68, 21, 20, 56, 55, 2, 37, 712]
q: [0.0, 9.0, -9.0, 11.0, -11.0, 12.0, -12.0, 11.0, -11.0, 10.0, -10.0, 8.0, -8.0, 8.0, 5.0, -8.0, 0.0, 0.0, -5.0, 12.0, 0.0, -12.0, 0.0, 10.0, -10.0, 0.0]
Q: [0.0, 9.0, 0.0, 11.0, 0.0, 12.0, 0.0, 11.0, 0.0, 10.0, 0.0, 8.0, 0.0, 8.0, 13.0, 5.0, 5.0, 5.0, 0.0, 12.0, 12.0, 0.0, 0.0, 10.0, 0.0, 0.0]
B: [0.0, 36.0, 45.624091437640004, 70.85029051714, 109.36324081964, 121.14917149994, 150.66868223434, 309.0, 319.4016530417, 332.1221722921, 349.7014002615, 364.6146463535, 401.0547765673, 414.0, 437.0, 460.2743670161, 462.48504315700995, 479.36819410700997, 484.71624440594996, 495.59572178314994, 500.3451281671099, 536.7704198886099, 557.3698405115099, 564.7001377769699, 605.4350998243699, 609.5508462937199]
