Avion: 2      Iteracion: 77

Num Ruta: 53
Ingresos: 1998.363
Costos: 518.126016987
Utilidad Ruta: 1480.23698301
Costo Reducido: 25.3940923766
Nodos: [102, 16, 51, 30, 65, 10, 45, 26, 61, 34, 69, 33, 13, 48, 20, 68, 27, 62, 55, 2, 37, 712]
q: [0.0, 9.0, -9.0, 11.0, -11.0, 12.0, -12.0, 10.0, -10.0, 8.0, -8.0, 5.0, 10.0, -10.0, 0.0, -5.0, 6.0, -6.0, 0.0, 10.0, -10.0, 0.0]
Q: [0.0, 9.0, 0.0, 11.0, 0.0, 12.0, 0.0, 10.0, 0.0, 8.0, 0.0, 5.0, 15.0, 5.0, 5.0, 0.0, 6.0, 0.0, 0.0, 10.0, 0.0, 0.0]
B: [0.0, 36.0, 45.624091437640004, 64.0, 82.7140226568, 101.4070729429, 130.92658367730002, 300.0, 317.5792279694, 332.4924740614, 368.9326042752, 437.0, 462.372931896, 479.256082846, 496.0, 506.5907824546, 538.0, 555.0308623681, 571.1886281789999, 578.5189254444599, 619.2538874918599, 623.36963396121]
