Avion: 2      Iteracion: 97

Num Ruta: 65
Ingresos: 2954.213
Costos: 642.413809996
Utilidad Ruta: 2311.79919
Costo Reducido: 13.557225347
Nodos: [102, 16, 51, 10, 45, 3, 38, 35, 70, 32, 67, 26, 61, 34, 69, 8, 33, 43, 13, 48, 68, 21, 56, 27, 62, 2, 37, 712]
q: [0.0, 9.0, -9.0, 12.0, -12.0, 13.0, -13.0, 8.0, -8.0, 11.0, -11.0, 10.0, -10.0, 8.0, -8.0, 8.0, 5.0, -8.0, 10.0, -10.0, -5.0, 12.0, -12.0, 6.0, -6.0, 10.0, -10.0, 0.0]
Q: [0.0, 9.0, 0.0, 12.0, 0.0, 13.0, 0.0, 8.0, 0.0, 11.0, 0.0, 10.0, 0.0, 8.0, 0.0, 8.0, 13.0, 5.0, 15.0, 5.0, 0.0, 12.0, 0.0, 6.0, 0.0, 10.0, 0.0, 0.0]
B: [0.0, 36.0, 45.624091437640004, 96.0, 125.5195107344, 256.0, 261.08428175852, 274.08526633661995, 286.00800532561993, 309.0, 319.4016530417, 332.1221722921, 349.7014002615, 364.6146463535, 401.0547765673, 414.0, 437.0, 460.2743670161, 462.48504315700995, 479.36819410700997, 484.71624440594996, 495.59572178314994, 536.33451246235, 549.51196065995, 566.54282302805, 577.9948961154499, 618.72985816285, 622.8456046322]
