Avion: 6      Iteracion: 118

Num Ruta: 67
Ingresos: 856.472
Costos: 237.546402845
Utilidad Ruta: 618.925597155
Costo Reducido: 20.6420876011
Nodos: [106, 10, 45, 32, 67, 2, 37, 716]
q: [0, 12.0, -12.0, 11.0, -11.0, 10.0, -10.0, 0]
Q: [0, 12.0, 0.0, 11.0, 0.0, 10.0, 0.0, 0]
B: [0.0, 96.0, 125.5195107344, 309.0, 319.4016530417, 522.0, 562.7349620474, 583.160599516]
