Avion: 2      Iteracion: 58

Num Ruta: 44
Ingresos: 2037.931
Costos: 448.34028776
Utilidad Ruta: 1589.59071224
Costo Reducido: 105.384156346
Nodos: [102, 16, 51, 30, 65, 35, 70, 32, 67, 26, 61, 13, 48, 20, 21, 56, 55, 2, 37, 712]
q: [0, 9.0, -9.0, 11.0, -11.0, 8.0, -8.0, 11.0, -11.0, 10.0, -10.0, 15.0, -15.0, 0.0, 12.0, -12.0, -0.0, 10.0, -10.0, 0]
Q: [0, 9.0, 0.0, 11.0, 0.0, 8.0, 0.0, 11.0, 0.0, 10.0, 0.0, 15.0, 0.0, 0.0, 12.0, 0.0, 0.0, 10.0, 0.0, 0]
B: [0.0, 36.0, 45.624091437640004, 64.0, 82.7140226568, 270.0, 281.922738989, 309.0, 319.4016530417, 332.1221722921, 349.7014002615, 423.0, 439.88315095, 496.0, 500.74940638396, 541.48819706316, 562.08761768606, 569.41791495152, 610.15287699892, 614.26862346827]
