Avion: 5      Iteracion: 52

Num Ruta: 47
Ingresos: 387.963
Costos: 261.022785857
Utilidad Ruta: 126.940214143
Costo Reducido: 13.3068421174
Nodos: [105, 11, 46, 1, 36, 715]
q: [0, 6.0, -6.0, 7.0, -7.0, 0]
Q: [0, 6.0, 0.0, 7.0, 0.0, 0]
B: [0.0, 169.0, 173.05406684701, 195.72351838431, 229.96360391281002, 244.46746174441]
