Avion: 5      Iteracion: 19

Num Ruta: 22
Ingresos: 377.225
Costos: 345.68488246
Utilidad Ruta: 31.5401175404
Costo Reducido: 125.237353947
Nodos: [105, 16, 51, 9, 44, 14, 49, 35, 70, 715]
q: [0, 9.0, -9.0, 11.0, -11.0, 8.0, -8.0, 8.0, -8.0, 0]
Q: [0, 9.0, 0.0, 11.0, 0.0, 8.0, 0.0, 8.0, 0.0, 0]
B: [0.0, 36.0, 45.624091437640004, 75.68094759394, 105.20818459644, 115.46499131194001, 127.48670308694001, 270.0, 281.922738989, 310.9187060362]
