Avion: 2      Iteracion: 37

Num Ruta: 27
Ingresos: 881.573
Costos: 404.230465477
Utilidad Ruta: 477.342534523
Costo Reducido: 34.760144221
Nodos: [102, 16, 51, 10, 45, 26, 61, 33, 13, 48, 68, 712]
q: [0.0, 9.0, -9.0, 12.0, -12.0, 10.0, -10.0, 5.0, 10.0, -10.0, -5.0, 0.0]
Q: [0.0, 9.0, 0.0, 12.0, 0.0, 10.0, 0.0, 5.0, 15.0, 5.0, 0.0, 0.0]
B: [0.0, 36.0, 45.624091437640004, 96.0, 125.5195107344, 300.0, 317.5792279694, 437.0, 462.372931896, 479.256082846, 484.60413314494, 494.93341317794]
