Avion: 5      Iteracion: 105

Num Ruta: 66
Ingresos: 1687.366
Costos: 399.586088368
Utilidad Ruta: 1287.77991163
Costo Reducido: 79.8828704739
Nodos: [105, 1, 36, 3, 38, 23, 58, 31, 66, 8, 43, 715]
q: [0, 7.0, -7.0, 13.0, -13.0, 10.0, -10.0, 9.0, -9.0, 8.0, -8.0, 0]
Q: [0, 7.0, 0.0, 13.0, 0.0, 10.0, 0.0, 9.0, 0.0, 8.0, 0.0, 0]
B: [0.0, 175.0, 209.2400855285, 256.0, 261.08428175852, 267.0, 306.733842905, 406.0, 434.325479078, 443.10832519984, 463.87672181584, 502.48250574774005]
