Avion: 1      Iteracion: 55

Num Ruta: 51
Ingresos: 1006.949
Costos: 238.653438054
Utilidad Ruta: 768.295561946
Costo Reducido: 1.45756376848
Nodos: [101, 30, 65, 24, 59, 1, 36, 8, 19, 5, 40, 54, 43, 711]
q: [0.0, 11.0, -11.0, 11.0, -11.0, 7.0, -7.0, 8.0, 0.0, 7.0, -7.0, 0.0, -8.0, 0.0]
Q: [0.0, 11.0, 0.0, 11.0, 0.0, 7.0, 0.0, 8.0, 8.0, 15.0, 8.0, 8.0, 0.0, 0.0]
B: [0.0, 64.0, 82.7140226568, 107.4479935471, 145.9609438496, 175.0, 209.2400855285, 414.0, 437.1608815463, 469.0, 470.12168890518, 478.47762499876, 481.40574419032, 487.11487547275]
