Avion: 3      Iteracion: 26

Num Ruta: 21
Ingresos: 919.025
Costos: 349.404842449
Utilidad Ruta: 569.620157551
Costo Reducido: 80.0448856799
Nodos: [103, 10, 45, 1, 11, 46, 36, 35, 70, 33, 68, 713]
q: [0, 12.0, -12.0, 7.0, 6.0, -6.0, -7.0, 8.0, -8.0, 5.0, -5.0, 0]
Q: [0, 12.0, 0.0, 7.0, 13.0, 7.0, 0.0, 8.0, 0.0, 5.0, 0.0, 0]
B: [0.0, 96.0, 125.5195107344, 175.0, 193.6808285951, 197.73489544211, 232.05062478011, 270.0, 281.922738989, 437.0, 478.9526650524, 482.64754055775]
