Avion: 1      Iteracion: 50

Num Ruta: 46
Ingresos: 2124.475
Costos: 512.572662314
Utilidad Ruta: 1611.90233769
Costo Reducido: 109.819311993
Nodos: [101, 1, 36, 35, 70, 22, 57, 18, 53, 28, 31, 66, 63, 25, 60, 29, 27, 64, 62, 711]
q: [0, 7.0, -7.0, 8.0, -8.0, 10.0, -10.0, 10.0, -10.0, 6.0, 9.0, -9.0, -6.0, 10.0, -10.0, 9.0, 6.0, -9.0, -6.0, 0]
Q: [0, 7.0, 0.0, 8.0, 0.0, 10.0, 0.0, 10.0, 0.0, 6.0, 15.0, 6.0, 0.0, 10.0, 0.0, 9.0, 15.0, 6.0, 0.0, 0]
B: [0.0, 175.0, 209.2400855285, 270.0, 281.922738989, 299.64604976889996, 321.40073590779997, 334.8011725052, 358.61940875389996, 378.0, 406.0, 434.325479078, 462.7399107809, 466.07328939726, 483.25827170736, 549.0, 574.6018082369, 582.8182362320799, 598.26561380888, 612.38300496308]
