Avion: 5      Iteracion: 6

Num Ruta: 10
Ingresos: 2860.12
Costos: 704.943490943
Utilidad Ruta: 2155.17650906
Costo Reducido: 1474.99467303
Nodos: [105, 9, 44, 24, 59, 10, 45, 3, 38, 23, 58, 26, 61, 32, 67, 33, 8, 43, 13, 48, 68, 29, 4, 27, 39, 62, 64, 715]
q: [0.0, 11.0, -11.0, 11.0, -11.0, 12.0, -12.0, 13.0, -13.0, 10.0, -10.0, 10.0, -10.0, 11.0, -11.0, 5.0, 8.0, -8.0, 10.0, -10.0, -5.0, 9.0, 3.0, 3.0, -3.0, -3.0, -9.0, 0.0]
Q: [0.0, 11.0, 0.0, 11.0, 0.0, 12.0, 0.0, 13.0, 0.0, 10.0, 0.0, 10.0, 0.0, 11.0, 0.0, 5.0, 13.0, 5.0, 15.0, 5.0, 0.0, 9.0, 12.0, 15.0, 12.0, 9.0, 0.0, 0.0]
B: [0.0, 31.4915482312, 61.0187852337, 85.1590351288, 123.6719854313, 135.4579161116, 164.97742684600001, 256.0, 261.08428175852, 267.0, 306.733842905, 326.4202156791, 343.9994436485, 364.0506287506, 374.4522817923, 437.0, 450.76465480859997, 471.5330514246, 473.74372756550997, 490.62687851551, 495.97492881445, 549.0, 569.7100026316, 587.3247771689, 603.6755897481, 609.09084828302, 624.53822585982, 671.84916979462]
