Avion: 4      Iteracion: 24

Num Ruta: 19
Ingresos: 289.788
Costos: 317.944126881
Utilidad Ruta: -28.1561268814
Costo Reducido: 38.0752626227
Nodos: [104, 10, 45, 27, 62, 714]
q: [0, 12.0, -12.0, 6.0, -6.0, 0]
Q: [0, 12.0, 0.0, 6.0, 0.0, 0]
B: [0.0, 96.0, 125.5195107344, 538.0, 555.0308623681, 590.6193251756]
