Avion: 5      Iteracion: 11

Num Ruta: 14
Ingresos: 1255.225
Costos: 486.423680394
Utilidad Ruta: 768.801319606
Costo Reducido: 205.719442573
Nodos: [105, 9, 44, 14, 49, 3, 38, 35, 70, 32, 67, 34, 28, 69, 31, 63, 66, 715]
q: [0, 11.0, -11.0, 8.0, -8.0, 13.0, -13.0, 8.0, -8.0, 11.0, -11.0, 8.0, 6.0, -8.0, 9.0, -6.0, -9.0, 0]
Q: [0, 11.0, 0.0, 8.0, 0.0, 13.0, 0.0, 8.0, 0.0, 11.0, 0.0, 8.0, 14.0, 6.0, 15.0, 9.0, 0.0, 0]
B: [0.0, 31.4915482312, 61.0187852337, 112.0, 124.021711775, 256.0, 261.08428175852, 274.08526633661995, 286.00800532561993, 309.0, 319.4016530417, 346.1750898215, 378.0, 412.6152135628, 439.7359576713, 460.232837629, 488.6472693319, 502.4000130945]
