Avion: 1      Iteracion: 42

Num Ruta: 39
Ingresos: 2088.808
Costos: 419.989490514
Utilidad Ruta: 1668.81850949
Costo Reducido: 76.3007950548
Nodos: [101, 30, 65, 24, 59, 1, 36, 35, 70, 33, 13, 48, 68, 21, 4, 56, 27, 39, 62, 711]
q: [0.0, 11.0, -11.0, 11.0, -11.0, 7.0, -7.0, 8.0, -8.0, 5.0, 10.0, -10.0, -5.0, 12.0, 3.0, -12.0, 6.0, -3.0, -6.0, 0.0]
Q: [0.0, 11.0, 0.0, 11.0, 0.0, 7.0, 0.0, 8.0, 0.0, 5.0, 15.0, 5.0, 0.0, 12.0, 15.0, 3.0, 9.0, 6.0, 0.0, 0.0]
B: [0.0, 64.0, 82.7140226568, 107.4479935471, 145.9609438496, 175.0, 209.2400855285, 270.0, 281.922738989, 437.0, 462.372931896, 479.256082846, 484.60413314494, 495.48361052214, 529.0, 558.169797411, 571.3472456086, 587.6980581878, 593.11331672272, 607.2307078769201]
