Avion: 5      Iteracion: 93

Num Ruta: 61
Ingresos: 1082.252
Costos: 434.727352215
Utilidad Ruta: 647.524647785
Costo Reducido: 63.1447701353
Nodos: [105, 3, 38, 35, 70, 22, 57, 32, 67, 33, 8, 43, 68, 715]
q: [0, 13.0, -13.0, 8.0, -8.0, 10.0, -10.0, 11.0, -11.0, 5.0, 8.0, -8.0, -5.0, 0]
Q: [0, 13.0, 0.0, 8.0, 0.0, 10.0, 0.0, 11.0, 0.0, 5.0, 13.0, 5.0, 0.0, 0]
B: [0.0, 256.0, 261.08428175852, 274.08526633661995, 286.00800532561993, 303.7313161055199, 325.4860022444199, 359.48577955251994, 369.88743259421994, 437.0, 450.76465480859997, 471.5330514246, 493.4899324645, 537.250258903]
