Avion: 6      Iteracion: 0

Num Ruta: 1
Ingresos: 1072.363
Costos: 295.768141326
Utilidad Ruta: 776.594858674
Costo Reducido: -
Nodos: [106, 9, 44, 23, 58, 5, 40, 4, 39, 716]
q: [0, 11.0, -11.0, 10.0, -10.0, 9.0, -9.0, 3.0, -3.0, 0]
Q: [0, 11.0, 0.0, 10.0, 0.0, 9.0, 0.0, 3.0, 0.0, 0]
B: [0.0, 51.9831585901, 81.51039559259999, 267.0, 306.733842905, 469.0, 470.12168890518, 529.0, 549.4257496801999, 564.1028645192999]
