Avion: 2      Iteracion: 59

Num Ruta: 45
Ingresos: 1013.367
Costos: 479.708707486
Utilidad Ruta: 533.658292514
Costo Reducido: 20.0250726852
Nodos: [102, 16, 51, 24, 59, 10, 45, 35, 70, 32, 67, 26, 61, 13, 48, 712]
q: [0, 9.0, -9.0, 11.0, -11.0, 12.0, -12.0, 8.0, -8.0, 11.0, -11.0, 10.0, -10.0, 15.0, -15.0, 0]
Q: [0, 9.0, 0.0, 11.0, 0.0, 12.0, 0.0, 8.0, 0.0, 11.0, 0.0, 10.0, 0.0, 15.0, 0.0, 0]
B: [0.0, 36.0, 45.624091437640004, 70.85029051714, 109.36324081964, 121.14917149994, 150.66868223434, 270.0, 281.922738989, 309.0, 319.4016530417, 332.1221722921, 349.7014002615, 423.0, 439.88315095, 455.2736272259]
