Avion: 2      Iteracion: 92

Num Ruta: 61
Ingresos: 2016.786
Costos: 495.37796415
Utilidad Ruta: 1521.40803585
Costo Reducido: 80.2092452842
Nodos: [102, 16, 51, 10, 45, 26, 35, 70, 61, 34, 69, 8, 33, 43, 13, 48, 20, 68, 4, 39, 55, 2, 37, 712]
q: [0.0, 9.0, -9.0, 12.0, -12.0, 7.0, 8.0, -8.0, -7.0, 8.0, -8.0, 8.0, 5.0, -8.0, 0.0, 0.0, 0.0, -5.0, 3.0, -3.0, 0.0, 10.0, -10.0, 0.0]
Q: [0.0, 9.0, 0.0, 12.0, 0.0, 7.0, 15.0, 7.0, 0.0, 8.0, 0.0, 8.0, 13.0, 5.0, 5.0, 5.0, 5.0, 0.0, 3.0, 0.0, 0.0, 10.0, 0.0, 0.0]
B: [0.0, 36.0, 45.624091437640004, 96.0, 125.5195107344, 300.0, 325.9216408817, 337.8443798707, 358.5644656089, 373.4777117009, 409.9178419147, 414.0, 437.0, 460.2743670161, 462.48504315700995, 479.36819410700997, 496.0, 506.5907824546, 529.0, 549.4257496801999, 561.2869729308, 568.6172701962599, 609.35223224366, 613.46797871301]
