Avion: 6      Iteracion: 28

Num Ruta: 23
Ingresos: 6.57
Costos: 92.2865838877
Utilidad Ruta: -85.7165838878
Costo Reducido: 9.87231183442
Nodos: [106, 5, 40, 716]
q: [0, 9.0, -9.0, 0]
Q: [0, 9.0, 0.0, 0]
B: [0.0, 469.0, 470.12168890518, 476.84504297885]
