Avion: 1      Iteracion: 24

Num Ruta: 23
Ingresos: 2191.457
Costos: 564.655055173
Utilidad Ruta: 1626.80194483
Costo Reducido: 130.03832347
Nodos: [101, 10, 45, 1, 36, 35, 70, 34, 69, 28, 31, 63, 19, 66, 8, 54, 43, 27, 4, 62, 39, 711]
q: [0.0, 12.0, -12.0, 7.0, -7.0, 8.0, -8.0, 8.0, -8.0, 6.0, 9.0, -6.0, 6.0, -9.0, 8.0, -6.0, -8.0, 6.0, 3.0, -6.0, -3.0, 0.0]
Q: [0.0, 12.0, 0.0, 7.0, 0.0, 8.0, 0.0, 8.0, 0.0, 6.0, 15.0, 9.0, 15.0, 6.0, 14.0, 8.0, 0.0, 6.0, 9.0, 3.0, 0.0, 0.0]
B: [0.0, 96.0, 125.5195107344, 175.0, 209.2400855285, 270.0, 281.922738989, 322.0, 358.4401302138, 393.0553437766, 408.6715633255, 429.1684432832, 441.7042365569, 457.8054534053, 466.58829952714, 484.54525895794, 487.4733781495, 538.0, 555.6147745373, 571.701975195, 577.11723372992, 593.92626582582]
