Avion: 7      Iteracion: 115

Num Ruta: 63
Ingresos: 2160.169
Costos: 439.859745774
Utilidad Ruta: 1720.30925423
Costo Reducido: 43.2744809753
Nodos: [107, 9, 44, 14, 49, 3, 38, 23, 35, 70, 26, 34, 61, 58, 22, 57, 69, 8, 43, 21, 4, 56, 27, 39, 62, 717]
q: [0.0, 11.0, -11.0, 0.0, 0.0, 13.0, -13.0, 0.0, 8.0, -8.0, 7.0, 8.0, -7.0, 0.0, 7.0, -7.0, -8.0, 8.0, -8.0, 12.0, 3.0, -12.0, 6.0, -3.0, -6.0, 0.0]
Q: [0.0, 11.0, 0.0, 0.0, 0.0, 13.0, 0.0, 0.0, 8.0, 0.0, 7.0, 15.0, 8.0, 8.0, 15.0, 8.0, 0.0, 8.0, 0.0, 12.0, 15.0, 3.0, 9.0, 6.0, 0.0, 0.0]
B: [0.0, 46.0648734938, 75.5921104963, 112.0, 124.021711775, 256.0, 261.08428175852, 267.0, 277.4634044651, 289.38614345409997, 303.7370056233, 322.0, 336.913246092, 339.98031847458003, 355.73674246608005, 377.49142860498006, 388.08167893248003, 414.0, 434.768396616, 477.0, 529.0, 558.169797411, 571.3472456086, 587.6980581878, 593.11331672272, 616.55830503582]
