Avion: 3      Iteracion: 61

Num Ruta: 42
Ingresos: 604.338
Costos: 308.834406059
Utilidad Ruta: 295.503593941
Costo Reducido: 26.6313301397
Nodos: [103, 24, 59, 34, 69, 13, 48, 713]
q: [0, 11.0, -11.0, 8.0, -8.0, 15.0, -15.0, 0]
Q: [0, 11.0, 0.0, 8.0, 0.0, 15.0, 0.0, 0]
B: [0.0, 61.0, 99.5129503025, 322.0, 358.4401302138, 423.0, 439.88315095, 442.65763919110003]
