Avion: 6      Iteracion: 69

Num Ruta: 44
Ingresos: 710.147
Costos: 230.903306412
Utilidad Ruta: 479.243693588
Costo Reducido: 17.2772917482
Nodos: [106, 1, 36, 33, 13, 48, 68, 716]
q: [0.0, 7.0, -7.0, 5.0, 10.0, -10.0, -5.0, 0.0]
Q: [0.0, 7.0, 0.0, 5.0, 15.0, 5.0, 0.0, 0.0]
B: [0.0, 175.0, 209.2400855285, 437.0, 462.372931896, 479.256082846, 484.60413314494, 508.49657707604]
