Avion: 1      Iteracion: 47

Num Ruta: 43
Ingresos: 2291.521
Costos: 507.300318303
Utilidad Ruta: 1784.2206817
Costo Reducido: 102.365304141
Nodos: [101, 30, 65, 24, 59, 1, 36, 35, 70, 34, 22, 69, 57, 19, 8, 33, 54, 43, 13, 48, 68, 29, 4, 27, 64, 39, 62, 711]
q: [0.0, 11.0, -11.0, 0.0, 0.0, 7.0, -7.0, 8.0, -8.0, 8.0, 7.0, -8.0, -7.0, 7.0, 0.0, 5.0, -7.0, 0.0, 10.0, -10.0, -5.0, 9.0, 3.0, 3.0, -9.0, -3.0, -3.0, 0.0]
Q: [0.0, 11.0, 0.0, 0.0, 0.0, 7.0, 0.0, 8.0, 0.0, 8.0, 15.0, 7.0, 0.0, 7.0, 7.0, 12.0, 5.0, 5.0, 15.0, 5.0, 0.0, 9.0, 12.0, 15.0, 6.0, 3.0, 0.0, 0.0]
B: [0.0, 64.0, 82.7140226568, 107.4479935471, 145.9609438496, 175.0, 209.2400855285, 270.0, 281.922738989, 322.0, 350.0636833826, 364.6328500369, 375.22310036439995, 402.0, 425.1608815463, 438.92553635490003, 460.4739301233, 463.40204931486, 465.61272545577, 482.49587640577, 487.84392670471, 549.0, 569.7100026316, 587.3247771689, 595.54120516408, 607.76027620078, 613.1755347357, 627.2929258899001]
