Avion: 3      Iteracion: 35

Num Ruta: 26
Ingresos: 208.826
Costos: 153.764991382
Utilidad Ruta: 55.0610086177
Costo Reducido: 28.6105768694
Nodos: [103, 11, 46, 18, 53, 713]
q: [0, 6.0, -6.0, 10.0, -10.0, 0]
Q: [0, 6.0, 0.0, 10.0, 0.0, 0]
B: [0.0, 169.0, 173.05406684701, 293.0, 316.8182362487, 323.0506856067]
