Avion: 5      Iteracion: 36

Num Ruta: 37
Ingresos: 472.604
Costos: 214.316346502
Utilidad Ruta: 258.287653498
Costo Reducido: 19.7920401164
Nodos: [105, 18, 53, 28, 63, 715]
q: [0, 10.0, -10.0, 6.0, -6.0, 0]
Q: [0, 10.0, 0.0, 6.0, 0.0, 0]
B: [0.0, 293.0, 316.8182362487, 378.0, 414.0266187839, 451.2632406769]
