Avion: 6      Iteracion: 19

Num Ruta: 16
Ingresos: 36.368
Costos: 100.019428578
Utilidad Ruta: -63.6514285781
Costo Reducido: 52.6192331139
Nodos: [106, 6, 41, 716]
q: [0, 4.0, -4.0, 0]
Q: [0, 4.0, 0.0, 0]
B: [0.0, 436.0, 439.69228939819, 462.64440869029]
