Avion: 5      Iteracion: 60

Num Ruta: 51
Ingresos: 422.936
Costos: 250.364822468
Utilidad Ruta: 172.571177532
Costo Reducido: 5.07377078527
Nodos: [105, 18, 53, 34, 69, 715]
q: [0, 10.0, -10.0, 8.0, -8.0, 0]
Q: [0, 10.0, 0.0, 8.0, 0.0, 0]
B: [0.0, 293.0, 316.8182362487, 340.28894720939996, 376.72907742319995, 395.2634556701]
