Avion: 3      Iteracion: 90

Num Ruta: 49
Ingresos: 508.756
Costos: 283.663063514
Utilidad Ruta: 225.092936486
Costo Reducido: 3.76307622065
Nodos: [103, 18, 53, 32, 67, 33, 68, 713]
q: [0, 10.0, -10.0, 11.0, -11.0, 5.0, -5.0, 0]
Q: [0, 10.0, 0.0, 11.0, 0.0, 5.0, 0.0, 0]
B: [0.0, 293.0, 316.8182362487, 348.1029144475, 358.5045674892, 437.0, 478.9526650524, 482.64754055775]
