Avion: 5      Iteracion: 16

Num Ruta: 19
Ingresos: 1231.215
Costos: 406.758604278
Utilidad Ruta: 824.456395722
Costo Reducido: 200.683261061
Nodos: [105, 10, 45, 26, 61, 18, 53, 31, 66, 19, 54, 715]
q: [0, 12.0, -12.0, 10.0, -10.0, 10.0, -10.0, 9.0, -9.0, 7.0, -7.0, 0]
Q: [0, 12.0, 0.0, 10.0, 0.0, 10.0, 0.0, 9.0, 0.0, 7.0, 0.0, 0]
B: [0.0, 96.0, 125.5195107344, 300.0, 317.5792279694, 340.8578987218, 364.67613497049996, 406.0, 434.325479078, 450.4266959264, 477.0538122179, 512.7354959926]
