Avion: 7      Iteracion: 0

Num Ruta: 1
Ingresos: 1794.865
Costos: 487.382789969
Utilidad Ruta: 1307.48221003
Costo Reducido: -
Nodos: [107, 24, 59, 11, 46, 22, 57, 8, 43, 31, 66, 21, 56, 717]
q: [0, 11.0, -11.0, 6.0, -6.0, 10.0, -10.0, 8.0, -8.0, 9.0, -9.0, 12.0, -12.0, 0]
Q: [0, 11.0, 0.0, 6.0, 0.0, 10.0, 0.0, 8.0, 0.0, 9.0, 0.0, 12.0, 0.0, 0]
B: [0.0, 61.0, 99.5129503025, 169.0, 173.05406684701, 299.0, 320.7546861389, 414.0, 434.768396616, 451.8810179523, 480.2064970303, 503.6723357112, 544.4111263904, 588.0273973566]
