Avion: 3      Iteracion: 83

Num Ruta: 46
Ingresos: 660.04
Costos: 250.326464717
Utilidad Ruta: 409.713535283
Costo Reducido: 26.3186336254
Nodos: [103, 22, 57, 18, 53, 13, 48, 713]
q: [0, 10.0, -10.0, 10.0, -10.0, 15.0, -15.0, 0]
Q: [0, 10.0, 0.0, 10.0, 0.0, 15.0, 0.0, 0]
B: [0.0, 299.0, 320.7546861389, 334.15512273630003, 357.973358985, 423.0, 439.88315095, 442.65763919110003]
