Avion: 1      Iteracion: 66

Num Ruta: 59
Ingresos: 2640.39
Costos: 415.758744074
Utilidad Ruta: 2224.63125593
Costo Reducido: 46.4295050157
Nodos: [101, 30, 65, 24, 59, 1, 36, 23, 35, 70, 34, 58, 22, 69, 57, 31, 19, 66, 8, 54, 43, 711]
q: [0.0, 11.0, -11.0, 11.0, -11.0, 7.0, -7.0, 7.0, 8.0, -8.0, 8.0, -7.0, 7.0, -8.0, -7.0, 9.0, 6.0, -9.0, 8.0, -6.0, -8.0, 0.0]
Q: [0.0, 11.0, 0.0, 11.0, 0.0, 7.0, 0.0, 7.0, 15.0, 7.0, 15.0, 8.0, 15.0, 7.0, 0.0, 9.0, 15.0, 6.0, 14.0, 8.0, 0.0, 0.0]
B: [0.0, 64.0, 82.7140226568, 107.4479935471, 145.9609438496, 175.0, 209.2400855285, 267.0, 277.4634044651, 289.38614345409997, 322.0, 336.2589470158, 352.0153710073, 366.5845376616, 377.17478798909997, 409.76952138269996, 431.19452595679996, 447.29574280519995, 456.07858892703996, 474.03554835783996, 476.96366754939993, 482.67279883182994]
