Avion: 1      Iteracion: 5

Num Ruta: 6
Ingresos: 649.288
Costos: 281.231137524
Utilidad Ruta: 368.056862476
Costo Reducido: 479.858938346
Nodos: [101, 17, 52, 8, 43, 711]
q: [0, 5.0, -5.0, 8.0, -8.0, 0]
Q: [0, 5.0, 0.0, 8.0, 0.0, 0]
B: [0.0, 24.0, 58.8425537813, 414.0, 434.768396616, 440.47752789843]
