Avion: 3      Iteracion: 0

Num Ruta: 1
Ingresos: 1285.307
Costos: 394.093222132
Utilidad Ruta: 891.213777868
Costo Reducido: -
Nodos: [103, 17, 16, 51, 52, 25, 60, 19, 54, 33, 68, 713]
q: [0, 5.0, 9.0, -9.0, -5.0, 10.0, -10.0, 7.0, -7.0, 5.0, -5.0, 0]
Q: [0, 5.0, 14.0, 5.0, 0.0, 10.0, 0.0, 7.0, 0.0, 5.0, 0.0, 0]
B: [0.0, 39.7453305433, 74.54680752350001, 84.17089896114001, 98.81866773324, 410.0, 427.1849823101, 443.8578739909, 470.48499028239996, 492.03338405079995, 533.9860491032, 537.68092460855]
