Avion: 6      Iteracion: 93

Num Ruta: 59
Ingresos: 1935.148
Costos: 386.262730492
Utilidad Ruta: 1548.88526951
Costo Reducido: 8.79423225872
Nodos: [106, 24, 9, 44, 59, 22, 57, 8, 33, 5, 40, 43, 68, 21, 56, 27, 62, 716]
q: [0.0, 11.0, 4.0, -4.0, -11.0, 10.0, -10.0, 8.0, 5.0, 2.0, -2.0, -8.0, -5.0, 12.0, -12.0, 6.0, -6.0, 0.0]
Q: [0.0, 11.0, 15.0, 11.0, 0.0, 10.0, 0.0, 8.0, 13.0, 15.0, 13.0, 5.0, 0.0, 12.0, 0.0, 6.0, 0.0, 0.0]
B: [0.0, 61.0, 67.43687703782, 96.96411404032, 122.01967745441999, 299.0, 320.7546861389, 414.0, 437.0, 469.0, 470.12168890518, 480.59966590458, 502.55654694448, 513.43602432168, 554.1748150008799, 567.3522631984799, 584.3831255665799, 594.08879591952]
