Avion: 4      Iteracion: 23

Num Ruta: 18
Ingresos: 441.252
Costos: 338.481807355
Utilidad Ruta: 102.770192645
Costo Reducido: 25.0283413613
Nodos: [104, 10, 45, 34, 69, 714]
q: [0, 12.0, -12.0, 8.0, -8.0, 0]
Q: [0, 12.0, 0.0, 8.0, 0.0, 0]
B: [0.0, 96.0, 125.5195107344, 322.0, 358.4401302138, 399.4886574468]
