Avion: 5      Iteracion: 10

Num Ruta: 13
Ingresos: 2165.695
Costos: 566.310357101
Utilidad Ruta: 1599.3846429
Costo Reducido: 370.726213226
Nodos: [105, 9, 44, 24, 59, 14, 49, 35, 70, 26, 61, 18, 53, 28, 13, 48, 63, 15, 21, 50, 4, 39, 56, 715]
q: [0.0, 11.0, -11.0, 11.0, -11.0, 8.0, -8.0, 8.0, -8.0, 10.0, -10.0, 10.0, -10.0, 6.0, 9.0, -9.0, -6.0, 0.0, 12.0, 0.0, 3.0, -3.0, -12.0, 0.0]
Q: [0.0, 11.0, 0.0, 11.0, 0.0, 8.0, 0.0, 8.0, 0.0, 10.0, 0.0, 10.0, 0.0, 6.0, 15.0, 6.0, 0.0, 0.0, 12.0, 12.0, 15.0, 12.0, 0.0, 0.0]
B: [0.0, 31.4915482312, 61.0187852337, 85.1590351288, 123.6719854313, 152.31835473, 164.340066505, 270.0, 281.922738989, 300.0, 317.5792279694, 340.8578987218, 364.67613497049996, 378.0, 423.0, 439.88315095, 462.92158097460003, 511.0, 516.67223351071, 527.47150163401, 533.0461809073, 553.4719305875001, 570.2748750021001, 623.6066194326]
