Avion: 2      Iteracion: 21

Num Ruta: 16
Ingresos: 389.643
Costos: 389.311563376
Utilidad Ruta: 0.33143662403
Costo Reducido: 61.9002578466
Nodos: [102, 16, 51, 10, 45, 13, 48, 712]
q: [0, 9.0, -9.0, 12.0, -12.0, 15.0, -15.0, 0]
Q: [0, 9.0, 0.0, 12.0, 0.0, 15.0, 0.0, 0]
B: [0.0, 36.0, 45.624091437640004, 96.0, 125.5195107344, 423.0, 439.88315095, 455.2736272259]
