Avion: 4      Iteracion: 33

Num Ruta: 26
Ingresos: 490.757
Costos: 271.368929675
Utilidad Ruta: 219.388070325
Costo Reducido: 6.86626704225
Nodos: [104, 18, 53, 29, 64, 714]
q: [0, 10.0, -10.0, 9.0, -9.0, 0]
Q: [0, 10.0, 0.0, 9.0, 0.0, 0]
B: [0.0, 293.0, 316.8182362487, 549.0, 582.7797797802, 609.550209829]
