Avion: 6      Iteracion: 59

Num Ruta: 39
Ingresos: 1645.348
Costos: 383.96309162
Utilidad Ruta: 1261.38490838
Costo Reducido: 76.1359142018
Nodos: [106, 17, 52, 16, 51, 35, 70, 32, 67, 26, 34, 61, 69, 8, 43, 13, 48, 4, 27, 39, 62, 716]
q: [0.0, 5.0, -5.0, 9.0, -9.0, 8.0, -8.0, 11.0, -11.0, 7.0, 8.0, -7.0, -8.0, 8.0, -8.0, 15.0, -15.0, 3.0, 6.0, -3.0, -6.0, 0.0]
Q: [0.0, 5.0, 0.0, 9.0, 0.0, 8.0, 0.0, 11.0, 0.0, 7.0, 15.0, 8.0, 0.0, 8.0, 0.0, 15.0, 0.0, 3.0, 9.0, 6.0, 0.0, 0.0]
B: [0.0, 24.0, 58.8425537813, 64.17419311644, 73.79828455408, 270.0, 281.922738989, 309.0, 319.4016530417, 332.1221722921, 348.0493993263, 362.9626454183, 387.9493993691, 414.0, 434.768396616, 436.97907275691, 453.86222370691, 529.0, 546.6147745373, 562.9655871165, 568.38084565142, 578.0865160043601]
