Avion: 5      Iteracion: 2

Num Ruta: 6
Ingresos: 1948.536
Costos: 628.577471112
Utilidad Ruta: 1319.95852889
Costo Reducido: 1150.45703066
Nodos: [105, 30, 65, 16, 51, 14, 49, 11, 46, 1, 36, 35, 70, 32, 67, 26, 61, 34, 28, 69, 25, 63, 60, 13, 48, 715]
q: [0.0, 11.0, -11.0, 9.0, -9.0, 8.0, -8.0, 6.0, -6.0, 7.0, -7.0, 8.0, -8.0, 11.0, -11.0, 10.0, -10.0, 8.0, 6.0, -8.0, 9.0, -6.0, -9.0, 15.0, -15.0, 0.0]
Q: [0.0, 11.0, 0.0, 9.0, 0.0, 8.0, 0.0, 6.0, 0.0, 7.0, 0.0, 8.0, 0.0, 11.0, 0.0, 10.0, 0.0, 8.0, 14.0, 6.0, 15.0, 9.0, 0.0, 15.0, 0.0, 0.0]
B: [0.0, 64.0, 82.7140226568, 93.53069441849999, 103.15478585614, 129.94109036054, 141.96280213554, 171.41123124473998, 175.46529809175, 198.13474962905, 232.37483515755, 270.0, 281.922738989, 309.0, 319.4016530417, 332.1221722921, 349.7014002615, 364.6146463535, 380.64753417820003, 415.26274774100006, 444.58158216530006, 447.91496078166006, 465.22104953676006, 481.22211000166004, 498.10526095166006, 544.19419133626]
