Avion: 4      Iteracion: 62

Num Ruta: 36
Ingresos: 1919.751
Costos: 484.684230611
Utilidad Ruta: 1435.06676939
Costo Reducido: 64.7307505039
Nodos: [104, 17, 52, 9, 44, 14, 49, 1, 36, 35, 70, 32, 67, 26, 34, 61, 69, 33, 13, 68, 48, 714]
q: [0.0, 5.0, -5.0, 11.0, -11.0, 8.0, -8.0, 7.0, -7.0, 8.0, -8.0, 11.0, -11.0, 7.0, 8.0, -7.0, -8.0, 5.0, 10.0, -5.0, -10.0, 0.0]
Q: [0.0, 5.0, 0.0, 11.0, 0.0, 8.0, 0.0, 7.0, 0.0, 8.0, 0.0, 11.0, 0.0, 7.0, 15.0, 8.0, 0.0, 5.0, 15.0, 10.0, 0.0, 0.0]
B: [0.0, 24.0, 58.8425537813, 81.72911018459999, 111.25634718709999, 121.5131539026, 133.5348656776, 175.0, 209.2400855285, 270.0, 281.922738989, 309.0, 319.4016530417, 332.1221722921, 348.0493993263, 362.9626454183, 387.9493993691, 437.0, 462.372931896, 482.3437615232, 487.69181182214, 499.37111252894]
