Avion: 3      Iteracion: 4

Num Ruta: 6
Ingresos: 1799.522
Costos: 516.484273906
Utilidad Ruta: 1283.03772609
Costo Reducido: 1011.47061071
Nodos: [103, 9, 44, 24, 59, 22, 57, 18, 53, 34, 69, 19, 54, 5, 33, 40, 68, 713]
q: [0, 11.0, -11.0, 11.0, -11.0, 10.0, -10.0, 10.0, -10.0, 8.0, -8.0, 7.0, -7.0, 9.0, 5.0, -9.0, -5.0, 0]
Q: [0, 11.0, 0.0, 11.0, 0.0, 10.0, 0.0, 10.0, 0.0, 8.0, 0.0, 7.0, 0.0, 9.0, 14.0, 5.0, 0.0, 0]
B: [0.0, 37.2069129329, 66.73414993540001, 90.87439983050001, 129.387350133, 299.0, 320.7546861389, 334.15512273630003, 357.973358985, 381.4440699457, 417.8842001595, 438.4240164196, 465.05113271109997, 472.90144595325995, 486.59961312995995, 499.88979183455996, 528.9021664529599, 532.5970419583099]
