Avion: 7      Iteracion: 32

Num Ruta: 33
Ingresos: 465.641
Costos: 293.943785928
Utilidad Ruta: 171.697214072
Costo Reducido: 11.1356774466
Nodos: [107, 3, 38, 13, 48, 31, 66, 717]
q: [0, 13.0, -13.0, 15.0, -15.0, 9.0, -9.0, 0]
Q: [0, 13.0, 0.0, 15.0, 0.0, 9.0, 0.0, 0]
B: [0.0, 256.0, 261.08428175852, 423.0, 439.88315095, 444.3406643824, 472.6661434604, 476.30086545802]
