Avion: 7      Iteracion: 56

Num Ruta: 45
Ingresos: 790.009
Costos: 250.412420753
Utilidad Ruta: 539.596579247
Costo Reducido: 12.3127448277
Nodos: [107, 1, 36, 3, 38, 22, 57, 717]
q: [0, 7.0, -7.0, 13.0, -13.0, 10.0, -10.0, 0]
Q: [0, 7.0, 0.0, 13.0, 0.0, 10.0, 0.0, 0]
B: [0.0, 175.0, 209.2400855285, 256.0, 261.08428175852, 299.0, 320.7546861389, 322.72147489217]
