Avion: 1      Iteracion: 20

Num Ruta: 19
Ingresos: 2921.648
Costos: 680.137954596
Utilidad Ruta: 2241.5100454
Costo Reducido: 220.749763537
Nodos: [101, 9, 44, 30, 65, 10, 45, 1, 36, 35, 70, 18, 53, 28, 31, 63, 19, 66, 8, 5, 40, 54, 43, 21, 4, 56, 27, 39, 62, 711]
q: [0.0, 11.0, -11.0, 11.0, -11.0, 12.0, -12.0, 7.0, -7.0, 8.0, -8.0, 10.0, -10.0, 6.0, 8.0, -6.0, 7.0, -8.0, 0.0, 8.0, -8.0, -7.0, 0.0, 12.0, 3.0, -12.0, 6.0, -3.0, -6.0, 0.0]
Q: [0.0, 11.0, 0.0, 11.0, 0.0, 12.0, 0.0, 7.0, 0.0, 8.0, 0.0, 10.0, 0.0, 6.0, 14.0, 8.0, 15.0, 7.0, 7.0, 15.0, 7.0, 0.0, 0.0, 12.0, 15.0, 3.0, 9.0, 6.0, 0.0, 0.0]
B: [0.0, 44.6232980628, 74.1505350653, 89.9384354007, 108.6524580575, 127.3455083436, 156.865019078, 195.2843602488, 229.5244457773, 270.0, 281.922738989, 302.3408921131, 326.15912836179996, 378.0, 406.0, 426.4968799577, 439.0326732314, 455.1338900798, 463.91673620164, 476.84510539504, 477.96679430022, 486.3227303938, 489.25084958535996, 514.21502129206, 529.16280965686, 558.33260706786, 571.51005526546, 587.86086784466, 593.27612637958, 607.39351753378]
