Avion: 6      Iteracion: 12

Num Ruta: 12
Ingresos: 1992.789
Costos: 393.385097794
Utilidad Ruta: 1599.40390221
Costo Reducido: 288.37290612
Nodos: [106, 30, 16, 51, 65, 24, 59, 11, 46, 31, 19, 66, 8, 5, 40, 54, 43, 6, 41, 27, 62, 2, 37, 716]
q: [0.0, 11.0, 4.0, -4.0, -11.0, 11.0, -11.0, 6.0, -6.0, 9.0, 6.0, -9.0, 8.0, 1.0, -1.0, -6.0, -8.0, 4.0, -4.0, 6.0, -6.0, 10.0, -10.0, 0.0]
Q: [0.0, 11.0, 15.0, 11.0, 0.0, 11.0, 0.0, 6.0, 0.0, 9.0, 15.0, 6.0, 14.0, 15.0, 14.0, 8.0, 0.0, 4.0, 0.0, 6.0, 0.0, 10.0, 0.0, 0.0]
B: [0.0, 64.0, 72.20259129788, 81.82668273552001, 84.69783929691, 109.43181018721, 147.94476048971, 169.0, 173.05406684701, 406.0, 427.4250045741, 443.5262214225, 452.30906754434, 469.0, 470.12168890518, 478.47762499876, 481.40574419032, 490.59641581974995, 494.28870521793993, 538.0, 555.0308623681, 566.4829354555, 607.2178975029, 627.6435349715]
