Avion: 4      Iteracion: 119

Num Ruta: 70
Ingresos: 1818.066
Costos: 411.732979385
Utilidad Ruta: 1406.33302062
Costo Reducido: 5.8162690021
Nodos: [104, 17, 52, 9, 44, 11, 46, 25, 60, 31, 33, 66, 21, 68, 56, 29, 64, 714]
q: [0.0, 0.0, 0.0, 11.0, -11.0, 6.0, -6.0, 10.0, -10.0, 9.0, 5.0, -9.0, 10.0, -5.0, -10.0, 9.0, -9.0, 0.0]
Q: [0.0, 0.0, 0.0, 11.0, 0.0, 6.0, 0.0, 10.0, 0.0, 9.0, 14.0, 5.0, 15.0, 10.0, 0.0, 9.0, 0.0, 0.0]
B: [0.0, 24.0, 58.8425537813, 81.72911018459999, 111.25634718709999, 169.0, 173.05406684701, 410.0, 427.1849823101, 432.00662891681, 469.50789920201, 491.90606064441, 515.37189932531, 526.25137670251, 561.10341552381, 599.5567120015099, 633.3364917817099, 660.1069218305099]
