Avion: 7      Iteracion: 44

Num Ruta: 40
Ingresos: 445.215
Costos: 295.761923179
Utilidad Ruta: 149.453076821
Costo Reducido: 8.06559931415
Nodos: [107, 11, 46, 29, 64, 27, 62, 717]
q: [0, 6.0, -6.0, 9.0, -9.0, 6.0, -6.0, 0]
Q: [0, 6.0, 0.0, 9.0, 0.0, 6.0, 0.0, 0]
B: [0.0, 169.0, 173.05406684701, 549.0, 582.7797797802, 590.99620777538, 608.0270701434799, 631.4720584565799]
