Avion: 6      Iteracion: 44

Num Ruta: 38
Ingresos: 18000.0
Costos: 98.31590993
Utilidad Ruta: 17901.6840901
Costo Reducido: 0.662867688963
Nodos: [106, 8, 19, 48, 59, 816]
q: [0, 8.0, 7.0, -8.0, -7.0, 0]
Q: [0, 8.0, 15.0, 7.0, 0.0, 0]
B: [0.0, 414.0, 437.1608815463, 466.0513395558, 468.97945874735996, 490.62626647965993]
