Avion: 2      Iteracion: 47

Num Ruta: 44
Ingresos: 39600.0
Costos: 105.435133009
Utilidad Ruta: 39494.564867
Costo Reducido: 6.16703133582
Nodos: [102, 11, 51, 25, 65, 7, 4, 47, 44, 812]
q: [0, 8.0, -8.0, 10.0, -10.0, 10.0, 5.0, -10.0, -5.0, 0]
Q: [0, 8.0, 0.0, 10.0, 0.0, 10.0, 15.0, 5.0, 0.0, 0]
B: [0.0, 169.0, 173.05406684701, 410.0, 427.1849823101, 517.0, 529.0, 548.2723609867, 549.43273506431, 567.9826349562101]
