Avion: 4      Iteracion: 18

Num Ruta: 20
Ingresos: 111600.0
Costos: 445.657657938
Utilidad Ruta: 111154.342342
Costo Reducido: 253.48423969
Nodos: [104, 17, 57, 30, 16, 70, 56, 10, 50, 35, 75, 34, 74, 39, 6, 46, 79, 32, 72, 20, 4, 60, 2, 44, 42, 814]
q: [0.0, 5.0, -5.0, 11.0, 4.0, -11.0, -4.0, 12.0, -12.0, 6.0, -6.0, 12.0, -12.0, 8.0, 5.0, -5.0, -8.0, 6.0, -6.0, 10.0, 5.0, -10.0, 9.0, -5.0, -9.0, 0.0]
Q: [0.0, 5.0, 0.0, 11.0, 15.0, 4.0, 0.0, 12.0, 0.0, 6.0, 0.0, 12.0, 0.0, 8.0, 13.0, 8.0, 0.0, 6.0, 0.0, 10.0, 15.0, 5.0, 14.0, 9.0, 0.0, 0.0]
B: [0.0, 24.0, 58.8425537813, 64.0, 72.20259129788, 83.01926305958, 85.89041962097, 101.71969683127, 131.23920756567, 279.0, 298.9128833924, 340.34711220139997, 381.29471023839994, 390.63136199370996, 436.0, 439.69228939819, 449.87740525418997, 475.48924665618995, 503.34660247108997, 519.30567493789, 529.58482597289, 561.68114908009, 569.01144634555, 578.46591285615, 611.65912363785, 620.45676428748]
