Avion: 2      Iteracion: 4

Num Ruta: 6
Ingresos: 169200.0
Costos: 486.413769521
Utilidad Ruta: 168713.58623
Costo Reducido: 133192.586854
Nodos: [102, 40, 80, 10, 50, 31, 71, 36, 76, 3, 43, 26, 66, 28, 39, 68, 25, 65, 79, 13, 53, 5, 45, 7, 4, 47, 44, 812]
q: [0.0, 15.0, -15.0, 12.0, -12.0, 6.0, -6.0, 15.0, -15.0, 15.0, -15.0, 13.0, -13.0, 8.0, 5.0, -8.0, 10.0, -10.0, -5.0, 15.0, -15.0, 12.0, -12.0, 10.0, 5.0, -10.0, -5.0, 0.0]
Q: [0.0, 15.0, 0.0, 12.0, 0.0, 6.0, 0.0, 15.0, 0.0, 15.0, 0.0, 13.0, 0.0, 8.0, 13.0, 5.0, 15.0, 5.0, 0.0, 15.0, 0.0, 12.0, 0.0, 10.0, 15.0, 5.0, 0.0, 0.0]
B: [0.0, 62.0, 94.5694417821, 111.75013586, 141.2696465944, 180.8778009316, 194.1834149347, 251.0, 257.94814406874, 294.92818141324, 300.01246317176, 337.68753453206, 355.26676250146, 378.0, 389.3210123222, 420.750419714, 424.08379833035997, 441.26878064045997, 460.17589178945997, 463.40782557590995, 480.29097652590997, 507.55525962671, 508.67694853189, 530.39535514929, 540.75872844179, 560.0310894284901, 561.1914635061, 579.7413633980001]
