Avion: 5      Iteracion: 33

Num Ruta: 31
Ingresos: 78000.0
Costos: 305.150860693
Utilidad Ruta: 77694.8491393
Costo Reducido: 0.433415880892
Nodos: [105, 17, 57, 16, 56, 24, 64, 1, 41, 23, 63, 22, 62, 8, 48, 815]
q: [0, 5.0, -5.0, 11.0, -11.0, 14.0, -14.0, 7.0, -7.0, 10.0, -10.0, 10.0, -10.0, 8.0, -8.0, 0]
Q: [0, 5.0, 0.0, 11.0, 0.0, 14.0, 0.0, 7.0, 0.0, 10.0, 0.0, 10.0, 0.0, 8.0, 0.0, 0]
B: [0.0, 24.8000597782, 59.6426135595, 64.97425289464, 74.59834433228, 99.82454341178001, 138.33749371428001, 175.0, 209.2400855285, 267.0, 306.733842905, 322.49026689650003, 344.24495303540004, 414.0, 434.768396616, 449.29029518330003]
