Avion: 6      Iteracion: 5

Num Ruta: 9
Ingresos: 163200.0
Costos: 562.19112367
Utilidad Ruta: 162637.808876
Costo Reducido: 296115.657019
Nodos: [106, 16, 56, 30, 70, 24, 64, 1, 41, 36, 76, 34, 74, 22, 62, 13, 53, 6, 46, 5, 45, 21, 61, 27, 4, 44, 67, 816]
q: [0, 11.0, -11.0, 11.0, -11.0, 14.0, -14.0, 7.0, -7.0, 15.0, -15.0, 12.0, -12.0, 10.0, -10.0, 15.0, -15.0, 5.0, -5.0, 12.0, -12.0, 13.0, -13.0, 6.0, 5.0, -5.0, -6.0, 0]
Q: [0, 11.0, 0.0, 11.0, 0.0, 14.0, 0.0, 7.0, 0.0, 15.0, 0.0, 12.0, 0.0, 10.0, 0.0, 15.0, 0.0, 5.0, 0.0, 12.0, 0.0, 13.0, 0.0, 6.0, 11.0, 6.0, 0.0, 0]
B: [0.0, 36.0, 45.624091437640004, 64.0, 82.7140226568, 107.4479935471, 145.9609438496, 175.0, 209.2400855285, 251.0, 257.94814406874, 283.0, 323.947598037, 353.69889745399996, 375.4535835929, 423.0, 439.88315095, 464.1060995732, 467.79838897139, 486.18724918619, 487.30893809137, 515.54852847437, 556.2873191535699, 569.4647673511699, 587.07954188847, 607.5052915686699, 612.9205501035899, 643.9892083301899]
