Avion: 2      Iteracion: 27

Num Ruta: 28
Ingresos: 99600.0
Costos: 330.926265942
Utilidad Ruta: 99269.0737341
Costo Reducido: 41.2659412596
Nodos: [102, 31, 11, 71, 51, 1, 41, 3, 43, 23, 63, 28, 39, 68, 19, 59, 79, 38, 21, 78, 61, 812]
q: [0.0, 6.0, 8.0, -6.0, -8.0, 7.0, -7.0, 15.0, -15.0, 10.0, -10.0, 7.0, 8.0, -7.0, 7.0, -7.0, -8.0, 8.0, 7.0, -8.0, -7.0, 0.0]
Q: [0.0, 6.0, 14.0, 8.0, 0.0, 7.0, 0.0, 15.0, 0.0, 10.0, 0.0, 7.0, 15.0, 8.0, 15.0, 8.0, 0.0, 8.0, 15.0, 7.0, 0.0, 0.0]
B: [0.0, 130.0, 169.0, 169.478878899097, 173.173257466597, 195.842709003897, 230.082794532397, 256.0, 261.08428175852, 267.0, 306.733842905, 378.0, 389.3210123222, 420.750419714, 433.28621298769997, 459.91332927919996, 466.22853133455993, 486.49238499075994, 493.31529793172996, 531.82703640193, 538.896964973, 569.3687819355999]
