Avion: 3      Iteracion: 23

Num Ruta: 24
Ingresos: 112800.0
Costos: 302.715429974
Utilidad Ruta: 112497.28457
Costo Reducido: 185.325825242
Nodos: [103, 9, 49, 14, 54, 3, 43, 23, 26, 63, 66, 13, 53, 20, 21, 60, 33, 61, 27, 73, 67, 813]
q: [0.0, 11.0, -11.0, 8.0, -8.0, 15.0, -15.0, 10.0, 5.0, -10.0, -5.0, 15.0, -15.0, 10.0, 5.0, -10.0, 9.0, -5.0, 6.0, -9.0, -6.0, 0.0]
Q: [0.0, 11.0, 0.0, 8.0, 0.0, 15.0, 0.0, 10.0, 15.0, 5.0, 0.0, 15.0, 0.0, 10.0, 15.0, 5.0, 14.0, 9.0, 15.0, 6.0, 0.0, 0.0]
B: [0.0, 28.0, 57.5272370025, 112.0, 124.021711775, 256.0, 261.08428175852, 267.0, 301.4413435423, 321.1277163164, 324.19478869898, 423.0, 439.88315095, 496.0, 500.74940638396, 547.67021805636, 562.0, 572.1555449386, 585.3329931362, 592.55174649118, 613.11853877878, 635.51645254328]
