Avion: 7      Iteracion: 11

Num Ruta: 13
Ingresos: 86400.0
Costos: 278.466109543
Utilidad Ruta: 86121.5338905
Costo Reducido: 302447.082521
Nodos: [107, 16, 56, 17, 57, 3, 43, 19, 59, 8, 48, 13, 53, 15, 55, 817]
q: [0, 11.0, -11.0, 5.0, -5.0, 15.0, -15.0, 7.0, -7.0, 8.0, -8.0, 15.0, -15.0, 11.0, -11.0, 0]
Q: [0, 11.0, 0.0, 5.0, 0.0, 15.0, 0.0, 7.0, 0.0, 8.0, 0.0, 15.0, 0.0, 11.0, 0.0, 0]
B: [0.0, 36.0, 45.624091437640004, 78.34191948294, 113.18447326424, 256.0, 261.08428175852, 402.0, 428.6271162915, 446.5840757223, 467.3524723383, 469.56314847921, 486.44629942921, 511.0, 527.4211666151, 546.7033011441999]
