Avion: 6      Iteracion: 9

Num Ruta: 12
Ingresos: 150000.0
Costos: 555.071634629
Utilidad Ruta: 149444.928365
Costo Reducido: 157628.433214
Nodos: [106, 16, 56, 24, 70, 30, 64, 1, 31, 71, 11, 51, 41, 23, 63, 35, 75, 28, 68, 25, 19, 65, 59, 6, 46, 21, 61, 27, 4, 67, 44, 816]
q: [0.0, 11.0, -11.0, 14.0, -11.0, 11.0, -14.0, 7.0, 6.0, -6.0, 8.0, -8.0, -7.0, 10.0, -10.0, 6.0, -6.0, 8.0, -8.0, 8.0, 7.0, -8.0, -7.0, 5.0, -5.0, 13.0, -13.0, 6.0, 5.0, -6.0, -5.0, 0.0]
Q: [0.0, 11.0, 0.0, 14.0, 3.0, 14.0, 0.0, 7.0, 13.0, 7.0, 15.0, 7.0, 0.0, 10.0, 0.0, 6.0, 0.0, 8.0, 0.0, 8.0, 15.0, 7.0, 0.0, 5.0, 0.0, 13.0, 0.0, 6.0, 11.0, 5.0, 0.0, 0.0]
B: [0.0, 36.0, 45.624091437640004, 70.85029051714, 95.58426140744, 114.29828406424, 134.56640546213998, 175.0, 183.89376197118, 197.19937597428, 197.678254873377, 201.732321720387, 236.048051058387, 267.0, 306.733842905, 336.2538785588, 356.1667619512, 378.0, 414.0266187839, 417.35999740026, 426.75200464046, 443.42489632125995, 460.21175275715996, 472.00277175465993, 475.6950611528499, 512.3763100547499, 553.1151007339498, 566.2925489315498, 583.9073234688499, 599.9945241265499, 605.4097826614699, 639.0084971755699]
