Avion: 1      Iteracion: 21

Num Ruta: 25
Ingresos: 134400.0
Costos: 412.891982636
Utilidad Ruta: 133987.108017
Costo Reducido: 154.442480962
Nodos: [101, 30, 16, 56, 70, 40, 80, 31, 11, 71, 51, 18, 23, 63, 58, 39, 19, 59, 79, 13, 53, 15, 21, 55, 38, 78, 61, 811]
q: [0.0, 11.0, 4.0, -4.0, -11.0, 15.0, -15.0, 6.0, 8.0, -6.0, -8.0, 5.0, 10.0, -10.0, -5.0, 8.0, 7.0, -7.0, -8.0, 15.0, -15.0, 8.0, 7.0, -8.0, 8.0, -8.0, -7.0, 0.0]
Q: [0.0, 11.0, 15.0, 11.0, 0.0, 15.0, 0.0, 6.0, 14.0, 8.0, 0.0, 5.0, 15.0, 5.0, 0.0, 8.0, 15.0, 8.0, 0.0, 15.0, 0.0, 8.0, 15.0, 7.0, 15.0, 7.0, 0.0, 0.0]
B: [0.0, 64.0, 72.20259129788, 81.82668273552001, 84.69783929691, 115.50769336991, 148.07713515201, 171.41562415621, 184.59835335011, 185.077232249207, 188.77161081670698, 293.0, 313.1789501461, 352.91279305110004, 362.83832462377006, 388.0, 423.3907399471, 450.01785623859996, 456.33305829395994, 459.5649920804099, 476.44814303040994, 511.0, 516.67223351071, 527.47150163401, 531.55876734595, 564.42765398665, 571.49758255772, 590.6564971668199]
