Avion: 7      Iteracion: 5

Num Ruta: 7
Ingresos: 184800.0
Costos: 507.920692997
Utilidad Ruta: 184292.079307
Costo Reducido: 300779.261212
Nodos: [107, 16, 56, 30, 70, 24, 64, 1, 41, 3, 43, 36, 76, 22, 62, 39, 79, 13, 53, 6, 46, 5, 45, 7, 4, 47, 44, 33, 73, 27, 67, 817]
q: [0, 11.0, -11.0, 11.0, -11.0, 14.0, -14.0, 7.0, -7.0, 15.0, -15.0, 15.0, -15.0, 10.0, -10.0, 8.0, -8.0, 15.0, -15.0, 5.0, -5.0, 12.0, -12.0, 10.0, 5.0, -10.0, -5.0, 10.0, -10.0, 6.0, -6.0, 0]
Q: [0, 11.0, 0.0, 11.0, 0.0, 14.0, 0.0, 7.0, 0.0, 15.0, 0.0, 15.0, 0.0, 10.0, 0.0, 8.0, 0.0, 15.0, 0.0, 5.0, 0.0, 12.0, 0.0, 10.0, 15.0, 5.0, 0.0, 10.0, 0.0, 6.0, 0.0, 0]
B: [0.0, 36.0, 45.624091437640004, 64.0, 82.7140226568, 107.4479935471, 145.9609438496, 175.0, 209.2400855285, 256.0, 261.08428175852, 296.00374706082, 302.95189112956, 321.35614794696, 343.11083408586, 389.79738546846, 412.42957292346, 423.0, 439.88315095, 464.1060995732, 467.79838897139, 486.18724918619, 487.30893809137, 517.0, 529.0, 548.2723609867, 549.43273506431, 562.0, 585.3035112376, 592.52226459258, 609.55312696068, 616.2578217337499]
