Avion: 3      Iteracion: 9

Num Ruta: 12
Ingresos: 97200.0
Costos: 431.803508393
Utilidad Ruta: 96768.1964916
Costo Reducido: 131782.311549
Nodos: [103, 16, 56, 24, 64, 10, 50, 11, 51, 23, 63, 28, 68, 21, 61, 4, 44, 813]
q: [0, 11.0, -11.0, 14.0, -14.0, 12.0, -12.0, 8.0, -8.0, 10.0, -10.0, 8.0, -8.0, 13.0, -13.0, 5.0, -5.0, 0]
Q: [0, 11.0, 0.0, 14.0, 0.0, 12.0, 0.0, 8.0, 0.0, 10.0, 0.0, 8.0, 0.0, 13.0, 0.0, 5.0, 0.0, 0]
B: [0.0, 36.0, 45.624091437640004, 70.85029051714, 109.36324081964, 121.14917149994, 150.66868223434, 203.30689881694, 207.36096566395, 267.0, 306.733842905, 378.0, 414.0266187839, 477.0, 517.7387906792, 546.9085880901999, 567.3343377704, 594.8866111793]
