Avion: 1      Iteracion: 3

Num Ruta: 7
Ingresos: 174000.0
Costos: 584.937326689
Utilidad Ruta: 173415.062673
Costo Reducido: 299401.431865
Nodos: [101, 12, 52, 10, 50, 31, 11, 51, 71, 1, 41, 3, 43, 36, 76, 34, 18, 58, 74, 19, 8, 48, 59, 6, 46, 5, 45, 7, 38, 78, 27, 67, 47, 811]
q: [0.0, 14.0, -14.0, 12.0, -12.0, 6.0, 8.0, -8.0, -6.0, 7.0, -7.0, 15.0, -15.0, 15.0, -15.0, 4.0, 11.0, -11.0, -4.0, 7.0, 8.0, -8.0, -7.0, 5.0, -5.0, 12.0, -12.0, 7.0, 8.0, -8.0, 6.0, -6.0, -7.0, 0.0]
Q: [0.0, 14.0, 0.0, 12.0, 0.0, 6.0, 14.0, 6.0, 0.0, 7.0, 0.0, 15.0, 0.0, 15.0, 0.0, 4.0, 15.0, 4.0, 0.0, 7.0, 15.0, 7.0, 0.0, 5.0, 0.0, 12.0, 0.0, 7.0, 15.0, 7.0, 13.0, 7.0, 0.0, 0.0]
B: [0.0, 54.0, 97.347924264, 106.06569462115, 135.58520535555, 175.19335969275, 188.37608888665, 192.43015573366, 196.12453430116, 215.11422840086, 249.35431392936, 256.45086583856, 261.53514759707997, 296.45461289938, 303.40275696812, 317.12250496142, 340.83799867332004, 364.65623492202, 379.80886456182003, 422.40838803332, 445.56926957962, 466.33766619562005, 469.26578538718, 481.05680438468, 484.74909378287, 503.13795399766997, 504.25964290285, 525.97804952025, 534.7542515461801, 567.62313818688, 579.1588655154801, 596.1897278835801, 600.58964845104, 624.9326642872401]
