Avion: 4      Iteracion: 29

Num Ruta: 29
Ingresos: 72000.0
Costos: 211.639148588
Utilidad Ruta: 71788.3608514
Costo Reducido: 47.7900571263
Nodos: [104, 17, 30, 57, 16, 70, 56, 10, 50, 26, 66, 13, 6, 46, 53, 814]
q: [0.0, 5.0, 10.0, -5.0, 5.0, -10.0, -5.0, 12.0, -12.0, 13.0, -13.0, 10.0, 5.0, -5.0, -10.0, 0.0]
Q: [0.0, 5.0, 15.0, 10.0, 15.0, 5.0, 0.0, 12.0, 0.0, 13.0, 0.0, 10.0, 15.0, 10.0, 0.0, 0.0]
B: [0.0, 24.0, 64.0, 67.14445448369, 72.47609381883, 83.29276558052999, 86.16392214191998, 101.99319935221999, 131.51271008662, 300.0, 317.5792279694, 423.0, 436.0, 439.69228939819, 466.32016436039, 487.79724428299]
