Avion: 7      Iteracion: 33

Num Ruta: 33
Ingresos: 82800.0
Costos: 215.619933637
Utilidad Ruta: 82584.3800664
Costo Reducido: 24.544944727
Nodos: [107, 12, 52, 31, 11, 51, 71, 36, 76, 15, 55, 20, 7, 47, 60, 817]
q: [0.0, 14.0, -14.0, 6.0, 8.0, -8.0, -6.0, 15.0, -15.0, 11.0, -11.0, 10.0, 5.0, -5.0, -10.0, 0.0]
Q: [0.0, 14.0, 0.0, 6.0, 14.0, 6.0, 0.0, 15.0, 0.0, 11.0, 0.0, 10.0, 15.0, 10.0, 0.0, 0.0]
B: [0.0, 54.0, 97.347924264, 130.0, 169.0, 173.05406684701, 176.74844541451, 251.0, 257.94814406874, 511.0, 527.4211666151, 533.55501866744, 542.2979730879999, 570.8392849008999, 583.8029694465998, 605.0788134016998]
