Avion: 7      Iteracion: 40

Num Ruta: 40
Ingresos: 37200.0
Costos: 122.89378797
Utilidad Ruta: 37077.106212
Costo Reducido: 0.308199063089
Nodos: [107, 19, 59, 13, 53, 29, 69, 817]
q: [0, 7.0, -7.0, 15.0, -15.0, 9.0, -9.0, 0]
Q: [0, 7.0, 0.0, 15.0, 0.0, 9.0, 0.0, 0]
B: [0.0, 402.0, 428.6271162915, 432.85473559792, 449.73788654792, 549.0, 582.7797797802, 604.3533147247]
