Avion: 7      Iteracion: 39

Num Ruta: 39
Ingresos: 68400.0
Costos: 184.233788693
Utilidad Ruta: 68215.7662113
Costo Reducido: 13.336869012
Nodos: [107, 14, 54, 32, 8, 48, 13, 53, 72, 15, 55, 7, 4, 44, 47, 817]
q: [0.0, 8.0, -8.0, 6.0, 8.0, -8.0, 9.0, -9.0, -6.0, 11.0, -11.0, 10.0, 5.0, -5.0, -10.0, 0.0]
Q: [0.0, 8.0, 0.0, 6.0, 14.0, 6.0, 15.0, 6.0, 0.0, 11.0, 0.0, 10.0, 15.0, 10.0, 0.0, 0.0]
B: [0.0, 112.0, 124.021711775, 422.0, 433.4468981388, 454.2152947548, 456.42597089571, 473.30912184571, 477.38007222615005, 511.0, 527.4211666151, 538.3259061809999, 548.6892794734999, 569.1150291536999, 570.2754032313098, 581.3425591894098]
