Avion: 2      Iteracion: 8

Num Ruta: 9
Ingresos: 136800.0
Costos: 550.19754554
Utilidad Ruta: 136249.802454
Costo Reducido: 155535.838082
Nodos: [102, 9, 49, 12, 30, 70, 52, 10, 50, 11, 51, 22, 62, 26, 66, 28, 39, 68, 79, 13, 53, 7, 4, 29, 69, 47, 44, 812]
q: [0.0, 11.0, -11.0, 14.0, 1.0, -1.0, -14.0, 12.0, -12.0, 8.0, -8.0, 10.0, -10.0, 13.0, -13.0, 8.0, 7.0, -8.0, -7.0, 15.0, -15.0, 1.0, 5.0, 9.0, -9.0, -1.0, -5.0, 0.0]
Q: [0.0, 11.0, 0.0, 14.0, 15.0, 14.0, 0.0, 12.0, 0.0, 8.0, 0.0, 10.0, 0.0, 13.0, 0.0, 8.0, 15.0, 7.0, 0.0, 15.0, 0.0, 1.0, 6.0, 15.0, 6.0, 5.0, 0.0, 0.0]
B: [0.0, 33.6128854013, 63.1401224038, 73.9271591609, 92.4582220824, 111.1722447392, 133.968102806, 142.68587316314998, 172.20538389754998, 224.84360048014997, 228.89766732715998, 299.0, 320.7546861389, 357.0876895518, 374.6669175212, 385.0748345558, 396.395846878, 427.8252542698, 463.838165399, 467.07009918545, 483.95325013545, 517.0, 529.0, 549.7100026316, 583.4897824118, 595.7865862648, 596.94696034241, 615.49686023431]
