Avion: 1      Iteracion: 25

Num Ruta: 29
Ingresos: 46800.0
Costos: 171.388812968
Utilidad Ruta: 46628.611187
Costo Reducido: 42.8936588552
Nodos: [101, 14, 54, 31, 11, 51, 71, 1, 41, 23, 63, 811]
q: [0, 8.0, -8.0, 6.0, 8.0, -8.0, -6.0, 7.0, -7.0, 10.0, -10.0, 0]
Q: [0, 8.0, 0.0, 6.0, 14.0, 6.0, 0.0, 7.0, 0.0, 10.0, 0.0, 0]
B: [0.0, 112.0, 124.021711775, 151.2337789879, 169.0, 173.05406684701, 176.74844541451, 195.73813951421, 229.97822504271, 267.0, 306.733842905, 312.59534373670004]
