Avion: 4      Iteracion: 3

Num Ruta: 7
Ingresos: 141600.0
Costos: 487.38747292
Utilidad Ruta: 141112.612527
Costo Reducido: 231438.249347
Nodos: [104, 16, 56, 24, 30, 64, 10, 70, 50, 1, 11, 51, 41, 3, 43, 36, 76, 34, 74, 28, 68, 19, 8, 48, 59, 814]
q: [0.0, 11.0, -11.0, 12.0, 3.0, -12.0, 12.0, -3.0, -12.0, 7.0, 8.0, -8.0, -7.0, 15.0, -15.0, 15.0, -15.0, 12.0, -12.0, 8.0, -8.0, 7.0, 8.0, -8.0, -7.0, 0.0]
Q: [0.0, 11.0, 0.0, 12.0, 15.0, 3.0, 15.0, 12.0, 0.0, 7.0, 15.0, 7.0, 0.0, 15.0, 0.0, 15.0, 0.0, 12.0, 0.0, 8.0, 0.0, 7.0, 15.0, 7.0, 0.0, 0.0]
B: [0.0, 36.0, 45.624091437640004, 70.85029051714, 89.10719167804, 109.37531307594, 121.16124375624, 139.85429404234, 158.75509193554, 197.17443310634002, 215.85526170144, 219.90932854845002, 254.22505788645003, 261.32160979565003, 266.40589155417, 301.32535685647, 308.27350092521004, 321.99324891851006, 362.94084695551004, 378.0, 414.0266187839, 426.5624120576, 449.7232936039, 470.4916902199, 473.41980941146, 501.12643592936]
