Avion: 1      Iteracion: 31

Num Ruta: 34
Ingresos: 109200.0
Costos: 271.972080851
Utilidad Ruta: 108928.027919
Costo Reducido: 51.0231226459
Nodos: [101, 9, 49, 11, 51, 36, 76, 34, 74, 39, 79, 5, 45, 7, 4, 47, 44, 33, 73, 811]
q: [0, 11.0, -11.0, 8.0, -8.0, 15.0, -15.0, 12.0, -12.0, 8.0, -8.0, 12.0, -12.0, 10.0, 5.0, -10.0, -5.0, 10.0, -10.0, 0]
Q: [0, 11.0, 0.0, 8.0, 0.0, 15.0, 0.0, 12.0, 0.0, 8.0, 0.0, 12.0, 0.0, 10.0, 15.0, 5.0, 0.0, 10.0, 0.0, 0]
B: [0.0, 28.0, 57.5272370025, 169.0, 173.05406684701, 251.0, 257.94814406874, 283.0, 323.947598037, 388.0, 410.632187455, 469.0, 470.12168890518, 517.0, 529.0, 548.2723609867, 549.43273506431, 562.0, 585.3035112376, 591.22248750043]
