Avion: 1      Iteracion: 13

Num Ruta: 17
Ingresos: 123600.0
Costos: 568.925061555
Utilidad Ruta: 123031.074938
Costo Reducido: 102866.597771
Nodos: [101, 17, 57, 24, 64, 31, 71, 14, 54, 23, 35, 75, 63, 28, 68, 13, 53, 38, 78, 2, 42, 37, 77, 811]
q: [0.0, 5.0, -5.0, 14.0, -14.0, 6.0, -6.0, 8.0, -8.0, 9.0, 6.0, -6.0, -9.0, 8.0, -8.0, 15.0, -15.0, 8.0, -8.0, 9.0, -9.0, 15.0, -15.0, 0.0]
Q: [0.0, 5.0, 0.0, 14.0, 0.0, 6.0, 0.0, 8.0, 0.0, 9.0, 15.0, 9.0, 0.0, 8.0, 0.0, 15.0, 0.0, 8.0, 0.0, 9.0, 0.0, 15.0, 0.0, 0.0]
B: [0.0, 36.0038629316, 70.8464167129, 87.40470001759999, 125.9176503201, 137.2020080776, 150.5076220807, 167.5536286512, 179.5753404262, 267.0, 307.4405515417, 327.3534349341, 339.9719804129, 378.0, 414.0266187839, 446.9799880805, 463.8631390305, 480.0, 512.8688866407, 542.7197601623, 583.4547222097, 619.2587554602, 640.0534089317, 683.0180026572]
