Avion: 3      Iteracion: 10

Num Ruta: 13
Ingresos: 157200.0
Costos: 587.216040248
Utilidad Ruta: 156612.78396
Costo Reducido: 147143.305279
Nodos: [103, 9, 49, 12, 52, 10, 50, 1, 41, 36, 76, 23, 18, 63, 58, 39, 79, 6, 46, 8, 48, 15, 55, 7, 4, 47, 37, 44, 77, 813]
q: [0.0, 11.0, -11.0, 14.0, -14.0, 12.0, -12.0, 7.0, -7.0, 15.0, -15.0, 4.0, 11.0, -4.0, -11.0, 8.0, -8.0, 5.0, -5.0, 8.0, -8.0, 11.0, -11.0, 10.0, 0.0, -10.0, 15.0, 0.0, -15.0, 0.0]
Q: [0.0, 11.0, 0.0, 14.0, 0.0, 12.0, 0.0, 7.0, 0.0, 15.0, 0.0, 4.0, 15.0, 11.0, 0.0, 8.0, 0.0, 5.0, 0.0, 8.0, 0.0, 11.0, 0.0, 10.0, 10.0, 0.0, 15.0, 15.0, 0.0, 0.0]
B: [0.0, 28.0, 57.5272370025, 68.3142737596, 111.6621980236, 120.37996838075, 149.89947911515, 188.31882028595, 222.55890581445001, 256.50680944635, 263.45495351509004, 304.51357689679, 324.69252704289005, 350.13183845259005, 360.05737002526007, 388.0, 410.632187455, 436.0, 439.69228939819, 470.96534786709, 491.73374448309, 522.35146696529, 538.77263358039, 549.6773731462899, 560.0407464387899, 579.31310742549, 586.48591893842, 593.55029102658, 619.73491449148, 640.73670993858]
