Avion: 4      Iteracion: 25

Num Ruta: 26
Ingresos: 92400.0
Costos: 243.497289868
Utilidad Ruta: 92156.5027101
Costo Reducido: 74.2284276464
Nodos: [104, 31, 14, 54, 11, 51, 71, 36, 76, 25, 19, 65, 8, 59, 48, 6, 46, 5, 45, 814]
q: [0.0, 6.0, 8.0, -8.0, 8.0, -8.0, -6.0, 15.0, -15.0, 8.0, 7.0, -8.0, 8.0, -7.0, -8.0, 5.0, -5.0, 12.0, -12.0, 0.0]
Q: [0.0, 6.0, 14.0, 6.0, 14.0, 6.0, 0.0, 15.0, 0.0, 8.0, 15.0, 7.0, 15.0, 8.0, 0.0, 5.0, 0.0, 12.0, 0.0, 0.0]
B: [0.0, 130.0, 147.5196824172, 159.5413941922, 188.98982330139998, 193.04389014841, 196.73826871590998, 251.0, 257.94814406874, 410.0, 419.3920072402, 436.06489892099995, 461.88549877849994, 479.84245820929993, 482.7705774008599, 491.9612490302899, 495.65353842847986, 514.0423986432799, 515.1640875484599, 546.2091277481599]
