Avion: 7      Iteracion: 7

Num Ruta: 9
Ingresos: 121200.0
Costos: 457.381198732
Utilidad Ruta: 120742.618801
Costo Reducido: 183384.513879
Nodos: [107, 30, 70, 31, 71, 36, 76, 35, 75, 22, 62, 25, 65, 39, 79, 6, 46, 20, 7, 4, 47, 44, 2, 60, 33, 42, 73, 817]
q: [0.0, 11.0, -11.0, 6.0, -6.0, 15.0, -15.0, 6.0, -6.0, 10.0, -10.0, 10.0, -10.0, 8.0, -8.0, 5.0, -5.0, 10.0, 5.0, 0.0, -5.0, 0.0, 5.0, -10.0, 10.0, -5.0, -10.0, 0.0]
Q: [0.0, 11.0, 0.0, 6.0, 0.0, 15.0, 0.0, 6.0, 0.0, 10.0, 0.0, 10.0, 0.0, 8.0, 0.0, 5.0, 0.0, 10.0, 15.0, 15.0, 10.0, 10.0, 15.0, 5.0, 15.0, 10.0, 0.0, 0.0]
B: [0.0, 64.0, 82.7140226568, 130.0, 143.3056140031, 251.0, 257.94814406874, 308.86250452824004, 328.77538792064, 343.88964254994, 365.64432868884, 410.0, 427.1849823101, 446.3261919114, 468.9583793664, 475.6466235306, 479.33891292878997, 511.68169747188995, 520.4246518924499, 530.7880251849499, 550.06038617165, 551.2207602492599, 560.6752267598599, 568.0055240253199, 578.8273233674199, 617.2682555361199, 635.7870395675199, 658.8335282588198]
