Avion: 3      Iteracion: 53

Num Ruta: 47
Ingresos: 97200.0
Costos: 285.088598137
Utilidad Ruta: 96914.9114019
Costo Reducido: 2.60433252969
Nodos: [103, 24, 64, 1, 41, 3, 43, 23, 18, 63, 58, 38, 21, 78, 61, 37, 77, 813]
q: [0.0, 14.0, -14.0, 7.0, -7.0, 15.0, -15.0, 10.0, 5.0, -10.0, -5.0, 8.0, 7.0, -8.0, -7.0, 15.0, -15.0, 0.0]
Q: [0.0, 14.0, 0.0, 7.0, 0.0, 15.0, 0.0, 10.0, 15.0, 5.0, 0.0, 8.0, 15.0, 7.0, 0.0, 15.0, 0.0, 0.0]
B: [0.0, 61.0, 99.5129503025, 175.0, 209.2400855285, 256.0, 261.08428175852, 267.0, 293.0, 318.4393114097, 328.36484298237, 480.0, 486.82291294097, 525.3346514111701, 532.4045799822401, 562.0, 582.7946534714999, 603.7964489185999]
