Avion: 7      Iteracion: 14

Num Ruta: 15
Ingresos: 31200.0
Costos: 63.4033980168
Utilidad Ruta: 31136.596602
Costo Reducido: 75.4902751801
Nodos: [107, 36, 76, 15, 55, 817]
q: [0, 15.0, -15.0, 11.0, -11.0, 0]
Q: [0, 15.0, 0.0, 11.0, 0.0, 0]
B: [0.0, 251.0, 257.94814406874, 511.0, 527.4211666151, 546.7033011441999]
