Avion: 1      Iteracion: 14

Num Ruta: 18
Ingresos: 144000.0
Costos: 487.683956106
Utilidad Ruta: 143512.316044
Costo Reducido: 404.3456672
Nodos: [101, 9, 49, 12, 16, 56, 52, 10, 50, 36, 76, 3, 43, 23, 63, 28, 32, 68, 25, 65, 72, 15, 55, 38, 78, 811]
q: [0.0, 11.0, -11.0, 14.0, 1.0, -1.0, -14.0, 12.0, -12.0, 15.0, -15.0, 15.0, -15.0, 10.0, -10.0, 8.0, 6.0, -8.0, 9.0, -9.0, -6.0, 11.0, -11.0, 8.0, -8.0, 0.0]
Q: [0.0, 11.0, 0.0, 14.0, 15.0, 14.0, 0.0, 12.0, 0.0, 15.0, 0.0, 15.0, 0.0, 10.0, 0.0, 8.0, 14.0, 6.0, 15.0, 6.0, 0.0, 11.0, 0.0, 8.0, 0.0, 0.0]
B: [0.0, 28.0, 57.5272370025, 68.3142737596, 92.64912302970001, 102.27321446734001, 122.50949735234002, 131.22726770949, 160.74677844389, 251.0, 257.94814406874, 294.92818141324, 300.01246317176, 303.37495049515996, 343.10879340016, 378.0, 422.0, 445.4551085267, 448.78848714305997, 465.97346945315996, 476.95853772785995, 511.0, 527.4211666151, 531.5084323270399, 564.3773189677399, 578.6667425040399]
