Avion: 7      Iteracion: 45

Num Ruta: 44
Ingresos: 62400.0
Costos: 229.072681653
Utilidad Ruta: 62170.9273183
Costo Reducido: 18.9943376002
Nodos: [107, 14, 54, 32, 19, 59, 6, 46, 72, 15, 55, 20, 7, 47, 60, 817]
q: [0.0, 8.0, -8.0, 6.0, 7.0, -7.0, 5.0, -5.0, -6.0, 11.0, -11.0, 10.0, 5.0, -5.0, -10.0, 0.0]
Q: [0.0, 8.0, 0.0, 6.0, 13.0, 6.0, 11.0, 6.0, 0.0, 11.0, 0.0, 10.0, 15.0, 10.0, 0.0, 0.0]
B: [0.0, 112.0, 124.021711775, 422.0, 433.71491463899997, 460.34203093049996, 472.13304992799993, 475.8253393261899, 498.48271097428994, 521.77815052799, 538.19931714309, 544.33316919543, 553.0761236159899, 581.6174354288898, 594.5811199745898, 615.8569639296898]
