Avion: 7      Iteracion: 22

Num Ruta: 23
Ingresos: 8400.0
Costos: 65.0918774203
Utilidad Ruta: 8334.90812258
Costo Reducido: 40.5739197675
Nodos: [107, 1, 41, 817]
q: [0, 7.0, -7.0, 0]
Q: [0, 7.0, 0.0, 0]
B: [0.0, 175.0, 209.2400855285, 223.4895473429]
