Avion: 4      Iteracion: 23

Num Ruta: 24
Ingresos: 82800.0
Costos: 258.908136013
Utilidad Ruta: 82541.091864
Costo Reducido: 140.396885215
Nodos: [104, 17, 57, 30, 16, 70, 56, 26, 66, 13, 53, 38, 20, 78, 27, 60, 67, 814]
q: [0.0, 5.0, -5.0, 11.0, 4.0, -11.0, -4.0, 13.0, -13.0, 15.0, -15.0, 6.0, 9.0, -6.0, 6.0, -9.0, -6.0, 0.0]
Q: [0.0, 5.0, 0.0, 11.0, 15.0, 4.0, 0.0, 13.0, 0.0, 15.0, 0.0, 6.0, 15.0, 9.0, 15.0, 6.0, 0.0, 0.0]
B: [0.0, 24.0, 58.8425537813, 64.0, 72.20259129788, 83.01926305958, 85.89041962097, 300.0, 317.5792279694, 423.0, 439.88315095, 480.0, 496.0, 530.6263354833, 542.1620628119, 568.4628261658, 584.6205919767, 618.6019751151]
