Avion: 6      Iteracion: 12

Num Ruta: 15
Ingresos: 50400.0
Costos: 294.527131486
Utilidad Ruta: 50105.4728685
Costo Reducido: 38179.6151069
Nodos: [106, 17, 57, 34, 74, 25, 65, 38, 7, 47, 78, 816]
q: [0.0, 5.0, -5.0, 12.0, -12.0, 10.0, -10.0, 8.0, 7.0, -7.0, -8.0, 0.0]
Q: [0.0, 5.0, 0.0, 12.0, 0.0, 10.0, 0.0, 8.0, 15.0, 8.0, 0.0, 0.0]
B: [0.0, 34.2933399948, 69.1358937761, 283.0, 323.947598037, 410.0, 427.1849823101, 480.0, 517.0, 545.5413118129, 567.3456051745, 597.3574227135999]
