Avion: 6      Iteracion: 42

Num Ruta: 37
Ingresos: 33600.0
Costos: 50.5978979877
Utilidad Ruta: 33549.402102
Costo Reducido: 6.66142373744
Nodos: [106, 26, 66, 13, 53, 816]
q: [0, 13.0, -13.0, 15.0, -15.0, 0]
Q: [0, 13.0, 0.0, 15.0, 0.0, 0]
B: [0.0, 300.0, 317.5792279694, 423.0, 439.88315095, 443.9580853053]
