Avion: 4      Iteracion: 10

Num Ruta: 12
Ingresos: 81600.0
Costos: 346.820779899
Utilidad Ruta: 81253.1792201
Costo Reducido: 79301.5403535
Nodos: [104, 40, 80, 30, 70, 10, 50, 36, 76, 23, 18, 63, 58, 814]
q: [0.0, 15.0, -15.0, 11.0, -11.0, 12.0, -12.0, 15.0, -15.0, 4.0, 11.0, -4.0, -11.0, 0.0]
Q: [0.0, 15.0, 0.0, 11.0, 0.0, 12.0, 0.0, 15.0, 0.0, 4.0, 15.0, 11.0, 0.0, 0.0]
B: [0.0, 62.0, 94.5694417821, 113.51249206450001, 132.22651472130002, 150.91956500740002, 180.43907574180002, 251.0, 257.94814406874, 299.00676745044, 319.18571759654003, 344.62502900624, 354.55056057891005, 379.05727704601003]
