Avion: 2      Iteracion: 16

Num Ruta: 17
Ingresos: 186000.0
Costos: 573.679073112
Utilidad Ruta: 185426.320927
Costo Reducido: 192.786013984
Nodos: [102, 16, 56, 9, 49, 31, 14, 54, 11, 51, 71, 1, 41, 3, 43, 23, 36, 76, 34, 63, 74, 39, 19, 59, 79, 6, 46, 5, 45, 7, 20, 47, 60, 37, 77, 812]
q: [0.0, 11.0, -11.0, 11.0, -11.0, 6.0, 8.0, -8.0, 8.0, -8.0, -6.0, 7.0, -7.0, 15.0, -15.0, 3.0, 12.0, -12.0, 12.0, -3.0, -12.0, 8.0, 7.0, -7.0, -8.0, 5.0, -5.0, 12.0, -12.0, 10.0, 5.0, -10.0, -5.0, 15.0, -15.0, 0.0]
Q: [0.0, 11.0, 0.0, 11.0, 0.0, 6.0, 14.0, 6.0, 14.0, 6.0, 0.0, 7.0, 0.0, 15.0, 0.0, 3.0, 15.0, 3.0, 15.0, 12.0, 0.0, 8.0, 15.0, 8.0, 0.0, 5.0, 0.0, 12.0, 0.0, 10.0, 15.0, 5.0, 0.0, 15.0, 0.0, 0.0]
B: [0.0, 36.0, 45.624091437640004, 75.68094759394, 105.20818459644, 130.0, 147.5196824172, 159.5413941922, 188.98982330139998, 193.04389014841, 196.73826871590998, 215.72796281560997, 249.96804834410997, 257.06460025330995, 262.1488820118299, 267.0, 301.145140152, 308.09328422074003, 321.81303221404005, 358.30854318454004, 374.82819887104006, 388.0, 423.3907399471, 450.01785623859996, 456.33305829395994, 463.02130245815994, 466.7135918563499, 485.1024520711499, 486.2241409763299, 517.0, 525.74295442056, 554.98896180616, 567.9526463518599, 579.5301643069599, 600.3248177784599, 619.0240526291599]
