Avion: 3      Iteracion: 8

Num Ruta: 11
Ingresos: 87600.0
Costos: 397.363505721
Utilidad Ruta: 87202.6364943
Costo Reducido: 124443.351264
Nodos: [103, 9, 49, 10, 50, 11, 51, 22, 62, 28, 68, 13, 53, 29, 69, 813]
q: [0, 11.0, -11.0, 12.0, -12.0, 8.0, -8.0, 10.0, -10.0, 8.0, -8.0, 15.0, -15.0, 9.0, -9.0, 0]
Q: [0, 11.0, 0.0, 12.0, 0.0, 8.0, 0.0, 10.0, 0.0, 8.0, 0.0, 15.0, 0.0, 9.0, 0.0, 0]
B: [0.0, 28.0, 57.5272370025, 96.0, 125.5195107344, 178.157727317, 182.21179416401, 299.0, 320.7546861389, 378.0, 414.0266187839, 446.9799880805, 463.8631390305, 549.0, 582.7797797802, 614.9656450164]
