Avion: 5      Iteracion: 38

Num Ruta: 36
Ingresos: 18000.0
Costos: 99.5658532284
Utilidad Ruta: 17900.4341468
Costo Reducido: 1.70653323316
Nodos: [105, 1, 41, 8, 48, 815]
q: [0, 7.0, -7.0, 8.0, -8.0, 0]
Q: [0, 7.0, 0.0, 8.0, 0.0, 0]
B: [0.0, 175.0, 209.2400855285, 414.0, 434.768396616, 449.29029518330003]
