Avion: 3      Iteracion: 5

Num Ruta: 8
Ingresos: 166800.0
Costos: 545.147250613
Utilidad Ruta: 166254.852749
Costo Reducido: 275653.083107
Nodos: [103, 9, 49, 40, 24, 80, 64, 1, 41, 36, 76, 3, 43, 23, 18, 63, 58, 39, 79, 13, 53, 5, 45, 38, 21, 78, 61, 27, 4, 44, 67, 813]
q: [0.0, 11.0, -11.0, 1.0, 14.0, -1.0, -14.0, 7.0, -7.0, 15.0, -15.0, 15.0, -15.0, 4.0, 11.0, -4.0, -11.0, 8.0, -8.0, 15.0, -15.0, 12.0, -12.0, 2.0, 13.0, -2.0, -13.0, 6.0, 5.0, -5.0, -6.0, 0.0]
Q: [0.0, 11.0, 0.0, 1.0, 15.0, 14.0, 0.0, 7.0, 0.0, 15.0, 0.0, 15.0, 0.0, 4.0, 15.0, 11.0, 0.0, 8.0, 0.0, 15.0, 0.0, 12.0, 0.0, 2.0, 15.0, 13.0, 0.0, 6.0, 11.0, 6.0, 0.0, 0.0]
B: [0.0, 28.0, 57.5272370025, 86.4860319533, 93.63938361528, 119.98482773757999, 148.37463923747998, 175.0, 209.2400855285, 251.0, 257.94814406874, 294.92818141324, 300.01246317176, 303.37495049515996, 323.55390064126, 348.99321205096, 358.91874362363, 388.0, 410.632187455, 423.0, 439.88315095, 469.0, 470.12168890518, 491.70338160988, 498.52629455085, 537.0380330210501, 544.1079615921201, 557.2854097897201, 574.9001843270202, 595.3259340072202, 600.7411925421402, 623.1391063066402]
