Avion: 1      Iteracion: 20

Num Ruta: 24
Ingresos: 104400.0
Costos: 302.344535521
Utilidad Ruta: 104097.655464
Costo Reducido: 187.359953418
Nodos: [101, 16, 56, 9, 49, 11, 51, 36, 76, 22, 62, 18, 58, 39, 79, 8, 6, 46, 48, 811]
q: [0, 11.0, -11.0, 11.0, -11.0, 8.0, -8.0, 15.0, -15.0, 10.0, -10.0, 11.0, -11.0, 8.0, -8.0, 8.0, 5.0, -5.0, -8.0, 0]
Q: [0, 11.0, 0.0, 11.0, 0.0, 8.0, 0.0, 15.0, 0.0, 10.0, 0.0, 11.0, 0.0, 8.0, 0.0, 8.0, 13.0, 8.0, 0.0, 0]
B: [0.0, 36.0, 45.624091437640004, 75.68094759394, 105.20818459644, 169.0, 173.05406684701, 251.0, 257.94814406874, 299.0, 320.7546861389, 334.15512273630003, 357.973358985, 388.0, 410.632187455, 434.7301572658, 462.6446552373, 466.33694463549, 479.20294712269, 493.12903041989]
