Avion: 5      Iteracion: 28

Num Ruta: 26
Ingresos: 19200.0
Costos: 76.6160765001
Utilidad Ruta: 19123.3839235
Costo Reducido: 24.0831516261
Nodos: [105, 31, 71, 25, 65, 815]
q: [0, 6.0, -6.0, 10.0, -10.0, 0]
Q: [0, 6.0, 0.0, 10.0, 0.0, 0]
B: [0.0, 130.0, 143.3056140031, 410.0, 427.1849823101, 439.9124411688]
