Avion: 6      Iteracion: 49

Num Ruta: 42
Ingresos: 106800.0
Costos: 313.887743912
Utilidad Ruta: 106486.112256
Costo Reducido: 18.2673202747
Nodos: [106, 9, 49, 36, 76, 34, 74, 39, 79, 6, 46, 13, 53, 21, 61, 33, 73, 816]
q: [0, 11.0, -11.0, 15.0, -15.0, 12.0, -12.0, 8.0, -8.0, 5.0, -5.0, 15.0, -15.0, 13.0, -13.0, 10.0, -10.0, 0]
Q: [0, 11.0, 0.0, 15.0, 0.0, 12.0, 0.0, 8.0, 0.0, 5.0, 0.0, 15.0, 0.0, 13.0, 0.0, 10.0, 0.0, 0]
B: [0.0, 35.5829922575, 65.11022926000001, 251.0, 257.94814406874, 283.0, 323.947598037, 388.0, 410.632187455, 436.0, 439.69228939819, 453.10235550539, 469.98550645539, 485.49690284639, 526.23569352559, 562.0, 585.3035112376, 599.1444684661]
