Avion: 2      Iteracion: 43

Num Ruta: 41
Ingresos: 84000.0
Costos: 238.311475942
Utilidad Ruta: 83761.6885241
Costo Reducido: 14.4301759595
Nodos: [102, 9, 49, 12, 52, 10, 50, 35, 75, 5, 45, 37, 77, 812]
q: [0, 11.0, -11.0, 14.0, -14.0, 12.0, -12.0, 6.0, -6.0, 12.0, -12.0, 15.0, -15.0, 0]
Q: [0, 11.0, 0.0, 14.0, 0.0, 12.0, 0.0, 6.0, 0.0, 12.0, 0.0, 15.0, 0.0, 0]
B: [0.0, 33.6128854013, 63.1401224038, 73.9271591609, 117.2750834249, 125.99285378205, 155.51236451645002, 279.0, 298.9128833924, 469.0, 470.12168890518, 562.0, 582.7946534714999, 601.4938883222]
