Avion: 4      Iteracion: 0

Num Ruta: 1
Ingresos: 76800.0
Costos: 308.972619955
Utilidad Ruta: 76491.02738
Costo Reducido: -
Nodos: [104, 24, 64, 11, 51, 36, 76, 23, 63, 22, 62, 19, 59, 814]
q: [0, 14.0, -14.0, 8.0, -8.0, 15.0, -15.0, 10.0, -10.0, 10.0, -10.0, 7.0, -7.0, 0]
Q: [0, 14.0, 0.0, 8.0, 0.0, 15.0, 0.0, 10.0, 0.0, 10.0, 0.0, 7.0, 0.0, 0]
B: [0.0, 61.0, 99.5129503025, 169.0, 173.05406684701, 251.0, 257.94814406874, 299.00676745044, 338.74061035544, 354.49703434694004, 376.25172048584005, 402.0, 428.6271162915, 456.3337428094]
