Avion: 2      Iteracion: 10

Num Ruta: 11
Ingresos: 108000.0
Costos: 419.413707546
Utilidad Ruta: 107580.586292
Costo Reducido: 126244.776614
Nodos: [102, 12, 52, 10, 50, 36, 76, 18, 58, 6, 46, 8, 48, 15, 29, 55, 7, 47, 69, 812]
q: [0.0, 14.0, -14.0, 12.0, -12.0, 15.0, -15.0, 11.0, -11.0, 5.0, -5.0, 8.0, -8.0, 11.0, 4.0, -11.0, 10.0, -10.0, -4.0, 0.0]
Q: [0.0, 14.0, 0.0, 12.0, 0.0, 15.0, 0.0, 11.0, 0.0, 5.0, 0.0, 8.0, 0.0, 11.0, 15.0, 4.0, 14.0, 4.0, 0.0, 0.0]
B: [0.0, 54.0, 97.347924264, 106.06569462115, 135.58520535555, 251.0, 257.94814406874, 293.0, 316.8182362487, 436.0, 439.69228939819, 470.96534786709, 491.73374448309, 522.35146696529, 549.0, 564.1378768657, 575.0426164316, 603.5839282444999, 615.8807320975, 640.0056123045]
