Avion: 7      Iteracion: 6

Num Ruta: 8
Ingresos: 165600.0
Costos: 599.360337651
Utilidad Ruta: 165000.639662
Costo Reducido: 259064.037996
Nodos: [107, 9, 49, 40, 80, 14, 54, 31, 71, 3, 43, 23, 63, 26, 66, 22, 62, 32, 72, 6, 46, 5, 45, 38, 78, 33, 73, 29, 69, 817]
q: [0, 11.0, -11.0, 15.0, -15.0, 8.0, -8.0, 6.0, -6.0, 15.0, -15.0, 10.0, -10.0, 13.0, -13.0, 10.0, -10.0, 6.0, -6.0, 5.0, -5.0, 12.0, -12.0, 8.0, -8.0, 10.0, -10.0, 9.0, -9.0, 0]
Q: [0, 11.0, 0.0, 15.0, 0.0, 8.0, 0.0, 6.0, 0.0, 15.0, 0.0, 10.0, 0.0, 13.0, 0.0, 10.0, 0.0, 6.0, 0.0, 5.0, 0.0, 12.0, 0.0, 8.0, 0.0, 10.0, 0.0, 9.0, 0.0, 0]
B: [0.0, 28.0348110926, 57.562048095099996, 86.5208430459, 119.090284828, 147.6686867602, 159.6903985352, 186.90246574809998, 200.2080797512, 256.0, 261.08428175852, 267.0, 306.733842905, 326.4202156791, 343.9994436485, 357.6336242986, 379.3883104375, 422.0, 449.8573558149, 470.24932759300003, 473.94161699119, 492.33047720599, 493.45216611117, 515.03385881587, 547.90274545657, 564.54594589997, 587.84945713757, 606.23277634277, 640.01255612297, 661.58609106747]
