Avion: 5      Iteracion: 48

Num Ruta: 41
Ingresos: 18000.0
Costos: 54.2712359142
Utilidad Ruta: 17945.7287641
Costo Reducido: 5.29140527983
Nodos: [105, 37, 77, 815]
q: [0, 15.0, -15.0, 0]
Q: [0, 15.0, 0.0, 0]
B: [0.0, 562.0, 582.7946534714999, 604.4220983506]
