Avion: 6      Iteracion: 13

Num Ruta: 16
Ingresos: 52800.0
Costos: 281.011268313
Utilidad Ruta: 52518.9887317
Costo Reducido: 52874.0384328
Nodos: [106, 24, 64, 35, 75, 2, 42, 37, 77, 816]
q: [0, 14.0, -14.0, 6.0, -6.0, 9.0, -9.0, 15.0, -15.0, 0]
Q: [0, 14.0, 0.0, 6.0, 0.0, 9.0, 0.0, 15.0, 0.0, 0]
B: [0.0, 61.0, 99.5129503025, 279.0, 298.9128833924, 522.0, 562.7349620474, 598.5389952979, 619.3336487694, 661.1537116699001]
