Avion: 2      Iteracion: 35

Num Ruta: 35
Ingresos: 44400.0
Costos: 189.855260949
Utilidad Ruta: 44210.1447391
Costo Reducido: 26.117862049
Nodos: [102, 14, 54, 32, 8, 48, 72, 38, 21, 78, 61, 812]
q: [0.0, 8.0, -8.0, 6.0, 8.0, -8.0, -6.0, 2.0, 13.0, -2.0, -13.0, 0.0]
Q: [0.0, 8.0, 0.0, 6.0, 14.0, 6.0, 0.0, 2.0, 15.0, 13.0, 0.0, 0.0]
B: [0.0, 112.0, 124.021711775, 422.0, 433.4468981388, 454.2152947548, 470.2643934834, 485.2948407156, 492.11775365657, 530.6294921267701, 537.6994206978401, 568.17123766044]
