Avion: 5      Iteracion: 0

Num Ruta: 3
Ingresos: 207600.0
Costos: 621.472141863
Utilidad Ruta: 206978.527858
Costo Reducido: -
Nodos: [105, 16, 56, 40, 80, 10, 50, 11, 51, 3, 43, 23, 18, 63, 58, 26, 66, 39, 79, 13, 53, 6, 46, 5, 45, 21, 61, 33, 73, 27, 67, 37, 77, 815]
q: [0.0, 11.0, -11.0, 15.0, -15.0, 12.0, -12.0, 8.0, -8.0, 15.0, -15.0, 4.0, 11.0, -4.0, -11.0, 13.0, -13.0, 8.0, -8.0, 15.0, -15.0, 5.0, -5.0, 12.0, -12.0, 13.0, -13.0, 10.0, -10.0, 6.0, -6.0, 15.0, -15.0, 0.0]
Q: [0.0, 11.0, 0.0, 15.0, 0.0, 12.0, 0.0, 8.0, 0.0, 15.0, 0.0, 4.0, 15.0, 11.0, 0.0, 13.0, 0.0, 8.0, 0.0, 15.0, 0.0, 5.0, 0.0, 12.0, 0.0, 13.0, 0.0, 10.0, 0.0, 6.0, 0.0, 15.0, 0.0, 0.0]
B: [0.0, 36.0, 45.624091437640004, 77.27284989674001, 109.84229167884001, 127.02298575674001, 156.54249649114, 209.18071307374, 213.23477992075001, 256.0, 261.08428175852, 267.0, 293.0, 318.4393114097, 328.36484298237, 357.36635980477, 374.94558777417, 394.64350596367, 417.27569341867, 423.0, 439.88315095, 464.1060995732, 467.79838897139, 486.18724918619, 487.30893809137, 515.54852847437, 556.2873191535699, 566.4428640921699, 589.7463753297699, 596.9651286847499, 613.9959910528498, 620.8319566759399, 641.6266101474398, 663.2540550265398]
