Avion: 1      Iteracion: 54

Num Ruta: 50
Ingresos: 115200.0
Costos: 371.866002645
Utilidad Ruta: 114828.133997
Costo Reducido: 2.81944235729
Nodos: [101, 12, 52, 10, 50, 35, 75, 22, 62, 18, 58, 28, 68, 25, 65, 15, 29, 55, 7, 47, 69, 811]
q: [0.0, 14.0, -14.0, 12.0, -12.0, 6.0, -6.0, 10.0, -10.0, 11.0, -11.0, 8.0, -8.0, 10.0, -10.0, 10.0, 5.0, -10.0, 10.0, -10.0, -5.0, 0.0]
Q: [0.0, 14.0, 0.0, 12.0, 0.0, 6.0, 0.0, 10.0, 0.0, 11.0, 0.0, 8.0, 0.0, 10.0, 0.0, 10.0, 15.0, 5.0, 15.0, 5.0, 0.0, 0.0]
B: [0.0, 54.0, 97.347924264, 106.06569462115, 135.58520535555, 279.0, 298.9128833924, 314.02713802169995, 335.78182416059997, 349.182260758, 373.00049700669996, 382.13399978493, 418.16061856883, 421.49399718519, 438.67897949529, 511.0, 549.0, 564.1378768657, 575.0426164316, 603.5839282444999, 615.8807320975, 631.8989069311]
