Avion: 4      Iteracion: 28

Num Ruta: 28
Ingresos: 127200.0
Costos: 394.762914263
Utilidad Ruta: 126805.237086
Costo Reducido: 82.2866027929
Nodos: [104, 17, 16, 56, 57, 12, 52, 10, 50, 35, 26, 75, 66, 13, 53, 25, 65, 20, 21, 60, 33, 61, 73, 814]
q: [0.0, 5.0, 10.0, -10.0, -5.0, 14.0, -14.0, 12.0, -12.0, 6.0, 9.0, -6.0, -9.0, 15.0, -15.0, 10.0, -10.0, 10.0, 5.0, -10.0, 10.0, -5.0, -10.0, 0.0]
Q: [0.0, 5.0, 15.0, 5.0, 0.0, 14.0, 0.0, 12.0, 0.0, 6.0, 15.0, 9.0, 0.0, 15.0, 0.0, 10.0, 0.0, 10.0, 15.0, 5.0, 15.0, 10.0, 0.0, 0.0]
B: [0.0, 24.0, 58.8014769802, 68.42556841784, 83.07333718993999, 102.78203093153999, 146.12995519554, 154.84772555268998, 184.36723628708998, 279.0, 300.0, 309.29300538039, 319.11482114938, 423.0, 439.88315095, 463.8957169312, 481.0806992413, 496.0, 500.74940638396, 547.67021805636, 562.0, 572.1555449386, 592.3676345138999, 619.2796181829]
