Avion: 2      Iteracion: 46

Num Ruta: 43
Ingresos: 50400.0
Costos: 127.839781971
Utilidad Ruta: 50272.160218
Costo Reducido: 5.79212902213
Nodos: [102, 31, 71, 11, 51, 21, 61, 37, 77, 812]
q: [0, 6.0, -6.0, 8.0, -8.0, 13.0, -13.0, 15.0, -15.0, 0]
Q: [0, 6.0, 0.0, 8.0, 0.0, 13.0, 0.0, 15.0, 0.0, 0]
B: [0.0, 130.0, 143.3056140031, 169.0, 173.05406684701, 477.0, 517.7387906792, 562.0, 582.7946534714999, 601.4938883222]
