Avion: 2      Iteracion: 51

Num Ruta: 48
Ingresos: 58800.0
Costos: 192.654561491
Utilidad Ruta: 58607.3454385
Costo Reducido: 9.26650607141
Nodos: [102, 11, 51, 34, 74, 28, 68, 15, 55, 7, 47, 812]
q: [0, 8.0, -8.0, 12.0, -12.0, 8.0, -8.0, 11.0, -11.0, 10.0, -10.0, 0]
Q: [0, 8.0, 0.0, 12.0, 0.0, 8.0, 0.0, 11.0, 0.0, 10.0, 0.0, 0]
B: [0.0, 169.0, 173.05406684701, 283.0, 323.947598037, 378.0, 414.0266187839, 511.0, 527.4211666151, 538.3259061809999, 566.8672179938999, 584.2760723501999]
