Avion: 4      Iteracion: 13

Num Ruta: 15
Ingresos: 109200.0
Costos: 477.1056221
Utilidad Ruta: 108722.894378
Costo Reducido: 68671.7733014
Nodos: [104, 24, 30, 64, 10, 70, 50, 31, 71, 36, 76, 35, 75, 28, 68, 13, 53, 38, 5, 45, 78, 814]
q: [0.0, 14.0, 0.0, -14.0, 12.0, 0.0, -12.0, 6.0, -6.0, 15.0, -15.0, 6.0, -6.0, 8.0, -8.0, 15.0, -15.0, 8.0, 7.0, -7.0, -8.0, 0.0]
Q: [0.0, 14.0, 14.0, 0.0, 12.0, 12.0, 0.0, 6.0, 0.0, 15.0, 0.0, 6.0, 0.0, 8.0, 0.0, 15.0, 0.0, 8.0, 15.0, 8.0, 0.0, 0.0]
B: [0.0, 61.0, 79.2569011609, 99.5250225588, 111.3109532391, 130.0040035252, 148.9048014184, 188.51295575560002, 201.81856975870002, 251.0, 257.94814406874, 308.86250452824004, 328.77538792064, 378.0, 414.0266187839, 446.9799880805, 463.8631390305, 480.0, 501.9024192728, 503.02410817798, 528.91863951188, 572.91977063368]
