Avion: 4      Iteracion: 2

Num Ruta: 6
Ingresos: 147600.0
Costos: 477.205065113
Utilidad Ruta: 147122.794935
Costo Reducido: 784757.481692
Nodos: [104, 16, 56, 9, 12, 49, 52, 1, 31, 71, 11, 51, 41, 3, 43, 35, 75, 26, 66, 25, 65, 13, 53, 6, 46, 5, 45, 814]
q: [0.0, 11.0, -11.0, 1.0, 14.0, -1.0, -14.0, 7.0, 6.0, -6.0, 8.0, -8.0, -7.0, 15.0, -15.0, 6.0, -6.0, 13.0, -13.0, 10.0, -10.0, 15.0, -15.0, 5.0, -5.0, 12.0, -12.0, 0.0]
Q: [0.0, 11.0, 0.0, 1.0, 15.0, 14.0, 0.0, 7.0, 13.0, 7.0, 15.0, 7.0, 0.0, 15.0, 0.0, 6.0, 0.0, 13.0, 0.0, 10.0, 0.0, 15.0, 0.0, 5.0, 0.0, 12.0, 0.0, 0.0]
B: [0.0, 36.0, 45.624091437640004, 75.68094759394, 96.51567151824, 107.30270827534, 144.23279248864, 175.0, 183.89376197118, 197.19937597428, 197.678254873377, 201.732321720387, 236.048051058387, 256.0, 261.08428175852, 304.88260501412, 324.79548840651995, 334.08849378690996, 351.66772175630996, 410.0, 427.1849823101, 443.186042775, 460.069193725, 484.2921423482, 487.98443174639, 506.37329196119, 507.49498086637, 538.54002106607]
