Avion: 3      Iteracion: 48

Num Ruta: 43
Ingresos: 150000.0
Costos: 379.953778841
Utilidad Ruta: 149620.046221
Costo Reducido: 13.4934620454
Nodos: [103, 24, 64, 31, 11, 51, 71, 36, 76, 34, 74, 22, 62, 19, 8, 59, 48, 13, 53, 29, 27, 69, 67, 37, 77, 813]
q: [0, 14.0, -14.0, 6.0, 8.0, -8.0, -6.0, 15.0, -15.0, 12.0, -12.0, 10.0, -10.0, 7.0, 8.0, -7.0, -8.0, 15.0, -15.0, 9.0, 6.0, -9.0, -6.0, 15.0, -15.0, 0]
Q: [0, 14.0, 0.0, 6.0, 14.0, 6.0, 0.0, 15.0, 0.0, 12.0, 0.0, 10.0, 0.0, 7.0, 15.0, 8.0, 0.0, 15.0, 0.0, 9.0, 15.0, 6.0, 0.0, 15.0, 0.0, 0]
B: [0.0, 61.0, 99.5129503025, 130.0, 169.0, 173.05406684701, 176.74844541451, 251.0, 257.94814406874, 283.0, 323.947598037, 353.69889745399996, 375.4535835929, 402.0, 425.1608815463, 443.1178409771, 446.04596016866, 448.25663630956996, 465.13978725956997, 549.0, 574.6018082369, 582.8182362320799, 598.26561380888, 605.10157943197, 625.89623290347, 646.89802835057]
