Avion: 2      Iteracion: 22

Num Ruta: 23
Ingresos: 120000.0
Costos: 354.460792078
Utilidad Ruta: 119645.539208
Costo Reducido: 221.635053981
Nodos: [102, 9, 49, 24, 64, 1, 41, 3, 43, 8, 32, 48, 13, 53, 72, 29, 27, 69, 67, 37, 77, 812]
q: [0.0, 11.0, -11.0, 14.0, -14.0, 7.0, -7.0, 15.0, -15.0, 8.0, 6.0, -8.0, 9.0, -9.0, -6.0, 9.0, 6.0, -9.0, -6.0, 15.0, -15.0, 0.0]
Q: [0.0, 11.0, 0.0, 14.0, 0.0, 7.0, 0.0, 15.0, 0.0, 8.0, 14.0, 6.0, 15.0, 6.0, 0.0, 9.0, 15.0, 6.0, 0.0, 15.0, 0.0, 0.0]
B: [0.0, 33.6128854013, 63.1401224038, 87.2803722989, 125.7933226014, 175.0, 209.2400855285, 256.0, 261.08428175852, 414.0, 425.4468981388, 447.8266328334, 450.03730897431, 466.92045992431, 470.99141030475005, 549.0, 574.6018082369, 582.8182362320799, 598.26561380888, 605.10157943197, 625.89623290347, 644.59546775417]
