Avion: 1      Iteracion: 10

Num Ruta: 14
Ingresos: 115200.0
Costos: 475.141221218
Utilidad Ruta: 114724.858779
Costo Reducido: 68494.2733121
Nodos: [101, 9, 49, 12, 30, 52, 10, 70, 50, 1, 41, 36, 76, 18, 23, 63, 58, 39, 79, 8, 6, 46, 48, 811]
q: [0.0, 11.0, -11.0, 14.0, 1.0, -14.0, 12.0, -1.0, -12.0, 7.0, -7.0, 15.0, -15.0, 11.0, 4.0, -4.0, -11.0, 8.0, -8.0, 8.0, 5.0, -5.0, -8.0, 0.0]
Q: [0.0, 11.0, 0.0, 14.0, 15.0, 1.0, 13.0, 12.0, 0.0, 7.0, 0.0, 15.0, 0.0, 11.0, 15.0, 11.0, 0.0, 8.0, 0.0, 8.0, 13.0, 8.0, 0.0, 0.0]
B: [0.0, 28.0, 57.5272370025, 68.3142737596, 86.8453366811, 112.2196831949, 120.93745355205, 139.63050383815, 158.53130173135, 196.95064290215, 231.19072843065, 265.13863206255, 272.08677613129004, 293.0, 313.1789501461, 352.91279305110004, 362.83832462377006, 388.0, 410.632187455, 434.7301572658, 462.6446552373, 466.33694463549, 479.20294712269, 493.12903041989]
