Avion: 4      Iteracion: 11

Num Ruta: 13
Ingresos: 139200.0
Costos: 458.35805303
Utilidad Ruta: 138741.641947
Costo Reducido: 296535.902292
Nodos: [104, 17, 57, 16, 56, 14, 54, 31, 11, 51, 71, 1, 41, 3, 43, 23, 63, 26, 66, 22, 62, 19, 8, 48, 13, 53, 59, 814]
q: [0.0, 5.0, -5.0, 11.0, -11.0, 8.0, -8.0, 6.0, 8.0, -8.0, -6.0, 7.0, -7.0, 15.0, -15.0, 10.0, -10.0, 13.0, -13.0, 10.0, -10.0, 7.0, 8.0, -8.0, 8.0, -8.0, -7.0, 0.0]
Q: [0.0, 5.0, 0.0, 11.0, 0.0, 8.0, 0.0, 6.0, 14.0, 6.0, 0.0, 7.0, 0.0, 15.0, 0.0, 10.0, 0.0, 13.0, 0.0, 10.0, 0.0, 7.0, 15.0, 7.0, 15.0, 7.0, 0.0, 0.0]
B: [0.0, 24.0, 58.8425537813, 64.17419311644, 73.79828455408, 112.0, 124.021711775, 151.2337789879, 169.0, 173.05406684701, 176.74844541451, 195.73813951421, 229.97822504271, 256.0, 261.08428175852, 267.0, 306.733842905, 326.4202156791, 343.9994436485, 357.6336242986, 379.3883104375, 402.0, 425.1608815463, 445.9292781623, 448.13995430321, 465.02310525321, 484.67113001401003, 512.37775653191]
