Avion: 4      Iteracion: 19

Num Ruta: 21
Ingresos: 120000.0
Costos: 390.805214688
Utilidad Ruta: 119609.194785
Costo Reducido: 153.212249872
Nodos: [104, 17, 57, 40, 80, 31, 14, 54, 71, 11, 51, 36, 76, 18, 58, 25, 65, 19, 32, 59, 13, 53, 72, 814]
q: [0.0, 5.0, -5.0, 15.0, -15.0, 6.0, 8.0, -8.0, -6.0, 8.0, -8.0, 15.0, -15.0, 11.0, -11.0, 10.0, -10.0, 7.0, 6.0, -7.0, 9.0, -9.0, -6.0, 0.0]
Q: [0.0, 5.0, 0.0, 15.0, 0.0, 6.0, 14.0, 6.0, 0.0, 8.0, 0.0, 15.0, 0.0, 11.0, 0.0, 10.0, 0.0, 7.0, 13.0, 6.0, 15.0, 6.0, 0.0, 0.0]
B: [0.0, 24.0, 58.8425537813, 82.5415246028, 115.1109663849, 138.4494553891, 155.96913780629998, 167.99084958129998, 197.05640655169998, 197.53528545079698, 201.58935229780698, 251.0, 257.94814406874, 293.0, 316.8182362487, 410.0, 427.1849823101, 443.8578739909, 455.57278862989995, 475.14525932219993, 479.37287862861996, 496.25602957862, 500.32697995906, 524.69312550976]
