Avion: 5      Iteracion: 6

Num Ruta: 8
Ingresos: 19200.0
Costos: 139.018588853
Utilidad Ruta: 19060.9814111
Costo Reducido: 107534.063677
Nodos: [105, 14, 54, 38, 78, 815]
q: [0, 8.0, -8.0, 8.0, -8.0, 0]
Q: [0, 8.0, 0.0, 8.0, 0.0, 0]
B: [0.0, 112.0, 124.021711775, 480.0, 512.8688866407, 544.6369385954999]
