Avion: 1      Iteracion: 12

Num Ruta: 16
Ingresos: 63600.0
Costos: 357.979345371
Utilidad Ruta: 63242.0206546
Costo Reducido: 36039.5965054
Nodos: [101, 17, 57, 11, 51, 34, 23, 63, 74, 25, 65, 37, 77, 811]
q: [0.0, 5.0, -5.0, 8.0, -8.0, 5.0, 10.0, -10.0, -5.0, 10.0, -10.0, 15.0, -15.0, 0.0]
Q: [0.0, 5.0, 0.0, 8.0, 0.0, 5.0, 15.0, 5.0, 0.0, 10.0, 0.0, 15.0, 0.0, 0.0]
B: [0.0, 36.0038629316, 70.8464167129, 169.0, 173.05406684701, 283.0, 324.6968644505, 364.43070735550003, 380.95036304200005, 422.33252441620004, 439.51750672630004, 562.0, 582.7946534714999, 625.7592471969999]
