Avion: 6      Iteracion: 18

Num Ruta: 20
Ingresos: 48000.0
Costos: 200.172377625
Utilidad Ruta: 47799.8276224
Costo Reducido: 107.054711354
Nodos: [106, 30, 70, 10, 50, 35, 75, 6, 46, 32, 72, 816]
q: [0, 11.0, -11.0, 12.0, -12.0, 6.0, -6.0, 5.0, -5.0, 6.0, -6.0, 0]
Q: [0, 11.0, 0.0, 12.0, 0.0, 6.0, 0.0, 5.0, 0.0, 6.0, 0.0, 0]
B: [0.0, 64.0, 82.7140226568, 101.4070729429, 130.92658367730002, 279.0, 298.9128833924, 436.0, 439.69228939819, 474.69356853198997, 502.55092434689, 510.58780066795]
