Avion: 7      Iteracion: 15

Num Ruta: 16
Ingresos: 19200.0
Costos: 91.967590518
Utilidad Ruta: 19108.0324095
Costo Reducido: 50.4344596774
Nodos: [107, 17, 57, 16, 56, 817]
q: [0, 5.0, -5.0, 11.0, -11.0, 0]
Q: [0, 5.0, 0.0, 11.0, 0.0, 0]
B: [0.0, 33.8861846923, 68.7287384736, 74.06037780874, 83.68446924638, 91.96759051798]
