Avion: 2      Iteracion: 28

Num Ruta: 29
Ingresos: 48000.0
Costos: 158.140788819
Utilidad Ruta: 47841.8592112
Costo Reducido: 28.6547574054
Nodos: [102, 22, 62, 32, 25, 65, 72, 29, 27, 69, 67, 812]
q: [0.0, 10.0, -10.0, 6.0, 9.0, -9.0, -6.0, 9.0, 6.0, -9.0, -6.0, 0.0]
Q: [0.0, 10.0, 0.0, 6.0, 15.0, 6.0, 0.0, 9.0, 15.0, 6.0, 0.0, 0.0]
B: [0.0, 299.0, 320.7546861389, 422.0, 442.6664482919, 459.851430602, 470.8364988767, 549.0, 574.6018082369, 582.8182362320799, 598.26561380888, 611.68202007138]
