Avion: 5      Iteracion: 24

Num Ruta: 23
Ingresos: 104400.0
Costos: 390.368204907
Utilidad Ruta: 104009.631795
Costo Reducido: 93.3685805214
Nodos: [105, 16, 56, 40, 80, 31, 1, 71, 41, 23, 35, 75, 63, 22, 62, 25, 19, 65, 5, 45, 59, 815]
q: [0.0, 11.0, -11.0, 15.0, -15.0, 6.0, 7.0, -6.0, -7.0, 9.0, 6.0, -6.0, -9.0, 10.0, -10.0, 8.0, 7.0, -8.0, 8.0, -8.0, -7.0, 0.0]
Q: [0.0, 11.0, 0.0, 15.0, 0.0, 6.0, 13.0, 7.0, 0.0, 9.0, 15.0, 9.0, 0.0, 10.0, 0.0, 8.0, 15.0, 7.0, 15.0, 7.0, 0.0, 0.0]
B: [0.0, 36.0, 45.624091437640004, 77.27284989674001, 109.84229167884001, 133.18078068304, 175.0, 193.9896940997, 227.5507818205, 267.0, 307.4405515417, 327.3534349341, 339.9719804129, 355.7284044044, 377.4830905433, 410.0, 419.3920072402, 436.06489892099995, 469.0, 470.12168890518, 478.47762499876, 490.37566803116]
