Avion: 4      Iteracion: 38

Num Ruta: 37
Ingresos: 54000.0
Costos: 148.88081234
Utilidad Ruta: 53851.1191877
Costo Reducido: 3.96285845088
Nodos: [104, 1, 41, 3, 43, 8, 32, 48, 13, 53, 72, 814]
q: [0.0, 7.0, -7.0, 15.0, -15.0, 8.0, 6.0, -8.0, 9.0, -9.0, -6.0, 0.0]
Q: [0.0, 7.0, 0.0, 15.0, 0.0, 8.0, 14.0, 6.0, 15.0, 6.0, 0.0, 0.0]
B: [0.0, 175.0, 209.2400855285, 256.0, 261.08428175852, 414.0, 425.4468981388, 447.8266328334, 450.03730897431, 466.92045992431, 470.99141030475005, 495.3575558554501]
