Avion: 5      Iteracion: 18

Num Ruta: 17
Ingresos: 139200.0
Costos: 516.975872999
Utilidad Ruta: 138683.024127
Costo Reducido: 200.336824251
Nodos: [105, 17, 57, 30, 16, 70, 56, 10, 50, 1, 31, 71, 41, 3, 43, 18, 36, 76, 34, 58, 74, 39, 79, 32, 19, 59, 38, 72, 78, 815]
q: [0.0, 5.0, -5.0, 11.0, 4.0, -11.0, -4.0, 12.0, -12.0, 7.0, 6.0, -6.0, -7.0, 15.0, -15.0, 3.0, 12.0, -12.0, 12.0, -3.0, -12.0, 8.0, -8.0, 6.0, 7.0, -7.0, 8.0, -6.0, -8.0, 0.0]
Q: [0.0, 5.0, 0.0, 11.0, 15.0, 4.0, 0.0, 12.0, 0.0, 7.0, 13.0, 7.0, 0.0, 15.0, 0.0, 3.0, 15.0, 3.0, 15.0, 12.0, 0.0, 8.0, 0.0, 6.0, 13.0, 6.0, 14.0, 8.0, 0.0, 0.0]
B: [0.0, 24.8000597782, 59.6426135595, 64.0, 72.20259129788, 83.01926305958, 85.89041962097, 101.71969683127, 131.23920756567, 175.0, 183.89376197118, 197.19937597428, 230.76046369508, 256.0, 261.08428175852, 293.0, 306.9670306436, 313.91517471234005, 327.63492270564007, 355.86696018084007, 371.0195898206401, 388.0, 410.632187455, 436.244028857, 447.95894349599996, 474.58605978749995, 491.39913017929996, 506.42957741149996, 528.4256561756999, 560.1937081305]
