Avion: 5      Iteracion: 23

Num Ruta: 22
Ingresos: 58800.0
Costos: 159.877542768
Utilidad Ruta: 58640.1224572
Costo Reducido: 145.214723104
Nodos: [105, 26, 66, 13, 53, 38, 20, 78, 27, 60, 67, 815]
q: [0.0, 13.0, -13.0, 15.0, -15.0, 6.0, 9.0, -6.0, 6.0, -9.0, -6.0, 0.0]
Q: [0.0, 13.0, 0.0, 15.0, 0.0, 6.0, 15.0, 9.0, 15.0, 6.0, 0.0, 0.0]
B: [0.0, 300.0, 317.5792279694, 423.0, 439.88315095, 480.0, 496.0, 530.6263354833, 542.1620628119, 568.4628261658, 584.6205919767, 600.8159549242]
