Avion: 2      Iteracion: 26

Num Ruta: 27
Ingresos: 136800.0
Costos: 428.76163272
Utilidad Ruta: 136371.238367
Costo Reducido: 39.1224159067
Nodos: [102, 16, 56, 14, 54, 11, 51, 1, 41, 3, 43, 36, 76, 34, 74, 39, 79, 38, 20, 78, 60, 37, 77, 812]
q: [0.0, 11.0, -11.0, 8.0, -8.0, 8.0, -8.0, 7.0, -7.0, 15.0, -15.0, 15.0, -15.0, 12.0, -12.0, 8.0, -8.0, 8.0, 7.0, -8.0, -7.0, 15.0, -15.0, 0.0]
Q: [0.0, 11.0, 0.0, 8.0, 0.0, 8.0, 0.0, 7.0, 0.0, 15.0, 0.0, 15.0, 0.0, 12.0, 0.0, 8.0, 0.0, 8.0, 15.0, 7.0, 0.0, 15.0, 0.0, 0.0]
B: [0.0, 36.0, 45.624091437640004, 112.0, 124.021711775, 169.0, 173.05406684701, 195.72351838431, 229.96360391281002, 256.0, 261.08428175852, 296.00374706082, 302.95189112956, 316.67163912286003, 357.61923715986, 388.0, 410.632187455, 480.0, 496.0, 530.6263354833, 558.0033432088, 569.5808611639, 590.3755146353999, 609.0747494860999]
