Avion: 4      Iteracion: 49

Num Ruta: 45
Ingresos: 26400.0
Costos: 95.0582713622
Utilidad Ruta: 26304.9417286
Costo Reducido: 1.48355767826
Nodos: [104, 1, 41, 36, 76, 814]
q: [0, 7.0, -7.0, 15.0, -15.0, 0]
Q: [0, 7.0, 0.0, 15.0, 0.0, 0]
B: [0.0, 175.0, 209.2400855285, 251.0, 257.94814406874, 270.60759812494]
