Avion: 7      Iteracion: 31

Num Ruta: 32
Ingresos: 39600.0
Costos: 138.768206018
Utilidad Ruta: 39461.231794
Costo Reducido: 22.5252462728
Nodos: [107, 14, 54, 23, 18, 58, 63, 22, 62, 817]
q: [0.0, 8.0, -8.0, 10.0, 5.0, -5.0, -10.0, 10.0, -10.0, 0.0]
Q: [0.0, 8.0, 0.0, 10.0, 15.0, 10.0, 0.0, 10.0, 0.0, 0.0]
B: [0.0, 112.0, 124.021711775, 267.0, 293.0, 316.8182362487, 326.74376782137, 342.50019181287, 364.25487795177, 382.90067729107005]
