Avion: 3      Iteracion: 52

Num Ruta: 46
Ingresos: 78000.0
Costos: 248.82095096
Utilidad Ruta: 77751.179049
Costo Reducido: 1.96163780539
Nodos: [103, 24, 64, 22, 62, 18, 58, 38, 21, 78, 61, 37, 77, 813]
q: [0.0, 14.0, -14.0, 10.0, -10.0, 11.0, -11.0, 8.0, 7.0, -8.0, -7.0, 15.0, -15.0, 0.0]
Q: [0.0, 14.0, 0.0, 10.0, 0.0, 11.0, 0.0, 8.0, 15.0, 7.0, 0.0, 15.0, 0.0, 0.0]
B: [0.0, 61.0, 99.5129503025, 299.0, 320.7546861389, 334.15512273630003, 357.973358985, 480.0, 486.82291294097, 525.3346514111701, 532.4045799822401, 562.0, 582.7946534714999, 603.7964489185999]
