Avion: 7      Iteracion: 28

Num Ruta: 29
Ingresos: 99600.0
Costos: 264.726302486
Utilidad Ruta: 99335.2736975
Costo Reducido: 59.0796887128
Nodos: [107, 24, 64, 1, 41, 3, 43, 23, 18, 58, 63, 6, 46, 5, 45, 7, 4, 47, 44, 817]
q: [0.0, 14.0, -14.0, 7.0, -7.0, 15.0, -15.0, 10.0, 5.0, -5.0, -10.0, 5.0, -5.0, 12.0, -12.0, 10.0, 5.0, -10.0, -5.0, 0.0]
Q: [0.0, 14.0, 0.0, 7.0, 0.0, 15.0, 0.0, 10.0, 15.0, 10.0, 0.0, 5.0, 0.0, 12.0, 0.0, 10.0, 15.0, 5.0, 0.0, 0.0]
B: [0.0, 61.0, 99.5129503025, 175.0, 209.2400855285, 256.0, 261.08428175852, 267.0, 293.0, 316.8182362487, 326.74376782137, 436.0, 439.69228939819, 469.0, 470.12168890518, 517.0, 529.0, 548.2723609867, 549.43273506431, 561.43282110571]
