Avion: 7      Iteracion: 8

Num Ruta: 10
Ingresos: 74400.0
Costos: 423.949962064
Utilidad Ruta: 73976.0500379
Costo Reducido: 111219.855861
Nodos: [107, 9, 49, 10, 50, 34, 74, 22, 62, 28, 68, 29, 69, 817]
q: [0, 11.0, -11.0, 12.0, -12.0, 12.0, -12.0, 10.0, -10.0, 8.0, -8.0, 9.0, -9.0, 0]
Q: [0, 11.0, 0.0, 12.0, 0.0, 12.0, 0.0, 10.0, 0.0, 8.0, 0.0, 9.0, 0.0, 0]
B: [0.0, 28.0348110926, 57.562048095099996, 96.0, 125.5195107344, 283.0, 323.947598037, 353.69889745399996, 375.4535835929, 418.5047472938, 454.5313660777, 549.0, 582.7797797802, 604.3533147247]
