Avion: 1      Iteracion: 33

Num Ruta: 36
Ingresos: 67200.0
Costos: 184.588452354
Utilidad Ruta: 67015.4115476
Costo Reducido: 19.5814527544
Nodos: [101, 18, 58, 39, 79, 5, 45, 7, 20, 47, 60, 33, 73, 811]
q: [0.0, 11.0, -11.0, 8.0, -8.0, 12.0, -12.0, 5.0, 10.0, -5.0, -10.0, 10.0, -10.0, 0.0]
Q: [0.0, 11.0, 0.0, 8.0, 0.0, 12.0, 0.0, 5.0, 15.0, 10.0, 0.0, 10.0, 0.0, 0.0]
B: [0.0, 293.0, 316.8182362487, 388.0, 410.632187455, 469.0, 470.12168890518, 517.0, 525.74295442056, 554.98896180616, 567.9526463518599, 578.7744456939599, 602.0779569315599, 607.99693319439]
