Avion: 5      Iteracion: 34

Num Ruta: 32
Ingresos: 6000.0
Costos: 66.3463084362
Utilidad Ruta: 5933.65369156
Costo Reducido: 11.1897644608
Nodos: [105, 17, 57, 815]
q: [0, 5.0, -5.0, 0]
Q: [0, 5.0, 0.0, 0]
B: [0.0, 24.8000597782, 59.6426135595, 66.34630843621]
