Avion: 3      Iteracion: 33

Num Ruta: 33
Ingresos: 82800.0
Costos: 241.617681919
Utilidad Ruta: 82558.3823181
Costo Reducido: 3.91594108181
Nodos: [103, 9, 49, 12, 52, 31, 11, 51, 71, 36, 76, 21, 38, 61, 78, 813]
q: [0.0, 11.0, -11.0, 14.0, -14.0, 6.0, 8.0, -8.0, -6.0, 15.0, -15.0, 7.0, 8.0, -7.0, -8.0, 0.0]
Q: [0.0, 11.0, 0.0, 14.0, 0.0, 6.0, 14.0, 6.0, 0.0, 15.0, 0.0, 7.0, 15.0, 8.0, 0.0, 0.0]
B: [0.0, 28.0, 57.5272370025, 68.3142737596, 111.6621980236, 132.5795314101, 169.0, 173.05406684701, 176.74844541451, 251.0, 257.94814406874, 477.0, 483.82291294097, 518.30529332577, 525.37522189684, 564.17058508624]
