Avion: 7      Iteracion: 34

Num Ruta: 34
Ingresos: 69600.0
Costos: 209.114197729
Utilidad Ruta: 69390.8858023
Costo Reducido: 48.2587745285
Nodos: [107, 14, 54, 32, 19, 25, 65, 59, 13, 53, 72, 15, 55, 7, 4, 44, 47, 817]
q: [0.0, 8.0, -8.0, 6.0, 7.0, 2.0, -2.0, -7.0, 9.0, -9.0, -6.0, 11.0, -11.0, 10.0, 5.0, -5.0, -10.0, 0.0]
Q: [0.0, 8.0, 0.0, 6.0, 13.0, 15.0, 13.0, 6.0, 15.0, 6.0, 0.0, 11.0, 0.0, 10.0, 15.0, 10.0, 0.0, 0.0]
B: [0.0, 112.0, 124.021711775, 422.0, 433.71491463899997, 443.10692187919994, 460.29190418929994, 477.07876062519995, 481.30637993162, 498.18953088162, 502.26048126206, 525.55592081576, 541.97708743086, 552.88182699676, 563.24520028926, 583.67094996946, 584.83132404707, 595.89848000517]
