Avion: 1      Iteracion: 28

Num Ruta: 32
Ingresos: 126000.0
Costos: 367.244592792
Utilidad Ruta: 125632.755407
Costo Reducido: 3.57097015409
Nodos: [101, 24, 64, 1, 41, 3, 43, 23, 18, 58, 63, 28, 39, 68, 19, 59, 79, 6, 46, 5, 45, 7, 4, 47, 44, 811]
q: [0.0, 14.0, -14.0, 7.0, -7.0, 15.0, -15.0, 10.0, 5.0, -5.0, -10.0, 8.0, 7.0, -8.0, 7.0, -7.0, -7.0, 5.0, -5.0, 12.0, -12.0, 10.0, 5.0, -10.0, -5.0, 0.0]
Q: [0.0, 14.0, 0.0, 7.0, 0.0, 15.0, 0.0, 10.0, 15.0, 10.0, 0.0, 8.0, 15.0, 7.0, 14.0, 7.0, 0.0, 5.0, 0.0, 12.0, 0.0, 10.0, 15.0, 5.0, 0.0, 0.0]
B: [0.0, 61.0, 99.5129503025, 175.0, 209.2400855285, 256.0, 261.08428175852, 267.0, 293.0, 316.8182362487, 326.74376782137, 378.0, 389.3210123222, 420.750419714, 433.28621298769997, 459.91332927919996, 466.22853133455993, 472.91677549875993, 476.6090648969499, 494.9979251117499, 496.1196140169299, 517.83802063433, 529.0, 548.2723609867, 549.43273506431, 574.35875311771]
