Avion: 6      Iteracion: 39

Num Ruta: 35
Ingresos: 66000.0
Costos: 248.04488229
Utilidad Ruta: 65751.9551177
Costo Reducido: 25.0990347908
Nodos: [106, 9, 49, 12, 52, 6, 46, 5, 45, 21, 61, 816]
q: [0, 11.0, -11.0, 14.0, -14.0, 5.0, -5.0, 12.0, -12.0, 13.0, -13.0, 0]
Q: [0, 11.0, 0.0, 14.0, 0.0, 5.0, 0.0, 12.0, 0.0, 13.0, 0.0, 0]
B: [0.0, 35.5829922575, 65.11022926000001, 75.89726601710001, 119.24519028110001, 436.0, 439.69228939819, 469.0, 470.12168890518, 498.36127928818, 539.10006996738, 573.03060173448]
