Avion: 6      Iteracion: 2

Num Ruta: 6
Ingresos: 157200.0
Costos: 511.325060383
Utilidad Ruta: 156688.67494
Costo Reducido: 801966.641944
Nodos: [106, 9, 49, 12, 52, 1, 11, 51, 41, 3, 43, 35, 75, 26, 66, 25, 65, 13, 53, 6, 46, 5, 45, 7, 4, 44, 47, 816]
q: [0, 11.0, -11.0, 14.0, -14.0, 7.0, 8.0, -8.0, -7.0, 15.0, -15.0, 6.0, -6.0, 13.0, -13.0, 10.0, -10.0, 15.0, -15.0, 5.0, -5.0, 12.0, -12.0, 10.0, 5.0, -5.0, -10.0, 0]
Q: [0, 11.0, 0.0, 14.0, 0.0, 7.0, 15.0, 7.0, 0.0, 15.0, 0.0, 6.0, 0.0, 13.0, 0.0, 10.0, 0.0, 15.0, 0.0, 5.0, 0.0, 12.0, 0.0, 10.0, 15.0, 10.0, 0.0, 0]
B: [0.0, 35.5829922575, 65.11022926000001, 75.89726601710001, 119.24519028110001, 175.0, 193.6808285951, 197.73489544211, 232.05062478011, 256.0, 261.08428175852, 304.88260501412, 324.79548840651995, 334.08849378690996, 351.66772175630996, 410.0, 427.1849823101, 443.186042775, 460.069193725, 484.2921423482, 487.98443174639, 506.37329196119, 507.49498086637, 529.21338748377, 539.57676077627, 560.00251045647, 561.1628845340799, 593.7850513075799]
