Avion: 3      Iteracion: 20

Num Ruta: 21
Ingresos: 112800.0
Costos: 407.619819381
Utilidad Ruta: 112392.380181
Costo Reducido: 172.179829144
Nodos: [103, 16, 56, 9, 49, 11, 51, 36, 76, 18, 34, 58, 74, 39, 6, 46, 79, 32, 38, 72, 21, 78, 61, 813]
q: [0.0, 11.0, -11.0, 11.0, -11.0, 8.0, -8.0, 15.0, -15.0, 3.0, 12.0, -3.0, -12.0, 8.0, 5.0, -5.0, -8.0, 6.0, 2.0, -6.0, 13.0, -2.0, -13.0, 0.0]
Q: [0.0, 11.0, 0.0, 11.0, 0.0, 8.0, 0.0, 15.0, 0.0, 3.0, 15.0, 12.0, 0.0, 8.0, 13.0, 8.0, 0.0, 6.0, 8.0, 2.0, 15.0, 13.0, 0.0, 0.0]
B: [0.0, 36.0, 45.624091437640004, 75.68094759394, 105.20818459644, 169.0, 173.05406684701, 251.0, 257.94814406874, 293.0, 316.7154937119, 344.9475311871, 360.10016082690004, 388.0, 436.0, 439.69228939819, 449.87740525418997, 475.48924665618995, 489.92622435238997, 504.95667158458997, 523.3686031779899, 561.88034164819, 568.95027021926, 607.48755576196]
