Avion: 7      Iteracion: 49

Num Ruta: 47
Ingresos: 28800.0
Costos: 95.2455666828
Utilidad Ruta: 28704.7544333
Costo Reducido: 7.50189481604
Nodos: [107, 14, 54, 23, 63, 27, 67, 817]
q: [0, 8.0, -8.0, 10.0, -10.0, 6.0, -6.0, 0]
Q: [0, 8.0, 0.0, 10.0, 0.0, 6.0, 0.0, 0]
B: [0.0, 112.0, 124.021711775, 267.0, 306.733842905, 538.0, 555.0308623681, 561.7355571411699]
