Avion: 4      Iteracion: 31

Num Ruta: 31
Ingresos: 26400.0
Costos: 126.383802672
Utilidad Ruta: 26273.6161973
Costo Reducido: 28.5230186954
Nodos: [104, 1, 41, 23, 18, 63, 58, 814]
q: [0.0, 7.0, -7.0, 10.0, 5.0, -10.0, -5.0, 0.0]
Q: [0.0, 7.0, 0.0, 10.0, 15.0, 5.0, 0.0, 0.0]
B: [0.0, 175.0, 209.2400855285, 267.0, 293.0, 318.4393114097, 328.36484298237, 352.87155944947]
