Avion: 7      Iteracion: 21

Num Ruta: 22
Ingresos: 112800.0
Costos: 307.900627801
Utilidad Ruta: 112492.099372
Costo Reducido: 173.620607125
Nodos: [107, 30, 16, 56, 70, 24, 64, 31, 71, 11, 51, 19, 32, 8, 59, 48, 13, 72, 53, 15, 55, 7, 47, 27, 67, 817]
q: [0.0, 11.0, 4.0, -4.0, -11.0, 14.0, -14.0, 6.0, -6.0, 8.0, -8.0, 7.0, 6.0, 2.0, -7.0, -2.0, 9.0, -6.0, -9.0, 11.0, -11.0, 10.0, -10.0, 6.0, -6.0, 0.0]
Q: [0.0, 11.0, 15.0, 11.0, 0.0, 14.0, 0.0, 6.0, 0.0, 8.0, 0.0, 7.0, 13.0, 15.0, 8.0, 6.0, 15.0, 9.0, 0.0, 11.0, 0.0, 10.0, 0.0, 6.0, 0.0, 0.0]
B: [0.0, 64.0, 72.20259129788, 81.82668273552001, 84.69783929691, 109.43181018721, 147.94476048971, 159.22911824721, 172.53473225031001, 173.013611149407, 177.06767799641702, 402.0, 422.0, 433.4468981388, 451.4038575696, 454.33197676116, 456.54265290206996, 470.38483267987, 474.45578306031, 511.0, 527.4211666151, 538.3259061809999, 566.8672179938999, 582.7069928659998, 599.7378552340998, 606.4425500071698]
