Avion: 3      Iteracion: 7

Num Ruta: 10
Ingresos: 93600.0
Costos: 345.537673536
Utilidad Ruta: 93254.4623265
Costo Reducido: 131765.574833
Nodos: [103, 36, 76, 3, 43, 23, 18, 63, 58, 25, 65, 21, 61, 20, 60, 813]
q: [0.0, 15.0, -15.0, 15.0, -15.0, 4.0, 11.0, -4.0, -11.0, 10.0, -10.0, 13.0, -13.0, 10.0, -10.0, 0.0]
Q: [0.0, 15.0, 0.0, 15.0, 0.0, 4.0, 15.0, 11.0, 0.0, 10.0, 0.0, 13.0, 0.0, 10.0, 0.0, 0.0]
B: [0.0, 251.0, 257.94814406874, 294.92818141324, 300.01246317176, 303.37495049515996, 323.55390064126, 348.99321205096, 358.91874362363, 410.0, 427.1849823101, 477.0, 517.7387906792, 554.1640824007, 596.3412248477999, 634.7140961112]
