Avion: 5      Iteracion: 2

Num Ruta: 6
Ingresos: 30000.0
Costos: 166.118292655
Utilidad Ruta: 29833.8817073
Costo Reducido: 633802.513806
Nodos: [105, 12, 52, 35, 75, 6, 46, 815]
q: [0, 14.0, -14.0, 6.0, -6.0, 5.0, -5.0, 0]
Q: [0, 14.0, 0.0, 6.0, 0.0, 5.0, 0.0, 0]
B: [0.0, 54.0, 97.347924264, 279.0, 298.9128833924, 436.0, 439.69228939819, 467.04541225458996]
