Avion: 5      Iteracion: 7

Num Ruta: 9
Ingresos: 24000.0
Costos: 142.832420711
Utilidad Ruta: 23857.1675793
Costo Reducido: 71780.3681043
Nodos: [105, 25, 65, 20, 60, 815]
q: [0, 10.0, -10.0, 10.0, -10.0, 0]
Q: [0, 10.0, 0.0, 10.0, 0.0, 0]
B: [0.0, 410.0, 427.1849823101, 496.0, 538.1771424471, 570.5301628471]
