Avion: 1      Iteracion: 34

Num Ruta: 37
Ingresos: 16800.0
Costos: 68.4514273688
Utilidad Ruta: 16731.5485726
Costo Reducido: 28.8443138141
Nodos: [101, 14, 54, 32, 72, 811]
q: [0, 8.0, -8.0, 6.0, -6.0, 0]
Q: [0, 8.0, 0.0, 6.0, 0.0, 0]
B: [0.0, 112.0, 124.021711775, 422.0, 449.8573558149, 457.68658578981]
