Avion: 3      Iteracion: 18

Num Ruta: 19
Ingresos: 106800.0
Costos: 415.189179612
Utilidad Ruta: 106384.81082
Costo Reducido: 191.607746075
Nodos: [103, 40, 80, 10, 50, 35, 75, 34, 74, 39, 79, 6, 46, 32, 72, 20, 60, 37, 77, 813]
q: [0, 15.0, -15.0, 12.0, -12.0, 6.0, -6.0, 12.0, -12.0, 8.0, -8.0, 5.0, -5.0, 6.0, -6.0, 10.0, -10.0, 15.0, -15.0, 0]
Q: [0, 15.0, 0.0, 12.0, 0.0, 6.0, 0.0, 12.0, 0.0, 8.0, 0.0, 5.0, 0.0, 6.0, 0.0, 10.0, 0.0, 15.0, 0.0, 0]
B: [0.0, 62.0, 94.5694417821, 111.75013586, 141.2696465944, 279.0, 298.9128833924, 340.34711220139997, 381.29471023839994, 390.63136199370996, 413.26354944870997, 436.0, 439.69228939819, 474.69356853198997, 502.55092434689, 518.50999681369, 560.68713926079, 572.26465721589, 593.05931068739, 614.06110613449]
