Avion: 3      Iteracion: 2

Num Ruta: 6
Ingresos: 158400.0
Costos: 479.512225253
Utilidad Ruta: 157920.487775
Costo Reducido: 675366.801868
Nodos: [103, 9, 49, 12, 40, 80, 52, 31, 11, 51, 71, 36, 76, 3, 43, 23, 26, 63, 66, 13, 53, 5, 45, 38, 21, 78, 61, 4, 44, 813]
q: [0.0, 11.0, -11.0, 14.0, 1.0, -1.0, -14.0, 6.0, 8.0, -8.0, -6.0, 15.0, -15.0, 15.0, -15.0, 2.0, 13.0, -2.0, -13.0, 15.0, -15.0, 12.0, -12.0, 2.0, 13.0, -2.0, -13.0, 5.0, -5.0, 0.0]
Q: [0.0, 11.0, 0.0, 14.0, 15.0, 14.0, 0.0, 6.0, 14.0, 6.0, 0.0, 15.0, 0.0, 15.0, 0.0, 2.0, 15.0, 13.0, 0.0, 15.0, 0.0, 12.0, 0.0, 2.0, 15.0, 13.0, 0.0, 5.0, 0.0, 0.0]
B: [0.0, 28.0, 57.5272370025, 68.3142737596, 88.1072362716, 120.6766780537, 141.545345117, 162.4626785035, 175.6454076974, 179.69947454441, 183.39385311191, 251.0, 257.94814406874, 294.92818141324, 300.01246317176, 303.37495049515996, 337.81629403745995, 357.50266681155995, 360.56973919413997, 423.0, 439.88315095, 469.0, 470.12168890518, 491.70338160988, 498.52629455085, 537.0380330210501, 544.1079615921201, 573.2777590031201, 593.70350868332, 621.25578209222]
