Avion: 4      Iteracion: 15

Num Ruta: 17
Ingresos: 28800.0
Costos: 189.775402697
Utilidad Ruta: 28610.2245973
Costo Reducido: 82.5647585467
Nodos: [104, 24, 64, 20, 60, 814]
q: [0, 14.0, -14.0, 10.0, -10.0, 0]
Q: [0, 14.0, 0.0, 10.0, 0.0, 0]
B: [0.0, 61.0, 99.5129503025, 496.0, 538.1771424471, 588.2961922785]
