Avion: 1      Iteracion: 17

Num Ruta: 21
Ingresos: 94800.0
Costos: 323.911959183
Utilidad Ruta: 94476.0880408
Costo Reducido: 153.094678359
Nodos: [101, 24, 64, 1, 41, 23, 63, 28, 39, 79, 13, 53, 68, 25, 65, 21, 4, 44, 61, 811]
q: [0.0, 14.0, -14.0, 7.0, -7.0, 10.0, -10.0, 7.0, 8.0, -8.0, 8.0, -8.0, -7.0, 10.0, -10.0, 10.0, 5.0, -5.0, -10.0, 0.0]
Q: [0.0, 14.0, 0.0, 7.0, 0.0, 10.0, 0.0, 7.0, 15.0, 7.0, 15.0, 7.0, 0.0, 10.0, 0.0, 10.0, 15.0, 10.0, 0.0, 0.0]
B: [0.0, 61.0, 99.5129503025, 175.0, 209.2400855285, 267.0, 306.733842905, 378.0, 389.3210123222, 411.9531997772, 423.0, 439.88315095, 462.92158097460003, 466.25495959096, 483.43994190106, 491.60865538606004, 529.0, 549.4257496801999, 566.2286940948, 585.3876087038999]
