Avion: 3      Iteracion: 37

Num Ruta: 37
Ingresos: 88800.0
Costos: 277.745226058
Utilidad Ruta: 88522.2547739
Costo Reducido: 9.97875640109
Nodos: [103, 12, 52, 1, 41, 8, 48, 13, 53, 21, 4, 61, 44, 37, 77, 813]
q: [0.0, 14.0, -14.0, 7.0, -7.0, 8.0, -8.0, 15.0, -15.0, 13.0, 2.0, -13.0, -2.0, 15.0, -15.0, 0.0]
Q: [0.0, 14.0, 0.0, 7.0, 0.0, 8.0, 0.0, 15.0, 0.0, 13.0, 15.0, 2.0, 0.0, 15.0, 0.0, 0.0]
B: [0.0, 54.0, 97.347924264, 175.0, 209.2400855285, 414.0, 434.768396616, 436.97907275691, 453.86222370691, 477.0, 529.0, 558.169797411, 574.9727418256, 582.03711391376, 602.83176738526, 623.83356283236]
