Avion: 5      Iteracion: 20

Num Ruta: 19
Ingresos: 46800.0
Costos: 137.949802882
Utilidad Ruta: 46662.0501971
Costo Reducido: 51.1007752923
Nodos: [105, 16, 56, 40, 80, 26, 66, 815]
q: [0, 11.0, -11.0, 15.0, -15.0, 13.0, -13.0, 0]
Q: [0, 11.0, 0.0, 15.0, 0.0, 13.0, 0.0, 0]
B: [0.0, 36.0, 45.624091437640004, 77.27284989674001, 109.84229167884001, 300.0, 317.5792279694, 335.3770505609]
