Avion: 3      Iteracion: 16

Num Ruta: 17
Ingresos: 116400.0
Costos: 410.485268289
Utilidad Ruta: 115989.514732
Costo Reducido: 200.59269639
Nodos: [103, 9, 49, 40, 80, 14, 54, 3, 43, 23, 63, 35, 75, 6, 46, 5, 45, 38, 21, 7, 47, 78, 61, 813]
q: [0.0, 11.0, -11.0, 15.0, -15.0, 8.0, -8.0, 15.0, -15.0, 10.0, -10.0, 6.0, -6.0, 5.0, -5.0, 12.0, -12.0, 5.0, 0.0, 10.0, -10.0, -5.0, 0.0, 0.0]
Q: [0.0, 11.0, 0.0, 15.0, 0.0, 8.0, 0.0, 15.0, 0.0, 10.0, 0.0, 6.0, 0.0, 5.0, 0.0, 12.0, 0.0, 5.0, 5.0, 15.0, 5.0, 0.0, 0.0, 0.0]
B: [0.0, 28.0, 57.5272370025, 86.4860319533, 119.0554737354, 147.6338756676, 159.6555874426, 256.0, 261.08428175852, 267.0, 306.733842905, 336.2538785588, 356.1667619512, 436.0, 439.69228939819, 469.0, 470.12168890518, 491.70338160988, 498.52629455085, 517.0, 545.5413118129, 567.3456051745, 574.41553374557, 612.95281928827]
