Avion: 5      Iteracion: 1

Num Ruta: 5
Ingresos: 134400.0
Costos: 452.915534586
Utilidad Ruta: 133947.084465
Costo Reducido: 160429.13473
Nodos: [105, 16, 56, 40, 80, 10, 50, 1, 11, 51, 41, 23, 18, 58, 63, 26, 66, 39, 79, 13, 48, 8, 53, 815]
q: [0.0, 11.0, -11.0, 15.0, -15.0, 12.0, -12.0, 7.0, 8.0, -8.0, -7.0, 4.0, 11.0, -11.0, -4.0, 13.0, -13.0, 8.0, -8.0, 15.0, -8.0, 8.0, -15.0, 0.0]
Q: [0.0, 11.0, 0.0, 15.0, 0.0, 12.0, 0.0, 7.0, 15.0, 7.0, 0.0, 4.0, 15.0, 4.0, 0.0, 13.0, 0.0, 8.0, 0.0, 15.0, 7.0, 15.0, 0.0, 0.0]
B: [0.0, 36.0, 45.624091437640004, 77.27284989674001, 109.84229167884001, 127.02298575674001, 156.54249649114, 194.96183766194002, 213.64266625704002, 217.69673310405003, 252.01246244205004, 267.0, 293.0, 316.8182362487, 326.74376782137, 346.43014059547, 364.00936856487, 388.0, 410.632187455, 423.0, 434.0, 454.768396616, 487.9396421308, 508.4767832415]
