Avion: 7      Iteracion: 17

Num Ruta: 18
Ingresos: 106800.0
Costos: 242.75929396
Utilidad Ruta: 106557.240706
Costo Reducido: 128.45197246
Nodos: [107, 31, 71, 11, 51, 36, 76, 39, 79, 5, 45, 7, 4, 47, 44, 33, 73, 37, 77, 817]
q: [0, 6.0, -6.0, 8.0, -8.0, 15.0, -15.0, 8.0, -8.0, 12.0, -12.0, 10.0, 5.0, -10.0, -5.0, 10.0, -10.0, 15.0, -15.0, 0]
Q: [0, 6.0, 0.0, 8.0, 0.0, 15.0, 0.0, 8.0, 0.0, 12.0, 0.0, 10.0, 15.0, 5.0, 0.0, 10.0, 0.0, 15.0, 0.0, 0]
B: [0.0, 130.0, 143.3056140031, 169.0, 173.05406684701, 251.0, 257.94814406874, 388.0, 410.632187455, 469.0, 470.12168890518, 517.0, 529.0, 548.2723609867, 549.43273506431, 562.0, 585.3035112376, 612.462098259, 633.2567517304999, 648.8311400972999]
