Avion: 7      Iteracion: 54

Num Ruta: 52
Ingresos: 60000.0
Costos: 156.496395955
Utilidad Ruta: 59843.503604
Costo Reducido: 5.10774466997
Nodos: [107, 31, 71, 11, 51, 25, 65, 15, 55, 20, 7, 47, 60, 817]
q: [0.0, 6.0, -6.0, 8.0, -8.0, 10.0, -10.0, 11.0, -11.0, 10.0, 5.0, -5.0, -10.0, 0.0]
Q: [0.0, 6.0, 0.0, 8.0, 0.0, 10.0, 0.0, 11.0, 0.0, 10.0, 15.0, 10.0, 0.0, 0.0]
B: [0.0, 130.0, 143.3056140031, 169.0, 173.05406684701, 410.0, 427.1849823101, 511.0, 527.4211666151, 533.55501866744, 542.2979730879999, 570.8392849008999, 583.8029694465998, 605.0788134016998]
