Avion: 3      Iteracion: 42

Num Ruta: 39
Ingresos: 75600.0
Costos: 194.127073014
Utilidad Ruta: 75405.872927
Costo Reducido: 16.2380334362
Nodos: [103, 40, 80, 10, 50, 35, 75, 26, 66, 6, 46, 5, 45, 813]
q: [0, 15.0, -15.0, 12.0, -12.0, 6.0, -6.0, 13.0, -13.0, 5.0, -5.0, 12.0, -12.0, 0]
Q: [0, 15.0, 0.0, 12.0, 0.0, 6.0, 0.0, 13.0, 0.0, 5.0, 0.0, 12.0, 0.0, 0]
B: [0.0, 62.0, 94.5694417821, 111.75013586, 141.2696465944, 279.0, 298.9128833924, 308.20588877279, 325.78511674219, 436.0, 439.69228939819, 469.0, 470.12168890518, 489.51114356488]
