Avion: 1      Iteracion: 5

Num Ruta: 9
Ingresos: 157200.0
Costos: 517.485873711
Utilidad Ruta: 156682.514126
Costo Reducido: 304518.2369
Nodos: [101, 16, 56, 30, 70, 24, 64, 1, 41, 36, 76, 22, 62, 18, 58, 39, 79, 13, 53, 32, 38, 72, 78, 27, 29, 4, 67, 44, 69, 811]
q: [0.0, 11.0, -11.0, 11.0, -11.0, 14.0, -14.0, 7.0, -7.0, 15.0, -15.0, 10.0, -10.0, 11.0, -11.0, 8.0, -8.0, 15.0, -15.0, 6.0, 8.0, -6.0, -8.0, 6.0, 4.0, 5.0, -6.0, -5.0, -4.0, 0.0]
Q: [0.0, 11.0, 0.0, 11.0, 0.0, 14.0, 0.0, 7.0, 0.0, 15.0, 0.0, 10.0, 0.0, 11.0, 0.0, 8.0, 0.0, 15.0, 0.0, 6.0, 14.0, 8.0, 0.0, 6.0, 10.0, 15.0, 9.0, 4.0, 0.0, 0.0]
B: [0.0, 36.0, 45.624091437640004, 64.0, 82.7140226568, 107.4479935471, 145.9609438496, 175.0, 209.2400855285, 251.0, 257.94814406874, 299.0, 320.7546861389, 334.15512273630003, 357.973358985, 388.0, 410.632187455, 423.0, 439.88315095, 467.2623045162, 481.6992822124, 496.7297294446, 518.7258082088, 538.0, 563.6018082369, 584.3118108685, 600.3990115262, 605.8142700611199, 618.03334109782, 634.05151593142]
