Avion: 1      Iteracion: 0

Num Ruta: 1
Ingresos: 72000.0
Costos: 311.250361124
Utilidad Ruta: 71688.7496389
Costo Reducido: -
Nodos: [101, 12, 52, 14, 54, 18, 58, 39, 79, 32, 72, 21, 61, 811]
q: [0, 14.0, -14.0, 8.0, -8.0, 11.0, -11.0, 8.0, -8.0, 6.0, -6.0, 13.0, -13.0, 0]
Q: [0, 14.0, 0.0, 8.0, 0.0, 11.0, 0.0, 8.0, 0.0, 6.0, 0.0, 13.0, 0.0, 0]
B: [0.0, 54.0, 97.347924264, 133.8671580457, 145.8888698207, 293.0, 316.8182362487, 388.0, 410.632187455, 436.244028857, 464.1013846719, 482.5133162653, 523.2521069444999, 542.4110215535999]
