Avion: 6      Iteracion: 10

Num Ruta: 13
Ingresos: 103200.0
Costos: 394.131365471
Utilidad Ruta: 102805.868635
Costo Reducido: 110424.168117
Nodos: [106, 40, 80, 10, 50, 1, 41, 36, 76, 18, 58, 15, 55, 4, 7, 47, 44, 816]
q: [0, 15.0, -15.0, 12.0, -12.0, 7.0, -7.0, 15.0, -15.0, 11.0, -11.0, 11.0, -11.0, 5.0, 10.0, -10.0, -5.0, 0]
Q: [0, 15.0, 0.0, 12.0, 0.0, 7.0, 0.0, 15.0, 0.0, 11.0, 0.0, 11.0, 0.0, 5.0, 15.0, 5.0, 0.0, 0]
B: [0.0, 62.0, 94.5694417821, 111.75013586, 141.2696465944, 179.6889877652, 213.92907329370001, 251.0, 257.94814406874, 293.0, 316.8182362487, 511.0, 527.4211666151, 532.99584588839, 543.35921918089, 571.90053099379, 573.0609050713999, 606.6596195855]
