Avion: 4      Iteracion: 5

Num Ruta: 9
Ingresos: 159600.0
Costos: 535.054027168
Utilidad Ruta: 159064.945973
Costo Reducido: 298650.517651
Nodos: [104, 16, 56, 9, 24, 49, 64, 1, 41, 3, 43, 23, 18, 58, 63, 22, 62, 39, 6, 46, 79, 13, 53, 5, 45, 4, 29, 69, 27, 44, 67, 814]
q: [0.0, 11.0, -11.0, 1.0, 14.0, -1.0, -14.0, 7.0, -7.0, 15.0, -15.0, 10.0, 5.0, -5.0, -10.0, 10.0, -10.0, 8.0, 5.0, -5.0, -8.0, 15.0, -15.0, 12.0, -12.0, 5.0, 9.0, -9.0, 6.0, -5.0, -6.0, 0.0]
Q: [0.0, 11.0, 0.0, 1.0, 15.0, 14.0, 0.0, 7.0, 0.0, 15.0, 0.0, 10.0, 15.0, 10.0, 0.0, 10.0, 0.0, 8.0, 13.0, 8.0, 0.0, 15.0, 0.0, 12.0, 0.0, 5.0, 14.0, 5.0, 11.0, 6.0, 0.0, 0.0]
B: [0.0, 36.0, 45.624091437640004, 75.68094759394, 82.11782463176, 106.25807452686, 131.31363794096, 175.0, 209.2400855285, 256.0, 261.08428175852, 267.0, 293.0, 316.8182362487, 326.74376782137, 342.50019181287, 364.25487795177, 410.94142933437, 437.09932261727, 440.79161201546, 450.97672787145996, 454.20866165790994, 471.09181260790996, 498.35609570871, 499.47778461389, 529.0, 549.7100026316, 583.4897824118, 591.70621040698, 608.05702298618, 613.4722815211, 647.4536646595]
