Avion: 2      Iteracion: 18

Num Ruta: 19
Ingresos: 21600.0
Costos: 105.393238311
Utilidad Ruta: 21494.6067617
Costo Reducido: 41.1835513331
Nodos: [102, 31, 71, 34, 74, 812]
q: [0, 6.0, -6.0, 12.0, -12.0, 0]
Q: [0, 6.0, 0.0, 12.0, 0.0, 0]
B: [0.0, 130.0, 143.3056140031, 283.0, 323.947598037, 359.945216986]
