Avion: 3      Iteracion: 43

Num Ruta: 40
Ingresos: 78000.0
Costos: 278.159195562
Utilidad Ruta: 77721.8408044
Costo Reducido: 13.0320308319
Nodos: [103, 40, 80, 22, 62, 19, 8, 48, 59, 38, 21, 78, 61, 33, 73, 813]
q: [0.0, 15.0, -15.0, 10.0, -10.0, 7.0, 8.0, -8.0, -7.0, 8.0, 7.0, -8.0, -7.0, 10.0, -10.0, 0.0]
Q: [0.0, 15.0, 0.0, 10.0, 0.0, 7.0, 15.0, 7.0, 0.0, 8.0, 15.0, 7.0, 0.0, 10.0, 0.0, 0.0]
B: [0.0, 62.0, 94.5694417821, 299.0, 320.7546861389, 402.0, 425.1608815463, 445.9292781623, 448.85739735386, 480.0, 486.82291294097, 525.3346514111701, 532.4045799822401, 562.0, 585.3035112376, 609.1137857005]
