Avion: 4      Iteracion: 46

Num Ruta: 43
Ingresos: 85200.0
Costos: 275.165665771
Utilidad Ruta: 84924.8343342
Costo Reducido: 20.1259430175
Nodos: [104, 17, 57, 30, 16, 70, 56, 10, 50, 35, 26, 75, 66, 20, 4, 60, 2, 44, 42, 814]
q: [0.0, 5.0, -5.0, 11.0, 4.0, -11.0, -4.0, 12.0, -12.0, 6.0, 9.0, -6.0, -9.0, 10.0, 5.0, -10.0, 9.0, -5.0, -9.0, 0.0]
Q: [0.0, 5.0, 0.0, 11.0, 15.0, 4.0, 0.0, 12.0, 0.0, 6.0, 15.0, 9.0, 0.0, 10.0, 15.0, 5.0, 14.0, 9.0, 0.0, 0.0]
B: [0.0, 24.0, 58.8425537813, 64.0, 72.20259129788, 83.01926305958, 85.89041962097, 101.71969683127, 131.23920756567, 279.0, 300.0, 309.29300538039, 319.11482114938, 496.0, 529.0, 561.0963231072, 568.42662037266, 577.88108688326, 611.07429766496, 619.87193831459]
