Avion: 6      Iteracion: 8

Num Ruta: 11
Ingresos: 151200.0
Costos: 613.37479432
Utilidad Ruta: 150586.625206
Costo Reducido: 144229.132693
Nodos: [106, 9, 49, 12, 30, 70, 52, 10, 50, 11, 51, 34, 74, 22, 62, 19, 39, 79, 59, 13, 53, 20, 60, 2, 42, 29, 69, 816]
q: [0.0, 11.0, -11.0, 14.0, 1.0, -1.0, -14.0, 12.0, -12.0, 8.0, -8.0, 12.0, -12.0, 10.0, -10.0, 7.0, 8.0, -8.0, -7.0, 15.0, -15.0, 10.0, -10.0, 9.0, -9.0, 9.0, -9.0, 0.0]
Q: [0.0, 11.0, 0.0, 14.0, 15.0, 14.0, 0.0, 12.0, 0.0, 8.0, 0.0, 12.0, 0.0, 10.0, 0.0, 7.0, 15.0, 7.0, 0.0, 15.0, 0.0, 10.0, 0.0, 9.0, 0.0, 9.0, 0.0, 0.0]
B: [0.0, 35.5829922575, 65.11022926000001, 75.89726601710001, 94.4283289386, 113.1423515954, 135.9382096622, 144.65598001934998, 174.17549075374998, 226.81370733634998, 230.86777418335998, 283.0, 323.947598037, 353.69889745399996, 375.4535835929, 402.0, 437.3907399471, 460.0229274021, 466.33812945745996, 470.56574876388, 487.44889971388, 501.37948494927997, 543.55662739638, 550.88692466184, 591.62188670924, 601.42662724635, 635.20640702655, 664.44658229965]
