Avion: 1      Iteracion: 38

Num Ruta: 41
Ingresos: 141600.0
Costos: 425.238050144
Utilidad Ruta: 141174.76195
Costo Reducido: 0.936472428875
Nodos: [101, 9, 49, 12, 52, 1, 41, 3, 43, 23, 18, 58, 63, 28, 39, 79, 13, 53, 68, 25, 65, 15, 21, 55, 38, 78, 61, 811]
q: [0.0, 11.0, -11.0, 14.0, -14.0, 7.0, -7.0, 15.0, -15.0, 4.0, 11.0, -11.0, -4.0, 7.0, 8.0, -8.0, 8.0, -8.0, -7.0, 10.0, -10.0, 8.0, 7.0, -8.0, 8.0, -8.0, -7.0, 0.0]
Q: [0.0, 11.0, 0.0, 14.0, 0.0, 7.0, 0.0, 15.0, 0.0, 4.0, 15.0, 4.0, 0.0, 7.0, 15.0, 7.0, 15.0, 7.0, 0.0, 10.0, 0.0, 8.0, 15.0, 7.0, 15.0, 7.0, 0.0, 0.0]
B: [0.0, 28.0, 57.5272370025, 68.3142737596, 111.6621980236, 175.0, 209.2400855285, 256.0, 261.08428175852, 267.0, 293.0, 316.8182362487, 326.74376782137, 378.0, 389.3210123222, 411.9531997772, 423.0, 439.88315095, 462.92158097460003, 466.25495959096, 483.43994190106, 511.0, 516.67223351071, 527.47150163401, 531.55876734595, 564.42765398665, 571.49758255772, 590.6564971668199]
