Avion: 6      Iteracion: 48

Num Ruta: 41
Ingresos: 25200.0
Costos: 94.4276385338
Utilidad Ruta: 25105.5723615
Costo Reducido: 12.0533986621
Nodos: [106, 22, 62, 18, 58, 816]
q: [0, 10.0, -10.0, 11.0, -11.0, 0]
Q: [0, 10.0, 0.0, 11.0, 0.0, 0]
B: [0.0, 299.0, 320.7546861389, 334.15512273630003, 357.973358985, 366.63204826225]
