Avion: 6      Iteracion: 38

Num Ruta: 34
Ingresos: 34800.0
Costos: 130.876511191
Utilidad Ruta: 34669.1234888
Costo Reducido: 13.2270808511
Nodos: [106, 10, 50, 35, 75, 18, 58, 816]
q: [0, 12.0, -12.0, 6.0, -6.0, 11.0, -11.0, 0]
Q: [0, 12.0, 0.0, 6.0, 0.0, 11.0, 0.0, 0]
B: [0.0, 96.0, 125.5195107344, 279.0, 298.9128833924, 321.80373678409995, 345.62197303279993, 354.28066231004993]
