Avion: 3      Iteracion: 25

Num Ruta: 26
Ingresos: 111600.0
Costos: 306.358345565
Utilidad Ruta: 111293.641654
Costo Reducido: 111.036965625
Nodos: [103, 24, 64, 1, 31, 71, 11, 51, 41, 8, 48, 13, 6, 46, 5, 45, 53, 29, 27, 69, 67, 37, 77, 813]
q: [0.0, 14.0, -14.0, 7.0, 6.0, -6.0, 8.0, -8.0, -7.0, 8.0, -8.0, 3.0, 5.0, -5.0, 12.0, -12.0, -3.0, 9.0, 6.0, -9.0, -6.0, 15.0, -15.0, 0.0]
Q: [0.0, 14.0, 0.0, 7.0, 13.0, 7.0, 15.0, 7.0, 0.0, 8.0, 0.0, 3.0, 8.0, 3.0, 15.0, 3.0, 0.0, 9.0, 15.0, 6.0, 0.0, 15.0, 0.0, 0.0]
B: [0.0, 61.0, 99.5129503025, 175.0, 183.89376197118, 197.19937597428, 197.678254873377, 201.732321720387, 236.048051058387, 414.0, 434.768396616, 436.97907275691, 446.84697719504, 450.53926659322997, 469.0, 470.12168890518, 497.62835182528, 549.0, 574.6018082369, 582.8182362320799, 598.26561380888, 605.10157943197, 625.89623290347, 646.89802835057]
