Avion: 4      Iteracion: 24

Num Ruta: 25
Ingresos: 110400.0
Costos: 406.94433218
Utilidad Ruta: 109993.055668
Costo Reducido: 96.0930382336
Nodos: [104, 17, 16, 56, 57, 24, 64, 1, 31, 71, 41, 23, 35, 75, 63, 22, 62, 32, 19, 72, 59, 5, 45, 814]
q: [0.0, 5.0, 10.0, -10.0, -5.0, 14.0, -14.0, 7.0, 6.0, -6.0, -7.0, 9.0, 6.0, -6.0, -9.0, 10.0, -10.0, 6.0, 7.0, -6.0, -7.0, 12.0, -12.0, 0.0]
Q: [0.0, 5.0, 15.0, 5.0, 0.0, 14.0, 0.0, 7.0, 13.0, 7.0, 0.0, 9.0, 15.0, 9.0, 0.0, 10.0, 0.0, 6.0, 13.0, 7.0, 0.0, 12.0, 0.0, 0.0]
B: [0.0, 24.0, 58.8014769802, 68.42556841784, 83.07333718993999, 99.63162049463999, 138.14457079713998, 175.0, 183.89376197118, 197.19937597428, 230.76046369508, 267.0, 307.4405515417, 327.3534349341, 339.9719804129, 355.7284044044, 377.4830905433, 422.0, 433.71491463899997, 461.3697862171, 478.4971626653, 486.34747590745997, 487.46916481264, 518.51420501234]
