Avion: 1      Iteracion: 9

Num Ruta: 13
Ingresos: 135600.0
Costos: 589.863795204
Utilidad Ruta: 135010.136205
Costo Reducido: 163279.204836
Nodos: [101, 24, 64, 30, 70, 14, 54, 11, 51, 1, 41, 23, 35, 75, 63, 28, 68, 25, 19, 59, 65, 21, 61, 4, 44, 29, 69, 811]
q: [0.0, 14.0, -14.0, 11.0, -11.0, 8.0, -8.0, 8.0, -8.0, 7.0, -7.0, 10.0, 5.0, -5.0, -10.0, 8.0, -8.0, 8.0, 7.0, -7.0, -8.0, 13.0, -13.0, 5.0, -5.0, 9.0, -9.0, 0.0]
Q: [0.0, 14.0, 0.0, 11.0, 0.0, 8.0, 0.0, 8.0, 0.0, 7.0, 0.0, 10.0, 15.0, 10.0, 0.0, 8.0, 0.0, 8.0, 15.0, 8.0, 0.0, 13.0, 0.0, 5.0, 0.0, 9.0, 0.0, 0.0]
B: [0.0, 61.0, 99.5129503025, 119.7810717004, 138.4950943572, 166.2910350141, 178.3127467891, 207.7611758983, 211.81524274531, 234.48469428261, 268.72477981111, 273.55530328171, 313.99585482341, 333.90873821581, 346.52728369461, 378.0, 414.0266187839, 417.35999740026, 426.75200464046, 453.37912093195996, 470.16597736785997, 478.33469085286, 519.07348153206, 548.24327894306, 568.6690286232599, 606.4868742652599, 640.2666540454599, 656.2848288790599]
