Avion: 6      Iteracion: 29

Num Ruta: 31
Ingresos: 43200.0
Costos: 151.732585995
Utilidad Ruta: 43048.267414
Costo Reducido: 16.0519322405
Nodos: [106, 8, 48, 13, 53, 21, 61, 816]
q: [0, 8.0, -8.0, 15.0, -15.0, 13.0, -13.0, 0]
Q: [0, 8.0, 0.0, 15.0, 0.0, 13.0, 0.0, 0]
B: [0.0, 414.0, 434.768396616, 436.97907275691, 453.86222370691, 477.0, 517.7387906792, 551.6693224462999]
