Avion: 1      Iteracion: 0

Num Ruta: 2
Ingresos: 156000.0
Costos: 518.987339965
Utilidad Ruta: 155481.01266
Costo Reducido: -
Nodos: [101, 12, 52, 30, 70, 14, 54, 11, 51, 3, 43, 36, 76, 34, 18, 58, 74, 39, 79, 13, 53, 32, 72, 21, 38, 78, 61, 811]
q: [0.0, 14.0, -14.0, 11.0, -11.0, 8.0, -8.0, 8.0, -8.0, 15.0, -15.0, 15.0, -15.0, 4.0, 11.0, -11.0, -4.0, 8.0, -8.0, 15.0, -15.0, 6.0, -6.0, 13.0, 2.0, -2.0, -13.0, 0.0]
Q: [0.0, 14.0, 0.0, 11.0, 0.0, 8.0, 0.0, 8.0, 0.0, 15.0, 0.0, 15.0, 0.0, 4.0, 15.0, 4.0, 0.0, 8.0, 0.0, 15.0, 0.0, 6.0, 0.0, 13.0, 15.0, 13.0, 0.0, 0.0]
B: [0.0, 54.0, 97.347924264, 122.72227077779999, 141.4362934346, 169.2322340915, 181.2539458665, 210.7023749757, 214.75644182271, 256.0, 261.08428175852, 296.00374706082, 302.95189112956, 316.67163912286003, 340.38713283476005, 364.20536908346, 379.35799872326004, 388.69465047857005, 411.32683793357006, 423.0, 439.88315095, 467.2623045162, 495.1196603311, 513.5315919245, 520.3545048654701, 553.2233915061701, 560.2933200772401, 579.45223468634]
