Avion: 4      Iteracion: 45

Num Ruta: 42
Ingresos: 109200.0
Costos: 362.12640908
Utilidad Ruta: 108837.873591
Costo Reducido: 11.7989139092
Nodos: [104, 17, 57, 30, 16, 70, 56, 40, 80, 35, 26, 75, 66, 6, 46, 5, 45, 38, 21, 27, 78, 61, 2, 67, 42, 814]
q: [0.0, 5.0, -5.0, 11.0, 4.0, -11.0, -4.0, 15.0, -15.0, 6.0, 9.0, -6.0, -9.0, 5.0, -5.0, 12.0, -12.0, 8.0, 7.0, 0.0, -8.0, -7.0, 9.0, 0.0, -9.0, 0.0]
Q: [0.0, 5.0, 0.0, 11.0, 15.0, 4.0, 0.0, 15.0, 0.0, 6.0, 15.0, 9.0, 0.0, 5.0, 0.0, 12.0, 0.0, 8.0, 15.0, 15.0, 7.0, 0.0, 9.0, 9.0, 0.0, 0.0]
B: [0.0, 24.0, 58.8425537813, 64.0, 72.20259129788, 83.01926305958, 85.89041962097, 117.53917808007, 150.10861986217, 279.0, 300.0, 309.29300538039, 319.11482114938, 436.0, 439.69228939819, 469.0, 470.12168890518, 491.70338160988, 498.52629455085, 538.0, 549.5357273286, 556.6056558996701, 580.4566696307701, 591.9087427181701, 621.2492730644701, 630.0469137141001]
