Avion: 2      Iteracion: 48

Num Ruta: 45
Ingresos: 36000.0
Costos: 108.066903627
Utilidad Ruta: 35891.9330964
Costo Reducido: 0.253690842168
Nodos: [102, 36, 76, 21, 38, 61, 78, 812]
q: [0.0, 15.0, -15.0, 7.0, 8.0, -7.0, -8.0, 0.0]
Q: [0.0, 15.0, 0.0, 7.0, 15.0, 8.0, 0.0, 0.0]
B: [0.0, 251.0, 257.94814406874, 477.0, 483.82291294097, 518.30529332577, 525.37522189684, 557.07827987234]
