Avion: 4      Iteracion: 34

Num Ruta: 33
Ingresos: 140400.0
Costos: 475.170153473
Utilidad Ruta: 139924.829847
Costo Reducido: 31.8600033044
Nodos: [104, 17, 57, 16, 56, 40, 80, 10, 50, 35, 26, 75, 66, 18, 58, 39, 19, 32, 59, 79, 13, 72, 53, 20, 4, 60, 2, 44, 42, 814]
q: [0.0, 5.0, -5.0, 11.0, -11.0, 15.0, -15.0, 12.0, -12.0, 6.0, 9.0, -6.0, -9.0, 11.0, -11.0, 2.0, 7.0, 6.0, -7.0, -2.0, 9.0, -6.0, -9.0, 10.0, 5.0, -10.0, 9.0, -5.0, -9.0, 0.0]
Q: [0.0, 5.0, 0.0, 11.0, 0.0, 15.0, 0.0, 12.0, 0.0, 6.0, 15.0, 9.0, 0.0, 11.0, 0.0, 2.0, 9.0, 15.0, 8.0, 6.0, 15.0, 9.0, 0.0, 10.0, 15.0, 5.0, 14.0, 9.0, 0.0, 0.0]
B: [0.0, 24.0, 58.8425537813, 64.17419311644, 73.79828455408, 105.44704301318001, 138.01648479528, 155.19717887318, 184.71668960758, 279.0, 300.0, 309.29300538039, 319.11482114938, 342.39349190178, 366.21172815048, 388.0, 423.3907399471, 435.10565458609994, 454.67812527839993, 460.9933273337599, 464.2252611202099, 478.0674408980099, 482.13839127844994, 496.0689765138499, 529.0, 561.0963231072, 568.42662037266, 577.88108688326, 611.07429766496, 619.87193831459]
