Avion: 2      Iteracion: 30

Num Ruta: 31
Ingresos: 69600.0
Costos: 287.441055582
Utilidad Ruta: 69312.5589444
Costo Reducido: 54.3964533273
Nodos: [102, 17, 57, 9, 49, 14, 54, 18, 58, 21, 61, 33, 73, 812]
q: [0, 5.0, -5.0, 11.0, -11.0, 8.0, -8.0, 11.0, -11.0, 13.0, -13.0, 10.0, -10.0, 0]
Q: [0, 5.0, 0.0, 11.0, 0.0, 8.0, 0.0, 11.0, 0.0, 13.0, 0.0, 10.0, 0.0, 0]
B: [0.0, 25.145167826, 59.9877216073, 82.8742780106, 112.4015150131, 122.6583217286, 134.6800335036, 293.0, 316.8182362487, 477.0, 517.7387906792, 562.0, 585.3035112376, 604.5497183964]
