Avion: 5      Iteracion: 53

Num Ruta: 44
Ingresos: 82800.0
Costos: 322.225750501
Utilidad Ruta: 82477.7742495
Costo Reducido: 6.00538064828
Nodos: [105, 9, 49, 14, 54, 18, 36, 76, 34, 58, 74, 28, 68, 21, 38, 61, 78, 815]
q: [0.0, 11.0, -11.0, 8.0, -8.0, 3.0, 12.0, -12.0, 12.0, -3.0, -12.0, 8.0, -8.0, 7.0, 8.0, -7.0, -8.0, 0.0]
Q: [0.0, 11.0, 0.0, 8.0, 0.0, 3.0, 15.0, 3.0, 15.0, 12.0, 0.0, 8.0, 0.0, 7.0, 15.0, 8.0, 0.0, 0.0]
B: [0.0, 40.8000150123, 70.3272520148, 112.0, 124.021711775, 293.0, 306.9670306436, 313.91517471234005, 327.63492270564007, 355.86696018084007, 371.0195898206401, 380.19977337000006, 416.22639215390006, 477.0, 483.82291294097, 518.30529332577, 525.37522189684, 557.1432738516401]
