Avion: 2      Iteracion: 37

Num Ruta: 37
Ingresos: 56400.0
Costos: 185.815054454
Utilidad Ruta: 56214.1849455
Costo Reducido: 24.8810713169
Nodos: [102, 22, 62, 19, 59, 13, 53, 21, 38, 61, 78, 812]
q: [0.0, 10.0, -10.0, 7.0, -7.0, 15.0, -15.0, 13.0, 2.0, -13.0, -2.0, 0.0]
Q: [0.0, 10.0, 0.0, 7.0, 0.0, 15.0, 0.0, 13.0, 15.0, 2.0, 0.0, 0.0]
B: [0.0, 299.0, 320.7546861389, 402.0, 428.6271162915, 432.85473559792, 449.73788654792, 477.0, 483.82291294097, 518.30529332577, 525.37522189684, 557.07827987234]
