Avion: 6      Iteracion: 20

Num Ruta: 22
Ingresos: 24000.0
Costos: 148.678679643
Utilidad Ruta: 23851.3213204
Costo Reducido: 65.4716124247
Nodos: [106, 6, 46, 29, 7, 47, 69, 816]
q: [0.0, 5.0, -5.0, 9.0, 6.0, -6.0, -9.0, 0.0]
Q: [0.0, 5.0, 0.0, 9.0, 15.0, 9.0, 0.0, 0.0]
B: [0.0, 436.0, 439.69228939819, 549.0, 570.2768523283, 598.8181641412, 611.1149679942, 640.3551432673]
