Avion: 4      Iteracion: 6

Num Ruta: 10
Ingresos: 141600.0
Costos: 587.714980477
Utilidad Ruta: 141012.28502
Costo Reducido: 181637.976627
Nodos: [104, 24, 30, 64, 10, 70, 50, 31, 71, 1, 41, 3, 43, 22, 62, 26, 66, 28, 68, 6, 46, 5, 45, 7, 38, 78, 47, 814]
q: [0.0, 12.0, 3.0, -12.0, 12.0, -3.0, -12.0, 6.0, -6.0, 7.0, -7.0, 15.0, -15.0, 10.0, -10.0, 13.0, -13.0, 8.0, -8.0, 5.0, -5.0, 12.0, -12.0, 7.0, 8.0, -8.0, -7.0, 0.0]
Q: [0.0, 12.0, 15.0, 3.0, 15.0, 12.0, 0.0, 6.0, 0.0, 7.0, 0.0, 15.0, 0.0, 10.0, 0.0, 13.0, 0.0, 8.0, 0.0, 5.0, 0.0, 12.0, 0.0, 7.0, 15.0, 7.0, 0.0, 0.0]
B: [0.0, 61.0, 79.2569011609, 99.5250225588, 111.3109532391, 130.0040035252, 148.9048014184, 188.51295575560002, 201.81856975870002, 220.8082638584, 255.04834938690001, 262.1449012961, 267.22918305461997, 299.0, 320.7546861389, 357.0876895518, 374.6669175212, 385.0748345558, 421.1014533397, 463.77763763490003, 467.46992703309, 485.85878724789, 486.98047615307, 517.0, 525.77620202593, 558.64508866663, 580.44938202823, 617.8512977679301]
