Avion: 4      Iteracion: 0

Num Ruta: 3
Ingresos: 136800.0
Costos: 447.920446642
Utilidad Ruta: 136352.079553
Costo Reducido: -
Nodos: [104, 16, 56, 24, 30, 64, 10, 70, 50, 11, 51, 36, 76, 3, 43, 26, 66, 25, 65, 13, 6, 46, 53, 814]
q: [0.0, 11.0, -11.0, 14.0, 1.0, -14.0, 12.0, -1.0, -12.0, 8.0, -8.0, 15.0, -15.0, 15.0, -15.0, 13.0, -13.0, 10.0, -10.0, 15.0, 0.0, 0.0, -15.0, 0.0]
Q: [0.0, 11.0, 0.0, 14.0, 15.0, 1.0, 13.0, 12.0, 0.0, 8.0, 0.0, 15.0, 0.0, 15.0, 0.0, 13.0, 0.0, 10.0, 0.0, 15.0, 15.0, 15.0, 0.0, 0.0]
B: [0.0, 36.0, 45.624091437640004, 70.85029051714, 89.10719167804, 109.37531307594, 121.16124375624, 139.85429404234, 158.75509193554, 211.39330851814, 215.44737536515, 251.0, 257.94814406874, 294.92818141324, 300.01246317176, 337.68753453206, 355.26676250146, 410.0, 427.1849823101, 443.186042775, 453.05394721312996, 456.74623661131994, 483.37411157351994, 504.85119149611995]
