Avion: 7      Iteracion: 26

Num Ruta: 27
Ingresos: 82800.0
Costos: 301.855574325
Utilidad Ruta: 82498.1444257
Costo Reducido: 48.9737271846
Nodos: [107, 16, 56, 40, 80, 14, 54, 23, 63, 22, 62, 7, 20, 47, 60, 817]
q: [0.0, 11.0, -11.0, 15.0, -15.0, 8.0, -8.0, 10.0, -10.0, 10.0, -10.0, 5.0, 10.0, -5.0, -10.0, 0.0]
Q: [0.0, 11.0, 0.0, 15.0, 0.0, 8.0, 0.0, 10.0, 0.0, 10.0, 0.0, 5.0, 15.0, 10.0, 0.0, 0.0]
B: [0.0, 36.0, 45.624091437640004, 77.27284989674001, 109.84229167884001, 138.42069361104, 150.44240538604, 267.0, 306.733842905, 322.49026689650003, 344.24495303540004, 517.0, 525.74295442056, 554.98896180616, 567.9526463518599, 589.2284903069599]
