Avion: 2      Iteracion: 33

Num Ruta: 34
Ingresos: 90000.0
Costos: 290.306131509
Utilidad Ruta: 89709.6938685
Costo Reducido: 21.6812886154
Nodos: [102, 31, 11, 51, 71, 36, 76, 34, 74, 39, 6, 46, 79, 32, 72, 29, 7, 47, 69, 812]
q: [0.0, 6.0, 8.0, -8.0, -6.0, 15.0, -15.0, 12.0, -12.0, 8.0, 5.0, -5.0, -8.0, 6.0, -6.0, 9.0, 6.0, -6.0, -9.0, 0.0]
Q: [0.0, 6.0, 14.0, 6.0, 0.0, 15.0, 0.0, 12.0, 0.0, 8.0, 13.0, 8.0, 0.0, 6.0, 0.0, 9.0, 15.0, 9.0, 0.0, 0.0]
B: [0.0, 130.0, 169.0, 173.05406684701, 176.74844541451, 251.0, 257.94814406874, 283.0, 323.947598037, 388.0, 436.0, 439.69228939819, 449.87740525418997, 475.48924665618995, 503.34660247108997, 549.0, 570.2768523283, 598.8181641412, 611.1149679942, 635.2398482012001]
