Avion: 5      Iteracion: 11

Num Ruta: 12
Ingresos: 147600.0
Costos: 436.89218483
Utilidad Ruta: 147163.107815
Costo Reducido: 281774.021189
Nodos: [105, 17, 57, 16, 56, 14, 54, 31, 1, 71, 11, 51, 41, 3, 43, 23, 63, 26, 66, 22, 62, 19, 8, 59, 48, 13, 53, 815]
q: [0, 5.0, -5.0, 11.0, -11.0, 8.0, -8.0, 6.0, 7.0, -6.0, 8.0, -8.0, -7.0, 15.0, -15.0, 10.0, -10.0, 13.0, -13.0, 10.0, -10.0, 7.0, 8.0, -7.0, -8.0, 15.0, -15.0, 0]
Q: [0, 5.0, 0.0, 11.0, 0.0, 8.0, 0.0, 6.0, 13.0, 7.0, 15.0, 7.0, 0.0, 15.0, 0.0, 10.0, 0.0, 13.0, 0.0, 10.0, 0.0, 7.0, 15.0, 8.0, 0.0, 15.0, 0.0, 0]
B: [0.0, 24.8000597782, 59.6426135595, 64.97425289464, 74.59834433228, 112.0, 124.021711775, 151.2337789879, 175.0, 193.9896940997, 194.468572998797, 198.522639845807, 232.838369183807, 256.0, 261.08428175852, 267.0, 306.733842905, 326.4202156791, 343.9994436485, 357.6336242986, 379.3883104375, 402.0, 425.1608815463, 443.1178409771, 446.04596016866, 448.25663630956996, 465.13978725956997, 485.67692837027]
