Avion: 2      Iteracion: 41

Num Ruta: 40
Ingresos: 84000.0
Costos: 239.03227975
Utilidad Ruta: 83760.9677202
Costo Reducido: 3.16309444608
Nodos: [102, 14, 54, 3, 43, 23, 63, 28, 68, 25, 65, 21, 61, 27, 67, 812]
q: [0, 8.0, -8.0, 15.0, -15.0, 10.0, -10.0, 8.0, -8.0, 10.0, -10.0, 13.0, -13.0, 6.0, -6.0, 0]
Q: [0, 8.0, 0.0, 15.0, 0.0, 10.0, 0.0, 8.0, 0.0, 10.0, 0.0, 13.0, 0.0, 6.0, 0.0, 0]
B: [0.0, 112.0, 124.021711775, 256.0, 261.08428175852, 267.0, 306.733842905, 378.0, 414.0266187839, 417.35999740026, 434.54497971036, 477.0, 517.7387906792, 538.0, 555.0308623681, 568.4472686306]
