Avion: 6      Iteracion: 21

Num Ruta: 23
Ingresos: 31200.0
Costos: 134.793754943
Utilidad Ruta: 31065.2062451
Costo Reducido: 48.058941281
Nodos: [106, 30, 70, 8, 19, 48, 59, 816]
q: [0, 11.0, -11.0, 8.0, 7.0, -8.0, -7.0, 0]
Q: [0, 11.0, 0.0, 8.0, 15.0, 7.0, 0.0, 0]
B: [0.0, 64.0, 82.7140226568, 414.0, 437.1608815463, 466.0513395558, 468.97945874735996, 490.62626647965993]
