Avion: 3      Iteracion: 0

Num Ruta: 1
Ingresos: 64800.0
Costos: 226.783015981
Utilidad Ruta: 64573.216984
Costo Reducido: -
Nodos: [103, 9, 49, 40, 80, 3, 43, 8, 48, 4, 44, 813]
q: [0, 11.0, -11.0, 15.0, -15.0, 15.0, -15.0, 8.0, -8.0, 5.0, -5.0, 0]
Q: [0, 11.0, 0.0, 15.0, 0.0, 15.0, 0.0, 8.0, 0.0, 5.0, 0.0, 0]
B: [0.0, 28.0, 57.5272370025, 86.4860319533, 119.0554737354, 256.0, 261.08428175852, 414.0, 434.768396616, 529.0, 549.4257496801999, 576.9780230890999]
