Avion: 7      Iteracion: 29

Num Ruta: 30
Ingresos: 93600.0
Costos: 273.5034404
Utilidad Ruta: 93326.4965596
Costo Reducido: 89.9002151736
Nodos: [107, 30, 16, 70, 56, 10, 50, 31, 71, 36, 76, 21, 38, 78, 61, 4, 7, 44, 47, 817]
q: [0.0, 11.0, 4.0, -11.0, -4.0, 12.0, -12.0, 6.0, -6.0, 15.0, -15.0, 13.0, 2.0, -2.0, -13.0, 5.0, 10.0, -5.0, -10.0, 0.0]
Q: [0.0, 11.0, 15.0, 4.0, 0.0, 12.0, 0.0, 6.0, 0.0, 15.0, 0.0, 13.0, 15.0, 13.0, 0.0, 5.0, 15.0, 10.0, 0.0, 0.0]
B: [0.0, 64.0, 72.20259129788, 83.01926305958, 85.89041962097, 101.71969683127, 131.23920756567, 170.84736190287, 184.15297590597, 251.0, 257.94814406874, 477.0, 483.82291294097, 516.69179958167, 523.76172815274, 552.93152556374, 563.29489885624, 592.99256536394, 594.15293944155, 605.22009539965]
