Avion: 3      Iteracion: 3

Num Ruta: 7
Ingresos: 180000.0
Costos: 594.754422063
Utilidad Ruta: 179405.245578
Costo Reducido: 284614.971526
Nodos: [103, 9, 49, 24, 64, 10, 50, 1, 11, 51, 41, 3, 43, 36, 76, 34, 74, 25, 65, 19, 8, 59, 48, 5, 45, 4, 38, 78, 27, 67, 44, 813]
q: [0, 11.0, -11.0, 14.0, -14.0, 12.0, -12.0, 7.0, 8.0, -8.0, -7.0, 15.0, -15.0, 15.0, -15.0, 12.0, -12.0, 10.0, -10.0, 7.0, 8.0, -7.0, -8.0, 12.0, -12.0, 5.0, 8.0, -8.0, 6.0, -6.0, -5.0, 0]
Q: [0, 11.0, 0.0, 14.0, 0.0, 12.0, 0.0, 7.0, 15.0, 7.0, 0.0, 15.0, 0.0, 15.0, 0.0, 12.0, 0.0, 10.0, 0.0, 7.0, 15.0, 8.0, 0.0, 12.0, 0.0, 5.0, 13.0, 5.0, 11.0, 5.0, 0.0, 0]
B: [0.0, 28.0, 57.5272370025, 81.6674868976, 120.1804372001, 131.9663678804, 161.48587861480001, 199.90521978560002, 218.58604838070002, 222.64011522771003, 256.95584456571004, 264.05239647491004, 269.13667823343, 304.05614353573003, 311.00428760447005, 324.72403559777007, 365.67163363477005, 410.0, 427.1849823101, 443.8578739909, 467.0187555372, 484.975714968, 487.90383415955995, 497.65664503642995, 498.77833394160996, 529.0, 537.33390040737, 570.20278704807, 581.7385143766701, 598.76937674477, 604.18463527969, 631.73690868859]
