Avion: 1      Iteracion: 15

Num Ruta: 19
Ingresos: 121200.0
Costos: 384.516004917
Utilidad Ruta: 120815.483995
Costo Reducido: 188.059029051
Nodos: [101, 9, 24, 49, 12, 64, 52, 10, 50, 35, 26, 75, 66, 18, 58, 28, 68, 25, 65, 15, 55, 38, 78, 811]
q: [0.0, 11.0, 4.0, -11.0, 11.0, -4.0, -11.0, 12.0, -12.0, 6.0, 9.0, -6.0, -9.0, 11.0, -11.0, 8.0, -8.0, 10.0, -10.0, 11.0, -11.0, 8.0, -8.0, 0.0]
Q: [0.0, 11.0, 15.0, 4.0, 15.0, 11.0, 0.0, 12.0, 0.0, 6.0, 15.0, 9.0, 0.0, 11.0, 0.0, 8.0, 0.0, 10.0, 0.0, 11.0, 0.0, 8.0, 0.0, 0.0]
B: [0.0, 28.0, 61.0, 85.1402498951, 95.9272866522, 129.9734558934, 145.9056934638, 154.62346382094998, 184.14297455534998, 279.0, 300.0, 309.29300538039, 319.11482114938, 342.39349190178, 366.21172815048, 378.0, 414.0266187839, 417.35999740026, 434.54497971036, 511.0, 527.4211666151, 531.5084323270399, 564.3773189677399, 578.6667425040399]
