Avion: 6      Iteracion: 50

Num Ruta: 43
Ingresos: 28800.0
Costos: 124.030585246
Utilidad Ruta: 28675.9694148
Costo Reducido: 19.7392391436
Nodos: [106, 9, 49, 19, 32, 59, 72, 816]
q: [0, 11.0, -11.0, 7.0, 6.0, -7.0, -6.0, 0]
Q: [0, 11.0, 0.0, 7.0, 13.0, 6.0, 0.0, 0]
B: [0.0, 35.5829922575, 65.11022926000001, 402.0, 422.0, 441.5724706923, 458.69984714049997, 466.73672346155996]
