Avion: 1      Iteracion: 4

Num Ruta: 8
Ingresos: 175200.0
Costos: 537.749960351
Utilidad Ruta: 174662.25004
Costo Reducido: 201756.525865
Nodos: [101, 40, 16, 56, 80, 10, 50, 31, 71, 36, 76, 34, 74, 26, 66, 19, 59, 13, 53, 6, 46, 5, 45, 2, 4, 42, 7, 47, 44, 33, 73, 811]
q: [0.0, 15.0, 0.0, 0.0, -15.0, 12.0, -12.0, 6.0, -6.0, 15.0, -15.0, 12.0, -12.0, 13.0, -13.0, 7.0, -7.0, 15.0, -15.0, 5.0, -5.0, 12.0, -12.0, 9.0, 5.0, -9.0, 10.0, -10.0, -5.0, 10.0, -10.0, 0.0]
Q: [0.0, 15.0, 15.0, 15.0, 0.0, 12.0, 0.0, 6.0, 0.0, 15.0, 0.0, 12.0, 0.0, 13.0, 0.0, 7.0, 0.0, 15.0, 0.0, 5.0, 0.0, 12.0, 0.0, 9.0, 14.0, 5.0, 15.0, 5.0, 0.0, 10.0, 0.0, 0.0]
B: [0.0, 62.0, 86.5836396004, 96.20773103804001, 98.20027965727002, 115.38097373517002, 144.90048446957002, 184.50863880677002, 197.81425280987003, 251.0, 257.94814406874, 283.0, 323.947598037, 358.0226741044, 375.6019020738, 406.453776328, 433.0808926195, 437.30851192592, 454.19166287592003, 478.41461149912004, 482.10690089731, 500.49576111211, 501.61745001729, 522.0, 549.3715326023, 562.8222884175, 574.3290145375, 602.8703263504, 604.0307004280099, 612.6021658803099, 635.9056771179099, 641.82465338074]
