Avion: 2      Iteracion: 19

Num Ruta: 20
Ingresos: 30000.0
Costos: 124.878838902
Utilidad Ruta: 29875.1211611
Costo Reducido: 114.567118435
Nodos: [102, 25, 65, 29, 69, 27, 67, 812]
q: [0, 10.0, -10.0, 9.0, -9.0, 6.0, -6.0, 0]
Q: [0, 10.0, 0.0, 9.0, 0.0, 6.0, 0.0, 0]
B: [0.0, 410.0, 427.1849823101, 549.0, 582.7797797802, 590.99620777538, 608.0270701434799, 621.4434764059799]
