Avion: 4      Iteracion: 26

Num Ruta: 27
Ingresos: 111600.0
Costos: 346.900082217
Utilidad Ruta: 111253.099918
Costo Reducido: 66.7201485582
Nodos: [104, 17, 30, 57, 16, 56, 70, 14, 54, 3, 43, 18, 36, 76, 34, 58, 74, 28, 68, 19, 8, 48, 59, 814]
q: [0.0, 5.0, 4.0, -5.0, 11.0, -11.0, -4.0, 8.0, -8.0, 15.0, -15.0, 3.0, 12.0, -12.0, 12.0, -3.0, -12.0, 8.0, -8.0, 7.0, 8.0, -8.0, -7.0, 0.0]
Q: [0.0, 5.0, 9.0, 4.0, 15.0, 4.0, 0.0, 8.0, 0.0, 15.0, 0.0, 3.0, 15.0, 3.0, 15.0, 12.0, 0.0, 8.0, 0.0, 7.0, 15.0, 7.0, 0.0, 0.0]
B: [0.0, 24.0, 64.0, 67.14445448369, 72.47609381883, 82.10018525647, 84.97134181786, 112.76728247476, 124.78899424976, 256.0, 261.08428175852, 293.0, 306.9670306436, 313.91517471234005, 327.63492270564007, 355.86696018084007, 371.0195898206401, 380.19977337000006, 416.22639215390006, 428.76218542760006, 451.92306697390006, 472.6914635899001, 475.61958278146005, 503.3262092993601]
