Avion: 4      Iteracion: 4

Num Ruta: 8
Ingresos: 134400.0
Costos: 472.606632745
Utilidad Ruta: 133927.393367
Costo Reducido: 184183.805921
Nodos: [104, 9, 49, 24, 64, 10, 50, 3, 43, 23, 18, 58, 63, 26, 66, 25, 65, 19, 32, 59, 13, 53, 72, 814]
q: [0.0, 11.0, -11.0, 14.0, -14.0, 12.0, -12.0, 15.0, -15.0, 4.0, 11.0, -11.0, -4.0, 13.0, -13.0, 10.0, -10.0, 7.0, 6.0, -7.0, 9.0, -9.0, -6.0, 0.0]
Q: [0.0, 11.0, 0.0, 14.0, 0.0, 12.0, 0.0, 15.0, 0.0, 4.0, 15.0, 4.0, 0.0, 13.0, 0.0, 10.0, 0.0, 7.0, 13.0, 6.0, 15.0, 6.0, 0.0, 0.0]
B: [0.0, 49.232321223, 78.7595582255, 102.8998081206, 141.4127584231, 153.1986891034, 182.7181998378, 256.0, 261.08428175852, 267.0, 293.0, 316.8182362487, 326.74376782137, 346.43014059547, 364.00936856487, 410.0, 427.1849823101, 443.8578739909, 455.57278862989995, 475.14525932219993, 479.37287862861996, 496.25602957862, 500.32697995906, 524.69312550976]
