Avion: 4      Iteracion: 44

Num Ruta: 41
Ingresos: 152400.0
Costos: 465.300804011
Utilidad Ruta: 151934.699196
Costo Reducido: 38.6111192194
Nodos: [104, 17, 57, 16, 56, 40, 80, 10, 50, 35, 26, 75, 66, 22, 62, 19, 32, 8, 59, 48, 6, 46, 13, 72, 53, 20, 4, 60, 2, 44, 42, 814]
q: [0.0, 5.0, -5.0, 11.0, -11.0, 15.0, -15.0, 12.0, -12.0, 6.0, 9.0, -6.0, -9.0, 10.0, -10.0, 7.0, 0.0, 8.0, -7.0, -8.0, 5.0, -5.0, 15.0, 0.0, -15.0, 10.0, 5.0, -10.0, 9.0, -5.0, -9.0, 0.0]
Q: [0.0, 5.0, 0.0, 11.0, 0.0, 15.0, 0.0, 12.0, 0.0, 6.0, 15.0, 9.0, 0.0, 10.0, 0.0, 7.0, 7.0, 15.0, 8.0, 0.0, 5.0, 0.0, 15.0, 15.0, 0.0, 10.0, 15.0, 5.0, 14.0, 9.0, 0.0, 0.0]
B: [0.0, 24.0, 58.8425537813, 64.17419311644, 73.79828455408, 105.44704301318001, 138.01648479528, 155.19717887318, 184.71668960758, 279.0, 300.0, 309.29300538039, 319.11482114938, 332.74900179948, 354.50368793838004, 402.0, 422.0, 433.4468981388, 451.4038575696, 454.33197676116, 463.52264839059, 467.21493778878, 480.62500389598, 494.46718367378, 498.53813405422005, 512.46871928962, 529.0, 561.0963231072, 568.42662037266, 577.88108688326, 611.07429766496, 619.87193831459]
