Avion: 3      Iteracion: 14

Num Ruta: 16
Ingresos: 147600.0
Costos: 508.194597324
Utilidad Ruta: 147091.805403
Costo Reducido: 449.179550665
Nodos: [103, 9, 49, 12, 52, 10, 50, 36, 76, 3, 43, 23, 63, 28, 32, 68, 25, 65, 38, 72, 78, 29, 27, 69, 67, 813]
q: [0.0, 11.0, -11.0, 14.0, -14.0, 12.0, -12.0, 15.0, -15.0, 15.0, -15.0, 10.0, -10.0, 8.0, 6.0, -8.0, 9.0, -9.0, 8.0, -6.0, -8.0, 9.0, 6.0, -9.0, -6.0, 0.0]
Q: [0.0, 11.0, 0.0, 14.0, 0.0, 12.0, 0.0, 15.0, 0.0, 15.0, 0.0, 10.0, 0.0, 8.0, 14.0, 6.0, 15.0, 6.0, 14.0, 8.0, 0.0, 9.0, 15.0, 6.0, 0.0, 0.0]
B: [0.0, 28.0, 57.5272370025, 68.3142737596, 111.6621980236, 120.37996838075, 149.89947911515, 251.0, 257.94814406874, 294.92818141324, 300.01246317176, 303.37495049515996, 343.10879340016, 378.0, 422.0, 445.4551085267, 448.78848714305997, 465.97346945315996, 480.0, 495.0304472322, 517.0265259964, 551.4227016559, 577.0245098928, 585.24093788798, 600.68831546478, 623.08622922928]
