Avion: 5      Iteracion: 14

Num Ruta: 15
Ingresos: 129600.0
Costos: 486.379383879
Utilidad Ruta: 129113.620616
Costo Reducido: 396.675691107
Nodos: [105, 17, 57, 12, 52, 10, 50, 36, 76, 18, 3, 43, 23, 63, 58, 28, 32, 68, 25, 65, 38, 72, 27, 78, 67, 815]
q: [0.0, 5.0, -5.0, 14.0, -14.0, 12.0, -12.0, 15.0, -15.0, 0.0, 15.0, -15.0, 10.0, -10.0, 0.0, 8.0, 6.0, -8.0, 9.0, -9.0, 8.0, -6.0, 6.0, -8.0, -6.0, 0.0]
Q: [0.0, 5.0, 0.0, 14.0, 0.0, 12.0, 0.0, 15.0, 0.0, 0.0, 15.0, 0.0, 10.0, 0.0, 0.0, 8.0, 14.0, 6.0, 15.0, 6.0, 14.0, 8.0, 14.0, 6.0, 0.0, 0.0]
B: [0.0, 24.8000597782, 59.6426135595, 79.35130730110001, 122.6992315651, 131.41700192225, 160.93651265665, 251.0, 257.94814406874, 293.0, 309.1495070203, 314.23378877882, 317.59627610222, 357.33011900722, 367.25565057989, 378.0, 422.0, 445.4551085267, 448.78848714305997, 465.97346945315996, 480.0, 495.0304472322, 538.0, 549.5357273286, 574.3444520036, 590.5398149511001]
