Avion: 5      Iteracion: 12

Num Ruta: 13
Ingresos: 68400.0
Costos: 353.101214478
Utilidad Ruta: 68046.8987855
Costo Reducido: 41270.2702619
Nodos: [105, 17, 57, 1, 11, 51, 41, 34, 74, 25, 65, 37, 77, 815]
q: [0, 5.0, -5.0, 7.0, 8.0, -8.0, -7.0, 12.0, -12.0, 10.0, -10.0, 15.0, -15.0, 0]
Q: [0, 5.0, 0.0, 7.0, 15.0, 7.0, 0.0, 12.0, 0.0, 10.0, 0.0, 15.0, 0.0, 0]
B: [0.0, 24.8000597782, 59.6426135595, 175.0, 193.6808285951, 197.73489544211, 232.05062478011, 283.0, 323.947598037, 410.0, 427.1849823101, 562.0, 582.7946534714999, 604.4220983506]
