Avion: 2      Iteracion: 31

Num Ruta: 32
Ingresos: 94800.0
Costos: 281.975211342
Utilidad Ruta: 94518.0247887
Costo Reducido: 39.9543418797
Nodos: [102, 40, 80, 31, 11, 51, 71, 36, 76, 34, 74, 39, 79, 4, 7, 47, 44, 812]
q: [0, 15.0, -15.0, 6.0, 8.0, -8.0, -6.0, 15.0, -15.0, 12.0, -12.0, 8.0, -8.0, 5.0, 10.0, -10.0, -5.0, 0]
Q: [0, 15.0, 0.0, 6.0, 14.0, 6.0, 0.0, 15.0, 0.0, 12.0, 0.0, 8.0, 0.0, 5.0, 15.0, 5.0, 0.0, 0]
B: [0.0, 62.0, 94.5694417821, 130.0, 169.0, 173.05406684701, 176.74844541451, 251.0, 257.94814406874, 283.0, 323.947598037, 388.0, 410.632187455, 529.0, 539.3633732925, 567.9046851054, 569.0650591830099, 587.61495907491]
