Avion: 7      Iteracion: 18

Num Ruta: 19
Ingresos: 175200.0
Costos: 534.980490955
Utilidad Ruta: 174665.019509
Costo Reducido: 235.285217878
Nodos: [107, 30, 16, 56, 70, 40, 80, 1, 31, 71, 41, 3, 43, 18, 36, 76, 34, 58, 74, 39, 19, 32, 59, 79, 6, 46, 72, 15, 55, 20, 4, 44, 60, 37, 77, 817]
q: [0.0, 11.0, 4.0, -4.0, -11.0, 15.0, -15.0, 7.0, 6.0, -6.0, -7.0, 15.0, -15.0, 3.0, 12.0, -12.0, 12.0, -3.0, -12.0, 2.0, 7.0, 6.0, -7.0, -2.0, 5.0, -5.0, -6.0, 11.0, -11.0, 10.0, 5.0, -5.0, -10.0, 15.0, -15.0, 0.0]
Q: [0.0, 11.0, 15.0, 11.0, 0.0, 15.0, 0.0, 7.0, 13.0, 7.0, 0.0, 15.0, 0.0, 3.0, 15.0, 3.0, 15.0, 12.0, 0.0, 2.0, 9.0, 15.0, 8.0, 6.0, 11.0, 6.0, 0.0, 11.0, 0.0, 10.0, 15.0, 10.0, 0.0, 15.0, 0.0, 0.0]
B: [0.0, 64.0, 72.20259129788, 81.82668273552001, 84.69783929691, 115.50769336991, 148.07713515201, 175.0, 183.89376197118, 197.19937597428, 230.76046369508, 256.0, 261.08428175852, 293.0, 306.9670306436, 313.91517471234005, 327.63492270564007, 355.86696018084007, 371.0195898206401, 388.0, 423.3907399471, 435.10565458609994, 454.67812527839993, 460.9933273337599, 467.6815714979599, 471.3738608961499, 494.0312325442499, 517.3266720979499, 533.7478387130499, 539.8816907653899, 550.1608418003899, 570.58659148059, 582.44781473119, 594.02533268629, 614.81998615779, 630.39437452459]
