Avion: 6      Iteracion: 26

Num Ruta: 28
Ingresos: 25200.0
Costos: 138.587112239
Utilidad Ruta: 25061.4128878
Costo Reducido: 24.7301616723
Nodos: [106, 35, 75, 38, 21, 61, 78, 816]
q: [0.0, 6.0, -6.0, 8.0, 7.0, -7.0, -8.0, 0.0]
Q: [0.0, 6.0, 0.0, 8.0, 15.0, 8.0, 0.0, 0.0]
B: [0.0, 279.0, 298.9128833924, 480.0, 486.82291294097, 527.56170362017, 534.63163219124, 564.64344973034]
