Avion: 4      Iteracion: 42

Num Ruta: 40
Ingresos: 85200.0
Costos: 288.299924988
Utilidad Ruta: 84911.700075
Costo Reducido: 21.0867687753
Nodos: [104, 17, 57, 30, 16, 70, 56, 40, 80, 5, 45, 21, 27, 61, 2, 67, 42, 814]
q: [0.0, 5.0, -5.0, 11.0, 4.0, -11.0, -4.0, 15.0, -15.0, 12.0, -12.0, 13.0, 2.0, -13.0, 9.0, -2.0, -9.0, 0.0]
Q: [0.0, 5.0, 0.0, 11.0, 15.0, 4.0, 0.0, 15.0, 0.0, 12.0, 0.0, 13.0, 15.0, 2.0, 11.0, 9.0, 0.0, 0.0]
B: [0.0, 24.0, 58.8425537813, 64.0, 72.20259129788, 83.01926305958, 85.89041962097, 117.53917808007, 150.10861986217, 469.0, 470.12168890518, 498.36127928818, 538.0, 551.1774481976, 575.0284619287, 586.4805350161, 615.8210653624001, 624.6187060120301]
