Avion: 3      Iteracion: 19

Num Ruta: 20
Ingresos: 115200.0
Costos: 348.77603521
Utilidad Ruta: 114851.223965
Costo Reducido: 186.458747073
Nodos: [103, 14, 54, 3, 43, 23, 63, 18, 58, 25, 19, 65, 59, 13, 53, 21, 61, 2, 42, 813]
q: [0.0, 8.0, -8.0, 15.0, -15.0, 10.0, -10.0, 11.0, -11.0, 8.0, 7.0, -8.0, -7.0, 15.0, -15.0, 13.0, -13.0, 9.0, -9.0, 0.0]
Q: [0.0, 8.0, 0.0, 15.0, 0.0, 10.0, 0.0, 11.0, 0.0, 8.0, 15.0, 7.0, 0.0, 15.0, 0.0, 13.0, 0.0, 9.0, 0.0, 0.0]
B: [0.0, 112.0, 124.021711775, 256.0, 261.08428175852, 267.0, 306.733842905, 332.1731543147, 355.9913905634, 410.0, 419.3920072402, 436.06489892099995, 452.85175535689996, 457.07937466332, 473.96252561332, 489.47392200432, 530.21271268352, 554.06372641462, 594.79868846202, 609.15645723022]
