Avion: 6      Iteracion: 47

Num Ruta: 40
Ingresos: 93600.0
Costos: 289.093922206
Utilidad Ruta: 93310.9060778
Costo Reducido: 16.933420578
Nodos: [106, 9, 49, 11, 51, 34, 74, 39, 79, 6, 46, 13, 53, 29, 69, 33, 73, 816]
q: [0, 11.0, -11.0, 8.0, -8.0, 12.0, -12.0, 8.0, -8.0, 5.0, -5.0, 15.0, -15.0, 9.0, -9.0, 10.0, -10.0, 0]
Q: [0, 11.0, 0.0, 8.0, 0.0, 12.0, 0.0, 8.0, 0.0, 5.0, 0.0, 15.0, 0.0, 9.0, 0.0, 10.0, 0.0, 0]
B: [0.0, 35.5829922575, 65.11022926000001, 169.0, 173.05406684701, 283.0, 323.947598037, 388.0, 410.632187455, 436.0, 439.69228939819, 453.10235550539, 469.98550645539, 549.0, 582.7797797802, 591.6312714624, 614.9347827, 628.7757399285]
