Avion: 1      Iteracion: 18

Num Ruta: 22
Ingresos: 121200.0
Costos: 405.098506208
Utilidad Ruta: 120794.901494
Costo Reducido: 104.466612
Nodos: [101, 12, 52, 10, 50, 1, 31, 71, 41, 3, 43, 18, 36, 76, 34, 58, 74, 39, 19, 59, 79, 6, 46, 811]
q: [0.0, 14.0, -14.0, 12.0, -12.0, 7.0, 6.0, -6.0, -7.0, 15.0, -15.0, 3.0, 12.0, -12.0, 12.0, -3.0, -12.0, 8.0, 7.0, -7.0, -8.0, 5.0, -5.0, 0.0]
Q: [0.0, 14.0, 0.0, 12.0, 0.0, 7.0, 13.0, 7.0, 0.0, 15.0, 0.0, 3.0, 15.0, 3.0, 15.0, 12.0, 0.0, 8.0, 15.0, 8.0, 0.0, 5.0, 0.0, 0.0]
B: [0.0, 54.0, 97.347924264, 106.06569462115, 135.58520535555, 175.0, 183.89376197118, 197.19937597428, 230.76046369508, 256.0, 261.08428175852, 293.0, 306.9670306436, 313.91517471234005, 327.63492270564007, 355.86696018084007, 371.0195898206401, 388.0, 423.3907399471, 450.01785623859996, 456.33305829395994, 463.02130245815994, 466.7135918563499, 482.7527491908499]
