Avion: 7      Iteracion: 47

Num Ruta: 45
Ingresos: 28800.0
Costos: 76.9735071036
Utilidad Ruta: 28723.0264929
Costo Reducido: 3.40678042619
Nodos: [107, 36, 76, 29, 69, 817]
q: [0, 15.0, -15.0, 9.0, -9.0, 0]
Q: [0, 15.0, 0.0, 9.0, 0.0, 0]
B: [0.0, 251.0, 257.94814406874, 549.0, 582.7797797802, 604.3533147247]
