Avion: 5      Iteracion: 0

Num Ruta: 1
Ingresos: 61200.0
Costos: 161.840568655
Utilidad Ruta: 61038.1594313
Costo Reducido: -
Nodos: [105, 16, 56, 35, 75, 26, 66, 27, 67, 37, 77, 815]
q: [0, 11.0, -11.0, 6.0, -6.0, 13.0, -13.0, 6.0, -6.0, 15.0, -15.0, 0]
Q: [0, 11.0, 0.0, 6.0, 0.0, 13.0, 0.0, 6.0, 0.0, 15.0, 0.0, 0]
B: [0.0, 36.0, 45.624091437640004, 279.0, 298.9128833924, 308.20588877279, 325.78511674219, 538.0, 555.0308623681, 562.0, 582.7946534714999, 604.4220983506]
