Avion: 2      Iteracion: 38

Num Ruta: 38
Ingresos: 70800.0
Costos: 193.500003654
Utilidad Ruta: 70606.4999963
Costo Reducido: 1.88887997424
Nodos: [102, 36, 76, 34, 74, 39, 79, 13, 53, 29, 69, 812]
q: [0, 15.0, -15.0, 12.0, -12.0, 8.0, -8.0, 15.0, -15.0, 9.0, -9.0, 0]
Q: [0, 15.0, 0.0, 12.0, 0.0, 8.0, 0.0, 15.0, 0.0, 9.0, 0.0, 0]
B: [0.0, 251.0, 257.94814406874, 283.0, 323.947598037, 388.0, 410.632187455, 423.0, 439.88315095, 549.0, 582.7797797802, 606.9046599872]
