Avion: 5      Iteracion: 9

Num Ruta: 11
Ingresos: 32400.0
Costos: 165.783099228
Utilidad Ruta: 32234.2169008
Costo Reducido: 29455.7416881
Nodos: [105, 24, 64, 21, 61, 815]
q: [0, 14.0, -14.0, 13.0, -13.0, 0]
Q: [0, 14.0, 0.0, 13.0, 0.0, 0]
B: [0.0, 61.0, 99.5129503025, 477.0, 517.7387906792, 549.0770825438999]
