Avion: 3      Iteracion: 32

Num Ruta: 32
Ingresos: 70800.0
Costos: 214.21636244
Utilidad Ruta: 70585.7836376
Costo Reducido: 8.26361128507
Nodos: [103, 40, 80, 8, 48, 13, 53, 21, 38, 61, 78, 27, 67, 813]
q: [0.0, 15.0, -15.0, 8.0, -8.0, 15.0, -15.0, 7.0, 8.0, -7.0, -8.0, 6.0, -6.0, 0.0]
Q: [0.0, 15.0, 0.0, 8.0, 0.0, 15.0, 0.0, 7.0, 15.0, 8.0, 0.0, 6.0, 0.0, 0.0]
B: [0.0, 62.0, 94.5694417821, 414.0, 434.768396616, 436.97907275691, 453.86222370691, 477.0, 483.82291294097, 518.30529332577, 525.37522189684, 538.0, 555.0308623681, 577.4287761326]
