Avion: 5      Iteracion: 42

Num Ruta: 38
Ingresos: 76800.0
Costos: 320.93548763
Utilidad Ruta: 76479.0645124
Costo Reducido: 5.61059910218
Nodos: [105, 17, 57, 30, 70, 24, 64, 1, 41, 23, 63, 22, 62, 19, 59, 815]
q: [0, 5.0, -5.0, 11.0, -11.0, 14.0, -14.0, 7.0, -7.0, 10.0, -10.0, 10.0, -10.0, 7.0, -7.0, 0]
Q: [0, 5.0, 0.0, 11.0, 0.0, 14.0, 0.0, 7.0, 0.0, 10.0, 0.0, 10.0, 0.0, 7.0, 0.0, 0]
B: [0.0, 24.8000597782, 59.6426135595, 64.0, 82.7140226568, 107.4479935471, 145.9609438496, 175.0, 209.2400855285, 267.0, 306.733842905, 322.49026689650003, 344.24495303540004, 402.0, 428.6271162915, 440.52515932389997]
