Avion: 4      Iteracion: 40

Num Ruta: 38
Ingresos: 52800.0
Costos: 171.107695514
Utilidad Ruta: 52628.8923045
Costo Reducido: 9.39554720522
Nodos: [104, 17, 16, 56, 57, 40, 80, 31, 71, 11, 51, 814]
q: [0.0, 5.0, 10.0, -10.0, -5.0, 15.0, -15.0, 6.0, -6.0, 8.0, -8.0, 0.0]
Q: [0.0, 5.0, 15.0, 5.0, 0.0, 15.0, 0.0, 6.0, 0.0, 8.0, 0.0, 0.0]
B: [0.0, 24.0, 58.8014769802, 68.42556841784, 83.07333718993999, 106.77230801143999, 139.34174979353998, 162.68023879773997, 175.98585280083998, 176.46473169993698, 180.51879854694698, 182.97141877845698]
