Avion: 6      Iteracion: 53

Num Ruta: 46
Ingresos: 104400.0
Costos: 335.047728535
Utilidad Ruta: 104064.952271
Costo Reducido: 2.49973823407
Nodos: [106, 9, 49, 11, 51, 34, 74, 22, 62, 8, 48, 13, 53, 21, 61, 33, 73, 816]
q: [0, 11.0, -11.0, 8.0, -8.0, 12.0, -12.0, 10.0, -10.0, 8.0, -8.0, 15.0, -15.0, 13.0, -13.0, 10.0, -10.0, 0]
Q: [0, 11.0, 0.0, 8.0, 0.0, 12.0, 0.0, 10.0, 0.0, 8.0, 0.0, 15.0, 0.0, 13.0, 0.0, 10.0, 0.0, 0]
B: [0.0, 35.5829922575, 65.11022926000001, 169.0, 173.05406684701, 283.0, 323.947598037, 353.69889745399996, 375.4535835929, 414.0, 434.768396616, 436.97907275691, 453.86222370691, 477.0, 517.7387906792, 562.0, 585.3035112376, 599.1444684661]
