Avion: 3      Iteracion: 46

Num Ruta: 42
Ingresos: 84000.0
Costos: 292.261579305
Utilidad Ruta: 83707.7384207
Costo Reducido: 4.39084049135
Nodos: [103, 12, 52, 1, 41, 8, 32, 48, 6, 46, 72, 29, 27, 69, 67, 37, 77, 813]
q: [0, 14.0, -14.0, 7.0, -7.0, 8.0, 6.0, -8.0, 5.0, -5.0, -6.0, 9.0, 6.0, -9.0, -6.0, 15.0, -15.0, 0]
Q: [0, 14.0, 0.0, 7.0, 0.0, 8.0, 14.0, 6.0, 11.0, 6.0, 0.0, 9.0, 15.0, 6.0, 0.0, 15.0, 0.0, 0]
B: [0.0, 54.0, 97.347924264, 175.0, 209.2400855285, 414.0, 425.4468981388, 447.8266328334, 457.01730446283, 460.70959386102, 483.36696550912, 549.0, 574.6018082369, 582.8182362320799, 598.26561380888, 605.10157943197, 625.89623290347, 646.89802835057]
