Avion: 4      Iteracion: 22

Num Ruta: 23
Ingresos: 85200.0
Costos: 284.155311707
Utilidad Ruta: 84915.8446883
Costo Reducido: 207.863338089
Nodos: [104, 17, 57, 24, 9, 49, 64, 1, 41, 3, 43, 8, 32, 72, 48, 13, 53, 814]
q: [0.0, 5.0, -5.0, 4.0, 11.0, -11.0, -4.0, 7.0, -7.0, 15.0, -15.0, 8.0, 6.0, -6.0, -8.0, 15.0, -15.0, 0.0]
Q: [0.0, 5.0, 0.0, 4.0, 15.0, 4.0, 0.0, 7.0, 0.0, 15.0, 0.0, 8.0, 14.0, 8.0, 0.0, 15.0, 0.0, 0.0]
B: [0.0, 24.0, 58.8425537813, 75.400837086, 81.83771412381999, 111.36495112632, 136.42051454042, 175.0, 209.2400855285, 256.0, 261.08428175852, 414.0, 425.4468981388, 453.3042539537, 469.35335268230006, 471.56402882321004, 488.44717977321005, 509.92425969581006]
