Avion: 7      Iteracion: 53

Num Ruta: 51
Ingresos: 78000.0
Costos: 171.478177657
Utilidad Ruta: 77828.5218223
Costo Reducido: 6.8029551423
Nodos: [107, 14, 54, 3, 43, 23, 63, 6, 46, 5, 45, 7, 4, 47, 44, 817]
q: [0, 8.0, -8.0, 15.0, -15.0, 10.0, -10.0, 5.0, -5.0, 12.0, -12.0, 10.0, 5.0, -10.0, -5.0, 0]
Q: [0, 8.0, 0.0, 15.0, 0.0, 10.0, 0.0, 5.0, 0.0, 12.0, 0.0, 10.0, 15.0, 5.0, 0.0, 0]
B: [0.0, 112.0, 124.021711775, 256.0, 261.08428175852, 267.0, 306.733842905, 436.0, 439.69228939819, 469.0, 470.12168890518, 517.0, 529.0, 548.2723609867, 549.43273506431, 561.43282110571]
