Avion: 4      Iteracion: 16

Num Ruta: 18
Ingresos: 106800.0
Costos: 356.060821917
Utilidad Ruta: 106443.939178
Costo Reducido: 154.981449549
Nodos: [104, 17, 57, 24, 9, 49, 64, 1, 31, 71, 11, 51, 41, 3, 43, 23, 63, 35, 75, 6, 46, 5, 45, 814]
q: [0.0, 5.0, -5.0, 4.0, 11.0, -11.0, -4.0, 7.0, 6.0, -6.0, 8.0, -8.0, -7.0, 15.0, -15.0, 10.0, -10.0, 6.0, -6.0, 5.0, -5.0, 12.0, -12.0, 0.0]
Q: [0.0, 5.0, 0.0, 4.0, 15.0, 4.0, 0.0, 7.0, 13.0, 7.0, 15.0, 7.0, 0.0, 15.0, 0.0, 10.0, 0.0, 6.0, 0.0, 5.0, 0.0, 12.0, 0.0, 0.0]
B: [0.0, 24.0, 58.8425537813, 75.400837086, 81.83771412381999, 111.36495112632, 136.42051454042, 175.0, 183.89376197118, 197.19937597428, 197.678254873377, 201.732321720387, 236.048051058387, 256.0, 261.08428175852, 267.0, 306.733842905, 336.2538785588, 356.1667619512, 436.0, 439.69228939819, 469.0, 470.12168890518, 501.16672910488]
