Avion: 1      Iteracion: 24

Num Ruta: 28
Ingresos: 126000.0
Costos: 433.764483898
Utilidad Ruta: 125566.235516
Costo Reducido: 137.8907018
Nodos: [101, 30, 16, 56, 70, 24, 64, 1, 31, 71, 41, 23, 35, 75, 63, 22, 62, 32, 19, 59, 72, 21, 38, 78, 61, 33, 73, 811]
q: [0.0, 4.0, 11.0, -11.0, -4.0, 14.0, -14.0, 7.0, 6.0, -6.0, -7.0, 9.0, 6.0, -6.0, -9.0, 10.0, -10.0, 6.0, 7.0, -7.0, -6.0, 13.0, 2.0, -2.0, -13.0, 10.0, -10.0, 0.0]
Q: [0.0, 4.0, 15.0, 4.0, 0.0, 14.0, 0.0, 7.0, 13.0, 7.0, 0.0, 9.0, 15.0, 9.0, 0.0, 10.0, 0.0, 6.0, 13.0, 6.0, 0.0, 13.0, 15.0, 13.0, 0.0, 10.0, 0.0, 0.0]
B: [0.0, 64.0, 72.20259129788, 81.82668273552001, 84.69783929691, 109.43181018721, 147.94476048971, 175.0, 183.89376197118, 197.19937597428, 230.76046369508, 267.0, 307.4405515417, 327.3534349341, 339.9719804129, 355.7284044044, 377.4830905433, 422.0, 433.71491463899997, 460.34203093049996, 477.46940737869994, 495.8813389720999, 502.7042519130699, 535.5731385537699, 542.64306712484, 562.0, 585.3035112376, 591.22248750043]
