Avion: 6      Iteracion: 22

Num Ruta: 24
Ingresos: 74400.0
Costos: 312.546638862
Utilidad Ruta: 74087.4533611
Costo Reducido: 175.231198024
Nodos: [106, 9, 49, 24, 64, 1, 41, 32, 72, 13, 53, 29, 69, 816]
q: [0, 11.0, -11.0, 14.0, -14.0, 7.0, -7.0, 6.0, -6.0, 15.0, -15.0, 9.0, -9.0, 0]
Q: [0, 11.0, 0.0, 14.0, 0.0, 7.0, 0.0, 6.0, 0.0, 15.0, 0.0, 9.0, 0.0, 0]
B: [0.0, 35.5829922575, 65.11022926000001, 89.25047915510001, 127.76342945760001, 175.0, 209.2400855285, 422.0, 449.8573558149, 463.69953559270004, 480.58268654270006, 549.0, 582.7797797802, 612.0199550533]
