Avion: 6      Iteracion: 23

Num Ruta: 25
Ingresos: 33600.0
Costos: 146.62199447
Utilidad Ruta: 33453.3780055
Costo Reducido: 100.706746599
Nodos: [106, 26, 66, 38, 20, 60, 78, 816]
q: [0.0, 13.0, -13.0, 5.0, 10.0, -10.0, -5.0, 0.0]
Q: [0.0, 13.0, 0.0, 5.0, 15.0, 5.0, 0.0, 0.0]
B: [0.0, 300.0, 317.5792279694, 480.0, 496.0, 538.1771424471, 565.5541501726, 595.5659677117]
