Avion: 6      Iteracion: 7

Num Ruta: 10
Ingresos: 96000.0
Costos: 325.136372985
Utilidad Ruta: 95674.863627
Costo Reducido: 92310.5521123
Nodos: [106, 30, 70, 31, 71, 3, 43, 36, 76, 34, 18, 58, 74, 39, 79, 25, 65, 816]
q: [0.0, 11.0, -11.0, 6.0, -6.0, 15.0, -15.0, 15.0, -15.0, 12.0, 3.0, -3.0, -12.0, 8.0, -8.0, 10.0, -10.0, 0.0]
Q: [0.0, 11.0, 0.0, 6.0, 0.0, 15.0, 0.0, 15.0, 0.0, 12.0, 15.0, 12.0, 0.0, 8.0, 0.0, 10.0, 0.0, 0.0]
B: [0.0, 64.0, 82.7140226568, 130.0, 143.3056140031, 256.0, 261.08428175852, 296.00374706082, 302.95189112956, 316.67163912286003, 340.38713283476005, 364.20536908346, 379.35799872326004, 388.69465047857005, 411.32683793357006, 446.68634620217006, 463.87132851227005, 471.54113528950006]
