Avion: 7      Iteracion: 3

Num Ruta: 5
Ingresos: 133200.0
Costos: 357.455470161
Utilidad Ruta: 132842.54453
Costo Reducido: 247442.930071
Nodos: [107, 24, 64, 1, 31, 71, 11, 51, 41, 3, 43, 36, 76, 19, 8, 59, 48, 7, 4, 47, 44, 33, 73, 27, 67, 817]
q: [0, 14.0, -14.0, 7.0, 6.0, -6.0, 8.0, -8.0, -7.0, 15.0, -15.0, 15.0, -15.0, 7.0, 8.0, -7.0, -8.0, 10.0, 5.0, -10.0, -5.0, 10.0, -10.0, 6.0, -6.0, 0]
Q: [0, 14.0, 0.0, 7.0, 13.0, 7.0, 15.0, 7.0, 0.0, 15.0, 0.0, 15.0, 0.0, 7.0, 15.0, 8.0, 0.0, 10.0, 15.0, 5.0, 0.0, 10.0, 0.0, 6.0, 0.0, 0]
B: [0.0, 61.0, 99.5129503025, 175.0, 183.89376197118, 197.19937597428, 197.678254873377, 201.732321720387, 236.048051058387, 256.0, 261.08428175852, 296.00374706082, 302.95189112956, 402.0, 425.1608815463, 443.1178409771, 446.04596016866, 517.0, 529.0, 548.2723609867, 549.43273506431, 562.0, 585.3035112376, 592.52226459258, 609.55312696068, 616.2578217337499]
