Avion: 1      Iteracion: 11

Num Ruta: 15
Ingresos: 145200.0
Costos: 582.519478804
Utilidad Ruta: 144617.480521
Costo Reducido: 400228.887211
Nodos: [101, 16, 56, 17, 10, 57, 14, 54, 50, 3, 43, 23, 35, 75, 63, 22, 62, 19, 8, 59, 48, 32, 72, 15, 20, 55, 4, 44, 60, 2, 42, 811]
q: [0.0, 11.0, -11.0, 5.0, 7.0, -5.0, 8.0, -8.0, -7.0, 15.0, -15.0, 10.0, 5.0, -5.0, -10.0, 10.0, -10.0, 7.0, 8.0, -7.0, -8.0, 6.0, -6.0, 11.0, 4.0, -11.0, 5.0, -5.0, -4.0, 9.0, -9.0, 0.0]
Q: [0.0, 11.0, 0.0, 5.0, 12.0, 7.0, 15.0, 7.0, 0.0, 15.0, 0.0, 10.0, 15.0, 10.0, 0.0, 10.0, 0.0, 7.0, 15.0, 8.0, 0.0, 6.0, 0.0, 11.0, 15.0, 4.0, 9.0, 4.0, 0.0, 9.0, 0.0, 0.0]
B: [0.0, 36.0, 45.624091437640004, 78.34191948294, 96.50430437594, 113.76510357523999, 126.20365642514, 138.22536820014, 183.74845043324, 256.0, 261.08428175852, 267.0, 307.4405515417, 327.3534349341, 339.9719804129, 355.7284044044, 377.4830905433, 402.0, 425.1608815463, 443.1178409771, 446.04596016866, 468.42569486326, 496.28305067816, 519.57849023186, 529.87938232916, 536.0132343815, 541.58791365479, 562.01366333499, 573.87488658559, 581.20518385105, 621.94014589845, 644.6943478400501]
