Avion: 7      Iteracion: 16

Num Ruta: 17
Ingresos: 110400.0
Costos: 335.146915049
Utilidad Ruta: 110064.853085
Costo Reducido: 166.638618974
Nodos: [107, 9, 49, 40, 80, 14, 54, 3, 43, 23, 63, 22, 62, 32, 72, 6, 46, 5, 45, 817]
q: [0, 11.0, -11.0, 15.0, -15.0, 8.0, -8.0, 15.0, -15.0, 10.0, -10.0, 10.0, -10.0, 6.0, -6.0, 5.0, -5.0, 12.0, -12.0, 0]
Q: [0, 11.0, 0.0, 15.0, 0.0, 8.0, 0.0, 15.0, 0.0, 10.0, 0.0, 10.0, 0.0, 6.0, 0.0, 5.0, 0.0, 12.0, 0.0, 0]
B: [0.0, 28.0348110926, 57.562048095099996, 86.5208430459, 119.090284828, 147.6686867602, 159.6903985352, 256.0, 261.08428175852, 267.0, 306.733842905, 322.49026689650003, 344.24495303540004, 422.0, 449.8573558149, 470.24932759300003, 473.94161699119, 492.33047720599, 493.45216611117, 498.19168138174]
