Avion: 1      Iteracion: 27

Num Ruta: 31
Ingresos: 74400.0
Costos: 232.756574
Utilidad Ruta: 74167.243426
Costo Reducido: 22.8734238226
Nodos: [101, 9, 49, 12, 52, 1, 41, 3, 43, 23, 18, 58, 63, 811]
q: [0.0, 11.0, -11.0, 14.0, -14.0, 7.0, -7.0, 15.0, -15.0, 10.0, 5.0, -5.0, -10.0, 0.0]
Q: [0.0, 11.0, 0.0, 14.0, 0.0, 7.0, 0.0, 15.0, 0.0, 10.0, 15.0, 10.0, 0.0, 0.0]
B: [0.0, 28.0, 57.5272370025, 68.3142737596, 111.6621980236, 175.0, 209.2400855285, 256.0, 261.08428175852, 267.0, 293.0, 316.8182362487, 326.74376782137, 332.60526865307]
