Avion: 2      Iteracion: 32

Num Ruta: 33
Ingresos: 127200.0
Costos: 370.965265255
Utilidad Ruta: 126829.034735
Costo Reducido: 48.0132611012
Nodos: [102, 16, 56, 9, 49, 11, 51, 34, 74, 39, 79, 13, 28, 53, 68, 15, 55, 38, 20, 78, 60, 37, 77, 812]
q: [0.0, 11.0, -11.0, 11.0, -11.0, 8.0, -8.0, 12.0, -12.0, 8.0, -8.0, 7.0, 8.0, -7.0, -8.0, 11.0, -11.0, 8.0, 7.0, -8.0, -7.0, 15.0, -15.0, 0.0]
Q: [0.0, 11.0, 0.0, 11.0, 0.0, 8.0, 0.0, 12.0, 0.0, 8.0, 0.0, 7.0, 15.0, 8.0, 0.0, 11.0, 0.0, 8.0, 15.0, 7.0, 0.0, 15.0, 0.0, 0.0]
B: [0.0, 36.0, 45.624091437640004, 75.68094759394, 105.20818459644, 169.0, 173.05406684701, 283.0, 323.947598037, 388.0, 410.632187455, 423.0, 436.7962173439, 450.1536367429, 473.1920667675, 511.0, 527.4211666151, 531.5084323270399, 533.58950176365, 568.21583724695, 595.5928449724499, 607.17036292755, 627.96501639905, 646.66425124975]
