Avion: 2      Iteracion: 17

Num Ruta: 18
Ingresos: 60000.0
Costos: 184.678644398
Utilidad Ruta: 59815.3213556
Costo Reducido: 132.716664455
Nodos: [102, 22, 62, 25, 65, 21, 4, 61, 44, 37, 77, 812]
q: [0.0, 10.0, -10.0, 10.0, -10.0, 10.0, 5.0, -10.0, -5.0, 15.0, -15.0, 0.0]
Q: [0.0, 10.0, 0.0, 10.0, 0.0, 10.0, 15.0, 5.0, 0.0, 15.0, 0.0, 0.0]
B: [0.0, 299.0, 320.7546861389, 410.0, 427.1849823101, 477.0, 529.0, 558.169797411, 574.9727418256, 582.03711391376, 602.83176738526, 621.53100223596]
