Avion: 4      Iteracion: 41

Num Ruta: 39
Ingresos: 57600.0
Costos: 143.926971949
Utilidad Ruta: 57456.0730281
Costo Reducido: 1.41121705828
Nodos: [104, 31, 71, 36, 76, 19, 8, 59, 48, 5, 45, 814]
q: [0, 6.0, -6.0, 15.0, -15.0, 7.0, 8.0, -7.0, -8.0, 12.0, -12.0, 0]
Q: [0, 6.0, 0.0, 15.0, 0.0, 7.0, 15.0, 8.0, 0.0, 12.0, 0.0, 0]
B: [0.0, 130.0, 143.3056140031, 251.0, 257.94814406874, 402.0, 425.1608815463, 443.1178409771, 446.04596016866, 469.0, 470.12168890518, 501.16672910488]
