Avion: 6      Iteracion: 15

Num Ruta: 18
Ingresos: 26400.0
Costos: 147.641487167
Utilidad Ruta: 26252.3585128
Costo Reducido: 70.1672460832
Nodos: [106, 24, 64, 38, 78, 816]
q: [0, 14.0, -14.0, 8.0, -8.0, 0]
Q: [0, 14.0, 0.0, 8.0, 0.0, 0]
B: [0.0, 61.0, 99.5129503025, 480.0, 512.8688866407, 542.8807041798]
