Avion: 7      Iteracion: 51

Num Ruta: 49
Ingresos: 145200.0
Costos: 396.683013987
Utilidad Ruta: 144803.316986
Costo Reducido: 14.2653635838
Nodos: [107, 30, 16, 56, 70, 24, 64, 1, 41, 3, 43, 18, 36, 76, 34, 58, 74, 39, 6, 46, 79, 27, 7, 47, 67, 37, 77, 817]
q: [0.0, 11.0, 4.0, -4.0, -11.0, 14.0, -14.0, 7.0, -7.0, 15.0, -15.0, 3.0, 12.0, -12.0, 12.0, -3.0, -12.0, 8.0, 5.0, -5.0, -8.0, 5.0, 10.0, -10.0, -5.0, 15.0, -15.0, 0.0]
Q: [0.0, 11.0, 15.0, 11.0, 0.0, 14.0, 0.0, 7.0, 0.0, 15.0, 0.0, 3.0, 15.0, 3.0, 15.0, 12.0, 0.0, 8.0, 13.0, 8.0, 0.0, 5.0, 15.0, 5.0, 0.0, 15.0, 0.0, 0.0]
B: [0.0, 64.0, 72.20259129788, 81.82668273552001, 84.69783929691, 109.43181018721, 147.94476048971, 175.0, 209.2400855285, 256.0, 261.08428175852, 293.0, 306.9670306436, 313.91517471234005, 327.63492270564007, 355.86696018084007, 371.0195898206401, 388.0, 436.0, 439.69228939819, 449.87740525418997, 538.0, 565.6633233723, 594.2046351852, 598.60455575266, 605.44052137575, 626.2351748472499, 641.80956321405]
