Avion: 2      Iteracion: 12

Num Ruta: 13
Ingresos: 145200.0
Costos: 585.74533055
Utilidad Ruta: 144614.254669
Costo Reducido: 85353.8099376
Nodos: [102, 17, 57, 30, 70, 40, 80, 1, 11, 51, 41, 34, 74, 22, 62, 32, 25, 65, 72, 38, 7, 78, 27, 4, 47, 44, 67, 37, 77, 812]
q: [0.0, 5.0, -5.0, 11.0, -11.0, 15.0, -15.0, 7.0, 8.0, -8.0, -7.0, 12.0, -12.0, 10.0, -10.0, 6.0, 9.0, -9.0, -6.0, 8.0, 7.0, -8.0, 6.0, 2.0, -7.0, -2.0, -6.0, 15.0, -15.0, 0.0]
Q: [0.0, 5.0, 0.0, 11.0, 0.0, 15.0, 0.0, 7.0, 15.0, 7.0, 0.0, 12.0, 0.0, 10.0, 0.0, 6.0, 15.0, 6.0, 0.0, 8.0, 15.0, 7.0, 13.0, 15.0, 8.0, 6.0, 0.0, 15.0, 0.0, 0.0]
B: [0.0, 25.145167826, 59.9877216073, 64.0, 82.7140226568, 113.5238767298, 146.0933185119, 175.0, 193.6808285951, 197.73489544211, 232.05062478011, 283.0, 323.947598037, 353.69889745399996, 375.4535835929, 422.0, 442.6664482919, 459.851430602, 470.8364988767, 485.8669461089, 517.0, 556.1972757344, 567.7330030630001, 585.3477776003001, 604.6201385870002, 605.7805126646101, 611.1957711995301, 618.0317368226201, 638.8263902941201, 657.5256251448201]
