Avion: 4      Iteracion: 7

Num Ruta: 11
Ingresos: 62400.0
Costos: 233.944811114
Utilidad Ruta: 62166.0551889
Costo Reducido: 69311.7659728
Nodos: [104, 30, 70, 31, 71, 36, 76, 23, 63, 22, 62, 814]
q: [0, 11.0, -11.0, 6.0, -6.0, 15.0, -15.0, 10.0, -10.0, 10.0, -10.0, 0]
Q: [0, 11.0, 0.0, 6.0, 0.0, 15.0, 0.0, 10.0, 0.0, 10.0, 0.0, 0]
B: [0.0, 64.0, 82.7140226568, 130.0, 143.3056140031, 251.0, 257.94814406874, 299.00676745044, 338.74061035544, 354.49703434694004, 376.25172048584005, 400.8685822882401]
