Avion: 1      Iteracion: 36

Num Ruta: 39
Ingresos: 96000.0
Costos: 228.072159106
Utilidad Ruta: 95771.9278409
Costo Reducido: 51.6665130557
Nodos: [101, 14, 54, 3, 43, 23, 18, 63, 58, 39, 79, 13, 53, 15, 55, 38, 78, 811]
q: [0.0, 8.0, -8.0, 15.0, -15.0, 10.0, 5.0, -10.0, -5.0, 8.0, -8.0, 15.0, -15.0, 11.0, -11.0, 8.0, -8.0, 0.0]
Q: [0.0, 8.0, 0.0, 15.0, 0.0, 10.0, 15.0, 5.0, 0.0, 8.0, 0.0, 15.0, 0.0, 11.0, 0.0, 8.0, 0.0, 0.0]
B: [0.0, 112.0, 124.021711775, 256.0, 261.08428175852, 267.0, 293.0, 318.4393114097, 328.36484298237, 388.0, 410.632187455, 423.0, 439.88315095, 511.0, 527.4211666151, 531.5084323270399, 564.3773189677399, 578.6667425040399]
