Avion: 6      Iteracion: 1

Num Ruta: 5
Ingresos: 73200.0
Costos: 305.952365816
Utilidad Ruta: 72894.0476342
Costo Reducido: 45633.7140179
Nodos: [106, 40, 80, 8, 48, 13, 53, 21, 61, 20, 60, 816]
q: [0, 15.0, -15.0, 8.0, -8.0, 15.0, -15.0, 13.0, -13.0, 10.0, -10.0, 0]
Q: [0, 15.0, 0.0, 8.0, 0.0, 15.0, 0.0, 13.0, 0.0, 10.0, 0.0, 0]
B: [0.0, 62.0, 94.5694417821, 414.0, 434.768396616, 436.97907275691, 453.86222370691, 477.0, 517.7387906792, 554.1640824007, 596.3412248477999, 641.5717081969999]
