Avion: 2      Iteracion: 14

Num Ruta: 15
Ingresos: 127200.0
Costos: 484.187754581
Utilidad Ruta: 126715.812245
Costo Reducido: 400.978118275
Nodos: [102, 17, 57, 24, 12, 52, 64, 36, 76, 3, 43, 23, 63, 28, 32, 68, 25, 65, 38, 72, 78, 29, 27, 69, 67, 812]
q: [0.0, 5.0, -5.0, 1.0, 14.0, -14.0, -1.0, 15.0, -15.0, 15.0, -15.0, 10.0, -10.0, 8.0, 6.0, -8.0, 9.0, -9.0, 8.0, -6.0, -8.0, 9.0, 6.0, -9.0, -6.0, 0.0]
Q: [0.0, 5.0, 0.0, 1.0, 15.0, 1.0, 0.0, 15.0, 0.0, 15.0, 0.0, 10.0, 0.0, 8.0, 14.0, 6.0, 15.0, 6.0, 14.0, 8.0, 0.0, 9.0, 15.0, 6.0, 0.0, 0.0]
B: [0.0, 25.145167826, 59.9877216073, 76.546004912, 93.39383233870001, 136.7417566027, 152.6739941731, 251.0, 257.94814406874, 294.92818141324, 300.01246317176, 303.37495049515996, 343.10879340016, 378.0, 422.0, 445.4551085267, 448.78848714305997, 465.97346945315996, 480.0, 495.0304472322, 517.0265259964, 551.4227016559, 577.0245098928, 585.24093788798, 600.68831546478, 614.10472172728]
