Avion: 2      Iteracion: 50

Num Ruta: 47
Ingresos: 46800.0
Costos: 105.672458641
Utilidad Ruta: 46694.3275414
Costo Reducido: 8.53966677877
Nodos: [102, 31, 71, 11, 51, 7, 47, 37, 77, 812]
q: [0, 6.0, -6.0, 8.0, -8.0, 10.0, -10.0, 15.0, -15.0, 0]
Q: [0, 6.0, 0.0, 8.0, 0.0, 10.0, 0.0, 15.0, 0.0, 0]
B: [0.0, 130.0, 143.3056140031, 169.0, 173.05406684701, 517.0, 545.5413118129, 562.0, 582.7946534714999, 601.4938883222]
