Avion: 7      Iteracion: 38

Num Ruta: 38
Ingresos: 73200.0
Costos: 198.776228139
Utilidad Ruta: 73001.2237719
Costo Reducido: 11.0958440942
Nodos: [107, 16, 56, 9, 49, 14, 54, 18, 58, 39, 79, 5, 45, 817]
q: [0, 11.0, -11.0, 11.0, -11.0, 8.0, -8.0, 11.0, -11.0, 8.0, -8.0, 12.0, -12.0, 0]
Q: [0, 11.0, 0.0, 11.0, 0.0, 8.0, 0.0, 11.0, 0.0, 8.0, 0.0, 12.0, 0.0, 0]
B: [0.0, 36.0, 45.624091437640004, 75.68094759394, 105.20818459644, 115.46499131194001, 127.48670308694001, 293.0, 316.8182362487, 388.0, 410.632187455, 469.0, 470.12168890518, 474.86120417575]
