Avion: 5      Iteracion: 25

Num Ruta: 24
Ingresos: 32400.0
Costos: 65.0514457157
Utilidad Ruta: 32334.9485543
Costo Reducido: 47.87048926
Nodos: [105, 5, 45, 37, 77, 815]
q: [0, 12.0, -12.0, 15.0, -15.0, 0]
Q: [0, 12.0, 0.0, 15.0, 0.0, 0]
B: [0.0, 469.0, 470.12168890518, 562.0, 582.7946534714999, 604.4220983506]
