Avion: 2      Iteracion: 0

Num Ruta: 4
Ingresos: 0
Costos: 8.55853842662
Utilidad Ruta: -8.55853842662
Costo Reducido: -
Nodos: [102, 812]
q: [0, 0]
Q: [0, 0]
B: [0, 0]
