Avion: 4      Iteracion: 33

Num Ruta: 32
Ingresos: 94800.0
Costos: 351.100507902
Utilidad Ruta: 94448.8994921
Costo Reducido: 15.3744607769
Nodos: [104, 17, 16, 56, 57, 40, 80, 31, 11, 71, 51, 34, 74, 28, 68, 19, 8, 48, 59, 814]
q: [0.0, 5.0, 10.0, -10.0, -5.0, 15.0, -15.0, 6.0, 8.0, -6.0, -8.0, 12.0, -12.0, 8.0, -8.0, 7.0, 8.0, -8.0, -7.0, 0.0]
Q: [0.0, 5.0, 15.0, 5.0, 0.0, 15.0, 0.0, 6.0, 14.0, 8.0, 0.0, 12.0, 0.0, 8.0, 0.0, 7.0, 15.0, 7.0, 0.0, 0.0]
B: [0.0, 24.0, 58.8014769802, 68.42556841784, 83.07333718993999, 106.77230801143999, 139.34174979353998, 162.68023879773997, 175.86296799163998, 176.34184689073697, 180.03622545823697, 283.0, 323.947598037, 378.0, 414.0266187839, 426.5624120576, 449.7232936039, 470.4916902199, 473.41980941146, 501.12643592936]
