Avion: 5      Iteracion: 21

Num Ruta: 20
Ingresos: 132000.0
Costos: 476.495725206
Utilidad Ruta: 131523.504275
Costo Reducido: 138.628921017
Nodos: [105, 17, 57, 30, 70, 16, 56, 10, 50, 23, 18, 63, 58, 39, 19, 59, 79, 13, 53, 15, 55, 29, 27, 67, 69, 815]
q: [0.0, 5.0, -5.0, 11.0, -11.0, 11.0, -11.0, 12.0, -12.0, 10.0, 5.0, -10.0, -5.0, 8.0, 7.0, -7.0, -8.0, 15.0, -15.0, 11.0, -11.0, 9.0, 6.0, -6.0, -9.0, 0.0]
Q: [0.0, 5.0, 0.0, 11.0, 0.0, 11.0, 0.0, 12.0, 0.0, 10.0, 15.0, 5.0, 0.0, 8.0, 15.0, 8.0, 0.0, 15.0, 0.0, 11.0, 0.0, 9.0, 15.0, 9.0, 0.0, 0.0]
B: [0.0, 24.8000597782, 59.6426135595, 64.0, 82.7140226568, 93.53069441849999, 103.15478585614, 118.98406306644, 148.50357380084, 267.0, 293.0, 318.4393114097, 328.36484298237, 388.0, 423.3907399471, 450.01785623859996, 456.33305829395994, 459.5649920804099, 476.44814303040994, 511.0, 527.4211666151, 549.0, 574.6018082369, 591.6326706049999, 607.0800481818, 632.0659818446]
