Avion: 5      Iteracion: 8

Num Ruta: 10
Ingresos: 87600.0
Costos: 420.071093211
Utilidad Ruta: 87179.9289068
Costo Reducido: 122151.408434
Nodos: [105, 9, 49, 10, 50, 11, 51, 22, 62, 28, 68, 13, 53, 29, 69, 815]
q: [0, 11.0, -11.0, 12.0, -12.0, 8.0, -8.0, 10.0, -10.0, 8.0, -8.0, 15.0, -15.0, 9.0, -9.0, 0]
Q: [0, 11.0, 0.0, 12.0, 0.0, 8.0, 0.0, 10.0, 0.0, 8.0, 0.0, 15.0, 0.0, 9.0, 0.0, 0]
B: [0.0, 40.8000150123, 70.3272520148, 98.8693654614, 128.38887619579998, 181.02709277839998, 185.08115962540998, 299.0, 320.7546861389, 378.0, 414.0266187839, 446.9799880805, 463.8631390305, 549.0, 582.7797797802, 607.765713443]
