Avion: 3      Iteracion: 0

Num Ruta: 2
Ingresos: 182400.0
Costos: 569.999109975
Utilidad Ruta: 181830.00089
Costo Reducido: -
Nodos: [103, 9, 49, 40, 80, 10, 50, 11, 51, 36, 76, 3, 43, 23, 26, 63, 66, 8, 48, 13, 53, 5, 45, 38, 21, 78, 61, 27, 4, 67, 44, 813]
q: [0.0, 11.0, -11.0, 15.0, -15.0, 12.0, -12.0, 8.0, -8.0, 15.0, -15.0, 15.0, -15.0, 2.0, 13.0, -2.0, -13.0, 8.0, -8.0, 15.0, -15.0, 12.0, -12.0, 2.0, 13.0, -2.0, -13.0, 6.0, 5.0, -6.0, -5.0, 0.0]
Q: [0.0, 11.0, 0.0, 15.0, 0.0, 12.0, 0.0, 8.0, 0.0, 15.0, 0.0, 15.0, 0.0, 2.0, 15.0, 13.0, 0.0, 8.0, 0.0, 15.0, 0.0, 12.0, 0.0, 2.0, 15.0, 13.0, 0.0, 6.0, 11.0, 5.0, 0.0, 0.0]
B: [0.0, 28.0, 57.5272370025, 86.4860319533, 119.0554737354, 136.2361678133, 165.7556785477, 218.3938951303, 222.44796197731, 251.0, 257.94814406874, 294.92818141324, 300.01246317176, 303.37495049515996, 337.81629403745995, 357.50266681155995, 360.56973919413997, 414.0, 434.768396616, 436.97907275691, 453.86222370691, 481.12650680771003, 482.24819571289004, 503.82988841759004, 510.65280135856005, 549.1645398287601, 556.2344683998301, 569.4119165974301, 587.0266911347302, 603.1138917924302, 608.5291503273502, 636.0814237362501]
