Avion: 2      Iteracion: 0

Num Ruta: 1
Ingresos: 67200.0
Costos: 243.301438034
Utilidad Ruta: 66956.698562
Costo Reducido: -
Nodos: [102, 31, 71, 34, 74, 28, 68, 15, 55, 7, 47, 2, 42, 812]
q: [0, 6.0, -6.0, 12.0, -12.0, 8.0, -8.0, 11.0, -11.0, 10.0, -10.0, 9.0, -9.0, 0]
Q: [0, 6.0, 0.0, 12.0, 0.0, 8.0, 0.0, 11.0, 0.0, 10.0, 0.0, 9.0, 0.0, 0]
B: [0.0, 130.0, 143.3056140031, 283.0, 323.947598037, 378.0, 414.0266187839, 511.0, 527.4211666151, 538.3259061809999, 566.8672179938999, 576.9973864524999, 617.7323484998999, 636.0374859208999]
