Avion: 3      Iteracion: 24

Num Ruta: 25
Ingresos: 140400.0
Costos: 502.304532563
Utilidad Ruta: 139897.695467
Costo Reducido: 126.679074723
Nodos: [103, 16, 56, 24, 64, 1, 31, 71, 41, 35, 75, 22, 62, 18, 58, 39, 19, 59, 79, 5, 45, 38, 21, 78, 61, 33, 73, 813]
q: [0.0, 11.0, -11.0, 14.0, -14.0, 7.0, 6.0, -6.0, -7.0, 6.0, -6.0, 10.0, -10.0, 11.0, -11.0, 8.0, 7.0, -7.0, -8.0, 12.0, -12.0, 2.0, 13.0, -2.0, -13.0, 10.0, -10.0, 0.0]
Q: [0.0, 11.0, 0.0, 14.0, 0.0, 7.0, 13.0, 7.0, 0.0, 6.0, 0.0, 10.0, 0.0, 11.0, 0.0, 8.0, 15.0, 8.0, 0.0, 12.0, 0.0, 2.0, 15.0, 13.0, 0.0, 10.0, 0.0, 0.0]
B: [0.0, 36.0, 45.624091437640004, 70.85029051714, 109.36324081964, 175.0, 183.89376197118, 197.19937597428, 230.76046369508, 279.0, 298.9128833924, 314.02713802169995, 335.78182416059997, 349.182260758, 373.00049700669996, 388.0, 423.3907399471, 450.01785623859996, 456.33305829395994, 469.0, 470.12168890518, 491.70338160988, 498.52629455085, 537.0380330210501, 544.1079615921201, 562.0, 585.3035112376, 609.1137857005]
