Avion: 7      Iteracion: 48

Num Ruta: 46
Ingresos: 44400.0
Costos: 166.652982138
Utilidad Ruta: 44233.3470179
Costo Reducido: 15.9284993281
Nodos: [107, 22, 62, 19, 32, 59, 38, 72, 78, 27, 67, 817]
q: [0, 10.0, -10.0, 7.0, 6.0, -7.0, 8.0, -6.0, -8.0, 6.0, -6.0, 0]
Q: [0, 10.0, 0.0, 7.0, 13.0, 6.0, 14.0, 8.0, 0.0, 6.0, 0.0, 0]
B: [0.0, 299.0, 320.7546861389, 402.0, 422.0, 441.5724706923, 480.0, 495.0304472322, 517.0265259964, 538.0, 555.0308623681, 561.7355571411699]
