Avion: 6      Iteracion: 40

Num Ruta: 36
Ingresos: 99600.0
Costos: 319.613363072
Utilidad Ruta: 99280.3866369
Costo Reducido: 16.833178665
Nodos: [106, 9, 49, 11, 51, 34, 74, 22, 62, 8, 48, 13, 53, 29, 69, 33, 73, 816]
q: [0, 11.0, -11.0, 8.0, -8.0, 12.0, -12.0, 10.0, -10.0, 8.0, -8.0, 15.0, -15.0, 9.0, -9.0, 10.0, -10.0, 0]
Q: [0, 11.0, 0.0, 8.0, 0.0, 12.0, 0.0, 10.0, 0.0, 8.0, 0.0, 15.0, 0.0, 9.0, 0.0, 10.0, 0.0, 0]
B: [0.0, 35.5829922575, 65.11022926000001, 169.0, 173.05406684701, 283.0, 323.947598037, 353.69889745399996, 375.4535835929, 414.0, 434.768396616, 436.97907275691, 453.86222370691, 549.0, 582.7797797802, 591.6312714624, 614.9347827, 628.7757399285]
