Avion: 5      Iteracion: 50

Num Ruta: 42
Ingresos: 92400.0
Costos: 334.783223716
Utilidad Ruta: 92065.2167763
Costo Reducido: 20.6772613503
Nodos: [105, 17, 30, 57, 16, 56, 70, 24, 64, 1, 41, 18, 58, 22, 62, 19, 25, 65, 59, 815]
q: [0.0, 5.0, 10.0, -5.0, 5.0, -5.0, -10.0, 14.0, -14.0, 7.0, -7.0, 11.0, -11.0, 10.0, -10.0, 7.0, 8.0, -8.0, -7.0, 0.0]
Q: [0.0, 5.0, 15.0, 10.0, 15.0, 10.0, 0.0, 14.0, 0.0, 7.0, 0.0, 11.0, 0.0, 10.0, 0.0, 7.0, 15.0, 7.0, 0.0, 0.0]
B: [0.0, 24.8000597782, 64.0, 67.14445448369, 72.47609381883, 82.10018525647, 84.97134181786, 109.70531270816, 148.21826301066, 175.0, 209.2400855285, 293.0, 316.8182362487, 332.3010836612, 354.0557698001, 402.0, 411.3920072402, 428.57698955029997, 445.3638459862, 457.26188901859996]
