Avion: 7      Iteracion: 4

Num Ruta: 6
Ingresos: 52800.0
Costos: 225.08841685
Utilidad Ruta: 52574.9115831
Costo Reducido: 121619.824344
Nodos: [107, 19, 59, 32, 72, 5, 45, 33, 73, 29, 69, 817]
q: [0, 7.0, -7.0, 6.0, -6.0, 12.0, -12.0, 10.0, -10.0, 9.0, -9.0, 0]
Q: [0, 7.0, 0.0, 6.0, 0.0, 12.0, 0.0, 10.0, 0.0, 9.0, 0.0, 0]
B: [0.0, 402.0, 428.6271162915, 448.1995869838, 476.0569427987, 500.9991778629, 502.12086676808, 562.0, 585.3035112376, 603.6868304428, 637.466610223, 659.0401451675]
