Avion: 7      Iteracion: 36

Num Ruta: 36
Ingresos: 73200.0
Costos: 200.312546218
Utilidad Ruta: 72999.6874538
Costo Reducido: 31.1858091375
Nodos: [107, 12, 52, 31, 71, 36, 76, 15, 55, 20, 4, 44, 60, 817]
q: [0, 14.0, -14.0, 6.0, -6.0, 15.0, -15.0, 11.0, -11.0, 10.0, 5.0, -5.0, -10.0, 0]
Q: [0, 14.0, 0.0, 6.0, 0.0, 15.0, 0.0, 11.0, 0.0, 10.0, 15.0, 10.0, 0.0, 0]
B: [0.0, 54.0, 97.347924264, 130.0, 143.3056140031, 251.0, 257.94814406874, 511.0, 527.4211666151, 533.55501866744, 543.83416970244, 564.25991938264, 576.12114263324, 597.3969865883399]
