Avion: 5      Iteracion: 22

Num Ruta: 21
Ingresos: 91200.0
Costos: 291.639033831
Utilidad Ruta: 90908.3609662
Costo Reducido: 177.696737062
Nodos: [105, 9, 49, 24, 64, 1, 41, 3, 43, 8, 32, 72, 48, 13, 53, 815]
q: [0, 11.0, -11.0, 14.0, -14.0, 7.0, -7.0, 15.0, -15.0, 8.0, 6.0, -6.0, -8.0, 15.0, -15.0, 0]
Q: [0, 11.0, 0.0, 14.0, 0.0, 7.0, 0.0, 15.0, 0.0, 8.0, 14.0, 8.0, 0.0, 15.0, 0.0, 0]
B: [0.0, 40.8000150123, 70.3272520148, 94.4675019099, 132.9804522124, 175.0, 209.2400855285, 256.0, 261.08428175852, 414.0, 425.4468981388, 453.3042539537, 469.35335268230006, 471.56402882321004, 488.44717977321005, 508.9843208839101]
