Avion: 4      Iteracion: 54

Num Ruta: 47
Ingresos: 98400.0
Costos: 339.526642665
Utilidad Ruta: 98060.4733573
Costo Reducido: 15.0910411238
Nodos: [104, 17, 57, 16, 56, 40, 80, 10, 50, 35, 26, 75, 66, 20, 7, 4, 60, 2, 44, 47, 42, 814]
q: [0.0, 5.0, -5.0, 11.0, -11.0, 15.0, -15.0, 12.0, -12.0, 6.0, 9.0, -6.0, -9.0, 10.0, 5.0, 0.0, -10.0, 9.0, 0.0, -5.0, -9.0, 0.0]
Q: [0.0, 5.0, 0.0, 11.0, 0.0, 15.0, 0.0, 12.0, 0.0, 6.0, 15.0, 9.0, 0.0, 10.0, 15.0, 15.0, 5.0, 14.0, 14.0, 9.0, 0.0, 0.0]
B: [0.0, 24.0, 58.8425537813, 64.17419311644, 73.79828455408, 105.44704301318001, 138.01648479528, 155.19717887318, 184.71668960758, 279.0, 300.0, 309.29300538039, 319.11482114938, 496.0, 517.0, 529.0, 561.0963231072, 568.42662037266, 577.88108688326, 579.0414609608699, 611.1176241042699, 619.9152647538999]
