Avion: 7      Iteracion: 0

Num Ruta: 2
Ingresos: 202800.0
Costos: 634.658195373
Utilidad Ruta: 202165.341805
Costo Reducido: -
Nodos: [107, 17, 57, 30, 70, 40, 80, 1, 31, 71, 11, 51, 41, 3, 43, 36, 76, 26, 66, 39, 79, 13, 53, 5, 45, 6, 46, 7, 4, 47, 44, 33, 73, 29, 69, 817]
q: [0, 5.0, -5.0, 11.0, -11.0, 15.0, -15.0, 7.0, 6.0, -6.0, 8.0, -8.0, -7.0, 15.0, -15.0, 15.0, -15.0, 13.0, -13.0, 8.0, -8.0, 15.0, -15.0, 12.0, -12.0, 5.0, -5.0, 10.0, 5.0, -10.0, -5.0, 10.0, -10.0, 9.0, -9.0, 0]
Q: [0, 5.0, 0.0, 11.0, 0.0, 15.0, 0.0, 7.0, 13.0, 7.0, 15.0, 7.0, 0.0, 15.0, 0.0, 15.0, 0.0, 13.0, 0.0, 8.0, 0.0, 15.0, 0.0, 12.0, 0.0, 5.0, 0.0, 10.0, 15.0, 5.0, 0.0, 10.0, 0.0, 9.0, 0.0, 0]
B: [0.0, 33.8861846923, 68.7287384736, 71.87319295729, 90.58721561409, 121.39706968709, 153.96651146918998, 179.05247043029, 187.94623240146998, 201.25184640457, 201.730725303667, 205.784792150677, 240.10052148867697, 256.0, 261.08428175852, 296.00374706082, 302.95189112956, 343.25427558756, 360.83350355696, 388.0, 410.632187455, 423.0, 439.88315095, 469.0, 470.12168890518, 486.34528175638, 490.03757115457, 525.51042595937, 535.87379925187, 555.14616023857, 556.30653431618, 564.87799976848, 588.18151100608, 606.56483021128, 640.34460999148, 661.91814493598]
