Avion: 7      Iteracion: 50

Num Ruta: 48
Ingresos: 87600.0
Costos: 260.637959744
Utilidad Ruta: 87339.3620403
Costo Reducido: 20.1155185184
Nodos: [107, 12, 52, 1, 31, 71, 11, 51, 41, 8, 48, 7, 4, 47, 44, 37, 77, 817]
q: [0, 14.0, -14.0, 7.0, 6.0, -6.0, 8.0, -8.0, -7.0, 8.0, -8.0, 10.0, 5.0, -10.0, -5.0, 15.0, -15.0, 0]
Q: [0, 14.0, 0.0, 7.0, 13.0, 7.0, 15.0, 7.0, 0.0, 8.0, 0.0, 10.0, 15.0, 5.0, 0.0, 15.0, 0.0, 0]
B: [0.0, 54.0, 97.347924264, 175.0, 183.89376197118, 197.19937597428, 197.678254873377, 201.732321720387, 236.048051058387, 414.0, 434.768396616, 517.0, 529.0, 548.2723609867, 549.43273506431, 562.0, 582.7946534714999, 598.3690418383]
