Avion: 3      Iteracion: 26

Num Ruta: 27
Ingresos: 157200.0
Costos: 414.064416949
Utilidad Ruta: 156785.935583
Costo Reducido: 77.421750678
Nodos: [103, 24, 64, 31, 14, 54, 11, 51, 71, 36, 76, 34, 74, 28, 68, 19, 8, 59, 48, 13, 53, 29, 27, 69, 67, 37, 77, 813]
q: [0, 14.0, -14.0, 6.0, 8.0, -8.0, 8.0, -8.0, -6.0, 15.0, -15.0, 12.0, -12.0, 8.0, -8.0, 7.0, 8.0, -7.0, -8.0, 15.0, -15.0, 9.0, 6.0, -9.0, -6.0, 15.0, -15.0, 0]
Q: [0, 14.0, 0.0, 6.0, 14.0, 6.0, 14.0, 6.0, 0.0, 15.0, 0.0, 12.0, 0.0, 8.0, 0.0, 7.0, 15.0, 8.0, 0.0, 15.0, 0.0, 9.0, 15.0, 6.0, 0.0, 15.0, 0.0, 0]
B: [0.0, 61.0, 99.5129503025, 130.0, 147.5196824172, 159.5413941922, 188.98982330139998, 193.04389014841, 196.73826871590998, 251.0, 257.94814406874, 283.0, 323.947598037, 378.0, 414.0266187839, 426.5624120576, 449.7232936039, 467.6802530347, 470.60837222626, 472.81904836716996, 489.70219931716997, 549.0, 574.6018082369, 582.8182362320799, 598.26561380888, 605.10157943197, 625.89623290347, 646.89802835057]
