Avion: 2      Iteracion: 2

Num Ruta: 5
Ingresos: 190800.0
Costos: 619.688909281
Utilidad Ruta: 190180.311091
Costo Reducido: 835416.955418
Nodos: [102, 9, 16, 56, 49, 12, 52, 31, 11, 51, 71, 1, 41, 3, 43, 23, 35, 63, 75, 26, 66, 25, 65, 13, 53, 6, 46, 5, 45, 2, 4, 42, 7, 47, 44, 812]
q: [0.0, 11.0, 4.0, -4.0, -11.0, 14.0, -14.0, 6.0, 8.0, -8.0, -6.0, 7.0, -7.0, 15.0, -15.0, 9.0, 6.0, -9.0, -6.0, 13.0, -13.0, 10.0, -10.0, 15.0, -15.0, 5.0, -5.0, 12.0, -12.0, 9.0, 5.0, -9.0, 10.0, -10.0, -5.0, 0.0]
Q: [0.0, 11.0, 15.0, 11.0, 0.0, 14.0, 0.0, 6.0, 14.0, 6.0, 0.0, 7.0, 0.0, 15.0, 0.0, 9.0, 15.0, 6.0, 0.0, 13.0, 0.0, 10.0, 0.0, 15.0, 0.0, 5.0, 0.0, 12.0, 0.0, 9.0, 14.0, 5.0, 15.0, 5.0, 0.0, 0.0]
B: [0.0, 33.6128854013, 56.98000097, 66.60409240764, 99.37497523063999, 110.16201198773999, 153.50993625174, 174.42726963823998, 187.60999883213998, 191.66406567914999, 195.35844424664998, 214.34813834634997, 248.58822387484997, 256.0, 261.08428175852, 267.0, 307.4405515417, 336.9605871955, 349.5791326743, 358.87213805469, 376.45136602409, 410.39973277419, 427.58471508429, 443.58577554919, 460.46892649919, 484.69187512239, 488.38416452058, 506.77302473538, 507.89471364056, 522.0, 549.3715326023, 562.8222884175, 574.3290145375, 602.8703263504, 604.0307004280099, 622.58060031991]
