Avion: 7      Iteracion: 10

Num Ruta: 12
Ingresos: 62400.0
Costos: 166.041177644
Utilidad Ruta: 62233.9588224
Costo Reducido: 76624.0896597
Nodos: [107, 36, 76, 18, 58, 15, 55, 37, 77, 817]
q: [0, 15.0, -15.0, 11.0, -11.0, 11.0, -11.0, 15.0, -15.0, 0]
Q: [0, 15.0, 0.0, 11.0, 0.0, 11.0, 0.0, 15.0, 0.0, 0]
B: [0.0, 251.0, 257.94814406874, 293.0, 316.8182362487, 511.0, 527.4211666151, 562.0, 582.7946534714999, 598.3690418383]
