Avion: 5      Iteracion: 29

Num Ruta: 27
Ingresos: 86400.0
Costos: 373.0919094
Utilidad Ruta: 86026.9080906
Costo Reducido: 70.0708699201
Nodos: [105, 17, 57, 10, 50, 31, 1, 71, 11, 51, 41, 18, 58, 28, 68, 19, 8, 59, 48, 815]
q: [0, 5.0, -5.0, 12.0, -12.0, 6.0, 7.0, -6.0, 8.0, -8.0, -7.0, 11.0, -11.0, 8.0, -8.0, 7.0, 8.0, -7.0, -8.0, 0]
Q: [0, 5.0, 0.0, 12.0, 0.0, 6.0, 13.0, 7.0, 15.0, 7.0, 0.0, 11.0, 0.0, 8.0, 0.0, 7.0, 15.0, 8.0, 0.0, 0]
B: [0.0, 24.8000597782, 59.6426135595, 96.0, 125.5195107344, 165.1276650716, 175.0, 193.9896940997, 194.468572998797, 198.522639845807, 232.838369183807, 293.0, 316.8182362487, 378.0, 414.0266187839, 426.5624120576, 449.7232936039, 467.6802530347, 470.60837222626, 485.13027079356]
