Avion: 4      Iteracion: 0

Num Ruta: 2
Ingresos: 127200.0
Costos: 467.29391141
Utilidad Ruta: 126732.706089
Costo Reducido: -
Nodos: [104, 16, 56, 24, 30, 64, 10, 70, 50, 11, 51, 36, 76, 23, 63, 22, 62, 25, 65, 19, 5, 45, 59, 814]
q: [0.0, 11.0, -11.0, 12.0, 3.0, -12.0, 12.0, -3.0, -12.0, 8.0, -8.0, 15.0, -15.0, 10.0, -10.0, 10.0, -10.0, 10.0, -10.0, 3.0, 12.0, -12.0, -3.0, 0.0]
Q: [0.0, 11.0, 0.0, 12.0, 15.0, 3.0, 15.0, 12.0, 0.0, 8.0, 0.0, 15.0, 0.0, 10.0, 0.0, 10.0, 0.0, 10.0, 0.0, 3.0, 15.0, 3.0, 0.0, 0.0]
B: [0.0, 36.0, 45.624091437640004, 70.85029051714, 89.10719167804, 109.37531307594, 121.16124375624, 139.85429404234, 158.75509193554, 211.39330851814, 215.44737536515, 251.0, 257.94814406874, 299.00676745044, 338.74061035544, 354.49703434694004, 376.25172048584005, 410.0, 427.1849823101, 443.8578739909, 472.7120811018, 473.83377000698, 482.18970610056, 509.89633261846]
