Avion: 3      Iteracion: 38

Num Ruta: 38
Ingresos: 73200.0
Costos: 270.446382276
Utilidad Ruta: 72929.5536177
Costo Reducido: 18.5328769526
Nodos: [103, 24, 64, 1, 41, 8, 19, 59, 48, 38, 21, 78, 61, 33, 73, 813]
q: [0.0, 14.0, -14.0, 7.0, -7.0, 8.0, 7.0, -7.0, -8.0, 8.0, 7.0, -8.0, -7.0, 10.0, -10.0, 0.0]
Q: [0.0, 14.0, 0.0, 7.0, 0.0, 8.0, 15.0, 8.0, 0.0, 8.0, 15.0, 7.0, 0.0, 10.0, 0.0, 0.0]
B: [0.0, 61.0, 99.5129503025, 175.0, 209.2400855285, 414.0, 437.1608815463, 463.7879978378, 466.71611702935996, 485.01669368695997, 491.83960662793, 530.35134509813, 537.4212736692, 562.0, 585.3035112376, 609.1137857005]
