Avion: 6      Iteracion: 0

Num Ruta: 1
Ingresos: 74400.0
Costos: 369.761845574
Utilidad Ruta: 74030.2381544
Costo Reducido: -
Nodos: [106, 10, 50, 1, 41, 13, 53, 25, 65, 38, 78, 20, 60, 816]
q: [0, 12.0, -12.0, 7.0, -7.0, 15.0, -15.0, 10.0, -10.0, 8.0, -8.0, 10.0, -10.0, 0]
Q: [0, 12.0, 0.0, 7.0, 0.0, 15.0, 0.0, 10.0, 0.0, 8.0, 0.0, 10.0, 0.0, 0]
B: [0.0, 96.0, 125.5195107344, 175.0, 209.2400855285, 423.0, 439.88315095, 463.8957169312, 481.0806992413, 485.40236200001, 518.2712486407099, 552.8975841240099, 595.0747265711099, 640.3052099203098]
