Avion: 5      Iteracion: 52

Num Ruta: 43
Ingresos: 102000.0
Costos: 363.148717183
Utilidad Ruta: 101636.851283
Costo Reducido: 20.6069632852
Nodos: [105, 17, 57, 24, 64, 1, 41, 3, 43, 18, 58, 28, 68, 25, 65, 38, 21, 78, 61, 815]
q: [0.0, 5.0, -5.0, 14.0, -14.0, 7.0, -7.0, 15.0, -15.0, 11.0, -11.0, 8.0, -8.0, 10.0, -10.0, 8.0, 7.0, -8.0, -7.0, 0.0]
Q: [0.0, 5.0, 0.0, 14.0, 0.0, 7.0, 0.0, 15.0, 0.0, 11.0, 0.0, 8.0, 0.0, 10.0, 0.0, 8.0, 15.0, 7.0, 0.0, 0.0]
B: [0.0, 24.8000597782, 59.6426135595, 76.2008968642, 114.7138471667, 175.0, 209.2400855285, 256.0, 261.08428175852, 293.0, 316.8182362487, 378.0, 414.0266187839, 417.35999740026, 434.54497971036, 480.0, 486.82291294097, 525.3346514111701, 532.4045799822401, 563.74287184694]
