Avion: 2      Iteracion: 11

Num Ruta: 12
Ingresos: 30000.0
Costos: 194.34944353
Utilidad Ruta: 29805.6505565
Costo Reducido: 200454.408106
Nodos: [102, 17, 57, 15, 55, 2, 42, 812]
q: [0, 5.0, -5.0, 11.0, -11.0, 9.0, -9.0, 0]
Q: [0, 5.0, 0.0, 11.0, 0.0, 9.0, 0.0, 0]
B: [0.0, 25.145167826, 59.9877216073, 511.0, 527.4211666151, 559.6457299481, 600.3806919955, 618.6858294165]
