Avion: 1      Iteracion: 0

Num Ruta: 3
Ingresos: 166800.0
Costos: 535.250007394
Utilidad Ruta: 166264.749993
Costo Reducido: -
Nodos: [101, 40, 80, 30, 70, 14, 54, 11, 51, 3, 43, 36, 76, 34, 18, 58, 74, 25, 65, 13, 53, 5, 45, 21, 38, 78, 61, 811]
q: [0.0, 15.0, -15.0, 11.0, -11.0, 8.0, -8.0, 8.0, -8.0, 15.0, -15.0, 15.0, -15.0, 12.0, 3.0, -3.0, -12.0, 10.0, -10.0, 15.0, -15.0, 12.0, -12.0, 13.0, 2.0, -2.0, -13.0, 0.0]
Q: [0.0, 15.0, 0.0, 11.0, 0.0, 8.0, 0.0, 8.0, 0.0, 15.0, 0.0, 15.0, 0.0, 12.0, 15.0, 12.0, 0.0, 10.0, 0.0, 15.0, 0.0, 12.0, 0.0, 13.0, 15.0, 13.0, 0.0, 0.0]
B: [0.0, 62.0, 94.5694417821, 113.51249206450001, 132.22651472130002, 160.02245537820002, 172.04416715320002, 201.4925962624, 205.54666310941002, 256.0, 261.08428175852, 296.00374706082, 302.95189112956, 316.67163912286003, 340.38713283476005, 364.20536908346, 379.35799872326004, 420.74016009746003, 437.92514240756003, 453.92620287246, 470.80935382246, 498.07363692326004, 499.19532582844005, 527.43491621144, 534.2578291524101, 567.1267157931101, 574.1966443641801, 593.35555897328]
