Avion: 7      Iteracion: 12

Num Ruta: 14
Ingresos: 153600.0
Costos: 620.926453407
Utilidad Ruta: 152979.073547
Costo Reducido: 90144.8596069
Nodos: [107, 17, 57, 30, 70, 40, 80, 1, 11, 51, 41, 34, 74, 22, 62, 25, 65, 32, 8, 48, 72, 38, 7, 78, 27, 47, 67, 37, 77, 817]
q: [0.0, 5.0, -5.0, 11.0, -11.0, 15.0, -15.0, 7.0, 8.0, -8.0, -7.0, 12.0, -12.0, 10.0, -10.0, 10.0, -10.0, 6.0, 8.0, -8.0, -6.0, 8.0, 7.0, -8.0, 6.0, -7.0, -6.0, 15.0, -15.0, 0.0]
Q: [0.0, 5.0, 0.0, 11.0, 0.0, 15.0, 0.0, 7.0, 15.0, 7.0, 0.0, 12.0, 0.0, 10.0, 0.0, 10.0, 0.0, 6.0, 14.0, 6.0, 0.0, 8.0, 15.0, 7.0, 13.0, 6.0, 0.0, 15.0, 0.0, 0.0]
B: [0.0, 33.8861846923, 68.7287384736, 71.87319295729, 90.58721561409, 121.39706968709, 153.96651146918998, 179.05247043029, 197.73329902538998, 201.7873658724, 236.1030952104, 283.0, 323.947598037, 353.69889745399996, 375.4535835929, 410.0, 427.1849823101, 445.7299117519, 457.1768098907, 477.9452065067, 493.9943052353, 509.0247524675, 517.80095449343, 556.99823022783, 568.5339575564301, 584.37373242853, 588.77365299599, 595.60961861908, 616.40427209058, 631.97866045738]
