Avion: 2      Iteracion: 0

Num Ruta: 2
Ingresos: 195600.0
Costos: 594.107086079
Utilidad Ruta: 195005.892914
Costo Reducido: -
Nodos: [102, 40, 80, 10, 50, 31, 11, 71, 51, 1, 41, 3, 43, 36, 76, 34, 74, 28, 39, 68, 25, 65, 79, 13, 53, 15, 55, 7, 4, 47, 44, 2, 42, 812]
q: [0.0, 15.0, -15.0, 12.0, -12.0, 6.0, 8.0, -6.0, -8.0, 7.0, -7.0, 15.0, -15.0, 15.0, -15.0, 12.0, -12.0, 8.0, 5.0, -8.0, 10.0, -10.0, -5.0, 15.0, -15.0, 11.0, -11.0, 10.0, 5.0, -10.0, -5.0, 9.0, -9.0, 0.0]
Q: [0.0, 15.0, 0.0, 12.0, 0.0, 6.0, 14.0, 8.0, 0.0, 7.0, 0.0, 15.0, 0.0, 15.0, 0.0, 12.0, 0.0, 8.0, 13.0, 5.0, 15.0, 5.0, 0.0, 15.0, 0.0, 11.0, 0.0, 10.0, 15.0, 5.0, 0.0, 9.0, 0.0, 0.0]
B: [0.0, 62.0, 94.5694417821, 111.75013586, 141.2696465944, 180.8778009316, 194.0605301255, 194.539409024597, 198.233787592097, 220.903239129397, 255.143324657897, 262.239876567097, 267.32415832561696, 302.243623627917, 309.191767696657, 322.911515689957, 363.859113726957, 378.0, 389.3210123222, 420.750419714, 424.08379833035997, 441.26878064045997, 460.17589178945997, 463.40782557590995, 480.29097652590997, 511.0, 527.4211666151, 538.3259061809999, 548.6892794734999, 567.9616404602, 569.12201453781, 578.57648104841, 619.31144309581, 637.61658051681]
