Avion: 5      Iteracion: 27

Num Ruta: 25
Ingresos: 114000.0
Costos: 370.721810295
Utilidad Ruta: 113629.27819
Costo Reducido: 48.8832877781
Nodos: [105, 17, 57, 14, 54, 3, 43, 23, 63, 39, 79, 6, 46, 21, 61, 33, 73, 27, 67, 37, 77, 815]
q: [0, 5.0, -5.0, 8.0, -8.0, 15.0, -15.0, 10.0, -10.0, 8.0, -8.0, 5.0, -5.0, 13.0, -13.0, 10.0, -10.0, 6.0, -6.0, 15.0, -15.0, 0]
Q: [0, 5.0, 0.0, 8.0, 0.0, 15.0, 0.0, 10.0, 0.0, 8.0, 0.0, 5.0, 0.0, 13.0, 0.0, 10.0, 0.0, 6.0, 0.0, 15.0, 0.0, 0]
B: [0.0, 24.8000597782, 59.6426135595, 112.0, 124.021711775, 256.0, 261.08428175852, 267.0, 306.733842905, 388.0, 410.632187455, 436.0, 439.69228939819, 477.0, 517.7387906792, 562.0, 585.3035112376, 592.52226459258, 609.55312696068, 616.38909258377, 637.1837460552699, 658.81119093437]
