Avion: 1      Iteracion: 41

Num Ruta: 44
Ingresos: 68400.0
Costos: 218.567698938
Utilidad Ruta: 68181.4323011
Costo Reducido: 1.10536163894
Nodos: [101, 9, 49, 12, 52, 1, 41, 3, 43, 23, 63, 811]
q: [0, 11.0, -11.0, 14.0, -14.0, 7.0, -7.0, 15.0, -15.0, 10.0, -10.0, 0]
Q: [0, 11.0, 0.0, 14.0, 0.0, 7.0, 0.0, 15.0, 0.0, 10.0, 0.0, 0]
B: [0.0, 28.0, 57.5272370025, 68.3142737596, 111.6621980236, 175.0, 209.2400855285, 256.0, 261.08428175852, 267.0, 306.733842905, 312.59534373670004]
