Avion: 2      Iteracion: 29

Num Ruta: 30
Ingresos: 40800.0
Costos: 129.895037994
Utilidad Ruta: 40670.104962
Costo Reducido: 30.7922763867
Nodos: [102, 30, 70, 16, 56, 10, 50, 812]
q: [0, 11.0, -11.0, 11.0, -11.0, 12.0, -12.0, 0]
Q: [0, 11.0, 0.0, 11.0, 0.0, 12.0, 0.0, 0]
B: [0.0, 64.0, 82.7140226568, 93.53069441849999, 103.15478585614, 118.98406306644, 148.50357380084, 184.96404807094]
