Avion: 7      Iteracion: 41

Num Ruta: 41
Ingresos: 108000.0
Costos: 301.128166924
Utilidad Ruta: 107698.871833
Costo Reducido: 9.54415163567
Nodos: [107, 30, 70, 40, 80, 1, 41, 3, 43, 23, 63, 6, 46, 5, 45, 7, 4, 47, 44, 817]
q: [0, 11.0, -11.0, 15.0, -15.0, 7.0, -7.0, 15.0, -15.0, 10.0, -10.0, 5.0, -5.0, 12.0, -12.0, 10.0, 5.0, -10.0, -5.0, 0]
Q: [0, 11.0, 0.0, 15.0, 0.0, 7.0, 0.0, 15.0, 0.0, 10.0, 0.0, 5.0, 0.0, 12.0, 0.0, 10.0, 15.0, 5.0, 0.0, 0]
B: [0.0, 64.0, 82.7140226568, 113.5238767298, 146.0933185119, 175.0, 209.2400855285, 256.0, 261.08428175852, 267.0, 306.733842905, 436.0, 439.69228939819, 469.0, 470.12168890518, 517.0, 529.0, 548.2723609867, 549.43273506431, 561.43282110571]
