Avion: 1      Iteracion: 1

Num Ruta: 5
Ingresos: 157200.0
Costos: 526.01834604
Utilidad Ruta: 156673.981654
Costo Reducido: 189189.769574
Nodos: [101, 40, 80, 30, 70, 14, 54, 11, 51, 1, 41, 23, 18, 58, 63, 26, 66, 8, 32, 72, 48, 13, 53, 20, 7, 47, 60, 33, 73, 811]
q: [0.0, 15.0, -15.0, 11.0, -11.0, 8.0, -8.0, 8.0, -8.0, 7.0, -7.0, 10.0, 5.0, -5.0, -10.0, 13.0, -13.0, 8.0, 6.0, -6.0, -8.0, 15.0, -15.0, 10.0, 5.0, -5.0, -10.0, 10.0, -10.0, 0.0]
Q: [0.0, 15.0, 0.0, 11.0, 0.0, 8.0, 0.0, 8.0, 0.0, 7.0, 0.0, 10.0, 15.0, 10.0, 0.0, 13.0, 0.0, 8.0, 14.0, 8.0, 0.0, 15.0, 0.0, 10.0, 15.0, 10.0, 0.0, 10.0, 0.0, 0.0]
B: [0.0, 62.0, 94.5694417821, 113.51249206450001, 132.22651472130002, 160.02245537820002, 172.04416715320002, 201.4925962624, 205.54666310941002, 228.21611464671003, 262.45620017521003, 267.28672364581, 293.0, 316.8182362487, 326.74376782137, 346.43014059547, 364.00936856487, 414.0, 425.4468981388, 453.3042539537, 469.35335268230006, 471.56402882321004, 488.44717977321005, 502.37776500861, 517.0, 545.5413118129, 558.5049963585999, 569.3267957006999, 592.6303069382999, 598.5492832011299]
