Avion: 7      Iteracion: 0

Num Ruta: 1
Ingresos: 62400.0
Costos: 227.701027523
Utilidad Ruta: 62172.2989725
Costo Reducido: -
Nodos: [107, 17, 57, 30, 70, 5, 45, 6, 46, 33, 73, 29, 69, 817]
q: [0, 5.0, -5.0, 11.0, -11.0, 12.0, -12.0, 5.0, -5.0, 10.0, -10.0, 9.0, -9.0, 0]
Q: [0, 5.0, 0.0, 11.0, 0.0, 12.0, 0.0, 5.0, 0.0, 10.0, 0.0, 9.0, 0.0, 0]
B: [0.0, 33.8861846923, 68.7287384736, 71.87319295729, 90.58721561409, 469.0, 470.12168890518, 486.34528175638, 490.03757115457, 562.0, 585.3035112376, 603.6868304428, 637.466610223, 659.0401451675]
