Avion: 7      Iteracion: 37

Num Ruta: 37
Ingresos: 25200.0
Costos: 86.6922072788
Utilidad Ruta: 25113.3077927
Costo Reducido: 17.6505545891
Nodos: [107, 11, 51, 21, 61, 817]
q: [0, 8.0, -8.0, 13.0, -13.0, 0]
Q: [0, 8.0, 0.0, 13.0, 0.0, 0]
B: [0.0, 169.0, 173.05406684701, 477.0, 517.7387906792, 545.1458557901999]
