Avion: 4      Iteracion: 30

Num Ruta: 30
Ingresos: 102000.0
Costos: 346.392536255
Utilidad Ruta: 101653.607464
Costo Reducido: 69.6030121867
Nodos: [104, 17, 57, 30, 16, 70, 56, 40, 80, 35, 26, 75, 66, 18, 58, 20, 4, 60, 2, 44, 42, 814]
q: [0.0, 5.0, -5.0, 11.0, 4.0, -11.0, -4.0, 15.0, -15.0, 6.0, 9.0, -6.0, -9.0, 11.0, -11.0, 10.0, 5.0, -10.0, 9.0, -5.0, -9.0, 0.0]
Q: [0.0, 5.0, 0.0, 11.0, 15.0, 4.0, 0.0, 15.0, 0.0, 6.0, 15.0, 9.0, 0.0, 11.0, 0.0, 10.0, 15.0, 5.0, 14.0, 9.0, 0.0, 0.0]
B: [0.0, 24.0, 58.8425537813, 64.0, 72.20259129788, 83.01926305958, 85.89041962097, 117.53917808007, 150.10861986217, 279.0, 300.0, 309.29300538039, 319.11482114938, 342.39349190178, 366.21172815048, 496.0, 529.0, 561.0963231072, 568.42662037266, 577.88108688326, 611.07429766496, 619.87193831459]
