Avion: 1      Iteracion: 35

Num Ruta: 38
Ingresos: 22800.0
Costos: 67.6447744412
Utilidad Ruta: 22732.3552256
Costo Reducido: 9.6594440159
Nodos: [101, 14, 54, 18, 58, 811]
q: [0, 8.0, -8.0, 11.0, -11.0, 0]
Q: [0, 8.0, 0.0, 11.0, 0.0, 0]
B: [0.0, 112.0, 124.021711775, 293.0, 316.8182362487, 324.13631174707996]
