Avion: 7      Iteracion: 0

Num Ruta: 3
Ingresos: 217200.0
Costos: 594.471173765
Utilidad Ruta: 216605.528826
Costo Reducido: -
Nodos: [107, 16, 56, 30, 70, 40, 80, 1, 31, 71, 11, 51, 41, 3, 43, 36, 76, 26, 66, 39, 79, 13, 53, 5, 45, 6, 46, 7, 4, 47, 44, 33, 73, 37, 77, 817]
q: [0, 11.0, -11.0, 11.0, -11.0, 15.0, -15.0, 7.0, 6.0, -6.0, 8.0, -8.0, -7.0, 15.0, -15.0, 15.0, -15.0, 13.0, -13.0, 8.0, -8.0, 15.0, -15.0, 12.0, -12.0, 5.0, -5.0, 10.0, 5.0, -10.0, -5.0, 10.0, -10.0, 15.0, -15.0, 0]
Q: [0, 11.0, 0.0, 11.0, 0.0, 15.0, 0.0, 7.0, 13.0, 7.0, 15.0, 7.0, 0.0, 15.0, 0.0, 15.0, 0.0, 13.0, 0.0, 8.0, 0.0, 15.0, 0.0, 12.0, 0.0, 5.0, 0.0, 10.0, 15.0, 5.0, 0.0, 10.0, 0.0, 15.0, 0.0, 0]
B: [0.0, 36.0, 45.624091437640004, 64.0, 82.7140226568, 113.5238767298, 146.0933185119, 175.0, 183.89376197118, 197.19937597428, 197.678254873377, 201.732321720387, 236.048051058387, 256.0, 261.08428175852, 296.00374706082, 302.95189112956, 343.25427558756, 360.83350355696, 388.0, 410.632187455, 423.0, 439.88315095, 469.0, 470.12168890518, 486.34528175638, 490.03757115457, 525.51042595937, 535.87379925187, 555.14616023857, 556.30653431618, 564.87799976848, 588.18151100608, 615.3400980274799, 636.13475149898, 651.70913986578]
