Avion: 4      Iteracion: 47

Num Ruta: 44
Ingresos: 63600.0
Costos: 197.832731506
Utilidad Ruta: 63402.1672685
Costo Reducido: 12.6944820528
Nodos: [104, 17, 57, 14, 54, 3, 43, 23, 18, 63, 58, 25, 65, 814]
q: [0.0, 5.0, -5.0, 8.0, -8.0, 15.0, -15.0, 10.0, 5.0, -10.0, -5.0, 10.0, -10.0, 0.0]
Q: [0.0, 5.0, 0.0, 8.0, 0.0, 15.0, 0.0, 10.0, 15.0, 5.0, 0.0, 10.0, 0.0, 0.0]
B: [0.0, 24.0, 58.8425537813, 112.0, 124.021711775, 256.0, 261.08428175852, 267.0, 293.0, 318.4393114097, 328.36484298237, 410.0, 427.1849823101, 441.0209992225]
