Avion: 4      Iteracion: 12

Num Ruta: 14
Ingresos: 37200.0
Costos: 212.22912322
Utilidad Ruta: 36987.7708768
Costo Reducido: 29343.5126636
Nodos: [104, 18, 23, 63, 58, 25, 65, 32, 72, 814]
q: [0.0, 5.0, 10.0, -10.0, -5.0, 10.0, -10.0, 6.0, -6.0, 0.0]
Q: [0.0, 5.0, 15.0, 5.0, 0.0, 10.0, 0.0, 6.0, 0.0, 0.0]
B: [0.0, 293.0, 313.1789501461, 352.91279305110004, 362.83832462377006, 410.0, 427.1849823101, 445.7299117519, 473.5872675668, 497.9534131175]
