Avion: 7      Iteracion: 43

Num Ruta: 43
Ingresos: 81600.0
Costos: 196.468631108
Utilidad Ruta: 81403.5313689
Costo Reducido: 10.1693715832
Nodos: [107, 31, 71, 36, 76, 34, 74, 39, 79, 5, 45, 7, 4, 47, 44, 817]
q: [0, 6.0, -6.0, 15.0, -15.0, 12.0, -12.0, 8.0, -8.0, 12.0, -12.0, 10.0, 5.0, -10.0, -5.0, 0]
Q: [0, 6.0, 0.0, 15.0, 0.0, 12.0, 0.0, 8.0, 0.0, 12.0, 0.0, 10.0, 15.0, 5.0, 0.0, 0]
B: [0.0, 130.0, 143.3056140031, 251.0, 257.94814406874, 283.0, 323.947598037, 388.0, 410.632187455, 469.0, 470.12168890518, 517.0, 529.0, 548.2723609867, 549.43273506431, 561.43282110571]
