Avion: 6      Iteracion: 19

Num Ruta: 21
Ingresos: 36000.0
Costos: 170.558117765
Utilidad Ruta: 35829.4418822
Costo Reducido: 104.287523091
Nodos: [106, 40, 80, 27, 67, 2, 42, 816]
q: [0, 15.0, -15.0, 6.0, -6.0, 9.0, -9.0, 0]
Q: [0, 15.0, 0.0, 6.0, 0.0, 9.0, 0.0, 0]
B: [0.0, 62.0, 94.5694417821, 538.0, 555.0308623681, 566.4829354555, 607.2178975029, 616.93799775958]
