Avion: 1      Iteracion: 16

Num Ruta: 20
Ingresos: 139200.0
Costos: 446.829004662
Utilidad Ruta: 138753.170995
Costo Reducido: 220.212747741
Nodos: [101, 9, 49, 24, 64, 1, 41, 3, 43, 23, 35, 75, 63, 28, 39, 68, 19, 59, 79, 6, 46, 5, 45, 7, 4, 44, 47, 811]
q: [0.0, 11.0, -11.0, 14.0, -14.0, 7.0, -7.0, 15.0, -15.0, 9.0, 6.0, -6.0, -9.0, 7.0, 8.0, -7.0, 7.0, -7.0, -8.0, 5.0, -5.0, 12.0, -12.0, 10.0, 5.0, -5.0, -10.0, 0.0]
Q: [0.0, 11.0, 0.0, 14.0, 0.0, 7.0, 0.0, 15.0, 0.0, 9.0, 15.0, 9.0, 0.0, 7.0, 15.0, 8.0, 15.0, 8.0, 0.0, 5.0, 0.0, 12.0, 0.0, 10.0, 15.0, 10.0, 0.0, 0.0]
B: [0.0, 28.0, 57.5272370025, 81.6674868976, 120.1804372001, 175.0, 209.2400855285, 256.0, 261.08428175852, 267.0, 307.4405515417, 327.3534349341, 339.9719804129, 378.0, 389.3210123222, 420.750419714, 433.28621298769997, 459.91332927919996, 466.22853133455993, 472.91677549875993, 476.6090648969499, 494.9979251117499, 496.1196140169299, 517.83802063433, 529.0, 549.4257496801999, 550.5861237578099, 574.9291395940099]
