Avion: 2      Iteracion: 20

Num Ruta: 21
Ingresos: 50400.0
Costos: 123.315682862
Utilidad Ruta: 50276.6843171
Costo Reducido: 124.295168093
Nodos: [102, 11, 51, 36, 76, 29, 69, 33, 73, 812]
q: [0, 8.0, -8.0, 15.0, -15.0, 9.0, -9.0, 10.0, -10.0, 0]
Q: [0, 8.0, 0.0, 15.0, 0.0, 9.0, 0.0, 10.0, 0.0, 0]
B: [0.0, 169.0, 173.05406684701, 251.0, 257.94814406874, 549.0, 582.7797797802, 591.6312714624, 614.9347827, 634.1809898588]
