Avion: 4      Iteracion: 1

Num Ruta: 5
Ingresos: 138000.0
Costos: 500.841875807
Utilidad Ruta: 137499.158124
Costo Reducido: 156871.776473
Nodos: [104, 16, 56, 24, 30, 64, 10, 70, 50, 1, 11, 51, 41, 35, 26, 75, 66, 18, 58, 39, 79, 8, 6, 46, 48, 13, 53, 814]
q: [0.0, 11.0, -11.0, 12.0, 3.0, -12.0, 12.0, -3.0, -12.0, 7.0, 8.0, -8.0, -7.0, 6.0, 9.0, -6.0, -9.0, 11.0, -11.0, 8.0, -8.0, 8.0, 5.0, -5.0, -8.0, 15.0, -15.0, 0.0]
Q: [0.0, 11.0, 0.0, 12.0, 15.0, 3.0, 15.0, 12.0, 0.0, 7.0, 15.0, 7.0, 0.0, 6.0, 15.0, 9.0, 0.0, 11.0, 0.0, 8.0, 0.0, 8.0, 13.0, 8.0, 0.0, 15.0, 0.0, 0.0]
B: [0.0, 36.0, 45.624091437640004, 70.85029051714, 89.10719167804, 109.37531307594, 121.16124375624, 139.85429404234, 158.75509193554, 197.17443310634002, 215.85526170144, 219.90932854845002, 254.22505788645003, 289.88003972625006, 300.50725431895006, 309.8002596993401, 319.6220754683301, 342.90074622073007, 366.71898246943005, 388.0, 410.632187455, 434.7301572658, 462.6446552373, 466.33694463549, 479.20294712269, 481.41362326359996, 498.2967742136, 519.7738541361999]
