Avion: 6      Iteracion: 35

Num Ruta: 33
Ingresos: 105600.0
Costos: 341.577067696
Utilidad Ruta: 105258.422932
Costo Reducido: 0.881417626064
Nodos: [106, 16, 56, 30, 70, 24, 64, 36, 76, 34, 74, 5, 45, 21, 61, 816]
q: [0, 11.0, -11.0, 11.0, -11.0, 14.0, -14.0, 15.0, -15.0, 12.0, -12.0, 12.0, -12.0, 13.0, -13.0, 0]
Q: [0, 11.0, 0.0, 11.0, 0.0, 14.0, 0.0, 15.0, 0.0, 12.0, 0.0, 12.0, 0.0, 13.0, 0.0, 0]
B: [0.0, 36.0, 45.624091437640004, 64.0, 82.7140226568, 107.4479935471, 145.9609438496, 251.0, 257.94814406874, 283.0, 323.947598037, 469.0, 470.12168890518, 498.36127928818, 539.10006996738, 573.03060173448]
