Avion: 6      Iteracion: 11

Num Ruta: 14
Ingresos: 69600.0
Costos: 288.975265758
Utilidad Ruta: 69311.0247342
Costo Reducido: 199455.912185
Nodos: [106, 17, 57, 14, 54, 1, 11, 51, 41, 3, 43, 8, 19, 48, 59, 816]
q: [0, 5.0, -5.0, 8.0, -8.0, 7.0, 8.0, -8.0, -7.0, 15.0, -15.0, 8.0, 7.0, -8.0, -7.0, 0]
Q: [0, 5.0, 0.0, 8.0, 0.0, 7.0, 15.0, 7.0, 0.0, 15.0, 0.0, 8.0, 15.0, 7.0, 0.0, 0]
B: [0.0, 34.2933399948, 69.1358937761, 112.0, 124.021711775, 175.0, 193.6808285951, 197.73489544211, 232.05062478011, 256.0, 261.08428175852, 414.0, 437.1608815463, 466.0513395558, 468.97945874735996, 490.62626647965993]
