Avion: 5      Iteracion: 40

Num Ruta: 37
Ingresos: 56400.0
Costos: 166.156524747
Utilidad Ruta: 56233.8434753
Costo Reducido: 6.31642071961
Nodos: [105, 30, 16, 56, 70, 8, 48, 13, 53, 29, 69, 815]
q: [0.0, 11.0, 4.0, -4.0, -11.0, 8.0, -8.0, 15.0, -15.0, 9.0, -9.0, 0.0]
Q: [0.0, 11.0, 15.0, 11.0, 0.0, 8.0, 0.0, 15.0, 0.0, 9.0, 0.0, 0.0]
B: [0.0, 64.0, 72.20259129788, 81.82668273552001, 84.69783929691, 414.0, 434.768396616, 436.97907275691, 453.86222370691, 549.0, 582.7797797802, 607.765713443]
