Avion: 5      Iteracion: 15

Num Ruta: 16
Ingresos: 132000.0
Costos: 454.103199669
Utilidad Ruta: 131545.8968
Costo Reducido: 107.909743172
Nodos: [105, 17, 30, 57, 16, 56, 70, 24, 64, 31, 1, 71, 41, 23, 63, 26, 66, 22, 62, 19, 25, 65, 6, 46, 5, 59, 45, 815]
q: [0.0, 5.0, 4.0, -5.0, 11.0, -11.0, -4.0, 14.0, -14.0, 6.0, 7.0, -6.0, -7.0, 10.0, -10.0, 13.0, -13.0, 10.0, -10.0, 5.0, 10.0, -10.0, 5.0, -5.0, 10.0, -5.0, -10.0, 0.0]
Q: [0.0, 5.0, 9.0, 4.0, 15.0, 4.0, 0.0, 14.0, 0.0, 6.0, 13.0, 7.0, 0.0, 10.0, 0.0, 13.0, 0.0, 10.0, 0.0, 5.0, 15.0, 5.0, 10.0, 5.0, 15.0, 10.0, 0.0, 0.0]
B: [0.0, 24.8000597782, 64.0, 67.14445448369, 72.47609381883, 82.10018525647, 84.97134181786, 109.70531270816, 148.21826301066, 159.50262076816, 175.0, 193.9896940997, 227.5507818205, 267.0, 306.733842905, 326.4202156791, 343.9994436485, 357.6336242986, 379.3883104375, 402.0, 411.3920072402, 428.57698955029997, 454.0787600379, 457.77104943609, 476.15990965089, 484.01022289304996, 492.36615898662996, 505.59036376422995]
