Avion: 3      Iteracion: 13

Num Ruta: 15
Ingresos: 145200.0
Costos: 589.009367957
Utilidad Ruta: 144610.990632
Costo Reducido: 103307.575263
Nodos: [103, 17, 57, 24, 64, 14, 54, 36, 76, 35, 75, 28, 68, 8, 48, 13, 53, 5, 45, 2, 27, 42, 67, 37, 77, 813]
q: [0, 5.0, -5.0, 14.0, -14.0, 8.0, -8.0, 15.0, -15.0, 6.0, -6.0, 8.0, -8.0, 8.0, -8.0, 15.0, -15.0, 12.0, -12.0, 9.0, 6.0, -9.0, -6.0, 15.0, -15.0, 0]
Q: [0, 5.0, 0.0, 14.0, 0.0, 8.0, 0.0, 15.0, 0.0, 6.0, 0.0, 8.0, 0.0, 8.0, 0.0, 15.0, 0.0, 12.0, 0.0, 9.0, 15.0, 6.0, 0.0, 15.0, 0.0, 0]
B: [0.0, 48.6245240388, 83.4670778201, 100.0253611248, 138.53831142730002, 167.184680726, 179.206392501, 251.0, 257.94814406874, 308.86250452824004, 328.77538792064, 378.0, 414.0266187839, 448.6194490382, 469.3878456542, 471.59852179511, 488.48167274511, 515.74595584591, 516.86764475109, 530.94969520549, 556.73366357729, 581.69931554149, 611.0398458877901, 617.8758115108801, 638.67046498238, 659.67226042948]
