Avion: 3      Iteracion: 27

Num Ruta: 28
Ingresos: 128400.0
Costos: 443.403025071
Utilidad Ruta: 127956.596975
Costo Reducido: 122.146814604
Nodos: [103, 9, 49, 12, 52, 1, 41, 3, 43, 23, 18, 63, 58, 39, 19, 59, 79, 6, 46, 38, 21, 78, 61, 33, 73, 813]
q: [0.0, 11.0, -11.0, 14.0, -14.0, 7.0, -7.0, 15.0, -15.0, 10.0, 5.0, -10.0, -5.0, 8.0, 7.0, -7.0, -8.0, 5.0, -5.0, 8.0, 7.0, -8.0, -7.0, 10.0, -10.0, 0.0]
Q: [0.0, 11.0, 0.0, 14.0, 0.0, 7.0, 0.0, 15.0, 0.0, 10.0, 15.0, 5.0, 0.0, 8.0, 15.0, 8.0, 0.0, 5.0, 0.0, 8.0, 15.0, 7.0, 0.0, 10.0, 0.0, 0.0]
B: [0.0, 28.0, 57.5272370025, 68.3142737596, 111.6621980236, 175.0, 209.2400855285, 256.0, 261.08428175852, 267.0, 293.0, 318.4393114097, 328.36484298237, 388.0, 423.3907399471, 450.01785623859996, 456.33305829395994, 463.02130245815994, 466.7135918563499, 497.1066345141499, 503.9295474551199, 542.4412859253199, 549.5112144963899, 562.0, 585.3035112376, 609.1137857005]
