Avion: 2      Iteracion: 21

Num Ruta: 22
Ingresos: 106800.0
Costos: 304.929391449
Utilidad Ruta: 106495.070609
Costo Reducido: 113.563699543
Nodos: [102, 30, 70, 16, 56, 31, 11, 51, 71, 1, 41, 23, 63, 13, 53, 15, 55, 7, 47, 812]
q: [0, 11.0, -11.0, 11.0, -11.0, 6.0, 8.0, -8.0, -6.0, 7.0, -7.0, 10.0, -10.0, 15.0, -15.0, 11.0, -11.0, 10.0, -10.0, 0]
Q: [0, 11.0, 0.0, 11.0, 0.0, 6.0, 14.0, 6.0, 0.0, 7.0, 0.0, 10.0, 0.0, 15.0, 0.0, 11.0, 0.0, 10.0, 0.0, 0]
B: [0.0, 64.0, 82.7140226568, 93.53069441849999, 103.15478585614, 130.0, 169.0, 173.05406684701, 176.74844541451, 195.73813951421, 229.97822504271, 267.0, 306.733842905, 423.0, 439.88315095, 511.0, 527.4211666151, 538.3259061809999, 566.8672179938999, 584.2760723501999]
