Avion: 3      Iteracion: 22

Num Ruta: 23
Ingresos: 127200.0
Costos: 347.432497091
Utilidad Ruta: 126852.567503
Costo Reducido: 259.808108902
Nodos: [103, 9, 49, 24, 64, 1, 41, 3, 43, 8, 32, 72, 48, 13, 53, 29, 27, 69, 67, 37, 77, 813]
q: [0, 11.0, -11.0, 14.0, -14.0, 7.0, -7.0, 15.0, -15.0, 8.0, 6.0, -6.0, -8.0, 15.0, -15.0, 9.0, 6.0, -9.0, -6.0, 15.0, -15.0, 0]
Q: [0, 11.0, 0.0, 14.0, 0.0, 7.0, 0.0, 15.0, 0.0, 8.0, 14.0, 8.0, 0.0, 15.0, 0.0, 9.0, 15.0, 6.0, 0.0, 15.0, 0.0, 0]
B: [0.0, 28.0, 57.5272370025, 81.6674868976, 120.1804372001, 175.0, 209.2400855285, 256.0, 261.08428175852, 414.0, 425.4468981388, 453.3042539537, 469.35335268230006, 471.56402882321004, 488.44717977321005, 549.0, 574.6018082369, 582.8182362320799, 598.26561380888, 605.10157943197, 625.89623290347, 646.89802835057]
