Avion: 2      Iteracion: 49

Num Ruta: 46
Ingresos: 40800.0
Costos: 112.352131262
Utilidad Ruta: 40687.6478687
Costo Reducido: 7.84879625202
Nodos: [102, 36, 76, 21, 61, 27, 67, 812]
q: [0, 15.0, -15.0, 13.0, -13.0, 6.0, -6.0, 0]
Q: [0, 15.0, 0.0, 13.0, 0.0, 6.0, 0.0, 0]
B: [0.0, 251.0, 257.94814406874, 477.0, 517.7387906792, 538.0, 555.0308623681, 568.4472686306]
