Avion: 2      Iteracion: 13

Num Ruta: 14
Ingresos: 126000.0
Costos: 574.077662151
Utilidad Ruta: 125425.922338
Costo Reducido: 87394.5132504
Nodos: [102, 17, 57, 24, 64, 31, 71, 14, 54, 36, 76, 35, 75, 28, 39, 68, 25, 65, 13, 79, 53, 2, 42, 29, 69, 33, 73, 812]
q: [0.0, 5.0, -5.0, 14.0, -14.0, 6.0, -6.0, 8.0, -8.0, 15.0, -15.0, 6.0, -6.0, 8.0, 0.0, -8.0, 0.0, 0.0, 15.0, 0.0, -15.0, 9.0, -9.0, 9.0, -9.0, 10.0, -10.0, 0.0]
Q: [0.0, 5.0, 0.0, 14.0, 0.0, 6.0, 0.0, 8.0, 0.0, 15.0, 0.0, 6.0, 0.0, 8.0, 8.0, 0.0, 0.0, 0.0, 15.0, 15.0, 0.0, 9.0, 0.0, 9.0, 0.0, 10.0, 0.0, 0.0]
B: [0.0, 25.145167826, 59.9877216073, 76.546004912, 115.0589552145, 130.0, 143.3056140031, 160.3516205736, 172.3733323486, 251.0, 257.94814406874, 308.86250452824004, 328.77538792064, 378.0, 389.3210123222, 420.750419714, 424.08379833035997, 441.26878064045997, 457.26984110535994, 460.50177489180993, 479.18264880070996, 522.0, 562.7349620474, 572.53970258451, 606.31948236471, 615.17097404691, 638.47448528451, 657.72069244331]
