Avion: 5      Iteracion: 35

Num Ruta: 33
Ingresos: 34800.0
Costos: 155.537016856
Utilidad Ruta: 34644.4629831
Costo Reducido: 20.1941267673
Nodos: [105, 24, 64, 1, 41, 8, 48, 815]
q: [0, 14.0, -14.0, 7.0, -7.0, 8.0, -8.0, 0]
Q: [0, 14.0, 0.0, 7.0, 0.0, 8.0, 0.0, 0]
B: [0.0, 61.0, 99.5129503025, 175.0, 209.2400855285, 414.0, 434.768396616, 449.29029518330003]
