Avion: 3      Iteracion: 44

Num Ruta: 41
Ingresos: 62400.0
Costos: 178.217310832
Utilidad Ruta: 62221.7826892
Costo Reducido: 5.80421594475
Nodos: [103, 9, 49, 11, 51, 19, 59, 6, 46, 27, 67, 37, 77, 813]
q: [0, 11.0, -11.0, 8.0, -8.0, 7.0, -7.0, 5.0, -5.0, 6.0, -6.0, 15.0, -15.0, 0]
Q: [0, 11.0, 0.0, 8.0, 0.0, 7.0, 0.0, 5.0, 0.0, 6.0, 0.0, 15.0, 0.0, 0]
B: [0.0, 28.0, 57.5272370025, 169.0, 173.05406684701, 402.0, 428.6271162915, 440.41813528899996, 444.11042468718995, 538.0, 555.0308623681, 562.0, 582.7946534714999, 603.7964489185999]
