Avion: 1      Iteracion: 46

Num Ruta: 47
Ingresos: 80400.0
Costos: 240.121706144
Utilidad Ruta: 80159.8782939
Costo Reducido: 8.23315949924
Nodos: [101, 9, 49, 14, 54, 11, 51, 36, 76, 34, 74, 39, 6, 46, 79, 811]
q: [0, 11.0, -11.0, 8.0, -8.0, 8.0, -8.0, 15.0, -15.0, 12.0, -12.0, 8.0, 5.0, -5.0, -8.0, 0]
Q: [0, 11.0, 0.0, 8.0, 0.0, 8.0, 0.0, 15.0, 0.0, 12.0, 0.0, 8.0, 13.0, 8.0, 0.0, 0]
B: [0.0, 28.0, 57.5272370025, 112.0, 124.021711775, 169.0, 173.05406684701, 251.0, 257.94814406874, 283.0, 323.947598037, 388.0, 436.0, 439.69228939819, 449.87740525418997, 461.44147845528994]
