Avion: 4      Iteracion: 35

Num Ruta: 34
Ingresos: 106800.0
Costos: 393.303509793
Utilidad Ruta: 106406.69649
Costo Reducido: 45.3884818213
Nodos: [104, 17, 57, 30, 16, 70, 56, 24, 64, 31, 71, 34, 74, 39, 6, 46, 79, 20, 7, 60, 2, 47, 42, 814]
q: [0.0, 5.0, -5.0, 11.0, 4.0, -11.0, -4.0, 14.0, -14.0, 6.0, -6.0, 12.0, -12.0, 8.0, 5.0, -5.0, -8.0, 10.0, 5.0, -10.0, 9.0, -5.0, -9.0, 0.0]
Q: [0.0, 5.0, 0.0, 11.0, 15.0, 4.0, 0.0, 14.0, 0.0, 6.0, 0.0, 12.0, 0.0, 8.0, 13.0, 8.0, 0.0, 10.0, 15.0, 5.0, 14.0, 9.0, 0.0, 0.0]
B: [0.0, 24.0, 58.8425537813, 64.0, 72.20259129788, 83.01926305958, 85.89041962097, 111.11661870046999, 149.62956900297, 160.91392676047, 174.21954076357, 283.0, 323.947598037, 388.0, 436.0, 439.69228939819, 449.87740525418997, 496.0, 517.0, 557.8372308194, 565.16752808486, 575.29769654346, 607.37385968686, 616.17150033649]
