Avion: 2      Iteracion: 7

Num Ruta: 8
Ingresos: 109200.0
Costos: 317.93348335
Utilidad Ruta: 108882.066517
Costo Reducido: 154538.889807
Nodos: [102, 30, 70, 3, 43, 36, 76, 22, 62, 32, 25, 65, 72, 20, 4, 60, 44, 33, 73, 812]
q: [0.0, 11.0, -11.0, 15.0, -15.0, 15.0, -15.0, 10.0, -10.0, 5.0, 10.0, -10.0, -5.0, 10.0, 5.0, -10.0, -5.0, 10.0, -10.0, 0.0]
Q: [0.0, 11.0, 0.0, 15.0, 0.0, 15.0, 0.0, 10.0, 0.0, 5.0, 15.0, 5.0, 0.0, 10.0, 15.0, 5.0, 0.0, 10.0, 0.0, 0.0]
B: [0.0, 64.0, 82.7140226568, 256.0, 261.08428175852, 296.00374706082, 302.95189112956, 321.35614794696, 343.11083408586, 422.0, 442.6664482919, 459.851430602, 470.8364988767, 496.0, 529.0, 561.0963231072, 572.9575463578, 581.5290118101, 604.8325230477, 624.0787302064999]
