Avion: 6      Iteracion: 17

Num Ruta: 19
Ingresos: 105600.0
Costos: 428.674389024
Utilidad Ruta: 105171.325611
Costo Reducido: 193.29150828
Nodos: [106, 9, 49, 12, 52, 10, 50, 1, 41, 23, 63, 8, 48, 5, 45, 4, 44, 2, 42, 816]
q: [0, 11.0, -11.0, 14.0, -14.0, 12.0, -12.0, 7.0, -7.0, 10.0, -10.0, 8.0, -8.0, 12.0, -12.0, 5.0, -5.0, 9.0, -9.0, 0]
Q: [0, 11.0, 0.0, 14.0, 0.0, 12.0, 0.0, 7.0, 0.0, 10.0, 0.0, 8.0, 0.0, 12.0, 0.0, 5.0, 0.0, 9.0, 0.0, 0]
B: [0.0, 35.5829922575, 65.11022926000001, 75.89726601710001, 119.24519028110001, 127.96296063825001, 157.48247137265002, 195.90181254345003, 230.14189807195004, 267.0, 306.733842905, 414.0, 434.768396616, 469.0, 470.12168890518, 529.0, 549.4257496801999, 558.8802161908, 599.6151782382, 609.33527849488]
