Avion: 4      Iteracion: 17

Num Ruta: 19
Ingresos: 99600.0
Costos: 328.89872137
Utilidad Ruta: 99271.1012786
Costo Reducido: 264.009771347
Nodos: [104, 17, 57, 14, 54, 23, 63, 22, 62, 8, 48, 5, 45, 7, 4, 47, 2, 44, 33, 73, 42, 814]
q: [0.0, 5.0, -5.0, 8.0, -8.0, 10.0, -10.0, 10.0, -10.0, 8.0, -8.0, 12.0, -12.0, 10.0, 5.0, -10.0, 9.0, -5.0, 6.0, -6.0, -9.0, 0.0]
Q: [0.0, 5.0, 0.0, 8.0, 0.0, 10.0, 0.0, 10.0, 0.0, 8.0, 0.0, 12.0, 0.0, 10.0, 15.0, 5.0, 14.0, 9.0, 15.0, 9.0, 0.0, 0.0]
B: [0.0, 24.0, 58.8425537813, 112.0, 124.021711775, 267.0, 306.733842905, 322.49026689650003, 344.24495303540004, 414.0, 434.768396616, 469.0, 470.12168890518, 517.0, 529.0, 548.2723609867, 558.4025294453, 567.8569959559001, 576.4284614082001, 599.7319726458, 618.2507566772, 627.04839732683]
