Avion: 2      Iteracion: 40

Num Ruta: 39
Ingresos: 90000.0
Costos: 319.242258765
Utilidad Ruta: 89680.7577412
Costo Reducido: 12.367726556
Nodos: [102, 9, 49, 12, 52, 10, 50, 35, 75, 6, 46, 5, 45, 7, 29, 69, 47, 812]
q: [0.0, 11.0, -11.0, 14.0, -14.0, 12.0, -12.0, 6.0, -6.0, 5.0, -5.0, 12.0, -12.0, 6.0, 9.0, -9.0, -6.0, 0.0]
Q: [0.0, 11.0, 0.0, 14.0, 0.0, 12.0, 0.0, 6.0, 0.0, 5.0, 0.0, 12.0, 0.0, 6.0, 15.0, 6.0, 0.0, 0.0]
B: [0.0, 33.6128854013, 63.1401224038, 73.9271591609, 117.2750834249, 125.99285378205, 155.51236451645002, 279.0, 298.9128833924, 436.0, 439.69228939819, 469.0, 470.12168890518, 517.0, 549.0, 582.7797797802, 595.0765836332, 612.4854379895]
