Avion: 5      Iteracion: 37

Num Ruta: 35
Ingresos: 25200.0
Costos: 116.698874548
Utilidad Ruta: 25083.3011255
Costo Reducido: 11.2929441743
Nodos: [105, 11, 51, 21, 61, 815]
q: [0, 8.0, -8.0, 13.0, -13.0, 0]
Q: [0, 8.0, 0.0, 13.0, 0.0, 0]
B: [0.0, 169.0, 173.05406684701, 477.0, 517.7387906792, 549.0770825438999]
