Avion: 6      Iteracion: 30

Num Ruta: 32
Ingresos: 28800.0
Costos: 125.787957106
Utilidad Ruta: 28674.2120429
Costo Reducido: 5.89970664476
Nodos: [106, 40, 80, 2, 42, 816]
q: [0, 15.0, -15.0, 9.0, -9.0, 0]
Q: [0, 15.0, 0.0, 9.0, 0.0, 0]
B: [0.0, 62.0, 94.5694417821, 522.0, 562.7349620474, 572.45506230408]
