Avion: 6      Iteracion: 3

Num Ruta: 7
Ingresos: 159600.0
Costos: 566.168162096
Utilidad Ruta: 159033.831838
Costo Reducido: 295762.789021
Nodos: [106, 16, 56, 24, 64, 10, 50, 1, 11, 51, 41, 3, 43, 36, 76, 34, 74, 25, 65, 19, 8, 59, 48, 38, 78, 27, 67, 816]
q: [0, 11.0, -11.0, 14.0, -14.0, 12.0, -12.0, 7.0, 8.0, -8.0, -7.0, 15.0, -15.0, 15.0, -15.0, 12.0, -12.0, 10.0, -10.0, 7.0, 8.0, -7.0, -8.0, 8.0, -8.0, 6.0, -6.0, 0]
Q: [0, 11.0, 0.0, 14.0, 0.0, 12.0, 0.0, 7.0, 15.0, 7.0, 0.0, 15.0, 0.0, 15.0, 0.0, 12.0, 0.0, 10.0, 0.0, 7.0, 15.0, 8.0, 0.0, 8.0, 0.0, 6.0, 0.0, 0]
B: [0.0, 36.0, 45.624091437640004, 70.85029051714, 109.36324081964, 121.14917149994, 150.66868223434, 189.08802340514, 207.76885200024, 211.82291884725, 246.13864818525002, 256.0, 261.08428175852, 296.00374706082, 302.95189112956, 316.67163912286003, 357.61923715986, 410.0, 427.1849823101, 443.8578739909, 467.0187555372, 484.975714968, 487.90383415955995, 506.20441081715995, 539.07329745786, 550.60902478646, 567.63988715456, 598.70854538116]
