Avion: 1      Iteracion: 2

Num Ruta: 6
Ingresos: 177600.0
Costos: 575.267189691
Utilidad Ruta: 177024.73281
Costo Reducido: 813899.223811
Nodos: [101, 12, 16, 56, 52, 14, 54, 11, 51, 1, 41, 3, 43, 35, 75, 26, 66, 25, 65, 13, 53, 6, 46, 5, 45, 2, 4, 42, 7, 47, 44, 33, 73, 811]
q: [0.0, 14.0, 1.0, -1.0, -14.0, 8.0, -8.0, 8.0, -8.0, 7.0, -7.0, 15.0, -15.0, 6.0, -6.0, 13.0, -13.0, 10.0, -10.0, 15.0, -15.0, 5.0, -5.0, 12.0, -12.0, 9.0, 5.0, -9.0, 10.0, -10.0, -5.0, 10.0, -10.0, 0.0]
Q: [0.0, 14.0, 15.0, 14.0, 0.0, 8.0, 0.0, 8.0, 0.0, 7.0, 0.0, 15.0, 0.0, 6.0, 0.0, 13.0, 0.0, 10.0, 0.0, 15.0, 0.0, 5.0, 0.0, 12.0, 0.0, 9.0, 14.0, 5.0, 15.0, 5.0, 0.0, 10.0, 0.0, 0.0]
B: [0.0, 54.0, 78.3348492701, 87.95894070774, 108.19522359274, 144.71445737444, 156.73616914944, 186.18459825864, 190.23866510565, 212.90811664295, 247.14820217145, 256.0, 261.08428175852, 304.88260501412, 324.79548840651995, 334.08849378690996, 351.66772175630996, 410.0, 427.1849823101, 443.186042775, 460.069193725, 484.2921423482, 487.98443174639, 506.37329196119, 507.49498086637, 522.0, 549.3715326023, 562.8222884175, 574.3290145375, 602.8703263504, 604.0307004280099, 612.6021658803099, 635.9056771179099, 641.82465338074]
