Avion: 4      Iteracion: 37

Num Ruta: 36
Ingresos: 79200.0
Costos: 290.401098541
Utilidad Ruta: 78909.5989015
Costo Reducido: 9.08477599987
Nodos: [104, 17, 57, 12, 52, 1, 41, 3, 43, 23, 18, 58, 63, 22, 62, 814]
q: [0.0, 5.0, -5.0, 14.0, -14.0, 7.0, -7.0, 15.0, -15.0, 10.0, 5.0, -5.0, -10.0, 10.0, -10.0, 0.0]
Q: [0.0, 5.0, 0.0, 14.0, 0.0, 7.0, 0.0, 15.0, 0.0, 10.0, 15.0, 10.0, 0.0, 10.0, 0.0, 0.0]
B: [0.0, 24.0, 58.8425537813, 78.5512475229, 121.8991717869, 175.0, 209.2400855285, 256.0, 261.08428175852, 267.0, 293.0, 316.8182362487, 326.74376782137, 342.50019181287, 364.25487795177, 388.87173975417005]
