Avion: 7      Iteracion: 25

Num Ruta: 26
Ingresos: 24000.0
Costos: 53.7401320021
Utilidad Ruta: 23946.259868
Costo Reducido: 59.7054378868
Nodos: [107, 14, 54, 5, 45, 817]
q: [0, 8.0, -8.0, 12.0, -12.0, 0]
Q: [0, 8.0, 0.0, 12.0, 0.0, 0]
B: [0.0, 112.0, 124.021711775, 469.0, 470.12168890518, 474.86120417575]
