Avion: 6      Iteracion: 0

Num Ruta: 2
Ingresos: 182400.0
Costos: 608.421766864
Utilidad Ruta: 181791.578233
Costo Reducido: -
Nodos: [106, 16, 56, 40, 80, 10, 50, 1, 11, 51, 41, 3, 43, 36, 76, 26, 66, 39, 79, 13, 53, 25, 65, 38, 78, 20, 4, 44, 60, 816]
q: [0, 11.0, -11.0, 15.0, -15.0, 12.0, -12.0, 7.0, 8.0, -8.0, -7.0, 15.0, -15.0, 15.0, -15.0, 13.0, -13.0, 8.0, -8.0, 15.0, -15.0, 10.0, -10.0, 8.0, -8.0, 10.0, 5.0, -5.0, -10.0, 0]
Q: [0, 11.0, 0.0, 15.0, 0.0, 12.0, 0.0, 7.0, 15.0, 7.0, 0.0, 15.0, 0.0, 15.0, 0.0, 13.0, 0.0, 8.0, 0.0, 15.0, 0.0, 10.0, 0.0, 8.0, 0.0, 10.0, 15.0, 10.0, 0.0, 0]
B: [0.0, 36.0, 45.624091437640004, 77.27284989674001, 109.84229167884001, 127.02298575674001, 156.54249649114, 194.96183766194002, 213.64266625704002, 217.69673310405003, 252.01246244205004, 259.10901435125004, 264.19329610977, 299.11276141207003, 306.06090548081005, 346.36328993881006, 363.94251790821005, 388.0, 410.632187455, 423.0, 439.88315095, 463.8957169312, 481.0806992413, 485.40236200001, 518.2712486407099, 552.8975841240099, 563.1767351590099, 583.6024848392099, 595.4637080898099, 640.6941914390098]
