Avion: 2      Iteracion: 9

Num Ruta: 10
Ingresos: 157200.0
Costos: 554.236592919
Utilidad Ruta: 156645.763407
Costo Reducido: 152232.248693
Nodos: [102, 16, 56, 30, 70, 24, 64, 1, 31, 71, 11, 51, 41, 23, 63, 35, 75, 28, 19, 68, 25, 65, 59, 15, 55, 29, 4, 69, 44, 33, 73, 812]
q: [0.0, 11.0, -11.0, 11.0, -11.0, 14.0, -14.0, 7.0, 6.0, -6.0, 8.0, -8.0, -7.0, 10.0, -10.0, 6.0, -6.0, 8.0, 7.0, -8.0, 8.0, -8.0, -7.0, 11.0, -11.0, 9.0, 5.0, -9.0, -5.0, 10.0, -10.0, 0.0]
Q: [0.0, 11.0, 0.0, 11.0, 0.0, 14.0, 0.0, 7.0, 13.0, 7.0, 15.0, 7.0, 0.0, 10.0, 0.0, 6.0, 0.0, 8.0, 15.0, 7.0, 15.0, 7.0, 0.0, 11.0, 0.0, 9.0, 14.0, 5.0, 0.0, 10.0, 0.0, 0.0]
B: [0.0, 36.0, 45.624091437640004, 64.0, 82.7140226568, 107.4479935471, 145.9609438496, 175.0, 183.89376197118, 197.19937597428, 197.678254873377, 201.732321720387, 236.048051058387, 267.0, 306.733842905, 336.2538785588, 356.1667619512, 378.0, 414.065010994, 426.60080426769997, 429.93418288405996, 447.11916519415996, 463.90602163005997, 511.0, 527.4211666151, 549.0, 569.7100026316, 592.5834067727, 604.8024778094, 613.3739432617, 636.6774544993, 655.9236616581]
