Avion: 3      Iteracion: 0

Num Ruta: 3
Ingresos: 189600.0
Costos: 574.493128623
Utilidad Ruta: 189025.506871
Costo Reducido: -
Nodos: [103, 16, 56, 40, 80, 10, 50, 11, 51, 36, 76, 3, 43, 23, 18, 63, 58, 25, 65, 13, 53, 5, 45, 38, 21, 78, 61, 27, 37, 67, 77, 813]
q: [0.0, 11.0, -11.0, 15.0, -15.0, 12.0, -12.0, 8.0, -8.0, 15.0, -15.0, 15.0, -15.0, 4.0, 11.0, -4.0, -11.0, 10.0, -10.0, 15.0, -15.0, 12.0, -12.0, 2.0, 13.0, -2.0, -13.0, 0.0, 15.0, 0.0, -15.0, 0.0]
Q: [0.0, 11.0, 0.0, 15.0, 0.0, 12.0, 0.0, 8.0, 0.0, 15.0, 0.0, 15.0, 0.0, 4.0, 15.0, 11.0, 0.0, 10.0, 0.0, 15.0, 0.0, 12.0, 0.0, 2.0, 15.0, 13.0, 0.0, 0.0, 15.0, 15.0, 0.0, 0.0]
B: [0.0, 36.0, 45.624091437640004, 77.27284989674001, 109.84229167884001, 127.02298575674001, 156.54249649114, 209.18071307374, 213.23477992075001, 251.0, 257.94814406874, 294.92818141324, 300.01246317176, 303.37495049515996, 323.55390064126, 348.99321205096, 358.91874362363, 410.0, 427.1849823101, 443.186042775, 460.069193725, 487.3334768258, 488.45516573098, 510.03685843568, 516.85977137665, 555.37150984685, 562.44143841792, 575.6188866155201, 598.4788173459201, 605.3147829690101, 626.9728471715101, 647.9746426186101]
