Avion: 5      Iteracion: 19

Num Ruta: 18
Ingresos: 121200.0
Costos: 422.968682557
Utilidad Ruta: 120777.031317
Costo Reducido: 150.530814466
Nodos: [105, 24, 40, 80, 64, 31, 14, 54, 11, 71, 51, 36, 76, 18, 58, 25, 19, 59, 65, 15, 21, 55, 38, 78, 61, 815]
q: [0.0, 0.0, 15.0, -15.0, 0.0, 6.0, 8.0, -8.0, 8.0, -6.0, -8.0, 15.0, -15.0, 11.0, -11.0, 8.0, 7.0, -7.0, -8.0, 8.0, 7.0, -8.0, 8.0, -8.0, -7.0, 0.0]
Q: [0.0, 0.0, 15.0, 0.0, 0.0, 6.0, 14.0, 6.0, 14.0, 8.0, 0.0, 15.0, 0.0, 11.0, 0.0, 8.0, 15.0, 8.0, 0.0, 8.0, 15.0, 7.0, 15.0, 7.0, 0.0, 0.0]
B: [0.0, 61.0, 68.15335166198, 100.72279344408, 129.11260494398, 140.39696270148, 157.91664511867998, 169.93835689367998, 199.38678600287997, 199.86566490197697, 203.56004346947697, 251.0, 257.94814406874, 293.0, 316.8182362487, 410.0, 419.3920072402, 446.01912353169996, 462.80597996759997, 511.0, 516.67223351071, 527.47150163401, 531.55876734595, 564.42765398665, 571.49758255772, 602.8358744224199]
