Avion: 1      Iteracion: 19

Num Ruta: 23
Ingresos: 146400.0
Costos: 433.515577549
Utilidad Ruta: 145966.484422
Costo Reducido: 200.661494089
Nodos: [101, 40, 80, 14, 54, 1, 31, 71, 11, 51, 41, 3, 43, 23, 18, 63, 58, 39, 79, 13, 53, 25, 65, 38, 21, 61, 78, 811]
q: [0.0, 15.0, -15.0, 8.0, -8.0, 7.0, 6.0, -6.0, 8.0, -8.0, -7.0, 15.0, -15.0, 4.0, 11.0, -4.0, -11.0, 8.0, -8.0, 15.0, -15.0, 10.0, -10.0, 8.0, 7.0, -7.0, -8.0, 0.0]
Q: [0.0, 15.0, 0.0, 8.0, 0.0, 7.0, 13.0, 7.0, 15.0, 7.0, 0.0, 15.0, 0.0, 4.0, 15.0, 11.0, 0.0, 8.0, 0.0, 15.0, 0.0, 10.0, 0.0, 8.0, 15.0, 8.0, 0.0, 0.0]
B: [0.0, 62.0, 94.5694417821, 123.1478437143, 135.1695554893, 175.0, 183.89376197118, 197.19937597428, 197.678254873377, 201.732321720387, 236.048051058387, 256.0, 261.08428175852, 267.0, 293.0, 318.4393114097, 328.36484298237, 388.0, 410.632187455, 423.0, 439.88315095, 463.8957169312, 481.0806992413, 485.40236200001, 492.22527494098, 532.96406562018, 540.03399419125, 554.32341772755]
