Avion: 3      Iteracion: 29

Num Ruta: 30
Ingresos: 127200.0
Costos: 451.351575979
Utilidad Ruta: 126748.648424
Costo Reducido: 80.3478226771
Nodos: [103, 9, 49, 12, 52, 10, 50, 1, 41, 23, 18, 63, 58, 39, 28, 79, 13, 53, 68, 15, 21, 55, 61, 33, 73, 813]
q: [0.0, 11.0, -11.0, 14.0, -14.0, 12.0, -12.0, 7.0, -7.0, 4.0, 11.0, -4.0, -11.0, 7.0, 8.0, -7.0, 7.0, -7.0, -8.0, 2.0, 13.0, -2.0, -13.0, 10.0, -10.0, 0.0]
Q: [0.0, 11.0, 0.0, 14.0, 0.0, 12.0, 0.0, 7.0, 0.0, 4.0, 15.0, 11.0, 0.0, 7.0, 15.0, 8.0, 15.0, 8.0, 0.0, 2.0, 15.0, 13.0, 0.0, 10.0, 0.0, 0.0]
B: [0.0, 28.0, 57.5272370025, 68.3142737596, 111.6621980236, 120.37996838075, 149.89947911515, 188.31882028595, 222.55890581445001, 267.0, 293.0, 318.4393114097, 328.36484298237, 388.0, 399.3210123222, 412.3114993416, 423.0, 439.88315095, 462.92158097460003, 511.0, 516.67223351071, 527.47150163401, 557.92094974071, 568.0764946793099, 591.3800059169099, 615.1902803798099]
