Avion: 7      Iteracion: 52

Num Ruta: 50
Ingresos: 70800.0
Costos: 240.03051893
Utilidad Ruta: 70559.9694811
Costo Reducido: 3.80439632131
Nodos: [107, 30, 16, 70, 56, 24, 64, 21, 38, 78, 61, 27, 7, 67, 47, 817]
q: [0.0, 4.0, 11.0, -4.0, -11.0, 14.0, -14.0, 7.0, 8.0, -8.0, -7.0, 5.0, 10.0, -5.0, -10.0, 0.0]
Q: [0.0, 4.0, 15.0, 11.0, 0.0, 14.0, 0.0, 7.0, 15.0, 7.0, 0.0, 5.0, 15.0, 10.0, 0.0, 0.0]
B: [0.0, 64.0, 72.20259129788, 83.01926305958, 85.89041962097, 111.11661870046999, 149.62956900297, 477.0, 483.82291294097, 516.69179958167, 523.76172815274, 538.0, 565.6633233723, 590.3878382715001, 594.78775883896, 605.85491479706]
