Avion: 5      Iteracion: 13

Num Ruta: 14
Ingresos: 61200.0
Costos: 264.219964935
Utilidad Ruta: 60935.7800351
Costo Reducido: 33396.2058549
Nodos: [105, 24, 64, 14, 54, 35, 75, 13, 48, 8, 53, 815]
q: [0.0, 14.0, -14.0, 8.0, -8.0, 6.0, -6.0, 15.0, -8.0, 8.0, -15.0, 0.0]
Q: [0.0, 14.0, 0.0, 8.0, 0.0, 6.0, 0.0, 15.0, 7.0, 15.0, 0.0, 0.0]
B: [0.0, 61.0, 99.5129503025, 128.1593196012, 140.1810313762, 279.0, 298.9128833924, 423.0, 434.0, 454.768396616, 487.9396421308, 508.4767832415]
