Avion: 2      Iteracion: 25

Num Ruta: 26
Ingresos: 39600.0
Costos: 120.33669476
Utilidad Ruta: 39479.6633052
Costo Reducido: 45.8829077805
Nodos: [102, 11, 51, 20, 60, 37, 77, 812]
q: [0, 8.0, -8.0, 10.0, -10.0, 15.0, -15.0, 0]
Q: [0, 8.0, 0.0, 10.0, 0.0, 15.0, 0.0, 0]
B: [0.0, 169.0, 173.05406684701, 496.0, 538.1771424471, 562.0, 582.7946534714999, 601.4938883222]
