Avion: 2      Iteracion: 24

Num Ruta: 25
Ingresos: 87600.0
Costos: 294.310326804
Utilidad Ruta: 87305.6896732
Costo Reducido: 77.8556034128
Nodos: [102, 31, 71, 36, 76, 34, 74, 22, 62, 19, 59, 21, 61, 33, 73, 812]
q: [0, 6.0, -6.0, 15.0, -15.0, 12.0, -12.0, 10.0, -10.0, 7.0, -7.0, 13.0, -13.0, 10.0, -10.0, 0]
Q: [0, 6.0, 0.0, 15.0, 0.0, 12.0, 0.0, 10.0, 0.0, 7.0, 0.0, 13.0, 0.0, 10.0, 0.0, 0]
B: [0.0, 130.0, 143.3056140031, 251.0, 257.94814406874, 283.0, 323.947598037, 353.69889745399996, 375.4535835929, 402.0, 428.6271162915, 477.0, 517.7387906792, 562.0, 585.3035112376, 604.5497183964]
