Avion: 4      Iteracion: 52

Num Ruta: 46
Ingresos: 51600.0
Costos: 163.847973236
Utilidad Ruta: 51436.1520268
Costo Reducido: 10.2317562643
Nodos: [104, 17, 57, 14, 54, 3, 43, 23, 18, 63, 58, 814]
q: [0.0, 5.0, -5.0, 8.0, -8.0, 15.0, -15.0, 4.0, 11.0, -4.0, -11.0, 0.0]
Q: [0.0, 5.0, 0.0, 8.0, 0.0, 15.0, 0.0, 4.0, 15.0, 11.0, 0.0, 0.0]
B: [0.0, 24.0, 58.8425537813, 112.0, 124.021711775, 256.0, 261.08428175852, 267.0, 293.0, 318.4393114097, 328.36484298237, 352.87155944947]
