Avion: 5      Iteracion: 36

Num Ruta: 34
Ingresos: 87600.0
Costos: 238.919554824
Utilidad Ruta: 87361.0804452
Costo Reducido: 35.9243520503
Nodos: [105, 30, 16, 56, 70, 24, 64, 22, 62, 8, 48, 13, 53, 15, 55, 815]
q: [0.0, 11.0, 4.0, -4.0, -11.0, 14.0, -14.0, 10.0, -10.0, 8.0, -8.0, 15.0, -15.0, 11.0, -11.0, 0.0]
Q: [0.0, 11.0, 15.0, 11.0, 0.0, 14.0, 0.0, 10.0, 0.0, 8.0, 0.0, 15.0, 0.0, 11.0, 0.0, 0.0]
B: [0.0, 64.0, 72.20259129788, 81.82668273552001, 84.69783929691, 109.43181018721, 147.94476048971, 299.0, 320.7546861389, 414.0, 434.768396616, 436.97907275691, 453.86222370691, 511.0, 527.4211666151, 535.45833359109]
