Avion: 1      Iteracion: 8

Num Ruta: 12
Ingresos: 139200.0
Costos: 562.624505424
Utilidad Ruta: 138637.375495
Costo Reducido: 146130.421163
Nodos: [101, 9, 49, 12, 16, 56, 52, 10, 50, 11, 51, 22, 62, 26, 66, 28, 39, 68, 13, 79, 53, 2, 4, 42, 7, 47, 44, 811]
q: [0.0, 11.0, -11.0, 14.0, 1.0, -1.0, -14.0, 12.0, -12.0, 8.0, -8.0, 10.0, -10.0, 13.0, -13.0, 8.0, 7.0, -8.0, 8.0, -7.0, -8.0, 9.0, 5.0, -9.0, 10.0, -10.0, -5.0, 0.0]
Q: [0.0, 11.0, 0.0, 14.0, 15.0, 14.0, 0.0, 12.0, 0.0, 8.0, 0.0, 10.0, 0.0, 13.0, 0.0, 8.0, 15.0, 7.0, 15.0, 8.0, 0.0, 9.0, 14.0, 5.0, 15.0, 5.0, 0.0, 0.0]
B: [0.0, 28.0, 57.5272370025, 68.3142737596, 92.64912302970001, 102.27321446734001, 122.50949735234002, 131.22726770949, 160.74677844389, 213.38499502649, 217.4390618735, 299.0, 320.7546861389, 357.0876895518, 374.6669175212, 385.0748345558, 396.395846878, 427.8252542698, 460.7786235664, 464.01055735284996, 482.69143126175, 523.01839182165, 550.38992442395, 563.84068023915, 575.34740635915, 603.88871817205, 605.0490922496599, 629.9751103030599]
