Avion: 6      Iteracion: 51

Num Ruta: 44
Ingresos: 20400.0
Costos: 86.1293419533
Utilidad Ruta: 20313.870658
Costo Reducido: 1.76991040766
Nodos: [106, 35, 75, 18, 58, 816]
q: [0, 6.0, -6.0, 11.0, -11.0, 0]
Q: [0, 6.0, 0.0, 11.0, 0.0, 0]
B: [0.0, 279.0, 298.9128833924, 321.80373678409995, 345.62197303279993, 354.28066231004993]
