Avion: 3      Iteracion: 36

Num Ruta: 36
Ingresos: 51600.0
Costos: 123.646086399
Utilidad Ruta: 51476.3539136
Costo Reducido: 20.7423717927
Nodos: [103, 14, 54, 3, 43, 23, 63, 22, 62, 813]
q: [0, 8.0, -8.0, 15.0, -15.0, 10.0, -10.0, 10.0, -10.0, 0]
Q: [0, 8.0, 0.0, 15.0, 0.0, 10.0, 0.0, 10.0, 0.0, 0]
B: [0.0, 112.0, 124.021711775, 256.0, 261.08428175852, 267.0, 306.733842905, 322.49026689650003, 344.24495303540004, 357.48837449660004]
