Avion: 7      Iteracion: 35

Num Ruta: 35
Ingresos: 19200.0
Costos: 70.5511999528
Utilidad Ruta: 19129.4488
Costo Reducido: 2.89304971875
Nodos: [107, 14, 54, 8, 48, 817]
q: [0, 8.0, -8.0, 8.0, -8.0, 0]
Q: [0, 8.0, 0.0, 8.0, 0.0, 0]
B: [0.0, 112.0, 124.021711775, 414.0, 434.768396616, 449.4486789362]
