Avion: 6      Iteracion: 52

Num Ruta: 45
Ingresos: 80400.0
Costos: 279.248922473
Utilidad Ruta: 80120.7510775
Costo Reducido: 4.98283962668
Nodos: [106, 16, 56, 24, 64, 1, 41, 18, 58, 22, 62, 8, 32, 48, 72, 816]
q: [0, 11.0, -11.0, 14.0, -14.0, 7.0, -7.0, 11.0, -11.0, 10.0, -10.0, 8.0, 6.0, -8.0, -6.0, 0]
Q: [0, 11.0, 0.0, 14.0, 0.0, 7.0, 0.0, 11.0, 0.0, 10.0, 0.0, 8.0, 14.0, 6.0, 0.0, 0]
B: [0.0, 36.0, 45.624091437640004, 70.85029051714, 109.36324081964, 175.0, 209.2400855285, 293.0, 316.8182362487, 332.3010836612, 354.0557698001, 414.0, 425.4468981388, 447.8266328334, 463.87573156200006, 471.91260788306005]
