Avion: 1      Iteracion: 7

Num Ruta: 11
Ingresos: 132000.0
Costos: 459.726393226
Utilidad Ruta: 131540.273607
Costo Reducido: 184770.080666
Nodos: [101, 30, 70, 31, 71, 3, 43, 23, 35, 75, 63, 22, 62, 25, 65, 39, 79, 6, 46, 20, 4, 44, 2, 60, 33, 42, 73, 811]
q: [0.0, 11.0, -11.0, 6.0, -6.0, 15.0, -15.0, 9.0, 6.0, -6.0, -9.0, 10.0, -10.0, 10.0, -10.0, 8.0, -8.0, 5.0, -5.0, 10.0, 5.0, -5.0, 5.0, -10.0, 10.0, -5.0, -10.0, 0.0]
Q: [0.0, 11.0, 0.0, 6.0, 0.0, 15.0, 0.0, 9.0, 15.0, 9.0, 0.0, 10.0, 0.0, 10.0, 0.0, 8.0, 0.0, 5.0, 0.0, 10.0, 15.0, 10.0, 15.0, 5.0, 15.0, 10.0, 0.0, 0.0]
B: [0.0, 64.0, 82.7140226568, 130.0, 143.3056140031, 256.0, 261.08428175852, 267.0, 307.4405515417, 327.3534349341, 339.9719804129, 355.7284044044, 377.4830905433, 410.0, 427.1849823101, 446.3261919114, 468.9583793664, 475.6466235306, 479.33891292878997, 511.68169747188995, 529.0, 549.4257496801999, 558.8802161908, 566.21051345626, 577.03231279836, 615.4732449670599, 633.9920289984599, 639.9110052612899]
