Avion: 7      Iteracion: 42

Num Ruta: 42
Ingresos: 18000.0
Costos: 70.7941975254
Utilidad Ruta: 17929.2058025
Costo Reducido: 1.04411874919
Nodos: [107, 40, 80, 817]
q: [0, 15.0, -15.0, 0]
Q: [0, 15.0, 0.0, 0]
B: [0.0, 62.0, 94.5694417821, 104.6526367123]
