Avion: 6      Iteracion: 14

Num Ruta: 17
Ingresos: 16800.0
Costos: 112.023050963
Utilidad Ruta: 16687.976949
Costo Reducido: 74.1609030297
Nodos: [106, 12, 52, 816]
q: [0, 14.0, -14.0, 0]
Q: [0, 14.0, 0.0, 0]
B: [0.0, 54.0, 97.347924264, 124.53021513510001]
