Avion: 3      Iteracion: 21

Num Ruta: 22
Ingresos: 75600.0
Costos: 190.541917669
Utilidad Ruta: 75409.4580823
Costo Reducido: 123.308672136
Nodos: [103, 40, 80, 30, 70, 5, 45, 7, 47, 37, 77, 813]
q: [0, 15.0, -15.0, 11.0, -11.0, 12.0, -12.0, 10.0, -10.0, 15.0, -15.0, 0]
Q: [0, 15.0, 0.0, 11.0, 0.0, 12.0, 0.0, 10.0, 0.0, 15.0, 0.0, 0]
B: [0.0, 62.0, 94.5694417821, 113.51249206450001, 132.22651472130002, 469.0, 470.12168890518, 517.0, 545.5413118129, 562.0, 582.7946534714999, 603.7964489185999]
