Avion: 5      Iteracion: 4

Num Ruta: 7
Ingresos: 42000.0
Costos: 171.940849371
Utilidad Ruta: 41828.0591506
Costo Reducido: 79919.1976272
Nodos: [105, 40, 80, 26, 66, 19, 59, 815]
q: [0, 15.0, -15.0, 13.0, -13.0, 7.0, -7.0, 0]
Q: [0, 15.0, 0.0, 13.0, 0.0, 7.0, 0.0, 0]
B: [0.0, 62.0, 94.5694417821, 300.0, 317.5792279694, 402.0, 428.6271162915, 440.52515932389997]
