Avion: 7      Iteracion: 20

Num Ruta: 21
Ingresos: 171600.0
Costos: 506.89197004
Utilidad Ruta: 171093.10803
Costo Reducido: 158.00081605
Nodos: [107, 30, 16, 56, 70, 24, 64, 1, 11, 51, 41, 3, 43, 18, 36, 76, 34, 58, 74, 39, 79, 6, 46, 8, 48, 5, 45, 7, 29, 69, 33, 47, 73, 817]
q: [0.0, 4.0, 11.0, -11.0, -4.0, 14.0, -14.0, 7.0, 8.0, -8.0, -7.0, 15.0, -15.0, 3.0, 12.0, -12.0, 12.0, -3.0, -12.0, 8.0, -8.0, 5.0, -5.0, 8.0, -8.0, 12.0, -12.0, 5.0, 9.0, -9.0, 10.0, -5.0, -10.0, 0.0]
Q: [0.0, 4.0, 15.0, 4.0, 0.0, 14.0, 0.0, 7.0, 15.0, 7.0, 0.0, 15.0, 0.0, 3.0, 15.0, 3.0, 15.0, 12.0, 0.0, 8.0, 0.0, 5.0, 0.0, 8.0, 0.0, 12.0, 0.0, 5.0, 14.0, 5.0, 15.0, 10.0, 0.0, 0.0]
B: [0.0, 64.0, 72.20259129788, 81.82668273552001, 84.69783929691, 109.43181018721, 147.94476048971, 175.0, 193.6808285951, 197.73489544211, 232.05062478011, 256.0, 261.08428175852, 293.0, 306.9670306436, 313.91517471234005, 327.63492270564007, 355.86696018084007, 371.0195898206401, 388.0, 410.632187455, 436.0, 439.69228939819, 470.96534786709, 491.73374448309, 501.48655535996, 502.60824426514, 524.32665088254, 549.0, 582.7797797802, 591.6312714624, 601.09129767801, 621.8499142986101, 644.89640298991]
