Avion: 1      Iteracion: 37

Num Ruta: 40
Ingresos: 112800.0
Costos: 361.786426545
Utilidad Ruta: 112438.213573
Costo Reducido: 33.1945022046
Nodos: [101, 12, 52, 10, 50, 1, 41, 3, 43, 23, 18, 58, 63, 28, 68, 25, 21, 65, 38, 61, 78, 811]
q: [0.0, 14.0, -14.0, 12.0, -12.0, 7.0, -7.0, 15.0, -15.0, 10.0, 5.0, -5.0, -10.0, 8.0, -8.0, 8.0, 7.0, -8.0, 8.0, -7.0, -8.0, 0.0]
Q: [0.0, 14.0, 0.0, 12.0, 0.0, 7.0, 0.0, 15.0, 0.0, 10.0, 15.0, 10.0, 0.0, 8.0, 0.0, 8.0, 15.0, 7.0, 15.0, 8.0, 0.0, 0.0]
B: [0.0, 54.0, 97.347924264, 106.06569462115, 135.58520535555, 175.0, 209.2400855285, 256.0, 261.08428175852, 267.0, 293.0, 316.8182362487, 326.74376782137, 378.0, 414.0266187839, 417.35999740026, 477.0, 485.168713485, 489.49037624371, 523.97275662851, 531.04268519958, 545.33210873588]
