Avion: 2      Iteracion: 15

Num Ruta: 16
Ingresos: 117600.0
Costos: 390.832402614
Utilidad Ruta: 117209.167597
Costo Reducido: 250.651054152
Nodos: [102, 17, 30, 57, 16, 56, 70, 40, 80, 26, 66, 22, 62, 25, 65, 38, 20, 7, 78, 47, 60, 37, 77, 812]
q: [0.0, 5.0, 4.0, -5.0, 11.0, -11.0, -4.0, 15.0, -15.0, 13.0, -13.0, 10.0, -10.0, 10.0, -10.0, 5.0, 10.0, 0.0, -5.0, 0.0, -10.0, 15.0, -15.0, 0.0]
Q: [0.0, 5.0, 9.0, 4.0, 15.0, 4.0, 0.0, 15.0, 0.0, 13.0, 0.0, 10.0, 0.0, 10.0, 0.0, 5.0, 15.0, 15.0, 10.0, 10.0, 0.0, 15.0, 0.0, 0.0]
B: [0.0, 25.145167826, 64.0, 67.14445448369, 72.47609381883, 82.10018525647, 84.97134181786, 115.78119589085999, 148.35063767295998, 300.0, 317.5792279694, 331.2134086195, 352.9680947584, 410.0, 427.1849823101, 480.0, 496.0, 517.0, 556.1972757344, 578.001569096, 590.9652536417, 602.5427715968, 623.3374250683, 642.036659919]
