Avion: 6      Iteracion: 24

Num Ruta: 26
Ingresos: 18000.0
Costos: 120.0276634
Utilidad Ruta: 17879.9723366
Costo Reducido: 23.7129263125
Nodos: [106, 38, 21, 61, 78, 816]
q: [0.0, 2.0, 13.0, -13.0, -2.0, 0.0]
Q: [0.0, 2.0, 15.0, 2.0, 0.0, 0.0]
B: [0.0, 480.0, 486.82291294097, 527.56170362017, 534.63163219124, 564.64344973034]
