Avion: 2      Iteracion: 44

Num Ruta: 42
Ingresos: 26400.0
Costos: 64.7247200062
Utilidad Ruta: 26335.27528
Costo Reducido: 2.95535988935
Nodos: [102, 30, 70, 16, 56, 812]
q: [0, 11.0, -11.0, 11.0, -11.0, 0]
Q: [0, 11.0, 0.0, 11.0, 0.0, 0]
B: [0.0, 64.0, 82.7140226568, 93.53069441849999, 103.15478585614, 119.79373008344]
