Avion: 1      Iteracion: 30

Num Ruta: 33
Ingresos: 49200.0
Costos: 145.845100289
Utilidad Ruta: 49054.1548997
Costo Reducido: 48.1743504007
Nodos: [101, 9, 49, 36, 76, 21, 38, 78, 61, 811]
q: [0.0, 11.0, -11.0, 15.0, -15.0, 13.0, 2.0, -2.0, -13.0, 0.0]
Q: [0.0, 11.0, 0.0, 15.0, 0.0, 13.0, 15.0, 13.0, 0.0, 0.0]
B: [0.0, 28.0, 57.5272370025, 251.0, 257.94814406874, 477.0, 483.82291294097, 516.69179958167, 523.76172815274, 542.92064276184]
