Avion: 7      Iteracion: 30

Num Ruta: 31
Ingresos: 58800.0
Costos: 193.784982873
Utilidad Ruta: 58606.2150171
Costo Reducido: 23.1625568854
Nodos: [107, 9, 49, 19, 32, 59, 6, 46, 13, 72, 53, 15, 55, 817]
q: [0.0, 11.0, -11.0, 7.0, 6.0, -7.0, 5.0, -5.0, 9.0, -6.0, -9.0, 11.0, -11.0, 0.0]
Q: [0.0, 11.0, 0.0, 7.0, 13.0, 6.0, 11.0, 6.0, 15.0, 9.0, 0.0, 11.0, 0.0, 0.0]
B: [0.0, 28.0348110926, 57.562048095099996, 402.0, 422.0, 441.5724706923, 453.36348968979996, 457.05577908798995, 470.46584519518996, 484.30802497299, 488.37897535343, 511.0, 527.4211666151, 546.7033011441999]
