Avion: 1      Iteracion: 40

Num Ruta: 43
Ingresos: 123600.0
Costos: 305.105441854
Utilidad Ruta: 123294.894558
Costo Reducido: 27.6921815513
Nodos: [101, 30, 70, 16, 56, 14, 54, 3, 43, 23, 18, 58, 63, 28, 68, 15, 29, 55, 7, 47, 33, 69, 73, 811]
q: [0.0, 11.0, -11.0, 11.0, -11.0, 8.0, -8.0, 15.0, -15.0, 10.0, 5.0, -5.0, -10.0, 8.0, -8.0, 10.0, 5.0, -10.0, 10.0, -10.0, 10.0, -5.0, -10.0, 0.0]
Q: [0.0, 11.0, 0.0, 11.0, 0.0, 8.0, 0.0, 15.0, 0.0, 10.0, 15.0, 10.0, 0.0, 8.0, 0.0, 10.0, 15.0, 5.0, 15.0, 5.0, 15.0, 10.0, 0.0, 0.0]
B: [0.0, 64.0, 82.7140226568, 93.53069441849999, 103.15478585614, 129.94109036054, 141.96280213554, 256.0, 261.08428175852, 267.0, 293.0, 316.8182362487, 326.74376782137, 378.0, 414.0266187839, 511.0, 549.0, 564.1378768657, 575.0426164316, 603.5839282444999, 613.04395446011, 621.89544614231, 637.30986202481, 643.22883828764]
