Avion: 7      Iteracion: 9

Num Ruta: 11
Ingresos: 100800.0
Costos: 406.693743653
Utilidad Ruta: 100393.306256
Costo Reducido: 130204.345352
Nodos: [107, 16, 56, 30, 70, 24, 64, 1, 31, 71, 11, 51, 41, 21, 61, 4, 44, 29, 69, 817]
q: [0, 11.0, -11.0, 11.0, -11.0, 14.0, -14.0, 7.0, 6.0, -6.0, 8.0, -8.0, -7.0, 13.0, -13.0, 5.0, -5.0, 9.0, -9.0, 0]
Q: [0, 11.0, 0.0, 11.0, 0.0, 14.0, 0.0, 7.0, 13.0, 7.0, 15.0, 7.0, 0.0, 13.0, 0.0, 5.0, 0.0, 9.0, 0.0, 0]
B: [0.0, 36.0, 45.624091437640004, 64.0, 82.7140226568, 107.4479935471, 145.9609438496, 175.0, 183.89376197118, 197.19937597428, 197.678254873377, 201.732321720387, 236.048051058387, 477.0, 517.7387906792, 546.9085880901999, 567.3343377704, 605.1521834124, 638.9319631925999, 660.5054981371]
