Avion: 1      Iteracion: 44

Num Ruta: 45
Ingresos: 13200.0
Costos: 32.6637442333
Utilidad Ruta: 13167.3362558
Costo Reducido: 2.48374571507
Nodos: [101, 18, 58, 811]
q: [0, 11.0, -11.0, 0]
Q: [0, 11.0, 0.0, 0]
B: [0.0, 293.0, 316.8182362487, 324.13631174707996]
