Avion: 3      Iteracion: 1

Num Ruta: 5
Ingresos: 162000.0
Costos: 617.492206413
Utilidad Ruta: 161382.507794
Costo Reducido: 193878.489633
Nodos: [103, 16, 56, 40, 80, 10, 50, 11, 51, 35, 75, 26, 66, 18, 58, 39, 79, 8, 48, 13, 53, 38, 78, 20, 60, 33, 73, 813]
q: [0, 11.0, -11.0, 15.0, -15.0, 12.0, -12.0, 8.0, -8.0, 6.0, -6.0, 13.0, -13.0, 11.0, -11.0, 8.0, -8.0, 8.0, -8.0, 15.0, -15.0, 8.0, -8.0, 10.0, -10.0, 10.0, -10.0, 0]
Q: [0, 11.0, 0.0, 15.0, 0.0, 12.0, 0.0, 8.0, 0.0, 6.0, 0.0, 13.0, 0.0, 11.0, 0.0, 8.0, 0.0, 8.0, 0.0, 15.0, 0.0, 8.0, 0.0, 10.0, 0.0, 10.0, 0.0, 0]
B: [0.0, 36.0, 45.624091437640004, 77.27284989674001, 109.84229167884001, 127.02298575674001, 156.54249649114, 209.18071307374, 213.23477992075001, 279.0, 298.9128833924, 308.20588877279, 325.78511674219, 349.06378749459, 372.88202374328995, 388.0, 410.632187455, 434.7301572658, 455.49855388180004, 457.70923002271, 474.59238097271003, 488.08744025381003, 520.9563268945101, 555.58266237781, 597.75980482491, 608.58160416701, 631.88511540461, 655.69538986751]
