Avion: 3      Iteracion: 28

Num Ruta: 29
Ingresos: 85200.0
Costos: 226.914211351
Utilidad Ruta: 84973.0857886
Costo Reducido: 79.8634337834
Nodos: [103, 24, 64, 31, 11, 71, 51, 25, 65, 15, 21, 55, 38, 78, 61, 33, 73, 813]
q: [0.0, 14.0, -14.0, 6.0, 8.0, -6.0, -8.0, 10.0, -10.0, 8.0, 7.0, -8.0, 8.0, -8.0, -7.0, 10.0, -10.0, 0.0]
Q: [0.0, 14.0, 0.0, 6.0, 14.0, 8.0, 0.0, 10.0, 0.0, 8.0, 15.0, 7.0, 15.0, 7.0, 0.0, 10.0, 0.0, 0.0]
B: [0.0, 61.0, 99.5129503025, 130.0, 169.0, 169.478878899097, 173.173257466597, 410.0, 427.1849823101, 511.0, 516.67223351071, 527.47150163401, 531.55876734595, 564.42765398665, 571.49758255772, 581.6531274963199, 604.9566387339199, 628.7669131968199]
