Avion: 6      Iteracion: 4

Num Ruta: 8
Ingresos: 63600.0
Costos: 276.377792519
Utilidad Ruta: 63323.6222075
Costo Reducido: 116810.747722
Nodos: [106, 40, 80, 19, 59, 13, 53, 32, 72, 33, 73, 816]
q: [0, 15.0, -15.0, 7.0, -7.0, 15.0, -15.0, 6.0, -6.0, 10.0, -10.0, 0]
Q: [0, 15.0, 0.0, 7.0, 0.0, 15.0, 0.0, 6.0, 0.0, 10.0, 0.0, 0]
B: [0.0, 62.0, 94.5694417821, 402.0, 428.6271162915, 432.85473559792, 449.73788654792, 477.11704011412, 504.97439592902003, 562.0, 585.3035112376, 599.1444684661]
