Avion: 7      Iteracion: 24

Num Ruta: 25
Ingresos: 12000.0
Costos: 46.9674492363
Utilidad Ruta: 11953.0325508
Costo Reducido: 33.4920359738
Nodos: [107, 22, 62, 817]
q: [0, 10.0, -10.0, 0]
Q: [0, 10.0, 0.0, 0]
B: [0.0, 299.0, 320.7546861389, 339.40048547820004]
