Avion: 3      Iteracion: 17

Num Ruta: 18
Ingresos: 120000.0
Costos: 413.460185433
Utilidad Ruta: 119586.539815
Costo Reducido: 193.72403671
Nodos: [103, 16, 56, 9, 49, 14, 54, 23, 63, 22, 62, 8, 48, 13, 53, 21, 61, 4, 2, 44, 42, 813]
q: [0, 11.0, -11.0, 11.0, -11.0, 8.0, -8.0, 10.0, -10.0, 10.0, -10.0, 8.0, -8.0, 15.0, -15.0, 13.0, -13.0, 5.0, 9.0, -5.0, -9.0, 0]
Q: [0, 11.0, 0.0, 11.0, 0.0, 8.0, 0.0, 10.0, 0.0, 10.0, 0.0, 8.0, 0.0, 15.0, 0.0, 13.0, 0.0, 5.0, 14.0, 9.0, 0.0, 0]
B: [0.0, 36.0, 45.624091437640004, 75.68094759394, 105.20818459644, 115.46499131194001, 127.48670308694001, 267.0, 306.733842905, 322.49026689650003, 344.24495303540004, 414.0, 434.768396616, 436.97907275691, 453.86222370691, 477.0, 517.7387906792, 546.9085880901999, 574.2801206925, 583.7345872031, 616.9277979848, 631.285566753]
