Avion: 5      Iteracion: 30

Num Ruta: 28
Ingresos: 46800.0
Costos: 199.584317858
Utilidad Ruta: 46600.4156821
Costo Reducido: 33.8184610628
Nodos: [105, 17, 57, 18, 58, 28, 19, 68, 25, 65, 59, 815]
q: [0.0, 5.0, -5.0, 11.0, -11.0, 8.0, 7.0, -8.0, 8.0, -8.0, -7.0, 0.0]
Q: [0.0, 5.0, 0.0, 11.0, 0.0, 8.0, 15.0, 7.0, 15.0, 7.0, 0.0, 0.0]
B: [0.0, 24.8000597782, 59.6426135595, 293.0, 316.8182362487, 378.0, 414.065010994, 426.60080426769997, 429.93418288405996, 447.11916519415996, 463.90602163005997, 475.80406466245995]
