Avion: 1      Iteracion: 26

Num Ruta: 30
Ingresos: 111600.0
Costos: 366.674851038
Utilidad Ruta: 111233.325149
Costo Reducido: 67.9391258242
Nodos: [101, 12, 52, 10, 50, 35, 75, 22, 62, 18, 58, 39, 28, 79, 68, 15, 29, 55, 7, 47, 69, 811]
q: [0.0, 14.0, -14.0, 12.0, -12.0, 6.0, -6.0, 10.0, -10.0, 11.0, -11.0, 8.0, 7.0, -8.0, -7.0, 10.0, 5.0, -10.0, 10.0, -10.0, -5.0, 0.0]
Q: [0.0, 14.0, 0.0, 12.0, 0.0, 6.0, 0.0, 10.0, 0.0, 11.0, 0.0, 8.0, 15.0, 7.0, 0.0, 10.0, 15.0, 5.0, 15.0, 5.0, 0.0, 0.0]
B: [0.0, 54.0, 97.347924264, 106.06569462115, 135.58520535555, 279.0, 298.9128833924, 314.02713802169995, 335.78182416059997, 349.182260758, 373.00049700669996, 388.0, 399.3210123222, 412.3114993416, 448.3244104708, 511.0, 549.0, 564.1378768657, 575.0426164316, 603.5839282444999, 615.8807320975, 631.8989069311]
