Avion: 3      Iteracion: 35

Num Ruta: 35
Ingresos: 84000.0
Costos: 249.353113247
Utilidad Ruta: 83750.6468868
Costo Reducido: 7.24401904692
Nodos: [103, 9, 49, 14, 54, 19, 8, 59, 48, 13, 53, 15, 55, 7, 47, 813]
q: [0, 11.0, -11.0, 8.0, -8.0, 7.0, 8.0, -7.0, -8.0, 15.0, -15.0, 11.0, -11.0, 10.0, -10.0, 0]
Q: [0, 11.0, 0.0, 8.0, 0.0, 7.0, 15.0, 8.0, 0.0, 15.0, 0.0, 11.0, 0.0, 10.0, 0.0, 0]
B: [0.0, 28.0, 57.5272370025, 112.0, 124.021711775, 402.0, 425.1608815463, 443.1178409771, 446.04596016866, 448.25663630956996, 465.13978725956997, 511.0, 527.4211666151, 538.3259061809999, 566.8672179938999, 593.2767344983998]
