Avion: 1      Iteracion: 51

Num Ruta: 49
Ingresos: 144000.0
Costos: 381.161644175
Utilidad Ruta: 143618.838356
Costo Reducido: 10.1410029476
Nodos: [101, 30, 16, 56, 70, 40, 80, 31, 11, 71, 51, 36, 76, 34, 18, 58, 74, 39, 28, 79, 13, 53, 68, 15, 21, 55, 38, 78, 61, 811]
q: [0.0, 11.0, 4.0, -4.0, -11.0, 15.0, -15.0, 6.0, 8.0, -6.0, -8.0, 15.0, -15.0, 12.0, 3.0, -3.0, -12.0, 8.0, 7.0, -8.0, 8.0, -8.0, -7.0, 8.0, 7.0, -8.0, 8.0, -8.0, -7.0, 0.0]
Q: [0.0, 11.0, 15.0, 11.0, 0.0, 15.0, 0.0, 6.0, 14.0, 8.0, 0.0, 15.0, 0.0, 12.0, 15.0, 12.0, 0.0, 8.0, 15.0, 7.0, 15.0, 7.0, 0.0, 8.0, 15.0, 7.0, 15.0, 7.0, 0.0, 0.0]
B: [0.0, 64.0, 72.20259129788, 81.82668273552001, 84.69783929691, 115.50769336991, 148.07713515201, 171.41562415621, 184.59835335011, 185.077232249207, 188.77161081670698, 251.0, 257.94814406874, 283.0, 306.7154937119, 330.5337299606, 345.6863596004, 388.0, 399.3210123222, 412.3114993416, 423.0, 439.88315095, 462.92158097460003, 511.0, 516.67223351071, 527.47150163401, 531.55876734595, 564.42765398665, 571.49758255772, 590.6564971668199]
