Avion: 6      Iteracion: 28

Num Ruta: 30
Ingresos: 27600.0
Costos: 117.494673818
Utilidad Ruta: 27482.5053262
Costo Reducido: 26.9842754945
Nodos: [106, 10, 50, 35, 75, 6, 46, 816]
q: [0, 12.0, -12.0, 6.0, -6.0, 5.0, -5.0, 0]
Q: [0, 12.0, 0.0, 6.0, 0.0, 5.0, 0.0, 0]
B: [0.0, 96.0, 125.5195107344, 279.0, 298.9128833924, 436.0, 439.69228939819, 469.90161194939]
