Avion: 1      Iteracion: 32

Num Ruta: 35
Ingresos: 109200.0
Costos: 354.658392589
Utilidad Ruta: 108845.341607
Costo Reducido: 75.1570777076
Nodos: [101, 30, 16, 56, 70, 40, 80, 1, 41, 23, 63, 28, 68, 15, 55, 20, 7, 4, 47, 44, 60, 33, 73, 811]
q: [0.0, 11.0, 4.0, -4.0, -11.0, 15.0, -15.0, 7.0, -7.0, 10.0, -10.0, 8.0, -8.0, 11.0, -11.0, 10.0, 5.0, 0.0, -5.0, 0.0, -10.0, 10.0, -10.0, 0.0]
Q: [0.0, 11.0, 15.0, 11.0, 0.0, 15.0, 0.0, 7.0, 0.0, 10.0, 0.0, 8.0, 0.0, 11.0, 0.0, 10.0, 15.0, 15.0, 10.0, 10.0, 0.0, 10.0, 0.0, 0.0]
B: [0.0, 64.0, 72.20259129788, 81.82668273552001, 84.69783929691, 115.50769336991, 148.07713515201, 175.0, 209.2400855285, 267.0, 306.733842905, 378.0, 414.0266187839, 511.0, 527.4211666151, 533.55501866744, 542.2979730879999, 552.6613463804999, 571.9337073672, 573.09408144481, 584.95530469541, 595.77710403751, 619.08061527511, 624.99959153794]
