Avion: 3      Iteracion: 11

Num Ruta: 14
Ingresos: 170400.0
Costos: 584.585082539
Utilidad Ruta: 169815.414917
Costo Reducido: 404438.783006
Nodos: [103, 16, 56, 17, 57, 14, 54, 11, 51, 1, 41, 3, 43, 23, 63, 26, 66, 22, 62, 19, 8, 59, 48, 13, 32, 53, 72, 15, 55, 4, 2, 44, 42, 813]
q: [0.0, 11.0, -11.0, 5.0, -5.0, 8.0, -8.0, 8.0, -8.0, 7.0, -7.0, 15.0, -15.0, 10.0, -10.0, 13.0, -13.0, 10.0, -10.0, 7.0, 8.0, -7.0, -8.0, 9.0, 6.0, -9.0, -6.0, 11.0, -11.0, 5.0, 9.0, -5.0, -9.0, 0.0]
Q: [0.0, 11.0, 0.0, 5.0, 0.0, 8.0, 0.0, 8.0, 0.0, 7.0, 0.0, 15.0, 0.0, 10.0, 0.0, 13.0, 0.0, 10.0, 0.0, 7.0, 15.0, 8.0, 0.0, 9.0, 15.0, 6.0, 0.0, 11.0, 0.0, 5.0, 14.0, 9.0, 0.0, 0.0]
B: [0.0, 36.0, 45.624091437640004, 78.34191948294, 113.18447326424, 125.62302611414, 137.64473788914, 169.0, 173.05406684701, 195.72351838431, 229.96360391281002, 256.0, 261.08428175852, 267.0, 306.733842905, 326.4202156791, 343.9994436485, 357.6336242986, 379.3883104375, 402.0, 425.1608815463, 443.1178409771, 446.04596016866, 448.25663630956996, 470.91750319497, 498.29665676116997, 502.36760714161, 525.66304669531, 542.08421331041, 547.6588925837, 575.030425186, 584.4848916966, 617.6781024783, 632.0358712465]
