Avion: 2      Iteracion: 0

Num Ruta: 3
Ingresos: 205200.0
Costos: 579.43422708
Utilidad Ruta: 204620.565773
Costo Reducido: -
Nodos: [102, 40, 80, 10, 50, 31, 11, 71, 51, 1, 41, 3, 43, 36, 76, 26, 66, 28, 39, 68, 25, 65, 79, 13, 53, 5, 45, 7, 4, 47, 44, 37, 77, 812]
q: [0.0, 15.0, -15.0, 12.0, -12.0, 6.0, 8.0, -6.0, -8.0, 7.0, -7.0, 15.0, -15.0, 15.0, -15.0, 13.0, -13.0, 8.0, 5.0, -8.0, 10.0, -10.0, -5.0, 15.0, -15.0, 12.0, -12.0, 10.0, 5.0, -10.0, -5.0, 15.0, -15.0, 0.0]
Q: [0.0, 15.0, 0.0, 12.0, 0.0, 6.0, 14.0, 8.0, 0.0, 7.0, 0.0, 15.0, 0.0, 15.0, 0.0, 13.0, 0.0, 8.0, 13.0, 5.0, 15.0, 5.0, 0.0, 15.0, 0.0, 12.0, 0.0, 10.0, 15.0, 5.0, 0.0, 15.0, 0.0, 0.0]
B: [0.0, 62.0, 94.5694417821, 111.75013586, 141.2696465944, 180.8778009316, 194.0605301255, 194.539409024597, 198.233787592097, 220.903239129397, 255.143324657897, 262.239876567097, 267.32415832561696, 302.243623627917, 309.191767696657, 349.494152154657, 367.073380124057, 378.0, 389.3210123222, 420.750419714, 424.08379833035997, 441.26878064045997, 460.17589178945997, 463.40782557590995, 480.29097652590997, 507.55525962671, 508.67694853189, 530.39535514929, 540.75872844179, 560.0310894284901, 561.1914635061, 568.25583559426, 589.0504890657601, 607.7497239164601]
