Avion: 2      Iteracion: 36

Num Ruta: 36
Ingresos: 73200.0
Costos: 174.918509185
Utilidad Ruta: 73025.0814908
Costo Reducido: 41.9622497753
Nodos: [102, 36, 76, 34, 74, 39, 79, 13, 53, 15, 55, 812]
q: [0, 15.0, -15.0, 12.0, -12.0, 8.0, -8.0, 15.0, -15.0, 11.0, -11.0, 0]
Q: [0, 15.0, 0.0, 12.0, 0.0, 8.0, 0.0, 15.0, 0.0, 11.0, 0.0, 0]
B: [0.0, 251.0, 257.94814406874, 283.0, 323.947598037, 388.0, 410.632187455, 423.0, 439.88315095, 511.0, 527.4211666151, 538.7062348471]
