Avion: 4      Iteracion: 21

Num Ruta: 22
Ingresos: 51600.0
Costos: 168.619933959
Utilidad Ruta: 51431.380066
Costo Reducido: 79.4188470687
Nodos: [104, 17, 16, 56, 57, 30, 70, 31, 71, 15, 55, 814]
q: [0.0, 5.0, 10.0, -10.0, -5.0, 11.0, -11.0, 6.0, -6.0, 11.0, -11.0, 0.0]
Q: [0.0, 5.0, 15.0, 5.0, 0.0, 11.0, 0.0, 6.0, 0.0, 11.0, 0.0, 0.0]
B: [0.0, 24.0, 58.8014769802, 68.42556841784, 83.07333718993999, 86.21779167362999, 104.93181433042999, 130.0, 143.3056140031, 511.0, 527.4211666151, 542.766156286]
