Avion: 1      Iteracion: 45

Num Ruta: 46
Ingresos: 134400.0
Costos: 405.583653721
Utilidad Ruta: 133994.416346
Costo Reducido: 25.5957912397
Nodos: [101, 30, 16, 56, 70, 24, 64, 1, 41, 3, 43, 23, 18, 58, 63, 28, 68, 25, 19, 32, 59, 72, 65, 15, 21, 55, 38, 78, 61, 811]
q: [0.0, 11.0, 4.0, -4.0, -11.0, 14.0, -14.0, 7.0, -7.0, 15.0, -15.0, 10.0, 5.0, -5.0, -10.0, 8.0, -8.0, 2.0, 7.0, 6.0, -7.0, -6.0, -2.0, 8.0, 7.0, -8.0, 8.0, -8.0, -7.0, 0.0]
Q: [0.0, 11.0, 15.0, 11.0, 0.0, 14.0, 0.0, 7.0, 0.0, 15.0, 0.0, 10.0, 15.0, 10.0, 0.0, 8.0, 0.0, 2.0, 9.0, 15.0, 8.0, 2.0, 0.0, 8.0, 15.0, 7.0, 15.0, 7.0, 0.0, 0.0]
B: [0.0, 64.0, 72.20259129788, 81.82668273552001, 84.69783929691, 109.43181018721, 147.94476048971, 175.0, 209.2400855285, 256.0, 261.08428175852, 267.0, 293.0, 316.8182362487, 326.74376782137, 378.0, 414.0266187839, 417.35999740026, 426.75200464046, 438.46691927945994, 458.03938997175993, 475.1667664199599, 486.1518346946599, 511.0, 516.67223351071, 527.47150163401, 531.55876734595, 564.42765398665, 571.49758255772, 590.6564971668199]
