Avion: 2      Iteracion: 23

Num Ruta: 24
Ingresos: 117600.0
Costos: 334.983959858
Utilidad Ruta: 117265.01604
Costo Reducido: 169.658333871
Nodos: [102, 9, 49, 14, 54, 3, 43, 23, 18, 58, 63, 26, 66, 13, 53, 20, 38, 60, 78, 27, 67, 812]
q: [0.0, 11.0, -11.0, 8.0, -8.0, 15.0, -15.0, 10.0, 5.0, -5.0, -10.0, 13.0, -13.0, 15.0, -15.0, 10.0, 5.0, -10.0, -5.0, 6.0, -6.0, 0.0]
Q: [0.0, 11.0, 0.0, 8.0, 0.0, 15.0, 0.0, 10.0, 15.0, 10.0, 0.0, 13.0, 0.0, 15.0, 0.0, 10.0, 15.0, 5.0, 0.0, 6.0, 0.0, 0.0]
B: [0.0, 33.6128854013, 63.1401224038, 112.0, 124.021711775, 256.0, 261.08428175852, 267.0, 293.0, 316.8182362487, 326.74376782137, 346.43014059547, 364.00936856487, 423.0, 439.88315095, 496.0, 498.08106943661, 538.20307667701, 565.58008440251, 577.11581173111, 594.14667409921, 607.56308036171]
