Avion: 3      Iteracion: 6

Num Ruta: 9
Ingresos: 138000.0
Costos: 595.299279787
Utilidad Ruta: 137404.70072
Costo Reducido: 235176.070115
Nodos: [103, 9, 49, 40, 80, 14, 54, 31, 71, 1, 41, 3, 43, 23, 18, 58, 63, 22, 62, 28, 68, 6, 46, 38, 7, 78, 47, 813]
q: [0.0, 11.0, -11.0, 15.0, -15.0, 8.0, -8.0, 6.0, -6.0, 7.0, -7.0, 15.0, -15.0, 10.0, 5.0, -5.0, -10.0, 10.0, -10.0, 8.0, -8.0, 5.0, -5.0, 8.0, 7.0, -8.0, -7.0, 0.0]
Q: [0.0, 11.0, 0.0, 15.0, 0.0, 8.0, 0.0, 6.0, 0.0, 7.0, 0.0, 15.0, 0.0, 10.0, 15.0, 10.0, 0.0, 10.0, 0.0, 8.0, 0.0, 5.0, 0.0, 8.0, 15.0, 7.0, 0.0, 0.0]
B: [0.0, 28.0, 57.5272370025, 86.4860319533, 119.0554737354, 147.6338756676, 159.6555874426, 186.8676546555, 200.1732686586, 219.16296275829998, 253.4030482868, 260.49960019599996, 265.58388195451994, 268.9463692779199, 293.0, 316.8182362487, 326.74376782137, 342.50019181287, 364.25487795177, 407.30604165267005, 443.33266043657005, 486.00884473177007, 489.70113412996005, 520.09417678776, 528.8703788136901, 568.0676545480901, 589.8719479096901, 616.28146441419]
