Avion: 7      Iteracion: 27

Num Ruta: 28
Ingresos: 108000.0
Costos: 381.875592366
Utilidad Ruta: 107618.124408
Costo Reducido: 108.725893971
Nodos: [107, 9, 49, 12, 52, 1, 41, 3, 43, 23, 18, 63, 58, 39, 6, 46, 79, 38, 21, 78, 61, 817]
q: [0.0, 11.0, -11.0, 14.0, -14.0, 7.0, -7.0, 15.0, -15.0, 10.0, 5.0, -10.0, -5.0, 8.0, 5.0, -5.0, -8.0, 8.0, 7.0, -8.0, -7.0, 0.0]
Q: [0.0, 11.0, 0.0, 14.0, 0.0, 7.0, 0.0, 15.0, 0.0, 10.0, 15.0, 5.0, 0.0, 8.0, 13.0, 8.0, 0.0, 8.0, 15.0, 7.0, 0.0, 0.0]
B: [0.0, 28.0348110926, 57.562048095099996, 68.3490848522, 111.6970091162, 175.0, 209.2400855285, 256.0, 261.08428175852, 267.0, 293.0, 318.4393114097, 328.36484298237, 388.0, 436.0, 439.69228939819, 449.87740525418997, 480.0, 486.82291294097, 525.3346514111701, 532.4045799822401, 559.81164509324]
