Avion: 7      Iteracion: 23

Num Ruta: 24
Ingresos: 120000.0
Costos: 331.795323136
Utilidad Ruta: 119668.204677
Costo Reducido: 174.973339286
Nodos: [107, 9, 49, 14, 54, 3, 43, 23, 63, 26, 66, 6, 46, 5, 45, 20, 60, 33, 73, 27, 67, 817]
q: [0, 11.0, -11.0, 8.0, -8.0, 15.0, -15.0, 10.0, -10.0, 13.0, -13.0, 5.0, -5.0, 12.0, -12.0, 10.0, -10.0, 10.0, -10.0, 6.0, -6.0, 0]
Q: [0, 11.0, 0.0, 8.0, 0.0, 15.0, 0.0, 10.0, 0.0, 13.0, 0.0, 5.0, 0.0, 12.0, 0.0, 10.0, 0.0, 10.0, 0.0, 6.0, 0.0, 0]
B: [0.0, 28.0348110926, 57.562048095099996, 112.0, 124.021711775, 256.0, 261.08428175852, 267.0, 306.733842905, 326.4202156791, 343.9994436485, 436.0, 439.69228939819, 469.0, 470.12168890518, 496.0, 538.1771424471, 562.0, 585.3035112376, 592.52226459258, 609.55312696068, 616.2578217337499]
