Avion: 3      Iteracion: 30

Num Ruta: 31
Ingresos: 102000.0
Costos: 359.494018017
Utilidad Ruta: 101640.505982
Costo Reducido: 41.809568179
Nodos: [103, 9, 49, 24, 64, 1, 41, 8, 32, 48, 13, 6, 46, 72, 53, 20, 4, 27, 60, 44, 67, 37, 77, 813]
q: [0.0, 11.0, -11.0, 14.0, -14.0, 7.0, -7.0, 8.0, 6.0, -8.0, 4.0, 5.0, -5.0, -6.0, -4.0, 10.0, 5.0, 0.0, -10.0, -5.0, 0.0, 15.0, -15.0, 0.0]
Q: [0.0, 11.0, 0.0, 14.0, 0.0, 7.0, 0.0, 8.0, 14.0, 6.0, 10.0, 15.0, 10.0, 4.0, 0.0, 10.0, 15.0, 15.0, 5.0, 0.0, 0.0, 15.0, 0.0, 0.0]
B: [0.0, 28.0, 57.5272370025, 81.6674868976, 120.1804372001, 175.0, 209.2400855285, 414.0, 425.4468981388, 447.8266328334, 450.03730897431, 459.90521341244, 463.59750281063, 486.25487445873, 490.32582483917, 504.25641007457, 529.0, 546.6147745373, 572.9155378912001, 584.7767611418001, 590.1920196767201, 597.0279852998101, 617.82263877131, 638.82443421841]
