Avion: 1      Iteracion: 50

Num Ruta: 48
Ingresos: 39600.0
Costos: 130.179218109
Utilidad Ruta: 39469.8207819
Costo Reducido: 9.00890965254
Nodos: [101, 14, 54, 7, 20, 47, 60, 33, 73, 811]
q: [0.0, 8.0, -8.0, 10.0, 5.0, -10.0, -5.0, 10.0, -10.0, 0.0]
Q: [0.0, 8.0, 0.0, 10.0, 15.0, 5.0, 0.0, 10.0, 0.0, 0.0]
B: [0.0, 112.0, 124.021711775, 517.0, 525.74295442056, 554.98896180616, 567.9526463518599, 578.7744456939599, 602.0779569315599, 607.99693319439]
