Avion: 1      Iteracion: 6

Num Ruta: 10
Ingresos: 160800.0
Costos: 591.057173311
Utilidad Ruta: 160208.942827
Costo Reducido: 224511.840549
Nodos: [101, 40, 80, 30, 70, 14, 54, 1, 41, 3, 43, 23, 18, 58, 63, 22, 62, 28, 68, 5, 45, 38, 78, 4, 7, 47, 44, 33, 73, 811]
q: [0.0, 15.0, -15.0, 11.0, -11.0, 8.0, -8.0, 7.0, -7.0, 15.0, -15.0, 10.0, 5.0, -5.0, -10.0, 10.0, -10.0, 8.0, -8.0, 12.0, -12.0, 8.0, -8.0, 5.0, 10.0, -10.0, -5.0, 10.0, -10.0, 0.0]
Q: [0.0, 15.0, 0.0, 11.0, 0.0, 8.0, 0.0, 7.0, 0.0, 15.0, 0.0, 10.0, 15.0, 10.0, 0.0, 10.0, 0.0, 8.0, 0.0, 12.0, 0.0, 8.0, 0.0, 5.0, 15.0, 5.0, 0.0, 10.0, 0.0, 0.0]
B: [0.0, 62.0, 94.5694417821, 113.51249206450001, 132.22651472130002, 160.02245537820002, 172.04416715320002, 207.7258963714, 241.96598189990002, 256.0, 261.08428175852, 267.0, 293.0, 316.8182362487, 326.74376782137, 342.50019181287, 364.25487795177, 407.30604165267005, 443.33266043657005, 480.68538458087005, 481.80707348605006, 503.38876619075006, 536.2576528314501, 565.3773521602501, 575.7407254527501, 604.28203726565, 605.44241134326, 614.01387679556, 637.31738803316, 643.23636429599]
