Avion: 1      Iteracion: 23

Num Ruta: 27
Ingresos: 43200.0
Costos: 203.231996099
Utilidad Ruta: 42996.7680039
Costo Reducido: 81.630113734
Nodos: [101, 9, 49, 34, 74, 21, 61, 811]
q: [0, 11.0, -11.0, 12.0, -12.0, 13.0, -13.0, 0]
Q: [0, 11.0, 0.0, 12.0, 0.0, 13.0, 0.0, 0]
B: [0.0, 28.0, 57.5272370025, 283.0, 323.947598037, 477.0, 517.7387906792, 536.8977052882999]
