Avion: 2      Iteracion: 5

Num Ruta: 7
Ingresos: 162000.0
Costos: 532.158248412
Utilidad Ruta: 161467.841752
Costo Reducido: 280369.593295
Nodos: [102, 16, 56, 24, 40, 80, 64, 1, 41, 3, 43, 36, 76, 22, 62, 39, 32, 72, 79, 13, 53, 5, 45, 7, 4, 47, 27, 67, 44, 812]
q: [0.0, 11.0, -11.0, 14.0, 1.0, -1.0, -14.0, 7.0, -7.0, 15.0, -15.0, 15.0, -15.0, 10.0, -10.0, 8.0, 6.0, -6.0, -8.0, 15.0, -15.0, 12.0, -12.0, 10.0, 5.0, -10.0, 6.0, -6.0, -5.0, 0.0]
Q: [0.0, 11.0, 0.0, 14.0, 15.0, 14.0, 0.0, 7.0, 0.0, 15.0, 0.0, 15.0, 0.0, 10.0, 0.0, 8.0, 14.0, 8.0, 0.0, 15.0, 0.0, 12.0, 0.0, 10.0, 15.0, 5.0, 11.0, 5.0, 0.0, 0.0]
B: [0.0, 36.0, 45.624091437640004, 70.85029051714, 78.00364217911999, 110.57308396122, 138.96289546111998, 175.0, 209.2400855285, 256.0, 261.08428175852, 296.00374706082, 302.95189112956, 321.35614794696, 343.11083408586, 389.79738546846, 426.86950465526, 454.72686047016003, 469.94084275616, 473.17277654261, 490.05592749261, 517.32021059341, 518.44189949859, 540.16030611599, 550.52367940849, 569.7960403951901, 585.63581526729, 602.66667763539, 608.08193617031, 626.63183606221]
