Avion: 7      Iteracion: 19

Num Ruta: 20
Ingresos: 123600.0
Costos: 440.793333104
Utilidad Ruta: 123159.206667
Costo Reducido: 254.484730403
Nodos: [107, 40, 80, 31, 71, 14, 54, 3, 43, 23, 18, 63, 58, 19, 25, 65, 59, 6, 46, 2, 27, 67, 42, 29, 69, 817]
q: [0.0, 15.0, -15.0, 6.0, -6.0, 8.0, -8.0, 15.0, -15.0, 4.0, 11.0, -4.0, -11.0, 7.0, 8.0, -8.0, -7.0, 5.0, -5.0, 9.0, 6.0, -6.0, -9.0, 9.0, -9.0, 0.0]
Q: [0.0, 15.0, 0.0, 6.0, 0.0, 8.0, 0.0, 15.0, 0.0, 4.0, 15.0, 11.0, 0.0, 7.0, 15.0, 7.0, 0.0, 5.0, 0.0, 9.0, 15.0, 9.0, 0.0, 9.0, 0.0, 0.0]
B: [0.0, 62.0, 94.5694417821, 130.0, 143.3056140031, 160.3516205736, 172.3733323486, 256.0, 261.08428175852, 267.0, 293.0, 318.4393114097, 328.36484298237, 402.0, 411.3920072402, 428.57698955029997, 445.3638459862, 457.15486498369995, 460.84715438188994, 522.0, 547.7839683718, 564.8148307399, 594.1553610862, 603.9601016233099, 637.7398814035099, 659.3134163480099]
