Avion: 5      Iteracion: 22

Num Ruta: 24
Ingresos: 132000.0
Costos: 505.443419451
Utilidad Ruta: 131494.556581
Costo Reducido: 225.372401788
Nodos: [105, 17, 62, 12, 57, 1, 31, 76, 42, 46, 87, 26, 71, 18, 63, 19, 32, 77, 64, 5, 50, 2, 4, 47, 7, 52, 49, 915]
q: [0, 5.0, -5.0, 14.0, -14.0, 7.0, 6.0, -6.0, 5.0, -7.0, -5.0, 13.0, -13.0, 11.0, -11.0, 7.0, 6.0, -6.0, -7.0, 12.0, -12.0, 9.0, 5.0, -9.0, 10.0, -10.0, -5.0, 0]
Q: [0, 5.0, 0.0, 14.0, 0.0, 7.0, 13.0, 7.0, 12.0, 5.0, 0.0, 13.0, 0.0, 11.0, 0.0, 7.0, 13.0, 7.0, 0.0, 12.0, 0.0, 9.0, 14.0, 5.0, 15.0, 5.0, 0.0, 0]
B: [0.0, 24.0, 58.8425537813, 78.5512475229, 121.8991717869, 175.0, 183.89376197118, 197.19937597428, 239.0, 264.0626014013, 296.3417007227, 303.23717931378, 320.81640728318, 344.09507803558, 367.91331428428, 402.0, 422.0, 449.8573558149, 466.9847322631, 474.83504550526, 475.95673441044, 522.0, 549.3715326023, 562.8222884175, 574.3290145375, 602.8703263504, 604.0307004280099, 627.4935239793099]
