Avion: 7      Iteracion: 28

Num Ruta: 25
Ingresos: 97200.0
Costos: 338.920257922
Utilidad Ruta: 96861.0797421
Costo Reducido: 101.890115246
Nodos: [107, 9, 54, 44, 89, 26, 71, 28, 73, 19, 64, 13, 58, 21, 66, 917]
q: [0, 11.0, -11.0, 14.0, -14.0, 13.0, -13.0, 8.0, -8.0, 7.0, -7.0, 15.0, -15.0, 13.0, -13.0, 0]
Q: [0, 11.0, 0.0, 14.0, 0.0, 13.0, 0.0, 8.0, 0.0, 7.0, 0.0, 15.0, 0.0, 13.0, 0.0, 0]
B: [0.0, 28.0, 57.5272370025, 211.0, 265.00737440390003, 300.0, 317.5792279694, 378.0, 414.0266187839, 426.5624120576, 453.1895283491, 457.41714765552, 474.30029860552, 489.81169499652003, 530.55048567572, 554.13581136772]
