Avion: 5      Iteracion: 13

Num Ruta: 16
Ingresos: 116400.0
Costos: 512.644810887
Utilidad Ruta: 115887.355189
Costo Reducido: 58175.1047992
Nodos: [105, 12, 24, 57, 69, 1, 31, 76, 46, 3, 48, 42, 22, 87, 67, 8, 53, 43, 21, 88, 38, 83, 27, 66, 4, 49, 72, 915]
q: [0.0, 1.0, 14.0, -1.0, -14.0, 7.0, 6.0, -6.0, -7.0, 15.0, -15.0, 5.0, 10.0, -5.0, -10.0, 8.0, -8.0, 5.0, 7.0, -5.0, 8.0, -8.0, 6.0, -7.0, 5.0, -5.0, -6.0, 0.0]
Q: [0.0, 1.0, 15.0, 14.0, 0.0, 7.0, 13.0, 7.0, 0.0, 15.0, 0.0, 5.0, 15.0, 10.0, 0.0, 8.0, 0.0, 5.0, 12.0, 7.0, 15.0, 7.0, 13.0, 6.0, 11.0, 6.0, 0.0, 0.0]
B: [0.0, 54.0, 70.84782742670001, 112.4021086622, 128.3343462326, 175.0, 183.89376197118, 197.19937597428, 230.76046369508, 256.0, 261.08428175852, 282.70958344432, 303.69613687742003, 334.32865987182004, 374.64602737022005, 414.0, 434.768396616, 457.33787534280003, 477.0, 484.28300741452, 494.41817125142, 527.28705789212, 538.82278522072, 552.00023341832, 581.17003082932, 601.59578050952, 607.0110390444399, 626.00576826074]
