Avion: 4      Iteracion: 65

Num Ruta: 59
Ingresos: 92400.0
Costos: 294.926501153
Utilidad Ruta: 92105.0734988
Costo Reducido: 9.07368181962
Nodos: [104, 9, 54, 12, 57, 10, 55, 35, 26, 80, 71, 22, 67, 32, 25, 70, 77, 914]
q: [0.0, 11.0, -11.0, 14.0, -14.0, 12.0, -12.0, 6.0, 9.0, -6.0, -9.0, 10.0, -10.0, 6.0, 9.0, -9.0, -6.0, 0.0]
Q: [0.0, 11.0, 0.0, 14.0, 0.0, 12.0, 0.0, 6.0, 15.0, 9.0, 0.0, 10.0, 0.0, 6.0, 15.0, 6.0, 0.0, 0.0]
B: [0.0, 34.2318085996, 63.7590456021, 74.5460823592, 117.8940066232, 126.61177698035, 156.13128771475, 279.0, 300.0, 309.29300538039, 319.11482114938, 332.74900179948, 354.50368793838004, 422.0, 442.6664482919, 459.851430602, 470.8364988767, 479.95365150237996]
