Avion: 1      Iteracion: 37

Num Ruta: 35
Ingresos: 134400.0
Costos: 353.705680659
Utilidad Ruta: 134046.294319
Costo Reducido: 99.824678631
Nodos: [101, 30, 16, 61, 75, 14, 59, 3, 48, 23, 18, 63, 68, 28, 73, 25, 70, 15, 60, 20, 7, 52, 65, 37, 82, 911]
q: [0.0, 11.0, 4.0, -4.0, -11.0, 8.0, -8.0, 15.0, -15.0, 10.0, 5.0, -5.0, -10.0, 8.0, -8.0, 10.0, -10.0, 11.0, -11.0, 10.0, 5.0, -5.0, -10.0, 15.0, -15.0, 0.0]
Q: [0.0, 11.0, 15.0, 11.0, 0.0, 8.0, 0.0, 15.0, 0.0, 10.0, 15.0, 10.0, 0.0, 8.0, 0.0, 10.0, 0.0, 11.0, 0.0, 10.0, 15.0, 10.0, 0.0, 15.0, 0.0, 0.0]
B: [0.0, 64.0, 72.20259129788, 81.82668273552001, 84.69783929691, 112.49377995381, 124.51549172881, 256.0, 261.08428175852, 267.0, 293.0, 316.8182362487, 326.74376782137, 378.0, 414.0266187839, 417.35999740026, 434.54497971036, 511.0, 527.4211666151, 533.55501866744, 542.2979730879999, 570.8392849008999, 583.8029694465998, 595.3804874016998, 616.1751408731998, 647.9527184082998]
