Avion: 3      Iteracion: 33

Num Ruta: 34
Ingresos: 98400.0
Costos: 336.905832225
Utilidad Ruta: 98063.0941678
Costo Reducido: 4.7015185686
Nodos: [103, 10, 55, 31, 76, 44, 89, 45, 90, 32, 8, 53, 77, 41, 50, 5, 86, 913]
q: [0.0, 12.0, -12.0, 6.0, -6.0, 14.0, -14.0, 11.0, -11.0, 6.0, 8.0, -8.0, -6.0, 13.0, -12.0, 12.0, -13.0, 0.0]
Q: [0.0, 12.0, 0.0, 6.0, 0.0, 14.0, 0.0, 11.0, 0.0, 6.0, 14.0, 6.0, 0.0, 13.0, 1.0, 13.0, 0.0, 0.0]
B: [0.0, 96.0, 125.5195107344, 165.1276650716, 178.4332790747, 211.0, 265.00737440390003, 371.0, 380.19162363242, 422.0, 433.4468981388, 454.2152947548, 470.2643934834, 502.3060848557, 511.13232267257, 512.25401157775, 524.27989969465, 560.68322257865]
