Avion: 5      Iteracion: 25

Num Ruta: 27
Ingresos: 172800.0
Costos: 590.120498654
Utilidad Ruta: 172209.879501
Costo Reducido: 93.247335578
Nodos: [105, 16, 61, 24, 69, 10, 55, 1, 42, 46, 3, 48, 23, 87, 35, 26, 80, 71, 68, 28, 19, 73, 25, 70, 64, 5, 50, 43, 88, 20, 38, 83, 65, 37, 82, 915]
q: [0.0, 11.0, -11.0, 14.0, -14.0, 12.0, -12.0, 7.0, 5.0, -7.0, 10.0, -10.0, 9.0, -5.0, 6.0, 0.0, -6.0, 0.0, -9.0, 8.0, 7.0, -8.0, 8.0, -8.0, -7.0, 12.0, -12.0, 5.0, -5.0, 10.0, 5.0, -5.0, -10.0, 15.0, -15.0, 0.0]
Q: [0.0, 11.0, 0.0, 14.0, 0.0, 12.0, 0.0, 7.0, 12.0, 5.0, 15.0, 5.0, 14.0, 9.0, 15.0, 15.0, 9.0, 9.0, 0.0, 8.0, 15.0, 7.0, 15.0, 7.0, 0.0, 12.0, 0.0, 5.0, 0.0, 10.0, 15.0, 10.0, 0.0, 15.0, 0.0, 0.0]
B: [0.0, 36.0, 45.624091437640004, 70.85029051714, 109.36324081964, 121.14917149994, 150.66868223434, 189.08802340514, 239.0, 264.0626014013, 271.1591533105, 276.24343506902, 279.60592239242, 316.62156124951997, 320.678011052, 331.3052256447, 340.59823102509, 350.42004679408, 353.48711917666003, 378.0, 414.065010994, 426.60080426769997, 429.93418288405996, 447.11916519415996, 463.90602163005997, 471.75633487221995, 472.87802377739996, 494.55380436309997, 511.81612547009996, 520.7563545499399, 522.83742398655, 555.70631062725, 583.08331835275, 594.66083630785, 615.45548977935, 640.5206677160501]
