Avion: 4      Iteracion: 37

Num Ruta: 39
Ingresos: 110400.0
Costos: 326.238729784
Utilidad Ruta: 110073.76127
Costo Reducido: 59.1466261644
Nodos: [104, 30, 75, 16, 61, 10, 55, 31, 11, 76, 56, 44, 89, 23, 18, 63, 68, 13, 58, 914]
q: [0.0, 11.0, -11.0, 11.0, -11.0, 12.0, -12.0, 6.0, 8.0, -6.0, -8.0, 14.0, -14.0, 10.0, 5.0, -5.0, -10.0, 15.0, -15.0, 0.0]
Q: [0.0, 11.0, 0.0, 11.0, 0.0, 12.0, 0.0, 6.0, 14.0, 8.0, 0.0, 14.0, 0.0, 10.0, 15.0, 10.0, 0.0, 15.0, 0.0, 0.0]
B: [0.0, 64.0, 82.7140226568, 93.53069441849999, 103.15478585614, 118.98406306644, 148.50357380084, 188.11172813804, 201.29445733194, 201.773336231037, 205.467714798537, 217.145015257137, 271.152389661037, 291.982980747237, 312.161930893337, 335.980167142037, 345.905698714707, 423.0, 439.88315095, 450.6988751051]
