Avion: 7      Iteracion: 36

Num Ruta: 32
Ingresos: 121200.0
Costos: 325.83589955
Utilidad Ruta: 120874.1641
Costo Reducido: 32.0588749685
Nodos: [107, 24, 69, 1, 31, 76, 11, 56, 46, 3, 48, 42, 35, 87, 80, 5, 50, 41, 86, 4, 20, 49, 65, 917]
q: [0, 14.0, -14.0, 7.0, 6.0, -6.0, 8.0, -8.0, -7.0, 15.0, -15.0, 5.0, 6.0, -5.0, -6.0, 12.0, -12.0, 13.0, -13.0, 5.0, 10.0, -5.0, -10.0, 0]
Q: [0, 14.0, 0.0, 7.0, 13.0, 7.0, 15.0, 7.0, 0.0, 15.0, 0.0, 5.0, 11.0, 6.0, 0.0, 12.0, 0.0, 13.0, 0.0, 5.0, 15.0, 10.0, 0.0, 0]
B: [0.0, 61.0, 99.5129503025, 175.0, 183.89376197118, 197.19937597428, 197.678254873377, 201.732321720387, 236.048051058387, 256.0, 261.08428175852, 282.70958344432, 334.78811146692, 338.8445612694, 354.9187702391, 469.0, 470.12168890518, 478.94792672205, 498.98904707495, 529.0, 539.279151035, 569.6591407651, 581.5203640157, 594.4010150086]
