Avion: 6      Iteracion: 90

Num Ruta: 63
Ingresos: 94800.0
Costos: 293.910979069
Utilidad Ruta: 94506.0890209
Costo Reducido: 6.24247436434
Nodos: [106, 40, 16, 61, 85, 14, 59, 3, 48, 45, 90, 32, 21, 77, 66, 27, 29, 74, 72, 916]
q: [0.0, 15.0, 0.0, 0.0, -15.0, 8.0, -8.0, 15.0, -15.0, 11.0, -11.0, 2.0, 13.0, -2.0, -13.0, 6.0, 9.0, -9.0, -6.0, 0.0]
Q: [0.0, 15.0, 15.0, 15.0, 0.0, 8.0, 0.0, 15.0, 0.0, 11.0, 0.0, 2.0, 15.0, 13.0, 0.0, 6.0, 15.0, 6.0, 0.0, 0.0]
B: [0.0, 62.0, 86.5836396004, 96.20773103804001, 98.20027965727002, 126.77868158947001, 138.80039336447, 256.0, 261.08428175852, 371.0, 380.19162363242, 422.0, 477.0, 495.4119315934, 521.6226304967, 538.0, 563.6018082369, 597.3815880171, 612.8289655939, 634.5576739771]
