Avion: 3      Iteracion: 10

Num Ruta: 14
Ingresos: 91200.0
Costos: 319.284019049
Utilidad Ruta: 90880.715981
Costo Reducido: 169206.359897
Nodos: [103, 12, 57, 31, 11, 76, 56, 25, 70, 6, 51, 13, 58, 38, 83, 33, 78, 913]
q: [0, 14.0, -14.0, 6.0, 8.0, -6.0, -8.0, 10.0, -10.0, 5.0, -5.0, 15.0, -15.0, 8.0, -8.0, 10.0, -10.0, 0]
Q: [0, 14.0, 0.0, 6.0, 14.0, 8.0, 0.0, 10.0, 0.0, 5.0, 0.0, 15.0, 0.0, 8.0, 0.0, 10.0, 0.0, 0]
B: [0.0, 54.0, 97.347924264, 130.0, 169.0, 169.478878899097, 173.173257466597, 410.0, 427.1849823101, 452.6867527977, 456.37904219589, 469.78910830309, 486.67225925309003, 500.16731853419003, 533.03620517489, 562.0, 585.3035112376, 604.1422500489]
