Avion: 7      Iteracion: 48

Num Ruta: 43
Ingresos: 129600.0
Costos: 371.385553408
Utilidad Ruta: 129228.614447
Costo Reducido: 8.61593087473
Nodos: [107, 24, 69, 1, 31, 76, 11, 56, 46, 3, 48, 23, 18, 68, 63, 25, 70, 43, 88, 21, 66, 37, 82, 917]
q: [0.0, 14.0, -14.0, 7.0, 6.0, -6.0, 8.0, -8.0, -7.0, 15.0, -15.0, 4.0, 11.0, -4.0, -11.0, 10.0, -10.0, 5.0, -5.0, 13.0, -13.0, 15.0, -15.0, 0.0]
Q: [0.0, 14.0, 0.0, 7.0, 13.0, 7.0, 15.0, 7.0, 0.0, 15.0, 0.0, 4.0, 15.0, 11.0, 0.0, 10.0, 0.0, 5.0, 0.0, 13.0, 0.0, 15.0, 0.0, 0.0]
B: [0.0, 61.0, 99.5129503025, 175.0, 183.89376197118, 197.19937597428, 197.678254873377, 201.732321720387, 236.048051058387, 256.0, 261.08428175852, 267.0, 293.0, 318.4393114097, 328.36484298237, 410.0, 427.1849823101, 451.0, 468.262321107, 477.0, 517.7387906792, 562.0, 582.7946534714999, 602.8663856587999]
