Avion: 5      Iteracion: 90

Num Ruta: 76
Ingresos: 68400.0
Costos: 247.379207584
Utilidad Ruta: 68152.6207924
Costo Reducido: 6.25279873441
Nodos: [105, 1, 46, 45, 90, 32, 25, 70, 77, 7, 20, 52, 65, 2, 47, 915]
q: [0.0, 7.0, -7.0, 11.0, -11.0, 6.0, 9.0, -9.0, -6.0, 5.0, 10.0, -5.0, -10.0, 9.0, -9.0, 0.0]
Q: [0.0, 7.0, 0.0, 11.0, 0.0, 6.0, 15.0, 6.0, 0.0, 5.0, 15.0, 10.0, 0.0, 9.0, 0.0, 0.0]
B: [0.0, 175.0, 209.2400855285, 371.0, 380.19162363242, 422.0, 442.6664482919, 459.851430602, 470.8364988767, 517.0, 525.74295442056, 554.98896180616, 567.9526463518599, 575.2829436173199, 616.0179056647199, 627.07398928412]
