Avion: 6      Iteracion: 69

Num Ruta: 57
Ingresos: 92400.0
Costos: 231.747027182
Utilidad Ruta: 92168.2529728
Costo Reducido: 10.6225865029
Nodos: [106, 24, 69, 1, 11, 56, 42, 46, 87, 26, 71, 6, 51, 5, 50, 41, 86, 916]
q: [0, 14.0, -14.0, 7.0, 8.0, -8.0, 5.0, -7.0, -5.0, 13.0, -13.0, 5.0, -5.0, 12.0, -12.0, 13.0, -13.0, 0]
Q: [0, 14.0, 0.0, 7.0, 15.0, 7.0, 12.0, 5.0, 0.0, 13.0, 0.0, 5.0, 0.0, 12.0, 0.0, 13.0, 0.0, 0]
B: [0.0, 61.0, 99.5129503025, 175.0, 193.6808285951, 197.73489544211, 239.0, 264.0626014013, 296.3417007227, 303.23717931378, 320.81640728318, 436.0, 439.69228939819, 469.0, 470.12168890518, 478.94792672205, 498.98904707495, 506.5444980873]
