Avion: 6      Iteracion: 27

Num Ruta: 28
Ingresos: 25200.0
Costos: 89.871032097
Utilidad Ruta: 25110.1289679
Costo Reducido: 55.6982728941
Nodos: [106, 9, 54, 22, 67, 916]
q: [0, 11.0, -11.0, 10.0, -10.0, 0]
Q: [0, 11.0, 0.0, 10.0, 0.0, 0]
B: [0.0, 28.0, 57.5272370025, 299.0, 320.7546861389, 334.6910958989]
