Avion: 4      Iteracion: 46

Num Ruta: 46
Ingresos: 63600.0
Costos: 259.228633033
Utilidad Ruta: 63340.771367
Costo Reducido: 38.1660335364
Nodos: [104, 17, 62, 24, 69, 1, 46, 18, 36, 81, 34, 63, 79, 914]
q: [0.0, 5.0, -5.0, 14.0, -14.0, 7.0, -7.0, 3.0, 12.0, -12.0, 12.0, -3.0, -12.0, 0.0]
Q: [0.0, 5.0, 0.0, 14.0, 0.0, 7.0, 0.0, 3.0, 15.0, 3.0, 15.0, 12.0, 0.0, 0.0]
B: [0.0, 26.5094038032, 61.3519575845, 77.9102408892, 116.4231911917, 175.0, 209.2400855285, 293.0, 306.9670306436, 313.91517471234005, 327.63492270564007, 355.86696018084007, 371.0195898206401, 377.90497739143007]
