Avion: 6      Iteracion: 0

Num Ruta: 3
Ingresos: 200400.0
Costos: 604.011618636
Utilidad Ruta: 199795.988381
Costo Reducido: -
Nodos: [106, 9, 54, 12, 30, 57, 10, 75, 55, 1, 11, 56, 46, 3, 48, 36, 81, 18, 63, 45, 90, 25, 70, 19, 43, 64, 13, 58, 88, 21, 38, 83, 66, 37, 82, 916]
q: [0.0, 11.0, -11.0, 14.0, 1.0, -14.0, 12.0, -1.0, -12.0, 7.0, 8.0, -8.0, -7.0, 15.0, -15.0, 15.0, -15.0, 11.0, -11.0, 11.0, -11.0, 10.0, -10.0, 7.0, 0.0, -7.0, 15.0, -15.0, 0.0, 13.0, 2.0, -2.0, -13.0, 15.0, -15.0, 0.0]
Q: [0.0, 11.0, 0.0, 14.0, 15.0, 1.0, 13.0, 12.0, 0.0, 7.0, 15.0, 7.0, 0.0, 15.0, 0.0, 15.0, 0.0, 11.0, 0.0, 11.0, 0.0, 10.0, 0.0, 7.0, 7.0, 0.0, 15.0, 0.0, 0.0, 13.0, 15.0, 13.0, 0.0, 15.0, 0.0, 0.0]
B: [0.0, 28.0, 57.5272370025, 68.3142737596, 86.8453366811, 112.2196831949, 120.93745355205, 139.63050383815, 158.53130173135, 196.95064290215, 215.63147149725, 219.68553834426, 254.00126768226, 261.09781959146, 266.18210134998, 301.10156665228, 308.04971072102, 328.93257098972003, 352.75080723842, 381.29919328742, 390.49081691984, 411.51703179554, 428.70201410564, 445.37490578643997, 451.89843443280995, 472.10298095081, 476.33060025723, 493.21375120723, 503.26933855953, 510.55234597405, 517.37525891502, 550.24414555572, 557.31407412679, 580.8933736922901, 601.6880271637901, 622.9873796656901]
