Avion: 4      Iteracion: 33

Num Ruta: 35
Ingresos: 114000.0
Costos: 284.4017403
Utilidad Ruta: 113715.59826
Costo Reducido: 118.418788236
Nodos: [104, 31, 14, 59, 11, 56, 76, 36, 81, 45, 90, 32, 8, 77, 53, 5, 50, 41, 86, 38, 83, 914]
q: [0, 6.0, 8.0, -8.0, 8.0, -8.0, -6.0, 15.0, -15.0, 11.0, -11.0, 6.0, 8.0, -6.0, -8.0, 12.0, -12.0, 13.0, -13.0, 8.0, -8.0, 0]
Q: [0, 6.0, 14.0, 6.0, 14.0, 6.0, 0.0, 15.0, 0.0, 11.0, 0.0, 6.0, 14.0, 8.0, 0.0, 12.0, 0.0, 13.0, 0.0, 8.0, 0.0, 0]
B: [0.0, 130.0, 147.5196824172, 159.5413941922, 188.98982330139998, 193.04389014841, 196.73826871590998, 251.0, 257.94814406874, 371.0, 380.19162363242, 422.0, 433.4468981388, 465.7111953108, 481.76029403940004, 491.51310491627004, 492.63479382145005, 501.46103163832004, 521.50215199122, 533.35638435772, 566.22527099842, 587.27346381872]
