Avion: 3      Iteracion: 87

Num Ruta: 73
Ingresos: 73200.0
Costos: 205.476487914
Utilidad Ruta: 72994.5235121
Costo Reducido: 13.4160496608
Nodos: [103, 17, 30, 62, 16, 61, 75, 24, 69, 36, 81, 34, 79, 913]
q: [0.0, 5.0, 10.0, -5.0, 5.0, -5.0, -10.0, 14.0, -14.0, 15.0, -15.0, 12.0, -12.0, 0.0]
Q: [0.0, 5.0, 15.0, 10.0, 15.0, 10.0, 0.0, 14.0, 0.0, 15.0, 0.0, 12.0, 0.0, 0.0]
B: [0.0, 24.0, 64.0, 67.14445448369, 72.47609381883, 82.10018525647, 84.97134181786, 109.70531270816, 148.21826301066, 251.0, 257.94814406874, 283.0, 323.947598037, 333.98216549159997]
