Avion: 2      Iteracion: 45

Num Ruta: 39
Ingresos: 90000.0
Costos: 279.466947286
Utilidad Ruta: 89720.5330527
Costo Reducido: 10.8389207492
Nodos: [102, 36, 81, 34, 79, 39, 84, 43, 25, 70, 21, 88, 7, 52, 33, 66, 78, 912]
q: [0.0, 15.0, -15.0, 12.0, -12.0, 8.0, -8.0, 5.0, 10.0, -10.0, 5.0, -5.0, 10.0, -10.0, 10.0, -5.0, -10.0, 0.0]
Q: [0.0, 15.0, 0.0, 12.0, 0.0, 8.0, 0.0, 5.0, 15.0, 5.0, 10.0, 5.0, 15.0, 5.0, 15.0, 10.0, 0.0, 0.0]
B: [0.0, 251.0, 257.94814406874, 283.0, 323.947598037, 388.0, 410.632187455, 451.0, 465.0611587716, 482.2461410817, 490.4148545667, 497.69786198122, 517.0, 545.5413118129, 562.0, 572.1555449386, 592.3676345138999, 613.9033208507999]
