Avion: 7      Iteracion: 11

Num Ruta: 12
Ingresos: 13200.0
Costos: 67.9600004953
Utilidad Ruta: 13132.0399995
Costo Reducido: 13153.6982652
Nodos: [107, 15, 60, 917]
q: [0, 11.0, -11.0, 0]
Q: [0, 11.0, 0.0, 0]
B: [0.0, 511.0, 527.4211666151, 553.365433689]
