Avion: 5      Iteracion: 66

Num Ruta: 63
Ingresos: 52800.0
Costos: 163.839323608
Utilidad Ruta: 52636.1606764
Costo Reducido: 14.3590597163
Nodos: [105, 6, 51, 13, 58, 20, 7, 52, 65, 2, 47, 915]
q: [0.0, 5.0, -5.0, 15.0, -15.0, 10.0, 5.0, -5.0, -10.0, 9.0, -9.0, 0.0]
Q: [0.0, 5.0, 0.0, 15.0, 0.0, 10.0, 15.0, 10.0, 0.0, 9.0, 0.0, 0.0]
B: [0.0, 436.0, 439.69228939819, 453.10235550539, 469.98550645539, 496.0, 517.0, 545.5413118129, 558.5049963585999, 565.8352936240599, 606.5702556714599, 617.62633929086]
