Avion: 1      Iteracion: 40

Num Ruta: 38
Ingresos: 36000.0
Costos: 129.662366369
Utilidad Ruta: 35870.3376336
Costo Reducido: 25.8387033971
Nodos: [101, 9, 54, 14, 59, 18, 63, 911]
q: [0, 11.0, -11.0, 8.0, -8.0, 11.0, -11.0, 0]
Q: [0, 11.0, 0.0, 8.0, 0.0, 11.0, 0.0, 0]
B: [0.0, 28.0, 57.5272370025, 112.0, 124.021711775, 293.0, 316.8182362487, 326.29970390935]
