Avion: 1      Iteracion: 23

Num Ruta: 23
Ingresos: 96000.0
Costos: 268.820306118
Utilidad Ruta: 95731.1796939
Costo Reducido: 189.856459497
Nodos: [101, 30, 75, 40, 85, 18, 63, 22, 67, 45, 90, 5, 50, 33, 78, 911]
q: [0, 11.0, -11.0, 15.0, -15.0, 11.0, -11.0, 10.0, -10.0, 11.0, -11.0, 12.0, -12.0, 10.0, -10.0, 0]
Q: [0, 11.0, 0.0, 15.0, 0.0, 11.0, 0.0, 10.0, 0.0, 11.0, 0.0, 12.0, 0.0, 10.0, 0.0, 0]
B: [0.0, 64.0, 82.7140226568, 113.5238767298, 146.0933185119, 293.0, 316.8182362487, 332.3010836612, 354.0557698001, 371.0, 380.19162363242, 469.0, 470.12168890518, 562.0, 585.3035112376, 590.98027404751]
