Avion: 3      Iteracion: 82

Num Ruta: 71
Ingresos: 51600.0
Costos: 170.264817612
Utilidad Ruta: 51429.7351824
Costo Reducido: 1.68714357138
Nodos: [103, 17, 62, 9, 54, 36, 81, 34, 79, 913]
q: [0, 5.0, -5.0, 11.0, -11.0, 15.0, -15.0, 12.0, -12.0, 0]
Q: [0, 5.0, 0.0, 11.0, 0.0, 15.0, 0.0, 12.0, 0.0, 0]
B: [0.0, 24.0, 58.8425537813, 81.72911018459999, 111.25634718709999, 251.0, 257.94814406874, 283.0, 323.947598037, 333.98216549159997]
