Avion: 2      Iteracion: 0

Num Ruta: 1
Ingresos: 73200.0
Costos: 268.662527429
Utilidad Ruta: 72931.3374726
Costo Reducido: -
Nodos: [102, 24, 69, 1, 11, 56, 46, 18, 63, 15, 60, 7, 52, 912]
q: [0, 14.0, -14.0, 7.0, 8.0, -8.0, -7.0, 11.0, -11.0, 11.0, -11.0, 10.0, -10.0, 0]
Q: [0, 14.0, 0.0, 7.0, 15.0, 7.0, 0.0, 11.0, 0.0, 11.0, 0.0, 10.0, 0.0, 0]
B: [0.0, 61.0, 99.5129503025, 175.0, 193.6808285951, 197.73489544211, 232.05062478011, 293.0, 316.8182362487, 511.0, 527.4211666151, 538.3259061809999, 566.8672179938999, 577.5070492895999]
