Avion: 6      Iteracion: 55

Num Ruta: 52
Ingresos: 57600.0
Costos: 185.502141199
Utilidad Ruta: 57414.4978588
Costo Reducido: 0.973800696884
Nodos: [106, 40, 85, 41, 86, 32, 43, 77, 88, 29, 74, 916]
q: [0, 15.0, -15.0, 13.0, -13.0, 6.0, 5.0, -6.0, -5.0, 9.0, -9.0, 0]
Q: [0, 15.0, 0.0, 13.0, 0.0, 6.0, 11.0, 5.0, 0.0, 9.0, 0.0, 0]
B: [0.0, 62.0, 94.5694417821, 446.0, 466.0411203529, 474.43811338612, 481.6509489589, 505.1978676533, 518.9968224688, 549.0, 582.7797797802, 614.0430139379]
