Avion: 3      Iteracion: 7

Num Ruta: 11
Ingresos: 180000.0
Costos: 633.76902105
Utilidad Ruta: 179366.230979
Costo Reducido: 428741.305826
Nodos: [103, 17, 62, 16, 61, 12, 57, 31, 76, 44, 89, 36, 81, 18, 63, 28, 73, 39, 84, 5, 50, 43, 88, 15, 60, 20, 4, 49, 65, 37, 82, 913]
q: [0, 5.0, -5.0, 11.0, -11.0, 14.0, -14.0, 6.0, -6.0, 14.0, -14.0, 15.0, -15.0, 11.0, -11.0, 8.0, -8.0, 8.0, -8.0, 12.0, -12.0, 5.0, -5.0, 11.0, -11.0, 10.0, 5.0, -5.0, -10.0, 15.0, -15.0, 0]
Q: [0, 5.0, 0.0, 11.0, 0.0, 14.0, 0.0, 6.0, 0.0, 14.0, 0.0, 15.0, 0.0, 11.0, 0.0, 8.0, 0.0, 8.0, 0.0, 12.0, 0.0, 5.0, 0.0, 11.0, 0.0, 10.0, 15.0, 10.0, 0.0, 15.0, 0.0, 0]
B: [0.0, 24.0, 58.8425537813, 64.17419311644, 73.79828455408, 107.75218743728, 151.10011170128, 172.01744508778, 185.32305909088, 211.0, 265.00737440390003, 304.21876092620005, 311.16690499494007, 332.0497652636401, 355.8680015123401, 378.0, 414.0266187839, 445.4560261757, 468.0882136307, 480.65274836140003, 481.77443726658004, 503.45021785228005, 520.7125389592801, 530.9655472007801, 547.3867138158801, 553.52056586822, 563.7997169032201, 584.22546658342, 596.08668983402, 607.66420778912, 628.4588612606201, 681.8841194256202]
