Avion: 1      Iteracion: 31

Num Ruta: 31
Ingresos: 133200.0
Costos: 459.659737373
Utilidad Ruta: 132740.340263
Costo Reducido: 79.4604001474
Nodos: [101, 9, 54, 24, 69, 31, 11, 76, 56, 44, 42, 89, 35, 87, 26, 80, 71, 22, 67, 32, 43, 88, 21, 77, 5, 50, 27, 66, 72, 911]
q: [0.0, 11.0, -11.0, 14.0, -14.0, 6.0, 8.0, -6.0, -8.0, 10.0, 5.0, -10.0, 6.0, -5.0, 9.0, -6.0, -9.0, 10.0, -10.0, 6.0, 5.0, -5.0, 9.0, -6.0, 6.0, -6.0, 6.0, -9.0, -6.0, 0.0]
Q: [0.0, 11.0, 0.0, 14.0, 0.0, 6.0, 14.0, 8.0, 0.0, 10.0, 15.0, 5.0, 11.0, 6.0, 15.0, 9.0, 0.0, 10.0, 0.0, 6.0, 11.0, 6.0, 15.0, 9.0, 15.0, 9.0, 15.0, 6.0, 0.0, 0.0]
B: [0.0, 28.0, 57.5272370025, 81.6674868976, 120.1804372001, 131.4647949576, 169.0, 169.478878899097, 173.173257466597, 211.0, 239.0, 276.4881823646, 296.9043957745, 300.96084557698003, 307.85632416806004, 317.14932954845005, 326.97114531744006, 340.60532596754007, 362.3600121064401, 422.0, 451.0, 468.262321107, 477.0, 495.4119315934, 520.3541666576, 521.47585556278, 538.45819138558, 551.63563958318, 572.60242879848, 589.32328538538]
