Avion: 3      Iteracion: 34

Num Ruta: 35
Ingresos: 100800.0
Costos: 357.344876357
Utilidad Ruta: 100442.655124
Costo Reducido: 2.18243547088
Nodos: [103, 30, 75, 3, 48, 34, 79, 6, 51, 41, 86, 43, 88, 21, 66, 33, 78, 913]
q: [0, 11.0, -11.0, 15.0, -15.0, 12.0, -12.0, 5.0, -5.0, 13.0, -13.0, 5.0, -5.0, 13.0, -13.0, 10.0, -10.0, 0]
Q: [0, 11.0, 0.0, 15.0, 0.0, 12.0, 0.0, 5.0, 0.0, 13.0, 0.0, 5.0, 0.0, 13.0, 0.0, 10.0, 0.0, 0]
B: [0.0, 64.0, 82.7140226568, 256.0, 261.08428175852, 302.35708151811997, 343.30467955511995, 436.0, 439.69228939819, 458.80900930509, 478.85012965799, 489.21627498789, 506.47859609489, 513.76160350941, 554.5003941886099, 564.6559391272099, 587.9594503648099, 606.7981891761099]
