Avion: 2      Iteracion: 60

Num Ruta: 52
Ingresos: 62400.0
Costos: 173.477170219
Utilidad Ruta: 62226.5228298
Costo Reducido: 19.5817342382
Nodos: [102, 44, 89, 8, 45, 90, 32, 77, 6, 51, 53, 5, 50, 912]
q: [0.0, 14.0, -14.0, 8.0, 7.0, -7.0, 6.0, -6.0, 5.0, -5.0, -8.0, 12.0, -12.0, 0.0]
Q: [0.0, 14.0, 0.0, 8.0, 15.0, 8.0, 14.0, 8.0, 13.0, 8.0, 0.0, 12.0, 0.0, 0.0]
B: [0.0, 211.0, 265.00737440390003, 414.0, 417.40515271317, 426.59677634559, 428.13238729892, 455.98974311382, 476.38171489192, 480.07400429011, 492.94000677731, 502.69281765418, 503.81450655936, 507.58079120074996]
