Avion: 3      Iteracion: 0

Num Ruta: 1
Ingresos: 64800.0
Costos: 285.924751848
Utilidad Ruta: 64514.0752482
Costo Reducido: -
Nodos: [103, 31, 76, 44, 89, 23, 68, 6, 51, 33, 78, 29, 74, 913]
q: [0, 6.0, -6.0, 14.0, -14.0, 10.0, -10.0, 5.0, -5.0, 10.0, -10.0, 9.0, -9.0, 0]
Q: [0, 6.0, 0.0, 14.0, 0.0, 10.0, 0.0, 5.0, 0.0, 10.0, 0.0, 9.0, 0.0, 0]
B: [0.0, 130.0, 143.3056140031, 211.0, 265.00737440390003, 285.83796549010003, 325.57180839510005, 436.0, 439.69228939819, 562.0, 585.3035112376, 603.6868304428, 637.466610223, 656.103774841]
