Avion: 4      Iteracion: 78

Num Ruta: 67
Ingresos: 73200.0
Costos: 193.77509545
Utilidad Ruta: 73006.2249045
Costo Reducido: 0.407015162229
Nodos: [104, 12, 57, 10, 55, 35, 26, 80, 71, 6, 51, 13, 58, 914]
q: [0.0, 14.0, -14.0, 12.0, -12.0, 6.0, 9.0, -6.0, -9.0, 5.0, -5.0, 15.0, -15.0, 0.0]
Q: [0.0, 14.0, 0.0, 12.0, 0.0, 6.0, 15.0, 9.0, 0.0, 5.0, 0.0, 15.0, 0.0, 0.0]
B: [0.0, 54.0, 97.347924264, 106.06569462115, 135.58520535555, 279.0, 300.0, 309.29300538039, 319.11482114938, 436.0, 439.69228939819, 453.10235550539, 469.98550645539, 480.80123061049]
