Avion: 2      Iteracion: 39

Num Ruta: 33
Ingresos: 85200.0
Costos: 322.53454889
Utilidad Ruta: 84877.4654511
Costo Reducido: 61.927504838
Nodos: [102, 44, 42, 89, 35, 87, 26, 80, 71, 18, 63, 20, 7, 52, 65, 2, 33, 78, 47, 912]
q: [0.0, 10.0, 5.0, -10.0, 6.0, -5.0, 9.0, -6.0, -9.0, 11.0, -11.0, 10.0, 5.0, -5.0, -10.0, 9.0, 6.0, -6.0, -9.0, 0.0]
Q: [0.0, 10.0, 15.0, 5.0, 11.0, 6.0, 15.0, 9.0, 0.0, 11.0, 0.0, 10.0, 15.0, 10.0, 0.0, 9.0, 15.0, 9.0, 0.0, 0.0]
B: [0.0, 211.0, 239.0, 276.4881823646, 296.9043957745, 300.96084557698003, 307.85632416806004, 317.14932954845005, 326.97114531744006, 350.24981606984005, 374.06805231854, 496.0, 517.0, 545.5413118129, 558.5049963585999, 565.8352936240599, 579.6208945540599, 602.9244057916599, 621.4431898230598, 647.3740335424598]
