Avion: 4      Iteracion: 51

Num Ruta: 50
Ingresos: 63600.0
Costos: 171.413788456
Utilidad Ruta: 63428.5862115
Costo Reducido: 22.2526136182
Nodos: [104, 30, 16, 61, 75, 10, 55, 35, 26, 80, 71, 18, 63, 914]
q: [0.0, 11.0, 4.0, -4.0, -11.0, 12.0, -12.0, 6.0, 9.0, -6.0, -9.0, 11.0, -11.0, 0.0]
Q: [0.0, 11.0, 15.0, 11.0, 0.0, 12.0, 0.0, 6.0, 15.0, 9.0, 0.0, 11.0, 0.0, 0.0]
B: [0.0, 64.0, 72.20259129788, 81.82668273552001, 84.69783929691, 103.39088958301001, 132.91040031741, 279.0, 300.0, 309.29300538039, 319.11482114938, 342.39349190178, 366.21172815048, 375.79544710504]
