Avion: 2      Iteracion: 23

Num Ruta: 22
Ingresos: 126000.0
Costos: 446.308426662
Utilidad Ruta: 125553.691573
Costo Reducido: 233.961477321
Nodos: [102, 17, 30, 62, 75, 40, 85, 1, 46, 23, 18, 63, 68, 22, 67, 45, 90, 5, 50, 6, 51, 27, 7, 52, 72, 912]
q: [0.0, 5.0, 10.0, -5.0, -10.0, 15.0, -15.0, 7.0, -7.0, 10.0, 5.0, -5.0, -10.0, 10.0, -10.0, 11.0, -11.0, 12.0, -12.0, 5.0, -5.0, 6.0, 9.0, -9.0, -6.0, 0.0]
Q: [0.0, 5.0, 15.0, 10.0, 0.0, 15.0, 0.0, 7.0, 0.0, 10.0, 15.0, 10.0, 0.0, 10.0, 0.0, 11.0, 0.0, 12.0, 0.0, 5.0, 0.0, 6.0, 15.0, 6.0, 0.0, 0.0]
B: [0.0, 36.2584976247, 69.8722092317, 73.01666371539, 89.11460923649, 119.92446330949, 152.49390509159, 177.57986405269, 211.81994958119, 267.0, 293.0, 316.8182362487, 326.74376782137, 342.50019181287, 364.25487795177, 376.01755218007, 385.20917581249, 469.0, 470.12168890518, 486.34528175638, 490.03757115457, 538.0, 565.6633233723, 594.2046351852, 598.60455575266, 604.84853917673]
