Avion: 2      Iteracion: 53

Num Ruta: 46
Ingresos: 98400.0
Costos: 307.091858481
Utilidad Ruta: 98092.9081415
Costo Reducido: 11.6018412247
Nodos: [102, 12, 57, 10, 55, 35, 26, 80, 71, 13, 58, 32, 43, 77, 88, 20, 4, 65, 49, 912]
q: [0.0, 14.0, -14.0, 12.0, -12.0, 6.0, 9.0, -6.0, -9.0, 15.0, -15.0, 6.0, 5.0, -6.0, -5.0, 10.0, 5.0, -10.0, -5.0, 0.0]
Q: [0.0, 14.0, 0.0, 12.0, 0.0, 6.0, 15.0, 9.0, 0.0, 15.0, 0.0, 6.0, 11.0, 5.0, 0.0, 10.0, 15.0, 5.0, 0.0, 0.0]
B: [0.0, 54.0, 97.347924264, 106.06569462115, 135.58520535555, 279.0, 300.0, 309.29300538039, 319.11482114938, 423.0, 439.88315095, 467.2623045162, 474.47514008898, 498.02205878338003, 511.82101359888003, 520.76124267872, 531.04039371372, 563.13671682092, 574.99794007152, 586.65214043022]
