Avion: 7      Iteracion: 6

Num Ruta: 8
Ingresos: 160800.0
Costos: 557.783918488
Utilidad Ruta: 160242.216082
Costo Reducido: 186741.581466
Nodos: [107, 9, 54, 40, 85, 14, 59, 1, 46, 3, 48, 23, 35, 68, 80, 26, 71, 39, 84, 41, 86, 32, 38, 77, 83, 27, 7, 72, 52, 917]
q: [0.0, 11.0, -11.0, 15.0, -15.0, 8.0, -8.0, 7.0, -7.0, 15.0, -15.0, 9.0, 6.0, -9.0, -6.0, 13.0, -13.0, 8.0, -8.0, 13.0, -13.0, 6.0, 8.0, -6.0, -8.0, 5.0, 10.0, -5.0, -10.0, 0.0]
Q: [0.0, 11.0, 0.0, 15.0, 0.0, 8.0, 0.0, 7.0, 0.0, 15.0, 0.0, 9.0, 15.0, 6.0, 0.0, 13.0, 0.0, 8.0, 0.0, 13.0, 0.0, 6.0, 14.0, 8.0, 0.0, 5.0, 15.0, 10.0, 0.0, 0.0]
B: [0.0, 28.0, 57.5272370025, 86.4860319533, 119.0554737354, 147.6338756676, 159.6555874426, 195.33731666079998, 229.5774021893, 256.0, 261.08428175852, 267.0, 307.4405515417, 336.9605871955, 349.5791326743, 358.87213805469, 376.45136602409, 396.14928421359, 418.78147166859003, 446.0, 466.0411203529, 474.43811338612, 488.87509108232, 503.90553831452, 525.90161707872, 538.0, 565.6633233723, 590.3878382715001, 594.78775883896, 601.47720732146]
