Avion: 4      Iteracion: 6

Num Ruta: 10
Ingresos: 141600.0
Costos: 594.164697895
Utilidad Ruta: 141005.835302
Costo Reducido: 164575.930372
Nodos: [104, 17, 62, 30, 75, 16, 61, 14, 59, 31, 1, 76, 44, 42, 46, 89, 23, 87, 26, 71, 68, 39, 84, 41, 86, 32, 43, 77, 88, 20, 7, 52, 65, 914]
q: [0.0, 5.0, -5.0, 11.0, -11.0, 11.0, -11.0, 8.0, -8.0, 6.0, 7.0, -6.0, 3.0, 5.0, -7.0, -3.0, 2.0, -5.0, 13.0, -13.0, -2.0, 8.0, -8.0, 13.0, -13.0, 6.0, 5.0, -6.0, -5.0, 5.0, 10.0, -10.0, -5.0, 0.0]
Q: [0.0, 5.0, 0.0, 11.0, 0.0, 11.0, 0.0, 8.0, 0.0, 6.0, 13.0, 7.0, 10.0, 15.0, 8.0, 5.0, 7.0, 2.0, 15.0, 2.0, 0.0, 8.0, 0.0, 13.0, 0.0, 6.0, 11.0, 5.0, 0.0, 5.0, 15.0, 5.0, 0.0, 0.0]
B: [0.0, 26.5094038032, 61.3519575845, 64.49641206819, 83.21043472499, 94.02710648669, 103.65119792433, 130.43750242873, 142.45921420373, 169.67128141663, 178.56504338781, 197.55473748750998, 211.72589710840998, 239.0, 264.0626014013, 280.07715041150004, 300.90774149770004, 337.92338035480003, 344.81885894588004, 362.39808691528003, 365.46515929786005, 388.0, 410.632187455, 446.0, 466.0411203529, 474.43811338612, 481.6509489589, 505.1978676533, 518.9968224688, 527.93705154864, 536.6800059692, 565.2213177821, 578.1850023277999, 622.0766068210999]
