Avion: 4      Iteracion: 27

Num Ruta: 29
Ingresos: 66000.0
Costos: 174.930484307
Utilidad Ruta: 65825.0695157
Costo Reducido: 60.7519570408
Nodos: [104, 16, 61, 9, 54, 14, 59, 3, 48, 23, 68, 914]
q: [0, 11.0, -11.0, 11.0, -11.0, 8.0, -8.0, 15.0, -15.0, 10.0, -10.0, 0]
Q: [0, 11.0, 0.0, 11.0, 0.0, 8.0, 0.0, 15.0, 0.0, 10.0, 0.0, 0]
B: [0.0, 36.0, 45.624091437640004, 75.68094759394, 105.20818459644, 115.46499131194001, 127.48670308694001, 256.0, 261.08428175852, 267.0, 306.733842905, 321.54451885180004]
