Avion: 4      Iteracion: 67

Num Ruta: 60
Ingresos: 50400.0
Costos: 149.830232556
Utilidad Ruta: 50250.1697674
Costo Reducido: 10.9347149421
Nodos: [104, 31, 11, 76, 56, 44, 42, 89, 87, 26, 71, 914]
q: [0.0, 6.0, 8.0, -6.0, -8.0, 10.0, 5.0, -10.0, -5.0, 13.0, -13.0, 0.0]
Q: [0.0, 6.0, 14.0, 8.0, 0.0, 10.0, 15.0, 5.0, 0.0, 13.0, 0.0, 0.0]
B: [0.0, 130.0, 169.0, 169.478878899097, 173.173257466597, 211.0, 239.0, 276.4881823646, 294.1162889277, 301.01176751878, 318.59099548818, 336.16413854798]
