Avion: 5      Iteracion: 68

Num Ruta: 65
Ingresos: 133200.0
Costos: 395.793833293
Utilidad Ruta: 132804.206167
Costo Reducido: 10.2200307585
Nodos: [105, 30, 75, 24, 69, 22, 67, 18, 63, 39, 84, 6, 51, 5, 50, 43, 15, 88, 60, 20, 4, 49, 65, 33, 78, 915]
q: [0.0, 11.0, -11.0, 14.0, -14.0, 10.0, -10.0, 11.0, -11.0, 8.0, -8.0, 5.0, -5.0, 12.0, -12.0, 4.0, 11.0, -4.0, -11.0, 10.0, 5.0, -5.0, -10.0, 10.0, -10.0, 0.0]
Q: [0.0, 11.0, 0.0, 14.0, 0.0, 10.0, 0.0, 11.0, 0.0, 8.0, 0.0, 5.0, 0.0, 12.0, 0.0, 4.0, 15.0, 11.0, 0.0, 10.0, 15.0, 10.0, 0.0, 10.0, 0.0, 0.0]
B: [0.0, 64.0, 82.7140226568, 107.4479935471, 145.9609438496, 299.0, 320.7546861389, 334.15512273630003, 357.973358985, 388.0, 410.632187455, 436.0, 439.69228939819, 469.0, 470.12168890518, 491.79746949088, 511.0, 521.2530082415, 533.7945681525, 539.92842020484, 550.20757123984, 570.63332092004, 582.49454417064, 593.31634351274, 616.61985475034, 632.85244668754]
