Avion: 3      Iteracion: 44

Num Ruta: 44
Ingresos: 42000.0
Costos: 166.107763801
Utilidad Ruta: 41833.8922362
Costo Reducido: 13.2110427769
Nodos: [103, 17, 62, 18, 63, 29, 74, 33, 78, 913]
q: [0, 5.0, -5.0, 11.0, -11.0, 9.0, -9.0, 10.0, -10.0, 0]
Q: [0, 5.0, 0.0, 11.0, 0.0, 9.0, 0.0, 10.0, 0.0, 0]
B: [0.0, 24.0, 58.8425537813, 293.0, 316.8182362487, 549.0, 582.7797797802, 591.6312714624, 614.9347827, 633.7735215113]
