Avion: 7      Iteracion: 33

Num Ruta: 30
Ingresos: 60000.0
Costos: 138.296483741
Utilidad Ruta: 59861.7035163
Costo Reducido: 22.803727869
Nodos: [107, 14, 59, 23, 18, 63, 68, 13, 58, 5, 50, 917]
q: [0.0, 8.0, -8.0, 10.0, 5.0, -5.0, -10.0, 15.0, -15.0, 12.0, -12.0, 0.0]
Q: [0.0, 8.0, 0.0, 10.0, 15.0, 10.0, 0.0, 15.0, 0.0, 12.0, 0.0, 0.0]
B: [0.0, 112.0, 124.021711775, 267.0, 293.0, 316.8182362487, 326.74376782137, 423.0, 439.88315095, 469.0, 470.12168890518, 477.8527450426]
