Avion: 6      Iteracion: 45

Num Ruta: 45
Ingresos: 81600.0
Costos: 200.86940165
Utilidad Ruta: 81399.1305983
Costo Reducido: 22.2467604256
Nodos: [106, 9, 54, 14, 59, 3, 48, 45, 90, 19, 25, 70, 8, 53, 64, 916]
q: [0.0, 11.0, -11.0, 8.0, -8.0, 15.0, -15.0, 11.0, -11.0, 7.0, 8.0, -8.0, 8.0, -8.0, -7.0, 0.0]
Q: [0.0, 11.0, 0.0, 8.0, 0.0, 15.0, 0.0, 11.0, 0.0, 7.0, 15.0, 7.0, 15.0, 7.0, 0.0, 0.0]
B: [0.0, 28.0, 57.5272370025, 112.0, 124.021711775, 256.0, 261.08428175852, 371.0, 380.19162363242, 402.0, 411.3920072402, 428.57698955029997, 454.39758940779996, 475.1659860238, 478.09410521535995, 496.27266404165994]
