Avion: 3      Iteracion: 1

Num Ruta: 5
Ingresos: 163200.0
Costos: 581.079195343
Utilidad Ruta: 162618.920805
Costo Reducido: 267516.794177
Nodos: [103, 40, 85, 10, 55, 31, 76, 44, 89, 23, 68, 26, 71, 45, 90, 8, 32, 77, 53, 6, 51, 41, 50, 5, 86, 15, 60, 913]
q: [0.0, 15.0, -15.0, 12.0, -12.0, 6.0, -6.0, 14.0, -14.0, 10.0, -10.0, 13.0, -13.0, 11.0, -11.0, 8.0, 6.0, -6.0, -8.0, 5.0, -5.0, 13.0, -12.0, 12.0, -13.0, 11.0, -11.0, 0.0]
Q: [0.0, 15.0, 0.0, 12.0, 0.0, 6.0, 0.0, 14.0, 0.0, 10.0, 0.0, 13.0, 0.0, 11.0, 0.0, 8.0, 14.0, 8.0, 0.0, 5.0, 0.0, 13.0, 1.0, 13.0, 0.0, 11.0, 0.0, 0.0]
B: [0.0, 62.0, 94.5694417821, 111.75013586, 141.2696465944, 180.8778009316, 194.1834149347, 211.0, 265.00737440390003, 285.83796549010003, 325.57180839510005, 345.25818116920004, 362.83740913860004, 386.36356156520003, 395.55518519762, 414.0, 425.4468981388, 453.3042539537, 469.35335268230006, 478.54402431173, 482.23631370992, 501.35303361682, 510.17927143369, 511.30096033887, 523.32684845577, 545.91672151867, 562.33788813377, 593.70881653887]
