Avion: 5      Iteracion: 29

Num Ruta: 31
Ingresos: 115200.0
Costos: 419.28435202
Utilidad Ruta: 114780.715648
Costo Reducido: 103.823661729
Nodos: [105, 31, 14, 59, 76, 44, 42, 89, 35, 87, 80, 22, 67, 45, 90, 32, 43, 88, 77, 15, 21, 60, 38, 83, 66, 27, 72, 915]
q: [0.0, 6.0, 8.0, -8.0, -6.0, 14.0, 1.0, -14.0, 6.0, -1.0, -6.0, 10.0, -10.0, 11.0, -11.0, 6.0, 5.0, -5.0, -6.0, 11.0, 4.0, -11.0, 8.0, -8.0, -4.0, 6.0, -6.0, 0.0]
Q: [0.0, 6.0, 14.0, 6.0, 0.0, 14.0, 15.0, 1.0, 7.0, 6.0, 0.0, 10.0, 0.0, 11.0, 0.0, 6.0, 11.0, 6.0, 0.0, 11.0, 15.0, 4.0, 12.0, 4.0, 0.0, 6.0, 0.0, 0.0]
B: [0.0, 130.0, 147.5196824172, 159.5413941922, 188.60695116259998, 211.0, 239.0, 276.4881823646, 296.9043957745, 300.96084557698003, 317.03505454668004, 332.14930917598, 353.90399531488004, 371.0, 380.19162363242, 422.0, 451.0, 468.262321107, 482.0612759225, 511.0, 516.67223351071, 527.47150163401, 531.55876734595, 564.42765398665, 571.49758255772, 584.67503075532, 601.70589312342, 620.70062233972]
