Avion: 1      Iteracion: 50

Num Ruta: 48
Ingresos: 99600.0
Costos: 386.137909146
Utilidad Ruta: 99213.8620909
Costo Reducido: 15.753599074
Nodos: [101, 24, 69, 1, 42, 46, 23, 87, 26, 71, 68, 28, 73, 25, 43, 70, 88, 20, 65, 2, 47, 911]
q: [0.0, 14.0, -14.0, 7.0, 5.0, -7.0, 10.0, -5.0, 5.0, -5.0, -10.0, 8.0, -8.0, 10.0, 5.0, -10.0, -5.0, 10.0, -10.0, 9.0, -9.0, 0.0]
Q: [0.0, 14.0, 0.0, 7.0, 12.0, 5.0, 15.0, 10.0, 15.0, 10.0, 0.0, 8.0, 0.0, 10.0, 15.0, 5.0, 0.0, 10.0, 0.0, 9.0, 0.0, 0.0]
B: [0.0, 61.0, 99.5129503025, 175.0, 239.0, 264.0626014013, 268.8931248719, 305.908763729, 312.80424232008, 330.38347028948, 333.45054267206, 378.0, 414.0266187839, 417.35999740026, 451.0, 464.0372215215, 471.78639754221, 496.0, 538.1771424471, 545.50743971256, 586.24240175996, 602.28620835316]
