Avion: 4      Iteracion: 49

Num Ruta: 48
Ingresos: 86400.0
Costos: 240.938174272
Utilidad Ruta: 86159.0618257
Costo Reducido: 8.36998523035
Nodos: [104, 30, 16, 61, 75, 24, 69, 36, 81, 25, 19, 70, 8, 64, 53, 6, 51, 914]
q: [0.0, 11.0, 4.0, -4.0, -11.0, 14.0, -14.0, 15.0, -15.0, 8.0, 7.0, -8.0, 8.0, -7.0, -8.0, 5.0, -5.0, 0.0]
Q: [0.0, 11.0, 15.0, 11.0, 0.0, 14.0, 0.0, 15.0, 0.0, 8.0, 15.0, 7.0, 15.0, 8.0, 0.0, 5.0, 0.0, 0.0]
B: [0.0, 64.0, 72.20259129788, 81.82668273552001, 84.69783929691, 109.43181018721, 147.94476048971, 251.0, 257.94814406874, 410.0, 419.3920072402, 436.06489892099995, 461.88549877849994, 479.84245820929993, 482.7705774008599, 491.9612490302899, 495.65353842847986, 520.1324654065799]
