Avion: 4      Iteracion: 61

Num Ruta: 56
Ingresos: 79200.0
Costos: 177.500588238
Utilidad Ruta: 79022.4994118
Costo Reducido: 16.9640364153
Nodos: [104, 31, 11, 76, 56, 36, 81, 34, 79, 39, 84, 5, 50, 6, 51, 914]
q: [0, 6.0, 8.0, -6.0, -8.0, 15.0, -15.0, 12.0, -12.0, 8.0, -8.0, 12.0, -12.0, 5.0, -5.0, 0]
Q: [0, 6.0, 14.0, 8.0, 0.0, 15.0, 0.0, 12.0, 0.0, 8.0, 0.0, 12.0, 0.0, 5.0, 0.0, 0]
B: [0.0, 130.0, 169.0, 169.478878899097, 173.173257466597, 251.0, 257.94814406874, 283.0, 323.947598037, 388.0, 410.632187455, 469.0, 470.12168890518, 486.34528175638, 490.03757115457, 514.51649813267]
