Avion: 5      Iteracion: 89

Num Ruta: 75
Ingresos: 109200.0
Costos: 295.737745531
Utilidad Ruta: 108904.262254
Costo Reducido: 21.9857505466
Nodos: [105, 10, 55, 35, 26, 80, 71, 28, 73, 25, 43, 70, 88, 15, 60, 20, 7, 52, 65, 37, 82, 915]
q: [0.0, 12.0, -12.0, 6.0, 9.0, -6.0, -9.0, 8.0, -8.0, 10.0, 5.0, -10.0, -5.0, 11.0, -11.0, 10.0, 5.0, -5.0, -10.0, 15.0, -15.0, 0.0]
Q: [0.0, 12.0, 0.0, 6.0, 15.0, 9.0, 0.0, 8.0, 0.0, 10.0, 15.0, 5.0, 0.0, 11.0, 0.0, 10.0, 15.0, 10.0, 0.0, 15.0, 0.0, 0.0]
B: [0.0, 96.0, 125.5195107344, 279.0, 300.0, 309.29300538039, 319.11482114938, 378.0, 414.0266187839, 417.35999740026, 451.0, 464.0372215215, 471.78639754221, 511.0, 527.4211666151, 533.55501866744, 542.2979730879999, 570.8392849008999, 583.8029694465998, 595.3804874016998, 616.1751408731998, 641.2403188098998]
