Avion: 4      Iteracion: 23

Num Ruta: 25
Ingresos: 127200.0
Costos: 479.386950203
Utilidad Ruta: 126720.61305
Costo Reducido: 175.853629682
Nodos: [104, 17, 62, 24, 40, 85, 69, 36, 81, 34, 79, 22, 67, 45, 90, 5, 50, 6, 51, 7, 38, 83, 27, 52, 72, 914]
q: [0.0, 5.0, -5.0, 0.0, 15.0, -15.0, 0.0, 15.0, -15.0, 12.0, -12.0, 10.0, -10.0, 11.0, -11.0, 12.0, -12.0, 5.0, -5.0, 9.0, 6.0, -6.0, 6.0, -9.0, -6.0, 0.0]
Q: [0.0, 5.0, 0.0, 0.0, 15.0, 0.0, 0.0, 15.0, 0.0, 12.0, 0.0, 10.0, 0.0, 11.0, 0.0, 12.0, 0.0, 5.0, 0.0, 9.0, 15.0, 9.0, 15.0, 6.0, 0.0, 0.0]
B: [0.0, 26.5094038032, 61.3519575845, 77.9102408892, 85.06359255118, 117.63303433328, 146.02284583317999, 251.0, 257.94814406874, 283.0, 323.947598037, 353.69889745399996, 375.4535835929, 387.2162578212, 396.40788145361995, 469.0, 470.12168890518, 486.34528175638, 490.03757115457, 525.51042595937, 534.2866279853, 567.155514626, 578.6912419546001, 594.5310168267, 598.93093739416, 632.5431287092599]
