Avion: 3      Iteracion: 21

Num Ruta: 24
Ingresos: 56400.0
Costos: 261.426480716
Utilidad Ruta: 56138.5735193
Costo Reducido: 122.514119792
Nodos: [103, 44, 89, 35, 80, 45, 90, 8, 53, 38, 83, 913]
q: [0, 14.0, -14.0, 6.0, -6.0, 11.0, -11.0, 8.0, -8.0, 8.0, -8.0, 0]
Q: [0, 14.0, 0.0, 6.0, 0.0, 11.0, 0.0, 8.0, 0.0, 8.0, 0.0, 0]
B: [0.0, 211.0, 265.00737440390003, 285.42358781380005, 305.33647120620003, 371.0, 380.19162363242, 414.0, 434.768396616, 480.0, 512.8688866407, 522.8328620019699]
