Avion: 4      Iteracion: 54

Num Ruta: 53
Ingresos: 64800.0
Costos: 230.150059334
Utilidad Ruta: 64569.8499407
Costo Reducido: 9.8136441314
Nodos: [104, 24, 69, 10, 55, 26, 71, 13, 32, 8, 53, 77, 58, 914]
q: [0.0, 14.0, -14.0, 12.0, -12.0, 13.0, -13.0, 1.0, 6.0, 8.0, -8.0, -6.0, -1.0, 0.0]
Q: [0.0, 14.0, 0.0, 12.0, 0.0, 13.0, 0.0, 1.0, 7.0, 15.0, 7.0, 1.0, 0.0, 0.0]
B: [0.0, 61.0, 99.5129503025, 111.2988809828, 140.8183917172, 300.0, 317.5792279694, 423.0, 445.6608668854, 457.10776502420003, 477.87616164020005, 493.9252603688001, 497.9962107492401, 508.8119349043401]
