Avion: 5      Iteracion: 56

Num Ruta: 57
Ingresos: 61200.0
Costos: 163.097444958
Utilidad Ruta: 61036.902555
Costo Reducido: 18.7711934024
Nodos: [105, 36, 81, 15, 60, 20, 65, 37, 82, 915]
q: [0, 15.0, -15.0, 11.0, -11.0, 10.0, -10.0, 15.0, -15.0, 0]
Q: [0, 15.0, 0.0, 11.0, 0.0, 10.0, 0.0, 15.0, 0.0, 0]
B: [0.0, 251.0, 257.94814406874, 511.0, 527.4211666151, 533.55501866744, 575.73216111454, 587.30967906964, 608.1043325411399, 633.1695104778399]
