Avion: 3      Iteracion: 4

Num Ruta: 8
Ingresos: 152400.0
Costos: 525.608475538
Utilidad Ruta: 151874.391524
Costo Reducido: 386366.117705
Nodos: [103, 40, 85, 14, 59, 31, 11, 56, 76, 36, 81, 35, 80, 22, 67, 45, 90, 25, 70, 19, 8, 64, 53, 41, 5, 50, 86, 15, 60, 913]
q: [0.0, 15.0, -15.0, 8.0, -8.0, 6.0, 8.0, -8.0, -6.0, 15.0, -15.0, 6.0, -6.0, 10.0, -10.0, 11.0, -11.0, 10.0, -10.0, 7.0, 8.0, -7.0, -8.0, 0.0, 12.0, -12.0, 0.0, 11.0, -11.0, 0.0]
Q: [0.0, 15.0, 0.0, 8.0, 0.0, 6.0, 14.0, 6.0, 0.0, 15.0, 0.0, 6.0, 0.0, 10.0, 0.0, 11.0, 0.0, 10.0, 0.0, 7.0, 15.0, 8.0, 0.0, 0.0, 12.0, 0.0, 0.0, 11.0, 0.0, 0.0]
B: [0.0, 62.0, 94.5694417821, 123.1478437143, 135.1695554893, 162.3816227022, 175.5643518961, 179.61841874311, 183.31279731061, 251.0, 257.94814406874, 308.86250452824004, 328.77538792064, 343.88964254994, 365.64432868884, 377.40700291714, 386.59862654956, 410.0, 427.1849823101, 443.8578739909, 467.0187555372, 484.975714968, 487.90383415955995, 503.92356424465993, 512.3289282462999, 513.45061715148, 524.7671383925799, 547.3570114554799, 563.7781780705799, 595.1491064756799]
