Avion: 5      Iteracion: 33

Num Ruta: 35
Ingresos: 153600.0
Costos: 430.422344291
Utilidad Ruta: 153169.577656
Costo Reducido: 116.125040751
Nodos: [105, 9, 54, 14, 59, 31, 11, 76, 56, 44, 42, 89, 35, 87, 26, 80, 71, 13, 58, 5, 50, 41, 86, 7, 4, 52, 49, 33, 78, 915]
q: [0.0, 11.0, -11.0, 8.0, -8.0, 6.0, 8.0, -6.0, -8.0, 10.0, 5.0, -10.0, 6.0, -5.0, 9.0, -6.0, -9.0, 15.0, -15.0, 12.0, -12.0, 13.0, -13.0, 10.0, 5.0, -10.0, -5.0, 10.0, -10.0, 0.0]
Q: [0.0, 11.0, 0.0, 8.0, 0.0, 6.0, 14.0, 8.0, 0.0, 10.0, 15.0, 5.0, 11.0, 6.0, 15.0, 9.0, 0.0, 15.0, 0.0, 12.0, 0.0, 13.0, 0.0, 10.0, 15.0, 5.0, 0.0, 10.0, 0.0, 0.0]
B: [0.0, 44.8876461401, 74.4148831426, 112.0, 124.021711775, 151.2337789879, 169.0, 169.478878899097, 173.173257466597, 211.0, 239.0, 276.4881823646, 296.9043957745, 300.96084557698003, 307.85632416806004, 317.14932954845005, 326.97114531744006, 423.0, 439.88315095, 469.0, 470.12168890518, 478.94792672205, 498.98904707495, 517.0, 529.0, 548.2723609867, 549.43273506431, 562.0, 585.3035112376, 601.5361031748]
