Avion: 3      Iteracion: 47

Num Ruta: 47
Ingresos: 56400.0
Costos: 228.356806953
Utilidad Ruta: 56171.643193
Costo Reducido: 12.4455457374
Nodos: [103, 17, 62, 24, 69, 39, 6, 51, 84, 21, 38, 66, 83, 913]
q: [0.0, 5.0, -5.0, 14.0, -14.0, 8.0, 5.0, -5.0, -8.0, 7.0, 8.0, -7.0, -8.0, 0.0]
Q: [0.0, 5.0, 0.0, 14.0, 0.0, 8.0, 13.0, 8.0, 0.0, 7.0, 15.0, 8.0, 0.0, 0.0]
B: [0.0, 24.0, 58.8425537813, 75.400837086, 113.9137873885, 388.0, 436.0, 439.69228939819, 449.87740525418997, 477.0, 483.82291294097, 518.30529332577, 525.37522189684, 535.33919725811]
