Avion: 1      Iteracion: 45

Num Ruta: 43
Ingresos: 139200.0
Costos: 354.529805221
Utilidad Ruta: 138845.470195
Costo Reducido: 42.3327531309
Nodos: [101, 16, 61, 9, 54, 14, 59, 3, 48, 23, 18, 63, 68, 28, 73, 25, 43, 70, 88, 15, 21, 60, 38, 83, 66, 33, 78, 911]
q: [0.0, 11.0, -11.0, 11.0, -11.0, 8.0, -8.0, 15.0, -15.0, 4.0, 11.0, -11.0, -4.0, 8.0, -8.0, 10.0, 5.0, -10.0, -5.0, 8.0, 7.0, -8.0, 8.0, -8.0, -7.0, 10.0, -10.0, 0.0]
Q: [0.0, 11.0, 0.0, 11.0, 0.0, 8.0, 0.0, 15.0, 0.0, 4.0, 15.0, 4.0, 0.0, 8.0, 0.0, 10.0, 15.0, 5.0, 0.0, 8.0, 15.0, 7.0, 15.0, 7.0, 0.0, 10.0, 0.0, 0.0]
B: [0.0, 36.0, 45.624091437640004, 75.68094759394, 105.20818459644, 115.46499131194001, 127.48670308694001, 256.0, 261.08428175852, 267.0, 293.0, 316.8182362487, 326.74376782137, 378.0, 414.0266187839, 417.35999740026, 451.0, 464.0372215215, 471.78639754221, 511.0, 516.67223351071, 527.47150163401, 531.55876734595, 564.42765398665, 571.49758255772, 581.6531274963199, 604.9566387339199, 610.6334015438299]
