Avion: 1      Iteracion: 46

Num Ruta: 44
Ingresos: 128400.0
Costos: 368.090453112
Utilidad Ruta: 128031.909547
Costo Reducido: 66.5730850341
Nodos: [101, 16, 61, 24, 69, 1, 46, 18, 36, 81, 34, 63, 79, 39, 84, 13, 58, 21, 38, 83, 66, 33, 78, 911]
q: [0.0, 11.0, -11.0, 14.0, -14.0, 7.0, -7.0, 3.0, 12.0, -12.0, 12.0, -3.0, -12.0, 8.0, -8.0, 15.0, -15.0, 13.0, 2.0, -2.0, -13.0, 10.0, -10.0, 0.0]
Q: [0.0, 11.0, 0.0, 14.0, 0.0, 7.0, 0.0, 3.0, 15.0, 3.0, 15.0, 12.0, 0.0, 8.0, 0.0, 15.0, 0.0, 13.0, 15.0, 13.0, 0.0, 10.0, 0.0, 0.0]
B: [0.0, 36.0, 45.624091437640004, 70.85029051714, 109.36324081964, 175.0, 209.2400855285, 293.0, 306.9670306436, 313.91517471234005, 327.63492270564007, 355.86696018084007, 371.0195898206401, 388.0, 410.632187455, 423.0, 439.88315095, 477.0, 483.82291294097, 516.69179958167, 523.76172815274, 562.0, 585.3035112376, 590.98027404751]
