Avion: 4      Iteracion: 76

Num Ruta: 66
Ingresos: 72000.0
Costos: 188.335666061
Utilidad Ruta: 71811.6643339
Costo Reducido: 1.82232640198
Nodos: [104, 36, 81, 34, 79, 39, 28, 84, 13, 58, 73, 25, 70, 914]
q: [0.0, 15.0, -15.0, 12.0, -12.0, 8.0, 7.0, -8.0, 8.0, -8.0, -7.0, 10.0, -10.0, 0.0]
Q: [0.0, 15.0, 0.0, 12.0, 0.0, 8.0, 15.0, 7.0, 15.0, 7.0, 0.0, 10.0, 0.0, 0.0]
B: [0.0, 251.0, 257.94814406874, 283.0, 323.947598037, 388.0, 399.3210123222, 412.3114993416, 423.0, 439.88315095, 462.92158097460003, 466.25495959096, 483.43994190106, 503.14636666556004]
