Avion: 6      Iteracion: 89

Num Ruta: 62
Ingresos: 60000.0
Costos: 153.943948151
Utilidad Ruta: 59846.0560518
Costo Reducido: 0.303448508639
Nodos: [106, 40, 85, 41, 86, 32, 43, 77, 88, 15, 60, 916]
q: [0, 15.0, -15.0, 13.0, -13.0, 6.0, 5.0, -6.0, -5.0, 11.0, -11.0, 0]
Q: [0, 15.0, 0.0, 13.0, 0.0, 6.0, 11.0, 5.0, 0.0, 11.0, 0.0, 0]
B: [0.0, 62.0, 94.5694417821, 446.0, 466.0411203529, 474.43811338612, 481.6509489589, 505.1978676533, 518.9968224688, 529.2498307103, 545.6709973254, 556.6553660372999]
