Avion: 3      Iteracion: 6

Num Ruta: 10
Ingresos: 127200.0
Costos: 526.303255765
Utilidad Ruta: 126673.696744
Costo Reducido: 198667.596749
Nodos: [103, 9, 54, 40, 85, 31, 76, 1, 46, 3, 48, 35, 80, 26, 71, 25, 32, 70, 77, 6, 51, 41, 5, 50, 86, 913]
q: [0.0, 11.0, -11.0, 15.0, -15.0, 6.0, -6.0, 7.0, -7.0, 15.0, -15.0, 6.0, -6.0, 13.0, -13.0, 9.0, 6.0, -9.0, -6.0, 5.0, -5.0, 13.0, 0.0, 0.0, -13.0, 0.0]
Q: [0.0, 11.0, 0.0, 15.0, 0.0, 6.0, 0.0, 7.0, 0.0, 15.0, 0.0, 6.0, 0.0, 13.0, 0.0, 9.0, 15.0, 6.0, 0.0, 5.0, 0.0, 13.0, 13.0, 13.0, 0.0, 0.0]
B: [0.0, 58.0169348553, 87.5441718578, 116.5029668086, 149.07240859069998, 172.41089759489998, 185.71651159799998, 204.70620569769997, 238.94629122619997, 256.0, 261.08428175852, 304.88260501412, 324.79548840651995, 334.08849378690996, 351.66772175630996, 410.0, 430.6664482919, 449.2113777337, 460.19644600839996, 480.5884177865, 484.28070718468996, 503.39742709159, 511.80279109323, 512.92447999841, 524.24100123951, 560.6443241235099]
