Avion: 5      Iteracion: 55

Num Ruta: 56
Ingresos: 72000.0
Costos: 240.361042289
Utilidad Ruta: 71759.6389577
Costo Reducido: 24.5322435907
Nodos: [105, 1, 46, 8, 19, 53, 64, 5, 50, 43, 15, 88, 29, 60, 27, 74, 72, 915]
q: [0.0, 7.0, -7.0, 8.0, 7.0, -8.0, -7.0, 12.0, -12.0, 5.0, 6.0, -5.0, 9.0, -6.0, 6.0, -9.0, -6.0, 0.0]
Q: [0.0, 7.0, 0.0, 8.0, 15.0, 7.0, 0.0, 12.0, 0.0, 5.0, 11.0, 6.0, 15.0, 9.0, 15.0, 6.0, 0.0, 0.0]
B: [0.0, 175.0, 209.2400855285, 414.0, 437.1608815463, 466.0513395558, 468.97945874735996, 476.82977198951994, 477.95146089469995, 499.62724148039996, 513.3940434328999, 523.6470516743999, 549.0, 564.1378768657, 581.8516623730001, 590.06809036818, 605.5154679449801, 624.5101971612801]
