Avion: 4      Iteracion: 30

Num Ruta: 32
Ingresos: 91200.0
Costos: 333.548339284
Utilidad Ruta: 90866.4516607
Costo Reducido: 28.3084744997
Nodos: [104, 17, 30, 62, 16, 61, 75, 40, 85, 35, 26, 80, 71, 18, 63, 29, 27, 74, 72, 914]
q: [0.0, 5.0, 4.0, -5.0, 11.0, -11.0, -4.0, 15.0, -15.0, 6.0, 9.0, -6.0, -9.0, 11.0, -11.0, 9.0, 6.0, -9.0, -6.0, 0.0]
Q: [0.0, 5.0, 9.0, 4.0, 15.0, 4.0, 0.0, 15.0, 0.0, 6.0, 15.0, 9.0, 0.0, 11.0, 0.0, 9.0, 15.0, 6.0, 0.0, 0.0]
B: [0.0, 26.5094038032, 64.0, 67.14445448369, 72.47609381883, 82.10018525647, 84.97134181786, 115.78119589085999, 148.35063767295998, 279.0, 300.0, 309.29300538039, 319.11482114938, 342.39349190178, 366.21172815048, 549.0, 574.6018082369, 582.8182362320799, 598.26561380888, 631.8778051239799]
