Avion: 4      Iteracion: 16

Num Ruta: 19
Ingresos: 133200.0
Costos: 581.775328733
Utilidad Ruta: 132618.224671
Costo Reducido: 438.758410375
Nodos: [104, 12, 57, 30, 75, 1, 44, 42, 46, 89, 35, 87, 80, 18, 63, 28, 73, 25, 70, 43, 32, 77, 88, 7, 4, 52, 33, 78, 49, 914]
q: [0.0, 14.0, -14.0, 11.0, -11.0, 7.0, 3.0, 5.0, -7.0, -3.0, 6.0, -5.0, -6.0, 11.0, -11.0, 8.0, -8.0, 10.0, -10.0, 5.0, 6.0, -6.0, -5.0, 10.0, 5.0, -10.0, 10.0, -10.0, -5.0, 0.0]
Q: [0.0, 14.0, 0.0, 11.0, 0.0, 7.0, 10.0, 15.0, 8.0, 5.0, 11.0, 6.0, 0.0, 11.0, 0.0, 8.0, 0.0, 10.0, 0.0, 5.0, 11.0, 5.0, 0.0, 10.0, 15.0, 5.0, 15.0, 5.0, 0.0, 0.0]
B: [0.0, 54.0, 97.347924264, 122.72227077779999, 141.4362934346, 175.0, 211.0, 239.0, 264.0626014013, 280.07715041150004, 300.49336382140007, 304.5498136238801, 320.6240225935801, 343.51487598528007, 367.33311223398005, 378.0, 414.0266187839, 417.35999740026, 434.54497971036, 451.0, 458.21283557278, 486.07019138768004, 499.86914620318004, 517.1712322045801, 529.0, 548.2723609867, 562.0, 585.3035112376, 606.8414253427, 640.7337432037999]
