Avion: 4      Iteracion: 28

Num Ruta: 30
Ingresos: 148800.0
Costos: 541.522032704
Utilidad Ruta: 148258.477967
Costo Reducido: 155.066501329
Nodos: [104, 30, 16, 61, 75, 24, 69, 1, 31, 76, 44, 46, 89, 35, 26, 80, 71, 18, 63, 28, 13, 58, 73, 25, 21, 70, 66, 2, 47, 29, 74, 914]
q: [0.0, 11.0, 4.0, -4.0, -11.0, 14.0, -14.0, 7.0, 6.0, -6.0, 8.0, -7.0, -8.0, 6.0, 9.0, -6.0, -9.0, 11.0, -11.0, 8.0, 7.0, -7.0, -8.0, 2.0, 13.0, -2.0, -13.0, 9.0, -9.0, 9.0, -9.0, 0.0]
Q: [0.0, 11.0, 15.0, 11.0, 0.0, 14.0, 0.0, 7.0, 13.0, 7.0, 15.0, 8.0, 0.0, 6.0, 15.0, 9.0, 0.0, 11.0, 0.0, 8.0, 15.0, 8.0, 0.0, 2.0, 15.0, 13.0, 0.0, 9.0, 0.0, 9.0, 0.0, 0.0]
B: [0.0, 64.0, 72.20259129788, 81.82668273552001, 84.69783929691, 109.43181018721, 147.94476048971, 175.0, 183.89376197118, 197.19937597428, 211.37053559518, 256.76688983208, 272.78143884227995, 293.19765225218, 303.82486684488, 313.11787222527, 322.93968799426, 346.21835874666, 370.03659499535996, 379.17009777359, 423.0, 439.88315095, 462.92158097460003, 466.25495959096, 477.0, 485.168713485, 517.9065790538, 541.7575927849, 582.4925548323, 592.29729536941, 626.07707514961, 650.8855031732099]
