Avion: 5      Iteracion: 48

Num Ruta: 50
Ingresos: 97200.0
Costos: 298.396241618
Utilidad Ruta: 96901.6037584
Costo Reducido: 20.4275585798
Nodos: [105, 17, 30, 62, 16, 61, 75, 24, 69, 18, 63, 22, 67, 45, 90, 43, 25, 70, 88, 915]
q: [0.0, 5.0, 10.0, -5.0, 5.0, -5.0, -10.0, 14.0, -14.0, 11.0, -11.0, 10.0, -10.0, 11.0, -11.0, 5.0, 10.0, -10.0, -5.0, 0.0]
Q: [0.0, 5.0, 15.0, 10.0, 15.0, 10.0, 0.0, 14.0, 0.0, 11.0, 0.0, 10.0, 0.0, 11.0, 0.0, 5.0, 15.0, 5.0, 0.0, 0.0]
B: [0.0, 24.0, 64.0, 67.14445448369, 72.47609381883, 82.10018525647, 84.97134181786, 109.70531270816, 148.21826301066, 293.0, 316.8182362487, 332.3010836612, 354.0557698001, 371.0, 380.19162363242, 451.0, 465.0611587716, 482.2461410817, 489.99531710241, 506.07541116311]
