Avion: 5      Iteracion: 21

Num Ruta: 23
Ingresos: 105600.0
Costos: 374.474001933
Utilidad Ruta: 105225.525998
Costo Reducido: 188.428239878
Nodos: [105, 17, 62, 9, 54, 44, 89, 8, 53, 5, 50, 41, 86, 7, 29, 74, 52, 33, 78, 915]
q: [0.0, 5.0, -5.0, 11.0, -11.0, 14.0, -14.0, 8.0, -8.0, 12.0, -12.0, 13.0, -13.0, 6.0, 9.0, -9.0, -6.0, 10.0, -10.0, 0.0]
Q: [0.0, 5.0, 0.0, 11.0, 0.0, 14.0, 0.0, 8.0, 0.0, 12.0, 0.0, 13.0, 0.0, 6.0, 15.0, 6.0, 0.0, 10.0, 0.0, 0.0]
B: [0.0, 24.0, 58.8425537813, 81.72911018459999, 111.25634718709999, 211.0, 265.00737440390003, 414.0, 434.768396616, 469.0, 470.12168890518, 478.94792672205, 498.98904707495, 517.0, 549.0, 582.7797797802, 595.0765836332, 604.53660984881, 627.84012108641, 644.07271302361]
