Avion: 5      Iteracion: 17

Num Ruta: 20
Ingresos: 104400.0
Costos: 349.159402473
Utilidad Ruta: 104050.840598
Costo Reducido: 336.046718613
Nodos: [105, 31, 76, 18, 67, 22, 63, 25, 70, 19, 64, 41, 86, 20, 38, 83, 65, 37, 82, 915]
q: [0.0, 6.0, -6.0, 11.0, -10.0, 10.0, -11.0, 10.0, -10.0, 7.0, -7.0, 13.0, -13.0, 10.0, 5.0, -5.0, -10.0, 15.0, -15.0, 0.0]
Q: [0.0, 6.0, 0.0, 11.0, 1.0, 11.0, 0.0, 10.0, 0.0, 7.0, 0.0, 13.0, 0.0, 10.0, 15.0, 10.0, 0.0, 15.0, 0.0, 0.0]
B: [0.0, 130.0, 143.3056140031, 293.0, 320.0, 341.7546861389, 357.2375335514, 410.0, 427.1849823101, 443.8578739909, 470.48499028239996, 485.67600058449995, 505.71712093739995, 519.2445613827, 521.32563081931, 554.19451746001, 581.57152518551, 593.14904314061, 613.94369661211, 639.00887454881]
