Avion: 6      Iteracion: 38

Num Ruta: 39
Ingresos: 136800.0
Costos: 419.23994265
Utilidad Ruta: 136380.760057
Costo Reducido: 48.9769318918
Nodos: [106, 9, 54, 24, 69, 11, 56, 36, 81, 42, 18, 87, 26, 71, 63, 21, 38, 83, 66, 33, 78, 27, 72, 37, 82, 916]
q: [0.0, 11.0, -11.0, 14.0, -14.0, 8.0, -8.0, 15.0, -15.0, 5.0, 10.0, -5.0, 5.0, -5.0, -10.0, 7.0, 8.0, -8.0, -7.0, 10.0, -10.0, 6.0, -6.0, 15.0, -15.0, 0.0]
Q: [0.0, 11.0, 0.0, 14.0, 0.0, 8.0, 0.0, 15.0, 0.0, 5.0, 15.0, 10.0, 15.0, 10.0, 0.0, 7.0, 15.0, 7.0, 0.0, 10.0, 0.0, 6.0, 0.0, 15.0, 0.0, 0.0]
B: [0.0, 28.0, 57.5272370025, 81.6674868976, 120.1804372001, 169.0, 173.05406684701, 251.0, 257.94814406874, 282.45112780544, 294.27078317264, 331.01196580194, 337.90744439302, 355.48667236242, 366.92146182262, 477.0, 483.82291294097, 516.69179958167, 523.76172815274, 562.0, 585.3035112376, 592.52226459258, 609.55312696068, 616.38909258377, 637.1837460552699, 658.4830985571699]
