Avion: 2      Iteracion: 51

Num Ruta: 44
Ingresos: 82800.0
Costos: 284.592523638
Utilidad Ruta: 82515.4074764
Costo Reducido: 17.3664605682
Nodos: [102, 44, 42, 89, 35, 87, 26, 80, 71, 18, 63, 39, 6, 51, 84, 4, 7, 52, 49, 912]
q: [0.0, 10.0, 5.0, -10.0, 6.0, -5.0, 9.0, -6.0, -9.0, 11.0, -11.0, 8.0, 5.0, -5.0, -8.0, 5.0, 10.0, -10.0, -5.0, 0.0]
Q: [0.0, 10.0, 15.0, 5.0, 11.0, 6.0, 15.0, 9.0, 0.0, 11.0, 0.0, 8.0, 13.0, 8.0, 0.0, 5.0, 15.0, 5.0, 0.0, 0.0]
B: [0.0, 211.0, 239.0, 276.4881823646, 296.9043957745, 300.96084557698003, 307.85632416806004, 317.14932954845005, 326.97114531744006, 350.24981606984005, 374.06805231854, 388.0, 436.0, 439.69228939819, 449.87740525418997, 529.0, 539.3633732925, 567.9046851054, 569.0650591830099, 580.7192595417099]
