Avion: 1      Iteracion: 14

Num Ruta: 16
Ingresos: 127200.0
Costos: 421.570532964
Utilidad Ruta: 126778.429467
Costo Reducido: 1346.32652704
Nodos: [101, 9, 54, 40, 85, 14, 59, 11, 56, 3, 48, 23, 18, 63, 68, 22, 67, 45, 90, 8, 43, 88, 53, 911]
q: [0.0, 11.0, -11.0, 15.0, -15.0, 8.0, -8.0, 8.0, -8.0, 15.0, -15.0, 10.0, 5.0, -5.0, -10.0, 10.0, -10.0, 11.0, -11.0, 8.0, 5.0, -5.0, -8.0, 0.0]
Q: [0.0, 11.0, 0.0, 15.0, 0.0, 8.0, 0.0, 8.0, 0.0, 15.0, 0.0, 10.0, 15.0, 10.0, 0.0, 10.0, 0.0, 11.0, 0.0, 8.0, 13.0, 8.0, 0.0, 0.0]
B: [0.0, 28.0, 57.5272370025, 86.4860319533, 119.0554737354, 147.6338756676, 159.6555874426, 189.1040165518, 193.15808339881, 256.0, 261.08428175852, 267.0, 293.0, 316.8182362487, 326.74376782137, 342.50019181287, 364.25487795177, 376.01755218007, 385.20917581249, 414.0, 451.0, 468.262321107, 493.1758558221, 500.14856892390003]
