Avion: 4      Iteracion: 19

Num Ruta: 22
Ingresos: 90000.0
Costos: 298.984698198
Utilidad Ruta: 89701.0153018
Costo Reducido: 170.523377802
Nodos: [104, 17, 62, 30, 75, 16, 61, 31, 11, 76, 56, 44, 42, 89, 35, 87, 80, 26, 71, 914]
q: [0.0, 5.0, -5.0, 11.0, -11.0, 11.0, -11.0, 6.0, 8.0, -6.0, -8.0, 10.0, 5.0, -10.0, 6.0, -5.0, -6.0, 13.0, -13.0, 0.0]
Q: [0.0, 5.0, 0.0, 11.0, 0.0, 11.0, 0.0, 6.0, 14.0, 8.0, 0.0, 10.0, 15.0, 5.0, 11.0, 6.0, 0.0, 13.0, 0.0, 0.0]
B: [0.0, 26.5094038032, 61.3519575845, 64.49641206819, 83.21043472499, 94.02710648669, 103.65119792433, 130.0, 169.0, 169.478878899097, 173.173257466597, 211.0, 239.0, 276.4881823646, 296.9043957745, 300.96084557698003, 317.03505454668004, 326.32805992707006, 343.90728789647005, 361.48043095627]
