Avion: 7      Iteracion: 15

Num Ruta: 15
Ingresos: 146400.0
Costos: 422.437358949
Utilidad Ruta: 145977.562641
Costo Reducido: 424.708322688
Nodos: [107, 30, 75, 31, 76, 14, 59, 3, 48, 23, 18, 63, 68, 26, 71, 28, 73, 39, 84, 13, 58, 5, 50, 15, 60, 917]
q: [0.0, 11.0, -11.0, 6.0, -6.0, 8.0, -8.0, 15.0, -15.0, 4.0, 11.0, -11.0, -4.0, 13.0, -13.0, 8.0, -8.0, 8.0, -8.0, 15.0, -15.0, 12.0, -12.0, 11.0, -11.0, 0.0]
Q: [0.0, 11.0, 0.0, 6.0, 0.0, 8.0, 0.0, 15.0, 0.0, 4.0, 15.0, 4.0, 0.0, 13.0, 0.0, 8.0, 0.0, 8.0, 0.0, 15.0, 0.0, 12.0, 0.0, 11.0, 0.0, 0.0]
B: [0.0, 64.0, 82.7140226568, 130.0, 143.3056140031, 160.3516205736, 172.3733323486, 256.0, 261.08428175852, 267.0, 293.0, 316.8182362487, 326.74376782137, 346.43014059547, 364.00936856487, 378.0, 414.0266187839, 445.4560261757, 468.0882136307, 471.32014741715, 488.20329836715, 515.46758146795, 516.58927037313, 549.99146485193, 566.41263146703, 592.35689854093]
