Avion: 6      Iteracion: 17

Num Ruta: 18
Ingresos: 58800.0
Costos: 198.083673501
Utilidad Ruta: 58601.9163265
Costo Reducido: 187.97501819
Nodos: [106, 40, 85, 41, 86, 32, 77, 29, 15, 60, 74, 916]
q: [0.0, 15.0, -15.0, 13.0, -13.0, 6.0, -6.0, 9.0, 6.0, -6.0, -9.0, 0.0]
Q: [0.0, 15.0, 0.0, 13.0, 0.0, 6.0, 0.0, 9.0, 15.0, 9.0, 0.0, 0.0]
B: [0.0, 62.0, 94.5694417821, 446.0, 466.0411203529, 474.43811338612, 502.29546920102, 549.0, 562.9414599307, 579.3626265458, 603.8300573468, 635.0932915045]
