Avion: 2      Iteracion: 15

Num Ruta: 14
Ingresos: 132000.0
Costos: 447.523779886
Utilidad Ruta: 131552.47622
Costo Reducido: 832.897490164
Nodos: [102, 31, 76, 14, 59, 3, 48, 18, 63, 26, 71, 39, 28, 84, 32, 73, 77, 5, 50, 2, 4, 47, 49, 33, 78, 912]
q: [0.0, 6.0, -6.0, 8.0, -8.0, 15.0, -15.0, 11.0, -11.0, 13.0, -13.0, 7.0, 8.0, -7.0, 6.0, -8.0, -6.0, 12.0, -12.0, 9.0, 5.0, -9.0, -5.0, 10.0, -10.0, 0.0]
Q: [0.0, 6.0, 0.0, 8.0, 0.0, 15.0, 0.0, 11.0, 0.0, 13.0, 0.0, 7.0, 15.0, 8.0, 14.0, 6.0, 0.0, 12.0, 0.0, 9.0, 14.0, 5.0, 0.0, 10.0, 0.0, 0.0]
B: [0.0, 130.0, 143.3056140031, 160.3516205736, 172.3733323486, 256.0, 261.08428175852, 293.0, 316.8182362487, 345.81975307109997, 363.39898104049996, 388.0, 399.3210123222, 412.3114993416, 437.92334074359997, 461.37844927029994, 487.92920769639994, 512.8714427606, 513.99313166578, 528.07518212018, 555.44671472248, 568.89747053768, 602.09068131938, 610.66214677168, 633.96565800928, 655.50134434618]
