Avion: 5      Iteracion: 40

Num Ruta: 42
Ingresos: 112800.0
Costos: 340.21429694
Utilidad Ruta: 112459.785703
Costo Reducido: 53.1184181456
Nodos: [105, 10, 55, 1, 46, 8, 45, 90, 19, 53, 64, 5, 50, 43, 15, 88, 29, 60, 27, 74, 72, 37, 82, 915]
q: [0.0, 12.0, -12.0, 7.0, -7.0, 8.0, 7.0, -7.0, 7.0, -8.0, -7.0, 12.0, -12.0, 5.0, 6.0, -5.0, 9.0, -6.0, 6.0, -9.0, -6.0, 15.0, -15.0, 0.0]
Q: [0.0, 12.0, 0.0, 7.0, 0.0, 8.0, 15.0, 8.0, 15.0, 7.0, 0.0, 12.0, 0.0, 5.0, 11.0, 6.0, 15.0, 9.0, 15.0, 6.0, 0.0, 15.0, 0.0, 0.0]
B: [0.0, 96.0, 125.5195107344, 175.0, 209.2400855285, 414.0, 417.40515271317, 426.59677634559, 438.43863059229, 467.32908860179, 470.25720779334995, 478.10752103550993, 479.22920994068994, 500.90499052638995, 514.67179247889, 524.92480072039, 549.0, 564.1378768657, 581.8516623730001, 590.06809036818, 605.5154679449801, 612.3514335680701, 633.1460870395701, 658.2112649762702]
