Avion: 3      Iteracion: 40

Num Ruta: 41
Ingresos: 22800.0
Costos: 122.701145853
Utilidad Ruta: 22677.2988541
Costo Reducido: 30.8220887255
Nodos: [103, 17, 62, 43, 88, 29, 74, 913]
q: [0, 5.0, -5.0, 5.0, -5.0, 9.0, -9.0, 0]
Q: [0, 5.0, 0.0, 5.0, 0.0, 9.0, 0.0, 0]
B: [0.0, 24.0, 58.8425537813, 451.0, 468.262321107, 549.0, 582.7797797802, 601.4169443982]
