Avion: 1      Iteracion: 5

Num Ruta: 9
Ingresos: 150000.0
Costos: 472.537714669
Utilidad Ruta: 149527.462285
Costo Reducido: 221705.887721
Nodos: [101, 16, 61, 30, 75, 24, 69, 11, 56, 1, 46, 3, 48, 42, 18, 87, 26, 71, 63, 19, 64, 13, 58, 5, 50, 43, 88, 911]
q: [0.0, 11.0, -11.0, 11.0, -11.0, 14.0, -14.0, 8.0, -8.0, 7.0, -7.0, 15.0, -15.0, 5.0, 10.0, -5.0, 5.0, -5.0, -10.0, 7.0, -7.0, 15.0, -15.0, 12.0, -12.0, 5.0, -5.0, 0.0]
Q: [0.0, 11.0, 0.0, 11.0, 0.0, 14.0, 0.0, 8.0, 0.0, 7.0, 0.0, 15.0, 0.0, 5.0, 15.0, 10.0, 15.0, 10.0, 0.0, 7.0, 0.0, 15.0, 0.0, 12.0, 0.0, 5.0, 0.0, 0.0]
B: [0.0, 36.0, 45.624091437640004, 64.0, 82.7140226568, 107.4479935471, 145.9609438496, 169.0, 173.05406684701, 195.72351838431, 229.96360391281002, 256.0, 261.08428175852, 282.70958344432, 294.52923881152003, 331.27042144082003, 338.16590003190004, 355.74512800130003, 367.17991746150005, 402.0, 428.6271162915, 432.85473559792, 449.73788654792, 477.00216964872004, 478.12385855390005, 499.79963913960006, 517.0619602466, 535.0239994404001]
