Avion: 1      Iteracion: 33

Num Ruta: 33
Ingresos: 120000.0
Costos: 349.847628917
Utilidad Ruta: 119650.152371
Costo Reducido: 111.512604738
Nodos: [101, 9, 54, 14, 59, 31, 1, 76, 11, 56, 42, 46, 23, 87, 35, 80, 68, 13, 58, 41, 50, 5, 86, 911]
q: [0.0, 11.0, -11.0, 8.0, -8.0, 6.0, 7.0, -6.0, 8.0, -8.0, 5.0, -7.0, 9.0, -5.0, 6.0, -6.0, -9.0, 15.0, -15.0, 13.0, -12.0, 12.0, -13.0, 0.0]
Q: [0.0, 11.0, 0.0, 8.0, 0.0, 6.0, 13.0, 7.0, 15.0, 7.0, 12.0, 5.0, 14.0, 9.0, 15.0, 9.0, 0.0, 15.0, 0.0, 13.0, 1.0, 13.0, 0.0, 0.0]
B: [0.0, 28.0, 57.5272370025, 112.0, 124.021711775, 151.2337789879, 175.0, 193.9896940997, 194.468572998797, 198.522639845807, 239.0, 264.0626014013, 268.8931248719, 305.908763729, 309.96521353148, 329.87809692388, 342.49664240268, 423.0, 439.88315095, 474.68910223710003, 483.51534005397, 484.63702895915003, 496.66291707605, 509.36727164445]
