Avion: 7      Iteracion: 1

Num Ruta: 5
Ingresos: 148800.0
Costos: 487.690075281
Utilidad Ruta: 148312.309925
Costo Reducido: 259231.311542
Nodos: [107, 30, 75, 16, 61, 10, 55, 44, 89, 23, 68, 26, 71, 45, 90, 32, 77, 13, 58, 15, 60, 7, 52, 917]
q: [0, 11.0, -11.0, 11.0, -11.0, 12.0, -12.0, 14.0, -14.0, 10.0, -10.0, 13.0, -13.0, 11.0, -11.0, 6.0, -6.0, 15.0, -15.0, 11.0, -11.0, 10.0, -10.0, 0]
Q: [0, 11.0, 0.0, 11.0, 0.0, 12.0, 0.0, 14.0, 0.0, 10.0, 0.0, 13.0, 0.0, 11.0, 0.0, 6.0, 0.0, 15.0, 0.0, 11.0, 0.0, 10.0, 0.0, 0]
B: [0.0, 64.0, 82.7140226568, 93.53069441849999, 103.15478585614, 118.98406306644, 148.50357380084, 215.35879203394, 269.36616643784, 290.19675752404, 329.93060042904, 349.61697320314, 367.19620117254, 390.72235359914, 399.91397723155995, 422.0, 449.8573558149, 463.69953559270004, 480.58268654270006, 511.0, 527.4211666151, 538.3259061809999, 566.8672179938999, 573.5566664763999]
