Avion: 3      Iteracion: 12

Num Ruta: 16
Ingresos: 150000.0
Costos: 514.16639211
Utilidad Ruta: 149485.833608
Costo Reducido: 154127.289425
Nodos: [103, 17, 62, 30, 75, 24, 69, 31, 76, 36, 81, 42, 87, 35, 80, 45, 90, 8, 53, 13, 58, 43, 20, 88, 7, 52, 65, 2, 47, 913]
q: [0.0, 5.0, -5.0, 11.0, -11.0, 14.0, -14.0, 6.0, -6.0, 15.0, -15.0, 5.0, -5.0, 6.0, -6.0, 11.0, -11.0, 8.0, -8.0, 15.0, -15.0, 5.0, 5.0, -5.0, 10.0, -10.0, -5.0, 9.0, -9.0, 0.0]
Q: [0.0, 5.0, 0.0, 11.0, 0.0, 14.0, 0.0, 6.0, 0.0, 15.0, 0.0, 5.0, 0.0, 6.0, 0.0, 11.0, 0.0, 8.0, 0.0, 15.0, 0.0, 5.0, 10.0, 5.0, 15.0, 5.0, 0.0, 9.0, 0.0, 0.0]
B: [0.0, 24.0, 58.8425537813, 64.0, 82.7140226568, 107.4479935471, 145.9609438496, 157.2453016071, 170.5509156102, 251.0, 257.94814406874, 282.45112780544, 330.50096245654004, 334.55741225902005, 354.47029565142003, 373.26151245612004, 382.45313608854, 414.0, 434.768396616, 436.97907275691, 453.86222370691, 476.07454328411, 496.0, 504.94022907984, 522.24231508124, 550.78362689414, 563.7473114398399, 571.0776087052999, 611.8125707526999, 647.8575074012999]
