Avion: 4      Iteracion: 64

Num Ruta: 58
Ingresos: 103200.0
Costos: 356.803887014
Utilidad Ruta: 102843.196113
Costo Reducido: 8.13026625302
Nodos: [104, 9, 54, 12, 57, 10, 55, 35, 26, 80, 71, 22, 67, 32, 25, 70, 77, 29, 74, 914]
q: [0.0, 11.0, -11.0, 14.0, -14.0, 12.0, -12.0, 2.0, 13.0, -2.0, -13.0, 10.0, -10.0, 6.0, 9.0, -9.0, -6.0, 9.0, -9.0, 0.0]
Q: [0.0, 11.0, 0.0, 14.0, 0.0, 12.0, 0.0, 2.0, 15.0, 13.0, 0.0, 10.0, 0.0, 6.0, 15.0, 6.0, 0.0, 9.0, 0.0, 0.0]
B: [0.0, 34.2318085996, 63.7590456021, 74.5460823592, 117.8940066232, 126.61177698035, 156.13128771475, 279.0, 300.0, 309.29300538039, 319.11482114938, 332.74900179948, 354.50368793838004, 422.0, 442.6664482919, 459.851430602, 470.8364988767, 549.0, 582.7797797802, 607.5882078038]
