Avion: 7      Iteracion: 83

Num Ruta: 55
Ingresos: 72000.0
Costos: 222.663841216
Utilidad Ruta: 71777.3361588
Costo Reducido: 9.25257051821
Nodos: [107, 24, 69, 1, 46, 45, 90, 32, 19, 77, 64, 4, 7, 49, 52, 917]
q: [0, 14.0, -14.0, 7.0, -7.0, 11.0, -11.0, 6.0, 7.0, -6.0, -7.0, 5.0, 10.0, -5.0, -10.0, 0]
Q: [0, 14.0, 0.0, 7.0, 0.0, 11.0, 0.0, 6.0, 13.0, 7.0, 0.0, 5.0, 15.0, 10.0, 0.0, 0]
B: [0.0, 61.0, 99.5129503025, 175.0, 209.2400855285, 371.0, 380.19162363242, 422.0, 433.71491463899997, 461.3697862171, 478.4971626653, 529.0, 539.3633732925, 569.0610398002, 570.2214138778099, 576.9108623603099]
