Avion: 4      Iteracion: 29

Num Ruta: 31
Ingresos: 100800.0
Costos: 297.113421619
Utilidad Ruta: 100502.886578
Costo Reducido: 110.282224557
Nodos: [104, 31, 76, 14, 59, 42, 3, 48, 23, 87, 35, 80, 68, 13, 58, 25, 70, 43, 15, 88, 60, 914]
q: [0.0, 6.0, -6.0, 8.0, -8.0, 5.0, 10.0, -10.0, 9.0, -5.0, 6.0, -6.0, -9.0, 15.0, -15.0, 10.0, -10.0, 5.0, 10.0, -5.0, -10.0, 0.0]
Q: [0.0, 6.0, 0.0, 8.0, 0.0, 5.0, 15.0, 5.0, 14.0, 9.0, 15.0, 9.0, 0.0, 15.0, 0.0, 10.0, 0.0, 5.0, 15.0, 10.0, 0.0, 0.0]
B: [0.0, 130.0, 143.3056140031, 160.3516205736, 172.3733323486, 239.0, 257.4606418632, 262.54492362172, 267.0, 304.0156388571, 308.07208865958, 327.98497205198, 340.60351753078, 423.0, 439.88315095, 463.8957169312, 481.0806992413, 494.1179207628, 511.0, 521.2530082415, 533.7945681525, 555.9754941251]
