Avion: 2      Iteracion: 71

Num Ruta: 56
Ingresos: 94800.0
Costos: 299.166725734
Utilidad Ruta: 94500.8332743
Costo Reducido: 3.43485260023
Nodos: [102, 14, 59, 18, 36, 81, 34, 63, 79, 39, 28, 84, 25, 73, 21, 70, 38, 66, 83, 27, 72, 912]
q: [0.0, 8.0, -8.0, 3.0, 12.0, -12.0, 12.0, -3.0, -12.0, 8.0, 7.0, -8.0, 8.0, -7.0, 7.0, -8.0, 8.0, -7.0, -8.0, 6.0, -6.0, 0.0]
Q: [0.0, 8.0, 0.0, 3.0, 15.0, 3.0, 15.0, 12.0, 0.0, 8.0, 15.0, 7.0, 15.0, 8.0, 15.0, 7.0, 15.0, 8.0, 0.0, 6.0, 0.0, 0.0]
B: [0.0, 112.0, 124.021711775, 293.0, 306.9670306436, 313.91517471234005, 327.63492270564007, 355.86696018084007, 371.0195898206401, 388.0, 399.3210123222, 412.3114993416, 447.6710076102, 451.00438622656, 477.0, 485.168713485, 489.49037624371, 523.97275662851, 531.04268519958, 542.57841252818, 559.60927489628, 565.85325832035]
