Avion: 3      Iteracion: 23

Num Ruta: 26
Ingresos: 117600.0
Costos: 408.1205183
Utilidad Ruta: 117191.879482
Costo Reducido: 187.621782773
Nodos: [103, 17, 62, 30, 75, 40, 85, 1, 46, 23, 18, 63, 68, 22, 67, 45, 90, 32, 43, 77, 88, 21, 66, 913]
q: [0.0, 5.0, -5.0, 11.0, -11.0, 15.0, -15.0, 7.0, -7.0, 10.0, 5.0, -5.0, -10.0, 10.0, -10.0, 11.0, -11.0, 6.0, 5.0, -6.0, -5.0, 13.0, -13.0, 0.0]
Q: [0.0, 5.0, 0.0, 11.0, 0.0, 15.0, 0.0, 7.0, 0.0, 10.0, 15.0, 10.0, 0.0, 10.0, 0.0, 11.0, 0.0, 6.0, 11.0, 5.0, 0.0, 13.0, 0.0, 0.0]
B: [0.0, 24.0, 58.8425537813, 64.0, 82.7140226568, 113.5238767298, 146.0933185119, 175.0, 209.2400855285, 267.0, 293.0, 316.8182362487, 326.74376782137, 342.50019181287, 364.25487795177, 376.01755218007, 385.20917581249, 422.0, 451.0, 474.5469186944, 488.3458735099, 495.62888092442, 536.36767160362, 553.35787245592]
