Avion: 7      Iteracion: 0

Num Ruta: 1
Ingresos: 64800.0
Costos: 206.678275709
Utilidad Ruta: 64593.3217243
Costo Reducido: -
Nodos: [107, 16, 61, 30, 75, 35, 80, 26, 71, 39, 84, 4, 49, 917]
q: [0, 11.0, -11.0, 11.0, -11.0, 6.0, -6.0, 13.0, -13.0, 8.0, -8.0, 5.0, -5.0, 0]
Q: [0, 11.0, 0.0, 11.0, 0.0, 6.0, 0.0, 13.0, 0.0, 8.0, 0.0, 5.0, 0.0, 0]
B: [0.0, 36.0, 45.624091437640004, 64.0, 82.7140226568, 279.0, 298.9128833924, 308.20588877279, 325.78511674219, 388.0, 410.632187455, 529.0, 549.4257496801999, 556.24839967855]
