Avion: 3      Iteracion: 60

Num Ruta: 56
Ingresos: 52800.0
Costos: 203.506017416
Utilidad Ruta: 52596.4939826
Costo Reducido: 9.28871121773
Nodos: [103, 17, 62, 18, 63, 39, 6, 51, 84, 21, 38, 66, 83, 913]
q: [0.0, 5.0, -5.0, 11.0, -11.0, 8.0, 5.0, -5.0, -8.0, 13.0, 2.0, -13.0, -2.0, 0.0]
Q: [0.0, 5.0, 0.0, 11.0, 0.0, 8.0, 13.0, 8.0, 0.0, 13.0, 15.0, 2.0, 0.0, 0.0]
B: [0.0, 24.0, 58.8425537813, 293.0, 316.8182362487, 388.0, 436.0, 439.69228939819, 449.87740525418997, 477.0, 483.82291294097, 518.30529332577, 525.37522189684, 535.33919725811]
