Avion: 3      Iteracion: 26

Num Ruta: 29
Ingresos: 135600.0
Costos: 415.535604475
Utilidad Ruta: 135184.464396
Costo Reducido: 77.4210669665
Nodos: [103, 17, 62, 16, 61, 10, 55, 1, 31, 76, 44, 46, 89, 3, 48, 45, 90, 8, 53, 13, 58, 6, 51, 33, 78, 913]
q: [0.0, 5.0, -5.0, 11.0, -11.0, 12.0, -12.0, 7.0, 6.0, -6.0, 8.0, -7.0, -8.0, 15.0, -15.0, 11.0, -11.0, 8.0, -8.0, 15.0, -15.0, 5.0, -5.0, 10.0, -10.0, 0.0]
Q: [0.0, 5.0, 0.0, 11.0, 0.0, 12.0, 0.0, 7.0, 13.0, 7.0, 15.0, 8.0, 0.0, 15.0, 0.0, 11.0, 0.0, 8.0, 0.0, 15.0, 0.0, 5.0, 0.0, 10.0, 0.0, 0.0]
B: [0.0, 24.0, 58.8425537813, 64.17419311644, 73.79828455408, 96.0, 125.5195107344, 175.0, 183.89376197118, 197.19937597428, 211.37053559518, 256.76688983208, 272.78143884227995, 295.16816868387997, 300.25245044239995, 371.0, 380.19162363242, 414.0, 434.768396616, 436.97907275691, 453.86222370691, 478.08517233011, 481.7774617283, 562.0, 585.3035112376, 604.1422500489]
