Avion: 1      Iteracion: 39

Num Ruta: 37
Ingresos: 81600.0
Costos: 258.247070357
Utilidad Ruta: 81341.7529296
Costo Reducido: 38.2051918214
Nodos: [101, 30, 16, 61, 75, 42, 3, 48, 23, 87, 35, 80, 68, 39, 84, 6, 51, 33, 78, 911]
q: [0.0, 11.0, 4.0, -4.0, -11.0, 5.0, 10.0, -10.0, 9.0, -5.0, 6.0, -6.0, -9.0, 8.0, -8.0, 5.0, -5.0, 10.0, -10.0, 0.0]
Q: [0.0, 11.0, 15.0, 11.0, 0.0, 5.0, 15.0, 5.0, 14.0, 9.0, 15.0, 9.0, 0.0, 8.0, 0.0, 5.0, 0.0, 10.0, 0.0, 0.0]
B: [0.0, 64.0, 72.20259129788, 81.82668273552001, 84.69783929691, 239.0, 257.4606418632, 262.54492362172, 267.0, 304.0156388571, 308.07208865958, 327.98497205198, 340.60351753078, 388.0, 410.632187455, 436.0, 439.69228939819, 562.0, 585.3035112376, 590.98027404751]
