Avion: 5      Iteracion: 43

Num Ruta: 45
Ingresos: 124800.0
Costos: 356.804046268
Utilidad Ruta: 124443.195954
Costo Reducido: 43.9419742637
Nodos: [105, 10, 55, 35, 26, 80, 71, 22, 67, 8, 45, 90, 32, 19, 64, 53, 6, 51, 77, 21, 38, 66, 83, 27, 72, 37, 82, 915]
q: [0.0, 12.0, -12.0, 6.0, 9.0, -6.0, -9.0, 10.0, -10.0, 2.0, 11.0, -11.0, 6.0, 7.0, -7.0, -2.0, 5.0, -5.0, -6.0, 13.0, 2.0, -13.0, -2.0, 6.0, -6.0, 15.0, -15.0, 0.0]
Q: [0.0, 12.0, 0.0, 6.0, 15.0, 9.0, 0.0, 10.0, 0.0, 2.0, 13.0, 2.0, 8.0, 15.0, 8.0, 6.0, 11.0, 6.0, 0.0, 13.0, 15.0, 2.0, 0.0, 6.0, 0.0, 15.0, 0.0, 0.0]
B: [0.0, 96.0, 125.5195107344, 279.0, 300.0, 309.29300538039, 319.11482114938, 332.74900179948, 354.50368793838004, 414.0, 417.40515271317, 426.59677634559, 428.13238729892, 439.84730193791995, 466.47441822941994, 469.4025374209799, 478.5932090504099, 482.28549844859987, 504.9428700966999, 523.3548016900999, 530.1777146310699, 564.6600950158698, 571.7300235869399, 583.2657509155399, 600.2966132836399, 607.1325789067299, 627.92723237823, 652.99241031493]
