Avion: 5      Iteracion: 0

Num Ruta: 2
Ingresos: 212400.0
Costos: 607.408480952
Utilidad Ruta: 211792.591519
Costo Reducido: -
Nodos: [105, 16, 61, 40, 85, 10, 55, 11, 56, 36, 81, 3, 48, 23, 26, 68, 71, 45, 90, 8, 32, 77, 53, 13, 58, 21, 38, 83, 66, 33, 78, 27, 72, 37, 82, 915]
q: [0.0, 11.0, -11.0, 15.0, -15.0, 12.0, -12.0, 8.0, -8.0, 15.0, -15.0, 15.0, -15.0, 2.0, 13.0, -2.0, -13.0, 11.0, -11.0, 8.0, 6.0, -6.0, -8.0, 15.0, -15.0, 13.0, 2.0, -2.0, -13.0, 10.0, -10.0, 6.0, -6.0, 15.0, -15.0, 0.0]
Q: [0.0, 11.0, 0.0, 15.0, 0.0, 12.0, 0.0, 8.0, 0.0, 15.0, 0.0, 15.0, 0.0, 2.0, 15.0, 13.0, 0.0, 11.0, 0.0, 8.0, 14.0, 8.0, 0.0, 15.0, 0.0, 13.0, 15.0, 13.0, 0.0, 10.0, 0.0, 6.0, 0.0, 15.0, 0.0, 0.0]
B: [0.0, 36.0, 45.624091437640004, 77.27284989674001, 109.84229167884001, 127.02298575674001, 156.54249649114, 209.18071307374, 213.23477992075001, 251.0, 257.94814406874, 294.92818141324, 300.01246317176, 303.37495049515996, 337.81629403745995, 357.50266681155995, 360.56973919413997, 384.09589162073996, 393.28751525315994, 414.0, 425.4468981388, 453.3042539537, 469.35335268230006, 471.56402882321004, 488.44717977321005, 503.95857616421006, 510.78148910518007, 543.6503757458801, 550.7203043169501, 562.0, 585.3035112376, 592.52226459258, 609.55312696068, 616.38909258377, 637.1837460552699, 662.24892399197]
