Avion: 7      Iteracion: 20

Num Ruta: 18
Ingresos: 104400.0
Costos: 304.85700454
Utilidad Ruta: 104095.142995
Costo Reducido: 320.032683933
Nodos: [107, 14, 59, 11, 56, 34, 79, 39, 28, 84, 13, 58, 73, 25, 70, 15, 21, 38, 60, 4, 27, 83, 66, 72, 49, 917]
q: [0.0, 8.0, -8.0, 8.0, -8.0, 12.0, -12.0, 8.0, 7.0, -8.0, 8.0, -8.0, -7.0, 10.0, -10.0, 11.0, 0.0, 4.0, -11.0, 5.0, 6.0, -4.0, 0.0, -6.0, -5.0, 0.0]
Q: [0.0, 8.0, 0.0, 8.0, 0.0, 12.0, 0.0, 8.0, 15.0, 7.0, 15.0, 7.0, 0.0, 10.0, 0.0, 11.0, 11.0, 15.0, 4.0, 9.0, 15.0, 11.0, 11.0, 5.0, 0.0, 0.0]
B: [0.0, 112.0, 124.021711775, 169.0, 173.05406684701, 283.0, 323.947598037, 388.0, 399.3210123222, 412.3114993416, 423.0, 439.88315095, 462.92158097460003, 466.25495959096, 483.43994190106, 511.0, 516.67223351071, 523.4951464516801, 527.58241216362, 533.15709143691, 550.7718659742101, 562.3075933028101, 569.3775218738801, 590.3443110891801, 595.7595696241001, 602.5822196224501]
