Avion: 1      Iteracion: 41

Num Ruta: 39
Ingresos: 51600.0
Costos: 171.156566628
Utilidad Ruta: 51428.8434334
Costo Reducido: 34.1770808415
Nodos: [101, 40, 85, 26, 71, 19, 8, 64, 53, 911]
q: [0, 15.0, -15.0, 13.0, -13.0, 7.0, 8.0, -7.0, -8.0, 0]
Q: [0, 15.0, 0.0, 13.0, 0.0, 7.0, 15.0, 8.0, 0.0, 0]
B: [0.0, 62.0, 94.5694417821, 300.0, 317.5792279694, 402.0, 425.1608815463, 443.1178409771, 446.04596016866, 453.01867327046]
