Avion: 2      Iteracion: 4

Num Ruta: 7
Ingresos: 118800.0
Costos: 513.430286059
Utilidad Ruta: 118286.569714
Costo Reducido: 346186.288905
Nodos: [102, 24, 12, 69, 10, 57, 55, 35, 80, 34, 79, 45, 90, 25, 70, 21, 66, 15, 60, 29, 74, 912]
q: [0.0, 12.0, 3.0, -12.0, 12.0, -3.0, -12.0, 6.0, -6.0, 12.0, -12.0, 11.0, -11.0, 10.0, -10.0, 13.0, -13.0, 11.0, -11.0, 9.0, -9.0, 0.0]
Q: [0.0, 12.0, 15.0, 3.0, 15.0, 12.0, 0.0, 6.0, 0.0, 12.0, 0.0, 11.0, 0.0, 10.0, 0.0, 13.0, 0.0, 11.0, 0.0, 9.0, 0.0, 0.0]
B: [0.0, 61.0, 77.84782742670001, 111.89399666790001, 123.67992734820001, 132.39769770535, 159.91223019275, 279.0, 298.9128833924, 340.34711220139997, 381.29471023839994, 423.35761799569997, 432.54924162811994, 453.57545650381996, 470.76043881391996, 478.92915229892, 519.66794297812, 566.05371046122, 582.47487707632, 597.61275394202, 631.39253372222, 651.93964254562]
