Avion: 2      Iteracion: 0

Num Ruta: 3
Ingresos: 200400.0
Costos: 583.287289579
Utilidad Ruta: 199816.71271
Costo Reducido: -
Nodos: [102, 16, 61, 24, 30, 69, 10, 75, 55, 1, 11, 56, 46, 3, 48, 36, 81, 18, 63, 45, 90, 19, 64, 41, 86, 13, 58, 5, 50, 7, 4, 49, 52, 912]
q: [0.0, 11.0, -11.0, 14.0, 1.0, -14.0, 12.0, -1.0, -12.0, 7.0, 8.0, -8.0, -7.0, 15.0, -15.0, 15.0, -15.0, 11.0, -11.0, 11.0, -11.0, 7.0, -7.0, 13.0, -13.0, 15.0, -15.0, 12.0, -12.0, 10.0, 5.0, -5.0, -10.0, 0.0]
Q: [0.0, 11.0, 0.0, 14.0, 15.0, 1.0, 13.0, 12.0, 0.0, 7.0, 15.0, 7.0, 0.0, 15.0, 0.0, 15.0, 0.0, 11.0, 0.0, 11.0, 0.0, 7.0, 0.0, 13.0, 0.0, 15.0, 0.0, 12.0, 0.0, 10.0, 15.0, 10.0, 0.0, 0.0]
B: [0.0, 36.0, 45.624091437640004, 70.85029051714, 89.10719167804, 109.37531307594, 121.16124375624, 139.85429404234, 158.75509193554, 197.17443310634002, 215.85526170144, 219.90932854845002, 254.22505788645003, 261.32160979565003, 266.40589155417, 301.32535685647, 308.27350092521004, 329.15636119391, 352.97459744261, 381.52298349161, 390.71460712402995, 402.55646137072995, 429.18357766222994, 446.0, 466.0411203529, 480.3821530912, 497.2653040412, 524.529587142, 525.65127604718, 547.36968266458, 557.73305595708, 578.15880563728, 579.31917971489, 589.95901101059]
