Avion: 4      Iteracion: 56

Num Ruta: 54
Ingresos: 108000.0
Costos: 281.908552604
Utilidad Ruta: 107718.091447
Costo Reducido: 17.2798306638
Nodos: [104, 30, 75, 24, 69, 1, 46, 3, 48, 23, 18, 68, 63, 39, 6, 51, 84, 13, 58, 914]
q: [0.0, 11.0, -11.0, 14.0, -14.0, 7.0, -7.0, 15.0, -15.0, 4.0, 11.0, -4.0, -11.0, 8.0, 5.0, -5.0, -8.0, 15.0, -15.0, 0.0]
Q: [0.0, 11.0, 0.0, 14.0, 0.0, 7.0, 0.0, 15.0, 0.0, 4.0, 15.0, 11.0, 0.0, 8.0, 13.0, 8.0, 0.0, 15.0, 0.0, 0.0]
B: [0.0, 64.0, 82.7140226568, 107.4479935471, 145.9609438496, 175.0, 209.2400855285, 256.0, 261.08428175852, 267.0, 293.0, 318.4393114097, 328.36484298237, 388.0, 436.0, 439.69228939819, 449.87740525418997, 453.10933904063995, 469.99248999063997, 480.80821414573995]
