Avion: 5      Iteracion: 47

Num Ruta: 49
Ingresos: 108000.0
Costos: 301.247122003
Utilidad Ruta: 107698.752878
Costo Reducido: 65.7243221166
Nodos: [105, 30, 75, 24, 31, 69, 11, 56, 76, 36, 81, 18, 63, 20, 4, 49, 65, 37, 82, 915]
q: [0.0, 11.0, -11.0, 14.0, 1.0, -14.0, 8.0, -8.0, -1.0, 15.0, -15.0, 11.0, -11.0, 10.0, 5.0, -5.0, -10.0, 15.0, -15.0, 0.0]
Q: [0.0, 11.0, 0.0, 14.0, 15.0, 1.0, 9.0, 1.0, 0.0, 15.0, 0.0, 11.0, 0.0, 10.0, 15.0, 10.0, 0.0, 15.0, 0.0, 0.0]
B: [0.0, 64.0, 82.7140226568, 107.4479935471, 134.8946200247, 146.1789777822, 169.0, 173.05406684701, 176.74844541451, 251.0, 257.94814406874, 293.0, 316.8182362487, 496.0, 529.0, 549.4257496801999, 561.2869729308, 572.8644908859, 593.6591443574, 618.7243222941]
