Avion: 5      Iteracion: 62

Num Ruta: 60
Ingresos: 67200.0
Costos: 239.934044844
Utilidad Ruta: 66960.0659552
Costo Reducido: 3.94892997146
Nodos: [105, 17, 62, 9, 54, 36, 81, 34, 79, 39, 6, 51, 84, 915]
q: [0, 5.0, -5.0, 11.0, -11.0, 15.0, -15.0, 12.0, -12.0, 8.0, 5.0, -5.0, -8.0, 0]
Q: [0, 5.0, 0.0, 11.0, 0.0, 15.0, 0.0, 12.0, 0.0, 8.0, 13.0, 8.0, 0.0, 0]
B: [0.0, 24.0, 58.8425537813, 81.72911018459999, 111.25634718709999, 251.0, 257.94814406874, 283.0, 323.947598037, 388.0, 436.0, 439.69228939819, 449.87740525418997, 467.74162205758995]
