Avion: 6      Iteracion: 60

Num Ruta: 55
Ingresos: 36000.0
Costos: 85.365622046
Utilidad Ruta: 35914.634378
Costo Reducido: 7.27554388736
Nodos: [106, 40, 85, 37, 82, 916]
q: [0, 15.0, -15.0, 15.0, -15.0, 0]
Q: [0, 15.0, 0.0, 15.0, 0.0, 0]
B: [0.0, 62.0, 94.5694417821, 562.0, 582.7946534714999, 604.0940059733999]
