Avion: 7      Iteracion: 26

Num Ruta: 23
Ingresos: 153600.0
Costos: 527.578515357
Utilidad Ruta: 153072.421485
Costo Reducido: 153.995798615
Nodos: [107, 9, 54, 12, 57, 10, 55, 1, 42, 46, 23, 87, 26, 68, 71, 22, 67, 45, 90, 32, 8, 53, 6, 51, 13, 77, 58, 29, 7, 52, 74, 917]
q: [0.0, 11.0, -11.0, 14.0, -14.0, 12.0, -12.0, 7.0, 5.0, -7.0, 10.0, -5.0, 5.0, -10.0, -5.0, 10.0, -10.0, 11.0, -11.0, 6.0, 8.0, -8.0, 5.0, -5.0, 9.0, -6.0, -9.0, 9.0, 6.0, -6.0, -9.0, 0.0]
Q: [0.0, 11.0, 0.0, 14.0, 0.0, 12.0, 0.0, 7.0, 12.0, 5.0, 15.0, 10.0, 15.0, 5.0, 0.0, 10.0, 0.0, 11.0, 0.0, 6.0, 14.0, 6.0, 11.0, 6.0, 15.0, 9.0, 0.0, 9.0, 15.0, 9.0, 0.0, 0.0]
B: [0.0, 28.0, 57.5272370025, 68.3142737596, 111.6621980236, 120.37996838075, 149.89947911515, 188.31882028595, 239.0, 264.0626014013, 268.8931248719, 305.908763729, 312.80424232008, 332.49061509418, 335.55768747676, 349.19186812686, 370.94655426576, 382.70922849406, 391.90085212648, 422.0, 433.4468981388, 454.2152947548, 463.40596638423006, 467.09825578242004, 480.50832188962005, 494.3505016674201, 498.4214520478601, 549.0, 570.2768523283, 598.8181641412, 611.1149679942, 630.0855717801]
