Avion: 2      Iteracion: 54

Num Ruta: 47
Ingresos: 116400.0
Costos: 358.197255175
Utilidad Ruta: 116041.802745
Costo Reducido: 15.6284066352
Nodos: [102, 11, 56, 44, 89, 18, 36, 81, 34, 63, 79, 39, 28, 84, 13, 58, 73, 15, 7, 60, 20, 65, 52, 912]
q: [0.0, 8.0, -8.0, 14.0, -14.0, 3.0, 12.0, -12.0, 12.0, -3.0, -12.0, 8.0, 7.0, -8.0, 8.0, -8.0, -7.0, 10.0, 5.0, -10.0, 10.0, -10.0, -5.0, 0.0]
Q: [0.0, 8.0, 0.0, 14.0, 0.0, 3.0, 15.0, 3.0, 15.0, 12.0, 0.0, 8.0, 15.0, 7.0, 15.0, 7.0, 0.0, 10.0, 15.0, 5.0, 15.0, 5.0, 0.0, 0.0]
B: [0.0, 169.0, 173.05406684701, 211.0, 265.00737440390003, 293.45392730580005, 307.4209579494001, 314.3691020181401, 328.0888500114401, 356.3208874866401, 371.47351712644013, 388.0, 399.3210123222, 412.3114993416, 423.0, 439.88315095, 462.92158097460003, 511.0, 524.7672641436, 535.6720037094999, 541.8058557618399, 583.9829982089399, 596.9466827546398, 607.5865140503398]
