Avion: 3      Iteracion: 69

Num Ruta: 61
Ingresos: 44400.0
Costos: 176.737956624
Utilidad Ruta: 44223.2620434
Costo Reducido: 5.56820502265
Nodos: [103, 17, 62, 14, 59, 18, 63, 21, 66, 913]
q: [0, 5.0, -5.0, 8.0, -8.0, 11.0, -11.0, 13.0, -13.0, 0]
Q: [0, 5.0, 0.0, 8.0, 0.0, 11.0, 0.0, 13.0, 0.0, 0]
B: [0.0, 24.0, 58.8425537813, 112.0, 124.021711775, 293.0, 316.8182362487, 477.0, 517.7387906792, 534.7289915314999]
