Avion: 7      Iteracion: 32

Num Ruta: 29
Ingresos: 75600.0
Costos: 193.941967679
Utilidad Ruta: 75406.0580323
Costo Reducido: 52.0721008868
Nodos: [107, 24, 69, 1, 31, 76, 11, 56, 46, 3, 48, 8, 53, 6, 51, 917]
q: [0, 14.0, -14.0, 7.0, 6.0, -6.0, 8.0, -8.0, -7.0, 15.0, -15.0, 8.0, -8.0, 5.0, -5.0, 0]
Q: [0, 14.0, 0.0, 7.0, 13.0, 7.0, 15.0, 7.0, 0.0, 15.0, 0.0, 8.0, 0.0, 5.0, 0.0, 0]
B: [0.0, 61.0, 99.5129503025, 175.0, 183.89376197118, 197.19937597428, 197.678254873377, 201.732321720387, 236.048051058387, 256.0, 261.08428175852, 414.0, 434.768396616, 443.95906824543, 447.65135764362, 469.04552528342]
