Avion: 1      Iteracion: 0

Num Ruta: 2
Ingresos: 187200.0
Costos: 597.903188126
Utilidad Ruta: 186602.096812
Costo Reducido: -
Nodos: [101, 9, 54, 40, 85, 14, 59, 11, 56, 1, 46, 3, 48, 42, 87, 26, 71, 45, 90, 25, 70, 13, 58, 5, 50, 41, 86, 21, 66, 911]
q: [0, 11.0, -11.0, 15.0, -15.0, 8.0, -8.0, 8.0, -8.0, 7.0, -7.0, 15.0, -15.0, 5.0, -5.0, 13.0, -13.0, 11.0, -11.0, 10.0, -10.0, 15.0, -15.0, 12.0, -12.0, 13.0, -13.0, 13.0, -13.0, 0]
Q: [0, 11.0, 0.0, 15.0, 0.0, 8.0, 0.0, 8.0, 0.0, 7.0, 0.0, 15.0, 0.0, 5.0, 0.0, 13.0, 0.0, 11.0, 0.0, 10.0, 0.0, 15.0, 0.0, 12.0, 0.0, 13.0, 0.0, 13.0, 0.0, 0]
B: [0.0, 28.0, 57.5272370025, 86.4860319533, 119.0554737354, 147.6338756676, 159.6555874426, 189.1040165518, 193.15808339881, 215.82753493611, 250.06762046461, 257.16417237381, 262.24845413233, 283.87375581813, 331.92359046923, 338.81906906031, 356.39829702971, 379.92444945631, 389.11607308873, 410.14228796443, 427.32727027453, 443.32833073943, 460.21148168943, 487.47576479023, 488.59745369541, 497.42369151228, 517.46481186518, 535.3278688263799, 576.0666595055799, 598.2648195419799]
