Avion: 1      Iteracion: 32

Num Ruta: 32
Ingresos: 100800.0
Costos: 353.830525975
Utilidad Ruta: 100446.169474
Costo Reducido: 97.801176914
Nodos: [101, 9, 54, 24, 69, 31, 11, 76, 56, 25, 70, 21, 38, 66, 83, 15, 60, 29, 74, 911]
q: [0.0, 11.0, -11.0, 14.0, -14.0, 6.0, 8.0, -6.0, -8.0, 10.0, -10.0, 7.0, 8.0, -7.0, -8.0, 11.0, -11.0, 9.0, -9.0, 0.0]
Q: [0.0, 11.0, 0.0, 14.0, 0.0, 6.0, 14.0, 8.0, 0.0, 10.0, 0.0, 7.0, 15.0, 8.0, 0.0, 11.0, 0.0, 9.0, 0.0, 0.0]
B: [0.0, 28.0, 57.5272370025, 81.6674868976, 120.1804372001, 131.4647949576, 169.0, 169.478878899097, 173.173257466597, 410.0, 427.1849823101, 477.0, 483.82291294097, 518.30529332577, 525.37522189684, 569.37923472524, 585.80040134034, 600.9382782060401, 634.7180579862401, 651.09803970174]
