Avion: 5      Iteracion: 70

Num Ruta: 66
Ingresos: 58800.0
Costos: 187.578766683
Utilidad Ruta: 58612.4212333
Costo Reducido: 7.95277692462
Nodos: [105, 10, 55, 41, 86, 20, 4, 49, 65, 2, 47, 915]
q: [0, 12.0, -12.0, 13.0, -13.0, 10.0, 5.0, -5.0, -10.0, 9.0, -9.0, 0]
Q: [0, 12.0, 0.0, 13.0, 0.0, 10.0, 15.0, 10.0, 0.0, 9.0, 0.0, 0]
B: [0.0, 96.0, 125.5195107344, 446.0, 466.0411203529, 496.0, 529.0, 549.4257496801999, 561.2869729308, 568.6172701962599, 609.35223224366, 620.40831586306]
