Avion: 6      Iteracion: 14

Num Ruta: 16
Ingresos: 33600.0
Costos: 169.722865935
Utilidad Ruta: 33430.2771341
Costo Reducido: 653.07170554
Nodos: [106, 9, 54, 34, 79, 43, 88, 916]
q: [0, 11.0, -11.0, 12.0, -12.0, 5.0, -5.0, 0]
Q: [0, 11.0, 0.0, 12.0, 0.0, 5.0, 0.0, 0]
B: [0.0, 28.0, 57.5272370025, 283.0, 323.947598037, 451.0, 468.262321107, 487.8616007111]
