Avion: 7      Iteracion: 8

Num Ruta: 10
Ingresos: 130800.0
Costos: 494.404924918
Utilidad Ruta: 130305.595075
Costo Reducido: 189976.272475
Nodos: [107, 17, 62, 1, 11, 56, 44, 42, 46, 89, 87, 35, 26, 80, 71, 22, 67, 19, 32, 64, 6, 51, 77, 5, 50, 15, 60, 7, 4, 49, 52, 917]
q: [0.0, 5.0, -5.0, 0.0, 8.0, -8.0, 10.0, 5.0, 0.0, -10.0, -5.0, 6.0, 9.0, -6.0, -9.0, 10.0, -10.0, 7.0, 6.0, -7.0, 5.0, -5.0, -6.0, 12.0, -12.0, 11.0, -11.0, 10.0, 5.0, -5.0, -10.0, 0.0]
Q: [0.0, 5.0, 0.0, 0.0, 8.0, 0.0, 10.0, 15.0, 15.0, 5.0, 0.0, 6.0, 15.0, 9.0, 0.0, 10.0, 0.0, 7.0, 13.0, 6.0, 11.0, 6.0, 0.0, 12.0, 0.0, 11.0, 0.0, 10.0, 15.0, 10.0, 0.0, 0.0]
B: [0.0, 42.7570493018, 77.59960308309999, 175.0, 193.6808285951, 197.73489544211, 211.0, 239.0, 264.0626014013, 280.07715041150004, 297.70525697460005, 301.76170677708006, 312.38892136978006, 321.6819267501701, 331.5037425191601, 345.1379231692601, 366.8926093081601, 402.0, 422.0, 441.5724706923, 453.36348968979996, 457.05577908798995, 479.71315073609, 504.65538580029, 505.77707470547, 539.17926918427, 555.60043579937, 566.5051753652699, 576.8685486577699, 597.2942983379698, 598.4546724155798, 605.1441208980798]
