Avion: 3      Iteracion: 29

Num Ruta: 32
Ingresos: 109200.0
Costos: 385.114448201
Utilidad Ruta: 108814.885552
Costo Reducido: 79.3594869468
Nodos: [103, 17, 30, 62, 75, 24, 69, 31, 76, 44, 42, 89, 35, 87, 80, 6, 51, 13, 58, 27, 33, 72, 78, 913]
q: [0.0, 5.0, 10.0, -5.0, -10.0, 14.0, -14.0, 6.0, -6.0, 14.0, 1.0, -14.0, 6.0, -1.0, -6.0, 5.0, -5.0, 15.0, -15.0, 6.0, 9.0, -6.0, -9.0, 0.0]
Q: [0.0, 5.0, 15.0, 10.0, 0.0, 14.0, 0.0, 6.0, 0.0, 14.0, 15.0, 1.0, 7.0, 6.0, 0.0, 5.0, 0.0, 15.0, 0.0, 6.0, 15.0, 9.0, 0.0, 0.0]
B: [0.0, 24.0, 64.0, 67.14445448369, 83.24240000479, 107.97637089509, 146.48932119759002, 157.77367895509002, 171.07929295819002, 211.0, 239.0, 276.4881823646, 296.9043957745, 300.96084557698003, 317.03505454668004, 436.0, 439.69228939819, 453.10235550539, 469.98550645539, 538.0, 562.0, 575.8471699997, 596.4139622873, 615.2527010986]
