Avion: 1      Iteracion: 1

Num Ruta: 5
Ingresos: 178800.0
Costos: 534.217690058
Utilidad Ruta: 178265.78231
Costo Reducido: 222377.88871
Nodos: [101, 16, 61, 40, 85, 14, 59, 31, 76, 44, 89, 23, 68, 26, 71, 45, 90, 25, 70, 13, 58, 41, 50, 5, 86, 15, 60, 911]
q: [0.0, 11.0, -11.0, 15.0, -15.0, 8.0, -8.0, 6.0, -6.0, 14.0, -14.0, 10.0, -10.0, 13.0, -13.0, 11.0, -11.0, 10.0, -10.0, 15.0, -15.0, 13.0, -12.0, 12.0, -13.0, 11.0, -11.0, 0.0]
Q: [0.0, 11.0, 0.0, 15.0, 0.0, 8.0, 0.0, 6.0, 0.0, 14.0, 0.0, 10.0, 0.0, 13.0, 0.0, 11.0, 0.0, 10.0, 0.0, 15.0, 0.0, 13.0, 1.0, 13.0, 0.0, 11.0, 0.0, 0.0]
B: [0.0, 36.0, 45.624091437640004, 77.27284989674001, 109.84229167884001, 138.42069361104, 150.44240538604, 177.65447259894, 190.96008660204, 211.0, 265.00737440390003, 285.83796549010003, 325.57180839510005, 345.25818116920004, 362.83740913860004, 386.36356156520003, 395.55518519762, 416.58140007332, 433.76638238342, 449.76744284832, 466.65059379832, 501.45654508542003, 510.28278290229, 511.40447180747003, 523.43035992437, 546.02023298727, 562.44139960237, 570.77215328976]
