Avion: 5      Iteracion: 10

Num Ruta: 13
Ingresos: 96000.0
Costos: 315.245265476
Utilidad Ruta: 95684.7547345
Costo Reducido: 177697.255075
Nodos: [105, 17, 62, 30, 75, 16, 61, 14, 59, 6, 51, 13, 58, 21, 38, 83, 66, 33, 78, 915]
q: [0.0, 5.0, -5.0, 11.0, -11.0, 11.0, -11.0, 8.0, -8.0, 5.0, -5.0, 15.0, -15.0, 7.0, 8.0, -8.0, -7.0, 10.0, -10.0, 0.0]
Q: [0.0, 5.0, 0.0, 11.0, 0.0, 11.0, 0.0, 8.0, 0.0, 5.0, 0.0, 15.0, 0.0, 7.0, 15.0, 7.0, 0.0, 10.0, 0.0, 0.0]
B: [0.0, 24.0, 58.8425537813, 64.0, 82.7140226568, 93.53069441849999, 103.15478585614, 129.94109036054, 141.96280213554, 436.0, 439.69228939819, 453.10235550539, 469.98550645539, 485.49690284639, 492.31981578736, 525.18870242806, 532.25863099913, 562.0, 585.3035112376, 601.5361031748]
