Avion: 2      Iteracion: 13

Num Ruta: 12
Ingresos: 116400.0
Costos: 517.373909739
Utilidad Ruta: 115882.62609
Costo Reducido: 55839.2015903
Nodos: [102, 30, 16, 61, 75, 24, 69, 1, 31, 76, 44, 46, 89, 3, 48, 34, 79, 28, 73, 8, 53, 4, 38, 83, 27, 72, 49, 912]
q: [0.0, 0.0, 0.0, 0.0, 0.0, 14.0, -14.0, 7.0, 6.0, -6.0, 8.0, -7.0, -8.0, 15.0, -15.0, 12.0, -12.0, 8.0, -8.0, 8.0, -8.0, 5.0, 8.0, -8.0, 6.0, -6.0, -5.0, 0.0]
Q: [0.0, 0.0, 0.0, 0.0, 0.0, 14.0, 0.0, 7.0, 13.0, 7.0, 15.0, 8.0, 0.0, 15.0, 0.0, 12.0, 0.0, 8.0, 0.0, 8.0, 0.0, 5.0, 13.0, 5.0, 11.0, 5.0, 0.0, 0.0]
B: [0.0, 64.0, 72.20259129788, 81.82668273552001, 84.69783929691, 109.43181018721, 147.94476048971, 175.0, 183.89376197118, 197.19937597428, 211.37053559518, 256.76688983208, 272.78143884227995, 295.16816868387997, 300.25245044239995, 341.52525020199994, 382.4728482389999, 391.6530317883599, 427.6796505722599, 462.2724808265599, 483.0408774425599, 529.0, 537.33390040737, 570.20278704807, 581.7385143766701, 598.76937674477, 604.18463527969, 615.83883563839]
