Avion: 3      Iteracion: 18

Num Ruta: 22
Ingresos: 33600.0
Costos: 212.767478202
Utilidad Ruta: 33387.2325218
Costo Reducido: 872.85891985
Nodos: [103, 6, 51, 21, 66, 20, 65, 913]
q: [0, 5.0, -5.0, 13.0, -13.0, 10.0, -10.0, 0]
Q: [0, 5.0, 0.0, 13.0, 0.0, 10.0, 0.0, 0]
B: [0.0, 436.0, 439.69228939819, 477.0, 517.7387906792, 554.1640824007, 596.3412248477999, 633.6428713664]
