Avion: 6      Iteracion: 33

Num Ruta: 34
Ingresos: 114000.0
Costos: 318.088462404
Utilidad Ruta: 113681.911538
Costo Reducido: 116.614010413
Nodos: [106, 9, 54, 14, 59, 45, 90, 8, 53, 13, 32, 58, 77, 5, 50, 4, 20, 49, 65, 37, 82, 916]
q: [0.0, 11.0, -11.0, 8.0, -8.0, 11.0, -11.0, 8.0, -8.0, 9.0, 6.0, -9.0, -6.0, 12.0, -12.0, 5.0, 10.0, -5.0, -10.0, 15.0, -15.0, 0.0]
Q: [0.0, 11.0, 0.0, 8.0, 0.0, 11.0, 0.0, 8.0, 0.0, 9.0, 15.0, 6.0, 0.0, 12.0, 0.0, 5.0, 15.0, 10.0, 0.0, 15.0, 0.0, 0.0]
B: [0.0, 28.0, 57.5272370025, 112.0, 124.021711775, 371.0, 380.19162363242, 414.0, 434.768396616, 436.97907275691, 459.63993964231, 487.01909320851, 491.09004358895004, 516.03227865315, 517.15396755833, 530.44685603303, 540.7260070680301, 571.10599679813, 582.96722004873, 594.54473800383, 615.3393914753301, 636.6387439772301]
