Avion: 7      Iteracion: 56

Num Ruta: 47
Ingresos: 79200.0
Costos: 242.42095866
Utilidad Ruta: 78957.5790413
Costo Reducido: 6.8220806653
Nodos: [107, 24, 69, 1, 46, 3, 48, 8, 19, 53, 64, 4, 20, 49, 65, 917]
q: [0, 14.0, -14.0, 7.0, -7.0, 15.0, -15.0, 8.0, 7.0, -8.0, -7.0, 5.0, 10.0, -5.0, -10.0, 0]
Q: [0, 14.0, 0.0, 7.0, 0.0, 15.0, 0.0, 8.0, 15.0, 7.0, 0.0, 5.0, 15.0, 10.0, 0.0, 0]
B: [0.0, 61.0, 99.5129503025, 175.0, 209.2400855285, 256.0, 261.08428175852, 414.0, 437.1608815463, 466.0513395558, 468.97945874735996, 529.0, 539.279151035, 569.6591407651, 581.5203640157, 594.4010150086]
