Avion: 7      Iteracion: 55

Num Ruta: 46
Ingresos: 100800.0
Costos: 276.10677775
Utilidad Ruta: 100523.893222
Costo Reducido: 16.9091039408
Nodos: [107, 24, 69, 1, 46, 3, 48, 42, 87, 26, 71, 13, 58, 29, 27, 74, 72, 917]
q: [0, 14.0, -14.0, 7.0, -7.0, 15.0, -15.0, 5.0, -5.0, 13.0, -13.0, 15.0, -15.0, 9.0, 6.0, -9.0, -6.0, 0]
Q: [0, 14.0, 0.0, 7.0, 0.0, 15.0, 0.0, 5.0, 0.0, 13.0, 0.0, 15.0, 0.0, 9.0, 15.0, 6.0, 0.0, 0]
B: [0.0, 61.0, 99.5129503025, 175.0, 209.2400855285, 256.0, 261.08428175852, 282.70958344432, 330.75941809542, 337.6548966865, 355.2341246559, 423.0, 439.88315095, 549.0, 574.6018082369, 582.8182362320799, 598.26561380888, 603.8430499582199]
