Avion: 6      Iteracion: 36

Num Ruta: 37
Ingresos: 165600.0
Costos: 513.32542796
Utilidad Ruta: 165086.674572
Costo Reducido: 36.9773792923
Nodos: [106, 9, 54, 12, 57, 1, 46, 3, 48, 18, 34, 63, 79, 28, 73, 25, 70, 19, 64, 13, 58, 21, 38, 83, 66, 27, 72, 37, 82, 916]
q: [0.0, 11.0, -11.0, 14.0, -14.0, 7.0, -7.0, 15.0, -15.0, 3.0, 12.0, -3.0, -12.0, 8.0, -8.0, 10.0, -10.0, 7.0, -7.0, 15.0, -15.0, 7.0, 8.0, -8.0, -7.0, 6.0, -6.0, 15.0, -15.0, 0.0]
Q: [0.0, 11.0, 0.0, 14.0, 0.0, 7.0, 0.0, 15.0, 0.0, 3.0, 15.0, 12.0, 0.0, 8.0, 0.0, 10.0, 0.0, 7.0, 0.0, 15.0, 0.0, 7.0, 15.0, 7.0, 0.0, 6.0, 0.0, 15.0, 0.0, 0.0]
B: [0.0, 28.0, 57.5272370025, 68.3142737596, 111.6621980236, 175.0, 209.2400855285, 256.0, 261.08428175852, 293.0, 316.7154937119, 344.9475311871, 360.10016082690004, 378.0, 414.0266187839, 417.35999740026, 434.54497971036, 451.21787139116, 477.84498768265996, 482.07260698908, 498.95575793908, 514.46715433008, 521.29006727105, 554.15895391175, 561.22888248282, 574.4063306804201, 591.43719304852, 598.2731586716101, 619.0678121431101, 640.3671646450101]
