Avion: 4      Iteracion: 17

Num Ruta: 20
Ingresos: 144000.0
Costos: 461.376450504
Utilidad Ruta: 143538.623549
Costo Reducido: 300.377972574
Nodos: [104, 30, 16, 61, 75, 24, 69, 31, 76, 34, 18, 63, 79, 28, 73, 25, 70, 19, 64, 5, 50, 41, 86, 15, 20, 60, 4, 49, 65, 914]
q: [0.0, 11.0, 4.0, -4.0, -11.0, 14.0, -14.0, 6.0, -6.0, 4.0, 11.0, -11.0, -4.0, 8.0, -8.0, 10.0, -10.0, 7.0, -7.0, 12.0, -12.0, 13.0, -13.0, 5.0, 10.0, -5.0, 5.0, -5.0, -10.0, 0.0]
Q: [0.0, 11.0, 15.0, 11.0, 0.0, 14.0, 0.0, 6.0, 0.0, 4.0, 15.0, 4.0, 0.0, 8.0, 0.0, 10.0, 0.0, 7.0, 0.0, 12.0, 0.0, 13.0, 0.0, 5.0, 15.0, 10.0, 15.0, 10.0, 0.0, 0.0]
B: [0.0, 64.0, 72.20259129788, 81.82668273552001, 84.69783929691, 109.43181018721, 147.94476048971, 159.22911824721, 172.53473225031001, 283.0, 306.7154937119, 330.5337299606, 345.6863596004, 378.0, 414.0266187839, 417.35999740026, 434.54497971036, 451.21787139116, 477.84498768265996, 485.69530092481995, 486.81698982999995, 495.64322764686995, 515.6843479997699, 538.2742210626699, 548.5751131599699, 554.7089652123099, 560.2836444855999, 580.7093941658, 592.5706174164, 636.4622219096999]
