Avion: 3      Iteracion: 3

Num Ruta: 7
Ingresos: 128400.0
Costos: 455.105884712
Utilidad Ruta: 127944.894115
Costo Reducido: 244452.285667
Nodos: [103, 12, 57, 31, 11, 76, 56, 44, 89, 3, 48, 18, 63, 45, 90, 8, 53, 20, 65, 33, 78, 913]
q: [0, 14.0, -14.0, 6.0, 8.0, -6.0, -8.0, 14.0, -14.0, 15.0, -15.0, 11.0, -11.0, 11.0, -11.0, 8.0, -8.0, 10.0, -10.0, 10.0, -10.0, 0]
Q: [0, 14.0, 0.0, 6.0, 14.0, 8.0, 0.0, 14.0, 0.0, 15.0, 0.0, 11.0, 0.0, 11.0, 0.0, 8.0, 0.0, 10.0, 0.0, 10.0, 0.0, 0]
B: [0.0, 54.0, 97.347924264, 130.0, 169.0, 169.478878899097, 173.173257466597, 211.0, 265.00737440390003, 287.39410424550005, 292.47838600402, 313.51739515372003, 337.33563140242, 371.0, 380.19162363242, 414.0, 434.768396616, 496.0, 538.1771424471, 562.0, 585.3035112376, 604.1422500489]
