Avion: 4      Iteracion: 41

Num Ruta: 43
Ingresos: 145200.0
Costos: 447.803126156
Utilidad Ruta: 144752.196874
Costo Reducido: 16.068285874
Nodos: [104, 40, 85, 14, 59, 3, 48, 18, 36, 81, 34, 63, 79, 39, 28, 84, 73, 25, 43, 70, 88, 15, 20, 60, 7, 4, 52, 49, 65, 914]
q: [0.0, 15.0, -15.0, 8.0, -8.0, 15.0, -15.0, 3.0, 12.0, -12.0, 12.0, -3.0, -12.0, 8.0, 7.0, -8.0, -7.0, 10.0, 5.0, -10.0, -5.0, 11.0, 4.0, -11.0, 10.0, 1.0, -10.0, -1.0, -4.0, 0.0]
Q: [0.0, 15.0, 0.0, 8.0, 0.0, 15.0, 0.0, 3.0, 15.0, 3.0, 15.0, 12.0, 0.0, 8.0, 15.0, 7.0, 0.0, 10.0, 15.0, 5.0, 0.0, 11.0, 15.0, 4.0, 14.0, 15.0, 5.0, 4.0, 0.0, 0.0]
B: [0.0, 62.0, 94.5694417821, 123.1478437143, 135.1695554893, 256.0, 261.08428175852, 293.0, 306.9670306436, 313.91517471234005, 327.63492270564007, 355.86696018084007, 371.0195898206401, 388.0, 399.3210123222, 412.3114993416, 448.3244104708, 451.65778908716, 465.71894785876, 478.75616938025996, 486.50534540097, 511.0, 521.3008920973, 527.43474414964, 538.3394837155399, 548.7028570080399, 567.97521799474, 569.1355920723499, 580.9968153229499, 624.8884198162499]
