Avion: 2      Iteracion: 30

Num Ruta: 27
Ingresos: 129600.0
Costos: 374.652607286
Utilidad Ruta: 129225.347393
Costo Reducido: 126.353236125
Nodos: [102, 17, 16, 61, 62, 14, 59, 18, 63, 22, 67, 45, 90, 32, 8, 53, 13, 77, 58, 29, 27, 74, 72, 37, 82, 912]
q: [0.0, 5.0, 10.0, -10.0, -5.0, 8.0, -8.0, 11.0, -11.0, 10.0, -10.0, 11.0, -11.0, 6.0, 8.0, -8.0, 9.0, -6.0, -9.0, 9.0, 6.0, -9.0, -6.0, 15.0, -15.0, 0.0]
Q: [0.0, 5.0, 15.0, 5.0, 0.0, 8.0, 0.0, 11.0, 0.0, 10.0, 0.0, 11.0, 0.0, 6.0, 14.0, 6.0, 15.0, 9.0, 0.0, 9.0, 15.0, 6.0, 0.0, 15.0, 0.0, 0.0]
B: [0.0, 36.2584976247, 71.05997460489999, 80.68406604254, 95.33183481463999, 112.0, 124.021711775, 293.0, 316.8182362487, 332.3010836612, 354.0557698001, 371.0, 380.19162363242, 422.0, 433.4468981388, 454.2152947548, 456.42597089571, 470.26815067351004, 474.33910105395006, 549.0, 574.6018082369, 582.8182362320799, 598.26561380888, 605.10157943197, 625.89623290347, 642.7170947125701]
