Avion: 6      Iteracion: 0

Num Ruta: 1
Ingresos: 76800.0
Costos: 312.705835238
Utilidad Ruta: 76487.2941648
Costo Reducido: -
Nodos: [106, 12, 57, 22, 67, 45, 90, 19, 43, 64, 88, 38, 83, 2, 47, 916]
q: [0, 14.0, -14.0, 10.0, -10.0, 11.0, -11.0, 7.0, 5.0, -7.0, -5.0, 8.0, -8.0, 9.0, -9.0, 0]
Q: [0, 14.0, 0.0, 10.0, 0.0, 11.0, 0.0, 7.0, 12.0, 5.0, 0.0, 8.0, 0.0, 9.0, 0.0, 0]
B: [0.0, 54.0, 97.347924264, 299.0, 320.7546861389, 371.0, 380.19162363242, 402.0, 451.0, 471.20454651800003, 495.58376410180006, 505.71892793870006, 538.5878145794001, 568.438688101, 609.1736501484, 623.0223405197]
