Avion: 7      Iteracion: 13

Num Ruta: 14
Ingresos: 18000.0
Costos: 98.441511787
Utilidad Ruta: 17901.5584882
Costo Reducido: 3315.74741125
Nodos: [107, 24, 12, 69, 57, 917]
q: [0.0, 14.0, 1.0, -14.0, -1.0, 0.0]
Q: [0.0, 14.0, 15.0, 1.0, 0.0, 0.0]
B: [0.0, 61.0, 77.84782742670001, 111.89399666790001, 127.82623423830002, 149.54024595880003]
