Avion: 7      Iteracion: 46

Num Ruta: 42
Ingresos: 91200.0
Costos: 249.843056616
Utilidad Ruta: 90950.1569434
Costo Reducido: 27.232065636
Nodos: [107, 24, 69, 1, 46, 5, 50, 41, 86, 7, 20, 52, 65, 37, 82, 917]
q: [0.0, 14.0, -14.0, 7.0, -7.0, 12.0, -12.0, 13.0, -13.0, 5.0, 10.0, -5.0, -10.0, 15.0, -15.0, 0.0]
Q: [0.0, 14.0, 0.0, 7.0, 0.0, 12.0, 0.0, 13.0, 0.0, 5.0, 15.0, 10.0, 0.0, 15.0, 0.0, 0.0]
B: [0.0, 61.0, 99.5129503025, 175.0, 209.2400855285, 469.0, 470.12168890518, 478.94792672205, 498.98904707495, 517.0, 525.74295442056, 554.98896180616, 567.9526463518599, 579.5301643069599, 600.3248177784599, 620.3965499657598]
