Avion: 1      Iteracion: 87

Num Ruta: 65
Ingresos: 72000.0
Costos: 211.600693031
Utilidad Ruta: 71788.399307
Costo Reducido: 0.292606361414
Nodos: [101, 24, 69, 36, 81, 34, 79, 28, 73, 15, 60, 911]
q: [0, 14.0, -14.0, 15.0, -15.0, 12.0, -12.0, 8.0, -8.0, 11.0, -11.0, 0]
Q: [0, 14.0, 0.0, 15.0, 0.0, 12.0, 0.0, 8.0, 0.0, 11.0, 0.0, 0]
B: [0.0, 61.0, 99.5129503025, 251.0, 257.94814406874, 283.0, 323.947598037, 378.0, 414.0266187839, 511.0, 527.4211666151, 535.75192030249]
