Avion: 6      Iteracion: 4

Num Ruta: 6
Ingresos: 157200.0
Costos: 527.804812102
Utilidad Ruta: 156672.195188
Costo Reducido: 355524.044703
Nodos: [106, 12, 57, 31, 14, 59, 11, 56, 76, 36, 81, 35, 80, 22, 67, 45, 90, 25, 70, 19, 64, 5, 50, 38, 21, 83, 66, 2, 47, 916]
q: [0.0, 14.0, -14.0, 6.0, 8.0, -8.0, 8.0, -8.0, -6.0, 15.0, -15.0, 6.0, -6.0, 10.0, -10.0, 11.0, -11.0, 10.0, -10.0, 7.0, -7.0, 12.0, -12.0, 2.0, 13.0, -2.0, -13.0, 9.0, -9.0, 0.0]
Q: [0.0, 14.0, 0.0, 6.0, 14.0, 6.0, 14.0, 6.0, 0.0, 15.0, 0.0, 6.0, 0.0, 10.0, 0.0, 11.0, 0.0, 10.0, 0.0, 7.0, 0.0, 12.0, 0.0, 2.0, 15.0, 13.0, 0.0, 9.0, 0.0, 0.0]
B: [0.0, 54.0, 97.347924264, 130.0, 147.5196824172, 159.5413941922, 188.98982330139998, 193.04389014841, 196.73826871590998, 251.0, 257.94814406874, 308.86250452824004, 328.77538792064, 343.88964254994, 365.64432868884, 377.40700291714, 386.59862654956, 410.0, 427.1849823101, 443.8578739909, 470.48499028239996, 478.33530352455995, 479.45699242973996, 501.03868513443996, 507.86159807541, 546.37333654561, 553.44326511668, 577.29427884778, 618.02924089518, 631.87793126648]
