Avion: 6      Iteracion: 6

Num Ruta: 8
Ingresos: 165600.0
Costos: 570.991158068
Utilidad Ruta: 165029.008842
Costo Reducido: 244090.026407
Nodos: [106, 16, 61, 9, 40, 54, 30, 75, 85, 14, 59, 1, 46, 3, 48, 23, 35, 80, 26, 71, 68, 39, 84, 41, 86, 32, 38, 77, 83, 27, 7, 52, 72, 916]
q: [0.0, 11.0, -11.0, 11.0, 4.0, -11.0, 11.0, -11.0, -4.0, 8.0, -8.0, 7.0, -7.0, 15.0, -15.0, 2.0, 6.0, -6.0, 13.0, -13.0, -2.0, 8.0, -8.0, 13.0, -13.0, 6.0, 8.0, -6.0, -8.0, 5.0, 10.0, -10.0, -5.0, 0.0]
Q: [0.0, 11.0, 0.0, 11.0, 15.0, 4.0, 15.0, 4.0, 0.0, 8.0, 0.0, 7.0, 0.0, 15.0, 0.0, 2.0, 8.0, 2.0, 15.0, 2.0, 0.0, 8.0, 0.0, 13.0, 0.0, 6.0, 14.0, 8.0, 0.0, 5.0, 15.0, 5.0, 0.0, 0.0]
B: [0.0, 36.0, 45.624091437640004, 75.68094759394, 77.75517853576001, 106.71397348656001, 122.50187382196, 141.21589647876002, 143.26119596783002, 171.83959790003001, 183.86130967503001, 219.54303889323, 253.78312442173, 260.87967633093, 265.96395808945, 269.32644541285, 309.76699695455, 329.67988034695, 338.97288572734, 356.55211369674, 359.61918607932, 388.0, 410.632187455, 446.0, 466.0411203529, 474.43811338612, 488.87509108232, 503.90553831452, 525.90161707872, 538.0, 565.6633233723, 594.2046351852, 598.60455575266, 620.33326413586]
