Avion: 1      Iteracion: 18

Num Ruta: 19
Ingresos: 64800.0
Costos: 327.199298028
Utilidad Ruta: 64472.800702
Costo Reducido: 991.140170685
Nodos: [101, 9, 54, 40, 85, 6, 51, 21, 66, 20, 65, 911]
q: [0, 11.0, -11.0, 15.0, -15.0, 5.0, -5.0, 13.0, -13.0, 10.0, -10.0, 0]
Q: [0, 11.0, 0.0, 15.0, 0.0, 5.0, 0.0, 13.0, 0.0, 10.0, 0.0, 0]
B: [0.0, 28.0, 57.5272370025, 86.4860319533, 119.0554737354, 436.0, 439.69228939819, 477.0, 517.7387906792, 554.1640824007, 596.3412248477999, 626.9421105375999]
