Avion: 4      Iteracion: 9

Num Ruta: 13
Ingresos: 140400.0
Costos: 615.145289592
Utilidad Ruta: 139784.85471
Costo Reducido: 191119.484076
Nodos: [104, 17, 62, 30, 75, 16, 61, 10, 55, 44, 3, 48, 23, 89, 26, 71, 68, 22, 67, 25, 8, 53, 38, 70, 83, 29, 7, 52, 74, 914]
q: [0.0, 5.0, -5.0, 11.0, -11.0, 11.0, -11.0, 12.0, -12.0, 13.0, 2.0, -2.0, 2.0, -13.0, 13.0, -13.0, -2.0, 10.0, -10.0, 7.0, 8.0, -8.0, 8.0, -7.0, -8.0, 5.0, 10.0, -10.0, -5.0, 0.0]
Q: [0.0, 5.0, 0.0, 11.0, 0.0, 11.0, 0.0, 12.0, 0.0, 13.0, 15.0, 13.0, 15.0, 2.0, 15.0, 2.0, 0.0, 10.0, 0.0, 7.0, 15.0, 7.0, 15.0, 8.0, 0.0, 5.0, 15.0, 5.0, 0.0, 0.0]
B: [0.0, 26.5094038032, 61.3519575845, 64.49641206819, 83.21043472499, 94.02710648669, 103.65119792433, 119.48047513463001, 148.99998586903, 215.85520410213002, 256.0, 261.08428175852, 267.0, 287.8305910862, 305.6308662526, 323.210094222, 326.27716660458003, 342.03359059608005, 363.78827673498006, 410.0, 441.9648793835, 462.7332759995, 481.0338526571, 485.35551541581, 515.69929988641, 550.0954755459101, 571.3723278742101, 599.91363968711, 612.2104435401101, 637.01887156371]
