Avion: 3      Iteracion: 74

Num Ruta: 65
Ingresos: 103200.0
Costos: 380.978712856
Utilidad Ruta: 102819.021287
Costo Reducido: 5.20412021235
Nodos: [103, 17, 62, 30, 75, 24, 69, 1, 46, 18, 63, 22, 67, 19, 25, 64, 70, 21, 66, 913]
q: [0.0, 5.0, -5.0, 11.0, -11.0, 14.0, -14.0, 7.0, -7.0, 11.0, -11.0, 10.0, -10.0, 7.0, 8.0, -7.0, -8.0, 13.0, -13.0, 0.0]
Q: [0.0, 5.0, 0.0, 11.0, 0.0, 14.0, 0.0, 7.0, 0.0, 11.0, 0.0, 10.0, 0.0, 7.0, 15.0, 8.0, 0.0, 13.0, 0.0, 0.0]
B: [0.0, 24.0, 58.8425537813, 64.0, 82.7140226568, 107.4479935471, 145.9609438496, 175.0, 209.2400855285, 293.0, 316.8182362487, 332.3010836612, 354.0557698001, 402.0, 411.3920072402, 443.0677203656, 459.8545768015, 477.0, 517.7387906792, 534.7289915314999]
