Avion: 2      Iteracion: 7

Num Ruta: 8
Ingresos: 72000.0
Costos: 339.115856058
Utilidad Ruta: 71660.8841439
Costo Reducido: 287427.059088
Nodos: [102, 17, 62, 12, 57, 36, 81, 39, 84, 28, 73, 20, 65, 912]
q: [0, 5.0, -5.0, 14.0, -14.0, 15.0, -15.0, 8.0, -8.0, 8.0, -8.0, 10.0, -10.0, 0]
Q: [0, 5.0, 0.0, 14.0, 0.0, 15.0, 0.0, 8.0, 0.0, 8.0, 0.0, 10.0, 0.0, 0]
B: [0.0, 36.2584976247, 71.101051406, 90.8097451476, 134.1576694116, 251.0, 257.94814406874, 388.0, 410.632187455, 423.6226744744, 459.6492932583, 496.0, 538.1771424471, 559.7693628285]
