Avion: 1      Iteracion: 2

Num Ruta: 6
Ingresos: 184800.0
Costos: 600.739912043
Utilidad Ruta: 184199.260088
Costo Reducido: 266873.845204
Nodos: [101, 16, 61, 30, 75, 24, 69, 31, 76, 44, 11, 56, 89, 3, 48, 34, 79, 28, 45, 90, 25, 73, 70, 21, 38, 66, 83, 27, 7, 72, 52, 37, 82, 911]
q: [0.0, 11.0, -11.0, 11.0, -11.0, 14.0, -14.0, 6.0, -6.0, 14.0, 1.0, -1.0, -14.0, 15.0, -15.0, 12.0, -12.0, 4.0, 11.0, -11.0, 10.0, -4.0, -10.0, 13.0, 2.0, -13.0, -2.0, 5.0, 10.0, -5.0, -10.0, 15.0, -15.0, 0.0]
Q: [0.0, 11.0, 0.0, 11.0, 0.0, 14.0, 0.0, 6.0, 0.0, 14.0, 15.0, 14.0, 0.0, 15.0, 0.0, 12.0, 0.0, 4.0, 15.0, 4.0, 14.0, 10.0, 0.0, 13.0, 15.0, 2.0, 0.0, 5.0, 15.0, 10.0, 0.0, 15.0, 0.0, 0.0]
B: [0.0, 36.0, 45.624091437640004, 64.0, 82.7140226568, 107.4479935471, 145.9609438496, 157.2453016071, 170.5509156102, 211.0, 225.2170432932, 229.27111014021, 271.60130763561, 293.98803747721, 299.07231923573, 340.34511899533, 381.29271703232996, 390.47290058168994, 423.62439124198994, 432.8160148744099, 453.84222975010994, 457.17560836646993, 474.48169712156994, 482.65041060656995, 489.47332354753996, 523.9557039323399, 531.02563250341, 542.56135983201, 570.2246832043099, 594.94919810351, 599.3491186709699, 606.5219301838999, 627.3165836553999, 659.0941611904999]
