Avion: 6      Iteracion: 21

Num Ruta: 22
Ingresos: 158400.0
Costos: 509.932021658
Utilidad Ruta: 157890.067978
Costo Reducido: 234.780335994
Nodos: [106, 9, 54, 30, 16, 61, 75, 24, 69, 44, 89, 35, 80, 22, 67, 45, 8, 90, 19, 64, 53, 5, 50, 41, 86, 38, 21, 83, 66, 916]
q: [0.0, 11.0, -11.0, 4.0, 11.0, -11.0, -4.0, 14.0, -14.0, 14.0, -14.0, 6.0, -6.0, 10.0, -10.0, 7.0, 8.0, -7.0, 7.0, -7.0, -8.0, 12.0, -12.0, 13.0, -13.0, 8.0, 7.0, -8.0, -7.0, 0.0]
Q: [0.0, 11.0, 0.0, 4.0, 15.0, 4.0, 0.0, 14.0, 0.0, 14.0, 0.0, 6.0, 0.0, 10.0, 0.0, 7.0, 15.0, 8.0, 15.0, 8.0, 0.0, 12.0, 0.0, 13.0, 0.0, 8.0, 15.0, 7.0, 0.0, 0.0]
B: [0.0, 28.0, 57.5272370025, 73.3151373379, 81.51772863578, 91.14182007342, 94.01297663481, 118.74694752511, 157.25989782761002, 211.0, 265.00737440390003, 285.42358781380005, 305.33647120620003, 320.4507258355, 342.2054119744, 371.0, 414.0, 425.5499943723, 437.391848619, 464.01896491049996, 466.94708410205993, 476.69989497892993, 477.82158388410994, 486.64782170097993, 506.68894205387994, 518.54317442038, 525.36608736135, 563.87782583155, 570.94775440262, 608.5582822106201]
