Avion: 7      Iteracion: 61

Num Ruta: 49
Ingresos: 72000.0
Costos: 240.153993864
Utilidad Ruta: 71759.8460061
Costo Reducido: 8.35187551806
Nodos: [107, 24, 69, 1, 46, 45, 90, 32, 19, 77, 64, 4, 20, 49, 65, 917]
q: [0, 14.0, -14.0, 7.0, -7.0, 11.0, -11.0, 6.0, 7.0, -6.0, -7.0, 5.0, 10.0, -5.0, -10.0, 0]
Q: [0, 14.0, 0.0, 7.0, 0.0, 11.0, 0.0, 6.0, 13.0, 7.0, 0.0, 5.0, 15.0, 10.0, 0.0, 0]
B: [0.0, 61.0, 99.5129503025, 175.0, 209.2400855285, 371.0, 380.19162363242, 422.0, 433.71491463899997, 461.3697862171, 478.4971626653, 529.0, 539.279151035, 569.6591407651, 581.5203640157, 594.4010150086]
