Avion: 2      Iteracion: 19

Num Ruta: 18
Ingresos: 66000.0
Costos: 259.719482524
Utilidad Ruta: 65740.2805175
Costo Reducido: 189.70610948
Nodos: [102, 11, 56, 44, 42, 89, 87, 26, 71, 20, 65, 2, 47, 912]
q: [0.0, 8.0, -8.0, 10.0, 5.0, -10.0, -5.0, 13.0, -13.0, 10.0, -10.0, 9.0, -9.0, 0.0]
Q: [0.0, 8.0, 0.0, 10.0, 15.0, 5.0, 0.0, 13.0, 0.0, 10.0, 0.0, 9.0, 0.0, 0.0]
B: [0.0, 169.0, 173.05406684701, 211.0, 239.0, 276.4881823646, 294.1162889277, 301.01176751878, 318.59099548818, 496.0, 538.1771424471, 545.50743971256, 586.24240175996, 612.1732454793599]
