Avion: 2      Iteracion: 44

Num Ruta: 38
Ingresos: 84000.0
Costos: 275.078443187
Utilidad Ruta: 83724.9215568
Costo Reducido: 19.1671917715
Nodos: [102, 34, 18, 63, 79, 39, 28, 84, 43, 73, 15, 88, 29, 60, 7, 52, 33, 74, 78, 912]
q: [0.0, 12.0, 3.0, -3.0, -12.0, 8.0, 7.0, -8.0, 5.0, -7.0, 10.0, -5.0, 5.0, -10.0, 10.0, -10.0, 10.0, -5.0, -10.0, 0.0]
Q: [0.0, 12.0, 15.0, 12.0, 0.0, 8.0, 15.0, 7.0, 12.0, 5.0, 15.0, 10.0, 15.0, 5.0, 15.0, 5.0, 15.0, 10.0, 0.0, 0.0]
B: [0.0, 283.0, 306.7154937119, 330.5337299606, 345.6863596004, 388.0, 399.3210123222, 412.3114993416, 451.0, 467.5718045185, 511.0, 521.2530082415, 549.0, 564.1378768657, 575.0426164316, 603.5839282444999, 613.04395446011, 621.89544614231, 637.30986202481, 658.8455483617099]
