Avion: 7      Iteracion: 54

Num Ruta: 45
Ingresos: 96000.0
Costos: 307.077441988
Utilidad Ruta: 95692.922558
Costo Reducido: 16.0836915403
Nodos: [107, 24, 69, 10, 55, 26, 71, 32, 25, 77, 70, 15, 60, 20, 7, 52, 65, 917]
q: [0.0, 14.0, -14.0, 12.0, -12.0, 13.0, -13.0, 6.0, 9.0, -6.0, -9.0, 11.0, -11.0, 10.0, 5.0, -5.0, -10.0, 0.0]
Q: [0.0, 14.0, 0.0, 12.0, 0.0, 13.0, 0.0, 6.0, 15.0, 9.0, 0.0, 11.0, 0.0, 10.0, 15.0, 10.0, 0.0, 0.0]
B: [0.0, 61.0, 99.5129503025, 111.2988809828, 140.8183917172, 300.0, 317.5792279694, 422.0, 442.6664482919, 469.8986961242, 480.8837643989, 511.0, 527.4211666151, 533.55501866744, 542.2979730879999, 570.8392849008999, 583.8029694465998, 596.6836204394998]
