Avion: 6      Iteracion: 15

Num Ruta: 17
Ingresos: 88800.0
Costos: 286.078615604
Utilidad Ruta: 88513.9213844
Costo Reducido: 589.546758108
Nodos: [106, 14, 59, 3, 48, 18, 63, 28, 32, 73, 43, 88, 77, 5, 50, 2, 47, 916]
q: [0, 8.0, -8.0, 15.0, -15.0, 11.0, -11.0, 8.0, 6.0, -8.0, 5.0, -5.0, -6.0, 12.0, -12.0, 9.0, -9.0, 0]
Q: [0, 8.0, 0.0, 15.0, 0.0, 11.0, 0.0, 8.0, 14.0, 6.0, 11.0, 6.0, 0.0, 12.0, 0.0, 9.0, 0.0, 0]
B: [0.0, 112.0, 124.021711775, 256.0, 261.08428175852, 293.0, 316.8182362487, 378.0, 422.0, 445.4551085267, 462.0269130452, 479.2892341522, 493.0881889677, 518.0304240319, 519.15211293708, 533.23416339148, 573.96912543888, 587.81781581018]
