Avion: 1      Iteracion: 0

Num Ruta: 3
Ingresos: 201600.0
Costos: 555.623463833
Utilidad Ruta: 201044.376536
Costo Reducido: -
Nodos: [101, 16, 61, 40, 85, 14, 59, 11, 56, 1, 46, 3, 48, 36, 81, 26, 71, 45, 90, 25, 70, 13, 58, 5, 50, 41, 86, 37, 82, 911]
q: [0, 11.0, -11.0, 15.0, -15.0, 8.0, -8.0, 8.0, -8.0, 7.0, -7.0, 15.0, -15.0, 15.0, -15.0, 13.0, -13.0, 11.0, -11.0, 10.0, -10.0, 15.0, -15.0, 12.0, -12.0, 13.0, -13.0, 15.0, -15.0, 0]
Q: [0, 11.0, 0.0, 15.0, 0.0, 8.0, 0.0, 8.0, 0.0, 7.0, 0.0, 15.0, 0.0, 15.0, 0.0, 13.0, 0.0, 11.0, 0.0, 10.0, 0.0, 15.0, 0.0, 12.0, 0.0, 13.0, 0.0, 15.0, 0.0, 0]
B: [0.0, 36.0, 45.624091437640004, 77.27284989674001, 109.84229167884001, 138.42069361104, 150.44240538604, 179.89083449524, 183.94490134225, 206.61435287955, 240.85443840805002, 256.0, 261.08428175852, 296.00374706082, 302.95189112956, 343.25427558756, 360.83350355696, 384.35965598356, 393.55127961598, 414.57749449168, 431.76247680178, 447.76353726668, 464.64668821668, 491.91097131748, 493.03266022266, 501.85889803953, 521.90001839243, 562.0, 582.7946534714999, 614.5722310066]
