Avion: 3      Iteracion: 15

Num Ruta: 19
Ingresos: 72000.0
Costos: 338.871042036
Utilidad Ruta: 71661.128958
Costo Reducido: 406.528861205
Nodos: [103, 3, 48, 18, 34, 63, 79, 28, 73, 21, 66, 2, 47, 913]
q: [0.0, 15.0, -15.0, 11.0, 4.0, -11.0, -4.0, 8.0, -8.0, 13.0, -13.0, 9.0, -9.0, 0.0]
Q: [0.0, 15.0, 0.0, 11.0, 15.0, 4.0, 0.0, 8.0, 0.0, 13.0, 0.0, 9.0, 0.0, 0.0]
B: [0.0, 256.0, 261.08428175852, 293.0, 316.7154937119, 344.9475311871, 360.10016082690004, 378.0, 414.0266187839, 477.0, 517.7387906792, 541.5898044103, 582.3247664577, 618.3697031063]
