Avion: 1      Iteracion: 17

Num Ruta: 18
Ingresos: 78000.0
Costos: 271.823264101
Utilidad Ruta: 77728.1767359
Costo Reducido: 273.593800169
Nodos: [101, 30, 75, 24, 69, 22, 67, 18, 63, 25, 70, 29, 74, 911]
q: [0, 11.0, -11.0, 14.0, -14.0, 10.0, -10.0, 11.0, -11.0, 10.0, -10.0, 9.0, -9.0, 0]
Q: [0, 11.0, 0.0, 14.0, 0.0, 10.0, 0.0, 11.0, 0.0, 10.0, 0.0, 9.0, 0.0, 0]
B: [0.0, 64.0, 82.7140226568, 107.4479935471, 145.9609438496, 299.0, 320.7546861389, 334.15512273630003, 357.973358985, 410.0, 427.1849823101, 549.0, 582.7797797802, 599.1597614957]
