Avion: 3      Iteracion: 25

Num Ruta: 28
Ingresos: 121200.0
Costos: 434.662658162
Utilidad Ruta: 120765.337342
Costo Reducido: 133.896098418
Nodos: [103, 17, 30, 62, 16, 61, 75, 40, 85, 1, 31, 76, 42, 46, 35, 87, 80, 22, 67, 5, 50, 43, 88, 21, 38, 83, 66, 913]
q: [0.0, 5.0, 4.0, -5.0, 11.0, -11.0, -4.0, 15.0, -15.0, 7.0, 6.0, -6.0, 5.0, -7.0, 6.0, -5.0, -6.0, 10.0, -10.0, 12.0, -12.0, 5.0, -5.0, 7.0, 8.0, -8.0, -7.0, 0.0]
Q: [0.0, 5.0, 9.0, 4.0, 15.0, 4.0, 0.0, 15.0, 0.0, 7.0, 13.0, 7.0, 12.0, 5.0, 11.0, 6.0, 0.0, 10.0, 0.0, 12.0, 0.0, 5.0, 0.0, 7.0, 15.0, 7.0, 0.0, 0.0]
B: [0.0, 24.0, 64.0, 67.14445448369, 72.47609381883, 82.10018525647, 84.97134181786, 115.78119589085999, 148.35063767295998, 175.0, 183.89376197118, 197.19937597428, 239.0, 264.0626014013, 299.7175832411, 303.77403304358, 319.84824201328, 334.96249664258, 356.71718278148, 469.0, 470.12168890518, 491.79746949088, 509.05979059788, 516.3427980124, 523.16571095337, 556.03459759407, 563.10452616514, 580.0947270174399]
