Avion: 1      Iteracion: 24

Num Ruta: 24
Ingresos: 109200.0
Costos: 294.142807288
Utilidad Ruta: 108905.857193
Costo Reducido: 136.553451356
Nodos: [101, 30, 16, 61, 75, 14, 59, 42, 3, 48, 23, 87, 35, 26, 80, 71, 68, 39, 84, 6, 51, 41, 50, 5, 86, 911]
q: [0.0, 11.0, 4.0, -4.0, -11.0, 8.0, -8.0, 5.0, 10.0, -10.0, 10.0, -5.0, 5.0, 0.0, -5.0, 0.0, -10.0, 8.0, -8.0, 5.0, -5.0, 13.0, -12.0, 12.0, -13.0, 0.0]
Q: [0.0, 11.0, 15.0, 11.0, 0.0, 8.0, 0.0, 5.0, 15.0, 5.0, 15.0, 10.0, 15.0, 15.0, 10.0, 10.0, 0.0, 8.0, 0.0, 5.0, 0.0, 13.0, 1.0, 13.0, 0.0, 0.0]
B: [0.0, 64.0, 72.20259129788, 81.82668273552001, 84.69783929691, 112.49377995381, 124.51549172881, 239.0, 257.4606418632, 262.54492362172, 267.0, 304.0156388571, 308.07208865958, 318.69930325228, 327.99230863267, 337.81412440166, 340.88119678424005, 388.0, 410.632187455, 436.0, 439.69228939819, 458.80900930509, 470.0, 471.12168890518, 483.14757702208, 495.85193159048]
