Avion: 4      Iteracion: 38

Num Ruta: 40
Ingresos: 66000.0
Costos: 131.14246355
Utilidad Ruta: 65868.8575365
Costo Reducido: 41.5436549367
Nodos: [104, 30, 16, 61, 75, 41, 50, 5, 86, 7, 4, 52, 49, 914]
q: [0.0, 11.0, 4.0, -4.0, -11.0, 13.0, -12.0, 12.0, -13.0, 10.0, 5.0, -10.0, -5.0, 0.0]
Q: [0.0, 11.0, 15.0, 11.0, 0.0, 13.0, 1.0, 13.0, 0.0, 10.0, 15.0, 5.0, 0.0, 0.0]
B: [0.0, 64.0, 72.20259129788, 81.82668273552001, 84.69783929691, 446.0, 470.0, 471.12168890518, 483.14757702208, 517.0, 529.0, 548.2723609867, 549.43273506431, 583.32505292541]
