Avion: 1      Iteracion: 55

Num Ruta: 53
Ingresos: 97200.0
Costos: 258.608736101
Utilidad Ruta: 96941.3912639
Costo Reducido: 6.83839467986
Nodos: [101, 14, 59, 3, 48, 23, 18, 63, 68, 28, 73, 25, 70, 21, 38, 83, 66, 33, 78, 911]
q: [0.0, 8.0, -8.0, 15.0, -15.0, 4.0, 11.0, -11.0, -4.0, 8.0, -8.0, 10.0, -10.0, 13.0, 2.0, -2.0, -13.0, 10.0, -10.0, 0.0]
Q: [0.0, 8.0, 0.0, 15.0, 0.0, 4.0, 15.0, 4.0, 0.0, 8.0, 0.0, 10.0, 0.0, 13.0, 15.0, 13.0, 0.0, 10.0, 0.0, 0.0]
B: [0.0, 112.0, 124.021711775, 256.0, 261.08428175852, 267.0, 293.0, 316.8182362487, 326.74376782137, 378.0, 414.0266187839, 417.35999740026, 434.54497971036, 477.0, 483.82291294097, 516.69179958167, 523.76172815274, 562.0, 585.3035112376, 590.98027404751]
