Avion: 2      Iteracion: 25

Num Ruta: 23
Ingresos: 108000.0
Costos: 348.21539851
Utilidad Ruta: 107651.784601
Costo Reducido: 106.834634854
Nodos: [102, 16, 61, 40, 85, 10, 55, 35, 80, 22, 67, 5, 50, 2, 47, 7, 4, 52, 49, 912]
q: [0, 11.0, -11.0, 15.0, -15.0, 12.0, -12.0, 6.0, -6.0, 10.0, -10.0, 12.0, -12.0, 9.0, -9.0, 10.0, 5.0, -10.0, -5.0, 0]
Q: [0, 11.0, 0.0, 15.0, 0.0, 12.0, 0.0, 6.0, 0.0, 10.0, 0.0, 12.0, 0.0, 9.0, 0.0, 10.0, 15.0, 5.0, 0.0, 0]
B: [0.0, 36.0, 45.624091437640004, 77.27284989674001, 109.84229167884001, 127.02298575674001, 156.54249649114, 279.0, 298.9128833924, 314.02713802169995, 335.78182416059997, 469.0, 470.12168890518, 522.0, 562.7349620474, 574.2416881674001, 584.6050614599001, 603.8774224466001, 605.0377965242101, 616.6919968829101]
