Avion: 3      Iteracion: 2

Num Ruta: 6
Ingresos: 182400.0
Costos: 663.293095424
Utilidad Ruta: 181736.706905
Costo Reducido: 264414.812086
Nodos: [103, 24, 69, 10, 55, 31, 11, 76, 56, 44, 89, 3, 48, 18, 34, 63, 79, 28, 45, 90, 25, 73, 70, 21, 66, 27, 7, 72, 52, 37, 82, 913]
q: [0.0, 14.0, -14.0, 12.0, -12.0, 6.0, 8.0, -6.0, -8.0, 14.0, -14.0, 15.0, -15.0, 3.0, 12.0, -3.0, -12.0, 4.0, 11.0, -11.0, 10.0, -4.0, -10.0, 13.0, -13.0, 5.0, 10.0, -5.0, -10.0, 15.0, -15.0, 0.0]
Q: [0.0, 14.0, 0.0, 12.0, 0.0, 6.0, 14.0, 8.0, 0.0, 14.0, 0.0, 15.0, 0.0, 3.0, 15.0, 12.0, 0.0, 4.0, 15.0, 4.0, 14.0, 10.0, 0.0, 13.0, 0.0, 5.0, 15.0, 10.0, 0.0, 15.0, 0.0, 0.0]
B: [0.0, 61.0, 99.5129503025, 111.2988809828, 140.8183917172, 180.4265460544, 193.6092752483, 194.088154147397, 197.782532714897, 211.0, 265.00737440390003, 287.39410424550005, 292.47838600402, 313.51739515372003, 337.23288886562005, 365.46492634082006, 380.61755598062007, 389.79773952998005, 422.94923019028005, 432.1408538227, 453.16706869840004, 456.50044731476004, 473.80653606986004, 481.97524955486006, 522.71404023406, 538.0, 565.6633233723, 590.3878382715001, 594.78775883896, 601.96057035189, 622.75522382339, 676.18048198839]
