Avion: 5      Iteracion: 46

Num Ruta: 48
Ingresos: 140400.0
Costos: 447.406797665
Utilidad Ruta: 139952.593202
Costo Reducido: 52.1615488947
Nodos: [105, 17, 62, 24, 69, 1, 46, 18, 36, 81, 34, 63, 79, 39, 84, 13, 58, 15, 60, 20, 27, 72, 65, 37, 82, 915]
q: [0.0, 5.0, -5.0, 14.0, -14.0, 7.0, -7.0, 3.0, 12.0, -12.0, 12.0, -3.0, -12.0, 8.0, -8.0, 15.0, -15.0, 11.0, -11.0, 10.0, 5.0, -5.0, -10.0, 15.0, -15.0, 0.0]
Q: [0.0, 5.0, 0.0, 14.0, 0.0, 7.0, 0.0, 3.0, 15.0, 3.0, 15.0, 12.0, 0.0, 8.0, 0.0, 15.0, 0.0, 11.0, 0.0, 10.0, 15.0, 10.0, 0.0, 15.0, 0.0, 0.0]
B: [0.0, 24.0, 58.8425537813, 75.400837086, 113.9137873885, 175.0, 209.2400855285, 293.0, 306.9670306436, 313.91517471234005, 327.63492270564007, 355.86696018084007, 371.0195898206401, 388.0, 410.632187455, 423.0, 439.88315095, 511.0, 527.4211666151, 533.55501866744, 557.04922254844, 574.0800849165399, 590.2378507274399, 601.8153686825399, 622.6100221540398, 647.6752000907398]
