Avion: 4      Iteracion: 44

Num Ruta: 45
Ingresos: 94800.0
Costos: 254.85369143
Utilidad Ruta: 94545.1463086
Costo Reducido: 19.788374134
Nodos: [104, 14, 59, 3, 48, 23, 18, 68, 63, 39, 28, 84, 73, 25, 43, 70, 88, 15, 60, 914]
q: [0.0, 8.0, -8.0, 15.0, -15.0, 10.0, 5.0, -10.0, -5.0, 8.0, 7.0, -8.0, -7.0, 10.0, 5.0, -10.0, -5.0, 11.0, -11.0, 0.0]
Q: [0.0, 8.0, 0.0, 15.0, 0.0, 10.0, 15.0, 5.0, 0.0, 8.0, 15.0, 7.0, 0.0, 10.0, 15.0, 5.0, 0.0, 11.0, 0.0, 0.0]
B: [0.0, 112.0, 124.021711775, 256.0, 261.08428175852, 267.0, 293.0, 318.4393114097, 328.36484298237, 388.0, 399.3210123222, 412.3114993416, 448.3244104708, 451.65778908716, 465.71894785876, 478.75616938025996, 486.50534540097, 511.0, 527.4211666151, 549.6020925877]
