Avion: 3      Iteracion: 72

Num Ruta: 64
Ingresos: 98400.0
Costos: 358.525586614
Utilidad Ruta: 98041.4744134
Costo Reducido: 1.14201873136
Nodos: [103, 17, 62, 30, 75, 24, 69, 1, 46, 18, 63, 22, 67, 32, 43, 77, 88, 21, 66, 913]
q: [0, 5.0, -5.0, 11.0, -11.0, 14.0, -14.0, 7.0, -7.0, 11.0, -11.0, 10.0, -10.0, 6.0, 5.0, -6.0, -5.0, 13.0, -13.0, 0]
Q: [0, 5.0, 0.0, 11.0, 0.0, 14.0, 0.0, 7.0, 0.0, 11.0, 0.0, 10.0, 0.0, 6.0, 11.0, 5.0, 0.0, 13.0, 0.0, 0]
B: [0.0, 24.0, 58.8425537813, 64.0, 82.7140226568, 107.4479935471, 145.9609438496, 175.0, 209.2400855285, 293.0, 316.8182362487, 332.3010836612, 354.0557698001, 422.0, 451.0, 474.5469186944, 488.3458735099, 495.62888092442, 536.36767160362, 553.35787245592]
