Avion: 2      Iteracion: 18

Num Ruta: 17
Ingresos: 114000.0
Costos: 418.248992018
Utilidad Ruta: 113581.751008
Costo Reducido: 1417.32698206
Nodos: [102, 9, 54, 40, 85, 26, 71, 39, 84, 6, 51, 21, 66, 20, 4, 49, 65, 37, 82, 912]
q: [0, 11.0, -11.0, 15.0, -15.0, 13.0, -13.0, 8.0, -8.0, 5.0, -5.0, 13.0, -13.0, 10.0, 5.0, -5.0, -10.0, 15.0, -15.0, 0]
Q: [0, 11.0, 0.0, 15.0, 0.0, 13.0, 0.0, 8.0, 0.0, 5.0, 0.0, 13.0, 0.0, 10.0, 15.0, 10.0, 0.0, 15.0, 0.0, 0]
B: [0.0, 41.2034331094, 70.7306701119, 99.6894650627, 132.25890684479998, 300.0, 317.5792279694, 388.0, 410.632187455, 436.0, 439.69228939819, 477.0, 517.7387906792, 554.1640824007, 564.4432334357, 584.8689831158999, 596.7302063664999, 608.3077243216, 629.1023777931, 645.9232396022]
