Avion: 6      Iteracion: 10

Num Ruta: 12
Ingresos: 106800.0
Costos: 366.681074189
Utilidad Ruta: 106433.318926
Costo Reducido: 177351.988676
Nodos: [106, 9, 54, 16, 61, 30, 75, 14, 59, 13, 58, 6, 51, 41, 86, 38, 21, 83, 66, 916]
q: [0.0, 11.0, -11.0, 11.0, -11.0, 11.0, -11.0, 8.0, -8.0, 15.0, -15.0, 5.0, -5.0, 13.0, -13.0, 8.0, 7.0, -8.0, -7.0, 0.0]
Q: [0.0, 11.0, 0.0, 11.0, 0.0, 11.0, 0.0, 8.0, 0.0, 15.0, 0.0, 5.0, 0.0, 13.0, 0.0, 8.0, 15.0, 7.0, 0.0, 0.0]
B: [0.0, 28.0, 57.5272370025, 81.2570211777, 90.88111261534, 107.86640625424, 126.58042891104, 154.37636956794, 166.39808134294, 423.0, 439.88315095, 464.1060995732, 467.79838897139, 486.91510887829, 506.95622923119004, 518.81046159769, 525.6333745386601, 564.1451130088601, 571.2150415799301, 608.8255693879302]
