Avion: 2      Iteracion: 17

Num Ruta: 16
Ingresos: 150000.0
Costos: 459.13843459
Utilidad Ruta: 149540.861565
Costo Reducido: 427.330351772
Nodos: [102, 30, 16, 61, 75, 24, 69, 31, 76, 18, 63, 22, 67, 19, 25, 70, 8, 64, 53, 5, 50, 41, 86, 15, 29, 60, 27, 72, 74, 912]
q: [0.0, 11.0, 4.0, -4.0, -11.0, 14.0, -14.0, 6.0, -6.0, 11.0, -11.0, 10.0, -10.0, 7.0, 8.0, -8.0, 8.0, -7.0, -8.0, 12.0, -12.0, 13.0, -13.0, 6.0, 9.0, -6.0, 6.0, -6.0, -9.0, 0.0]
Q: [0.0, 11.0, 15.0, 11.0, 0.0, 14.0, 0.0, 6.0, 0.0, 11.0, 0.0, 10.0, 0.0, 7.0, 15.0, 7.0, 15.0, 8.0, 0.0, 12.0, 0.0, 13.0, 0.0, 6.0, 15.0, 9.0, 15.0, 9.0, 0.0, 0.0]
B: [0.0, 64.0, 72.20259129788, 81.82668273552001, 84.69783929691, 109.43181018721, 147.94476048971, 159.22911824721, 172.53473225031001, 293.0, 316.8182362487, 332.3010836612, 354.0557698001, 402.0, 411.3920072402, 428.57698955029997, 454.39758940779996, 472.35454883859995, 475.2826680301599, 485.0354789070299, 486.15716781220993, 494.9834056290799, 515.0245259819799, 537.6143990448799, 551.5558589755799, 566.6937358412799, 584.40752134858, 601.4383837166799, 616.88576129348, 637.4328701168799]
