Avion: 4      Iteracion: 0

Num Ruta: 2
Ingresos: 194400.0
Costos: 624.354203775
Utilidad Ruta: 193775.645796
Costo Reducido: -
Nodos: [104, 17, 62, 40, 85, 10, 55, 1, 11, 56, 46, 3, 48, 36, 81, 34, 79, 28, 73, 25, 70, 13, 58, 5, 50, 41, 86, 20, 4, 49, 65, 914]
q: [0, 5.0, -5.0, 15.0, -15.0, 12.0, -12.0, 7.0, 8.0, -8.0, -7.0, 15.0, -15.0, 15.0, -15.0, 12.0, -12.0, 8.0, -8.0, 10.0, -10.0, 15.0, -15.0, 12.0, -12.0, 13.0, -13.0, 10.0, 5.0, -5.0, -10.0, 0]
Q: [0, 5.0, 0.0, 15.0, 0.0, 12.0, 0.0, 7.0, 15.0, 7.0, 0.0, 15.0, 0.0, 15.0, 0.0, 12.0, 0.0, 8.0, 0.0, 10.0, 0.0, 15.0, 0.0, 12.0, 0.0, 13.0, 0.0, 10.0, 15.0, 10.0, 0.0, 0]
B: [0.0, 26.5094038032, 61.3519575845, 85.050928406, 117.6203701881, 134.801064266, 164.3205750004, 202.7399161712, 221.4207447663, 225.47481161331, 259.79054095131, 266.88709286051, 271.97137461903, 306.89083992133, 313.83898399007, 327.55873198337, 368.50633002037, 378.0, 414.0266187839, 417.35999740026, 434.54497971036, 450.54604017526, 467.42919112526, 494.69347422606, 495.81516313124, 504.64140094811, 524.68252130101, 538.20996174631, 548.48911278131, 568.91486246151, 580.77608571211, 624.6676902054099]
