Avion: 4      Iteracion: 53

Num Ruta: 52
Ingresos: 67200.0
Costos: 171.741171922
Utilidad Ruta: 67028.2588281
Costo Reducido: 21.5840156988
Nodos: [104, 12, 57, 10, 55, 35, 26, 80, 71, 13, 58, 914]
q: [0.0, 14.0, -14.0, 12.0, -12.0, 6.0, 9.0, -6.0, -9.0, 15.0, -15.0, 0.0]
Q: [0.0, 14.0, 0.0, 12.0, 0.0, 6.0, 15.0, 9.0, 0.0, 15.0, 0.0, 0.0]
B: [0.0, 54.0, 97.347924264, 106.06569462115, 135.58520535555, 279.0, 300.0, 309.29300538039, 319.11482114938, 423.0, 439.88315095, 450.6988751051]
