Avion: 5      Iteracion: 16

Num Ruta: 19
Ingresos: 62400.0
Costos: 266.509795519
Utilidad Ruta: 62133.4902045
Costo Reducido: 275.740326926
Nodos: [105, 12, 57, 36, 81, 42, 87, 41, 86, 43, 88, 915]
q: [0, 14.0, -14.0, 15.0, -15.0, 5.0, -5.0, 13.0, -13.0, 5.0, -5.0, 0]
Q: [0, 14.0, 0.0, 15.0, 0.0, 5.0, 0.0, 13.0, 0.0, 5.0, 0.0, 0]
B: [0.0, 54.0, 97.347924264, 251.0, 257.94814406874, 282.45112780544, 330.50096245654004, 446.0, 466.0411203529, 476.4072656828, 493.6695867898, 509.7496808505]
