Avion: 6      Iteracion: 40

Num Ruta: 41
Ingresos: 140400.0
Costos: 460.439799591
Utilidad Ruta: 139939.5602
Costo Reducido: 47.8697439872
Nodos: [106, 24, 69, 1, 11, 56, 42, 46, 18, 87, 26, 71, 63, 25, 70, 19, 43, 64, 5, 50, 38, 88, 21, 83, 66, 27, 72, 37, 82, 916]
q: [0.0, 14.0, -14.0, 7.0, 8.0, -8.0, 5.0, -7.0, 10.0, -5.0, 5.0, -5.0, -10.0, 10.0, -10.0, 7.0, 5.0, -7.0, 10.0, -10.0, 2.0, -5.0, 13.0, -2.0, -13.0, 6.0, -6.0, 15.0, -15.0, 0.0]
Q: [0.0, 14.0, 0.0, 7.0, 15.0, 7.0, 12.0, 5.0, 15.0, 10.0, 15.0, 10.0, 0.0, 10.0, 0.0, 7.0, 12.0, 5.0, 15.0, 5.0, 7.0, 2.0, 15.0, 13.0, 0.0, 6.0, 0.0, 15.0, 0.0, 0.0]
B: [0.0, 61.0, 99.5129503025, 175.0, 193.6808285951, 197.73489544211, 239.0, 264.0626014013, 293.0, 329.7411826293, 336.63666122038, 354.21588918978, 365.65067864998, 410.0, 427.1849823101, 443.8578739909, 451.0, 471.20454651800003, 479.05485976016, 480.17654866534, 501.75824137004, 511.89340520694003, 519.17641262146, 557.6881510916601, 564.7580796627301, 577.9355278603301, 594.9663902284301, 601.8023558515201, 622.5970093230201, 643.8963618249201]
