Avion: 2      Iteracion: 34

Num Ruta: 29
Ingresos: 111600.0
Costos: 378.258981253
Utilidad Ruta: 111221.741019
Costo Reducido: 46.6293347559
Nodos: [102, 12, 57, 30, 75, 3, 48, 18, 34, 63, 79, 28, 73, 15, 21, 60, 4, 49, 33, 66, 78, 912]
q: [0.0, 14.0, -14.0, 11.0, -11.0, 15.0, -15.0, 3.0, 12.0, -3.0, -12.0, 8.0, -8.0, 10.0, 5.0, -10.0, 5.0, -5.0, 10.0, -5.0, -10.0, 0.0]
Q: [0.0, 14.0, 0.0, 11.0, 0.0, 15.0, 0.0, 3.0, 15.0, 12.0, 0.0, 8.0, 0.0, 10.0, 15.0, 5.0, 10.0, 5.0, 15.0, 10.0, 0.0, 0.0]
B: [0.0, 54.0, 97.347924264, 122.72227077779999, 141.4362934346, 256.0, 261.08428175852, 293.0, 316.7154937119, 344.9475311871, 360.10016082690004, 378.0, 414.0266187839, 511.0, 516.67223351071, 527.47150163401, 533.0461809073, 553.4719305875001, 562.0433960398001, 572.1989409784001, 592.4110305537, 613.9467168906]
