Avion: 1      Iteracion: 72

Num Ruta: 61
Ingresos: 52800.0
Costos: 179.381241857
Utilidad Ruta: 52620.6187581
Costo Reducido: 4.65205303221
Nodos: [101, 24, 69, 1, 46, 8, 53, 6, 51, 33, 78, 911]
q: [0, 14.0, -14.0, 7.0, -7.0, 8.0, -8.0, 5.0, -5.0, 10.0, -10.0, 0]
Q: [0, 14.0, 0.0, 7.0, 0.0, 8.0, 0.0, 5.0, 0.0, 10.0, 0.0, 0]
B: [0.0, 61.0, 99.5129503025, 175.0, 209.2400855285, 414.0, 434.768396616, 443.95906824543, 447.65135764362, 562.0, 585.3035112376, 590.98027404751]
