Avion: 6      Iteracion: 30

Num Ruta: 31
Ingresos: 74400.0
Costos: 255.965086193
Utilidad Ruta: 74144.0349138
Costo Reducido: 51.6117640048
Nodos: [106, 9, 54, 12, 57, 28, 39, 73, 19, 64, 84, 37, 82, 916]
q: [0.0, 11.0, -11.0, 14.0, -14.0, 8.0, 7.0, -8.0, 7.0, -7.0, -7.0, 15.0, -15.0, 0.0]
Q: [0.0, 11.0, 0.0, 14.0, 0.0, 8.0, 15.0, 7.0, 14.0, 7.0, 0.0, 15.0, 0.0, 0.0]
B: [0.0, 28.0, 57.5272370025, 68.3142737596, 111.6621980236, 378.0, 389.3210123222, 420.750419714, 433.28621298769997, 459.91332927919996, 466.22853133455993, 562.0, 582.7946534714999, 604.0940059733999]
