Avion: 1      Iteracion: 86

Num Ruta: 64
Ingresos: 14400.0
Costos: 19.4112203213
Utilidad Ruta: 14380.5887797
Costo Reducido: 1.1640608658
Nodos: [101, 5, 50, 911]
q: [0, 12.0, -12.0, 0]
Q: [0, 12.0, 0.0, 0]
B: [0.0, 469.0, 470.12168890518, 485.16341413868]
