Avion: 1      Iteracion: 43

Num Ruta: 41
Ingresos: 61200.0
Costos: 231.821475509
Utilidad Ruta: 60968.1785245
Costo Reducido: 13.5359413548
Nodos: [101, 40, 85, 14, 59, 18, 63, 22, 67, 19, 64, 911]
q: [0, 15.0, -15.0, 8.0, -8.0, 11.0, -11.0, 10.0, -10.0, 7.0, -7.0, 0]
Q: [0, 15.0, 0.0, 8.0, 0.0, 11.0, 0.0, 10.0, 0.0, 7.0, 0.0, 0]
B: [0.0, 62.0, 94.5694417821, 123.1478437143, 135.1695554893, 293.0, 316.8182362487, 332.3010836612, 354.0557698001, 402.0, 428.6271162915, 435.70292592715]
