Avion: 2      Iteracion: 3

Num Ruta: 6
Ingresos: 129600.0
Costos: 460.257151092
Utilidad Ruta: 129139.742849
Costo Reducido: 279080.35194
Nodos: [102, 12, 57, 30, 75, 11, 56, 42, 87, 18, 63, 45, 90, 8, 53, 5, 50, 41, 86, 20, 4, 49, 65, 912]
q: [0, 14.0, -14.0, 11.0, -11.0, 8.0, -8.0, 5.0, -5.0, 11.0, -11.0, 11.0, -11.0, 8.0, -8.0, 12.0, -12.0, 13.0, -13.0, 10.0, 5.0, -5.0, -10.0, 0]
Q: [0, 14.0, 0.0, 11.0, 0.0, 8.0, 0.0, 5.0, 0.0, 11.0, 0.0, 11.0, 0.0, 8.0, 0.0, 12.0, 0.0, 13.0, 0.0, 10.0, 15.0, 10.0, 0.0, 0]
B: [0.0, 54.0, 97.347924264, 122.72227077779999, 141.4362934346, 177.3777249309, 181.43179177791, 239.0, 287.0498346511, 323.7910172804, 347.6092535291, 376.1576395781, 385.34926321051995, 414.0, 434.768396616, 469.0, 470.12168890518, 478.94792672205, 498.98904707495, 512.51648752025, 529.0, 549.4257496801999, 561.2869729308, 582.8791933122]
