Avion: 6      Iteracion: 19

Num Ruta: 20
Ingresos: 54000.0
Costos: 222.647870413
Utilidad Ruta: 53777.3521296
Costo Reducido: 116.729177146
Nodos: [106, 12, 57, 11, 56, 44, 89, 2, 47, 916]
q: [0, 14.0, -14.0, 8.0, -8.0, 14.0, -14.0, 9.0, -9.0, 0]
Q: [0, 14.0, 0.0, 8.0, 0.0, 14.0, 0.0, 9.0, 0.0, 0]
B: [0.0, 54.0, 97.347924264, 169.0, 173.05406684701, 211.0, 265.00737440390003, 522.0, 562.7349620474, 576.5836524187]
