Avion: 4      Iteracion: 39

Num Ruta: 41
Ingresos: 111600.0
Costos: 402.21341427
Utilidad Ruta: 111197.786586
Costo Reducido: 98.6741331552
Nodos: [104, 31, 1, 76, 42, 46, 35, 87, 80, 18, 63, 39, 84, 13, 32, 43, 77, 58, 88, 15, 29, 60, 7, 52, 33, 74, 78, 914]
q: [0.0, 6.0, 7.0, -6.0, 5.0, -7.0, 6.0, -5.0, -6.0, 11.0, -11.0, 8.0, -8.0, 4.0, 6.0, 5.0, -6.0, -4.0, -5.0, 10.0, 5.0, -10.0, 10.0, -10.0, 10.0, -5.0, -10.0, 0.0]
Q: [0.0, 6.0, 13.0, 7.0, 12.0, 5.0, 11.0, 6.0, 0.0, 11.0, 0.0, 8.0, 0.0, 4.0, 10.0, 15.0, 9.0, 5.0, 0.0, 10.0, 15.0, 5.0, 15.0, 5.0, 15.0, 10.0, 0.0, 0.0]
B: [0.0, 130.0, 175.0, 193.9896940997, 239.0, 264.0626014013, 299.7175832411, 303.77403304358, 319.84824201328, 342.73909540498, 366.55733165367997, 388.0, 410.632187455, 423.0, 445.6608668854, 452.87370245818005, 476.42062115258005, 480.4915715330201, 490.5471588853201, 511.0, 549.0, 564.1378768657, 575.0426164316, 603.5839282444999, 613.04395446011, 621.89544614231, 637.30986202481, 650.5259698482099]
