Avion: 5      Iteracion: 8

Num Ruta: 11
Ingresos: 172800.0
Costos: 589.261357807
Utilidad Ruta: 172210.738642
Costo Reducido: 256839.799556
Nodos: [105, 17, 62, 9, 54, 11, 56, 1, 46, 36, 81, 34, 79, 22, 67, 19, 6, 51, 64, 41, 86, 5, 50, 2, 4, 47, 7, 52, 49, 37, 82, 915]
q: [0, 5.0, -5.0, 11.0, -11.0, 8.0, -8.0, 7.0, -7.0, 15.0, -15.0, 12.0, -12.0, 10.0, -10.0, 7.0, 5.0, -5.0, -7.0, 13.0, -13.0, 12.0, -12.0, 9.0, 5.0, -9.0, 10.0, -10.0, -5.0, 15.0, -15.0, 0]
Q: [0, 5.0, 0.0, 11.0, 0.0, 8.0, 0.0, 7.0, 0.0, 15.0, 0.0, 12.0, 0.0, 10.0, 0.0, 7.0, 12.0, 7.0, 0.0, 13.0, 0.0, 12.0, 0.0, 9.0, 14.0, 5.0, 15.0, 5.0, 0.0, 15.0, 0.0, 0]
B: [0.0, 24.0, 58.8425537813, 81.72911018459999, 111.25634718709999, 169.0, 173.05406684701, 195.72351838431, 229.96360391281002, 263.91150754471, 270.85965161345, 284.57939960675003, 325.52699764375, 355.27829706075, 377.03298319965, 402.0, 440.0404359202, 443.73272531839, 459.21567807299, 474.40668837508997, 494.44780872799, 506.47369684488996, 507.59538575006997, 522.0, 549.3715326023, 562.8222884175, 574.3290145375, 602.8703263504, 604.0307004280099, 611.0950725161699, 631.8897259876699, 656.9549039243699]
