Avion: 2      Iteracion: 55

Num Ruta: 48
Ingresos: 100800.0
Costos: 306.953013616
Utilidad Ruta: 100493.046986
Costo Reducido: 8.66655344474
Nodos: [102, 30, 75, 40, 85, 26, 71, 13, 58, 21, 38, 66, 83, 29, 27, 74, 72, 912]
q: [0.0, 11.0, -11.0, 15.0, -15.0, 13.0, -13.0, 15.0, -15.0, 13.0, 2.0, -13.0, -2.0, 9.0, 6.0, -9.0, -6.0, 0.0]
Q: [0.0, 11.0, 0.0, 15.0, 0.0, 13.0, 0.0, 15.0, 0.0, 13.0, 15.0, 2.0, 0.0, 9.0, 15.0, 6.0, 0.0, 0.0]
B: [0.0, 64.0, 82.7140226568, 113.5238767298, 146.0933185119, 300.0, 317.5792279694, 423.0, 439.88315095, 477.0, 483.82291294097, 518.30529332577, 525.37522189684, 559.77139755634, 585.37320579324, 593.58963378842, 609.03701136522, 615.28099478929]
