Avion: 1      Iteracion: 19

Num Ruta: 20
Ingresos: 98400.0
Costos: 432.677862404
Utilidad Ruta: 97967.3221376
Costo Reducido: 235.899591255
Nodos: [101, 12, 57, 44, 42, 89, 35, 87, 80, 26, 71, 22, 67, 20, 38, 83, 65, 2, 47, 911]
q: [0.0, 14.0, -14.0, 10.0, 5.0, -10.0, 6.0, -5.0, -6.0, 13.0, -13.0, 10.0, -10.0, 7.0, 8.0, -8.0, -7.0, 9.0, -9.0, 0.0]
Q: [0.0, 14.0, 0.0, 10.0, 15.0, 5.0, 11.0, 6.0, 0.0, 13.0, 0.0, 10.0, 0.0, 7.0, 15.0, 7.0, 0.0, 9.0, 0.0, 0.0]
B: [0.0, 54.0, 97.347924264, 211.0, 239.0, 276.4881823646, 296.9043957745, 300.96084557698003, 317.03505454668004, 326.32805992707006, 343.90728789647005, 357.54146854657006, 379.29615468547007, 496.0, 498.08106943661, 530.9499560773099, 558.3269638028099, 565.6572610682699, 606.3922231156699, 622.4360297088699]
