Avion: 6      Iteracion: 5

Num Ruta: 7
Ingresos: 182400.0
Costos: 596.135823684
Utilidad Ruta: 181803.864176
Costo Reducido: 291829.566022
Nodos: [106, 16, 61, 24, 30, 69, 10, 75, 55, 11, 56, 36, 81, 42, 18, 87, 26, 71, 63, 25, 70, 19, 43, 64, 5, 50, 38, 88, 83, 33, 78, 27, 72, 37, 82, 916]
q: [0.0, 11.0, -11.0, 14.0, 1.0, -14.0, 12.0, -1.0, -12.0, 8.0, -8.0, 15.0, -15.0, 5.0, 10.0, -5.0, 5.0, -5.0, -10.0, 10.0, -10.0, 7.0, 5.0, -7.0, 10.0, -10.0, 8.0, -5.0, -8.0, 10.0, -10.0, 6.0, -6.0, 15.0, -15.0, 0.0]
Q: [0.0, 11.0, 0.0, 14.0, 15.0, 1.0, 13.0, 12.0, 0.0, 8.0, 0.0, 15.0, 0.0, 5.0, 15.0, 10.0, 15.0, 10.0, 0.0, 10.0, 0.0, 7.0, 12.0, 5.0, 15.0, 5.0, 13.0, 8.0, 0.0, 10.0, 0.0, 6.0, 0.0, 15.0, 0.0, 0.0]
B: [0.0, 36.0, 45.624091437640004, 70.85029051714, 89.10719167804, 109.37531307594, 121.16124375624, 139.85429404234, 158.75509193554, 211.39330851814, 215.44737536515, 251.0, 257.94814406874, 282.45112780544, 294.27078317264, 331.01196580194, 337.90744439302, 355.48667236242, 366.92146182262, 410.0, 427.1849823101, 443.8578739909, 451.0, 471.20454651800003, 479.05485976016, 480.17654866534, 501.75824137004, 511.89340520694003, 547.39742499344, 564.0406254368401, 587.34413667444, 594.56289002942, 611.59375239752, 618.42971802061, 639.2243714921101, 660.5237239940101]
