Avion: 6      Iteracion: 18

Num Ruta: 19
Ingresos: 93600.0
Costos: 368.656180274
Utilidad Ruta: 93231.3438197
Costo Reducido: 1329.67649184
Nodos: [106, 9, 54, 40, 85, 26, 71, 39, 6, 51, 84, 43, 88, 20, 21, 66, 27, 72, 65, 916]
q: [0.0, 11.0, -11.0, 15.0, -15.0, 13.0, -13.0, 8.0, 5.0, -5.0, -8.0, 5.0, -5.0, 9.0, 6.0, -6.0, 6.0, -6.0, -9.0, 0.0]
Q: [0.0, 11.0, 0.0, 15.0, 0.0, 13.0, 0.0, 8.0, 13.0, 8.0, 0.0, 5.0, 0.0, 9.0, 15.0, 9.0, 15.0, 9.0, 0.0, 0.0]
B: [0.0, 28.0, 57.5272370025, 86.4860319533, 119.0554737354, 300.0, 317.5792279694, 388.0, 436.0, 439.69228939819, 449.87740525418997, 475.22763959238995, 492.48996069938994, 501.4301897792299, 506.1795961631899, 546.9183868423899, 560.0958350399899, 577.1266974080899, 593.2844632189898, 631.0456986330898]
