Avion: 6      Iteracion: 42

Num Ruta: 43
Ingresos: 127200.0
Costos: 408.187571685
Utilidad Ruta: 126791.812428
Costo Reducido: 73.2498438901
Nodos: [106, 9, 54, 12, 57, 10, 55, 35, 80, 22, 67, 8, 32, 53, 13, 77, 58, 20, 38, 83, 27, 65, 2, 72, 47, 916]
q: [0.0, 11.0, -11.0, 14.0, -14.0, 12.0, -12.0, 6.0, -6.0, 10.0, -10.0, 8.0, 6.0, -8.0, 9.0, -6.0, -9.0, 9.0, 6.0, -6.0, 6.0, -9.0, 9.0, -6.0, -9.0, 0.0]
Q: [0.0, 11.0, 0.0, 14.0, 0.0, 12.0, 0.0, 6.0, 0.0, 10.0, 0.0, 8.0, 14.0, 6.0, 15.0, 9.0, 0.0, 9.0, 15.0, 9.0, 15.0, 6.0, 15.0, 9.0, 0.0, 0.0]
B: [0.0, 28.0, 57.5272370025, 68.3142737596, 111.6621980236, 120.37996838075, 149.89947911515, 279.0, 298.9128833924, 314.02713802169995, 335.78182416059997, 414.0, 425.4468981388, 447.8266328334, 450.03730897431, 463.87948875211003, 467.95043913255006, 496.0, 498.08106943661, 530.9499560773099, 542.48568340591, 568.78644675981, 576.11674402527, 587.56881711267, 616.9093474589699, 630.7580378302699]
