Avion: 2      Iteracion: 40

Num Ruta: 34
Ingresos: 99600.0
Costos: 305.010090426
Utilidad Ruta: 99294.9899096
Costo Reducido: 32.0511057254
Nodos: [102, 11, 56, 44, 42, 89, 35, 87, 26, 80, 71, 13, 58, 25, 70, 43, 20, 88, 7, 4, 52, 49, 65, 912]
q: [0.0, 8.0, -8.0, 10.0, 5.0, -10.0, 6.0, -5.0, 9.0, -6.0, -9.0, 15.0, -15.0, 10.0, -10.0, 5.0, 10.0, -5.0, 5.0, 0.0, -5.0, 0.0, -10.0, 0.0]
Q: [0.0, 8.0, 0.0, 10.0, 15.0, 5.0, 11.0, 6.0, 15.0, 9.0, 0.0, 15.0, 0.0, 10.0, 0.0, 5.0, 15.0, 10.0, 15.0, 15.0, 10.0, 10.0, 0.0, 0.0]
B: [0.0, 169.0, 173.05406684701, 211.0, 239.0, 276.4881823646, 296.9043957745, 300.96084557698003, 307.85632416806004, 317.14932954845005, 326.97114531744006, 423.0, 439.88315095, 463.8957169312, 481.0806992413, 494.1179207628, 502.81092358116, 511.751152661, 529.0532386624, 539.4166119549, 558.6889729416, 559.84934701921, 571.71057026981, 593.30279065121]
