Avion: 5      Iteracion: 38

Num Ruta: 40
Ingresos: 26400.0
Costos: 89.9341732735
Utilidad Ruta: 26310.0658267
Costo Reducido: 18.2646647018
Nodos: [105, 10, 55, 33, 78, 915]
q: [0, 12.0, -12.0, 10.0, -10.0, 0]
Q: [0, 12.0, 0.0, 10.0, 0.0, 0]
B: [0.0, 96.0, 125.5195107344, 562.0, 585.3035112376, 601.5361031748]
