Avion: 6      Iteracion: 39

Num Ruta: 40
Ingresos: 122400.0
Costos: 396.098676829
Utilidad Ruta: 122003.901323
Costo Reducido: 69.4790085488
Nodos: [106, 9, 54, 42, 18, 87, 35, 26, 80, 71, 63, 39, 84, 41, 86, 43, 88, 21, 38, 83, 66, 33, 27, 78, 72, 37, 82, 916]
q: [0.0, 11.0, -11.0, 5.0, 9.0, -5.0, 6.0, 0.0, -6.0, 0.0, -9.0, 8.0, -8.0, 13.0, -13.0, 5.0, -5.0, 13.0, 2.0, -2.0, -13.0, 10.0, 5.0, -10.0, -5.0, 15.0, -15.0, 0.0]
Q: [0.0, 11.0, 0.0, 5.0, 14.0, 9.0, 15.0, 15.0, 9.0, 9.0, 0.0, 8.0, 0.0, 13.0, 0.0, 5.0, 0.0, 13.0, 15.0, 13.0, 0.0, 10.0, 15.0, 5.0, 0.0, 15.0, 0.0, 0.0]
B: [0.0, 28.0, 57.5272370025, 239.0, 293.0, 329.7411826293, 333.79763243178, 344.42484702448, 353.71785240487003, 363.53966817386004, 374.97445763406006, 388.0, 410.632187455, 446.0, 466.0411203529, 476.4072656828, 493.6695867898, 500.95259420432, 507.77550714529, 540.64439378599, 547.71432235706, 562.0, 578.4525909206, 585.6713442755799, 606.23813656318, 613.07410218627, 633.86875565777, 655.1681081596699]
