Avion: 1      Iteracion: 71

Num Ruta: 60
Ingresos: 75600.0
Costos: 226.634626598
Utilidad Ruta: 75373.3653734
Costo Reducido: 2.84683492554
Nodos: [101, 24, 69, 1, 46, 8, 53, 13, 58, 29, 74, 33, 78, 911]
q: [0, 14.0, -14.0, 7.0, -7.0, 8.0, -8.0, 15.0, -15.0, 9.0, -9.0, 10.0, -10.0, 0]
Q: [0, 14.0, 0.0, 7.0, 0.0, 8.0, 0.0, 15.0, 0.0, 9.0, 0.0, 10.0, 0.0, 0]
B: [0.0, 61.0, 99.5129503025, 175.0, 209.2400855285, 414.0, 434.768396616, 436.97907275691, 453.86222370691, 549.0, 582.7797797802, 591.6312714624, 614.9347827, 620.61154550991]
