Avion: 2      Iteracion: 88

Num Ruta: 63
Ingresos: 57600.0
Costos: 148.891873601
Utilidad Ruta: 57451.1081264
Costo Reducido: 5.71927079239
Nodos: [102, 44, 89, 8, 45, 90, 19, 53, 64, 5, 50, 912]
q: [0.0, 14.0, -14.0, 8.0, 7.0, -7.0, 7.0, -8.0, -7.0, 12.0, -12.0, 0.0]
Q: [0.0, 14.0, 0.0, 8.0, 15.0, 8.0, 15.0, 7.0, 0.0, 12.0, 0.0, 0.0]
B: [0.0, 211.0, 265.00737440390003, 414.0, 417.40515271317, 426.59677634559, 438.43863059229, 467.32908860179, 470.25720779334995, 478.10752103550993, 479.22920994068994, 482.9954945820799]
