Avion: 1      Iteracion: 83

Num Ruta: 63
Ingresos: 42000.0
Costos: 135.728125218
Utilidad Ruta: 41864.2718748
Costo Reducido: 8.78316122554
Nodos: [101, 16, 61, 9, 54, 19, 32, 64, 77, 911]
q: [0, 11.0, -11.0, 11.0, -11.0, 7.0, 6.0, -7.0, -6.0, 0]
Q: [0, 11.0, 0.0, 11.0, 0.0, 7.0, 13.0, 6.0, 0.0, 0]
B: [0.0, 36.0, 45.624091437640004, 75.68094759394, 105.20818459644, 402.0, 422.0, 441.5724706923, 458.69984714049997, 469.0220175518]
