Avion: 5      Iteracion: 14

Num Ruta: 17
Ingresos: 79200.0
Costos: 298.754567506
Utilidad Ruta: 78901.2454325
Costo Reducido: 1242.93346368
Nodos: [105, 9, 54, 11, 56, 34, 79, 39, 45, 90, 32, 84, 13, 77, 58, 43, 88, 915]
q: [0.0, 11.0, -11.0, 8.0, -8.0, 12.0, -12.0, 8.0, 7.0, -7.0, 6.0, -8.0, 9.0, -6.0, -9.0, 5.0, -5.0, 0.0]
Q: [0.0, 11.0, 0.0, 8.0, 0.0, 12.0, 0.0, 8.0, 15.0, 8.0, 14.0, 6.0, 15.0, 9.0, 0.0, 5.0, 0.0, 0.0]
B: [0.0, 44.8876461401, 74.4148831426, 169.0, 173.05406684701, 283.0, 323.947598037, 388.0, 426.73888982660003, 435.93051345902, 437.46612441235, 463.07796581434997, 466.30989960079995, 480.1520793786, 484.22302975904, 506.43534933624, 523.69767044324, 539.77776450394]
