Avion: 6      Iteracion: 29

Num Ruta: 30
Ingresos: 74400.0
Costos: 280.101430664
Utilidad Ruta: 74119.8985693
Costo Reducido: 68.7436574747
Nodos: [106, 9, 54, 44, 89, 41, 86, 43, 88, 20, 65, 2, 47, 916]
q: [0, 11.0, -11.0, 14.0, -14.0, 13.0, -13.0, 5.0, -5.0, 10.0, -10.0, 9.0, -9.0, 0]
Q: [0, 11.0, 0.0, 14.0, 0.0, 13.0, 0.0, 5.0, 0.0, 10.0, 0.0, 9.0, 0.0, 0]
B: [0.0, 28.0, 57.5272370025, 211.0, 265.00737440390003, 446.0, 466.0411203529, 476.4072656828, 493.6695867898, 502.60981586964, 544.78695831674, 552.1172555822, 592.8522176296, 606.7009080009]
