Avion: 6      Iteracion: 25

Num Ruta: 26
Ingresos: 36000.0
Costos: 209.550416567
Utilidad Ruta: 35790.4495834
Costo Reducido: 14.8945077396
Nodos: [106, 40, 85, 44, 42, 87, 89, 916]
q: [0.0, 15.0, -15.0, 10.0, 5.0, -5.0, -10.0, 0.0]
Q: [0.0, 15.0, 0.0, 10.0, 15.0, 10.0, 0.0, 0.0]
B: [0.0, 62.0, 94.5694417821, 211.0, 239.0, 287.0498346511, 304.6779412142, 334.3154986372]
