Avion: 4      Iteracion: 31

Num Ruta: 33
Ingresos: 88800.0
Costos: 312.993238061
Utilidad Ruta: 88487.0067619
Costo Reducido: 45.9308592774
Nodos: [104, 9, 54, 24, 69, 31, 11, 76, 56, 34, 79, 28, 73, 25, 43, 88, 70, 914]
q: [0, 11.0, -11.0, 14.0, -14.0, 6.0, 8.0, -6.0, -8.0, 12.0, -12.0, 8.0, -8.0, 10.0, 5.0, -5.0, -10.0, 0]
Q: [0, 11.0, 0.0, 14.0, 0.0, 6.0, 14.0, 8.0, 0.0, 12.0, 0.0, 8.0, 0.0, 10.0, 15.0, 10.0, 0.0, 0]
B: [0.0, 34.2318085996, 63.7590456021, 87.8992954972, 126.4122457997, 137.6966035572, 169.0, 169.478878899097, 173.173257466597, 283.0, 323.947598037, 378.0, 414.0266187839, 417.35999740026, 451.0, 468.262321107, 476.01149712771, 495.71792189221003]
