Avion: 5      Iteracion: 26

Num Ruta: 28
Ingresos: 122400.0
Costos: 358.014525455
Utilidad Ruta: 122041.985475
Costo Reducido: 84.3441405601
Nodos: [105, 17, 62, 16, 61, 24, 69, 10, 55, 35, 26, 80, 71, 6, 51, 13, 58, 21, 38, 83, 66, 33, 78, 915]
q: [0.0, 5.0, -5.0, 11.0, -11.0, 14.0, -14.0, 12.0, -12.0, 2.0, 13.0, -2.0, -13.0, 5.0, -5.0, 15.0, -15.0, 7.0, 8.0, -8.0, -7.0, 10.0, -10.0, 0.0]
Q: [0.0, 5.0, 0.0, 11.0, 0.0, 14.0, 0.0, 12.0, 0.0, 2.0, 15.0, 13.0, 0.0, 5.0, 0.0, 15.0, 0.0, 7.0, 15.0, 7.0, 0.0, 10.0, 0.0, 0.0]
B: [0.0, 24.0, 58.8425537813, 64.17419311644, 73.79828455408, 99.02448363357999, 137.53743393608, 149.32336461638, 178.84287535078, 279.0, 300.0, 309.29300538039, 319.11482114938, 436.0, 439.69228939819, 453.10235550539, 469.98550645539, 485.49690284639, 492.31981578736, 525.18870242806, 532.25863099913, 562.0, 585.3035112376, 601.5361031748]
