Avion: 2      Iteracion: 42

Num Ruta: 36
Ingresos: 54000.0
Costos: 171.800679162
Utilidad Ruta: 53828.1993208
Costo Reducido: 16.2025924122
Nodos: [102, 12, 40, 85, 57, 10, 55, 35, 80, 5, 50, 912]
q: [0.0, 14.0, 1.0, -1.0, -14.0, 12.0, -12.0, 6.0, -6.0, 12.0, -12.0, 0.0]
Q: [0.0, 14.0, 15.0, 14.0, 0.0, 12.0, 0.0, 6.0, 0.0, 12.0, 0.0, 0.0]
B: [0.0, 54.0, 73.792962512, 106.3624042941, 127.2310713574, 135.94884171454999, 165.46835244895, 279.0, 298.9128833924, 469.0, 470.12168890518, 473.88797354657]
