Avion: 3      Iteracion: 37

Num Ruta: 38
Ingresos: 120000.0
Costos: 354.13369845
Utilidad Ruta: 119645.866302
Costo Reducido: 72.5049781177
Nodos: [103, 10, 55, 31, 11, 76, 56, 44, 89, 8, 45, 90, 19, 64, 53, 41, 50, 5, 86, 21, 66, 913]
q: [0.0, 12.0, -12.0, 6.0, 8.0, -6.0, -8.0, 14.0, -14.0, 8.0, 7.0, -7.0, 7.0, -7.0, -8.0, 13.0, -12.0, 12.0, -13.0, 13.0, -13.0, 0.0]
Q: [0.0, 12.0, 0.0, 6.0, 14.0, 8.0, 0.0, 14.0, 0.0, 8.0, 15.0, 8.0, 15.0, 8.0, 0.0, 13.0, 1.0, 13.0, 0.0, 13.0, 0.0, 0.0]
B: [0.0, 96.0, 125.5195107344, 165.1276650716, 178.3103942655, 178.789273164597, 182.483651732097, 211.0, 265.00737440390003, 414.0, 417.40515271317, 426.59677634559, 438.43863059229, 465.06574688379, 467.99386607534996, 484.01359616044994, 492.8398339773199, 493.96152288249993, 505.9874109993999, 523.8504679605999, 564.5892586397998, 581.5794594920998]
