Avion: 5      Iteracion: 36

Num Ruta: 38
Ingresos: 132000.0
Costos: 405.238447239
Utilidad Ruta: 131594.761553
Costo Reducido: 82.4643648229
Nodos: [105, 1, 31, 76, 11, 56, 42, 46, 3, 48, 23, 87, 35, 80, 68, 28, 73, 25, 19, 64, 70, 20, 38, 83, 27, 72, 65, 37, 82, 915]
q: [0.0, 7.0, 6.0, -6.0, 8.0, -8.0, 5.0, -7.0, 10.0, -10.0, 9.0, -5.0, 6.0, -6.0, -9.0, 8.0, -8.0, 8.0, 7.0, -7.0, -8.0, 9.0, 6.0, -6.0, 6.0, -6.0, -9.0, 15.0, -15.0, 0.0]
Q: [0.0, 7.0, 13.0, 7.0, 15.0, 7.0, 12.0, 5.0, 15.0, 5.0, 14.0, 9.0, 15.0, 9.0, 0.0, 8.0, 0.0, 8.0, 15.0, 8.0, 0.0, 9.0, 15.0, 9.0, 15.0, 9.0, 0.0, 15.0, 0.0, 0.0]
B: [0.0, 175.0, 183.89376197118, 197.19937597428, 197.678254873377, 201.732321720387, 239.0, 264.0626014013, 271.1591533105, 276.24343506902, 279.60592239242, 316.62156124951997, 320.678011052, 340.59089444439996, 353.20943992319997, 378.0, 414.0266187839, 417.35999740026, 426.75200464046, 453.37912093195996, 470.16597736785997, 496.0, 498.08106943661, 530.9499560773099, 542.48568340591, 559.51654577401, 575.6743115849099, 587.2518295400099, 608.04648301151, 633.11166094821]
