Avion: 1      Iteracion: 48

Num Ruta: 46
Ingresos: 121200.0
Costos: 376.290079086
Utilidad Ruta: 120823.709921
Costo Reducido: 40.2102094195
Nodos: [101, 24, 69, 31, 76, 11, 56, 34, 79, 39, 28, 84, 73, 25, 38, 70, 21, 83, 66, 27, 72, 37, 82, 911]
q: [0.0, 14.0, -14.0, 6.0, -6.0, 8.0, -8.0, 12.0, -12.0, 8.0, 7.0, -8.0, -7.0, 10.0, 2.0, -10.0, 13.0, -2.0, -13.0, 6.0, -6.0, 15.0, -15.0, 0.0]
Q: [0.0, 14.0, 0.0, 6.0, 0.0, 8.0, 0.0, 12.0, 0.0, 8.0, 15.0, 7.0, 0.0, 10.0, 12.0, 2.0, 15.0, 13.0, 0.0, 6.0, 0.0, 15.0, 0.0, 0.0]
B: [0.0, 61.0, 99.5129503025, 130.0, 143.3056140031, 169.0, 173.05406684701, 283.0, 323.947598037, 388.0, 399.3210123222, 412.3114993416, 448.3244104708, 451.65778908716, 480.0, 484.32166275871, 492.49037624371, 531.00211471391, 538.07204328498, 551.2494914825801, 568.2803538506801, 575.1163194737701, 595.91097294527, 627.68855048037]
