Avion: 5      Iteracion: 51

Num Ruta: 52
Ingresos: 26400.0
Costos: 120.261161646
Utilidad Ruta: 26279.7388384
Costo Reducido: 4.63276797152
Nodos: [105, 1, 46, 23, 18, 68, 63, 915]
q: [0.0, 7.0, -7.0, 4.0, 11.0, -4.0, -11.0, 0.0]
Q: [0.0, 7.0, 0.0, 4.0, 15.0, 11.0, 0.0, 0.0]
B: [0.0, 175.0, 209.2400855285, 267.0, 293.0, 318.4393114097, 328.36484298237, 345.62893293807]
