Avion: 3      Iteracion: 64

Num Ruta: 59
Ingresos: 38400.0
Costos: 127.148531308
Utilidad Ruta: 38272.8514687
Costo Reducido: 3.48897117098
Nodos: [103, 17, 62, 36, 81, 34, 79, 913]
q: [0, 5.0, -5.0, 15.0, -15.0, 12.0, -12.0, 0]
Q: [0, 5.0, 0.0, 15.0, 0.0, 12.0, 0.0, 0]
B: [0.0, 24.0, 58.8425537813, 251.0, 257.94814406874, 283.0, 323.947598037, 333.98216549159997]
