Avion: 5      Iteracion: 37

Num Ruta: 39
Ingresos: 43200.0
Costos: 116.161447879
Utilidad Ruta: 43083.8385521
Costo Reducido: 64.071589556
Nodos: [105, 10, 55, 41, 86, 15, 60, 915]
q: [0, 12.0, -12.0, 13.0, -13.0, 11.0, -11.0, 0]
Q: [0, 12.0, 0.0, 13.0, 0.0, 11.0, 0.0, 0]
B: [0.0, 96.0, 125.5195107344, 446.0, 466.0411203529, 511.0, 527.4211666151, 532.20771547623]
