Avion: 3      Iteracion: 5

Num Ruta: 9
Ingresos: 186000.0
Costos: 671.281690997
Utilidad Ruta: 185328.718309
Costo Reducido: 288171.304778
Nodos: [103, 16, 61, 24, 30, 69, 10, 75, 55, 11, 56, 42, 36, 81, 87, 26, 71, 22, 67, 25, 70, 19, 43, 64, 5, 50, 38, 88, 83, 33, 78, 27, 72, 37, 82, 913]
q: [0.0, 11.0, -11.0, 14.0, 1.0, -14.0, 12.0, -1.0, -12.0, 8.0, -8.0, 5.0, 10.0, -10.0, -5.0, 13.0, -13.0, 10.0, -10.0, 10.0, -10.0, 7.0, 5.0, -7.0, 10.0, -10.0, 8.0, -5.0, -8.0, 10.0, -10.0, 6.0, -6.0, 15.0, -15.0, 0.0]
Q: [0.0, 11.0, 0.0, 14.0, 15.0, 1.0, 13.0, 12.0, 0.0, 8.0, 0.0, 5.0, 15.0, 5.0, 0.0, 13.0, 0.0, 10.0, 0.0, 10.0, 0.0, 7.0, 12.0, 5.0, 15.0, 5.0, 13.0, 8.0, 0.0, 10.0, 0.0, 6.0, 0.0, 15.0, 0.0, 0.0]
B: [0.0, 36.0, 45.624091437640004, 70.85029051714, 89.10719167804, 109.37531307594, 121.16124375624, 139.85429404234, 158.75509193554, 211.39330851814, 215.44737536515, 239.0, 258.0825283964, 265.03067246514, 312.18195768624, 319.07743627732003, 336.65666424672, 350.29084489682003, 372.04553103572005, 410.0, 427.1849823101, 443.8578739909, 451.0, 471.20454651800003, 479.05485976016, 480.17654866534, 501.75824137004, 511.89340520694003, 547.39742499344, 564.0406254368401, 587.34413667444, 594.56289002942, 611.59375239752, 618.42971802061, 639.2243714921101, 692.6496296571102]
