Avion: 3      Iteracion: 32

Num Ruta: 33
Ingresos: 108000.0
Costos: 325.297109991
Utilidad Ruta: 107674.70289
Costo Reducido: 37.81777685
Nodos: [103, 17, 62, 30, 16, 61, 75, 3, 48, 18, 34, 63, 79, 39, 6, 51, 84, 5, 50, 21, 38, 66, 83, 913]
q: [0.0, 5.0, -5.0, 11.0, 4.0, -4.0, -11.0, 15.0, -15.0, 3.0, 12.0, -3.0, -12.0, 8.0, 5.0, -5.0, -8.0, 12.0, -12.0, 7.0, 8.0, -7.0, -8.0, 0.0]
Q: [0.0, 5.0, 0.0, 11.0, 15.0, 11.0, 0.0, 15.0, 0.0, 3.0, 15.0, 12.0, 0.0, 8.0, 13.0, 8.0, 0.0, 12.0, 0.0, 7.0, 15.0, 8.0, 0.0, 0.0]
B: [0.0, 24.0, 58.8425537813, 64.0, 72.20259129788, 81.82668273552001, 84.69783929691, 256.0, 261.08428175852, 293.0, 316.7154937119, 344.9475311871, 360.10016082690004, 388.0, 436.0, 439.69228939819, 449.87740525418997, 469.0, 470.12168890518, 498.36127928818, 505.18419222915, 539.66657261395, 546.7365011850201, 556.70047654629]
