Avion: 5      Iteracion: 61

Num Ruta: 59
Ingresos: 66000.0
Costos: 210.220397935
Utilidad Ruta: 65789.7796021
Costo Reducido: 16.103855238
Nodos: [105, 10, 55, 35, 80, 26, 71, 20, 4, 49, 65, 2, 47, 915]
q: [0, 12.0, -12.0, 6.0, -6.0, 13.0, -13.0, 10.0, 5.0, -5.0, -10.0, 9.0, -9.0, 0]
Q: [0, 12.0, 0.0, 6.0, 0.0, 13.0, 0.0, 10.0, 15.0, 10.0, 0.0, 9.0, 0.0, 0]
B: [0.0, 96.0, 125.5195107344, 279.0, 298.9128833924, 308.20588877279, 325.78511674219, 496.0, 529.0, 549.4257496801999, 561.2869729308, 568.6172701962599, 609.35223224366, 620.40831586306]
