Avion: 2      Iteracion: 14

Num Ruta: 13
Ingresos: 80400.0
Costos: 324.92488094
Utilidad Ruta: 80075.0751191
Costo Reducido: 735.433350828
Nodos: [102, 16, 61, 30, 75, 24, 69, 34, 79, 28, 73, 4, 27, 49, 72, 912]
q: [0, 11.0, -11.0, 11.0, -11.0, 14.0, -14.0, 12.0, -12.0, 8.0, -8.0, 5.0, 6.0, -5.0, -6.0, 0]
Q: [0, 11.0, 0.0, 11.0, 0.0, 14.0, 0.0, 12.0, 0.0, 8.0, 0.0, 5.0, 11.0, 6.0, 0.0, 0]
B: [0.0, 36.0, 45.624091437640004, 64.0, 82.7140226568, 107.4479935471, 145.9609438496, 283.0, 323.947598037, 378.0, 414.0266187839, 529.0, 546.6147745373, 562.9655871165, 568.38084565142, 574.6248290754901]
