Avion: 2      Iteracion: 20

Num Ruta: 19
Ingresos: 132000.0
Costos: 392.06313399
Utilidad Ruta: 131607.936866
Costo Reducido: 386.103691913
Nodos: [102, 14, 59, 11, 56, 34, 79, 39, 84, 8, 53, 13, 58, 43, 15, 88, 60, 7, 4, 52, 49, 27, 72, 37, 82, 912]
q: [0.0, 8.0, -8.0, 8.0, -8.0, 12.0, -12.0, 8.0, -8.0, 8.0, -8.0, 15.0, -15.0, 5.0, 10.0, -5.0, -10.0, 10.0, 5.0, -10.0, -5.0, 6.0, -6.0, 15.0, -15.0, 0.0]
Q: [0.0, 8.0, 0.0, 8.0, 0.0, 12.0, 0.0, 8.0, 0.0, 8.0, 0.0, 15.0, 0.0, 5.0, 15.0, 10.0, 0.0, 10.0, 15.0, 5.0, 0.0, 6.0, 0.0, 15.0, 0.0, 0.0]
B: [0.0, 112.0, 124.021711775, 169.0, 173.05406684701, 283.0, 323.947598037, 388.0, 410.632187455, 434.7301572658, 455.49855388180004, 457.70923002271, 474.59238097271003, 496.80470054991, 511.0, 521.2530082415, 533.7945681525, 544.6993077184, 555.0626810109, 574.3350419976, 575.49541607521, 591.84622865441, 608.87709102251, 615.7130566456, 636.5077101171, 653.3285719262001]
