Avion: 5      Iteracion: 19

Num Ruta: 21
Ingresos: 109200.0
Costos: 374.881233979
Utilidad Ruta: 108825.118766
Costo Reducido: 213.830034579
Nodos: [105, 17, 62, 12, 57, 10, 55, 35, 80, 26, 71, 15, 60, 20, 38, 83, 65, 37, 82, 915]
q: [0.0, 5.0, -5.0, 14.0, -14.0, 12.0, -12.0, 6.0, -6.0, 13.0, -13.0, 11.0, -11.0, 7.0, 8.0, -8.0, -7.0, 15.0, -15.0, 0.0]
Q: [0.0, 5.0, 0.0, 14.0, 0.0, 12.0, 0.0, 6.0, 0.0, 13.0, 0.0, 11.0, 0.0, 7.0, 15.0, 7.0, 0.0, 15.0, 0.0, 0.0]
B: [0.0, 24.0, 58.8425537813, 78.5512475229, 121.8991717869, 130.61694214405, 160.13645287845, 279.0, 298.9128833924, 308.20588877279, 325.78511674219, 511.0, 527.4211666151, 533.55501866744, 535.63608810405, 568.50497474475, 595.88198247025, 607.45950042535, 628.2541538968501, 653.3193318335501]
