Avion: 7      Iteracion: 24

Num Ruta: 21
Ingresos: 33600.0
Costos: 119.129436067
Utilidad Ruta: 33480.8705639
Costo Reducido: 52.3107633937
Nodos: [107, 32, 19, 77, 64, 4, 7, 49, 52, 917]
q: [0, 6.0, 7.0, -6.0, -7.0, 5.0, 10.0, -5.0, -10.0, 0]
Q: [0, 6.0, 13.0, 7.0, 0.0, 5.0, 15.0, 10.0, 0.0, 0]
B: [0.0, 422.0, 433.71491463899997, 461.3697862171, 478.4971626653, 529.0, 539.3633732925, 569.0610398002, 570.2214138778099, 576.9108623603099]
