Avion: 2      Iteracion: 58

Num Ruta: 50
Ingresos: 90000.0
Costos: 306.486538945
Utilidad Ruta: 89693.5134611
Costo Reducido: 16.4481620069
Nodos: [102, 44, 42, 89, 87, 26, 71, 6, 51, 5, 50, 20, 7, 52, 65, 2, 33, 78, 47, 912]
q: [0.0, 10.0, 5.0, -10.0, -5.0, 13.0, -13.0, 5.0, -5.0, 12.0, -12.0, 10.0, 5.0, -5.0, -10.0, 9.0, 6.0, -6.0, -9.0, 0.0]
Q: [0.0, 10.0, 15.0, 5.0, 0.0, 13.0, 0.0, 5.0, 0.0, 12.0, 0.0, 10.0, 15.0, 10.0, 0.0, 9.0, 15.0, 9.0, 0.0, 0.0]
B: [0.0, 211.0, 239.0, 276.4881823646, 294.1162889277, 301.01176751878, 318.59099548818, 436.0, 439.69228939819, 469.0, 470.12168890518, 496.0, 517.0, 545.5413118129, 558.5049963585999, 565.8352936240599, 579.6208945540599, 602.9244057916599, 621.4431898230598, 647.3740335424598]
