Avion: 4      Iteracion: 73

Num Ruta: 64
Ingresos: 54000.0
Costos: 156.729659368
Utilidad Ruta: 53843.2703406
Costo Reducido: 5.76438429505
Nodos: [104, 11, 56, 34, 79, 39, 84, 5, 50, 6, 51, 914]
q: [0, 8.0, -8.0, 12.0, -12.0, 8.0, -8.0, 12.0, -12.0, 5.0, -5.0, 0]
Q: [0, 8.0, 0.0, 12.0, 0.0, 8.0, 0.0, 12.0, 0.0, 5.0, 0.0, 0]
B: [0.0, 169.0, 173.05406684701, 283.0, 323.947598037, 388.0, 410.632187455, 469.0, 470.12168890518, 486.34528175638, 490.03757115457, 514.51649813267]
