Avion: 4      Iteracion: 57

Num Ruta: 55
Ingresos: 91200.0
Costos: 279.375738308
Utilidad Ruta: 90920.6242617
Costo Reducido: 7.67319025133
Nodos: [104, 9, 54, 12, 57, 10, 55, 35, 26, 80, 71, 13, 58, 29, 74, 914]
q: [0.0, 11.0, -11.0, 14.0, -14.0, 12.0, -12.0, 2.0, 13.0, -2.0, -13.0, 15.0, -15.0, 9.0, -9.0, 0.0]
Q: [0.0, 11.0, 0.0, 14.0, 0.0, 12.0, 0.0, 2.0, 15.0, 13.0, 0.0, 15.0, 0.0, 9.0, 0.0, 0.0]
B: [0.0, 34.2318085996, 63.7590456021, 74.5460823592, 117.8940066232, 126.61177698035, 156.13128771475, 279.0, 300.0, 309.29300538039, 319.11482114938, 423.0, 439.88315095, 549.0, 582.7797797802, 607.5882078038]
