Avion: 4      Iteracion: 7

Num Ruta: 11
Ingresos: 134400.0
Costos: 571.715098403
Utilidad Ruta: 133828.284902
Costo Reducido: 220770.653398
Nodos: [104, 17, 62, 16, 61, 12, 57, 1, 42, 46, 35, 87, 80, 18, 63, 39, 84, 13, 58, 43, 5, 50, 88, 20, 15, 60, 65, 914]
q: [0.0, 5.0, -5.0, 11.0, -11.0, 14.0, -14.0, 7.0, 5.0, -7.0, 6.0, -5.0, -6.0, 11.0, -11.0, 8.0, -8.0, 15.0, -15.0, 5.0, 10.0, -10.0, -5.0, 10.0, 5.0, -5.0, -10.0, 0.0]
Q: [0.0, 5.0, 0.0, 11.0, 0.0, 14.0, 0.0, 7.0, 12.0, 5.0, 11.0, 6.0, 0.0, 11.0, 0.0, 8.0, 0.0, 15.0, 0.0, 5.0, 15.0, 5.0, 0.0, 10.0, 15.0, 10.0, 0.0, 0.0]
B: [0.0, 26.5094038032, 61.3519575845, 66.68359691964, 76.30768835728, 110.26159124048, 153.60951550448, 175.0, 239.0, 264.0626014013, 299.7175832411, 303.77403304358, 319.84824201328, 342.73909540498, 366.55733165367997, 388.0, 410.632187455, 423.0, 439.88315095, 462.0954705272, 484.4858945964, 485.60758350158, 516.29559708998, 525.23582616982, 535.53671826712, 551.95788488222, 588.32568657552, 632.2172910688199]
