Avion: 3      Iteracion: 38

Num Ruta: 39
Ingresos: 32400.0
Costos: 103.423652833
Utilidad Ruta: 32296.5763472
Costo Reducido: 14.1532597023
Nodos: [103, 36, 81, 34, 79, 913]
q: [0, 15.0, -15.0, 12.0, -12.0, 0]
Q: [0, 15.0, 0.0, 12.0, 0.0, 0]
B: [0.0, 251.0, 257.94814406874, 283.0, 323.947598037, 333.98216549159997]
