Avion: 2      Iteracion: 63

Num Ruta: 55
Ingresos: 132000.0
Costos: 350.510465606
Utilidad Ruta: 131649.489534
Costo Reducido: 3.17253730557
Nodos: [102, 14, 59, 3, 48, 18, 36, 81, 34, 63, 79, 39, 28, 84, 43, 73, 15, 88, 60, 20, 7, 4, 52, 49, 65, 37, 82, 912]
q: [0.0, 8.0, -8.0, 15.0, -15.0, 3.0, 12.0, -12.0, 12.0, -3.0, -12.0, 8.0, 7.0, -8.0, 5.0, -7.0, 10.0, -5.0, -10.0, 10.0, 5.0, 0.0, -5.0, 0.0, -10.0, 15.0, -15.0, 0.0]
Q: [0.0, 8.0, 0.0, 15.0, 0.0, 3.0, 15.0, 3.0, 15.0, 12.0, 0.0, 8.0, 15.0, 7.0, 12.0, 5.0, 15.0, 10.0, 0.0, 10.0, 15.0, 15.0, 10.0, 10.0, 0.0, 15.0, 0.0, 0.0]
B: [0.0, 112.0, 124.021711775, 256.0, 261.08428175852, 293.0, 306.9670306436, 313.91517471234005, 327.63492270564007, 355.86696018084007, 371.0195898206401, 388.0, 399.3210123222, 412.3114993416, 451.0, 467.5718045185, 511.0, 521.2530082415, 533.7945681525, 539.92842020484, 548.6713746254, 559.0347479179, 578.3071089046, 579.46748298221, 591.32870623281, 602.90622418791, 623.70087765941, 640.5217394685101]
