Avion: 1      Iteracion: 9

Num Ruta: 12
Ingresos: 158400.0
Costos: 593.353821494
Utilidad Ruta: 157806.646179
Costo Reducido: 214247.297311
Nodos: [101, 16, 61, 40, 85, 10, 55, 44, 23, 89, 26, 68, 71, 22, 67, 8, 53, 25, 70, 21, 66, 7, 52, 37, 82, 911]
q: [0.0, 11.0, -11.0, 15.0, -15.0, 12.0, -12.0, 14.0, 1.0, -14.0, 13.0, -1.0, -13.0, 10.0, -10.0, 8.0, -8.0, 10.0, -10.0, 13.0, -13.0, 10.0, -10.0, 15.0, -15.0, 0.0]
Q: [0.0, 11.0, 0.0, 15.0, 0.0, 12.0, 0.0, 14.0, 15.0, 1.0, 14.0, 13.0, 0.0, 10.0, 0.0, 8.0, 0.0, 10.0, 0.0, 13.0, 0.0, 10.0, 0.0, 15.0, 0.0, 0.0]
B: [0.0, 36.0, 45.624091437640004, 77.27284989674001, 109.84229167884001, 127.02298575674001, 156.54249649114, 223.39771472424002, 267.43515453404, 288.26574562024, 306.06602078664, 325.75239356074, 328.81946594332004, 342.45364659342005, 364.20833273232006, 414.0, 434.768396616, 468.12895782230004, 485.31394013240003, 493.48265361740005, 534.2214442966, 573.7510224502, 602.2923342631, 609.46514577603, 630.25979924753, 662.0373767826301]
