Avion: 4      Iteracion: 3

Num Ruta: 7
Ingresos: 177600.0
Costos: 608.101854267
Utilidad Ruta: 176991.898146
Costo Reducido: 316868.049171
Nodos: [104, 17, 62, 30, 75, 16, 61, 14, 59, 31, 11, 76, 56, 44, 42, 89, 23, 87, 68, 45, 90, 8, 32, 53, 13, 77, 58, 41, 50, 5, 86, 7, 20, 4, 52, 65, 49, 914]
q: [0.0, 5.0, -5.0, 11.0, -11.0, 11.0, -11.0, 8.0, -8.0, 6.0, 8.0, -6.0, -8.0, 10.0, 5.0, -10.0, 10.0, -5.0, -10.0, 11.0, -11.0, 8.0, 6.0, -8.0, 9.0, -6.0, -9.0, 13.0, -12.0, 12.0, -13.0, 5.0, 10.0, 0.0, -5.0, -10.0, 0.0, 0.0]
Q: [0.0, 5.0, 0.0, 11.0, 0.0, 11.0, 0.0, 8.0, 0.0, 6.0, 14.0, 8.0, 0.0, 10.0, 15.0, 5.0, 15.0, 10.0, 0.0, 11.0, 0.0, 8.0, 14.0, 6.0, 15.0, 9.0, 0.0, 13.0, 1.0, 13.0, 0.0, 5.0, 15.0, 15.0, 10.0, 0.0, 0.0, 0.0]
B: [0.0, 26.5094038032, 61.3519575845, 64.49641206819, 83.21043472499, 94.02710648669, 103.65119792433, 130.43750242873, 142.45921420373, 169.67128141663, 182.85401061053, 183.332889509627, 187.027268077127, 211.0, 239.0, 276.4881823646, 297.3187734508, 334.3344123079, 360.6947682994, 387.0833006762, 396.27492430862, 414.0, 425.4468981388, 447.8266328334, 450.03730897431, 463.87948875211003, 467.95043913255006, 502.7563904196501, 511.58262823652007, 512.7043171417, 524.7302052586, 535.1403634226, 543.88331784316, 554.16246887816, 573.43482986486, 586.39851441056, 598.25973766116, 632.15205552226]
