Avion: 1      Iteracion: 13

Num Ruta: 15
Ingresos: 126000.0
Costos: 529.162077639
Utilidad Ruta: 125470.837922
Costo Reducido: 44144.5041683
Nodos: [101, 24, 12, 57, 69, 31, 76, 44, 89, 3, 48, 35, 26, 80, 71, 28, 73, 43, 8, 53, 88, 21, 38, 4, 83, 66, 27, 49, 72, 911]
q: [0.0, 14.0, 1.0, -1.0, -14.0, 6.0, -6.0, 14.0, -14.0, 15.0, -15.0, 0.0, 13.0, 0.0, -13.0, 8.0, -8.0, 5.0, 8.0, -8.0, -5.0, 2.0, 8.0, 5.0, -8.0, -2.0, 6.0, -5.0, -6.0, 0.0]
Q: [0.0, 14.0, 15.0, 14.0, 0.0, 6.0, 0.0, 14.0, 0.0, 15.0, 0.0, 0.0, 13.0, 13.0, 0.0, 8.0, 0.0, 5.0, 13.0, 5.0, 0.0, 2.0, 10.0, 15.0, 7.0, 5.0, 11.0, 6.0, 0.0, 0.0]
B: [0.0, 61.0, 77.84782742670001, 121.1957516907, 137.1279892611, 148.4123470186, 161.7179610217, 211.0, 265.00737440390003, 287.39410424550005, 292.47838600402, 336.27670925962, 346.90392385232, 356.19692923271003, 366.01874500170004, 378.0, 414.0266187839, 451.0, 469.0253933105, 489.79378992650004, 514.7073246416, 521.99033205612, 528.81324499709, 537.14714540446, 566.2668447332601, 573.3367733043301, 586.5142215019301, 602.8650340811301, 608.2802926160501, 625.0011492029502]
