Avion: 4      Iteracion: 14

Num Ruta: 17
Ingresos: 148800.0
Costos: 546.111616226
Utilidad Ruta: 148253.888384
Costo Reducido: 1192.77318696
Nodos: [104, 30, 75, 16, 61, 14, 59, 11, 56, 44, 42, 3, 48, 89, 87, 18, 63, 39, 84, 13, 58, 43, 32, 77, 88, 15, 60, 4, 29, 27, 49, 72, 74, 914]
q: [0.0, 11.0, -11.0, 11.0, -11.0, 8.0, -8.0, 8.0, -8.0, 0.0, 0.0, 15.0, -15.0, 0.0, 0.0, 11.0, -11.0, 8.0, -8.0, 15.0, -15.0, 5.0, 6.0, -6.0, -5.0, 11.0, -11.0, 5.0, 9.0, 1.0, -5.0, -1.0, -9.0, 0.0]
Q: [0.0, 11.0, 0.0, 11.0, 0.0, 8.0, 0.0, 8.0, 0.0, 0.0, 0.0, 15.0, 0.0, 0.0, 0.0, 11.0, 0.0, 8.0, 0.0, 15.0, 0.0, 5.0, 11.0, 5.0, 0.0, 11.0, 0.0, 5.0, 14.0, 15.0, 10.0, 9.0, 0.0, 0.0]
B: [0.0, 64.0, 82.7140226568, 93.53069441849999, 103.15478585614, 129.94109036054, 141.96280213554, 171.41123124473998, 175.46529809175, 211.0, 239.0, 257.4606418632, 262.54492362172, 286.70928767291997, 304.33739423602, 341.07857686532, 364.89681311401995, 388.0, 410.632187455, 423.0, 439.88315095, 462.0954705272, 469.30830609998003, 497.16566191488005, 510.96461673038004, 521.21762497188, 537.63879158698, 543.21347086027, 563.92347349187, 589.52528172877, 605.87609430797, 611.29135284289, 626.73873041969, 651.54715844329]
