Avion: 6      Iteracion: 57

Num Ruta: 53
Ingresos: 102000.0
Costos: 333.834766825
Utilidad Ruta: 101666.165233
Costo Reducido: 7.00253273899
Nodos: [106, 9, 54, 14, 59, 42, 18, 87, 26, 71, 63, 21, 38, 83, 66, 33, 78, 27, 72, 37, 82, 916]
q: [0.0, 11.0, -11.0, 8.0, -8.0, 5.0, 10.0, -5.0, 5.0, -5.0, -10.0, 13.0, 2.0, -2.0, -13.0, 10.0, -10.0, 6.0, -6.0, 15.0, -15.0, 0.0]
Q: [0.0, 11.0, 0.0, 8.0, 0.0, 5.0, 15.0, 10.0, 15.0, 10.0, 0.0, 13.0, 15.0, 13.0, 0.0, 10.0, 0.0, 6.0, 0.0, 15.0, 0.0, 0.0]
B: [0.0, 28.0, 57.5272370025, 112.0, 124.021711775, 239.0, 293.0, 329.7411826293, 336.63666122038, 354.21588918978, 365.65067864998, 477.0, 483.82291294097, 516.69179958167, 523.76172815274, 562.0, 585.3035112376, 592.52226459258, 609.55312696068, 616.38909258377, 637.1837460552699, 658.4830985571699]
