Avion: 3      Iteracion: 58

Num Ruta: 55
Ingresos: 51600.0
Costos: 140.655755404
Utilidad Ruta: 51459.3442446
Costo Reducido: 0.441033312964
Nodos: [103, 28, 73, 25, 70, 21, 50, 5, 66, 913]
q: [0.0, 8.0, -8.0, 10.0, -10.0, 13.0, -12.0, 12.0, -13.0, 0.0]
Q: [0.0, 8.0, 0.0, 10.0, 0.0, 13.0, 1.0, 13.0, 0.0, 0.0]
B: [0.0, 378.0, 414.0266187839, 417.35999740026, 434.54497971036, 477.0, 505.239590383, 506.36127928818, 527.98394010968, 544.97414096198]
