Avion: 3      Iteracion: 68

Num Ruta: 60
Ingresos: 36000.0
Costos: 104.545581755
Utilidad Ruta: 35895.4544182
Costo Reducido: 7.53677274816
Nodos: [103, 36, 81, 21, 38, 66, 83, 913]
q: [0.0, 15.0, -15.0, 13.0, 2.0, -13.0, -2.0, 0.0]
Q: [0.0, 15.0, 0.0, 13.0, 15.0, 2.0, 0.0, 0.0]
B: [0.0, 251.0, 257.94814406874, 477.0, 483.82291294097, 518.30529332577, 525.37522189684, 535.33919725811]
