Avion: 6      Iteracion: 9

Num Ruta: 11
Ingresos: 133200.0
Costos: 505.915420758
Utilidad Ruta: 132694.084579
Costo Reducido: 194495.469254
Nodos: [106, 16, 61, 40, 85, 10, 55, 3, 48, 23, 22, 67, 18, 68, 63, 25, 70, 8, 53, 2, 7, 52, 47, 916]
q: [0.0, 11.0, -11.0, 15.0, -15.0, 12.0, -12.0, 15.0, -15.0, 4.0, 10.0, -10.0, 11.0, -4.0, -11.0, 10.0, -10.0, 8.0, -8.0, 9.0, 6.0, -6.0, -9.0, 0.0]
Q: [0.0, 11.0, 0.0, 15.0, 0.0, 12.0, 0.0, 15.0, 0.0, 4.0, 14.0, 4.0, 15.0, 11.0, 0.0, 10.0, 0.0, 8.0, 0.0, 9.0, 15.0, 9.0, 0.0, 0.0]
B: [0.0, 36.0, 45.624091437640004, 77.27284989674001, 109.84229167884001, 127.02298575674001, 156.54249649114, 256.0, 261.08428175852, 267.0, 299.0, 320.7546861389, 334.15512273630003, 359.594434146, 369.51996571867005, 410.0, 427.1849823101, 453.0055821676, 473.7739787836, 522.0, 557.1577733226, 585.6990851354999, 617.7752482788999, 631.6239386501999]
