Avion: 2      Iteracion: 41

Num Ruta: 35
Ingresos: 80400.0
Costos: 249.648991907
Utilidad Ruta: 80150.3510081
Costo Reducido: 27.9033743922
Nodos: [102, 40, 85, 10, 55, 35, 26, 80, 71, 22, 67, 7, 4, 52, 49, 912]
q: [0.0, 15.0, -15.0, 12.0, -12.0, 2.0, 13.0, -2.0, -13.0, 10.0, -10.0, 10.0, 5.0, -10.0, -5.0, 0.0]
Q: [0.0, 15.0, 0.0, 12.0, 0.0, 2.0, 15.0, 13.0, 0.0, 10.0, 0.0, 10.0, 15.0, 5.0, 0.0, 0.0]
B: [0.0, 62.0, 94.5694417821, 111.75013586, 141.2696465944, 279.0, 300.0, 309.29300538039, 319.11482114938, 332.74900179948, 354.50368793838004, 517.0, 529.0, 548.2723609867, 549.43273506431, 561.08693542301]
