Avion: 3      Iteracion: 81

Num Ruta: 70
Ingresos: 86400.0
Costos: 228.373297063
Utilidad Ruta: 86171.6267029
Costo Reducido: 15.9397822872
Nodos: [103, 17, 30, 62, 16, 61, 75, 24, 69, 36, 81, 15, 21, 60, 38, 83, 66, 913]
q: [0.0, 5.0, 10.0, -5.0, 5.0, -5.0, -10.0, 14.0, -14.0, 15.0, -15.0, 8.0, 7.0, -8.0, 8.0, -8.0, -7.0, 0.0]
Q: [0.0, 5.0, 15.0, 10.0, 15.0, 10.0, 0.0, 14.0, 0.0, 15.0, 0.0, 8.0, 15.0, 7.0, 15.0, 7.0, 0.0, 0.0]
B: [0.0, 24.0, 64.0, 67.14445448369, 72.47609381883, 82.10018525647, 84.97134181786, 109.70531270816, 148.21826301066, 251.0, 257.94814406874, 511.0, 516.67223351071, 527.47150163401, 531.55876734595, 564.42765398665, 571.49758255772, 588.4877834100199]
