Avion: 5      Iteracion: 82

Num Ruta: 73
Ingresos: 94800.0
Costos: 285.519800993
Utilidad Ruta: 94514.480199
Costo Reducido: 0.480267564839
Nodos: [105, 36, 81, 34, 79, 39, 84, 6, 51, 2, 4, 47, 7, 52, 49, 37, 82, 915]
q: [0, 15.0, -15.0, 12.0, -12.0, 8.0, -8.0, 5.0, -5.0, 9.0, 5.0, -9.0, 10.0, -10.0, -5.0, 15.0, -15.0, 0]
Q: [0, 15.0, 0.0, 12.0, 0.0, 8.0, 0.0, 5.0, 0.0, 9.0, 14.0, 5.0, 15.0, 5.0, 0.0, 15.0, 0.0, 0]
B: [0.0, 251.0, 257.94814406874, 283.0, 323.947598037, 388.0, 410.632187455, 436.0, 439.69228939819, 522.0, 549.3715326023, 562.8222884175, 574.3290145375, 602.8703263504, 604.0307004280099, 611.0950725161699, 631.8897259876699, 656.9549039243699]
