Avion: 7      Iteracion: 10

Num Ruta: 11
Ingresos: 32400.0
Costos: 170.006696329
Utilidad Ruta: 32229.9933037
Costo Reducido: 84969.64827
Nodos: [107, 12, 57, 14, 59, 6, 51, 917]
q: [0, 14.0, -14.0, 8.0, -8.0, 5.0, -5.0, 0]
Q: [0, 14.0, 0.0, 8.0, 0.0, 5.0, 0.0, 0]
B: [0.0, 54.0, 97.347924264, 133.8671580457, 145.8888698207, 436.0, 439.69228939819, 461.08645703799]
