Avion: 2      Iteracion: 43

Num Ruta: 37
Ingresos: 76800.0
Costos: 250.430238743
Utilidad Ruta: 76549.5697613
Costo Reducido: 33.9412617108
Nodos: [102, 14, 59, 23, 18, 63, 68, 6, 51, 13, 58, 21, 38, 4, 66, 83, 27, 72, 49, 912]
q: [0.0, 8.0, -8.0, 10.0, 5.0, -5.0, -10.0, 5.0, -5.0, 15.0, -15.0, 13.0, 2.0, 0.0, -13.0, -2.0, 6.0, -6.0, 0.0, 0.0]
Q: [0.0, 8.0, 0.0, 10.0, 15.0, 10.0, 0.0, 5.0, 0.0, 15.0, 0.0, 13.0, 15.0, 15.0, 2.0, 0.0, 6.0, 0.0, 0.0, 0.0]
B: [0.0, 112.0, 124.021711775, 267.0, 293.0, 316.8182362487, 326.74376782137, 436.0, 439.69228939819, 453.10235550539, 469.98550645539, 485.49690284639, 492.31981578736, 529.0, 558.169797411, 565.23972598207, 576.7754533106701, 593.80631567877, 599.22157421369, 610.87577457239]
