Avion: 7      Iteracion: 3

Num Ruta: 6
Ingresos: 195600.0
Costos: 586.152521335
Utilidad Ruta: 195013.847479
Costo Reducido: 344923.600531
Nodos: [107, 30, 75, 16, 61, 14, 59, 31, 1, 76, 11, 56, 46, 3, 48, 23, 42, 87, 26, 68, 71, 45, 90, 19, 8, 64, 53, 41, 50, 5, 86, 20, 4, 49, 65, 27, 72, 33, 78, 917]
q: [0.0, 11.0, -11.0, 11.0, -11.0, 8.0, -8.0, 6.0, 7.0, -6.0, 8.0, -8.0, -7.0, 15.0, -15.0, 10.0, 5.0, -5.0, 0.0, -10.0, 0.0, 11.0, -11.0, 7.0, 8.0, -7.0, -8.0, 13.0, -12.0, 12.0, -13.0, 10.0, 5.0, -5.0, -10.0, 6.0, -6.0, 10.0, -10.0, 0.0]
Q: [0.0, 11.0, 0.0, 11.0, 0.0, 8.0, 0.0, 6.0, 13.0, 7.0, 15.0, 7.0, 0.0, 15.0, 0.0, 10.0, 15.0, 10.0, 10.0, 0.0, 0.0, 11.0, 0.0, 7.0, 15.0, 8.0, 0.0, 13.0, 1.0, 13.0, 0.0, 10.0, 15.0, 10.0, 0.0, 6.0, 0.0, 10.0, 0.0, 0.0]
B: [0.0, 64.0, 82.7140226568, 93.53069441849999, 103.15478585614, 129.94109036054, 141.96280213554, 169.17486934843998, 178.06863131961998, 197.05832541931997, 197.53720431841697, 201.59127116542697, 235.90700050342696, 256.0, 261.08428175852, 267.0, 289.6110683074, 337.6609029585, 344.55638154958, 364.24275432368, 367.30982670626, 390.83597913286, 400.02760276528, 411.86945701198, 435.03033855828, 452.98729798908, 455.91541718063996, 471.93514726573994, 480.76138508260993, 481.88307398778994, 493.9089621046899, 507.4364025499899, 529.0, 549.4257496801999, 561.2869729308, 587.5877362847, 604.6185986528, 618.4657686525, 641.7692798900999, 667.8425379334999]
