Avion: 3      Iteracion: 8

Num Ruta: 12
Ingresos: 96000.0
Costos: 450.186130055
Utilidad Ruta: 95549.8138699
Costo Reducido: 132488.174545
Nodos: [103, 17, 62, 44, 89, 36, 81, 34, 79, 19, 64, 6, 51, 41, 86, 2, 47, 913]
q: [0, 5.0, -5.0, 14.0, -14.0, 15.0, -15.0, 12.0, -12.0, 7.0, -7.0, 5.0, -5.0, 13.0, -13.0, 9.0, -9.0, 0]
Q: [0, 5.0, 0.0, 14.0, 0.0, 15.0, 0.0, 12.0, 0.0, 7.0, 0.0, 5.0, 0.0, 13.0, 0.0, 9.0, 0.0, 0]
B: [0.0, 24.0, 58.8425537813, 211.0, 265.00737440390003, 304.21876092620005, 311.16690499494007, 324.8866529882401, 365.83425102524006, 408.43377449674006, 435.06089078824004, 446.85190978574, 450.54419918393, 469.66091909083, 489.70203944373003, 522.0, 562.7349620474, 598.779898696]
