Avion: 3      Iteracion: 39

Num Ruta: 40
Ingresos: 57600.0
Costos: 195.807936194
Utilidad Ruta: 57404.1920638
Costo Reducido: 56.1519909021
Nodos: [103, 17, 30, 62, 16, 61, 75, 2, 47, 29, 74, 33, 78, 913]
q: [0.0, 5.0, 10.0, -5.0, 5.0, -5.0, -10.0, 9.0, -9.0, 9.0, -9.0, 10.0, -10.0, 0.0]
Q: [0.0, 5.0, 15.0, 10.0, 15.0, 10.0, 0.0, 9.0, 0.0, 9.0, 0.0, 10.0, 0.0, 0.0]
B: [0.0, 24.0, 64.0, 67.14445448369, 72.47609381883, 82.10018525647, 84.97134181786, 522.0, 562.7349620474, 572.53970258451, 606.31948236471, 615.17097404691, 638.47448528451, 657.31322409581]
