Avion: 2      Iteracion: 90

Num Ruta: 65
Ingresos: 98400.0
Costos: 298.348580393
Utilidad Ruta: 98101.6514196
Costo Reducido: 5.06018327827
Nodos: [102, 44, 89, 35, 80, 22, 67, 45, 90, 7, 15, 60, 20, 4, 52, 49, 65, 37, 82, 912]
q: [0.0, 14.0, -14.0, 6.0, -6.0, 10.0, -10.0, 11.0, -11.0, 4.0, 11.0, -11.0, 10.0, 1.0, -4.0, -1.0, -10.0, 15.0, -15.0, 0.0]
Q: [0.0, 14.0, 0.0, 6.0, 0.0, 10.0, 0.0, 11.0, 0.0, 4.0, 15.0, 4.0, 14.0, 15.0, 11.0, 10.0, 0.0, 15.0, 0.0, 0.0]
B: [0.0, 211.0, 265.00737440390003, 285.42358781380005, 305.33647120620003, 320.4507258355, 342.2054119744, 371.0, 380.19162363242, 517.0, 530.7672641436, 547.1884307587, 553.3222828110399, 563.60143384604, 582.87379483274, 584.03416891035, 595.89539216095, 607.47291011605, 628.2675635875501, 645.0884253966501]
