Avion: 5      Iteracion: 64

Num Ruta: 62
Ingresos: 105600.0
Costos: 356.473559273
Utilidad Ruta: 105243.526441
Costo Reducido: 3.01185016769
Nodos: [105, 9, 54, 12, 57, 10, 55, 35, 26, 80, 71, 15, 60, 20, 7, 52, 65, 33, 78, 915]
q: [0.0, 11.0, -11.0, 14.0, -14.0, 12.0, -12.0, 2.0, 13.0, -2.0, -13.0, 11.0, -11.0, 10.0, 5.0, -5.0, -10.0, 10.0, -10.0, 0.0]
Q: [0.0, 11.0, 0.0, 14.0, 0.0, 12.0, 0.0, 2.0, 15.0, 13.0, 0.0, 11.0, 0.0, 10.0, 15.0, 10.0, 0.0, 10.0, 0.0, 0.0]
B: [0.0, 44.8876461401, 74.4148831426, 85.2019198997, 128.54984416370002, 137.26761452085, 166.78712525525, 279.0, 300.0, 309.29300538039, 319.11482114938, 511.0, 527.4211666151, 533.55501866744, 542.2979730879999, 570.8392849008999, 583.8029694465998, 594.6247687886998, 617.9282800262998, 634.1608719634999]
