Avion: 3      Iteracion: 41

Num Ruta: 42
Ingresos: 45600.0
Costos: 154.144936031
Utilidad Ruta: 45445.855064
Costo Reducido: 31.5443409119
Nodos: [103, 17, 30, 62, 40, 85, 75, 26, 71, 6, 51, 913]
q: [0.0, 5.0, 0.0, -5.0, 15.0, -15.0, 0.0, 13.0, -13.0, 5.0, -5.0, 0.0]
Q: [0.0, 5.0, 5.0, 0.0, 15.0, 0.0, 0.0, 13.0, 0.0, 5.0, 0.0, 0.0]
B: [0.0, 24.0, 64.0, 67.14445448369, 90.84342530519, 123.41286708729, 125.45816657636, 300.0, 317.5792279694, 436.0, 439.69228939819, 456.41742784308997]
