Avion: 2      Iteracion: 28

Num Ruta: 25
Ingresos: 94800.0
Costos: 274.53571949
Utilidad Ruta: 94525.4642805
Costo Reducido: 119.67580264
Nodos: [102, 30, 16, 61, 75, 35, 26, 71, 80, 41, 86, 13, 58, 21, 7, 4, 66, 27, 72, 49, 52, 912]
q: [0.0, 11.0, 4.0, -4.0, -11.0, 6.0, 9.0, -9.0, -6.0, 13.0, -13.0, 15.0, -15.0, 13.0, 2.0, 0.0, -13.0, 6.0, -6.0, 0.0, -2.0, 0.0]
Q: [0.0, 11.0, 15.0, 11.0, 0.0, 6.0, 15.0, 6.0, 0.0, 13.0, 0.0, 15.0, 0.0, 13.0, 15.0, 15.0, 2.0, 8.0, 2.0, 2.0, 0.0, 0.0]
B: [0.0, 64.0, 72.20259129788, 81.82668273552001, 84.69783929691, 279.0, 300.0, 317.5792279694, 327.40104373839, 446.0, 466.0411203529, 480.3821530912, 497.2653040412, 512.7767004322, 523.5441618322, 533.9075351247, 563.0773325357, 576.2547807333, 593.2856431014, 598.7009016363199, 599.8612757139299, 610.5011070096299]
