Avion: 3      Iteracion: 80

Num Ruta: 69
Ingresos: 63600.0
Costos: 175.019296437
Utilidad Ruta: 63424.9807036
Costo Reducido: 6.54262464015
Nodos: [103, 17, 30, 62, 16, 61, 75, 40, 85, 26, 71, 6, 51, 913]
q: [0.0, 5.0, 10.0, -5.0, 5.0, -5.0, -10.0, 15.0, -15.0, 13.0, -13.0, 5.0, -5.0, 0.0]
Q: [0.0, 5.0, 15.0, 10.0, 15.0, 10.0, 0.0, 15.0, 0.0, 13.0, 0.0, 5.0, 0.0, 0.0]
B: [0.0, 24.0, 64.0, 67.14445448369, 72.47609381883, 82.10018525647, 84.97134181786, 115.78119589085999, 148.35063767295998, 300.0, 317.5792279694, 436.0, 439.69228939819, 456.41742784308997]
