Avion: 4      Iteracion: 24

Num Ruta: 26
Ingresos: 136800.0
Costos: 378.361041576
Utilidad Ruta: 136421.638958
Costo Reducido: 128.206882877
Nodos: [104, 36, 81, 34, 79, 22, 67, 45, 90, 19, 8, 64, 53, 6, 51, 5, 50, 41, 86, 7, 38, 83, 27, 52, 72, 914]
q: [0.0, 15.0, -15.0, 12.0, -12.0, 10.0, -10.0, 11.0, -11.0, 7.0, 8.0, -7.0, -8.0, 5.0, -5.0, 12.0, -12.0, 13.0, -13.0, 9.0, 6.0, -6.0, 6.0, -9.0, -6.0, 0.0]
Q: [0.0, 15.0, 0.0, 12.0, 0.0, 10.0, 0.0, 11.0, 0.0, 7.0, 15.0, 8.0, 0.0, 5.0, 0.0, 12.0, 0.0, 13.0, 0.0, 9.0, 15.0, 9.0, 15.0, 6.0, 0.0, 0.0]
B: [0.0, 251.0, 257.94814406874, 283.0, 323.947598037, 353.69889745399996, 375.4535835929, 387.2162578212, 396.40788145361995, 408.24973570031995, 431.41061724661995, 449.36757667741995, 452.2956958689799, 461.4863674984099, 465.1786568965999, 483.56751711139987, 484.6892060165799, 493.51544383344986, 513.5565641863499, 523.9667223503499, 532.7429243762799, 565.6118110169799, 577.14753834558, 592.9873132176799, 597.3872337851399, 630.9994251002398]
