Avion: 1      Iteracion: 8

Num Ruta: 11
Ingresos: 136800.0
Costos: 545.425071665
Utilidad Ruta: 136254.574928
Costo Reducido: 182057.360685
Nodos: [101, 17, 62, 11, 56, 44, 42, 89, 35, 87, 26, 80, 71, 22, 67, 28, 73, 32, 43, 88, 77, 5, 50, 7, 27, 52, 72, 37, 82, 911]
q: [0.0, 5.0, -5.0, 8.0, -8.0, 10.0, 5.0, -10.0, 6.0, -5.0, 9.0, -6.0, -9.0, 10.0, -10.0, 8.0, -8.0, 6.0, 5.0, -5.0, -6.0, 12.0, -12.0, 10.0, 5.0, -10.0, -5.0, 15.0, -15.0, 0.0]
Q: [0.0, 5.0, 0.0, 8.0, 0.0, 10.0, 15.0, 5.0, 11.0, 6.0, 15.0, 9.0, 0.0, 10.0, 0.0, 8.0, 0.0, 6.0, 11.0, 6.0, 0.0, 12.0, 0.0, 10.0, 15.0, 5.0, 0.0, 15.0, 0.0, 0.0]
B: [0.0, 32.1256095351, 66.9681633164, 169.0, 173.05406684701, 211.0, 239.0, 276.4881823646, 296.9043957745, 300.96084557698003, 307.85632416806004, 317.14932954845005, 326.97114531744006, 340.60532596754007, 362.3600121064401, 405.4111758073401, 441.4377945912401, 464.8929031179401, 472.1057386907201, 489.3680597977201, 503.1670146132201, 528.10924967742, 529.2309385826001, 550.9493452, 578.6126685723, 594.4524434443999, 598.8523640118599, 605.6883296349499, 626.4829831064499, 658.2605606415499]
