Avion: 6      Iteracion: 31

Num Ruta: 32
Ingresos: 61200.0
Costos: 212.756364901
Utilidad Ruta: 60987.2436351
Costo Reducido: 46.8585450779
Nodos: [106, 9, 54, 12, 57, 5, 50, 38, 27, 83, 72, 916]
q: [0, 11.0, -11.0, 14.0, -14.0, 12.0, -12.0, 8.0, 6.0, -8.0, -6.0, 0]
Q: [0, 11.0, 0.0, 14.0, 0.0, 12.0, 0.0, 8.0, 14.0, 6.0, 0.0, 0]
B: [0.0, 28.0, 57.5272370025, 68.3142737596, 111.6621980236, 469.0, 470.12168890518, 491.70338160988, 538.0, 549.5357273286, 574.3444520036, 596.0731603868]
