Avion: 6      Iteracion: 26

Num Ruta: 27
Ingresos: 105600.0
Costos: 362.593008333
Utilidad Ruta: 105237.406992
Costo Reducido: 144.945287588
Nodos: [106, 24, 69, 10, 55, 1, 42, 46, 23, 87, 26, 71, 68, 6, 51, 33, 27, 78, 72, 37, 82, 916]
q: [0.0, 14.0, -14.0, 12.0, -12.0, 7.0, 5.0, -7.0, 10.0, -5.0, 5.0, -5.0, -10.0, 5.0, -5.0, 10.0, 5.0, -10.0, -5.0, 15.0, -15.0, 0.0]
Q: [0.0, 14.0, 0.0, 12.0, 0.0, 7.0, 12.0, 5.0, 15.0, 10.0, 15.0, 10.0, 0.0, 5.0, 0.0, 10.0, 15.0, 5.0, 0.0, 15.0, 0.0, 0.0]
B: [0.0, 61.0, 99.5129503025, 111.2988809828, 140.8183917172, 179.237732888, 239.0, 264.0626014013, 268.8931248719, 305.908763729, 312.80424232008, 330.38347028948, 333.45054267206, 436.0, 439.69228939819, 562.0, 578.4525909206, 585.6713442755799, 606.23813656318, 613.07410218627, 633.86875565777, 655.1681081596699]
