Avion: 1      Iteracion: 42

Num Ruta: 40
Ingresos: 93600.0
Costos: 282.14031561
Utilidad Ruta: 93317.8596844
Costo Reducido: 42.8534346996
Nodos: [101, 24, 69, 31, 76, 36, 81, 34, 79, 28, 73, 15, 21, 60, 38, 83, 66, 911]
q: [0.0, 14.0, -14.0, 6.0, -6.0, 15.0, -15.0, 12.0, -12.0, 8.0, -8.0, 8.0, 7.0, -8.0, 8.0, -8.0, -7.0, 0.0]
Q: [0.0, 14.0, 0.0, 6.0, 0.0, 15.0, 0.0, 12.0, 0.0, 8.0, 0.0, 8.0, 15.0, 7.0, 15.0, 7.0, 0.0, 0.0]
B: [0.0, 61.0, 99.5129503025, 130.0, 143.3056140031, 251.0, 257.94814406874, 283.0, 323.947598037, 378.0, 414.0266187839, 511.0, 516.67223351071, 527.47150163401, 531.55876734595, 564.42765398665, 571.49758255772, 593.69574259412]
