Avion: 4      Iteracion: 11

Num Ruta: 14
Ingresos: 93600.0
Costos: 390.207113541
Utilidad Ruta: 93209.7928865
Costo Reducido: 86624.8304899
Nodos: [104, 9, 54, 23, 68, 26, 71, 25, 70, 8, 50, 5, 53, 15, 60, 4, 33, 49, 78, 914]
q: [0.0, 11.0, -11.0, 10.0, -10.0, 13.0, -13.0, 10.0, -10.0, 8.0, 0.0, 0.0, -8.0, 11.0, -11.0, 5.0, 10.0, -5.0, -10.0, 0.0]
Q: [0.0, 11.0, 0.0, 10.0, 0.0, 13.0, 0.0, 10.0, 0.0, 8.0, 8.0, 8.0, 0.0, 11.0, 0.0, 5.0, 15.0, 10.0, 0.0, 0.0]
B: [0.0, 34.2318085996, 63.7590456021, 267.0, 306.733842905, 326.4202156791, 343.9994436485, 410.0, 427.1849823101, 453.0055821676, 470.0, 471.12168890518, 480.87449978205, 511.49222226425, 527.91338887935, 533.48806815264, 562.0, 570.5714654523, 592.1093795574, 605.3254873807999]
