Avion: 5      Iteracion: 76

Num Ruta: 70
Ingresos: 108000.0
Costos: 328.640359785
Utilidad Ruta: 107671.35964
Costo Reducido: 1.80405087452
Nodos: [105, 17, 30, 62, 16, 61, 75, 14, 59, 18, 67, 22, 63, 15, 60, 20, 7, 52, 65, 37, 82, 915]
q: [0.0, 5.0, 10.0, -5.0, 5.0, -5.0, -10.0, 8.0, -8.0, 11.0, -10.0, 10.0, -11.0, 11.0, -11.0, 10.0, 5.0, -5.0, -10.0, 15.0, -15.0, 0.0]
Q: [0.0, 5.0, 15.0, 10.0, 15.0, 10.0, 0.0, 8.0, 0.0, 11.0, 1.0, 11.0, 0.0, 11.0, 0.0, 10.0, 15.0, 10.0, 0.0, 15.0, 0.0, 0.0]
B: [0.0, 24.0, 64.0, 67.14445448369, 72.47609381883, 82.10018525647, 84.97134181786, 112.76728247476, 124.78899424976, 293.0, 320.0, 341.7546861389, 357.2375335514, 511.0, 527.4211666151, 533.55501866744, 542.2979730879999, 570.8392849008999, 583.8029694465998, 595.3804874016998, 616.1751408731998, 641.2403188098998]
