Avion: 2      Iteracion: 1

Num Ruta: 5
Ingresos: 169200.0
Costos: 519.156133121
Utilidad Ruta: 168680.843867
Costo Reducido: 279599.845485
Nodos: [102, 16, 61, 24, 30, 69, 10, 75, 55, 23, 68, 26, 71, 22, 67, 45, 90, 32, 77, 13, 58, 5, 50, 15, 60, 7, 4, 52, 49, 912]
q: [0.0, 11.0, -11.0, 12.0, 3.0, -12.0, 12.0, -3.0, -12.0, 10.0, -10.0, 13.0, -13.0, 10.0, -10.0, 11.0, -11.0, 6.0, -6.0, 15.0, -15.0, 12.0, -12.0, 11.0, -11.0, 10.0, 5.0, -10.0, -5.0, 0.0]
Q: [0.0, 11.0, 0.0, 12.0, 15.0, 3.0, 15.0, 12.0, 0.0, 10.0, 0.0, 13.0, 0.0, 10.0, 0.0, 11.0, 0.0, 6.0, 0.0, 15.0, 0.0, 12.0, 0.0, 11.0, 0.0, 10.0, 15.0, 5.0, 0.0, 0.0]
B: [0.0, 36.0, 45.624091437640004, 70.85029051714, 89.10719167804, 109.37531307594, 121.16124375624, 139.85429404234, 158.75509193554, 267.0, 306.733842905, 326.4202156791, 343.9994436485, 357.6336242986, 379.3883104375, 391.1509846658, 400.34260829822, 422.0, 449.8573558149, 463.69953559270004, 480.58268654270006, 507.8469696435001, 508.9686585486801, 542.37085302748, 558.79201964258, 569.69675920848, 580.06013250098, 599.33249348768, 600.49286756529, 612.14706792399]
