Avion: 3      Iteracion: 63

Num Ruta: 58
Ingresos: 44400.0
Costos: 137.685627369
Utilidad Ruta: 44262.3143726
Costo Reducido: 5.54803041264
Nodos: [103, 17, 62, 40, 85, 5, 50, 6, 51, 913]
q: [0, 5.0, -5.0, 15.0, -15.0, 12.0, -12.0, 5.0, -5.0, 0]
Q: [0, 5.0, 0.0, 15.0, 0.0, 12.0, 0.0, 5.0, 0.0, 0]
B: [0.0, 24.0, 58.8425537813, 82.5415246028, 115.1109663849, 469.0, 470.12168890518, 486.34528175638, 490.03757115457, 506.76270959947]
