Avion: 6      Iteracion: 50

Num Ruta: 49
Ingresos: 146400.0
Costos: 438.276729052
Utilidad Ruta: 145961.723271
Costo Reducido: 29.3291564909
Nodos: [106, 9, 54, 12, 57, 10, 55, 35, 26, 80, 71, 22, 67, 19, 25, 70, 43, 32, 64, 13, 58, 77, 88, 20, 7, 52, 65, 37, 82, 916]
q: [0.0, 11.0, -11.0, 14.0, -14.0, 12.0, -12.0, 2.0, 13.0, -2.0, -13.0, 10.0, -10.0, 5.0, 10.0, -10.0, 4.0, 6.0, -5.0, 5.0, -5.0, -6.0, -4.0, 10.0, 5.0, -5.0, -10.0, 15.0, -15.0, 0.0]
Q: [0.0, 11.0, 0.0, 14.0, 0.0, 12.0, 0.0, 2.0, 15.0, 13.0, 0.0, 10.0, 0.0, 5.0, 15.0, 5.0, 9.0, 15.0, 10.0, 15.0, 10.0, 4.0, 0.0, 10.0, 15.0, 10.0, 0.0, 15.0, 0.0, 0.0]
B: [0.0, 28.0, 57.5272370025, 68.3142737596, 111.6621980236, 120.37996838075, 149.89947911515, 279.0, 300.0, 309.29300538039, 319.11482114938, 332.74900179948, 354.50368793838004, 402.0, 411.3920072402, 428.57698955029997, 451.0, 458.21283557278, 477.78530626508, 482.01292557150003, 498.89607652150005, 502.9670269019401, 516.7659817174401, 525.7062107972802, 534.4491652178401, 562.9904770307401, 575.95416157644, 587.53167953154, 608.32633300304, 629.62568550494]
