Avion: 6      Iteracion: 13

Num Ruta: 15
Ingresos: 60000.0
Costos: 309.25107366
Utilidad Ruta: 59690.7489263
Costo Reducido: 37294.8499982
Nodos: [106, 1, 46, 3, 48, 23, 42, 87, 68, 38, 83, 4, 49, 916]
q: [0, 7.0, -7.0, 15.0, -15.0, 10.0, 5.0, -5.0, -10.0, 8.0, -8.0, 5.0, -5.0, 0]
Q: [0, 7.0, 0.0, 15.0, 0.0, 10.0, 15.0, 10.0, 0.0, 8.0, 0.0, 5.0, 0.0, 0]
B: [0.0, 175.0, 209.2400855285, 256.0, 261.08428175852, 267.0, 289.6110683074, 337.6609029585, 364.02125895, 480.0, 512.8688866407, 541.9885859695, 562.4143356497, 589.2475717758]
