Avion: 6      Iteracion: 20

Num Ruta: 21
Ingresos: 30000.0
Costos: 92.1155145439
Utilidad Ruta: 29907.8844855
Costo Reducido: 79.5076893681
Nodos: [106, 23, 68, 13, 58, 916]
q: [0, 10.0, -10.0, 15.0, -15.0, 0]
Q: [0, 10.0, 0.0, 15.0, 0.0, 0]
B: [0.0, 267.0, 306.733842905, 423.0, 439.88315095, 463.1487988026]
