Avion: 5      Iteracion: 30

Num Ruta: 32
Ingresos: 93600.0
Costos: 322.896533672
Utilidad Ruta: 93277.1034663
Costo Reducido: 43.3991271708
Nodos: [105, 17, 16, 61, 62, 14, 59, 18, 63, 22, 67, 45, 90, 32, 43, 21, 88, 77, 38, 83, 66, 915]
q: [0.0, 5.0, 10.0, -10.0, -5.0, 8.0, -8.0, 11.0, -11.0, 10.0, -10.0, 11.0, -11.0, 6.0, 2.0, 7.0, -2.0, -6.0, 8.0, -8.0, -7.0, 0.0]
Q: [0.0, 5.0, 15.0, 5.0, 0.0, 8.0, 0.0, 11.0, 0.0, 10.0, 0.0, 11.0, 0.0, 6.0, 8.0, 15.0, 13.0, 7.0, 15.0, 7.0, 0.0, 0.0]
B: [0.0, 24.0, 58.8014769802, 68.42556841784, 83.07333718993999, 112.0, 124.021711775, 293.0, 316.8182362487, 332.3010836612, 354.0557698001, 371.0, 380.19162363242, 422.0, 451.0, 477.0, 484.28300741452, 498.08196223002, 513.11240946222, 545.9812961029199, 553.05122467399, 585.08775039079]
