Avion: 5      Iteracion: 67

Num Ruta: 64
Ingresos: 60000.0
Costos: 158.816648024
Utilidad Ruta: 59841.183352
Costo Reducido: 6.72652912772
Nodos: [105, 17, 30, 62, 16, 61, 75, 40, 85, 41, 5, 50, 86, 915]
q: [0.0, 5.0, 10.0, -5.0, 5.0, -5.0, -10.0, 15.0, -15.0, 13.0, 2.0, -2.0, -13.0, 0.0]
Q: [0.0, 5.0, 15.0, 10.0, 15.0, 10.0, 0.0, 15.0, 0.0, 13.0, 15.0, 13.0, 0.0, 0.0]
B: [0.0, 24.0, 64.0, 67.14445448369, 72.47609381883, 82.10018525647, 84.97134181786, 115.78119589085999, 148.35063767295998, 446.0, 469.0, 470.12168890518, 481.43821014628, 487.28720681238]
