Avion: 2      Iteracion: 8

Num Ruta: 9
Ingresos: 67200.0
Costos: 410.019757715
Utilidad Ruta: 66789.9802423
Costo Reducido: 132242.906142
Nodos: [102, 17, 16, 61, 62, 44, 89, 34, 79, 19, 64, 6, 51, 41, 86, 912]
q: [0.0, 5.0, 0.0, 0.0, -5.0, 14.0, -14.0, 12.0, -12.0, 7.0, -7.0, 5.0, -5.0, 13.0, -13.0, 0.0]
Q: [0.0, 5.0, 5.0, 5.0, 0.0, 14.0, 0.0, 12.0, 0.0, 7.0, 0.0, 5.0, 0.0, 13.0, 0.0, 0.0]
B: [0.0, 36.2584976247, 71.05997460489999, 80.68406604254, 95.33183481463999, 211.0, 265.00737440390003, 316.95255776100004, 357.900155798, 402.0, 428.6271162915, 440.41813528899996, 444.11042468718995, 463.22714459408996, 483.26826494699, 492.70413888637995]
