Avion: 2      Iteracion: 80

Num Ruta: 58
Ingresos: 40800.0
Costos: 137.998297742
Utilidad Ruta: 40662.0017023
Costo Reducido: 9.92183302411
Nodos: [102, 44, 42, 89, 87, 26, 71, 27, 72, 912]
q: [0.0, 10.0, 5.0, -10.0, -5.0, 13.0, -13.0, 6.0, -6.0, 0.0]
Q: [0.0, 10.0, 15.0, 5.0, 0.0, 13.0, 0.0, 6.0, 0.0, 0.0]
B: [0.0, 211.0, 239.0, 276.4881823646, 294.1162889277, 301.01176751878, 318.59099548818, 538.0, 555.0308623681, 561.27484579217]
