Avion: 7      Iteracion: 35

Num Ruta: 31
Ingresos: 114000.0
Costos: 297.166364917
Utilidad Ruta: 113702.833635
Costo Reducido: 29.1288890463
Nodos: [107, 24, 69, 1, 46, 3, 48, 23, 68, 26, 71, 13, 58, 21, 38, 66, 83, 27, 72, 917]
q: [0.0, 14.0, -14.0, 7.0, -7.0, 15.0, -15.0, 10.0, -10.0, 13.0, -13.0, 15.0, -15.0, 13.0, 2.0, -13.0, -2.0, 6.0, -6.0, 0.0]
Q: [0.0, 14.0, 0.0, 7.0, 0.0, 15.0, 0.0, 10.0, 0.0, 13.0, 0.0, 15.0, 0.0, 13.0, 15.0, 2.0, 0.0, 6.0, 0.0, 0.0]
B: [0.0, 61.0, 99.5129503025, 175.0, 209.2400855285, 256.0, 261.08428175852, 267.0, 306.733842905, 326.4202156791, 343.9994436485, 423.0, 439.88315095, 477.0, 483.82291294097, 518.30529332577, 525.37522189684, 538.0, 555.0308623681, 560.60829851744]
