Avion: 1      Iteracion: 52

Num Ruta: 50
Ingresos: 103200.0
Costos: 275.385604034
Utilidad Ruta: 102924.614396
Costo Reducido: 2.82141368371
Nodos: [101, 14, 59, 3, 48, 23, 18, 63, 68, 28, 73, 25, 43, 70, 88, 21, 38, 83, 66, 33, 78, 911]
q: [0.0, 8.0, -8.0, 15.0, -15.0, 10.0, 5.0, -5.0, -10.0, 8.0, -8.0, 10.0, 5.0, -10.0, -5.0, 13.0, 2.0, -2.0, -13.0, 10.0, -10.0, 0.0]
Q: [0.0, 8.0, 0.0, 15.0, 0.0, 10.0, 15.0, 10.0, 0.0, 8.0, 0.0, 10.0, 15.0, 5.0, 0.0, 13.0, 15.0, 13.0, 0.0, 10.0, 0.0, 0.0]
B: [0.0, 112.0, 124.021711775, 256.0, 261.08428175852, 267.0, 293.0, 316.8182362487, 326.74376782137, 378.0, 414.0266187839, 417.35999740026, 451.0, 464.0372215215, 471.78639754221, 479.06940495673, 485.8923178977, 518.7612045384001, 525.8311331094701, 562.0, 585.3035112376, 590.98027404751]
