Avion: 3      Iteracion: 88

Num Ruta: 74
Ingresos: 92400.0
Costos: 292.147217148
Utilidad Ruta: 92107.8527829
Costo Reducido: 7.44875227903
Nodos: [103, 17, 30, 62, 16, 61, 75, 24, 69, 11, 56, 44, 42, 89, 35, 87, 26, 80, 71, 6, 51, 913]
q: [0.0, 5.0, 10.0, -5.0, 5.0, -5.0, -10.0, 14.0, -14.0, 8.0, -8.0, 10.0, 5.0, -10.0, 6.0, -5.0, 9.0, -6.0, -9.0, 5.0, -5.0, 0.0]
Q: [0.0, 5.0, 15.0, 10.0, 15.0, 10.0, 0.0, 14.0, 0.0, 8.0, 0.0, 10.0, 15.0, 5.0, 11.0, 6.0, 15.0, 9.0, 0.0, 5.0, 0.0, 0.0]
B: [0.0, 24.0, 64.0, 67.14445448369, 72.47609381883, 82.10018525647, 84.97134181786, 109.70531270816, 148.21826301066, 169.0, 173.05406684701, 211.0, 239.0, 276.4881823646, 296.9043957745, 300.96084557698003, 307.85632416806004, 317.14932954845005, 326.97114531744006, 436.0, 439.69228939819, 456.41742784308997]
