Avion: 4      Iteracion: 12

Num Ruta: 15
Ingresos: 139200.0
Costos: 527.552483723
Utilidad Ruta: 138672.447516
Costo Reducido: 137296.830598
Nodos: [104, 17, 62, 30, 75, 24, 69, 31, 76, 36, 81, 42, 87, 35, 80, 45, 90, 8, 53, 13, 58, 6, 51, 2, 7, 52, 47, 914]
q: [0.0, 5.0, -5.0, 11.0, -11.0, 14.0, -14.0, 6.0, -6.0, 15.0, -15.0, 5.0, -5.0, 6.0, -6.0, 11.0, -11.0, 8.0, -8.0, 15.0, -15.0, 5.0, -5.0, 9.0, 6.0, -6.0, -9.0, 0.0]
Q: [0.0, 5.0, 0.0, 11.0, 0.0, 14.0, 0.0, 6.0, 0.0, 15.0, 0.0, 5.0, 0.0, 6.0, 0.0, 11.0, 0.0, 8.0, 0.0, 15.0, 0.0, 5.0, 0.0, 9.0, 15.0, 9.0, 0.0, 0.0]
B: [0.0, 26.5094038032, 61.3519575845, 64.49641206819, 83.21043472499, 107.94440561529, 146.45735591778998, 157.74171367529, 171.04732767839, 251.0, 257.94814406874, 282.45112780544, 330.50096245654004, 334.55741225902005, 354.47029565142003, 373.26151245612004, 382.45313608854, 414.0, 434.768396616, 436.97907275691, 453.86222370691, 478.08517233011, 481.7774617283, 522.0, 557.1577733226, 585.6990851354999, 617.7752482788999, 641.3822751988998]
