Avion: 6      Iteracion: 86

Num Ruta: 61
Ingresos: 70800.0
Costos: 247.186088415
Utilidad Ruta: 70552.8139116
Costo Reducido: 7.05794865929
Nodos: [106, 9, 54, 44, 89, 2, 47, 7, 52, 37, 82, 916]
q: [0, 11.0, -11.0, 14.0, -14.0, 9.0, -9.0, 10.0, -10.0, 15.0, -15.0, 0]
Q: [0, 11.0, 0.0, 14.0, 0.0, 9.0, 0.0, 10.0, 0.0, 15.0, 0.0, 0]
B: [0.0, 28.0, 57.5272370025, 211.0, 265.00737440390003, 522.0, 562.7349620474, 574.2416881674001, 602.7829999803, 609.95581149323, 630.7504649647301, 652.0498174666301]
