Avion: 7      Iteracion: 79

Num Ruta: 52
Ingresos: 103200.0
Costos: 285.629248883
Utilidad Ruta: 102914.370751
Costo Reducido: 3.40250263512
Nodos: [107, 24, 69, 1, 46, 3, 48, 23, 42, 87, 26, 68, 71, 13, 58, 29, 27, 74, 72, 917]
q: [0.0, 14.0, -14.0, 7.0, -7.0, 15.0, -15.0, 10.0, 5.0, -5.0, 5.0, -10.0, -5.0, 15.0, -15.0, 9.0, 6.0, -9.0, -6.0, 0.0]
Q: [0.0, 14.0, 0.0, 7.0, 0.0, 15.0, 0.0, 10.0, 15.0, 10.0, 15.0, 5.0, 0.0, 15.0, 0.0, 9.0, 15.0, 6.0, 0.0, 0.0]
B: [0.0, 61.0, 99.5129503025, 175.0, 209.2400855285, 256.0, 261.08428175852, 267.0, 289.6110683074, 337.6609029585, 344.55638154958, 364.24275432368, 367.30982670626, 423.0, 439.88315095, 549.0, 574.6018082369, 582.8182362320799, 598.26561380888, 603.8430499582199]
