Avion: 1      Iteracion: 16

Num Ruta: 17
Ingresos: 80400.0
Costos: 258.713445699
Utilidad Ruta: 80141.2865543
Costo Reducido: 386.655243747
Nodos: [101, 12, 57, 36, 81, 25, 70, 43, 88, 21, 66, 33, 78, 911]
q: [0, 14.0, -14.0, 15.0, -15.0, 10.0, -10.0, 5.0, -5.0, 13.0, -13.0, 10.0, -10.0, 0]
Q: [0, 14.0, 0.0, 15.0, 0.0, 10.0, 0.0, 5.0, 0.0, 13.0, 0.0, 10.0, 0.0, 0]
B: [0.0, 54.0, 97.347924264, 251.0, 257.94814406874, 410.0, 427.1849823101, 451.0, 468.262321107, 477.0, 517.7387906792, 562.0, 585.3035112376, 590.98027404751]
