Avion: 4      Iteracion: 79

Num Ruta: 68
Ingresos: 55200.0
Costos: 146.573004862
Utilidad Ruta: 55053.4269951
Costo Reducido: 14.0298097554
Nodos: [104, 31, 76, 36, 81, 34, 79, 39, 84, 6, 51, 914]
q: [0, 6.0, -6.0, 15.0, -15.0, 12.0, -12.0, 8.0, -8.0, 5.0, -5.0, 0]
Q: [0, 6.0, 0.0, 15.0, 0.0, 12.0, 0.0, 8.0, 0.0, 5.0, 0.0, 0]
B: [0.0, 130.0, 143.3056140031, 251.0, 257.94814406874, 283.0, 323.947598037, 388.0, 410.632187455, 436.0, 439.69228939819, 464.17121637629]
