Avion: 6      Iteracion: 24

Num Ruta: 25
Ingresos: 110400.0
Costos: 435.823264437
Utilidad Ruta: 109964.176736
Costo Reducido: 56.8759261505
Nodos: [106, 30, 75, 10, 55, 36, 81, 42, 18, 87, 35, 80, 63, 28, 25, 73, 21, 70, 27, 66, 2, 72, 47, 916]
q: [0.0, 11.0, -11.0, 12.0, -12.0, 15.0, -15.0, 5.0, 10.0, -5.0, 5.0, -5.0, -10.0, 8.0, 2.0, -8.0, 13.0, -2.0, 2.0, -13.0, 9.0, -2.0, -9.0, 0.0]
Q: [0.0, 11.0, 0.0, 12.0, 0.0, 15.0, 0.0, 5.0, 15.0, 10.0, 15.0, 10.0, 0.0, 8.0, 10.0, 2.0, 15.0, 13.0, 15.0, 2.0, 11.0, 9.0, 0.0, 0.0]
B: [0.0, 64.0, 82.7140226568, 101.4070729429, 130.92658367730002, 251.0, 257.94814406874, 282.45112780544, 294.27078317264, 331.01196580194, 335.06841560442, 354.98129899682, 375.70053568642, 384.83403846465, 421.40885190235, 424.74223051871, 477.0, 485.168713485, 538.0, 551.1774481976, 575.0284619287, 586.4805350161, 615.8210653624001, 629.6697557337001]
