Avion: 5      Iteracion: 4

Num Ruta: 8
Ingresos: 138000.0
Costos: 553.620383817
Utilidad Ruta: 137446.379616
Costo Reducido: 332501.630377
Nodos: [105, 40, 85, 14, 59, 36, 81, 35, 80, 18, 63, 8, 45, 90, 32, 19, 64, 53, 77, 21, 38, 83, 66, 33, 78, 29, 74, 915]
q: [0.0, 15.0, -15.0, 8.0, -8.0, 15.0, -15.0, 6.0, -6.0, 11.0, -11.0, 4.0, 11.0, -11.0, 4.0, 7.0, -7.0, -4.0, -4.0, 13.0, 2.0, -2.0, -13.0, 10.0, -10.0, 9.0, -9.0, 0.0]
Q: [0.0, 15.0, 0.0, 8.0, 0.0, 15.0, 0.0, 6.0, 0.0, 11.0, 0.0, 4.0, 15.0, 4.0, 8.0, 15.0, 8.0, 4.0, 0.0, 13.0, 15.0, 13.0, 0.0, 10.0, 0.0, 9.0, 0.0, 0.0]
B: [0.0, 62.0, 94.5694417821, 123.1478437143, 135.1695554893, 251.0, 257.94814406874, 308.86250452824004, 328.77538792064, 351.66624131234, 375.48447756103997, 414.0, 417.40515271317, 426.59677634559, 428.13238729892, 439.84730193791995, 466.47441822941994, 469.4025374209799, 485.45163614957994, 503.86356774297997, 510.68648068395, 543.55536732465, 550.62529589572, 562.0, 585.3035112376, 603.6868304428, 637.466610223, 663.2485961822]
