Avion: 4      Iteracion: 35

Num Ruta: 37
Ingresos: 90000.0
Costos: 252.369849043
Utilidad Ruta: 89747.630151
Costo Reducido: 41.4400393627
Nodos: [104, 30, 75, 16, 61, 1, 11, 56, 44, 42, 46, 89, 35, 87, 26, 80, 71, 13, 58, 914]
q: [0.0, 11.0, -11.0, 11.0, -11.0, 7.0, 8.0, -8.0, 3.0, 5.0, -7.0, -3.0, 6.0, -5.0, 9.0, -6.0, -9.0, 15.0, -15.0, 0.0]
Q: [0.0, 11.0, 0.0, 11.0, 0.0, 7.0, 15.0, 7.0, 10.0, 15.0, 8.0, 5.0, 11.0, 6.0, 15.0, 9.0, 0.0, 15.0, 0.0, 0.0]
B: [0.0, 64.0, 82.7140226568, 93.53069441849999, 103.15478585614, 175.0, 193.6808285951, 197.73489544211, 211.0, 239.0, 264.0626014013, 280.07715041150004, 300.49336382140007, 304.5498136238801, 311.4452922149601, 320.7382975953501, 330.5601133643401, 423.0, 439.88315095, 450.6988751051]
