Avion: 5      Iteracion: 23

Num Ruta: 25
Ingresos: 147600.0
Costos: 489.452546914
Utilidad Ruta: 147110.547453
Costo Reducido: 176.187541147
Nodos: [105, 17, 62, 40, 85, 10, 55, 35, 80, 22, 67, 18, 63, 45, 90, 32, 19, 64, 13, 77, 58, 21, 38, 83, 66, 33, 78, 27, 72, 915]
q: [0.0, 5.0, -5.0, 15.0, -15.0, 12.0, -12.0, 6.0, -6.0, 10.0, -10.0, 11.0, -11.0, 11.0, -11.0, 6.0, 7.0, -7.0, 9.0, -6.0, -9.0, 13.0, 2.0, -2.0, -13.0, 10.0, -10.0, 6.0, -6.0, 0.0]
Q: [0.0, 5.0, 0.0, 15.0, 0.0, 12.0, 0.0, 6.0, 0.0, 10.0, 0.0, 11.0, 0.0, 11.0, 0.0, 6.0, 13.0, 6.0, 15.0, 9.0, 0.0, 13.0, 15.0, 13.0, 0.0, 10.0, 0.0, 6.0, 0.0, 0.0]
B: [0.0, 24.0, 58.8425537813, 82.5415246028, 115.1109663849, 132.2916604628, 161.8111711972, 279.0, 298.9128833924, 314.02713802169995, 335.78182416059997, 349.182260758, 373.00049700669996, 401.54888305569995, 410.7405066881199, 422.0, 433.71491463899997, 460.34203093049996, 464.56965023692, 478.41183001472, 482.48278039516003, 497.99417678616004, 504.81708972713005, 537.6859763678301, 544.7559049389001, 562.0, 585.3035112376, 592.52226459258, 609.55312696068, 628.54785617698]
