Avion: 6      Iteracion: 32

Num Ruta: 33
Ingresos: 28800.0
Costos: 101.971257836
Utilidad Ruta: 28698.0287422
Costo Reducido: 49.5501803888
Nodos: [106, 40, 85, 2, 47, 916]
q: [0, 15.0, -15.0, 9.0, -9.0, 0]
Q: [0, 15.0, 0.0, 9.0, 0.0, 0]
B: [0.0, 62.0, 94.5694417821, 522.0, 562.7349620474, 576.5836524187]
