Avion: 5      Iteracion: 87

Num Ruta: 74
Ingresos: 150000.0
Costos: 427.204237042
Utilidad Ruta: 149572.795763
Costo Reducido: 1.82769835769
Nodos: [105, 17, 30, 62, 16, 61, 75, 24, 69, 36, 81, 34, 79, 39, 84, 13, 28, 58, 73, 15, 60, 20, 7, 52, 65, 37, 82, 915]
q: [0.0, 5.0, 10.0, -5.0, 5.0, -5.0, -10.0, 14.0, -14.0, 15.0, -15.0, 12.0, -12.0, 8.0, -8.0, 7.0, 8.0, -7.0, -8.0, 11.0, -11.0, 10.0, 5.0, -5.0, -10.0, 15.0, -15.0, 0.0]
Q: [0.0, 5.0, 15.0, 10.0, 15.0, 10.0, 0.0, 14.0, 0.0, 15.0, 0.0, 12.0, 0.0, 8.0, 0.0, 7.0, 15.0, 8.0, 0.0, 11.0, 0.0, 10.0, 15.0, 10.0, 0.0, 15.0, 0.0, 0.0]
B: [0.0, 24.0, 64.0, 67.14445448369, 72.47609381883, 82.10018525647, 84.97134181786, 109.70531270816, 148.21826301066, 251.0, 257.94814406874, 283.0, 323.947598037, 388.0, 410.632187455, 423.0, 436.7962173439, 450.1536367429, 473.1920667675, 511.0, 527.4211666151, 533.55501866744, 542.2979730879999, 570.8392849008999, 583.8029694465998, 595.3804874016998, 616.1751408731998, 641.2403188098998]
