Avion: 6      Iteracion: 41

Num Ruta: 42
Ingresos: 136800.0
Costos: 402.236358747
Utilidad Ruta: 136397.763641
Costo Reducido: 0.794859005779
Nodos: [106, 9, 54, 12, 57, 10, 55, 35, 26, 80, 71, 18, 63, 39, 6, 51, 84, 13, 58, 15, 21, 60, 38, 83, 66, 916]
q: [0.0, 11.0, -11.0, 14.0, -14.0, 12.0, -12.0, 2.0, 13.0, -2.0, -13.0, 11.0, -11.0, 8.0, 5.0, -5.0, -8.0, 15.0, -15.0, 8.0, 7.0, -8.0, 8.0, -8.0, -7.0, 0.0]
Q: [0.0, 11.0, 0.0, 14.0, 0.0, 12.0, 0.0, 2.0, 15.0, 13.0, 0.0, 11.0, 0.0, 8.0, 13.0, 8.0, 0.0, 15.0, 0.0, 8.0, 15.0, 7.0, 15.0, 7.0, 0.0, 0.0]
B: [0.0, 28.0, 57.5272370025, 68.3142737596, 111.6621980236, 120.37996838075, 149.89947911515, 279.0, 300.0, 309.29300538039, 319.11482114938, 342.39349190178, 366.21172815048, 388.0, 436.0, 439.69228939819, 449.87740525418997, 453.10933904063995, 469.99248999063997, 511.0, 516.67223351071, 527.47150163401, 531.55876734595, 564.42765398665, 571.49758255772, 609.10811036572]
