Avion: 1      Iteracion: 6

Num Ruta: 10
Ingresos: 169200.0
Costos: 575.432655732
Utilidad Ruta: 168624.567344
Costo Reducido: 169137.899781
Nodos: [101, 30, 75, 16, 61, 14, 59, 31, 76, 44, 89, 3, 48, 35, 26, 80, 71, 28, 25, 73, 32, 43, 88, 70, 38, 77, 83, 27, 7, 72, 52, 37, 82, 911]
q: [0.0, 11.0, -11.0, 11.0, -11.0, 8.0, -8.0, 6.0, -6.0, 14.0, -14.0, 15.0, -15.0, 6.0, 9.0, -6.0, -9.0, 8.0, 4.0, -8.0, 6.0, 5.0, -5.0, -4.0, 8.0, -6.0, -8.0, 5.0, 10.0, -5.0, -10.0, 15.0, -15.0, 0.0]
Q: [0.0, 11.0, 0.0, 11.0, 0.0, 8.0, 0.0, 6.0, 0.0, 14.0, 0.0, 15.0, 0.0, 6.0, 15.0, 9.0, 0.0, 8.0, 12.0, 4.0, 10.0, 15.0, 10.0, 6.0, 14.0, 8.0, 0.0, 5.0, 15.0, 10.0, 0.0, 15.0, 0.0, 0.0]
B: [0.0, 64.0, 82.7140226568, 93.53069441849999, 103.15478585614, 129.94109036054, 141.96280213554, 169.17486934843998, 182.48048335154, 211.0, 265.00737440390003, 287.39410424550005, 292.47838600402, 336.27670925962, 346.90392385232, 356.19692923271003, 366.01874500170004, 378.0, 414.5748134377, 417.90819205406, 441.36330058076, 451.0, 468.262321107, 476.01149712771, 480.33315988642, 495.36360711862, 517.35968588282, 538.0, 565.6633233723, 590.3878382715001, 594.78775883896, 601.96057035189, 622.75522382339, 654.53280135849]
