Avion: 3      Iteracion: 84

Num Ruta: 72
Ingresos: 37200.0
Costos: 145.155259952
Utilidad Ruta: 37054.84474
Costo Reducido: 4.11683153838
Nodos: [103, 17, 62, 18, 63, 21, 38, 66, 83, 913]
q: [0.0, 5.0, -5.0, 11.0, -11.0, 13.0, 2.0, -13.0, -2.0, 0.0]
Q: [0.0, 5.0, 0.0, 11.0, 0.0, 13.0, 15.0, 2.0, 0.0, 0.0]
B: [0.0, 24.0, 58.8425537813, 293.0, 316.8182362487, 477.0, 483.82291294097, 518.30529332577, 525.37522189684, 535.33919725811]
