Avion: 3      Iteracion: 35

Num Ruta: 36
Ingresos: 118800.0
Costos: 303.978749506
Utilidad Ruta: 118496.02125
Costo Reducido: 35.333482452
Nodos: [103, 17, 62, 30, 16, 61, 75, 26, 71, 18, 63, 39, 6, 51, 84, 13, 50, 5, 58, 21, 38, 66, 83, 913]
q: [0.0, 5.0, -5.0, 11.0, 4.0, -4.0, -11.0, 13.0, -13.0, 11.0, -11.0, 8.0, 5.0, -5.0, -8.0, 15.0, -12.0, 12.0, -15.0, 13.0, 2.0, -13.0, -2.0, 0.0]
Q: [0.0, 5.0, 0.0, 11.0, 15.0, 11.0, 0.0, 13.0, 0.0, 11.0, 0.0, 8.0, 13.0, 8.0, 0.0, 15.0, 3.0, 15.0, 0.0, 13.0, 15.0, 2.0, 0.0, 0.0]
B: [0.0, 24.0, 58.8425537813, 64.0, 72.20259129788, 81.82668273552001, 84.69783929691, 300.0, 317.5792279694, 340.8578987218, 364.67613497049996, 388.0, 436.0, 439.69228939819, 449.87740525418997, 453.10933904063995, 470.0, 471.12168890518, 498.38597200598, 513.89736839698, 520.72028133795, 555.20266172275, 562.27259029382, 572.23656565509]
