Avion: 7      Iteracion: 74

Num Ruta: 51
Ingresos: 85200.0
Costos: 249.036916169
Utilidad Ruta: 84950.9630838
Costo Reducido: 11.7329571281
Nodos: [107, 40, 85, 10, 55, 35, 80, 5, 50, 15, 60, 20, 7, 52, 65, 917]
q: [0.0, 15.0, -15.0, 12.0, -12.0, 6.0, -6.0, 12.0, -12.0, 11.0, -11.0, 10.0, 5.0, -5.0, -10.0, 0.0]
Q: [0.0, 15.0, 0.0, 12.0, 0.0, 6.0, 0.0, 12.0, 0.0, 11.0, 0.0, 10.0, 15.0, 10.0, 0.0, 0.0]
B: [0.0, 62.0, 94.5694417821, 111.75013586, 141.2696465944, 279.0, 298.9128833924, 469.0, 470.12168890518, 511.0, 527.4211666151, 533.55501866744, 542.2979730879999, 570.8392849008999, 583.8029694465998, 596.6836204394998]
