Avion: 4      Iteracion: 72

Num Ruta: 63
Ingresos: 56400.0
Costos: 185.278760776
Utilidad Ruta: 56214.7212392
Costo Reducido: 9.50950356953
Nodos: [104, 30, 16, 61, 75, 24, 69, 1, 46, 18, 63, 914]
q: [0.0, 11.0, 4.0, -4.0, -11.0, 14.0, -14.0, 7.0, -7.0, 11.0, -11.0, 0.0]
Q: [0.0, 11.0, 15.0, 11.0, 0.0, 14.0, 0.0, 7.0, 0.0, 11.0, 0.0, 0.0]
B: [0.0, 64.0, 72.20259129788, 81.82668273552001, 84.69783929691, 109.43181018721, 147.94476048971, 175.0, 209.2400855285, 293.0, 316.8182362487, 326.40195520326]
