Avion: 5      Iteracion: 0

Num Ruta: 4
Ingresos: 0
Costos: 20.3111246857
Utilidad Ruta: -20.3111246857
Costo Reducido: -
Nodos: [105, 915]
q: [0, 0]
Q: [0, 0]
B: [0, 0]
