Avion: 5      Iteracion: 34

Num Ruta: 36
Ingresos: 104400.0
Costos: 308.381181074
Utilidad Ruta: 104091.618819
Costo Reducido: 76.8875860589
Nodos: [105, 31, 11, 76, 56, 44, 89, 8, 45, 90, 32, 43, 53, 13, 77, 58, 88, 15, 21, 60, 38, 83, 66, 27, 72, 915]
q: [0.0, 6.0, 8.0, -6.0, -8.0, 14.0, -14.0, 4.0, 11.0, -11.0, 6.0, 5.0, -4.0, 4.0, -6.0, -4.0, -5.0, 8.0, 7.0, -8.0, 8.0, -8.0, -7.0, 6.0, -6.0, 0.0]
Q: [0.0, 6.0, 14.0, 8.0, 0.0, 14.0, 0.0, 4.0, 15.0, 4.0, 10.0, 15.0, 11.0, 15.0, 9.0, 5.0, 0.0, 8.0, 15.0, 7.0, 15.0, 7.0, 0.0, 6.0, 0.0, 0.0]
B: [0.0, 130.0, 169.0, 169.478878899097, 173.173257466597, 211.0, 265.00737440390003, 414.0, 417.40515271317, 426.59677634559, 428.13238729892, 451.0, 473.5694787268, 475.78015486771, 489.62233464551, 493.69328502595005, 503.74887237825004, 514.0018806197501, 519.6741141304601, 530.4733822537601, 534.5606479657, 567.4295346064, 574.49946317747, 587.6769113750701, 604.70777374317, 623.70250295947]
