Avion: 3      Iteracion: 0

Num Ruta: 3
Ingresos: 210000.0
Costos: 674.033838929
Utilidad Ruta: 209325.966161
Costo Reducido: -
Nodos: [103, 40, 85, 10, 55, 31, 11, 76, 56, 44, 89, 3, 48, 23, 68, 26, 71, 45, 90, 13, 58, 6, 51, 41, 86, 5, 50, 15, 60, 37, 82, 913]
q: [0, 15.0, -15.0, 12.0, -12.0, 6.0, 8.0, -6.0, -8.0, 14.0, -14.0, 15.0, -15.0, 10.0, -10.0, 13.0, -13.0, 11.0, -11.0, 15.0, -15.0, 5.0, -5.0, 13.0, -13.0, 12.0, -12.0, 11.0, -11.0, 15.0, -15.0, 0]
Q: [0, 15.0, 0.0, 12.0, 0.0, 6.0, 14.0, 8.0, 0.0, 14.0, 0.0, 15.0, 0.0, 10.0, 0.0, 13.0, 0.0, 11.0, 0.0, 15.0, 0.0, 5.0, 0.0, 13.0, 0.0, 12.0, 0.0, 11.0, 0.0, 15.0, 0.0, 0]
B: [0.0, 62.0, 94.5694417821, 111.75013586, 141.2696465944, 180.8778009316, 194.0605301255, 194.539409024597, 198.233787592097, 211.0, 265.00737440390003, 287.39410424550005, 292.47838600402, 295.84087332742, 335.57471623242003, 355.26108900652, 372.84031697592, 396.36646940252, 405.55809303494, 429.68835256524, 446.57150351524, 470.79445213844, 474.48674153663, 493.60346144353, 513.64458179643, 525.67046991333, 526.79215881851, 560.1943532973099, 576.6155199124099, 603.9922145631099, 624.7868680346098, 678.2121261996099]
