Avion: 2      Iteracion: 86

Num Ruta: 62
Ingresos: 72000.0
Costos: 175.77002188
Utilidad Ruta: 71824.2299781
Costo Reducido: 5.85930739321
Nodos: [102, 11, 56, 44, 89, 8, 45, 90, 32, 19, 77, 53, 64, 5, 50, 912]
q: [0.0, 8.0, -8.0, 14.0, -14.0, 2.0, 11.0, -11.0, 6.0, 7.0, -6.0, -2.0, -7.0, 12.0, -12.0, 0.0]
Q: [0.0, 8.0, 0.0, 14.0, 0.0, 2.0, 13.0, 2.0, 8.0, 15.0, 9.0, 7.0, 0.0, 12.0, 0.0, 0.0]
B: [0.0, 169.0, 173.05406684701, 211.0, 265.00737440390003, 414.0, 417.40515271317, 426.59677634559, 428.13238729892, 439.84730193791995, 467.50217351602, 483.55127224462, 486.47939143618, 494.32970467833997, 495.45139358352, 499.21767822490995]
