Avion: 6      Iteracion: 22

Num Ruta: 23
Ingresos: 151200.0
Costos: 559.010731712
Utilidad Ruta: 150640.989268
Costo Reducido: 214.443477801
Nodos: [106, 12, 57, 10, 55, 1, 31, 76, 46, 3, 48, 42, 18, 87, 26, 71, 63, 19, 32, 64, 13, 77, 58, 21, 38, 66, 83, 29, 27, 74, 72, 916]
q: [0.0, 14.0, -14.0, 12.0, -12.0, 7.0, 6.0, -6.0, -7.0, 15.0, -15.0, 5.0, 10.0, -5.0, 5.0, -5.0, -10.0, 7.0, 6.0, -7.0, 9.0, -6.0, -9.0, 13.0, 2.0, -13.0, -2.0, 9.0, 6.0, -9.0, -6.0, 0.0]
Q: [0.0, 14.0, 0.0, 12.0, 0.0, 7.0, 13.0, 7.0, 0.0, 15.0, 0.0, 5.0, 15.0, 10.0, 15.0, 10.0, 0.0, 7.0, 13.0, 6.0, 15.0, 9.0, 0.0, 13.0, 15.0, 2.0, 0.0, 9.0, 15.0, 6.0, 0.0, 0.0]
B: [0.0, 54.0, 97.347924264, 106.06569462115, 135.58520535555, 175.0, 183.89376197118, 197.19937597428, 230.76046369508, 256.0, 261.08428175852, 282.70958344432, 294.52923881152003, 331.27042144082003, 338.16590003190004, 355.74512800130003, 367.17991746150005, 402.0, 422.0, 441.5724706923, 445.80008999872, 459.64226977652004, 463.71322015696006, 479.22461654796007, 486.0475294889301, 520.52990987373, 527.5998384448001, 561.9960141043001, 587.5978223412001, 595.81425033638, 611.2616279131801, 632.9903362963801]
