Avion: 2      Iteracion: 22

Num Ruta: 21
Ingresos: 93600.0
Costos: 382.459494068
Utilidad Ruta: 93217.5405059
Costo Reducido: 178.304476385
Nodos: [102, 12, 57, 10, 55, 1, 31, 76, 46, 18, 63, 21, 66, 4, 7, 52, 49, 912]
q: [0, 14.0, -14.0, 12.0, -12.0, 7.0, 6.0, -6.0, -7.0, 11.0, -11.0, 13.0, -13.0, 5.0, 10.0, -10.0, -5.0, 0]
Q: [0, 14.0, 0.0, 12.0, 0.0, 7.0, 13.0, 7.0, 0.0, 11.0, 0.0, 13.0, 0.0, 5.0, 15.0, 5.0, 0.0, 0]
B: [0.0, 54.0, 97.347924264, 106.06569462115, 135.58520535555, 175.0, 183.89376197118, 197.19937597428, 230.76046369508, 293.0, 316.8182362487, 477.0, 517.7387906792, 546.9085880901999, 557.2719613826999, 585.8132731955999, 586.9736472732098, 598.6278476319098]
