Avion: 2      Iteracion: 16

Num Ruta: 15
Ingresos: 146400.0
Costos: 496.825531639
Utilidad Ruta: 145903.174468
Costo Reducido: 495.305294271
Nodos: [102, 12, 57, 30, 75, 1, 46, 3, 48, 36, 81, 34, 79, 39, 28, 84, 43, 25, 73, 70, 21, 88, 7, 4, 52, 49, 33, 66, 78, 912]
q: [0.0, 14.0, -14.0, 11.0, -11.0, 7.0, -7.0, 15.0, -15.0, 15.0, -15.0, 12.0, -12.0, 8.0, 0.0, -8.0, 5.0, 10.0, 0.0, -10.0, 5.0, -5.0, 5.0, 5.0, -5.0, -5.0, 10.0, -5.0, -10.0, 0.0]
Q: [0.0, 14.0, 0.0, 11.0, 0.0, 7.0, 0.0, 15.0, 0.0, 15.0, 0.0, 12.0, 0.0, 8.0, 8.0, 0.0, 5.0, 15.0, 15.0, 5.0, 10.0, 5.0, 10.0, 15.0, 10.0, 5.0, 15.0, 10.0, 0.0, 0.0]
B: [0.0, 54.0, 97.347924264, 122.72227077779999, 141.4362934346, 175.0, 209.2400855285, 256.0, 261.08428175852, 296.00374706082, 302.95189112956, 316.67163912286003, 357.61923715986, 388.0, 399.3210123222, 412.3114993416, 451.0, 465.0611587716, 468.39453738796, 485.70062614306, 493.86933962806, 501.15234704258, 518.45443304398, 529.0, 548.2723609867, 549.43273506431, 562.0, 572.1555449386, 592.3676345138999, 613.9033208507999]
