Avion: 7      Iteracion: 52

Num Ruta: 44
Ingresos: 153600.0
Costos: 397.948599614
Utilidad Ruta: 153202.0514
Costo Reducido: 26.6109371985
Nodos: [107, 24, 69, 1, 46, 3, 48, 23, 18, 68, 63, 22, 67, 45, 90, 43, 25, 70, 88, 15, 60, 20, 7, 52, 65, 37, 82, 917]
q: [0.0, 14.0, -14.0, 7.0, -7.0, 15.0, -15.0, 10.0, 5.0, -10.0, -5.0, 10.0, -10.0, 11.0, -11.0, 5.0, 10.0, -10.0, -5.0, 11.0, -11.0, 10.0, 5.0, -5.0, -10.0, 15.0, -15.0, 0.0]
Q: [0.0, 14.0, 0.0, 7.0, 0.0, 15.0, 0.0, 10.0, 15.0, 5.0, 0.0, 10.0, 0.0, 11.0, 0.0, 5.0, 15.0, 5.0, 0.0, 11.0, 0.0, 10.0, 15.0, 10.0, 0.0, 15.0, 0.0, 0.0]
B: [0.0, 61.0, 99.5129503025, 175.0, 209.2400855285, 256.0, 261.08428175852, 267.0, 293.0, 318.4393114097, 328.36484298237, 343.84769039487, 365.60237653377004, 377.36505076207004, 386.55667439449, 451.0, 465.0611587716, 482.2461410817, 489.99531710241, 511.0, 527.4211666151, 533.55501866744, 542.2979730879999, 570.8392849008999, 583.8029694465998, 595.3804874016998, 616.1751408731998, 636.2468730604998]
