Avion: 5      Iteracion: 15

Num Ruta: 18
Ingresos: 24000.0
Costos: 138.26836147
Utilidad Ruta: 23861.7316385
Costo Reducido: 262.577695238
Nodos: [105, 18, 63, 2, 47, 915]
q: [0, 11.0, -11.0, 9.0, -9.0, 0]
Q: [0, 11.0, 0.0, 9.0, 0.0, 0]
B: [0.0, 293.0, 316.8182362487, 522.0, 562.7349620474, 573.7910456668001]
