Avion: 1      Iteracion: 51

Num Ruta: 49
Ingresos: 99600.0
Costos: 304.308725386
Utilidad Ruta: 99295.6912746
Costo Reducido: 0.951224582459
Nodos: [101, 24, 69, 31, 11, 76, 56, 44, 42, 89, 35, 87, 26, 80, 71, 45, 90, 32, 8, 53, 77, 911]
q: [0.0, 14.0, -14.0, 6.0, 8.0, -6.0, -8.0, 10.0, 5.0, -10.0, 6.0, -5.0, 9.0, -6.0, -9.0, 11.0, -11.0, 6.0, 8.0, -8.0, -6.0, 0.0]
Q: [0.0, 14.0, 0.0, 6.0, 14.0, 8.0, 0.0, 10.0, 15.0, 5.0, 11.0, 6.0, 15.0, 9.0, 0.0, 11.0, 0.0, 6.0, 14.0, 6.0, 0.0, 0.0]
B: [0.0, 61.0, 99.5129503025, 130.0, 169.0, 169.478878899097, 173.173257466597, 211.0, 239.0, 276.4881823646, 296.9043957745, 300.96084557698003, 307.85632416806004, 317.14932954845005, 326.97114531744006, 371.0, 380.19162363242, 422.0, 433.4468981388, 454.2152947548, 470.2643934834, 480.5865638947]
