Avion: 6      Iteracion: 43

Num Ruta: 44
Ingresos: 40800.0
Costos: 158.080328209
Utilidad Ruta: 40641.9196718
Costo Reducido: 8.40232817879
Nodos: [106, 40, 85, 14, 59, 32, 43, 88, 77, 916]
q: [0, 15.0, -15.0, 8.0, -8.0, 6.0, 5.0, -5.0, -6.0, 0]
Q: [0, 15.0, 0.0, 8.0, 0.0, 6.0, 11.0, 6.0, 0.0, 0]
B: [0.0, 62.0, 94.5694417821, 123.1478437143, 135.1695554893, 422.0, 451.0, 468.262321107, 482.0612759225, 506.1068012651]
