Avion: 5      Iteracion: 63

Num Ruta: 61
Ingresos: 70800.0
Costos: 251.506007037
Utilidad Ruta: 70548.493993
Costo Reducido: 13.9532280561
Nodos: [105, 17, 62, 24, 31, 69, 76, 36, 81, 20, 7, 52, 65, 2, 47, 915]
q: [0.0, 5.0, -5.0, 14.0, 1.0, -14.0, -1.0, 15.0, -15.0, 10.0, 5.0, -5.0, -10.0, 9.0, -9.0, 0.0]
Q: [0.0, 5.0, 0.0, 14.0, 15.0, 1.0, 0.0, 15.0, 0.0, 10.0, 15.0, 10.0, 0.0, 9.0, 0.0, 0.0]
B: [0.0, 24.0, 58.8425537813, 75.400837086, 130.0, 141.2843577575, 160.4663362269, 251.0, 257.94814406874, 496.0, 517.0, 545.5413118129, 558.5049963585999, 565.8352936240599, 606.5702556714599, 617.62633929086]
