Avion: 7      Iteracion: 40

Num Ruta: 36
Ingresos: 123600.0
Costos: 377.900557655
Utilidad Ruta: 123222.099442
Costo Reducido: 45.3244427838
Nodos: [107, 40, 85, 10, 55, 1, 46, 3, 48, 8, 45, 90, 19, 64, 53, 5, 50, 43, 21, 88, 20, 66, 65, 917]
q: [0.0, 15.0, -15.0, 12.0, -12.0, 7.0, -7.0, 15.0, -15.0, 8.0, 7.0, -7.0, 7.0, -7.0, -8.0, 12.0, -12.0, 5.0, 5.0, -5.0, 10.0, -5.0, -10.0, 0.0]
Q: [0.0, 15.0, 0.0, 12.0, 0.0, 7.0, 0.0, 15.0, 0.0, 8.0, 15.0, 8.0, 15.0, 8.0, 0.0, 12.0, 0.0, 5.0, 10.0, 5.0, 15.0, 10.0, 0.0, 0.0]
B: [0.0, 62.0, 94.5694417821, 111.75013586, 141.2696465944, 179.6889877652, 213.92907329370001, 256.0, 261.08428175852, 414.0, 417.40515271317, 426.59677634559, 438.43863059229, 465.06574688379, 467.99386607534996, 477.74667695221996, 478.86836585739997, 500.5441464431, 511.285469127, 518.56847654152, 527.50870562136, 563.93399734286, 584.53341796576, 597.41406895866]
