Avion: 7      Iteracion: 19

Num Ruta: 17
Ingresos: 128400.0
Costos: 392.068208949
Utilidad Ruta: 128007.931791
Costo Reducido: 185.929383418
Nodos: [107, 12, 57, 10, 55, 31, 11, 56, 76, 36, 81, 34, 79, 26, 71, 5, 50, 2, 15, 47, 60, 917]
q: [0.0, 14.0, -14.0, 12.0, -12.0, 6.0, 8.0, -8.0, -6.0, 15.0, -15.0, 12.0, -12.0, 13.0, -13.0, 12.0, -12.0, 9.0, 6.0, -9.0, -6.0, 0.0]
Q: [0.0, 14.0, 0.0, 12.0, 0.0, 6.0, 14.0, 6.0, 0.0, 15.0, 0.0, 12.0, 0.0, 13.0, 0.0, 12.0, 0.0, 9.0, 15.0, 6.0, 0.0, 0.0]
B: [0.0, 54.0, 97.347924264, 106.06569462115, 135.58520535555, 175.19335969275, 188.37608888665, 192.43015573366, 196.12453430116, 251.0, 257.94814406874, 283.0, 323.947598037, 358.0226741044, 375.6019020738, 469.0, 470.12168890518, 522.0, 569.4160147313, 577.7418838150701, 586.4178866389501, 612.3621537128502]
