Avion: 5      Iteracion: 9

Num Ruta: 12
Ingresos: 165600.0
Costos: 590.080427402
Utilidad Ruta: 165009.919573
Costo Reducido: 224105.392969
Nodos: [105, 17, 62, 16, 61, 40, 85, 10, 55, 3, 48, 23, 18, 68, 63, 22, 67, 25, 8, 53, 70, 21, 38, 83, 66, 7, 52, 37, 82, 915]
q: [0.0, 5.0, -5.0, 11.0, -11.0, 15.0, -15.0, 12.0, -12.0, 15.0, -15.0, 4.0, 11.0, -4.0, -11.0, 10.0, -10.0, 7.0, 8.0, -8.0, -7.0, 13.0, 2.0, -2.0, -13.0, 10.0, -10.0, 15.0, -15.0, 0.0]
Q: [0.0, 5.0, 0.0, 11.0, 0.0, 15.0, 0.0, 12.0, 0.0, 15.0, 0.0, 4.0, 15.0, 11.0, 0.0, 10.0, 0.0, 7.0, 15.0, 7.0, 0.0, 13.0, 15.0, 13.0, 0.0, 10.0, 0.0, 15.0, 0.0, 0.0]
B: [0.0, 24.0, 58.8425537813, 64.17419311644, 73.79828455408, 105.44704301318001, 138.01648479528, 155.19717887318, 184.71668960758, 256.0, 261.08428175852, 267.0, 293.0, 318.4393114097, 328.36484298237, 343.84769039487, 365.60237653377004, 410.0, 441.9648793835, 462.7332759995, 480.3412760279, 488.5099895129, 495.33290245387, 528.20178909457, 535.27171766564, 574.8012958192401, 603.34260763214, 610.51541914507, 631.3100726165701, 656.3752505532701]
