Avion: 7      Iteracion: 22

Num Ruta: 20
Ingresos: 76800.0
Costos: 248.557584851
Utilidad Ruta: 76551.4424151
Costo Reducido: 167.704712053
Nodos: [107, 12, 57, 1, 46, 3, 48, 32, 19, 77, 64, 4, 7, 49, 52, 917]
q: [0, 14.0, -14.0, 7.0, -7.0, 15.0, -15.0, 6.0, 7.0, -6.0, -7.0, 5.0, 10.0, -5.0, -10.0, 0]
Q: [0, 14.0, 0.0, 7.0, 0.0, 15.0, 0.0, 6.0, 13.0, 7.0, 0.0, 5.0, 15.0, 10.0, 0.0, 0]
B: [0.0, 54.0, 97.347924264, 175.0, 209.2400855285, 256.0, 261.08428175852, 422.0, 433.71491463899997, 461.3697862171, 478.4971626653, 529.0, 539.3633732925, 569.0610398002, 570.2214138778099, 576.9108623603099]
