Avion: 1      Iteracion: 44

Num Ruta: 42
Ingresos: 98400.0
Costos: 291.935751725
Utilidad Ruta: 98108.0642483
Costo Reducido: 42.4915359405
Nodos: [101, 16, 61, 9, 54, 42, 3, 48, 23, 87, 26, 71, 68, 6, 51, 27, 7, 72, 52, 33, 78, 911]
q: [0.0, 11.0, -11.0, 11.0, -11.0, 5.0, 10.0, -10.0, 10.0, -5.0, 5.0, -5.0, -10.0, 5.0, -5.0, 6.0, 9.0, -6.0, -9.0, 10.0, -10.0, 0.0]
Q: [0.0, 11.0, 0.0, 11.0, 0.0, 5.0, 15.0, 5.0, 15.0, 10.0, 15.0, 10.0, 0.0, 5.0, 0.0, 6.0, 15.0, 9.0, 0.0, 10.0, 0.0, 0.0]
B: [0.0, 36.0, 45.624091437640004, 75.68094759394, 105.20818459644, 239.0, 257.4606418632, 262.54492362172, 267.0, 304.0156388571, 310.91111744818, 328.49034541758, 331.55741780016, 436.0, 439.69228939819, 538.0, 565.6633233723, 590.3878382715001, 594.78775883896, 604.24778505457, 627.55129629217, 633.22805910208]
