Avion: 5      Iteracion: 52

Num Ruta: 53
Ingresos: 153600.0
Costos: 466.456027316
Utilidad Ruta: 153133.543973
Costo Reducido: 48.1800712915
Nodos: [105, 17, 30, 62, 16, 61, 75, 24, 69, 36, 81, 34, 18, 63, 79, 39, 84, 43, 25, 70, 88, 15, 60, 20, 7, 52, 65, 37, 82, 915]
q: [0.0, 5.0, 10.0, -5.0, 5.0, -5.0, -10.0, 14.0, -14.0, 15.0, -15.0, 12.0, 3.0, -3.0, -12.0, 8.0, -8.0, 5.0, 10.0, -10.0, -5.0, 11.0, -11.0, 10.0, 5.0, -5.0, -10.0, 15.0, -15.0, 0.0]
Q: [0.0, 5.0, 15.0, 10.0, 15.0, 10.0, 0.0, 14.0, 0.0, 15.0, 0.0, 12.0, 15.0, 12.0, 0.0, 8.0, 0.0, 5.0, 15.0, 5.0, 0.0, 11.0, 0.0, 10.0, 15.0, 10.0, 0.0, 15.0, 0.0, 0.0]
B: [0.0, 24.0, 64.0, 67.14445448369, 72.47609381883, 82.10018525647, 84.97134181786, 109.70531270816, 148.21826301066, 251.0, 257.94814406874, 283.0, 306.7154937119, 330.5337299606, 345.6863596004, 388.0, 410.632187455, 451.0, 465.0611587716, 482.2461410817, 489.99531710241, 511.0, 527.4211666151, 533.55501866744, 542.2979730879999, 570.8392849008999, 583.8029694465998, 595.3804874016998, 616.1751408731998, 641.2403188098998]
