Avion: 6      Iteracion: 0

Num Ruta: 2
Ingresos: 192000.0
Costos: 595.445113865
Utilidad Ruta: 191404.554886
Costo Reducido: -
Nodos: [106, 9, 54, 12, 30, 57, 10, 75, 55, 1, 11, 56, 46, 3, 48, 36, 81, 22, 67, 45, 90, 25, 70, 19, 43, 64, 13, 58, 88, 21, 38, 83, 66, 2, 47, 916]
q: [0.0, 11.0, -11.0, 12.0, 3.0, -12.0, 12.0, -3.0, -12.0, 7.0, 8.0, -8.0, -7.0, 15.0, -15.0, 15.0, -15.0, 10.0, -10.0, 11.0, -11.0, 10.0, -10.0, 7.0, 0.0, -7.0, 15.0, -15.0, 0.0, 13.0, 2.0, -2.0, -13.0, 9.0, -9.0, 0.0]
Q: [0.0, 11.0, 0.0, 12.0, 15.0, 3.0, 15.0, 12.0, 0.0, 7.0, 15.0, 7.0, 0.0, 15.0, 0.0, 15.0, 0.0, 10.0, 0.0, 11.0, 0.0, 10.0, 0.0, 7.0, 7.0, 0.0, 15.0, 0.0, 0.0, 13.0, 15.0, 13.0, 0.0, 9.0, 0.0, 0.0]
B: [0.0, 28.0, 57.5272370025, 68.3142737596, 86.8453366811, 112.2196831949, 120.93745355205, 139.63050383815, 158.53130173135, 196.95064290215, 215.63147149725, 219.68553834426, 254.00126768226, 261.09781959146, 266.18210134998, 301.10156665228, 308.04971072102, 326.45396753842, 348.20865367732, 371.0, 380.19162363242, 410.0, 427.1849823101, 443.8578739909, 451.0, 471.20454651800003, 475.43216582442005, 492.31531677442007, 502.37090412672006, 509.65391154124006, 516.4768244822101, 549.3457111229101, 556.4156396939801, 580.2666534250801, 621.0016154724801, 634.8503058437801]
