Avion: 3      Iteracion: 54

Num Ruta: 52
Ingresos: 33600.0
Costos: 153.552711937
Utilidad Ruta: 33446.4472881
Costo Reducido: 6.18943088913
Nodos: [103, 17, 62, 9, 54, 34, 79, 913]
q: [0, 5.0, -5.0, 11.0, -11.0, 12.0, -12.0, 0]
Q: [0, 5.0, 0.0, 11.0, 0.0, 12.0, 0.0, 0]
B: [0.0, 24.0, 58.8425537813, 81.72911018459999, 111.25634718709999, 283.0, 323.947598037, 333.98216549159997]
