Avion: 6      Iteracion: 64

Num Ruta: 56
Ingresos: 99600.0
Costos: 332.28817612
Utilidad Ruta: 99267.7118239
Costo Reducido: 9.74300074176
Nodos: [106, 9, 54, 44, 42, 89, 87, 26, 71, 25, 21, 70, 38, 66, 83, 27, 72, 37, 82, 916]
q: [0.0, 11.0, -11.0, 10.0, 5.0, -10.0, -5.0, 13.0, -13.0, 8.0, 7.0, -8.0, 8.0, -7.0, -8.0, 6.0, -6.0, 15.0, -15.0, 0.0]
Q: [0.0, 11.0, 0.0, 10.0, 15.0, 5.0, 0.0, 13.0, 0.0, 8.0, 15.0, 7.0, 15.0, 8.0, 0.0, 6.0, 0.0, 15.0, 0.0, 0.0]
B: [0.0, 28.0, 57.5272370025, 211.0, 239.0, 276.4881823646, 294.1162889277, 301.01176751878, 318.59099548818, 410.0, 477.0, 485.168713485, 489.49037624371, 523.97275662851, 531.04268519958, 542.57841252818, 559.60927489628, 566.44524051937, 587.2398939908701, 608.5392464927701]
