Avion: 1      Iteracion: 21

Num Ruta: 22
Ingresos: 147600.0
Costos: 371.646041552
Utilidad Ruta: 147228.353958
Costo Reducido: 217.464830383
Nodos: [101, 16, 61, 24, 69, 1, 46, 3, 48, 23, 35, 80, 68, 22, 67, 45, 90, 19, 8, 64, 53, 5, 50, 41, 86, 911]
q: [0.0, 11.0, -11.0, 14.0, -14.0, 7.0, -7.0, 15.0, -15.0, 9.0, 6.0, -6.0, -9.0, 10.0, -10.0, 11.0, -11.0, 7.0, 8.0, -7.0, -8.0, 12.0, -12.0, 13.0, -13.0, 0.0]
Q: [0.0, 11.0, 0.0, 14.0, 0.0, 7.0, 0.0, 15.0, 0.0, 9.0, 15.0, 9.0, 0.0, 10.0, 0.0, 11.0, 0.0, 7.0, 15.0, 8.0, 0.0, 12.0, 0.0, 13.0, 0.0, 0.0]
B: [0.0, 36.0, 45.624091437640004, 70.85029051714, 109.36324081964, 175.0, 209.2400855285, 256.0, 261.08428175852, 267.0, 307.4405515417, 327.3534349341, 339.9719804129, 355.7284044044, 377.4830905433, 389.2457647716, 398.43738840402, 410.27924265072, 433.44012419702, 451.39708362782, 454.32520281937997, 469.0, 470.12168890518, 478.94792672205, 498.98904707495, 511.69340164335]
