Avion: 5      Iteracion: 1

Num Ruta: 5
Ingresos: 169200.0
Costos: 601.423412432
Utilidad Ruta: 168598.576588
Costo Reducido: 266297.161755
Nodos: [105, 16, 61, 40, 85, 10, 55, 44, 89, 23, 68, 26, 71, 8, 45, 90, 32, 19, 64, 53, 13, 77, 58, 21, 38, 83, 66, 33, 78, 27, 72, 915]
q: [0.0, 11.0, -11.0, 15.0, -15.0, 12.0, -12.0, 14.0, -14.0, 10.0, -10.0, 13.0, -13.0, 4.0, 11.0, -11.0, 6.0, 5.0, -5.0, -4.0, 9.0, -6.0, -9.0, 13.0, 2.0, -2.0, -13.0, 10.0, -10.0, 6.0, -6.0, 0.0]
Q: [0.0, 11.0, 0.0, 15.0, 0.0, 12.0, 0.0, 14.0, 0.0, 10.0, 0.0, 13.0, 0.0, 4.0, 15.0, 4.0, 10.0, 15.0, 10.0, 6.0, 15.0, 9.0, 0.0, 13.0, 15.0, 13.0, 0.0, 10.0, 0.0, 6.0, 0.0, 0.0]
B: [0.0, 36.0, 45.624091437640004, 77.27284989674001, 109.84229167884001, 127.02298575674001, 156.54249649114, 223.39771472424002, 277.40508912814005, 298.23568021434005, 337.96952311934007, 357.65589589344006, 375.23512386284006, 414.0, 417.40515271317, 426.59677634559, 428.13238729892, 439.84730193791995, 466.47441822941994, 469.4025374209799, 471.6132135618899, 485.4553933396899, 489.52634372012994, 505.03774011112995, 511.86065305209996, 544.7295396928, 551.79946826387, 562.0, 585.3035112376, 592.52226459258, 609.55312696068, 628.54785617698]
