Avion: 5      Iteracion: 49

Num Ruta: 51
Ingresos: 44400.0
Costos: 130.973959167
Utilidad Ruta: 44269.0260408
Costo Reducido: 9.09521953715
Nodos: [105, 1, 46, 3, 48, 23, 18, 68, 63, 915]
q: [0.0, 7.0, -7.0, 15.0, -15.0, 10.0, 5.0, -10.0, -5.0, 0.0]
Q: [0.0, 7.0, 0.0, 15.0, 0.0, 10.0, 15.0, 5.0, 0.0, 0.0]
B: [0.0, 175.0, 209.2400855285, 256.0, 261.08428175852, 267.0, 293.0, 318.4393114097, 328.36484298237, 345.62893293807]
