Avion: 4      Iteracion: 34

Num Ruta: 36
Ingresos: 108000.0
Costos: 279.677503103
Utilidad Ruta: 107720.322497
Costo Reducido: 76.4499928626
Nodos: [104, 31, 11, 76, 56, 34, 79, 26, 71, 45, 90, 19, 8, 64, 53, 5, 50, 41, 86, 914]
q: [0, 6.0, 8.0, -6.0, -8.0, 12.0, -12.0, 13.0, -13.0, 11.0, -11.0, 7.0, 8.0, -7.0, -8.0, 12.0, -12.0, 13.0, -13.0, 0]
Q: [0, 6.0, 14.0, 8.0, 0.0, 12.0, 0.0, 13.0, 0.0, 11.0, 0.0, 7.0, 15.0, 8.0, 0.0, 12.0, 0.0, 13.0, 0.0, 0]
B: [0.0, 130.0, 169.0, 169.478878899097, 173.173257466597, 283.0, 323.947598037, 358.0226741044, 375.6019020738, 399.12805450039997, 408.31967813281994, 420.16153237951994, 443.32241392581994, 461.27937335661994, 464.2074925481799, 473.9603034250499, 475.0819923302299, 483.9082301470999, 503.9493504999999, 534.4352328883999]
