Avion: 1      Iteracion: 38

Num Ruta: 36
Ingresos: 121200.0
Costos: 315.900906869
Utilidad Ruta: 120884.099093
Costo Reducido: 126.65054867
Nodos: [101, 16, 61, 9, 54, 11, 56, 36, 81, 34, 79, 28, 73, 15, 21, 60, 38, 4, 83, 66, 33, 49, 78, 911]
q: [0.0, 11.0, -11.0, 11.0, -11.0, 8.0, -8.0, 15.0, -15.0, 12.0, -12.0, 8.0, -8.0, 11.0, 2.0, -11.0, 8.0, 5.0, -8.0, -2.0, 10.0, -5.0, -10.0, 0.0]
Q: [0.0, 11.0, 0.0, 11.0, 0.0, 8.0, 0.0, 15.0, 0.0, 12.0, 0.0, 8.0, 0.0, 11.0, 13.0, 2.0, 10.0, 15.0, 7.0, 5.0, 15.0, 10.0, 0.0, 0.0]
B: [0.0, 36.0, 45.624091437640004, 75.68094759394, 105.20818459644, 169.0, 173.05406684701, 251.0, 257.94814406874, 283.0, 323.947598037, 378.0, 414.0266187839, 511.0, 516.67223351071, 527.47150163401, 531.55876734595, 539.89266775332, 569.01236708212, 576.08229565319, 586.23784059179, 594.80930604409, 616.34722014919, 622.0239829591]
