Avion: 2      Iteracion: 21

Num Ruta: 20
Ingresos: 43200.0
Costos: 185.91306439
Utilidad Ruta: 43014.0869356
Costo Reducido: 84.3845049671
Nodos: [102, 16, 61, 9, 54, 44, 89, 912]
q: [0, 11.0, -11.0, 11.0, -11.0, 14.0, -14.0, 0]
Q: [0, 11.0, 0.0, 11.0, 0.0, 14.0, 0.0, 0]
B: [0.0, 36.0, 45.624091437640004, 75.68094759394, 105.20818459644, 211.0, 265.00737440390003, 279.5386346727]
