Avion: 6      Iteracion: 23

Num Ruta: 24
Ingresos: 44400.0
Costos: 110.750354736
Utilidad Ruta: 44289.2496453
Costo Reducido: 131.793815115
Nodos: [106, 40, 85, 30, 75, 45, 90, 916]
q: [0, 15.0, -15.0, 11.0, -11.0, 11.0, -11.0, 0]
Q: [0, 15.0, 0.0, 11.0, 0.0, 11.0, 0.0, 0]
B: [0.0, 62.0, 94.5694417821, 113.51249206450001, 132.22651472130002, 371.0, 380.19162363242, 385.86715576605997]
