Avion: 5      Iteracion: 2

Num Ruta: 6
Ingresos: 61200.0
Costos: 268.127214898
Utilidad Ruta: 60931.8727851
Costo Reducido: 135530.008554
Nodos: [105, 24, 69, 34, 79, 7, 52, 37, 82, 915]
q: [0, 14.0, -14.0, 12.0, -12.0, 10.0, -10.0, 15.0, -15.0, 0]
Q: [0, 14.0, 0.0, 12.0, 0.0, 10.0, 0.0, 15.0, 0.0, 0]
B: [0.0, 61.0, 99.5129503025, 283.0, 323.947598037, 517.0, 545.5413118129, 562.0, 582.7946534714999, 607.8598314082]
