Avion: 5      Iteracion: 0

Num Ruta: 1
Ingresos: 56400.0
Costos: 200.436602914
Utilidad Ruta: 56199.5633971
Costo Reducido: -
Nodos: [105, 10, 55, 8, 32, 77, 53, 27, 72, 37, 82, 915]
q: [0, 12.0, -12.0, 8.0, 6.0, -6.0, -8.0, 6.0, -6.0, 15.0, -15.0, 0]
Q: [0, 12.0, 0.0, 8.0, 14.0, 8.0, 0.0, 6.0, 0.0, 15.0, 0.0, 0]
B: [0.0, 96.0, 125.5195107344, 414.0, 425.4468981388, 453.3042539537, 469.35335268230006, 538.0, 555.0308623681, 562.0, 582.7946534714999, 607.8598314082]
