Avion: 4      Iteracion: 21

Num Ruta: 24
Ingresos: 142800.0
Costos: 513.340366593
Utilidad Ruta: 142286.659633
Costo Reducido: 273.179601967
Nodos: [104, 16, 61, 9, 54, 44, 42, 89, 35, 87, 80, 18, 63, 28, 73, 19, 8, 64, 53, 5, 50, 43, 88, 29, 7, 52, 74, 33, 78, 914]
q: [0.0, 11.0, -11.0, 11.0, -11.0, 14.0, 1.0, -14.0, 6.0, -1.0, -6.0, 11.0, -11.0, 8.0, -8.0, 7.0, 8.0, -7.0, -8.0, 12.0, -12.0, 5.0, -5.0, 9.0, 6.0, -6.0, -9.0, 10.0, -10.0, 0.0]
Q: [0.0, 11.0, 0.0, 11.0, 0.0, 14.0, 15.0, 1.0, 7.0, 6.0, 0.0, 11.0, 0.0, 8.0, 0.0, 7.0, 15.0, 8.0, 0.0, 12.0, 0.0, 5.0, 0.0, 9.0, 15.0, 9.0, 0.0, 10.0, 0.0, 0.0]
B: [0.0, 36.0, 45.624091437640004, 75.68094759394, 105.20818459644, 211.0, 239.0, 276.4881823646, 296.9043957745, 300.96084557698003, 317.03505454668004, 339.92590793838, 363.74414418708, 378.0, 414.0266187839, 426.5624120576, 449.7232936039, 467.6802530347, 470.60837222626, 480.36118310313, 481.48287200831, 503.15865259401, 520.42097370101, 549.0, 570.2768523283, 598.8181641412, 611.1149679942, 619.9664596764001, 643.269970914, 656.4860787374]
