Avion: 1      Iteracion: 27

Num Ruta: 27
Ingresos: 93600.0
Costos: 350.015616478
Utilidad Ruta: 93249.9843835
Costo Reducido: 39.0919918311
Nodos: [101, 14, 59, 23, 68, 35, 80, 28, 73, 25, 70, 38, 7, 83, 27, 52, 72, 37, 82, 911]
q: [0.0, 8.0, -8.0, 10.0, -10.0, 6.0, -6.0, 8.0, -8.0, 10.0, -10.0, 8.0, 7.0, -8.0, 6.0, -7.0, -6.0, 15.0, -15.0, 0.0]
Q: [0.0, 8.0, 0.0, 10.0, 0.0, 6.0, 0.0, 8.0, 0.0, 10.0, 0.0, 8.0, 15.0, 7.0, 13.0, 6.0, 0.0, 15.0, 0.0, 0.0]
B: [0.0, 112.0, 124.021711775, 267.0, 306.733842905, 336.2538785588, 356.1667619512, 378.0, 414.0266187839, 417.35999740026, 434.54497971036, 480.0, 517.0, 556.1972757344, 567.7330030630001, 583.5727779351, 587.97269850256, 594.80866412565, 615.60331759715, 647.38089513225]
