Avion: 2      Iteracion: 47

Num Ruta: 41
Ingresos: 114000.0
Costos: 379.380236734
Utilidad Ruta: 113620.619763
Costo Reducido: 51.844126566
Nodos: [102, 30, 75, 24, 69, 1, 46, 23, 18, 68, 63, 19, 8, 64, 53, 6, 51, 41, 86, 7, 4, 52, 49, 912]
q: [0.0, 11.0, -11.0, 14.0, -14.0, 7.0, -7.0, 10.0, 5.0, -10.0, -5.0, 7.0, 8.0, -7.0, -8.0, 5.0, -5.0, 13.0, -13.0, 10.0, 5.0, -10.0, -5.0, 0.0]
Q: [0.0, 11.0, 0.0, 14.0, 0.0, 7.0, 0.0, 10.0, 15.0, 5.0, 0.0, 7.0, 15.0, 8.0, 0.0, 5.0, 0.0, 13.0, 0.0, 10.0, 15.0, 5.0, 0.0, 0.0]
B: [0.0, 64.0, 82.7140226568, 107.4479935471, 145.9609438496, 175.0, 209.2400855285, 267.0, 293.0, 318.4393114097, 328.36484298237, 402.0, 425.1608815463, 443.1178409771, 446.04596016866, 455.23663179809, 458.92892119628, 478.04564110318, 498.08676145608, 517.0, 529.0, 548.2723609867, 549.43273506431, 561.08693542301]
