Avion: 5      Iteracion: 75

Num Ruta: 69
Ingresos: 144000.0
Costos: 399.547033381
Utilidad Ruta: 143600.452967
Costo Reducido: 6.48116683139
Nodos: [105, 17, 30, 62, 16, 61, 75, 24, 69, 1, 46, 3, 48, 8, 45, 90, 32, 19, 64, 53, 13, 77, 58, 15, 21, 60, 38, 83, 66, 27, 72, 915]
q: [0.0, 5.0, 10.0, -5.0, 5.0, -5.0, -10.0, 14.0, -14.0, 7.0, -7.0, 15.0, -15.0, 2.0, 11.0, -11.0, 6.0, 7.0, -7.0, -2.0, 9.0, -6.0, -9.0, 8.0, 7.0, -8.0, 8.0, -8.0, -7.0, 6.0, -6.0, 0.0]
Q: [0.0, 5.0, 15.0, 10.0, 15.0, 10.0, 0.0, 14.0, 0.0, 7.0, 0.0, 15.0, 0.0, 2.0, 13.0, 2.0, 8.0, 15.0, 8.0, 6.0, 15.0, 9.0, 0.0, 8.0, 15.0, 7.0, 15.0, 7.0, 0.0, 6.0, 0.0, 0.0]
B: [0.0, 24.0, 64.0, 67.14445448369, 72.47609381883, 82.10018525647, 84.97134181786, 109.70531270816, 148.21826301066, 175.0, 209.2400855285, 256.0, 261.08428175852, 414.0, 417.40515271317, 426.59677634559, 428.13238729892, 439.84730193791995, 466.47441822941994, 469.4025374209799, 471.6132135618899, 485.4553933396899, 489.52634372012994, 511.0, 516.67223351071, 527.47150163401, 531.55876734595, 564.42765398665, 571.49758255772, 584.67503075532, 601.70589312342, 620.70062233972]
