Avion: 2      Iteracion: 62

Num Ruta: 54
Ingresos: 127200.0
Costos: 338.227936341
Utilidad Ruta: 126861.772064
Costo Reducido: 10.3227110989
Nodos: [102, 14, 59, 3, 48, 18, 36, 81, 34, 63, 79, 39, 28, 84, 73, 15, 60, 20, 7, 4, 52, 49, 65, 37, 82, 912]
q: [0.0, 8.0, -8.0, 15.0, -15.0, 3.0, 12.0, -12.0, 12.0, -3.0, -12.0, 8.0, 7.0, -8.0, -7.0, 11.0, -11.0, 10.0, 5.0, 0.0, -5.0, 0.0, -10.0, 15.0, -15.0, 0.0]
Q: [0.0, 8.0, 0.0, 15.0, 0.0, 3.0, 15.0, 3.0, 15.0, 12.0, 0.0, 8.0, 15.0, 7.0, 0.0, 11.0, 0.0, 10.0, 15.0, 15.0, 10.0, 10.0, 0.0, 15.0, 0.0, 0.0]
B: [0.0, 112.0, 124.021711775, 256.0, 261.08428175852, 293.0, 306.9670306436, 313.91517471234005, 327.63492270564007, 355.86696018084007, 371.0195898206401, 388.0, 399.3210123222, 412.3114993416, 448.3244104708, 511.0, 527.4211666151, 533.55501866744, 542.2979730879999, 552.6613463804999, 571.9337073672, 573.09408144481, 584.95530469541, 596.53282265051, 617.32747612201, 634.1483379311101]
