Avion: 5      Iteracion: 59

Num Ruta: 58
Ingresos: 144000.0
Costos: 422.485134916
Utilidad Ruta: 143577.514865
Costo Reducido: 16.107988241
Nodos: [105, 30, 16, 61, 75, 24, 69, 36, 81, 34, 79, 39, 84, 13, 32, 77, 58, 15, 60, 20, 7, 52, 65, 37, 82, 915]
q: [0.0, 11.0, 4.0, -4.0, -11.0, 14.0, -14.0, 15.0, -15.0, 12.0, -12.0, 8.0, -8.0, 9.0, 6.0, -6.0, -9.0, 11.0, -11.0, 10.0, 5.0, -5.0, -10.0, 15.0, -15.0, 0.0]
Q: [0.0, 11.0, 15.0, 11.0, 0.0, 14.0, 0.0, 15.0, 0.0, 12.0, 0.0, 8.0, 0.0, 9.0, 15.0, 9.0, 0.0, 11.0, 0.0, 10.0, 15.0, 10.0, 0.0, 15.0, 0.0, 0.0]
B: [0.0, 64.0, 72.20259129788, 81.82668273552001, 84.69783929691, 109.43181018721, 147.94476048971, 251.0, 257.94814406874, 283.0, 323.947598037, 388.0, 410.632187455, 423.0, 445.6608668854, 473.51822270030004, 477.58917308074007, 511.0, 527.4211666151, 533.55501866744, 542.2979730879999, 570.8392849008999, 583.8029694465998, 595.3804874016998, 616.1751408731998, 641.2403188098998]
