Avion: 7      Iteracion: 81

Num Ruta: 53
Ingresos: 103200.0
Costos: 262.330406706
Utilidad Ruta: 102937.669593
Costo Reducido: 11.3110643663
Nodos: [107, 24, 69, 1, 46, 3, 48, 23, 18, 63, 68, 6, 51, 13, 58, 29, 27, 74, 72, 917]
q: [0.0, 14.0, -14.0, 7.0, -7.0, 15.0, -15.0, 10.0, 5.0, -5.0, -10.0, 5.0, -5.0, 15.0, -15.0, 9.0, 6.0, -9.0, -6.0, 0.0]
Q: [0.0, 14.0, 0.0, 7.0, 0.0, 15.0, 0.0, 10.0, 15.0, 10.0, 0.0, 5.0, 0.0, 15.0, 0.0, 9.0, 15.0, 6.0, 0.0, 0.0]
B: [0.0, 61.0, 99.5129503025, 175.0, 209.2400855285, 256.0, 261.08428175852, 267.0, 293.0, 316.8182362487, 326.74376782137, 436.0, 439.69228939819, 453.10235550539, 469.98550645539, 549.0, 574.6018082369, 582.8182362320799, 598.26561380888, 603.8430499582199]
