Avion: 5      Iteracion: 41

Num Ruta: 43
Ingresos: 147600.0
Costos: 451.677220484
Utilidad Ruta: 147148.32278
Costo Reducido: 25.867789294
Nodos: [105, 1, 31, 76, 11, 56, 42, 46, 3, 48, 87, 26, 71, 22, 67, 19, 25, 70, 8, 64, 53, 43, 21, 88, 38, 83, 66, 27, 72, 37, 82, 915]
q: [0.0, 7.0, 6.0, -6.0, 8.0, -8.0, 5.0, -7.0, 10.0, -10.0, -5.0, 13.0, -13.0, 10.0, -10.0, 7.0, 8.0, -8.0, 8.0, -7.0, -8.0, 5.0, 10.0, -5.0, 5.0, -5.0, -10.0, 6.0, -6.0, 15.0, -15.0, 0.0]
Q: [0.0, 7.0, 13.0, 7.0, 15.0, 7.0, 12.0, 5.0, 15.0, 5.0, 0.0, 13.0, 0.0, 10.0, 0.0, 7.0, 15.0, 7.0, 15.0, 8.0, 0.0, 5.0, 15.0, 10.0, 15.0, 10.0, 0.0, 6.0, 0.0, 15.0, 0.0, 0.0]
B: [0.0, 175.0, 183.89376197118, 197.19937597428, 197.678254873377, 201.732321720387, 239.0, 264.0626014013, 271.1591533105, 276.24343506902, 316.60247986692, 323.497958458, 341.0771864274, 354.71136707750003, 376.46605321640004, 402.0, 411.3920072402, 428.57698955029997, 454.39758940779996, 472.35454883859995, 475.2826680301599, 497.85214675695994, 508.59346944085996, 515.8764768553799, 526.0116406922799, 558.8805273329799, 565.9504559040499, 579.12790410165, 596.1587664697499, 602.99473209284, 623.7893855643399, 648.8545635010399]
