Avion: 4      Iteracion: 32

Num Ruta: 34
Ingresos: 129600.0
Costos: 351.323609698
Utilidad Ruta: 129248.67639
Costo Reducido: 83.0465480848
Nodos: [104, 31, 1, 76, 11, 56, 46, 3, 48, 45, 90, 19, 25, 70, 8, 64, 53, 6, 51, 5, 50, 7, 38, 83, 27, 52, 72, 914]
q: [0.0, 6.0, 7.0, -6.0, 8.0, -8.0, -7.0, 15.0, -15.0, 11.0, -11.0, 7.0, 8.0, -8.0, 8.0, -7.0, -8.0, 5.0, -5.0, 12.0, -12.0, 7.0, 8.0, -8.0, 6.0, -7.0, -6.0, 0.0]
Q: [0.0, 6.0, 13.0, 7.0, 15.0, 7.0, 0.0, 15.0, 0.0, 11.0, 0.0, 7.0, 15.0, 7.0, 15.0, 8.0, 0.0, 5.0, 0.0, 12.0, 0.0, 7.0, 15.0, 7.0, 13.0, 6.0, 0.0, 0.0]
B: [0.0, 130.0, 175.0, 193.9896940997, 194.468572998797, 198.522639845807, 232.838369183807, 256.0, 261.08428175852, 371.0, 380.19162363242, 402.0, 411.3920072402, 428.57698955029997, 454.39758940779996, 472.35454883859995, 475.2826680301599, 484.4733396595899, 488.1656290577799, 506.5544892725799, 507.6761781777599, 529.3945847951599, 538.1707868210899, 571.0396734617899, 582.57540079039, 598.4151756624899, 602.8150962299499, 636.4272875450498]
