Avion: 7      Iteracion: 41

Num Ruta: 37
Ingresos: 120000.0
Costos: 310.253101309
Utilidad Ruta: 119689.746899
Costo Reducido: 47.3683295345
Nodos: [107, 40, 85, 10, 55, 35, 26, 80, 71, 22, 67, 45, 90, 32, 43, 77, 88, 15, 60, 7, 4, 49, 52, 917]
q: [0.0, 15.0, -15.0, 12.0, -12.0, 2.0, 13.0, -2.0, -13.0, 10.0, -10.0, 11.0, -11.0, 6.0, 5.0, -6.0, -5.0, 11.0, -11.0, 10.0, 5.0, -5.0, -10.0, 0.0]
Q: [0.0, 15.0, 0.0, 12.0, 0.0, 2.0, 15.0, 13.0, 0.0, 10.0, 0.0, 11.0, 0.0, 6.0, 11.0, 5.0, 0.0, 11.0, 0.0, 10.0, 15.0, 10.0, 0.0, 0.0]
B: [0.0, 62.0, 94.5694417821, 111.75013586, 141.2696465944, 279.0, 300.0, 309.29300538039, 319.11482114938, 332.74900179948, 354.50368793838004, 371.0, 380.19162363242, 422.0, 451.0, 474.5469186944, 488.3458735099, 511.0, 527.4211666151, 538.3259061809999, 548.6892794734999, 569.1150291536999, 570.2754032313098, 576.9648517138098]
