Avion: 7      Iteracion: 30

Num Ruta: 27
Ingresos: 13200.0
Costos: 23.370481909
Utilidad Ruta: 13176.6295181
Costo Reducido: 36.6365300418
Nodos: [107, 16, 61, 917]
q: [0, 11.0, -11.0, 0]
Q: [0, 11.0, 0.0, 0]
B: [0.0, 36.0, 45.624091437640004, 47.152024682260006]
