Avion: 1      Iteracion: 70

Num Ruta: 59
Ingresos: 64800.0
Costos: 176.695286234
Utilidad Ruta: 64623.3047138
Costo Reducido: 11.3060654542
Nodos: [101, 24, 69, 36, 81, 21, 38, 83, 66, 33, 78, 911]
q: [0.0, 14.0, -14.0, 15.0, -15.0, 13.0, 2.0, -2.0, -13.0, 10.0, -10.0, 0.0]
Q: [0.0, 14.0, 0.0, 15.0, 0.0, 13.0, 15.0, 13.0, 0.0, 10.0, 0.0, 0.0]
B: [0.0, 61.0, 99.5129503025, 251.0, 257.94814406874, 477.0, 483.82291294097, 516.69179958167, 523.76172815274, 562.0, 585.3035112376, 590.98027404751]
