Avion: 2      Iteracion: 9

Num Ruta: 10
Ingresos: 156000.0
Costos: 601.190681786
Utilidad Ruta: 155398.809318
Costo Reducido: 219912.279798
Nodos: [102, 16, 61, 30, 40, 75, 85, 14, 59, 44, 89, 3, 48, 18, 63, 22, 67, 8, 53, 25, 70, 21, 66, 2, 37, 82, 47, 912]
q: [0.0, 11.0, -11.0, 0.0, 15.0, 0.0, -15.0, 8.0, -8.0, 14.0, -14.0, 15.0, -15.0, 11.0, -11.0, 10.0, -10.0, 8.0, -8.0, 10.0, -10.0, 13.0, -13.0, 9.0, 6.0, -6.0, -9.0, 0.0]
Q: [0.0, 11.0, 0.0, 0.0, 15.0, 15.0, 0.0, 8.0, 0.0, 14.0, 0.0, 15.0, 0.0, 11.0, 0.0, 10.0, 0.0, 8.0, 0.0, 10.0, 0.0, 13.0, 0.0, 9.0, 15.0, 9.0, 0.0, 0.0]
B: [0.0, 36.0, 45.624091437640004, 64.0, 89.2820344118, 120.0918884848, 122.13718797387, 150.71558990607, 162.73730168107, 211.0, 265.00737440390003, 287.39410424550005, 292.47838600402, 313.51739515372003, 337.33563140242, 352.81847881492, 374.57316495382, 414.0, 434.768396616, 468.12895782230004, 485.31394013240003, 493.48265361740005, 534.2214442966, 558.0724580277, 563.18621672361, 583.9808701951099, 618.9890429552099, 644.9198866746099]
