Avion: 3      Iteracion: 89

Num Ruta: 75
Ingresos: 99600.0
Costos: 265.497379523
Utilidad Ruta: 99334.5026205
Costo Reducido: 1.64655842399
Nodos: [103, 17, 30, 62, 16, 61, 75, 24, 69, 1, 46, 3, 48, 8, 45, 90, 19, 64, 53, 6, 51, 913]
q: [0.0, 5.0, 4.0, -5.0, 11.0, -11.0, -4.0, 14.0, -14.0, 7.0, -7.0, 15.0, -15.0, 8.0, 7.0, -7.0, 7.0, -7.0, -8.0, 5.0, -5.0, 0.0]
Q: [0.0, 5.0, 9.0, 4.0, 15.0, 4.0, 0.0, 14.0, 0.0, 7.0, 0.0, 15.0, 0.0, 8.0, 15.0, 8.0, 15.0, 8.0, 0.0, 5.0, 0.0, 0.0]
B: [0.0, 24.0, 64.0, 67.14445448369, 72.47609381883, 82.10018525647, 84.97134181786, 109.70531270816, 148.21826301066, 175.0, 209.2400855285, 256.0, 261.08428175852, 414.0, 417.40515271317, 426.59677634559, 438.43863059229, 465.06574688379, 467.99386607534996, 477.1845377047799, 480.8768271029699, 497.6019655478699]
