Avion: 1      Iteracion: 26

Num Ruta: 26
Ingresos: 158400.0
Costos: 513.228113773
Utilidad Ruta: 157886.771886
Costo Reducido: 185.233317231
Nodos: [101, 16, 61, 24, 69, 10, 55, 1, 42, 46, 3, 48, 23, 87, 26, 71, 68, 28, 73, 25, 43, 70, 88, 7, 52, 37, 82, 33, 78, 911]
q: [0.0, 11.0, -11.0, 14.0, -14.0, 12.0, -12.0, 7.0, 5.0, -7.0, 10.0, -10.0, 10.0, -5.0, 5.0, -5.0, -10.0, 8.0, -8.0, 10.0, 5.0, -10.0, -5.0, 10.0, -10.0, 15.0, -15.0, 10.0, -10.0, 0.0]
Q: [0.0, 11.0, 0.0, 14.0, 0.0, 12.0, 0.0, 7.0, 12.0, 5.0, 15.0, 5.0, 15.0, 10.0, 15.0, 10.0, 0.0, 8.0, 0.0, 10.0, 15.0, 5.0, 0.0, 10.0, 0.0, 15.0, 0.0, 10.0, 0.0, 0.0]
B: [0.0, 36.0, 45.624091437640004, 70.85029051714, 109.36324081964, 121.14917149994, 150.66868223434, 189.08802340514, 239.0, 264.0626014013, 271.1591533105, 276.24343506902, 279.60592239242, 316.62156124951997, 323.5170398406, 341.09626781, 344.16334019258, 378.0, 414.0266187839, 417.35999740026, 451.0, 464.0372215215, 471.78639754221, 517.0, 545.5413118129, 562.0, 582.7946534714999, 617.3784082994999, 640.6819195370999, 646.3586823470099]
