Avion: 5      Iteracion: 32

Num Ruta: 34
Ingresos: 24000.0
Costos: 56.0555183245
Utilidad Ruta: 23943.9444817
Costo Reducido: 0.428095803622
Nodos: [105, 6, 51, 41, 5, 50, 86, 915]
q: [0.0, 5.0, -5.0, 3.0, 12.0, -12.0, -3.0, 0.0]
Q: [0.0, 5.0, 0.0, 3.0, 15.0, 3.0, 0.0, 0.0]
B: [0.0, 436.0, 439.69228939819, 458.80900930509, 469.0, 470.12168890518, 481.43821014628, 487.28720681238]
