Avion: 5      Iteracion: 5

Num Ruta: 9
Ingresos: 186000.0
Costos: 623.884698847
Utilidad Ruta: 185376.115301
Costo Reducido: 288253.500145
Nodos: [105, 16, 61, 24, 30, 69, 10, 75, 55, 11, 56, 42, 3, 48, 87, 26, 71, 18, 63, 28, 19, 73, 25, 70, 64, 5, 50, 43, 21, 88, 20, 38, 83, 66, 65, 37, 82, 915]
q: [0.0, 11.0, -11.0, 14.0, 1.0, -14.0, 12.0, -1.0, -12.0, 8.0, -8.0, 5.0, 10.0, -10.0, -5.0, 13.0, -13.0, 11.0, -11.0, 8.0, 5.0, -8.0, 10.0, -10.0, -5.0, 12.0, -12.0, 5.0, 0.0, -5.0, 7.0, 8.0, -8.0, 0.0, -7.0, 15.0, -15.0, 0.0]
Q: [0.0, 11.0, 0.0, 14.0, 15.0, 1.0, 13.0, 12.0, 0.0, 8.0, 0.0, 5.0, 15.0, 5.0, 0.0, 13.0, 0.0, 11.0, 0.0, 8.0, 13.0, 5.0, 15.0, 5.0, 0.0, 12.0, 0.0, 5.0, 5.0, 0.0, 7.0, 15.0, 7.0, 7.0, 0.0, 15.0, 0.0, 0.0]
B: [0.0, 36.0, 45.624091437640004, 70.85029051714, 89.10719167804, 109.37531307594, 121.16124375624, 139.85429404234, 158.75509193554, 211.39330851814, 215.44737536515, 239.0, 257.4606418632, 262.54492362172, 302.90396841962, 309.7994470107, 327.3786749801, 350.6573457325, 374.4755819812, 383.60908475943, 419.67409575343, 432.20988902713, 435.54326764348997, 452.72824995358997, 469.51510638949, 477.36541963164996, 478.48710853682996, 500.16288912253, 510.90421180643, 518.18721922095, 527.1274483007901, 529.2085177374001, 562.0774043781001, 569.1473329491702, 589.7467535720701, 601.3242715271701, 622.1189249986701, 647.1841029353701]
