Avion: 2      Iteracion: 35

Num Ruta: 30
Ingresos: 96000.0
Costos: 275.246236659
Utilidad Ruta: 95724.7537633
Costo Reducido: 43.6149546938
Nodos: [102, 30, 16, 61, 75, 24, 69, 13, 58, 25, 70, 15, 60, 29, 27, 74, 72, 912]
q: [0.0, 11.0, 4.0, -4.0, -11.0, 14.0, -14.0, 15.0, -15.0, 10.0, -10.0, 11.0, -11.0, 9.0, 6.0, -9.0, -6.0, 0.0]
Q: [0.0, 11.0, 15.0, 11.0, 0.0, 14.0, 0.0, 15.0, 0.0, 10.0, 0.0, 11.0, 0.0, 9.0, 15.0, 6.0, 0.0, 0.0]
B: [0.0, 64.0, 72.20259129788, 81.82668273552001, 84.69783929691, 109.43181018721, 147.94476048971, 423.0, 439.88315095, 463.8957169312, 481.0806992413, 511.0, 527.4211666151, 549.0, 574.6018082369, 582.8182362320799, 598.26561380888, 604.50959723295]
