Avion: 6      Iteracion: 1

Num Ruta: 5
Ingresos: 174000.0
Costos: 594.945138362
Utilidad Ruta: 173405.054862
Costo Reducido: 284324.056479
Nodos: [106, 16, 61, 40, 85, 10, 55, 44, 89, 23, 68, 26, 71, 45, 90, 32, 77, 13, 58, 5, 50, 15, 60, 7, 4, 49, 52, 916]
q: [0, 11.0, -11.0, 15.0, -15.0, 12.0, -12.0, 14.0, -14.0, 10.0, -10.0, 13.0, -13.0, 11.0, -11.0, 6.0, -6.0, 15.0, -15.0, 12.0, -12.0, 11.0, -11.0, 10.0, 5.0, -5.0, -10.0, 0]
Q: [0, 11.0, 0.0, 15.0, 0.0, 12.0, 0.0, 14.0, 0.0, 10.0, 0.0, 13.0, 0.0, 11.0, 0.0, 6.0, 0.0, 15.0, 0.0, 12.0, 0.0, 11.0, 0.0, 10.0, 15.0, 10.0, 0.0, 0]
B: [0.0, 36.0, 45.624091437640004, 77.27284989674001, 109.84229167884001, 127.02298575674001, 156.54249649114, 223.39771472424002, 277.40508912814005, 298.23568021434005, 337.96952311934007, 357.65589589344006, 375.23512386284006, 398.76127628944005, 407.95289992186, 422.0, 449.8573558149, 463.69953559270004, 480.58268654270006, 507.8469696435001, 508.9686585486801, 542.37085302748, 558.79201964258, 569.69675920848, 580.06013250098, 600.4858821811799, 601.6462562587899, 627.3319871808899]
