Avion: 5      Iteracion: 27

Num Ruta: 29
Ingresos: 181200.0
Costos: 530.196252128
Utilidad Ruta: 180669.803748
Costo Reducido: 153.94348751
Nodos: [105, 16, 61, 9, 24, 54, 31, 69, 1, 76, 11, 56, 42, 46, 3, 48, 23, 87, 26, 71, 68, 28, 19, 73, 25, 70, 64, 13, 58, 7, 38, 83, 27, 72, 52, 37, 82, 915]
q: [0.0, 11.0, -11.0, 11.0, 4.0, -11.0, 6.0, -4.0, 7.0, -6.0, 8.0, -8.0, 5.0, -7.0, 10.0, -10.0, 10.0, -5.0, 5.0, -5.0, -10.0, 8.0, 7.0, -8.0, 8.0, -8.0, -7.0, 15.0, -15.0, 7.0, 8.0, -8.0, 6.0, -6.0, -7.0, 15.0, -15.0, 0.0]
Q: [0.0, 11.0, 0.0, 11.0, 15.0, 4.0, 10.0, 6.0, 13.0, 7.0, 15.0, 7.0, 12.0, 5.0, 15.0, 5.0, 15.0, 10.0, 15.0, 10.0, 0.0, 8.0, 15.0, 7.0, 15.0, 7.0, 0.0, 15.0, 0.0, 7.0, 15.0, 7.0, 13.0, 7.0, 0.0, 15.0, 0.0, 0.0]
B: [0.0, 36.0, 45.624091437640004, 75.68094759394, 82.11782463176, 106.25807452686, 130.0, 141.2843577575, 175.0, 193.9896940997, 194.468572998797, 198.522639845807, 239.0, 264.0626014013, 271.1591533105, 276.24343506902, 279.60592239242, 316.62156124951997, 323.5170398406, 341.09626781, 344.16334019258, 378.0, 414.065010994, 426.60080426769997, 429.93418288405996, 447.11916519415996, 463.90602163005997, 468.13364093648, 485.01679188648, 517.0, 525.77620202593, 558.64508866663, 570.1808159952301, 587.2116783633301, 591.61159893079, 598.78441044372, 619.5790639152201, 644.6442418519201]
