Avion: 3      Iteracion: 52

Num Ruta: 50
Ingresos: 44400.0
Costos: 144.68821708
Utilidad Ruta: 44255.3117829
Costo Reducido: 1.27432095604
Nodos: [103, 17, 62, 14, 59, 45, 90, 8, 53, 6, 51, 913]
q: [0, 5.0, -5.0, 8.0, -8.0, 11.0, -11.0, 8.0, -8.0, 5.0, -5.0, 0]
Q: [0, 5.0, 0.0, 8.0, 0.0, 11.0, 0.0, 8.0, 0.0, 5.0, 0.0, 0]
B: [0.0, 24.0, 58.8425537813, 112.0, 124.021711775, 371.0, 380.19162363242, 414.0, 434.768396616, 443.95906824543, 447.65135764362, 464.37649608851996]
