Avion: 6      Iteracion: 35

Num Ruta: 36
Ingresos: 127200.0
Costos: 346.497133632
Utilidad Ruta: 126853.502866
Costo Reducido: 54.1506643538
Nodos: [106, 9, 54, 12, 57, 10, 55, 35, 26, 80, 71, 28, 39, 73, 19, 64, 84, 6, 51, 5, 50, 37, 82, 916]
q: [0.0, 11.0, -11.0, 14.0, -14.0, 12.0, -12.0, 6.0, 9.0, -6.0, -9.0, 8.0, 7.0, -8.0, 7.0, -7.0, -7.0, 5.0, -5.0, 12.0, -12.0, 15.0, -15.0, 0.0]
Q: [0.0, 11.0, 0.0, 14.0, 0.0, 12.0, 0.0, 6.0, 15.0, 9.0, 0.0, 8.0, 15.0, 7.0, 14.0, 7.0, 0.0, 5.0, 0.0, 12.0, 0.0, 15.0, 0.0, 0.0]
B: [0.0, 28.0, 57.5272370025, 68.3142737596, 111.6621980236, 120.37996838075, 149.89947911515, 279.0, 300.0, 309.29300538039, 319.11482114938, 378.0, 389.3210123222, 420.750419714, 433.28621298769997, 459.91332927919996, 466.22853133455993, 472.91677549875993, 476.6090648969499, 494.9979251117499, 496.1196140169299, 562.0, 582.7946534714999, 604.0940059733999]
