Avion: 7      Iteracion: 43

Num Ruta: 39
Ingresos: 51600.0
Costos: 166.977946827
Utilidad Ruta: 51433.0220532
Costo Reducido: 43.966051282
Nodos: [107, 14, 59, 19, 64, 13, 58, 21, 66, 917]
q: [0, 8.0, -8.0, 7.0, -7.0, 15.0, -15.0, 13.0, -13.0, 0]
Q: [0, 8.0, 0.0, 7.0, 0.0, 15.0, 0.0, 13.0, 0.0, 0]
B: [0.0, 112.0, 124.021711775, 402.0, 428.6271162915, 432.85473559792, 449.73788654792, 477.0, 517.7387906792, 541.3241163711999]
