Avion: 6      Iteracion: 71

Num Ruta: 58
Ingresos: 127200.0
Costos: 389.454782666
Utilidad Ruta: 126810.545217
Costo Reducido: 8.68592889051
Nodos: [106, 24, 69, 11, 56, 44, 42, 89, 35, 87, 26, 80, 71, 22, 67, 25, 21, 70, 38, 66, 83, 27, 72, 37, 82, 916]
q: [0.0, 14.0, -14.0, 8.0, -8.0, 10.0, 5.0, -10.0, 6.0, -5.0, 9.0, -6.0, -9.0, 10.0, -10.0, 8.0, 7.0, -8.0, 8.0, -7.0, -8.0, 6.0, -6.0, 15.0, -15.0, 0.0]
Q: [0.0, 14.0, 0.0, 8.0, 0.0, 10.0, 15.0, 5.0, 11.0, 6.0, 15.0, 9.0, 0.0, 10.0, 0.0, 8.0, 15.0, 7.0, 15.0, 8.0, 0.0, 6.0, 0.0, 15.0, 0.0, 0.0]
B: [0.0, 61.0, 99.5129503025, 169.0, 173.05406684701, 211.0, 239.0, 276.4881823646, 296.9043957745, 300.96084557698003, 307.85632416806004, 317.14932954845005, 326.97114531744006, 340.60532596754007, 362.3600121064401, 410.0, 477.0, 485.168713485, 489.49037624371, 523.97275662851, 531.04268519958, 542.57841252818, 559.60927489628, 566.44524051937, 587.2398939908701, 608.5392464927701]
