Avion: 4      Iteracion: 2

Num Ruta: 6
Ingresos: 174000.0
Costos: 601.60842249
Utilidad Ruta: 173398.391578
Costo Reducido: 226559.437009
Nodos: [104, 17, 62, 16, 61, 24, 69, 10, 55, 3, 48, 36, 81, 34, 18, 63, 79, 39, 84, 28, 73, 25, 70, 5, 50, 7, 38, 83, 27, 72, 52, 914]
q: [0.0, 5.0, -5.0, 11.0, -11.0, 14.0, -14.0, 12.0, -12.0, 15.0, -15.0, 15.0, -15.0, 12.0, 3.0, -3.0, -12.0, 8.0, -8.0, 8.0, -8.0, 10.0, -10.0, 12.0, -12.0, 10.0, 5.0, -5.0, 5.0, -5.0, -10.0, 0.0]
Q: [0.0, 5.0, 0.0, 11.0, 0.0, 14.0, 0.0, 12.0, 0.0, 15.0, 0.0, 15.0, 0.0, 12.0, 15.0, 12.0, 0.0, 8.0, 0.0, 8.0, 0.0, 10.0, 0.0, 12.0, 0.0, 10.0, 15.0, 10.0, 15.0, 10.0, 0.0, 0.0]
B: [0.0, 26.5094038032, 61.3519575845, 66.68359691964, 76.30768835728, 101.53388743677999, 140.04683773928, 151.83276841958, 181.35227915398, 256.0, 261.08428175852, 296.00374706082, 302.95189112956, 316.67163912286003, 340.38713283476005, 364.20536908346, 379.35799872326004, 388.69465047857005, 411.32683793357006, 424.31732495297007, 460.3439437368701, 463.67732235323007, 480.86230466333006, 503.92454056963004, 505.04622947481005, 526.76463609221, 535.5408381181401, 568.4097247588401, 579.9454520874401, 596.9763144555401, 601.376235023, 634.6442904817001]
