Avion: 2      Iteracion: 89

Num Ruta: 64
Ingresos: 108000.0
Costos: 330.405101583
Utilidad Ruta: 107669.594898
Costo Reducido: 2.01809262088
Nodos: [102, 12, 57, 10, 55, 35, 26, 80, 71, 28, 73, 25, 43, 70, 88, 15, 60, 20, 7, 65, 52, 912]
q: [0.0, 14.0, -14.0, 12.0, -12.0, 6.0, 9.0, -6.0, -9.0, 8.0, -8.0, 10.0, 5.0, -10.0, -5.0, 11.0, -11.0, 10.0, 5.0, -10.0, -5.0, 0.0]
Q: [0.0, 14.0, 0.0, 12.0, 0.0, 6.0, 15.0, 9.0, 0.0, 8.0, 0.0, 10.0, 15.0, 5.0, 0.0, 11.0, 0.0, 10.0, 15.0, 5.0, 0.0, 0.0]
B: [0.0, 54.0, 97.347924264, 106.06569462115, 135.58520535555, 279.0, 300.0, 309.29300538039, 319.11482114938, 378.0, 414.0266187839, 417.35999740026, 451.0, 464.0372215215, 471.78639754221, 511.0, 527.4211666151, 533.55501866744, 542.2979730879999, 583.1352039074, 596.0988884530999, 606.7387197487999]
