Avion: 3      Iteracion: 71

Num Ruta: 63
Ingresos: 31200.0
Costos: 123.130213677
Utilidad Ruta: 31076.8697863
Costo Reducido: 0.70930270899
Nodos: [103, 17, 62, 14, 59, 8, 53, 6, 51, 913]
q: [0, 5.0, -5.0, 8.0, -8.0, 8.0, -8.0, 5.0, -5.0, 0]
Q: [0, 5.0, 0.0, 8.0, 0.0, 8.0, 0.0, 5.0, 0.0, 0]
B: [0.0, 24.0, 58.8425537813, 112.0, 124.021711775, 414.0, 434.768396616, 443.95906824543, 447.65135764362, 464.37649608851996]
