Avion: 7      Iteracion: 82

Num Ruta: 54
Ingresos: 68400.0
Costos: 166.490973747
Utilidad Ruta: 68233.5090263
Costo Reducido: 8.13269671734
Nodos: [107, 24, 69, 1, 46, 3, 48, 45, 90, 7, 52, 917]
q: [0, 14.0, -14.0, 7.0, -7.0, 15.0, -15.0, 11.0, -11.0, 10.0, -10.0, 0]
Q: [0, 14.0, 0.0, 7.0, 0.0, 15.0, 0.0, 11.0, 0.0, 10.0, 0.0, 0]
B: [0.0, 61.0, 99.5129503025, 175.0, 209.2400855285, 256.0, 261.08428175852, 371.0, 380.19162363242, 517.0, 545.5413118129, 552.2307602953999]
