Avion: 3      Iteracion: 70

Num Ruta: 62
Ingresos: 74400.0
Costos: 226.991889013
Utilidad Ruta: 74173.008111
Costo Reducido: 8.80796680289
Nodos: [103, 17, 62, 24, 69, 36, 81, 25, 43, 70, 88, 21, 66, 913]
q: [0, 5.0, -5.0, 14.0, -14.0, 15.0, -15.0, 10.0, 5.0, -10.0, -5.0, 13.0, -13.0, 0]
Q: [0, 5.0, 0.0, 14.0, 0.0, 15.0, 0.0, 10.0, 15.0, 5.0, 0.0, 13.0, 0.0, 0]
B: [0.0, 24.0, 58.8425537813, 75.400837086, 113.9137873885, 251.0, 257.94814406874, 410.0, 451.0, 464.0372215215, 471.78639754221, 479.06940495673, 519.80819563593, 536.79839648823]
