Avion: 7      Iteracion: 12

Num Ruta: 13
Ingresos: 170400.0
Costos: 533.717542324
Utilidad Ruta: 169866.282458
Costo Reducido: 154559.310916
Nodos: [107, 9, 54, 30, 75, 24, 69, 31, 76, 36, 81, 42, 87, 35, 80, 45, 90, 8, 53, 13, 58, 6, 51, 2, 7, 47, 4, 52, 49, 37, 82, 917]
q: [0.0, 11.0, -11.0, 11.0, -11.0, 14.0, -14.0, 6.0, -6.0, 15.0, -15.0, 5.0, -5.0, 6.0, -6.0, 11.0, -11.0, 8.0, -8.0, 15.0, -15.0, 5.0, -5.0, 9.0, 6.0, -9.0, 5.0, -6.0, -5.0, 15.0, -15.0, 0.0]
Q: [0.0, 11.0, 0.0, 11.0, 0.0, 14.0, 0.0, 6.0, 0.0, 15.0, 0.0, 5.0, 0.0, 6.0, 0.0, 11.0, 0.0, 8.0, 0.0, 15.0, 0.0, 5.0, 0.0, 9.0, 15.0, 6.0, 11.0, 5.0, 0.0, 15.0, 0.0, 0.0]
B: [0.0, 28.0, 57.5272370025, 73.3151373379, 92.0291599947, 116.763130885, 155.27608118749998, 166.560438945, 179.8660529481, 251.0, 257.94814406874, 282.45112780544, 330.50096245654004, 334.55741225902005, 354.47029565142003, 373.26151245612004, 382.45313608854, 414.0, 434.768396616, 436.97907275691, 453.86222370691, 478.08517233011, 481.7774617283, 522.0, 557.1577733226, 568.6644994426, 582.1152552578, 601.3876162445, 602.54799032211, 609.61236241027, 630.4070158817699, 650.4787480690699]
