Avion: 3      Iteracion: 22

Num Ruta: 25
Ingresos: 69600.0
Costos: 219.852913473
Utilidad Ruta: 69380.1470865
Costo Reducido: 113.063978213
Nodos: [103, 17, 62, 31, 76, 14, 59, 3, 48, 18, 63, 21, 66, 913]
q: [0, 5.0, -5.0, 6.0, -6.0, 8.0, -8.0, 15.0, -15.0, 11.0, -11.0, 13.0, -13.0, 0]
Q: [0, 5.0, 0.0, 6.0, 0.0, 8.0, 0.0, 15.0, 0.0, 11.0, 0.0, 13.0, 0.0, 0]
B: [0.0, 24.0, 58.8425537813, 130.0, 143.3056140031, 160.3516205736, 172.3733323486, 256.0, 261.08428175852, 293.0, 316.8182362487, 477.0, 517.7387906792, 534.7289915314999]
