Avion: 2      Iteracion: 37

Num Ruta: 32
Ingresos: 142800.0
Costos: 432.809639994
Utilidad Ruta: 142367.19036
Costo Reducido: 84.2733581734
Nodos: [102, 30, 16, 75, 61, 10, 55, 1, 31, 76, 11, 56, 44, 46, 89, 8, 45, 90, 19, 64, 53, 13, 58, 15, 60, 20, 7, 4, 52, 49, 65, 912]
q: [0.0, 11.0, 4.0, -11.0, -4.0, 12.0, -12.0, 7.0, 6.0, -6.0, 8.0, -8.0, 8.0, -7.0, -8.0, 8.0, 7.0, -7.0, 7.0, -7.0, -8.0, 15.0, -15.0, 11.0, -11.0, 10.0, 5.0, 0.0, -5.0, 0.0, -10.0, 0.0]
Q: [0.0, 11.0, 15.0, 4.0, 0.0, 12.0, 0.0, 7.0, 13.0, 7.0, 15.0, 7.0, 15.0, 8.0, 0.0, 8.0, 15.0, 8.0, 15.0, 8.0, 0.0, 15.0, 0.0, 11.0, 0.0, 10.0, 15.0, 15.0, 10.0, 10.0, 0.0, 0.0]
B: [0.0, 64.0, 72.20259129788, 83.01926305958, 85.89041962097, 101.71969683127, 131.23920756567, 175.0, 183.89376197118, 197.19937597428, 197.678254873377, 201.732321720387, 213.409622178987, 258.805976415887, 274.820525426087, 414.0, 417.40515271317, 426.59677634559, 438.43863059229, 465.06574688379, 467.99386607534996, 470.20454221625994, 487.08769316625995, 511.0, 527.4211666151, 533.55501866744, 542.2979730879999, 552.6613463804999, 571.9337073672, 573.09408144481, 584.95530469541, 606.54752507681]
