Avion: 4      Iteracion: 15

Num Ruta: 18
Ingresos: 118800.0
Costos: 360.526190796
Utilidad Ruta: 118439.473809
Costo Reducido: 738.856213062
Nodos: [104, 31, 76, 14, 59, 3, 48, 18, 63, 26, 71, 39, 28, 84, 73, 15, 60, 4, 2, 49, 33, 78, 47, 914]
q: [0.0, 6.0, -6.0, 8.0, -8.0, 15.0, -15.0, 11.0, -11.0, 13.0, -13.0, 7.0, 8.0, -7.0, -8.0, 11.0, -11.0, 5.0, 9.0, -5.0, 6.0, -6.0, -9.0, 0.0]
Q: [0.0, 6.0, 0.0, 8.0, 0.0, 15.0, 0.0, 11.0, 0.0, 13.0, 0.0, 7.0, 15.0, 8.0, 0.0, 11.0, 0.0, 5.0, 14.0, 9.0, 15.0, 9.0, 0.0, 0.0]
B: [0.0, 130.0, 143.3056140031, 160.3516205736, 172.3733323486, 256.0, 261.08428175852, 293.0, 316.8182362487, 345.81975307109997, 363.39898104049996, 388.0, 399.3210123222, 412.3114993416, 448.3244104708, 511.0, 527.4211666151, 532.99584588839, 560.36737849069, 569.8218450012901, 578.3933104535901, 601.69682169119, 620.21560572259, 643.82263264259]
