Avion: 5      Iteracion: 12

Num Ruta: 15
Ingresos: 93600.0
Costos: 301.940032829
Utilidad Ruta: 93298.0599672
Costo Reducido: 86295.3205125
Nodos: [105, 24, 75, 30, 69, 45, 90, 8, 53, 13, 58, 7, 52, 2, 47, 915]
q: [0.0, 14.0, -11.0, 11.0, -14.0, 11.0, -11.0, 8.0, -8.0, 15.0, -15.0, 10.0, -10.0, 9.0, -9.0, 0.0]
Q: [0.0, 14.0, 3.0, 14.0, 0.0, 11.0, 0.0, 8.0, 0.0, 15.0, 0.0, 10.0, 0.0, 9.0, 0.0, 0.0]
B: [0.0, 61.0, 85.7339708903, 104.4479935471, 124.716114945, 371.0, 380.19162363242, 414.0, 434.768396616, 436.97907275691, 453.86222370691, 517.0, 545.5413118129, 555.6714802715, 596.4064423189, 607.4625259383]
