Avion: 3      Iteracion: 50

Num Ruta: 49
Ingresos: 80400.0
Costos: 284.116423019
Utilidad Ruta: 80115.883577
Costo Reducido: 1.02028306262
Nodos: [103, 17, 62, 24, 69, 11, 56, 44, 89, 41, 86, 21, 66, 913]
q: [0, 5.0, -5.0, 14.0, -14.0, 8.0, -8.0, 14.0, -14.0, 13.0, -13.0, 13.0, -13.0, 0]
Q: [0, 5.0, 0.0, 14.0, 0.0, 8.0, 0.0, 14.0, 0.0, 13.0, 0.0, 13.0, 0.0, 0]
B: [0.0, 24.0, 58.8425537813, 75.400837086, 113.9137873885, 169.0, 173.05406684701, 211.0, 265.00737440390003, 446.0, 466.0411203529, 483.9041773141, 524.6429679933, 541.6331688455999]
