Avion: 7      Iteracion: 31

Num Ruta: 28
Ingresos: 93600.0
Costos: 306.526583814
Utilidad Ruta: 93293.4734162
Costo Reducido: 75.9326560706
Nodos: [107, 24, 69, 44, 42, 89, 87, 35, 26, 80, 71, 28, 73, 15, 60, 7, 4, 49, 52, 917]
q: [0.0, 14.0, -14.0, 10.0, 5.0, -10.0, -5.0, 6.0, 9.0, -6.0, -9.0, 8.0, -8.0, 11.0, -11.0, 10.0, 5.0, -5.0, -10.0, 0.0]
Q: [0.0, 14.0, 0.0, 10.0, 15.0, 5.0, 0.0, 6.0, 15.0, 9.0, 0.0, 8.0, 0.0, 11.0, 0.0, 10.0, 15.0, 10.0, 0.0, 0.0]
B: [0.0, 61.0, 99.5129503025, 211.0, 239.0, 276.4881823646, 294.1162889277, 298.17273873018, 308.79995332288, 318.09295870327, 327.91477447226004, 378.0, 414.0266187839, 511.0, 527.4211666151, 538.3259061809999, 548.6892794734999, 569.1150291536999, 570.2754032313098, 576.9648517138098]
