Avion: 7      Iteracion: 25

Num Ruta: 22
Ingresos: 123600.0
Costos: 331.094147057
Utilidad Ruta: 123268.905853
Costo Reducido: 168.097253163
Nodos: [107, 40, 85, 31, 76, 36, 81, 34, 79, 39, 84, 6, 51, 5, 50, 4, 20, 49, 65, 37, 82, 917]
q: [0, 15.0, -15.0, 6.0, -6.0, 15.0, -15.0, 12.0, -12.0, 8.0, -8.0, 5.0, -5.0, 12.0, -12.0, 5.0, 10.0, -5.0, -10.0, 15.0, -15.0, 0]
Q: [0, 15.0, 0.0, 6.0, 0.0, 15.0, 0.0, 12.0, 0.0, 8.0, 0.0, 5.0, 0.0, 12.0, 0.0, 5.0, 15.0, 10.0, 0.0, 15.0, 0.0, 0]
B: [0.0, 62.0, 94.5694417821, 130.0, 143.3056140031, 251.0, 257.94814406874, 283.0, 323.947598037, 388.0, 410.632187455, 436.0, 439.69228939819, 469.0, 470.12168890518, 529.0, 539.279151035, 569.6591407651, 581.5203640157, 593.0978819708, 613.8925354423, 633.9642676295999]
