Avion: 4      Iteracion: 50

Num Ruta: 49
Ingresos: 79200.0
Costos: 150.16825483
Utilidad Ruta: 79049.8317452
Costo Reducido: 21.2181458005
Nodos: [104, 31, 11, 56, 76, 36, 81, 25, 70, 19, 8, 50, 5, 64, 53, 914]
q: [0.0, 6.0, 8.0, -8.0, -6.0, 15.0, -15.0, 10.0, -10.0, 7.0, 8.0, -12.0, 12.0, -7.0, -8.0, 0.0]
Q: [0.0, 6.0, 14.0, 6.0, 0.0, 15.0, 0.0, 10.0, 0.0, 7.0, 15.0, 3.0, 15.0, 8.0, 0.0, 0.0]
B: [0.0, 130.0, 169.0, 173.05406684701, 176.74844541451, 251.0, 257.94814406874, 410.0, 427.1849823101, 443.8578739909, 467.0187555372, 478.8288794993, 479.95056840448, 487.80088164664, 490.72900083819997, 513.1893885909]
