Avion: 3      Iteracion: 13

Num Ruta: 17
Ingresos: 120000.0
Costos: 591.79297396
Utilidad Ruta: 119408.207026
Costo Reducido: 60857.966223
Nodos: [103, 12, 24, 57, 69, 31, 76, 1, 46, 36, 81, 18, 34, 63, 79, 28, 73, 8, 53, 38, 21, 83, 66, 27, 4, 49, 72, 913]
q: [0.0, 1.0, 14.0, -1.0, -14.0, 6.0, -6.0, 7.0, -7.0, 15.0, -15.0, 3.0, 12.0, -3.0, -12.0, 8.0, -8.0, 8.0, -8.0, 8.0, 7.0, -8.0, -7.0, 6.0, 5.0, -5.0, -6.0, 0.0]
Q: [0.0, 1.0, 15.0, 14.0, 0.0, 6.0, 0.0, 7.0, 0.0, 15.0, 0.0, 3.0, 15.0, 12.0, 0.0, 8.0, 0.0, 8.0, 0.0, 8.0, 15.0, 7.0, 0.0, 6.0, 11.0, 6.0, 0.0, 0.0]
B: [0.0, 54.0, 70.84782742670001, 112.4021086622, 128.3343462326, 139.61870399010002, 152.92431799320002, 175.0, 209.2400855285, 251.0, 257.94814406874, 293.0, 316.7154937119, 344.9475311871, 360.10016082690004, 378.0, 414.0266187839, 448.6194490382, 469.3878456542, 487.6884223118, 494.51133525277004, 533.02307372297, 540.09300229404, 553.2704504916401, 570.8852250289401, 591.31097470914, 596.72623324406, 629.65814519886]
