Avion: 1      Iteracion: 28

Num Ruta: 28
Ingresos: 84000.0
Costos: 282.19134452
Utilidad Ruta: 83717.8086555
Costo Reducido: 57.7171230087
Nodos: [101, 9, 40, 54, 30, 85, 75, 14, 59, 18, 63, 22, 67, 19, 8, 64, 53, 911]
q: [0.0, 11.0, 4.0, -11.0, 11.0, -4.0, -11.0, 8.0, -8.0, 11.0, -11.0, 10.0, -10.0, 7.0, 8.0, -7.0, -8.0, 0.0]
Q: [0.0, 11.0, 15.0, 4.0, 15.0, 11.0, 0.0, 8.0, 0.0, 11.0, 0.0, 10.0, 0.0, 7.0, 15.0, 8.0, 0.0, 0.0]
B: [0.0, 28.0, 62.0, 90.9587949508, 106.7466952862, 125.68974556859999, 127.73504505766999, 155.53098571457, 167.55269748957, 293.0, 316.8182362487, 332.3010836612, 354.0557698001, 402.0, 425.1608815463, 443.1178409771, 446.04596016866, 453.01867327046]
