Avion: 1      Iteracion: 49

Num Ruta: 47
Ingresos: 87600.0
Costos: 267.043448087
Utilidad Ruta: 87332.9565519
Costo Reducido: 14.3424575065
Nodos: [101, 10, 55, 26, 71, 28, 73, 25, 43, 88, 70, 7, 52, 37, 82, 911]
q: [0, 12.0, -12.0, 13.0, -13.0, 8.0, -8.0, 10.0, 5.0, -5.0, -10.0, 10.0, -10.0, 15.0, -15.0, 0]
Q: [0, 12.0, 0.0, 13.0, 0.0, 8.0, 0.0, 10.0, 15.0, 10.0, 0.0, 10.0, 0.0, 15.0, 0.0, 0]
B: [0.0, 96.0, 125.5195107344, 300.0, 317.5792279694, 378.0, 414.0266187839, 417.35999740026, 451.0, 468.262321107, 476.01149712771, 517.0, 545.5413118129, 562.0, 582.7946534714999, 614.5722310066]
