Avion: 1      Iteracion: 54

Num Ruta: 52
Ingresos: 38400.0
Costos: 156.192013646
Utilidad Ruta: 38243.8079864
Costo Reducido: 12.8807815863
Nodos: [101, 9, 54, 14, 59, 32, 19, 77, 64, 911]
q: [0, 11.0, -11.0, 8.0, -8.0, 6.0, 7.0, -6.0, -7.0, 0]
Q: [0, 11.0, 0.0, 8.0, 0.0, 6.0, 13.0, 7.0, 0.0, 0]
B: [0.0, 28.0, 57.5272370025, 112.0, 124.021711775, 422.0, 433.71491463899997, 461.3697862171, 478.4971626653, 485.57297230094997]
