Avion: 1      Iteracion: 75

Num Ruta: 62
Ingresos: 31200.0
Costos: 110.652996743
Utilidad Ruta: 31089.3470033
Costo Reducido: 5.68507284015
Nodos: [101, 9, 54, 19, 8, 64, 53, 911]
q: [0, 11.0, -11.0, 7.0, 8.0, -7.0, -8.0, 0]
Q: [0, 11.0, 0.0, 7.0, 15.0, 8.0, 0.0, 0]
B: [0.0, 28.0, 57.5272370025, 402.0, 425.1608815463, 443.1178409771, 446.04596016866, 453.01867327046]
