Avion: 3      Iteracion: 48

Num Ruta: 48
Ingresos: 24000.0
Costos: 115.779843188
Utilidad Ruta: 23884.2201568
Costo Reducido: 9.7441872528
Nodos: [103, 17, 62, 21, 38, 66, 83, 913]
q: [0.0, 5.0, -5.0, 13.0, 2.0, -13.0, -2.0, 0.0]
Q: [0.0, 5.0, 0.0, 13.0, 15.0, 2.0, 0.0, 0.0]
B: [0.0, 24.0, 58.8425537813, 477.0, 483.82291294097, 518.30529332577, 525.37522189684, 535.33919725811]
