Avion: 7      Iteracion: 45

Num Ruta: 41
Ingresos: 18000.0
Costos: 50.8834718787
Utilidad Ruta: 17949.1165281
Costo Reducido: 26.0265599817
Nodos: [107, 40, 85, 917]
q: [0, 15.0, -15.0, 0]
Q: [0, 15.0, 0.0, 0]
B: [0.0, 62.0, 94.5694417821, 96.34654335489]
