Avion: 4      Iteracion: 80

Num Ruta: 69
Ingresos: 105600.0
Costos: 356.700373969
Utilidad Ruta: 105243.299626
Costo Reducido: 3.18085671864
Nodos: [104, 11, 56, 44, 42, 89, 35, 87, 26, 80, 71, 18, 63, 39, 28, 84, 73, 25, 43, 70, 88, 29, 74, 914]
q: [0.0, 8.0, -8.0, 10.0, 5.0, -10.0, 6.0, -5.0, 9.0, -6.0, -9.0, 11.0, -11.0, 8.0, 7.0, -8.0, -7.0, 10.0, 5.0, -10.0, -5.0, 9.0, -9.0, 0.0]
Q: [0.0, 8.0, 0.0, 10.0, 15.0, 5.0, 11.0, 6.0, 15.0, 9.0, 0.0, 11.0, 0.0, 8.0, 15.0, 7.0, 0.0, 10.0, 15.0, 5.0, 0.0, 9.0, 0.0, 0.0]
B: [0.0, 169.0, 173.05406684701, 211.0, 239.0, 276.4881823646, 296.9043957745, 300.96084557698003, 307.85632416806004, 317.14932954845005, 326.97114531744006, 350.24981606984005, 374.06805231854, 388.0, 399.3210123222, 412.3114993416, 448.3244104708, 451.65778908716, 465.71894785876, 478.75616938025996, 486.50534540097, 549.0, 582.7797797802, 607.5882078038]
