Avion: 3      Iteracion: 11

Num Ruta: 15
Ingresos: 126000.0
Costos: 488.882497665
Utilidad Ruta: 125511.117502
Costo Reducido: 105376.284562
Nodos: [103, 9, 54, 14, 59, 23, 68, 26, 71, 28, 45, 8, 90, 25, 73, 70, 53, 15, 60, 4, 49, 37, 82, 33, 78, 913]
q: [0.0, 11.0, -11.0, 8.0, -8.0, 10.0, -10.0, 13.0, -13.0, 0.0, 7.0, 8.0, -7.0, 7.0, 0.0, -7.0, -8.0, 11.0, -11.0, 5.0, -5.0, 15.0, -15.0, 10.0, -10.0, 0.0]
Q: [0.0, 11.0, 0.0, 8.0, 0.0, 10.0, 0.0, 13.0, 0.0, 0.0, 7.0, 15.0, 8.0, 15.0, 15.0, 8.0, 0.0, 11.0, 0.0, 5.0, 0.0, 15.0, 0.0, 10.0, 0.0, 0.0]
B: [0.0, 58.0169348553, 87.5441718578, 112.0, 124.021711775, 267.0, 306.733842905, 326.4202156791, 343.9994436485, 378.0, 411.1514906603, 414.55664337347, 426.10663774577, 447.13285262147, 450.46623123783, 467.77231999293, 485.38032002133, 515.99804250353, 532.41920911863, 537.99388839192, 558.41963807212, 565.48401016028, 586.2786636317801, 620.8624184597801, 644.1659296973801, 663.0046685086801]
