Avion: 1      Iteracion: 53

Num Ruta: 51
Ingresos: 91200.0
Costos: 293.815177393
Utilidad Ruta: 90906.1848226
Costo Reducido: 17.4111944656
Nodos: [101, 24, 69, 11, 56, 44, 42, 89, 87, 26, 71, 13, 58, 32, 43, 88, 77, 911]
q: [0.0, 14.0, -14.0, 8.0, -8.0, 10.0, 5.0, -10.0, -5.0, 13.0, -13.0, 15.0, -15.0, 6.0, 5.0, -5.0, -6.0, 0.0]
Q: [0.0, 14.0, 0.0, 8.0, 0.0, 10.0, 15.0, 5.0, 0.0, 13.0, 0.0, 15.0, 0.0, 6.0, 11.0, 6.0, 0.0, 0.0]
B: [0.0, 61.0, 99.5129503025, 169.0, 173.05406684701, 211.0, 239.0, 276.4881823646, 294.1162889277, 301.01176751878, 318.59099548818, 423.0, 439.88315095, 467.2623045162, 474.47514008898, 491.73746119598, 505.53641601148, 515.85858642278]
