Avion: 4      Iteracion: 5

Num Ruta: 9
Ingresos: 157200.0
Costos: 588.394495376
Utilidad Ruta: 156611.605505
Costo Reducido: 254394.257458
Nodos: [104, 30, 75, 16, 61, 10, 55, 11, 56, 44, 42, 89, 35, 87, 26, 80, 71, 18, 63, 19, 64, 13, 58, 43, 32, 77, 88, 20, 38, 4, 83, 65, 49, 914]
q: [0.0, 11.0, -11.0, 11.0, -11.0, 12.0, -12.0, 8.0, -8.0, 10.0, 5.0, -10.0, 2.0, -5.0, 13.0, -2.0, -13.0, 11.0, -11.0, 7.0, -7.0, 15.0, -15.0, 5.0, 6.0, -6.0, -5.0, 7.0, 8.0, 0.0, -8.0, -7.0, 0.0, 0.0]
Q: [0.0, 11.0, 0.0, 11.0, 0.0, 12.0, 0.0, 8.0, 0.0, 10.0, 15.0, 5.0, 7.0, 2.0, 15.0, 13.0, 0.0, 11.0, 0.0, 7.0, 0.0, 15.0, 0.0, 5.0, 11.0, 5.0, 0.0, 7.0, 15.0, 15.0, 7.0, 0.0, 0.0, 0.0]
B: [0.0, 64.0, 82.7140226568, 93.53069441849999, 103.15478585614, 118.98406306644, 148.50357380084, 201.14179038344, 205.19585723045, 216.87315768905, 239.29346921675, 276.78165158135, 297.19786499125, 301.25431479373003, 308.14979338481004, 317.44279876520005, 327.26461453419006, 350.54328528659005, 374.36152153529, 402.0, 428.6271162915, 432.85473559792, 449.73788654792, 471.95020612512, 479.16304169790004, 507.02039751280006, 520.8193523283, 529.7595814081401, 531.8406508447501, 540.1745512521202, 569.2942505809202, 596.6712583064202, 608.5324815570202, 642.4247994181202]
