Avion: 7      Iteracion: 44

Num Ruta: 40
Ingresos: 140400.0
Costos: 393.913210197
Utilidad Ruta: 140006.08679
Costo Reducido: 72.5172070718
Nodos: [107, 12, 57, 1, 31, 76, 11, 56, 42, 46, 23, 87, 26, 68, 71, 22, 67, 8, 45, 90, 32, 19, 64, 53, 13, 77, 58, 29, 27, 74, 72, 917]
q: [0.0, 14.0, -14.0, 7.0, 6.0, -6.0, 8.0, -8.0, 5.0, -7.0, 10.0, -5.0, 5.0, -10.0, -5.0, 10.0, -10.0, 4.0, 11.0, -11.0, 4.0, 7.0, -7.0, -4.0, 11.0, -4.0, -11.0, 9.0, 6.0, -9.0, -6.0, 0.0]
Q: [0.0, 14.0, 0.0, 7.0, 13.0, 7.0, 15.0, 7.0, 12.0, 5.0, 15.0, 10.0, 15.0, 5.0, 0.0, 10.0, 0.0, 4.0, 15.0, 4.0, 8.0, 15.0, 8.0, 4.0, 15.0, 11.0, 0.0, 9.0, 15.0, 6.0, 0.0, 0.0]
B: [0.0, 54.0, 97.347924264, 175.0, 183.89376197118, 197.19937597428, 197.678254873377, 201.732321720387, 239.0, 264.0626014013, 268.8931248719, 305.908763729, 312.80424232008, 332.49061509418, 335.55768747676, 349.19186812686, 370.94655426576, 414.0, 417.40515271317, 426.59677634559, 428.13238729892, 439.84730193791995, 466.47441822941994, 469.4025374209799, 471.6132135618899, 485.4553933396899, 489.52634372012994, 549.0, 574.6018082369, 582.8182362320799, 598.26561380888, 603.8430499582199]
