Avion: 3      Iteracion: 77

Num Ruta: 67
Ingresos: 142800.0
Costos: 396.216913915
Utilidad Ruta: 142403.783086
Costo Reducido: 18.2993306385
Nodos: [103, 17, 30, 62, 16, 61, 75, 24, 31, 69, 11, 76, 56, 44, 89, 8, 45, 90, 19, 64, 53, 41, 50, 5, 86, 38, 21, 83, 66, 913]
q: [0.0, 5.0, 10.0, -5.0, 5.0, -5.0, -10.0, 14.0, 1.0, -14.0, 8.0, -1.0, -8.0, 14.0, -14.0, 8.0, 7.0, -7.0, 7.0, -7.0, -8.0, 13.0, -12.0, 12.0, -13.0, 2.0, 13.0, -2.0, -13.0, 0.0]
Q: [0.0, 5.0, 15.0, 10.0, 15.0, 10.0, 0.0, 14.0, 15.0, 1.0, 9.0, 8.0, 0.0, 14.0, 0.0, 8.0, 15.0, 8.0, 15.0, 8.0, 0.0, 13.0, 1.0, 13.0, 0.0, 2.0, 15.0, 13.0, 0.0, 0.0]
B: [0.0, 24.0, 64.0, 67.14445448369, 72.47609381883, 82.10018525647, 84.97134181786, 109.70531270816, 137.15193918576, 148.43629694326, 169.0, 169.478878899097, 173.173257466597, 211.0, 265.00737440390003, 414.0, 417.40515271317, 426.59677634559, 438.43863059229, 465.06574688379, 467.99386607534996, 484.01359616044994, 492.8398339773199, 493.96152288249993, 505.9874109993999, 517.8416433658999, 524.6645563068699, 563.17629477707, 570.24622334814, 587.23642420044]
