Avion: 6      Iteracion: 46

Num Ruta: 46
Ingresos: 145200.0
Costos: 425.121849911
Utilidad Ruta: 144774.87815
Costo Reducido: 33.9879053133
Nodos: [106, 40, 85, 14, 59, 42, 3, 48, 23, 87, 35, 80, 68, 39, 84, 13, 58, 21, 38, 83, 66, 33, 27, 78, 72, 37, 82, 916]
q: [0.0, 15.0, -15.0, 8.0, -8.0, 5.0, 10.0, -10.0, 10.0, -5.0, 5.0, -5.0, -10.0, 8.0, -8.0, 15.0, -15.0, 13.0, 2.0, -2.0, -13.0, 9.0, 6.0, -9.0, -6.0, 15.0, -15.0, 0.0]
Q: [0.0, 15.0, 0.0, 8.0, 0.0, 5.0, 15.0, 5.0, 15.0, 10.0, 15.0, 10.0, 0.0, 8.0, 0.0, 15.0, 0.0, 13.0, 15.0, 13.0, 0.0, 9.0, 15.0, 6.0, 0.0, 15.0, 0.0, 0.0]
B: [0.0, 62.0, 94.5694417821, 123.1478437143, 135.1695554893, 239.0, 257.4606418632, 262.54492362172, 267.0, 304.0156388571, 308.07208865958, 327.98497205198, 340.60351753078, 388.0, 410.632187455, 423.0, 439.88315095, 477.0, 483.82291294097, 516.69179958167, 523.76172815274, 562.0, 578.4525909206, 585.6713442755799, 606.23813656318, 613.07410218627, 633.86875565777, 655.1681081596699]
