Avion: 6      Iteracion: 76

Num Ruta: 59
Ingresos: 33600.0
Costos: 70.8851534788
Utilidad Ruta: 33529.1148465
Costo Reducido: 0.802453795019
Nodos: [106, 40, 85, 41, 86, 916]
q: [0, 15.0, -15.0, 13.0, -13.0, 0]
Q: [0, 15.0, 0.0, 13.0, 0.0, 0]
B: [0.0, 62.0, 94.5694417821, 446.0, 466.0411203529, 473.59657136525]
