Avion: 3      Iteracion: 61

Num Ruta: 57
Ingresos: 44400.0
Costos: 182.437622324
Utilidad Ruta: 44217.5623777
Costo Reducido: 12.0281550277
Nodos: [103, 17, 62, 14, 59, 32, 43, 77, 88, 21, 66, 913]
q: [0, 5.0, -5.0, 8.0, -8.0, 6.0, 5.0, -6.0, -5.0, 13.0, -13.0, 0]
Q: [0, 5.0, 0.0, 8.0, 0.0, 6.0, 11.0, 5.0, 0.0, 13.0, 0.0, 0]
B: [0.0, 24.0, 58.8425537813, 112.0, 124.021711775, 422.0, 451.0, 474.5469186944, 488.3458735099, 495.62888092442, 536.36767160362, 553.35787245592]
