Avion: 4      Iteracion: 25

Num Ruta: 27
Ingresos: 141600.0
Costos: 410.900661155
Utilidad Ruta: 141189.099339
Costo Reducido: 121.711575654
Nodos: [104, 30, 16, 61, 75, 24, 69, 31, 76, 36, 81, 34, 79, 39, 28, 84, 73, 25, 43, 70, 88, 15, 60, 20, 4, 49, 65, 914]
q: [0.0, 4.0, 11.0, -11.0, -4.0, 14.0, -14.0, 6.0, -6.0, 15.0, -15.0, 12.0, -12.0, 7.0, 8.0, -7.0, -8.0, 10.0, 5.0, -10.0, -5.0, 11.0, -11.0, 10.0, 5.0, -5.0, -10.0, 0.0]
Q: [0.0, 4.0, 15.0, 4.0, 0.0, 14.0, 0.0, 6.0, 0.0, 15.0, 0.0, 12.0, 0.0, 7.0, 15.0, 8.0, 0.0, 10.0, 15.0, 5.0, 0.0, 11.0, 0.0, 10.0, 15.0, 10.0, 0.0, 0.0]
B: [0.0, 64.0, 72.20259129788, 81.82668273552001, 84.69783929691, 109.43181018721, 147.94476048971, 159.22911824721, 172.53473225031001, 251.0, 257.94814406874, 283.0, 323.947598037, 388.0, 399.3210123222, 412.3114993416, 448.3244104708, 451.65778908716, 465.71894785876, 478.75616938025996, 486.50534540097, 511.0, 527.4211666151, 533.55501866744, 543.83416970244, 564.25991938264, 576.12114263324, 620.0127471265399]
