Avion: 2      Iteracion: 26

Num Ruta: 24
Ingresos: 147600.0
Costos: 472.731168829
Utilidad Ruta: 147127.268831
Costo Reducido: 185.048982057
Nodos: [102, 12, 57, 10, 55, 1, 46, 3, 48, 18, 36, 81, 34, 63, 79, 28, 43, 73, 15, 88, 29, 60, 7, 52, 33, 74, 78, 912]
q: [0.0, 14.0, -14.0, 12.0, -12.0, 7.0, -7.0, 15.0, -15.0, 3.0, 12.0, -12.0, 12.0, -3.0, -12.0, 8.0, 5.0, -8.0, 10.0, -5.0, 5.0, -10.0, 10.0, -10.0, 10.0, -5.0, -10.0, 0.0]
Q: [0.0, 14.0, 0.0, 12.0, 0.0, 7.0, 0.0, 15.0, 0.0, 3.0, 15.0, 3.0, 15.0, 12.0, 0.0, 8.0, 13.0, 5.0, 15.0, 10.0, 15.0, 5.0, 15.0, 5.0, 15.0, 10.0, 0.0, 0.0]
B: [0.0, 54.0, 97.347924264, 106.06569462115, 135.58520535555, 175.0, 209.2400855285, 256.0, 261.08428175852, 293.0, 306.9670306436, 313.91517471234005, 327.63492270564007, 355.86696018084007, 371.0195898206401, 380.19977337000006, 451.0, 467.5718045185, 511.0, 521.2530082415, 549.0, 564.1378768657, 575.0426164316, 603.5839282444999, 613.04395446011, 621.89544614231, 637.30986202481, 658.8455483617099]
