Avion: 1      Iteracion: 90

Num Ruta: 67
Ingresos: 70800.0
Costos: 192.652941482
Utilidad Ruta: 70607.3470585
Costo Reducido: 8.76984601202
Nodos: [101, 16, 40, 61, 85, 14, 59, 3, 48, 45, 90, 7, 52, 911]
q: [0.0, 0.0, 15.0, 0.0, -15.0, 8.0, -8.0, 15.0, -15.0, 11.0, -11.0, 10.0, -10.0, 0.0]
Q: [0.0, 0.0, 15.0, 15.0, 0.0, 8.0, 0.0, 15.0, 0.0, 11.0, 0.0, 10.0, 0.0, 0.0]
B: [0.0, 36.0, 62.0, 93.64875845910001, 95.64130707833002, 124.21970901053001, 136.24142078553, 256.0, 261.08428175852, 371.0, 380.19162363242, 517.0, 545.5413118129, 563.506319578]
