Avion: 6      Iteracion: 48

Num Ruta: 48
Ingresos: 139200.0
Costos: 402.068935679
Utilidad Ruta: 138797.931064
Costo Reducido: 49.9626451436
Nodos: [106, 9, 54, 12, 57, 10, 55, 26, 71, 45, 90, 32, 19, 43, 64, 13, 77, 58, 88, 21, 38, 83, 66, 27, 72, 37, 82, 916]
q: [0.0, 11.0, -11.0, 14.0, -14.0, 12.0, -12.0, 13.0, -13.0, 11.0, -11.0, 6.0, 4.0, 5.0, -4.0, 4.0, -6.0, -4.0, -5.0, 13.0, 2.0, -2.0, -13.0, 6.0, -6.0, 15.0, -15.0, 0.0]
Q: [0.0, 11.0, 0.0, 14.0, 0.0, 12.0, 0.0, 13.0, 0.0, 11.0, 0.0, 6.0, 10.0, 15.0, 11.0, 15.0, 9.0, 5.0, 0.0, 13.0, 15.0, 13.0, 0.0, 6.0, 0.0, 15.0, 0.0, 0.0]
B: [0.0, 28.0, 57.5272370025, 68.3142737596, 111.6621980236, 120.37996838075, 149.89947911515, 300.0, 317.5792279694, 371.0, 380.19162363242, 422.0, 433.71491463899997, 451.0, 471.20454651800003, 475.43216582442005, 489.2743456022201, 493.3452959826601, 503.4008833349601, 510.6838907494801, 517.50680369045, 550.37569033115, 557.4456189022201, 570.6230670998201, 587.6539294679201, 594.4898950910101, 615.28454856251, 636.58390106441]
