Avion: 7      Iteracion: 4

Num Ruta: 7
Ingresos: 162000.0
Costos: 511.541208771
Utilidad Ruta: 161488.458791
Costo Reducido: 399269.495819
Nodos: [107, 40, 85, 14, 59, 31, 11, 76, 56, 36, 81, 35, 80, 45, 90, 25, 70, 39, 84, 5, 50, 15, 21, 60, 4, 27, 66, 72, 49, 33, 78, 917]
q: [0.0, 15.0, -15.0, 8.0, -8.0, 6.0, 8.0, -6.0, -8.0, 15.0, -15.0, 6.0, -6.0, 11.0, -11.0, 10.0, -10.0, 8.0, -8.0, 12.0, -12.0, 11.0, 4.0, -11.0, 5.0, 6.0, -4.0, -6.0, -5.0, 10.0, -10.0, 0.0]
Q: [0.0, 15.0, 0.0, 8.0, 0.0, 6.0, 14.0, 8.0, 0.0, 15.0, 0.0, 6.0, 0.0, 11.0, 0.0, 10.0, 0.0, 8.0, 0.0, 12.0, 0.0, 11.0, 15.0, 4.0, 9.0, 15.0, 11.0, 5.0, 0.0, 10.0, 0.0, 0.0]
B: [0.0, 62.0, 94.5694417821, 123.1478437143, 135.1695554893, 162.3816227022, 175.5643518961, 176.043230795197, 179.737609362697, 251.0, 257.94814406874, 308.86250452824004, 328.77538792064, 371.0, 380.19162363242, 410.0, 427.1849823101, 446.3261919114, 468.9583793664, 481.5229140971, 482.64460300228, 516.04679748108, 521.7190309917901, 532.51829911509, 538.0929783883801, 555.7077529256801, 568.8852011232801, 589.8519903385801, 595.2672488735001, 603.8387143258001, 627.1422255634001, 653.2154836068]
