Avion: 5      Iteracion: 7

Num Ruta: 10
Ingresos: 176400.0
Costos: 633.519088713
Utilidad Ruta: 175766.480911
Costo Reducido: 407502.273853
Nodos: [105, 17, 62, 16, 61, 24, 69, 14, 59, 44, 89, 36, 81, 18, 63, 28, 73, 39, 84, 5, 50, 15, 60, 20, 27, 72, 65, 37, 82, 915]
q: [0.0, 5.0, -5.0, 11.0, -11.0, 14.0, -14.0, 8.0, -8.0, 14.0, -14.0, 15.0, -15.0, 11.0, -11.0, 8.0, -8.0, 8.0, -8.0, 12.0, -12.0, 11.0, -11.0, 10.0, 5.0, -5.0, -10.0, 15.0, -15.0, 0.0]
Q: [0.0, 5.0, 0.0, 11.0, 0.0, 14.0, 0.0, 8.0, 0.0, 14.0, 0.0, 15.0, 0.0, 11.0, 0.0, 8.0, 0.0, 8.0, 0.0, 12.0, 0.0, 11.0, 0.0, 10.0, 15.0, 10.0, 0.0, 15.0, 0.0, 0.0]
B: [0.0, 24.0, 58.8425537813, 64.17419311644, 73.79828455408, 99.02448363357999, 137.53743393608, 166.18380323478, 178.20551500978, 216.80894637277999, 270.81632077667996, 310.02770729898, 316.97585136772, 337.85871163642, 361.67694788512, 378.0, 414.0266187839, 445.4560261757, 468.0882136307, 480.65274836140003, 481.77443726658004, 515.1766317453801, 531.59779836048, 537.73165041282, 561.22585429382, 578.25671666192, 594.4144824728199, 605.99200042792, 626.7866538994199, 651.8518318361199]
