Avion: 2      Iteracion: 36

Num Ruta: 31
Ingresos: 94800.0
Costos: 303.668331039
Utilidad Ruta: 94496.331669
Costo Reducido: 64.6062420793
Nodos: [102, 44, 42, 89, 35, 87, 26, 80, 71, 13, 58, 25, 70, 20, 4, 49, 65, 2, 47, 912]
q: [0.0, 10.0, 5.0, -10.0, 6.0, -5.0, 9.0, -6.0, -9.0, 15.0, -15.0, 10.0, -10.0, 10.0, 5.0, -5.0, -10.0, 9.0, -9.0, 0.0]
Q: [0.0, 10.0, 15.0, 5.0, 11.0, 6.0, 15.0, 9.0, 0.0, 15.0, 0.0, 10.0, 0.0, 10.0, 15.0, 10.0, 0.0, 9.0, 0.0, 0.0]
B: [0.0, 211.0, 239.0, 276.4881823646, 296.9043957745, 300.96084557698003, 307.85632416806004, 317.14932954845005, 326.97114531744006, 423.0, 439.88315095, 463.8957169312, 481.0806992413, 496.0, 529.0, 549.4257496801999, 561.2869729308, 568.6172701962599, 609.35223224366, 635.2830759630599]
