Avion: 7      Iteracion: 38

Num Ruta: 34
Ingresos: 132000.0
Costos: 425.593757946
Utilidad Ruta: 131574.406242
Costo Reducido: 82.3016426645
Nodos: [107, 9, 54, 12, 57, 1, 11, 56, 42, 46, 23, 87, 26, 68, 71, 22, 67, 45, 90, 32, 8, 53, 77, 20, 4, 49, 65, 917]
q: [0.0, 11.0, -11.0, 14.0, -14.0, 7.0, 8.0, -8.0, 5.0, -7.0, 10.0, -5.0, 5.0, -10.0, -5.0, 10.0, -10.0, 11.0, -11.0, 6.0, 8.0, -8.0, -6.0, 10.0, 5.0, -5.0, -10.0, 0.0]
Q: [0.0, 11.0, 0.0, 14.0, 0.0, 7.0, 15.0, 7.0, 12.0, 5.0, 15.0, 10.0, 15.0, 5.0, 0.0, 10.0, 0.0, 11.0, 0.0, 6.0, 14.0, 6.0, 0.0, 10.0, 15.0, 10.0, 0.0, 0.0]
B: [0.0, 28.0, 57.5272370025, 68.3142737596, 111.6621980236, 175.0, 193.6808285951, 197.73489544211, 239.0, 264.0626014013, 268.8931248719, 305.908763729, 312.80424232008, 332.49061509418, 335.55768747676, 349.19186812686, 370.94655426576, 382.70922849406, 391.90085212648, 422.0, 433.4468981388, 454.2152947548, 470.2643934834, 496.0, 529.0, 549.4257496801999, 561.2869729308, 574.1676239236999]
