Avion: 6      Iteracion: 12

Num Ruta: 14
Ingresos: 55200.0
Costos: 197.710225475
Utilidad Ruta: 55002.2897745
Costo Reducido: 61159.5511171
Nodos: [106, 24, 69, 13, 58, 8, 53, 2, 47, 916]
q: [0, 14.0, -14.0, 15.0, -15.0, 8.0, -8.0, 9.0, -9.0, 0]
Q: [0, 14.0, 0.0, 15.0, 0.0, 8.0, 0.0, 9.0, 0.0, 0]
B: [0.0, 61.0, 99.5129503025, 423.0, 439.88315095, 473.0543964648, 493.8227930808, 522.0, 562.7349620474, 576.5836524187]
