Avion: 1      Iteracion: 3

Num Ruta: 7
Ingresos: 168000.0
Costos: 498.480595629
Utilidad Ruta: 167501.519404
Costo Reducido: 207282.443698
Nodos: [101, 16, 61, 12, 57, 31, 14, 59, 76, 11, 56, 1, 46, 3, 48, 42, 87, 45, 90, 19, 8, 64, 53, 13, 58, 5, 50, 41, 86, 911]
q: [0, 11.0, -11.0, 14.0, -14.0, 6.0, 8.0, -8.0, -6.0, 8.0, -8.0, 7.0, -7.0, 15.0, -15.0, 5.0, -5.0, 11.0, -11.0, 7.0, 8.0, -7.0, -8.0, 15.0, -15.0, 12.0, -12.0, 13.0, -13.0, 0]
Q: [0, 11.0, 0.0, 14.0, 0.0, 6.0, 14.0, 6.0, 0.0, 8.0, 0.0, 7.0, 0.0, 15.0, 0.0, 5.0, 0.0, 11.0, 0.0, 7.0, 15.0, 8.0, 0.0, 15.0, 0.0, 12.0, 0.0, 13.0, 0.0, 0]
B: [0.0, 36.0, 45.624091437640004, 79.57799432084, 122.92591858484, 143.84325197134, 161.36293438854, 173.38464616354, 202.45020313394, 202.929082033037, 206.983148880047, 229.652600417347, 263.892685945847, 270.989237855047, 276.073519613567, 297.698821299367, 345.748655950467, 375.035355201167, 384.226978833587, 402.0, 425.1608815463, 443.1178409771, 446.04596016866, 448.25663630956996, 465.13978725956997, 492.40407036037, 493.52575926555, 502.35199708242, 522.3931174353199, 535.09747200372]
