Avion: 5      Iteracion: 39

Num Ruta: 41
Ingresos: 88800.0
Costos: 355.876273744
Utilidad Ruta: 88444.1237263
Costo Reducido: 60.62146954
Nodos: [105, 1, 31, 76, 42, 46, 23, 87, 35, 80, 68, 39, 84, 6, 51, 2, 47, 29, 74, 33, 78, 915]
q: [0.0, 7.0, 6.0, -6.0, 5.0, -7.0, 9.0, -5.0, 6.0, -6.0, -9.0, 8.0, -8.0, 5.0, -5.0, 9.0, -9.0, 9.0, -9.0, 10.0, -10.0, 0.0]
Q: [0.0, 7.0, 13.0, 7.0, 12.0, 5.0, 14.0, 9.0, 15.0, 9.0, 0.0, 8.0, 0.0, 5.0, 0.0, 9.0, 0.0, 9.0, 0.0, 10.0, 0.0, 0.0]
B: [0.0, 175.0, 183.89376197118, 197.19937597428, 239.0, 264.0626014013, 268.8931248719, 305.908763729, 309.96521353148, 329.87809692388, 342.49664240268, 388.0, 410.632187455, 436.0, 439.69228939819, 522.0, 562.7349620474, 572.53970258451, 606.31948236471, 615.17097404691, 638.47448528451, 654.70707722171]
