Avion: 5      Iteracion: 24

Num Ruta: 26
Ingresos: 109200.0
Costos: 326.152091363
Utilidad Ruta: 108873.847909
Costo Reducido: 91.7466142384
Nodos: [105, 10, 55, 3, 48, 23, 18, 63, 68, 22, 67, 45, 90, 43, 21, 88, 15, 60, 38, 83, 66, 915]
q: [0.0, 12.0, -12.0, 15.0, -15.0, 10.0, 5.0, -5.0, -10.0, 10.0, -10.0, 11.0, -11.0, 5.0, 7.0, -5.0, 8.0, -8.0, 8.0, -8.0, -7.0, 0.0]
Q: [0.0, 12.0, 0.0, 15.0, 0.0, 10.0, 15.0, 10.0, 0.0, 10.0, 0.0, 11.0, 0.0, 5.0, 12.0, 7.0, 15.0, 7.0, 15.0, 7.0, 0.0, 0.0]
B: [0.0, 96.0, 125.5195107344, 256.0, 261.08428175852, 267.0, 293.0, 316.8182362487, 326.74376782137, 342.50019181287, 364.25487795177, 376.01755218007, 385.20917581249, 451.0, 477.0, 484.28300741452, 511.0, 527.4211666151, 531.5084323270399, 564.3773189677399, 571.44724753881, 603.48377325561]
