Avion: 4      Iteracion: 43

Num Ruta: 44
Ingresos: 100800.0
Costos: 386.13881314
Utilidad Ruta: 100413.861187
Costo Reducido: 19.6904761841
Nodos: [104, 30, 75, 16, 61, 14, 59, 42, 44, 89, 87, 41, 86, 32, 43, 77, 88, 20, 7, 52, 65, 914]
q: [0.0, 11.0, -11.0, 11.0, -11.0, 8.0, -8.0, 5.0, 10.0, -10.0, -5.0, 13.0, -13.0, 6.0, 5.0, -6.0, -5.0, 10.0, 5.0, -5.0, -10.0, 0.0]
Q: [0.0, 11.0, 0.0, 11.0, 0.0, 8.0, 0.0, 5.0, 15.0, 5.0, 0.0, 13.0, 0.0, 6.0, 11.0, 5.0, 0.0, 10.0, 15.0, 10.0, 0.0, 0.0]
B: [0.0, 64.0, 82.7140226568, 93.53069441849999, 103.15478585614, 129.94109036054, 141.96280213554, 239.0, 261.4203115277, 315.42768593159997, 333.0557924947, 446.0, 466.0411203529, 474.43811338612, 481.6509489589, 505.1978676533, 518.9968224688, 527.93705154864, 536.6800059692, 565.2213177821, 578.1850023277999, 622.0766068210999]
