Avion: 1      Iteracion: 4

Num Ruta: 8
Ingresos: 134400.0
Costos: 451.134046252
Utilidad Ruta: 133948.865954
Costo Reducido: 322180.844579
Nodos: [101, 12, 24, 57, 69, 31, 14, 59, 76, 11, 56, 36, 81, 35, 80, 18, 63, 45, 90, 19, 8, 64, 53, 6, 51, 5, 50, 911]
q: [0.0, 14.0, 1.0, -14.0, -1.0, 6.0, 8.0, -8.0, -6.0, 8.0, -8.0, 15.0, -15.0, 6.0, -6.0, 11.0, -11.0, 11.0, -11.0, 7.0, 8.0, -7.0, -8.0, 5.0, -5.0, 12.0, -12.0, 0.0]
Q: [0.0, 14.0, 15.0, 1.0, 0.0, 6.0, 14.0, 6.0, 0.0, 8.0, 0.0, 15.0, 0.0, 6.0, 0.0, 11.0, 0.0, 11.0, 0.0, 7.0, 15.0, 8.0, 0.0, 5.0, 0.0, 12.0, 0.0, 0.0]
B: [0.0, 54.0, 70.84782742670001, 112.4021086622, 128.3343462326, 139.61870399010002, 157.1383864073, 169.1600981823, 198.2256551527, 198.704534051797, 202.758600898807, 251.0, 257.94814406874, 308.86250452824004, 328.77538792064, 351.66624131234, 375.48447756103997, 404.03286361003995, 413.22448724245993, 425.0663414891599, 448.22722303545993, 466.1841824662599, 469.1123016578199, 478.30297328724987, 481.99526268543985, 500.38412290023984, 501.50581180541985, 516.5475370389198]
