Avion: 3      Iteracion: 17

Num Ruta: 21
Ingresos: 42000.0
Costos: 169.995257878
Utilidad Ruta: 41830.0047421
Costo Reducido: 128.672576968
Nodos: [103, 18, 63, 22, 67, 32, 38, 77, 83, 913]
q: [0, 11.0, -11.0, 10.0, -10.0, 6.0, 8.0, -6.0, -8.0, 0]
Q: [0, 11.0, 0.0, 10.0, 0.0, 6.0, 14.0, 8.0, 0.0, 0]
B: [0.0, 293.0, 316.8182362487, 332.3010836612, 354.0557698001, 422.0, 480.0, 495.0304472322, 517.0265259964, 526.9905013576699]
