Avion: 3      Iteracion: 53

Num Ruta: 51
Ingresos: 22800.0
Costos: 105.745208596
Utilidad Ruta: 22694.2547914
Costo Reducido: 26.5474516309
Nodos: [103, 17, 62, 32, 38, 77, 83, 913]
q: [0, 5.0, -5.0, 6.0, 8.0, -6.0, -8.0, 0]
Q: [0, 5.0, 0.0, 6.0, 14.0, 8.0, 0.0, 0]
B: [0.0, 24.0, 58.8425537813, 422.0, 480.0, 495.0304472322, 517.0265259964, 526.9905013576699]
