Avion: 3      Iteracion: 27

Num Ruta: 30
Ingresos: 127200.0
Costos: 392.465599082
Utilidad Ruta: 126807.534401
Costo Reducido: 61.3290271383
Nodos: [103, 17, 30, 62, 16, 61, 75, 31, 76, 14, 59, 3, 48, 23, 68, 26, 71, 22, 67, 7, 27, 52, 2, 72, 47, 913]
q: [0.0, 5.0, 10.0, -5.0, 5.0, -5.0, -10.0, 6.0, -6.0, 8.0, -8.0, 15.0, -15.0, 10.0, -10.0, 13.0, -13.0, 10.0, -10.0, 9.0, 6.0, -9.0, 9.0, -6.0, -9.0, 0.0]
Q: [0.0, 5.0, 15.0, 10.0, 15.0, 10.0, 0.0, 6.0, 0.0, 8.0, 0.0, 15.0, 0.0, 10.0, 0.0, 13.0, 0.0, 10.0, 0.0, 9.0, 15.0, 6.0, 15.0, 9.0, 0.0, 0.0]
B: [0.0, 24.0, 64.0, 67.14445448369, 72.47609381883, 82.10018525647, 84.97134181786, 130.0, 143.3056140031, 160.3516205736, 172.3733323486, 256.0, 261.08428175852, 267.0, 306.733842905, 326.4202156791, 343.9994436485, 357.6336242986, 379.3883104375, 517.0, 544.6633233723, 560.5030982444, 570.633266703, 582.0853397904, 611.4258701367, 647.4708067853]
