Avion: 4      Iteracion: 20

Num Ruta: 23
Ingresos: 91200.0
Costos: 367.353268708
Utilidad Ruta: 90832.6467313
Costo Reducido: 277.737060993
Nodos: [104, 14, 59, 42, 23, 87, 35, 80, 68, 8, 53, 25, 70, 43, 15, 88, 60, 7, 4, 52, 49, 914]
q: [0.0, 8.0, -8.0, 5.0, 10.0, -5.0, 5.0, -5.0, -10.0, 8.0, -8.0, 10.0, -10.0, 5.0, 10.0, -5.0, -10.0, 10.0, 5.0, -10.0, -5.0, 0.0]
Q: [0.0, 8.0, 0.0, 5.0, 15.0, 10.0, 15.0, 10.0, 0.0, 8.0, 0.0, 10.0, 0.0, 5.0, 15.0, 10.0, 0.0, 10.0, 15.0, 5.0, 0.0, 0.0]
B: [0.0, 112.0, 124.021711775, 239.0, 267.0, 304.0156388571, 308.07208865958, 327.98497205198, 340.60351753078, 414.0, 434.768396616, 468.12895782230004, 485.31394013240003, 498.3511616539, 512.1179636064, 522.3709718479, 534.9125317589001, 545.8172713248, 556.1806446173, 575.453005604, 576.61337968161, 610.50569754271]
