Avion: 4      Iteracion: 36

Num Ruta: 38
Ingresos: 67200.0
Costos: 174.914610841
Utilidad Ruta: 67025.0853892
Costo Reducido: 12.9691977365
Nodos: [104, 31, 11, 76, 56, 34, 79, 6, 51, 5, 50, 41, 86, 914]
q: [0, 6.0, 8.0, -6.0, -8.0, 12.0, -12.0, 5.0, -5.0, 12.0, -12.0, 13.0, -13.0, 0]
Q: [0, 6.0, 14.0, 8.0, 0.0, 12.0, 0.0, 5.0, 0.0, 12.0, 0.0, 13.0, 0.0, 0]
B: [0.0, 130.0, 169.0, 169.478878899097, 173.173257466597, 283.0, 323.947598037, 436.0, 439.69228939819, 469.0, 470.12168890518, 478.94792672205, 498.98904707495, 529.47492946335]
