Avion: 7      Iteracion: 37

Num Ruta: 33
Ingresos: 118800.0
Costos: 382.69379208
Utilidad Ruta: 118417.306208
Costo Reducido: 53.2889042539
Nodos: [107, 30, 75, 10, 55, 1, 46, 23, 68, 22, 67, 45, 90, 32, 8, 53, 13, 77, 58, 20, 7, 52, 65, 917]
q: [0.0, 11.0, -11.0, 12.0, -12.0, 7.0, -7.0, 10.0, -10.0, 10.0, -10.0, 11.0, -11.0, 6.0, 8.0, -8.0, 9.0, -6.0, -9.0, 10.0, 5.0, -5.0, -10.0, 0.0]
Q: [0.0, 11.0, 0.0, 12.0, 0.0, 7.0, 0.0, 10.0, 0.0, 10.0, 0.0, 11.0, 0.0, 6.0, 14.0, 6.0, 15.0, 9.0, 0.0, 10.0, 15.0, 10.0, 0.0, 0.0]
B: [0.0, 64.0, 82.7140226568, 101.4070729429, 130.92658367730002, 175.0, 209.2400855285, 267.0, 306.733842905, 322.49026689650003, 344.24495303540004, 371.0, 380.19162363242, 422.0, 433.4468981388, 454.2152947548, 456.42597089571, 470.26815067351004, 474.33910105395006, 496.0, 517.0, 545.5413118129, 558.5049963585999, 571.3856473514999]
