Avion: 5      Iteracion: 11

Num Ruta: 14
Ingresos: 72000.0
Costos: 317.613030441
Utilidad Ruta: 71682.3869696
Costo Reducido: 62579.2251078
Nodos: [105, 9, 54, 23, 68, 26, 71, 25, 8, 53, 70, 15, 60, 915]
q: [0.0, 11.0, -11.0, 10.0, -10.0, 13.0, -13.0, 7.0, 8.0, -8.0, -7.0, 11.0, -11.0, 0.0]
Q: [0.0, 11.0, 0.0, 10.0, 0.0, 13.0, 0.0, 7.0, 15.0, 7.0, 0.0, 11.0, 0.0, 0.0]
B: [0.0, 44.8876461401, 74.4148831426, 267.0, 306.733842905, 326.4202156791, 343.9994436485, 410.0, 441.9648793835, 462.7332759995, 480.3412760279, 511.0, 527.4211666151, 532.20771547623]
