Avion: 1      Iteracion: 35

Num Ruta: 34
Ingresos: 61200.0
Costos: 168.227186645
Utilidad Ruta: 61031.7728134
Costo Reducido: 22.485815176
Nodos: [101, 9, 54, 40, 85, 41, 86, 5, 50, 911]
q: [0, 11.0, -11.0, 15.0, -15.0, 13.0, -13.0, 12.0, -12.0, 0]
Q: [0, 11.0, 0.0, 15.0, 0.0, 13.0, 0.0, 12.0, 0.0, 0]
B: [0.0, 28.0, 57.5272370025, 86.4860319533, 119.0554737354, 446.0, 466.0411203529, 478.0670084698, 479.18869737498, 494.23042260848]
