Avion: 1      Iteracion: 11

Num Ruta: 14
Ingresos: 151200.0
Costos: 506.122107176
Utilidad Ruta: 150693.877893
Costo Reducido: 99407.6562103
Nodos: [101, 9, 54, 24, 69, 14, 59, 42, 3, 48, 23, 68, 35, 87, 26, 80, 71, 45, 90, 25, 70, 8, 53, 41, 50, 5, 86, 15, 60, 911]
q: [0.0, 11.0, -11.0, 14.0, -14.0, 8.0, -8.0, 5.0, 10.0, -10.0, 10.0, -10.0, 6.0, -5.0, 9.0, -6.0, -9.0, 11.0, -11.0, 10.0, -10.0, 8.0, -8.0, 13.0, 0.0, 0.0, -13.0, 11.0, -11.0, 0.0]
Q: [0.0, 11.0, 0.0, 14.0, 0.0, 8.0, 0.0, 5.0, 15.0, 5.0, 15.0, 5.0, 11.0, 6.0, 15.0, 9.0, 0.0, 11.0, 0.0, 10.0, 0.0, 8.0, 0.0, 13.0, 13.0, 13.0, 0.0, 11.0, 0.0, 0.0]
B: [0.0, 28.0, 57.5272370025, 81.6674868976, 120.1804372001, 148.8268064988, 160.8485182738, 239.0, 257.4606418632, 262.54492362172, 267.0, 306.733842905, 336.2538785588, 340.31032836128, 347.20580695236004, 356.49881233275005, 366.32062810174006, 389.84678052834005, 399.03840416076, 420.06461903646004, 437.24960134656004, 463.07020120406, 483.83859782006004, 499.85832790516, 508.68456572203, 509.80625462721, 521.83214274411, 544.42201580701, 560.84318242211, 569.1739361095]
