Avion: 5      Iteracion: 42

Num Ruta: 44
Ingresos: 124800.0
Costos: 454.078112942
Utilidad Ruta: 124345.921887
Costo Reducido: 2.30338403591
Nodos: [105, 17, 62, 9, 54, 42, 3, 48, 23, 87, 35, 80, 68, 28, 25, 73, 19, 64, 70, 20, 38, 83, 27, 72, 65, 37, 82, 915]
q: [0.0, 5.0, -5.0, 11.0, -11.0, 5.0, 10.0, -10.0, 9.0, -5.0, 6.0, -6.0, -9.0, 8.0, 7.0, -8.0, 7.0, -7.0, -7.0, 9.0, 6.0, -6.0, 6.0, -6.0, -9.0, 15.0, -15.0, 0.0]
Q: [0.0, 5.0, 0.0, 11.0, 0.0, 5.0, 15.0, 5.0, 14.0, 9.0, 15.0, 9.0, 0.0, 8.0, 15.0, 7.0, 14.0, 7.0, 0.0, 9.0, 15.0, 9.0, 15.0, 9.0, 0.0, 15.0, 0.0, 0.0]
B: [0.0, 24.0, 58.8425537813, 81.72911018459999, 111.25634718709999, 239.0, 257.4606418632, 262.54492362172, 267.0, 304.0156388571, 308.07208865958, 327.98497205198, 340.60351753078, 378.0, 414.5748134377, 417.90819205406, 430.44398532776, 457.07110161926, 473.85795805516, 496.0, 498.08106943661, 530.9499560773099, 542.48568340591, 559.51654577401, 575.6743115849099, 587.2518295400099, 608.04648301151, 633.11166094821]
