Avion: 3      Iteracion: 75

Num Ruta: 66
Ingresos: 37200.0
Costos: 171.186136051
Utilidad Ruta: 37028.8138639
Costo Reducido: 0.721946111596
Nodos: [103, 17, 62, 24, 69, 34, 79, 913]
q: [0, 5.0, -5.0, 14.0, -14.0, 12.0, -12.0, 0]
Q: [0, 5.0, 0.0, 14.0, 0.0, 12.0, 0.0, 0]
B: [0.0, 24.0, 58.8425537813, 75.400837086, 113.9137873885, 283.0, 323.947598037, 333.98216549159997]
