Avion: 3      Iteracion: 16

Num Ruta: 20
Ingresos: 156000.0
Costos: 526.241717322
Utilidad Ruta: 155473.758283
Costo Reducido: 489.726508387
Nodos: [103, 12, 57, 30, 75, 1, 46, 3, 48, 36, 81, 34, 79, 39, 84, 6, 51, 41, 86, 43, 88, 21, 4, 66, 33, 49, 78, 913]
q: [0.0, 14.0, -14.0, 11.0, -11.0, 7.0, -7.0, 15.0, -15.0, 15.0, -15.0, 12.0, -12.0, 8.0, -8.0, 5.0, -5.0, 13.0, -13.0, 5.0, -5.0, 10.0, 5.0, -10.0, 10.0, -5.0, -10.0, 0.0]
Q: [0.0, 14.0, 0.0, 11.0, 0.0, 7.0, 0.0, 15.0, 0.0, 15.0, 0.0, 12.0, 0.0, 8.0, 0.0, 5.0, 0.0, 13.0, 0.0, 5.0, 0.0, 10.0, 15.0, 5.0, 15.0, 10.0, 0.0, 0.0]
B: [0.0, 54.0, 97.347924264, 122.72227077779999, 141.4362934346, 175.0, 209.2400855285, 256.0, 261.08428175852, 296.00374706082, 302.95189112956, 316.67163912286003, 357.61923715986, 388.0, 410.632187455, 436.0, 439.69228939819, 458.80900930509, 478.85012965799, 489.21627498789, 506.47859609489, 513.76160350941, 529.0, 558.169797411, 568.3253423496, 576.8968078019, 598.4347219069999, 617.2734607182999]
