Avion: 7      Iteracion: 89

Num Ruta: 57
Ingresos: 69600.0
Costos: 209.702487807
Utilidad Ruta: 69390.2975122
Costo Reducido: 16.6329358473
Nodos: [107, 12, 57, 6, 51, 41, 86, 15, 60, 20, 7, 52, 65, 917]
q: [0.0, 14.0, -14.0, 5.0, -5.0, 13.0, -13.0, 11.0, -11.0, 10.0, 5.0, -5.0, -10.0, 0.0]
Q: [0.0, 14.0, 0.0, 5.0, 0.0, 13.0, 0.0, 11.0, 0.0, 10.0, 15.0, 10.0, 0.0, 0.0]
B: [0.0, 54.0, 97.347924264, 436.0, 439.69228939819, 458.80900930509, 478.85012965799, 511.0, 527.4211666151, 533.55501866744, 542.2979730879999, 570.8392849008999, 583.8029694465998, 596.6836204394998]
