Avion: 1      Iteracion: 56

Num Ruta: 54
Ingresos: 75600.0
Costos: 212.203078667
Utilidad Ruta: 75387.7969213
Costo Reducido: 6.25892686163
Nodos: [101, 14, 59, 3, 48, 23, 18, 63, 68, 21, 38, 83, 66, 33, 78, 911]
q: [0.0, 8.0, -8.0, 15.0, -15.0, 4.0, 11.0, -11.0, -4.0, 13.0, 2.0, -2.0, -13.0, 10.0, -10.0, 0.0]
Q: [0.0, 8.0, 0.0, 15.0, 0.0, 4.0, 15.0, 4.0, 0.0, 13.0, 15.0, 13.0, 0.0, 10.0, 0.0, 0.0]
B: [0.0, 112.0, 124.021711775, 256.0, 261.08428175852, 267.0, 293.0, 316.8182362487, 326.74376782137, 477.0, 483.82291294097, 516.69179958167, 523.76172815274, 562.0, 585.3035112376, 590.98027404751]
