Avion: 3      Iteracion: 9

Num Ruta: 13
Ingresos: 141600.0
Costos: 576.093743005
Utilidad Ruta: 141023.906257
Costo Reducido: 199688.164847
Nodos: [103, 17, 30, 62, 16, 61, 75, 40, 85, 44, 89, 3, 48, 18, 63, 22, 67, 25, 70, 8, 53, 2, 7, 52, 47, 913]
q: [0.0, 5.0, 4.0, -5.0, 11.0, -11.0, -4.0, 15.0, -15.0, 14.0, -14.0, 15.0, -15.0, 11.0, -11.0, 10.0, -10.0, 10.0, -10.0, 8.0, -8.0, 9.0, 6.0, -6.0, -9.0, 0.0]
Q: [0.0, 5.0, 9.0, 4.0, 15.0, 4.0, 0.0, 15.0, 0.0, 14.0, 0.0, 15.0, 0.0, 11.0, 0.0, 10.0, 0.0, 10.0, 0.0, 8.0, 0.0, 9.0, 15.0, 9.0, 0.0, 0.0]
B: [0.0, 24.0, 64.0, 67.14445448369, 72.47609381883, 82.10018525647, 84.97134181786, 115.78119589085999, 148.35063767295998, 211.0, 265.00737440390003, 287.39410424550005, 292.47838600402, 313.51739515372003, 337.33563140242, 352.81847881492, 374.57316495382, 410.0, 427.1849823101, 453.0055821676, 473.7739787836, 522.0, 557.1577733226, 585.6990851354999, 617.7752482788999, 653.8201849274999]
