Avion: 4      Iteracion: 1

Num Ruta: 5
Ingresos: 200400.0
Costos: 603.093425472
Utilidad Ruta: 199796.906575
Costo Reducido: 249930.14122
Nodos: [104, 16, 61, 30, 75, 40, 85, 31, 76, 44, 89, 23, 68, 26, 71, 45, 90, 25, 70, 13, 58, 41, 50, 5, 86, 15, 60, 7, 4, 52, 49, 914]
q: [0.0, 11.0, -11.0, 11.0, -11.0, 15.0, -15.0, 6.0, -6.0, 14.0, -14.0, 10.0, -10.0, 13.0, -13.0, 11.0, -11.0, 10.0, -10.0, 15.0, -15.0, 13.0, -12.0, 12.0, -13.0, 11.0, -11.0, 10.0, 5.0, -10.0, -5.0, 0.0]
Q: [0.0, 11.0, 0.0, 11.0, 0.0, 15.0, 0.0, 6.0, 0.0, 14.0, 0.0, 10.0, 0.0, 13.0, 0.0, 11.0, 0.0, 10.0, 0.0, 15.0, 0.0, 13.0, 1.0, 13.0, 0.0, 11.0, 0.0, 10.0, 15.0, 5.0, 0.0, 0.0]
B: [0.0, 36.0, 45.624091437640004, 64.0, 82.7140226568, 113.5238767298, 146.0933185119, 169.4318075161, 182.7374215192, 211.0, 265.00737440390003, 285.83796549010003, 325.57180839510005, 345.25818116920004, 362.83740913860004, 386.36356156520003, 395.55518519762, 416.58140007332, 433.76638238342, 449.76744284832, 466.65059379832, 501.45654508542003, 510.28278290229, 511.40447180747003, 523.43035992437, 546.02023298727, 562.44139960237, 573.3461391682699, 583.7095124607699, 602.98187344747, 604.1422475250799, 638.0345653861799]
