Avion: 4      Iteracion: 0

Num Ruta: 1
Ingresos: 108000.0
Costos: 376.108126985
Utilidad Ruta: 107623.891873
Costo Reducido: -
Nodos: [104, 17, 62, 3, 48, 36, 81, 34, 79, 28, 73, 25, 70, 13, 58, 20, 65, 914]
q: [0, 5.0, -5.0, 15.0, -15.0, 15.0, -15.0, 12.0, -12.0, 8.0, -8.0, 10.0, -10.0, 15.0, -15.0, 10.0, -10.0, 0]
Q: [0, 5.0, 0.0, 15.0, 0.0, 15.0, 0.0, 12.0, 0.0, 8.0, 0.0, 10.0, 0.0, 15.0, 0.0, 10.0, 0.0, 0]
B: [0.0, 26.5094038032, 61.3519575845, 256.0, 261.08428175852, 296.00374706082, 302.95189112956, 316.67163912286003, 357.61923715986, 378.0, 414.0266187839, 417.35999740026, 434.54497971036, 450.54604017526, 467.42919112526, 496.0, 538.1771424471, 582.0687469403999]
