Avion: 7      Iteracion: 59

Num Ruta: 48
Ingresos: 69600.0
Costos: 266.732552109
Utilidad Ruta: 69333.2674479
Costo Reducido: 2.6783388248
Nodos: [107, 24, 69, 44, 89, 5, 50, 2, 47, 29, 74, 917]
q: [0, 14.0, -14.0, 14.0, -14.0, 12.0, -12.0, 9.0, -9.0, 9.0, -9.0, 0]
Q: [0, 14.0, 0.0, 14.0, 0.0, 12.0, 0.0, 9.0, 0.0, 9.0, 0.0, 0]
B: [0.0, 61.0, 99.5129503025, 211.0, 265.00737440390003, 469.0, 470.12168890518, 522.0, 562.7349620474, 572.53970258451, 606.31948236471, 625.29008615061]
