Avion: 1      Iteracion: 0

Num Ruta: 1
Ingresos: 92400.0
Costos: 352.964065218
Utilidad Ruta: 92047.0359348
Costo Reducido: -
Nodos: [101, 9, 54, 40, 85, 14, 59, 42, 87, 5, 50, 41, 86, 21, 66, 911]
q: [0, 11.0, -11.0, 15.0, -15.0, 8.0, -8.0, 5.0, -5.0, 12.0, -12.0, 13.0, -13.0, 13.0, -13.0, 0]
Q: [0, 11.0, 0.0, 15.0, 0.0, 8.0, 0.0, 5.0, 0.0, 12.0, 0.0, 13.0, 0.0, 13.0, 0.0, 0]
B: [0.0, 28.0, 57.5272370025, 86.4860319533, 119.0554737354, 147.6338756676, 159.6555874426, 239.0, 287.0498346511, 469.0, 470.12168890518, 478.94792672205, 498.98904707495, 516.85210403615, 557.5908947153499, 579.78905475175]
