Avion: 6      Iteracion: 52

Num Ruta: 50
Ingresos: 102000.0
Costos: 267.941586711
Utilidad Ruta: 101732.058413
Costo Reducido: 40.5937757999
Nodos: [106, 9, 54, 14, 59, 45, 90, 43, 25, 70, 88, 15, 7, 60, 20, 52, 65, 37, 82, 916]
q: [0.0, 11.0, -11.0, 8.0, -8.0, 11.0, -11.0, 5.0, 10.0, -10.0, -5.0, 10.0, 5.0, -10.0, 10.0, -5.0, -10.0, 15.0, -15.0, 0.0]
Q: [0.0, 11.0, 0.0, 8.0, 0.0, 11.0, 0.0, 5.0, 15.0, 5.0, 0.0, 10.0, 15.0, 5.0, 15.0, 10.0, 0.0, 15.0, 0.0, 0.0]
B: [0.0, 28.0, 57.5272370025, 112.0, 124.021711775, 371.0, 380.19162363242, 451.0, 465.0611587716, 482.2461410817, 489.99531710241, 511.0, 524.7672641436, 535.6720037094999, 541.8058557618399, 571.0518631474399, 584.0155476931399, 595.5930656482399, 616.3877191197398, 637.6870716216398]
