Avion: 6      Iteracion: 54

Num Ruta: 51
Ingresos: 120000.0
Costos: 319.510739722
Utilidad Ruta: 119680.48926
Costo Reducido: 23.4185921287
Nodos: [106, 24, 69, 1, 31, 76, 11, 56, 42, 46, 3, 48, 23, 87, 26, 71, 68, 6, 51, 27, 7, 72, 52, 37, 82, 916]
q: [0.0, 14.0, -14.0, 7.0, 6.0, -6.0, 8.0, -8.0, 5.0, -7.0, 10.0, -10.0, 10.0, -5.0, 5.0, -5.0, -10.0, 5.0, -5.0, 5.0, 10.0, -5.0, -10.0, 15.0, -15.0, 0.0]
Q: [0.0, 14.0, 0.0, 7.0, 13.0, 7.0, 15.0, 7.0, 12.0, 5.0, 15.0, 5.0, 15.0, 10.0, 15.0, 10.0, 0.0, 5.0, 0.0, 5.0, 15.0, 10.0, 0.0, 15.0, 0.0, 0.0]
B: [0.0, 61.0, 99.5129503025, 175.0, 183.89376197118, 197.19937597428, 197.678254873377, 201.732321720387, 239.0, 264.0626014013, 271.1591533105, 276.24343506902, 279.60592239242, 316.62156124951997, 323.5170398406, 341.09626781, 344.16334019258, 436.0, 439.69228939819, 538.0, 565.6633233723, 590.3878382715001, 594.78775883896, 601.96057035189, 622.75522382339, 644.05457632529]
