Avion: 5      Iteracion: 3

Num Ruta: 7
Ingresos: 144000.0
Costos: 513.113690403
Utilidad Ruta: 143486.88631
Costo Reducido: 293416.950486
Nodos: [105, 16, 61, 12, 57, 3, 48, 42, 22, 87, 67, 45, 90, 19, 8, 64, 53, 41, 86, 20, 65, 33, 78, 27, 72, 915]
q: [0, 11.0, -11.0, 14.0, -14.0, 15.0, -15.0, 5.0, 10.0, -5.0, -10.0, 11.0, -11.0, 7.0, 8.0, -7.0, -8.0, 13.0, -13.0, 10.0, -10.0, 10.0, -10.0, 6.0, -6.0, 0]
Q: [0, 11.0, 0.0, 14.0, 0.0, 15.0, 0.0, 5.0, 15.0, 10.0, 0.0, 11.0, 0.0, 7.0, 15.0, 8.0, 0.0, 13.0, 0.0, 10.0, 0.0, 10.0, 0.0, 6.0, 0.0, 0]
B: [0.0, 36.0, 45.624091437640004, 79.57799432084, 122.92591858484, 256.0, 261.08428175852, 282.70958344432, 303.69613687742003, 334.32865987182004, 374.64602737022005, 386.40870159852005, 395.60032523094003, 407.44217947764, 430.60306102394003, 448.56002045474, 451.4881396463, 467.5078697314, 487.5489900843, 501.0764305296, 543.2535729767, 562.0, 585.3035112376, 592.52226459258, 609.55312696068, 628.54785617698]
