Avion: 3      Iteracion: 55

Num Ruta: 53
Ingresos: 38400.0
Costos: 167.552342093
Utilidad Ruta: 38232.4476579
Costo Reducido: 2.36878193336
Nodos: [103, 17, 62, 24, 69, 21, 66, 913]
q: [0, 5.0, -5.0, 14.0, -14.0, 13.0, -13.0, 0]
Q: [0, 5.0, 0.0, 14.0, 0.0, 13.0, 0.0, 0]
B: [0.0, 24.0, 58.8425537813, 75.400837086, 113.9137873885, 477.0, 517.7387906792, 534.7289915314999]
