Avion: 2      Iteracion: 46

Num Ruta: 40
Ingresos: 112800.0
Costos: 304.670208346
Utilidad Ruta: 112495.329792
Costo Reducido: 9.17570131444
Nodos: [102, 14, 59, 3, 48, 23, 36, 81, 34, 68, 79, 39, 84, 13, 58, 21, 38, 66, 83, 27, 72, 912]
q: [0.0, 8.0, -8.0, 15.0, -15.0, 3.0, 12.0, -12.0, 12.0, -3.0, -12.0, 8.0, -8.0, 15.0, -15.0, 13.0, 2.0, -13.0, -2.0, 6.0, -6.0, 0.0]
Q: [0.0, 8.0, 0.0, 15.0, 0.0, 3.0, 15.0, 3.0, 15.0, 12.0, 0.0, 8.0, 0.0, 15.0, 0.0, 13.0, 15.0, 2.0, 0.0, 6.0, 0.0, 0.0]
B: [0.0, 112.0, 124.021711775, 256.0, 261.08428175852, 267.0, 301.145140152, 308.09328422074003, 321.81303221404005, 358.30854318454004, 374.82819887104006, 388.0, 410.632187455, 423.0, 439.88315095, 477.0, 483.82291294097, 518.30529332577, 525.37522189684, 538.0, 555.0308623681, 561.27484579217]
