Avion: 3      Iteracion: 46

Num Ruta: 46
Ingresos: 31200.0
Costos: 147.676023529
Utilidad Ruta: 31052.3239765
Costo Reducido: 36.4801741495
Nodos: [103, 17, 62, 14, 59, 21, 66, 913]
q: [0, 5.0, -5.0, 8.0, -8.0, 13.0, -13.0, 0]
Q: [0, 5.0, 0.0, 8.0, 0.0, 13.0, 0.0, 0]
B: [0.0, 24.0, 58.8425537813, 112.0, 124.021711775, 477.0, 517.7387906792, 534.7289915314999]
