Avion: 4      Iteracion: 26

Num Ruta: 28
Ingresos: 126000.0
Costos: 442.687889232
Utilidad Ruta: 125557.312111
Costo Reducido: 86.5610682172
Nodos: [104, 31, 14, 59, 76, 44, 42, 89, 87, 26, 71, 18, 63, 39, 28, 84, 13, 58, 73, 25, 70, 43, 88, 29, 7, 52, 74, 914]
q: [0.0, 6.0, 8.0, -8.0, -6.0, 10.0, 5.0, -10.0, -5.0, 13.0, -13.0, 11.0, -11.0, 7.0, 8.0, -7.0, 7.0, -7.0, -8.0, 10.0, -10.0, 5.0, -5.0, 9.0, 6.0, -6.0, -9.0, 0.0]
Q: [0.0, 6.0, 14.0, 6.0, 0.0, 10.0, 15.0, 5.0, 0.0, 13.0, 0.0, 11.0, 0.0, 7.0, 15.0, 8.0, 15.0, 8.0, 0.0, 10.0, 0.0, 5.0, 0.0, 9.0, 15.0, 9.0, 0.0, 0.0]
B: [0.0, 130.0, 147.5196824172, 159.5413941922, 188.60695116259998, 211.0, 239.0, 276.4881823646, 294.1162889277, 301.01176751878, 318.59099548818, 341.86966624058, 365.68790248927996, 388.0, 399.3210123222, 412.3114993416, 423.0, 439.88315095, 462.92158097460003, 466.25495959096, 483.43994190106, 496.47716342256, 513.7394845295601, 549.0, 570.2768523283, 598.8181641412, 611.1149679942, 635.9233960178]
