Avion: 5      Iteracion: 35

Num Ruta: 37
Ingresos: 94800.0
Costos: 268.518837022
Utilidad Ruta: 94531.481163
Costo Reducido: 20.1898268372
Nodos: [105, 17, 62, 9, 54, 11, 56, 36, 81, 34, 79, 39, 6, 51, 84, 13, 58, 915]
q: [0, 5.0, -5.0, 11.0, -11.0, 8.0, -8.0, 15.0, -15.0, 12.0, -12.0, 8.0, 5.0, -5.0, -8.0, 15.0, -15.0, 0]
Q: [0, 5.0, 0.0, 11.0, 0.0, 8.0, 0.0, 15.0, 0.0, 12.0, 0.0, 8.0, 13.0, 8.0, 0.0, 15.0, 0.0, 0]
B: [0.0, 24.0, 58.8425537813, 81.72911018459999, 111.25634718709999, 169.0, 173.05406684701, 251.0, 257.94814406874, 283.0, 323.947598037, 388.0, 436.0, 439.69228939819, 449.87740525418997, 453.10933904063995, 469.99248999063997, 487.42502256624]
