Avion: 3      Iteracion: 42

Num Ruta: 43
Ingresos: 49200.0
Costos: 132.904027504
Utilidad Ruta: 49067.0959725
Costo Reducido: 25.307441168
Nodos: [103, 17, 62, 14, 59, 3, 48, 8, 53, 6, 51, 913]
q: [0, 5.0, -5.0, 8.0, -8.0, 15.0, -15.0, 8.0, -8.0, 5.0, -5.0, 0]
Q: [0, 5.0, 0.0, 8.0, 0.0, 15.0, 0.0, 8.0, 0.0, 5.0, 0.0, 0]
B: [0.0, 24.0, 58.8425537813, 112.0, 124.021711775, 256.0, 261.08428175852, 414.0, 434.768396616, 443.95906824543, 447.65135764362, 464.37649608851996]
