Avion: 7      Iteracion: 27

Num Ruta: 24
Ingresos: 97200.0
Costos: 370.586243452
Utilidad Ruta: 96829.4137565
Costo Reducido: 67.462100434
Nodos: [107, 9, 54, 44, 42, 89, 87, 26, 71, 28, 73, 19, 5, 64, 50, 2, 47, 7, 52, 917]
q: [0.0, 11.0, -11.0, 10.0, 5.0, -10.0, -5.0, 13.0, -13.0, 8.0, -8.0, 7.0, 8.0, -7.0, -8.0, 9.0, -9.0, 10.0, -10.0, 0.0]
Q: [0.0, 11.0, 0.0, 10.0, 15.0, 5.0, 0.0, 13.0, 0.0, 8.0, 0.0, 7.0, 15.0, 8.0, 0.0, 9.0, 0.0, 10.0, 0.0, 0.0]
B: [0.0, 28.0, 57.5272370025, 211.0, 239.0, 276.4881823646, 294.1162889277, 301.01176751878, 318.59099548818, 378.0, 414.0266187839, 426.5624120576, 469.0, 476.85031324216, 485.20624933574, 522.0, 562.7349620474, 574.2416881674001, 602.7829999803, 609.4724484628]
