Avion: 7      Iteracion: 21

Num Ruta: 19
Ingresos: 168000.0
Costos: 532.970535349
Utilidad Ruta: 167467.029465
Costo Reducido: 278.984669974
Nodos: [107, 9, 54, 30, 16, 61, 75, 24, 69, 1, 44, 46, 3, 48, 23, 89, 35, 68, 80, 45, 90, 19, 8, 64, 53, 5, 50, 41, 86, 43, 88, 29, 74, 917]
q: [0.0, 11.0, -11.0, 4.0, 11.0, -11.0, -4.0, 14.0, -14.0, 7.0, 8.0, -7.0, 7.0, -7.0, 7.0, -8.0, 6.0, -7.0, -6.0, 11.0, -11.0, 7.0, 8.0, -7.0, -8.0, 12.0, -12.0, 13.0, -13.0, 5.0, -5.0, 9.0, -9.0, 0.0]
Q: [0.0, 11.0, 0.0, 4.0, 15.0, 4.0, 0.0, 14.0, 0.0, 7.0, 15.0, 8.0, 15.0, 8.0, 15.0, 7.0, 13.0, 6.0, 0.0, 11.0, 0.0, 7.0, 15.0, 8.0, 0.0, 12.0, 0.0, 13.0, 0.0, 5.0, 0.0, 9.0, 0.0, 0.0]
B: [0.0, 28.0, 57.5272370025, 73.3151373379, 81.51772863578, 91.14182007342, 94.01297663481, 118.74694752511, 157.25989782761002, 175.0, 211.0, 256.3963542369, 263.4929061461, 268.57718790461996, 271.93967522801995, 292.77026631421995, 313.18647972412, 342.70651537791997, 355.32506085672, 374.11627766142, 383.30790129383996, 402.0, 425.1608815463, 443.1178409771, 446.04596016866, 469.0, 470.12168890518, 478.94792672205, 498.98904707495, 509.35519240485, 526.61751351185, 549.0, 582.7797797802, 601.7503835661]
