Avion: 3      Iteracion: 20

Num Ruta: 23
Ingresos: 55200.0
Costos: 266.625382733
Utilidad Ruta: 54933.3746173
Costo Reducido: 183.911446054
Nodos: [103, 14, 59, 23, 68, 28, 43, 73, 88, 29, 74, 27, 72, 913]
q: [0, 8.0, -8.0, 10.0, -10.0, 8.0, 5.0, -8.0, -5.0, 9.0, -9.0, 6.0, -6.0, 0]
Q: [0, 8.0, 0.0, 10.0, 0.0, 8.0, 13.0, 5.0, 0.0, 9.0, 0.0, 6.0, 0.0, 0]
B: [0.0, 112.0, 124.021711775, 267.0, 306.733842905, 378.0, 451.0, 467.5718045185, 480.63640114450004, 549.0, 582.7797797802, 590.99620777538, 608.0270701434799, 640.9589820982799]
