Avion: 6      Iteracion: 7

Num Ruta: 9
Ingresos: 172800.0
Costos: 590.619532383
Utilidad Ruta: 172209.380468
Costo Reducido: 339672.872629
Nodos: [106, 9, 54, 12, 30, 57, 10, 75, 55, 1, 46, 36, 81, 22, 67, 18, 63, 28, 39, 73, 19, 64, 84, 13, 58, 15, 21, 60, 38, 20, 83, 66, 65, 916]
q: [0.0, 11.0, -11.0, 14.0, 1.0, -14.0, 12.0, -1.0, -12.0, 7.0, -7.0, 15.0, -15.0, 10.0, -10.0, 11.0, -11.0, 8.0, 7.0, -8.0, 7.0, -7.0, -7.0, 15.0, -15.0, 11.0, 4.0, -11.0, 1.0, 10.0, -1.0, -4.0, -10.0, 0.0]
Q: [0.0, 11.0, 0.0, 14.0, 15.0, 1.0, 13.0, 12.0, 0.0, 7.0, 0.0, 15.0, 0.0, 10.0, 0.0, 11.0, 0.0, 8.0, 15.0, 7.0, 14.0, 7.0, 0.0, 15.0, 0.0, 11.0, 15.0, 4.0, 5.0, 15.0, 14.0, 10.0, 0.0, 0.0]
B: [0.0, 28.0, 57.5272370025, 68.3142737596, 86.8453366811, 112.2196831949, 120.93745355205, 139.63050383815, 158.53130173135, 196.95064290215, 231.19072843065, 265.13863206255, 272.08677613129004, 299.0, 320.7546861389, 334.15512273630003, 357.973358985, 378.0, 389.3210123222, 420.750419714, 433.28621298769997, 459.91332927919996, 466.22853133455993, 469.4604651210099, 486.34361607100993, 511.0, 516.67223351071, 527.47150163401, 531.55876734595, 533.63983678256, 568.26617226586, 575.33610083693, 595.9355214598299, 633.69675687393]
