Avion: 7      Iteracion: 0

Num Ruta: 3
Ingresos: 216000.0
Costos: 586.558375261
Utilidad Ruta: 215413.441625
Costo Reducido: -
Nodos: [107, 16, 61, 30, 75, 40, 85, 1, 31, 76, 11, 56, 46, 3, 48, 23, 18, 68, 63, 26, 71, 45, 90, 13, 58, 5, 50, 41, 86, 21, 27, 66, 37, 72, 82, 917]
q: [0.0, 11.0, -11.0, 11.0, -11.0, 15.0, -15.0, 7.0, 6.0, -6.0, 8.0, -8.0, -7.0, 15.0, -15.0, 4.0, 11.0, -4.0, -11.0, 13.0, -13.0, 11.0, -11.0, 15.0, -15.0, 12.0, -12.0, 13.0, -13.0, 13.0, 0.0, -13.0, 15.0, 0.0, -15.0, 0.0]
Q: [0.0, 11.0, 0.0, 11.0, 0.0, 15.0, 0.0, 7.0, 13.0, 7.0, 15.0, 7.0, 0.0, 15.0, 0.0, 4.0, 15.0, 11.0, 0.0, 13.0, 0.0, 11.0, 0.0, 15.0, 0.0, 12.0, 0.0, 13.0, 0.0, 13.0, 13.0, 0.0, 15.0, 15.0, 0.0, 0.0]
B: [0.0, 36.0, 45.624091437640004, 64.0, 82.7140226568, 113.5238767298, 146.0933185119, 175.0, 183.89376197118, 197.19937597428, 197.678254873377, 201.732321720387, 236.048051058387, 256.0, 261.08428175852, 267.0, 293.0, 318.4393114097, 328.36484298237, 357.36635980477, 374.94558777417, 398.47174020077, 407.66336383319, 431.79362336349, 448.67677431349, 475.94105741429, 477.06274631947, 485.88898413634, 505.93010448924, 523.79316145044, 551.45842351314, 564.63587171074, 588.2151712762401, 595.0511368993301, 616.7092011018301, 636.7809332891301]
