Avion: 7      Iteracion: 42

Num Ruta: 38
Ingresos: 94800.0
Costos: 338.524725762
Utilidad Ruta: 94461.4752742
Costo Reducido: 52.5218254866
Nodos: [107, 24, 69, 31, 76, 44, 42, 89, 35, 87, 80, 8, 32, 53, 13, 77, 58, 20, 7, 52, 65, 917]
q: [0.0, 14.0, -14.0, 6.0, -6.0, 10.0, 5.0, -10.0, 6.0, -5.0, -6.0, 8.0, 6.0, -8.0, 9.0, -6.0, -9.0, 10.0, 5.0, -5.0, -10.0, 0.0]
Q: [0.0, 14.0, 0.0, 6.0, 0.0, 10.0, 15.0, 5.0, 11.0, 6.0, 0.0, 8.0, 14.0, 6.0, 15.0, 9.0, 0.0, 10.0, 15.0, 10.0, 0.0, 0.0]
B: [0.0, 61.0, 99.5129503025, 130.0, 143.3056140031, 211.0, 239.0, 276.4881823646, 296.9043957745, 300.96084557698003, 317.03505454668004, 414.0, 425.4468981388, 447.8266328334, 450.03730897431, 463.87948875211003, 467.95043913255006, 496.0, 517.0, 545.5413118129, 558.5049963585999, 571.3856473514999]
