Avion: 3      Iteracion: 36

Num Ruta: 37
Ingresos: 73200.0
Costos: 235.126133765
Utilidad Ruta: 72964.8738662
Costo Reducido: 28.3901734617
Nodos: [103, 31, 76, 34, 79, 28, 73, 25, 70, 21, 50, 5, 66, 913]
q: [0.0, 6.0, -6.0, 12.0, -12.0, 8.0, -8.0, 10.0, -10.0, 13.0, -12.0, 12.0, -13.0, 0.0]
Q: [0.0, 6.0, 0.0, 12.0, 0.0, 8.0, 0.0, 10.0, 0.0, 13.0, 1.0, 13.0, 0.0, 0.0]
B: [0.0, 130.0, 143.3056140031, 283.0, 323.947598037, 378.0, 414.0266187839, 417.35999740026, 434.54497971036, 477.0, 505.239590383, 506.36127928818, 527.98394010968, 544.97414096198]
