Avion: 4      Iteracion: 8

Num Ruta: 12
Ingresos: 126000.0
Costos: 480.728704464
Utilidad Ruta: 125519.271296
Costo Reducido: 183839.627919
Nodos: [104, 17, 62, 9, 54, 1, 11, 56, 46, 36, 81, 34, 79, 22, 67, 19, 64, 6, 51, 5, 50, 41, 86, 914]
q: [0, 5.0, -5.0, 11.0, -11.0, 7.0, 8.0, -8.0, -7.0, 15.0, -15.0, 12.0, -12.0, 10.0, -10.0, 7.0, -7.0, 5.0, -5.0, 12.0, -12.0, 13.0, -13.0, 0]
Q: [0, 5.0, 0.0, 11.0, 0.0, 7.0, 15.0, 7.0, 0.0, 15.0, 0.0, 12.0, 0.0, 10.0, 0.0, 7.0, 0.0, 5.0, 0.0, 12.0, 0.0, 13.0, 0.0, 0]
B: [0.0, 26.5094038032, 61.3519575845, 84.23851398779999, 113.76575099029999, 175.0, 193.6808285951, 197.73489544211, 232.05062478011, 265.99852841201, 272.94667248075, 286.66642047405, 327.61401851105, 357.36531792805, 379.12000406695, 402.0, 428.6271162915, 440.41813528899996, 444.11042468718995, 469.0, 470.12168890518, 478.94792672205, 498.98904707495, 529.47492946335]
