Avion: 5      Iteracion: 45

Num Ruta: 47
Ingresos: 112800.0
Costos: 420.930813751
Utilidad Ruta: 112379.069186
Costo Reducido: 33.9880704643
Nodos: [105, 17, 62, 9, 54, 44, 42, 89, 35, 87, 26, 80, 71, 22, 67, 43, 25, 70, 88, 15, 21, 60, 38, 83, 66, 915]
q: [0.0, 5.0, -5.0, 11.0, -11.0, 10.0, 5.0, -10.0, 6.0, -5.0, 9.0, -6.0, -9.0, 10.0, -10.0, 5.0, 10.0, -10.0, -5.0, 8.0, 7.0, -8.0, 8.0, -8.0, -7.0, 0.0]
Q: [0.0, 5.0, 0.0, 11.0, 0.0, 10.0, 15.0, 5.0, 11.0, 6.0, 15.0, 9.0, 0.0, 10.0, 0.0, 5.0, 15.0, 5.0, 0.0, 8.0, 15.0, 7.0, 15.0, 7.0, 0.0, 0.0]
B: [0.0, 24.0, 58.8425537813, 81.72911018459999, 111.25634718709999, 211.0, 239.0, 276.4881823646, 296.9043957745, 300.96084557698003, 307.85632416806004, 317.14932954845005, 326.97114531744006, 340.60532596754007, 362.3600121064401, 451.0, 465.0611587716, 482.2461410817, 489.99531710241, 511.0, 516.67223351071, 527.47150163401, 531.55876734595, 564.42765398665, 571.49758255772, 603.53410827452]
