Avion: 5      Iteracion: 28

Num Ruta: 30
Ingresos: 15600.0
Costos: 46.8071064056
Utilidad Ruta: 15553.1928936
Costo Reducido: 24.926438043
Nodos: [105, 41, 86, 915]
q: [0, 13.0, -13.0, 0]
Q: [0, 13.0, 0.0, 0]
B: [0.0, 446.0, 466.0411203529, 471.890117019]
