Avion: 1      Iteracion: 10

Num Ruta: 13
Ingresos: 140400.0
Costos: 479.525478758
Utilidad Ruta: 139920.474521
Costo Reducido: 182588.428733
Nodos: [101, 30, 75, 16, 61, 14, 59, 31, 11, 56, 76, 1, 46, 23, 68, 28, 13, 73, 25, 70, 58, 38, 83, 37, 82, 33, 78, 911]
q: [0.0, 11.0, -11.0, 11.0, -11.0, 8.0, -8.0, 6.0, 8.0, -8.0, -6.0, 7.0, -7.0, 10.0, -10.0, 8.0, 5.0, -8.0, 10.0, -10.0, -5.0, 8.0, -8.0, 15.0, -15.0, 10.0, -10.0, 0.0]
Q: [0.0, 11.0, 0.0, 11.0, 0.0, 8.0, 0.0, 6.0, 14.0, 6.0, 0.0, 7.0, 0.0, 10.0, 0.0, 8.0, 13.0, 5.0, 15.0, 5.0, 0.0, 8.0, 0.0, 15.0, 0.0, 10.0, 0.0, 0.0]
B: [0.0, 64.0, 82.7140226568, 93.53069441849999, 103.15478585614, 129.94109036054, 141.96280213554, 169.17486934843998, 182.35759854233999, 186.41166538935, 190.10604395685, 209.09573805654998, 243.33582358504998, 267.0, 306.733842905, 378.0, 423.0, 455.9533692966, 459.28674791296, 476.47173022306, 485.65006787210996, 499.14512715320996, 532.01401379391, 562.0, 582.7946534714999, 617.3784082994999, 640.6819195370999, 646.3586823470099]
