Avion: 1      Iteracion: 47

Num Ruta: 45
Ingresos: 45600.0
Costos: 137.503890173
Utilidad Ruta: 45462.4961098
Costo Reducido: 31.1958258102
Nodos: [101, 24, 69, 36, 81, 29, 74, 911]
q: [0, 14.0, -14.0, 15.0, -15.0, 9.0, -9.0, 0]
Q: [0, 14.0, 0.0, 15.0, 0.0, 9.0, 0.0, 0]
B: [0.0, 61.0, 99.5129503025, 251.0, 257.94814406874, 549.0, 582.7797797802, 599.1597614957]
