Avion: 1      Iteracion: 66

Num Ruta: 58
Ingresos: 98400.0
Costos: 341.29222086
Utilidad Ruta: 98058.7077791
Costo Reducido: 4.20070770392
Nodos: [101, 24, 69, 1, 42, 46, 23, 87, 26, 71, 68, 28, 73, 25, 70, 21, 66, 33, 78, 911]
q: [0.0, 14.0, -14.0, 7.0, 5.0, -7.0, 10.0, -5.0, 5.0, -5.0, -10.0, 8.0, -8.0, 10.0, -10.0, 13.0, -13.0, 10.0, -10.0, 0.0]
Q: [0.0, 14.0, 0.0, 7.0, 12.0, 5.0, 15.0, 10.0, 15.0, 10.0, 0.0, 8.0, 0.0, 10.0, 0.0, 13.0, 0.0, 10.0, 0.0, 0.0]
B: [0.0, 61.0, 99.5129503025, 175.0, 239.0, 264.0626014013, 268.8931248719, 305.908763729, 312.80424232008, 330.38347028948, 333.45054267206, 378.0, 414.0266187839, 417.35999740026, 434.54497971036, 477.0, 517.7387906792, 562.0, 585.3035112376, 590.98027404751]
