Avion: 3      Iteracion: 79

Num Ruta: 68
Ingresos: 98400.0
Costos: 320.573996
Utilidad Ruta: 98079.426004
Costo Reducido: 2.63226530701
Nodos: [103, 17, 30, 62, 16, 75, 61, 24, 69, 1, 31, 76, 44, 46, 89, 8, 45, 90, 19, 64, 53, 6, 51, 913]
q: [0.0, 5.0, 10.0, -5.0, 5.0, -10.0, -5.0, 14.0, -14.0, 7.0, 6.0, -6.0, 8.0, -7.0, -8.0, 8.0, 7.0, -7.0, 7.0, -7.0, -8.0, 5.0, -5.0, 0.0]
Q: [0.0, 5.0, 15.0, 10.0, 15.0, 5.0, 0.0, 14.0, 0.0, 7.0, 13.0, 7.0, 15.0, 8.0, 0.0, 8.0, 15.0, 8.0, 15.0, 8.0, 0.0, 5.0, 0.0, 0.0]
B: [0.0, 24.0, 64.0, 67.14445448369, 72.47609381883, 83.29276558052999, 86.16392214191998, 111.39012122141997, 149.90307152391998, 175.0, 183.89376197118, 197.19937597428, 211.37053559518, 256.76688983208, 272.78143884227995, 414.0, 417.40515271317, 426.59677634559, 438.43863059229, 465.06574688379, 467.99386607534996, 477.1845377047799, 480.8768271029699, 497.6019655478699]
