Avion: 5      Iteracion: 53

Num Ruta: 54
Ingresos: 122400.0
Costos: 342.907700475
Utilidad Ruta: 122057.0923
Costo Reducido: 40.4518753093
Nodos: [105, 17, 62, 24, 69, 10, 55, 35, 26, 80, 71, 13, 58, 15, 60, 20, 4, 49, 65, 37, 82, 915]
q: [0.0, 5.0, -5.0, 14.0, -14.0, 12.0, -12.0, 6.0, 9.0, -6.0, -9.0, 15.0, -15.0, 11.0, -11.0, 10.0, 5.0, -5.0, -10.0, 15.0, -15.0, 0.0]
Q: [0.0, 5.0, 0.0, 14.0, 0.0, 12.0, 0.0, 6.0, 15.0, 9.0, 0.0, 15.0, 0.0, 11.0, 0.0, 10.0, 15.0, 10.0, 0.0, 15.0, 0.0, 0.0]
B: [0.0, 24.0, 58.8425537813, 75.400837086, 113.9137873885, 125.6997180688, 155.2192288032, 279.0, 300.0, 309.29300538039, 319.11482114938, 423.0, 439.88315095, 511.0, 527.4211666151, 533.55501866744, 543.83416970244, 564.25991938264, 576.12114263324, 587.69866058834, 608.49331405984, 633.55849199654]
