Avion: 2      Iteracion: 48

Num Ruta: 42
Ingresos: 133200.0
Costos: 429.533808757
Utilidad Ruta: 132770.466191
Costo Reducido: 6.58654174826
Nodos: [102, 12, 57, 14, 59, 3, 48, 18, 34, 63, 79, 39, 28, 84, 13, 58, 73, 25, 70, 43, 88, 21, 38, 66, 83, 27, 72, 912]
q: [0.0, 14.0, -14.0, 8.0, -8.0, 15.0, -15.0, 3.0, 12.0, -3.0, -12.0, 8.0, 7.0, -8.0, 8.0, -8.0, -7.0, 10.0, -10.0, 5.0, -5.0, 13.0, 2.0, -13.0, -2.0, 6.0, -6.0, 0.0]
Q: [0.0, 14.0, 0.0, 8.0, 0.0, 15.0, 0.0, 3.0, 15.0, 12.0, 0.0, 8.0, 15.0, 7.0, 15.0, 7.0, 0.0, 10.0, 0.0, 5.0, 0.0, 13.0, 15.0, 2.0, 0.0, 6.0, 0.0, 0.0]
B: [0.0, 54.0, 97.347924264, 133.8671580457, 145.8888698207, 256.0, 261.08428175852, 293.0, 316.7154937119, 344.9475311871, 360.10016082690004, 388.0, 399.3210123222, 412.3114993416, 423.0, 439.88315095, 462.92158097460003, 466.25495959096, 483.43994190106, 496.47716342256, 513.7394845295601, 521.02249194408, 527.84540488505, 562.32778526985, 569.39771384092, 580.93344116952, 597.96430353762, 604.2082869616901]
