Avion: 4      Iteracion: 13

Num Ruta: 16
Ingresos: 102000.0
Costos: 398.442318263
Utilidad Ruta: 101601.557682
Costo Reducido: 38913.7950349
Nodos: [104, 12, 24, 57, 69, 1, 31, 76, 46, 3, 48, 36, 81, 34, 79, 28, 8, 53, 73, 914]
q: [0.0, 1.0, 14.0, -1.0, -14.0, 7.0, 6.0, -6.0, -7.0, 15.0, -15.0, 15.0, -15.0, 12.0, -12.0, 7.0, 8.0, -8.0, -7.0, 0.0]
Q: [0.0, 1.0, 15.0, 14.0, 0.0, 7.0, 13.0, 7.0, 0.0, 15.0, 0.0, 15.0, 0.0, 12.0, 0.0, 7.0, 15.0, 7.0, 0.0, 0.0]
B: [0.0, 54.0, 70.84782742670001, 112.4021086622, 128.3343462326, 175.0, 183.89376197118, 197.19937597428, 230.76046369508, 256.0, 261.08428175852, 296.00374706082, 302.95189112956, 316.67163912286003, 357.61923715986, 378.0, 414.0, 434.768396616, 469.0460766571, 502.3489742037]
