Avion: 5      Iteracion: 31

Num Ruta: 33
Ingresos: 138000.0
Costos: 447.15184196
Utilidad Ruta: 137552.848158
Costo Reducido: 45.5616353586
Nodos: [105, 17, 62, 24, 69, 1, 46, 3, 48, 23, 18, 63, 68, 22, 67, 8, 53, 41, 86, 43, 21, 88, 15, 60, 38, 83, 66, 915]
q: [0.0, 5.0, -5.0, 14.0, -14.0, 7.0, -7.0, 15.0, -15.0, 4.0, 11.0, -11.0, -4.0, 10.0, -10.0, 8.0, -8.0, 13.0, -13.0, 5.0, 7.0, -5.0, 8.0, -8.0, 8.0, -8.0, -7.0, 0.0]
Q: [0.0, 5.0, 0.0, 14.0, 0.0, 7.0, 0.0, 15.0, 0.0, 4.0, 15.0, 4.0, 0.0, 10.0, 0.0, 8.0, 0.0, 13.0, 0.0, 5.0, 12.0, 7.0, 15.0, 7.0, 15.0, 7.0, 0.0, 0.0]
B: [0.0, 24.0, 58.8425537813, 75.400837086, 113.9137873885, 175.0, 209.2400855285, 256.0, 261.08428175852, 267.0, 293.0, 316.8182362487, 326.74376782137, 342.50019181287, 364.25487795177, 414.0, 434.768396616, 450.7881267011, 470.829247054, 481.1953923839, 491.93671506780004, 499.21972248232004, 511.0, 527.4211666151, 531.5084323270399, 564.3773189677399, 571.44724753881, 603.48377325561]
