Avion: 2      Iteracion: 12

Num Ruta: 11
Ingresos: 146400.0
Costos: 536.27663797
Utilidad Ruta: 145863.723362
Costo Reducido: 139357.574271
Nodos: [102, 24, 30, 69, 10, 75, 55, 31, 76, 36, 81, 42, 87, 35, 80, 45, 90, 8, 53, 13, 58, 43, 20, 88, 7, 65, 2, 52, 47, 912]
q: [0.0, 12.0, 3.0, -12.0, 12.0, -3.0, -12.0, 6.0, -6.0, 15.0, -15.0, 5.0, -5.0, 6.0, -6.0, 11.0, -11.0, 8.0, -8.0, 15.0, -15.0, 5.0, 9.0, -5.0, 6.0, -9.0, 9.0, -6.0, -9.0, 0.0]
Q: [0.0, 12.0, 15.0, 3.0, 15.0, 12.0, 0.0, 6.0, 0.0, 15.0, 0.0, 5.0, 0.0, 6.0, 0.0, 11.0, 0.0, 8.0, 0.0, 15.0, 0.0, 5.0, 14.0, 9.0, 15.0, 6.0, 15.0, 9.0, 0.0, 0.0]
B: [0.0, 61.0, 79.2569011609, 99.5250225588, 111.3109532391, 130.0040035252, 148.9048014184, 188.51295575560002, 201.81856975870002, 251.0, 257.94814406874, 282.45112780544, 330.50096245654004, 334.55741225902005, 354.47029565142003, 373.26151245612004, 382.45313608854, 414.0, 434.768396616, 436.97907275691, 453.86222370691, 476.07454328411, 496.0, 504.94022907984, 522.24231508124, 563.07954590064, 570.4098431661, 580.5400116247, 612.6161747681, 638.5470184874999]
