Avion: 3      Iteracion: 28

Num Ruta: 31
Ingresos: 109200.0
Costos: 402.70197517
Utilidad Ruta: 108797.298025
Costo Reducido: 101.389603193
Nodos: [103, 1, 31, 76, 44, 46, 89, 35, 26, 80, 71, 13, 58, 6, 51, 41, 86, 21, 66, 29, 74, 913]
q: [0.0, 7.0, 6.0, -6.0, 8.0, -7.0, -8.0, 6.0, 9.0, -6.0, -9.0, 15.0, -15.0, 5.0, -5.0, 13.0, -13.0, 13.0, -13.0, 9.0, -9.0, 0.0]
Q: [0.0, 7.0, 13.0, 7.0, 15.0, 8.0, 0.0, 6.0, 15.0, 9.0, 0.0, 15.0, 0.0, 5.0, 0.0, 13.0, 0.0, 13.0, 0.0, 9.0, 0.0, 0.0]
B: [0.0, 175.0, 183.89376197118, 197.19937597428, 211.37053559518, 256.76688983208, 272.78143884227995, 293.19765225218, 303.82486684488, 313.11787222527, 322.93968799426, 423.0, 439.88315095, 464.1060995732, 467.79838897139, 486.91510887829, 506.95622923119004, 524.81928619239, 565.55807687159, 604.0113733492899, 637.7911531294899, 656.4283177474899]
