Avion: 2      Iteracion: 50

Num Ruta: 43
Ingresos: 79200.0
Costos: 265.355079702
Utilidad Ruta: 78934.6449203
Costo Reducido: 14.5993993655
Nodos: [102, 12, 57, 1, 46, 8, 45, 90, 32, 53, 13, 77, 58, 20, 7, 52, 65, 912]
q: [0.0, 14.0, -14.0, 7.0, -7.0, 8.0, 7.0, -7.0, 6.0, -8.0, 9.0, -6.0, -9.0, 10.0, 5.0, -5.0, -10.0, 0.0]
Q: [0.0, 14.0, 0.0, 7.0, 0.0, 8.0, 15.0, 8.0, 14.0, 6.0, 15.0, 9.0, 0.0, 10.0, 15.0, 10.0, 0.0, 0.0]
B: [0.0, 54.0, 97.347924264, 175.0, 209.2400855285, 414.0, 417.40515271317, 426.59677634559, 428.13238729892, 450.51212199352, 452.72279813443, 466.56497791223, 470.63592829267003, 496.0, 517.0, 545.5413118129, 558.5049963585999, 580.0972167399999]
