Avion: 1      Iteracion: 30

Num Ruta: 30
Ingresos: 160800.0
Costos: 477.926316132
Utilidad Ruta: 160322.073684
Costo Reducido: 92.8582275324
Nodos: [101, 16, 61, 24, 69, 31, 14, 59, 76, 36, 81, 34, 79, 39, 28, 84, 73, 25, 21, 70, 38, 66, 83, 27, 7, 72, 52, 37, 82, 911]
q: [0.0, 11.0, -11.0, 14.0, -14.0, 6.0, 8.0, -8.0, -6.0, 15.0, -15.0, 12.0, -12.0, 7.0, 8.0, -7.0, -8.0, 8.0, 7.0, -8.0, 8.0, -7.0, -8.0, 6.0, 9.0, -6.0, -9.0, 15.0, -15.0, 0.0]
Q: [0.0, 11.0, 0.0, 14.0, 0.0, 6.0, 14.0, 6.0, 0.0, 15.0, 0.0, 12.0, 0.0, 7.0, 15.0, 8.0, 0.0, 8.0, 15.0, 7.0, 15.0, 8.0, 0.0, 6.0, 15.0, 9.0, 0.0, 15.0, 0.0, 0.0]
B: [0.0, 36.0, 45.624091437640004, 70.85029051714, 109.36324081964, 130.0, 147.5196824172, 159.5413941922, 188.60695116259998, 251.0, 257.94814406874, 283.0, 323.947598037, 388.0, 399.3210123222, 412.3114993416, 448.3244104708, 451.65778908716, 477.0, 485.168713485, 489.49037624371, 523.97275662851, 531.04268519958, 542.57841252818, 570.2417359004801, 594.9662507996801, 599.36617136714, 606.5389828800701, 627.33363635157, 659.11121388667]
