Avion: 3      Iteracion: 14

Num Ruta: 18
Ingresos: 116400.0
Costos: 520.575678455
Utilidad Ruta: 115879.424322
Costo Reducido: 1393.56757127
Nodos: [103, 9, 54, 40, 85, 11, 56, 3, 48, 23, 68, 22, 67, 28, 73, 32, 13, 77, 58, 43, 88, 913]
q: [0.0, 11.0, -11.0, 15.0, -15.0, 8.0, -8.0, 15.0, -15.0, 10.0, -10.0, 10.0, -10.0, 8.0, -8.0, 6.0, 9.0, -6.0, -9.0, 5.0, -5.0, 0.0]
Q: [0.0, 11.0, 0.0, 15.0, 0.0, 8.0, 0.0, 15.0, 0.0, 10.0, 0.0, 10.0, 0.0, 8.0, 0.0, 6.0, 15.0, 9.0, 0.0, 5.0, 0.0, 0.0]
B: [0.0, 58.0169348553, 87.5441718578, 116.5029668086, 149.07240859069998, 184.79857250459997, 188.85263935160998, 256.0, 261.08428175852, 267.0, 306.733842905, 322.49026689650003, 344.24495303540004, 387.29611673630006, 423.32273552020007, 446.77784404690004, 469.43871093230007, 483.2808907101001, 487.3518410905401, 509.5641606677401, 526.8264817747402, 561.0610406882402]
