Avion: 1      Iteracion: 89

Num Ruta: 66
Ingresos: 28800.0
Costos: 49.83541837
Utilidad Ruta: 28750.1645816
Costo Reducido: 10.5766471853
Nodos: [101, 16, 61, 26, 71, 911]
q: [0, 11.0, -11.0, 13.0, -13.0, 0]
Q: [0, 11.0, 0.0, 13.0, 0.0, 0]
B: [0.0, 36.0, 45.624091437640004, 300.0, 317.5792279694, 324.28490295407]
