Avion: 4      Iteracion: 71

Num Ruta: 62
Ingresos: 62400.0
Costos: 181.195062429
Utilidad Ruta: 62218.8049376
Costo Reducido: 4.89608674237
Nodos: [104, 36, 81, 34, 79, 39, 28, 84, 73, 25, 70, 914]
q: [0.0, 15.0, -15.0, 12.0, -12.0, 8.0, 7.0, -8.0, -7.0, 10.0, -10.0, 0.0]
Q: [0.0, 15.0, 0.0, 12.0, 0.0, 8.0, 15.0, 7.0, 0.0, 10.0, 0.0, 0.0]
B: [0.0, 251.0, 257.94814406874, 283.0, 323.947598037, 388.0, 399.3210123222, 412.3114993416, 448.3244104708, 451.65778908716, 468.84277139726, 488.54919616176]
