Avion: 6      Iteracion: 28

Num Ruta: 29
Ingresos: 28800.0
Costos: 65.5249149013
Utilidad Ruta: 28734.4750851
Costo Reducido: 49.8530847826
Nodos: [106, 30, 75, 41, 86, 916]
q: [0, 11.0, -11.0, 13.0, -13.0, 0]
Q: [0, 11.0, 0.0, 13.0, 0.0, 0]
B: [0.0, 64.0, 82.7140226568, 446.0, 466.0411203529, 473.59657136525]
