Avion: 7      Iteracion: 0

Num Ruta: 2
Ingresos: 202800.0
Costos: 567.94905223
Utilidad Ruta: 202232.050948
Costo Reducido: -
Nodos: [107, 16, 61, 30, 75, 40, 85, 1, 31, 76, 11, 56, 46, 3, 48, 23, 35, 68, 80, 26, 71, 39, 84, 13, 58, 5, 50, 41, 86, 21, 27, 66, 4, 72, 49, 917]
q: [0.0, 11.0, -11.0, 11.0, -11.0, 15.0, -15.0, 7.0, 6.0, -6.0, 8.0, -8.0, -7.0, 15.0, -15.0, 10.0, 5.0, -10.0, -5.0, 13.0, -13.0, 8.0, -8.0, 15.0, -15.0, 12.0, -12.0, 13.0, -13.0, 13.0, 2.0, -13.0, 5.0, -2.0, -5.0, 0.0]
Q: [0.0, 11.0, 0.0, 11.0, 0.0, 15.0, 0.0, 7.0, 13.0, 7.0, 15.0, 7.0, 0.0, 15.0, 0.0, 10.0, 15.0, 5.0, 0.0, 13.0, 0.0, 8.0, 0.0, 15.0, 0.0, 12.0, 0.0, 13.0, 0.0, 13.0, 15.0, 2.0, 7.0, 5.0, 0.0, 0.0]
B: [0.0, 36.0, 45.624091437640004, 64.0, 82.7140226568, 113.5238767298, 146.0933185119, 175.0, 183.89376197118, 197.19937597428, 197.678254873377, 201.732321720387, 236.048051058387, 256.0, 261.08428175852, 267.0, 307.4405515417, 336.9605871955, 349.5791326743, 358.87213805469, 376.45136602409, 396.14928421359, 418.78147166859003, 423.0, 439.88315095, 469.0, 470.12168890518, 478.94792672205, 498.98904707495, 516.85210403615, 544.51736609885, 557.69481429645, 586.86461170745, 602.95181236515, 608.36707090007, 615.18972089842]
