Avion: 1      Iteracion: 58

Num Ruta: 55
Ingresos: 79200.0
Costos: 257.886351179
Utilidad Ruta: 78942.1136488
Costo Reducido: 4.71459430605
Nodos: [101, 24, 69, 44, 89, 41, 50, 5, 86, 21, 66, 911]
q: [0.0, 14.0, -14.0, 14.0, -14.0, 13.0, -12.0, 12.0, -13.0, 13.0, -13.0, 0.0]
Q: [0.0, 14.0, 0.0, 14.0, 0.0, 13.0, 1.0, 13.0, 0.0, 13.0, 0.0, 0.0]
B: [0.0, 61.0, 99.5129503025, 211.0, 265.00737440390003, 446.0, 470.0, 471.12168890518, 483.14757702208, 501.01063398328, 541.74942466248, 563.9475846988801]
