Avion: 5      Iteracion: 20

Num Ruta: 22
Ingresos: 62400.0
Costos: 201.563453963
Utilidad Ruta: 62198.436546
Costo Reducido: 187.622100344
Nodos: [105, 11, 56, 34, 79, 39, 84, 13, 58, 29, 74, 915]
q: [0, 8.0, -8.0, 12.0, -12.0, 8.0, -8.0, 15.0, -15.0, 9.0, -9.0, 0]
Q: [0, 8.0, 0.0, 12.0, 0.0, 8.0, 0.0, 15.0, 0.0, 9.0, 0.0, 0]
B: [0.0, 169.0, 173.05406684701, 283.0, 323.947598037, 388.0, 410.632187455, 423.0, 439.88315095, 549.0, 582.7797797802, 608.5617657394]
