Avion: 5      Iteracion: 80

Num Ruta: 72
Ingresos: 31200.0
Costos: 62.1356499567
Utilidad Ruta: 31137.86435
Costo Reducido: 1.58621870769
Nodos: [105, 36, 81, 15, 60, 915]
q: [0, 15.0, -15.0, 11.0, -11.0, 0]
Q: [0, 15.0, 0.0, 11.0, 0.0, 0]
B: [0.0, 251.0, 257.94814406874, 511.0, 527.4211666151, 532.20771547623]
