Avion: 6      Iteracion: 34

Num Ruta: 35
Ingresos: 103200.0
Costos: 345.587878018
Utilidad Ruta: 102854.412122
Costo Reducido: 34.3887688599
Nodos: [106, 9, 54, 42, 3, 48, 23, 87, 35, 26, 80, 71, 68, 28, 45, 90, 32, 25, 73, 21, 70, 77, 27, 66, 33, 72, 78, 916]
q: [0.0, 11.0, -11.0, 5.0, 10.0, -10.0, 10.0, -5.0, 0.0, 5.0, 0.0, -5.0, -10.0, 8.0, 7.0, -7.0, 5.0, 0.0, -8.0, 10.0, 0.0, -5.0, 5.0, -10.0, 10.0, -5.0, -10.0, 0.0]
Q: [0.0, 11.0, 0.0, 5.0, 15.0, 5.0, 15.0, 10.0, 10.0, 15.0, 15.0, 10.0, 0.0, 8.0, 15.0, 8.0, 13.0, 13.0, 5.0, 15.0, 15.0, 10.0, 15.0, 5.0, 15.0, 10.0, 0.0, 0.0]
B: [0.0, 28.0, 57.5272370025, 239.0, 257.4606418632, 262.54492362172, 267.0, 304.0156388571, 308.07208865958, 318.69930325228, 327.99230863267, 337.81412440166, 340.88119678424005, 378.0, 411.1514906603, 420.34311429272, 422.0, 442.6664482919, 445.99982690826, 477.0, 485.168713485, 496.1537817597, 538.0, 551.1774481976, 562.0, 575.8471699997, 596.4139622873, 619.2417359194001]
