Avion: 3      Iteracion: 56

Num Ruta: 54
Ingresos: 60000.0
Costos: 224.705624439
Utilidad Ruta: 59775.2943756
Costo Reducido: 10.0302298122
Nodos: [103, 17, 62, 18, 63, 22, 67, 32, 43, 77, 88, 21, 66, 913]
q: [0, 5.0, -5.0, 11.0, -11.0, 10.0, -10.0, 6.0, 5.0, -6.0, -5.0, 13.0, -13.0, 0]
Q: [0, 5.0, 0.0, 11.0, 0.0, 10.0, 0.0, 6.0, 11.0, 5.0, 0.0, 13.0, 0.0, 0]
B: [0.0, 24.0, 58.8425537813, 293.0, 316.8182362487, 332.3010836612, 354.0557698001, 422.0, 451.0, 474.5469186944, 488.3458735099, 495.62888092442, 536.36767160362, 553.35787245592]
