Avion: 4      Iteracion: 47

Num Ruta: 47
Ingresos: 98400.0
Costos: 307.710926522
Utilidad Ruta: 98092.2890735
Costo Reducido: 43.7052868395
Nodos: [104, 9, 54, 12, 57, 10, 55, 35, 26, 80, 71, 13, 58, 29, 7, 52, 74, 914]
q: [0.0, 11.0, -11.0, 14.0, -14.0, 12.0, -12.0, 6.0, 9.0, -6.0, -9.0, 15.0, -15.0, 9.0, 6.0, -6.0, -9.0, 0.0]
Q: [0.0, 11.0, 0.0, 14.0, 0.0, 12.0, 0.0, 6.0, 15.0, 9.0, 0.0, 15.0, 0.0, 9.0, 15.0, 9.0, 0.0, 0.0]
B: [0.0, 34.2318085996, 63.7590456021, 74.5460823592, 117.8940066232, 126.61177698035, 156.13128771475, 279.0, 300.0, 309.29300538039, 319.11482114938, 423.0, 439.88315095, 549.0, 570.2768523283, 598.8181641412, 611.1149679942, 635.9233960178]
