Avion: 4      Iteracion: 68

Num Ruta: 61
Ingresos: 50400.0
Costos: 104.355294027
Utilidad Ruta: 50295.644706
Costo Reducido: 11.8324096407
Nodos: [104, 36, 81, 19, 8, 50, 5, 64, 53, 914]
q: [0.0, 15.0, -15.0, 7.0, 8.0, -12.0, 12.0, -7.0, -8.0, 0.0]
Q: [0.0, 15.0, 0.0, 7.0, 15.0, 3.0, 15.0, 8.0, 0.0, 0.0]
B: [0.0, 251.0, 257.94814406874, 402.0, 425.1608815463, 470.0, 471.12168890518, 478.97200214734, 481.90012133889996, 504.36050909159997]
