Avion: 5      Iteracion: 44

Num Ruta: 46
Ingresos: 184800.0
Costos: 528.151912399
Utilidad Ruta: 184271.848088
Costo Reducido: 42.9292517277
Nodos: [105, 17, 30, 62, 16, 61, 75, 24, 69, 1, 31, 76, 11, 56, 42, 46, 23, 87, 26, 71, 68, 28, 73, 25, 19, 70, 64, 13, 58, 15, 60, 7, 27, 52, 72, 37, 82, 915]
q: [0.0, 5.0, 4.0, -5.0, 11.0, -11.0, -4.0, 14.0, -14.0, 7.0, 6.0, -6.0, 8.0, -8.0, 5.0, -7.0, 10.0, -5.0, 5.0, -5.0, -10.0, 8.0, -8.0, 8.0, 7.0, -8.0, -7.0, 15.0, -15.0, 11.0, -11.0, 9.0, 6.0, -9.0, -6.0, 15.0, -15.0, 0.0]
Q: [0.0, 5.0, 9.0, 4.0, 15.0, 4.0, 0.0, 14.0, 0.0, 7.0, 13.0, 7.0, 15.0, 7.0, 12.0, 5.0, 15.0, 10.0, 15.0, 10.0, 0.0, 8.0, 0.0, 8.0, 15.0, 7.0, 0.0, 15.0, 0.0, 11.0, 0.0, 9.0, 15.0, 6.0, 0.0, 15.0, 0.0, 0.0]
B: [0.0, 24.0, 64.0, 67.14445448369, 72.47609381883, 82.10018525647, 84.97134181786, 109.70531270816, 148.21826301066, 175.0, 183.89376197118, 197.19937597428, 197.678254873377, 201.732321720387, 239.0, 264.0626014013, 268.8931248719, 305.908763729, 312.80424232008, 330.38347028948, 333.45054267206, 378.0, 414.0266187839, 417.35999740026, 426.75200464046, 443.42489632125995, 460.21175275715996, 464.43937206358, 481.32252301358, 511.0, 527.4211666151, 538.3259061809999, 565.9892295533, 581.8290044254, 586.2289249928599, 593.0648906159499, 613.8595440874499, 638.9247220241499]
