Avion: 1      Iteracion: 25

Num Ruta: 25
Ingresos: 108000.0
Costos: 368.373473758
Utilidad Ruta: 107631.626526
Costo Reducido: 132.574004586
Nodos: [101, 16, 61, 40, 85, 1, 31, 76, 44, 42, 46, 89, 35, 87, 80, 22, 67, 5, 50, 37, 82, 911]
q: [0.0, 11.0, -11.0, 15.0, -15.0, 7.0, 6.0, -6.0, 3.0, 5.0, -7.0, -3.0, 6.0, -5.0, -6.0, 10.0, -10.0, 12.0, -12.0, 15.0, -15.0, 0.0]
Q: [0.0, 11.0, 0.0, 15.0, 0.0, 7.0, 13.0, 7.0, 10.0, 15.0, 8.0, 5.0, 11.0, 6.0, 0.0, 10.0, 0.0, 12.0, 0.0, 15.0, 0.0, 0.0]
B: [0.0, 36.0, 45.624091437640004, 77.27284989674001, 109.84229167884001, 175.0, 183.89376197118, 197.19937597428, 211.37053559518, 239.0, 264.0626014013, 280.07715041150004, 300.49336382140007, 304.5498136238801, 320.6240225935801, 335.7382772228801, 357.4929633617801, 469.0, 470.12168890518, 562.0, 582.7946534714999, 614.5722310066]
