Avion: 1      Iteracion: 20

Num Ruta: 21
Ingresos: 105600.0
Costos: 406.595437563
Utilidad Ruta: 105193.404562
Costo Reducido: 337.903181091
Nodos: [101, 14, 59, 42, 23, 68, 35, 87, 80, 28, 73, 25, 43, 88, 70, 38, 7, 4, 83, 27, 49, 52, 72, 37, 82, 911]
q: [0.0, 8.0, -8.0, 5.0, 10.0, -10.0, 6.0, -5.0, -6.0, 8.0, -8.0, 10.0, 5.0, -5.0, -10.0, 8.0, 2.0, 5.0, -8.0, 6.0, -5.0, -2.0, -6.0, 15.0, -15.0, 0.0]
Q: [0.0, 8.0, 0.0, 5.0, 15.0, 5.0, 11.0, 6.0, 0.0, 8.0, 0.0, 10.0, 15.0, 10.0, 0.0, 8.0, 10.0, 15.0, 7.0, 13.0, 8.0, 6.0, 0.0, 15.0, 0.0, 0.0]
B: [0.0, 112.0, 124.021711775, 239.0, 267.0, 306.733842905, 336.2538785588, 340.31032836128, 356.38453733098004, 378.0, 414.0266187839, 417.35999740026, 451.0, 468.262321107, 476.01149712771, 480.33315988642, 517.0, 529.0, 558.1196993288, 569.6554266574001, 586.0062392366001, 587.16661331421, 591.56653388167, 598.40249950476, 619.19715297626, 650.97473051136]
