Avion: 2      Iteracion: 83

Num Ruta: 61
Ingresos: 54000.0
Costos: 214.262928646
Utilidad Ruta: 53785.7370714
Costo Reducido: 3.62219561753
Nodos: [102, 44, 42, 89, 35, 87, 26, 80, 71, 20, 7, 4, 52, 49, 65, 912]
q: [0.0, 10.0, 5.0, -10.0, 6.0, -5.0, 9.0, -6.0, -9.0, 10.0, 5.0, 0.0, -5.0, 0.0, -10.0, 0.0]
Q: [0.0, 10.0, 15.0, 5.0, 11.0, 6.0, 15.0, 9.0, 0.0, 10.0, 15.0, 15.0, 10.0, 10.0, 0.0, 0.0]
B: [0.0, 211.0, 239.0, 276.4881823646, 296.9043957745, 300.96084557698003, 307.85632416806004, 317.14932954845005, 326.97114531744006, 496.0, 517.0, 529.0, 548.2723609867, 549.43273506431, 561.29395831491, 582.88617869631]
