Avion: 3      Iteracion: 24

Num Ruta: 27
Ingresos: 133200.0
Costos: 335.794007522
Utilidad Ruta: 132864.205992
Costo Reducido: 156.546846052
Nodos: [103, 17, 62, 30, 16, 61, 75, 14, 59, 3, 48, 23, 18, 68, 63, 39, 6, 51, 84, 5, 50, 41, 86, 21, 38, 66, 83, 913]
q: [0.0, 5.0, -5.0, 11.0, 4.0, -4.0, -11.0, 8.0, -8.0, 15.0, -15.0, 10.0, 5.0, -10.0, -5.0, 8.0, 5.0, -5.0, -8.0, 12.0, -12.0, 13.0, -13.0, 7.0, 8.0, -7.0, -8.0, 0.0]
Q: [0.0, 5.0, 0.0, 11.0, 15.0, 11.0, 0.0, 8.0, 0.0, 15.0, 0.0, 10.0, 15.0, 5.0, 0.0, 8.0, 13.0, 8.0, 0.0, 12.0, 0.0, 13.0, 0.0, 7.0, 15.0, 8.0, 0.0, 0.0]
B: [0.0, 24.0, 58.8425537813, 64.0, 72.20259129788, 81.82668273552001, 84.69783929691, 112.49377995381, 124.51549172881, 256.0, 261.08428175852, 267.0, 293.0, 318.4393114097, 328.36484298237, 388.0, 436.0, 439.69228939819, 449.87740525418997, 469.0, 470.12168890518, 478.94792672205, 498.98904707495, 516.85210403615, 523.67501697712, 558.15739736192, 565.22732593299, 575.1913012942599]
