Avion: 2      Iteracion: 59

Num Ruta: 51
Ingresos: 88800.0
Costos: 293.862109469
Utilidad Ruta: 88506.1378905
Costo Reducido: 2.31745878325
Nodos: [102, 44, 89, 26, 71, 6, 51, 5, 50, 20, 7, 52, 65, 2, 33, 78, 47, 912]
q: [0.0, 14.0, -14.0, 13.0, -13.0, 5.0, -5.0, 12.0, -12.0, 10.0, 5.0, -5.0, -10.0, 9.0, 6.0, -6.0, -9.0, 0.0]
Q: [0.0, 14.0, 0.0, 13.0, 0.0, 5.0, 0.0, 12.0, 0.0, 10.0, 15.0, 10.0, 0.0, 9.0, 15.0, 9.0, 0.0, 0.0]
B: [0.0, 211.0, 265.00737440390003, 300.0, 317.5792279694, 436.0, 439.69228939819, 469.0, 470.12168890518, 496.0, 517.0, 545.5413118129, 558.5049963585999, 565.8352936240599, 579.6208945540599, 602.9244057916599, 621.4431898230598, 647.3740335424598]
