Avion: 1      Iteracion: 29

Num Ruta: 29
Ingresos: 156000.0
Costos: 443.988405447
Utilidad Ruta: 155556.011595
Costo Reducido: 60.5387373779
Nodos: [101, 30, 75, 24, 69, 1, 31, 76, 46, 3, 48, 23, 35, 80, 68, 22, 67, 45, 90, 19, 32, 8, 64, 53, 6, 51, 13, 77, 58, 5, 50, 911]
q: [0.0, 11.0, -11.0, 14.0, -14.0, 7.0, 6.0, -6.0, -7.0, 15.0, -15.0, 9.0, 6.0, -6.0, -9.0, 10.0, -10.0, 11.0, -11.0, 7.0, 6.0, 2.0, -7.0, -2.0, 5.0, -5.0, 9.0, -6.0, -9.0, 12.0, -12.0, 0.0]
Q: [0.0, 11.0, 0.0, 14.0, 0.0, 7.0, 13.0, 7.0, 0.0, 15.0, 0.0, 9.0, 15.0, 9.0, 0.0, 10.0, 0.0, 11.0, 0.0, 7.0, 13.0, 15.0, 8.0, 6.0, 11.0, 6.0, 15.0, 9.0, 0.0, 12.0, 0.0, 0.0]
B: [0.0, 64.0, 82.7140226568, 107.4479935471, 145.9609438496, 175.0, 183.89376197118, 197.19937597428, 230.76046369508, 256.0, 261.08428175852, 267.0, 307.4405515417, 327.3534349341, 339.9719804129, 355.7284044044, 377.4830905433, 389.2457647716, 398.43738840402, 410.27924265072, 422.0, 433.4468981388, 451.4038575696, 454.33197676116, 463.52264839059, 467.21493778878, 480.62500389598, 494.46718367378, 498.53813405422005, 525.8024171550201, 526.9241060602001, 541.9658312937]
