Avion: 4      Iteracion: 4

Num Ruta: 8
Ingresos: 127200.0
Costos: 503.365757175
Utilidad Ruta: 126696.634243
Costo Reducido: 314928.612868
Nodos: [104, 40, 85, 14, 59, 31, 11, 76, 56, 23, 68, 35, 80, 8, 45, 90, 32, 19, 77, 53, 64, 41, 5, 50, 86, 20, 4, 49, 65, 914]
q: [0.0, 15.0, -15.0, 8.0, -8.0, 6.0, 8.0, -6.0, -8.0, 10.0, -10.0, 6.0, -6.0, 4.0, 11.0, -11.0, 4.0, 7.0, -4.0, -4.0, -7.0, 0.0, 12.0, -12.0, 0.0, 10.0, 5.0, -5.0, -10.0, 0.0]
Q: [0.0, 15.0, 0.0, 8.0, 0.0, 6.0, 14.0, 8.0, 0.0, 10.0, 0.0, 6.0, 0.0, 4.0, 15.0, 4.0, 8.0, 15.0, 11.0, 7.0, 0.0, 0.0, 12.0, 0.0, 0.0, 10.0, 15.0, 10.0, 0.0, 0.0]
B: [0.0, 62.0, 94.5694417821, 123.1478437143, 135.1695554893, 162.3816227022, 175.5643518961, 176.043230795197, 179.737609362697, 267.0, 306.733842905, 336.2538785588, 356.1667619512, 414.0, 417.40515271317, 426.59677634559, 428.13238729892, 439.84730193791995, 467.50217351602, 483.55127224462, 486.47939143618, 501.67040173827996, 510.07576573992, 511.1974546451, 522.5139758862, 536.0414163315, 546.3205673665001, 566.7463170467001, 578.6075402973001, 622.4991447906001]
