Avion: 4      Iteracion: 62

Num Ruta: 57
Ingresos: 118800.0
Costos: 414.093296571
Utilidad Ruta: 118385.906703
Costo Reducido: 9.62926838524
Nodos: [104, 11, 56, 44, 42, 89, 35, 87, 26, 80, 71, 22, 67, 19, 8, 64, 53, 32, 43, 77, 88, 29, 7, 52, 74, 33, 78, 914]
q: [0.0, 8.0, -8.0, 10.0, 5.0, -10.0, 6.0, -5.0, 9.0, -6.0, -9.0, 10.0, -10.0, 7.0, 8.0, -7.0, -8.0, 6.0, 5.0, -6.0, -5.0, 9.0, 6.0, -6.0, -9.0, 10.0, -10.0, 0.0]
Q: [0.0, 8.0, 0.0, 10.0, 15.0, 5.0, 11.0, 6.0, 15.0, 9.0, 0.0, 10.0, 0.0, 7.0, 15.0, 8.0, 0.0, 6.0, 11.0, 5.0, 0.0, 9.0, 15.0, 9.0, 0.0, 10.0, 0.0, 0.0]
B: [0.0, 169.0, 173.05406684701, 211.0, 239.0, 276.4881823646, 296.9043957745, 300.96084557698003, 307.85632416806004, 317.14932954845005, 326.97114531744006, 340.60532596754007, 362.3600121064401, 402.0, 425.1608815463, 443.1178409771, 446.04596016866, 468.42569486326, 475.63853043604, 499.18544913044, 512.98440394594, 549.0, 570.2768523283, 598.8181641412, 611.1149679942, 619.9664596764001, 643.269970914, 656.4860787374]
