Avion: 6      Iteracion: 37

Num Ruta: 38
Ingresos: 144000.0
Costos: 387.939612419
Utilidad Ruta: 143612.060388
Costo Reducido: 93.5965472266
Nodos: [106, 24, 69, 10, 55, 26, 71, 22, 67, 45, 90, 19, 8, 64, 53, 13, 58, 20, 7, 52, 65, 2, 33, 78, 47, 916]
q: [0.0, 14.0, -14.0, 12.0, -12.0, 13.0, -13.0, 10.0, -10.0, 11.0, -11.0, 7.0, 8.0, -7.0, -8.0, 15.0, -15.0, 10.0, 5.0, -5.0, -10.0, 9.0, 6.0, -6.0, -9.0, 0.0]
Q: [0.0, 14.0, 0.0, 12.0, 0.0, 13.0, 0.0, 10.0, 0.0, 11.0, 0.0, 7.0, 15.0, 8.0, 0.0, 15.0, 0.0, 10.0, 15.0, 10.0, 0.0, 9.0, 15.0, 9.0, 0.0, 0.0]
B: [0.0, 61.0, 99.5129503025, 111.2988809828, 140.8183917172, 300.0, 317.5792279694, 331.2134086195, 352.9680947584, 371.0, 380.19162363242, 402.0, 425.1608815463, 443.1178409771, 446.04596016866, 448.25663630956996, 465.13978725956997, 496.0, 517.0, 545.5413118129, 558.5049963585999, 565.8352936240599, 579.6208945540599, 602.9244057916599, 621.4431898230598, 635.2918801943598]
