Avion: 2      Iteracion: 57

Num Ruta: 49
Ingresos: 118800.0
Costos: 311.905752006
Utilidad Ruta: 118488.094248
Costo Reducido: 23.9398411192
Nodos: [102, 14, 59, 18, 36, 81, 34, 63, 79, 39, 28, 84, 13, 58, 73, 15, 60, 7, 4, 52, 49, 37, 82, 912]
q: [0.0, 8.0, -8.0, 3.0, 12.0, -12.0, 12.0, -3.0, -12.0, 8.0, 7.0, -8.0, 8.0, -8.0, -7.0, 11.0, -11.0, 10.0, 5.0, -10.0, -5.0, 15.0, -15.0, 0.0]
Q: [0.0, 8.0, 0.0, 3.0, 15.0, 3.0, 15.0, 12.0, 0.0, 8.0, 15.0, 7.0, 15.0, 7.0, 0.0, 11.0, 0.0, 10.0, 15.0, 5.0, 0.0, 15.0, 0.0, 0.0]
B: [0.0, 112.0, 124.021711775, 293.0, 306.9670306436, 313.91517471234005, 327.63492270564007, 355.86696018084007, 371.0195898206401, 388.0, 399.3210123222, 412.3114993416, 423.0, 439.88315095, 462.92158097460003, 511.0, 527.4211666151, 538.3259061809999, 548.6892794734999, 567.9616404602, 569.12201453781, 576.1863866259699, 596.98104009747, 613.80190190657]
