Avion: 6      Iteracion: 11

Num Ruta: 13
Ingresos: 87600.0
Costos: 408.38304473
Utilidad Ruta: 87191.6169553
Costo Reducido: 85083.3709578
Nodos: [106, 9, 54, 14, 59, 42, 87, 23, 68, 8, 53, 25, 70, 15, 60, 33, 78, 916]
q: [0, 11.0, -11.0, 8.0, -8.0, 5.0, -5.0, 10.0, -10.0, 8.0, -8.0, 10.0, -10.0, 11.0, -11.0, 10.0, -10.0, 0]
Q: [0, 11.0, 0.0, 8.0, 0.0, 5.0, 0.0, 10.0, 0.0, 8.0, 0.0, 10.0, 0.0, 11.0, 0.0, 10.0, 0.0, 0]
B: [0.0, 28.0, 57.5272370025, 112.0, 124.021711775, 239.0, 287.0498346511, 324.0654735082, 363.7993164132, 414.0, 434.768396616, 468.12895782230004, 485.31394013240003, 511.0, 527.4211666151, 562.0, 585.3035112376, 608.1312848697]
