Avion: 6      Iteracion: 8

Num Ruta: 10
Ingresos: 122400.0
Costos: 519.794415723
Utilidad Ruta: 121880.205584
Costo Reducido: 179449.677086
Nodos: [106, 17, 62, 1, 11, 56, 46, 36, 81, 34, 79, 22, 67, 32, 19, 43, 64, 77, 88, 15, 7, 60, 27, 52, 2, 72, 47, 916]
q: [0.0, 5.0, -5.0, 7.0, 8.0, -8.0, -7.0, 15.0, -15.0, 12.0, -12.0, 10.0, -10.0, 6.0, 7.0, 2.0, -7.0, -6.0, -2.0, 6.0, 9.0, -6.0, 6.0, -9.0, 9.0, -6.0, -9.0, 0.0]
Q: [0.0, 5.0, 0.0, 7.0, 15.0, 7.0, 0.0, 15.0, 0.0, 12.0, 0.0, 10.0, 0.0, 6.0, 13.0, 15.0, 8.0, 2.0, 0.0, 6.0, 15.0, 9.0, 15.0, 6.0, 15.0, 9.0, 0.0, 0.0]
B: [0.0, 49.2628851063, 84.1054388876, 175.0, 193.6808285951, 197.73489544211, 232.05062478011, 265.99852841201, 272.94667248075, 286.66642047405, 327.61401851105, 357.36531792805, 379.12000406695, 422.0, 433.71491463899997, 451.0, 471.20454651800003, 488.3319229662, 502.1308777817, 512.3838860232, 526.1511501668, 537.0558897326999, 554.76967524, 570.6094501120999, 580.7396185706999, 592.1916916580999, 621.5322220044, 635.3809123757]
