Avion: 2      Iteracion: 32

Num Ruta: 28
Ingresos: 132000.0
Costos: 423.661129235
Utilidad Ruta: 131576.338871
Costo Reducido: 72.6806939743
Nodos: [102, 11, 56, 1, 46, 3, 48, 18, 63, 22, 67, 45, 90, 8, 53, 25, 70, 21, 38, 83, 66, 33, 2, 47, 78, 912]
q: [0.0, 8.0, -8.0, 7.0, -7.0, 15.0, -15.0, 11.0, -11.0, 10.0, -10.0, 11.0, -11.0, 8.0, -8.0, 10.0, -10.0, 7.0, 8.0, -8.0, -7.0, 6.0, 9.0, -9.0, -6.0, 0.0]
Q: [0.0, 8.0, 0.0, 7.0, 0.0, 15.0, 0.0, 11.0, 0.0, 10.0, 0.0, 11.0, 0.0, 8.0, 0.0, 10.0, 0.0, 7.0, 15.0, 7.0, 0.0, 6.0, 15.0, 6.0, 0.0, 0.0]
B: [0.0, 169.0, 173.05406684701, 195.72351838431, 229.96360391281002, 256.0, 261.08428175852, 293.0, 316.8182362487, 332.3010836612, 354.0557698001, 371.0, 380.19162363242, 414.0, 434.768396616, 468.12895782230004, 485.31394013240003, 493.48265361740005, 500.30556655837006, 533.1744531990701, 540.2443817701401, 562.0, 575.78560093, 616.5205629774, 635.0393470088, 656.5750333456999]
