Avion: 7      Iteracion: 29

Num Ruta: 26
Ingresos: 106800.0
Costos: 307.717769134
Utilidad Ruta: 106492.282231
Costo Reducido: 100.328378092
Nodos: [107, 9, 54, 14, 59, 3, 48, 23, 35, 68, 80, 13, 58, 43, 15, 88, 60, 20, 65, 917]
q: [0.0, 11.0, -11.0, 8.0, -8.0, 15.0, -15.0, 9.0, 6.0, -9.0, -6.0, 15.0, -15.0, 5.0, 10.0, -5.0, -10.0, 10.0, -10.0, 0.0]
Q: [0.0, 11.0, 0.0, 8.0, 0.0, 15.0, 0.0, 9.0, 15.0, 6.0, 0.0, 15.0, 0.0, 5.0, 15.0, 10.0, 0.0, 10.0, 0.0, 0.0]
B: [0.0, 28.0, 57.5272370025, 112.0, 124.021711775, 256.0, 261.08428175852, 267.0, 307.4405515417, 336.9605871955, 349.5791326743, 423.0, 439.88315095, 462.0954705272, 511.0, 521.2530082415, 533.7945681525, 539.92842020484, 582.10556265194, 594.98621364484]
