Avion: 1      Iteracion: 62

Num Ruta: 56
Ingresos: 82800.0
Costos: 261.31440528
Utilidad Ruta: 82538.6855947
Costo Reducido: 15.2020109741
Nodos: [101, 9, 54, 36, 81, 34, 79, 28, 73, 15, 21, 60, 38, 83, 66, 911]
q: [0.0, 11.0, -11.0, 15.0, -15.0, 12.0, -12.0, 8.0, -8.0, 8.0, 7.0, -8.0, 8.0, -8.0, -7.0, 0.0]
Q: [0.0, 11.0, 0.0, 15.0, 0.0, 12.0, 0.0, 8.0, 0.0, 8.0, 15.0, 7.0, 15.0, 7.0, 0.0, 0.0]
B: [0.0, 28.0, 57.5272370025, 251.0, 257.94814406874, 283.0, 323.947598037, 378.0, 414.0266187839, 511.0, 516.67223351071, 527.47150163401, 531.55876734595, 564.42765398665, 571.49758255772, 593.69574259412]
