Avion: 7      Iteracion: 7

Num Ruta: 9
Ingresos: 147600.0
Costos: 581.520950805
Utilidad Ruta: 147018.479049
Costo Reducido: 369963.44131
Nodos: [107, 17, 30, 62, 12, 75, 57, 31, 76, 44, 89, 36, 81, 18, 63, 28, 73, 39, 84, 13, 58, 15, 60, 20, 27, 72, 65, 917]
q: [0.0, 5.0, 1.0, -5.0, 14.0, -1.0, -14.0, 6.0, -6.0, 14.0, -14.0, 15.0, -15.0, 11.0, -11.0, 8.0, -8.0, 8.0, -8.0, 15.0, -15.0, 11.0, -11.0, 10.0, 5.0, -5.0, -10.0, 0.0]
Q: [0.0, 5.0, 6.0, 1.0, 15.0, 14.0, 0.0, 6.0, 0.0, 14.0, 0.0, 15.0, 0.0, 11.0, 0.0, 8.0, 0.0, 8.0, 0.0, 15.0, 0.0, 11.0, 0.0, 10.0, 15.0, 10.0, 0.0, 0.0]
B: [0.0, 42.7570493018, 76.37076090880001, 79.51521539249, 99.22390913409001, 134.05065559429, 156.84651366109, 177.76384704759, 191.06946105069, 211.0, 265.00737440390003, 304.21876092620005, 311.16690499494007, 332.0497652636401, 355.8680015123401, 378.0, 414.0266187839, 445.4560261757, 468.0882136307, 471.32014741715, 488.20329836715, 511.0, 527.4211666151, 533.55501866744, 557.04922254844, 574.0800849165399, 590.2378507274399, 603.1185017203399]
