Avion: 3      Iteracion: 45

Num Ruta: 45
Ingresos: 45600.0
Costos: 136.080373229
Utilidad Ruta: 45463.9196268
Costo Reducido: 14.0217781669
Nodos: [103, 36, 81, 25, 70, 21, 66, 913]
q: [0, 15.0, -15.0, 10.0, -10.0, 13.0, -13.0, 0]
Q: [0, 15.0, 0.0, 10.0, 0.0, 13.0, 0.0, 0]
B: [0.0, 251.0, 257.94814406874, 410.0, 427.1849823101, 477.0, 517.7387906792, 534.7289915314999]
