Avion: 2      Iteracion: 61

Num Ruta: 53
Ingresos: 114000.0
Costos: 297.138342572
Utilidad Ruta: 113702.861657
Costo Reducido: 9.3401340674
Nodos: [102, 14, 59, 3, 48, 18, 36, 81, 34, 63, 79, 39, 28, 84, 43, 73, 15, 88, 60, 7, 4, 52, 49, 912]
q: [0.0, 8.0, -8.0, 15.0, -15.0, 3.0, 12.0, -12.0, 12.0, -3.0, -12.0, 8.0, 7.0, -8.0, 5.0, -7.0, 10.0, -5.0, -10.0, 10.0, 5.0, -10.0, -5.0, 0.0]
Q: [0.0, 8.0, 0.0, 15.0, 0.0, 3.0, 15.0, 3.0, 15.0, 12.0, 0.0, 8.0, 15.0, 7.0, 12.0, 5.0, 15.0, 10.0, 0.0, 10.0, 15.0, 5.0, 0.0, 0.0]
B: [0.0, 112.0, 124.021711775, 256.0, 261.08428175852, 293.0, 306.9670306436, 313.91517471234005, 327.63492270564007, 355.86696018084007, 371.0195898206401, 388.0, 399.3210123222, 412.3114993416, 451.0, 467.5718045185, 511.0, 521.2530082415, 533.7945681525, 544.6993077184, 555.0626810109, 574.3350419976, 575.49541607521, 587.14961643391]
