Avion: 7      Iteracion: 18

Num Ruta: 16
Ingresos: 62400.0
Costos: 209.085098506
Utilidad Ruta: 62190.9149015
Costo Reducido: 441.388288101
Nodos: [107, 9, 54, 40, 85, 26, 71, 39, 84, 6, 51, 917]
q: [0, 11.0, -11.0, 15.0, -15.0, 13.0, -13.0, 8.0, -8.0, 5.0, -5.0, 0]
Q: [0, 11.0, 0.0, 15.0, 0.0, 13.0, 0.0, 8.0, 0.0, 5.0, 0.0, 0]
B: [0.0, 28.0, 57.5272370025, 86.4860319533, 119.0554737354, 300.0, 317.5792279694, 388.0, 410.632187455, 436.0, 439.69228939819, 461.08645703799]
