Avion: 4      Iteracion: 18

Num Ruta: 21
Ingresos: 104400.0
Costos: 397.414607533
Utilidad Ruta: 104002.585392
Costo Reducido: 1230.52366719
Nodos: [104, 9, 54, 40, 85, 26, 71, 39, 6, 51, 84, 13, 58, 43, 20, 88, 7, 4, 27, 72, 65, 49, 52, 914]
q: [0.0, 11.0, -11.0, 15.0, -15.0, 13.0, -13.0, 8.0, 5.0, -5.0, -8.0, 15.0, -15.0, 5.0, 10.0, -5.0, 0.0, 0.0, 5.0, -5.0, -10.0, 0.0, 0.0, 0.0]
Q: [0.0, 11.0, 0.0, 15.0, 0.0, 13.0, 0.0, 8.0, 13.0, 8.0, 0.0, 15.0, 0.0, 5.0, 15.0, 10.0, 10.0, 10.0, 15.0, 10.0, 0.0, 0.0, 0.0, 0.0]
B: [0.0, 34.2318085996, 63.7590456021, 92.7178405529, 125.287282335, 300.0, 317.5792279694, 388.0, 436.0, 439.69228939819, 449.87740525418997, 453.10933904063995, 469.99248999063997, 492.20480956783996, 500.8978123862, 509.83804146603995, 527.1401274674399, 537.5035007599399, 555.11827529724, 572.1491376653399, 588.3069034762399, 600.1681267268399, 601.3285008044498, 634.5965562631499]
