Avion: 2      Iteracion: 52

Num Ruta: 45
Ingresos: 98400.0
Costos: 248.348102585
Utilidad Ruta: 98151.6518974
Costo Reducido: 25.1844690742
Nodos: [102, 30, 16, 61, 75, 45, 90, 43, 25, 70, 88, 15, 60, 20, 7, 52, 65, 37, 82, 912]
q: [0.0, 11.0, 4.0, -4.0, -11.0, 11.0, -11.0, 5.0, 10.0, -10.0, -5.0, 11.0, -11.0, 10.0, 5.0, -5.0, -10.0, 15.0, -15.0, 0.0]
Q: [0.0, 11.0, 15.0, 11.0, 0.0, 11.0, 0.0, 5.0, 15.0, 5.0, 0.0, 11.0, 0.0, 10.0, 15.0, 10.0, 0.0, 15.0, 0.0, 0.0]
B: [0.0, 64.0, 72.20259129788, 81.82668273552001, 84.69783929691, 371.0, 380.19162363242, 451.0, 465.0611587716, 482.2461410817, 489.99531710241, 511.0, 527.4211666151, 533.55501866744, 542.2979730879999, 570.8392849008999, 583.8029694465998, 595.3804874016998, 616.1751408731998, 632.9960026822998]
