Avion: 6      Iteracion: 86

Num Ruta: 62
Ingresos: 3048.93
Costos: 580.255411403
Utilidad Ruta: 2468.6745886
Costo Reducido: 88.6961048443
Nodos: [106, 30, 16, 51, 65, 24, 59, 1, 11, 46, 36, 3, 38, 23, 35, 70, 34, 58, 22, 69, 57, 19, 54, 13, 48, 5, 40, 33, 68, 29, 64, 716]
q: [0.0, 11.0, 4.0, -4.0, -11.0, 11.0, -11.0, 7.0, 6.0, -6.0, -7.0, 13.0, -13.0, 7.0, 8.0, -8.0, 8.0, -7.0, 7.0, -8.0, -7.0, 7.0, -7.0, 15.0, -15.0, 9.0, -9.0, 5.0, -5.0, 9.0, -9.0, 0.0]
Q: [0.0, 11.0, 15.0, 11.0, 0.0, 11.0, 0.0, 7.0, 13.0, 7.0, 0.0, 13.0, 0.0, 7.0, 15.0, 7.0, 15.0, 8.0, 15.0, 7.0, 0.0, 7.0, 0.0, 15.0, 0.0, 9.0, 0.0, 5.0, 0.0, 9.0, 0.0, 0.0]
B: [0.0, 64.0, 72.20259129788, 81.82668273552001, 84.69783929691, 109.43181018721, 147.94476048971, 175.0, 193.6808285951, 197.73489544211, 232.05062478011, 256.0, 261.08428175852, 267.0, 277.4634044651, 289.38614345409997, 322.0, 336.2589470158, 352.0153710073, 366.5845376616, 377.17478798909997, 402.0, 428.6271162915, 432.85473559792, 449.73788654792, 477.00216964872004, 478.12385855390005, 491.41403725850006, 533.3667023109001, 549.0, 582.7797797802, 603.1769870644999]
