Avion: 1      Iteracion: 10

Num Ruta: 11
Ingresos: 957.134
Costos: 364.634769757
Utilidad Ruta: 592.499230243
Costo Reducido: 215.33868698
Nodos: [101, 30, 65, 32, 67, 26, 61, 29, 4, 64, 39, 711]
q: [0, 11.0, -11.0, 11.0, -11.0, 10.0, -10.0, 9.0, 3.0, -9.0, -3.0, 0]
Q: [0, 11.0, 0.0, 11.0, 0.0, 10.0, 0.0, 9.0, 12.0, 3.0, 0.0, 0]
B: [0.0, 64.0, 82.7140226568, 309.0, 319.4016530417, 332.1221722921, 349.7014002615, 549.0, 569.7100026316, 592.5834067727, 604.8024778094, 621.6115099053]
