Avion: 1      Iteracion: 24

Num Ruta: 21
Ingresos: 887.705
Costos: 362.590605132
Utilidad Ruta: 525.114394868
Costo Reducido: 97.3788808973
Nodos: [101, 30, 16, 51, 65, 33, 68, 29, 4, 39, 64, 711]
q: [0.0, 6.0, 9.0, -9.0, -6.0, 5.0, -5.0, 9.0, 3.0, -3.0, -9.0, 0.0]
Q: [0.0, 6.0, 15.0, 6.0, 0.0, 5.0, 0.0, 9.0, 12.0, 9.0, 0.0, 0.0]
B: [0.0, 64.0, 72.20259129788, 81.82668273552001, 84.69783929691, 437.0, 478.9526650524, 549.0, 569.7100026316, 590.1357523117999, 602.3548233485, 618.4553323156]
