Avion: 2      Iteracion: 50

Num Ruta: 38
Ingresos: 1632.684
Costos: 609.566738442
Utilidad Ruta: 1023.11726156
Costo Reducido: 83.0167263678
Nodos: [102, 16, 51, 30, 65, 35, 70, 32, 67, 26, 61, 34, 69, 8, 33, 43, 13, 48, 68, 29, 27, 62, 64, 712]
q: [0.0, 9.0, -9.0, 11.0, -11.0, 8.0, -8.0, 11.0, -11.0, 0.0, 0.0, 8.0, -8.0, 8.0, 5.0, -8.0, 10.0, -10.0, -5.0, 9.0, 6.0, -6.0, -9.0, 0.0]
Q: [0.0, 9.0, 0.0, 11.0, 0.0, 8.0, 0.0, 11.0, 0.0, 0.0, 0.0, 8.0, 0.0, 8.0, 13.0, 5.0, 15.0, 5.0, 0.0, 9.0, 15.0, 9.0, 0.0, 0.0]
B: [0.0, 36.0, 45.624091437640004, 64.0, 82.7140226568, 270.0, 281.922738989, 309.0, 319.4016530417, 332.1221722921, 349.7014002615, 364.6146463535, 401.0547765673, 414.0, 437.0, 460.2743670161, 462.48504315700995, 479.36819410700997, 484.71624440594996, 549.0, 574.6018082369, 591.6326706049999, 607.0800481818, 643.5660336556999]
