Avion: 3      Iteracion: 0

Num Ruta: 1
Ingresos: 871.608
Costos: 315.203852956
Utilidad Ruta: 556.404147044
Costo Reducido: -
Nodos: [103, 24, 59, 11, 46, 19, 54, 33, 68, 713]
q: [0, 11.0, -11.0, 6.0, -6.0, 7.0, -7.0, 5.0, -5.0, 0]
Q: [0, 11.0, 0.0, 6.0, 0.0, 7.0, 0.0, 5.0, 0.0, 0]
B: [0.0, 61.0, 99.5129503025, 169.0, 173.05406684701, 402.0, 428.6271162915, 450.1755100599, 492.12817511229997, 495.82305061765]
