Avion: 7      Iteracion: 38

Num Ruta: 34
Ingresos: 633.002
Costos: 213.694054004
Utilidad Ruta: 419.307945996
Costo Reducido: 15.6302671701
Nodos: [107, 14, 49, 3, 38, 35, 70, 32, 67, 22, 57, 717]
q: [0, 8.0, -8.0, 13.0, -13.0, 8.0, -8.0, 11.0, -11.0, 10.0, -10.0, 0]
Q: [0, 8.0, 0.0, 13.0, 0.0, 8.0, 0.0, 11.0, 0.0, 10.0, 0.0, 0]
B: [0.0, 112.0, 124.021711775, 256.0, 261.08428175852, 274.08526633661995, 286.00800532561993, 309.0, 319.4016530417, 353.8662667781, 375.620952917, 377.58774167027]
