Avion: 6      Iteracion: 110

Num Ruta: 81
Ingresos: 1896.805
Costos: 361.65396691
Utilidad Ruta: 1535.15103309
Costo Reducido: 14.8788105718
Nodos: [106, 17, 30, 52, 16, 65, 51, 10, 45, 32, 67, 26, 34, 61, 69, 8, 33, 43, 13, 48, 68, 5, 40, 716]
q: [0.0, 5.0, 10.0, -5.0, 5.0, -10.0, -5.0, 12.0, -12.0, 11.0, -11.0, 7.0, 8.0, -7.0, -8.0, 8.0, 5.0, -8.0, 10.0, -10.0, -5.0, 9.0, -9.0, 0.0]
Q: [0.0, 5.0, 15.0, 10.0, 15.0, 5.0, 0.0, 12.0, 0.0, 11.0, 0.0, 7.0, 15.0, 8.0, 0.0, 8.0, 13.0, 5.0, 15.0, 5.0, 0.0, 9.0, 0.0, 0.0]
B: [0.0, 24.0, 64.0, 67.14445448369, 72.47609381883, 83.29276558052999, 86.16392214191998, 101.99319935221999, 131.51271008662, 309.0, 319.4016530417, 332.1221722921, 348.0493993263, 362.9626454183, 387.9493993691, 414.0, 437.0, 460.2743670161, 462.48504315700995, 479.36819410700997, 484.71624440594996, 513.68766199295, 514.80935089813, 521.5327049718]
