Avion: 1      Iteracion: 31

Num Ruta: 26
Ingresos: 1829.636
Costos: 452.083704387
Utilidad Ruta: 1377.55229561
Costo Reducido: 56.1422266708
Nodos: [101, 24, 59, 1, 36, 35, 70, 33, 68, 21, 4, 56, 27, 62, 39, 711]
q: [0, 11.0, -11.0, 7.0, -7.0, 8.0, -8.0, 5.0, -5.0, 12.0, 3.0, -12.0, 6.0, -6.0, -3.0, 0]
Q: [0, 11.0, 0.0, 7.0, 0.0, 8.0, 0.0, 5.0, 0.0, 12.0, 15.0, 3.0, 9.0, 3.0, 0.0, 0]
B: [0.0, 61.0, 99.5129503025, 175.0, 209.2400855285, 270.0, 281.922738989, 437.0, 478.9526650524, 489.83214242959997, 529.0, 558.169797411, 571.3472456086, 588.3781079767, 593.79336651162, 610.60239860752]
