Avion: 1      Iteracion: 86

Num Ruta: 52
Ingresos: 1185.501
Costos: 355.944552488
Utilidad Ruta: 829.556447512
Costo Reducido: 26.0668516787
Nodos: [101, 30, 65, 24, 59, 19, 54, 13, 48, 29, 64, 711]
q: [0, 11.0, -11.0, 11.0, -11.0, 7.0, -7.0, 15.0, -15.0, 9.0, -9.0, 0]
Q: [0, 11.0, 0.0, 11.0, 0.0, 7.0, 0.0, 15.0, 0.0, 9.0, 0.0, 0]
B: [0.0, 64.0, 82.7140226568, 107.4479935471, 145.9609438496, 402.0, 428.6271162915, 432.85473559792, 449.73788654792, 549.0, 582.7797797802, 598.8802887473]
