Avion: 5      Iteracion: 78

Num Ruta: 58
Ingresos: 1274.205
Costos: 383.155879021
Utilidad Ruta: 891.049120979
Costo Reducido: 24.143778808
Nodos: [105, 11, 46, 1, 36, 23, 35, 70, 32, 67, 34, 58, 69, 715]
q: [0.0, 6.0, -6.0, 7.0, -7.0, 7.0, 8.0, -8.0, 8.0, -8.0, 8.0, -7.0, -8.0, 0.0]
Q: [0.0, 6.0, 0.0, 7.0, 0.0, 7.0, 15.0, 7.0, 15.0, 7.0, 15.0, 8.0, 0.0, 0.0]
B: [0.0, 169.0, 173.05406684701, 195.72351838431, 229.96360391281002, 267.0, 277.4634044651, 289.38614345409997, 309.0, 319.4016530417, 346.1750898215, 360.4340368373, 388.28712463740004, 406.82150288430006]
