Avion: 1      Iteracion: 36

Num Ruta: 30
Ingresos: 824.424
Costos: 333.213733023
Utilidad Ruta: 491.210266977
Costo Reducido: 73.0980008869
Nodos: [101, 30, 65, 32, 67, 34, 69, 19, 54, 711]
q: [0, 11.0, -11.0, 11.0, -11.0, 8.0, -8.0, 7.0, -7.0, 0]
Q: [0, 11.0, 0.0, 11.0, 0.0, 8.0, 0.0, 7.0, 0.0, 0]
B: [0.0, 64.0, 82.7140226568, 309.0, 319.4016530417, 346.1750898215, 382.6152200353, 403.1550362954, 429.7821525869, 434.5276795334]
