Avion: 5      Iteracion: 43

Num Ruta: 38
Ingresos: 468.419
Costos: 363.276191634
Utilidad Ruta: 105.142808366
Costo Reducido: 4.70281820861
Nodos: [105, 16, 51, 35, 70, 32, 67, 33, 68, 715]
q: [0, 9.0, -9.0, 8.0, -8.0, 11.0, -11.0, 5.0, -5.0, 0]
Q: [0, 9.0, 0.0, 8.0, 0.0, 11.0, 0.0, 5.0, 0.0, 0]
B: [0.0, 36.0, 45.624091437640004, 270.0, 281.922738989, 309.0, 319.4016530417, 437.0, 478.9526650524, 522.7129914909]
