Avion: 6      Iteracion: 92

Num Ruta: 68
Ingresos: 1769.156
Costos: 382.749387082
Utilidad Ruta: 1386.40661292
Costo Reducido: 35.054564631
Nodos: [106, 17, 30, 52, 16, 65, 51, 10, 45, 3, 38, 35, 70, 22, 57, 18, 53, 31, 6, 41, 5, 40, 66, 716]
q: [0.0, 5.0, 10.0, -5.0, 5.0, -10.0, -5.0, 12.0, -12.0, 13.0, -13.0, 8.0, -8.0, 10.0, -10.0, 10.0, -10.0, 9.0, 4.0, -4.0, 6.0, -6.0, -9.0, 0.0]
Q: [0.0, 5.0, 15.0, 10.0, 15.0, 5.0, 0.0, 12.0, 0.0, 13.0, 0.0, 8.0, 0.0, 10.0, 0.0, 10.0, 0.0, 9.0, 13.0, 9.0, 15.0, 9.0, 0.0, 0.0]
B: [0.0, 24.0, 64.0, 67.14445448369, 72.47609381883, 83.29276558052999, 86.16392214191998, 101.99319935221999, 131.51271008662, 256.0, 261.08428175852, 274.08526633661995, 286.00800532561993, 303.7313161055199, 325.4860022444199, 338.88643884181994, 362.7046750905199, 406.0, 436.0, 439.69228939819, 469.0, 470.12168890518, 488.93639618428, 503.42184005048]
