Avion: 4      Iteracion: 1

Num Ruta: 5
Ingresos: 3543.424
Costos: 644.729013955
Utilidad Ruta: 2898.69498604
Costo Reducido: 1572.77729465
Nodos: [104, 16, 51, 9, 44, 14, 49, 3, 38, 23, 35, 70, 18, 53, 58, 34, 69, 8, 19, 54, 43, 21, 56, 2, 37, 29, 64, 714]
q: [0.0, 9.0, -9.0, 11.0, -11.0, 8.0, -8.0, 13.0, -13.0, 7.0, 8.0, -8.0, 8.0, -8.0, -7.0, 8.0, -8.0, 8.0, 7.0, -7.0, -8.0, 12.0, -12.0, 10.0, -10.0, 9.0, -9.0, 0.0]
Q: [0.0, 9.0, 0.0, 11.0, 0.0, 8.0, 0.0, 13.0, 0.0, 7.0, 15.0, 7.0, 15.0, 7.0, 0.0, 8.0, 0.0, 8.0, 15.0, 8.0, 0.0, 12.0, 0.0, 10.0, 0.0, 9.0, 0.0, 0.0]
B: [0.0, 37.6306202048, 47.25471164244, 77.31156779874, 106.83880480124, 117.09561151674001, 129.11732329174, 256.0, 261.08428175852, 267.0, 277.4634044651, 289.38614345409997, 309.80429657819997, 333.62253282689994, 343.54806439956997, 357.80701141536997, 394.24714162916996, 414.0, 437.1608815463, 463.7879978378, 466.71611702935996, 491.68028873606, 532.41907941526, 556.27009314636, 597.00505519376, 606.80979573087, 640.5895755110699, 667.3600055598699]
