Avion: 5      Iteracion: 14

Num Ruta: 16
Ingresos: 1555.842
Costos: 407.426748727
Utilidad Ruta: 1148.41525127
Costo Reducido: 222.018449113
Nodos: [105, 10, 45, 1, 36, 23, 58, 31, 66, 715]
q: [0, 12.0, -12.0, 7.0, -7.0, 10.0, -10.0, 9.0, -9.0, 0]
Q: [0, 12.0, 0.0, 7.0, 0.0, 10.0, 0.0, 9.0, 0.0, 0]
B: [0.0, 96.0, 125.5195107344, 175.0, 209.2400855285, 267.0, 306.733842905, 406.0, 434.325479078, 448.0782228406]
