Avion: 6      Iteracion: 4

Num Ruta: 7
Ingresos: 1125.924
Costos: 382.764103104
Utilidad Ruta: 743.159896896
Costo Reducido: 322.312306493
Nodos: [106, 24, 59, 18, 53, 22, 57, 33, 68, 27, 62, 716]
q: [0, 11.0, -11.0, 10.0, -10.0, 10.0, -10.0, 5.0, -5.0, 6.0, -6.0, 0]
Q: [0, 11.0, 0.0, 10.0, 0.0, 10.0, 0.0, 5.0, 0.0, 6.0, 0.0, 0]
B: [0.0, 61.0, 99.5129503025, 293.0, 316.8182362487, 332.3010836612, 354.0557698001, 437.0, 478.9526650524, 538.0, 555.0308623681, 564.73653272104]
