Avion: 7      Iteracion: 8

Num Ruta: 9
Ingresos: 1060.169
Costos: 438.873110578
Utilidad Ruta: 621.295889422
Costo Reducido: 185.200534663
Nodos: [107, 16, 51, 10, 14, 49, 45, 1, 36, 32, 67, 22, 57, 717]
q: [0.0, 9.0, -9.0, 12.0, 3.0, -3.0, -12.0, 7.0, -7.0, 11.0, -11.0, 10.0, -10.0, 0.0]
Q: [0.0, 9.0, 0.0, 12.0, 15.0, 12.0, 0.0, 7.0, 0.0, 11.0, 0.0, 10.0, 0.0, 0.0]
B: [0.0, 40.0989101099, 49.723001547539994, 96.0, 123.8098495501, 135.83156132509998, 181.3546435582, 219.773984729, 254.0140702575, 309.0, 319.4016530417, 353.8662667781, 375.620952917, 377.58774167027]
