Avion: 3      Iteracion: 38

Num Ruta: 32
Ingresos: 355.73
Costos: 233.118049349
Utilidad Ruta: 122.611950651
Costo Reducido: 19.3264659899
Nodos: [103, 33, 13, 48, 68, 713]
q: [0.0, 5.0, 10.0, -10.0, -5.0, 0.0]
Q: [0.0, 5.0, 15.0, 5.0, 0.0, 0.0]
B: [0.0, 437.0, 462.372931896, 479.256082846, 484.60413314494, 488.29900865029003]
