Avion: 5      Iteracion: 40

Num Ruta: 36
Ingresos: 2390.655
Costos: 549.475458514
Utilidad Ruta: 1841.17954149
Costo Reducido: 30.6898479074
Nodos: [105, 23, 35, 70, 26, 58, 61, 32, 67, 33, 8, 43, 13, 48, 68, 5, 40, 2, 37, 29, 64, 715]
q: [0.0, 7.0, 8.0, -8.0, 8.0, -7.0, -8.0, 11.0, -11.0, 5.0, 8.0, -8.0, 10.0, -10.0, -5.0, 9.0, -9.0, 10.0, -10.0, 9.0, -9.0, 0.0]
Q: [0.0, 7.0, 15.0, 7.0, 15.0, 8.0, 0.0, 11.0, 0.0, 5.0, 13.0, 5.0, 15.0, 5.0, 0.0, 9.0, 0.0, 10.0, 0.0, 9.0, 0.0, 0.0]
B: [0.0, 267.0, 277.4634044651, 289.38614345409997, 303.7370056233, 323.4233783974, 326.49045077998, 346.54163588208, 356.94328892378, 437.0, 450.76465480859997, 471.5330514246, 473.74372756550997, 490.62687851551, 495.97492881445, 524.94634640145, 526.06803530663, 540.15008576103, 580.88504780843, 590.68978834554, 624.46956812574, 671.78051206054]
