Avion: 5      Iteracion: 29

Num Ruta: 28
Ingresos: 567.033
Costos: 300.712821728
Utilidad Ruta: 266.320178272
Costo Reducido: 68.9332642597
Nodos: [105, 14, 49, 35, 70, 18, 53, 31, 66, 715]
q: [0, 8.0, -8.0, 8.0, -8.0, 10.0, -10.0, 9.0, -9.0, 0]
Q: [0, 8.0, 0.0, 8.0, 0.0, 10.0, 0.0, 9.0, 0.0, 0]
B: [0.0, 112.0, 124.021711775, 270.0, 281.922738989, 302.3408921131, 326.15912836179996, 406.0, 434.325479078, 448.0782228406]
