Avion: 6      Iteracion: 20

Num Ruta: 23
Ingresos: 1248.718
Costos: 391.561570971
Utilidad Ruta: 857.156429029
Costo Reducido: 182.15296573
Nodos: [106, 17, 52, 24, 9, 44, 59, 14, 49, 35, 70, 32, 67, 33, 6, 41, 13, 48, 68, 716]
q: [0.0, 5.0, -5.0, 11.0, 4.0, -4.0, -11.0, 8.0, -8.0, 8.0, -8.0, 11.0, -11.0, 5.0, 0.0, 0.0, 10.0, -10.0, -5.0, 0.0]
Q: [0.0, 5.0, 0.0, 11.0, 15.0, 11.0, 0.0, 8.0, 0.0, 8.0, 0.0, 11.0, 0.0, 5.0, 5.0, 5.0, 15.0, 5.0, 0.0, 0.0]
B: [0.0, 24.0, 58.8425537813, 75.400837086, 81.83771412381999, 111.36495112632, 136.42051454042, 165.06688383911998, 177.08859561411998, 270.0, 281.922738989, 309.0, 319.4016530417, 437.0, 463.1548069196, 466.84709631779, 480.25716242499, 497.14031337499, 502.48836367393, 526.38080760503]
