Avion: 2      Iteracion: 64

Num Ruta: 42
Ingresos: 1457.258
Costos: 339.072001787
Utilidad Ruta: 1118.18599821
Costo Reducido: 35.4832701737
Nodos: [102, 16, 51, 12, 47, 10, 45, 32, 67, 26, 61, 13, 48, 20, 4, 39, 55, 2, 37, 712]
q: [0, 9.0, -9.0, 0.0, -0.0, 12.0, -12.0, 11.0, -11.0, 10.0, -10.0, 15.0, -15.0, 0.0, 3.0, -3.0, -0.0, 10.0, -10.0, 0]
Q: [0, 9.0, 0.0, 0.0, 0.0, 12.0, 0.0, 11.0, 0.0, 10.0, 0.0, 15.0, 0.0, 0.0, 3.0, 0.0, 0.0, 10.0, 0.0, 0]
B: [0.0, 36.0, 45.624091437640004, 79.57799432084, 122.92591858484, 131.64368894199, 161.16319967639, 309.0, 319.4016530417, 332.1221722921, 349.7014002615, 423.0, 439.88315095, 496.0, 529.0, 549.4257496801999, 561.2869729308, 568.6172701962599, 609.35223224366, 613.46797871301]
