Avion: 6      Iteracion: 27

Num Ruta: 30
Ingresos: 1266.628
Costos: 234.256100201
Utilidad Ruta: 1032.3718998
Costo Reducido: 9.86311545225
Nodos: [106, 17, 52, 30, 16, 51, 65, 35, 70, 8, 19, 54, 43, 5, 40, 716]
q: [0.0, 5.0, -5.0, 11.0, 4.0, -4.0, -11.0, 8.0, -8.0, 8.0, 7.0, -7.0, -8.0, 9.0, -9.0, 0.0]
Q: [0.0, 5.0, 0.0, 11.0, 15.0, 11.0, 0.0, 8.0, 0.0, 8.0, 15.0, 8.0, 0.0, 9.0, 0.0, 0.0]
B: [0.0, 24.0, 58.8425537813, 64.0, 72.20259129788, 81.82668273552001, 84.69783929691, 270.0, 281.922738989, 414.0, 437.1608815463, 463.7879978378, 466.71611702935996, 476.46892790622996, 477.59061681141, 484.31397088508]
