Avion: 1      Iteracion: 79

Num Ruta: 49
Ingresos: 990.506
Costos: 256.984818463
Utilidad Ruta: 733.521181537
Costo Reducido: 0.252526906305
Nodos: [101, 30, 16, 51, 65, 24, 59, 1, 36, 8, 43, 711]
q: [0.0, 6.0, 9.0, -9.0, -6.0, 11.0, -11.0, 7.0, -7.0, 8.0, -8.0, 0.0]
Q: [0.0, 6.0, 15.0, 6.0, 0.0, 11.0, 0.0, 7.0, 0.0, 8.0, 0.0, 0.0]
B: [0.0, 64.0, 72.20259129788, 81.82668273552001, 84.69783929691, 109.43181018721, 147.94476048971, 175.0, 209.2400855285, 414.0, 434.768396616, 440.47752789843]
