Avion: 4      Iteracion: 23

Num Ruta: 25
Ingresos: 740.138
Costos: 297.663620112
Utilidad Ruta: 442.474379888
Costo Reducido: 65.615588691
Nodos: [104, 17, 52, 14, 49, 33, 68, 714]
q: [0, 5.0, -5.0, 8.0, -8.0, 5.0, -5.0, 0]
Q: [0, 5.0, 0.0, 8.0, 0.0, 5.0, 0.0, 0]
B: [0.0, 24.0, 58.8425537813, 112.0, 124.021711775, 437.0, 478.9526650524, 495.1270820434]
