Avion: 2      Iteracion: 6

Num Ruta: 7
Ingresos: 2493.552
Costos: 835.466815949
Utilidad Ruta: 1658.08518405
Costo Reducido: 1258.91575003
Nodos: [102, 9, 12, 44, 30, 16, 51, 65, 47, 10, 45, 3, 38, 35, 70, 22, 57, 28, 63, 25, 60, 31, 66, 33, 5, 40, 68, 29, 27, 64, 62, 712]
q: [0.0, 11.0, 0.0, -11.0, 11.0, 0.0, 0.0, -11.0, 0.0, 12.0, -12.0, 13.0, -13.0, 8.0, -8.0, 10.0, -10.0, 6.0, -6.0, 10.0, -10.0, 9.0, -9.0, 5.0, 9.0, -9.0, -5.0, 9.0, 6.0, -9.0, -6.0, 0.0]
Q: [0.0, 11.0, 11.0, 0.0, 11.0, 11.0, 11.0, 0.0, 0.0, 12.0, 0.0, 13.0, 0.0, 8.0, 0.0, 10.0, 0.0, 6.0, 0.0, 10.0, 0.0, 9.0, 0.0, 5.0, 14.0, 5.0, 0.0, 9.0, 15.0, 6.0, 0.0, 0.0]
B: [0.0, 29.8362865317, 54.0, 64.7870367571, 80.5749370925, 88.77752839038, 98.40161982802, 101.27277638941, 124.06863445620999, 132.78640481335998, 162.30591554775998, 256.0, 261.08428175852, 274.08526633661995, 286.00800532561993, 303.7313161055199, 325.4860022444199, 378.0, 414.0266187839, 417.35999740026, 434.54497971036, 439.36662631707, 467.69210539507, 490.09026683747, 503.78843401417, 504.91012291935, 533.92249753775, 549.0, 574.6018082369, 582.8182362320799, 598.26561380888, 631.51423221628]
