Avion: 4      Iteracion: 24

Num Ruta: 26
Ingresos: 720.47
Costos: 329.472458133
Utilidad Ruta: 390.997541867
Costo Reducido: 79.0060174605
Nodos: [104, 16, 51, 35, 70, 33, 68, 29, 64, 714]
q: [0, 9.0, -9.0, 8.0, -8.0, 5.0, -5.0, 9.0, -9.0, 0]
Q: [0, 9.0, 0.0, 8.0, 0.0, 5.0, 0.0, 9.0, 0.0, 0]
B: [0.0, 37.6306202048, 47.25471164244, 270.0, 281.922738989, 437.0, 478.9526650524, 549.0, 582.7797797802, 609.550209829]
