Avion: 6      Iteracion: 71

Num Ruta: 52
Ingresos: 826.777
Costos: 236.485322262
Utilidad Ruta: 590.291677738
Costo Reducido: 61.4246053605
Nodos: [106, 17, 52, 16, 51, 33, 13, 48, 68, 716]
q: [0.0, 5.0, -5.0, 9.0, -9.0, 5.0, 10.0, -10.0, -5.0, 0.0]
Q: [0.0, 5.0, 0.0, 9.0, 0.0, 5.0, 15.0, 5.0, 0.0, 0.0]
B: [0.0, 24.0, 58.8425537813, 64.17419311644, 73.79828455408, 437.0, 462.372931896, 479.256082846, 484.60413314494, 508.49657707604]
