Avion: 4      Iteracion: 62

Num Ruta: 55
Ingresos: 1056.463
Costos: 283.923217867
Utilidad Ruta: 772.539782133
Costo Reducido: 6.44277189345
Nodos: [104, 17, 52, 35, 70, 33, 68, 29, 64, 714]
q: [0, 5.0, -5.0, 8.0, -8.0, 5.0, -5.0, 9.0, -9.0, 0]
Q: [0, 5.0, 0.0, 8.0, 0.0, 5.0, 0.0, 9.0, 0.0, 0]
B: [0.0, 24.0, 58.8425537813, 270.0, 281.922738989, 437.0, 478.9526650524, 549.0, 582.7797797802, 609.550209829]
