Avion: 2      Iteracion: 18

Num Ruta: 19
Ingresos: 2724.813
Costos: 518.706752653
Utilidad Ruta: 2206.10624735
Costo Reducido: 394.354934553
Nodos: [102, 16, 51, 30, 65, 3, 38, 23, 35, 70, 58, 18, 53, 31, 19, 66, 54, 13, 48, 20, 4, 39, 55, 2, 37, 712]
q: [0.0, 9.0, -9.0, 11.0, -11.0, 13.0, -13.0, 10.0, 5.0, -5.0, -10.0, 10.0, -10.0, 8.0, 7.0, -8.0, -7.0, 15.0, -15.0, 0.0, 3.0, -3.0, 0.0, 10.0, -10.0, 0.0]
Q: [0.0, 9.0, 0.0, 11.0, 0.0, 13.0, 0.0, 10.0, 15.0, 10.0, 0.0, 10.0, 0.0, 8.0, 15.0, 7.0, 0.0, 15.0, 0.0, 0.0, 3.0, 0.0, 0.0, 10.0, 0.0, 0.0]
B: [0.0, 36.0, 45.624091437640004, 64.0, 82.7140226568, 256.0, 261.08428175852, 267.0, 277.4634044651, 289.38614345409997, 313.15284696969997, 338.59215837939996, 362.41039462809994, 406.0, 427.4250045741, 443.5262214225, 465.9443857095, 470.17200501592004, 487.05515596592005, 500.98574120132, 529.0, 549.4257496801999, 561.2869729308, 568.6172701962599, 609.35223224366, 613.46797871301]
