Avion: 6      Iteracion: 44

Num Ruta: 40
Ingresos: 1962.177
Costos: 341.692499705
Utilidad Ruta: 1620.48450029
Costo Reducido: 40.0081149908
Nodos: [106, 17, 52, 30, 16, 51, 65, 24, 59, 1, 11, 46, 36, 22, 57, 19, 54, 6, 41, 5, 40, 716]
q: [0.0, 5.0, -5.0, 11.0, 4.0, -4.0, -11.0, 11.0, -11.0, 7.0, 6.0, -6.0, -7.0, 10.0, -10.0, 7.0, -7.0, 4.0, -4.0, 9.0, -9.0, 0.0]
Q: [0.0, 5.0, 0.0, 11.0, 15.0, 11.0, 0.0, 11.0, 0.0, 7.0, 13.0, 7.0, 0.0, 10.0, 0.0, 7.0, 0.0, 4.0, 0.0, 9.0, 0.0, 0.0]
B: [0.0, 24.0, 58.8425537813, 64.0, 72.20259129788, 81.82668273552001, 84.69783929691, 109.43181018721, 147.94476048971, 175.0, 193.6808285951, 197.73489544211, 232.05062478011, 299.0, 320.7546861389, 402.0, 428.6271162915, 440.41813528899996, 444.11042468718995, 469.0, 470.12168890518, 476.84504297885]
