Avion: 4      Iteracion: 40

Num Ruta: 41
Ingresos: 1052.473
Costos: 305.687389477
Utilidad Ruta: 746.785610523
Costo Reducido: 57.7492663322
Nodos: [104, 17, 52, 32, 67, 33, 68, 29, 64, 714]
q: [0, 5.0, -5.0, 11.0, -11.0, 5.0, -5.0, 9.0, -9.0, 0]
Q: [0, 5.0, 0.0, 11.0, 0.0, 5.0, 0.0, 9.0, 0.0, 0]
B: [0.0, 24.0, 58.8425537813, 309.0, 319.4016530417, 437.0, 478.9526650524, 549.0, 582.7797797802, 609.550209829]
