Avion: 2      Iteracion: 35

Num Ruta: 32
Ingresos: 730.292
Costos: 403.688228891
Utilidad Ruta: 326.603771109
Costo Reducido: 50.5614485807
Nodos: [102, 35, 70, 32, 67, 2, 37, 712]
q: [0, 8.0, -8.0, 11.0, -11.0, 10.0, -10.0, 0]
Q: [0, 8.0, 0.0, 11.0, 0.0, 10.0, 0.0, 0]
B: [0.0, 270.0, 281.922738989, 309.0, 319.4016530417, 522.0, 562.7349620474, 566.85070851675]
