Avion: 1      Iteracion: 0

Num Ruta: 2
Ingresos: 3831.702
Costos: 656.101342828
Utilidad Ruta: 3175.60065717
Costo Reducido: -
Nodos: [101, 17, 52, 30, 16, 51, 65, 24, 59, 1, 36, 3, 38, 23, 58, 26, 61, 22, 57, 6, 41, 8, 43, 21, 4, 56, 27, 62, 39, 711]
q: [0.0, 5.0, -5.0, 11.0, 4.0, -4.0, -11.0, 11.0, -11.0, 7.0, -7.0, 13.0, -13.0, 10.0, -10.0, 10.0, -10.0, 10.0, -10.0, 4.0, -4.0, 8.0, -8.0, 12.0, 3.0, -12.0, 6.0, -6.0, -3.0, 0.0]
Q: [0.0, 5.0, 0.0, 11.0, 15.0, 11.0, 0.0, 11.0, 0.0, 7.0, 0.0, 13.0, 0.0, 10.0, 0.0, 10.0, 0.0, 10.0, 0.0, 4.0, 0.0, 8.0, 0.0, 12.0, 15.0, 3.0, 9.0, 3.0, 0.0, 0.0]
B: [0.0, 24.0, 58.8425537813, 64.0, 72.20259129788, 81.82668273552001, 84.69783929691, 109.43181018721, 147.94476048971, 175.0, 209.2400855285, 256.0, 261.08428175852, 267.0, 306.733842905, 326.4202156791, 343.9994436485, 357.6336242986, 379.3883104375, 436.0, 439.69228939819, 470.96534786709, 491.73374448309, 516.69791618979, 531.64570455459, 560.81550196559, 573.99295016319, 591.02381253129, 596.43907106621, 613.2481031621099]
