Avion: 4      Iteracion: 49

Num Ruta: 48
Ingresos: 1555.365
Costos: 311.448216987
Utilidad Ruta: 1243.91678301
Costo Reducido: 58.5783969242
Nodos: [104, 17, 52, 30, 65, 32, 67, 2, 37, 29, 64, 714]
q: [0, 5.0, -5.0, 11.0, -11.0, 11.0, -11.0, 10.0, -10.0, 9.0, -9.0, 0]
Q: [0, 5.0, 0.0, 11.0, 0.0, 11.0, 0.0, 10.0, 0.0, 9.0, 0.0, 0]
B: [0.0, 24.0, 58.8425537813, 64.0, 82.7140226568, 309.0, 319.4016530417, 522.0, 562.7349620474, 572.53970258451, 606.31948236471, 633.08991241351]
