Avion: 5      Iteracion: 9

Num Ruta: 12
Ingresos: 1145.984
Costos: 280.482035327
Utilidad Ruta: 865.501964673
Costo Reducido: 203.922233989
Nodos: [105, 18, 53, 28, 63, 21, 56, 715]
q: [0, 10.0, -10.0, 6.0, -6.0, 12.0, -12.0, 0]
Q: [0, 10.0, 0.0, 6.0, 0.0, 12.0, 0.0, 0]
B: [0.0, 293.0, 316.8182362487, 378.0, 414.0266187839, 477.0, 517.7387906792, 571.0705351096999]
