Avion: 2      Iteracion: 5

Num Ruta: 6
Ingresos: 2235.334
Costos: 551.403118209
Utilidad Ruta: 1683.93088179
Costo Reducido: 658.17283228
Nodos: [102, 26, 61, 34, 69, 8, 43, 25, 60, 21, 56, 2, 37, 712]
q: [0, 10.0, -10.0, 8.0, -8.0, 8.0, -8.0, 10.0, -10.0, 12.0, -12.0, 10.0, -10.0, 0]
Q: [0, 10.0, 0.0, 8.0, 0.0, 8.0, 0.0, 10.0, 0.0, 12.0, 0.0, 10.0, 0.0, 0]
B: [0.0, 300.0, 317.5792279694, 332.4924740614, 368.9326042752, 414.0, 434.768396616, 468.12895782230004, 485.31394013240003, 493.48265361740005, 534.2214442966, 558.0724580277, 598.8074200751, 602.92316654445]
