Avion: 6      Iteracion: 22

Num Ruta: 25
Ingresos: 2344.079
Costos: 495.253451682
Utilidad Ruta: 1848.82554832
Costo Reducido: 195.095398175
Nodos: [106, 16, 51, 9, 24, 44, 59, 1, 36, 3, 38, 26, 61, 32, 67, 33, 6, 41, 5, 40, 68, 21, 4, 56, 27, 39, 62, 716]
q: [0.0, 9.0, -9.0, 4.0, 11.0, -4.0, -11.0, 7.0, -7.0, 13.0, -13.0, 10.0, -10.0, 11.0, -11.0, 5.0, 4.0, -4.0, 9.0, -9.0, -5.0, 12.0, 3.0, -12.0, 6.0, -3.0, -6.0, 0.0]
Q: [0.0, 9.0, 0.0, 4.0, 15.0, 11.0, 0.0, 7.0, 0.0, 13.0, 0.0, 10.0, 0.0, 11.0, 0.0, 5.0, 9.0, 5.0, 14.0, 5.0, 0.0, 12.0, 15.0, 3.0, 9.0, 6.0, 0.0, 0.0]
B: [0.0, 36.0, 45.624091437640004, 75.68094759394, 82.11782463176, 106.25807452686, 131.31363794096, 175.0, 209.2400855285, 256.0, 261.08428175852, 300.0, 317.5792279694, 337.6304130715, 348.0320661132, 437.0, 463.1548069196, 466.84709631779, 485.23595653258997, 486.35764543777, 515.37002005617, 526.24949743337, 541.19728579817, 570.36708320917, 583.54453140677, 599.89534398597, 605.31060252089, 615.0162728738301]
