Avion: 7      Iteracion: 5

Num Ruta: 7
Ingresos: 450.128
Costos: 280.361287236
Utilidad Ruta: 169.766712764
Costo Reducido: 335.576249324
Nodos: [107, 25, 60, 8, 43, 717]
q: [0, 10.0, -10.0, 8.0, -8.0, 0]
Q: [0, 10.0, 0.0, 8.0, 0.0, 0]
B: [0.0, 410.0, 427.1849823101, 453.0055821676, 473.7739787836, 502.1861864416]
