Avion: 4      Iteracion: 7

Num Ruta: 11
Ingresos: 2503.957
Costos: 564.714897409
Utilidad Ruta: 1939.24210259
Costo Reducido: 468.875730039
Nodos: [104, 17, 52, 10, 45, 1, 11, 46, 36, 35, 70, 26, 61, 18, 53, 28, 63, 19, 8, 54, 43, 13, 48, 714]
q: [0, 5.0, -5.0, 12.0, -12.0, 7.0, 6.0, -6.0, -7.0, 8.0, -8.0, 10.0, -10.0, 10.0, -10.0, 6.0, -6.0, 7.0, 8.0, -7.0, -8.0, 15.0, -15.0, 0]
Q: [0, 5.0, 0.0, 12.0, 0.0, 7.0, 13.0, 7.0, 0.0, 8.0, 0.0, 10.0, 0.0, 10.0, 0.0, 6.0, 0.0, 7.0, 15.0, 8.0, 0.0, 15.0, 0.0, 0]
B: [0.0, 24.0, 58.8425537813, 96.0, 125.5195107344, 175.0, 193.6808285951, 197.73489544211, 232.05062478011, 270.0, 281.922738989, 300.0, 317.5792279694, 340.8578987218, 364.67613497049996, 378.0, 414.0266187839, 426.5624120576, 449.7232936039, 467.6802530347, 470.60837222626, 472.81904836716996, 489.70219931716997, 501.38150002397]
