Avion: 3      Iteracion: 22

Num Ruta: 22
Ingresos: 1118.974
Costos: 270.000382042
Utilidad Ruta: 848.973617958
Costo Reducido: 131.018178453
Nodos: [103, 3, 38, 33, 68, 21, 56, 27, 62, 713]
q: [0, 13.0, -13.0, 5.0, -5.0, 12.0, -12.0, 6.0, -6.0, 0]
Q: [0, 13.0, 0.0, 5.0, 0.0, 12.0, 0.0, 6.0, 0.0, 0]
B: [0.0, 256.0, 261.08428175852, 437.0, 478.9526650524, 489.83214242959997, 530.5709331088, 543.7483813064, 560.7792436745, 589.0499639518]
