Avion: 5      Iteracion: 49

Num Ruta: 42
Ingresos: 1861.844
Costos: 521.74448981
Utilidad Ruta: 1340.09951019
Costo Reducido: 17.6318809548
Nodos: [105, 30, 16, 51, 65, 35, 70, 34, 67, 32, 69, 8, 33, 43, 13, 48, 68, 27, 62, 2, 37, 715]
q: [0.0, 11.0, 4.0, -4.0, -11.0, 8.0, -8.0, 8.0, -8.0, 8.0, -8.0, 8.0, 5.0, -8.0, 10.0, -10.0, -5.0, 6.0, -6.0, 10.0, -10.0, 0.0]
Q: [0.0, 11.0, 15.0, 11.0, 0.0, 8.0, 0.0, 8.0, 0.0, 8.0, 0.0, 8.0, 13.0, 5.0, 15.0, 5.0, 0.0, 6.0, 0.0, 10.0, 0.0, 0.0]
B: [0.0, 64.0, 72.20259129788, 81.82668273552001, 84.69783929691, 270.0, 281.922738989, 322.0, 348.7734367798, 359.1750898215, 382.8059566909, 414.0, 437.0, 460.2743670161, 462.48504315700995, 479.36819410700997, 484.71624440594996, 538.0, 555.0308623681, 566.4829354555, 607.2178975029, 643.2224406189999]
