Avion: 3      Iteracion: 96

Num Ruta: 56
Ingresos: 973.034
Costos: 268.782842917
Utilidad Ruta: 704.251157083
Costo Reducido: 13.7956236513
Nodos: [103, 11, 46, 31, 66, 33, 68, 29, 64, 27, 62, 713]
q: [0, 6.0, -6.0, 9.0, -9.0, 5.0, -5.0, 9.0, -9.0, 6.0, -6.0, 0]
Q: [0, 6.0, 0.0, 9.0, 0.0, 5.0, 0.0, 9.0, 0.0, 6.0, 0.0, 0]
B: [0.0, 169.0, 173.05406684701, 406.0, 434.325479078, 456.7236405204, 498.6763055728, 549.0, 582.7797797802, 590.99620777538, 608.0270701434799, 636.29779042078]
