Avion: 1      Iteracion: 47

Num Ruta: 33
Ingresos: 1026.121
Costos: 313.585474183
Utilidad Ruta: 712.535525817
Costo Reducido: 34.233410912
Nodos: [101, 30, 65, 24, 59, 1, 36, 33, 68, 711]
q: [0, 11.0, -11.0, 11.0, -11.0, 7.0, -7.0, 5.0, -5.0, 0]
Q: [0, 11.0, 0.0, 11.0, 0.0, 7.0, 0.0, 5.0, 0.0, 0]
B: [0.0, 64.0, 82.7140226568, 107.4479935471, 145.9609438496, 175.0, 209.2400855285, 437.0, 478.9526650524, 496.1448322514]
