Avion: 6      Iteracion: 74

Num Ruta: 54
Ingresos: 1134.352
Costos: 234.432751167
Utilidad Ruta: 899.919248833
Costo Reducido: 12.6490210809
Nodos: [106, 34, 69, 8, 5, 40, 43, 6, 41, 2, 37, 716]
q: [0.0, 8.0, -8.0, 8.0, 7.0, -7.0, -8.0, 4.0, -4.0, 10.0, -10.0, 0.0]
Q: [0.0, 8.0, 0.0, 8.0, 15.0, 8.0, 0.0, 4.0, 0.0, 10.0, 0.0, 0.0]
B: [0.0, 322.0, 358.4401302138, 414.0, 469.0, 470.12168890518, 480.59966590458, 489.79033753400995, 493.48262693219993, 522.0, 562.7349620474, 583.160599516]
