Avion: 4      Iteracion: 61

Num Ruta: 54
Ingresos: 2254.243
Costos: 425.231014655
Utilidad Ruta: 1829.01198535
Costo Reducido: 49.9710373224
Nodos: [104, 17, 52, 9, 44, 23, 35, 70, 34, 58, 22, 57, 69, 33, 68, 29, 64, 714]
q: [0.0, 5.0, -5.0, 11.0, -11.0, 7.0, 8.0, -8.0, 8.0, -7.0, 7.0, -7.0, -8.0, 5.0, -5.0, 9.0, -9.0, 0.0]
Q: [0.0, 5.0, 0.0, 11.0, 0.0, 7.0, 15.0, 7.0, 15.0, 8.0, 15.0, 8.0, 0.0, 5.0, 0.0, 9.0, 0.0, 0.0]
B: [0.0, 24.0, 58.8425537813, 81.72911018459999, 111.25634718709999, 267.0, 277.4634044651, 289.38614345409997, 322.0, 336.2589470158, 352.0153710073, 373.77005714620003, 384.3603074737, 437.0, 478.9526650524, 549.0, 582.7797797802, 609.550209829]
