Avion: 2      Iteracion: 9

Num Ruta: 10
Ingresos: 846.872
Costos: 496.12552484
Utilidad Ruta: 350.74647516
Costo Reducido: 125.024883732
Nodos: [102, 30, 65, 21, 56, 712]
q: [0, 11.0, -11.0, 12.0, -12.0, 0]
Q: [0, 11.0, 0.0, 12.0, 0.0, 0]
B: [0.0, 64.0, 82.7140226568, 477.0, 517.7387906792, 559.8355864242]
