Avion: 4      Iteracion: 32

Num Ruta: 33
Ingresos: 1575.175
Costos: 361.746029582
Utilidad Ruta: 1213.42897042
Costo Reducido: 114.350518462
Nodos: [104, 17, 52, 24, 59, 35, 70, 22, 57, 25, 60, 29, 64, 714]
q: [0, 5.0, -5.0, 11.0, -11.0, 8.0, -8.0, 10.0, -10.0, 10.0, -10.0, 9.0, -9.0, 0]
Q: [0, 5.0, 0.0, 11.0, 0.0, 8.0, 0.0, 10.0, 0.0, 10.0, 0.0, 9.0, 0.0, 0]
B: [0.0, 24.0, 58.8425537813, 75.400837086, 113.9137873885, 270.0, 281.922738989, 299.64604976889996, 321.40073590779997, 410.0, 427.1849823101, 549.0, 582.7797797802, 609.550209829]
