Avion: 4      Iteracion: 19

Num Ruta: 22
Ingresos: 1024.515
Costos: 358.388476317
Utilidad Ruta: 666.126523683
Costo Reducido: 76.9886661172
Nodos: [104, 10, 45, 32, 67, 34, 69, 25, 60, 29, 64, 714]
q: [0, 12.0, -12.0, 11.0, -11.0, 8.0, -8.0, 10.0, -10.0, 9.0, -9.0, 0]
Q: [0, 12.0, 0.0, 11.0, 0.0, 8.0, 0.0, 10.0, 0.0, 9.0, 0.0, 0]
B: [0.0, 96.0, 125.5195107344, 309.0, 319.4016530417, 346.1750898215, 382.6152200353, 411.9340544596, 429.1190367697, 549.0, 582.7797797802, 609.550209829]
