Avion: 1      Iteracion: 55

Num Ruta: 35
Ingresos: 1217.253
Costos: 413.228916792
Utilidad Ruta: 804.024083208
Costo Reducido: 33.2267578725
Nodos: [101, 30, 16, 51, 65, 24, 59, 35, 70, 32, 67, 22, 57, 19, 54, 711]
q: [0.0, 6.0, 9.0, -9.0, -6.0, 11.0, -11.0, 8.0, -8.0, 11.0, -11.0, 10.0, -10.0, 7.0, -7.0, 0.0]
Q: [0.0, 6.0, 15.0, 6.0, 0.0, 11.0, 0.0, 8.0, 0.0, 11.0, 0.0, 10.0, 0.0, 7.0, 0.0, 0.0]
B: [0.0, 64.0, 72.20259129788, 81.82668273552001, 84.69783929691, 109.43181018721, 147.94476048971, 270.0, 281.922738989, 309.0, 319.4016530417, 353.8662667781, 375.620952917, 402.0, 428.6271162915, 433.37264323799997]
