Avion: 7      Iteracion: 43

Num Ruta: 36
Ingresos: 1009.81
Costos: 269.152131743
Utilidad Ruta: 740.657868257
Costo Reducido: 28.3432147555
Nodos: [107, 14, 49, 3, 38, 23, 35, 70, 32, 67, 26, 61, 58, 34, 69, 717]
q: [0.0, 8.0, -8.0, 0.0, 0.0, 4.0, 8.0, -8.0, 11.0, -11.0, 10.0, -10.0, -4.0, 8.0, -8.0, 0.0]
Q: [0.0, 8.0, 0.0, 0.0, 0.0, 4.0, 12.0, 4.0, 15.0, 4.0, 14.0, 4.0, 0.0, 8.0, 0.0, 0.0]
B: [0.0, 112.0, 124.021711775, 256.0, 261.08428175852, 267.0, 277.4634044651, 289.38614345409997, 309.0, 319.4016530417, 332.1221722921, 349.7014002615, 352.76847264408, 367.02741965988, 403.46754987368, 412.2209121991]
