Avion: 1      Iteracion: 12

Num Ruta: 13
Ingresos: 264.72
Costos: 264.336119667
Utilidad Ruta: 0.38388033264
Costo Reducido: 29.0947329044
Nodos: [101, 26, 61, 711]
q: [0, 10.0, -10.0, 0]
Q: [0, 10.0, 0.0, 0]
B: [0.0, 300.0, 317.5792279694, 325.23299573436]
