Avion: 3      Iteracion: 91

Num Ruta: 55
Ingresos: 1025.168
Costos: 274.434311009
Utilidad Ruta: 750.733688991
Costo Reducido: 64.666298138
Nodos: [103, 11, 46, 31, 66, 33, 13, 48, 68, 29, 64, 27, 62, 713]
q: [0.0, 0.0, 0.0, 9.0, -9.0, 5.0, 10.0, -10.0, -5.0, 9.0, -9.0, 6.0, -6.0, 0.0]
Q: [0.0, 0.0, 0.0, 9.0, 0.0, 5.0, 15.0, 5.0, 0.0, 9.0, 0.0, 6.0, 0.0, 0.0]
B: [0.0, 169.0, 173.05406684701, 406.0, 434.325479078, 456.7236405204, 482.0965724164, 498.97972336640004, 504.32777366534003, 549.0, 582.7797797802, 590.99620777538, 608.0270701434799, 636.29779042078]
