Avion: 6      Iteracion: 96

Num Ruta: 72
Ingresos: 736.167
Costos: 184.649620493
Utilidad Ruta: 551.517379507
Costo Reducido: 8.75339132956
Nodos: [106, 17, 30, 52, 16, 51, 65, 35, 70, 32, 67, 6, 41, 5, 40, 716]
q: [0.0, 5.0, 10.0, -5.0, 5.0, -5.0, -10.0, 8.0, -8.0, 11.0, -11.0, 0.0, 0.0, 9.0, -9.0, 0.0]
Q: [0.0, 5.0, 15.0, 10.0, 15.0, 10.0, 0.0, 8.0, 0.0, 11.0, 0.0, 0.0, 0.0, 9.0, 0.0, 0.0]
B: [0.0, 24.0, 64.0, 67.14445448369, 72.47609381883, 82.10018525647, 84.97134181786, 270.0, 281.922738989, 309.0, 319.4016530417, 436.0, 439.69228939819, 469.0, 470.12168890518, 476.84504297885]
