Avion: 7      Iteracion: 33

Num Ruta: 32
Ingresos: 1985.213
Costos: 241.681875862
Utilidad Ruta: 1743.53112414
Costo Reducido: 80.4303083461
Nodos: [107, 14, 49, 3, 38, 23, 58, 22, 57, 19, 25, 60, 31, 54, 66, 717]
q: [0.0, 8.0, -8.0, 13.0, -13.0, 10.0, -10.0, 10.0, -10.0, 6.0, 9.0, -9.0, 9.0, -6.0, -9.0, 0.0]
Q: [0.0, 8.0, 0.0, 13.0, 0.0, 10.0, 0.0, 10.0, 0.0, 6.0, 15.0, 6.0, 15.0, 9.0, 0.0, 0.0]
B: [0.0, 112.0, 124.021711775, 256.0, 261.08428175852, 267.0, 306.733842905, 322.49026689650003, 344.24495303540004, 402.0, 411.3920072402, 428.57698955029997, 433.39863615700995, 450.50467558760994, 472.92283987460996, 476.55756187222994]
