Avion: 2      Iteracion: 36

Num Ruta: 33
Ingresos: 1557.532
Costos: 542.822210078
Utilidad Ruta: 1014.70978992
Costo Reducido: 20.8160060157
Nodos: [102, 16, 51, 14, 49, 3, 38, 23, 35, 70, 32, 67, 26, 61, 58, 34, 69, 19, 54, 13, 48, 712]
q: [0.0, 0.0, 0.0, 8.0, -8.0, 13.0, -13.0, 4.0, 8.0, -8.0, 11.0, -11.0, 10.0, -10.0, -4.0, 8.0, -8.0, 7.0, -7.0, 15.0, -15.0, 0.0]
Q: [0.0, 0.0, 0.0, 8.0, 0.0, 13.0, 0.0, 4.0, 12.0, 4.0, 15.0, 4.0, 14.0, 4.0, 0.0, 8.0, 0.0, 7.0, 0.0, 15.0, 0.0, 0.0]
B: [0.0, 36.0, 45.624091437640004, 112.0, 124.021711775, 256.0, 261.08428175852, 267.0, 277.4634044651, 289.38614345409997, 309.0, 319.4016530417, 332.1221722921, 349.7014002615, 352.76847264408, 367.02741965988, 403.46754987368, 424.00736613378, 450.63448242528, 454.8621017317, 471.74525268170004, 487.1357289576]
