Avion: 6      Iteracion: 19

Num Ruta: 22
Ingresos: 1703.838
Costos: 369.383839407
Utilidad Ruta: 1334.45416059
Costo Reducido: 140.444665699
Nodos: [106, 30, 16, 51, 65, 14, 49, 18, 53, 31, 66, 19, 54, 6, 41, 5, 40, 2, 62, 27, 37, 716]
q: [0.0, 6.0, 9.0, -9.0, -6.0, 8.0, -8.0, 10.0, -10.0, 9.0, -9.0, 7.0, -7.0, 0.0, 0.0, 9.0, -9.0, 10.0, -6.0, 6.0, -10.0, 0.0]
Q: [0.0, 6.0, 15.0, 6.0, 0.0, 8.0, 0.0, 10.0, 0.0, 9.0, 0.0, 7.0, 0.0, 0.0, 0.0, 9.0, 0.0, 10.0, 4.0, 10.0, 0.0, 0.0]
B: [0.0, 64.0, 72.20259129788, 81.82668273552001, 84.69783929691, 112.49377995381, 124.51549172881, 293.0, 316.8182362487, 406.0, 434.325479078, 450.4266959264, 477.0538122179, 488.84483121539995, 492.53712061358993, 510.9259808283899, 512.0476697335699, 526.12972018797, 555.0, 572.0308623681, 596.9965143323, 617.4221518009]
