Avion: 1      Iteracion: 0

Num Ruta: 4
Ingresos: 0
Costos: 229.13196348
Utilidad Ruta: -229.13196348
Costo Reducido: -
Nodos: [101, 711]
q: [0, 0]
Q: [0, 0]
B: [0, 0]
