Avion: 5      Iteracion: 12

Num Ruta: 14
Ingresos: 590.016
Costos: 296.446023815
Utilidad Ruta: 293.569976185
Costo Reducido: 106.095437822
Nodos: [105, 16, 51, 26, 61, 31, 66, 715]
q: [0, 9.0, -9.0, 10.0, -10.0, 9.0, -9.0, 0]
Q: [0, 9.0, 0.0, 10.0, 0.0, 9.0, 0.0, 0]
B: [0.0, 36.0, 45.624091437640004, 300.0, 317.5792279694, 406.0, 434.325479078, 448.0782228406]
