Avion: 4      Iteracion: 77

Num Ruta: 63
Ingresos: 1827.226
Costos: 408.267092043
Utilidad Ruta: 1418.95890796
Costo Reducido: 29.7658368377
Nodos: [104, 17, 52, 16, 51, 10, 45, 34, 69, 2, 37, 29, 64, 714]
q: [0, 5.0, -5.0, 9.0, -9.0, 12.0, -12.0, 8.0, -8.0, 10.0, -10.0, 9.0, -9.0, 0]
Q: [0, 5.0, 0.0, 9.0, 0.0, 12.0, 0.0, 8.0, 0.0, 10.0, 0.0, 9.0, 0.0, 0]
B: [0.0, 24.0, 58.8425537813, 64.17419311644, 73.79828455408, 96.0, 125.5195107344, 322.0, 358.4401302138, 522.0, 562.7349620474, 572.53970258451, 606.31948236471, 633.08991241351]
