Avion: 5      Iteracion: 3

Num Ruta: 6
Ingresos: 1575.003
Costos: 518.84321886
Utilidad Ruta: 1056.15978114
Costo Reducido: 758.420881598
Nodos: [105, 9, 44, 30, 65, 24, 59, 1, 36, 35, 70, 32, 67, 26, 61, 34, 69, 715]
q: [0, 11.0, -11.0, 11.0, -11.0, 11.0, -11.0, 7.0, -7.0, 8.0, -8.0, 11.0, -11.0, 10.0, -10.0, 8.0, -8.0, 0]
Q: [0, 11.0, 0.0, 11.0, 0.0, 11.0, 0.0, 7.0, 0.0, 8.0, 0.0, 11.0, 0.0, 10.0, 0.0, 8.0, 0.0, 0]
B: [0.0, 31.4915482312, 61.0187852337, 76.8066855691, 95.5207082259, 120.2546791162, 158.76762941869998, 175.0, 209.2400855285, 270.0, 281.922738989, 309.0, 319.4016530417, 332.1221722921, 349.7014002615, 364.6146463535, 401.0547765673, 419.5891548142]
