Avion: 1      Iteracion: 9

Num Ruta: 10
Ingresos: 846.872
Costos: 319.331788354
Utilidad Ruta: 527.540211646
Costo Reducido: 153.140565079
Nodos: [101, 30, 65, 21, 56, 711]
q: [0, 11.0, -11.0, 12.0, -12.0, 0]
Q: [0, 11.0, 0.0, 12.0, 0.0, 0]
B: [0.0, 64.0, 82.7140226568, 477.0, 517.7387906792, 539.9812763540999]
