Avion: 2      Iteracion: 0

Num Ruta: 2
Ingresos: 4103.11
Costos: 783.237914292
Utilidad Ruta: 3319.87208571
Costo Reducido: -
Nodos: [102, 16, 51, 17, 52, 30, 65, 10, 45, 1, 36, 23, 58, 26, 61, 22, 57, 19, 54, 13, 48, 31, 66, 21, 4, 39, 56, 712]
q: [0, 9.0, -9.0, 5.0, -5.0, 11.0, -11.0, 12.0, -12.0, 7.0, -7.0, 10.0, -10.0, 10.0, -10.0, 10.0, -10.0, 7.0, -7.0, 15.0, -15.0, 9.0, -9.0, 12.0, 3.0, -3.0, -12.0, 0]
Q: [0, 9.0, 0.0, 5.0, 0.0, 11.0, 0.0, 12.0, 0.0, 7.0, 0.0, 10.0, 0.0, 10.0, 0.0, 10.0, 0.0, 7.0, 0.0, 15.0, 0.0, 9.0, 0.0, 12.0, 15.0, 12.0, 0.0, 0]
B: [0.0, 36.0, 45.624091437640004, 78.34191948294, 113.18447326424, 116.32892774793, 135.04295040473, 153.73600069083, 183.25551142523, 221.67485259603, 255.91493812453, 267.0, 306.733842905, 326.4202156791, 343.9994436485, 357.6336242986, 379.3883104375, 402.0, 428.6271162915, 432.85473559792, 449.73788654792, 454.19539998032, 482.52087905832, 505.98671773922, 529.0, 549.4257496801999, 566.2286940948, 608.3254898398]
