Avion: 2      Iteracion: 29

Num Ruta: 26
Ingresos: 702.786
Costos: 494.563811765
Utilidad Ruta: 208.222188235
Costo Reducido: 89.9649467138
Nodos: [102, 16, 51, 9, 12, 44, 47, 10, 45, 26, 61, 32, 67, 33, 13, 48, 68, 712]
q: [0.0, 0.0, 0.0, 11.0, 0.0, -11.0, 0.0, 12.0, -12.0, 0.0, 0.0, 11.0, -11.0, 5.0, 0.0, 0.0, -5.0, 0.0]
Q: [0.0, 0.0, 0.0, 11.0, 11.0, 0.0, 0.0, 12.0, 0.0, 0.0, 0.0, 11.0, 0.0, 5.0, 5.0, 5.0, 0.0, 0.0]
B: [0.0, 36.0, 45.624091437640004, 75.68094759394, 96.51567151824, 107.30270827534, 144.23279248864, 152.95056284579, 182.47007358019, 300.0, 317.5792279694, 337.6304130715, 348.0320661132, 437.0, 462.372931896, 479.256082846, 484.60413314494, 494.93341317794]
