Avion: 6      Iteracion: 17

Num Ruta: 20
Ingresos: 462.129
Costos: 202.651494003
Utilidad Ruta: 259.477505997
Costo Reducido: 46.8696715704
Nodos: [106, 25, 60, 31, 66, 716]
q: [0, 10.0, -10.0, 9.0, -9.0, 0]
Q: [0, 10.0, 0.0, 9.0, 0.0, 0]
B: [0.0, 410.0, 427.1849823101, 432.00662891681, 460.33210799481, 474.81755186101]
