Avion: 1      Iteracion: 22

Num Ruta: 19
Ingresos: 1105.473
Costos: 333.950903239
Utilidad Ruta: 771.522096761
Costo Reducido: 188.269656413
Nodos: [101, 30, 65, 24, 59, 1, 36, 3, 38, 33, 68, 711]
q: [0, 11.0, -11.0, 11.0, -11.0, 7.0, -7.0, 13.0, -13.0, 5.0, -5.0, 0]
Q: [0, 11.0, 0.0, 11.0, 0.0, 7.0, 0.0, 13.0, 0.0, 5.0, 0.0, 0]
B: [0.0, 64.0, 82.7140226568, 107.4479935471, 145.9609438496, 175.0, 209.2400855285, 256.0, 261.08428175852, 437.0, 478.9526650524, 496.1448322514]
