Avion: 6      Iteracion: 37

Num Ruta: 35
Ingresos: 1140.841
Costos: 285.874508337
Utilidad Ruta: 854.966491663
Costo Reducido: 83.5406451589
Nodos: [106, 26, 61, 34, 69, 33, 6, 41, 5, 40, 68, 29, 64, 716]
q: [0, 10.0, -10.0, 8.0, -8.0, 5.0, 4.0, -4.0, 9.0, -9.0, -5.0, 9.0, -9.0, 0]
Q: [0, 10.0, 0.0, 8.0, 0.0, 5.0, 9.0, 5.0, 14.0, 5.0, 0.0, 9.0, 0.0, 0]
B: [0.0, 300.0, 317.5792279694, 332.4924740614, 368.9326042752, 437.0, 463.1548069196, 466.84709631779, 485.23595653258997, 486.35764543777, 515.37002005617, 549.0, 582.7797797802, 603.1769870644999]
