Avion: 2      Iteracion: 28

Num Ruta: 25
Ingresos: 2070.924
Costos: 519.723027927
Utilidad Ruta: 1551.20097207
Costo Reducido: 204.231241652
Nodos: [102, 16, 51, 17, 52, 10, 45, 26, 32, 67, 34, 61, 69, 33, 13, 48, 68, 20, 4, 39, 55, 2, 37, 712]
q: [0.0, 9.0, -9.0, 5.0, -5.0, 12.0, -12.0, 0.0, 11.0, -11.0, 8.0, 0.0, -8.0, 5.0, 10.0, -10.0, -5.0, 0.0, 3.0, -3.0, 0.0, 10.0, -10.0, 0.0]
Q: [0.0, 9.0, 0.0, 5.0, 0.0, 12.0, 0.0, 0.0, 11.0, 0.0, 8.0, 8.0, 0.0, 5.0, 15.0, 5.0, 0.0, 0.0, 3.0, 0.0, 0.0, 10.0, 0.0, 0.0]
B: [0.0, 36.0, 45.624091437640004, 78.34191948294, 113.18447326424, 130.44527246354, 159.96478319794, 300.0, 309.0, 319.4016530417, 346.1750898215, 361.08833591350003, 386.0750898643, 437.0, 462.372931896, 479.256082846, 484.60413314494, 496.0, 529.0, 549.4257496801999, 561.2869729308, 568.6172701962599, 609.35223224366, 613.46797871301]
