Avion: 5      Iteracion: 69

Num Ruta: 53
Ingresos: 1440.388
Costos: 405.233953219
Utilidad Ruta: 1035.15404678
Costo Reducido: 90.5658322972
Nodos: [105, 17, 52, 16, 51, 10, 45, 26, 34, 61, 22, 69, 57, 715]
q: [0.0, 5.0, -5.0, 9.0, -9.0, 12.0, -12.0, 10.0, 5.0, -10.0, 10.0, -5.0, -10.0, 0.0]
Q: [0.0, 5.0, 0.0, 9.0, 0.0, 12.0, 0.0, 10.0, 15.0, 5.0, 15.0, 10.0, 0.0, 0.0]
B: [0.0, 35.8094227823, 70.65197656359999, 75.98361589873998, 85.60770733637999, 101.43698454668, 130.95649528107998, 300.0, 322.0, 336.913246092, 350.5474267421, 365.1165933964, 375.70684372389996, 384.85997264247]
