Avion: 4      Iteracion: 35

Num Ruta: 36
Ingresos: 1190.393
Costos: 435.77208134
Utilidad Ruta: 754.62091866
Costo Reducido: 31.6406458826
Nodos: [104, 24, 9, 44, 59, 35, 70, 32, 67, 34, 69, 25, 60, 29, 64, 714]
q: [0.0, 11.0, 4.0, -4.0, -11.0, 8.0, -8.0, 11.0, -11.0, 8.0, -8.0, 10.0, -10.0, 9.0, -9.0, 0.0]
Q: [0.0, 11.0, 15.0, 11.0, 0.0, 8.0, 0.0, 11.0, 0.0, 8.0, 0.0, 10.0, 0.0, 9.0, 0.0, 0.0]
B: [0.0, 61.0, 67.43687703782, 96.96411404032, 122.01967745441999, 270.0, 281.922738989, 309.0, 319.4016530417, 346.1750898215, 382.6152200353, 411.9340544596, 429.1190367697, 549.0, 582.7797797802, 609.550209829]
