Avion: 5      Iteracion: 6

Num Ruta: 9
Ingresos: 2662.887
Costos: 713.170548329
Utilidad Ruta: 1949.71645167
Costo Reducido: 1077.11934163
Nodos: [105, 9, 44, 30, 65, 10, 45, 3, 38, 35, 70, 22, 57, 19, 33, 54, 13, 48, 68, 5, 40, 2, 37, 29, 64, 715]
q: [0.0, 11.0, -11.0, 11.0, -11.0, 12.0, -12.0, 13.0, -13.0, 8.0, -8.0, 10.0, -10.0, 7.0, 5.0, -7.0, 10.0, -10.0, -5.0, 9.0, -9.0, 10.0, -10.0, 9.0, -9.0, 0.0]
Q: [0.0, 11.0, 0.0, 11.0, 0.0, 12.0, 0.0, 13.0, 0.0, 8.0, 0.0, 10.0, 0.0, 7.0, 12.0, 5.0, 15.0, 5.0, 0.0, 9.0, 0.0, 10.0, 0.0, 9.0, 0.0, 0.0]
B: [0.0, 31.4915482312, 61.0187852337, 76.8066855691, 95.5207082259, 114.213758512, 143.7332692464, 256.0, 261.08428175852, 274.08526633661995, 286.00800532561993, 303.7313161055199, 325.4860022444199, 402.0, 438.5935603624, 460.1419541308, 464.36957343722, 481.25272438722004, 486.60077468616004, 515.57219227316, 516.69388117834, 530.77593163274, 571.51089368014, 581.31563421725, 615.09541399745, 662.40635793225]
