Avion: 7      Iteracion: 34

Num Ruta: 33
Ingresos: 1644.255
Costos: 354.273518358
Utilidad Ruta: 1289.98148164
Costo Reducido: 57.9662406818
Nodos: [107, 14, 49, 3, 38, 23, 35, 70, 32, 67, 26, 61, 58, 34, 28, 69, 31, 63, 66, 717]
q: [0.0, 8.0, -8.0, 13.0, -13.0, 4.0, 8.0, -8.0, 11.0, -11.0, 10.0, -10.0, -4.0, 8.0, 6.0, -8.0, 9.0, -6.0, -9.0, 0.0]
Q: [0.0, 8.0, 0.0, 13.0, 0.0, 4.0, 12.0, 4.0, 15.0, 4.0, 14.0, 4.0, 0.0, 8.0, 14.0, 6.0, 15.0, 9.0, 0.0, 0.0]
B: [0.0, 112.0, 124.021711775, 256.0, 261.08428175852, 267.0, 277.4634044651, 289.38614345409997, 309.0, 319.4016530417, 332.1221722921, 349.7014002615, 352.76847264408, 367.02741965988, 383.06030748458005, 417.6755210473801, 444.79626515588006, 465.29314511358007, 493.70757681648007, 497.34229881410005]
