Avion: 4      Iteracion: 0

Num Ruta: 3
Ingresos: 4777.663
Costos: 716.583636351
Utilidad Ruta: 4061.07936365
Costo Reducido: -
Nodos: [104, 17, 52, 24, 9, 44, 59, 10, 45, 1, 36, 3, 38, 23, 35, 70, 26, 58, 61, 22, 57, 19, 54, 8, 43, 21, 56, 2, 37, 29, 64, 714]
q: [0.0, 5.0, -5.0, 11.0, 4.0, -4.0, -11.0, 12.0, -12.0, 7.0, -7.0, 13.0, -13.0, 10.0, 5.0, -5.0, 5.0, -10.0, -5.0, 10.0, -10.0, 7.0, -7.0, 8.0, -8.0, 12.0, -12.0, 10.0, -10.0, 9.0, -9.0, 0.0]
Q: [0.0, 5.0, 0.0, 11.0, 15.0, 11.0, 0.0, 12.0, 0.0, 7.0, 0.0, 13.0, 0.0, 10.0, 15.0, 10.0, 15.0, 5.0, 0.0, 10.0, 0.0, 7.0, 0.0, 8.0, 0.0, 12.0, 0.0, 10.0, 0.0, 9.0, 0.0, 0.0]
B: [0.0, 24.0, 58.8425537813, 75.400837086, 81.83771412381999, 111.36495112632, 136.42051454042, 148.20644522071998, 177.72595595511999, 216.14529712592, 250.38538265442, 257.48193456362, 262.56621632213995, 267.0, 277.4634044651, 289.38614345409997, 303.7370056233, 323.4233783974, 326.49045077998, 340.12463143008, 361.87931756898, 402.0, 428.6271162915, 446.5840757223, 467.3524723383, 492.316644045, 533.0554347241999, 556.9064484552999, 597.6414105027, 607.4461510398099, 641.2259308200099, 667.9963608688099]
