Avion: 4      Iteracion: 92

Num Ruta: 75
Ingresos: 2073.276
Costos: 421.196596831
Utilidad Ruta: 1652.07940317
Costo Reducido: 46.7932053231
Nodos: [104, 17, 52, 9, 44, 11, 46, 22, 57, 18, 53, 31, 66, 33, 13, 48, 68, 29, 64, 714]
q: [0.0, 5.0, -5.0, 11.0, -11.0, 6.0, -6.0, 10.0, -10.0, 10.0, -10.0, 9.0, -9.0, 5.0, 10.0, -10.0, -5.0, 9.0, -9.0, 0.0]
Q: [0.0, 5.0, 0.0, 11.0, 0.0, 6.0, 0.0, 10.0, 0.0, 10.0, 0.0, 9.0, 0.0, 5.0, 15.0, 5.0, 0.0, 9.0, 0.0, 0.0]
B: [0.0, 24.0, 58.8425537813, 81.72911018459999, 111.25634718709999, 169.0, 173.05406684701, 299.0, 320.7546861389, 334.15512273630003, 357.973358985, 406.0, 434.325479078, 456.7236405204, 482.0965724164, 498.97972336640004, 504.32777366534003, 549.0, 582.7797797802, 609.550209829]
