Avion: 3      Iteracion: 9

Num Ruta: 12
Ingresos: 2382.821
Costos: 547.048940058
Utilidad Ruta: 1835.77205994
Costo Reducido: 316.817426414
Nodos: [103, 17, 52, 30, 16, 51, 65, 14, 49, 11, 46, 1, 36, 18, 53, 32, 67, 33, 5, 40, 6, 41, 68, 21, 56, 27, 62, 713]
q: [0.0, 5.0, -5.0, 11.0, 4.0, -4.0, -11.0, 8.0, -8.0, 6.0, -6.0, 7.0, -7.0, 10.0, -10.0, 11.0, -11.0, 5.0, 9.0, -9.0, 4.0, -4.0, -5.0, 12.0, -12.0, 6.0, -6.0, 0.0]
Q: [0.0, 5.0, 0.0, 11.0, 15.0, 11.0, 0.0, 8.0, 0.0, 6.0, 0.0, 7.0, 0.0, 10.0, 0.0, 11.0, 0.0, 5.0, 14.0, 5.0, 9.0, 5.0, 0.0, 12.0, 0.0, 6.0, 0.0, 0.0]
B: [0.0, 39.7453305433, 74.5878843246, 77.73233880829, 85.93493010617, 95.55902154381, 98.4301781052, 126.2261187621, 138.24783053710001, 169.0, 173.05406684701, 195.72351838431, 229.96360391281002, 293.0, 316.8182362487, 348.1029144475, 358.5045674892, 437.0, 469.0, 470.12168890518, 486.34528175638, 490.03757115457, 521.11543197217, 531.99490934937, 572.73370002857, 585.91114822617, 602.94201059427, 631.21273087157]
