Avion: 6      Iteracion: 77

Num Ruta: 56
Ingresos: 819.905
Costos: 210.134930083
Utilidad Ruta: 609.770069917
Costo Reducido: 12.489688712
Nodos: [106, 17, 52, 30, 16, 51, 65, 34, 69, 5, 40, 716]
q: [0.0, 5.0, -5.0, 6.0, 9.0, -9.0, -6.0, 8.0, -8.0, 9.0, -9.0, 0.0]
Q: [0.0, 5.0, 0.0, 6.0, 15.0, 6.0, 0.0, 8.0, 0.0, 9.0, 0.0, 0.0]
B: [0.0, 24.0, 58.8425537813, 64.0, 72.20259129788, 81.82668273552001, 84.69783929691, 322.0, 358.4401302138, 469.0, 470.12168890518, 476.84504297885]
