Avion: 7      Iteracion: 17

Num Ruta: 17
Ingresos: 1267.987
Costos: 444.589951048
Utilidad Ruta: 823.397048952
Costo Reducido: 225.997084463
Nodos: [107, 11, 46, 3, 38, 35, 70, 22, 34, 69, 57, 25, 60, 13, 48, 31, 66, 717]
q: [0.0, 6.0, -6.0, 13.0, -13.0, 8.0, -8.0, 7.0, 8.0, -8.0, -7.0, 10.0, -10.0, 15.0, -15.0, 9.0, -9.0, 0.0]
Q: [0.0, 6.0, 0.0, 13.0, 0.0, 8.0, 0.0, 7.0, 15.0, 7.0, 0.0, 10.0, 0.0, 15.0, 0.0, 9.0, 0.0, 0.0]
B: [0.0, 169.0, 173.05406684701, 256.0, 261.08428175852, 274.08526633661995, 286.00800532561993, 303.7313161055199, 331.7949994881199, 368.2351297019199, 378.8253800294199, 410.0, 427.1849823101, 443.186042775, 460.069193725, 464.5267071574, 492.8521862354, 496.48690823301996]
