Avion: 1      Iteracion: 106

Num Ruta: 55
Ingresos: 1341.598
Costos: 350.177737122
Utilidad Ruta: 991.420262878
Costo Reducido: 23.0237887101
Nodos: [101, 30, 65, 24, 59, 1, 36, 33, 68, 29, 64, 711]
q: [0, 11.0, -11.0, 11.0, -11.0, 7.0, -7.0, 5.0, -5.0, 9.0, -9.0, 0]
Q: [0, 11.0, 0.0, 11.0, 0.0, 7.0, 0.0, 5.0, 0.0, 9.0, 0.0, 0]
B: [0.0, 64.0, 82.7140226568, 107.4479935471, 145.9609438496, 175.0, 209.2400855285, 437.0, 478.9526650524, 549.0, 582.7797797802, 598.8802887473]
