Avion: 3      Iteracion: 86

Num Ruta: 52
Ingresos: 1515.088
Costos: 250.490347406
Utilidad Ruta: 1264.59765259
Costo Reducido: 37.7776705879
Nodos: [103, 11, 46, 22, 57, 33, 13, 48, 68, 21, 56, 27, 62, 713]
q: [0.0, 6.0, -6.0, 10.0, -10.0, 5.0, 10.0, -10.0, -5.0, 12.0, -12.0, 6.0, -6.0, 0.0]
Q: [0.0, 6.0, 0.0, 10.0, 0.0, 5.0, 15.0, 5.0, 0.0, 12.0, 0.0, 6.0, 0.0, 0.0]
B: [0.0, 169.0, 173.05406684701, 299.0, 320.7546861389, 437.0, 462.372931896, 479.256082846, 484.60413314494, 495.48361052214, 536.22240120134, 549.39984939894, 566.43071176704, 594.70143204434]
