Avion: 2      Iteracion: 32

Num Ruta: 29
Ingresos: 2500.976
Costos: 706.611711671
Utilidad Ruta: 1794.36428833
Costo Reducido: 76.3129769238
Nodos: [102, 16, 51, 24, 59, 10, 45, 3, 38, 35, 70, 32, 67, 22, 57, 19, 25, 60, 54, 13, 48, 21, 4, 39, 56, 712]
q: [0.0, 9.0, -9.0, 11.0, -11.0, 12.0, -12.0, 13.0, -13.0, 8.0, -8.0, 11.0, -11.0, 10.0, -10.0, 7.0, 8.0, -8.0, -7.0, 15.0, -15.0, 12.0, 3.0, -3.0, -12.0, 0.0]
Q: [0.0, 9.0, 0.0, 11.0, 0.0, 12.0, 0.0, 13.0, 0.0, 8.0, 0.0, 11.0, 0.0, 10.0, 0.0, 7.0, 15.0, 7.0, 0.0, 15.0, 0.0, 12.0, 15.0, 12.0, 0.0, 0.0]
B: [0.0, 36.0, 45.624091437640004, 70.85029051714, 109.36324081964, 121.14917149994, 150.66868223434, 256.0, 261.08428175852, 274.08526633661995, 286.00800532561993, 309.0, 319.4016530417, 353.8662667781, 375.620952917, 402.0, 411.3920072402, 428.57698955029997, 445.3638459862, 449.59146529262, 466.47461624262, 481.98601263362, 529.0, 549.4257496801999, 566.2286940948, 608.3254898398]
