Avion: 1      Iteracion: 6

Num Ruta: 8
Ingresos: 585.527
Costos: 346.189370065
Utilidad Ruta: 239.337629935
Costo Reducido: 468.469593415
Nodos: [101, 33, 68, 29, 64, 711]
q: [0, 5.0, -5.0, 9.0, -9.0, 0]
Q: [0, 5.0, 0.0, 9.0, 0.0, 0]
B: [0.0, 437.0, 478.9526650524, 549.0, 582.7797797802, 598.8802887473]
