Avion: 2      Iteracion: 34

Num Ruta: 31
Ingresos: 1319.559
Costos: 593.73415201
Utilidad Ruta: 725.82484799
Costo Reducido: 48.9370062676
Nodos: [102, 16, 51, 10, 45, 26, 32, 67, 34, 61, 28, 69, 13, 48, 63, 29, 27, 62, 64, 712]
q: [0.0, 0.0, 0.0, 12.0, -12.0, 4.0, 11.0, -11.0, 8.0, -4.0, 6.0, -8.0, 0.0, 0.0, -6.0, 9.0, 6.0, -6.0, -9.0, 0.0]
Q: [0.0, 0.0, 0.0, 12.0, 0.0, 4.0, 15.0, 4.0, 12.0, 8.0, 14.0, 6.0, 6.0, 6.0, 0.0, 9.0, 15.0, 9.0, 0.0, 0.0]
B: [0.0, 36.0, 45.624091437640004, 96.0, 125.5195107344, 300.0, 309.0, 319.4016530417, 346.1750898215, 361.08833591350003, 378.0, 412.6152135628, 433.96172899270005, 450.84487994270006, 473.8833099673001, 549.0, 574.6018082369, 591.6326706049999, 607.0800481818, 643.5660336556999]
