Avion: 4      Iteracion: 57

Num Ruta: 52
Ingresos: 2619.796
Costos: 413.403092813
Utilidad Ruta: 2206.39290719
Costo Reducido: 55.2226617516
Nodos: [104, 17, 52, 24, 9, 44, 59, 1, 36, 23, 35, 70, 58, 31, 66, 25, 60, 29, 64, 714]
q: [0.0, 5.0, -5.0, 11.0, 4.0, -4.0, -11.0, 7.0, -7.0, 10.0, 5.0, -5.0, -10.0, 9.0, -9.0, 10.0, -10.0, 9.0, -9.0, 0.0]
Q: [0.0, 5.0, 0.0, 11.0, 15.0, 11.0, 0.0, 7.0, 0.0, 10.0, 15.0, 10.0, 0.0, 9.0, 0.0, 10.0, 0.0, 9.0, 0.0, 0.0]
B: [0.0, 24.0, 58.8425537813, 75.400837086, 81.83771412381999, 111.36495112632, 136.42051454042, 175.0, 209.2400855285, 267.0, 277.4634044651, 289.38614345409997, 313.15284696969997, 406.0, 434.325479078, 459.752616235, 476.9375985451, 549.0, 582.7797797802, 609.550209829]
