Avion: 6      Iteracion: 25

Num Ruta: 28
Ingresos: 469.273
Costos: 150.841792704
Utilidad Ruta: 318.431207296
Costo Reducido: 65.8701806865
Nodos: [106, 34, 8, 69, 43, 5, 40, 716]
q: [0.0, 8.0, 7.0, -8.0, -7.0, 9.0, -9.0, 0.0]
Q: [0.0, 8.0, 15.0, 7.0, 0.0, 9.0, 0.0, 0.0]
B: [0.0, 322.0, 414.0, 416.64617497532, 436.87392818722, 469.0, 470.12168890518, 476.84504297885]
