Avion: 6      Iteracion: 105

Num Ruta: 77
Ingresos: 503.464
Costos: 192.784288269
Utilidad Ruta: 310.679711731
Costo Reducido: 4.28875624314
Nodos: [106, 30, 16, 65, 51, 10, 45, 32, 67, 6, 41, 5, 40, 716]
q: [0.0, 11.0, 4.0, -11.0, -4.0, 12.0, -12.0, 11.0, -11.0, 4.0, -4.0, 9.0, -9.0, 0.0]
Q: [0.0, 11.0, 15.0, 4.0, 0.0, 12.0, 0.0, 11.0, 0.0, 4.0, 0.0, 9.0, 0.0, 0.0]
B: [0.0, 64.0, 72.20259129788, 83.01926305958, 85.89041962097, 101.71969683127, 131.23920756567, 309.0, 319.4016530417, 436.0, 439.69228939819, 469.0, 470.12168890518, 476.84504297885]
