Avion: 1      Iteracion: 58

Num Ruta: 38
Ingresos: 1223.508
Costos: 382.521491629
Utilidad Ruta: 840.986508371
Costo Reducido: 25.2567229313
Nodos: [101, 1, 36, 18, 53, 31, 66, 19, 54, 27, 62, 711]
q: [0, 7.0, -7.0, 10.0, -10.0, 9.0, -9.0, 7.0, -7.0, 6.0, -6.0, 0]
Q: [0, 7.0, 0.0, 10.0, 0.0, 9.0, 0.0, 7.0, 0.0, 6.0, 0.0, 0]
B: [0.0, 175.0, 209.2400855285, 293.0, 316.8182362487, 406.0, 434.325479078, 450.4266959264, 477.0538122179, 538.0, 555.0308623681, 569.1482535223]
