Avion: 1      Iteracion: 0

Num Ruta: 3
Ingresos: 4197.98
Costos: 671.547801396
Utilidad Ruta: 3526.4321986
Costo Reducido: -
Nodos: [101, 17, 52, 30, 16, 51, 65, 24, 59, 1, 36, 3, 38, 23, 58, 26, 61, 22, 57, 19, 54, 8, 43, 21, 2, 56, 27, 62, 37, 711]
q: [0.0, 5.0, -5.0, 11.0, 4.0, -4.0, -11.0, 11.0, -11.0, 7.0, -7.0, 13.0, -13.0, 10.0, -10.0, 10.0, -10.0, 10.0, -10.0, 7.0, -7.0, 8.0, -8.0, 6.0, 9.0, -6.0, 6.0, -6.0, -9.0, 0.0]
Q: [0.0, 5.0, 0.0, 11.0, 15.0, 11.0, 0.0, 11.0, 0.0, 7.0, 0.0, 13.0, 0.0, 10.0, 0.0, 10.0, 0.0, 10.0, 0.0, 7.0, 0.0, 8.0, 0.0, 6.0, 15.0, 9.0, 15.0, 9.0, 0.0, 0.0]
B: [0.0, 24.0, 58.8425537813, 64.0, 72.20259129788, 81.82668273552001, 84.69783929691, 109.43181018721, 147.94476048971, 175.0, 209.2400855285, 256.0, 261.08428175852, 267.0, 306.733842905, 326.4202156791, 343.9994436485, 357.6336242986, 379.3883104375, 402.0, 428.6271162915, 446.5840757223, 467.3524723383, 492.316644045, 534.6304390769, 558.481452808, 571.6589010056, 588.6897633737, 618.0302937199999, 634.9799609144]
