Avion: 4      Iteracion: 4

Num Ruta: 8
Ingresos: 3917.146
Costos: 664.701018897
Utilidad Ruta: 3252.4449811
Costo Reducido: 1394.94598536
Nodos: [104, 17, 52, 24, 9, 44, 59, 10, 45, 23, 35, 70, 34, 58, 22, 57, 69, 33, 13, 48, 68, 21, 56, 27, 62, 2, 37, 714]
q: [0.0, 5.0, -5.0, 11.0, 4.0, -4.0, -11.0, 12.0, -12.0, 10.0, 5.0, -5.0, 5.0, -10.0, 10.0, -10.0, -5.0, 5.0, 10.0, -10.0, -5.0, 12.0, -12.0, 6.0, -6.0, 10.0, -10.0, 0.0]
Q: [0.0, 5.0, 0.0, 11.0, 15.0, 11.0, 0.0, 12.0, 0.0, 10.0, 15.0, 10.0, 15.0, 5.0, 15.0, 5.0, 0.0, 5.0, 15.0, 5.0, 0.0, 12.0, 0.0, 6.0, 0.0, 10.0, 0.0, 0.0]
B: [0.0, 24.0, 58.8425537813, 75.400837086, 81.83771412381999, 111.36495112632, 136.42051454042, 148.20644522071998, 177.72595595511999, 267.0, 277.4634044651, 289.38614345409997, 322.0, 336.2589470158, 352.0153710073, 373.77005714620003, 384.3603074737, 437.0, 462.372931896, 479.256082846, 484.60413314494, 495.48361052214, 536.22240120134, 549.39984939894, 566.43071176704, 577.8827848544399, 618.61774690184, 642.9790510130399]
