Avion: 7      Iteracion: 14

Num Ruta: 15
Ingresos: 1471.565
Costos: 404.697676723
Utilidad Ruta: 1066.86732328
Costo Reducido: 179.26253166
Nodos: [107, 30, 65, 10, 45, 1, 3, 36, 38, 23, 58, 717]
q: [0.0, 11.0, -11.0, 12.0, -12.0, 7.0, 0.0, -7.0, 0.0, 10.0, -10.0, 0.0]
Q: [0.0, 11.0, 0.0, 12.0, 0.0, 7.0, 7.0, 0.0, 0.0, 10.0, 0.0, 0.0]
B: [0.0, 64.0, 82.7140226568, 101.4070729429, 130.92658367730002, 175.0, 256.0, 263.0965519092, 271.28427747861, 274.64676480201, 314.38060770701003, 349.91626152121]
