Avion: 5      Iteracion: 56

Num Ruta: 47
Ingresos: 1029.79
Costos: 288.270865106
Utilidad Ruta: 741.519134894
Costo Reducido: 8.67429881756
Nodos: [105, 18, 53, 28, 19, 63, 25, 60, 31, 54, 66, 715]
q: [0.0, 0.0, 0.0, 6.0, 7.0, -6.0, 8.0, -8.0, 8.0, -7.0, -8.0, 0.0]
Q: [0.0, 0.0, 0.0, 6.0, 13.0, 7.0, 15.0, 7.0, 15.0, 8.0, 0.0, 0.0]
B: [0.0, 293.0, 316.8182362487, 378.0, 414.065010994, 426.60080426769997, 429.93418288405996, 447.11916519415996, 451.94081180086994, 469.04685123146993, 491.46501551846995, 505.21775928106996]
