Avion: 4      Iteracion: 95

Num Ruta: 78
Ingresos: 2327.198
Costos: 478.358626992
Utilidad Ruta: 1848.83937301
Costo Reducido: 31.5423357753
Nodos: [104, 17, 52, 24, 9, 44, 59, 34, 22, 69, 57, 19, 31, 54, 33, 66, 68, 29, 64, 714]
q: [0.0, 5.0, -5.0, 11.0, 4.0, -4.0, -11.0, 8.0, 7.0, -8.0, -7.0, 6.0, 9.0, -6.0, 5.0, -9.0, -5.0, 9.0, -9.0, 0.0]
Q: [0.0, 5.0, 0.0, 11.0, 15.0, 11.0, 0.0, 8.0, 15.0, 7.0, 0.0, 6.0, 15.0, 9.0, 14.0, 5.0, 0.0, 9.0, 0.0, 0.0]
B: [0.0, 24.0, 58.8425537813, 75.400837086, 81.83771412381999, 111.36495112632, 136.42051454042, 322.0, 350.0636833826, 364.6328500369, 375.22310036439995, 402.0, 423.4250045741, 440.5310440047, 462.0794377731, 484.4775992155, 515.4293900684, 549.0, 582.7797797802, 609.550209829]
