Avion: 2      Iteracion: 4

Num Ruta: 5
Ingresos: 2717.467
Costos: 677.787975203
Utilidad Ruta: 2039.6790248
Costo Reducido: 1364.70356636
Nodos: [102, 16, 51, 24, 59, 10, 45, 23, 18, 53, 58, 22, 57, 33, 13, 48, 68, 5, 40, 2, 4, 39, 37, 712]
q: [0.0, 0.0, 0.0, 11.0, -11.0, 12.0, -12.0, 10.0, 5.0, -5.0, -10.0, 10.0, -10.0, 5.0, 10.0, -10.0, -5.0, 9.0, -9.0, 10.0, 3.0, -3.0, -10.0, 0.0]
Q: [0.0, 0.0, 0.0, 11.0, 0.0, 12.0, 0.0, 10.0, 15.0, 10.0, 0.0, 10.0, 0.0, 5.0, 15.0, 5.0, 0.0, 9.0, 0.0, 10.0, 13.0, 10.0, 0.0, 0.0]
B: [0.0, 36.0, 45.624091437640004, 70.85029051714, 109.36324081964, 121.14917149994, 150.66868223434, 267.0, 293.0, 316.8182362487, 326.74376782137, 342.50019181287, 364.25487795177, 437.0, 462.372931896, 479.256082846, 484.60413314494, 513.57555073194, 514.69723963712, 528.77929009152, 556.15082269382, 576.5765723740201, 609.7697831557201, 613.8855296250701]
