Avion: 1      Iteracion: 56

Num Ruta: 36
Ingresos: 999.273
Costos: 306.221497226
Utilidad Ruta: 693.051502774
Costo Reducido: 27.9695477487
Nodos: [101, 30, 65, 24, 59, 31, 66, 19, 54, 711]
q: [0, 11.0, -11.0, 11.0, -11.0, 9.0, -9.0, 7.0, -7.0, 0]
Q: [0, 11.0, 0.0, 11.0, 0.0, 9.0, 0.0, 7.0, 0.0, 0]
B: [0.0, 64.0, 82.7140226568, 107.4479935471, 145.9609438496, 406.0, 434.325479078, 450.4266959264, 477.0538122179, 481.79933916439995]
