Avion: 7      Iteracion: 18

Num Ruta: 18
Ingresos: 1612.696
Costos: 327.238306305
Utilidad Ruta: 1285.4576937
Costo Reducido: 272.985022954
Nodos: [107, 14, 49, 3, 38, 23, 35, 70, 18, 53, 58, 28, 19, 63, 25, 60, 54, 717]
q: [0.0, 0.0, 0.0, 13.0, -13.0, 7.0, 8.0, -8.0, 8.0, -8.0, -7.0, 6.0, 7.0, -6.0, 8.0, -8.0, -7.0, 0.0]
Q: [0.0, 0.0, 0.0, 13.0, 0.0, 7.0, 15.0, 7.0, 15.0, 7.0, 0.0, 6.0, 13.0, 7.0, 15.0, 7.0, 0.0, 0.0]
B: [0.0, 112.0, 124.021711775, 256.0, 261.08428175852, 267.0, 277.4634044651, 289.38614345409997, 309.80429657819997, 333.62253282689994, 343.54806439956997, 378.0, 414.065010994, 426.60080426769997, 429.93418288405996, 447.11916519415996, 463.90602163005997, 489.39018537936]
