Avion: 6      Iteracion: 52

Num Ruta: 46
Ingresos: 351.845
Costos: 165.991935939
Utilidad Ruta: 185.853064061
Costo Reducido: 14.5013949266
Nodos: [106, 6, 41, 29, 64, 716]
q: [0, 4.0, -4.0, 9.0, -9.0, 0]
Q: [0, 4.0, 0.0, 9.0, 0.0, 0]
B: [0.0, 436.0, 439.69228939819, 549.0, 582.7797797802, 603.1769870644999]
