Avion: 3      Iteracion: 72

Num Ruta: 47
Ingresos: 2722.203
Costos: 413.288154053
Utilidad Ruta: 2308.91484595
Costo Reducido: 74.3452626904
Nodos: [103, 11, 46, 1, 36, 23, 35, 70, 32, 67, 26, 61, 58, 34, 69, 8, 33, 43, 6, 41, 68, 21, 56, 27, 62, 713]
q: [0.0, 6.0, -6.0, 7.0, -7.0, 5.0, 8.0, -8.0, 10.0, -10.0, 10.0, -10.0, -5.0, 8.0, -8.0, 8.0, 5.0, -8.0, 4.0, -4.0, -5.0, 12.0, -12.0, 6.0, -6.0, 0.0]
Q: [0.0, 6.0, 0.0, 7.0, 0.0, 5.0, 13.0, 5.0, 15.0, 5.0, 15.0, 5.0, 0.0, 8.0, 0.0, 8.0, 13.0, 5.0, 9.0, 5.0, 0.0, 12.0, 0.0, 6.0, 0.0, 0.0]
B: [0.0, 169.0, 173.05406684701, 195.72351838431, 229.96360391281002, 267.0, 277.4634044651, 289.38614345409997, 309.0, 319.4016530417, 332.1221722921, 349.7014002615, 352.76847264408, 367.02741965988, 403.46754987368, 414.0, 437.0, 460.2743670161, 469.46503864552994, 473.15732804371993, 504.23518886131995, 515.1146662385199, 555.8534569177199, 569.0309051153199, 586.0617674834199, 614.3324877607199]
