Avion: 7      Iteracion: 26

Num Ruta: 25
Ingresos: 1573.615
Costos: 230.435300887
Utilidad Ruta: 1343.17969911
Costo Reducido: 65.3549240947
Nodos: [107, 11, 46, 1, 36, 3, 38, 23, 58, 22, 57, 717]
q: [0, 6.0, -6.0, 7.0, -7.0, 13.0, -13.0, 10.0, -10.0, 10.0, -10.0, 0]
Q: [0, 6.0, 0.0, 7.0, 0.0, 13.0, 0.0, 10.0, 0.0, 10.0, 0.0, 0]
B: [0.0, 169.0, 173.05406684701, 195.72351838431, 229.96360391281002, 256.0, 261.08428175852, 267.0, 306.733842905, 322.49026689650003, 344.24495303540004, 346.21174178867005]
