Avion: 1      Iteracion: 74

Num Ruta: 46
Ingresos: 1582.307
Costos: 472.266139366
Utilidad Ruta: 1110.04086063
Costo Reducido: 54.6912138202
Nodos: [101, 30, 16, 51, 65, 24, 59, 1, 36, 26, 61, 34, 69, 2, 27, 62, 37, 711]
q: [0.0, 6.0, 9.0, -9.0, -6.0, 11.0, -11.0, 0.0, 0.0, 10.0, -10.0, 8.0, -8.0, 10.0, 5.0, -5.0, -10.0, 0.0]
Q: [0.0, 6.0, 15.0, 6.0, 0.0, 11.0, 0.0, 0.0, 0.0, 10.0, 0.0, 8.0, 0.0, 10.0, 15.0, 10.0, 0.0, 0.0]
B: [0.0, 64.0, 72.20259129788, 81.82668273552001, 84.69783929691, 109.43181018721, 147.94476048971, 175.0, 209.2400855285, 300.0, 317.5792279694, 332.4924740614, 368.9326042752, 522.0, 547.7839683718, 564.8148307399, 594.1553610862, 611.1050282806]
