Avion: 4      Iteracion: 5

Num Ruta: 9
Ingresos: 3401.619
Costos: 666.219825242
Utilidad Ruta: 2735.39917476
Costo Reducido: 737.073838681
Nodos: [104, 17, 52, 24, 9, 44, 59, 10, 45, 3, 38, 32, 67, 26, 61, 34, 69, 13, 48, 25, 60, 21, 56, 2, 37, 29, 64, 714]
q: [0.0, 5.0, -5.0, 11.0, 0.0, 0.0, -11.0, 12.0, -12.0, 13.0, -13.0, 11.0, -11.0, 10.0, -10.0, 8.0, -8.0, 15.0, -15.0, 10.0, -10.0, 12.0, -12.0, 10.0, -10.0, 9.0, -9.0, 0.0]
Q: [0.0, 5.0, 0.0, 11.0, 11.0, 11.0, 0.0, 12.0, 0.0, 13.0, 0.0, 11.0, 0.0, 10.0, 0.0, 8.0, 0.0, 15.0, 0.0, 10.0, 0.0, 12.0, 0.0, 10.0, 0.0, 9.0, 0.0, 0.0]
B: [0.0, 24.0, 58.8425537813, 75.400837086, 81.83771412381999, 111.36495112632, 136.42051454042, 148.20644522071998, 177.72595595511999, 256.0, 261.08428175852, 309.0, 319.4016530417, 332.1221722921, 349.7014002615, 364.6146463535, 401.0547765673, 423.0, 439.88315095, 463.8957169312, 481.0806992413, 489.2494127263, 529.9882034055, 553.8392171366, 594.5741791840001, 604.37891972111, 638.15869950131, 664.92912955011]
