Avion: 1      Iteracion: 29

Num Ruta: 24
Ingresos: 1210.345
Costos: 484.302795206
Utilidad Ruta: 726.042204794
Costo Reducido: 65.748290136
Nodos: [101, 9, 44, 10, 45, 1, 36, 3, 38, 35, 70, 19, 54, 711]
q: [0, 11.0, -11.0, 12.0, -12.0, 7.0, -7.0, 13.0, -13.0, 8.0, -8.0, 7.0, -7.0, 0]
Q: [0, 11.0, 0.0, 12.0, 0.0, 7.0, 0.0, 13.0, 0.0, 8.0, 0.0, 7.0, 0.0, 0]
B: [0.0, 44.6232980628, 74.1505350653, 102.6926485119, 132.21215924630002, 175.0, 209.2400855285, 256.0, 261.08428175852, 274.08526633661995, 286.00800532561993, 402.0, 428.6271162915, 433.37264323799997]
