Avion: 1      Iteracion: 30

Num Ruta: 25
Ingresos: 1277.045
Costos: 404.288560182
Utilidad Ruta: 872.756439818
Costo Reducido: 50.1366476809
Nodos: [101, 10, 45, 33, 68, 21, 4, 39, 56, 711]
q: [0, 12.0, -12.0, 5.0, -5.0, 12.0, 3.0, -3.0, -12.0, 0]
Q: [0, 12.0, 0.0, 5.0, 0.0, 12.0, 15.0, 12.0, 0.0, 0]
B: [0.0, 96.0, 125.5195107344, 437.0, 478.9526650524, 489.83214242959997, 529.0, 549.4257496801999, 566.2286940948, 588.4711797696999]
