Avion: 6      Iteracion: 26

Num Ruta: 29
Ingresos: 576.257
Costos: 281.686433859
Utilidad Ruta: 294.570566141
Costo Reducido: 33.8714051883
Nodos: [106, 32, 67, 5, 33, 40, 68, 4, 27, 39, 62, 716]
q: [0, 11.0, -11.0, 9.0, 5.0, -9.0, -5.0, 3.0, 6.0, -3.0, -6.0, 0]
Q: [0, 11.0, 0.0, 9.0, 14.0, 5.0, 0.0, 3.0, 9.0, 6.0, 0.0, 0]
B: [0.0, 309.0, 319.4016530417, 469.0, 482.6981671767, 495.9883458813, 525.0007204997, 542.3182545332, 559.9330290705001, 576.2838416497001, 581.6991001846201, 591.4047705375601]
