Avion: 1      Iteracion: 87

Num Ruta: 53
Ingresos: 1452.161
Costos: 315.899920794
Utilidad Ruta: 1136.26107921
Costo Reducido: 14.8607973873
Nodos: [101, 30, 65, 24, 59, 1, 36, 22, 57, 19, 54, 711]
q: [0, 11.0, -11.0, 11.0, -11.0, 7.0, -7.0, 10.0, -10.0, 7.0, -7.0, 0]
Q: [0, 11.0, 0.0, 11.0, 0.0, 7.0, 0.0, 10.0, 0.0, 7.0, 0.0, 0]
B: [0.0, 64.0, 82.7140226568, 107.4479935471, 145.9609438496, 175.0, 209.2400855285, 299.0, 320.7546861389, 402.0, 428.6271162915, 433.37264323799997]
