Avion: 2      Iteracion: 3

Num Ruta: 4
Ingresos: 2622.824
Costos: 700.756418863
Utilidad Ruta: 1922.06758114
Costo Reducido: 1685.29475571
Nodos: [102, 9, 44, 30, 65, 24, 59, 1, 36, 35, 70, 26, 61, 28, 63, 25, 60, 31, 66, 2, 37, 712]
q: [0, 11.0, -11.0, 11.0, -11.0, 11.0, -11.0, 7.0, -7.0, 8.0, -8.0, 10.0, -10.0, 6.0, -6.0, 10.0, -10.0, 9.0, -9.0, 10.0, -10.0, 0]
Q: [0, 11.0, 0.0, 11.0, 0.0, 11.0, 0.0, 7.0, 0.0, 8.0, 0.0, 10.0, 0.0, 6.0, 0.0, 10.0, 0.0, 9.0, 0.0, 10.0, 0.0, 0]
B: [0.0, 29.8362865317, 59.3635235342, 75.1514238696, 93.86544652639999, 118.59941741669999, 157.1123677192, 175.0, 209.2400855285, 270.0, 281.922738989, 300.0, 317.5792279694, 378.0, 414.0266187839, 417.35999740026, 434.54497971036, 439.36662631707, 467.69210539507, 522.0, 562.7349620474, 566.85070851675]
