Avion: 5      Iteracion: 76

Num Ruta: 57
Ingresos: 730.373
Costos: 239.333380797
Utilidad Ruta: 491.039619203
Costo Reducido: 0.461037249236
Nodos: [105, 18, 53, 28, 31, 63, 66, 715]
q: [0, 10.0, -10.0, 6.0, 9.0, -6.0, -9.0, 0]
Q: [0, 10.0, 0.0, 6.0, 15.0, 9.0, 0.0, 0]
B: [0.0, 293.0, 316.8182362487, 378.0, 406.0, 426.4968799577, 454.9113116606, 468.6640554232]
