Avion: 6      Iteracion: 55

Num Ruta: 47
Ingresos: 790.557
Costos: 248.478027316
Utilidad Ruta: 542.078972684
Costo Reducido: 7.10053265892
Nodos: [106, 16, 51, 35, 70, 32, 67, 8, 19, 54, 43, 5, 40, 716]
q: [0, 9.0, -9.0, 8.0, -8.0, 11.0, -11.0, 8.0, 7.0, -7.0, -8.0, 9.0, -9.0, 0]
Q: [0, 9.0, 0.0, 8.0, 0.0, 11.0, 0.0, 8.0, 15.0, 8.0, 0.0, 9.0, 0.0, 0]
B: [0.0, 36.0, 45.624091437640004, 270.0, 281.922738989, 309.0, 319.4016530417, 414.0, 437.1608815463, 463.7879978378, 466.71611702935996, 476.46892790622996, 477.59061681141, 484.31397088508]
