Avion: 3      Iteracion: 5

Num Ruta: 8
Ingresos: 1778.501
Costos: 525.097735034
Utilidad Ruta: 1253.40326497
Costo Reducido: 640.19697718
Nodos: [103, 17, 16, 51, 52, 14, 49, 11, 46, 3, 38, 32, 67, 26, 61, 34, 69, 8, 33, 43, 6, 41, 68, 713]
q: [0, 5.0, 9.0, -9.0, -5.0, 8.0, -8.0, 6.0, -6.0, 13.0, -13.0, 11.0, -11.0, 10.0, -10.0, 8.0, -8.0, 8.0, 5.0, -8.0, 4.0, -4.0, -5.0, 0]
Q: [0, 5.0, 14.0, 5.0, 0.0, 8.0, 0.0, 6.0, 0.0, 13.0, 0.0, 11.0, 0.0, 10.0, 0.0, 8.0, 0.0, 8.0, 13.0, 5.0, 9.0, 5.0, 0.0, 0]
B: [0.0, 39.7453305433, 74.54680752350001, 84.17089896114001, 98.81866773324, 112.0, 124.021711775, 169.0, 173.05406684701, 256.0, 261.08428175852, 309.0, 319.4016530417, 332.1221722921, 349.7014002615, 364.6146463535, 401.0547765673, 414.0, 437.0, 460.2743670161, 469.46503864552994, 473.15732804371993, 504.23518886131995, 507.93006436666997]
