Avion: 6      Iteracion: 34

Num Ruta: 33
Ingresos: 1880.705
Costos: 388.410661224
Utilidad Ruta: 1492.29433878
Costo Reducido: 13.877418991
Nodos: [106, 1, 11, 46, 36, 35, 70, 22, 57, 28, 63, 21, 5, 40, 56, 27, 62, 716]
q: [0.0, 7.0, 6.0, -6.0, -7.0, 8.0, -8.0, 10.0, -10.0, 6.0, -6.0, 12.0, 3.0, -3.0, -12.0, 6.0, -6.0, 0.0]
Q: [0.0, 7.0, 13.0, 7.0, 0.0, 8.0, 0.0, 10.0, 0.0, 6.0, 0.0, 12.0, 15.0, 12.0, 0.0, 6.0, 0.0, 0.0]
B: [0.0, 175.0, 193.6808285951, 197.73489544211, 232.05062478011, 270.0, 281.922738989, 299.64604976889996, 321.40073590779997, 378.0, 414.0266187839, 477.0, 505.61812322640003, 506.73981213158004, 529.48246081198, 542.65990900958, 559.69077137768, 569.39644173062]
