Avion: 6      Iteracion: 39

Num Ruta: 36
Ingresos: 437.26
Costos: 251.230541907
Utilidad Ruta: 186.029458093
Costo Reducido: 16.3013863181
Nodos: [106, 35, 70, 32, 67, 33, 6, 41, 68, 716]
q: [0, 8.0, -8.0, 11.0, -11.0, 5.0, 4.0, -4.0, -5.0, 0]
Q: [0, 8.0, 0.0, 11.0, 0.0, 5.0, 9.0, 5.0, 0.0, 0]
B: [0.0, 270.0, 281.922738989, 309.0, 319.4016530417, 437.0, 463.1548069196, 466.84709631779, 497.92495713539, 521.81740106649]
