Avion: 7      Iteracion: 46

Num Ruta: 38
Ingresos: 2823.137
Costos: 545.285863616
Utilidad Ruta: 2277.85113638
Costo Reducido: 18.2031795863
Nodos: [107, 24, 59, 1, 36, 3, 38, 23, 35, 70, 34, 58, 22, 57, 69, 19, 33, 54, 13, 48, 68, 29, 4, 39, 64, 717]
q: [0.0, 11.0, -11.0, 7.0, -7.0, 0.0, 0.0, 7.0, 8.0, -8.0, 8.0, -7.0, 7.0, -7.0, -8.0, 7.0, 5.0, -7.0, 10.0, -10.0, -5.0, 9.0, 3.0, -3.0, -9.0, 0.0]
Q: [0.0, 11.0, 0.0, 7.0, 0.0, 0.0, 0.0, 7.0, 15.0, 7.0, 15.0, 8.0, 15.0, 8.0, 0.0, 7.0, 12.0, 5.0, 15.0, 5.0, 0.0, 9.0, 12.0, 9.0, 0.0, 0.0]
B: [0.0, 61.0, 99.5129503025, 175.0, 209.2400855285, 256.0, 261.08428175852, 267.0, 277.4634044651, 289.38614345409997, 322.0, 336.2589470158, 352.0153710073, 373.77005714620003, 384.3603074737, 404.9001237338, 441.4936840962, 463.0420778646, 467.26969717102, 484.15284812102004, 489.50089841996004, 549.0, 569.7100026316, 590.1357523117999, 602.3548233485, 639.8192121064]
