Avion: 3      Iteracion: 4

Num Ruta: 7
Ingresos: 2799.279
Costos: 576.348907621
Utilidad Ruta: 2222.93009238
Costo Reducido: 924.797898705
Nodos: [103, 17, 52, 24, 59, 10, 45, 1, 11, 46, 36, 23, 18, 53, 58, 22, 57, 33, 6, 41, 13, 48, 68, 713]
q: [0.0, 5.0, -5.0, 11.0, -11.0, 12.0, -12.0, 7.0, 6.0, -6.0, -7.0, 10.0, 5.0, -5.0, -10.0, 10.0, -10.0, 5.0, 4.0, -4.0, 10.0, -10.0, -5.0, 0.0]
Q: [0.0, 5.0, 0.0, 11.0, 0.0, 12.0, 0.0, 7.0, 13.0, 7.0, 0.0, 10.0, 15.0, 10.0, 0.0, 10.0, 0.0, 5.0, 9.0, 5.0, 15.0, 5.0, 0.0, 0.0]
B: [0.0, 39.7453305433, 74.5878843246, 91.1461676293, 129.65911793179998, 141.44504861209998, 170.96455934649998, 209.3839005173, 228.0647291124, 232.11879595941, 266.43452529741, 271.26504876801, 293.0, 316.8182362487, 326.74376782137, 342.50019181287, 364.25487795177, 437.0, 463.1548069196, 466.84709631779, 480.25716242499, 497.14031337499, 502.48836367393, 506.18323917928]
