Avion: 5      Iteracion: 32

Num Ruta: 30
Ingresos: 891.506
Costos: 380.874842476
Utilidad Ruta: 510.631157524
Costo Reducido: 3.77035197038
Nodos: [105, 30, 16, 51, 65, 24, 59, 1, 36, 3, 38, 35, 70, 715]
q: [0.0, 6.0, 9.0, -9.0, -6.0, 11.0, -11.0, 7.0, -7.0, 13.0, -13.0, 8.0, -8.0, 0.0]
Q: [0.0, 6.0, 15.0, 6.0, 0.0, 11.0, 0.0, 7.0, 0.0, 13.0, 0.0, 8.0, 0.0, 0.0]
B: [0.0, 64.0, 72.20259129788, 81.82668273552001, 84.69783929691, 109.43181018721, 147.94476048971, 175.0, 209.2400855285, 256.0, 261.08428175852, 274.08526633661995, 286.00800532561993, 315.00397237281993]
