Avion: 3      Iteracion: 26

Num Ruta: 26
Ingresos: 905.604
Costos: 222.80672359
Utilidad Ruta: 682.79727641
Costo Reducido: 6.43879895688
Nodos: [103, 11, 46, 22, 57, 8, 33, 43, 68, 713]
q: [0, 6.0, -6.0, 10.0, -10.0, 8.0, 5.0, -8.0, -5.0, 0]
Q: [0, 6.0, 0.0, 10.0, 0.0, 8.0, 13.0, 5.0, 0.0, 0]
B: [0.0, 169.0, 173.05406684701, 299.0, 320.7546861389, 414.0, 437.0, 460.2743670161, 482.23124805599997, 485.92612356135]
