Avion: 6      Iteracion: 45

Num Ruta: 41
Ingresos: 1413.468
Costos: 239.062652514
Utilidad Ruta: 1174.40534749
Costo Reducido: 58.944315579
Nodos: [106, 17, 52, 30, 16, 51, 65, 35, 70, 22, 57, 19, 54, 6, 41, 5, 40, 716]
q: [0.0, 5.0, -5.0, 11.0, 4.0, -4.0, -11.0, 8.0, -8.0, 10.0, -10.0, 7.0, -7.0, 4.0, -4.0, 9.0, -9.0, 0.0]
Q: [0.0, 5.0, 0.0, 11.0, 15.0, 11.0, 0.0, 8.0, 0.0, 10.0, 0.0, 7.0, 0.0, 4.0, 0.0, 9.0, 0.0, 0.0]
B: [0.0, 24.0, 58.8425537813, 64.0, 72.20259129788, 81.82668273552001, 84.69783929691, 270.0, 281.922738989, 299.64604976889996, 321.40073590779997, 402.0, 428.6271162915, 440.41813528899996, 444.11042468718995, 469.0, 470.12168890518, 476.84504297885]
