Avion: 7      Iteracion: 12

Num Ruta: 13
Ingresos: 1516.94
Costos: 186.301394094
Utilidad Ruta: 1330.63860591
Costo Reducido: 183.498994766
Nodos: [107, 14, 49, 3, 38, 23, 58, 26, 61, 22, 57, 717]
q: [0, 8.0, -8.0, 13.0, -13.0, 10.0, -10.0, 10.0, -10.0, 10.0, -10.0, 0]
Q: [0, 8.0, 0.0, 13.0, 0.0, 10.0, 0.0, 10.0, 0.0, 10.0, 0.0, 0]
B: [0.0, 112.0, 124.021711775, 256.0, 261.08428175852, 267.0, 306.733842905, 326.4202156791, 343.9994436485, 357.6336242986, 379.3883104375, 381.35509919077003]
