Avion: 6      Iteracion: 8

Num Ruta: 11
Ingresos: 1704.28
Costos: 422.312519223
Utilidad Ruta: 1281.96748078
Costo Reducido: 289.837160569
Nodos: [106, 17, 52, 16, 51, 24, 59, 10, 45, 34, 32, 67, 69, 8, 5, 40, 43, 6, 41, 27, 39, 4, 62, 716]
q: [0.0, 5.0, -5.0, 9.0, -9.0, 11.0, -11.0, 12.0, -12.0, 8.0, 7.0, -7.0, -8.0, 8.0, 7.0, -7.0, -8.0, 4.0, -4.0, 6.0, -3.0, 3.0, -6.0, 0.0]
Q: [0.0, 5.0, 0.0, 9.0, 0.0, 11.0, 0.0, 12.0, 0.0, 8.0, 15.0, 8.0, 0.0, 8.0, 15.0, 8.0, 0.0, 4.0, 0.0, 6.0, 3.0, 6.0, 0.0, 0.0]
B: [0.0, 24.0, 58.8425537813, 64.17419311644, 73.79828455408, 99.02448363357999, 137.53743393608, 149.32336461638, 178.84287535078, 322.0, 342.0229178943, 352.424570936, 383.46685579070004, 414.0, 469.0, 470.12168890518, 480.59966590458, 489.79033753400995, 493.48262693219993, 538.0, 554.3508125792, 574.7765622594, 590.8637629171, 600.56943327004]
