Avion: 6      Iteracion: 3

Num Ruta: 6
Ingresos: 2427.713
Costos: 574.207473907
Utilidad Ruta: 1853.50552609
Costo Reducido: 1341.23760061
Nodos: [106, 9, 44, 24, 59, 1, 36, 35, 70, 32, 67, 26, 61, 31, 33, 66, 68, 5, 40, 4, 2, 39, 37, 716]
q: [0, 11.0, -11.0, 11.0, -11.0, 7.0, -7.0, 8.0, -8.0, 11.0, -11.0, 10.0, -10.0, 9.0, 5.0, -9.0, -5.0, 9.0, -9.0, 3.0, 10.0, -3.0, -10.0, 0]
Q: [0, 11.0, 0.0, 11.0, 0.0, 7.0, 0.0, 8.0, 0.0, 11.0, 0.0, 10.0, 0.0, 9.0, 14.0, 5.0, 0.0, 9.0, 0.0, 3.0, 13.0, 10.0, 0.0, 0]
B: [0.0, 51.9831585901, 81.51039559259999, 105.65064548769999, 144.1635957902, 175.0, 209.2400855285, 270.0, 281.922738989, 309.0, 319.4016530417, 332.1221722921, 349.7014002615, 406.0, 443.5012702852, 465.8994317276, 496.8512225805, 525.8226401675, 526.94432907268, 540.23721754738, 567.6087501496801, 577.0632166602801, 610.2564274419801, 630.6820649105802]
