Avion: 4      Iteracion: 81

Num Ruta: 66
Ingresos: 2026.251
Costos: 515.373703801
Utilidad Ruta: 1510.8772962
Costo Reducido: 10.9279372738
Nodos: [104, 17, 52, 24, 9, 44, 59, 10, 45, 34, 28, 69, 63, 33, 5, 40, 68, 29, 64, 714]
q: [0.0, 5.0, -5.0, 11.0, 4.0, -4.0, -11.0, 12.0, -12.0, 8.0, 6.0, -8.0, -6.0, 5.0, 9.0, -9.0, -5.0, 9.0, -9.0, 0.0]
Q: [0.0, 5.0, 0.0, 11.0, 15.0, 11.0, 0.0, 12.0, 0.0, 8.0, 14.0, 6.0, 0.0, 5.0, 14.0, 5.0, 0.0, 9.0, 0.0, 0.0]
B: [0.0, 24.0, 58.8425537813, 75.400837086, 81.83771412381999, 111.36495112632, 136.42051454042, 148.20644522071998, 177.72595595511999, 322.0, 378.0, 412.6152135628, 444.56576931700005, 491.89066911620006, 505.58883629290006, 506.71052519808006, 535.7228998164801, 549.0, 582.7797797802, 609.550209829]
