Avion: 5      Iteracion: 5

Num Ruta: 8
Ingresos: 1500.055
Costos: 529.943176593
Utilidad Ruta: 970.111823407
Costo Reducido: 616.034968617
Nodos: [105, 16, 51, 17, 52, 14, 49, 3, 38, 18, 53, 34, 26, 61, 69, 8, 43, 25, 60, 715]
q: [0.0, 9.0, -9.0, 5.0, -5.0, 8.0, -8.0, 13.0, -13.0, 0.0, 0.0, 8.0, 7.0, -7.0, -8.0, 8.0, -8.0, 10.0, -10.0, 0.0]
Q: [0.0, 9.0, 0.0, 5.0, 0.0, 8.0, 0.0, 13.0, 0.0, 0.0, 0.0, 8.0, 15.0, 8.0, 0.0, 8.0, 0.0, 10.0, 0.0, 0.0]
B: [0.0, 36.0, 45.624091437640004, 78.34191948294, 113.18447326424, 125.62302611414, 137.64473788914, 256.0, 261.08428175852, 293.0, 316.8182362487, 340.28894720939996, 356.21617424359994, 373.79540221299993, 398.7821561637999, 414.0, 434.768396616, 468.12895782230004, 485.31394013240003, 522.456847423]
