Avion: 3      Iteracion: 52

Num Ruta: 39
Ingresos: 1572.025
Costos: 446.995906422
Utilidad Ruta: 1125.02909358
Costo Reducido: 4.02267937815
Nodos: [103, 24, 59, 1, 11, 46, 36, 35, 70, 32, 67, 26, 34, 61, 69, 33, 6, 41, 13, 48, 68, 713]
q: [0.0, 11.0, -11.0, 7.0, 6.0, -6.0, -7.0, 8.0, -8.0, 11.0, -11.0, 7.0, 8.0, -7.0, -8.0, 5.0, 4.0, -4.0, 10.0, -10.0, -5.0, 0.0]
Q: [0.0, 11.0, 0.0, 7.0, 13.0, 7.0, 0.0, 8.0, 0.0, 11.0, 0.0, 7.0, 15.0, 8.0, 0.0, 5.0, 9.0, 5.0, 15.0, 5.0, 0.0, 0.0]
B: [0.0, 61.0, 99.5129503025, 175.0, 193.6808285951, 197.73489544211, 232.05062478011, 270.0, 281.922738989, 309.0, 319.4016530417, 332.1221722921, 348.0493993263, 362.9626454183, 387.9493993691, 437.0, 463.1548069196, 466.84709631779, 480.25716242499, 497.14031337499, 502.48836367393, 506.18323917928]
