Avion: 1      Iteracion: 7

Num Ruta: 9
Ingresos: 658.217
Costos: 329.144152786
Utilidad Ruta: 329.072847214
Costo Reducido: 250.228200962
Nodos: [101, 1, 36, 18, 53, 13, 48, 711]
q: [0, 7.0, -7.0, 10.0, -10.0, 15.0, -15.0, 0]
Q: [0, 7.0, 0.0, 10.0, 0.0, 15.0, 0.0, 0]
B: [0.0, 175.0, 209.2400855285, 293.0, 316.8182362487, 423.0, 439.88315095, 455.1345530167]
