Avion: 1      Iteracion: 89

Num Ruta: 54
Ingresos: 1422.894
Costos: 401.279317092
Utilidad Ruta: 1021.61468291
Costo Reducido: 2.34053650637
Nodos: [101, 24, 59, 1, 36, 35, 70, 18, 53, 31, 66, 19, 54, 711]
q: [0, 11.0, -11.0, 7.0, -7.0, 8.0, -8.0, 10.0, -10.0, 9.0, -9.0, 7.0, -7.0, 0]
Q: [0, 11.0, 0.0, 7.0, 0.0, 8.0, 0.0, 10.0, 0.0, 9.0, 0.0, 7.0, 0.0, 0]
B: [0.0, 61.0, 99.5129503025, 175.0, 209.2400855285, 270.0, 281.922738989, 302.3408921131, 326.15912836179996, 406.0, 434.325479078, 450.4266959264, 477.0538122179, 481.79933916439995]
