Avion: 4      Iteracion: 37

Num Ruta: 38
Ingresos: 2623.814
Costos: 466.228076997
Utilidad Ruta: 2157.585923
Costo Reducido: 85.2966629299
Nodos: [104, 17, 52, 9, 44, 3, 38, 23, 35, 70, 58, 34, 69, 19, 54, 33, 68, 29, 64, 714]
q: [0.0, 5.0, -5.0, 11.0, -11.0, 13.0, -13.0, 10.0, 5.0, -5.0, -10.0, 8.0, -8.0, 7.0, -7.0, 5.0, -5.0, 9.0, -9.0, 0.0]
Q: [0.0, 5.0, 0.0, 11.0, 0.0, 13.0, 0.0, 10.0, 15.0, 10.0, 0.0, 8.0, 0.0, 7.0, 0.0, 5.0, 0.0, 9.0, 0.0, 0.0]
B: [0.0, 24.0, 58.8425537813, 81.72911018459999, 111.25634718709999, 256.0, 261.08428175852, 267.0, 277.4634044651, 289.38614345409997, 313.15284696969997, 327.41179398549997, 363.85192419929996, 402.0, 428.6271162915, 450.1755100599, 492.12817511229997, 549.0, 582.7797797802, 609.550209829]
