Avion: 4      Iteracion: 10

Num Ruta: 14
Ingresos: 2336.143
Costos: 458.550926681
Utilidad Ruta: 1877.59207332
Costo Reducido: 374.454405121
Nodos: [104, 17, 52, 30, 65, 14, 49, 3, 38, 23, 35, 70, 32, 67, 26, 61, 58, 31, 66, 25, 60, 29, 4, 39, 64, 714]
q: [0.0, 5.0, -5.0, 11.0, -11.0, 8.0, -8.0, 13.0, -13.0, 4.0, 8.0, -8.0, 11.0, -11.0, 10.0, -10.0, -4.0, 9.0, -9.0, 10.0, -10.0, 9.0, 3.0, -3.0, -9.0, 0.0]
Q: [0.0, 5.0, 0.0, 11.0, 0.0, 8.0, 0.0, 13.0, 0.0, 4.0, 12.0, 4.0, 15.0, 4.0, 14.0, 4.0, 0.0, 9.0, 0.0, 10.0, 0.0, 9.0, 12.0, 9.0, 0.0, 0.0]
B: [0.0, 24.0, 58.8425537813, 64.0, 82.7140226568, 112.0, 124.021711775, 256.0, 261.08428175852, 267.0, 277.4634044651, 289.38614345409997, 309.0, 319.4016530417, 332.1221722921, 349.7014002615, 352.76847264408, 406.0, 434.325479078, 459.752616235, 476.9375985451, 549.0, 569.7100026316, 590.1357523117999, 602.3548233485, 629.1252533973]
