Avion: 4      Iteracion: 104

Num Ruta: 84
Ingresos: 1544.032
Costos: 313.432033627
Utilidad Ruta: 1230.59996637
Costo Reducido: 16.8273293571
Nodos: [104, 17, 52, 30, 16, 51, 65, 32, 67, 2, 37, 29, 64, 714]
q: [0.0, 5.0, -5.0, 6.0, 9.0, -9.0, -6.0, 11.0, -11.0, 10.0, -10.0, 9.0, -9.0, 0.0]
Q: [0.0, 5.0, 0.0, 6.0, 15.0, 6.0, 0.0, 11.0, 0.0, 10.0, 0.0, 9.0, 0.0, 0.0]
B: [0.0, 24.0, 58.8425537813, 64.0, 72.20259129788, 81.82668273552001, 84.69783929691, 309.0, 319.4016530417, 522.0, 562.7349620474, 572.53970258451, 606.31948236471, 633.08991241351]
