Avion: 6      Iteracion: 10

Num Ruta: 13
Ingresos: 1591.006
Costos: 395.268140294
Utilidad Ruta: 1195.73785971
Costo Reducido: 218.786109888
Nodos: [106, 14, 49, 35, 70, 32, 67, 26, 61, 21, 4, 39, 56, 29, 64, 716]
q: [0, 8.0, -8.0, 8.0, -8.0, 11.0, -11.0, 10.0, -10.0, 12.0, 3.0, -3.0, -12.0, 9.0, -9.0, 0]
Q: [0, 8.0, 0.0, 8.0, 0.0, 11.0, 0.0, 10.0, 0.0, 12.0, 15.0, 12.0, 0.0, 9.0, 0.0, 0]
B: [0.0, 112.0, 124.021711775, 270.0, 281.922738989, 309.0, 319.4016530417, 332.1221722921, 349.7014002615, 477.0, 529.0, 549.4257496801999, 566.2286940948, 604.6819905724999, 638.4617703526999, 658.8589776369998]
