Avion: 7      Iteracion: 79

Num Ruta: 47
Ingresos: 1793.872
Costos: 333.903427049
Utilidad Ruta: 1459.96857295
Costo Reducido: 12.2016068068
Nodos: [107, 14, 49, 3, 38, 23, 35, 70, 26, 61, 58, 34, 28, 69, 31, 63, 66, 717]
q: [0.0, 8.0, -8.0, 0.0, 0.0, 10.0, 5.0, -5.0, 5.0, -5.0, -10.0, 8.0, 6.0, -8.0, 9.0, -6.0, -9.0, 0.0]
Q: [0.0, 8.0, 0.0, 0.0, 0.0, 10.0, 15.0, 10.0, 15.0, 10.0, 0.0, 8.0, 14.0, 6.0, 15.0, 9.0, 0.0, 0.0]
B: [0.0, 112.0, 124.021711775, 256.0, 261.08428175852, 267.0, 277.4634044651, 289.38614345409997, 303.7370056233, 321.3162335927, 324.38330597528, 338.64225299108, 378.0, 412.6152135628, 439.7359576713, 460.232837629, 488.6472693319, 492.28199132952]
