Avion: 2      Iteracion: 13

Num Ruta: 14
Ingresos: 759.18
Costos: 477.759262993
Utilidad Ruta: 281.420737007
Costo Reducido: 162.238937614
Nodos: [102, 16, 51, 34, 69, 13, 48, 29, 64, 712]
q: [0, 9.0, -9.0, 8.0, -8.0, 15.0, -15.0, 9.0, -9.0, 0]
Q: [0, 9.0, 0.0, 8.0, 0.0, 15.0, 0.0, 9.0, 0.0, 0]
B: [0.0, 36.0, 45.624091437640004, 322.0, 358.4401302138, 423.0, 439.88315095, 549.0, 582.7797797802, 619.2657652541]
