Avion: 5      Iteracion: 68

Num Ruta: 52
Ingresos: 1345.943
Costos: 464.308378073
Utilidad Ruta: 881.634621927
Costo Reducido: 90.4757353399
Nodos: [105, 30, 65, 16, 51, 26, 61, 34, 32, 67, 69, 8, 33, 43, 6, 41, 68, 715]
q: [0.0, 11.0, -11.0, 9.0, -9.0, 10.0, -10.0, 8.0, 7.0, -7.0, -8.0, 8.0, 5.0, -8.0, 4.0, -4.0, -5.0, 0.0]
Q: [0.0, 11.0, 0.0, 9.0, 0.0, 10.0, 0.0, 8.0, 15.0, 8.0, 0.0, 8.0, 13.0, 5.0, 9.0, 5.0, 0.0, 0.0]
B: [0.0, 64.0, 82.7140226568, 93.53069441849999, 103.15478585614, 300.0, 317.5792279694, 332.4924740614, 352.5153919557, 362.9170449974, 393.95932985210004, 414.0, 437.0, 460.2743670161, 469.46503864552994, 473.15732804371993, 504.23518886131995, 547.99551529982]
