Avion: 2      Iteracion: 89

Num Ruta: 53
Ingresos: 1498.308
Costos: 572.685251373
Utilidad Ruta: 925.622748627
Costo Reducido: 18.0853615127
Nodos: [102, 16, 51, 10, 45, 26, 32, 67, 34, 61, 69, 19, 54, 6, 41, 13, 48, 29, 4, 39, 64, 712]
q: [0.0, 9.0, -9.0, 12.0, -12.0, 4.0, 11.0, -11.0, 8.0, -4.0, -8.0, 7.0, -7.0, 4.0, -4.0, 15.0, -15.0, 9.0, 0.0, 0.0, -9.0, 0.0]
Q: [0.0, 9.0, 0.0, 12.0, 0.0, 4.0, 15.0, 4.0, 12.0, 8.0, 0.0, 7.0, 0.0, 4.0, 0.0, 15.0, 0.0, 9.0, 9.0, 9.0, 0.0, 0.0]
B: [0.0, 36.0, 45.624091437640004, 96.0, 125.5195107344, 300.0, 309.0, 319.4016530417, 346.1750898215, 361.08833591350003, 386.0750898643, 406.6149061244, 433.2420224159, 445.0330414134, 448.72533081158997, 462.13539691879, 479.01854786879, 549.0, 569.7100026316, 590.1357523117999, 602.3548233485, 638.8408088223999]
