Avion: 4      Iteracion: 53

Num Ruta: 50
Ingresos: 2028.898
Costos: 387.420395452
Utilidad Ruta: 1641.47760455
Costo Reducido: 37.2105518937
Nodos: [104, 17, 52, 23, 35, 70, 58, 34, 69, 33, 68, 29, 64, 714]
q: [0.0, 5.0, -5.0, 10.0, 5.0, -5.0, -10.0, 8.0, -8.0, 5.0, -5.0, 9.0, -9.0, 0.0]
Q: [0.0, 5.0, 0.0, 10.0, 15.0, 10.0, 0.0, 8.0, 0.0, 5.0, 0.0, 9.0, 0.0, 0.0]
B: [0.0, 24.0, 58.8425537813, 267.0, 277.4634044651, 289.38614345409997, 313.15284696969997, 327.41179398549997, 363.85192419929996, 437.0, 478.9526650524, 549.0, 582.7797797802, 609.550209829]
