Avion: 4      Iteracion: 3

Num Ruta: 7
Ingresos: 2790.514
Costos: 589.97858148
Utilidad Ruta: 2200.53541852
Costo Reducido: 1652.86760559
Nodos: [104, 16, 51, 24, 9, 44, 59, 1, 36, 35, 70, 32, 67, 26, 61, 28, 63, 25, 60, 31, 66, 5, 40, 2, 37, 29, 64, 714]
q: [0.0, 9.0, -9.0, 11.0, 4.0, -4.0, -11.0, 7.0, -7.0, 8.0, -8.0, 11.0, -11.0, 10.0, -10.0, 6.0, -6.0, 10.0, -10.0, 9.0, -9.0, 9.0, -9.0, 10.0, -10.0, 9.0, -9.0, 0.0]
Q: [0.0, 9.0, 0.0, 11.0, 15.0, 11.0, 0.0, 7.0, 0.0, 8.0, 0.0, 11.0, 0.0, 10.0, 0.0, 6.0, 0.0, 10.0, 0.0, 9.0, 0.0, 9.0, 0.0, 10.0, 0.0, 9.0, 0.0, 0.0]
B: [0.0, 37.6306202048, 47.25471164244, 72.48091072194, 78.91778775976, 108.44502476226, 133.50058817636, 175.0, 209.2400855285, 270.0, 281.922738989, 309.0, 319.4016530417, 332.1221722921, 349.7014002615, 378.0, 414.0266187839, 417.35999740026, 434.54497971036, 439.36662631707, 467.69210539507, 487.58858960707, 488.71027851225, 522.0, 562.7349620474, 572.53970258451, 606.31948236471, 633.08991241351]
