Avion: 5      Iteracion: 7

Num Ruta: 10
Ingresos: 1463.411
Costos: 488.155921224
Utilidad Ruta: 975.255078776
Costo Reducido: 411.507344849
Nodos: [105, 10, 45, 1, 11, 46, 36, 35, 70, 26, 61, 18, 53, 28, 13, 48, 63, 715]
q: [0.0, 12.0, -12.0, 7.0, 6.0, -6.0, -7.0, 8.0, -8.0, 10.0, -10.0, 10.0, -10.0, 6.0, 9.0, -9.0, -6.0, 0.0]
Q: [0.0, 12.0, 0.0, 7.0, 13.0, 7.0, 0.0, 8.0, 0.0, 10.0, 0.0, 10.0, 0.0, 6.0, 15.0, 6.0, 0.0, 0.0]
B: [0.0, 96.0, 125.5195107344, 175.0, 193.6808285951, 197.73489544211, 232.05062478011, 270.0, 281.922738989, 300.0, 317.5792279694, 340.8578987218, 364.67613497049996, 378.0, 423.0, 439.88315095, 462.92158097460003, 500.15820286760004]
