Avion: 2      Iteracion: 17

Num Ruta: 18
Ingresos: 2413.221
Costos: 616.237852668
Utilidad Ruta: 1796.98314733
Costo Reducido: 240.341495582
Nodos: [102, 16, 51, 3, 38, 35, 70, 34, 22, 57, 69, 13, 48, 25, 60, 21, 56, 27, 62, 2, 37, 712]
q: [0.0, 9.0, -9.0, 13.0, -13.0, 8.0, -8.0, 8.0, 7.0, -7.0, -8.0, 15.0, -15.0, 10.0, -10.0, 12.0, -12.0, 6.0, -6.0, 10.0, -10.0, 0.0]
Q: [0.0, 9.0, 0.0, 13.0, 0.0, 8.0, 0.0, 8.0, 15.0, 8.0, 0.0, 15.0, 0.0, 10.0, 0.0, 12.0, 0.0, 6.0, 0.0, 10.0, 0.0, 0.0]
B: [0.0, 36.0, 45.624091437640004, 256.0, 261.08428175852, 274.08526633661995, 286.00800532561993, 322.0, 350.0636833826, 371.8183695215, 382.408619849, 423.0, 439.88315095, 463.8957169312, 481.0806992413, 489.2494127263, 529.9882034055, 543.1656516031001, 560.1965139712, 571.6485870586, 612.383549106, 616.4992955753501]
