Avion: 1      Iteracion: 75

Num Ruta: 47
Ingresos: 758.725
Costos: 376.417812517
Utilidad Ruta: 382.307187483
Costo Reducido: 26.8366110091
Nodos: [101, 30, 65, 16, 51, 34, 69, 33, 68, 711]
q: [0, 11.0, -11.0, 9.0, -9.0, 8.0, -8.0, 5.0, -5.0, 0]
Q: [0, 11.0, 0.0, 9.0, 0.0, 8.0, 0.0, 5.0, 0.0, 0]
B: [0.0, 64.0, 82.7140226568, 93.53069441849999, 103.15478585614, 322.0, 358.4401302138, 437.0, 478.9526650524, 496.1448322514]
