Avion: 5      Iteracion: 46

Num Ruta: 41
Ingresos: 1220.597
Costos: 351.989097536
Utilidad Ruta: 868.607902464
Costo Reducido: 8.11775585307
Nodos: [105, 14, 49, 35, 70, 22, 57, 18, 53, 28, 31, 63, 66, 715]
q: [0, 8.0, -8.0, 8.0, -8.0, 10.0, -10.0, 10.0, -10.0, 6.0, 9.0, -6.0, -9.0, 0]
Q: [0, 8.0, 0.0, 8.0, 0.0, 10.0, 0.0, 10.0, 0.0, 6.0, 15.0, 9.0, 0.0, 0]
B: [0.0, 112.0, 124.021711775, 270.0, 281.922738989, 299.64604976889996, 321.40073590779997, 334.8011725052, 358.61940875389996, 378.0, 406.0, 426.4968799577, 454.9113116606, 468.6640554232]
