Avion: 5      Iteracion: 61

Num Ruta: 49
Ingresos: 1675.789
Costos: 347.226157546
Utilidad Ruta: 1328.56284245
Costo Reducido: 29.1324233818
Nodos: [105, 11, 46, 22, 57, 18, 53, 28, 63, 15, 21, 50, 4, 39, 56, 715]
q: [0, 6.0, -6.0, 10.0, -10.0, 10.0, -10.0, 6.0, -6.0, 0.0, 12.0, -0.0, 3.0, -3.0, -12.0, 0]
Q: [0, 6.0, 0.0, 10.0, 0.0, 10.0, 0.0, 6.0, 0.0, 0.0, 12.0, 12.0, 15.0, 12.0, 0.0, 0]
B: [0.0, 169.0, 173.05406684701, 299.0, 320.7546861389, 334.15512273630003, 357.973358985, 378.0, 414.0266187839, 511.0, 516.67223351071, 527.47150163401, 533.0461809073, 553.4719305875001, 570.2748750021001, 623.6066194326]
