Avion: 3      Iteracion: 13

Num Ruta: 16
Ingresos: 842.447
Costos: 298.086529646
Utilidad Ruta: 544.360470354
Costo Reducido: 123.052329711
Nodos: [103, 11, 46, 34, 69, 8, 43, 29, 64, 713]
q: [0, 6.0, -6.0, 8.0, -8.0, 8.0, -8.0, 9.0, -9.0, 0]
Q: [0, 6.0, 0.0, 8.0, 0.0, 8.0, 0.0, 9.0, 0.0, 0]
B: [0.0, 169.0, 173.05406684701, 322.0, 358.4401302138, 414.0, 434.768396616, 549.0, 582.7797797802, 609.1306994036]
