Avion: 2      Iteracion: 30

Num Ruta: 27
Ingresos: 1569.546
Costos: 358.653321215
Utilidad Ruta: 1210.89267879
Costo Reducido: 151.335548306
Nodos: [102, 16, 51, 9, 12, 44, 47, 10, 45, 26, 61, 13, 48, 20, 4, 39, 55, 2, 37, 712]
q: [0, 9.0, -9.0, 11.0, 0.0, -11.0, -0.0, 12.0, -12.0, 10.0, -10.0, 15.0, -15.0, 0.0, 3.0, -3.0, -0.0, 10.0, -10.0, 0]
Q: [0, 9.0, 0.0, 11.0, 11.0, 0.0, 0.0, 12.0, 0.0, 10.0, 0.0, 15.0, 0.0, 0.0, 3.0, 0.0, 0.0, 10.0, 0.0, 0]
B: [0.0, 36.0, 45.624091437640004, 75.68094759394, 96.51567151824, 107.30270827534, 144.23279248864, 152.95056284579, 182.47007358019, 300.0, 317.5792279694, 423.0, 439.88315095, 496.0, 529.0, 549.4257496801999, 561.2869729308, 568.6172701962599, 609.35223224366, 613.46797871301]
