Avion: 3      Iteracion: 11

Num Ruta: 14
Ingresos: 847.477
Costos: 263.656303213
Utilidad Ruta: 583.820696787
Costo Reducido: 161.77643126
Nodos: [103, 11, 46, 1, 36, 35, 70, 33, 6, 41, 13, 48, 68, 713]
q: [0.0, 6.0, -6.0, 7.0, -7.0, 8.0, -8.0, 5.0, 4.0, -4.0, 10.0, -10.0, -5.0, 0.0]
Q: [0.0, 6.0, 0.0, 7.0, 0.0, 8.0, 0.0, 5.0, 9.0, 5.0, 15.0, 5.0, 0.0, 0.0]
B: [0.0, 169.0, 173.05406684701, 195.72351838431, 229.96360391281002, 270.0, 281.922738989, 437.0, 463.1548069196, 466.84709631779, 480.25716242499, 497.14031337499, 502.48836367393, 506.18323917928]
