Avion: 7      Iteracion: 19

Num Ruta: 19
Ingresos: 1349.169
Costos: 384.103996604
Utilidad Ruta: 965.065003396
Costo Reducido: 128.822376847
Nodos: [107, 30, 51, 16, 65, 14, 49, 3, 38, 23, 18, 53, 58, 28, 31, 63, 19, 54, 66, 717]
q: [0.0, 11.0, -9.0, 9.0, -11.0, 8.0, -8.0, 0.0, 0.0, 0.0, 10.0, -10.0, 0.0, 6.0, 8.0, -6.0, 7.0, -7.0, -8.0, 0.0]
Q: [0.0, 11.0, 2.0, 11.0, 0.0, 8.0, 0.0, 0.0, 0.0, 0.0, 10.0, 0.0, 0.0, 6.0, 14.0, 8.0, 15.0, 8.0, 0.0, 0.0]
B: [0.0, 64.0, 80.9852936389, 90.60938507654001, 101.42605683824002, 129.22199749514002, 141.24370927014002, 256.0, 261.08428175852, 267.0, 293.0, 316.8182362487, 326.74376782137, 378.0, 406.0, 426.4968799577, 439.0326732314, 465.6597895229, 488.0779538099, 491.71267580752]
