Avion: 6      Iteracion: 108

Num Ruta: 79
Ingresos: 1759.315
Costos: 286.793822965
Utilidad Ruta: 1472.52117704
Costo Reducido: 27.8426017447
Nodos: [106, 17, 52, 30, 16, 51, 65, 26, 34, 61, 22, 69, 57, 19, 54, 13, 48, 6, 41, 5, 40, 716]
q: [0.0, 5.0, -5.0, 6.0, 9.0, -9.0, -6.0, 7.0, 8.0, -7.0, 7.0, -8.0, -7.0, 7.0, -7.0, 15.0, -15.0, 4.0, -4.0, 9.0, -9.0, 0.0]
Q: [0.0, 5.0, 0.0, 6.0, 15.0, 6.0, 0.0, 7.0, 15.0, 8.0, 15.0, 7.0, 0.0, 7.0, 0.0, 15.0, 0.0, 4.0, 0.0, 9.0, 0.0, 0.0]
B: [0.0, 24.0, 58.8425537813, 64.0, 72.20259129788, 81.82668273552001, 84.69783929691, 300.0, 322.0, 336.913246092, 350.5474267421, 365.1165933964, 375.70684372389996, 402.0, 428.6271162915, 432.85473559792, 449.73788654792, 473.96083517112004, 477.65312456931, 496.04198478411, 497.16367368929, 503.88702776296003]
