Avion: 6      Iteracion: 9

Num Ruta: 12
Ingresos: 2388.794
Costos: 470.40505968
Utilidad Ruta: 1918.38894032
Costo Reducido: 311.536690986
Nodos: [106, 17, 52, 30, 16, 51, 65, 14, 49, 3, 38, 32, 67, 28, 63, 25, 19, 54, 60, 21, 5, 40, 56, 27, 62, 716]
q: [0.0, 5.0, -5.0, 11.0, 4.0, -4.0, -11.0, 8.0, -8.0, 13.0, -13.0, 11.0, -11.0, 6.0, -6.0, 8.0, 7.0, -7.0, -8.0, 12.0, 3.0, -3.0, -12.0, 6.0, -6.0, 0.0]
Q: [0.0, 5.0, 0.0, 11.0, 15.0, 11.0, 0.0, 8.0, 0.0, 13.0, 0.0, 11.0, 0.0, 6.0, 0.0, 8.0, 15.0, 8.0, 0.0, 12.0, 15.0, 12.0, 0.0, 6.0, 0.0, 0.0]
B: [0.0, 24.0, 58.8425537813, 64.0, 72.20259129788, 81.82668273552001, 84.69783929691, 112.49377995381, 124.51549172881, 256.0, 261.08428175852, 309.0, 319.4016530417, 378.0, 414.0266187839, 417.35999740026, 426.75200464046, 453.37912093195996, 470.16597736785997, 478.33469085286, 506.95281407925995, 508.07450298443996, 530.8171516648399, 543.9945998624399, 561.0254622305399, 570.73113258348]
