Avion: 5      Iteracion: 103

Num Ruta: 68
Ingresos: 1137.279
Costos: 359.257367217
Utilidad Ruta: 778.021632783
Costo Reducido: 6.0604946847
Nodos: [105, 30, 65, 16, 51, 35, 70, 22, 57, 18, 53, 28, 63, 715]
q: [0, 11.0, -11.0, 9.0, -9.0, 8.0, -8.0, 10.0, -10.0, 10.0, -10.0, 6.0, -6.0, 0]
Q: [0, 11.0, 0.0, 9.0, 0.0, 8.0, 0.0, 10.0, 0.0, 10.0, 0.0, 6.0, 0.0, 0]
B: [0.0, 64.0, 82.7140226568, 93.53069441849999, 103.15478585614, 270.0, 281.922738989, 299.64604976889996, 321.40073590779997, 334.8011725052, 358.61940875389996, 378.0, 414.0266187839, 451.2632406769]
