Avion: 2      Iteracion: 0

Num Ruta: 1
Ingresos: 1877.256
Costos: 525.694413878
Utilidad Ruta: 1351.56158612
Costo Reducido: -
Nodos: [102, 16, 51, 23, 58, 13, 48, 31, 66, 21, 56, 712]
q: [0, 9.0, -9.0, 10.0, -10.0, 15.0, -15.0, 9.0, -9.0, 12.0, -12.0, 0]
Q: [0, 9.0, 0.0, 10.0, 0.0, 15.0, 0.0, 9.0, 0.0, 12.0, 0.0, 0]
B: [0.0, 36.0, 45.624091437640004, 267.0, 306.733842905, 423.0, 439.88315095, 444.3406643824, 472.6661434604, 496.1319821413, 536.8707728205, 578.9675685655]
