Avion: 1      Iteracion: 113

Num Ruta: 59
Ingresos: 2143.305
Costos: 351.969341534
Utilidad Ruta: 1791.33565847
Costo Reducido: 15.4126749883
Nodos: [101, 30, 65, 24, 59, 1, 36, 23, 58, 28, 63, 19, 54, 711]
q: [0, 11.0, -11.0, 11.0, -11.0, 7.0, -7.0, 10.0, -10.0, 6.0, -6.0, 7.0, -7.0, 0]
Q: [0, 11.0, 0.0, 11.0, 0.0, 7.0, 0.0, 10.0, 0.0, 6.0, 0.0, 7.0, 0.0, 0]
B: [0.0, 64.0, 82.7140226568, 107.4479935471, 145.9609438496, 175.0, 209.2400855285, 267.0, 306.733842905, 378.0, 414.0266187839, 426.5624120576, 453.1895283491, 457.93505529559997]
