Avion: 4      Iteracion: 96

Num Ruta: 79
Ingresos: 1747.376
Costos: 359.09129403
Utilidad Ruta: 1388.28470597
Costo Reducido: 28.527172617
Nodos: [104, 17, 52, 9, 44, 11, 46, 31, 19, 66, 33, 54, 68, 29, 64, 714]
q: [0.0, 5.0, -5.0, 11.0, -11.0, 6.0, -6.0, 9.0, 6.0, -9.0, 5.0, -6.0, -5.0, 9.0, -9.0, 0.0]
Q: [0.0, 5.0, 0.0, 11.0, 0.0, 6.0, 0.0, 9.0, 15.0, 6.0, 11.0, 5.0, 0.0, 9.0, 0.0, 0.0]
B: [0.0, 24.0, 58.8425537813, 81.72911018459999, 111.25634718709999, 169.0, 173.05406684701, 406.0, 427.4250045741, 443.5262214225, 465.9243828649, 487.4727766333, 509.3782214587, 549.0, 582.7797797802, 609.550209829]
