Avion: 6      Iteracion: 102

Num Ruta: 75
Ingresos: 2735.135
Costos: 455.501130526
Utilidad Ruta: 2279.63386947
Costo Reducido: 14.0461311519
Nodos: [106, 17, 10, 52, 30, 65, 45, 32, 67, 26, 34, 61, 28, 69, 19, 63, 54, 6, 41, 5, 40, 2, 37, 29, 64, 716]
q: [0.0, 5.0, 10.0, -5.0, 5.0, -5.0, -10.0, 11.0, -11.0, 7.0, 8.0, -7.0, 6.0, -8.0, 7.0, -6.0, -7.0, 4.0, -4.0, 9.0, -9.0, 10.0, -10.0, 9.0, -9.0, 0.0]
Q: [0.0, 5.0, 15.0, 10.0, 15.0, 10.0, 0.0, 11.0, 0.0, 7.0, 15.0, 8.0, 14.0, 6.0, 13.0, 7.0, 0.0, 4.0, 0.0, 9.0, 0.0, 10.0, 0.0, 9.0, 0.0, 0.0]
B: [0.0, 24.0, 96.0, 113.2607991993, 116.40525368299, 135.11927633979, 154.02007423299, 309.0, 319.4016530417, 332.1221722921, 348.0493993263, 362.9626454183, 378.0, 412.6152135628, 433.1550298229, 445.6908230966, 478.5209002363, 490.3119192338, 494.00420863198997, 512.39306884679, 513.51475775197, 527.59680820637, 568.3317702537701, 578.13651079088, 611.91629057108, 632.31349785538]
