Avion: 3      Iteracion: 81

Num Ruta: 51
Ingresos: 2427.977
Costos: 376.413835065
Utilidad Ruta: 2051.56316493
Costo Reducido: 29.9167920365
Nodos: [103, 14, 49, 23, 35, 70, 26, 61, 58, 34, 69, 8, 33, 43, 68, 21, 56, 27, 62, 713]
q: [0.0, 8.0, -8.0, 10.0, 5.0, -5.0, 5.0, -5.0, -10.0, 8.0, -8.0, 8.0, 5.0, -8.0, -5.0, 12.0, -12.0, 0.0, 0.0, 0.0]
Q: [0.0, 8.0, 0.0, 10.0, 15.0, 10.0, 15.0, 10.0, 0.0, 8.0, 0.0, 8.0, 13.0, 5.0, 0.0, 12.0, 0.0, 0.0, 0.0, 0.0]
B: [0.0, 112.0, 124.021711775, 267.0, 277.4634044651, 289.38614345409997, 303.7370056233, 321.3162335927, 324.38330597528, 338.64225299108, 375.08238320488, 414.0, 437.0, 460.2743670161, 482.23124805599997, 493.11072543319995, 533.8495161123999, 547.0269643099999, 564.0578266780999, 592.3285469553999]
