Avion: 4      Iteracion: 9

Num Ruta: 13
Ingresos: 1937.467
Costos: 435.21389087
Utilidad Ruta: 1502.25310913
Costo Reducido: 171.10026569
Nodos: [104, 17, 52, 1, 11, 46, 36, 18, 53, 28, 63, 21, 56, 714]
q: [0, 5.0, -5.0, 7.0, 6.0, -6.0, -7.0, 10.0, -10.0, 6.0, -6.0, 12.0, -12.0, 0]
Q: [0, 5.0, 0.0, 7.0, 13.0, 7.0, 0.0, 10.0, 0.0, 6.0, 0.0, 12.0, 0.0, 0]
B: [0.0, 24.0, 58.8425537813, 175.0, 193.6808285951, 197.73489544211, 232.05062478011, 293.0, 316.8182362487, 378.0, 414.0266187839, 477.0, 517.7387906792, 546.6295965697]
