Avion: 5      Iteracion: 41

Num Ruta: 37
Ingresos: 1788.077
Costos: 435.982700047
Utilidad Ruta: 1352.09429995
Costo Reducido: 99.9950891169
Nodos: [105, 18, 35, 70, 26, 61, 53, 28, 63, 25, 19, 60, 54, 33, 68, 29, 64, 715]
q: [0.0, 7.0, 8.0, -8.0, 8.0, -8.0, -7.0, 6.0, -6.0, 8.0, 7.0, -8.0, -7.0, 5.0, -5.0, 9.0, -9.0, 0.0]
Q: [0.0, 7.0, 15.0, 7.0, 15.0, 7.0, 0.0, 6.0, 0.0, 8.0, 15.0, 7.0, 0.0, 5.0, 0.0, 9.0, 0.0, 0.0]
B: [0.0, 293.0, 305.7525351989, 317.67527418789996, 332.0261363571, 349.60536432649997, 361.0401537867, 378.0, 414.0266187839, 417.35999740026, 426.75200464046, 443.42489632125995, 460.21175275715996, 481.76014652555995, 523.71281157796, 549.0, 582.7797797802, 630.090723715]
