Avion: 4      Iteracion: 20

Num Ruta: 23
Ingresos: 1194.634
Costos: 504.081891946
Utilidad Ruta: 690.552108054
Costo Reducido: 136.506870082
Nodos: [104, 24, 9, 44, 59, 35, 70, 32, 67, 28, 63, 25, 60, 33, 68, 714]
q: [0.0, 11.0, 4.0, -4.0, -11.0, 8.0, -8.0, 11.0, -11.0, 6.0, -6.0, 10.0, -10.0, 5.0, -5.0, 0.0]
Q: [0.0, 11.0, 15.0, 11.0, 0.0, 8.0, 0.0, 11.0, 0.0, 6.0, 0.0, 10.0, 0.0, 5.0, 0.0, 0.0]
B: [0.0, 61.0, 67.43687703782, 96.96411404032, 122.01967745441999, 270.0, 281.922738989, 309.0, 319.4016530417, 378.0, 414.0266187839, 417.35999740026, 434.54497971036, 470.06238492246, 512.0150499748601, 528.1894669658601]
