Avion: 5      Iteracion: 45

Num Ruta: 40
Ingresos: 1099.764
Costos: 341.048479819
Utilidad Ruta: 758.715520181
Costo Reducido: 51.9606099739
Nodos: [105, 30, 16, 51, 65, 35, 70, 22, 57, 18, 53, 28, 63, 715]
q: [0.0, 11.0, 4.0, -4.0, -11.0, 8.0, -8.0, 10.0, -10.0, 10.0, -10.0, 6.0, -6.0, 0.0]
Q: [0.0, 11.0, 15.0, 11.0, 0.0, 8.0, 0.0, 10.0, 0.0, 10.0, 0.0, 6.0, 0.0, 0.0]
B: [0.0, 64.0, 72.20259129788, 81.82668273552001, 84.69783929691, 270.0, 281.922738989, 299.64604976889996, 321.40073590779997, 334.8011725052, 358.61940875389996, 378.0, 414.0266187839, 451.2632406769]
