Avion: 4      Iteracion: 33

Num Ruta: 34
Ingresos: 1957.834
Costos: 320.788146633
Utilidad Ruta: 1637.04585337
Costo Reducido: 62.2876639857
Nodos: [104, 17, 52, 9, 44, 14, 49, 23, 35, 70, 58, 25, 60, 29, 64, 714]
q: [0.0, 5.0, -5.0, 11.0, -11.0, 8.0, -8.0, 10.0, 5.0, -5.0, -10.0, 10.0, -10.0, 9.0, -9.0, 0.0]
Q: [0.0, 5.0, 0.0, 11.0, 0.0, 8.0, 0.0, 10.0, 15.0, 10.0, 0.0, 10.0, 0.0, 9.0, 0.0, 0.0]
B: [0.0, 24.0, 58.8425537813, 81.72911018459999, 111.25634718709999, 121.5131539026, 133.5348656776, 267.0, 277.4634044651, 289.38614345409997, 313.15284696969997, 410.0, 427.1849823101, 549.0, 582.7797797802, 609.550209829]
