Avion: 5      Iteracion: 84

Num Ruta: 61
Ingresos: 1453.639
Costos: 463.016624608
Utilidad Ruta: 990.622375392
Costo Reducido: 26.0595634055
Nodos: [105, 30, 16, 51, 65, 10, 45, 32, 67, 26, 34, 61, 69, 8, 33, 43, 13, 48, 68, 715]
q: [0.0, 6.0, 9.0, -9.0, -6.0, 12.0, -12.0, 11.0, -11.0, 7.0, 8.0, -7.0, -8.0, 8.0, 5.0, -8.0, 10.0, -10.0, -5.0, 0.0]
Q: [0.0, 6.0, 15.0, 6.0, 0.0, 12.0, 0.0, 11.0, 0.0, 7.0, 15.0, 8.0, 0.0, 8.0, 13.0, 5.0, 15.0, 5.0, 0.0, 0.0]
B: [0.0, 64.0, 72.20259129788, 81.82668273552001, 84.69783929691, 103.39088958301001, 132.91040031741, 309.0, 319.4016530417, 332.1221722921, 348.0493993263, 362.9626454183, 387.9493993691, 414.0, 437.0, 460.2743670161, 462.48504315700995, 479.36819410700997, 484.71624440594996, 528.47657084445]
