Avion: 1      Iteracion: 72

Num Ruta: 45
Ingresos: 1380.295
Costos: 488.904578868
Utilidad Ruta: 891.390421132
Costo Reducido: 22.9261487433
Nodos: [101, 16, 51, 24, 59, 10, 45, 26, 61, 22, 57, 33, 68, 711]
q: [0, 9.0, -9.0, 11.0, -11.0, 12.0, -12.0, 10.0, -10.0, 10.0, -10.0, 5.0, -5.0, 0]
Q: [0, 9.0, 0.0, 11.0, 0.0, 12.0, 0.0, 10.0, 0.0, 10.0, 0.0, 5.0, 0.0, 0]
B: [0.0, 36.0, 45.624091437640004, 70.85029051714, 109.36324081964, 121.14917149994, 150.66868223434, 300.0, 317.5792279694, 331.2134086195, 352.9680947584, 437.0, 478.9526650524, 496.1448322514]
