Avion: 2      Iteracion: 27

Num Ruta: 24
Ingresos: 2300.326
Costos: 621.682201139
Utilidad Ruta: 1678.64379886
Costo Reducido: 144.772068829
Nodos: [102, 16, 51, 9, 44, 14, 49, 23, 35, 70, 26, 61, 58, 22, 57, 19, 8, 33, 54, 43, 13, 48, 68, 4, 39, 712]
q: [0.0, 9.0, -9.0, 11.0, -11.0, 8.0, -8.0, 10.0, 5.0, -5.0, 0.0, 0.0, -10.0, 10.0, -10.0, 7.0, 3.0, 5.0, -7.0, -3.0, 0.0, 0.0, -5.0, 3.0, -3.0, 0.0]
Q: [0.0, 9.0, 0.0, 11.0, 0.0, 8.0, 0.0, 10.0, 15.0, 10.0, 10.0, 10.0, 0.0, 10.0, 0.0, 7.0, 10.0, 15.0, 8.0, 5.0, 5.0, 5.0, 0.0, 3.0, 0.0, 0.0]
B: [0.0, 36.0, 45.624091437640004, 75.68094759394, 105.20818459644, 115.46499131194001, 127.48670308694001, 267.0, 277.4634044651, 289.38614345409997, 303.7370056233, 321.3162335927, 324.38330597528, 340.13972996678, 361.89441610568, 402.0, 425.1608815463, 438.92553635490003, 460.4739301233, 463.40204931486, 465.61272545577, 482.49587640577, 487.84392670471, 529.0, 549.4257496801999, 586.6476967678999]
