Avion: 3      Iteracion: 102

Num Ruta: 57
Ingresos: 1631.555
Costos: 380.669751866
Utilidad Ruta: 1250.88524813
Costo Reducido: 5.93033927587
Nodos: [103, 11, 46, 23, 35, 70, 32, 67, 26, 61, 58, 34, 69, 33, 68, 29, 64, 27, 62, 713]
q: [0.0, 6.0, -6.0, 5.0, 8.0, -8.0, 10.0, -10.0, 10.0, -10.0, -5.0, 8.0, -8.0, 5.0, -5.0, 9.0, -9.0, 0.0, 0.0, 0.0]
Q: [0.0, 6.0, 0.0, 5.0, 13.0, 5.0, 15.0, 5.0, 15.0, 5.0, 0.0, 8.0, 0.0, 5.0, 0.0, 9.0, 0.0, 0.0, 0.0, 0.0]
B: [0.0, 169.0, 173.05406684701, 267.0, 277.4634044651, 289.38614345409997, 309.0, 319.4016530417, 332.1221722921, 349.7014002615, 352.76847264408, 367.02741965988, 403.46754987368, 437.0, 478.9526650524, 549.0, 582.7797797802, 590.99620777538, 608.0270701434799, 636.29779042078]
