Avion: 2      Iteracion: 7

Num Ruta: 8
Ingresos: 2602.254
Costos: 725.89221494
Utilidad Ruta: 1876.36178506
Costo Reducido: 593.807807631
Nodos: [102, 16, 51, 10, 45, 1, 11, 46, 36, 35, 70, 26, 61, 18, 53, 8, 33, 43, 13, 48, 68, 21, 5, 40, 56, 27, 4, 39, 62, 712]
q: [0.0, 0.0, 0.0, 12.0, -12.0, 7.0, 6.0, -6.0, -7.0, 8.0, -8.0, 10.0, -10.0, 10.0, -10.0, 8.0, 5.0, -8.0, 10.0, -10.0, -5.0, 12.0, 3.0, -3.0, -12.0, 6.0, 3.0, -3.0, -6.0, 0.0]
Q: [0.0, 0.0, 0.0, 12.0, 0.0, 7.0, 13.0, 7.0, 0.0, 8.0, 0.0, 10.0, 0.0, 10.0, 0.0, 8.0, 13.0, 5.0, 15.0, 5.0, 0.0, 12.0, 15.0, 12.0, 0.0, 6.0, 9.0, 6.0, 0.0, 0.0]
B: [0.0, 36.0, 45.624091437640004, 96.0, 125.5195107344, 175.0, 193.6808285951, 197.73489544211, 232.05062478011, 270.0, 281.922738989, 300.0, 317.5792279694, 340.8578987218, 364.67613497049996, 414.0, 437.0, 460.2743670161, 462.48504315700995, 479.36819410700997, 484.71624440594996, 495.59572178314994, 524.2138450095499, 525.3355339147299, 548.0781825951299, 561.2556307927299, 578.8704053300299, 599.29615501023, 604.71141354515, 637.96003195255]
