Avion: 4      Iteracion: 82

Num Ruta: 67
Ingresos: 1937.125
Costos: 402.659755324
Utilidad Ruta: 1534.46524468
Costo Reducido: 73.3790103032
Nodos: [104, 17, 52, 9, 44, 14, 49, 23, 35, 70, 32, 67, 34, 58, 28, 69, 63, 25, 60, 29, 64, 714]
q: [0.0, 5.0, -5.0, 11.0, -11.0, 8.0, -8.0, 4.0, 8.0, -8.0, 11.0, -11.0, 8.0, -4.0, 6.0, -8.0, -6.0, 0.0, 0.0, 9.0, -9.0, 0.0]
Q: [0.0, 5.0, 0.0, 11.0, 0.0, 8.0, 0.0, 4.0, 12.0, 4.0, 15.0, 4.0, 12.0, 8.0, 14.0, 6.0, 0.0, 0.0, 0.0, 9.0, 0.0, 0.0]
B: [0.0, 24.0, 58.8425537813, 81.72911018459999, 111.25634718709999, 121.5131539026, 133.5348656776, 267.0, 277.4634044651, 289.38614345409997, 309.0, 319.4016530417, 346.1750898215, 360.4340368373, 378.0, 412.6152135628, 444.56576931700005, 447.89914793336004, 465.08413024346004, 549.0, 582.7797797802, 609.550209829]
