Avion: 2      Iteracion: 98

Num Ruta: 57
Ingresos: 1527.385
Costos: 450.731124112
Utilidad Ruta: 1076.65387589
Costo Reducido: 35.9917869559
Nodos: [102, 16, 51, 10, 45, 26, 32, 67, 34, 61, 69, 33, 13, 48, 68, 20, 4, 39, 55, 2, 37, 712]
q: [0.0, 9.0, -9.0, 12.0, -12.0, 0.0, 11.0, -11.0, 8.0, 0.0, -8.0, 5.0, 10.0, -10.0, -5.0, 0.0, 0.0, 0.0, 0.0, 10.0, -10.0, 0.0]
Q: [0.0, 9.0, 0.0, 12.0, 0.0, 0.0, 11.0, 0.0, 8.0, 8.0, 0.0, 5.0, 15.0, 5.0, 0.0, 0.0, 0.0, 0.0, 0.0, 10.0, 0.0, 0.0]
B: [0.0, 36.0, 45.624091437640004, 96.0, 125.5195107344, 300.0, 309.0, 319.4016530417, 346.1750898215, 361.08833591350003, 386.0750898643, 437.0, 462.372931896, 479.256082846, 484.60413314494, 496.0, 529.0, 549.4257496801999, 561.2869729308, 568.6172701962599, 609.35223224366, 613.46797871301]
