Avion: 4      Iteracion: 54

Num Ruta: 51
Ingresos: 2253.858
Costos: 406.620695413
Utilidad Ruta: 1847.23730459
Costo Reducido: 30.2633419422
Nodos: [104, 17, 52, 30, 65, 16, 51, 23, 35, 70, 34, 58, 22, 57, 69, 25, 60, 29, 64, 714]
q: [0.0, 5.0, -5.0, 11.0, -11.0, 9.0, -9.0, 7.0, 8.0, -8.0, 8.0, -7.0, 7.0, -7.0, -8.0, 10.0, -10.0, 9.0, -9.0, 0.0]
Q: [0.0, 5.0, 0.0, 11.0, 0.0, 9.0, 0.0, 7.0, 15.0, 7.0, 15.0, 8.0, 15.0, 8.0, 0.0, 10.0, 0.0, 9.0, 0.0, 0.0]
B: [0.0, 24.0, 58.8425537813, 64.0, 82.7140226568, 93.53069441849999, 103.15478585614, 267.0, 277.4634044651, 289.38614345409997, 322.0, 336.2589470158, 352.0153710073, 373.77005714620003, 384.3603074737, 413.679141898, 430.8641242081, 549.0, 582.7797797802, 609.550209829]
