Avion: 5      Iteracion: 85

Num Ruta: 62
Ingresos: 1286.003
Costos: 266.474269092
Utilidad Ruta: 1019.52873091
Costo Reducido: 21.0805219493
Nodos: [105, 18, 53, 28, 63, 15, 21, 50, 4, 56, 39, 715]
q: [0, 10.0, -10.0, 6.0, -6.0, 0.0, 12.0, -0.0, 3.0, -12.0, -3.0, 0]
Q: [0, 10.0, 0.0, 6.0, 0.0, 0.0, 12.0, 12.0, 15.0, 3.0, 0.0, 0]
B: [0.0, 293.0, 316.8182362487, 378.0, 414.0266187839, 511.0, 516.67223351071, 527.47150163401, 533.0461809073, 562.2159783183, 579.0189227329, 616.7330140649]
