Avion: 3      Iteracion: 68

Num Ruta: 44
Ingresos: 2224.503
Costos: 535.424628883
Utilidad Ruta: 1689.07837112
Costo Reducido: 44.5866773174
Nodos: [103, 9, 44, 30, 16, 51, 65, 14, 49, 11, 46, 18, 53, 34, 32, 67, 69, 8, 33, 5, 40, 43, 6, 41, 68, 21, 56, 27, 62, 713]
q: [0.0, 11.0, -11.0, 6.0, 9.0, -9.0, -6.0, 8.0, -8.0, 6.0, -6.0, 10.0, -10.0, 8.0, 7.0, -7.0, -8.0, 8.0, 5.0, 2.0, -2.0, -8.0, 4.0, -4.0, -5.0, 12.0, -12.0, 6.0, -6.0, 0.0]
Q: [0.0, 11.0, 0.0, 6.0, 15.0, 6.0, 0.0, 8.0, 0.0, 6.0, 0.0, 10.0, 0.0, 8.0, 15.0, 8.0, 0.0, 8.0, 13.0, 15.0, 13.0, 5.0, 9.0, 5.0, 0.0, 12.0, 0.0, 6.0, 0.0, 0.0]
B: [0.0, 37.2069129329, 66.73414993540001, 82.52205027080001, 90.72464156868001, 100.34873300632002, 103.21988956771001, 131.01583022461, 143.03754199961, 172.48597110881, 176.54003795582, 293.0, 316.8182362487, 340.28894720939996, 360.3118651037, 370.7135181454, 401.75580300009995, 414.0, 437.0, 469.0, 470.12168890518, 480.59966590458, 489.79033753400995, 493.48262693219993, 524.5604877497999, 535.4399651269999, 576.1787558061999, 589.3562040037999, 606.3870663718999, 634.6577866491999]
