Avion: 6      Iteracion: 81

Num Ruta: 59
Ingresos: 1863.477
Costos: 364.931490754
Utilidad Ruta: 1498.54550925
Costo Reducido: 60.54372295
Nodos: [106, 1, 36, 23, 35, 70, 32, 67, 34, 58, 69, 8, 33, 5, 40, 43, 68, 29, 64, 716]
q: [0.0, 7.0, -7.0, 7.0, 8.0, -8.0, 8.0, -8.0, 8.0, -7.0, -8.0, 1.0, 5.0, 9.0, -9.0, -1.0, -5.0, 9.0, -9.0, 0.0]
Q: [0.0, 7.0, 0.0, 7.0, 15.0, 7.0, 15.0, 7.0, 15.0, 8.0, 0.0, 1.0, 6.0, 15.0, 6.0, 5.0, 0.0, 9.0, 0.0, 0.0]
B: [0.0, 175.0, 209.2400855285, 267.0, 277.4634044651, 289.38614345409997, 309.0, 319.4016530417, 346.1750898215, 360.4340368373, 388.28712463740004, 414.0, 437.0, 469.0, 470.12168890518, 480.59966590458, 502.55654694448, 549.0, 582.7797797802, 603.1769870644999]
