Avion: 6      Iteracion: 16

Num Ruta: 19
Ingresos: 583.582
Costos: 140.194292265
Utilidad Ruta: 443.387707735
Costo Reducido: 93.8021880992
Nodos: [106, 17, 52, 30, 65, 5, 40, 716]
q: [0, 5.0, -5.0, 11.0, -11.0, 9.0, -9.0, 0]
Q: [0, 5.0, 0.0, 11.0, 0.0, 9.0, 0.0, 0]
B: [0.0, 24.0, 58.8425537813, 64.0, 82.7140226568, 469.0, 470.12168890518, 476.84504297885]
