Avion: 5      Iteracion: 44

Num Ruta: 39
Ingresos: 1845.553
Costos: 448.654974276
Utilidad Ruta: 1396.89802572
Costo Reducido: 23.1488879951
Nodos: [105, 30, 65, 24, 59, 1, 36, 23, 35, 70, 34, 58, 22, 57, 69, 715]
q: [0.0, 11.0, -11.0, 11.0, -11.0, 7.0, -7.0, 7.0, 8.0, -8.0, 8.0, -7.0, 7.0, -7.0, -8.0, 0.0]
Q: [0.0, 11.0, 0.0, 11.0, 0.0, 7.0, 0.0, 7.0, 15.0, 7.0, 15.0, 8.0, 15.0, 8.0, 0.0, 0.0]
B: [0.0, 64.0, 82.7140226568, 107.4479935471, 145.9609438496, 175.0, 209.2400855285, 267.0, 277.4634044651, 289.38614345409997, 322.0, 336.2589470158, 352.0153710073, 373.77005714620003, 384.3603074737, 402.8946857206]
