Avion: 4      Iteracion: 75

Num Ruta: 62
Ingresos: 1477.722
Costos: 377.011752485
Utilidad Ruta: 1100.71024752
Costo Reducido: 44.6731014335
Nodos: [104, 17, 52, 30, 65, 16, 51, 34, 69, 33, 68, 29, 64, 714]
q: [0, 5.0, -5.0, 11.0, -11.0, 9.0, -9.0, 8.0, -8.0, 5.0, -5.0, 9.0, -9.0, 0]
Q: [0, 5.0, 0.0, 11.0, 0.0, 9.0, 0.0, 8.0, 0.0, 5.0, 0.0, 9.0, 0.0, 0]
B: [0.0, 24.0, 58.8425537813, 64.0, 82.7140226568, 93.53069441849999, 103.15478585614, 322.0, 358.4401302138, 437.0, 478.9526650524, 549.0, 582.7797797802, 609.550209829]
