Avion: 4      Iteracion: 94

Num Ruta: 77
Ingresos: 2077.386
Costos: 379.017589431
Utilidad Ruta: 1698.36841057
Costo Reducido: 18.7595084256
Nodos: [104, 17, 52, 35, 70, 22, 57, 18, 53, 28, 31, 66, 63, 25, 60, 29, 64, 714]
q: [0, 5.0, -5.0, 8.0, -8.0, 10.0, -10.0, 10.0, -10.0, 6.0, 9.0, -9.0, -6.0, 10.0, -10.0, 9.0, -9.0, 0]
Q: [0, 5.0, 0.0, 8.0, 0.0, 10.0, 0.0, 10.0, 0.0, 6.0, 15.0, 6.0, 0.0, 10.0, 0.0, 9.0, 0.0, 0]
B: [0.0, 24.0, 58.8425537813, 270.0, 281.922738989, 299.64604976889996, 321.40073590779997, 334.8011725052, 358.61940875389996, 378.0, 406.0, 434.325479078, 462.7399107809, 466.07328939726, 483.25827170736, 549.0, 582.7797797802, 609.550209829]
