Avion: 3      Iteracion: 18

Num Ruta: 20
Ingresos: 1026.566
Costos: 224.707133741
Utilidad Ruta: 801.858866259
Costo Reducido: 247.40501309
Nodos: [103, 11, 46, 35, 70, 3, 38, 23, 58, 27, 62, 713]
q: [0, 6.0, -6.0, 8.0, -8.0, 13.0, -13.0, 10.0, -10.0, 6.0, -6.0, 0]
Q: [0, 6.0, 0.0, 8.0, 0.0, 13.0, 0.0, 10.0, 0.0, 6.0, 0.0, 0]
B: [0.0, 169.0, 173.05406684701, 270.0, 281.922738989, 301.6759641434, 306.76024590192, 310.12273322531996, 349.85657613032, 538.0, 555.0308623681, 583.3015826454]
