Avion: 4      Iteracion: 0

Num Ruta: 1
Ingresos: 870.831
Costos: 315.457554452
Utilidad Ruta: 555.373445548
Costo Reducido: -
Nodos: [104, 9, 44, 18, 53, 25, 60, 29, 64, 714]
q: [0, 11.0, -11.0, 10.0, -10.0, 10.0, -10.0, 9.0, -9.0, 0]
Q: [0, 11.0, 0.0, 10.0, 0.0, 10.0, 0.0, 9.0, 0.0, 0]
B: [0.0, 57.4296024799, 86.9568394824, 293.0, 316.8182362487, 410.0, 427.1849823101, 549.0, 582.7797797802, 609.550209829]
