Avion: 5      Iteracion: 1

Num Ruta: 5
Ingresos: 1909.204
Costos: 511.791866928
Utilidad Ruta: 1397.41213307
Costo Reducido: 1606.3307995
Nodos: [105, 9, 44, 18, 53, 34, 28, 69, 19, 63, 54, 21, 56, 715]
q: [0, 11.0, -11.0, 10.0, -10.0, 8.0, 6.0, -8.0, 7.0, -6.0, -7.0, 12.0, -12.0, 0]
Q: [0, 11.0, 0.0, 10.0, 0.0, 8.0, 14.0, 6.0, 13.0, 7.0, 0.0, 12.0, 0.0, 0]
B: [0.0, 31.4915482312, 61.0187852337, 293.0, 316.8182362487, 340.28894720939996, 378.0, 412.6152135628, 433.1550298229, 445.6908230966, 478.5209002363, 502.1277606163, 542.8665512955, 596.198295726]
