Avion: 1      Iteracion: 15

Num Ruta: 15
Ingresos: 339.85
Costos: 263.123865025
Utilidad Ruta: 76.7261349745
Costo Reducido: 68.8659613579
Nodos: [101, 19, 54, 711]
q: [0, 7.0, -7.0, 0]
Q: [0, 7.0, 0.0, 0]
B: [0.0, 402.0, 428.6271162915, 433.37264323799997]
