Avion: 4      Iteracion: 15

Num Ruta: 18
Ingresos: 1148.363
Costos: 360.653681798
Utilidad Ruta: 787.709318202
Costo Reducido: 232.541856156
Nodos: [104, 17, 52, 16, 51, 35, 70, 19, 33, 54, 68, 714]
q: [0, 5.0, -5.0, 9.0, -9.0, 8.0, -8.0, 7.0, 5.0, -7.0, -5.0, 0]
Q: [0, 5.0, 0.0, 9.0, 0.0, 8.0, 0.0, 7.0, 12.0, 5.0, 0.0, 0]
B: [0.0, 24.0, 58.8425537813, 64.17419311644, 73.79828455408, 270.0, 281.922738989, 402.0, 438.5935603624, 460.1419541308, 482.0473989562, 498.2218159472]
