Avion: 4      Iteracion: 100

Num Ruta: 82
Ingresos: 2818.494
Costos: 476.695829734
Utilidad Ruta: 2341.79817027
Costo Reducido: 7.33563809416
Nodos: [104, 17, 52, 24, 9, 44, 59, 18, 23, 57, 22, 58, 53, 31, 66, 33, 13, 48, 68, 29, 64, 714]
q: [0.0, 5.0, -5.0, 11.0, 4.0, -4.0, -11.0, 5.0, 10.0, -10.0, 10.0, -10.0, -5.0, 9.0, -9.0, 5.0, 10.0, -10.0, -5.0, 9.0, -9.0, 0.0]
Q: [0.0, 5.0, 0.0, 11.0, 15.0, 11.0, 0.0, 5.0, 15.0, 5.0, 15.0, 5.0, 0.0, 9.0, 0.0, 5.0, 15.0, 5.0, 0.0, 9.0, 0.0, 0.0]
B: [0.0, 24.0, 58.8425537813, 75.400837086, 81.83771412381999, 111.36495112632, 136.42051454042, 293.0, 313.1789501461, 322.17528462187005, 343.92997076077006, 359.6863947522701, 369.6119263249401, 406.0, 434.325479078, 456.7236405204, 482.0965724164, 498.97972336640004, 504.32777366534003, 549.0, 582.7797797802, 609.550209829]
