Avion: 7      Iteracion: 0

Num Ruta: 3
Ingresos: 2769.397
Costos: 457.847367691
Utilidad Ruta: 2311.54963231
Costo Reducido: -
Nodos: [107, 17, 10, 52, 30, 65, 45, 1, 36, 3, 38, 23, 58, 22, 57, 19, 8, 43, 54, 717]
q: [0.0, 5.0, 10.0, -5.0, 5.0, -5.0, -10.0, 7.0, -7.0, 13.0, -13.0, 10.0, -10.0, 10.0, -10.0, 7.0, 8.0, -8.0, -7.0, 0.0]
Q: [0.0, 5.0, 15.0, 10.0, 15.0, 10.0, 0.0, 7.0, 0.0, 13.0, 0.0, 10.0, 0.0, 10.0, 0.0, 7.0, 15.0, 7.0, 0.0, 0.0]
B: [0.0, 45.942580685, 96.0, 113.2607991993, 116.40525368299, 135.11927633979, 154.02007423299, 192.43941540379, 226.67950093229, 256.0, 261.08428175852, 267.0, 306.733842905, 322.49026689650003, 344.24495303540004, 402.0, 425.1608815463, 445.9292781623, 448.85739735386, 474.34156110316]
