Avion: 7      Iteracion: 31

Num Ruta: 30
Ingresos: 1484.723
Costos: 343.684433834
Utilidad Ruta: 1141.03856617
Costo Reducido: 50.2658577149
Nodos: [107, 14, 49, 3, 38, 23, 35, 70, 32, 67, 26, 61, 58, 34, 69, 25, 60, 31, 66, 717]
q: [0.0, 0.0, 0.0, 13.0, -13.0, 4.0, 8.0, -8.0, 11.0, -11.0, 10.0, -10.0, -4.0, 8.0, -8.0, 10.0, -10.0, 9.0, -9.0, 0.0]
Q: [0.0, 0.0, 0.0, 13.0, 0.0, 4.0, 12.0, 4.0, 15.0, 4.0, 14.0, 4.0, 0.0, 8.0, 0.0, 10.0, 0.0, 9.0, 0.0, 0.0]
B: [0.0, 112.0, 124.021711775, 256.0, 261.08428175852, 267.0, 277.4634044651, 289.38614345409997, 309.0, 319.4016530417, 332.1221722921, 349.7014002615, 352.76847264408, 367.02741965988, 403.46754987368, 432.78638429798, 449.97136660808, 454.79301321479, 483.11849229279, 486.75321429040997]
