Avion: 7      Iteracion: 20

Num Ruta: 20
Ingresos: 1129.639
Costos: 303.759884709
Utilidad Ruta: 825.879115291
Costo Reducido: 158.507995687
Nodos: [107, 14, 49, 3, 38, 23, 35, 70, 32, 67, 58, 28, 13, 48, 31, 63, 66, 717]
q: [0.0, 8.0, -8.0, 0.0, 0.0, 4.0, 8.0, -8.0, 11.0, -11.0, -4.0, 6.0, 9.0, -9.0, 9.0, -6.0, -9.0, 0.0]
Q: [0.0, 8.0, 0.0, 0.0, 0.0, 4.0, 12.0, 4.0, 15.0, 4.0, 0.0, 6.0, 15.0, 6.0, 15.0, 9.0, 0.0, 0.0]
B: [0.0, 112.0, 124.021711775, 256.0, 261.08428175852, 267.0, 277.4634044651, 289.38614345409997, 309.0, 319.4016530417, 351.7919881588, 378.0, 423.0, 439.88315095, 444.3406643824, 464.8375443401, 493.251976043, 496.88669804062]
