Avion: 6      Iteracion: 13

Num Ruta: 16
Ingresos: 2674.309
Costos: 507.101887945
Utilidad Ruta: 2167.20711206
Costo Reducido: 345.00361553
Nodos: [106, 17, 52, 30, 16, 51, 65, 24, 59, 1, 36, 35, 70, 34, 69, 8, 19, 54, 43, 13, 48, 29, 4, 39, 64, 716]
q: [0.0, 5.0, -5.0, 11.0, 4.0, -4.0, -11.0, 11.0, -11.0, 7.0, -7.0, 8.0, -8.0, 8.0, -8.0, 8.0, 7.0, -7.0, -8.0, 15.0, -15.0, 9.0, 3.0, -3.0, -9.0, 0.0]
Q: [0.0, 5.0, 0.0, 11.0, 15.0, 11.0, 0.0, 11.0, 0.0, 7.0, 0.0, 8.0, 0.0, 8.0, 0.0, 8.0, 15.0, 8.0, 0.0, 15.0, 0.0, 9.0, 12.0, 9.0, 0.0, 0.0]
B: [0.0, 24.0, 58.8425537813, 64.0, 72.20259129788, 81.82668273552001, 84.69783929691, 109.43181018721, 147.94476048971, 175.0, 209.2400855285, 270.0, 281.922738989, 322.0, 358.4401302138, 414.0, 437.1608815463, 463.7879978378, 466.71611702935996, 468.92679317026995, 485.80994412026996, 549.0, 569.7100026316, 590.1357523117999, 602.3548233485, 622.7520306327999]
