Avion: 4      Iteracion: 45

Num Ruta: 46
Ingresos: 3198.875
Costos: 524.64631872
Utilidad Ruta: 2674.22868128
Costo Reducido: 39.0821430134
Nodos: [104, 17, 52, 30, 65, 35, 70, 22, 57, 19, 33, 54, 68, 21, 56, 2, 37, 29, 64, 714]
q: [0, 5.0, -5.0, 11.0, -11.0, 8.0, -8.0, 10.0, -10.0, 7.0, 5.0, -7.0, -5.0, 12.0, -12.0, 10.0, -10.0, 9.0, -9.0, 0]
Q: [0, 5.0, 0.0, 11.0, 0.0, 8.0, 0.0, 10.0, 0.0, 7.0, 12.0, 5.0, 0.0, 12.0, 0.0, 10.0, 0.0, 9.0, 0.0, 0]
B: [0.0, 24.0, 58.8425537813, 64.0, 82.7140226568, 270.0, 281.922738989, 299.64604976889996, 321.40073590779997, 402.0, 438.5935603624, 460.1419541308, 482.0473989562, 492.9268763334, 533.6656670126, 557.5166807437, 598.2516427911, 608.05638332821, 641.83616310841, 668.60659315721]
