Avion: 4      Iteracion: 70

Num Ruta: 60
Ingresos: 1570.927
Costos: 394.566636861
Utilidad Ruta: 1176.36036314
Costo Reducido: 50.8389682719
Nodos: [104, 17, 52, 16, 51, 32, 67, 26, 61, 28, 63, 25, 60, 33, 68, 714]
q: [0, 5.0, -5.0, 9.0, -9.0, 11.0, -11.0, 10.0, -10.0, 6.0, -6.0, 10.0, -10.0, 5.0, -5.0, 0]
Q: [0, 5.0, 0.0, 9.0, 0.0, 11.0, 0.0, 10.0, 0.0, 6.0, 0.0, 10.0, 0.0, 5.0, 0.0, 0]
B: [0.0, 24.0, 58.8425537813, 64.17419311644, 73.79828455408, 309.0, 319.4016530417, 332.1221722921, 349.7014002615, 378.0, 414.0266187839, 417.35999740026, 434.54497971036, 470.06238492246, 512.0150499748601, 528.1894669658601]
