Avion: 1      Iteracion: 1

Num Ruta: 5
Ingresos: 3057.366
Costos: 621.138474098
Utilidad Ruta: 2436.2275259
Costo Reducido: 1835.7506909
Nodos: [101, 16, 51, 9, 44, 14, 49, 3, 38, 23, 58, 18, 53, 34, 69, 8, 19, 54, 43, 21, 15, 50, 4, 56, 27, 39, 62, 711]
q: [0, 9.0, -9.0, 11.0, -11.0, 8.0, -8.0, 13.0, -13.0, 10.0, -10.0, 10.0, -10.0, 8.0, -8.0, 8.0, 7.0, -7.0, -8.0, 12.0, 0.0, -0.0, 3.0, -12.0, 6.0, -3.0, -6.0, 0]
Q: [0, 9.0, 0.0, 11.0, 0.0, 8.0, 0.0, 13.0, 0.0, 10.0, 0.0, 10.0, 0.0, 8.0, 0.0, 8.0, 15.0, 8.0, 0.0, 12.0, 12.0, 12.0, 15.0, 3.0, 9.0, 6.0, 0.0, 0]
B: [0.0, 36.0, 45.624091437640004, 75.68094759394, 105.20818459644, 115.46499131194001, 127.48670308694001, 256.0, 261.08428175852, 267.0, 306.733842905, 332.1731543147, 355.9913905634, 379.4621015241, 415.90223173789997, 418.54840671321995, 441.70928825951995, 468.33640455101994, 471.2645237425799, 496.22869544927994, 511.0, 527.4211666151, 532.99584588839, 562.16564329939, 575.34309149699, 591.69390407619, 597.10916261111, 611.2265537653101]
