Avion: 1      Iteracion: 45

Num Ruta: 32
Ingresos: 899.038
Costos: 340.606788491
Utilidad Ruta: 558.431211509
Costo Reducido: 18.3735704089
Nodos: [101, 30, 65, 33, 68, 29, 4, 39, 64, 711]
q: [0, 11.0, -11.0, 5.0, -5.0, 9.0, 3.0, -3.0, -9.0, 0]
Q: [0, 11.0, 0.0, 5.0, 0.0, 9.0, 12.0, 9.0, 0.0, 0]
B: [0.0, 64.0, 82.7140226568, 437.0, 478.9526650524, 549.0, 569.7100026316, 590.1357523117999, 602.3548233485, 618.4553323156]
