Avion: 5      Iteracion: 50

Num Ruta: 43
Ingresos: 472.604
Costos: 190.736010696
Utilidad Ruta: 281.867989304
Costo Reducido: 23.5803358057
Nodos: [105, 18, 53, 28, 63, 15, 50, 715]
q: [0, 10.0, -10.0, 6.0, -6.0, 0.0, -0.0, 0]
Q: [0, 10.0, 0.0, 6.0, 0.0, 0.0, 0.0, 0]
B: [0.0, 293.0, 316.8182362487, 378.0, 414.0266187839, 511.0, 527.4211666151, 560.9947556696]
