Avion: 5      Iteracion: 34

Num Ruta: 32
Ingresos: 875.045
Costos: 354.125670632
Utilidad Ruta: 520.919329368
Costo Reducido: 43.6943514159
Nodos: [105, 11, 46, 1, 36, 35, 70, 32, 67, 22, 57, 715]
q: [0, 6.0, -6.0, 7.0, -7.0, 8.0, -8.0, 11.0, -11.0, 10.0, -10.0, 0]
Q: [0, 6.0, 0.0, 7.0, 0.0, 8.0, 0.0, 11.0, 0.0, 10.0, 0.0, 0]
B: [0.0, 169.0, 173.05406684701, 195.72351838431, 229.96360391281002, 270.0, 281.922738989, 309.0, 319.4016530417, 353.8662667781, 375.620952917, 384.77408183557003]
