Avion: 3      Iteracion: 71

Num Ruta: 46
Ingresos: 2788.539
Costos: 376.010496982
Utilidad Ruta: 2412.52850302
Costo Reducido: 79.9916542619
Nodos: [103, 11, 46, 3, 38, 23, 35, 70, 58, 26, 61, 34, 69, 8, 33, 43, 13, 48, 68, 21, 56, 27, 62, 713]
q: [0.0, 6.0, -6.0, 13.0, -13.0, 10.0, 5.0, -5.0, -10.0, 10.0, -10.0, 8.0, -8.0, 8.0, 5.0, -8.0, 10.0, -10.0, -5.0, 12.0, -12.0, 6.0, -6.0, 0.0]
Q: [0.0, 6.0, 0.0, 13.0, 0.0, 10.0, 15.0, 10.0, 0.0, 10.0, 0.0, 8.0, 0.0, 8.0, 13.0, 5.0, 15.0, 5.0, 0.0, 12.0, 0.0, 6.0, 0.0, 0.0]
B: [0.0, 169.0, 173.05406684701, 256.0, 261.08428175852, 267.0, 277.4634044651, 289.38614345409997, 313.15284696969997, 332.83921974379996, 350.41844771319995, 365.33169380519996, 401.77182401899995, 414.0, 437.0, 460.2743670161, 462.48504315700995, 479.36819410700997, 484.71624440594996, 495.59572178314994, 536.33451246235, 549.51196065995, 566.54282302805, 594.81354330535]
