Avion: 4      Iteracion: 8

Num Ruta: 12
Ingresos: 1810.045
Costos: 443.976116901
Utilidad Ruta: 1366.0688831
Costo Reducido: 347.973967145
Nodos: [104, 17, 52, 9, 44, 10, 45, 32, 67, 34, 69, 8, 6, 41, 43, 13, 48, 29, 64, 714]
q: [0, 5.0, -5.0, 11.0, -11.0, 12.0, -12.0, 11.0, -11.0, 8.0, -8.0, 8.0, 4.0, -4.0, -8.0, 15.0, -15.0, 9.0, -9.0, 0]
Q: [0, 5.0, 0.0, 11.0, 0.0, 12.0, 0.0, 11.0, 0.0, 8.0, 0.0, 8.0, 12.0, 8.0, 0.0, 15.0, 0.0, 9.0, 0.0, 0]
B: [0.0, 24.0, 58.8425537813, 81.72911018459999, 111.25634718709999, 139.7984606337, 169.3179713681, 309.0, 319.4016530417, 346.1750898215, 382.6152200353, 414.0, 441.9144979715, 445.60678736969, 458.47278985688996, 460.68346599779994, 477.56661694779996, 549.0, 582.7797797802, 609.550209829]
