Avion: 6      Iteracion: 0

Num Ruta: 2
Ingresos: 4758.871
Costos: 648.756377621
Utilidad Ruta: 4110.11462238
Costo Reducido: -
Nodos: [106, 17, 52, 30, 16, 51, 65, 24, 59, 1, 11, 46, 36, 3, 38, 23, 58, 26, 61, 22, 57, 19, 8, 54, 43, 13, 48, 21, 5, 40, 56, 27, 62, 2, 37, 716]
q: [0.0, 5.0, -5.0, 11.0, 4.0, -4.0, -11.0, 11.0, -11.0, 7.0, 6.0, -6.0, -7.0, 13.0, -13.0, 10.0, -10.0, 10.0, -10.0, 10.0, -10.0, 7.0, 8.0, -7.0, -8.0, 15.0, -15.0, 12.0, 3.0, -3.0, -12.0, 6.0, -6.0, 10.0, -10.0, 0.0]
Q: [0.0, 5.0, 0.0, 11.0, 15.0, 11.0, 0.0, 11.0, 0.0, 7.0, 13.0, 7.0, 0.0, 13.0, 0.0, 10.0, 0.0, 10.0, 0.0, 10.0, 0.0, 7.0, 15.0, 8.0, 0.0, 15.0, 0.0, 12.0, 15.0, 12.0, 0.0, 6.0, 0.0, 10.0, 0.0, 0.0]
B: [0.0, 24.0, 58.8425537813, 64.0, 72.20259129788, 81.82668273552001, 84.69783929691, 109.43181018721, 147.94476048971, 175.0, 193.6808285951, 197.73489544211, 232.05062478011, 256.0, 261.08428175852, 267.0, 306.733842905, 326.4202156791, 343.9994436485, 357.6336242986, 379.3883104375, 402.0, 425.1608815463, 443.1178409771, 446.04596016866, 448.25663630956996, 465.13978725956997, 480.65118365057, 509.26930687696995, 510.39099578214996, 533.1336444625499, 546.3110926601499, 563.3419550282499, 574.7940281156499, 615.5289901630499, 635.9546276316499]
