Avion: 2      Iteracion: 65

Num Ruta: 43
Ingresos: 1857.926
Costos: 596.108642744
Utilidad Ruta: 1261.81735726
Costo Reducido: 7.62887859057
Nodos: [102, 16, 51, 9, 24, 44, 59, 1, 36, 32, 67, 26, 61, 34, 69, 8, 33, 43, 13, 48, 68, 712]
q: [0.0, 9.0, -9.0, 11.0, 4.0, -11.0, -4.0, 7.0, -7.0, 11.0, -11.0, 10.0, -10.0, 8.0, -8.0, 8.0, 5.0, -8.0, 10.0, -10.0, -5.0, 0.0]
Q: [0.0, 9.0, 0.0, 11.0, 15.0, 4.0, 0.0, 7.0, 0.0, 11.0, 0.0, 10.0, 0.0, 8.0, 0.0, 8.0, 13.0, 5.0, 15.0, 5.0, 0.0, 0.0]
B: [0.0, 36.0, 45.624091437640004, 75.68094759394, 82.11782463176, 106.25807452686, 131.31363794096, 175.0, 209.2400855285, 309.0, 319.4016530417, 332.1221722921, 349.7014002615, 364.6146463535, 401.0547765673, 414.0, 437.0, 460.2743670161, 462.48504315700995, 479.36819410700997, 484.71624440594996, 495.04552443894994]
