Avion: 3      Iteracion: 12

Num Ruta: 15
Ingresos: 1218.693
Costos: 332.751806648
Utilidad Ruta: 885.941193352
Costo Reducido: 111.796414779
Nodos: [103, 11, 46, 22, 57, 26, 61, 31, 66, 33, 6, 41, 68, 713]
q: [0, 6.0, -6.0, 10.0, -10.0, 10.0, -10.0, 9.0, -9.0, 5.0, 4.0, -4.0, -5.0, 0]
Q: [0, 6.0, 0.0, 10.0, 0.0, 10.0, 0.0, 9.0, 0.0, 5.0, 9.0, 5.0, 0.0, 0]
B: [0.0, 169.0, 173.05406684701, 299.0, 320.7546861389, 357.0876895518, 374.6669175212, 406.0, 434.325479078, 456.7236405204, 482.87844744, 486.57073683819, 517.64859765579, 521.34347316114]
