Avion: 4      Iteracion: 16

Num Ruta: 19
Ingresos: 1417.325
Costos: 353.112929955
Utilidad Ruta: 1064.21207005
Costo Reducido: 158.848654412
Nodos: [104, 17, 52, 9, 44, 11, 46, 1, 36, 8, 43, 25, 60, 714]
q: [0, 5.0, -5.0, 11.0, -11.0, 6.0, -6.0, 7.0, -7.0, 8.0, -8.0, 10.0, -10.0, 0]
Q: [0, 5.0, 0.0, 11.0, 0.0, 6.0, 0.0, 7.0, 0.0, 8.0, 0.0, 10.0, 0.0, 0]
B: [0.0, 24.0, 58.8425537813, 81.72911018459999, 111.25634718709999, 169.0, 173.05406684701, 195.72351838431, 229.96360391281002, 414.0, 434.768396616, 468.12895782230004, 485.31394013240003, 506.0896599274]
