Avion: 1      Iteracion: 23

Num Ruta: 20
Ingresos: 1331.105
Costos: 414.43257395
Utilidad Ruta: 916.672426051
Costo Reducido: 109.238739069
Nodos: [101, 34, 69, 33, 68, 21, 4, 39, 56, 711]
q: [0, 8.0, -8.0, 5.0, -5.0, 12.0, 3.0, -3.0, -12.0, 0]
Q: [0, 8.0, 0.0, 5.0, 0.0, 12.0, 15.0, 12.0, 0.0, 0]
B: [0.0, 322.0, 358.4401302138, 437.0, 478.9526650524, 489.83214242959997, 529.0, 549.4257496801999, 566.2286940948, 588.4711797696999]
