Avion: 5      Iteracion: 114

Num Ruta: 70
Ingresos: 708.815
Costos: 236.350557383
Utilidad Ruta: 472.464442617
Costo Reducido: 31.6517018211
Nodos: [105, 18, 53, 28, 63, 15, 50, 7, 4, 27, 62, 42, 39, 715]
q: [0, 10.0, -10.0, 6.0, -6.0, 0.0, -0.0, 0.0, 3.0, 6.0, -6.0, -0.0, -3.0, 0]
Q: [0, 10.0, 0.0, 6.0, 0.0, 0.0, 0.0, 0.0, 3.0, 9.0, 3.0, 3.0, 0.0, 0]
B: [0.0, 293.0, 316.8182362487, 378.0, 414.0266187839, 511.0, 527.4211666151, 538.3259061809999, 548.6892794734999, 566.3040540108, 583.3349163789, 587.7348369463599, 588.8952110239699, 626.6093023559698]
