Avion: 5      Iteracion: 15

Num Ruta: 17
Ingresos: 846.111
Costos: 372.845377485
Utilidad Ruta: 473.265622515
Costo Reducido: 104.131727916
Nodos: [105, 19, 54, 33, 68, 4, 27, 62, 39, 715]
q: [0, 7.0, -7.0, 5.0, -5.0, 3.0, 6.0, -6.0, -3.0, 0]
Q: [0, 7.0, 0.0, 5.0, 0.0, 3.0, 9.0, 3.0, 0.0, 0]
B: [0.0, 402.0, 428.6271162915, 450.1755100599, 492.12817511229997, 529.0, 546.6147745373, 563.6456369054, 569.06089544032, 606.77498677232]
