Avion: 5      Iteracion: 13

Num Ruta: 15
Ingresos: 1301.171
Costos: 446.338492149
Utilidad Ruta: 854.832507851
Costo Reducido: 127.48525849
Nodos: [105, 17, 52, 24, 59, 1, 36, 35, 70, 34, 69, 715]
q: [0, 5.0, -5.0, 11.0, -11.0, 7.0, -7.0, 8.0, -8.0, 8.0, -8.0, 0]
Q: [0, 5.0, 0.0, 11.0, 0.0, 7.0, 0.0, 8.0, 0.0, 8.0, 0.0, 0]
B: [0.0, 35.8094227823, 70.65197656359999, 87.21025986829999, 125.72321017079999, 175.0, 209.2400855285, 270.0, 281.922738989, 322.0, 358.4401302138, 376.9745084607]
