Avion: 6      Iteracion: 18

Num Ruta: 21
Ingresos: 2314.176
Costos: 392.716446496
Utilidad Ruta: 1921.4595535
Costo Reducido: 185.207597984
Nodos: [106, 30, 16, 51, 65, 3, 38, 23, 58, 19, 8, 54, 43, 27, 62, 2, 37, 716]
q: [0.0, 11.0, 4.0, -4.0, -11.0, 13.0, -13.0, 10.0, -10.0, 7.0, 8.0, -7.0, -8.0, 6.0, -6.0, 10.0, -10.0, 0.0]
Q: [0.0, 11.0, 15.0, 11.0, 0.0, 13.0, 0.0, 10.0, 0.0, 7.0, 15.0, 8.0, 0.0, 6.0, 0.0, 10.0, 0.0, 0.0]
B: [0.0, 64.0, 72.20259129788, 81.82668273552001, 84.69783929691, 256.0, 261.08428175852, 267.0, 306.733842905, 402.0, 425.1608815463, 443.1178409771, 446.04596016866, 538.0, 555.0308623681, 566.4829354555, 607.2178975029, 627.6435349715]
