Avion: 6      Iteracion: 90

Num Ruta: 66
Ingresos: 1386.493
Costos: 253.615456179
Utilidad Ruta: 1132.87754382
Costo Reducido: 14.3045254878
Nodos: [106, 17, 52, 30, 16, 51, 65, 18, 53, 31, 66, 19, 54, 6, 41, 5, 40, 716]
q: [0.0, 5.0, -5.0, 11.0, 4.0, -4.0, -11.0, 10.0, -10.0, 9.0, -9.0, 7.0, -7.0, 0.0, 0.0, 9.0, -9.0, 0.0]
Q: [0.0, 5.0, 0.0, 11.0, 15.0, 11.0, 0.0, 10.0, 0.0, 9.0, 0.0, 7.0, 0.0, 0.0, 0.0, 9.0, 0.0, 0.0]
B: [0.0, 24.0, 58.8425537813, 64.0, 72.20259129788, 81.82668273552001, 84.69783929691, 293.0, 316.8182362487, 406.0, 434.325479078, 450.4266959264, 477.0538122179, 488.84483121539995, 492.53712061358993, 510.9259808283899, 512.0476697335699, 518.7710238072399]
