Avion: 6      Iteracion: 106

Num Ruta: 78
Ingresos: 1661.97
Costos: 401.815889989
Utilidad Ruta: 1260.15411001
Costo Reducido: 33.288838348
Nodos: [106, 30, 16, 51, 65, 10, 45, 32, 67, 26, 34, 61, 69, 33, 6, 41, 5, 40, 68, 29, 4, 39, 64, 716]
q: [0.0, 11.0, 4.0, -4.0, -11.0, 12.0, -12.0, 11.0, -11.0, 7.0, 8.0, -7.0, -8.0, 5.0, 4.0, -4.0, 9.0, -9.0, -5.0, 9.0, 3.0, -3.0, -9.0, 0.0]
Q: [0.0, 11.0, 15.0, 11.0, 0.0, 12.0, 0.0, 11.0, 0.0, 7.0, 15.0, 8.0, 0.0, 5.0, 9.0, 5.0, 14.0, 5.0, 0.0, 9.0, 12.0, 9.0, 0.0, 0.0]
B: [0.0, 64.0, 72.20259129788, 81.82668273552001, 84.69783929691, 103.39088958301001, 132.91040031741, 309.0, 319.4016530417, 332.1221722921, 348.0493993263, 362.9626454183, 387.9493993691, 437.0, 463.1548069196, 466.84709631779, 485.23595653258997, 486.35764543777, 515.37002005617, 549.0, 569.7100026316, 590.1357523117999, 602.3548233485, 622.7520306327999]
