Avion: 7      Iteracion: 23

Num Ruta: 23
Ingresos: 1687.603
Costos: 341.024313695
Utilidad Ruta: 1346.57868631
Costo Reducido: 59.8938720059
Nodos: [107, 14, 49, 3, 38, 23, 32, 67, 26, 61, 58, 34, 69, 25, 60, 31, 66, 717]
q: [0.0, 8.0, -8.0, 0.0, 0.0, 10.0, 5.0, -5.0, 5.0, -5.0, -10.0, 8.0, -8.0, 10.0, -10.0, 9.0, -9.0, 0.0]
Q: [0.0, 8.0, 0.0, 0.0, 0.0, 10.0, 15.0, 10.0, 15.0, 10.0, 0.0, 8.0, 0.0, 10.0, 0.0, 9.0, 0.0, 0.0]
B: [0.0, 112.0, 124.021711775, 256.0, 261.08428175852, 267.0, 309.0, 319.4016530417, 332.1221722921, 349.7014002615, 352.76847264408, 367.02741965988, 403.46754987368, 432.78638429798, 449.97136660808, 454.79301321479, 483.11849229279, 486.75321429040997]
