Avion: 1      Iteracion: 16

Num Ruta: 16
Ingresos: 1501.551
Costos: 337.887881579
Utilidad Ruta: 1163.66311842
Costo Reducido: 224.537868773
Nodos: [101, 17, 52, 30, 65, 24, 59, 1, 36, 8, 43, 27, 62, 711]
q: [0, 5.0, -5.0, 11.0, -11.0, 11.0, -11.0, 7.0, -7.0, 8.0, -8.0, 6.0, -6.0, 0]
Q: [0, 5.0, 0.0, 11.0, 0.0, 11.0, 0.0, 7.0, 0.0, 8.0, 0.0, 6.0, 0.0, 0]
B: [0.0, 24.0, 58.8425537813, 64.0, 82.7140226568, 107.4479935471, 145.9609438496, 175.0, 209.2400855285, 414.0, 434.768396616, 538.0, 555.0308623681, 569.1482535223]
