Avion: 7      Iteracion: 13

Num Ruta: 14
Ingresos: 3058.935
Costos: 592.942654023
Utilidad Ruta: 2465.99234598
Costo Reducido: 307.100444419
Nodos: [107, 17, 30, 52, 24, 65, 59, 1, 36, 3, 38, 23, 35, 70, 34, 58, 22, 57, 69, 8, 19, 54, 43, 13, 48, 29, 4, 39, 64, 717]
q: [0.0, 5.0, 4.0, -5.0, 11.0, -4.0, -11.0, 7.0, -7.0, 0.0, 0.0, 7.0, 8.0, -8.0, 8.0, -7.0, 0.0, 0.0, -8.0, 8.0, 7.0, -7.0, -8.0, 15.0, -15.0, 9.0, 3.0, -3.0, -9.0, 0.0]
Q: [0.0, 5.0, 9.0, 4.0, 15.0, 11.0, 0.0, 7.0, 0.0, 0.0, 0.0, 7.0, 15.0, 7.0, 15.0, 8.0, 8.0, 8.0, 0.0, 8.0, 15.0, 8.0, 0.0, 15.0, 0.0, 9.0, 12.0, 9.0, 0.0, 0.0]
B: [0.0, 45.942580685, 79.556292292, 82.70074677568999, 99.25903008038999, 123.99300097068999, 153.63056188589, 175.0, 209.2400855285, 256.0, 261.08428175852, 267.0, 277.4634044651, 289.38614345409997, 322.0, 336.2589470158, 352.0153710073, 373.77005714620003, 384.3603074737, 414.0, 437.1608815463, 463.7879978378, 466.71611702935996, 468.92679317026995, 485.80994412026996, 549.0, 569.7100026316, 590.1357523117999, 602.3548233485, 639.8192121064]
