Avion: 5      Iteracion: 110

Num Ruta: 69
Ingresos: 1227.925
Costos: 435.066018663
Utilidad Ruta: 792.858981337
Costo Reducido: 41.7858631742
Nodos: [105, 30, 16, 65, 51, 10, 45, 32, 67, 33, 13, 48, 68, 29, 27, 64, 62, 715]
q: [0.0, 11.0, 4.0, -11.0, -4.0, 12.0, -12.0, 11.0, -11.0, 5.0, 10.0, -10.0, -5.0, 9.0, 6.0, -9.0, -6.0, 0.0]
Q: [0.0, 11.0, 15.0, 4.0, 0.0, 12.0, 0.0, 11.0, 0.0, 5.0, 15.0, 5.0, 0.0, 9.0, 15.0, 6.0, 0.0, 0.0]
B: [0.0, 64.0, 72.20259129788, 83.01926305958, 85.89041962097, 101.71969683127, 131.23920756567, 309.0, 319.4016530417, 437.0, 462.372931896, 479.256082846, 484.60413314494, 549.0, 574.6018082369, 582.8182362320799, 598.26561380888, 630.9205388585799]
