Avion: 6      Iteracion: 89

Num Ruta: 65
Ingresos: 878.917
Costos: 283.179967192
Utilidad Ruta: 595.737032808
Costo Reducido: 37.0029135598
Nodos: [106, 10, 45, 32, 67, 33, 6, 41, 68, 29, 64, 716]
q: [0, 12.0, -12.0, 11.0, -11.0, 5.0, 4.0, -4.0, -5.0, 9.0, -9.0, 0]
Q: [0, 12.0, 0.0, 11.0, 0.0, 5.0, 9.0, 5.0, 0.0, 9.0, 0.0, 0]
B: [0.0, 96.0, 125.5195107344, 309.0, 319.4016530417, 437.0, 463.1548069196, 466.84709631779, 497.92495713539, 549.0, 582.7797797802, 603.1769870644999]
