Avion: 5      Iteracion: 64

Num Ruta: 50
Ingresos: 3097.346
Costos: 620.495100561
Utilidad Ruta: 2476.85089944
Costo Reducido: 28.1310491648
Nodos: [105, 11, 46, 1, 36, 23, 35, 70, 58, 34, 67, 32, 69, 19, 8, 33, 54, 43, 13, 48, 68, 15, 50, 4, 27, 62, 2, 39, 37, 715]
q: [0.0, 6.0, -6.0, 7.0, -7.0, 10.0, 5.0, -5.0, -10.0, 8.0, -8.0, 8.0, -8.0, 7.0, 3.0, 5.0, -7.0, -3.0, 10.0, -10.0, -5.0, 0.0, 0.0, 3.0, 6.0, -6.0, 10.0, -3.0, -10.0, 0.0]
Q: [0.0, 6.0, 0.0, 7.0, 0.0, 10.0, 15.0, 10.0, 0.0, 8.0, 0.0, 8.0, 0.0, 7.0, 10.0, 15.0, 8.0, 5.0, 15.0, 5.0, 0.0, 0.0, 0.0, 3.0, 9.0, 3.0, 13.0, 10.0, 0.0, 0.0]
B: [0.0, 169.0, 173.05406684701, 195.72351838431, 229.96360391281002, 267.0, 277.4634044651, 289.38614345409997, 313.15284696969997, 327.41179398549997, 354.1852307653, 364.586883807, 388.2177506764, 408.7575669365, 431.9184484828, 445.6831032914, 467.2314970598, 470.15961625136, 472.37029239226996, 489.25344334227, 494.60149364120997, 511.0, 527.4211666151, 532.99584588839, 550.6106204256901, 567.64148279379, 579.09355588119, 588.54802239179, 621.7412331734901, 657.74577628959]
