Avion: 4      Iteracion: 18

Num Ruta: 21
Ingresos: 1241.081
Costos: 352.858658528
Utilidad Ruta: 888.222341472
Costo Reducido: 127.970951348
Nodos: [104, 3, 38, 23, 58, 27, 62, 29, 64, 714]
q: [0, 13.0, -13.0, 10.0, -10.0, 6.0, -6.0, 9.0, -9.0, 0]
Q: [0, 13.0, 0.0, 10.0, 0.0, 6.0, 0.0, 9.0, 0.0, 0]
B: [0.0, 256.0, 261.08428175852, 267.0, 306.733842905, 538.0, 555.0308623681, 590.0480078828, 623.827787663, 650.5982177118]
