Avion: 6      Iteracion: 28

Num Ruta: 31
Ingresos: 1617.811
Costos: 327.390780155
Utilidad Ruta: 1290.42021985
Costo Reducido: 107.5256035
Nodos: [106, 17, 52, 35, 70, 32, 67, 33, 68, 21, 4, 56, 39, 716]
q: [0, 5.0, -5.0, 8.0, -8.0, 11.0, -11.0, 5.0, -5.0, 12.0, 3.0, -12.0, -3.0, 0]
Q: [0, 5.0, 0.0, 8.0, 0.0, 11.0, 0.0, 5.0, 0.0, 12.0, 15.0, 3.0, 0.0, 0]
B: [0.0, 24.0, 58.8425537813, 270.0, 281.922738989, 309.0, 319.4016530417, 437.0, 478.9526650524, 489.83214242959997, 529.0, 558.169797411, 574.9727418256, 589.6498566647]
