Avion: 7      Iteracion: 10

Num Ruta: 11
Ingresos: 1615.726
Costos: 445.908909184
Utilidad Ruta: 1169.81709082
Costo Reducido: 224.338062297
Nodos: [107, 17, 10, 52, 14, 49, 45, 3, 38, 23, 35, 70, 32, 67, 26, 61, 58, 31, 66, 717]
q: [0.0, 5.0, 7.0, -5.0, 8.0, -8.0, -7.0, 13.0, -13.0, 4.0, 8.0, -8.0, 11.0, -11.0, 10.0, -10.0, -4.0, 9.0, -9.0, 0.0]
Q: [0.0, 5.0, 12.0, 7.0, 15.0, 7.0, 0.0, 13.0, 0.0, 4.0, 12.0, 4.0, 15.0, 4.0, 14.0, 4.0, 0.0, 9.0, 0.0, 0.0]
B: [0.0, 45.942580685, 96.0, 113.2607991993, 125.6993520492, 137.7210638242, 183.2441460573, 256.0, 261.08428175852, 267.0, 277.4634044651, 289.38614345409997, 309.0, 319.4016530417, 332.1221722921, 349.7014002615, 352.76847264408, 406.0, 434.325479078, 437.96020107562]
