Avion: 3      Iteracion: 89

Num Ruta: 54
Ingresos: 1333.012
Costos: 332.320580321
Utilidad Ruta: 1000.69141968
Costo Reducido: 32.9942498371
Nodos: [103, 10, 45, 32, 67, 33, 6, 41, 68, 21, 56, 27, 62, 713]
q: [0, 12.0, -12.0, 11.0, -11.0, 5.0, 4.0, -4.0, -5.0, 12.0, -12.0, 6.0, -6.0, 0]
Q: [0, 12.0, 0.0, 11.0, 0.0, 5.0, 9.0, 5.0, 0.0, 12.0, 0.0, 6.0, 0.0, 0]
B: [0.0, 96.0, 125.5195107344, 309.0, 319.4016530417, 437.0, 463.1548069196, 466.84709631779, 497.92495713539, 508.80443451259, 549.5432251917899, 562.72067338939, 579.7515357574899, 608.02225603479]
