Avion: 4      Iteracion: 0

Num Ruta: 4
Ingresos: 0
Costos: 181.474569768
Utilidad Ruta: -181.474569768
Costo Reducido: -
Nodos: [104, 714]
q: [0, 0]
Q: [0, 0]
B: [0, 0]
