Avion: 6      Iteracion: 109

Num Ruta: 80
Ingresos: 3206.055
Costos: 505.049306182
Utilidad Ruta: 2701.00569382
Costo Reducido: 3.67579076218
Nodos: [106, 17, 30, 52, 16, 51, 65, 24, 59, 1, 36, 23, 35, 70, 34, 58, 22, 69, 57, 19, 54, 6, 41, 5, 40, 33, 68, 29, 64, 716]
q: [0.0, 5.0, 6.0, -5.0, 9.0, -9.0, -6.0, 11.0, -11.0, 7.0, -7.0, 7.0, 8.0, -8.0, 8.0, -7.0, 7.0, -8.0, -7.0, 7.0, -7.0, 4.0, -4.0, 9.0, -9.0, 5.0, -5.0, 9.0, -9.0, 0.0]
Q: [0.0, 5.0, 11.0, 6.0, 15.0, 6.0, 0.0, 11.0, 0.0, 7.0, 0.0, 7.0, 15.0, 7.0, 15.0, 8.0, 15.0, 7.0, 0.0, 7.0, 0.0, 4.0, 0.0, 9.0, 0.0, 5.0, 0.0, 9.0, 0.0, 0.0]
B: [0.0, 24.0, 64.0, 67.14445448369, 72.47609381883, 82.10018525647, 84.97134181786, 109.70531270816, 148.21826301066, 175.0, 209.2400855285, 267.0, 277.4634044651, 289.38614345409997, 322.0, 336.2589470158, 352.0153710073, 366.5845376616, 377.17478798909997, 402.0, 428.6271162915, 440.41813528899996, 444.11042468718995, 469.0, 470.12168890518, 483.41186760978, 525.3645326621801, 549.0, 582.7797797802, 603.1769870644999]
