Avion: 6      Iteracion: 42

Num Ruta: 38
Ingresos: 1706.663
Costos: 364.936018238
Utilidad Ruta: 1341.72698176
Costo Reducido: 50.0748082921
Nodos: [106, 22, 57, 18, 53, 34, 69, 8, 33, 43, 68, 29, 27, 64, 62, 716]
q: [0, 10.0, -10.0, 10.0, -10.0, 8.0, -8.0, 8.0, 5.0, -8.0, -5.0, 9.0, 6.0, -9.0, -6.0, 0]
Q: [0, 10.0, 0.0, 10.0, 0.0, 8.0, 0.0, 8.0, 13.0, 5.0, 0.0, 9.0, 15.0, 6.0, 0.0, 0]
B: [0.0, 299.0, 320.7546861389, 334.15512273630003, 357.973358985, 381.4440699457, 417.8842001595, 420.53037513481996, 437.0, 460.2743670161, 482.23124805599997, 549.0, 574.6018082369, 582.8182362320799, 598.26561380888, 607.97128416182]
