Avion: 5      Iteracion: 21

Num Ruta: 23
Ingresos: 741.342
Costos: 438.619595222
Utilidad Ruta: 302.722404778
Costo Reducido: 72.0949294761
Nodos: [105, 9, 44, 24, 59, 35, 70, 33, 68, 715]
q: [0, 11.0, -11.0, 11.0, -11.0, 8.0, -8.0, 5.0, -5.0, 0]
Q: [0, 11.0, 0.0, 11.0, 0.0, 8.0, 0.0, 5.0, 0.0, 0]
B: [0.0, 31.4915482312, 61.0187852337, 85.1590351288, 123.6719854313, 270.0, 281.922738989, 437.0, 478.9526650524, 522.7129914909]
