Avion: 5      Iteracion: 30

Num Ruta: 29
Ingresos: 2224.536
Costos: 601.753134443
Utilidad Ruta: 1622.78286556
Costo Reducido: 102.729286226
Nodos: [105, 9, 44, 10, 45, 26, 70, 35, 61, 31, 66, 33, 13, 48, 68, 21, 15, 50, 4, 56, 27, 62, 39, 715]
q: [0.0, 11.0, -11.0, 12.0, -12.0, 10.0, -8.0, 8.0, -10.0, 9.0, -9.0, 5.0, 10.0, -10.0, -5.0, 12.0, 0.0, 0.0, 3.0, -12.0, 6.0, -6.0, -3.0, 0.0]
Q: [0.0, 11.0, 0.0, 12.0, 0.0, 10.0, 2.0, 10.0, 0.0, 9.0, 0.0, 5.0, 15.0, 5.0, 0.0, 12.0, 12.0, 12.0, 15.0, 3.0, 9.0, 3.0, 0.0, 0.0]
B: [0.0, 31.4915482312, 61.0187852337, 96.0, 125.5195107344, 300.0, 314.3508621692, 326.2736011582, 352.6257001638, 406.0, 434.325479078, 456.7236405204, 482.0965724164, 498.97972336640004, 504.32777366534003, 515.2072510425401, 520.8794845532501, 537.3006511683501, 542.8753304416401, 572.0451278526401, 585.2225760502401, 602.2534384183401, 607.6686969532601, 645.3827882852601]
