Avion: 6      Iteracion: 76

Num Ruta: 55
Ingresos: 1513.797
Costos: 353.739112248
Utilidad Ruta: 1160.05788775
Costo Reducido: 22.9536805441
Nodos: [106, 17, 52, 16, 51, 10, 45, 34, 69, 8, 33, 43, 13, 48, 68, 716]
q: [0.0, 5.0, -5.0, 9.0, -9.0, 12.0, -12.0, 8.0, -8.0, 8.0, 5.0, -8.0, 10.0, -10.0, -5.0, 0.0]
Q: [0.0, 5.0, 0.0, 9.0, 0.0, 12.0, 0.0, 8.0, 0.0, 8.0, 13.0, 5.0, 15.0, 5.0, 0.0, 0.0]
B: [0.0, 24.0, 58.8425537813, 64.17419311644, 73.79828455408, 96.0, 125.5195107344, 322.0, 358.4401302138, 414.0, 437.0, 460.2743670161, 462.48504315700995, 479.36819410700997, 484.71624440594996, 508.60868833704995]
