Avion: 7      Iteracion: 32

Num Ruta: 31
Ingresos: 824.608
Costos: 329.97252396
Utilidad Ruta: 494.63547604
Costo Reducido: 44.6374248832
Nodos: [107, 24, 16, 51, 59, 14, 49, 3, 38, 35, 70, 32, 67, 22, 57, 717]
q: [0.0, 11.0, 4.0, -4.0, -11.0, 0.0, 0.0, 13.0, -13.0, 8.0, -8.0, 11.0, -11.0, 10.0, -10.0, 0.0]
Q: [0.0, 11.0, 15.0, 11.0, 0.0, 0.0, 0.0, 13.0, 0.0, 8.0, 0.0, 11.0, 0.0, 10.0, 0.0, 0.0]
B: [0.0, 61.0, 78.5726369108, 88.19672834844, 114.98601226944001, 143.63238156814, 155.65409334314, 256.0, 261.08428175852, 274.08526633661995, 286.00800532561993, 309.0, 319.4016530417, 353.8662667781, 375.620952917, 377.58774167027]
