Avion: 4      Iteracion: 36

Num Ruta: 37
Ingresos: 563.133
Costos: 297.448399618
Utilidad Ruta: 265.684600382
Costo Reducido: 2.41051942248
Nodos: [104, 34, 69, 29, 64, 714]
q: [0, 8.0, -8.0, 9.0, -9.0, 0]
Q: [0, 8.0, 0.0, 9.0, 0.0, 0]
B: [0.0, 322.0, 358.4401302138, 549.0, 582.7797797802, 609.550209829]
