Avion: 7      Iteracion: 22

Num Ruta: 22
Ingresos: 1298.171
Costos: 328.173895654
Utilidad Ruta: 969.997104346
Costo Reducido: 94.8732645945
Nodos: [107, 14, 49, 3, 38, 23, 32, 67, 26, 61, 58, 25, 60, 13, 48, 31, 66, 717]
q: [0.0, 0.0, 0.0, 13.0, -13.0, 4.0, 11.0, -11.0, 10.0, -10.0, -4.0, 10.0, -10.0, 15.0, -15.0, 9.0, -9.0, 0.0]
Q: [0.0, 0.0, 0.0, 13.0, 0.0, 4.0, 15.0, 4.0, 14.0, 4.0, 0.0, 10.0, 0.0, 15.0, 0.0, 9.0, 0.0, 0.0]
B: [0.0, 112.0, 124.021711775, 256.0, 261.08428175852, 267.0, 309.0, 319.4016530417, 332.1221722921, 349.7014002615, 352.76847264408, 410.0, 427.1849823101, 443.186042775, 460.069193725, 464.5267071574, 492.8521862354, 496.48690823301996]
