Avion: 7      Iteracion: 7

Num Ruta: 8
Ingresos: 437.784
Costos: 313.82008141
Utilidad Ruta: 123.963918589
Costo Reducido: 289.879163029
Nodos: [107, 14, 49, 35, 70, 18, 53, 13, 48, 717]
q: [0, 8.0, -8.0, 8.0, -8.0, 10.0, -10.0, 15.0, -15.0, 0]
Q: [0, 8.0, 0.0, 8.0, 0.0, 10.0, 0.0, 15.0, 0.0, 0]
B: [0.0, 112.0, 124.021711775, 270.0, 281.922738989, 302.3408921131, 326.15912836179996, 423.0, 439.88315095, 476.2545040318]
