Avion: 4      Iteracion: 64

Num Ruta: 57
Ingresos: 923.357
Costos: 226.241424059
Utilidad Ruta: 697.115575941
Costo Reducido: 7.49166964963
Nodos: [104, 17, 52, 25, 60, 29, 64, 714]
q: [0, 5.0, -5.0, 10.0, -10.0, 9.0, -9.0, 0]
Q: [0, 5.0, 0.0, 10.0, 0.0, 9.0, 0.0, 0]
B: [0.0, 24.0, 58.8425537813, 410.0, 427.1849823101, 549.0, 582.7797797802, 609.550209829]
