Avion: 4      Iteracion: 44

Num Ruta: 45
Ingresos: 1419.561
Costos: 368.389010286
Utilidad Ruta: 1051.17198971
Costo Reducido: 85.299763978
Nodos: [104, 17, 52, 30, 65, 10, 45, 32, 67, 33, 68, 29, 64, 714]
q: [0, 5.0, -5.0, 11.0, -11.0, 12.0, -12.0, 11.0, -11.0, 5.0, -5.0, 9.0, -9.0, 0]
Q: [0, 5.0, 0.0, 11.0, 0.0, 12.0, 0.0, 11.0, 0.0, 5.0, 0.0, 9.0, 0.0, 0]
B: [0.0, 24.0, 58.8425537813, 64.0, 82.7140226568, 101.4070729429, 130.92658367730002, 309.0, 319.4016530417, 437.0, 478.9526650524, 549.0, 582.7797797802, 609.550209829]
