Avion: 6      Iteracion: 78

Num Ruta: 57
Ingresos: 2272.348
Costos: 442.873965628
Utilidad Ruta: 1829.47403437
Costo Reducido: 33.2014207258
Nodos: [106, 17, 52, 16, 51, 10, 45, 26, 34, 61, 22, 69, 57, 19, 33, 54, 68, 29, 64, 716]
q: [0.0, 5.0, -5.0, 9.0, -9.0, 12.0, -12.0, 7.0, 8.0, -7.0, 7.0, -8.0, -7.0, 7.0, 5.0, -7.0, -5.0, 9.0, -9.0, 0.0]
Q: [0.0, 5.0, 0.0, 9.0, 0.0, 12.0, 0.0, 7.0, 15.0, 8.0, 15.0, 7.0, 0.0, 7.0, 12.0, 5.0, 0.0, 9.0, 0.0, 0.0]
B: [0.0, 24.0, 58.8425537813, 64.17419311644, 73.79828455408, 96.0, 125.5195107344, 300.0, 322.0, 336.913246092, 350.5474267421, 365.1165933964, 375.70684372389996, 402.0, 438.5935603624, 460.1419541308, 482.0473989562, 549.0, 582.7797797802, 603.1769870644999]
