Avion: 6      Iteracion: 62

Num Ruta: 49
Ingresos: 975.443
Costos: 201.741846546
Utilidad Ruta: 773.701153454
Costo Reducido: 4.9865323779
Nodos: [106, 17, 52, 30, 16, 51, 65, 11, 46, 19, 54, 6, 41, 5, 40, 716]
q: [0.0, 5.0, -5.0, 6.0, 9.0, -9.0, -6.0, 6.0, -6.0, 7.0, -7.0, 4.0, -4.0, 0.0, 0.0, 0.0]
Q: [0.0, 5.0, 0.0, 6.0, 15.0, 6.0, 0.0, 6.0, 0.0, 7.0, 0.0, 4.0, 0.0, 0.0, 0.0, 0.0]
B: [0.0, 24.0, 58.8425537813, 64.0, 72.20259129788, 81.82668273552001, 84.69783929691, 169.0, 173.05406684701, 402.0, 428.6271162915, 440.41813528899996, 444.11042468718995, 469.0, 470.12168890518, 476.84504297885]
