Avion: 6      Iteracion: 5

Num Ruta: 8
Ingresos: 3069.287
Costos: 523.319679759
Utilidad Ruta: 2545.96732024
Costo Reducido: 750.8818848
Nodos: [106, 17, 52, 16, 51, 14, 49, 3, 38, 32, 67, 26, 61, 34, 69, 8, 33, 43, 13, 48, 68, 21, 5, 40, 56, 2, 37, 716]
q: [0.0, 5.0, -5.0, 9.0, -9.0, 8.0, -8.0, 13.0, -13.0, 11.0, -11.0, 10.0, -10.0, 8.0, -8.0, 8.0, 5.0, -8.0, 10.0, -10.0, -5.0, 12.0, 3.0, -3.0, -12.0, 10.0, -10.0, 0.0]
Q: [0.0, 5.0, 0.0, 9.0, 0.0, 8.0, 0.0, 13.0, 0.0, 11.0, 0.0, 10.0, 0.0, 8.0, 0.0, 8.0, 13.0, 5.0, 15.0, 5.0, 0.0, 12.0, 15.0, 12.0, 0.0, 10.0, 0.0, 0.0]
B: [0.0, 24.0, 58.8425537813, 64.17419311644, 73.79828455408, 112.0, 124.021711775, 256.0, 261.08428175852, 309.0, 319.4016530417, 332.1221722921, 349.7014002615, 364.6146463535, 401.0547765673, 414.0, 437.0, 460.2743670161, 462.48504315700995, 479.36819410700997, 484.71624440594996, 495.59572178314994, 524.2138450095499, 525.3355339147299, 548.0781825951299, 571.9291963262299, 612.6641583736299, 633.0897958422299]
