Avion: 3      Iteracion: 1

Num Ruta: 4
Ingresos: 2652.217
Costos: 533.003458412
Utilidad Ruta: 2119.21354159
Costo Reducido: 1314.44650442
Nodos: [103, 16, 51, 9, 44, 14, 49, 3, 38, 23, 58, 26, 61, 22, 57, 19, 54, 8, 33, 43, 6, 41, 68, 713]
q: [0, 9.0, -9.0, 11.0, -11.0, 8.0, -8.0, 13.0, -13.0, 10.0, -10.0, 10.0, -10.0, 10.0, -10.0, 7.0, -7.0, 8.0, 5.0, -8.0, 4.0, -4.0, -5.0, 0]
Q: [0, 9.0, 0.0, 11.0, 0.0, 8.0, 0.0, 13.0, 0.0, 10.0, 0.0, 10.0, 0.0, 10.0, 0.0, 7.0, 0.0, 8.0, 13.0, 5.0, 9.0, 5.0, 0.0, 0]
B: [0.0, 36.0, 45.624091437640004, 75.68094759394, 105.20818459644, 115.46499131194001, 127.48670308694001, 256.0, 261.08428175852, 267.0, 306.733842905, 326.4202156791, 343.9994436485, 357.6336242986, 379.3883104375, 402.0, 428.6271162915, 446.5840757223, 460.34873053089996, 483.62309754699993, 492.8137691764299, 496.5060585746199, 527.5839193922199, 531.2787948975698]
