Avion: 2      Iteracion: 23

Num Ruta: 22
Ingresos: 591.803
Costos: 461.038125709
Utilidad Ruta: 130.764874291
Costo Reducido: 87.3055381802
Nodos: [102, 16, 51, 34, 69, 5, 40, 33, 68, 712]
q: [0, 9.0, -9.0, 8.0, -8.0, 9.0, -9.0, 5.0, -5.0, 0]
Q: [0, 9.0, 0.0, 8.0, 0.0, 9.0, 0.0, 5.0, 0.0, 0]
B: [0.0, 36.0, 45.624091437640004, 322.0, 358.4401302138, 469.0, 470.12168890518, 483.41186760978, 525.3645326621801, 535.6938126951801]
