Avion: 1      Iteracion: 69

Num Ruta: 42
Ingresos: 728.366
Costos: 376.322320345
Utilidad Ruta: 352.043679655
Costo Reducido: 85.1133431797
Nodos: [101, 10, 45, 26, 61, 33, 68, 711]
q: [0, 12.0, -12.0, 10.0, -10.0, 5.0, -5.0, 0]
Q: [0, 12.0, 0.0, 10.0, 0.0, 5.0, 0.0, 0]
B: [0.0, 96.0, 125.5195107344, 300.0, 317.5792279694, 437.0, 478.9526650524, 496.1448322514]
