Avion: 6      Iteracion: 95

Num Ruta: 71
Ingresos: 577.3
Costos: 155.675791067
Utilidad Ruta: 421.624208933
Costo Reducido: 20.4443805801
Nodos: [106, 17, 52, 35, 70, 32, 67, 6, 41, 5, 40, 716]
q: [0, 5.0, -5.0, 8.0, -8.0, 11.0, -11.0, 4.0, -4.0, 9.0, -9.0, 0]
Q: [0, 5.0, 0.0, 8.0, 0.0, 11.0, 0.0, 4.0, 0.0, 9.0, 0.0, 0]
B: [0.0, 24.0, 58.8425537813, 270.0, 281.922738989, 309.0, 319.4016530417, 436.0, 439.69228939819, 469.0, 470.12168890518, 476.84504297885]
