Avion: 3      Iteracion: 10

Num Ruta: 13
Ingresos: 1169.888
Costos: 401.700705857
Utilidad Ruta: 768.187294143
Costo Reducido: 185.789665035
Nodos: [103, 14, 49, 11, 46, 35, 70, 26, 61, 31, 66, 19, 54, 4, 39, 713]
q: [0, 8.0, -8.0, 6.0, -6.0, 8.0, -8.0, 10.0, -10.0, 9.0, -9.0, 7.0, -7.0, 3.0, -3.0, 0]
Q: [0, 8.0, 0.0, 6.0, 0.0, 8.0, 0.0, 10.0, 0.0, 9.0, 0.0, 7.0, 0.0, 3.0, 0.0, 0]
B: [0.0, 112.0, 124.021711775, 169.0, 173.05406684701, 270.0, 281.922738989, 300.0, 317.5792279694, 406.0, 434.325479078, 450.4266959264, 477.0538122179, 529.0, 549.4257496801999, 580.1121997519]
