Avion: 1      Iteracion: 19

Num Ruta: 18
Ingresos: 598.201
Costos: 324.499217486
Utilidad Ruta: 273.701782514
Costo Reducido: 58.0824868715
Nodos: [101, 30, 16, 51, 65, 19, 54, 27, 62, 711]
q: [0.0, 6.0, 9.0, -9.0, -6.0, 7.0, -7.0, 6.0, -6.0, 0.0]
Q: [0.0, 6.0, 15.0, 6.0, 0.0, 7.0, 0.0, 6.0, 0.0, 0.0]
B: [0.0, 64.0, 72.20259129788, 81.82668273552001, 84.69783929691, 402.0, 428.6271162915, 538.0, 555.0308623681, 569.1482535223]
