Avion: 6      Iteracion: 60

Num Ruta: 48
Ingresos: 952.529
Costos: 176.907912167
Utilidad Ruta: 775.621087833
Costo Reducido: 2.52611738006
Nodos: [106, 6, 41, 5, 40, 21, 4, 39, 56, 27, 62, 716]
q: [0, 4.0, -4.0, 9.0, -9.0, 12.0, 3.0, -3.0, -12.0, 6.0, -6.0, 0]
Q: [0, 4.0, 0.0, 9.0, 0.0, 12.0, 15.0, 12.0, 0.0, 6.0, 0.0, 0]
B: [0.0, 436.0, 439.69228939819, 469.0, 470.12168890518, 498.36127928818, 529.0, 549.4257496801999, 566.2286940948, 579.4061422924, 596.4370046605, 606.14267501344]
