Avion: 5      Iteracion: 37

Num Ruta: 34
Ingresos: 1680.206
Costos: 462.322199788
Utilidad Ruta: 1217.88380021
Costo Reducido: 128.699024902
Nodos: [105, 18, 53, 34, 26, 61, 69, 19, 54, 5, 33, 40, 68, 29, 4, 64, 39, 715]
q: [0.0, 10.0, -10.0, 8.0, 7.0, -7.0, -8.0, 7.0, -7.0, 9.0, 5.0, -9.0, -5.0, 9.0, 3.0, -9.0, -3.0, 0.0]
Q: [0.0, 10.0, 0.0, 8.0, 15.0, 8.0, 0.0, 7.0, 0.0, 9.0, 14.0, 5.0, 0.0, 9.0, 12.0, 3.0, 0.0, 0.0]
B: [0.0, 293.0, 316.8182362487, 340.28894720939996, 356.21617424359994, 373.79540221299993, 398.7821561637999, 419.3219724238999, 445.9490887153999, 469.0, 482.6981671767, 495.9883458813, 525.0007204997, 549.0, 569.7100026316, 592.5834067727, 604.8024778094, 642.5165691413999]
