Avion: 6      Iteracion: 93

Num Ruta: 69
Ingresos: 2770.927
Costos: 374.550674132
Utilidad Ruta: 2396.37632587
Costo Reducido: 67.333918132
Nodos: [106, 17, 52, 24, 9, 44, 59, 1, 36, 3, 38, 23, 35, 70, 58, 28, 31, 63, 19, 66, 54, 6, 41, 5, 40, 716]
q: [0.0, 5.0, -5.0, 4.0, 11.0, -11.0, -4.0, 7.0, -7.0, 13.0, -13.0, 10.0, 5.0, -5.0, -10.0, 6.0, 9.0, -6.0, 6.0, -9.0, -6.0, 4.0, -4.0, 0.0, 0.0, 0.0]
Q: [0.0, 5.0, 0.0, 4.0, 15.0, 4.0, 0.0, 7.0, 0.0, 13.0, 0.0, 10.0, 15.0, 10.0, 0.0, 6.0, 15.0, 9.0, 15.0, 6.0, 0.0, 4.0, 0.0, 0.0, 0.0, 0.0]
B: [0.0, 24.0, 58.8425537813, 75.400837086, 81.83771412381999, 111.36495112632, 136.42051454042, 175.0, 209.2400855285, 256.0, 261.08428175852, 267.0, 277.4634044651, 289.38614345409997, 313.15284696969997, 378.0, 406.0, 426.4968799577, 439.0326732314, 455.1338900798, 477.5520543668, 489.3430733643, 493.03536276248997, 511.42422297728996, 512.5459118824699, 519.2692659561399]
