Avion: 3      Iteracion: 51

Num Ruta: 38
Ingresos: 505.956
Costos: 174.1843032
Utilidad Ruta: 331.7716968
Costo Reducido: 18.4668294778
Nodos: [103, 11, 46, 19, 54, 6, 41, 27, 62, 713]
q: [0, 6.0, -6.0, 7.0, -7.0, 4.0, -4.0, 6.0, -6.0, 0]
Q: [0, 6.0, 0.0, 7.0, 0.0, 4.0, 0.0, 6.0, 0.0, 0]
B: [0.0, 169.0, 173.05406684701, 402.0, 428.6271162915, 440.41813528899996, 444.11042468718995, 538.0, 555.0308623681, 583.3015826454]
