Avion: 3      Iteracion: 3

Num Ruta: 6
Ingresos: 2057.36
Costos: 594.155909029
Utilidad Ruta: 1463.20409097
Costo Reducido: 720.60376629
Nodos: [103, 16, 51, 9, 44, 30, 65, 14, 49, 1, 36, 35, 70, 32, 67, 26, 61, 34, 69, 8, 33, 6, 41, 43, 13, 48, 68, 713]
q: [0.0, 9.0, -9.0, 11.0, -11.0, 11.0, -11.0, 8.0, -8.0, 7.0, -7.0, 8.0, -8.0, 11.0, -11.0, 10.0, -10.0, 8.0, -8.0, 6.0, 5.0, 4.0, -4.0, -6.0, 10.0, -10.0, -5.0, 0.0]
Q: [0.0, 9.0, 0.0, 11.0, 0.0, 11.0, 0.0, 8.0, 0.0, 7.0, 0.0, 8.0, 0.0, 11.0, 0.0, 10.0, 0.0, 8.0, 0.0, 6.0, 11.0, 15.0, 11.0, 5.0, 15.0, 5.0, 0.0, 0.0]
B: [0.0, 36.0, 45.624091437640004, 75.68094759394, 105.20818459644, 120.99608493184, 139.71010758864, 167.50604824554, 179.52776002054, 215.20948923874, 249.44957476724, 270.0, 281.922738989, 309.0, 319.4016530417, 332.1221722921, 349.7014002615, 364.6146463535, 401.0547765673, 414.0, 437.0, 463.1548069196, 466.84709631779, 479.71309880498995, 481.92377494589994, 498.80692589589995, 504.15497619483995, 507.84985170018996]
