Avion: 2      Iteracion: 12

Num Ruta: 13
Ingresos: 1608.222
Costos: 477.689317483
Utilidad Ruta: 1130.53268252
Costo Reducido: 168.891008941
Nodos: [102, 16, 51, 10, 45, 26, 61, 22, 57, 19, 54, 13, 48, 31, 66, 712]
q: [0, 9.0, -9.0, 12.0, -12.0, 10.0, -10.0, 10.0, -10.0, 7.0, -7.0, 15.0, -15.0, 9.0, -9.0, 0]
Q: [0, 9.0, 0.0, 12.0, 0.0, 10.0, 0.0, 10.0, 0.0, 7.0, 0.0, 15.0, 0.0, 9.0, 0.0, 0]
B: [0.0, 36.0, 45.624091437640004, 96.0, 125.5195107344, 300.0, 317.5792279694, 331.2134086195, 352.9680947584, 402.0, 428.6271162915, 432.85473559792, 449.73788654792, 454.19539998032, 482.52087905832, 508.41393876552]
