Avion: 5      Iteracion: 20

Num Ruta: 22
Ingresos: 400.892
Costos: 337.148905868
Utilidad Ruta: 63.7430941322
Costo Reducido: 39.1323618545
Nodos: [105, 35, 70, 32, 67, 33, 68, 715]
q: [0, 8.0, -8.0, 11.0, -11.0, 5.0, -5.0, 0]
Q: [0, 8.0, 0.0, 11.0, 0.0, 5.0, 0.0, 0]
B: [0.0, 270.0, 281.922738989, 309.0, 319.4016530417, 437.0, 478.9526650524, 522.7129914909]
