Avion: 6      Iteracion: 68

Num Ruta: 51
Ingresos: 1406.625
Costos: 356.708334785
Utilidad Ruta: 1049.91666522
Costo Reducido: 70.0910335097
Nodos: [106, 30, 65, 16, 51, 35, 70, 32, 67, 26, 61, 34, 69, 8, 33, 43, 68, 5, 40, 716]
q: [0, 11.0, -11.0, 9.0, -9.0, 8.0, -8.0, 11.0, -11.0, 10.0, -10.0, 8.0, -8.0, 8.0, 5.0, -8.0, -5.0, 9.0, -9.0, 0]
Q: [0, 11.0, 0.0, 9.0, 0.0, 8.0, 0.0, 11.0, 0.0, 10.0, 0.0, 8.0, 0.0, 8.0, 13.0, 5.0, 0.0, 9.0, 0.0, 0]
B: [0.0, 64.0, 82.7140226568, 93.53069441849999, 103.15478585614, 270.0, 281.922738989, 309.0, 319.4016530417, 332.1221722921, 349.7014002615, 364.6146463535, 401.0547765673, 414.0, 437.0, 460.2743670161, 482.23124805599997, 511.202665643, 512.3243545481799, 519.0477086218499]
