Avion: 5      Iteracion: 23

Num Ruta: 24
Ingresos: 676.468
Costos: 349.143847198
Utilidad Ruta: 327.324152802
Costo Reducido: 2.49470965467
Nodos: [105, 14, 49, 19, 33, 54, 68, 715]
q: [0, 8.0, -8.0, 7.0, 5.0, -7.0, -5.0, 0]
Q: [0, 8.0, 0.0, 7.0, 12.0, 5.0, 0.0, 0]
B: [0.0, 112.0, 124.021711775, 402.0, 438.5935603624, 460.1419541308, 482.0473989562, 525.8077253947]
