Avion: 6      Iteracion: 11

Num Ruta: 14
Ingresos: 1601.363
Costos: 369.371362726
Utilidad Ruta: 1231.99163727
Costo Reducido: 335.396253746
Nodos: [106, 30, 16, 51, 65, 1, 11, 46, 36, 35, 70, 22, 57, 19, 25, 60, 6, 41, 5, 40, 54, 27, 62, 716]
q: [0.0, 11.0, 4.0, -4.0, -11.0, 7.0, 6.0, -6.0, -7.0, 8.0, -8.0, 10.0, -10.0, 5.0, 10.0, -10.0, 4.0, -4.0, 9.0, -9.0, -5.0, 6.0, -6.0, 0.0]
Q: [0.0, 11.0, 15.0, 11.0, 0.0, 7.0, 13.0, 7.0, 0.0, 8.0, 0.0, 10.0, 0.0, 5.0, 15.0, 5.0, 9.0, 5.0, 14.0, 5.0, 0.0, 6.0, 0.0, 0.0]
B: [0.0, 64.0, 72.20259129788, 81.82668273552001, 84.69783929691, 175.0, 193.6808285951, 197.73489544211, 232.05062478011, 270.0, 281.922738989, 299.64604976889996, 321.40073590779997, 402.0, 411.3920072402, 428.57698955029997, 454.0787600379, 457.77104943609, 476.15990965089, 477.28159855607, 485.63753464965, 538.0, 555.0308623681, 564.73653272104]
