Avion: 1      Iteracion: 48

Num Ruta: 34
Ingresos: 1093.537
Costos: 327.472216001
Utilidad Ruta: 766.064783999
Costo Reducido: 29.135672673
Nodos: [101, 30, 65, 24, 59, 1, 36, 35, 70, 33, 68, 711]
q: [0, 11.0, -11.0, 11.0, -11.0, 7.0, -7.0, 8.0, -8.0, 5.0, -5.0, 0]
Q: [0, 11.0, 0.0, 11.0, 0.0, 7.0, 0.0, 8.0, 0.0, 5.0, 0.0, 0]
B: [0.0, 64.0, 82.7140226568, 107.4479935471, 145.9609438496, 175.0, 209.2400855285, 270.0, 281.922738989, 437.0, 478.9526650524, 496.1448322514]
