Avion: 4      Iteracion: 6

Num Ruta: 10
Ingresos: 3244.017
Costos: 707.93356174
Utilidad Ruta: 2536.08343826
Costo Reducido: 950.938251641
Nodos: [104, 9, 44, 30, 65, 10, 45, 3, 38, 23, 35, 70, 58, 22, 57, 19, 33, 54, 68, 21, 56, 2, 37, 29, 64, 714]
q: [0.0, 11.0, -11.0, 11.0, -11.0, 12.0, -12.0, 13.0, -13.0, 0.0, 8.0, -8.0, 0.0, 10.0, -10.0, 7.0, 5.0, -7.0, -5.0, 12.0, -12.0, 10.0, -10.0, 9.0, -9.0, 0.0]
Q: [0.0, 11.0, 0.0, 11.0, 0.0, 12.0, 0.0, 13.0, 0.0, 0.0, 8.0, 0.0, 0.0, 10.0, 0.0, 7.0, 12.0, 5.0, 0.0, 12.0, 0.0, 10.0, 0.0, 9.0, 0.0, 0.0]
B: [0.0, 57.4296024799, 86.9568394824, 102.7447398178, 121.4587624746, 140.15181276069998, 169.67132349509998, 256.0, 261.08428175852, 267.0, 277.4634044651, 289.38614345409997, 313.15284696969997, 328.9092709612, 350.6639571001, 402.0, 438.5935603624, 460.1419541308, 482.0473989562, 492.9268763334, 533.6656670126, 557.5166807437, 598.2516427911, 608.05638332821, 641.83616310841, 668.60659315721]
