Avion: 3      Iteracion: 15

Num Ruta: 17
Ingresos: 1148.363
Costos: 372.365064654
Utilidad Ruta: 775.997935346
Costo Reducido: 196.596250541
Nodos: [103, 17, 16, 51, 52, 35, 70, 19, 33, 54, 68, 713]
q: [0, 5.0, 9.0, -9.0, -5.0, 8.0, -8.0, 7.0, 5.0, -7.0, -5.0, 0]
Q: [0, 5.0, 14.0, 5.0, 0.0, 8.0, 0.0, 7.0, 12.0, 5.0, 0.0, 0]
B: [0.0, 39.7453305433, 74.54680752350001, 84.17089896114001, 98.81866773324, 270.0, 281.922738989, 402.0, 438.5935603624, 460.1419541308, 482.0473989562, 485.74227446155004]
