Avion: 3      Iteracion: 19

Num Ruta: 21
Ingresos: 469.588
Costos: 159.164888227
Utilidad Ruta: 310.423111773
Costo Reducido: 138.237627461
Nodos: [103, 11, 46, 19, 54, 27, 62, 713]
q: [0, 6.0, -6.0, 7.0, -7.0, 6.0, -6.0, 0]
Q: [0, 6.0, 0.0, 7.0, 0.0, 6.0, 0.0, 0]
B: [0.0, 169.0, 173.05406684701, 402.0, 428.6271162915, 538.0, 555.0308623681, 583.3015826454]
