Avion: 2      Iteracion: 85

Num Ruta: 51
Ingresos: 2154.828
Costos: 443.798534152
Utilidad Ruta: 1711.02946585
Costo Reducido: 41.7958229688
Nodos: [102, 16, 51, 10, 45, 26, 61, 34, 32, 67, 69, 8, 33, 43, 13, 48, 68, 20, 4, 39, 55, 2, 37, 712]
q: [0.0, 9.0, -9.0, 12.0, -12.0, 10.0, -10.0, 8.0, 7.0, -7.0, -8.0, 8.0, 5.0, -8.0, 10.0, -10.0, -5.0, 0.0, 3.0, -3.0, 0.0, 10.0, -10.0, 0.0]
Q: [0.0, 9.0, 0.0, 12.0, 0.0, 10.0, 0.0, 8.0, 15.0, 8.0, 0.0, 8.0, 13.0, 5.0, 15.0, 5.0, 0.0, 0.0, 3.0, 0.0, 0.0, 10.0, 0.0, 0.0]
B: [0.0, 36.0, 45.624091437640004, 96.0, 125.5195107344, 300.0, 317.5792279694, 332.4924740614, 352.5153919557, 362.9170449974, 393.95932985210004, 414.0, 437.0, 460.2743670161, 462.48504315700995, 479.36819410700997, 484.71624440594996, 496.0, 529.0, 549.4257496801999, 561.2869729308, 568.6172701962599, 609.35223224366, 613.46797871301]
