Avion: 3      Iteracion: 0

Num Ruta: 2
Ingresos: 3557.288
Costos: 613.185110646
Utilidad Ruta: 2944.10288935
Costo Reducido: -
Nodos: [103, 17, 30, 52, 16, 51, 65, 24, 59, 1, 11, 46, 36, 3, 38, 23, 58, 26, 61, 22, 57, 19, 54, 8, 33, 43, 6, 41, 68, 713]
q: [0.0, 5.0, 10.0, -5.0, 5.0, -5.0, -10.0, 11.0, -11.0, 7.0, 6.0, -6.0, -7.0, 13.0, -13.0, 10.0, -10.0, 10.0, -10.0, 10.0, -10.0, 7.0, -7.0, 8.0, 5.0, -8.0, 4.0, -4.0, -5.0, 0.0]
Q: [0.0, 5.0, 15.0, 10.0, 15.0, 10.0, 0.0, 11.0, 0.0, 7.0, 13.0, 7.0, 0.0, 13.0, 0.0, 10.0, 0.0, 10.0, 0.0, 10.0, 0.0, 7.0, 0.0, 8.0, 13.0, 5.0, 9.0, 5.0, 0.0, 0.0]
B: [0.0, 39.7453305433, 73.3590421503, 76.50349663399, 81.83513596913, 91.45922740677, 94.33038396815999, 119.06435485845999, 157.57730516096, 175.0, 193.6808285951, 197.73489544211, 232.05062478011, 256.0, 261.08428175852, 267.0, 306.733842905, 326.4202156791, 343.9994436485, 357.6336242986, 379.3883104375, 402.0, 428.6271162915, 446.5840757223, 460.34873053089996, 483.62309754699993, 492.8137691764299, 496.5060585746199, 527.5839193922199, 531.2787948975698]
