Avion: 5      Iteracion: 0

Num Ruta: 1
Ingresos: 812.267
Costos: 373.891778174
Utilidad Ruta: 438.375221826
Costo Reducido: -
Nodos: [105, 1, 36, 3, 38, 35, 70, 32, 67, 34, 69, 715]
q: [0, 7.0, -7.0, 13.0, -13.0, 8.0, -8.0, 11.0, -11.0, 8.0, -8.0, 0]
Q: [0, 7.0, 0.0, 13.0, 0.0, 8.0, 0.0, 11.0, 0.0, 8.0, 0.0, 0]
B: [0.0, 175.0, 209.2400855285, 256.0, 261.08428175852, 274.08526633661995, 286.00800532561993, 309.0, 319.4016530417, 346.1750898215, 382.6152200353, 401.14959828220003]
