Avion: 6      Iteracion: 32

Num Ruta: 32
Ingresos: 2665.036
Costos: 433.726320799
Utilidad Ruta: 2231.3096792
Costo Reducido: 65.5437738793
Nodos: [106, 17, 52, 24, 59, 1, 36, 35, 70, 22, 57, 19, 6, 41, 5, 40, 54, 21, 4, 56, 27, 39, 62, 716]
q: [0.0, 5.0, -5.0, 11.0, -11.0, 7.0, -7.0, 8.0, -8.0, 10.0, -10.0, 7.0, 0.0, 0.0, 8.0, -8.0, -7.0, 12.0, 3.0, -12.0, 6.0, -3.0, -6.0, 0.0]
Q: [0.0, 5.0, 0.0, 11.0, 0.0, 7.0, 0.0, 8.0, 0.0, 10.0, 0.0, 7.0, 7.0, 7.0, 15.0, 7.0, 0.0, 12.0, 15.0, 3.0, 9.0, 6.0, 0.0, 0.0]
B: [0.0, 24.0, 58.8425537813, 75.400837086, 113.9137873885, 175.0, 209.2400855285, 270.0, 281.922738989, 299.64604976889996, 321.40073590779997, 402.0, 440.0404359202, 443.73272531839, 469.0, 470.12168890518, 478.47762499876, 502.08448537876, 529.0, 558.169797411, 571.3472456086, 587.6980581878, 593.11331672272, 602.8189870756601]
