Avion: 3      Iteracion: 34

Num Ruta: 29
Ingresos: 879.717
Costos: 246.791564049
Utilidad Ruta: 632.925435951
Costo Reducido: 87.2885523527
Nodos: [103, 11, 46, 1, 36, 35, 70, 32, 67, 26, 61, 27, 62, 713]
q: [0, 6.0, -6.0, 7.0, -7.0, 8.0, -8.0, 11.0, -11.0, 10.0, -10.0, 6.0, -6.0, 0]
Q: [0, 6.0, 0.0, 7.0, 0.0, 8.0, 0.0, 11.0, 0.0, 10.0, 0.0, 6.0, 0.0, 0]
B: [0.0, 169.0, 173.05406684701, 195.72351838431, 229.96360391281002, 270.0, 281.922738989, 309.0, 319.4016530417, 332.1221722921, 349.7014002615, 538.0, 555.0308623681, 583.3015826454]
