Avion: 2      Iteracion: 14

Num Ruta: 15
Ingresos: 1805.439
Costos: 563.433857726
Utilidad Ruta: 1242.00514227
Costo Reducido: 332.798503922
Nodos: [102, 16, 51, 30, 65, 10, 45, 26, 32, 67, 34, 61, 69, 31, 33, 66, 68, 20, 4, 39, 55, 2, 37, 712]
q: [0.0, 0.0, 0.0, 11.0, -11.0, 12.0, -12.0, 0.0, 11.0, -11.0, 8.0, 0.0, -8.0, 9.0, 5.0, -9.0, -5.0, 0.0, 0.0, 0.0, 0.0, 10.0, -10.0, 0.0]
Q: [0.0, 0.0, 0.0, 11.0, 0.0, 12.0, 0.0, 0.0, 11.0, 0.0, 8.0, 8.0, 0.0, 9.0, 14.0, 5.0, 0.0, 0.0, 0.0, 0.0, 0.0, 10.0, 0.0, 0.0]
B: [0.0, 36.0, 45.624091437640004, 64.0, 82.7140226568, 101.4070729429, 130.92658367730002, 300.0, 309.0, 319.4016530417, 346.1750898215, 361.08833591350003, 386.0750898643, 413.1958339728, 450.697104258, 473.09526570040003, 504.0470565533, 514.6378390079, 529.0, 549.4257496801999, 561.2869729308, 568.6172701962599, 609.35223224366, 613.46797871301]
