Avion: 6      Iteracion: 91

Num Ruta: 67
Ingresos: 1092.831
Costos: 267.217069615
Utilidad Ruta: 825.613930385
Costo Reducido: 22.0112703388
Nodos: [106, 17, 52, 35, 70, 33, 6, 41, 68, 29, 64, 716]
q: [0, 5.0, -5.0, 8.0, -8.0, 5.0, 4.0, -4.0, -5.0, 9.0, -9.0, 0]
Q: [0, 5.0, 0.0, 8.0, 0.0, 5.0, 9.0, 5.0, 0.0, 9.0, 0.0, 0]
B: [0.0, 24.0, 58.8425537813, 270.0, 281.922738989, 437.0, 463.1548069196, 466.84709631779, 497.92495713539, 549.0, 582.7797797802, 603.1769870644999]
