Avion: 4      Iteracion: 63

Num Ruta: 56
Ingresos: 2027.834
Costos: 331.387765056
Utilidad Ruta: 1696.44623494
Costo Reducido: 34.4783099859
Nodos: [104, 17, 52, 1, 36, 23, 58, 25, 60, 29, 64, 714]
q: [0, 5.0, -5.0, 7.0, -7.0, 10.0, -10.0, 10.0, -10.0, 9.0, -9.0, 0]
Q: [0, 5.0, 0.0, 7.0, 0.0, 10.0, 0.0, 10.0, 0.0, 9.0, 0.0, 0]
B: [0.0, 24.0, 58.8425537813, 175.0, 209.2400855285, 267.0, 306.733842905, 410.0, 427.1849823101, 549.0, 582.7797797802, 609.550209829]
