Avion: 6      Iteracion: 7

Num Ruta: 10
Ingresos: 2375.192
Costos: 518.094929406
Utilidad Ruta: 1857.09707059
Costo Reducido: 543.154160985
Nodos: [106, 10, 45, 1, 11, 46, 36, 35, 70, 26, 61, 18, 53, 28, 13, 48, 63, 21, 5, 40, 56, 27, 39, 4, 62, 716]
q: [0.0, 12.0, -12.0, 7.0, 6.0, -6.0, -7.0, 8.0, -8.0, 10.0, -10.0, 10.0, -10.0, 6.0, 9.0, -9.0, -6.0, 12.0, 3.0, -3.0, -12.0, 6.0, -3.0, 3.0, -6.0, 0.0]
Q: [0.0, 12.0, 0.0, 7.0, 13.0, 7.0, 0.0, 8.0, 0.0, 10.0, 0.0, 10.0, 0.0, 6.0, 15.0, 6.0, 0.0, 12.0, 15.0, 12.0, 0.0, 6.0, 3.0, 6.0, 0.0, 0.0]
B: [0.0, 96.0, 125.5195107344, 175.0, 193.6808285951, 197.73489544211, 232.05062478011, 270.0, 281.922738989, 300.0, 317.5792279694, 340.8578987218, 364.67613497049996, 378.0, 423.0, 439.88315095, 462.92158097460003, 477.0, 505.61812322640003, 506.73981213158004, 529.48246081198, 542.65990900958, 559.01072158878, 579.4364712689801, 595.5236719266801, 605.2293422796201]
