Avion: 1      Iteracion: 107

Num Ruta: 56
Ingresos: 1602.323
Costos: 318.916366194
Utilidad Ruta: 1283.40663381
Costo Reducido: 6.86966483854
Nodos: [101, 30, 65, 24, 59, 1, 36, 23, 58, 27, 62, 711]
q: [0, 11.0, -11.0, 11.0, -11.0, 7.0, -7.0, 10.0, -10.0, 6.0, -6.0, 0]
Q: [0, 11.0, 0.0, 11.0, 0.0, 7.0, 0.0, 10.0, 0.0, 6.0, 0.0, 0]
B: [0.0, 64.0, 82.7140226568, 107.4479935471, 145.9609438496, 175.0, 209.2400855285, 267.0, 306.733842905, 538.0, 555.0308623681, 569.1482535223]
