Avion: 4      Iteracion: 88

Num Ruta: 71
Ingresos: 2267.06
Costos: 405.569536636
Utilidad Ruta: 1861.49046336
Costo Reducido: 53.9952568107
Nodos: [104, 17, 52, 9, 44, 18, 53, 31, 66, 19, 54, 2, 37, 29, 64, 714]
q: [0, 5.0, -5.0, 11.0, -11.0, 10.0, -10.0, 9.0, -9.0, 7.0, -7.0, 10.0, -10.0, 9.0, -9.0, 0]
Q: [0, 5.0, 0.0, 11.0, 0.0, 10.0, 0.0, 9.0, 0.0, 7.0, 0.0, 10.0, 0.0, 9.0, 0.0, 0]
B: [0.0, 24.0, 58.8425537813, 81.72911018459999, 111.25634718709999, 293.0, 316.8182362487, 406.0, 434.325479078, 450.4266959264, 477.0538122179, 522.0, 562.7349620474, 572.53970258451, 606.31948236471, 633.08991241351]
