Avion: 2      Iteracion: 73

Num Ruta: 47
Ingresos: 2631.92
Costos: 515.928571455
Utilidad Ruta: 2115.99142854
Costo Reducido: 119.464796124
Nodos: [102, 16, 51, 26, 34, 61, 22, 57, 69, 8, 33, 43, 13, 48, 68, 21, 20, 56, 55, 2, 37, 712]
q: [0.0, 9.0, -9.0, 10.0, 5.0, -10.0, 10.0, -10.0, -5.0, 8.0, 5.0, -8.0, 0.0, 0.0, -5.0, 12.0, 0.0, -12.0, 0.0, 10.0, -10.0, 0.0]
Q: [0.0, 9.0, 0.0, 10.0, 15.0, 5.0, 15.0, 5.0, 0.0, 8.0, 13.0, 5.0, 5.0, 5.0, 0.0, 12.0, 12.0, 0.0, 0.0, 10.0, 0.0, 0.0]
B: [0.0, 36.0, 45.624091437640004, 300.0, 322.0, 336.913246092, 350.5474267421, 372.302112881, 382.8923632085, 414.0, 437.0, 460.2743670161, 462.48504315700995, 479.36819410700997, 484.71624440594996, 495.59572178314994, 500.3451281671099, 536.7704198886099, 557.3698405115099, 564.7001377769699, 605.4350998243699, 609.5508462937199]
