Avion: 1      Iteracion: 35

Num Ruta: 29
Ingresos: 1300.927
Costos: 411.850489779
Utilidad Ruta: 889.076510221
Costo Reducido: 113.52034732
Nodos: [101, 24, 59, 1, 36, 35, 70, 32, 67, 34, 69, 19, 54, 711]
q: [0, 11.0, -11.0, 7.0, -7.0, 8.0, -8.0, 11.0, -11.0, 8.0, -8.0, 7.0, -7.0, 0]
Q: [0, 11.0, 0.0, 7.0, 0.0, 8.0, 0.0, 11.0, 0.0, 8.0, 0.0, 7.0, 0.0, 0]
B: [0.0, 61.0, 99.5129503025, 175.0, 209.2400855285, 270.0, 281.922738989, 309.0, 319.4016530417, 346.1750898215, 382.6152200353, 403.1550362954, 429.7821525869, 434.5276795334]
