Avion: 1      Iteracion: 70

Num Ruta: 43
Ingresos: 1436.739
Costos: 441.566436313
Utilidad Ruta: 995.172563687
Costo Reducido: 108.990059606
Nodos: [101, 17, 52, 16, 51, 33, 68, 27, 62, 2, 37, 711]
q: [0, 5.0, -5.0, 9.0, -9.0, 5.0, -5.0, 6.0, -6.0, 10.0, -10.0, 0]
Q: [0, 5.0, 0.0, 9.0, 0.0, 5.0, 0.0, 6.0, 0.0, 10.0, 0.0, 0]
B: [0.0, 24.0, 58.8425537813, 64.17419311644, 73.79828455408, 437.0, 478.9526650524, 538.0, 555.0308623681, 566.4829354555, 607.2178975029, 624.1675646973]
