Avion: 3      Iteracion: 7

Num Ruta: 10
Ingresos: 1397.075
Costos: 423.245642634
Utilidad Ruta: 973.829357366
Costo Reducido: 359.682366062
Nodos: [103, 14, 49, 11, 46, 1, 36, 35, 70, 32, 67, 26, 61, 8, 33, 6, 41, 43, 13, 48, 68, 713]
q: [0.0, 8.0, -8.0, 6.0, -6.0, 7.0, -7.0, 8.0, -8.0, 11.0, -11.0, 10.0, -10.0, 8.0, 3.0, 4.0, -4.0, -8.0, 12.0, -12.0, -3.0, 0.0]
Q: [0.0, 8.0, 0.0, 6.0, 0.0, 7.0, 0.0, 8.0, 0.0, 11.0, 0.0, 10.0, 0.0, 8.0, 11.0, 15.0, 11.0, 3.0, 15.0, 3.0, 0.0, 0.0]
B: [0.0, 112.0, 124.021711775, 169.0, 173.05406684701, 195.72351838431, 229.96360391281002, 270.0, 281.922738989, 309.0, 319.4016530417, 332.1221722921, 349.7014002615, 414.0, 437.0, 463.1548069196, 466.84709631779, 479.71309880498995, 481.92377494589994, 498.80692589589995, 504.15497619483995, 507.84985170018996]
