Avion: 6      Iteracion: 14

Num Ruta: 17
Ingresos: 257.769
Costos: 159.743186615
Utilidad Ruta: 98.0258133855
Costo Reducido: 84.6639279239
Nodos: [106, 31, 66, 716]
q: [0, 9.0, -9.0, 0]
Q: [0, 9.0, 0.0, 0]
B: [0.0, 406.0, 434.325479078, 448.8109229442]
