Avion: 6      Iteracion: 0

Num Ruta: 1
Ingresos: 1105.732
Costos: 239.20122221
Utilidad Ruta: 866.53077779
Costo Reducido: -
Nodos: [106, 17, 52, 5, 40, 27, 62, 2, 37, 716]
q: [0, 5.0, -5.0, 9.0, -9.0, 6.0, -6.0, 10.0, -10.0, 0]
Q: [0, 5.0, 0.0, 9.0, 0.0, 6.0, 0.0, 10.0, 0.0, 0]
B: [0.0, 24.0, 58.8425537813, 469.0, 470.12168890518, 538.0, 555.0308623681, 566.4829354555, 607.2178975029, 627.6435349715]
