Avion: 4      Iteracion: 28

Num Ruta: 30
Ingresos: 2392.719
Costos: 436.778069519
Utilidad Ruta: 1955.94093048
Costo Reducido: 74.2655115774
Nodos: [104, 17, 52, 35, 70, 32, 67, 33, 68, 21, 56, 2, 37, 29, 64, 714]
q: [0, 5.0, -5.0, 8.0, -8.0, 11.0, -11.0, 5.0, -5.0, 12.0, -12.0, 10.0, -10.0, 9.0, -9.0, 0]
Q: [0, 5.0, 0.0, 8.0, 0.0, 11.0, 0.0, 5.0, 0.0, 12.0, 0.0, 10.0, 0.0, 9.0, 0.0, 0]
B: [0.0, 24.0, 58.8425537813, 270.0, 281.922738989, 309.0, 319.4016530417, 437.0, 478.9526650524, 489.83214242959997, 530.5709331088, 554.4219468399, 595.1569088873, 604.96164942441, 638.74142920461, 665.51185925341]
