Avion: 7      Iteracion: 62

Num Ruta: 44
Ingresos: 1252.22
Costos: 131.158036692
Utilidad Ruta: 1121.06196331
Costo Reducido: 26.0980856169
Nodos: [107, 14, 49, 3, 38, 23, 58, 22, 57, 717]
q: [0, 8.0, -8.0, 13.0, -13.0, 10.0, -10.0, 10.0, -10.0, 0]
Q: [0, 8.0, 0.0, 13.0, 0.0, 10.0, 0.0, 10.0, 0.0, 0]
B: [0.0, 112.0, 124.021711775, 256.0, 261.08428175852, 267.0, 306.733842905, 322.49026689650003, 344.24495303540004, 346.21174178867005]
