Avion: 5      Iteracion: 17

Num Ruta: 19
Ingresos: 257.769
Costos: 236.212357197
Utilidad Ruta: 21.5566428032
Costo Reducido: 25.7559399554
Nodos: [105, 31, 66, 715]
q: [0, 9.0, -9.0, 0]
Q: [0, 9.0, 0.0, 0]
B: [0.0, 406.0, 434.325479078, 448.0782228406]
