Avion: 6      Iteracion: 83

Num Ruta: 60
Ingresos: 2598.722
Costos: 522.534405775
Utilidad Ruta: 2076.18759423
Costo Reducido: 32.0477476229
Nodos: [106, 17, 30, 52, 16, 51, 65, 24, 59, 1, 36, 35, 70, 32, 67, 34, 69, 19, 54, 6, 41, 5, 40, 33, 68, 29, 4, 39, 64, 716]
q: [0.0, 5.0, 6.0, -5.0, 9.0, -9.0, -6.0, 11.0, -11.0, 7.0, -7.0, 8.0, -8.0, 11.0, -11.0, 8.0, -8.0, 7.0, -7.0, 0.0, 0.0, 9.0, -9.0, 5.0, -5.0, 9.0, 3.0, -3.0, -9.0, 0.0]
Q: [0.0, 5.0, 11.0, 6.0, 15.0, 6.0, 0.0, 11.0, 0.0, 7.0, 0.0, 8.0, 0.0, 11.0, 0.0, 8.0, 0.0, 7.0, 0.0, 0.0, 0.0, 9.0, 0.0, 5.0, 0.0, 9.0, 12.0, 9.0, 0.0, 0.0]
B: [0.0, 24.0, 64.0, 67.14445448369, 72.47609381883, 82.10018525647, 84.97134181786, 109.70531270816, 148.21826301066, 175.0, 209.2400855285, 270.0, 281.922738989, 309.0, 319.4016530417, 346.1750898215, 382.6152200353, 403.1550362954, 429.7821525869, 441.5731715844, 445.26546098258996, 469.0, 470.12168890518, 483.41186760978, 525.3645326621801, 549.0, 569.7100026316, 590.1357523117999, 602.3548233485, 622.7520306327999]
