Avion: 3      Iteracion: 77

Num Ruta: 49
Ingresos: 2122.732
Costos: 379.078789376
Utilidad Ruta: 1743.65321062
Costo Reducido: 32.4200057952
Nodos: [103, 11, 46, 23, 35, 70, 26, 61, 58, 34, 69, 8, 33, 43, 13, 48, 68, 29, 64, 713]
q: [0.0, 6.0, -6.0, 10.0, 5.0, -5.0, 5.0, -5.0, -10.0, 8.0, -8.0, 8.0, 5.0, -8.0, 10.0, -10.0, -5.0, 9.0, -9.0, 0.0]
Q: [0.0, 6.0, 0.0, 10.0, 15.0, 10.0, 15.0, 10.0, 0.0, 8.0, 0.0, 8.0, 13.0, 5.0, 15.0, 5.0, 0.0, 9.0, 0.0, 0.0]
B: [0.0, 169.0, 173.05406684701, 267.0, 277.4634044651, 289.38614345409997, 303.7370056233, 321.3162335927, 324.38330597528, 338.64225299108, 375.08238320488, 414.0, 437.0, 460.2743670161, 462.48504315700995, 479.36819410700997, 484.71624440594996, 549.0, 582.7797797802, 609.1306994036]
