Avion: 3      Iteracion: 2

Num Ruta: 5
Ingresos: 899.879
Costos: 342.922859211
Utilidad Ruta: 556.95614079
Costo Reducido: 385.129953192
Nodos: [103, 24, 59, 22, 57, 29, 64, 713]
q: [0, 11.0, -11.0, 10.0, -10.0, 9.0, -9.0, 0]
Q: [0, 11.0, 0.0, 10.0, 0.0, 9.0, 0.0, 0]
B: [0.0, 61.0, 99.5129503025, 299.0, 320.7546861389, 549.0, 582.7797797802, 609.1306994036]
