Avion: 3      Iteracion: 75

Num Ruta: 48
Ingresos: 2496.45
Costos: 369.691147477
Utilidad Ruta: 2126.75885252
Costo Reducido: 8.78419207418
Nodos: [103, 11, 46, 3, 38, 23, 35, 70, 32, 67, 26, 61, 58, 34, 69, 8, 33, 43, 13, 48, 68, 21, 56, 27, 62, 713]
q: [0.0, 6.0, -6.0, 13.0, -13.0, 5.0, 8.0, -8.0, 10.0, -10.0, 10.0, -10.0, -5.0, 8.0, -8.0, 8.0, 5.0, -8.0, 10.0, -10.0, -5.0, 12.0, -12.0, 6.0, -6.0, 0.0]
Q: [0.0, 6.0, 0.0, 13.0, 0.0, 5.0, 13.0, 5.0, 15.0, 5.0, 15.0, 5.0, 0.0, 8.0, 0.0, 8.0, 13.0, 5.0, 15.0, 5.0, 0.0, 12.0, 0.0, 6.0, 0.0, 0.0]
B: [0.0, 169.0, 173.05406684701, 256.0, 261.08428175852, 267.0, 277.4634044651, 289.38614345409997, 309.0, 319.4016530417, 332.1221722921, 349.7014002615, 352.76847264408, 367.02741965988, 403.46754987368, 414.0, 437.0, 460.2743670161, 462.48504315700995, 479.36819410700997, 484.71624440594996, 495.59572178314994, 536.33451246235, 549.51196065995, 566.54282302805, 594.81354330535]
