Avion: 5      Iteracion: 66

Num Ruta: 51
Ingresos: 1041.582
Costos: 272.500022947
Utilidad Ruta: 769.081977053
Costo Reducido: 4.50271638068
Nodos: [105, 18, 53, 28, 31, 63, 19, 54, 66, 715]
q: [0.0, 10.0, -10.0, 6.0, 8.0, -6.0, 7.0, -7.0, -8.0, 0.0]
Q: [0.0, 10.0, 0.0, 6.0, 14.0, 8.0, 15.0, 8.0, 0.0, 0.0]
B: [0.0, 293.0, 316.8182362487, 378.0, 406.0, 426.4968799577, 439.0326732314, 465.6597895229, 488.0779538099, 501.8306975725]
