Avion: 2      Iteracion: 88

Num Ruta: 52
Ingresos: 2451.917
Costos: 543.685199291
Utilidad Ruta: 1908.23180071
Costo Reducido: 14.7337623916
Nodos: [102, 16, 51, 24, 59, 10, 45, 26, 34, 61, 22, 69, 57, 19, 54, 13, 48, 31, 66, 20, 4, 39, 55, 2, 37, 712]
q: [0.0, 9.0, -9.0, 11.0, -11.0, 12.0, -12.0, 0.0, 8.0, 0.0, 7.0, -8.0, -7.0, 7.0, -7.0, 15.0, -15.0, 9.0, -9.0, 0.0, 3.0, -3.0, 0.0, 10.0, -10.0, 0.0]
Q: [0.0, 9.0, 0.0, 11.0, 0.0, 12.0, 0.0, 0.0, 8.0, 8.0, 15.0, 7.0, 0.0, 7.0, 0.0, 15.0, 0.0, 9.0, 0.0, 0.0, 3.0, 0.0, 0.0, 10.0, 0.0, 0.0]
B: [0.0, 36.0, 45.624091437640004, 70.85029051714, 109.36324081964, 121.14917149994, 150.66868223434, 300.0, 322.0, 336.913246092, 350.5474267421, 365.1165933964, 375.70684372389996, 402.0, 428.6271162915, 432.85473559792, 449.73788654792, 454.19539998032, 482.52087905832, 503.30091197452003, 529.0, 549.4257496801999, 561.2869729308, 568.6172701962599, 609.35223224366, 613.46797871301]
