Avion: 5      Iteracion: 70

Num Ruta: 54
Ingresos: 1497.058
Costos: 395.098136301
Utilidad Ruta: 1101.9598637
Costo Reducido: 37.5126080148
Nodos: [105, 18, 35, 70, 26, 61, 53, 28, 63, 25, 19, 60, 54, 5, 33, 40, 68, 715]
q: [0.0, 5.0, 8.0, -8.0, 10.0, -10.0, -5.0, 6.0, -6.0, 8.0, 7.0, -8.0, -7.0, 9.0, 5.0, -9.0, -5.0, 0.0]
Q: [0.0, 5.0, 13.0, 5.0, 15.0, 5.0, 0.0, 6.0, 0.0, 8.0, 15.0, 7.0, 0.0, 9.0, 14.0, 5.0, 0.0, 0.0]
B: [0.0, 293.0, 305.7525351989, 317.67527418789996, 332.0261363571, 349.60536432649997, 361.0401537867, 378.0, 414.0266187839, 417.35999740026, 426.75200464046, 443.42489632125995, 460.21175275715996, 469.0, 482.6981671767, 495.9883458813, 525.0007204997, 568.7610469382]
