Avion: 2      Iteracion: 31

Num Ruta: 28
Ingresos: 1520.175
Costos: 493.28254463
Utilidad Ruta: 1026.89245537
Costo Reducido: 111.527547995
Nodos: [102, 16, 51, 10, 45, 26, 32, 67, 34, 61, 69, 19, 8, 33, 54, 43, 13, 48, 68, 20, 4, 39, 55, 2, 37, 712]
q: [0.0, 9.0, -9.0, 12.0, -12.0, 4.0, 11.0, -11.0, 8.0, -4.0, -8.0, 7.0, 3.0, 5.0, -7.0, -3.0, 0.0, 0.0, -5.0, 0.0, 3.0, -3.0, 0.0, 0.0, 0.0, 0.0]
Q: [0.0, 9.0, 0.0, 12.0, 0.0, 4.0, 15.0, 4.0, 12.0, 8.0, 0.0, 7.0, 10.0, 15.0, 8.0, 5.0, 5.0, 5.0, 0.0, 0.0, 3.0, 0.0, 0.0, 0.0, 0.0, 0.0]
B: [0.0, 36.0, 45.624091437640004, 96.0, 125.5195107344, 300.0, 309.0, 319.4016530417, 346.1750898215, 361.08833591350003, 386.0750898643, 406.6149061244, 429.7757876707, 443.54044247930005, 465.08883624770004, 468.01695543926, 470.22763158017, 487.11078253017, 492.45883282911, 503.04961528371, 529.0, 549.4257496801999, 561.2869729308, 568.6172701962599, 609.35223224366, 613.46797871301]
