Avion: 2      Iteracion: 16

Num Ruta: 17
Ingresos: 1208.652
Costos: 465.592176984
Utilidad Ruta: 743.059823016
Costo Reducido: 153.758222075
Nodos: [102, 16, 51, 17, 30, 52, 65, 10, 45, 26, 61, 13, 48, 31, 66, 712]
q: [0.0, 9.0, -9.0, 5.0, 10.0, -5.0, -10.0, 12.0, -12.0, 0.0, 0.0, 15.0, -15.0, 9.0, -9.0, 0.0]
Q: [0.0, 9.0, 0.0, 5.0, 15.0, 10.0, 0.0, 12.0, 0.0, 0.0, 0.0, 15.0, 0.0, 9.0, 0.0, 0.0]
B: [0.0, 36.0, 45.624091437640004, 78.34191948294, 111.95563108994, 115.10008557363, 131.19803109473, 149.89108138083, 179.41059211523, 300.0, 317.5792279694, 423.0, 439.88315095, 444.3406643824, 472.6661434604, 498.5592031676]
