Avion: 3      Iteracion: 62

Num Ruta: 42
Ingresos: 1722.325
Costos: 373.700140795
Utilidad Ruta: 1348.62485921
Costo Reducido: 16.2465369095
Nodos: [103, 11, 46, 1, 36, 23, 35, 70, 32, 67, 26, 34, 58, 61, 69, 8, 33, 6, 41, 43, 13, 48, 68, 713]
q: [0.0, 6.0, -6.0, 7.0, -7.0, 4.0, 8.0, -8.0, 11.0, -11.0, 3.0, 8.0, -4.0, -3.0, -8.0, 6.0, 5.0, 4.0, -4.0, -6.0, 10.0, -10.0, -5.0, 0.0]
Q: [0.0, 6.0, 0.0, 7.0, 0.0, 4.0, 12.0, 4.0, 15.0, 4.0, 7.0, 15.0, 11.0, 8.0, 0.0, 6.0, 11.0, 15.0, 11.0, 5.0, 15.0, 5.0, 0.0, 0.0]
B: [0.0, 169.0, 173.05406684701, 195.72351838431, 229.96360391281002, 267.0, 277.4634044651, 289.38614345409997, 309.0, 319.4016530417, 332.1221722921, 348.0493993263, 362.3083463421, 365.37541872468, 390.36217267548, 414.0, 437.0, 463.1548069196, 466.84709631779, 479.71309880498995, 481.92377494589994, 498.80692589589995, 504.15497619483995, 507.84985170018996]
