Avion: 5      Iteracion: 86

Num Ruta: 63
Ingresos: 1487.083
Costos: 509.296419354
Utilidad Ruta: 977.786580646
Costo Reducido: 40.9378288846
Nodos: [105, 30, 16, 51, 65, 24, 59, 34, 32, 67, 69, 33, 13, 48, 68, 29, 27, 64, 62, 715]
q: [0.0, 11.0, 4.0, -4.0, -11.0, 11.0, -11.0, 8.0, 7.0, -7.0, -8.0, 5.0, 10.0, -10.0, -5.0, 9.0, 6.0, -9.0, -6.0, 0.0]
Q: [0.0, 11.0, 15.0, 11.0, 0.0, 11.0, 0.0, 8.0, 15.0, 8.0, 0.0, 5.0, 15.0, 5.0, 0.0, 9.0, 15.0, 6.0, 0.0, 0.0]
B: [0.0, 64.0, 72.20259129788, 81.82668273552001, 84.69783929691, 109.43181018721, 147.94476048971, 322.0, 342.0229178943, 352.424570936, 383.46685579070004, 437.0, 462.372931896, 479.256082846, 484.60413314494, 549.0, 574.6018082369, 582.8182362320799, 598.26561380888, 630.9205388585799]
