Avion: 6      Iteracion: 15

Num Ruta: 18
Ingresos: 768.253
Costos: 198.59260653
Utilidad Ruta: 569.66039347
Costo Reducido: 176.090122843
Nodos: [106, 1, 36, 35, 70, 19, 54, 5, 40, 716]
q: [0, 7.0, -7.0, 8.0, -8.0, 7.0, -7.0, 9.0, -9.0, 0]
Q: [0, 7.0, 0.0, 8.0, 0.0, 7.0, 0.0, 9.0, 0.0, 0]
B: [0.0, 175.0, 209.2400855285, 270.0, 281.922738989, 402.0, 428.6271162915, 469.0, 470.12168890518, 476.84504297885]
