Avion: 3      Iteracion: 17

Num Ruta: 19
Ingresos: 911.286
Costos: 192.522174036
Utilidad Ruta: 718.763825964
Costo Reducido: 189.47036772
Nodos: [103, 11, 46, 25, 60, 21, 56, 713]
q: [0, 6.0, -6.0, 10.0, -10.0, 12.0, -12.0, 0]
Q: [0, 6.0, 0.0, 10.0, 0.0, 12.0, 0.0, 0]
B: [0.0, 169.0, 173.05406684701, 410.0, 427.1849823101, 477.0, 517.7387906792, 548.8965365058999]
