Avion: 6      Iteracion: 104

Num Ruta: 76
Ingresos: 1897.965
Costos: 388.737591478
Utilidad Ruta: 1509.22740852
Costo Reducido: 49.3217491099
Nodos: [106, 17, 30, 52, 16, 51, 65, 35, 70, 32, 67, 26, 34, 61, 69, 33, 6, 41, 5, 40, 68, 29, 4, 64, 39, 716]
q: [0.0, 5.0, 6.0, -5.0, 9.0, -9.0, -6.0, 8.0, -8.0, 11.0, -11.0, 7.0, 8.0, -7.0, -8.0, 5.0, 4.0, -4.0, 9.0, -9.0, -5.0, 9.0, 3.0, -9.0, -3.0, 0.0]
Q: [0.0, 5.0, 11.0, 6.0, 15.0, 6.0, 0.0, 8.0, 0.0, 11.0, 0.0, 7.0, 15.0, 8.0, 0.0, 5.0, 9.0, 5.0, 14.0, 5.0, 0.0, 9.0, 12.0, 3.0, 0.0, 0.0]
B: [0.0, 24.0, 64.0, 67.14445448369, 72.47609381883, 82.10018525647, 84.97134181786, 270.0, 281.922738989, 309.0, 319.4016530417, 332.1221722921, 348.0493993263, 362.9626454183, 387.9493993691, 437.0, 463.1548069196, 466.84709631779, 485.23595653258997, 486.35764543777, 515.37002005617, 549.0, 569.7100026316, 592.5834067727, 604.8024778094, 619.4795926485]
