Avion: 4      Iteracion: 34

Num Ruta: 35
Ingresos: 1279.597
Costos: 257.313414033
Utilidad Ruta: 1022.28358597
Costo Reducido: 63.2230033481
Nodos: [104, 17, 52, 22, 57, 25, 60, 29, 64, 714]
q: [0, 5.0, -5.0, 10.0, -10.0, 10.0, -10.0, 9.0, -9.0, 0]
Q: [0, 5.0, 0.0, 10.0, 0.0, 10.0, 0.0, 9.0, 0.0, 0]
B: [0.0, 24.0, 58.8425537813, 299.0, 320.7546861389, 410.0, 427.1849823101, 549.0, 582.7797797802, 609.550209829]
