Avion: 5      Iteracion: 8

Num Ruta: 11
Ingresos: 261.123
Costos: 306.438706361
Utilidad Ruta: -45.3157063609
Costo Reducido: 113.701516205
Nodos: [105, 16, 51, 10, 45, 715]
q: [0, 9.0, -9.0, 12.0, -12.0, 0]
Q: [0, 9.0, 0.0, 12.0, 0.0, 0]
B: [0.0, 36.0, 45.624091437640004, 96.0, 125.5195107344, 175.6069678968]
