Avion: 1      Iteracion: 34

Num Ruta: 28
Ingresos: 710.657
Costos: 313.486617556
Utilidad Ruta: 397.170382444
Costo Reducido: 37.3678260484
Nodos: [101, 1, 36, 22, 57, 711]
q: [0, 7.0, -7.0, 10.0, -10.0, 0]
Q: [0, 7.0, 0.0, 10.0, 0.0, 0]
B: [0.0, 175.0, 209.2400855285, 299.0, 320.7546861389, 347.7359965963]
