Avion: 7      Iteracion: 0

Num Ruta: 1
Ingresos: 1136.843
Costos: 456.777936826
Utilidad Ruta: 680.065063174
Costo Reducido: -
Nodos: [107, 10, 14, 49, 45, 22, 57, 26, 61, 28, 63, 717]
q: [0.0, 12.0, 3.0, -3.0, -12.0, 10.0, -10.0, 10.0, -10.0, 6.0, -6.0, 0.0]
Q: [0.0, 12.0, 15.0, 12.0, 0.0, 10.0, 0.0, 10.0, 0.0, 6.0, 0.0, 0.0]
B: [0.0, 96.0, 123.8098495501, 135.83156132509998, 181.3546435582, 299.0, 320.7546861389, 357.0876895518, 374.6669175212, 385.0748345558, 421.1014533397, 452.2087404763]
