Avion: 6      Iteracion: 1

Num Ruta: 4
Ingresos: 3637.98
Costos: 582.493897864
Utilidad Ruta: 3055.48610214
Costo Reducido: 2085.78786697
Nodos: [106, 16, 51, 9, 44, 14, 49, 3, 38, 23, 35, 70, 58, 34, 61, 26, 32, 67, 69, 8, 19, 54, 43, 21, 5, 40, 56, 2, 62, 27, 37, 716]
q: [0.0, 9.0, -9.0, 11.0, -11.0, 8.0, -8.0, 13.0, -13.0, 10.0, 5.0, -5.0, -10.0, 8.0, -8.0, 8.0, 7.0, -7.0, -8.0, 8.0, 7.0, -7.0, -8.0, 12.0, 3.0, -3.0, -12.0, 10.0, -6.0, 6.0, -10.0, 0.0]
Q: [0.0, 9.0, 0.0, 11.0, 0.0, 8.0, 0.0, 13.0, 0.0, 10.0, 15.0, 10.0, 0.0, 8.0, 0.0, 8.0, 15.0, 8.0, 0.0, 8.0, 15.0, 8.0, 0.0, 12.0, 15.0, 12.0, 0.0, 10.0, 4.0, 10.0, 0.0, 0.0]
B: [0.0, 36.0, 45.624091437640004, 75.68094759394, 105.20818459644, 115.46499131194001, 127.48670308694001, 256.0, 261.08428175852, 267.0, 277.4634044651, 289.38614345409997, 313.15284696969997, 327.41179398549997, 342.3250400775, 359.9042680469, 364.01584973768996, 374.41750277938996, 405.45978763408993, 414.0, 437.1608815463, 463.7879978378, 466.71611702935996, 491.68028873606, 520.29841196246, 521.42010086764, 544.16274954804, 568.01376327914, 579.46583636654, 596.49669873464, 621.4623506988399, 641.88798816744]
