Avion: 4      Iteracion: 59

Num Ruta: 53
Ingresos: 1574.255
Costos: 335.03356734
Utilidad Ruta: 1239.22143266
Costo Reducido: 41.0884680603
Nodos: [104, 17, 52, 9, 44, 18, 35, 70, 53, 31, 66, 25, 60, 29, 64, 714]
q: [0.0, 5.0, -5.0, 11.0, -11.0, 10.0, 5.0, -5.0, -10.0, 9.0, -9.0, 10.0, -10.0, 9.0, -9.0, 0.0]
Q: [0.0, 5.0, 0.0, 11.0, 0.0, 10.0, 15.0, 10.0, 0.0, 9.0, 0.0, 10.0, 0.0, 9.0, 0.0, 0.0]
B: [0.0, 24.0, 58.8425537813, 81.72911018459999, 111.25634718709999, 293.0, 305.7525351989, 317.67527418789996, 347.44685300059996, 406.0, 434.325479078, 459.752616235, 476.9375985451, 549.0, 582.7797797802, 609.550209829]
