Avion: 5      Iteracion: 87

Num Ruta: 64
Ingresos: 866.302
Costos: 264.317469937
Utilidad Ruta: 601.984530063
Costo Reducido: 30.9964411365
Nodos: [105, 18, 53, 28, 63, 19, 31, 54, 66, 715]
q: [0.0, 0.0, 0.0, 6.0, -6.0, 7.0, 8.0, -7.0, -8.0, 0.0]
Q: [0.0, 0.0, 0.0, 6.0, 0.0, 7.0, 15.0, 8.0, 0.0, 0.0]
B: [0.0, 293.0, 316.8182362487, 378.0, 414.0266187839, 426.5624120576, 447.9874166317, 465.0934560623, 487.5116203493, 501.2643641119]
