Avion: 1      Iteracion: 61

Num Ruta: 40
Ingresos: 2674.936
Costos: 422.480641155
Utilidad Ruta: 2252.45535884
Costo Reducido: 50.3705271732
Nodos: [101, 30, 65, 24, 59, 1, 36, 35, 70, 22, 57, 8, 19, 54, 43, 21, 4, 56, 27, 39, 62, 711]
q: [0, 11.0, -11.0, 11.0, -11.0, 7.0, -7.0, 8.0, -8.0, 10.0, -10.0, 8.0, 7.0, -7.0, -8.0, 12.0, 3.0, -12.0, 6.0, -3.0, -6.0, 0]
Q: [0, 11.0, 0.0, 11.0, 0.0, 7.0, 0.0, 8.0, 0.0, 10.0, 0.0, 8.0, 15.0, 8.0, 0.0, 12.0, 15.0, 3.0, 9.0, 6.0, 0.0, 0]
B: [0.0, 64.0, 82.7140226568, 107.4479935471, 145.9609438496, 175.0, 209.2400855285, 270.0, 281.922738989, 299.64604976889996, 321.40073590779997, 414.0, 437.1608815463, 463.7879978378, 466.71611702935996, 491.68028873606, 529.0, 558.169797411, 571.3472456086, 587.6980581878, 593.11331672272, 607.2307078769201]
