Avion: 2      Iteracion: 22

Num Ruta: 21
Ingresos: 1237.057
Costos: 504.71281754
Utilidad Ruta: 732.34418246
Costo Reducido: 203.52247937
Nodos: [102, 16, 51, 9, 24, 44, 59, 10, 45, 26, 61, 32, 67, 33, 13, 48, 68, 712]
q: [0.0, 9.0, -9.0, 4.0, 11.0, -4.0, -11.0, 12.0, -12.0, 10.0, -10.0, 11.0, -11.0, 5.0, 10.0, -10.0, -5.0, 0.0]
Q: [0.0, 9.0, 0.0, 4.0, 15.0, 11.0, 0.0, 12.0, 0.0, 10.0, 0.0, 11.0, 0.0, 5.0, 15.0, 5.0, 0.0, 0.0]
B: [0.0, 36.0, 45.624091437640004, 75.68094759394, 82.11782463176, 106.25807452686, 131.31363794096, 143.09956862126, 172.61907935566, 300.0, 317.5792279694, 337.6304130715, 348.0320661132, 437.0, 462.372931896, 479.256082846, 484.60413314494, 494.93341317794]
