Avion: 2      Iteracion: 40

Num Ruta: 35
Ingresos: 1512.961
Costos: 544.175578153
Utilidad Ruta: 968.785421847
Costo Reducido: 55.6525861751
Nodos: [102, 16, 51, 32, 26, 61, 34, 67, 69, 8, 33, 43, 13, 48, 68, 29, 27, 62, 64, 712]
q: [0.0, 0.0, 0.0, 7.0, 8.0, -8.0, 8.0, -7.0, -8.0, 8.0, 5.0, -8.0, 10.0, -10.0, -5.0, 9.0, 6.0, -6.0, -9.0, 0.0]
Q: [0.0, 0.0, 0.0, 7.0, 15.0, 7.0, 15.0, 8.0, 0.0, 8.0, 13.0, 5.0, 15.0, 5.0, 0.0, 9.0, 15.0, 9.0, 0.0, 0.0]
B: [0.0, 36.0, 45.624091437640004, 309.0, 313.11158169079, 330.69080966019, 345.60405575219, 372.37749253199, 403.41977738669004, 414.0, 437.0, 460.2743670161, 462.48504315700995, 479.36819410700997, 484.71624440594996, 549.0, 574.6018082369, 591.6326706049999, 607.0800481818, 643.5660336556999]
