Avion: 4      Iteracion: 42

Num Ruta: 43
Ingresos: 2387.017
Costos: 551.11595608
Utilidad Ruta: 1835.90104392
Costo Reducido: 47.1474441315
Nodos: [104, 24, 9, 44, 59, 1, 36, 35, 70, 32, 67, 26, 61, 28, 63, 25, 60, 31, 66, 33, 68, 29, 64, 714]
q: [0.0, 11.0, 4.0, -4.0, -11.0, 7.0, -7.0, 8.0, -8.0, 11.0, -11.0, 10.0, -10.0, 6.0, -6.0, 10.0, -10.0, 9.0, -9.0, 5.0, -5.0, 9.0, -9.0, 0.0]
Q: [0.0, 11.0, 15.0, 11.0, 0.0, 7.0, 0.0, 8.0, 0.0, 11.0, 0.0, 10.0, 0.0, 6.0, 0.0, 10.0, 0.0, 9.0, 0.0, 5.0, 0.0, 9.0, 0.0, 0.0]
B: [0.0, 61.0, 67.43687703782, 96.96411404032, 122.01967745441999, 175.0, 209.2400855285, 270.0, 281.922738989, 309.0, 319.4016530417, 332.1221722921, 349.7014002615, 378.0, 414.0266187839, 417.35999740026, 434.54497971036, 439.36662631707, 467.69210539507, 490.09026683747, 532.04293188987, 549.0, 582.7797797802, 609.550209829]
