Avion: 6      Iteracion: 51

Num Ruta: 45
Ingresos: 576.557
Costos: 174.671905588
Utilidad Ruta: 401.885094412
Costo Reducido: 6.6324923803
Nodos: [106, 6, 41, 13, 48, 29, 27, 64, 62, 716]
q: [0, 4.0, -4.0, 15.0, -15.0, 9.0, 6.0, -9.0, -6.0, 0]
Q: [0, 4.0, 0.0, 15.0, 0.0, 9.0, 15.0, 6.0, 0.0, 0]
B: [0.0, 436.0, 439.69228939819, 453.10235550539, 469.98550645539, 549.0, 574.6018082369, 582.8182362320799, 598.26561380888, 607.97128416182]
