Avion: 7      Iteracion: 2

Num Ruta: 6
Ingresos: 1906.59
Costos: 550.353030966
Utilidad Ruta: 1356.23696903
Costo Reducido: 1165.97326025
Nodos: [107, 24, 51, 16, 59, 10, 45, 3, 38, 35, 70, 22, 57, 18, 53, 28, 25, 60, 31, 63, 66, 717]
q: [0.0, 11.0, -9.0, 9.0, -11.0, 12.0, -12.0, 13.0, -13.0, 8.0, -8.0, 10.0, -10.0, 10.0, -10.0, 6.0, 9.0, -9.0, 9.0, -6.0, -9.0, 0.0]
Q: [0.0, 11.0, 2.0, 11.0, 0.0, 12.0, 0.0, 13.0, 0.0, 8.0, 0.0, 10.0, 0.0, 10.0, 0.0, 6.0, 15.0, 6.0, 15.0, 9.0, 0.0, 0.0]
B: [0.0, 61.0, 86.22619907949999, 95.85029051714, 120.25777979813999, 132.04371047844, 161.56322121284, 256.0, 261.08428175852, 274.08526633661995, 286.00800532561993, 303.7313161055199, 325.4860022444199, 338.88643884181994, 362.7046750905199, 378.0, 414.5748134377, 431.7597957478, 436.58144235451, 457.07832231221, 485.49275401511, 489.12747601272997]
