Avion: 7      Iteracion: 30

Num Ruta: 29
Ingresos: 1891.197
Costos: 493.160236472
Utilidad Ruta: 1398.03676353
Costo Reducido: 10.9309717272
Nodos: [107, 9, 44, 10, 45, 3, 38, 23, 35, 70, 32, 67, 26, 61, 58, 28, 31, 63, 25, 60, 66, 717]
q: [0.0, 11.0, -11.0, 12.0, -12.0, 13.0, -13.0, 5.0, 8.0, -8.0, 10.0, -10.0, 10.0, -10.0, -5.0, 6.0, 9.0, -6.0, 6.0, -6.0, -9.0, 0.0]
Q: [0.0, 11.0, 0.0, 12.0, 0.0, 13.0, 0.0, 5.0, 13.0, 5.0, 15.0, 5.0, 15.0, 5.0, 0.0, 6.0, 15.0, 9.0, 15.0, 9.0, 0.0, 0.0]
B: [0.0, 46.0648734938, 75.5921104963, 104.1342239429, 133.6537346773, 256.0, 261.08428175852, 267.0, 277.4634044651, 289.38614345409997, 309.0, 319.4016530417, 332.1221722921, 349.7014002615, 352.76847264408, 378.0, 406.0, 426.4968799577, 429.83025857406, 447.01524088416, 471.08977940516, 474.72450140278]
