Avion: 4      Iteracion: 71

Num Ruta: 61
Ingresos: 2530.383
Costos: 430.917618821
Utilidad Ruta: 2099.46538118
Costo Reducido: 76.5697559475
Nodos: [104, 17, 52, 9, 44, 3, 38, 23, 35, 70, 26, 61, 58, 34, 69, 8, 33, 43, 13, 48, 68, 29, 64, 714]
q: [0.0, 5.0, -5.0, 11.0, -11.0, 13.0, -13.0, 5.0, 8.0, -8.0, 10.0, -10.0, -5.0, 8.0, -8.0, 8.0, 5.0, -8.0, 10.0, -10.0, -5.0, 9.0, -9.0, 0.0]
Q: [0.0, 5.0, 0.0, 11.0, 0.0, 13.0, 0.0, 5.0, 13.0, 5.0, 15.0, 5.0, 0.0, 8.0, 0.0, 8.0, 13.0, 5.0, 15.0, 5.0, 0.0, 9.0, 0.0, 0.0]
B: [0.0, 24.0, 58.8425537813, 81.72911018459999, 111.25634718709999, 256.0, 261.08428175852, 267.0, 277.4634044651, 289.38614345409997, 303.7370056233, 321.3162335927, 324.38330597528, 338.64225299108, 375.08238320488, 414.0, 437.0, 460.2743670161, 462.48504315700995, 479.36819410700997, 484.71624440594996, 549.0, 582.7797797802, 609.550209829]
