Avion: 7      Iteracion: 15

Num Ruta: 16
Ingresos: 1141.813
Costos: 290.020256272
Utilidad Ruta: 851.792743728
Costo Reducido: 96.2099770079
Nodos: [107, 14, 49, 35, 70, 23, 58, 31, 66, 717]
q: [0, 8.0, -8.0, 8.0, -8.0, 10.0, -10.0, 9.0, -9.0, 0]
Q: [0, 8.0, 0.0, 8.0, 0.0, 10.0, 0.0, 9.0, 0.0, 0]
B: [0.0, 112.0, 124.021711775, 270.0, 281.922738989, 302.04960511369995, 341.78344801869997, 406.0, 434.325479078, 437.96020107562]
