Avion: 7      Iteracion: 28

Num Ruta: 27
Ingresos: 1026.121
Costos: 354.030493751
Utilidad Ruta: 672.090506249
Costo Reducido: 53.5775202874
Nodos: [107, 17, 10, 52, 14, 49, 45, 32, 67, 22, 57, 717]
q: [0.0, 5.0, 10.0, -5.0, 5.0, -5.0, -10.0, 11.0, -11.0, 10.0, -10.0, 0.0]
Q: [0.0, 5.0, 15.0, 10.0, 15.0, 10.0, 0.0, 11.0, 0.0, 10.0, 0.0, 0.0]
B: [0.0, 45.942580685, 96.0, 113.2607991993, 125.6993520492, 137.7210638242, 183.2441460573, 309.0, 319.4016530417, 353.8662667781, 375.620952917, 377.58774167027]
