Avion: 5      Iteracion: 16

Num Ruta: 18
Ingresos: 387.963
Costos: 270.353238555
Utilidad Ruta: 117.609761445
Costo Reducido: 31.8695394875
Nodos: [105, 1, 11, 46, 36, 715]
q: [0, 7.0, 6.0, -6.0, -7.0, 0]
Q: [0, 7.0, 13.0, 7.0, 0.0, 0]
B: [0.0, 175.0, 193.6808285951, 197.73489544211, 232.05062478011, 246.55448261171]
