Avion: 5      Iteracion: 100

Num Ruta: 67
Ingresos: 1021.673
Costos: 264.317469937
Utilidad Ruta: 757.355530063
Costo Reducido: 0.486891513885
Nodos: [105, 18, 53, 28, 63, 19, 31, 54, 66, 715]
q: [0.0, 10.0, -10.0, 6.0, -6.0, 6.0, 9.0, -6.0, -9.0, 0.0]
Q: [0.0, 10.0, 0.0, 6.0, 0.0, 6.0, 15.0, 9.0, 0.0, 0.0]
B: [0.0, 293.0, 316.8182362487, 378.0, 414.0266187839, 426.5624120576, 447.9874166317, 465.0934560623, 487.5116203493, 501.2643641119]
