Avion: 1      Iteracion: 67

Num Ruta: 41
Ingresos: 1407.003
Costos: 372.362857666
Utilidad Ruta: 1034.64014233
Costo Reducido: 24.9779123664
Nodos: [101, 30, 65, 24, 59, 1, 36, 32, 67, 34, 69, 19, 54, 711]
q: [0, 11.0, -11.0, 11.0, -11.0, 7.0, -7.0, 11.0, -11.0, 8.0, -8.0, 7.0, -7.0, 0]
Q: [0, 11.0, 0.0, 11.0, 0.0, 7.0, 0.0, 11.0, 0.0, 8.0, 0.0, 7.0, 0.0, 0]
B: [0.0, 64.0, 82.7140226568, 107.4479935471, 145.9609438496, 175.0, 209.2400855285, 309.0, 319.4016530417, 346.1750898215, 382.6152200353, 403.1550362954, 429.7821525869, 434.5276795334]
