Avion: 6      Iteracion: 80

Num Ruta: 58
Ingresos: 1996.122
Costos: 372.018492162
Utilidad Ruta: 1624.10350784
Costo Reducido: 66.6055486042
Nodos: [106, 17, 30, 52, 16, 51, 65, 32, 67, 26, 34, 61, 69, 8, 33, 43, 6, 41, 5, 40, 68, 29, 27, 62, 64, 716]
q: [0.0, 5.0, 6.0, -5.0, 9.0, -9.0, -6.0, 11.0, -11.0, 7.0, 8.0, -7.0, -8.0, 8.0, 5.0, -8.0, 0.0, 0.0, 9.0, -9.0, -5.0, 9.0, 6.0, -6.0, -9.0, 0.0]
Q: [0.0, 5.0, 11.0, 6.0, 15.0, 6.0, 0.0, 11.0, 0.0, 7.0, 15.0, 8.0, 0.0, 8.0, 13.0, 5.0, 5.0, 5.0, 14.0, 5.0, 0.0, 9.0, 15.0, 9.0, 0.0, 0.0]
B: [0.0, 24.0, 64.0, 67.14445448369, 72.47609381883, 82.10018525647, 84.97134181786, 309.0, 319.4016530417, 332.1221722921, 348.0493993263, 362.9626454183, 387.9493993691, 414.0, 437.0, 460.2743670161, 469.46503864552994, 473.15732804371993, 491.5461882585199, 492.6678771636999, 521.6802517821, 549.0, 574.6018082369, 591.6326706049999, 607.0800481818, 627.4772554660999]
