Avion: 5      Iteracion: 73

Num Ruta: 55
Ingresos: 1521.138
Costos: 438.527923289
Utilidad Ruta: 1082.61007671
Costo Reducido: 48.0619243691
Nodos: [105, 30, 16, 51, 65, 35, 70, 26, 34, 61, 22, 57, 69, 8, 33, 43, 68, 715]
q: [0.0, 6.0, 9.0, -9.0, -6.0, 8.0, -8.0, 10.0, 5.0, -10.0, 10.0, -10.0, -5.0, 8.0, 5.0, -8.0, -5.0, 0.0]
Q: [0.0, 6.0, 15.0, 6.0, 0.0, 8.0, 0.0, 10.0, 15.0, 5.0, 15.0, 5.0, 0.0, 8.0, 13.0, 5.0, 0.0, 0.0]
B: [0.0, 64.0, 72.20259129788, 81.82668273552001, 84.69783929691, 270.0, 281.922738989, 300.0, 322.0, 336.913246092, 350.5474267421, 372.302112881, 382.8923632085, 414.0, 437.0, 460.2743670161, 482.23124805599997, 525.9915744945]
