Avion: 7      Iteracion: 9

Num Ruta: 10
Ingresos: 1816.484
Costos: 500.021303094
Utilidad Ruta: 1316.46269691
Costo Reducido: 229.333883445
Nodos: [107, 30, 51, 16, 65, 14, 49, 1, 11, 46, 36, 3, 38, 23, 18, 53, 58, 28, 31, 63, 19, 54, 66, 717]
q: [0.0, 11.0, -9.0, 9.0, -11.0, 8.0, -8.0, 7.0, 6.0, -6.0, -7.0, 13.0, -13.0, 0.0, 10.0, -10.0, 0.0, 6.0, 8.0, -6.0, 7.0, -7.0, -8.0, 0.0]
Q: [0.0, 11.0, 2.0, 11.0, 0.0, 8.0, 0.0, 7.0, 13.0, 7.0, 0.0, 13.0, 0.0, 0.0, 10.0, 0.0, 0.0, 6.0, 14.0, 8.0, 15.0, 8.0, 0.0, 0.0]
B: [0.0, 64.0, 80.9852936389, 90.60938507654001, 101.42605683824002, 129.22199749514002, 141.24370927014002, 176.92543848834, 195.60626708344, 199.66033393045, 233.97606326845, 256.0, 261.08428175852, 267.0, 293.0, 316.8182362487, 326.74376782137, 378.0, 406.0, 426.4968799577, 439.0326732314, 465.6597895229, 488.0779538099, 491.71267580752]
