Avion: 2      Iteracion: 72

Num Ruta: 46
Ingresos: 2123.832
Costos: 539.120213793
Utilidad Ruta: 1584.71178621
Costo Reducido: 13.852339595
Nodos: [102, 16, 51, 10, 45, 32, 67, 26, 61, 34, 8, 69, 19, 54, 43, 6, 41, 27, 62, 2, 37, 712]
q: [0.0, 9.0, -9.0, 12.0, -12.0, 11.0, -11.0, 10.0, -10.0, 8.0, 7.0, -8.0, 7.0, -7.0, -7.0, 4.0, -4.0, 6.0, -6.0, 10.0, -10.0, 0.0]
Q: [0.0, 9.0, 0.0, 12.0, 0.0, 11.0, 0.0, 10.0, 0.0, 8.0, 15.0, 7.0, 14.0, 7.0, 0.0, 4.0, 0.0, 6.0, 0.0, 10.0, 0.0, 0.0]
B: [0.0, 36.0, 45.624091437640004, 96.0, 125.5195107344, 309.0, 319.4016530417, 332.1221722921, 349.7014002615, 364.6146463535, 414.0, 416.64617497532, 437.18599123542, 463.81310752691996, 466.74122671847994, 475.93189834790996, 479.62418774609995, 538.0, 555.0308623681, 566.4829354555, 607.2178975029, 611.33364397225]
