Avion: 4      Iteracion: 85

Num Ruta: 70
Ingresos: 1868.462
Costos: 419.065999902
Utilidad Ruta: 1449.3960001
Costo Reducido: 3.46499841574
Nodos: [104, 17, 52, 30, 16, 51, 65, 10, 45, 32, 67, 26, 34, 61, 28, 69, 63, 25, 60, 29, 64, 714]
q: [0.0, 5.0, -5.0, 6.0, 9.0, -9.0, -6.0, 12.0, -12.0, 11.0, -11.0, 7.0, 8.0, -7.0, 6.0, -8.0, -6.0, 0.0, 0.0, 9.0, -9.0, 0.0]
Q: [0.0, 5.0, 0.0, 6.0, 15.0, 6.0, 0.0, 12.0, 0.0, 11.0, 0.0, 7.0, 15.0, 8.0, 14.0, 6.0, 0.0, 0.0, 0.0, 9.0, 0.0, 0.0]
B: [0.0, 24.0, 58.8425537813, 64.0, 72.20259129788, 81.82668273552001, 84.69783929691, 103.39088958301001, 132.91040031741, 309.0, 319.4016530417, 332.1221722921, 348.0493993263, 362.9626454183, 378.0, 412.6152135628, 444.56576931700005, 447.89914793336004, 465.08413024346004, 549.0, 582.7797797802, 609.550209829]
