Avion: 6      Iteracion: 12

Num Ruta: 15
Ingresos: 3259.06
Costos: 535.997197209
Utilidad Ruta: 2723.06280279
Costo Reducido: 178.489412326
Nodos: [106, 17, 52, 30, 16, 51, 65, 10, 45, 26, 34, 61, 22, 69, 57, 19, 25, 60, 31, 54, 66, 21, 5, 40, 56, 29, 64, 716]
q: [0.0, 5.0, -5.0, 6.0, 9.0, -9.0, -6.0, 12.0, -12.0, 10.0, 5.0, -10.0, 10.0, -5.0, -10.0, 6.0, 9.0, -9.0, 9.0, -6.0, -9.0, 12.0, 3.0, -3.0, -12.0, 9.0, -9.0, 0.0]
Q: [0.0, 5.0, 0.0, 6.0, 15.0, 6.0, 0.0, 12.0, 0.0, 10.0, 15.0, 5.0, 15.0, 10.0, 0.0, 6.0, 15.0, 6.0, 15.0, 9.0, 0.0, 12.0, 15.0, 12.0, 0.0, 9.0, 0.0, 0.0]
B: [0.0, 24.0, 58.8425537813, 64.0, 72.20259129788, 81.82668273552001, 84.69783929691, 103.39088958301001, 132.91040031741, 300.0, 322.0, 336.913246092, 350.5474267421, 365.1165933964, 375.70684372389996, 402.0, 411.3920072402, 428.57698955029997, 433.39863615700995, 450.50467558760994, 472.92283987460996, 496.38867855550996, 525.00680178191, 526.12849068709, 548.87113936749, 587.3244358451899, 621.1042156253899, 641.5014229096898]
