Avion: 6      Iteracion: 101

Num Ruta: 74
Ingresos: 2926.955
Costos: 549.035360173
Utilidad Ruta: 2377.91963983
Costo Reducido: 21.4212513529
Nodos: [106, 17, 52, 30, 65, 10, 45, 35, 70, 32, 67, 26, 34, 61, 69, 8, 33, 43, 13, 48, 68, 21, 5, 40, 56, 29, 64, 716]
q: [0.0, 5.0, -5.0, 11.0, -11.0, 12.0, -12.0, 8.0, -8.0, 11.0, -11.0, 7.0, 8.0, -7.0, -8.0, 8.0, 5.0, -8.0, 10.0, -10.0, -5.0, 12.0, 3.0, -3.0, -12.0, 9.0, -9.0, 0.0]
Q: [0.0, 5.0, 0.0, 11.0, 0.0, 12.0, 0.0, 8.0, 0.0, 11.0, 0.0, 7.0, 15.0, 8.0, 0.0, 8.0, 13.0, 5.0, 15.0, 5.0, 0.0, 12.0, 15.0, 12.0, 0.0, 9.0, 0.0, 0.0]
B: [0.0, 24.0, 58.8425537813, 64.0, 82.7140226568, 101.4070729429, 130.92658367730002, 270.0, 281.922738989, 309.0, 319.4016530417, 332.1221722921, 348.0493993263, 362.9626454183, 387.9493993691, 414.0, 437.0, 460.2743670161, 462.48504315700995, 479.36819410700997, 484.71624440594996, 495.59572178314994, 524.2138450095499, 525.3355339147299, 548.0781825951299, 586.5314790728298, 620.3112588530298, 640.7084661373298]
