Avion: 7      Iteracion: 27

Num Ruta: 26
Ingresos: 1973.277
Costos: 333.274215997
Utilidad Ruta: 1640.002784
Costo Reducido: 68.3173037298
Nodos: [107, 14, 49, 35, 70, 23, 58, 22, 57, 19, 25, 60, 31, 54, 66, 717]
q: [0.0, 8.0, -8.0, 8.0, -8.0, 10.0, -10.0, 10.0, -10.0, 6.0, 9.0, -9.0, 9.0, -6.0, -9.0, 0.0]
Q: [0.0, 8.0, 0.0, 8.0, 0.0, 10.0, 0.0, 10.0, 0.0, 6.0, 15.0, 6.0, 15.0, 9.0, 0.0, 0.0]
B: [0.0, 112.0, 124.021711775, 270.0, 281.922738989, 302.04960511369995, 341.78344801869997, 357.5398720102, 379.2945581491, 402.0, 411.3920072402, 428.57698955029997, 433.39863615700995, 450.50467558760994, 472.92283987460996, 476.55756187222994]
