Avion: 3      Iteracion: 56

Num Ruta: 41
Ingresos: 1289.69
Costos: 264.812912539
Utilidad Ruta: 1024.87708746
Costo Reducido: 18.0181532263
Nodos: [103, 11, 46, 35, 70, 32, 67, 33, 13, 48, 68, 21, 56, 27, 62, 713]
q: [0.0, 6.0, -6.0, 8.0, -8.0, 11.0, -11.0, 5.0, 10.0, -10.0, -5.0, 12.0, -12.0, 6.0, -6.0, 0.0]
Q: [0.0, 6.0, 0.0, 8.0, 0.0, 11.0, 0.0, 5.0, 15.0, 5.0, 0.0, 12.0, 0.0, 6.0, 0.0, 0.0]
B: [0.0, 169.0, 173.05406684701, 270.0, 281.922738989, 309.0, 319.4016530417, 437.0, 462.372931896, 479.256082846, 484.60413314494, 495.48361052214, 536.22240120134, 549.39984939894, 566.43071176704, 594.70143204434]
