Avion: 2      Iteracion: 41

Num Ruta: 36
Ingresos: 1856.054
Costos: 511.147963953
Utilidad Ruta: 1344.90603605
Costo Reducido: 3.5911255503
Nodos: [102, 16, 51, 23, 35, 70, 26, 61, 58, 22, 57, 19, 33, 54, 13, 48, 68, 712]
q: [0.0, 0.0, 0.0, 7.0, 8.0, -8.0, 8.0, -8.0, -7.0, 10.0, -10.0, 7.0, 5.0, -7.0, 10.0, -10.0, -5.0, 0.0]
Q: [0.0, 0.0, 0.0, 7.0, 15.0, 7.0, 15.0, 7.0, 0.0, 10.0, 0.0, 7.0, 12.0, 5.0, 15.0, 5.0, 0.0, 0.0]
B: [0.0, 36.0, 45.624091437640004, 267.0, 277.4634044651, 289.38614345409997, 303.7370056233, 321.3162335927, 324.38330597528, 340.13972996678, 361.89441610568, 402.0, 438.5935603624, 460.1419541308, 464.36957343722, 481.25272438722004, 486.60077468616004, 496.93005471916]
