Avion: 5      Iteracion: 33

Num Ruta: 31
Ingresos: 1145.984
Costos: 260.993949198
Utilidad Ruta: 884.990050802
Costo Reducido: 19.4880861288
Nodos: [105, 18, 53, 28, 63, 15, 21, 50, 56, 715]
q: [0, 10.0, -10.0, 6.0, -6.0, 0.0, 12.0, -0.0, -12.0, 0]
Q: [0, 10.0, 0.0, 6.0, 0.0, 0.0, 12.0, 12.0, 0.0, 0]
B: [0.0, 293.0, 316.8182362487, 378.0, 414.0266187839, 511.0, 516.67223351071, 527.47150163401, 557.92094974071, 611.2526941712099]
