Avion: 2      Iteracion: 21

Num Ruta: 20
Ingresos: 337.466
Costos: 428.157535061
Utilidad Ruta: -90.6915350614
Costo Reducido: 106.74052226
Nodos: [102, 35, 70, 33, 68, 712]
q: [0, 8.0, -8.0, 5.0, -5.0, 0]
Q: [0, 8.0, 0.0, 5.0, 0.0, 0]
B: [0.0, 270.0, 281.922738989, 437.0, 478.9526650524, 489.28194508539997]
