Avion: 4      Iteracion: 29

Num Ruta: 31
Ingresos: 1394.937
Costos: 377.654581722
Utilidad Ruta: 1017.28241828
Costo Reducido: 82.5180384657
Nodos: [104, 17, 52, 9, 44, 14, 49, 35, 70, 33, 68, 29, 64, 27, 62, 714]
q: [0, 5.0, -5.0, 11.0, -11.0, 8.0, -8.0, 8.0, -8.0, 5.0, -5.0, 9.0, -9.0, 6.0, -6.0, 0]
Q: [0, 5.0, 0.0, 11.0, 0.0, 8.0, 0.0, 8.0, 0.0, 5.0, 0.0, 9.0, 0.0, 6.0, 0.0, 0]
B: [0.0, 24.0, 58.8425537813, 81.72911018459999, 111.25634718709999, 121.5131539026, 133.5348656776, 270.0, 281.922738989, 437.0, 478.9526650524, 549.0, 582.7797797802, 590.99620777538, 608.0270701434799, 643.61553295098]
