Avion: 1      Iteracion: 0

Num Ruta: 1
Ingresos: 595.647
Costos: 344.563406288
Utilidad Ruta: 251.083593712
Costo Reducido: -
Nodos: [101, 30, 65, 6, 41, 8, 43, 4, 39, 711]
q: [0, 11.0, -11.0, 4.0, -4.0, 8.0, -8.0, 3.0, -3.0, 0]
Q: [0, 11.0, 0.0, 4.0, 0.0, 8.0, 0.0, 3.0, 0.0, 0]
B: [0.0, 64.0, 82.7140226568, 436.0, 439.69228939819, 470.96534786709, 491.73374448309, 529.0, 549.4257496801999, 566.2347817760999]
