Avion: 1      Iteracion: 59

Num Ruta: 39
Ingresos: 1225.331
Costos: 392.391906409
Utilidad Ruta: 832.939093591
Costo Reducido: 9.56607351782
Nodos: [101, 22, 57, 18, 53, 31, 66, 19, 54, 27, 62, 711]
q: [0, 10.0, -10.0, 10.0, -10.0, 9.0, -9.0, 7.0, -7.0, 6.0, -6.0, 0]
Q: [0, 10.0, 0.0, 10.0, 0.0, 9.0, 0.0, 7.0, 0.0, 6.0, 0.0, 0]
B: [0.0, 299.0, 320.7546861389, 334.15512273630003, 357.973358985, 406.0, 434.325479078, 450.4266959264, 477.0538122179, 538.0, 555.0308623681, 569.1482535223]
