Avion: 3      Iteracion: 37

Num Ruta: 31
Ingresos: 1286.664
Costos: 366.40055053
Utilidad Ruta: 920.26344947
Costo Reducido: 65.4634090471
Nodos: [103, 11, 46, 35, 70, 32, 67, 26, 61, 34, 69, 19, 54, 33, 68, 713]
q: [0, 6.0, -6.0, 8.0, -8.0, 11.0, -11.0, 10.0, -10.0, 8.0, -8.0, 7.0, -7.0, 5.0, -5.0, 0]
Q: [0, 6.0, 0.0, 8.0, 0.0, 11.0, 0.0, 10.0, 0.0, 8.0, 0.0, 7.0, 0.0, 5.0, 0.0, 0]
B: [0.0, 169.0, 173.05406684701, 270.0, 281.922738989, 309.0, 319.4016530417, 332.1221722921, 349.7014002615, 364.6146463535, 401.0547765673, 421.5945928274, 448.2217091189, 469.77010288729997, 511.72276793969996, 515.41764344505]
