Avion: 3      Iteracion: 42

Num Ruta: 34
Ingresos: 1581.784
Costos: 301.373004544
Utilidad Ruta: 1280.41099546
Costo Reducido: 77.458968348
Nodos: [103, 11, 46, 18, 53, 34, 69, 33, 13, 48, 68, 21, 56, 27, 62, 713]
q: [0.0, 6.0, -6.0, 10.0, -10.0, 8.0, -8.0, 5.0, 10.0, -10.0, -5.0, 12.0, -12.0, 6.0, -6.0, 0.0]
Q: [0.0, 6.0, 0.0, 10.0, 0.0, 8.0, 0.0, 5.0, 15.0, 5.0, 0.0, 12.0, 0.0, 6.0, 0.0, 0.0]
B: [0.0, 169.0, 173.05406684701, 293.0, 316.8182362487, 340.28894720939996, 376.72907742319995, 437.0, 462.372931896, 479.256082846, 484.60413314494, 495.48361052214, 536.22240120134, 549.39984939894, 566.43071176704, 594.70143204434]
