Avion: 4      Iteracion: 25

Num Ruta: 27
Ingresos: 1268.999
Costos: 294.305263889
Utilidad Ruta: 974.693736111
Costo Reducido: 101.706989587
Nodos: [104, 17, 52, 9, 44, 8, 43, 13, 48, 29, 64, 714]
q: [0, 5.0, -5.0, 11.0, -11.0, 8.0, -8.0, 15.0, -15.0, 9.0, -9.0, 0]
Q: [0, 5.0, 0.0, 11.0, 0.0, 8.0, 0.0, 15.0, 0.0, 9.0, 0.0, 0]
B: [0.0, 24.0, 58.8425537813, 81.72911018459999, 111.25634718709999, 414.0, 434.768396616, 436.97907275691, 453.86222370691, 549.0, 582.7797797802, 609.550209829]
