Avion: 2      Iteracion: 67

Num Ruta: 44
Ingresos: 2036.062
Costos: 662.06711596
Utilidad Ruta: 1373.99488404
Costo Reducido: 31.2149909621
Nodos: [102, 16, 51, 9, 44, 30, 65, 32, 67, 26, 61, 34, 69, 19, 25, 60, 54, 13, 48, 29, 27, 62, 64, 712]
q: [0.0, 9.0, -9.0, 11.0, -11.0, 11.0, -11.0, 11.0, -11.0, 10.0, -10.0, 8.0, -8.0, 7.0, 8.0, -8.0, -7.0, 15.0, -15.0, 9.0, 6.0, -6.0, -9.0, 0.0]
Q: [0.0, 9.0, 0.0, 11.0, 0.0, 11.0, 0.0, 11.0, 0.0, 10.0, 0.0, 8.0, 0.0, 7.0, 15.0, 7.0, 0.0, 15.0, 0.0, 9.0, 15.0, 9.0, 0.0, 0.0]
B: [0.0, 36.0, 45.624091437640004, 75.68094759394, 105.20818459644, 120.99608493184, 139.71010758864, 309.0, 319.4016530417, 332.1221722921, 349.7014002615, 364.6146463535, 401.0547765673, 421.5945928274, 430.98660006759997, 448.17158237769996, 464.95843881359997, 469.18605812002, 486.06920907002, 549.0, 574.6018082369, 591.6326706049999, 607.0800481818, 643.5660336556999]
