Avion: 2      Iteracion: 71

Num Ruta: 45
Ingresos: 1321.42
Costos: 465.413197803
Utilidad Ruta: 856.006802197
Costo Reducido: 21.2877209484
Nodos: [102, 16, 51, 26, 61, 34, 69, 8, 33, 43, 13, 48, 68, 20, 4, 39, 55, 712]
q: [0.0, 9.0, -9.0, 10.0, -10.0, 8.0, -8.0, 8.0, 5.0, -8.0, 10.0, -10.0, -5.0, 0.0, 3.0, -3.0, 0.0, 0.0]
Q: [0.0, 9.0, 0.0, 10.0, 0.0, 8.0, 0.0, 8.0, 13.0, 5.0, 15.0, 5.0, 0.0, 0.0, 3.0, 0.0, 0.0, 0.0]
B: [0.0, 36.0, 45.624091437640004, 300.0, 317.5792279694, 332.4924740614, 368.9326042752, 414.0, 437.0, 460.2743670161, 462.48504315700995, 479.36819410700997, 484.71624440594996, 496.0, 529.0, 549.4257496801999, 561.2869729308, 610.3362807138999]
