Avion: 6      Iteracion: 72

Num Ruta: 53
Ingresos: 501.254
Costos: 134.520729799
Utilidad Ruta: 366.733270201
Costo Reducido: 44.7966247467
Nodos: [106, 10, 45, 26, 61, 6, 41, 5, 40, 716]
q: [0, 12.0, -12.0, 10.0, -10.0, 4.0, -4.0, 9.0, -9.0, 0]
Q: [0, 12.0, 0.0, 10.0, 0.0, 4.0, 0.0, 9.0, 0.0, 0]
B: [0.0, 96.0, 125.5195107344, 300.0, 317.5792279694, 436.0, 439.69228939819, 469.0, 470.12168890518, 476.84504297885]
