Avion: 3      Iteracion: 78

Num Ruta: 50
Ingresos: 1069.682
Costos: 273.740919079
Utilidad Ruta: 795.941080921
Costo Reducido: 30.4487739777
Nodos: [103, 11, 46, 1, 36, 33, 68, 29, 64, 27, 62, 713]
q: [0, 6.0, -6.0, 7.0, -7.0, 5.0, -5.0, 9.0, -9.0, 6.0, -6.0, 0]
Q: [0, 6.0, 0.0, 7.0, 0.0, 5.0, 0.0, 9.0, 0.0, 6.0, 0.0, 0]
B: [0.0, 169.0, 173.05406684701, 195.72351838431, 229.96360391281002, 437.0, 478.9526650524, 549.0, 582.7797797802, 590.99620777538, 608.0270701434799, 636.29779042078]
