Avion: 1      Iteracion: 43

Num Ruta: 31
Ingresos: 1395.67
Costos: 394.346674306
Utilidad Ruta: 1001.32332569
Costo Reducido: 65.9241253591
Nodos: [101, 30, 16, 51, 65, 24, 59, 1, 36, 32, 67, 34, 69, 19, 54, 711]
q: [0.0, 6.0, 9.0, -9.0, -6.0, 11.0, -11.0, 7.0, -7.0, 11.0, -11.0, 8.0, -8.0, 7.0, -7.0, 0.0]
Q: [0.0, 6.0, 15.0, 6.0, 0.0, 11.0, 0.0, 7.0, 0.0, 11.0, 0.0, 8.0, 0.0, 7.0, 0.0, 0.0]
B: [0.0, 64.0, 72.20259129788, 81.82668273552001, 84.69783929691, 109.43181018721, 147.94476048971, 175.0, 209.2400855285, 309.0, 319.4016530417, 346.1750898215, 382.6152200353, 403.1550362954, 429.7821525869, 434.5276795334]
