Avion: 3      Iteracion: 88

Num Ruta: 53
Ingresos: 613.499
Costos: 226.927254703
Utilidad Ruta: 386.571745297
Costo Reducido: 27.3019798805
Nodos: [103, 11, 46, 31, 66, 33, 13, 48, 68, 713]
q: [0.0, 0.0, 0.0, 9.0, -9.0, 5.0, 10.0, -10.0, -5.0, 0.0]
Q: [0.0, 0.0, 0.0, 9.0, 0.0, 5.0, 15.0, 5.0, 0.0, 0.0]
B: [0.0, 169.0, 173.05406684701, 406.0, 434.325479078, 456.7236405204, 482.0965724164, 498.97972336640004, 504.32777366534003, 508.02264917069004]
