Avion: 4      Iteracion: 93

Num Ruta: 76
Ingresos: 2289.528
Costos: 474.333533089
Utilidad Ruta: 1815.19446691
Costo Reducido: 13.0900581177
Nodos: [104, 17, 52, 9, 44, 1, 36, 3, 38, 35, 70, 22, 57, 18, 53, 31, 19, 66, 54, 13, 48, 714]
q: [0.0, 5.0, -5.0, 11.0, -11.0, 7.0, -7.0, 13.0, -13.0, 8.0, -8.0, 10.0, -10.0, 10.0, -10.0, 9.0, 6.0, -9.0, -6.0, 15.0, -15.0, 0.0]
Q: [0.0, 5.0, 0.0, 11.0, 0.0, 7.0, 0.0, 13.0, 0.0, 8.0, 0.0, 10.0, 0.0, 10.0, 0.0, 9.0, 15.0, 6.0, 0.0, 15.0, 0.0, 0.0]
B: [0.0, 24.0, 58.8425537813, 81.72911018459999, 111.25634718709999, 175.0, 209.2400855285, 256.0, 261.08428175852, 274.08526633661995, 286.00800532561993, 303.7313161055199, 325.4860022444199, 338.88643884181994, 362.7046750905199, 406.0, 427.4250045741, 443.5262214225, 465.9443857095, 470.17200501592004, 487.05515596592005, 498.73445667272006]
