Avion: 6      Iteracion: 6

Num Ruta: 9
Ingresos: 2154.123
Costos: 523.608441834
Utilidad Ruta: 1630.51455817
Costo Reducido: 859.466446127
Nodos: [106, 10, 30, 65, 45, 3, 38, 35, 70, 22, 57, 32, 67, 33, 13, 48, 68, 21, 5, 40, 56, 29, 64, 716]
q: [0.0, 12.0, 3.0, -3.0, -12.0, 13.0, -13.0, 8.0, -8.0, 10.0, -10.0, 11.0, -11.0, 5.0, 10.0, -10.0, -5.0, 12.0, 3.0, -3.0, -12.0, 9.0, -9.0, 0.0]
Q: [0.0, 12.0, 15.0, 12.0, 0.0, 13.0, 0.0, 8.0, 0.0, 10.0, 0.0, 11.0, 0.0, 5.0, 15.0, 5.0, 0.0, 12.0, 15.0, 12.0, 0.0, 9.0, 0.0, 0.0]
B: [0.0, 96.0, 112.7389035782, 131.452926235, 150.3537241282, 256.0, 261.08428175852, 274.08526633661995, 286.00800532561993, 303.7313161055199, 325.4860022444199, 359.48577955251994, 369.88743259421994, 437.0, 462.372931896, 479.256082846, 484.60413314494, 495.48361052214, 524.10173374854, 525.22342265372, 547.96607133412, 586.4193678118199, 620.1991475920199, 640.5963548763199]
