Avion: 5      Iteracion: 4

Num Ruta: 7
Ingresos: 2735.496
Costos: 670.809927995
Utilidad Ruta: 2064.686072
Costo Reducido: 1220.34288985
Nodos: [105, 24, 59, 10, 45, 23, 35, 70, 58, 34, 67, 32, 69, 33, 6, 41, 13, 48, 68, 4, 27, 62, 2, 39, 37, 715]
q: [0.0, 11.0, -11.0, 12.0, -12.0, 10.0, 5.0, -5.0, -10.0, 8.0, -8.0, 8.0, -8.0, 5.0, 4.0, -4.0, 10.0, -10.0, -5.0, 3.0, 6.0, -6.0, 10.0, -3.0, -10.0, 0.0]
Q: [0.0, 11.0, 0.0, 12.0, 0.0, 10.0, 15.0, 10.0, 0.0, 8.0, 0.0, 8.0, 0.0, 5.0, 9.0, 5.0, 15.0, 5.0, 0.0, 3.0, 9.0, 3.0, 13.0, 10.0, 0.0, 0.0]
B: [0.0, 61.0, 99.5129503025, 111.2988809828, 140.8183917172, 267.0, 277.4634044651, 289.38614345409997, 313.15284696969997, 327.41179398549997, 354.1852307653, 364.586883807, 388.2177506764, 437.0, 463.1548069196, 466.84709631779, 480.25716242499, 497.14031337499, 502.48836367393, 529.0, 546.6147745373, 563.6456369054, 575.0977099928, 584.5521765034, 617.7453872851, 653.7499304012]
