Avion: 6      Iteracion: 41

Num Ruta: 37
Ingresos: 1219.771
Costos: 300.979204444
Utilidad Ruta: 918.791795556
Costo Reducido: 71.5019931086
Nodos: [106, 28, 63, 25, 60, 6, 41, 33, 68, 29, 27, 64, 62, 716]
q: [0, 6.0, -6.0, 10.0, -10.0, 4.0, -4.0, 5.0, -5.0, 9.0, 6.0, -9.0, -6.0, 0]
Q: [0, 6.0, 0.0, 10.0, 0.0, 4.0, 0.0, 5.0, 0.0, 9.0, 15.0, 6.0, 0.0, 0]
B: [0.0, 378.0, 414.0266187839, 417.35999740026, 434.54497971036, 460.04675019796, 463.73903959615, 492.15629555095, 534.10896060335, 549.0, 574.6018082369, 582.8182362320799, 598.26561380888, 607.97128416182]
