Avion: 1      Iteracion: 77

Num Ruta: 48
Ingresos: 2341.904
Costos: 437.20041566
Utilidad Ruta: 1904.70358434
Costo Reducido: 52.3841067369
Nodos: [101, 30, 16, 51, 65, 24, 59, 1, 36, 23, 58, 34, 69, 2, 37, 711]
q: [0.0, 6.0, 9.0, -9.0, -6.0, 11.0, -11.0, 7.0, -7.0, 10.0, -10.0, 8.0, -8.0, 10.0, -10.0, 0.0]
Q: [0.0, 6.0, 15.0, 6.0, 0.0, 11.0, 0.0, 7.0, 0.0, 10.0, 0.0, 8.0, 0.0, 10.0, 0.0, 0.0]
B: [0.0, 64.0, 72.20259129788, 81.82668273552001, 84.69783929691, 109.43181018721, 147.94476048971, 175.0, 209.2400855285, 267.0, 306.733842905, 322.0, 358.4401302138, 522.0, 562.7349620474, 579.6846292418]
