Avion: 4      Iteracion: 11

Num Ruta: 15
Ingresos: 2712.386
Costos: 605.77265775
Utilidad Ruta: 2106.61334225
Costo Reducido: 349.985082793
Nodos: [104, 17, 52, 30, 65, 16, 51, 14, 49, 11, 46, 1, 36, 23, 35, 70, 34, 58, 22, 57, 69, 28, 63, 25, 60, 29, 27, 62, 64, 714]
q: [0.0, 0.0, 0.0, 11.0, -11.0, 9.0, -9.0, 8.0, -8.0, 6.0, -6.0, 7.0, -7.0, 7.0, 8.0, -8.0, 5.0, -7.0, 10.0, -10.0, -5.0, 6.0, -6.0, 10.0, -10.0, 9.0, 6.0, -6.0, -9.0, 0.0]
Q: [0.0, 0.0, 0.0, 11.0, 0.0, 9.0, 0.0, 8.0, 0.0, 6.0, 0.0, 7.0, 0.0, 7.0, 15.0, 7.0, 12.0, 5.0, 15.0, 5.0, 0.0, 6.0, 0.0, 10.0, 0.0, 9.0, 15.0, 9.0, 0.0, 0.0]
B: [0.0, 24.0, 58.8425537813, 64.0, 82.7140226568, 93.53069441849999, 103.15478585614, 129.94109036054, 141.96280213554, 171.41123124473998, 175.46529809175, 198.13474962905, 232.37483515755, 267.0, 277.4634044651, 289.38614345409997, 322.0, 336.2589470158, 352.0153710073, 373.77005714620003, 384.3603074737, 418.9755210365, 455.00213982040003, 458.33551843676, 475.52050074686, 549.0, 574.6018082369, 591.6326706049999, 607.0800481818, 633.8504782306]
