Avion: 4      Iteracion: 48

Num Ruta: 47
Ingresos: 1616.243
Costos: 319.566003824
Utilidad Ruta: 1296.67699618
Costo Reducido: 50.1728995459
Nodos: [104, 17, 52, 35, 70, 32, 67, 26, 61, 28, 63, 25, 60, 29, 64, 714]
q: [0, 5.0, -5.0, 8.0, -8.0, 11.0, -11.0, 10.0, -10.0, 6.0, -6.0, 10.0, -10.0, 9.0, -9.0, 0]
Q: [0, 5.0, 0.0, 8.0, 0.0, 11.0, 0.0, 10.0, 0.0, 6.0, 0.0, 10.0, 0.0, 9.0, 0.0, 0]
B: [0.0, 24.0, 58.8425537813, 270.0, 281.922738989, 309.0, 319.4016530417, 332.1221722921, 349.7014002615, 378.0, 414.0266187839, 417.35999740026, 434.54497971036, 549.0, 582.7797797802, 609.550209829]
