Avion: 6      Iteracion: 63

Num Ruta: 50
Ingresos: 528.197
Costos: 160.758278197
Utilidad Ruta: 367.438721803
Costo Reducido: 28.4628766589
Nodos: [106, 1, 36, 35, 70, 32, 67, 6, 41, 5, 40, 716]
q: [0, 7.0, -7.0, 8.0, -8.0, 11.0, -11.0, 4.0, -4.0, 9.0, -9.0, 0]
Q: [0, 7.0, 0.0, 8.0, 0.0, 11.0, 0.0, 4.0, 0.0, 9.0, 0.0, 0]
B: [0.0, 175.0, 209.2400855285, 270.0, 281.922738989, 309.0, 319.4016530417, 436.0, 439.69228939819, 469.0, 470.12168890518, 476.84504297885]
