Avion: 4      Iteracion: 38

Num Ruta: 39
Ingresos: 822.445
Costos: 333.687579315
Utilidad Ruta: 488.757420685
Costo Reducido: 73.1669342645
Nodos: [104, 30, 65, 32, 67, 33, 68, 29, 64, 714]
q: [0, 11.0, -11.0, 11.0, -11.0, 5.0, -5.0, 9.0, -9.0, 0]
Q: [0, 11.0, 0.0, 11.0, 0.0, 5.0, 0.0, 9.0, 0.0, 0]
B: [0.0, 64.0, 82.7140226568, 309.0, 319.4016530417, 437.0, 478.9526650524, 549.0, 582.7797797802, 609.550209829]
