Avion: 3      Iteracion: 69

Num Ruta: 45
Ingresos: 2611.515
Costos: 486.34123707
Utilidad Ruta: 2125.17376293
Costo Reducido: 130.894639413
Nodos: [103, 17, 52, 16, 51, 10, 45, 32, 67, 26, 61, 34, 69, 33, 8, 43, 13, 48, 68, 21, 56, 27, 62, 713]
q: [0.0, 5.0, -5.0, 9.0, -9.0, 12.0, -12.0, 11.0, -11.0, 10.0, -10.0, 8.0, -8.0, 5.0, 8.0, -8.0, 10.0, -10.0, -5.0, 12.0, -12.0, 6.0, -6.0, 0.0]
Q: [0.0, 5.0, 0.0, 9.0, 0.0, 12.0, 0.0, 11.0, 0.0, 10.0, 0.0, 8.0, 0.0, 5.0, 13.0, 5.0, 15.0, 5.0, 0.0, 12.0, 0.0, 6.0, 0.0, 0.0]
B: [0.0, 39.7453305433, 74.5878843246, 79.91952365974, 89.54361509738, 105.37289230768, 134.89240304208, 309.0, 319.4016530417, 332.1221722921, 349.7014002615, 364.6146463535, 401.0547765673, 437.0, 450.76465480859997, 471.5330514246, 473.74372756550997, 490.62687851551, 495.97492881445, 506.85440619164996, 547.59319687085, 560.77064506845, 577.80150743655, 606.07222771385]
