Avion: 4      Iteracion: 41

Num Ruta: 42
Ingresos: 2038.157
Costos: 324.072375994
Utilidad Ruta: 1714.08462401
Costo Reducido: 81.7420580738
Nodos: [104, 17, 52, 35, 70, 23, 58, 28, 63, 25, 60, 29, 64, 714]
q: [0, 5.0, -5.0, 8.0, -8.0, 10.0, -10.0, 6.0, -6.0, 10.0, -10.0, 9.0, -9.0, 0]
Q: [0, 5.0, 0.0, 8.0, 0.0, 10.0, 0.0, 6.0, 0.0, 10.0, 0.0, 9.0, 0.0, 0]
B: [0.0, 24.0, 58.8425537813, 270.0, 281.922738989, 302.04960511369995, 341.78344801869997, 378.0, 414.0266187839, 417.35999740026, 434.54497971036, 549.0, 582.7797797802, 609.550209829]
