Avion: 4      Iteracion: 22

Num Ruta: 24
Ingresos: 1635.089
Costos: 358.710432463
Utilidad Ruta: 1276.37856754
Costo Reducido: 148.289340539
Nodos: [104, 17, 52, 9, 44, 3, 38, 32, 67, 26, 61, 13, 48, 25, 60, 29, 64, 714]
q: [0, 5.0, -5.0, 11.0, -11.0, 13.0, -13.0, 11.0, -11.0, 10.0, -10.0, 15.0, -15.0, 10.0, -10.0, 9.0, -9.0, 0]
Q: [0, 5.0, 0.0, 11.0, 0.0, 13.0, 0.0, 11.0, 0.0, 10.0, 0.0, 15.0, 0.0, 10.0, 0.0, 9.0, 0.0, 0]
B: [0.0, 24.0, 58.8425537813, 81.72911018459999, 111.25634718709999, 256.0, 261.08428175852, 309.0, 319.4016530417, 332.1221722921, 349.7014002615, 423.0, 439.88315095, 463.8957169312, 481.0806992413, 549.0, 582.7797797802, 609.550209829]
