Avion: 3      Iteracion: 45

Num Ruta: 35
Ingresos: 1283.11
Costos: 289.59964168
Utilidad Ruta: 993.51035832
Costo Reducido: 76.3742600217
Nodos: [103, 30, 65, 32, 67, 33, 5, 40, 68, 21, 56, 27, 62, 713]
q: [0, 11.0, -11.0, 11.0, -11.0, 5.0, 9.0, -9.0, -5.0, 12.0, -12.0, 6.0, -6.0, 0]
Q: [0, 11.0, 0.0, 11.0, 0.0, 5.0, 14.0, 5.0, 0.0, 12.0, 0.0, 6.0, 0.0, 0]
B: [0.0, 64.0, 82.7140226568, 309.0, 319.4016530417, 437.0, 469.0, 470.12168890518, 499.13406352358, 510.01354090077996, 550.7523315799799, 563.9297797775799, 580.9606421456799, 609.2313624229799]
