Avion: 2      Iteracion: 10

Num Ruta: 11
Ingresos: 264.72
Costos: 374.927788232
Utilidad Ruta: -110.207788232
Costo Reducido: 68.348775438
Nodos: [102, 26, 61, 712]
q: [0, 10.0, -10.0, 0]
Q: [0, 10.0, 0.0, 0]
B: [0.0, 300.0, 317.5792279694, 344.0266158177]
