Avion: 5      Iteracion: 81

Num Ruta: 59
Ingresos: 1205.597
Costos: 264.576596233
Utilidad Ruta: 941.020403767
Costo Reducido: 12.50343027
Nodos: [105, 18, 53, 28, 63, 25, 19, 60, 31, 54, 66, 715]
q: [0.0, 10.0, -10.0, 6.0, -6.0, 9.0, 6.0, -9.0, 9.0, -6.0, -9.0, 0.0]
Q: [0.0, 10.0, 0.0, 6.0, 0.0, 9.0, 15.0, 6.0, 15.0, 9.0, 0.0, 0.0]
B: [0.0, 293.0, 316.8182362487, 378.0, 414.0266187839, 417.35999740026, 426.75200464046, 443.42489632125995, 448.2465429279699, 465.3525823585699, 487.77074664556994, 501.52349040816995]
