Avion: 7      Iteracion: 49

Num Ruta: 39
Ingresos: 2902.252
Costos: 546.136666354
Utilidad Ruta: 2356.11533365
Costo Reducido: 39.7718011584
Nodos: [107, 30, 16, 51, 65, 24, 59, 1, 36, 3, 38, 23, 35, 70, 34, 58, 22, 57, 69, 19, 25, 60, 54, 13, 48, 29, 64, 717]
q: [0.0, 11.0, 4.0, -4.0, -11.0, 11.0, -11.0, 7.0, -7.0, 13.0, -13.0, 7.0, 8.0, -8.0, 8.0, -7.0, 7.0, -7.0, -8.0, 7.0, 8.0, -8.0, -7.0, 15.0, -15.0, 9.0, -9.0, 0.0]
Q: [0.0, 11.0, 15.0, 11.0, 0.0, 11.0, 0.0, 7.0, 0.0, 13.0, 0.0, 7.0, 15.0, 7.0, 15.0, 8.0, 15.0, 8.0, 0.0, 7.0, 15.0, 7.0, 0.0, 15.0, 0.0, 9.0, 0.0, 0.0]
B: [0.0, 64.0, 72.20259129788, 81.82668273552001, 84.69783929691, 109.43181018721, 147.94476048971, 175.0, 209.2400855285, 256.0, 261.08428175852, 267.0, 277.4634044651, 289.38614345409997, 322.0, 336.2589470158, 352.0153710073, 373.77005714620003, 384.3603074737, 404.9001237338, 414.292130974, 431.47711328409997, 448.26396972, 452.49158902642, 469.37473997642, 549.0, 582.7797797802, 620.2441685381]
