Avion: 1      Iteracion: 80

Num Ruta: 50
Ingresos: 1742.454
Costos: 375.80767884
Utilidad Ruta: 1366.64632116
Costo Reducido: 10.4057136207
Nodos: [101, 30, 16, 51, 65, 24, 59, 1, 36, 23, 58, 34, 69, 711]
q: [0.0, 6.0, 9.0, -9.0, -6.0, 11.0, -11.0, 7.0, -7.0, 10.0, -10.0, 8.0, -8.0, 0.0]
Q: [0.0, 6.0, 15.0, 6.0, 0.0, 11.0, 0.0, 7.0, 0.0, 10.0, 0.0, 8.0, 0.0, 0.0]
B: [0.0, 64.0, 72.20259129788, 81.82668273552001, 84.69783929691, 109.43181018721, 147.94476048971, 175.0, 209.2400855285, 267.0, 306.733842905, 322.0, 358.4401302138, 376.8843905676]
