Avion: 3      Iteracion: 6

Num Ruta: 9
Ingresos: 1534.88
Costos: 555.153738853
Utilidad Ruta: 979.726261147
Costo Reducido: 714.042646815
Nodos: [103, 9, 44, 30, 65, 10, 45, 11, 46, 3, 38, 35, 70, 22, 57, 32, 67, 33, 6, 41, 13, 48, 68, 713]
q: [0.0, 11.0, -11.0, 11.0, -11.0, 12.0, -12.0, 6.0, -6.0, 13.0, -13.0, 8.0, -8.0, 10.0, -10.0, 11.0, -11.0, 5.0, 4.0, -4.0, 10.0, -10.0, -5.0, 0.0]
Q: [0.0, 11.0, 0.0, 11.0, 0.0, 12.0, 0.0, 6.0, 0.0, 13.0, 0.0, 8.0, 0.0, 10.0, 0.0, 11.0, 0.0, 5.0, 9.0, 5.0, 15.0, 5.0, 0.0, 0.0]
B: [0.0, 37.2069129329, 66.73414993540001, 82.52205027080001, 101.2360729276, 119.92912321370001, 149.4486339481, 202.0868505307, 206.14091737771, 256.0, 261.08428175852, 274.08526633661995, 286.00800532561993, 303.7313161055199, 325.4860022444199, 359.48577955251994, 369.88743259421994, 437.0, 463.1548069196, 466.84709631779, 480.25716242499, 497.14031337499, 502.48836367393, 506.18323917928]
