Avion: 5      Iteracion: 28

Num Ruta: 27
Ingresos: 531.52
Costos: 218.310265517
Utilidad Ruta: 313.209734483
Costo Reducido: 49.0845314174
Nodos: [105, 18, 53, 22, 57, 715]
q: [0, 10.0, -10.0, 10.0, -10.0, 0]
Q: [0, 10.0, 0.0, 10.0, 0.0, 0]
B: [0.0, 293.0, 316.8182362487, 332.3010836612, 354.0557698001, 363.20889871867]
