Avion: 3      Iteracion: 63

Num Ruta: 43
Ingresos: 2001.943
Costos: 367.366786204
Utilidad Ruta: 1634.5762138
Costo Reducido: 11.5972548164
Nodos: [103, 11, 46, 1, 36, 23, 35, 70, 32, 67, 26, 61, 58, 34, 69, 8, 33, 43, 13, 48, 68, 713]
q: [0.0, 6.0, -6.0, 7.0, -7.0, 5.0, 8.0, -8.0, 10.0, -10.0, 10.0, -10.0, -5.0, 8.0, -8.0, 8.0, 5.0, -8.0, 10.0, -10.0, -5.0, 0.0]
Q: [0.0, 6.0, 0.0, 7.0, 0.0, 5.0, 13.0, 5.0, 15.0, 5.0, 15.0, 5.0, 0.0, 8.0, 0.0, 8.0, 13.0, 5.0, 15.0, 5.0, 0.0, 0.0]
B: [0.0, 169.0, 173.05406684701, 195.72351838431, 229.96360391281002, 267.0, 277.4634044651, 289.38614345409997, 309.0, 319.4016530417, 332.1221722921, 349.7014002615, 352.76847264408, 367.02741965988, 403.46754987368, 414.0, 437.0, 460.2743670161, 462.48504315700995, 479.36819410700997, 484.71624440594996, 488.4111199113]
