Avion: 4      Iteracion: 2

Num Ruta: 6
Ingresos: 2451.322
Costos: 693.844621031
Utilidad Ruta: 1757.47737897
Costo Reducido: 1459.18444512
Nodos: [104, 16, 51, 24, 9, 44, 59, 10, 45, 3, 38, 35, 70, 18, 57, 22, 53, 31, 66, 8, 43, 5, 33, 40, 68, 29, 4, 27, 39, 62, 64, 714]
q: [0.0, 9.0, -9.0, 11.0, 0.0, 0.0, -11.0, 12.0, -12.0, 13.0, -13.0, 8.0, -8.0, 10.0, -10.0, 10.0, -10.0, 9.0, -9.0, 8.0, -8.0, 9.0, 5.0, -9.0, -5.0, 9.0, 3.0, 3.0, -3.0, -3.0, -9.0, 0.0]
Q: [0.0, 9.0, 0.0, 11.0, 11.0, 11.0, 0.0, 12.0, 0.0, 13.0, 0.0, 8.0, 0.0, 10.0, 0.0, 10.0, 0.0, 9.0, 0.0, 8.0, 0.0, 9.0, 14.0, 5.0, 0.0, 9.0, 12.0, 15.0, 12.0, 9.0, 0.0, 0.0]
B: [0.0, 37.6306202048, 47.25471164244, 72.48091072194, 78.91778775976, 108.44502476226, 133.50058817636, 145.28651885666, 174.80602959106, 256.0, 261.08428175852, 274.08526633661995, 286.00800532561993, 306.42615844971994, 320.0, 341.7546861389, 357.2375335514, 406.0, 434.325479078, 443.10832519984, 463.87672181584, 473.62953269271003, 487.32769986941, 500.61787857401004, 529.63025319241, 549.0, 569.7100026316, 587.3247771689, 603.6755897481, 609.09084828302, 624.53822585982, 651.30865590862]
