Avion: 7      Iteracion: 11

Num Ruta: 12
Ingresos: 1628.247
Costos: 309.572446924
Utilidad Ruta: 1318.67455308
Costo Reducido: 273.111328466
Nodos: [107, 14, 49, 11, 46, 1, 36, 35, 70, 23, 58, 22, 57, 717]
q: [0, 8.0, -8.0, 6.0, -6.0, 7.0, -7.0, 8.0, -8.0, 10.0, -10.0, 10.0, -10.0, 0]
Q: [0, 8.0, 0.0, 6.0, 0.0, 7.0, 0.0, 8.0, 0.0, 10.0, 0.0, 10.0, 0.0, 0]
B: [0.0, 112.0, 124.021711775, 169.0, 173.05406684701, 195.72351838431, 229.96360391281002, 270.0, 281.922738989, 302.04960511369995, 341.78344801869997, 357.5398720102, 379.2945581491, 381.26134690237]
