Avion: 1      Iteracion: 28

Num Ruta: 23
Ingresos: 2069.548
Costos: 442.26075589
Utilidad Ruta: 1627.28724411
Costo Reducido: 104.424914973
Nodos: [101, 17, 52, 24, 59, 1, 36, 33, 68, 21, 4, 39, 56, 711]
q: [0, 5.0, -5.0, 11.0, -11.0, 7.0, -7.0, 5.0, -5.0, 12.0, 3.0, -3.0, -12.0, 0]
Q: [0, 5.0, 0.0, 11.0, 0.0, 7.0, 0.0, 5.0, 0.0, 12.0, 15.0, 12.0, 0.0, 0]
B: [0.0, 24.0, 58.8425537813, 75.400837086, 113.9137873885, 175.0, 209.2400855285, 437.0, 478.9526650524, 489.83214242959997, 529.0, 549.4257496801999, 566.2286940948, 588.4711797696999]
