Avion: 6      Iteracion: 24

Num Ruta: 27
Ingresos: 819.445
Costos: 283.7206068
Utilidad Ruta: 535.7243932
Costo Reducido: 133.21157916
Nodos: [106, 35, 70, 8, 33, 43, 68, 4, 27, 39, 62, 716]
q: [0, 8.0, -8.0, 8.0, 5.0, -8.0, -5.0, 3.0, 6.0, -3.0, -6.0, 0]
Q: [0, 8.0, 0.0, 8.0, 13.0, 5.0, 0.0, 3.0, 9.0, 6.0, 0.0, 0]
B: [0.0, 270.0, 281.922738989, 414.0, 437.0, 460.2743670161, 482.23124805599997, 529.0, 546.6147745373, 562.9655871165, 568.38084565142, 578.0865160043601]
