Avion: 1      Iteracion: 2

Num Ruta: 6
Ingresos: 1726.739
Costos: 527.880365249
Utilidad Ruta: 1198.85863475
Costo Reducido: 1011.73868668
Nodos: [101, 30, 16, 51, 65, 24, 59, 3, 38, 18, 53, 22, 57, 33, 68, 29, 4, 39, 64, 711]
q: [0.0, 6.0, 9.0, -9.0, -6.0, 11.0, -11.0, 13.0, -13.0, 10.0, -10.0, 10.0, -10.0, 5.0, -5.0, 9.0, 3.0, -3.0, -9.0, 0.0]
Q: [0.0, 6.0, 15.0, 6.0, 0.0, 11.0, 0.0, 13.0, 0.0, 10.0, 0.0, 10.0, 0.0, 5.0, 0.0, 9.0, 12.0, 9.0, 0.0, 0.0]
B: [0.0, 64.0, 72.20259129788, 81.82668273552001, 84.69783929691, 109.43181018721, 147.94476048971, 256.0, 261.08428175852, 293.0, 316.8182362487, 332.3010836612, 354.0557698001, 437.0, 478.9526650524, 549.0, 569.7100026316, 590.1357523117999, 602.3548233485, 618.4553323156]
