Avion: 4      Iteracion: 43

Num Ruta: 44
Ingresos: 1056.574
Costos: 280.700979028
Utilidad Ruta: 775.873020972
Costo Reducido: 36.6197822458
Nodos: [104, 17, 52, 16, 51, 33, 68, 29, 64, 714]
q: [0, 5.0, -5.0, 9.0, -9.0, 5.0, -5.0, 9.0, -9.0, 0]
Q: [0, 5.0, 0.0, 9.0, 0.0, 5.0, 0.0, 9.0, 0.0, 0]
B: [0.0, 24.0, 58.8425537813, 64.17419311644, 73.79828455408, 437.0, 478.9526650524, 549.0, 582.7797797802, 609.550209829]
