Avion: 5      Iteracion: 51

Num Ruta: 44
Ingresos: 1015.178
Costos: 356.934044381
Utilidad Ruta: 658.243955619
Costo Reducido: 54.3858132469
Nodos: [105, 30, 16, 51, 65, 35, 70, 18, 53, 31, 19, 54, 66, 715]
q: [0.0, 11.0, 4.0, -4.0, -11.0, 8.0, -8.0, 10.0, -10.0, 8.0, 7.0, -7.0, -8.0, 0.0]
Q: [0.0, 11.0, 15.0, 11.0, 0.0, 8.0, 0.0, 10.0, 0.0, 8.0, 15.0, 8.0, 0.0, 0.0]
B: [0.0, 64.0, 72.20259129788, 81.82668273552001, 84.69783929691, 270.0, 281.922738989, 302.3408921131, 326.15912836179996, 406.0, 427.4250045741, 454.0521208656, 476.4702851526, 490.2230289152]
