Avion: 6      Iteracion: 98

Num Ruta: 73
Ingresos: 1643.331
Costos: 388.854715935
Utilidad Ruta: 1254.47628407
Costo Reducido: 42.4746620112
Nodos: [106, 17, 10, 52, 45, 32, 67, 34, 69, 33, 6, 41, 13, 48, 68, 29, 27, 64, 62, 716]
q: [0.0, 5.0, 10.0, -5.0, -10.0, 11.0, -11.0, 8.0, -8.0, 5.0, 0.0, 0.0, 10.0, -10.0, -5.0, 9.0, 6.0, -9.0, -6.0, 0.0]
Q: [0.0, 5.0, 15.0, 10.0, 0.0, 11.0, 0.0, 8.0, 0.0, 5.0, 5.0, 5.0, 15.0, 5.0, 0.0, 9.0, 15.0, 6.0, 0.0, 0.0]
B: [0.0, 24.0, 96.0, 113.2607991993, 147.8505213867, 309.0, 319.4016530417, 346.1750898215, 382.6152200353, 437.0, 463.1548069196, 466.84709631779, 480.25716242499, 497.14031337499, 502.48836367393, 549.0, 574.6018082369, 582.8182362320799, 598.26561380888, 607.97128416182]
