Avion: 4      Iteracion: 39

Num Ruta: 40
Ingresos: 315.477
Costos: 216.457357814
Utilidad Ruta: 99.0196421865
Costo Reducido: 19.7903490676
Nodos: [104, 29, 64, 714]
q: [0, 9.0, -9.0, 0]
Q: [0, 9.0, 0.0, 0]
B: [0.0, 549.0, 582.7797797802, 609.550209829]
