Avion: 1      Iteracion: 71

Num Ruta: 44
Ingresos: 517.706
Costos: 346.326295637
Utilidad Ruta: 171.379704363
Costo Reducido: 17.6031563491
Nodos: [101, 34, 69, 33, 68, 711]
q: [0, 8.0, -8.0, 5.0, -5.0, 0]
Q: [0, 8.0, 0.0, 5.0, 0.0, 0]
B: [0.0, 322.0, 358.4401302138, 437.0, 478.9526650524, 496.1448322514]
