Avion: 4      Iteracion: 26

Num Ruta: 28
Ingresos: 553.383
Costos: 223.515836555
Utilidad Ruta: 329.867163445
Costo Reducido: 40.2885033996
Nodos: [104, 11, 46, 25, 60, 29, 64, 714]
q: [0, 6.0, -6.0, 10.0, -10.0, 9.0, -9.0, 0]
Q: [0, 6.0, 0.0, 10.0, 0.0, 9.0, 0.0, 0]
B: [0.0, 169.0, 173.05406684701, 410.0, 427.1849823101, 549.0, 582.7797797802, 609.550209829]
