Avion: 6      Iteracion: 111

Num Ruta: 82
Ingresos: 642.004
Costos: 187.187108497
Utilidad Ruta: 454.816891503
Costo Reducido: 10.6532048471
Nodos: [106, 30, 16, 51, 65, 35, 70, 32, 67, 26, 61, 6, 41, 5, 40, 716]
q: [0.0, 11.0, 4.0, -4.0, -11.0, 8.0, -8.0, 11.0, -11.0, 10.0, -10.0, 4.0, -4.0, 9.0, -9.0, 0.0]
Q: [0.0, 11.0, 15.0, 11.0, 0.0, 8.0, 0.0, 11.0, 0.0, 10.0, 0.0, 4.0, 0.0, 9.0, 0.0, 0.0]
B: [0.0, 64.0, 72.20259129788, 81.82668273552001, 84.69783929691, 270.0, 281.922738989, 309.0, 319.4016530417, 332.1221722921, 349.7014002615, 436.0, 439.69228939819, 469.0, 470.12168890518, 476.84504297885]
