Avion: 3      Iteracion: 53

Num Ruta: 40
Ingresos: 2986.944
Costos: 428.54654867
Utilidad Ruta: 2558.39745133
Costo Reducido: 70.3936692884
Nodos: [103, 11, 46, 1, 36, 23, 35, 70, 32, 67, 26, 61, 58, 31, 19, 66, 33, 54, 68, 21, 4, 39, 56, 27, 62, 713]
q: [0.0, 6.0, -6.0, 7.0, -7.0, 7.0, 8.0, -8.0, 8.0, -8.0, 8.0, -8.0, -7.0, 8.0, 7.0, -8.0, 5.0, -7.0, -5.0, 12.0, 3.0, -3.0, -12.0, 6.0, -6.0, 0.0]
Q: [0.0, 6.0, 0.0, 7.0, 0.0, 7.0, 15.0, 7.0, 15.0, 7.0, 15.0, 7.0, 0.0, 8.0, 15.0, 7.0, 12.0, 5.0, 0.0, 12.0, 15.0, 12.0, 0.0, 6.0, 0.0, 0.0]
B: [0.0, 169.0, 173.05406684701, 195.72351838431, 229.96360391281002, 267.0, 277.4634044651, 289.38614345409997, 309.0, 319.4016530417, 332.1221722921, 349.7014002615, 352.76847264408, 406.0, 427.4250045741, 443.5262214225, 465.9243828649, 487.4727766333, 509.3782214587, 520.2576988359, 535.2054872007, 555.6312368808999, 572.4341812954999, 585.6116294930999, 602.6424918611999, 630.9132121385]
