Avion: 4      Iteracion: 91

Num Ruta: 74
Ingresos: 2069.709
Costos: 362.684229149
Utilidad Ruta: 1707.02477085
Costo Reducido: 17.850274941
Nodos: [104, 17, 52, 9, 44, 19, 25, 60, 31, 54, 66, 5, 40, 2, 37, 29, 64, 714]
q: [0.0, 5.0, -5.0, 11.0, -11.0, 7.0, 0.0, 0.0, 8.0, -7.0, -8.0, 9.0, -9.0, 10.0, -10.0, 9.0, -9.0, 0.0]
Q: [0.0, 5.0, 0.0, 11.0, 0.0, 7.0, 7.0, 7.0, 15.0, 8.0, 0.0, 9.0, 0.0, 10.0, 0.0, 9.0, 0.0, 0.0]
B: [0.0, 24.0, 58.8425537813, 81.72911018459999, 111.25634718709999, 402.0, 411.3920072402, 428.57698955029997, 433.39863615700995, 450.50467558760994, 472.92283987460996, 492.81932408661, 493.94101299179, 522.0, 562.7349620474, 572.53970258451, 606.31948236471, 633.08991241351]
