Avion: 5      Iteracion: 83

Num Ruta: 60
Ingresos: 766.461
Costos: 370.501187079
Utilidad Ruta: 395.959812921
Costo Reducido: 3.31185031475
Nodos: [105, 11, 46, 1, 36, 35, 70, 32, 67, 34, 69, 715]
q: [0, 6.0, -6.0, 7.0, -7.0, 8.0, -8.0, 11.0, -11.0, 8.0, -8.0, 0]
Q: [0, 6.0, 0.0, 7.0, 0.0, 8.0, 0.0, 11.0, 0.0, 8.0, 0.0, 0]
B: [0.0, 169.0, 173.05406684701, 195.72351838431, 229.96360391281002, 270.0, 281.922738989, 309.0, 319.4016530417, 346.1750898215, 382.6152200353, 401.14959828220003]
