Avion: 6      Iteracion: 21

Num Ruta: 24
Ingresos: 1376.677
Costos: 286.161822745
Utilidad Ruta: 1090.51517725
Costo Reducido: 89.7678355912
Nodos: [106, 17, 52, 24, 59, 11, 46, 19, 25, 60, 31, 54, 66, 5, 40, 716]
q: [0.0, 5.0, -5.0, 11.0, -11.0, 6.0, -6.0, 5.0, 10.0, -10.0, 9.0, -5.0, -9.0, 9.0, -9.0, 0.0]
Q: [0.0, 5.0, 0.0, 11.0, 0.0, 6.0, 0.0, 5.0, 15.0, 5.0, 14.0, 9.0, 0.0, 9.0, 0.0, 0.0]
B: [0.0, 24.0, 58.8425537813, 75.400837086, 113.9137873885, 169.0, 173.05406684701, 402.0, 411.3920072402, 428.57698955029997, 433.39863615700995, 450.50467558760994, 472.92283987460996, 492.81932408661, 493.94101299179, 500.66436706546]
