Avion: 4      Iteracion: 90

Num Ruta: 73
Ingresos: 1639.916
Costos: 359.584403335
Utilidad Ruta: 1280.33159667
Costo Reducido: 23.1813174593
Nodos: [104, 17, 52, 9, 44, 18, 35, 70, 53, 28, 31, 66, 63, 25, 60, 29, 64, 714]
q: [0.0, 5.0, -5.0, 11.0, -11.0, 7.0, 8.0, -8.0, -7.0, 6.0, 9.0, -9.0, -6.0, 0.0, 0.0, 9.0, -9.0, 0.0]
Q: [0.0, 5.0, 0.0, 11.0, 0.0, 7.0, 15.0, 7.0, 0.0, 6.0, 15.0, 6.0, 0.0, 0.0, 0.0, 9.0, 0.0, 0.0]
B: [0.0, 24.0, 58.8425537813, 81.72911018459999, 111.25634718709999, 293.0, 305.7525351989, 317.67527418789996, 347.44685300059996, 378.0, 406.0, 434.325479078, 462.7399107809, 466.07328939726, 483.25827170736, 549.0, 582.7797797802, 609.550209829]
