Avion: 1      Iteracion: 13

Num Ruta: 14
Ingresos: 857.15
Costos: 327.707329393
Utilidad Ruta: 529.442670607
Costo Reducido: 185.6488288
Nodos: [101, 30, 65, 24, 59, 29, 4, 39, 64, 711]
q: [0, 11.0, -11.0, 11.0, -11.0, 9.0, 3.0, -3.0, -9.0, 0]
Q: [0, 11.0, 0.0, 11.0, 0.0, 9.0, 12.0, 9.0, 0.0, 0]
B: [0.0, 64.0, 82.7140226568, 107.4479935471, 145.9609438496, 549.0, 569.7100026316, 590.1357523117999, 602.3548233485, 618.4553323156]
