Avion: 5      Iteracion: 53

Num Ruta: 45
Ingresos: 1782.496
Costos: 443.762822395
Utilidad Ruta: 1338.73317761
Costo Reducido: 23.1257586566
Nodos: [105, 18, 35, 70, 26, 61, 53, 28, 63, 19, 54, 33, 68, 29, 15, 50, 4, 39, 64, 715]
q: [0.0, 5.0, 8.0, -8.0, 10.0, -10.0, -5.0, 6.0, -6.0, 7.0, -7.0, 5.0, -5.0, 9.0, 0.0, 0.0, 3.0, -3.0, -9.0, 0.0]
Q: [0.0, 5.0, 13.0, 5.0, 15.0, 5.0, 0.0, 6.0, 0.0, 7.0, 0.0, 5.0, 0.0, 9.0, 9.0, 9.0, 12.0, 9.0, 0.0, 0.0]
B: [0.0, 293.0, 305.7525351989, 317.67527418789996, 332.0261363571, 349.60536432649997, 361.0401537867, 378.0, 414.0266187839, 426.5624120576, 453.1895283491, 474.7379221175, 516.6905871699, 549.0, 562.9414599307, 579.3626265458, 584.93730581909, 605.3630554992901, 617.5821265359901, 664.8930704707901]
