Avion: 6      Iteracion: 46

Num Ruta: 42
Ingresos: 1995.491
Costos: 400.331227105
Utilidad Ruta: 1595.15977289
Costo Reducido: 11.5917251351
Nodos: [106, 17, 52, 30, 65, 24, 59, 1, 36, 35, 70, 6, 41, 5, 40, 33, 68, 29, 4, 39, 64, 716]
q: [0, 5.0, -5.0, 11.0, -11.0, 11.0, -11.0, 7.0, -7.0, 8.0, -8.0, 4.0, -4.0, 9.0, -9.0, 5.0, -5.0, 9.0, 3.0, -3.0, -9.0, 0]
Q: [0, 5.0, 0.0, 11.0, 0.0, 11.0, 0.0, 7.0, 0.0, 8.0, 0.0, 4.0, 0.0, 9.0, 0.0, 5.0, 0.0, 9.0, 12.0, 9.0, 0.0, 0]
B: [0.0, 24.0, 58.8425537813, 64.0, 82.7140226568, 107.4479935471, 145.9609438496, 175.0, 209.2400855285, 270.0, 281.922738989, 436.0, 439.69228939819, 469.0, 470.12168890518, 483.41186760978, 525.3645326621801, 549.0, 569.7100026316, 590.1357523117999, 602.3548233485, 622.7520306327999]
