Avion: 2      Iteracion: 33

Num Ruta: 30
Ingresos: 1584.573
Costos: 614.147205901
Utilidad Ruta: 970.425794099
Costo Reducido: 108.598007808
Nodos: [102, 16, 51, 10, 45, 26, 32, 67, 34, 61, 69, 19, 25, 60, 54, 6, 41, 13, 48, 29, 27, 62, 64, 712]
q: [0.0, 0.0, 0.0, 12.0, -12.0, 0.0, 11.0, -11.0, 8.0, 0.0, -8.0, 7.0, 8.0, -8.0, -7.0, 4.0, -4.0, 15.0, -15.0, 9.0, 6.0, -6.0, -9.0, 0.0]
Q: [0.0, 0.0, 0.0, 12.0, 0.0, 0.0, 11.0, 0.0, 8.0, 8.0, 0.0, 7.0, 15.0, 7.0, 0.0, 4.0, 0.0, 15.0, 0.0, 9.0, 15.0, 9.0, 0.0, 0.0]
B: [0.0, 36.0, 45.624091437640004, 96.0, 125.5195107344, 300.0, 309.0, 319.4016530417, 346.1750898215, 361.08833591350003, 386.0750898643, 406.6149061244, 416.0069133646, 433.1918956747, 449.9787521106, 461.7697711081, 465.46206050628996, 478.87212661348997, 495.75527756349, 549.0, 574.6018082369, 591.6326706049999, 607.0800481818, 643.5660336556999]
