Avion: 7      Iteracion: 75

Num Ruta: 45
Ingresos: 2007.884
Costos: 362.39372167
Utilidad Ruta: 1645.49027833
Costo Reducido: 14.5243631053
Nodos: [107, 30, 16, 51, 65, 14, 49, 3, 38, 23, 35, 70, 34, 58, 22, 57, 69, 19, 31, 54, 66, 717]
q: [0.0, 11.0, 4.0, -4.0, -11.0, 8.0, -8.0, 13.0, -13.0, 7.0, 8.0, -8.0, 8.0, -7.0, 7.0, -7.0, -8.0, 7.0, 8.0, -7.0, -8.0, 0.0]
Q: [0.0, 11.0, 15.0, 11.0, 0.0, 8.0, 0.0, 13.0, 0.0, 7.0, 15.0, 7.0, 15.0, 8.0, 15.0, 8.0, 0.0, 7.0, 15.0, 8.0, 0.0, 0.0]
B: [0.0, 64.0, 72.20259129788, 81.82668273552001, 84.69783929691, 112.49377995381, 124.51549172881, 256.0, 261.08428175852, 267.0, 277.4634044651, 289.38614345409997, 322.0, 336.2589470158, 352.0153710073, 373.77005714620003, 384.3603074737, 404.9001237338, 426.3251283079, 443.4311677385, 465.8493320255, 469.48405402312]
