Avion: 3      Iteracion: 16

Num Ruta: 18
Ingresos: 2280.377
Costos: 416.246928569
Utilidad Ruta: 1864.13007143
Costo Reducido: 212.19595773
Nodos: [103, 17, 52, 30, 16, 51, 65, 11, 46, 1, 36, 33, 8, 43, 68, 21, 56, 27, 62, 713]
q: [0.0, 5.0, -5.0, 11.0, 4.0, -4.0, -11.0, 6.0, -6.0, 7.0, -7.0, 5.0, 8.0, -8.0, -5.0, 12.0, -12.0, 6.0, -6.0, 0.0]
Q: [0.0, 5.0, 0.0, 11.0, 15.0, 11.0, 0.0, 6.0, 0.0, 7.0, 0.0, 5.0, 13.0, 5.0, 0.0, 12.0, 0.0, 6.0, 0.0, 0.0]
B: [0.0, 39.7453305433, 74.5878843246, 77.73233880829, 85.93493010617, 95.55902154381, 98.4301781052, 169.0, 173.05406684701, 195.72351838431, 229.96360391281002, 437.0, 450.76465480859997, 471.5330514246, 493.4899324645, 504.36940984169996, 545.1082005208999, 558.2856487184999, 575.3165110865999, 603.5872313639]
