Avion: 6      Iteracion: 88

Num Ruta: 64
Ingresos: 1713.742
Costos: 397.134002038
Utilidad Ruta: 1316.60799796
Costo Reducido: 78.795305793
Nodos: [106, 10, 45, 32, 67, 34, 69, 31, 6, 41, 5, 40, 66, 2, 37, 29, 64, 716]
q: [0.0, 12.0, -12.0, 11.0, -11.0, 8.0, -8.0, 9.0, 4.0, -4.0, 0.0, 0.0, -9.0, 10.0, -10.0, 9.0, -9.0, 0.0]
Q: [0.0, 12.0, 0.0, 11.0, 0.0, 8.0, 0.0, 9.0, 13.0, 9.0, 9.0, 9.0, 0.0, 10.0, 0.0, 9.0, 0.0, 0.0]
B: [0.0, 96.0, 125.5195107344, 309.0, 319.4016530417, 346.1750898215, 382.6152200353, 409.7359641438, 436.0, 439.69228939819, 469.0, 470.12168890518, 488.93639618428, 522.0, 562.7349620474, 572.53970258451, 606.31948236471, 626.7166896490099]
