Avion: 1      Iteracion: 5

Num Ruta: 7
Ingresos: 1671.433
Costos: 590.332760156
Utilidad Ruta: 1081.10023984
Costo Reducido: 676.232300235
Nodos: [101, 17, 52, 16, 51, 24, 59, 14, 49, 3, 38, 34, 69, 25, 60, 8, 43, 13, 48, 711]
q: [0, 5.0, -5.0, 9.0, -9.0, 11.0, -11.0, 8.0, -8.0, 13.0, -13.0, 8.0, -8.0, 10.0, -10.0, 8.0, -8.0, 15.0, -15.0, 0]
Q: [0, 5.0, 0.0, 9.0, 0.0, 11.0, 0.0, 8.0, 0.0, 13.0, 0.0, 8.0, 0.0, 10.0, 0.0, 8.0, 0.0, 15.0, 0.0, 0]
B: [0.0, 24.0, 58.8425537813, 64.17419311644, 73.79828455408, 99.02448363357999, 137.53743393608, 166.18380323478, 178.20551500978, 256.0, 261.08428175852, 322.0, 358.4401302138, 410.0, 427.1849823101, 453.0055821676, 473.7739787836, 475.98465492451, 492.86780587451, 508.11920794121]
