Avion: 5      Iteracion: 54

Num Ruta: 46
Ingresos: 648.731
Costos: 372.046880778
Utilidad Ruta: 276.684119222
Costo Reducido: 26.1602583956
Nodos: [105, 30, 16, 51, 65, 35, 70, 32, 67, 33, 13, 48, 68, 715]
q: [0.0, 6.0, 9.0, -9.0, -6.0, 8.0, -8.0, 11.0, -11.0, 5.0, 10.0, -10.0, -5.0, 0.0]
Q: [0.0, 6.0, 15.0, 6.0, 0.0, 8.0, 0.0, 11.0, 0.0, 5.0, 15.0, 5.0, 0.0, 0.0]
B: [0.0, 64.0, 72.20259129788, 81.82668273552001, 84.69783929691, 270.0, 281.922738989, 309.0, 319.4016530417, 437.0, 462.372931896, 479.256082846, 484.60413314494, 528.3644595834401]
