Avion: 2      Iteracion: 26

Num Ruta: 23
Ingresos: 203.445
Costos: 430.695858605
Utilidad Ruta: -227.250858605
Costo Reducido: 46.3575791219
Nodos: [102, 32, 67, 4, 39, 712]
q: [0, 11.0, -11.0, 3.0, -3.0, 0]
Q: [0, 11.0, 0.0, 3.0, 0.0, 0]
B: [0.0, 309.0, 319.4016530417, 529.0, 549.4257496801999, 586.6476967678999]
