Avion: 3      Iteracion: 47

Num Ruta: 36
Ingresos: 946.814
Costos: 313.913413511
Utilidad Ruta: 632.900586489
Costo Reducido: 14.8791655718
Nodos: [103, 11, 46, 35, 70, 32, 67, 26, 61, 34, 69, 33, 68, 713]
q: [0, 6.0, -6.0, 8.0, -8.0, 11.0, -11.0, 10.0, -10.0, 8.0, -8.0, 5.0, -5.0, 0]
Q: [0, 6.0, 0.0, 8.0, 0.0, 11.0, 0.0, 10.0, 0.0, 8.0, 0.0, 5.0, 0.0, 0]
B: [0.0, 169.0, 173.05406684701, 270.0, 281.922738989, 309.0, 319.4016530417, 332.1221722921, 349.7014002615, 364.6146463535, 401.0547765673, 437.0, 478.9526650524, 482.64754055775]
