Avion: 3      Iteracion: 115

Num Ruta: 58
Ingresos: 868.361
Costos: 255.16753678
Utilidad Ruta: 613.19346322
Costo Reducido: 2.50906986382
Nodos: [103, 11, 46, 35, 70, 33, 13, 48, 68, 29, 64, 27, 62, 713]
q: [0.0, 6.0, -6.0, 8.0, -8.0, 5.0, 10.0, -10.0, -5.0, 9.0, -9.0, 6.0, -6.0, 0.0]
Q: [0.0, 6.0, 0.0, 8.0, 0.0, 5.0, 15.0, 5.0, 0.0, 9.0, 0.0, 6.0, 0.0, 0.0]
B: [0.0, 169.0, 173.05406684701, 270.0, 281.922738989, 437.0, 462.372931896, 479.256082846, 484.60413314494, 549.0, 582.7797797802, 590.99620777538, 608.0270701434799, 636.29779042078]
