Avion: 5      Iteracion: 0

Num Ruta: 3
Ingresos: 3214.541
Costos: 627.101744602
Utilidad Ruta: 2587.4392554
Costo Reducido: -
Nodos: [105, 17, 52, 30, 16, 51, 65, 24, 59, 1, 11, 46, 36, 3, 38, 23, 26, 61, 58, 22, 57, 21, 56, 715]
q: [0.0, 5.0, -5.0, 11.0, 4.0, -4.0, -11.0, 11.0, -11.0, 7.0, 6.0, -6.0, -7.0, 13.0, -13.0, 10.0, 5.0, -5.0, -10.0, 10.0, -10.0, 12.0, -12.0, 0.0]
Q: [0.0, 5.0, 0.0, 11.0, 15.0, 11.0, 0.0, 11.0, 0.0, 7.0, 13.0, 7.0, 0.0, 13.0, 0.0, 10.0, 15.0, 10.0, 0.0, 10.0, 0.0, 12.0, 0.0, 0.0]
B: [0.0, 35.8094227823, 70.65197656359999, 73.79643104728999, 81.99902234516999, 91.62311378281, 94.49427034419999, 119.22824123449999, 157.741191537, 175.0, 193.6808285951, 197.73489544211, 232.05062478011, 256.0, 261.08428175852, 267.0, 301.4413435423, 319.0205715117, 322.08764389428, 337.84406788578, 359.59875402468003, 477.0, 517.7387906792, 571.0705351096999]
