Avion: 7      Iteracion: 1

Num Ruta: 5
Ingresos: 2207.652
Costos: 424.923754502
Utilidad Ruta: 1782.7282455
Costo Reducido: 1268.76548616
Nodos: [107, 9, 44, 14, 49, 3, 38, 23, 18, 53, 58, 34, 28, 69, 19, 63, 25, 60, 54, 717]
q: [0.0, 11.0, -11.0, 8.0, -8.0, 13.0, -13.0, 10.0, 5.0, -5.0, -10.0, 8.0, 6.0, -8.0, 7.0, -6.0, 8.0, -8.0, -7.0, 0.0]
Q: [0.0, 11.0, 0.0, 8.0, 0.0, 13.0, 0.0, 10.0, 15.0, 10.0, 0.0, 8.0, 14.0, 6.0, 13.0, 7.0, 15.0, 7.0, 0.0, 0.0]
B: [0.0, 46.0648734938, 75.5921104963, 112.0, 124.021711775, 256.0, 261.08428175852, 267.0, 293.0, 316.8182362487, 326.74376782137, 341.00271483717, 378.0, 412.6152135628, 433.1550298229, 445.6908230966, 449.02420171296, 466.20918402306, 482.99604045896, 508.48020420826003]
