Avion: 4      Iteracion: 80

Num Ruta: 65
Ingresos: 2204.612
Costos: 409.58336785
Utilidad Ruta: 1795.02863215
Costo Reducido: 8.79988789256
Nodos: [104, 17, 52, 9, 44, 23, 35, 70, 58, 34, 69, 33, 68, 29, 64, 714]
q: [0.0, 5.0, -5.0, 11.0, -11.0, 10.0, 5.0, -5.0, -10.0, 8.0, -8.0, 5.0, -5.0, 9.0, -9.0, 0.0]
Q: [0.0, 5.0, 0.0, 11.0, 0.0, 10.0, 15.0, 10.0, 0.0, 8.0, 0.0, 5.0, 0.0, 9.0, 0.0, 0.0]
B: [0.0, 24.0, 58.8425537813, 81.72911018459999, 111.25634718709999, 267.0, 277.4634044651, 289.38614345409997, 313.15284696969997, 327.41179398549997, 363.85192419929996, 437.0, 478.9526650524, 549.0, 582.7797797802, 609.550209829]
