Avion: 4      Iteracion: 14

Num Ruta: 17
Ingresos: 1649.555
Costos: 499.524562114
Utilidad Ruta: 1150.03043789
Costo Reducido: 251.380465127
Nodos: [104, 10, 30, 65, 45, 1, 36, 25, 60, 31, 66, 5, 40, 33, 68, 29, 64, 714]
q: [0.0, 12.0, 3.0, -3.0, -12.0, 7.0, -7.0, 10.0, -10.0, 9.0, -9.0, 9.0, -9.0, 5.0, -5.0, 9.0, -9.0, 0.0]
Q: [0.0, 12.0, 15.0, 12.0, 0.0, 7.0, 0.0, 10.0, 0.0, 9.0, 0.0, 9.0, 0.0, 5.0, 0.0, 9.0, 0.0, 0.0]
B: [0.0, 96.0, 112.7389035782, 131.452926235, 150.3537241282, 188.77306529900002, 223.01315082750003, 410.0, 427.1849823101, 432.00662891681, 460.33210799481, 480.22859220681, 481.35028111199, 494.64045981659, 536.59312486899, 549.0, 582.7797797802, 609.550209829]
