Avion: 3      Iteracion: 8

Num Ruta: 11
Ingresos: 2329.101
Costos: 564.170893093
Utilidad Ruta: 1764.93010691
Costo Reducido: 320.010658372
Nodos: [103, 16, 51, 9, 44, 14, 49, 11, 46, 1, 36, 32, 67, 34, 69, 8, 6, 41, 43, 13, 48, 21, 4, 39, 56, 27, 62, 713]
q: [0, 9.0, -9.0, 11.0, -11.0, 8.0, -8.0, 6.0, -6.0, 7.0, -7.0, 11.0, -11.0, 8.0, -8.0, 8.0, 4.0, -4.0, -8.0, 15.0, -15.0, 12.0, 3.0, -3.0, -12.0, 6.0, -6.0, 0]
Q: [0, 9.0, 0.0, 11.0, 0.0, 8.0, 0.0, 6.0, 0.0, 7.0, 0.0, 11.0, 0.0, 8.0, 0.0, 8.0, 12.0, 8.0, 0.0, 15.0, 0.0, 12.0, 15.0, 12.0, 0.0, 6.0, 0.0, 0]
B: [0.0, 36.0, 45.624091437640004, 75.68094759394, 105.20818459644, 115.46499131194001, 127.48670308694001, 169.0, 173.05406684701, 195.72351838431, 229.96360391281002, 309.0, 319.4016530417, 346.1750898215, 382.6152200353, 414.0, 441.9144979715, 445.60678736969, 458.47278985688996, 460.68346599779994, 477.56661694779996, 493.07801333879996, 529.0, 549.4257496801999, 566.2286940948, 579.4061422924, 596.4370046605, 624.7077249378]
