Avion: 3      Iteracion: 39

Num Ruta: 33
Ingresos: 643.446
Costos: 201.270778034
Utilidad Ruta: 442.175221966
Costo Reducido: 3.35175733582
Nodos: [103, 11, 46, 19, 33, 54, 68, 713]
q: [0, 6.0, -6.0, 7.0, 5.0, -7.0, -5.0, 0]
Q: [0, 6.0, 0.0, 7.0, 12.0, 5.0, 0.0, 0]
B: [0.0, 169.0, 173.05406684701, 402.0, 438.5935603624, 460.1419541308, 482.0473989562, 485.74227446155004]
