Avion: 6      Iteracion: 2

Num Ruta: 5
Ingresos: 1944.938
Costos: 422.12844996
Utilidad Ruta: 1522.80955004
Costo Reducido: 1647.66289303
Nodos: [106, 24, 59, 22, 57, 18, 53, 31, 66, 8, 33, 43, 68, 29, 27, 64, 62, 716]
q: [0, 11.0, -11.0, 10.0, -10.0, 10.0, -10.0, 9.0, -9.0, 8.0, 5.0, -8.0, -5.0, 9.0, 6.0, -9.0, -6.0, 0]
Q: [0, 11.0, 0.0, 10.0, 0.0, 10.0, 0.0, 9.0, 0.0, 8.0, 13.0, 5.0, 0.0, 9.0, 15.0, 6.0, 0.0, 0]
B: [0.0, 61.0, 99.5129503025, 299.0, 320.7546861389, 334.15512273630003, 357.973358985, 406.0, 434.325479078, 443.10832519984, 456.87298000844, 480.14734702453995, 502.10422806443995, 549.0, 574.6018082369, 582.8182362320799, 598.26561380888, 607.97128416182]
