Avion: 7      Iteracion: 0

Num Ruta: 2
Ingresos: 2216.277
Costos: 573.855340178
Utilidad Ruta: 1642.42165982
Costo Reducido: -
Nodos: [107, 17, 10, 52, 14, 49, 45, 1, 36, 3, 38, 22, 57, 26, 61, 28, 31, 66, 63, 717]
q: [0.0, 5.0, 10.0, -5.0, 5.0, -5.0, -10.0, 7.0, -7.0, 13.0, -13.0, 10.0, -10.0, 10.0, -10.0, 6.0, 9.0, -9.0, -6.0, 0.0]
Q: [0.0, 5.0, 15.0, 10.0, 15.0, 10.0, 0.0, 7.0, 0.0, 13.0, 0.0, 10.0, 0.0, 10.0, 0.0, 6.0, 15.0, 6.0, 0.0, 0.0]
B: [0.0, 45.942580685, 96.0, 113.2607991993, 125.6993520492, 137.7210638242, 183.2441460573, 221.6634872281, 255.9035727566, 263.0001246658, 268.08440642432, 299.0, 320.7546861389, 357.0876895518, 374.6669175212, 385.0748345558, 406.0, 434.325479078, 462.7399107809, 493.8471979175]
