Avion: 2      Iteracion: 15

Num Ruta: 16
Ingresos: 67.527
Costos: 356.743883854
Utilidad Ruta: -289.216883854
Costo Reducido: 44.7003645456
Nodos: [102, 16, 51, 712]
q: [0, 9.0, -9.0, 0]
Q: [0, 9.0, 0.0, 0]
B: [0.0, 36.0, 45.624091437640004, 82.83280358954]
