Avion: 1      Iteracion: 85

Num Ruta: 51
Ingresos: 2155.088
Costos: 323.933324947
Utilidad Ruta: 1831.15467505
Costo Reducido: 49.1448723322
Nodos: [101, 30, 65, 24, 59, 1, 36, 8, 19, 54, 43, 21, 4, 56, 39, 711]
q: [0, 11.0, -11.0, 11.0, -11.0, 7.0, -7.0, 8.0, 7.0, -7.0, -8.0, 12.0, 3.0, -12.0, -3.0, 0]
Q: [0, 11.0, 0.0, 11.0, 0.0, 7.0, 0.0, 8.0, 15.0, 8.0, 0.0, 12.0, 15.0, 3.0, 0.0, 0]
B: [0.0, 64.0, 82.7140226568, 107.4479935471, 145.9609438496, 175.0, 209.2400855285, 414.0, 437.1608815463, 463.7879978378, 466.71611702935996, 491.68028873606, 529.0, 558.169797411, 574.9727418256, 591.7817739215]
