Avion: 5      Iteracion: 11

Num Ruta: 13
Ingresos: 481.248
Costos: 255.410293925
Utilidad Ruta: 225.837706075
Costo Reducido: 79.7527655648
Nodos: [105, 18, 53, 28, 25, 63, 60, 715]
q: [0.0, 0.0, 0.0, 6.0, 9.0, -6.0, -9.0, 0.0]
Q: [0.0, 0.0, 0.0, 6.0, 15.0, 9.0, 0.0, 0.0]
B: [0.0, 293.0, 316.8182362487, 378.0, 414.5748134377, 417.90819205406, 435.21428080916, 472.35718809976004]
