Avion: 7      Iteracion: 0

Num Ruta: 1
Ingresos: 69600.0
Costos: 306.766237604
Utilidad Ruta: 69293.2337624
Costo Reducido: -
Nodos: [107, 16, 61, 30, 75, 44, 89, 19, 64, 20, 4, 65, 49, 917]
q: [0, 11.0, -11.0, 11.0, -11.0, 14.0, -14.0, 7.0, -7.0, 10.0, 5.0, -10.0, -5.0, 0]
Q: [0, 11.0, 0.0, 11.0, 0.0, 14.0, 0.0, 7.0, 0.0, 10.0, 15.0, 5.0, 0.0, 0]
B: [0.0, 36.0, 45.624091437640004, 64.0, 82.7140226568, 211.0, 265.00737440390003, 402.0, 428.6271162915, 496.0, 529.0, 561.0963231072, 572.9575463578, 579.78019635615]
