Avion: 1      Iteracion: 49

Num Ruta: 49
Ingresos: 102000.0
Costos: 291.651000952
Utilidad Ruta: 101708.348999
Costo Reducido: 7.47413200885
Nodos: [101, 30, 16, 61, 75, 24, 69, 1, 46, 45, 90, 32, 43, 77, 88, 21, 38, 50, 5, 83, 66, 911]
q: [0.0, 11.0, 4.0, -4.0, -11.0, 14.0, -14.0, 7.0, -7.0, 11.0, -11.0, 6.0, 5.0, -6.0, -5.0, 7.0, 8.0, -12.0, 12.0, -8.0, -7.0, 0.0]
Q: [0.0, 11.0, 15.0, 11.0, 0.0, 14.0, 0.0, 7.0, 0.0, 11.0, 0.0, 6.0, 11.0, 5.0, 0.0, 7.0, 15.0, 3.0, 15.0, 7.0, 0.0, 0.0]
B: [0.0, 64.0, 72.20259129788, 81.82668273552001, 84.69783929691, 109.43181018721, 147.94476048971, 175.0, 209.2400855285, 371.0, 380.19162363242, 422.0, 451.0, 474.5469186944, 488.3458735099, 495.62888092442, 502.45179386539, 524.03348657009, 525.15517547527, 549.98572426097, 557.05565283204, 579.25381286844]
