Avion: 6      Iteracion: 45

Num Ruta: 46
Ingresos: 109200.0
Costos: 283.964117958
Utilidad Ruta: 108916.035882
Costo Reducido: 19.4333067152
Nodos: [106, 14, 59, 3, 48, 18, 63, 39, 28, 84, 13, 58, 73, 21, 66, 27, 72, 37, 82, 916]
q: [0.0, 8.0, -8.0, 15.0, -15.0, 11.0, -11.0, 8.0, 7.0, -8.0, 8.0, -8.0, -7.0, 13.0, -13.0, 6.0, -6.0, 15.0, -15.0, 0.0]
Q: [0.0, 8.0, 0.0, 15.0, 0.0, 11.0, 0.0, 8.0, 15.0, 7.0, 15.0, 7.0, 0.0, 13.0, 0.0, 6.0, 0.0, 15.0, 0.0, 0.0]
B: [0.0, 112.0, 124.021711775, 256.0, 261.08428175852, 293.0, 316.8182362487, 388.0, 399.3210123222, 412.3114993416, 423.0, 439.88315095, 462.92158097460003, 477.0, 517.7387906792, 538.0, 555.0308623681, 562.0, 582.7946534714999, 604.0940059733999]
