Avion: 7      Iteracion: 14

Num Ruta: 16
Ingresos: 115200.0
Costos: 417.872321819
Utilidad Ruta: 114782.127678
Costo Reducido: 96281.5206065
Nodos: [107, 16, 61, 14, 59, 11, 56, 42, 23, 87, 26, 68, 71, 45, 90, 41, 86, 13, 58, 20, 38, 4, 27, 83, 65, 72, 49, 917]
q: [0.0, 11.0, -11.0, 8.0, -8.0, 8.0, -8.0, 5.0, 10.0, -5.0, 0.0, -10.0, 0.0, 11.0, -11.0, 13.0, -13.0, 15.0, -15.0, 0.0, 8.0, 1.0, 6.0, -8.0, 0.0, -6.0, -1.0, 0.0]
Q: [0.0, 11.0, 0.0, 8.0, 0.0, 8.0, 0.0, 5.0, 15.0, 10.0, 10.0, 0.0, 0.0, 11.0, 0.0, 13.0, 0.0, 15.0, 0.0, 0.0, 8.0, 9.0, 15.0, 7.0, 7.0, 1.0, 0.0, 0.0]
B: [0.0, 36.0, 45.624091437640004, 112.0, 124.021711775, 169.0, 173.05406684701, 239.0, 267.0, 304.0156388571, 310.91111744818, 330.59749022228, 333.66456260486, 371.0, 380.19162363242, 446.0, 466.0411203529, 480.3821530912, 497.2653040412, 511.1958892766, 513.27695871321, 529.0, 546.6147745373, 558.1505018659001, 585.5275095914001, 601.6852754023, 607.10053393722, 613.92318393557]
