Avion: 2      Iteracion: 56

Num Ruta: 52
Ingresos: 62400.0
Costos: 183.608295042
Utilidad Ruta: 62216.391705
Costo Reducido: 16.7688055795
Nodos: [102, 44, 89, 8, 53, 13, 58, 29, 27, 74, 72, 912]
q: [0, 14.0, -14.0, 8.0, -8.0, 15.0, -15.0, 9.0, 6.0, -9.0, -6.0, 0]
Q: [0, 14.0, 0.0, 8.0, 0.0, 15.0, 0.0, 9.0, 15.0, 6.0, 0.0, 0]
B: [0.0, 211.0, 265.00737440390003, 414.0, 434.768396616, 436.97907275691, 453.86222370691, 549.0, 574.6018082369, 582.8182362320799, 598.26561380888, 604.50959723295]
