Avion: 4      Iteracion: 39

Num Ruta: 39
Ingresos: 141600.0
Costos: 338.402704472
Utilidad Ruta: 141261.597296
Costo Reducido: 58.1274987215
Nodos: [104, 30, 16, 61, 75, 14, 59, 3, 48, 23, 18, 63, 68, 6, 51, 5, 50, 41, 86, 43, 20, 88, 15, 60, 4, 49, 65, 33, 78, 914]
q: [0.0, 11.0, 4.0, -4.0, -11.0, 8.0, -8.0, 15.0, -15.0, 4.0, 11.0, -11.0, -4.0, 5.0, -5.0, 12.0, -12.0, 13.0, -13.0, 5.0, 10.0, -5.0, 5.0, -5.0, 5.0, -5.0, -10.0, 10.0, -10.0, 0.0]
Q: [0.0, 11.0, 15.0, 11.0, 0.0, 8.0, 0.0, 15.0, 0.0, 4.0, 15.0, 4.0, 0.0, 5.0, 0.0, 12.0, 0.0, 13.0, 0.0, 5.0, 15.0, 10.0, 15.0, 10.0, 15.0, 10.0, 0.0, 10.0, 0.0, 0.0]
B: [0.0, 64.0, 72.20259129788, 81.82668273552001, 84.69783929691, 112.49377995381, 124.51549172881, 256.0, 261.08428175852, 267.0, 293.0, 316.8182362487, 326.74376782137, 436.0, 439.69228939819, 469.0, 470.12168890518, 478.94792672205, 498.98904707495, 509.35519240485, 518.04819522321, 526.98842430305, 537.24143254455, 553.66259915965, 559.23727843294, 579.66302811314, 591.52425136374, 602.34605070584, 625.64956194344, 638.8656697668399]
