Avion: 2      Iteracion: 52

Num Ruta: 50
Ingresos: 85200.0
Costos: 324.794659206
Utilidad Ruta: 84875.2053408
Costo Reducido: 12.2313174502
Nodos: [102, 12, 57, 10, 55, 1, 46, 8, 32, 53, 13, 77, 58, 20, 7, 52, 65, 912]
q: [0.0, 14.0, -14.0, 12.0, -12.0, 7.0, -7.0, 8.0, 6.0, -8.0, 9.0, -6.0, -9.0, 10.0, 5.0, -5.0, -10.0, 0.0]
Q: [0.0, 14.0, 0.0, 12.0, 0.0, 7.0, 0.0, 8.0, 14.0, 6.0, 15.0, 9.0, 0.0, 10.0, 15.0, 10.0, 0.0, 0.0]
B: [0.0, 54.0, 97.347924264, 106.06569462115, 135.58520535555, 175.0, 209.2400855285, 414.0, 425.4468981388, 447.8266328334, 450.03730897431, 463.87948875211003, 467.95043913255006, 496.0, 517.0, 545.5413118129, 558.5049963585999, 580.0972167399999]
