Avion: 5      Iteracion: 41

Num Ruta: 42
Ingresos: 141600.0
Costos: 458.64413383
Utilidad Ruta: 141141.355866
Costo Reducido: 14.8964277282
Nodos: [105, 17, 62, 12, 57, 31, 11, 56, 76, 1, 46, 3, 48, 23, 18, 63, 68, 28, 73, 25, 21, 70, 20, 66, 65, 37, 82, 915]
q: [0.0, 5.0, -5.0, 14.0, -14.0, 6.0, 8.0, -8.0, -6.0, 7.0, -7.0, 15.0, -15.0, 10.0, 5.0, -5.0, -10.0, 8.0, -8.0, 10.0, 5.0, -10.0, 10.0, -5.0, -10.0, 15.0, -15.0, 0.0]
Q: [0.0, 5.0, 0.0, 14.0, 0.0, 6.0, 14.0, 6.0, 0.0, 7.0, 0.0, 15.0, 0.0, 10.0, 15.0, 10.0, 0.0, 8.0, 0.0, 10.0, 15.0, 5.0, 15.0, 10.0, 0.0, 15.0, 0.0, 0.0]
B: [0.0, 24.0, 58.8425537813, 78.5512475229, 121.8991717869, 142.8165051734, 169.0, 173.05406684701, 176.74844541451, 195.73813951421, 229.97822504271, 256.0, 261.08428175852, 267.0, 293.0, 316.8182362487, 326.74376782137, 378.0, 414.0266187839, 417.35999740026, 477.0, 485.168713485, 496.0, 532.4252917215, 553.0247123444, 564.6022302995, 585.3968837709999, 610.4620617077]
