Avion: 4      Iteracion: 0

Num Ruta: 1
Ingresos: 86400.0
Costos: 349.542633119
Utilidad Ruta: 86050.4573669
Costo Reducido: -
Nodos: [104, 24, 69, 36, 81, 22, 67, 39, 84, 32, 77, 15, 60, 38, 83, 914]
q: [0, 14.0, -14.0, 15.0, -15.0, 10.0, -10.0, 8.0, -8.0, 6.0, -6.0, 11.0, -11.0, 8.0, -8.0, 0]
Q: [0, 14.0, 0.0, 15.0, 0.0, 10.0, 0.0, 8.0, 0.0, 6.0, 0.0, 11.0, 0.0, 8.0, 0.0, 0]
B: [0.0, 61.0, 99.5129503025, 251.0, 257.94814406874, 299.0, 320.7546861389, 388.0, 410.632187455, 436.244028857, 464.1013846719, 511.0, 527.4211666151, 531.5084323270399, 564.3773189677399, 585.4255117880399]
