Avion: 7      Iteracion: 54

Num Ruta: 48
Ingresos: 102000.0
Costos: 265.291035543
Utilidad Ruta: 101734.708964
Costo Reducido: 5.19965947644
Nodos: [107, 9, 54, 14, 59, 3, 48, 23, 18, 63, 68, 22, 67, 45, 90, 19, 8, 64, 53, 917]
q: [0.0, 11.0, -11.0, 8.0, -8.0, 15.0, -15.0, 10.0, 5.0, -5.0, -10.0, 10.0, -10.0, 11.0, -11.0, 7.0, 8.0, -7.0, -8.0, 0.0]
Q: [0.0, 11.0, 0.0, 8.0, 0.0, 15.0, 0.0, 10.0, 15.0, 10.0, 0.0, 10.0, 0.0, 11.0, 0.0, 7.0, 15.0, 8.0, 0.0, 0.0]
B: [0.0, 28.0, 57.5272370025, 112.0, 124.021711775, 256.0, 261.08428175852, 267.0, 293.0, 316.8182362487, 326.74376782137, 342.50019181287, 364.25487795177, 376.01755218007, 385.20917581249, 402.0, 425.1608815463, 443.1178409771, 446.04596016866, 462.64707088456]
