Avion: 7      Iteracion: 13

Num Ruta: 15
Ingresos: 141600.0
Costos: 513.711328439
Utilidad Ruta: 141086.288672
Costo Reducido: 94445.7538992
Nodos: [107, 24, 69, 31, 1, 76, 44, 42, 46, 3, 48, 89, 87, 26, 71, 22, 67, 45, 90, 19, 64, 43, 88, 15, 7, 60, 27, 52, 2, 72, 47, 917]
q: [0.0, 14.0, -14.0, 6.0, 7.0, -6.0, 3.0, 5.0, -7.0, 7.0, -7.0, -3.0, -5.0, 13.0, -13.0, 10.0, -10.0, 11.0, -11.0, 7.0, -7.0, 5.0, -5.0, 6.0, 9.0, -6.0, 6.0, -9.0, 9.0, -6.0, -9.0, 0.0]
Q: [0.0, 14.0, 0.0, 6.0, 13.0, 7.0, 10.0, 15.0, 8.0, 15.0, 8.0, 5.0, 0.0, 13.0, 0.0, 10.0, 0.0, 11.0, 0.0, 7.0, 0.0, 5.0, 0.0, 6.0, 15.0, 9.0, 15.0, 6.0, 15.0, 9.0, 0.0, 0.0]
B: [0.0, 61.0, 99.5129503025, 130.0, 175.0, 193.9896940997, 211.0, 239.0, 264.0626014013, 271.1591533105, 276.24343506902, 300.40779912022, 318.03590568332, 324.9313842744, 342.5106122438, 356.1447928939, 377.8994790328, 389.6621532611, 398.85377689352, 410.69563114022, 437.32274743171996, 457.52729394971993, 474.7896150567199, 511.0, 524.7672641436, 535.6720037094999, 553.3857892167999, 569.2255640888999, 579.3557325474999, 590.8078056348999, 620.1483359811998, 654.4952040334998]
