Avion: 3      Iteracion: 41

Num Ruta: 41
Ingresos: 28800.0
Costos: 121.393718914
Utilidad Ruta: 28678.6062811
Costo Reducido: 22.499095968
Nodos: [103, 17, 62, 12, 57, 6, 51, 913]
q: [0, 5.0, -5.0, 14.0, -14.0, 5.0, -5.0, 0]
Q: [0, 5.0, 0.0, 14.0, 0.0, 5.0, 0.0, 0]
B: [0.0, 24.0, 58.8425537813, 78.5512475229, 121.8991717869, 436.0, 439.69228939819, 456.41742784308997]
