Avion: 3      Iteracion: 32

Num Ruta: 34
Ingresos: 68400.0
Costos: 270.774025153
Utilidad Ruta: 68129.2259748
Costo Reducido: 78.8753603738
Nodos: [103, 10, 55, 35, 80, 45, 90, 20, 65, 2, 47, 29, 74, 913]
q: [0, 12.0, -12.0, 6.0, -6.0, 11.0, -11.0, 10.0, -10.0, 9.0, -9.0, 9.0, -9.0, 0]
Q: [0, 12.0, 0.0, 6.0, 0.0, 11.0, 0.0, 10.0, 0.0, 9.0, 0.0, 9.0, 0.0, 0]
B: [0.0, 96.0, 125.5195107344, 279.0, 298.9128833924, 371.0, 380.19162363242, 496.0, 538.1771424471, 545.50743971256, 586.24240175996, 596.04714229707, 629.82692207727, 648.46408669527]
