Avion: 1      Iteracion: 18

Num Ruta: 21
Ingresos: 139200.0
Costos: 442.819992282
Utilidad Ruta: 138757.180008
Costo Reducido: 182.458377503
Nodos: [101, 9, 54, 12, 57, 31, 14, 59, 11, 56, 76, 36, 81, 19, 32, 64, 77, 13, 58, 15, 21, 60, 20, 38, 83, 66, 65, 911]
q: [0.0, 11.0, -11.0, 14.0, -14.0, 6.0, 8.0, -8.0, 8.0, -8.0, -6.0, 15.0, -15.0, 7.0, 6.0, -7.0, -6.0, 15.0, -15.0, 11.0, 4.0, -11.0, 3.0, 8.0, -8.0, -4.0, -3.0, 0.0]
Q: [0.0, 11.0, 0.0, 14.0, 0.0, 6.0, 14.0, 6.0, 14.0, 6.0, 0.0, 15.0, 0.0, 7.0, 13.0, 6.0, 0.0, 15.0, 0.0, 11.0, 15.0, 4.0, 7.0, 15.0, 7.0, 3.0, 0.0, 0.0]
B: [0.0, 28.0, 57.5272370025, 68.3142737596, 111.6621980236, 132.5795314101, 150.0992138273, 162.1209256023, 191.56935471149998, 195.62342155851, 199.31780012600998, 251.0, 257.94814406874, 402.0, 422.0, 441.5724706923, 458.69984714049997, 472.5420269183, 489.4251778683, 511.0, 516.67223351071, 527.47150163401, 533.60535368635, 535.68642312296, 568.55530976366, 575.62523833473, 596.22465895763, 626.82554464743]
