Avion: 4      Iteracion: 46

Num Ruta: 45
Ingresos: 69600.0
Costos: 249.244813398
Utilidad Ruta: 69350.7551866
Costo Reducido: 7.70808295516
Nodos: [104, 18, 63, 28, 73, 25, 43, 70, 88, 20, 7, 52, 65, 2, 47, 914]
q: [0.0, 11.0, -11.0, 8.0, -8.0, 10.0, 5.0, -10.0, -5.0, 10.0, 5.0, -5.0, -10.0, 9.0, -9.0, 0.0]
Q: [0.0, 11.0, 0.0, 8.0, 0.0, 10.0, 15.0, 5.0, 0.0, 10.0, 15.0, 10.0, 0.0, 9.0, 0.0, 0.0]
B: [0.0, 293.0, 316.8182362487, 378.0, 414.0266187839, 417.35999740026, 451.0, 464.0372215215, 471.78639754221, 496.0, 517.0, 545.5413118129, 558.5049963585999, 565.8352936240599, 606.5702556714599, 630.1772825914599]
