Avion: 5      Iteracion: 73

Num Ruta: 56
Ingresos: 159600.0
Costos: 456.381238426
Utilidad Ruta: 159143.618762
Costo Reducido: 22.9350345868
Nodos: [105, 17, 30, 62, 16, 61, 75, 24, 69, 1, 46, 3, 48, 23, 18, 63, 68, 28, 73, 25, 21, 70, 38, 83, 66, 33, 78, 27, 72, 37, 82, 915]
q: [0.0, 5.0, 10.0, -5.0, 5.0, -5.0, -10.0, 14.0, -14.0, 7.0, -7.0, 15.0, -15.0, 4.0, 11.0, -11.0, -4.0, 8.0, -8.0, 8.0, 7.0, -8.0, 8.0, -8.0, -7.0, 10.0, -10.0, 6.0, -6.0, 15.0, -15.0, 0.0]
Q: [0.0, 5.0, 15.0, 10.0, 15.0, 10.0, 0.0, 14.0, 0.0, 7.0, 0.0, 15.0, 0.0, 4.0, 15.0, 4.0, 0.0, 8.0, 0.0, 8.0, 15.0, 7.0, 15.0, 7.0, 0.0, 10.0, 0.0, 6.0, 0.0, 15.0, 0.0, 0.0]
B: [0.0, 24.0, 64.0, 67.14445448369, 72.47609381883, 82.10018525647, 84.97134181786, 109.70531270816, 148.21826301066, 175.0, 209.2400855285, 256.0, 261.08428175852, 267.0, 293.0, 316.8182362487, 326.74376782137, 378.0, 414.0266187839, 417.35999740026, 477.0, 485.168713485, 489.49037624371, 522.35926288441, 529.42919145548, 562.0, 585.3035112376, 592.52226459258, 609.55312696068, 616.38909258377, 637.1837460552699, 662.24892399197]
