Avion: 6      Iteracion: 12

Num Ruta: 15
Ingresos: 142800.0
Costos: 485.876274264
Utilidad Ruta: 142314.123726
Costo Reducido: 210443.037545
Nodos: [106, 16, 61, 40, 85, 14, 59, 11, 56, 1, 46, 3, 48, 22, 67, 32, 25, 77, 70, 15, 60, 7, 52, 2, 47, 916]
q: [0.0, 11.0, -11.0, 15.0, -15.0, 8.0, -8.0, 8.0, -8.0, 7.0, -7.0, 15.0, -15.0, 10.0, -10.0, 6.0, 9.0, -6.0, -9.0, 11.0, -11.0, 10.0, -10.0, 9.0, -9.0, 0.0]
Q: [0.0, 11.0, 0.0, 15.0, 0.0, 8.0, 0.0, 8.0, 0.0, 7.0, 0.0, 15.0, 0.0, 10.0, 0.0, 6.0, 15.0, 9.0, 0.0, 11.0, 0.0, 10.0, 0.0, 9.0, 0.0, 0.0]
B: [0.0, 36.0, 45.624091437640004, 77.27284989674001, 109.84229167884001, 138.42069361104, 150.44240538604, 179.89083449524, 183.94490134225, 206.61435287955, 240.85443840805002, 256.0, 261.08428175852, 299.0, 320.7546861389, 422.0, 442.6664482919, 469.8986961242, 480.8837643989, 511.0, 527.4211666151, 538.3259061809999, 566.8672179938999, 576.9973864524999, 617.7323484998999, 631.5810388711999]
