Avion: 3      Iteracion: 69

Num Ruta: 58
Ingresos: 68400.0
Costos: 184.330731424
Utilidad Ruta: 68215.6692686
Costo Reducido: 3.29994558627
Nodos: [103, 17, 62, 14, 59, 3, 48, 8, 45, 90, 32, 53, 38, 77, 83, 913]
q: [0.0, 5.0, -5.0, 8.0, -8.0, 15.0, -15.0, 8.0, 7.0, -7.0, 6.0, -8.0, 8.0, -6.0, -8.0, 0.0]
Q: [0.0, 5.0, 0.0, 8.0, 0.0, 15.0, 0.0, 8.0, 15.0, 8.0, 14.0, 6.0, 14.0, 8.0, 0.0, 0.0]
B: [0.0, 24.0, 58.8425537813, 112.0, 124.021711775, 256.0, 261.08428175852, 414.0, 417.40515271317, 426.59677634559, 428.13238729892, 450.51212199352, 480.0, 495.0304472322, 517.0265259964, 526.9905013576699]
