Avion: 2      Iteracion: 65

Num Ruta: 55
Ingresos: 108000.0
Costos: 217.365888735
Utilidad Ruta: 107782.634111
Costo Reducido: 1.97432749512
Nodos: [102, 14, 59, 3, 48, 8, 45, 90, 19, 64, 53, 6, 51, 41, 50, 5, 86, 7, 4, 52, 49, 912]
q: [0.0, 8.0, -8.0, 15.0, -15.0, 8.0, 7.0, -7.0, 7.0, -7.0, -8.0, 5.0, -5.0, 13.0, -12.0, 12.0, -13.0, 10.0, 5.0, -10.0, -5.0, 0.0]
Q: [0.0, 8.0, 0.0, 15.0, 0.0, 8.0, 15.0, 8.0, 15.0, 8.0, 0.0, 5.0, 0.0, 13.0, 1.0, 13.0, 0.0, 10.0, 15.0, 5.0, 0.0, 0.0]
B: [0.0, 112.0, 124.021711775, 256.0, 261.08428175852, 414.0, 417.40515271317, 426.59677634559, 438.43863059229, 465.06574688379, 467.99386607534996, 477.1845377047799, 480.8768271029699, 499.9935470098699, 508.8197848267399, 509.9414737319199, 521.9673618488199, 532.3775200128199, 542.7408933053199, 562.01325429202, 563.1736283696299, 574.8278287283299]
