Avion: 5      Iteracion: 7

Num Ruta: 9
Ingresos: 97200.0
Costos: 420.902442331
Utilidad Ruta: 96779.0975577
Costo Reducido: 194569.181074
Nodos: [105, 12, 57, 14, 59, 44, 89, 35, 26, 80, 71, 13, 58, 32, 77, 29, 74, 915]
q: [0.0, 14.0, -14.0, 8.0, -8.0, 14.0, -14.0, 2.0, 13.0, -2.0, -13.0, 15.0, -15.0, 6.0, -6.0, 9.0, -9.0, 0.0]
Q: [0.0, 14.0, 0.0, 8.0, 0.0, 14.0, 0.0, 2.0, 15.0, 13.0, 0.0, 15.0, 0.0, 6.0, 0.0, 9.0, 0.0, 0.0]
B: [0.0, 54.0, 97.347924264, 133.8671580457, 145.8888698207, 211.0, 265.00737440390003, 285.42358781380005, 300.0, 309.29300538039, 319.11482114938, 423.0, 439.88315095, 467.2623045162, 495.1196603311, 549.0, 582.7797797802, 608.5617657394]
