Avion: 2      Iteracion: 2

Num Ruta: 6
Ingresos: 181200.0
Costos: 576.380572055
Utilidad Ruta: 180623.619428
Costo Reducido: 258051.647542
Nodos: [102, 30, 75, 24, 69, 31, 11, 76, 56, 44, 89, 36, 81, 34, 79, 45, 90, 19, 25, 70, 64, 13, 58, 20, 7, 4, 52, 49, 2, 65, 33, 78, 47, 912]
q: [0.0, 11.0, -11.0, 14.0, -14.0, 6.0, 8.0, -6.0, -8.0, 14.0, -14.0, 15.0, -15.0, 12.0, -12.0, 11.0, -11.0, 5.0, 10.0, -10.0, -5.0, 15.0, -15.0, 10.0, 0.0, 5.0, 0.0, -5.0, 5.0, -10.0, 10.0, -10.0, -5.0, 0.0]
Q: [0.0, 11.0, 0.0, 14.0, 0.0, 6.0, 14.0, 8.0, 0.0, 14.0, 0.0, 15.0, 0.0, 12.0, 0.0, 11.0, 0.0, 5.0, 15.0, 5.0, 0.0, 15.0, 0.0, 10.0, 10.0, 15.0, 15.0, 10.0, 15.0, 5.0, 15.0, 5.0, 0.0, 0.0]
B: [0.0, 64.0, 82.7140226568, 107.4479935471, 145.9609438496, 157.2453016071, 170.428030801, 170.906909700097, 174.601288267597, 211.0, 265.00737440390003, 304.21876092620005, 311.16690499494007, 324.8866529882401, 365.83425102524006, 407.8971587825401, 417.08878241496006, 428.93063666166006, 438.32264390186003, 455.50762621196003, 472.29448264786004, 476.52210195428006, 493.4052529042801, 507.33583813968005, 517.0, 529.0, 548.2723609867, 549.43273506431, 558.88720157491, 566.21749884037, 577.03929818247, 600.34280942007, 618.86159345147, 644.7924371708699]
