Avion: 5      Iteracion: 31

Num Ruta: 32
Ingresos: 99600.0
Costos: 374.152864628
Utilidad Ruta: 99225.8471354
Costo Reducido: 24.3582541752
Nodos: [105, 17, 62, 40, 85, 14, 59, 3, 48, 19, 25, 70, 32, 8, 64, 53, 77, 20, 7, 65, 52, 915]
q: [0.0, 5.0, -5.0, 15.0, -15.0, 8.0, -8.0, 15.0, -15.0, 1.0, 10.0, -10.0, 6.0, 8.0, -1.0, -8.0, -6.0, 10.0, 5.0, -10.0, -5.0, 0.0]
Q: [0.0, 5.0, 0.0, 15.0, 0.0, 8.0, 0.0, 15.0, 0.0, 1.0, 11.0, 1.0, 7.0, 15.0, 14.0, 6.0, 0.0, 10.0, 15.0, 5.0, 0.0, 0.0]
B: [0.0, 24.0, 58.8425537813, 82.5415246028, 115.1109663849, 143.6893683171, 155.7110800921, 256.0, 261.08428175852, 402.0, 411.3920072402, 428.57698955029997, 447.12191899209995, 458.56881713089996, 476.52577656169996, 479.4538957532599, 495.5029944818599, 511.4620669486599, 520.2050213692199, 561.04225218862, 574.0059367343199, 596.3123856897199]
