Avion: 2      Iteracion: 22

Num Ruta: 24
Ingresos: 134400.0
Costos: 538.751174866
Utilidad Ruta: 133861.248825
Costo Reducido: 187.76109145
Nodos: [102, 17, 62, 16, 61, 40, 85, 31, 76, 44, 42, 87, 89, 8, 45, 90, 32, 77, 53, 41, 86, 20, 4, 49, 2, 65, 33, 78, 47, 912]
q: [0.0, 5.0, -5.0, 11.0, -11.0, 15.0, -15.0, 6.0, -6.0, 10.0, 5.0, -5.0, -10.0, 8.0, 7.0, -7.0, 6.0, -6.0, -8.0, 13.0, -13.0, 6.0, 5.0, -5.0, 9.0, -6.0, 6.0, -6.0, -9.0, 0.0]
Q: [0.0, 5.0, 0.0, 11.0, 0.0, 15.0, 0.0, 6.0, 0.0, 10.0, 15.0, 10.0, 0.0, 8.0, 15.0, 8.0, 14.0, 8.0, 0.0, 13.0, 0.0, 6.0, 11.0, 6.0, 15.0, 9.0, 15.0, 9.0, 0.0, 0.0]
B: [0.0, 36.2584976247, 71.101051406, 76.43269074114, 86.05678217878, 117.70554063788, 150.27498241998, 173.61347142418, 186.91908542728, 211.0, 239.0, 287.0498346511, 304.6779412142, 414.0, 417.40515271317, 426.59677634559, 428.13238729892, 455.98974311382, 472.03884184241997, 488.05857192751995, 508.09969228041996, 521.62713272572, 531.90628376072, 552.33203344092, 561.78649995152, 569.11679721698, 579.93859655908, 603.24210779668, 621.7608918280799, 647.6917355474799]
