Avion: 2      Iteracion: 40

Num Ruta: 42
Ingresos: 82800.0
Costos: 243.289475059
Utilidad Ruta: 82556.7105249
Costo Reducido: 25.1516169318
Nodos: [102, 44, 42, 89, 87, 26, 71, 22, 67, 8, 53, 5, 50, 6, 51, 27, 72, 912]
q: [0.0, 10.0, 5.0, -10.0, -5.0, 13.0, -13.0, 10.0, -10.0, 8.0, -8.0, 12.0, -12.0, 5.0, -5.0, 6.0, -6.0, 0.0]
Q: [0.0, 10.0, 15.0, 5.0, 0.0, 13.0, 0.0, 10.0, 0.0, 8.0, 0.0, 12.0, 0.0, 5.0, 0.0, 6.0, 0.0, 0.0]
B: [0.0, 211.0, 239.0, 276.4881823646, 294.1162889277, 301.01176751878, 318.59099548818, 332.22517613828, 353.97986227718, 414.0, 434.768396616, 469.0, 470.12168890518, 486.34528175638, 490.03757115457, 538.0, 555.0308623681, 561.27484579217]
