Avion: 3      Iteracion: 21

Num Ruta: 23
Ingresos: 33600.0
Costos: 103.935376029
Utilidad Ruta: 33496.064624
Costo Reducido: 43.408217544
Nodos: [103, 36, 81, 21, 66, 913]
q: [0, 15.0, -15.0, 13.0, -13.0, 0]
Q: [0, 15.0, 0.0, 13.0, 0.0, 0]
B: [0.0, 251.0, 257.94814406874, 477.0, 517.7387906792, 534.7289915314999]
