Avion: 2      Iteracion: 1

Num Ruta: 5
Ingresos: 200400.0
Costos: 611.947520926
Utilidad Ruta: 199788.052479
Costo Reducido: 226948.245811
Nodos: [102, 16, 61, 12, 57, 31, 14, 59, 76, 1, 46, 3, 48, 23, 18, 63, 68, 26, 71, 8, 53, 13, 58, 41, 50, 5, 86, 7, 4, 52, 49, 2, 33, 78, 47, 912]
q: [0.0, 11.0, -11.0, 14.0, -14.0, 6.0, 8.0, -8.0, -6.0, 7.0, -7.0, 15.0, -15.0, 4.0, 11.0, -11.0, -4.0, 13.0, -13.0, 8.0, -8.0, 15.0, -15.0, 13.0, -12.0, 12.0, -13.0, 10.0, 5.0, -10.0, -5.0, 5.0, 10.0, -10.0, -5.0, 0.0]
Q: [0.0, 11.0, 0.0, 14.0, 0.0, 6.0, 14.0, 6.0, 0.0, 7.0, 0.0, 15.0, 0.0, 4.0, 15.0, 4.0, 0.0, 13.0, 0.0, 8.0, 0.0, 15.0, 0.0, 13.0, 1.0, 13.0, 0.0, 10.0, 15.0, 5.0, 0.0, 5.0, 15.0, 5.0, 0.0, 0.0]
B: [0.0, 36.0, 45.624091437640004, 79.57799432084, 122.92591858484, 143.84325197134, 161.36293438854, 173.38464616354, 202.45020313394, 221.43989723363998, 255.67998276213999, 262.77653467133996, 267.86081642985994, 271.2233037532599, 293.0, 316.8182362487, 326.74376782137, 346.43014059547, 364.00936856487, 414.0, 434.768396616, 436.97907275691, 453.86222370691, 488.66817499401003, 497.49441281088, 498.61610171606003, 510.64198983296, 521.05214799696, 531.41552128946, 550.68788227616, 551.84825635377, 561.30272286437, 575.08832379437, 598.39183503197, 616.91061906337, 642.8414627827699]
