Avion: 6      Iteracion: 30

Num Ruta: 32
Ingresos: 34800.0
Costos: 128.860055373
Utilidad Ruta: 34671.1399446
Costo Reducido: 52.6493830071
Nodos: [106, 24, 69, 1, 46, 8, 53, 916]
q: [0, 14.0, -14.0, 7.0, -7.0, 8.0, -8.0, 0]
Q: [0, 14.0, 0.0, 7.0, 0.0, 8.0, 0.0, 0]
B: [0.0, 61.0, 99.5129503025, 175.0, 209.2400855285, 414.0, 434.768396616, 455.5245070657]
