Avion: 5      Iteracion: 8

Num Ruta: 10
Ingresos: 51600.0
Costos: 315.313229068
Utilidad Ruta: 51284.6867709
Costo Reducido: 160635.034045
Nodos: [105, 12, 57, 44, 89, 35, 26, 80, 71, 29, 74, 915]
q: [0.0, 14.0, -14.0, 14.0, -14.0, 6.0, 0.0, -6.0, 0.0, 9.0, -9.0, 0.0]
Q: [0.0, 14.0, 0.0, 14.0, 0.0, 6.0, 6.0, 0.0, 0.0, 9.0, 0.0, 0.0]
B: [0.0, 54.0, 97.347924264, 211.0, 265.00737440390003, 285.42358781380005, 300.0, 309.29300538039, 319.11482114938, 549.0, 582.7797797802, 608.5617657394]
