Avion: 5      Iteracion: 37

Num Ruta: 38
Ingresos: 81600.0
Costos: 206.626904347
Utilidad Ruta: 81393.3730957
Costo Reducido: 37.0898523823
Nodos: [105, 1, 46, 3, 48, 23, 18, 63, 68, 26, 71, 6, 51, 41, 86, 915]
q: [0.0, 7.0, -7.0, 15.0, -15.0, 4.0, 11.0, -11.0, -4.0, 13.0, -13.0, 5.0, -5.0, 13.0, -13.0, 0.0]
Q: [0.0, 7.0, 0.0, 15.0, 0.0, 4.0, 15.0, 4.0, 0.0, 13.0, 0.0, 5.0, 0.0, 13.0, 0.0, 0.0]
B: [0.0, 175.0, 209.2400855285, 256.0, 261.08428175852, 267.0, 293.0, 316.8182362487, 326.74376782137, 346.43014059547, 364.00936856487, 436.0, 439.69228939819, 458.80900930509, 478.85012965799, 484.69912632409]
