Avion: 5      Iteracion: 79

Num Ruta: 61
Ingresos: 109200.0
Costos: 379.185626847
Utilidad Ruta: 108820.814373
Costo Reducido: 19.3403761419
Nodos: [105, 31, 11, 56, 76, 44, 89, 23, 18, 63, 68, 28, 73, 25, 21, 70, 20, 66, 65, 2, 33, 78, 47, 915]
q: [0.0, 6.0, 8.0, -8.0, -6.0, 14.0, -14.0, 10.0, 5.0, -5.0, -10.0, 8.0, -8.0, 10.0, 5.0, -10.0, 10.0, -5.0, -10.0, 9.0, 6.0, -6.0, -9.0, 0.0]
Q: [0.0, 6.0, 14.0, 6.0, 0.0, 14.0, 0.0, 10.0, 15.0, 10.0, 0.0, 8.0, 0.0, 10.0, 15.0, 5.0, 15.0, 10.0, 0.0, 9.0, 15.0, 9.0, 0.0, 0.0]
B: [0.0, 130.0, 169.0, 173.05406684701, 176.74844541451, 211.0, 265.00737440390003, 285.83796549010003, 306.01691563620005, 329.83515188490003, 339.76068345757005, 378.0, 414.0266187839, 417.35999740026, 477.0, 485.168713485, 496.0, 532.4252917215, 553.0247123444, 560.35500960986, 574.14061053986, 597.4441217774599, 615.9629058088599, 627.0189894282599]
