Avion: 5      Iteracion: 68

Num Ruta: 54
Ingresos: 69600.0
Costos: 257.319720096
Utilidad Ruta: 69342.6802799
Costo Reducido: 12.1453639226
Nodos: [105, 31, 76, 11, 56, 42, 18, 87, 26, 71, 63, 20, 7, 52, 65, 2, 47, 915]
q: [0.0, 6.0, -6.0, 8.0, -8.0, 5.0, 10.0, -5.0, 5.0, -5.0, -10.0, 10.0, 5.0, -5.0, -10.0, 9.0, -9.0, 0.0]
Q: [0.0, 6.0, 0.0, 8.0, 0.0, 5.0, 15.0, 10.0, 15.0, 10.0, 0.0, 10.0, 15.0, 10.0, 0.0, 9.0, 0.0, 0.0]
B: [0.0, 130.0, 143.3056140031, 169.0, 173.05406684701, 239.0, 293.0, 329.7411826293, 336.63666122038, 354.21588918978, 365.65067864998, 496.0, 517.0, 545.5413118129, 558.5049963585999, 565.8352936240599, 606.5702556714599, 617.62633929086]
