Avion: 1      Iteracion: 35

Num Ruta: 36
Ingresos: 116400.0
Costos: 339.709223109
Utilidad Ruta: 116060.290777
Costo Reducido: 52.9627940572
Nodos: [101, 16, 61, 40, 85, 10, 55, 35, 26, 80, 71, 6, 51, 41, 5, 50, 86, 7, 20, 4, 52, 49, 65, 2, 47, 911]
q: [0.0, 11.0, -11.0, 15.0, -15.0, 12.0, -12.0, 6.0, 9.0, -6.0, -9.0, 5.0, -5.0, 13.0, 2.0, -2.0, -13.0, 10.0, 5.0, 0.0, -10.0, 0.0, -5.0, 9.0, -9.0, 0.0]
Q: [0.0, 11.0, 0.0, 15.0, 0.0, 12.0, 0.0, 6.0, 15.0, 9.0, 0.0, 5.0, 0.0, 13.0, 15.0, 13.0, 0.0, 10.0, 15.0, 15.0, 5.0, 5.0, 0.0, 9.0, 0.0, 0.0]
B: [0.0, 36.0, 45.624091437640004, 77.27284989674001, 109.84229167884001, 127.02298575674001, 156.54249649114, 279.0, 300.0, 309.29300538039, 319.11482114938, 436.0, 439.69228939819, 458.80900930509, 469.0, 470.12168890518, 481.43821014628, 517.0, 525.74295442056, 536.02210545556, 555.29446644226, 556.45484051987, 568.31606377047, 575.64636103593, 616.38132308333, 632.42512967653]
