Avion: 4      Iteracion: 32

Num Ruta: 33
Ingresos: 82800.0
Costos: 275.230507623
Utilidad Ruta: 82524.7694924
Costo Reducido: 72.518227581
Nodos: [104, 16, 61, 12, 57, 10, 55, 11, 56, 36, 81, 29, 74, 914]
q: [0, 11.0, -11.0, 14.0, -14.0, 12.0, -12.0, 8.0, -8.0, 15.0, -15.0, 9.0, -9.0, 0]
Q: [0, 11.0, 0.0, 14.0, 0.0, 12.0, 0.0, 8.0, 0.0, 15.0, 0.0, 9.0, 0.0, 0]
B: [0.0, 36.0, 45.624091437640004, 79.57799432084, 122.92591858484, 131.64368894199, 161.16319967639, 213.80141625899, 217.855483106, 251.0, 257.94814406874, 549.0, 582.7797797802, 607.5882078038]
