Avion: 7      Iteracion: 23

Num Ruta: 24
Ingresos: 18000.0
Costos: 49.5851782041
Utilidad Ruta: 17950.4148218
Costo Reducido: 31.6415056071
Nodos: [107, 7, 4, 52, 49, 917]
q: [0, 10.0, 5.0, -10.0, -5.0, 0]
Q: [0, 10.0, 15.0, 5.0, 0.0, 0]
B: [0.0, 517.0, 529.0, 548.2723609867, 549.43273506431, 556.25538506266]
