Avion: 1      Iteracion: 29

Num Ruta: 31
Ingresos: 84000.0
Costos: 283.208362129
Utilidad Ruta: 83716.7916379
Costo Reducido: 112.76717676
Nodos: [101, 9, 54, 40, 85, 41, 5, 50, 86, 43, 20, 88, 4, 49, 65, 2, 47, 911]
q: [0.0, 11.0, -11.0, 15.0, -15.0, 13.0, 2.0, -2.0, -13.0, 5.0, 10.0, -5.0, 5.0, -5.0, -10.0, 9.0, -9.0, 0.0]
Q: [0.0, 11.0, 0.0, 15.0, 0.0, 13.0, 15.0, 13.0, 0.0, 5.0, 15.0, 10.0, 15.0, 10.0, 0.0, 9.0, 0.0, 0.0]
B: [0.0, 28.0, 57.5272370025, 86.4860319533, 119.0554737354, 446.0, 469.0, 470.12168890518, 481.43821014628, 491.80435547618004, 500.49735829454005, 509.43758737438003, 529.0, 549.4257496801999, 561.2869729308, 568.6172701962599, 609.35223224366, 625.3960388368599]
