Avion: 4      Iteracion: 54

Num Ruta: 51
Ingresos: 21600.0
Costos: 74.8324675324
Utilidad Ruta: 21525.1675325
Costo Reducido: 0.249470737966
Nodos: [104, 31, 76, 34, 79, 914]
q: [0, 6.0, -6.0, 12.0, -12.0, 0]
Q: [0, 6.0, 0.0, 12.0, 0.0, 0]
B: [0.0, 130.0, 143.3056140031, 283.0, 323.947598037, 330.83298560778996]
