Avion: 1      Iteracion: 85

Num Ruta: 74
Ingresos: 63600.0
Costos: 150.249121017
Utilidad Ruta: 63449.750879
Costo Reducido: 4.64988956405
Nodos: [101, 30, 16, 61, 75, 14, 59, 3, 48, 23, 18, 68, 63, 911]
q: [0.0, 11.0, 4.0, -4.0, -11.0, 8.0, -8.0, 15.0, -15.0, 10.0, 5.0, -10.0, -5.0, 0.0]
Q: [0.0, 11.0, 15.0, 11.0, 0.0, 8.0, 0.0, 15.0, 0.0, 10.0, 15.0, 5.0, 0.0, 0.0]
B: [0.0, 64.0, 72.20259129788, 81.82668273552001, 84.69783929691, 112.49377995381, 124.51549172881, 256.0, 261.08428175852, 267.0, 293.0, 318.4393114097, 328.36484298237, 337.84631064302005]
