Avion: 5      Iteracion: 58

Num Ruta: 48
Ingresos: 44400.0
Costos: 147.077737676
Utilidad Ruta: 44252.9222623
Costo Reducido: 5.87915797725
Nodos: [105, 1, 46, 23, 48, 3, 18, 63, 68, 6, 51, 915]
q: [0.0, 7.0, -7.0, 10.0, -10.0, 10.0, 5.0, -5.0, -10.0, 5.0, -5.0, 0.0]
Q: [0.0, 7.0, 0.0, 10.0, 0.0, 10.0, 15.0, 10.0, 0.0, 5.0, 0.0, 0.0]
B: [0.0, 175.0, 209.2400855285, 267.0, 270.3624873234, 275.44676908191997, 293.0, 316.8182362487, 326.74376782137, 436.0, 439.69228939819, 467.65668892688996]
