Avion: 3      Iteracion: 33

Num Ruta: 35
Ingresos: 60000.0
Costos: 210.195248182
Utilidad Ruta: 59789.8047518
Costo Reducido: 25.521573214
Nodos: [103, 28, 73, 25, 19, 70, 64, 5, 50, 2, 37, 82, 47, 913]
q: [0.0, 8.0, -8.0, 8.0, 7.0, -8.0, -7.0, 12.0, -12.0, 9.0, 6.0, -6.0, -9.0, 0.0]
Q: [0.0, 8.0, 0.0, 8.0, 15.0, 7.0, 0.0, 12.0, 0.0, 9.0, 15.0, 9.0, 0.0, 0.0]
B: [0.0, 378.0, 414.0266187839, 417.35999740026, 426.75200464046, 443.42489632125995, 460.21175275715996, 469.0, 470.12168890518, 522.0, 562.0, 582.7946534714999, 617.8028262316, 653.8477628802]
