Avion: 4      Iteracion: 17

Num Ruta: 18
Ingresos: 112800.0
Costos: 450.18024355
Utilidad Ruta: 112349.819756
Costo Reducido: 159.593173252
Nodos: [104, 17, 62, 24, 69, 44, 89, 3, 48, 23, 18, 68, 63, 19, 64, 41, 86, 32, 43, 77, 88, 914]
q: [0.0, 5.0, -5.0, 14.0, -14.0, 14.0, -14.0, 15.0, -15.0, 10.0, 5.0, -10.0, -5.0, 7.0, -7.0, 13.0, -13.0, 6.0, 5.0, -6.0, -5.0, 0.0]
Q: [0.0, 5.0, 0.0, 14.0, 0.0, 14.0, 0.0, 15.0, 0.0, 10.0, 15.0, 5.0, 0.0, 7.0, 0.0, 13.0, 0.0, 6.0, 11.0, 5.0, 0.0, 0.0]
B: [0.0, 26.5094038032, 61.3519575845, 77.9102408892, 116.4231911917, 211.0, 265.00737440390003, 287.39410424550005, 292.47838600402, 295.84087332742, 316.01982347352003, 341.45913488322003, 351.38466645589006, 402.0, 428.6271162915, 446.0, 466.0411203529, 474.43811338612, 481.6509489589, 505.1978676533, 518.9968224688, 539.2613017861]
