Avion: 5      Iteracion: 20

Num Ruta: 21
Ingresos: 157200.0
Costos: 511.866135544
Utilidad Ruta: 156688.133864
Costo Reducido: 246.810445114
Nodos: [105, 17, 30, 62, 16, 61, 75, 40, 85, 11, 56, 44, 89, 18, 63, 22, 67, 32, 8, 53, 13, 77, 58, 20, 5, 50, 2, 65, 33, 78, 47, 915]
q: [0.0, 5.0, 10.0, -5.0, 5.0, -5.0, -10.0, 15.0, -15.0, 8.0, -8.0, 14.0, -14.0, 11.0, -11.0, 10.0, -10.0, 6.0, 8.0, -8.0, 9.0, -6.0, -9.0, 10.0, 5.0, -5.0, 5.0, -10.0, 10.0, -10.0, -5.0, 0.0]
Q: [0.0, 5.0, 15.0, 10.0, 15.0, 10.0, 0.0, 15.0, 0.0, 8.0, 0.0, 14.0, 0.0, 11.0, 0.0, 10.0, 0.0, 6.0, 14.0, 6.0, 15.0, 9.0, 0.0, 10.0, 15.0, 10.0, 15.0, 5.0, 15.0, 5.0, 0.0, 0.0]
B: [0.0, 24.0, 64.0, 67.14445448369, 72.47609381883, 82.10018525647, 84.97134181786, 115.78119589085999, 148.35063767295998, 184.07680158685997, 188.13086843386998, 211.0, 265.00737440390003, 293.45392730580005, 317.2721635545, 332.75501096700003, 354.50969710590005, 422.0, 433.4468981388, 454.2152947548, 456.42597089571, 470.26815067351004, 474.33910105395006, 496.0, 519.9123369832, 521.03402588838, 535.11607634278, 542.44637360824, 562.0, 585.3035112376, 603.8222952689999, 614.8783788884]
