Avion: 2      Iteracion: 33

Num Ruta: 35
Ingresos: 162000.0
Costos: 490.376848259
Utilidad Ruta: 161509.623152
Costo Reducido: 154.711793939
Nodos: [102, 12, 57, 1, 31, 76, 11, 56, 44, 42, 46, 89, 35, 87, 26, 80, 71, 22, 67, 19, 8, 64, 53, 5, 50, 7, 15, 60, 20, 52, 65, 37, 82, 912]
q: [0.0, 14.0, -14.0, 7.0, 6.0, -6.0, 8.0, -8.0, 3.0, 5.0, -7.0, -3.0, 6.0, -5.0, 9.0, -6.0, -9.0, 10.0, -10.0, 7.0, 8.0, -7.0, -8.0, 12.0, -12.0, 5.0, 10.0, -10.0, 10.0, -5.0, -10.0, 15.0, -15.0, 0.0]
Q: [0.0, 14.0, 0.0, 7.0, 13.0, 7.0, 15.0, 7.0, 10.0, 15.0, 8.0, 5.0, 11.0, 6.0, 15.0, 9.0, 0.0, 10.0, 0.0, 7.0, 15.0, 8.0, 0.0, 12.0, 0.0, 5.0, 15.0, 5.0, 15.0, 10.0, 0.0, 15.0, 0.0, 0.0]
B: [0.0, 54.0, 97.347924264, 175.0, 183.89376197118, 197.19937597428, 197.678254873377, 201.732321720387, 213.409622178987, 239.0, 264.0626014013, 280.07715041150004, 300.49336382140007, 304.5498136238801, 311.4452922149601, 320.7382975953501, 330.5601133643401, 344.1942940144401, 365.94898015334013, 402.0, 425.1608815463, 443.1178409771, 446.04596016866, 469.0, 470.12168890518, 517.0, 530.7672641436, 547.1884307587, 553.3222828110399, 582.56829019664, 595.5319747423399, 607.1094926974399, 627.9041461689399, 644.7250079780399]
