Avion: 7      Iteracion: 2

Num Ruta: 6
Ingresos: 127200.0
Costos: 456.879848218
Utilidad Ruta: 126743.120152
Costo Reducido: 127955.965389
Nodos: [107, 9, 54, 24, 69, 31, 14, 59, 11, 56, 76, 1, 46, 3, 48, 18, 34, 79, 63, 13, 64, 19, 58, 917]
q: [0.0, 11.0, -11.0, 14.0, -14.0, 6.0, 8.0, -8.0, 8.0, -8.0, -6.0, 7.0, -7.0, 15.0, -15.0, 11.0, 4.0, -4.0, -11.0, 15.0, -7.0, 7.0, -15.0, 0.0]
Q: [0.0, 11.0, 0.0, 14.0, 0.0, 6.0, 14.0, 6.0, 14.0, 6.0, 0.0, 7.0, 0.0, 15.0, 0.0, 11.0, 15.0, 11.0, 0.0, 15.0, 8.0, 15.0, 0.0, 0.0]
B: [0.0, 28.0, 57.5272370025, 81.6674868976, 120.1804372001, 131.4647949576, 148.98447737479998, 161.00618914979998, 190.45461825899997, 194.50868510600998, 198.20306367350997, 217.19275777320996, 251.43284330170997, 258.52939521090997, 263.61367696942995, 293.0, 316.7154937119, 357.6630917489, 372.8157213887, 423.0, 428.0, 454.6271162915, 480.1475517306, 515.0165418508]
