Avion: 5      Iteracion: 21

Num Ruta: 22
Ingresos: 110400.0
Costos: 365.656502057
Utilidad Ruta: 110034.343498
Costo Reducido: 98.4744353301
Nodos: [105, 17, 30, 62, 16, 61, 75, 40, 85, 1, 31, 76, 11, 56, 44, 46, 3, 48, 23, 89, 35, 80, 26, 71, 68, 915]
q: [0.0, 5.0, 10.0, -5.0, 5.0, -5.0, -10.0, 15.0, -15.0, 7.0, 6.0, -6.0, 8.0, -8.0, 8.0, -7.0, 7.0, -7.0, 7.0, -8.0, 6.0, -6.0, 8.0, -8.0, -7.0, 0.0]
Q: [0.0, 5.0, 15.0, 10.0, 15.0, 10.0, 0.0, 15.0, 0.0, 7.0, 13.0, 7.0, 15.0, 7.0, 15.0, 8.0, 15.0, 8.0, 15.0, 7.0, 13.0, 7.0, 15.0, 7.0, 0.0, 0.0]
B: [0.0, 24.0, 64.0, 67.14445448369, 72.47609381883, 82.10018525647, 84.97134181786, 115.78119589085999, 148.35063767295998, 175.0, 183.89376197118, 197.19937597428, 197.678254873377, 201.732321720387, 213.409622178987, 258.805976415887, 265.902528325087, 270.986810083607, 274.349297407007, 295.179888493207, 315.596101903107, 335.508985295507, 344.801990675897, 362.381218645297, 365.448291027877, 384.74938760297704]
