Avion: 2      Iteracion: 15

Num Ruta: 18
Ingresos: 128400.0
Costos: 597.113548256
Utilidad Ruta: 127802.886452
Costo Reducido: 72483.3101207
Nodos: [102, 17, 62, 40, 85, 10, 55, 23, 34, 68, 79, 8, 53, 13, 58, 41, 86, 20, 33, 65, 2, 47, 78, 912]
q: [0.0, 5.0, -5.0, 15.0, -15.0, 12.0, -12.0, 3.0, 12.0, -3.0, -12.0, 8.0, -8.0, 15.0, -15.0, 13.0, -13.0, 10.0, 5.0, -10.0, 9.0, -9.0, -5.0, 0.0]
Q: [0.0, 5.0, 0.0, 15.0, 0.0, 12.0, 0.0, 3.0, 15.0, 12.0, 0.0, 8.0, 0.0, 15.0, 0.0, 13.0, 0.0, 10.0, 15.0, 5.0, 14.0, 5.0, 0.0, 0.0]
B: [0.0, 36.2584976247, 71.101051406, 94.8000222275, 127.3694640096, 144.5501580875, 174.0696688219, 267.0, 308.6968644505, 345.192375421, 361.7120311075, 414.0, 434.768396616, 436.97907275691, 453.86222370691, 488.66817499401003, 508.70929534691004, 522.2367357922101, 562.0, 572.8217993421, 580.15209660756, 620.88705865496, 639.40584268636, 660.9415290232599]
