Avion: 4      Iteracion: 5

Num Ruta: 7
Ingresos: 121200.0
Costos: 421.085671623
Utilidad Ruta: 120778.914328
Costo Reducido: 160486.671871
Nodos: [104, 16, 61, 24, 30, 69, 10, 75, 55, 11, 56, 26, 71, 13, 58, 41, 86, 37, 82, 914]
q: [0.0, 11.0, -11.0, 14.0, 0.0, -14.0, 12.0, 0.0, -12.0, 8.0, -8.0, 13.0, -13.0, 15.0, -15.0, 13.0, -13.0, 15.0, -15.0, 0.0]
Q: [0.0, 11.0, 0.0, 14.0, 14.0, 0.0, 12.0, 12.0, 0.0, 8.0, 0.0, 13.0, 0.0, 15.0, 0.0, 13.0, 0.0, 15.0, 0.0, 0.0]
B: [0.0, 36.0, 45.624091437640004, 70.85029051714, 89.10719167804, 109.37531307594, 121.16124375624, 139.85429404234, 158.75509193554, 211.39330851814, 215.44737536515, 300.0, 317.5792279694, 423.0, 439.88315095, 474.68910223710003, 494.73022259000004, 562.0, 582.7946534714999, 632.8820788794999]
