Avion: 4      Iteracion: 25

Num Ruta: 26
Ingresos: 60000.0
Costos: 186.959306796
Utilidad Ruta: 59813.0406932
Costo Reducido: 87.855767577
Nodos: [104, 31, 76, 34, 79, 39, 84, 13, 58, 29, 74, 914]
q: [0, 6.0, -6.0, 12.0, -12.0, 8.0, -8.0, 15.0, -15.0, 9.0, -9.0, 0]
Q: [0, 6.0, 0.0, 12.0, 0.0, 8.0, 0.0, 15.0, 0.0, 9.0, 0.0, 0]
B: [0.0, 130.0, 143.3056140031, 283.0, 323.947598037, 388.0, 410.632187455, 423.0, 439.88315095, 549.0, 582.7797797802, 607.5882078038]
