Avion: 4      Iteracion: 33

Num Ruta: 34
Ingresos: 28800.0
Costos: 79.2611110165
Utilidad Ruta: 28720.738889
Costo Reducido: 33.0095873845
Nodos: [104, 36, 81, 29, 74, 914]
q: [0, 15.0, -15.0, 9.0, -9.0, 0]
Q: [0, 15.0, 0.0, 9.0, 0.0, 0]
B: [0.0, 251.0, 257.94814406874, 549.0, 582.7797797802, 607.5882078038]
