Avion: 1      Iteracion: 48

Num Ruta: 48
Ingresos: 80400.0
Costos: 259.390820155
Utilidad Ruta: 80140.6091798
Costo Reducido: 16.9667779355
Nodos: [101, 16, 61, 22, 67, 18, 63, 39, 28, 84, 43, 73, 88, 21, 38, 83, 66, 911]
q: [0.0, 11.0, -11.0, 10.0, -10.0, 11.0, -11.0, 7.0, 8.0, -7.0, 5.0, -8.0, -5.0, 13.0, 2.0, -2.0, -13.0, 0.0]
Q: [0.0, 11.0, 0.0, 10.0, 0.0, 11.0, 0.0, 7.0, 15.0, 8.0, 13.0, 5.0, 0.0, 13.0, 15.0, 13.0, 0.0, 0.0]
B: [0.0, 36.0, 45.624091437640004, 299.0, 320.7546861389, 334.15512273630003, 357.973358985, 388.0, 399.3210123222, 412.3114993416, 451.0, 467.5718045185, 480.63640114450004, 487.91940855902004, 494.74232149999006, 527.61120814069, 534.68113671176, 556.8792967481601]
