Avion: 4      Iteracion: 16

Num Ruta: 17
Ingresos: 123600.0
Costos: 448.783006385
Utilidad Ruta: 123151.216994
Costo Reducido: 955.737623128
Nodos: [104, 16, 61, 30, 75, 24, 69, 18, 34, 63, 79, 28, 73, 25, 70, 8, 53, 41, 86, 21, 66, 914]
q: [0.0, 11.0, -11.0, 11.0, -11.0, 14.0, -14.0, 3.0, 12.0, -3.0, -12.0, 8.0, -8.0, 10.0, -10.0, 8.0, -8.0, 13.0, -13.0, 13.0, -13.0, 0.0]
Q: [0.0, 11.0, 0.0, 11.0, 0.0, 14.0, 0.0, 3.0, 15.0, 12.0, 0.0, 8.0, 0.0, 10.0, 0.0, 8.0, 0.0, 13.0, 0.0, 13.0, 0.0, 0.0]
B: [0.0, 36.0, 45.624091437640004, 64.0, 82.7140226568, 107.4479935471, 145.9609438496, 293.0, 316.7154937119, 344.9475311871, 360.10016082690004, 378.0, 414.0266187839, 417.35999740026, 434.54497971036, 460.36557956786, 481.13397618386, 497.15370626896, 517.19482662186, 535.05788358306, 575.7966742622599, 602.8759229408599]
