Avion: 2      Iteracion: 6

Num Ruta: 9
Ingresos: 164400.0
Costos: 607.500384095
Utilidad Ruta: 163792.499616
Costo Reducido: 228873.522791
Nodos: [102, 17, 30, 62, 16, 61, 75, 24, 69, 44, 3, 48, 23, 89, 35, 80, 68, 22, 67, 45, 90, 6, 51, 41, 86, 43, 88, 7, 4, 52, 49, 2, 33, 78, 47, 912]
q: [0.0, 4.0, 11.0, -4.0, 4.0, -4.0, -11.0, 14.0, -14.0, 0.0, 15.0, -15.0, 9.0, 0.0, 6.0, -6.0, -9.0, 10.0, -10.0, 11.0, -11.0, 5.0, -5.0, 13.0, -13.0, 5.0, -5.0, 10.0, 5.0, -10.0, -5.0, 5.0, 10.0, -10.0, -5.0, 0.0]
Q: [0.0, 4.0, 15.0, 11.0, 15.0, 11.0, 0.0, 14.0, 0.0, 0.0, 15.0, 0.0, 9.0, 9.0, 15.0, 9.0, 0.0, 10.0, 0.0, 11.0, 0.0, 5.0, 0.0, 13.0, 0.0, 5.0, 0.0, 10.0, 15.0, 5.0, 0.0, 5.0, 15.0, 5.0, 0.0, 0.0]
B: [0.0, 36.2584976247, 69.8722092317, 73.01666371539, 78.34830305052999, 87.97239448817, 90.84355104955999, 115.57752193985999, 154.09047224236, 211.0, 256.0, 261.08428175852, 267.0, 287.8305910862, 308.2468044961, 328.1596878885, 340.7782333673, 356.5346573588, 378.28934349770003, 390.05201772600003, 399.24364135842, 436.0, 439.69228939819, 458.80900930509, 478.85012965799, 489.21627498789, 506.47859609489, 523.78068209629, 534.14405538879, 553.41641637549, 554.5767904531, 564.0312569637, 577.8168578937, 601.1203691313, 619.6391531626999, 645.5699968820999]
