Avion: 7      Iteracion: 64

Num Ruta: 53
Ingresos: 154800.0
Costos: 412.185826245
Utilidad Ruta: 154387.814174
Costo Reducido: 3.99377686629
Nodos: [107, 40, 85, 1, 31, 76, 11, 56, 46, 3, 48, 23, 18, 68, 63, 39, 28, 84, 13, 58, 73, 25, 70, 20, 7, 52, 65, 37, 82, 917]
q: [0.0, 15.0, -15.0, 7.0, 6.0, -6.0, 8.0, -8.0, -7.0, 15.0, -15.0, 4.0, 11.0, -4.0, -11.0, 8.0, 7.0, -8.0, 8.0, -8.0, -7.0, 10.0, -10.0, 10.0, 5.0, -5.0, -10.0, 15.0, -15.0, 0.0]
Q: [0.0, 15.0, 0.0, 7.0, 13.0, 7.0, 15.0, 7.0, 0.0, 15.0, 0.0, 4.0, 15.0, 11.0, 0.0, 8.0, 15.0, 7.0, 15.0, 7.0, 0.0, 10.0, 0.0, 10.0, 15.0, 10.0, 0.0, 15.0, 0.0, 0.0]
B: [0.0, 62.0, 94.5694417821, 175.0, 183.89376197118, 197.19937597428, 197.678254873377, 201.732321720387, 236.048051058387, 256.0, 261.08428175852, 267.0, 293.0, 318.4393114097, 328.36484298237, 388.0, 399.3210123222, 412.3114993416, 423.0, 439.88315095, 462.92158097460003, 466.25495959096, 483.43994190106, 496.0, 517.0, 545.5413118129, 558.5049963585999, 570.0825143136999, 590.8771677851998, 610.9488999724998]
