Avion: 6      Iteracion: 6

Num Ruta: 9
Ingresos: 49200.0
Costos: 175.53781915
Utilidad Ruta: 49024.4621809
Costo Reducido: 134616.830393
Nodos: [106, 30, 75, 35, 80, 41, 86, 32, 43, 77, 88, 916]
q: [0, 11.0, -11.0, 6.0, -6.0, 13.0, -13.0, 6.0, 5.0, -6.0, -5.0, 0]
Q: [0, 11.0, 0.0, 6.0, 0.0, 13.0, 0.0, 6.0, 11.0, 5.0, 0.0, 0]
B: [0.0, 64.0, 82.7140226568, 279.0, 298.9128833924, 446.0, 466.0411203529, 474.43811338612, 481.6509489589, 505.1978676533, 518.9968224688, 538.5961020729001]
