Avion: 6      Iteracion: 69

Num Ruta: 57
Ingresos: 120000.0
Costos: 331.707286069
Utilidad Ruta: 119668.292714
Costo Reducido: 14.8782507264
Nodos: [106, 24, 69, 36, 81, 34, 79, 39, 28, 84, 25, 73, 21, 70, 38, 66, 83, 27, 72, 37, 82, 916]
q: [0.0, 14.0, -14.0, 15.0, -15.0, 12.0, -12.0, 8.0, 7.0, -8.0, 8.0, -7.0, 7.0, -8.0, 8.0, -7.0, -8.0, 6.0, -6.0, 15.0, -15.0, 0.0]
Q: [0.0, 14.0, 0.0, 15.0, 0.0, 12.0, 0.0, 8.0, 15.0, 7.0, 15.0, 8.0, 15.0, 7.0, 15.0, 8.0, 0.0, 6.0, 0.0, 15.0, 0.0, 0.0]
B: [0.0, 61.0, 99.5129503025, 251.0, 257.94814406874, 283.0, 323.947598037, 388.0, 399.3210123222, 412.3114993416, 447.6710076102, 451.00438622656, 477.0, 485.168713485, 489.49037624371, 523.97275662851, 531.04268519958, 542.57841252818, 559.60927489628, 566.44524051937, 587.2398939908701, 608.5392464927701]
