Avion: 1      Iteracion: 20

Num Ruta: 23
Ingresos: 156000.0
Costos: 489.1703099
Utilidad Ruta: 155510.82969
Costo Reducido: 266.686550287
Nodos: [101, 30, 16, 61, 75, 40, 85, 11, 56, 44, 89, 18, 63, 22, 67, 8, 53, 5, 50, 41, 86, 7, 20, 52, 65, 2, 47, 911]
q: [0.0, 11.0, 4.0, -4.0, -11.0, 15.0, -15.0, 8.0, -8.0, 14.0, -14.0, 11.0, -11.0, 10.0, -10.0, 8.0, -8.0, 12.0, -12.0, 13.0, -13.0, 5.0, 10.0, -5.0, -10.0, 9.0, -9.0, 0.0]
Q: [0.0, 11.0, 15.0, 11.0, 0.0, 15.0, 0.0, 8.0, 0.0, 14.0, 0.0, 11.0, 0.0, 10.0, 0.0, 8.0, 0.0, 12.0, 0.0, 13.0, 0.0, 5.0, 15.0, 10.0, 0.0, 9.0, 0.0, 0.0]
B: [0.0, 64.0, 72.20259129788, 81.82668273552001, 84.69783929691, 115.50769336991, 148.07713515201, 183.80329906590998, 187.85736591292, 211.0, 265.00737440390003, 293.45392730580005, 317.2721635545, 332.75501096700003, 354.50969710590005, 414.0, 434.768396616, 469.0, 470.12168890518, 478.94792672205, 498.98904707495, 517.0, 525.74295442056, 554.98896180616, 567.9526463518599, 575.2829436173199, 616.0179056647199, 632.0617122579199]
