Avion: 1      Iteracion: 15

Num Ruta: 18
Ingresos: 99600.0
Costos: 383.511107675
Utilidad Ruta: 99216.4888923
Costo Reducido: 99983.7366693
Nodos: [101, 17, 62, 30, 75, 40, 85, 13, 58, 41, 86, 20, 15, 60, 65, 2, 47, 911]
q: [0.0, 5.0, -5.0, 11.0, -11.0, 15.0, -15.0, 15.0, -15.0, 13.0, -13.0, 4.0, 11.0, -11.0, -4.0, 9.0, -9.0, 0.0]
Q: [0.0, 5.0, 0.0, 11.0, 0.0, 15.0, 0.0, 15.0, 0.0, 13.0, 0.0, 4.0, 15.0, 4.0, 0.0, 9.0, 0.0, 0.0]
B: [0.0, 32.1256095351, 66.9681633164, 70.11261780008999, 88.82664045688999, 119.63649452988999, 152.20593631199, 423.0, 439.88315095, 474.68910223710003, 494.73022259000004, 508.2576630353, 518.5585551326001, 534.9797217477001, 571.347523441, 578.67782070646, 619.41278275386, 635.45658934706]
