Avion: 1      Iteracion: 52

Num Ruta: 51
Ingresos: 104400.0
Costos: 307.465828588
Utilidad Ruta: 104092.534171
Costo Reducido: 8.94445139398
Nodos: [101, 30, 75, 16, 61, 14, 59, 18, 63, 39, 28, 84, 13, 58, 25, 73, 70, 21, 38, 83, 66, 911]
q: [0.0, 11.0, -11.0, 11.0, -11.0, 8.0, -8.0, 11.0, -11.0, 8.0, 7.0, -8.0, 8.0, -8.0, 8.0, -7.0, -8.0, 13.0, 2.0, -2.0, -13.0, 0.0]
Q: [0.0, 11.0, 0.0, 11.0, 0.0, 8.0, 0.0, 11.0, 0.0, 8.0, 15.0, 7.0, 15.0, 7.0, 15.0, 8.0, 0.0, 13.0, 15.0, 13.0, 0.0, 0.0]
B: [0.0, 64.0, 82.7140226568, 93.53069441849999, 103.15478585614, 129.94109036054, 141.96280213554, 293.0, 316.8182362487, 388.0, 399.3210123222, 412.3114993416, 423.0, 439.88315095, 463.8957169312, 467.22909554756, 484.53518430266, 492.70389778766, 499.52681072863004, 532.39569736933, 539.4656259404001, 561.6637859768001]
