Avion: 7      Iteracion: 1

Num Ruta: 5
Ingresos: 157200.0
Costos: 471.208468343
Utilidad Ruta: 156728.791532
Costo Reducido: 203730.382911
Nodos: [107, 24, 61, 16, 69, 31, 14, 59, 76, 1, 46, 3, 48, 18, 34, 79, 63, 19, 8, 64, 53, 13, 58, 41, 50, 5, 86, 917]
q: [0.0, 14.0, -11.0, 11.0, -14.0, 6.0, 8.0, -8.0, -6.0, 7.0, -7.0, 15.0, -15.0, 3.0, 12.0, -12.0, -3.0, 7.0, 8.0, -7.0, -8.0, 15.0, -15.0, 13.0, -12.0, 12.0, -13.0, 0.0]
Q: [0.0, 14.0, 3.0, 14.0, 0.0, 6.0, 14.0, 6.0, 0.0, 7.0, 0.0, 15.0, 0.0, 3.0, 15.0, 3.0, 0.0, 7.0, 15.0, 8.0, 0.0, 15.0, 0.0, 13.0, 1.0, 13.0, 0.0, 0.0]
B: [0.0, 61.0, 86.22619907949999, 95.85029051714, 120.25777979813999, 131.54213755563998, 149.06181997283997, 161.08353174783997, 190.14908871823997, 209.13878281793995, 243.37886834643996, 256.0, 261.08428175852, 293.0, 316.7154937119, 357.6630917489, 372.8157213887, 402.0, 425.1608815463, 443.1178409771, 446.04596016866, 448.25663630956996, 465.13978725956997, 499.94573854667, 508.77197636354, 509.89366526872, 521.91955338562, 540.31617617352]
