Avion: 5      Iteracion: 74

Num Ruta: 57
Ingresos: 115200.0
Costos: 339.693620711
Utilidad Ruta: 114860.306379
Costo Reducido: 26.1750828313
Nodos: [105, 17, 30, 62, 16, 61, 75, 24, 69, 1, 31, 76, 11, 56, 42, 46, 23, 87, 26, 68, 71, 22, 67, 45, 90, 915]
q: [0.0, 5.0, 10.0, -5.0, 5.0, -5.0, -10.0, 14.0, -14.0, 7.0, 6.0, -6.0, 8.0, -8.0, 5.0, -7.0, 10.0, -5.0, 5.0, -10.0, -5.0, 10.0, -10.0, 11.0, -11.0, 0.0]
Q: [0.0, 5.0, 15.0, 10.0, 15.0, 10.0, 0.0, 14.0, 0.0, 7.0, 13.0, 7.0, 15.0, 7.0, 12.0, 5.0, 15.0, 10.0, 15.0, 5.0, 0.0, 10.0, 0.0, 11.0, 0.0, 0.0]
B: [0.0, 24.0, 64.0, 67.14445448369, 72.47609381883, 82.10018525647, 84.97134181786, 109.70531270816, 148.21826301066, 175.0, 183.89376197118, 197.19937597428, 197.678254873377, 201.732321720387, 239.0, 264.0626014013, 268.8931248719, 305.908763729, 312.80424232008, 332.49061509418, 335.55768747676, 349.19186812686, 370.94655426576, 382.70922849406, 391.90085212648, 403.55028340018]
