Avion: 2      Iteracion: 0

Num Ruta: 2
Ingresos: 208800.0
Costos: 617.255462446
Utilidad Ruta: 208182.744538
Costo Reducido: -
Nodos: [102, 40, 85, 10, 55, 31, 11, 76, 56, 44, 89, 3, 48, 35, 26, 80, 71, 45, 90, 8, 53, 13, 58, 5, 50, 41, 86, 7, 4, 52, 49, 2, 33, 78, 47, 912]
q: [0.0, 15.0, -15.0, 12.0, -12.0, 6.0, 8.0, -6.0, -8.0, 14.0, -14.0, 15.0, -15.0, 2.0, 13.0, -2.0, -13.0, 11.0, -11.0, 8.0, -8.0, 15.0, -15.0, 12.0, -12.0, 13.0, -13.0, 10.0, 5.0, -10.0, -5.0, 5.0, 10.0, -10.0, -5.0, 0.0]
Q: [0.0, 15.0, 0.0, 12.0, 0.0, 6.0, 14.0, 8.0, 0.0, 14.0, 0.0, 15.0, 0.0, 2.0, 15.0, 13.0, 0.0, 11.0, 0.0, 8.0, 0.0, 15.0, 0.0, 12.0, 0.0, 13.0, 0.0, 10.0, 15.0, 5.0, 0.0, 5.0, 15.0, 5.0, 0.0, 0.0]
B: [0.0, 62.0, 94.5694417821, 111.75013586, 141.2696465944, 180.8778009316, 194.0605301255, 194.539409024597, 198.233787592097, 211.0, 265.00737440390003, 287.39410424550005, 292.47838600402, 336.27670925962, 346.90392385232, 356.19692923271003, 366.01874500170004, 389.54489742830003, 398.73652106072, 414.0, 434.768396616, 436.97907275691, 453.86222370691, 481.12650680771003, 482.24819571289004, 491.07443352976003, 511.11555388266004, 521.52571204666, 531.88908533916, 551.1614463258601, 552.32182040347, 561.77628691407, 575.56188784407, 598.86539908167, 617.38418311307, 643.3150268324699]
