Avion: 6      Iteracion: 39

Num Ruta: 41
Ingresos: 92400.0
Costos: 309.795866329
Utilidad Ruta: 92090.2041337
Costo Reducido: 25.8631693265
Nodos: [106, 40, 85, 30, 75, 18, 63, 39, 28, 84, 43, 73, 15, 88, 20, 60, 4, 49, 65, 916]
q: [0.0, 15.0, -15.0, 11.0, -11.0, 11.0, -11.0, 8.0, 7.0, -8.0, 5.0, -7.0, 5.0, -5.0, 10.0, -5.0, 5.0, -5.0, -10.0, 0.0]
Q: [0.0, 15.0, 0.0, 11.0, 0.0, 11.0, 0.0, 8.0, 15.0, 7.0, 12.0, 5.0, 10.0, 5.0, 15.0, 10.0, 15.0, 10.0, 0.0, 0.0]
B: [0.0, 62.0, 94.5694417821, 113.51249206450001, 132.22651472130002, 293.0, 316.8182362487, 388.0, 399.3210123222, 412.3114993416, 451.0, 467.5718045185, 511.0, 521.2530082415, 530.19323732134, 536.32708937368, 541.90176864697, 562.3275183271701, 574.1887415777701, 611.9499769918701]
