Avion: 6      Iteracion: 29

Num Ruta: 31
Ingresos: 57600.0
Costos: 238.440734952
Utilidad Ruta: 57361.559265
Costo Reducido: 63.2991397117
Nodos: [106, 23, 68, 28, 73, 21, 38, 83, 66, 27, 2, 72, 47, 916]
q: [0.0, 10.0, -10.0, 8.0, -8.0, 7.0, 8.0, -8.0, -7.0, 6.0, 9.0, -6.0, -9.0, 0.0]
Q: [0.0, 10.0, 0.0, 8.0, 0.0, 7.0, 15.0, 7.0, 0.0, 6.0, 15.0, 9.0, 0.0, 0.0]
B: [0.0, 267.0, 306.733842905, 378.0, 414.0266187839, 477.0, 483.82291294097, 516.69179958167, 523.76172815274, 538.0, 563.7839683718, 575.2360414592, 604.5765718055, 618.4252621768]
