Avion: 5      Iteracion: 30

Num Ruta: 31
Ingresos: 44400.0
Costos: 188.693769908
Utilidad Ruta: 44211.3062301
Costo Reducido: 20.2965490118
Nodos: [105, 17, 62, 16, 61, 24, 69, 1, 46, 915]
q: [0, 5.0, -5.0, 11.0, -11.0, 14.0, -14.0, 7.0, -7.0, 0]
Q: [0, 5.0, 0.0, 11.0, 0.0, 14.0, 0.0, 7.0, 0.0, 0]
B: [0.0, 24.0, 58.8425537813, 64.17419311644, 73.79828455408, 99.02448363357999, 137.53743393608, 175.0, 209.2400855285, 233.8858414309]
