Avion: 6      Iteracion: 17

Num Ruta: 20
Ingresos: 157200.0
Costos: 439.572343435
Utilidad Ruta: 156760.427657
Costo Reducido: 291.594294904
Nodos: [106, 24, 69, 14, 59, 3, 48, 36, 81, 34, 79, 39, 28, 84, 13, 58, 73, 21, 38, 66, 83, 27, 7, 72, 52, 37, 82, 916]
q: [0.0, 14.0, -14.0, 8.0, -8.0, 15.0, -15.0, 15.0, -15.0, 12.0, -12.0, 7.0, 8.0, -7.0, 7.0, -7.0, -8.0, 7.0, 8.0, -7.0, -8.0, 5.0, 10.0, -5.0, -10.0, 15.0, -15.0, 0.0]
Q: [0.0, 14.0, 0.0, 8.0, 0.0, 15.0, 0.0, 15.0, 0.0, 12.0, 0.0, 7.0, 15.0, 8.0, 15.0, 8.0, 0.0, 7.0, 15.0, 8.0, 0.0, 5.0, 15.0, 10.0, 0.0, 15.0, 0.0, 0.0]
B: [0.0, 61.0, 99.5129503025, 128.1593196012, 140.1810313762, 256.0, 261.08428175852, 296.00374706082, 302.95189112956, 316.67163912286003, 357.61923715986, 388.0, 399.3210123222, 412.3114993416, 423.0, 439.88315095, 462.92158097460003, 477.0, 483.82291294097, 518.30529332577, 525.37522189684, 538.0, 565.6633233723, 590.3878382715001, 594.78775883896, 601.96057035189, 622.75522382339, 644.05457632529]
