Avion: 4      Iteracion: 42

Num Ruta: 41
Ingresos: 128400.0
Costos: 459.834517529
Utilidad Ruta: 127940.165482
Costo Reducido: 20.0263925394
Nodos: [104, 9, 54, 12, 57, 10, 55, 35, 26, 80, 71, 18, 63, 39, 6, 51, 84, 32, 43, 77, 88, 15, 60, 29, 74, 914]
q: [0.0, 11.0, -11.0, 14.0, -14.0, 12.0, -12.0, 6.0, 9.0, -6.0, -9.0, 11.0, -11.0, 8.0, 5.0, -5.0, -8.0, 6.0, 5.0, -6.0, -5.0, 11.0, -11.0, 9.0, -9.0, 0.0]
Q: [0.0, 11.0, 0.0, 14.0, 0.0, 12.0, 0.0, 6.0, 15.0, 9.0, 0.0, 11.0, 0.0, 8.0, 13.0, 8.0, 0.0, 6.0, 11.0, 5.0, 0.0, 11.0, 0.0, 9.0, 0.0, 0.0]
B: [0.0, 34.2318085996, 63.7590456021, 74.5460823592, 117.8940066232, 126.61177698035, 156.13128771475, 279.0, 300.0, 309.29300538039, 319.11482114938, 342.39349190178, 366.21172815048, 388.0, 436.0, 439.69228939819, 449.87740525418997, 475.48924665618995, 482.70208222896997, 506.24900092337, 520.04795573887, 530.3009639803699, 546.7221305954699, 561.86000746117, 595.63978724137, 620.4482152649699]
