Avion: 2      Iteracion: 8

Num Ruta: 11
Ingresos: 152400.0
Costos: 590.202033051
Utilidad Ruta: 151809.797967
Costo Reducido: 304021.900724
Nodos: [102, 17, 30, 62, 75, 24, 69, 1, 31, 76, 44, 46, 89, 35, 80, 22, 67, 19, 25, 70, 64, 6, 51, 5, 50, 43, 88, 7, 4, 52, 49, 2, 47, 912]
q: [0.0, 5.0, 10.0, -5.0, -10.0, 14.0, -14.0, 1.0, 6.0, -6.0, 14.0, -1.0, -14.0, 6.0, -6.0, 10.0, -10.0, 5.0, 10.0, -10.0, -5.0, 5.0, -5.0, 12.0, -12.0, 5.0, -5.0, 10.0, 5.0, -10.0, -5.0, 9.0, -9.0, 0.0]
Q: [0.0, 5.0, 15.0, 10.0, 0.0, 14.0, 0.0, 1.0, 7.0, 1.0, 15.0, 14.0, 0.0, 6.0, 0.0, 10.0, 0.0, 5.0, 15.0, 5.0, 0.0, 5.0, 0.0, 12.0, 0.0, 5.0, 0.0, 10.0, 15.0, 5.0, 0.0, 9.0, 0.0, 0.0]
B: [0.0, 36.2584976247, 69.8722092317, 73.01666371539, 89.11460923649, 113.84858012679, 152.36153042928999, 175.0, 183.89376197118, 197.19937597428, 211.37053559518, 256.76688983208, 272.78143884227995, 293.19765225218, 313.11053564457995, 328.22479027387993, 349.97947641277995, 402.0, 411.3920072402, 428.57698955029997, 445.3638459862, 457.15486498369995, 460.84715438188994, 479.2360145966899, 480.35770350186993, 502.03348408756995, 519.29580519457, 536.59789119597, 546.96126448847, 566.23362547517, 567.39399955278, 576.84846606338, 617.58342811078, 643.51427183018]
