Avion: 5      Iteracion: 85

Num Ruta: 65
Ingresos: 94800.0
Costos: 280.454752894
Utilidad Ruta: 94519.5452471
Costo Reducido: 1.11102978633
Nodos: [105, 14, 59, 3, 48, 23, 68, 28, 73, 25, 43, 70, 88, 15, 21, 60, 38, 83, 66, 915]
q: [0.0, 8.0, -8.0, 15.0, -15.0, 10.0, -10.0, 8.0, -8.0, 10.0, 5.0, -10.0, -5.0, 8.0, 7.0, -8.0, 8.0, -8.0, -7.0, 0.0]
Q: [0.0, 8.0, 0.0, 15.0, 0.0, 10.0, 0.0, 8.0, 0.0, 10.0, 15.0, 5.0, 0.0, 8.0, 15.0, 7.0, 15.0, 7.0, 0.0, 0.0]
B: [0.0, 112.0, 124.021711775, 256.0, 261.08428175852, 267.0, 306.733842905, 378.0, 414.0266187839, 417.35999740026, 451.0, 464.0372215215, 471.78639754221, 511.0, 516.67223351071, 527.47150163401, 531.55876734595, 564.42765398665, 571.49758255772, 603.53410827452]
