Avion: 2      Iteracion: 44

Num Ruta: 45
Ingresos: 97200.0
Costos: 250.633965213
Utilidad Ruta: 96949.3660348
Costo Reducido: 14.9894308606
Nodos: [102, 1, 31, 76, 11, 56, 46, 8, 19, 64, 53, 6, 51, 41, 50, 5, 86, 7, 4, 52, 49, 912]
q: [0.0, 7.0, 6.0, -6.0, 8.0, -8.0, -7.0, 8.0, 7.0, -7.0, -8.0, 5.0, -5.0, 13.0, -12.0, 12.0, -13.0, 10.0, 5.0, -10.0, -5.0, 0.0]
Q: [0.0, 7.0, 13.0, 7.0, 15.0, 7.0, 0.0, 8.0, 15.0, 8.0, 0.0, 5.0, 0.0, 13.0, 1.0, 13.0, 0.0, 10.0, 15.0, 5.0, 0.0, 0.0]
B: [0.0, 175.0, 183.89376197118, 197.19937597428, 197.678254873377, 201.732321720387, 236.048051058387, 414.0, 437.1608815463, 463.7879978378, 466.71611702935996, 475.90678865879, 479.59907805698, 498.71579796388, 507.54203578075, 508.66372468593, 520.68961280283, 531.09977096683, 541.46314425933, 560.73550524603, 561.89587932364, 573.55007968234]
