Avion: 7      Iteracion: 0

Num Ruta: 2
Ingresos: 201600.0
Costos: 565.980938435
Utilidad Ruta: 201034.019062
Costo Reducido: -
Nodos: [107, 16, 61, 30, 75, 40, 85, 31, 11, 76, 56, 44, 89, 3, 48, 23, 26, 68, 71, 45, 90, 19, 64, 41, 86, 13, 58, 5, 50, 20, 4, 65, 49, 917]
q: [0.0, 11.0, -11.0, 11.0, -11.0, 15.0, -15.0, 6.0, 8.0, -6.0, -8.0, 14.0, -14.0, 15.0, -15.0, 2.0, 13.0, -2.0, -13.0, 11.0, -11.0, 7.0, -7.0, 13.0, -13.0, 15.0, -15.0, 12.0, -12.0, 10.0, 5.0, -10.0, -5.0, 0.0]
Q: [0.0, 11.0, 0.0, 11.0, 0.0, 15.0, 0.0, 6.0, 14.0, 8.0, 0.0, 14.0, 0.0, 15.0, 0.0, 2.0, 15.0, 13.0, 0.0, 11.0, 0.0, 7.0, 0.0, 13.0, 0.0, 15.0, 0.0, 12.0, 0.0, 10.0, 15.0, 5.0, 0.0, 0.0]
B: [0.0, 36.0, 45.624091437640004, 64.0, 82.7140226568, 113.5238767298, 146.0933185119, 169.4318075161, 182.61453671, 183.093415609097, 186.787794176597, 211.0, 265.00737440390003, 287.39410424550005, 292.47838600402, 295.84087332742, 330.28221686972, 349.96858964382, 353.0356620264, 376.561814453, 385.75343808542, 402.0, 428.6271162915, 446.0, 466.0411203529, 480.3821530912, 497.2653040412, 524.529587142, 525.65127604718, 549.21523517968, 559.49438621468, 591.59070932188, 603.45193257248, 610.27458257083]
