Avion: 2      Iteracion: 11

Num Ruta: 14
Ingresos: 111600.0
Costos: 556.150341393
Utilidad Ruta: 111043.849659
Costo Reducido: 141829.95931
Nodos: [102, 9, 54, 40, 85, 42, 87, 35, 80, 18, 63, 39, 32, 19, 64, 84, 6, 51, 77, 7, 52, 2, 33, 78, 47, 912]
q: [0.0, 11.0, -11.0, 15.0, -15.0, 5.0, -5.0, 6.0, -6.0, 11.0, -11.0, 8.0, 6.0, 1.0, -1.0, -8.0, 5.0, -5.0, -6.0, 10.0, -10.0, 9.0, 6.0, -6.0, -9.0, 0.0]
Q: [0.0, 11.0, 0.0, 15.0, 0.0, 5.0, 0.0, 6.0, 0.0, 11.0, 0.0, 8.0, 14.0, 15.0, 14.0, 6.0, 11.0, 6.0, 0.0, 10.0, 0.0, 9.0, 15.0, 9.0, 0.0, 0.0]
B: [0.0, 41.2034331094, 70.7306701119, 99.6894650627, 132.25890684479998, 239.0, 287.0498346511, 291.10628445358003, 311.01916784598, 333.91002123768, 357.72825748637996, 388.0, 425.0721191868, 436.7870338258, 463.4141501173, 469.72935217265996, 476.41759633685996, 480.10988573504994, 502.76725738314997, 526.37740354955, 554.9187153624499, 565.0488838210499, 578.8344847510499, 602.1379959886499, 620.6567800200498, 646.5876237394498]
