Avion: 3      Iteracion: 5

Num Ruta: 7
Ingresos: 54000.0
Costos: 257.571720932
Utilidad Ruta: 53742.4282791
Costo Reducido: 197946.913962
Nodos: [103, 17, 62, 1, 46, 39, 84, 13, 58, 33, 78, 913]
q: [0, 5.0, -5.0, 7.0, -7.0, 8.0, -8.0, 15.0, -15.0, 10.0, -10.0, 0]
Q: [0, 5.0, 0.0, 7.0, 0.0, 8.0, 0.0, 15.0, 0.0, 10.0, 0.0, 0]
B: [0.0, 24.0, 58.8425537813, 175.0, 209.2400855285, 388.0, 410.632187455, 423.0, 439.88315095, 562.0, 585.3035112376, 604.1422500489]
