Avion: 7      Iteracion: 37

Num Ruta: 36
Ingresos: 56400.0
Costos: 197.354410685
Utilidad Ruta: 56202.6455893
Costo Reducido: 14.2951553065
Nodos: [107, 24, 12, 57, 69, 31, 76, 36, 81, 18, 63, 917]
q: [0.0, 1.0, 14.0, -14.0, -1.0, 6.0, -6.0, 15.0, -15.0, 11.0, -11.0, 0.0]
Q: [0.0, 1.0, 15.0, 1.0, 0.0, 6.0, 0.0, 15.0, 0.0, 11.0, 0.0, 0.0]
B: [0.0, 61.0, 77.84782742670001, 121.1957516907, 137.1279892611, 148.4123470186, 161.7179610217, 251.0, 257.94814406874, 293.0, 316.8182362487, 348.2930738496]
