Avion: 2      Iteracion: 20

Num Ruta: 23
Ingresos: 61200.0
Costos: 209.540808169
Utilidad Ruta: 60990.4591918
Costo Reducido: 86.3644569775
Nodos: [102, 30, 75, 24, 69, 44, 89, 5, 50, 912]
q: [0, 11.0, -11.0, 14.0, -14.0, 14.0, -14.0, 12.0, -12.0, 0]
Q: [0, 11.0, 0.0, 14.0, 0.0, 14.0, 0.0, 12.0, 0.0, 0]
B: [0.0, 64.0, 82.7140226568, 107.4479935471, 145.9609438496, 211.0, 265.00737440390003, 469.0, 470.12168890518, 473.88797354657]
