Avion: 1      Iteracion: 73

Num Ruta: 67
Ingresos: 31200.0
Costos: 75.0884950158
Utilidad Ruta: 31124.911505
Costo Reducido: 2.06854580411
Nodos: [101, 16, 61, 6, 51, 33, 78, 911]
q: [0, 11.0, -11.0, 5.0, -5.0, 10.0, -10.0, 0]
Q: [0, 11.0, 0.0, 5.0, 0.0, 10.0, 0.0, 0]
B: [0.0, 36.0, 45.624091437640004, 436.0, 439.69228939819, 562.0, 585.3035112376, 590.98027404751]
