Avion: 2      Iteracion: 18

Num Ruta: 21
Ingresos: 183600.0
Costos: 582.804157
Utilidad Ruta: 183017.195843
Costo Reducido: 165.799004922
Nodos: [102, 17, 30, 62, 16, 61, 75, 24, 69, 31, 11, 76, 56, 44, 42, 89, 35, 87, 26, 80, 71, 22, 67, 45, 90, 32, 19, 77, 64, 6, 51, 5, 50, 7, 4, 52, 49, 2, 47, 912]
q: [0.0, 5.0, 4.0, -5.0, 11.0, -11.0, -4.0, 14.0, -14.0, 6.0, 8.0, -6.0, -8.0, 10.0, 5.0, -10.0, 6.0, -5.0, 9.0, -6.0, -9.0, 10.0, -10.0, 11.0, -11.0, 6.0, 7.0, -6.0, -7.0, 5.0, -5.0, 12.0, -12.0, 10.0, 5.0, -10.0, -5.0, 9.0, -9.0, 0.0]
Q: [0.0, 5.0, 9.0, 4.0, 15.0, 4.0, 0.0, 14.0, 0.0, 6.0, 14.0, 8.0, 0.0, 10.0, 15.0, 5.0, 11.0, 6.0, 15.0, 9.0, 0.0, 10.0, 0.0, 11.0, 0.0, 6.0, 13.0, 7.0, 0.0, 5.0, 0.0, 12.0, 0.0, 10.0, 15.0, 5.0, 0.0, 9.0, 0.0, 0.0]
B: [0.0, 36.2584976247, 69.8722092317, 73.01666371539, 78.34830305052999, 87.97239448817, 90.84355104955999, 115.57752193985999, 154.09047224236, 165.37482999986, 178.55755919376, 179.036438092857, 182.730816660357, 211.0, 239.0, 276.4881823646, 296.9043957745, 300.96084557698003, 307.85632416806004, 317.14932954845005, 326.97114531744006, 340.60532596754007, 362.3600121064401, 374.1226863347401, 383.31430996716006, 422.0, 433.71491463899997, 461.3697862171, 478.4971626653, 490.28818166279996, 493.98047106098994, 512.3693312757899, 513.4910201809699, 535.2094267983699, 545.5728000908699, 564.84516107757, 566.0055351551799, 575.4600016657799, 616.19496371318, 642.1258074325799]
