Avion: 3      Iteracion: 0

Num Ruta: 3
Ingresos: 213600.0
Costos: 656.305668807
Utilidad Ruta: 212943.694331
Costo Reducido: -
Nodos: [103, 40, 85, 10, 55, 31, 11, 76, 56, 1, 46, 3, 48, 36, 81, 26, 71, 45, 90, 13, 58, 6, 51, 41, 86, 5, 50, 27, 72, 37, 82, 33, 78, 913]
q: [0, 15.0, -15.0, 12.0, -12.0, 6.0, 8.0, -6.0, -8.0, 7.0, -7.0, 15.0, -15.0, 15.0, -15.0, 13.0, -13.0, 11.0, -11.0, 15.0, -15.0, 5.0, -5.0, 13.0, -13.0, 12.0, -12.0, 6.0, -6.0, 15.0, -15.0, 10.0, -10.0, 0]
Q: [0, 15.0, 0.0, 12.0, 0.0, 6.0, 14.0, 8.0, 0.0, 7.0, 0.0, 15.0, 0.0, 15.0, 0.0, 13.0, 0.0, 11.0, 0.0, 15.0, 0.0, 5.0, 0.0, 13.0, 0.0, 12.0, 0.0, 6.0, 0.0, 15.0, 0.0, 10.0, 0.0, 0]
B: [0.0, 62.0, 94.5694417821, 111.75013586, 141.2696465944, 180.8778009316, 194.0605301255, 194.539409024597, 198.233787592097, 220.903239129397, 255.143324657897, 262.239876567097, 267.32415832561696, 302.243623627917, 309.191767696657, 349.494152154657, 367.073380124057, 390.599532550657, 399.79115618307696, 423.921415713377, 440.804566663377, 465.027515286577, 468.719804684767, 487.836524591667, 507.877644944567, 519.903533061467, 521.025221966647, 538.007557789447, 555.038420157547, 562.0, 582.7946534714999, 617.3784082994999, 640.6819195370999, 659.5206583483999]
