Avion: 3      Iteracion: 19

Num Ruta: 21
Ingresos: 37200.0
Costos: 157.698560327
Utilidad Ruta: 37042.3014397
Costo Reducido: 137.181592513
Nodos: [103, 10, 55, 33, 78, 29, 74, 913]
q: [0, 12.0, -12.0, 10.0, -10.0, 9.0, -9.0, 0]
Q: [0, 12.0, 0.0, 10.0, 0.0, 9.0, 0.0, 0]
B: [0.0, 96.0, 125.5195107344, 562.0, 585.3035112376, 603.6868304428, 637.466610223, 656.103774841]
