Avion: 2      Iteracion: 26

Num Ruta: 28
Ingresos: 121200.0
Costos: 373.684321797
Utilidad Ruta: 120826.315678
Costo Reducido: 156.084116433
Nodos: [102, 44, 42, 89, 35, 87, 26, 80, 71, 22, 67, 8, 45, 90, 32, 77, 53, 6, 51, 41, 5, 50, 86, 4, 29, 74, 27, 49, 72, 912]
q: [0.0, 10.0, 5.0, -10.0, 6.0, -5.0, 9.0, -6.0, -9.0, 10.0, -10.0, 8.0, 7.0, -7.0, 6.0, -6.0, -8.0, 5.0, -5.0, 13.0, 2.0, -2.0, -13.0, 5.0, 9.0, -9.0, 6.0, -5.0, -6.0, 0.0]
Q: [0.0, 10.0, 15.0, 5.0, 11.0, 6.0, 15.0, 9.0, 0.0, 10.0, 0.0, 8.0, 15.0, 8.0, 14.0, 8.0, 0.0, 5.0, 0.0, 13.0, 15.0, 13.0, 0.0, 5.0, 14.0, 5.0, 11.0, 6.0, 0.0, 0.0]
B: [0.0, 211.0, 239.0, 276.4881823646, 296.9043957745, 300.96084557698003, 307.85632416806004, 317.14932954845005, 326.97114531744006, 340.60532596754007, 362.3600121064401, 414.0, 417.40515271317, 426.59677634559, 428.13238729892, 455.98974311382, 472.03884184241997, 481.22951347184994, 484.9218028700399, 504.03852277693994, 512.4438867785799, 513.5655756837599, 524.8820969248599, 529.3758486981599, 550.0858513297599, 583.8656311099598, 592.0820591051398, 608.4328716843398, 613.8481302192598, 620.0921136433299]
