Avion: 5      Iteracion: 43

Num Ruta: 44
Ingresos: 12000.0
Costos: 57.9360194499
Utilidad Ruta: 11942.0639806
Costo Reducido: 5.28249732233
Nodos: [105, 22, 67, 915]
q: [0, 10.0, -10.0, 0]
Q: [0, 10.0, 0.0, 0]
B: [0.0, 299.0, 320.7546861389, 340.4645163005]
