Avion: 1      Iteracion: 5

Num Ruta: 9
Ingresos: 82800.0
Costos: 416.895932862
Utilidad Ruta: 82383.1040671
Costo Reducido: 275421.73992
Nodos: [101, 17, 62, 1, 46, 28, 73, 39, 84, 13, 58, 20, 65, 27, 72, 33, 78, 911]
q: [0, 5.0, -5.0, 7.0, -7.0, 8.0, -8.0, 8.0, -8.0, 15.0, -15.0, 10.0, -10.0, 6.0, -6.0, 10.0, -10.0, 0]
Q: [0, 5.0, 0.0, 7.0, 0.0, 8.0, 0.0, 8.0, 0.0, 15.0, 0.0, 10.0, 0.0, 6.0, 0.0, 10.0, 0.0, 0]
B: [0.0, 32.1256095351, 66.9681633164, 175.0, 209.2400855285, 378.0, 414.0266187839, 445.4560261757, 468.0882136307, 471.32014741715, 488.20329836715, 502.13388360255, 544.31102604965, 570.61178940355, 587.64265177165, 601.48982177135, 624.79333300895, 630.4700958188599]
