Avion: 6      Iteracion: 11

Num Ruta: 14
Ingresos: 121200.0
Costos: 513.72840312
Utilidad Ruta: 120686.271597
Costo Reducido: 127371.965057
Nodos: [106, 9, 54, 40, 85, 42, 87, 35, 80, 18, 63, 32, 25, 77, 70, 21, 38, 83, 66, 7, 52, 37, 82, 916]
q: [0.0, 11.0, -11.0, 15.0, -15.0, 5.0, -5.0, 6.0, -6.0, 11.0, -11.0, 6.0, 9.0, -6.0, -9.0, 13.0, 0.0, 0.0, -13.0, 10.0, -10.0, 15.0, -15.0, 0.0]
Q: [0.0, 11.0, 0.0, 15.0, 0.0, 5.0, 0.0, 6.0, 0.0, 11.0, 0.0, 6.0, 15.0, 9.0, 0.0, 13.0, 13.0, 13.0, 0.0, 10.0, 0.0, 15.0, 0.0, 0.0]
B: [0.0, 28.0, 57.5272370025, 86.4860319533, 119.0554737354, 239.0, 287.0498346511, 291.10628445358003, 311.01916784598, 333.91002123768, 357.72825748637996, 422.0, 442.6664482919, 469.8986961242, 480.8837643989, 489.0524778839, 495.87539082487, 528.74427746557, 535.81420603664, 575.3437841902401, 603.88509600314, 611.05790751607, 631.8525609875701, 653.1519134894701]
