Avion: 6      Iteracion: 20

Num Ruta: 22
Ingresos: 142800.0
Costos: 511.234382253
Utilidad Ruta: 142288.765618
Costo Reducido: 208.285722809
Nodos: [106, 40, 85, 30, 75, 11, 56, 44, 89, 22, 67, 18, 63, 39, 28, 84, 43, 73, 88, 21, 38, 66, 83, 27, 72, 2, 47, 916]
q: [0.0, 15.0, -15.0, 11.0, -11.0, 8.0, -8.0, 14.0, -14.0, 10.0, -10.0, 11.0, -11.0, 8.0, 7.0, -8.0, 5.0, -7.0, -5.0, 13.0, 2.0, -13.0, -2.0, 6.0, -6.0, 9.0, -9.0, 0.0]
Q: [0.0, 15.0, 0.0, 11.0, 0.0, 8.0, 0.0, 14.0, 0.0, 10.0, 0.0, 11.0, 0.0, 8.0, 15.0, 7.0, 12.0, 5.0, 0.0, 13.0, 15.0, 2.0, 0.0, 6.0, 0.0, 9.0, 0.0, 0.0]
B: [0.0, 62.0, 94.5694417821, 113.51249206450001, 132.22651472130002, 169.0, 173.05406684701, 211.0, 265.00737440390003, 299.0, 320.7546861389, 334.15512273630003, 357.973358985, 388.0, 399.3210123222, 412.3114993416, 451.0, 467.5718045185, 480.63640114450004, 487.91940855902004, 494.74232149999006, 529.2247018847901, 536.2946304558601, 547.8303577844601, 564.8612201525601, 576.3132932399601, 617.0482552873601, 630.8969456586601]
