Avion: 7      Iteracion: 40

Num Ruta: 38
Ingresos: 50400.0
Costos: 150.693114968
Utilidad Ruta: 50249.306885
Costo Reducido: 1.45943083043
Nodos: [107, 24, 69, 31, 11, 76, 56, 44, 89, 917]
q: [0, 14.0, -14.0, 6.0, 8.0, -6.0, -8.0, 14.0, -14.0, 0]
Q: [0, 14.0, 0.0, 6.0, 14.0, 8.0, 0.0, 14.0, 0.0, 0]
B: [0.0, 61.0, 99.5129503025, 130.0, 169.0, 169.478878899097, 173.173257466597, 211.0, 265.00737440390003, 272.96125396044005]
