Avion: 6      Iteracion: 61

Num Ruta: 53
Ingresos: 130800.0
Costos: 425.507377231
Utilidad Ruta: 130374.492623
Costo Reducido: 19.0355477837
Nodos: [106, 40, 85, 14, 59, 42, 18, 87, 26, 71, 63, 39, 28, 84, 73, 25, 43, 70, 88, 21, 38, 83, 66, 27, 72, 37, 82, 916]
q: [0.0, 15.0, -15.0, 8.0, -8.0, 5.0, 10.0, -5.0, 5.0, -5.0, -10.0, 8.0, 7.0, -8.0, -7.0, 10.0, 5.0, -10.0, -5.0, 13.0, 2.0, -2.0, -13.0, 6.0, -6.0, 15.0, -15.0, 0.0]
Q: [0.0, 15.0, 0.0, 8.0, 0.0, 5.0, 15.0, 10.0, 15.0, 10.0, 0.0, 8.0, 15.0, 7.0, 0.0, 10.0, 15.0, 5.0, 0.0, 13.0, 15.0, 13.0, 0.0, 6.0, 0.0, 15.0, 0.0, 0.0]
B: [0.0, 62.0, 94.5694417821, 123.1478437143, 135.1695554893, 239.0, 293.0, 329.7411826293, 336.63666122038, 354.21588918978, 365.65067864998, 388.0, 399.3210123222, 412.3114993416, 448.3244104708, 451.65778908716, 465.71894785876, 478.75616938025996, 486.50534540097, 493.78835281549, 500.61126575646, 533.48015239716, 540.5500809682301, 553.7275291658301, 570.7583915339301, 577.5943571570201, 598.38901062852, 619.68836313042]
