Avion: 5      Iteracion: 18

Num Ruta: 19
Ingresos: 134400.0
Costos: 454.001352962
Utilidad Ruta: 133945.998647
Costo Reducido: 236.239871852
Nodos: [105, 17, 62, 16, 61, 40, 85, 14, 59, 42, 23, 87, 35, 80, 68, 6, 51, 13, 58, 15, 21, 60, 38, 83, 66, 33, 78, 915]
q: [0.0, 5.0, -5.0, 11.0, -11.0, 15.0, -15.0, 8.0, -8.0, 5.0, 9.0, -5.0, 6.0, -6.0, -9.0, 5.0, -5.0, 15.0, -15.0, 8.0, 7.0, -8.0, 8.0, -8.0, -7.0, 10.0, -10.0, 0.0]
Q: [0.0, 5.0, 0.0, 11.0, 0.0, 15.0, 0.0, 8.0, 0.0, 5.0, 14.0, 9.0, 15.0, 9.0, 0.0, 5.0, 0.0, 15.0, 0.0, 8.0, 15.0, 7.0, 15.0, 7.0, 0.0, 10.0, 0.0, 0.0]
B: [0.0, 24.0, 58.8425537813, 64.17419311644, 73.79828455408, 105.44704301318001, 138.01648479528, 166.59488672748, 178.61659850248, 239.0, 267.0, 304.0156388571, 308.07208865958, 327.98497205198, 340.60351753078, 436.0, 439.69228939819, 453.10235550539, 469.98550645539, 511.0, 516.67223351071, 527.47150163401, 531.55876734595, 564.42765398665, 571.49758255772, 581.6531274963199, 604.9566387339199, 621.18923067112]
