Avion: 7      Iteracion: 31

Num Ruta: 32
Ingresos: 151200.0
Costos: 495.137238964
Utilidad Ruta: 150704.862761
Costo Reducido: 129.204139162
Nodos: [107, 40, 85, 10, 55, 1, 31, 76, 44, 46, 89, 3, 48, 23, 18, 68, 63, 28, 73, 25, 70, 20, 7, 4, 49, 52, 65, 37, 82, 917]
q: [0.0, 15.0, -15.0, 12.0, -12.0, 7.0, 6.0, -6.0, 8.0, -7.0, -8.0, 15.0, -15.0, 10.0, 5.0, -10.0, -5.0, 8.0, -8.0, 10.0, -10.0, 10.0, 5.0, 0.0, 0.0, -5.0, -10.0, 15.0, -15.0, 0.0]
Q: [0.0, 15.0, 0.0, 12.0, 0.0, 7.0, 13.0, 7.0, 15.0, 8.0, 0.0, 15.0, 0.0, 10.0, 15.0, 5.0, 0.0, 8.0, 0.0, 10.0, 0.0, 10.0, 15.0, 15.0, 15.0, 10.0, 0.0, 15.0, 0.0, 0.0]
B: [0.0, 62.0, 94.5694417821, 111.75013586, 141.2696465944, 179.6889877652, 188.58274973638, 201.88836373948, 216.05952336038, 261.45587759728, 277.47042660748, 299.85715644908004, 304.9414382076, 308.303925531, 328.4828756771, 353.9221870868, 363.84771865947005, 378.0, 414.0266187839, 417.35999740026, 434.54497971036, 496.0, 517.0, 529.0, 549.4257496801999, 550.5861237578099, 563.5498083035098, 575.1273262586099, 595.9219797301098, 615.9937119174098]
