Avion: 7      Iteracion: 7

Num Ruta: 11
Ingresos: 122400.0
Costos: 442.619937685
Utilidad Ruta: 121957.380062
Costo Reducido: 220245.605837
Nodos: [107, 12, 57, 30, 75, 14, 59, 44, 89, 35, 80, 26, 71, 13, 58, 32, 77, 29, 27, 74, 72, 917]
q: [0, 14.0, -14.0, 11.0, -11.0, 8.0, -8.0, 14.0, -14.0, 6.0, -6.0, 13.0, -13.0, 15.0, -15.0, 6.0, -6.0, 9.0, 6.0, -9.0, -6.0, 0]
Q: [0, 14.0, 0.0, 11.0, 0.0, 8.0, 0.0, 14.0, 0.0, 6.0, 0.0, 13.0, 0.0, 15.0, 0.0, 6.0, 0.0, 9.0, 15.0, 6.0, 0.0, 0]
B: [0.0, 54.0, 97.347924264, 122.72227077779999, 141.4362934346, 169.2322340915, 181.2539458665, 219.8573772295, 273.86475163340003, 294.28096504330006, 314.19384843570003, 323.48685381609005, 341.06608178549004, 423.0, 439.88315095, 467.2623045162, 495.1196603311, 549.0, 574.6018082369, 582.8182362320799, 598.26561380888, 603.8430499582199]
