Avion: 2      Iteracion: 36

Num Ruta: 38
Ingresos: 34800.0
Costos: 99.9734686431
Utilidad Ruta: 34700.0265314
Costo Reducido: 61.0772625981
Nodos: [102, 34, 79, 6, 51, 5, 50, 912]
q: [0, 12.0, -12.0, 5.0, -5.0, 12.0, -12.0, 0]
Q: [0, 12.0, 0.0, 5.0, 0.0, 12.0, 0.0, 0]
B: [0.0, 283.0, 323.947598037, 436.0, 439.69228939819, 469.0, 470.12168890518, 473.88797354657]
