Avion: 2      Iteracion: 30

Num Ruta: 32
Ingresos: 92400.0
Costos: 282.433231503
Utilidad Ruta: 92117.5667685
Costo Reducido: 125.088639687
Nodos: [102, 31, 11, 76, 56, 44, 89, 8, 53, 13, 58, 15, 60, 38, 20, 83, 65, 912]
q: [0.0, 6.0, 8.0, -6.0, -8.0, 14.0, -14.0, 8.0, -8.0, 15.0, -15.0, 11.0, -11.0, 8.0, 7.0, -8.0, -7.0, 0.0]
Q: [0.0, 6.0, 14.0, 8.0, 0.0, 14.0, 0.0, 8.0, 0.0, 15.0, 0.0, 11.0, 0.0, 8.0, 15.0, 7.0, 0.0, 0.0]
B: [0.0, 130.0, 169.0, 169.478878899097, 173.173257466597, 211.0, 265.00737440390003, 414.0, 434.768396616, 436.97907275691, 453.86222370691, 511.0, 527.4211666151, 531.5084323270399, 533.58950176365, 568.21583724695, 595.5928449724499, 617.18506535385]
