Avion: 6      Iteracion: 40

Num Ruta: 42
Ingresos: 55200.0
Costos: 151.475574834
Utilidad Ruta: 55048.5244252
Costo Reducido: 34.3370204823
Nodos: [106, 24, 69, 18, 63, 22, 67, 45, 90, 916]
q: [0, 14.0, -14.0, 11.0, -11.0, 10.0, -10.0, 11.0, -11.0, 0]
Q: [0, 14.0, 0.0, 11.0, 0.0, 10.0, 0.0, 11.0, 0.0, 0]
B: [0.0, 61.0, 99.5129503025, 293.0, 316.8182362487, 332.3010836612, 354.0557698001, 371.0, 380.19162363242, 385.86715576605997]
