Avion: 1      Iteracion: 55

Num Ruta: 54
Ingresos: 104400.0
Costos: 302.096164047
Utilidad Ruta: 104097.903836
Costo Reducido: 27.0876451174
Nodos: [101, 16, 61, 9, 54, 14, 59, 18, 36, 81, 34, 63, 79, 39, 28, 84, 43, 73, 15, 88, 60, 911]
q: [0.0, 11.0, -11.0, 11.0, -11.0, 8.0, -8.0, 3.0, 12.0, -12.0, 12.0, -3.0, -12.0, 7.0, 8.0, -7.0, 5.0, -8.0, 10.0, -5.0, -10.0, 0.0]
Q: [0.0, 11.0, 0.0, 11.0, 0.0, 8.0, 0.0, 3.0, 15.0, 3.0, 15.0, 12.0, 0.0, 7.0, 15.0, 8.0, 13.0, 5.0, 15.0, 10.0, 0.0, 0.0]
B: [0.0, 36.0, 45.624091437640004, 75.68094759394, 105.20818459644, 115.46499131194001, 127.48670308694001, 293.0, 306.9670306436, 313.91517471234005, 327.63492270564007, 355.86696018084007, 371.0195898206401, 388.0, 399.3210123222, 412.3114993416, 451.0, 467.5718045185, 511.0, 521.2530082415, 533.7945681525, 542.12532183989]
