Avion: 4      Iteracion: 85

Num Ruta: 66
Ingresos: 82800.0
Costos: 202.084176088
Utilidad Ruta: 82597.9158239
Costo Reducido: 0.230107999887
Nodos: [104, 30, 16, 75, 61, 31, 76, 11, 56, 34, 79, 39, 6, 51, 84, 13, 58, 914]
q: [0.0, 11.0, 4.0, -11.0, -4.0, 6.0, -6.0, 8.0, -8.0, 12.0, -12.0, 8.0, 5.0, -5.0, -8.0, 15.0, -15.0, 0.0]
Q: [0.0, 11.0, 15.0, 4.0, 0.0, 6.0, 0.0, 8.0, 0.0, 12.0, 0.0, 8.0, 13.0, 8.0, 0.0, 15.0, 0.0, 0.0]
B: [0.0, 64.0, 72.20259129788, 83.01926305958, 85.89041962097, 130.0, 143.3056140031, 169.0, 173.05406684701, 283.0, 323.947598037, 388.0, 436.0, 439.69228939819, 449.87740525418997, 453.10933904063995, 469.99248999063997, 480.80821414573995]
