Avion: 1      Iteracion: 54

Num Ruta: 53
Ingresos: 82800.0
Costos: 244.408918857
Utilidad Ruta: 82555.5910811
Costo Reducido: 16.2101459561
Nodos: [101, 30, 16, 61, 75, 40, 85, 41, 5, 50, 86, 7, 20, 4, 52, 49, 65, 2, 47, 911]
q: [0.0, 11.0, 4.0, -4.0, -11.0, 15.0, -15.0, 13.0, 2.0, -2.0, -13.0, 5.0, 10.0, 0.0, -5.0, 0.0, -10.0, 9.0, -9.0, 0.0]
Q: [0.0, 11.0, 15.0, 11.0, 0.0, 15.0, 0.0, 13.0, 15.0, 13.0, 0.0, 5.0, 15.0, 15.0, 10.0, 10.0, 0.0, 9.0, 0.0, 0.0]
B: [0.0, 64.0, 72.20259129788, 81.82668273552001, 84.69783929691, 115.50769336991, 148.07713515201, 446.0, 469.0, 470.12168890518, 481.43821014628, 517.0, 525.74295442056, 536.02210545556, 555.29446644226, 556.45484051987, 568.31606377047, 575.64636103593, 616.38132308333, 632.42512967653]
