Avion: 7      Iteracion: 3

Num Ruta: 7
Ingresos: 69600.0
Costos: 290.820033118
Utilidad Ruta: 69309.1799669
Costo Reducido: 15.9462044863
Nodos: [107, 30, 75, 16, 61, 44, 89, 19, 64, 4, 20, 49, 65, 917]
q: [0, 11.0, -11.0, 11.0, -11.0, 14.0, -14.0, 7.0, -7.0, 5.0, 10.0, -5.0, -10.0, 0]
Q: [0, 11.0, 0.0, 11.0, 0.0, 14.0, 0.0, 7.0, 0.0, 5.0, 15.0, 10.0, 0.0, 0]
B: [0.0, 64.0, 82.7140226568, 93.53069441849999, 103.15478585614, 211.0, 265.00737440390003, 402.0, 428.6271162915, 529.0, 539.279151035, 569.6591407651, 581.5203640157, 594.4010150086]
