Avion: 7      Iteracion: 49

Num Ruta: 44
Ingresos: 63600.0
Costos: 185.042090433
Utilidad Ruta: 63414.9579096
Costo Reducido: 1.78332018351
Nodos: [107, 40, 85, 41, 8, 53, 5, 50, 86, 7, 20, 4, 52, 49, 65, 917]
q: [0.0, 15.0, -15.0, 7.0, 8.0, -8.0, 8.0, -8.0, -7.0, 5.0, 10.0, 0.0, -5.0, 0.0, -10.0, 0.0]
Q: [0.0, 15.0, 0.0, 7.0, 15.0, 7.0, 15.0, 7.0, 0.0, 5.0, 15.0, 15.0, 10.0, 10.0, 0.0, 0.0]
B: [0.0, 62.0, 94.5694417821, 446.0, 463.0665078443, 483.83490446030004, 493.58771533717004, 494.70940424235005, 506.02592548345007, 517.0, 525.74295442056, 536.02210545556, 555.29446644226, 556.45484051987, 568.31606377047, 581.19671476337]
