Avion: 6      Iteracion: 4

Num Ruta: 7
Ingresos: 128400.0
Costos: 365.588412584
Utilidad Ruta: 128034.411587
Costo Reducido: 166599.367288
Nodos: [106, 14, 31, 76, 59, 3, 48, 23, 22, 68, 67, 45, 90, 25, 70, 5, 50, 20, 4, 49, 65, 37, 82, 916]
q: [0.0, 8.0, 6.0, -6.0, -8.0, 15.0, -15.0, 5.0, 10.0, -5.0, -10.0, 11.0, -11.0, 10.0, -10.0, 12.0, -12.0, 10.0, 5.0, -5.0, -10.0, 15.0, -15.0, 0.0]
Q: [0.0, 8.0, 14.0, 8.0, 0.0, 15.0, 0.0, 5.0, 15.0, 10.0, 0.0, 11.0, 0.0, 10.0, 0.0, 12.0, 0.0, 10.0, 15.0, 10.0, 0.0, 15.0, 0.0, 0.0]
B: [0.0, 112.0, 130.0, 143.3056140031, 172.3711709735, 256.0, 261.08428175852, 267.0, 299.0, 314.7564239915, 351.63268413270004, 371.0, 380.19162363242, 410.0, 427.1849823101, 469.0, 470.12168890518, 496.0, 529.0, 549.4257496801999, 561.2869729308, 572.8644908859, 593.6591443574, 614.9584968593]
