Avion: 3      Iteracion: 27

Num Ruta: 29
Ingresos: 72000.0
Costos: 254.317462385
Utilidad Ruta: 71745.6825376
Costo Reducido: 104.948946196
Nodos: [103, 17, 62, 18, 63, 28, 73, 15, 60, 7, 52, 37, 82, 913]
q: [0, 5.0, -5.0, 11.0, -11.0, 8.0, -8.0, 11.0, -11.0, 10.0, -10.0, 15.0, -15.0, 0]
Q: [0, 5.0, 0.0, 11.0, 0.0, 8.0, 0.0, 11.0, 0.0, 10.0, 0.0, 15.0, 0.0, 0]
B: [0.0, 24.0, 58.8425537813, 293.0, 316.8182362487, 378.0, 414.0266187839, 511.0, 527.4211666151, 538.3259061809999, 566.8672179938999, 574.0400295068299, 594.83468297833, 648.25994114333]
