Avion: 1      Iteracion: 79

Num Ruta: 71
Ingresos: 109200.0
Costos: 307.399413035
Utilidad Ruta: 108892.600587
Costo Reducido: 13.3575439598
Nodos: [101, 16, 61, 12, 57, 10, 55, 35, 26, 80, 71, 13, 58, 20, 4, 49, 65, 2, 47, 911]
q: [0.0, 11.0, -11.0, 14.0, -14.0, 12.0, -12.0, 6.0, 9.0, -6.0, -9.0, 15.0, -15.0, 10.0, 5.0, -5.0, -10.0, 9.0, -9.0, 0.0]
Q: [0.0, 11.0, 0.0, 14.0, 0.0, 12.0, 0.0, 6.0, 15.0, 9.0, 0.0, 15.0, 0.0, 10.0, 15.0, 10.0, 0.0, 9.0, 0.0, 0.0]
B: [0.0, 36.0, 45.624091437640004, 79.57799432084, 122.92591858484, 131.64368894199, 161.16319967639, 279.0, 300.0, 309.29300538039, 319.11482114938, 423.0, 439.88315095, 496.0, 529.0, 549.4257496801999, 561.2869729308, 568.6172701962599, 609.35223224366, 625.3960388368599]
