Avion: 4      Iteracion: 30

Num Ruta: 31
Ingresos: 118800.0
Costos: 381.410169945
Utilidad Ruta: 118418.58983
Costo Reducido: 44.6210323017
Nodos: [104, 17, 30, 62, 16, 75, 61, 24, 69, 1, 46, 36, 81, 34, 79, 39, 84, 13, 53, 8, 58, 914]
q: [0.0, 5.0, 4.0, -5.0, 11.0, -4.0, -11.0, 14.0, -14.0, 7.0, -7.0, 15.0, -15.0, 12.0, -12.0, 8.0, -8.0, 15.0, -8.0, 8.0, -15.0, 0.0]
Q: [0.0, 5.0, 9.0, 4.0, 15.0, 11.0, 0.0, 14.0, 0.0, 7.0, 0.0, 15.0, 0.0, 12.0, 0.0, 8.0, 0.0, 15.0, 7.0, 15.0, 0.0, 0.0]
B: [0.0, 26.5094038032, 64.0, 67.14445448369, 72.47609381883, 83.29276558052999, 86.16392214191998, 111.39012122141997, 149.90307152391998, 175.0, 209.2400855285, 251.0, 257.94814406874, 283.0, 323.947598037, 388.0, 410.632187455, 423.0, 434.0, 454.768396616, 487.9396421308, 498.7553662859]
