Avion: 1      Iteracion: 22

Num Ruta: 25
Ingresos: 31200.0
Costos: 115.784329766
Utilidad Ruta: 31084.2156702
Costo Reducido: 60.8631569419
Nodos: [101, 9, 54, 30, 16, 75, 61, 911]
q: [0.0, 11.0, -11.0, 4.0, 11.0, -4.0, -11.0, 0.0]
Q: [0.0, 11.0, 0.0, 4.0, 15.0, 11.0, 0.0, 0.0]
B: [0.0, 28.0, 57.5272370025, 73.3151373379, 81.51772863578, 92.33440039748001, 95.20555695887, 116.14596118137001]
