Avion: 2      Iteracion: 41

Num Ruta: 43
Ingresos: 72000.0
Costos: 258.638492743
Utilidad Ruta: 71741.3615073
Costo Reducido: 34.7714977626
Nodos: [102, 44, 89, 8, 45, 90, 32, 19, 64, 53, 6, 51, 77, 20, 7, 52, 65, 912]
q: [0.0, 14.0, -14.0, 2.0, 11.0, -11.0, 6.0, 7.0, -7.0, -2.0, 5.0, -5.0, -6.0, 10.0, 5.0, -5.0, -10.0, 0.0]
Q: [0.0, 14.0, 0.0, 2.0, 13.0, 2.0, 8.0, 15.0, 8.0, 6.0, 11.0, 6.0, 0.0, 10.0, 15.0, 10.0, 0.0, 0.0]
B: [0.0, 211.0, 265.00737440390003, 414.0, 417.40515271317, 426.59677634559, 428.13238729892, 439.84730193791995, 466.47441822941994, 469.4025374209799, 478.5932090504099, 482.28549844859987, 504.9428700966999, 520.9019425634999, 529.6448969840599, 558.1862087969598, 571.1498933426598, 592.7421137240598]
