Avion: 3      Iteracion: 9

Num Ruta: 11
Ingresos: 164400.0
Costos: 582.1368526
Utilidad Ruta: 163817.863147
Costo Reducido: 280551.424372
Nodos: [103, 9, 54, 10, 55, 31, 76, 36, 81, 18, 23, 68, 63, 28, 73, 25, 19, 70, 64, 6, 51, 5, 50, 41, 86, 15, 29, 60, 74, 33, 78, 913]
q: [0.0, 11.0, -11.0, 12.0, -12.0, 6.0, -6.0, 15.0, -15.0, 5.0, 10.0, -10.0, -5.0, 8.0, -8.0, 10.0, 5.0, -10.0, -5.0, 5.0, -5.0, 12.0, -12.0, 13.0, -13.0, 6.0, 9.0, -6.0, -9.0, 10.0, -10.0, 0.0]
Q: [0.0, 11.0, 0.0, 12.0, 0.0, 6.0, 0.0, 15.0, 0.0, 5.0, 15.0, 5.0, 0.0, 8.0, 0.0, 10.0, 15.0, 5.0, 0.0, 5.0, 0.0, 12.0, 0.0, 13.0, 0.0, 6.0, 15.0, 9.0, 0.0, 10.0, 0.0, 0.0]
B: [0.0, 58.0169348553, 87.5441718578, 116.0862853044, 145.6057960388, 185.213950376, 198.51956437910002, 251.0, 257.94814406874, 293.0, 313.1789501461, 352.91279305110004, 362.83832462377006, 378.0, 414.0266187839, 417.35999740026, 426.75200464046, 443.42489632125995, 460.21175275715996, 472.00277175465993, 475.6950611528499, 494.0839213676499, 495.2056102728299, 504.0318480896999, 524.0729684425999, 546.6628415054998, 560.6043014361999, 575.7421783018999, 600.2096091028999, 609.0611007850999, 632.3646120226999, 651.2033508339999]
