Avion: 6      Iteracion: 32

Num Ruta: 34
Ingresos: 13200.0
Costos: 25.8102113266
Utilidad Ruta: 13174.1897887
Costo Reducido: 27.1379895314
Nodos: [106, 45, 90, 916]
q: [0, 11.0, -11.0, 0]
Q: [0, 11.0, 0.0, 0]
B: [0.0, 371.0, 380.19162363242, 385.86715576605997]
