Avion: 3      Iteracion: 57

Num Ruta: 49
Ingresos: 56400.0
Costos: 189.251735286
Utilidad Ruta: 56210.7482647
Costo Reducido: 9.50204221909
Nodos: [103, 17, 62, 9, 54, 11, 56, 25, 70, 21, 66, 913]
q: [0, 5.0, -5.0, 11.0, -11.0, 8.0, -8.0, 10.0, -10.0, 13.0, -13.0, 0]
Q: [0, 5.0, 0.0, 11.0, 0.0, 8.0, 0.0, 10.0, 0.0, 13.0, 0.0, 0]
B: [0.0, 24.0, 58.8425537813, 81.72911018459999, 111.25634718709999, 169.0, 173.05406684701, 410.0, 427.1849823101, 477.0, 517.7387906792, 534.7289915314999]
