Avion: 4      Iteracion: 82

Num Ruta: 65
Ingresos: 141600.0
Costos: 421.896477222
Utilidad Ruta: 141178.103523
Costo Reducido: 30.7524641831
Nodos: [104, 31, 11, 76, 56, 44, 42, 89, 35, 87, 26, 80, 71, 18, 63, 39, 28, 84, 13, 58, 73, 25, 70, 20, 7, 52, 2, 65, 33, 78, 47, 914]
q: [0.0, 6.0, 8.0, -6.0, -8.0, 10.0, 5.0, -10.0, 6.0, -5.0, 9.0, -6.0, -9.0, 11.0, -11.0, 8.0, 7.0, -8.0, 8.0, -8.0, -7.0, 10.0, -10.0, 6.0, 9.0, -9.0, 9.0, -6.0, 6.0, -6.0, -9.0, 0.0]
Q: [0.0, 6.0, 14.0, 8.0, 0.0, 10.0, 15.0, 5.0, 11.0, 6.0, 15.0, 9.0, 0.0, 11.0, 0.0, 8.0, 15.0, 7.0, 15.0, 7.0, 0.0, 10.0, 0.0, 6.0, 15.0, 6.0, 15.0, 9.0, 15.0, 9.0, 0.0, 0.0]
B: [0.0, 130.0, 169.0, 169.478878899097, 173.173257466597, 211.0, 239.0, 276.4881823646, 296.9043957745, 300.96084557698003, 307.85632416806004, 317.14932954845005, 326.97114531744006, 350.24981606984005, 374.06805231854, 388.0, 399.3210123222, 412.3114993416, 423.0, 439.88315095, 462.92158097460003, 466.25495959096, 483.43994190106, 496.0, 517.0, 545.5413118129, 555.6714802715, 563.0017775369599, 573.8235768790599, 597.1270881166599, 615.6458721480599, 639.2528990680598]
