Avion: 7      Iteracion: 28

Num Ruta: 29
Ingresos: 51600.0
Costos: 184.783993306
Utilidad Ruta: 51415.2160067
Costo Reducido: 29.1593895861
Nodos: [107, 24, 69, 31, 11, 76, 56, 44, 42, 87, 89, 917]
q: [0.0, 14.0, -14.0, 6.0, 8.0, -6.0, -8.0, 10.0, 5.0, -5.0, -10.0, 0.0]
Q: [0.0, 14.0, 0.0, 6.0, 14.0, 8.0, 0.0, 10.0, 15.0, 10.0, 0.0, 0.0]
B: [0.0, 61.0, 99.5129503025, 130.0, 169.0, 169.478878899097, 173.173257466597, 211.0, 239.0, 287.0498346511, 304.6779412142, 312.63182077074003]
