Avion: 4      Iteracion: 37

Num Ruta: 37
Ingresos: 82800.0
Costos: 281.86411432
Utilidad Ruta: 82518.1358857
Costo Reducido: 26.6251557011
Nodos: [104, 18, 36, 81, 34, 63, 79, 28, 73, 25, 70, 20, 7, 52, 65, 2, 47, 914]
q: [0.0, 3.0, 12.0, -12.0, 12.0, -3.0, -12.0, 8.0, -8.0, 10.0, -10.0, 10.0, 5.0, -5.0, -10.0, 9.0, -9.0, 0.0]
Q: [0.0, 3.0, 15.0, 3.0, 15.0, 12.0, 0.0, 8.0, 0.0, 10.0, 0.0, 10.0, 15.0, 10.0, 0.0, 9.0, 0.0, 0.0]
B: [0.0, 293.0, 306.9670306436, 313.91517471234005, 327.63492270564007, 355.86696018084007, 371.0195898206401, 380.19977337000006, 416.22639215390006, 419.55977077026006, 436.74475308036006, 496.0, 517.0, 545.5413118129, 558.5049963585999, 565.8352936240599, 606.5702556714599, 630.1772825914599]
