Avion: 1      Iteracion: 2

Num Ruta: 6
Ingresos: 205200.0
Costos: 656.885693711
Utilidad Ruta: 204543.114306
Costo Reducido: 269014.651862
Nodos: [101, 9, 54, 24, 69, 31, 14, 59, 11, 56, 76, 1, 46, 3, 48, 23, 36, 81, 18, 63, 68, 45, 90, 19, 64, 13, 58, 21, 66, 20, 4, 49, 65, 37, 82, 911]
q: [0.0, 11.0, -11.0, 14.0, -14.0, 6.0, 8.0, -8.0, 8.0, -8.0, -6.0, 7.0, -7.0, 15.0, -15.0, 0.0, 15.0, -15.0, 11.0, -11.0, 0.0, 11.0, -11.0, 7.0, -7.0, 15.0, -15.0, 13.0, -13.0, 10.0, 5.0, -5.0, -10.0, 15.0, -15.0, 0.0]
Q: [0.0, 11.0, 0.0, 14.0, 0.0, 6.0, 14.0, 6.0, 14.0, 6.0, 0.0, 7.0, 0.0, 15.0, 0.0, 0.0, 15.0, 0.0, 11.0, 0.0, 0.0, 11.0, 0.0, 7.0, 0.0, 15.0, 0.0, 13.0, 0.0, 10.0, 15.0, 10.0, 0.0, 15.0, 0.0, 0.0]
B: [0.0, 28.0, 57.5272370025, 81.6674868976, 120.1804372001, 131.4647949576, 148.98447737479998, 161.00618914979998, 190.45461825899997, 194.50868510600998, 198.20306367350997, 217.19275777320996, 251.43284330170997, 258.52939521090997, 263.61367696942995, 267.0, 301.145140152, 308.09328422074003, 328.97614448944, 352.79438073814, 362.71991231081, 389.10844468761, 398.30006832003, 410.14192256673, 436.76903885823, 440.99665816465, 457.87980911465, 477.0, 517.7387906792, 554.1640824007, 564.4432334357, 584.8689831158999, 596.7302063664999, 608.3077243216, 629.1023777931, 660.8799553282]
