Avion: 7      Iteracion: 30

Num Ruta: 31
Ingresos: 102000.0
Costos: 292.570660153
Utilidad Ruta: 101707.42934
Costo Reducido: 114.710371623
Nodos: [107, 30, 16, 61, 75, 24, 69, 1, 46, 8, 53, 13, 58, 15, 60, 20, 7, 4, 49, 65, 52, 917]
q: [0.0, 4.0, 11.0, -11.0, -4.0, 14.0, -14.0, 7.0, -7.0, 8.0, -8.0, 15.0, -15.0, 11.0, -11.0, 10.0, 5.0, 0.0, 0.0, -10.0, -5.0, 0.0]
Q: [0.0, 4.0, 15.0, 4.0, 0.0, 14.0, 0.0, 7.0, 0.0, 8.0, 0.0, 15.0, 0.0, 11.0, 0.0, 10.0, 15.0, 15.0, 15.0, 5.0, 0.0, 0.0]
B: [0.0, 64.0, 72.20259129788, 81.82668273552001, 84.69783929691, 109.43181018721, 147.94476048971, 175.0, 209.2400855285, 414.0, 434.768396616, 436.97907275691, 453.86222370691, 511.0, 527.4211666151, 533.55501866744, 542.2979730879999, 552.6613463804999, 573.0870960606999, 584.9483193112999, 597.9120038569998, 604.6014523394998]
