Avion: 1      Iteracion: 33

Num Ruta: 34
Ingresos: 124800.0
Costos: 398.313299777
Utilidad Ruta: 124401.6867
Costo Reducido: 54.032627914
Nodos: [101, 14, 59, 31, 1, 76, 11, 56, 46, 36, 81, 22, 67, 19, 8, 64, 53, 5, 50, 15, 21, 60, 38, 83, 66, 911]
q: [0.0, 8.0, -8.0, 6.0, 7.0, -6.0, 8.0, -8.0, -7.0, 15.0, -15.0, 10.0, -10.0, 7.0, 8.0, -7.0, -8.0, 12.0, -12.0, 8.0, 7.0, -8.0, 8.0, -8.0, -7.0, 0.0]
Q: [0.0, 8.0, 0.0, 6.0, 13.0, 7.0, 15.0, 7.0, 0.0, 15.0, 0.0, 10.0, 0.0, 7.0, 15.0, 8.0, 0.0, 12.0, 0.0, 8.0, 15.0, 7.0, 15.0, 7.0, 0.0, 0.0]
B: [0.0, 112.0, 124.021711775, 151.2337789879, 175.0, 193.9896940997, 194.468572998797, 198.522639845807, 232.838369183807, 266.786272815707, 273.734416884447, 299.0, 320.7546861389, 402.0, 425.1608815463, 443.1178409771, 446.04596016866, 469.0, 470.12168890518, 511.0, 516.67223351071, 527.47150163401, 531.55876734595, 564.42765398665, 571.49758255772, 593.69574259412]
