Avion: 4      Iteracion: 53

Num Ruta: 50
Ingresos: 79200.0
Costos: 193.722459962
Utilidad Ruta: 79006.27754
Costo Reducido: 6.88126783883
Nodos: [104, 31, 76, 36, 81, 34, 79, 22, 67, 8, 53, 13, 58, 914]
q: [0, 6.0, -6.0, 15.0, -15.0, 12.0, -12.0, 10.0, -10.0, 8.0, -8.0, 15.0, -15.0, 0]
Q: [0, 6.0, 0.0, 15.0, 0.0, 12.0, 0.0, 10.0, 0.0, 8.0, 0.0, 15.0, 0.0, 0]
B: [0.0, 130.0, 143.3056140031, 251.0, 257.94814406874, 283.0, 323.947598037, 353.69889745399996, 375.4535835929, 414.0, 434.768396616, 436.97907275691, 453.86222370691, 464.67794786201]
