Avion: 7      Iteracion: 6

Num Ruta: 10
Ingresos: 87600.0
Costos: 349.528201278
Utilidad Ruta: 87250.4717987
Costo Reducido: 198874.284934
Nodos: [107, 30, 75, 16, 61, 44, 89, 3, 48, 35, 80, 43, 88, 4, 27, 72, 49, 917]
q: [0, 11.0, -11.0, 11.0, -11.0, 14.0, -14.0, 15.0, -15.0, 6.0, -6.0, 5.0, -5.0, 5.0, 6.0, -6.0, -5.0, 0]
Q: [0, 11.0, 0.0, 11.0, 0.0, 14.0, 0.0, 15.0, 0.0, 6.0, 0.0, 5.0, 0.0, 5.0, 11.0, 5.0, 0.0, 0]
B: [0.0, 64.0, 82.7140226568, 93.53069441849999, 103.15478585614, 211.0, 265.00737440390003, 287.39410424550005, 292.47838600402, 336.27670925962, 356.18959265202, 451.0, 468.262321107, 529.0, 546.6147745373, 563.6456369054, 569.06089544032, 575.88354543867]
