Avion: 1      Iteracion: 39

Num Ruta: 40
Ingresos: 67200.0
Costos: 208.462900726
Utilidad Ruta: 66991.5370993
Costo Reducido: 21.0083857697
Nodos: [101, 30, 16, 75, 61, 18, 63, 39, 28, 84, 73, 25, 43, 70, 88, 911]
q: [0.0, 11.0, 4.0, -11.0, -4.0, 11.0, -11.0, 8.0, 7.0, -8.0, -7.0, 10.0, 5.0, -10.0, -5.0, 0.0]
Q: [0.0, 11.0, 15.0, 4.0, 0.0, 11.0, 0.0, 8.0, 15.0, 7.0, 0.0, 10.0, 15.0, 5.0, 0.0, 0.0]
B: [0.0, 64.0, 72.20259129788, 83.01926305958, 85.89041962097, 293.0, 316.8182362487, 388.0, 399.3210123222, 412.3114993416, 448.3244104708, 451.65778908716, 465.71894785876, 478.75616938025996, 486.50534540097, 504.46738459477]
