Avion: 1      Iteracion: 4

Num Ruta: 8
Ingresos: 186000.0
Costos: 560.716003492
Utilidad Ruta: 185439.283997
Costo Reducido: 230509.524704
Nodos: [101, 17, 62, 40, 85, 14, 59, 3, 48, 23, 18, 63, 68, 22, 67, 45, 90, 25, 70, 39, 84, 5, 50, 43, 88, 15, 60, 20, 4, 49, 65, 37, 82, 911]
q: [0.0, 5.0, -5.0, 15.0, -15.0, 8.0, -8.0, 15.0, -15.0, 10.0, 5.0, -5.0, -10.0, 10.0, -10.0, 11.0, -11.0, 10.0, -10.0, 8.0, -8.0, 12.0, -12.0, 5.0, -5.0, 11.0, -11.0, 10.0, 5.0, -5.0, -10.0, 15.0, -15.0, 0.0]
Q: [0.0, 5.0, 0.0, 15.0, 0.0, 8.0, 0.0, 15.0, 0.0, 10.0, 15.0, 10.0, 0.0, 10.0, 0.0, 11.0, 0.0, 10.0, 0.0, 8.0, 0.0, 12.0, 0.0, 5.0, 0.0, 11.0, 0.0, 10.0, 15.0, 10.0, 0.0, 15.0, 0.0, 0.0]
B: [0.0, 32.1256095351, 66.9681633164, 90.66713413789999, 123.23657591999999, 151.8149778522, 163.8366896272, 256.0, 261.08428175852, 267.0, 293.0, 316.8182362487, 326.74376782137, 342.50019181287, 364.25487795177, 376.01755218007, 385.20917581249, 410.0, 427.1849823101, 446.3261919114, 468.9583793664, 481.5229140971, 482.64460300228, 504.32038358798, 521.5827046949801, 531.83571293648, 548.25687955158, 554.39073160392, 564.6698826389201, 585.0956323191201, 596.9568555697201, 608.5343735248201, 629.3290269963202, 661.1066045314202]
