Avion: 1      Iteracion: 43

Num Ruta: 43
Ingresos: 122400.0
Costos: 349.689571961
Utilidad Ruta: 122050.310428
Costo Reducido: 53.3707646386
Nodos: [101, 24, 69, 1, 46, 3, 48, 23, 18, 63, 68, 22, 67, 45, 90, 43, 25, 70, 88, 21, 38, 83, 66, 911]
q: [0.0, 14.0, -14.0, 7.0, -7.0, 15.0, -15.0, 4.0, 11.0, -11.0, -4.0, 10.0, -10.0, 11.0, -11.0, 5.0, 10.0, -10.0, -5.0, 13.0, 2.0, -2.0, -13.0, 0.0]
Q: [0.0, 14.0, 0.0, 7.0, 0.0, 15.0, 0.0, 4.0, 15.0, 4.0, 0.0, 10.0, 0.0, 11.0, 0.0, 5.0, 15.0, 5.0, 0.0, 13.0, 15.0, 13.0, 0.0, 0.0]
B: [0.0, 61.0, 99.5129503025, 175.0, 209.2400855285, 256.0, 261.08428175852, 267.0, 293.0, 316.8182362487, 326.74376782137, 342.50019181287, 364.25487795177, 376.01755218007, 385.20917581249, 451.0, 465.0611587716, 482.2461410817, 489.99531710241, 497.27832451693, 504.1012374579, 536.9701240986001, 544.0400526696701, 566.2382127060702]
