Avion: 1      Iteracion: 14

Num Ruta: 17
Ingresos: 58800.0
Costos: 229.443234895
Utilidad Ruta: 58570.5567651
Costo Reducido: 64792.2999777
Nodos: [101, 16, 61, 23, 68, 25, 43, 70, 88, 38, 4, 49, 83, 911]
q: [0, 11.0, -11.0, 10.0, -10.0, 10.0, 5.0, -10.0, -5.0, 8.0, 5.0, -5.0, -8.0, 0]
Q: [0, 11.0, 0.0, 10.0, 0.0, 10.0, 15.0, 5.0, 0.0, 8.0, 13.0, 8.0, 0.0, 0]
B: [0.0, 36.0, 45.624091437640004, 267.0, 306.733842905, 410.0, 451.0, 464.0372215215, 471.78639754221, 481.92156137911, 529.0, 549.4257496801999, 571.1282847624999, 591.9517187011999]
