Avion: 2      Iteracion: 29

Num Ruta: 31
Ingresos: 186000.0
Costos: 538.078406031
Utilidad Ruta: 185461.921594
Costo Reducido: 113.101033846
Nodos: [102, 9, 54, 24, 69, 1, 31, 76, 46, 3, 48, 23, 18, 63, 68, 22, 67, 8, 53, 6, 51, 41, 86, 5, 50, 2, 4, 47, 7, 52, 49, 37, 82, 912]
q: [0.0, 11.0, -11.0, 14.0, -14.0, 7.0, 6.0, -6.0, -7.0, 15.0, -15.0, 10.0, 5.0, -5.0, -10.0, 10.0, -10.0, 8.0, -8.0, 5.0, -5.0, 13.0, -13.0, 12.0, -12.0, 9.0, 5.0, -9.0, 10.0, -10.0, -5.0, 15.0, -15.0, 0.0]
Q: [0.0, 11.0, 0.0, 14.0, 0.0, 7.0, 13.0, 7.0, 0.0, 15.0, 0.0, 10.0, 15.0, 10.0, 0.0, 10.0, 0.0, 8.0, 0.0, 5.0, 0.0, 13.0, 0.0, 12.0, 0.0, 9.0, 14.0, 5.0, 15.0, 5.0, 0.0, 15.0, 0.0, 0.0]
B: [0.0, 41.2034331094, 70.7306701119, 94.870920007, 133.3838703095, 175.0, 183.89376197118, 197.19937597428, 230.76046369508, 256.0, 261.08428175852, 267.0, 293.0, 316.8182362487, 326.74376782137, 342.50019181287, 364.25487795177, 414.0, 434.768396616, 443.95906824543, 447.65135764362, 466.76807755052, 486.80919790342, 498.83508602032, 499.9567749255, 522.0, 549.3715326023, 562.8222884175, 574.3290145375, 602.8703263504, 604.0307004280099, 611.0950725161699, 631.8897259876699, 648.7105877967699]
