Avion: 5      Iteracion: 86

Num Ruta: 66
Ingresos: 70800.0
Costos: 183.109443559
Utilidad Ruta: 70616.8905564
Costo Reducido: 2.75127913493
Nodos: [105, 14, 59, 3, 48, 23, 18, 63, 68, 27, 72, 37, 82, 915]
q: [0.0, 8.0, -8.0, 15.0, -15.0, 10.0, 5.0, -5.0, -10.0, 6.0, -6.0, 15.0, -15.0, 0.0]
Q: [0.0, 8.0, 0.0, 15.0, 0.0, 10.0, 15.0, 10.0, 0.0, 6.0, 0.0, 15.0, 0.0, 0.0]
B: [0.0, 112.0, 124.021711775, 256.0, 261.08428175852, 267.0, 293.0, 316.8182362487, 326.74376782137, 538.0, 555.0308623681, 562.0, 582.7946534714999, 607.8598314082]
