Avion: 5      Iteracion: 83

Num Ruta: 63
Ingresos: 140400.0
Costos: 427.211370385
Utilidad Ruta: 139972.78863
Costo Reducido: 9.23531814612
Nodos: [105, 16, 61, 40, 85, 14, 59, 42, 3, 48, 23, 87, 35, 80, 68, 6, 51, 13, 58, 15, 21, 60, 38, 83, 66, 33, 78, 915]
q: [0.0, 11.0, -11.0, 15.0, -15.0, 8.0, -8.0, 5.0, 10.0, -10.0, 10.0, -5.0, 5.0, -5.0, -10.0, 5.0, -5.0, 15.0, -15.0, 8.0, 7.0, -8.0, 8.0, -8.0, -7.0, 10.0, -10.0, 0.0]
Q: [0.0, 11.0, 0.0, 15.0, 0.0, 8.0, 0.0, 5.0, 15.0, 5.0, 15.0, 10.0, 15.0, 10.0, 0.0, 5.0, 0.0, 15.0, 0.0, 8.0, 15.0, 7.0, 15.0, 7.0, 0.0, 10.0, 0.0, 0.0]
B: [0.0, 36.0, 45.624091437640004, 77.27284989674001, 109.84229167884001, 138.42069361104, 150.44240538604, 239.0, 257.4606418632, 262.54492362172, 267.0, 304.0156388571, 308.07208865958, 327.98497205198, 340.60351753078, 436.0, 439.69228939819, 453.10235550539, 469.98550645539, 511.0, 516.67223351071, 527.47150163401, 531.55876734595, 564.42765398665, 571.49758255772, 581.6531274963199, 604.9566387339199, 621.18923067112]
