Avion: 3      Iteracion: 34

Num Ruta: 36
Ingresos: 67200.0
Costos: 251.008011208
Utilidad Ruta: 66948.9919888
Costo Reducido: 32.1564497646
Nodos: [103, 1, 46, 23, 68, 28, 73, 15, 60, 7, 52, 33, 78, 913]
q: [0, 7.0, -7.0, 10.0, -10.0, 8.0, -8.0, 11.0, -11.0, 10.0, -10.0, 10.0, -10.0, 0]
Q: [0, 7.0, 0.0, 10.0, 0.0, 8.0, 0.0, 11.0, 0.0, 10.0, 0.0, 10.0, 0.0, 0]
B: [0.0, 175.0, 209.2400855285, 267.0, 306.733842905, 378.0, 414.0266187839, 511.0, 527.4211666151, 538.3259061809999, 566.8672179938999, 576.3272442095099, 599.6307554471099, 618.4694942584099]
