Avion: 3      Iteracion: 38

Num Ruta: 39
Ingresos: 19200.0
Costos: 88.5839194136
Utilidad Ruta: 19111.4160806
Costo Reducido: 18.6442803423
Nodos: [103, 17, 62, 18, 63, 913]
q: [0, 5.0, -5.0, 11.0, -11.0, 0]
Q: [0, 5.0, 0.0, 11.0, 0.0, 0]
B: [0.0, 24.0, 58.8425537813, 293.0, 316.8182362487, 337.166286401]
