Avion: 7      Iteracion: 70

Num Ruta: 56
Ingresos: 67200.0
Costos: 173.439067488
Utilidad Ruta: 67026.5609325
Costo Reducido: 3.85307950032
Nodos: [107, 40, 85, 41, 5, 50, 86, 7, 15, 60, 20, 4, 52, 49, 65, 917]
q: [0.0, 15.0, -15.0, 3.0, 12.0, -12.0, -3.0, 4.0, 11.0, -11.0, 10.0, 1.0, -4.0, -1.0, -10.0, 0.0]
Q: [0.0, 15.0, 0.0, 3.0, 15.0, 3.0, 0.0, 4.0, 15.0, 4.0, 14.0, 15.0, 11.0, 10.0, 0.0, 0.0]
B: [0.0, 62.0, 94.5694417821, 446.0, 469.0, 470.12168890518, 481.43821014628, 517.0, 530.7672641436, 547.1884307587, 553.3222828110399, 563.60143384604, 582.87379483274, 584.03416891035, 595.89539216095, 608.77604315385]
