Avion: 7      Iteracion: 20

Num Ruta: 21
Ingresos: 57600.0
Costos: 238.310902681
Utilidad Ruta: 57361.6890973
Costo Reducido: 152.171868939
Nodos: [107, 40, 85, 11, 56, 44, 89, 18, 63, 917]
q: [0, 15.0, -15.0, 8.0, -8.0, 14.0, -14.0, 11.0, -11.0, 0]
Q: [0, 15.0, 0.0, 8.0, 0.0, 14.0, 0.0, 11.0, 0.0, 0]
B: [0.0, 62.0, 94.5694417821, 169.0, 173.05406684701, 211.0, 265.00737440390003, 293.45392730580005, 317.2721635545, 348.7470011554]
