Avion: 4      Iteracion: 19

Num Ruta: 20
Ingresos: 129600.0
Costos: 577.959252
Utilidad Ruta: 129022.040748
Costo Reducido: 316.141722107
Nodos: [104, 12, 30, 57, 10, 75, 55, 1, 46, 44, 89, 18, 63, 39, 6, 51, 84, 32, 43, 77, 88, 15, 60, 29, 4, 49, 74, 914]
q: [0.0, 14.0, 1.0, -14.0, 12.0, -1.0, -12.0, 7.0, -7.0, 14.0, -14.0, 11.0, -11.0, 8.0, 5.0, -5.0, -8.0, 6.0, 5.0, -6.0, -5.0, 11.0, -11.0, 9.0, 5.0, -5.0, -9.0, 0.0]
Q: [0.0, 14.0, 15.0, 1.0, 13.0, 12.0, 0.0, 7.0, 0.0, 14.0, 0.0, 11.0, 0.0, 8.0, 13.0, 8.0, 0.0, 6.0, 11.0, 5.0, 0.0, 11.0, 0.0, 9.0, 14.0, 9.0, 0.0, 0.0]
B: [0.0, 54.0, 72.5310629215, 97.90540943529999, 106.62317979244999, 125.31623007854999, 144.21702797174999, 182.63636914255, 216.87645467105, 262.27280890795, 316.28018331185, 344.72673621375003, 368.54497246245, 388.0, 436.0, 439.69228939819, 449.87740525418997, 475.48924665618995, 482.70208222896997, 506.24900092337, 520.04795573887, 530.3009639803699, 546.7221305954699, 561.86000746117, 582.57001009277, 602.9957597729699, 615.2148308096699, 640.0232588332699]
