Avion: 1      Iteracion: 23

Num Ruta: 26
Ingresos: 158400.0
Costos: 475.013210729
Utilidad Ruta: 157924.986789
Costo Reducido: 108.192692483
Nodos: [101, 9, 54, 12, 57, 14, 59, 3, 48, 18, 36, 81, 34, 63, 79, 39, 84, 32, 8, 53, 13, 77, 58, 15, 60, 7, 4, 49, 52, 911]
q: [0.0, 11.0, -11.0, 14.0, -14.0, 8.0, -8.0, 15.0, -15.0, 3.0, 12.0, -12.0, 12.0, -3.0, -12.0, 8.0, -8.0, 6.0, 8.0, -8.0, 9.0, -6.0, -9.0, 11.0, -11.0, 10.0, 5.0, -5.0, -10.0, 0.0]
Q: [0.0, 11.0, 0.0, 14.0, 0.0, 8.0, 0.0, 15.0, 0.0, 3.0, 15.0, 3.0, 15.0, 12.0, 0.0, 8.0, 0.0, 6.0, 14.0, 6.0, 15.0, 9.0, 0.0, 11.0, 0.0, 10.0, 15.0, 10.0, 0.0, 0.0]
B: [0.0, 28.0, 57.5272370025, 68.3142737596, 111.6621980236, 148.1814318053, 160.2031435803, 256.0, 261.08428175852, 293.0, 306.9670306436, 313.91517471234005, 327.63492270564007, 355.86696018084007, 371.0195898206401, 388.0, 410.632187455, 436.244028857, 447.6909269958, 468.4593236118, 470.66999975271, 484.51217953051, 488.58312991095005, 511.0, 527.4211666151, 538.3259061809999, 548.6892794734999, 569.1150291536999, 570.2754032313098, 588.2404109964099]
