Avion: 5      Iteracion: 13

Num Ruta: 15
Ingresos: 151200.0
Costos: 556.180217369
Utilidad Ruta: 150643.819783
Costo Reducido: 86427.7116034
Nodos: [105, 24, 69, 10, 55, 1, 31, 76, 44, 42, 46, 3, 48, 89, 87, 26, 71, 22, 67, 45, 90, 19, 43, 64, 88, 15, 60, 20, 7, 65, 52, 915]
q: [0.0, 14.0, -14.0, 12.0, -12.0, 7.0, 6.0, -6.0, 3.0, 5.0, -7.0, 7.0, -7.0, -3.0, -5.0, 13.0, -13.0, 10.0, -10.0, 11.0, -11.0, 7.0, 5.0, -7.0, -5.0, 11.0, -11.0, 5.0, 10.0, -5.0, -10.0, 0.0]
Q: [0.0, 14.0, 0.0, 12.0, 0.0, 7.0, 13.0, 7.0, 10.0, 15.0, 8.0, 15.0, 8.0, 5.0, 0.0, 13.0, 0.0, 10.0, 0.0, 11.0, 0.0, 7.0, 12.0, 5.0, 0.0, 11.0, 0.0, 5.0, 15.0, 10.0, 0.0, 0.0]
B: [0.0, 61.0, 99.5129503025, 111.2988809828, 140.8183917172, 179.237732888, 188.13149485918, 201.43710886228, 215.60826848318, 239.0, 264.0626014013, 271.1591533105, 276.24343506902, 300.40779912022, 318.03590568332, 324.9313842744, 342.5106122438, 356.1447928939, 377.8994790328, 389.6621532611, 398.85377689352, 410.69563114022, 451.0, 471.20454651800003, 495.58376410180006, 511.0, 527.4211666151, 533.55501866744, 542.2979730879999, 583.1352039074, 596.0988884530999, 618.4053374084999]
