Avion: 1      Iteracion: 72

Num Ruta: 66
Ingresos: 27600.0
Costos: 83.6471209358
Utilidad Ruta: 27516.3528791
Costo Reducido: 6.19203362298
Nodos: [101, 8, 53, 6, 51, 33, 78, 911]
q: [0, 8.0, -8.0, 5.0, -5.0, 10.0, -10.0, 0]
Q: [0, 8.0, 0.0, 5.0, 0.0, 10.0, 0.0, 0]
B: [0.0, 414.0, 434.768396616, 443.95906824543, 447.65135764362, 562.0, 585.3035112376, 590.98027404751]
