Avion: 3      Iteracion: 8

Num Ruta: 10
Ingresos: 142800.0
Costos: 652.899283808
Utilidad Ruta: 142147.100716
Costo Reducido: 495171.715035
Nodos: [103, 17, 62, 9, 40, 54, 85, 31, 76, 1, 46, 35, 80, 22, 67, 18, 63, 25, 70, 6, 51, 5, 50, 38, 83, 29, 74, 37, 82, 913]
q: [0.0, 5.0, -5.0, 11.0, 4.0, -11.0, -4.0, 6.0, -6.0, 7.0, -7.0, 6.0, -6.0, 10.0, -10.0, 11.0, -11.0, 10.0, -10.0, 5.0, -5.0, 12.0, -12.0, 8.0, -8.0, 9.0, -9.0, 15.0, -15.0, 0.0]
Q: [0.0, 5.0, 0.0, 11.0, 15.0, 4.0, 0.0, 6.0, 0.0, 7.0, 0.0, 6.0, 0.0, 10.0, 0.0, 11.0, 0.0, 10.0, 0.0, 5.0, 0.0, 12.0, 0.0, 8.0, 0.0, 9.0, 0.0, 15.0, 0.0, 0.0]
B: [0.0, 24.0, 58.8425537813, 81.72911018459999, 83.80334112642, 112.76213607721999, 147.49304532242, 170.83153432662, 184.13714832972, 203.12684242941998, 237.36692795791998, 279.0, 298.9128833924, 314.02713802169995, 335.78182416059997, 349.182260758, 373.00049700669996, 410.0, 427.1849823101, 452.6867527977, 456.37904219589, 474.76790241069, 475.88959131587, 497.47128402057, 530.34017066127, 564.73634632077, 598.51612610097, 617.79731123057, 638.5919647020701, 692.0172228670701]
