Avion: 3      Iteracion: 25

Num Ruta: 27
Ingresos: 102000.0
Costos: 339.740923373
Utilidad Ruta: 101660.259077
Costo Reducido: 105.175745917
Nodos: [103, 10, 55, 35, 26, 80, 71, 22, 67, 45, 90, 32, 8, 53, 77, 6, 51, 2, 47, 29, 74, 913]
q: [0.0, 12.0, -12.0, 2.0, 13.0, -2.0, -13.0, 10.0, -10.0, 11.0, -11.0, 6.0, 8.0, -8.0, -6.0, 5.0, -5.0, 9.0, -9.0, 9.0, -9.0, 0.0]
Q: [0.0, 12.0, 0.0, 2.0, 15.0, 13.0, 0.0, 10.0, 0.0, 11.0, 0.0, 6.0, 14.0, 6.0, 0.0, 5.0, 0.0, 9.0, 0.0, 9.0, 0.0, 0.0]
B: [0.0, 96.0, 125.5195107344, 279.0, 300.0, 309.29300538039, 319.11482114938, 332.74900179948, 354.50368793838004, 371.0, 380.19162363242, 422.0, 433.4468981388, 454.2152947548, 470.2643934834, 490.6563652615, 494.34865465969, 522.0, 562.7349620474, 572.53970258451, 606.31948236471, 624.95664698271]
