Avion: 2      Iteracion: 79

Num Ruta: 60
Ingresos: 70800.0
Costos: 200.381999628
Utilidad Ruta: 70599.6180004
Costo Reducido: 16.4033878746
Nodos: [102, 44, 89, 8, 45, 90, 32, 53, 13, 77, 58, 29, 27, 74, 72, 912]
q: [0.0, 14.0, -14.0, 8.0, 7.0, -7.0, 6.0, -8.0, 9.0, -6.0, -9.0, 9.0, 6.0, -9.0, -6.0, 0.0]
Q: [0.0, 14.0, 0.0, 8.0, 15.0, 8.0, 14.0, 6.0, 15.0, 9.0, 0.0, 9.0, 15.0, 6.0, 0.0, 0.0]
B: [0.0, 211.0, 265.00737440390003, 414.0, 417.40515271317, 426.59677634559, 428.13238729892, 450.51212199352, 452.72279813443, 466.56497791223, 470.63592829267003, 549.0, 574.6018082369, 582.8182362320799, 598.26561380888, 604.50959723295]
