Avion: 3      Iteracion: 17

Num Ruta: 19
Ingresos: 88800.0
Costos: 295.732771316
Utilidad Ruta: 88504.2672287
Costo Reducido: 158.899211735
Nodos: [103, 36, 81, 34, 79, 39, 84, 28, 73, 15, 60, 20, 65, 33, 78, 913]
q: [0, 15.0, -15.0, 12.0, -12.0, 8.0, -8.0, 8.0, -8.0, 11.0, -11.0, 10.0, -10.0, 10.0, -10.0, 0]
Q: [0, 15.0, 0.0, 12.0, 0.0, 8.0, 0.0, 8.0, 0.0, 11.0, 0.0, 10.0, 0.0, 10.0, 0.0, 0]
B: [0.0, 251.0, 257.94814406874, 283.0, 323.947598037, 388.0, 410.632187455, 423.6226744744, 459.6492932583, 511.0, 527.4211666151, 533.55501866744, 575.73216111454, 586.55396045664, 609.85747169424, 628.69621050554]
