Avion: 6      Iteracion: 46

Num Ruta: 47
Ingresos: 48000.0
Costos: 189.570750994
Utilidad Ruta: 47810.429249
Costo Reducido: 7.1747313182
Nodos: [106, 14, 59, 8, 53, 20, 7, 52, 65, 2, 47, 916]
q: [0.0, 8.0, -8.0, 8.0, -8.0, 10.0, 5.0, -5.0, -10.0, 9.0, -9.0, 0.0]
Q: [0.0, 8.0, 0.0, 8.0, 0.0, 10.0, 15.0, 10.0, 0.0, 9.0, 0.0, 0.0]
B: [0.0, 112.0, 124.021711775, 414.0, 434.768396616, 496.0, 517.0, 545.5413118129, 558.5049963585999, 565.8352936240599, 606.5702556714599, 620.4189460427599]
