Avion: 1      Iteracion: 7

Num Ruta: 11
Ingresos: 165600.0
Costos: 574.432533642
Utilidad Ruta: 165025.567466
Costo Reducido: 250996.634113
Nodos: [101, 9, 54, 12, 30, 57, 75, 14, 59, 11, 56, 36, 81, 34, 79, 26, 71, 39, 84, 13, 58, 32, 77, 5, 50, 4, 29, 27, 74, 49, 72, 911]
q: [0.0, 11.0, -11.0, 14.0, 1.0, -14.0, -1.0, 8.0, -8.0, 8.0, -8.0, 15.0, -15.0, 12.0, -12.0, 13.0, -13.0, 8.0, -8.0, 15.0, -15.0, 6.0, -6.0, 12.0, -12.0, 5.0, 9.0, 1.0, -9.0, -5.0, -1.0, 0.0]
Q: [0.0, 11.0, 0.0, 14.0, 15.0, 1.0, 0.0, 8.0, 0.0, 8.0, 0.0, 15.0, 0.0, 12.0, 0.0, 13.0, 0.0, 8.0, 0.0, 15.0, 0.0, 6.0, 0.0, 12.0, 0.0, 5.0, 14.0, 15.0, 6.0, 1.0, 0.0, 0.0]
B: [0.0, 28.0, 57.5272370025, 68.3142737596, 86.8453366811, 112.2196831949, 135.0155412617, 162.8114819186, 174.8331936936, 204.2816228028, 208.33568964981, 251.0, 257.94814406874, 283.0, 323.947598037, 358.0226741044, 375.6019020738, 395.2998202633, 417.9320077183, 423.0, 439.88315095, 467.2623045162, 495.1196603311, 520.0618953953, 521.18358430048, 534.47647277518, 555.18647540678, 580.78828364368, 589.0047116388599, 601.22378267556, 606.63904121048, 623.35989779738]
