Avion: 4      Iteracion: 18

Num Ruta: 19
Ingresos: 147600.0
Costos: 509.662385385
Utilidad Ruta: 147090.337615
Costo Reducido: 214.064461423
Nodos: [104, 17, 16, 61, 62, 12, 57, 1, 31, 76, 11, 56, 42, 46, 35, 87, 80, 18, 63, 39, 6, 51, 84, 13, 58, 15, 21, 60, 38, 83, 66, 914]
q: [0.0, 5.0, 10.0, -10.0, -5.0, 14.0, -14.0, 7.0, 6.0, -6.0, 8.0, -8.0, 5.0, -7.0, 6.0, -5.0, -6.0, 11.0, -11.0, 8.0, 5.0, -5.0, -8.0, 15.0, -15.0, 8.0, 7.0, -8.0, 8.0, -8.0, -7.0, 0.0]
Q: [0.0, 5.0, 15.0, 5.0, 0.0, 14.0, 0.0, 7.0, 13.0, 7.0, 15.0, 7.0, 12.0, 5.0, 11.0, 6.0, 0.0, 11.0, 0.0, 8.0, 13.0, 8.0, 0.0, 15.0, 0.0, 8.0, 15.0, 7.0, 15.0, 7.0, 0.0, 0.0]
B: [0.0, 26.5094038032, 61.3108807834, 70.93497222104, 85.58274099313999, 105.29143473474, 148.63935899874, 175.0, 183.89376197118, 197.19937597428, 197.678254873377, 201.732321720387, 239.0, 264.0626014013, 299.7175832411, 303.77403304358, 319.84824201328, 342.73909540498, 366.55733165367997, 388.0, 436.0, 439.69228939819, 449.87740525418997, 453.10933904063995, 469.99248999063997, 511.0, 516.67223351071, 527.47150163401, 531.55876734595, 564.42765398665, 571.49758255772, 598.57683123632]
