Avion: 7      Iteracion: 33

Num Ruta: 34
Ingresos: 134400.0
Costos: 404.581424033
Utilidad Ruta: 133995.418576
Costo Reducido: 124.980232792
Nodos: [107, 14, 59, 31, 1, 76, 11, 56, 42, 46, 35, 87, 26, 80, 71, 22, 67, 19, 8, 64, 53, 5, 50, 7, 15, 60, 20, 4, 52, 49, 65, 917]
q: [0.0, 8.0, -8.0, 6.0, 7.0, -6.0, 8.0, -8.0, 5.0, -7.0, 6.0, -5.0, 9.0, -6.0, -9.0, 10.0, -10.0, 7.0, 8.0, -7.0, -8.0, 12.0, -12.0, 4.0, 11.0, -11.0, 10.0, 1.0, -4.0, -1.0, -10.0, 0.0]
Q: [0.0, 8.0, 0.0, 6.0, 13.0, 7.0, 15.0, 7.0, 12.0, 5.0, 11.0, 6.0, 15.0, 9.0, 0.0, 10.0, 0.0, 7.0, 15.0, 8.0, 0.0, 12.0, 0.0, 4.0, 15.0, 4.0, 14.0, 15.0, 11.0, 10.0, 0.0, 0.0]
B: [0.0, 112.0, 124.021711775, 151.2337789879, 175.0, 193.9896940997, 194.468572998797, 198.522639845807, 239.0, 264.0626014013, 299.7175832411, 303.77403304358, 310.66951163466, 319.96251701505, 329.78433278404003, 343.41851343414004, 365.17319957304005, 402.0, 425.1608815463, 443.1178409771, 446.04596016866, 469.0, 470.12168890518, 517.0, 530.7672641436, 547.1884307587, 553.3222828110399, 563.60143384604, 582.87379483274, 584.03416891035, 595.89539216095, 608.77604315385]
