Avion: 3      Iteracion: 29

Num Ruta: 31
Ingresos: 19200.0
Costos: 102.850876344
Utilidad Ruta: 19097.1491237
Costo Reducido: 24.1105399079
Nodos: [103, 28, 73, 38, 83, 913]
q: [0, 8.0, -8.0, 8.0, -8.0, 0]
Q: [0, 8.0, 0.0, 8.0, 0.0, 0]
B: [0.0, 378.0, 414.0266187839, 480.0, 512.8688866407, 522.8328620019699]
