Avion: 2      Iteracion: 34

Num Ruta: 36
Ingresos: 124800.0
Costos: 364.709633089
Utilidad Ruta: 124435.290367
Costo Reducido: 47.7551065219
Nodos: [102, 14, 59, 11, 56, 44, 89, 45, 90, 8, 53, 5, 50, 41, 86, 7, 4, 52, 49, 2, 33, 78, 47, 912]
q: [0.0, 8.0, -8.0, 8.0, -8.0, 14.0, -14.0, 11.0, -11.0, 8.0, -8.0, 12.0, -12.0, 13.0, -13.0, 10.0, 5.0, -10.0, -5.0, 9.0, 6.0, -6.0, -9.0, 0.0]
Q: [0.0, 8.0, 0.0, 8.0, 0.0, 14.0, 0.0, 11.0, 0.0, 8.0, 0.0, 12.0, 0.0, 13.0, 0.0, 10.0, 15.0, 5.0, 0.0, 9.0, 15.0, 9.0, 0.0, 0.0]
B: [0.0, 112.0, 124.021711775, 169.0, 173.05406684701, 211.0, 265.00737440390003, 371.0, 380.19162363242, 414.0, 434.768396616, 469.0, 470.12168890518, 478.94792672205, 498.98904707495, 517.0, 529.0, 548.2723609867, 549.43273506431, 558.88720157491, 572.67280250491, 595.97631374251, 614.49509777391, 640.4259414933099]
