Avion: 3      Iteracion: 15

Num Ruta: 17
Ingresos: 62400.0
Costos: 219.570823206
Utilidad Ruta: 62180.4291768
Costo Reducido: 75871.6192632
Nodos: [103, 30, 75, 40, 85, 13, 58, 15, 60, 913]
q: [0, 11.0, -11.0, 15.0, -15.0, 15.0, -15.0, 11.0, -11.0, 0]
Q: [0, 11.0, 0.0, 15.0, 0.0, 15.0, 0.0, 11.0, 0.0, 0]
B: [0.0, 64.0, 82.7140226568, 113.5238767298, 146.0933185119, 423.0, 439.88315095, 511.0, 527.4211666151, 558.7920950202]
