Avion: 5      Iteracion: 17

Num Ruta: 18
Ingresos: 156000.0
Costos: 473.713423011
Utilidad Ruta: 155526.286577
Costo Reducido: 240.87025932
Nodos: [105, 17, 62, 24, 69, 36, 81, 3, 48, 23, 18, 63, 68, 39, 84, 8, 6, 51, 53, 13, 58, 20, 7, 52, 65, 37, 82, 915]
q: [0.0, 5.0, -5.0, 14.0, -14.0, 15.0, -15.0, 15.0, -15.0, 10.0, 5.0, -5.0, -10.0, 8.0, -8.0, 8.0, 5.0, -5.0, -8.0, 15.0, -15.0, 10.0, 5.0, -5.0, -10.0, 15.0, -15.0, 0.0]
Q: [0.0, 5.0, 0.0, 14.0, 0.0, 15.0, 0.0, 15.0, 0.0, 10.0, 15.0, 10.0, 0.0, 8.0, 0.0, 8.0, 13.0, 8.0, 0.0, 15.0, 0.0, 10.0, 15.0, 10.0, 0.0, 15.0, 0.0, 0.0]
B: [0.0, 24.0, 58.8425537813, 75.400837086, 113.9137873885, 251.0, 257.94814406874, 294.92818141324, 300.01246317176, 303.37495049515996, 323.55390064126, 347.37213688995996, 357.29766846263, 388.0, 410.632187455, 434.7301572658, 462.6446552373, 466.33694463549, 479.20294712269, 481.41362326359996, 498.2967742136, 512.227359449, 520.97031386956, 549.5116256824599, 562.4753102281599, 574.0528281832599, 594.8474816547598, 619.9126595914598]
