Avion: 2      Iteracion: 71

Num Ruta: 57
Ingresos: 79200.0
Costos: 216.833764501
Utilidad Ruta: 78983.1662355
Costo Reducido: 16.697923712
Nodos: [102, 44, 89, 8, 45, 90, 19, 64, 53, 13, 58, 29, 27, 74, 72, 912]
q: [0.0, 14.0, -14.0, 8.0, 7.0, -7.0, 7.0, -7.0, -8.0, 15.0, -15.0, 9.0, 6.0, -9.0, -6.0, 0.0]
Q: [0.0, 14.0, 0.0, 8.0, 15.0, 8.0, 15.0, 8.0, 0.0, 15.0, 0.0, 9.0, 15.0, 6.0, 0.0, 0.0]
B: [0.0, 211.0, 265.00737440390003, 414.0, 417.40515271317, 426.59677634559, 438.43863059229, 465.06574688379, 467.99386607534996, 470.20454221625994, 487.08769316625995, 549.0, 574.6018082369, 582.8182362320799, 598.26561380888, 604.50959723295]
