Avion: 4      Iteracion: 23

Num Ruta: 24
Ingresos: 94800.0
Costos: 347.259322048
Utilidad Ruta: 94452.740678
Costo Reducido: 117.860489553
Nodos: [104, 9, 54, 12, 57, 1, 46, 3, 48, 18, 63, 39, 84, 8, 51, 6, 53, 914]
q: [0.0, 11.0, -11.0, 14.0, -14.0, 7.0, -7.0, 15.0, -15.0, 11.0, -11.0, 8.0, -8.0, 8.0, -5.0, 5.0, -8.0, 0.0]
Q: [0.0, 11.0, 0.0, 14.0, 0.0, 7.0, 0.0, 15.0, 0.0, 11.0, 0.0, 8.0, 0.0, 8.0, 3.0, 8.0, 0.0, 0.0]
B: [0.0, 34.2318085996, 63.7590456021, 74.5460823592, 117.8940066232, 175.0, 209.2400855285, 256.0, 261.08428175852, 293.0, 316.8182362487, 388.0, 410.632187455, 434.7301572658, 466.0032157347, 469.69550513289, 478.88617676232, 501.34656451502]
