Avion: 1      Iteracion: 63

Num Ruta: 59
Ingresos: 61200.0
Costos: 185.681071533
Utilidad Ruta: 61014.3189285
Costo Reducido: 9.80559393833
Nodos: [101, 22, 67, 18, 63, 39, 28, 84, 43, 73, 15, 88, 60, 911]
q: [0.0, 10.0, -10.0, 11.0, -11.0, 8.0, 7.0, -8.0, 5.0, -7.0, 10.0, -5.0, -10.0, 0.0]
Q: [0.0, 10.0, 0.0, 11.0, 0.0, 8.0, 15.0, 7.0, 12.0, 5.0, 15.0, 10.0, 0.0, 0.0]
B: [0.0, 299.0, 320.7546861389, 334.15512273630003, 357.973358985, 388.0, 399.3210123222, 412.3114993416, 451.0, 467.5718045185, 511.0, 521.2530082415, 533.7945681525, 542.12532183989]
