Avion: 1      Iteracion: 46

Num Ruta: 46
Ingresos: 108000.0
Costos: 298.798028136
Utilidad Ruta: 107701.201972
Costo Reducido: 10.605521633
Nodos: [101, 16, 61, 30, 75, 24, 69, 1, 46, 45, 90, 32, 43, 77, 88, 21, 50, 5, 66, 911]
q: [0.0, 11.0, -11.0, 11.0, -11.0, 14.0, -14.0, 7.0, -7.0, 11.0, -11.0, 6.0, 5.0, -6.0, -5.0, 13.0, -12.0, 12.0, -13.0, 0.0]
Q: [0.0, 11.0, 0.0, 11.0, 0.0, 14.0, 0.0, 7.0, 0.0, 11.0, 0.0, 6.0, 11.0, 5.0, 0.0, 13.0, 1.0, 13.0, 0.0, 0.0]
B: [0.0, 36.0, 45.624091437640004, 64.0, 82.7140226568, 107.4479935471, 145.9609438496, 175.0, 209.2400855285, 371.0, 380.19162363242, 422.0, 451.0, 474.5469186944, 488.3458735099, 495.62888092442, 523.86847130742, 524.9901602126, 546.6128210341, 568.8109810705]
