Avion: 6      Iteracion: 15

Num Ruta: 18
Ingresos: 120000.0
Costos: 485.66366549
Utilidad Ruta: 119514.336335
Costo Reducido: 106553.331336
Nodos: [106, 40, 85, 30, 75, 14, 59, 42, 34, 87, 79, 8, 53, 13, 58, 43, 88, 15, 21, 60, 38, 83, 66, 916]
q: [0.0, 15.0, -15.0, 11.0, -11.0, 8.0, -8.0, 5.0, 10.0, -5.0, -10.0, 8.0, -8.0, 15.0, -15.0, 5.0, -5.0, 11.0, 4.0, -11.0, 8.0, -8.0, -4.0, 0.0]
Q: [0.0, 15.0, 0.0, 11.0, 0.0, 8.0, 0.0, 5.0, 15.0, 10.0, 0.0, 8.0, 0.0, 15.0, 0.0, 5.0, 0.0, 11.0, 15.0, 4.0, 12.0, 4.0, 0.0, 0.0]
B: [0.0, 62.0, 94.5694417821, 113.51249206450001, 132.22651472130002, 160.02245537820002, 172.04416715320002, 239.0, 283.0, 340.2647956864, 380.18891651580003, 424.8777017085, 445.64609832450003, 447.85677446541, 464.73992541541, 486.95224499261, 504.21456609961, 514.46757434111, 520.13980785182, 530.93907597512, 535.0263416870599, 567.8952283277599, 574.96515689883, 612.57568470683]
