Avion: 5      Iteracion: 63

Num Ruta: 50
Ingresos: 84000.0
Costos: 302.614160671
Utilidad Ruta: 83697.3858393
Costo Reducido: 17.8126517806
Nodos: [105, 31, 76, 44, 42, 89, 87, 26, 71, 22, 67, 45, 90, 32, 77, 29, 74, 915]
q: [0.0, 6.0, -6.0, 10.0, 5.0, -10.0, -5.0, 13.0, -13.0, 10.0, -10.0, 11.0, -11.0, 6.0, -6.0, 9.0, -9.0, 0.0]
Q: [0.0, 6.0, 0.0, 10.0, 15.0, 5.0, 0.0, 13.0, 0.0, 10.0, 0.0, 11.0, 0.0, 6.0, 0.0, 9.0, 0.0, 0.0]
B: [0.0, 130.0, 143.3056140031, 211.0, 239.0, 276.4881823646, 294.1162889277, 301.01176751878, 318.59099548818, 332.22517613828, 353.97986227718, 371.0, 380.19162363242, 422.0, 449.8573558149, 549.0, 582.7797797802, 608.5617657394]
