Avion: 1      Iteracion: 24

Num Ruta: 27
Ingresos: 136800.0
Costos: 404.897052477
Utilidad Ruta: 136395.102948
Costo Reducido: 109.160938828
Nodos: [101, 9, 54, 14, 59, 3, 48, 18, 36, 81, 34, 63, 79, 39, 28, 84, 13, 58, 73, 25, 70, 43, 20, 88, 7, 52, 65, 911]
q: [0.0, 11.0, -11.0, 8.0, -8.0, 15.0, -15.0, 3.0, 12.0, -12.0, 12.0, -3.0, -12.0, 8.0, 7.0, -8.0, 8.0, -8.0, -7.0, 10.0, -10.0, 5.0, 10.0, -5.0, 5.0, -5.0, -10.0, 0.0]
Q: [0.0, 11.0, 0.0, 8.0, 0.0, 15.0, 0.0, 3.0, 15.0, 3.0, 15.0, 12.0, 0.0, 8.0, 15.0, 7.0, 15.0, 7.0, 0.0, 10.0, 0.0, 5.0, 15.0, 10.0, 15.0, 10.0, 0.0, 0.0]
B: [0.0, 28.0, 57.5272370025, 112.0, 124.021711775, 256.0, 261.08428175852, 293.0, 306.9670306436, 313.91517471234005, 327.63492270564007, 355.86696018084007, 371.0195898206401, 388.0, 399.3210123222, 412.3114993416, 423.0, 439.88315095, 462.92158097460003, 466.25495959096, 483.43994190106, 496.47716342256, 505.17016624092, 514.1103953207601, 531.41248132216, 559.95379313506, 572.9174776807599, 603.5183633705599]
