Avion: 6      Iteracion: 16

Num Ruta: 19
Ingresos: 103200.0
Costos: 359.176509736
Utilidad Ruta: 102840.82349
Costo Reducido: 1160.61316466
Nodos: [106, 30, 75, 16, 61, 18, 34, 63, 79, 39, 84, 28, 73, 25, 70, 15, 21, 60, 38, 83, 66, 916]
q: [0.0, 11.0, -11.0, 11.0, -11.0, 3.0, 12.0, -3.0, -12.0, 8.0, -8.0, 8.0, -8.0, 10.0, -10.0, 8.0, 7.0, -8.0, 8.0, -8.0, -7.0, 0.0]
Q: [0.0, 11.0, 0.0, 11.0, 0.0, 3.0, 15.0, 12.0, 0.0, 8.0, 0.0, 8.0, 0.0, 10.0, 0.0, 8.0, 15.0, 7.0, 15.0, 7.0, 0.0, 0.0]
B: [0.0, 64.0, 82.7140226568, 93.53069441849999, 103.15478585614, 293.0, 316.7154937119, 344.9475311871, 360.10016082690004, 388.0, 410.632187455, 423.6226744744, 459.6492932583, 462.98267187466, 480.16765418476, 511.0, 516.67223351071, 527.47150163401, 531.55876734595, 564.42765398665, 571.49758255772, 609.10811036572]
