Avion: 2      Iteracion: 37

Num Ruta: 39
Ingresos: 112800.0
Costos: 407.968223317
Utilidad Ruta: 112392.031777
Costo Reducido: 23.36431116
Nodos: [102, 12, 24, 57, 69, 31, 76, 44, 89, 45, 90, 19, 8, 64, 53, 6, 51, 41, 86, 7, 20, 52, 65, 912]
q: [0.0, 14.0, 1.0, -14.0, -1.0, 6.0, -6.0, 14.0, -14.0, 11.0, -11.0, 7.0, 8.0, -7.0, -8.0, 5.0, -5.0, 13.0, -13.0, 5.0, 10.0, -5.0, -10.0, 0.0]
Q: [0.0, 14.0, 15.0, 1.0, 0.0, 6.0, 0.0, 14.0, 0.0, 11.0, 0.0, 7.0, 15.0, 8.0, 0.0, 5.0, 0.0, 13.0, 0.0, 5.0, 15.0, 10.0, 0.0, 0.0]
B: [0.0, 54.0, 70.84782742670001, 112.4021086622, 128.3343462326, 139.61870399010002, 152.92431799320002, 211.0, 265.00737440390003, 371.0, 380.19162363242, 402.0, 425.1608815463, 443.1178409771, 446.04596016866, 455.23663179809, 458.92892119628, 478.04564110318, 498.08676145608, 517.0, 525.74295442056, 554.98896180616, 567.9526463518599, 589.5448667332599]
