Avion: 6      Iteracion: 50

Num Ruta: 49
Ingresos: 99600.0
Costos: 352.156227729
Utilidad Ruta: 99247.8437723
Costo Reducido: 6.54482250243
Nodos: [106, 24, 69, 22, 67, 18, 63, 28, 25, 73, 70, 20, 5, 50, 65, 2, 47, 29, 74, 916]
q: [0.0, 14.0, -14.0, 10.0, -10.0, 11.0, -11.0, 8.0, 7.0, -8.0, -7.0, 10.0, 5.0, -5.0, -10.0, 9.0, -9.0, 9.0, -9.0, 0.0]
Q: [0.0, 14.0, 0.0, 10.0, 0.0, 11.0, 0.0, 8.0, 15.0, 7.0, 0.0, 10.0, 15.0, 10.0, 0.0, 9.0, 0.0, 9.0, 0.0, 0.0]
B: [0.0, 61.0, 99.5129503025, 299.0, 320.7546861389, 334.15512273630003, 357.973358985, 378.0, 414.5748134377, 417.90819205406, 435.21428080916, 496.0, 519.9123369832, 521.03402588838, 540.17366112528, 547.50395839074, 588.23892043814, 598.04366097525, 631.82344075545, 663.08667491315]
