Avion: 5      Iteracion: 24

Num Ruta: 25
Ingresos: 88800.0
Costos: 292.110398568
Utilidad Ruta: 88507.8896014
Costo Reducido: 48.1729738199
Nodos: [105, 17, 30, 62, 16, 61, 75, 24, 69, 1, 46, 3, 48, 42, 87, 26, 71, 915]
q: [0.0, 5.0, 10.0, -5.0, 5.0, -5.0, -10.0, 14.0, -14.0, 7.0, -7.0, 15.0, -15.0, 5.0, -5.0, 13.0, -13.0, 0.0]
Q: [0.0, 5.0, 15.0, 10.0, 15.0, 10.0, 0.0, 14.0, 0.0, 7.0, 0.0, 15.0, 0.0, 5.0, 0.0, 13.0, 0.0, 0.0]
B: [0.0, 24.0, 64.0, 67.14445448369, 72.47609381883, 82.10018525647, 84.97134181786, 109.70531270816, 148.21826301066, 175.0, 209.2400855285, 256.0, 261.08428175852, 282.70958344432, 330.75941809542, 337.6548966865, 355.2341246559, 372.67129197170004]
