Avion: 5      Iteracion: 75

Num Ruta: 58
Ingresos: 99600.0
Costos: 296.437225902
Utilidad Ruta: 99303.5627741
Costo Reducido: 15.7140894791
Nodos: [105, 1, 46, 3, 48, 23, 18, 63, 68, 28, 73, 25, 43, 70, 88, 15, 21, 60, 38, 83, 66, 915]
q: [0.0, 7.0, -7.0, 15.0, -15.0, 4.0, 11.0, -11.0, -4.0, 8.0, -8.0, 10.0, 5.0, -10.0, -5.0, 8.0, 7.0, -8.0, 8.0, -8.0, -7.0, 0.0]
Q: [0.0, 7.0, 0.0, 15.0, 0.0, 4.0, 15.0, 4.0, 0.0, 8.0, 0.0, 10.0, 15.0, 5.0, 0.0, 8.0, 15.0, 7.0, 15.0, 7.0, 0.0, 0.0]
B: [0.0, 175.0, 209.2400855285, 256.0, 261.08428175852, 267.0, 293.0, 316.8182362487, 326.74376782137, 378.0, 414.0266187839, 417.35999740026, 451.0, 464.0372215215, 471.78639754221, 511.0, 516.67223351071, 527.47150163401, 531.55876734595, 564.42765398665, 571.49758255772, 603.53410827452]
