Avion: 4      Iteracion: 14

Num Ruta: 15
Ingresos: 114000.0
Costos: 521.165284185
Utilidad Ruta: 113478.834716
Costo Reducido: 109326.389676
Nodos: [104, 16, 61, 30, 40, 85, 75, 14, 59, 11, 56, 42, 23, 68, 87, 28, 39, 73, 25, 70, 84, 13, 58, 38, 43, 21, 88, 66, 83, 914]
q: [0.0, 11.0, -11.0, 0.0, 0.0, 0.0, 0.0, 8.0, -8.0, 8.0, -8.0, 5.0, 10.0, -10.0, -5.0, 8.0, 5.0, -8.0, 10.0, -10.0, -5.0, 15.0, -15.0, 8.0, 5.0, 2.0, -5.0, -2.0, -8.0, 0.0]
Q: [0.0, 11.0, 0.0, 0.0, 0.0, 0.0, 0.0, 8.0, 0.0, 8.0, 0.0, 5.0, 15.0, 5.0, 0.0, 8.0, 13.0, 5.0, 15.0, 5.0, 0.0, 15.0, 0.0, 8.0, 13.0, 15.0, 10.0, 8.0, 0.0, 0.0]
B: [0.0, 36.0, 45.624091437640004, 64.0, 89.2820344118, 121.8514761939, 123.89677568297, 151.69271633987, 163.71442811487, 193.16285722407, 197.21692407108, 239.0, 267.0, 306.733842905, 333.0941988965, 378.0, 389.3210123222, 420.750419714, 424.08379833035997, 441.26878064045997, 460.17589178945997, 463.40782557590995, 480.29097652590997, 493.78603580700997, 502.50335121944994, 513.24467390335, 520.52768131787, 559.41866645577, 566.48859502684, 587.53678784714]
