Avion: 7      Iteracion: 42

Num Ruta: 40
Ingresos: 76800.0
Costos: 212.621418824
Utilidad Ruta: 76587.3785812
Costo Reducido: 21.3722300677
Nodos: [107, 40, 85, 41, 8, 53, 5, 50, 86, 7, 15, 60, 20, 4, 52, 49, 65, 917]
q: [0.0, 15.0, -15.0, 3.0, 8.0, -8.0, 12.0, -12.0, -3.0, 4.0, 11.0, -11.0, 10.0, 1.0, -4.0, -1.0, -10.0, 0.0]
Q: [0.0, 15.0, 0.0, 3.0, 11.0, 3.0, 15.0, 3.0, 0.0, 4.0, 15.0, 4.0, 14.0, 15.0, 11.0, 10.0, 0.0, 0.0]
B: [0.0, 62.0, 94.5694417821, 446.0, 463.0665078443, 483.83490446030004, 493.58771533717004, 494.70940424235005, 506.02592548345007, 517.0, 530.7672641436, 547.1884307587, 553.3222828110399, 563.60143384604, 582.87379483274, 584.03416891035, 595.89539216095, 608.77604315385]
