Avion: 2      Iteracion: 73

Num Ruta: 58
Ingresos: 54000.0
Costos: 125.244320028
Utilidad Ruta: 53874.75568
Costo Reducido: 8.5362811541
Nodos: [102, 11, 56, 34, 79, 39, 84, 6, 51, 5, 50, 912]
q: [0, 8.0, -8.0, 12.0, -12.0, 8.0, -8.0, 5.0, -5.0, 12.0, -12.0, 0]
Q: [0, 8.0, 0.0, 12.0, 0.0, 8.0, 0.0, 5.0, 0.0, 12.0, 0.0, 0]
B: [0.0, 169.0, 173.05406684701, 283.0, 323.947598037, 388.0, 410.632187455, 436.0, 439.69228939819, 469.0, 470.12168890518, 473.88797354657]
