Avion: 7      Iteracion: 73

Num Ruta: 58
Ingresos: 134400.0
Costos: 335.440228215
Utilidad Ruta: 134064.559772
Costo Reducido: 13.9266701887
Nodos: [107, 30, 16, 61, 75, 24, 69, 1, 46, 3, 48, 8, 45, 90, 32, 53, 6, 51, 13, 77, 58, 15, 60, 20, 4, 49, 65, 917]
q: [0.0, 11.0, 4.0, -4.0, -11.0, 14.0, -14.0, 7.0, -7.0, 15.0, -15.0, 8.0, 7.0, -7.0, 6.0, -8.0, 5.0, -5.0, 9.0, -6.0, -9.0, 11.0, -11.0, 10.0, 5.0, -5.0, -10.0, 0.0]
Q: [0.0, 11.0, 15.0, 11.0, 0.0, 14.0, 0.0, 7.0, 0.0, 15.0, 0.0, 8.0, 15.0, 8.0, 14.0, 6.0, 11.0, 6.0, 15.0, 9.0, 0.0, 11.0, 0.0, 10.0, 15.0, 10.0, 0.0, 0.0]
B: [0.0, 64.0, 72.20259129788, 81.82668273552001, 84.69783929691, 109.43181018721, 147.94476048971, 175.0, 209.2400855285, 256.0, 261.08428175852, 414.0, 417.40515271317, 426.59677634559, 428.13238729892, 450.51212199352, 459.70279362295, 463.39508302114, 476.80514912834, 490.64732890614005, 494.71827928658007, 514.6753050419801, 531.0964716570801, 537.2303237094201, 547.5094747444201, 567.9352244246202, 579.7964476752202, 592.6770986681202]
