Avion: 6      Iteracion: 26

Num Ruta: 28
Ingresos: 78000.0
Costos: 205.372027135
Utilidad Ruta: 77794.6279729
Costo Reducido: 101.011310199
Nodos: [106, 16, 61, 10, 55, 35, 80, 18, 63, 5, 50, 41, 86, 916]
q: [0, 11.0, -11.0, 12.0, -12.0, 6.0, -6.0, 11.0, -11.0, 12.0, -12.0, 13.0, -13.0, 0]
Q: [0, 11.0, 0.0, 12.0, 0.0, 6.0, 0.0, 11.0, 0.0, 12.0, 0.0, 13.0, 0.0, 0]
B: [0.0, 36.0, 45.624091437640004, 96.0, 125.5195107344, 279.0, 298.9128833924, 321.80373678409995, 345.62197303279993, 469.0, 470.12168890518, 478.94792672205, 498.98904707495, 506.5444980873]
