Avion: 5      Iteracion: 15

Num Ruta: 16
Ingresos: 99600.0
Costos: 420.89758867
Utilidad Ruta: 99179.1024113
Costo Reducido: 60201.7665074
Nodos: [105, 12, 57, 30, 75, 14, 59, 42, 23, 87, 35, 26, 80, 68, 71, 19, 64, 13, 58, 41, 86, 915]
q: [0.0, 14.0, -14.0, 11.0, -11.0, 8.0, -8.0, 5.0, 10.0, -5.0, 0.0, 0.0, 0.0, -10.0, 0.0, 7.0, -7.0, 15.0, -15.0, 13.0, -13.0, 0.0]
Q: [0.0, 14.0, 0.0, 11.0, 0.0, 8.0, 0.0, 5.0, 15.0, 10.0, 10.0, 10.0, 10.0, 0.0, 0.0, 7.0, 0.0, 15.0, 0.0, 13.0, 0.0, 0.0]
B: [0.0, 54.0, 97.347924264, 122.72227077779999, 141.4362934346, 169.2322340915, 181.2539458665, 239.0, 267.0, 304.0156388571, 308.07208865958, 318.69930325228, 327.99230863267, 340.61085411147, 343.67792649405004, 402.0, 428.6271162915, 432.85473559792, 449.73788654792, 484.54383783502004, 504.58495818792005, 510.43395485402004]
