Avion: 1      Iteracion: 44

Num Ruta: 44
Ingresos: 69600.0
Costos: 239.994816412
Utilidad Ruta: 69360.0051836
Costo Reducido: 26.112522476
Nodos: [101, 1, 46, 3, 48, 23, 18, 63, 68, 28, 73, 21, 66, 911]
q: [0.0, 7.0, -7.0, 15.0, -15.0, 10.0, 5.0, -5.0, -10.0, 8.0, -8.0, 13.0, -13.0, 0.0]
Q: [0.0, 7.0, 0.0, 15.0, 0.0, 10.0, 15.0, 10.0, 0.0, 8.0, 0.0, 13.0, 0.0, 0.0]
B: [0.0, 175.0, 209.2400855285, 256.0, 261.08428175852, 267.0, 293.0, 316.8182362487, 326.74376782137, 378.0, 414.0266187839, 477.0, 517.7387906792, 539.9369507156]
