Avion: 3      Iteracion: 10

Num Ruta: 12
Ingresos: 162000.0
Costos: 596.998590002
Utilidad Ruta: 161403.00141
Costo Reducido: 224681.463813
Nodos: [103, 9, 54, 1, 46, 36, 81, 34, 79, 26, 71, 8, 53, 6, 51, 5, 50, 41, 86, 21, 66, 27, 4, 49, 72, 37, 82, 913]
q: [0, 11.0, -11.0, 7.0, -7.0, 15.0, -15.0, 12.0, -12.0, 13.0, -13.0, 8.0, -8.0, 5.0, -5.0, 12.0, -12.0, 13.0, -13.0, 13.0, -13.0, 6.0, 5.0, -5.0, -6.0, 15.0, -15.0, 0]
Q: [0, 11.0, 0.0, 7.0, 0.0, 15.0, 0.0, 12.0, 0.0, 13.0, 0.0, 8.0, 0.0, 5.0, 0.0, 12.0, 0.0, 13.0, 0.0, 13.0, 0.0, 6.0, 11.0, 6.0, 0.0, 15.0, 0.0, 0]
B: [0.0, 58.0169348553, 87.5441718578, 175.0, 209.2400855285, 251.0, 257.94814406874, 283.0, 323.947598037, 358.0226741044, 375.6019020738, 414.0, 434.768396616, 443.95906824543, 447.65135764362, 469.0, 470.12168890518, 478.94792672205, 498.98904707495, 516.85210403615, 557.5908947153499, 570.76834291295, 588.38311745025, 608.8088671304499, 614.2241256653699, 621.06009128846, 641.8547447599599, 695.28000292496]
