Avion: 3      Iteracion: 4

Num Ruta: 6
Ingresos: 150000.0
Costos: 471.389776491
Utilidad Ruta: 149528.610224
Costo Reducido: 188097.08599
Nodos: [103, 40, 85, 30, 75, 14, 59, 3, 48, 45, 90, 25, 70, 39, 84, 5, 50, 20, 65, 37, 82, 33, 78, 913]
q: [0, 15.0, -15.0, 11.0, -11.0, 8.0, -8.0, 15.0, -15.0, 11.0, -11.0, 10.0, -10.0, 8.0, -8.0, 12.0, -12.0, 10.0, -10.0, 15.0, -15.0, 10.0, -10.0, 0]
Q: [0, 15.0, 0.0, 11.0, 0.0, 8.0, 0.0, 15.0, 0.0, 11.0, 0.0, 10.0, 0.0, 8.0, 0.0, 12.0, 0.0, 10.0, 0.0, 15.0, 0.0, 10.0, 0.0, 0]
B: [0.0, 62.0, 94.5694417821, 113.51249206450001, 132.22651472130002, 160.02245537820002, 172.04416715320002, 256.0, 261.08428175852, 371.0, 380.19162363242, 410.0, 427.1849823101, 446.3261919114, 468.9583793664, 481.5229140971, 482.64460300228, 506.20856213478, 548.38570458188, 562.0, 582.7946534714999, 617.3784082994999, 640.6819195370999, 659.5206583483999]
