Avion: 7      Iteracion: 18

Num Ruta: 19
Ingresos: 109200.0
Costos: 308.005029093
Utilidad Ruta: 108891.994971
Costo Reducido: 181.077889386
Nodos: [107, 9, 54, 12, 57, 31, 11, 76, 56, 36, 81, 19, 64, 13, 58, 38, 21, 83, 66, 917]
q: [0.0, 11.0, -11.0, 14.0, -14.0, 6.0, 8.0, -6.0, -8.0, 15.0, -15.0, 7.0, -7.0, 15.0, -15.0, 8.0, 7.0, -8.0, -7.0, 0.0]
Q: [0.0, 11.0, 0.0, 14.0, 0.0, 6.0, 14.0, 8.0, 0.0, 15.0, 0.0, 7.0, 0.0, 15.0, 0.0, 8.0, 15.0, 7.0, 0.0, 0.0]
B: [0.0, 28.0, 57.5272370025, 68.3142737596, 111.6621980236, 132.5795314101, 169.0, 169.478878899097, 173.173257466597, 251.0, 257.94814406874, 402.0, 428.6271162915, 432.85473559792, 449.73788654792, 480.0, 486.82291294097, 525.3346514111701, 532.4045799822401, 555.98990567424]
