Avion: 4      Iteracion: 15

Num Ruta: 16
Ingresos: 118800.0
Costos: 556.658541004
Utilidad Ruta: 118243.341459
Costo Reducido: 108928.013962
Nodos: [104, 17, 30, 62, 40, 75, 85, 14, 59, 42, 34, 87, 79, 13, 58, 21, 38, 66, 83, 15, 60, 37, 82, 914]
q: [0.0, 5.0, 0.0, -5.0, 15.0, 0.0, -15.0, 8.0, -8.0, 5.0, 10.0, -5.0, -10.0, 15.0, -15.0, 13.0, 2.0, -13.0, -2.0, 11.0, -11.0, 15.0, -15.0, 0.0]
Q: [0.0, 5.0, 5.0, 0.0, 15.0, 15.0, 0.0, 8.0, 0.0, 5.0, 15.0, 10.0, 0.0, 15.0, 0.0, 13.0, 15.0, 2.0, 0.0, 11.0, 0.0, 15.0, 0.0, 0.0]
B: [0.0, 26.5094038032, 64.0, 67.14445448369, 90.84342530519, 121.65327937818999, 123.69857886726, 152.27698079946, 164.29869257446, 239.0, 283.0, 340.2647956864, 380.18891651580003, 423.0, 439.88315095, 477.0, 483.82291294097, 518.30529332577, 525.37522189684, 569.37923472524, 585.80040134034, 613.17709599104, 633.97174946254, 684.0591748705399]
