Avion: 1      Iteracion: 50

Num Ruta: 50
Ingresos: 136800.0
Costos: 388.912099954
Utilidad Ruta: 136411.0879
Costo Reducido: 16.7350695505
Nodos: [101, 30, 16, 61, 75, 24, 69, 1, 46, 3, 48, 23, 18, 63, 68, 22, 67, 43, 25, 70, 88, 15, 21, 60, 38, 83, 66, 911]
q: [0.0, 11.0, 4.0, -4.0, -11.0, 14.0, -14.0, 7.0, -7.0, 15.0, -15.0, 4.0, 11.0, -11.0, -4.0, 10.0, -10.0, 5.0, 10.0, -10.0, -5.0, 8.0, 7.0, -8.0, 8.0, -8.0, -7.0, 0.0]
Q: [0.0, 11.0, 15.0, 11.0, 0.0, 14.0, 0.0, 7.0, 0.0, 15.0, 0.0, 4.0, 15.0, 4.0, 0.0, 10.0, 0.0, 5.0, 15.0, 5.0, 0.0, 8.0, 15.0, 7.0, 15.0, 7.0, 0.0, 0.0]
B: [0.0, 64.0, 72.20259129788, 81.82668273552001, 84.69783929691, 109.43181018721, 147.94476048971, 175.0, 209.2400855285, 256.0, 261.08428175852, 267.0, 293.0, 316.8182362487, 326.74376782137, 342.50019181287, 364.25487795177, 451.0, 465.0611587716, 482.2461410817, 489.99531710241, 511.0, 516.67223351071, 527.47150163401, 531.55876734595, 564.42765398665, 571.49758255772, 593.69574259412]
