Avion: 2      Iteracion: 9

Num Ruta: 12
Ingresos: 156000.0
Costos: 549.80029674
Utilidad Ruta: 155450.199703
Costo Reducido: 278848.821172
Nodos: [102, 9, 54, 30, 10, 75, 55, 31, 76, 36, 81, 18, 23, 68, 63, 28, 73, 25, 19, 70, 64, 6, 51, 41, 86, 5, 50, 2, 33, 78, 47, 912]
q: [0.0, 11.0, -11.0, 3.0, 12.0, -3.0, -12.0, 6.0, -6.0, 15.0, -15.0, 5.0, 10.0, -10.0, -5.0, 8.0, -8.0, 10.0, 5.0, -10.0, -5.0, 5.0, -5.0, 13.0, -13.0, 12.0, -12.0, 9.0, 6.0, -6.0, -9.0, 0.0]
Q: [0.0, 11.0, 0.0, 3.0, 15.0, 12.0, 0.0, 6.0, 0.0, 15.0, 0.0, 5.0, 15.0, 5.0, 0.0, 8.0, 0.0, 10.0, 15.0, 5.0, 0.0, 5.0, 0.0, 13.0, 0.0, 12.0, 0.0, 9.0, 15.0, 9.0, 0.0, 0.0]
B: [0.0, 41.2034331094, 70.7306701119, 86.5185704473, 103.25747402549999, 121.95052431159999, 140.8513222048, 180.459476542, 193.7650905451, 251.0, 257.94814406874, 293.0, 313.1789501461, 352.91279305110004, 362.83832462377006, 378.0, 414.0266187839, 417.35999740026, 426.75200464046, 443.42489632125995, 460.21175275715996, 472.00277175465993, 475.6950611528499, 494.81178105974993, 514.8529014126499, 526.8787895295499, 528.0004784347299, 542.0825288891299, 562.0, 585.3035112376, 603.8222952689999, 629.7531389883999]
