Avion: 3      Iteracion: 28

Num Ruta: 30
Ingresos: 15600.0
Costos: 66.3005234087
Utilidad Ruta: 15533.6994766
Costo Reducido: 29.3111721845
Nodos: [103, 39, 84, 6, 51, 913]
q: [0, 8.0, -8.0, 5.0, -5.0, 0]
Q: [0, 8.0, 0.0, 5.0, 0.0, 0]
B: [0.0, 388.0, 410.632187455, 436.0, 439.69228939819, 456.41742784308997]
