Avion: 5      Iteracion: 4

Num Ruta: 7
Ingresos: 187200.0
Costos: 564.9087312
Utilidad Ruta: 186635.091269
Costo Reducido: 208883.227641
Nodos: [105, 17, 62, 40, 85, 31, 76, 14, 59, 3, 48, 23, 18, 63, 68, 22, 67, 45, 90, 25, 70, 39, 84, 5, 50, 20, 65, 33, 78, 27, 72, 37, 82, 915]
q: [0.0, 5.0, -5.0, 15.0, -15.0, 6.0, -6.0, 8.0, -8.0, 15.0, -15.0, 10.0, 5.0, -5.0, -10.0, 10.0, -10.0, 11.0, -11.0, 10.0, -10.0, 8.0, -8.0, 12.0, -12.0, 10.0, -10.0, 10.0, -10.0, 6.0, -6.0, 15.0, -15.0, 0.0]
Q: [0.0, 5.0, 0.0, 15.0, 0.0, 6.0, 0.0, 8.0, 0.0, 15.0, 0.0, 10.0, 15.0, 10.0, 0.0, 10.0, 0.0, 11.0, 0.0, 10.0, 0.0, 8.0, 0.0, 12.0, 0.0, 10.0, 0.0, 10.0, 0.0, 6.0, 0.0, 15.0, 0.0, 0.0]
B: [0.0, 24.0, 58.8425537813, 82.5415246028, 115.1109663849, 138.4494553891, 151.7550693922, 168.8010759627, 180.8227877377, 256.0, 261.08428175852, 267.0, 293.0, 316.8182362487, 326.74376782137, 342.50019181287, 364.25487795177, 376.01755218007, 385.20917581249, 410.0, 427.1849823101, 446.3261919114, 468.9583793664, 481.5229140971, 482.64460300228, 506.20856213478, 548.38570458188, 562.0, 585.3035112376, 592.52226459258, 609.55312696068, 616.38909258377, 637.1837460552699, 662.24892399197]
