Avion: 2      Iteracion: 3

Num Ruta: 7
Ingresos: 177600.0
Costos: 603.675198063
Utilidad Ruta: 176996.324802
Costo Reducido: 336359.661681
Nodos: [102, 17, 30, 62, 75, 40, 85, 31, 11, 76, 56, 44, 36, 81, 23, 89, 26, 68, 71, 45, 90, 19, 8, 64, 53, 6, 51, 41, 86, 7, 4, 52, 49, 2, 33, 78, 47, 912]
q: [0.0, 5.0, 10.0, -5.0, -10.0, 15.0, -15.0, 6.0, 8.0, -6.0, -8.0, 13.0, 2.0, -2.0, 2.0, -13.0, 13.0, -2.0, -13.0, 11.0, -11.0, 7.0, 8.0, -7.0, -8.0, 5.0, -5.0, 13.0, -13.0, 10.0, 5.0, -10.0, -5.0, 5.0, 10.0, -10.0, -5.0, 0.0]
Q: [0.0, 5.0, 15.0, 10.0, 0.0, 15.0, 0.0, 6.0, 14.0, 8.0, 0.0, 13.0, 15.0, 13.0, 15.0, 2.0, 15.0, 13.0, 0.0, 11.0, 0.0, 7.0, 15.0, 8.0, 0.0, 5.0, 0.0, 13.0, 0.0, 10.0, 15.0, 5.0, 0.0, 5.0, 15.0, 5.0, 0.0, 0.0]
B: [0.0, 36.2584976247, 69.8722092317, 73.01666371539, 89.11460923649, 119.92446330949, 152.49390509159, 175.83239409579, 189.01512328969, 189.494002188787, 193.188380756287, 211.0, 251.0, 257.94814406874, 299.00676745044, 319.83735853664, 337.63763370304, 357.32400647714, 360.39107885972004, 383.91723128632003, 393.10885491874, 404.95070916544, 428.11159071174, 446.06855014254, 448.9966693341, 458.18734096353, 461.87963036172, 480.99635026862, 501.03747062152, 517.0, 529.0, 548.2723609867, 549.43273506431, 558.88720157491, 572.67280250491, 595.97631374251, 614.49509777391, 640.4259414933099]
