Avion: 3      Iteracion: 66

Num Ruta: 56
Ingresos: 63600.0
Costos: 197.701559536
Utilidad Ruta: 63402.2984405
Costo Reducido: 4.93127779816
Nodos: [103, 17, 62, 9, 54, 14, 59, 3, 48, 32, 38, 77, 83, 913]
q: [0, 5.0, -5.0, 11.0, -11.0, 8.0, -8.0, 15.0, -15.0, 6.0, 8.0, -6.0, -8.0, 0]
Q: [0, 5.0, 0.0, 11.0, 0.0, 8.0, 0.0, 15.0, 0.0, 6.0, 14.0, 8.0, 0.0, 0]
B: [0.0, 24.0, 58.8425537813, 81.72911018459999, 111.25634718709999, 121.5131539026, 133.5348656776, 256.0, 261.08428175852, 422.0, 480.0, 495.0304472322, 517.0265259964, 526.9905013576699]
