Avion: 3      Iteracion: 42

Num Ruta: 42
Ingresos: 61200.0
Costos: 291.029567988
Utilidad Ruta: 60908.970432
Costo Reducido: 19.0656967621
Nodos: [103, 17, 62, 9, 54, 42, 35, 87, 80, 18, 63, 21, 66, 913]
q: [0, 5.0, -5.0, 11.0, -11.0, 5.0, 6.0, -5.0, -6.0, 11.0, -11.0, 13.0, -13.0, 0]
Q: [0, 5.0, 0.0, 11.0, 0.0, 5.0, 11.0, 6.0, 0.0, 11.0, 0.0, 13.0, 0.0, 0]
B: [0.0, 24.0, 58.8425537813, 81.72911018459999, 111.25634718709999, 239.0, 291.0785280226, 295.13497782508, 311.20918679478, 334.10004018648, 357.91827643517996, 477.0, 517.7387906792, 534.7289915314999]
