Avion: 7      Iteracion: 87

Num Ruta: 62
Ingresos: 118800.0
Costos: 312.773144309
Utilidad Ruta: 118487.226856
Costo Reducido: 5.82416541589
Nodos: [107, 30, 16, 61, 75, 24, 69, 1, 46, 8, 45, 32, 90, 19, 43, 64, 53, 13, 77, 58, 88, 15, 60, 20, 4, 49, 65, 917]
q: [0.0, 11.0, 4.0, -4.0, -11.0, 14.0, -14.0, 7.0, -7.0, 4.0, 11.0, 0.0, -11.0, 7.0, 4.0, -7.0, -4.0, 11.0, 0.0, -11.0, -4.0, 11.0, -11.0, 10.0, 5.0, -5.0, -10.0, 0.0]
Q: [0.0, 11.0, 15.0, 11.0, 0.0, 14.0, 0.0, 7.0, 0.0, 4.0, 15.0, 15.0, 4.0, 11.0, 15.0, 8.0, 4.0, 15.0, 15.0, 4.0, 0.0, 11.0, 0.0, 10.0, 15.0, 10.0, 0.0, 0.0]
B: [0.0, 64.0, 72.20259129788, 81.82668273552001, 84.69783929691, 109.43181018721, 147.94476048971, 175.0, 209.2400855285, 414.0, 417.40515271317, 426.15533088278005, 427.69094183611, 439.53279608281, 451.0, 471.20454651800003, 474.13266570956, 476.34334185047, 490.18552162827, 494.25647200871003, 504.31205936101003, 514.56506760251, 530.98623421761, 537.12008626995, 547.39923730495, 567.82498698515, 579.68621023575, 592.5668612286499]
