Avion: 7      Iteracion: 0

Num Ruta: 4
Ingresos: 0
Costos: 21.658265697
Utilidad Ruta: -21.658265697
Costo Reducido: -
Nodos: [107, 917]
q: [0, 0]
Q: [0, 0]
B: [0, 0]
