Avion: 4      Iteracion: 27

Num Ruta: 28
Ingresos: 88800.0
Costos: 292.043790719
Utilidad Ruta: 88507.9562093
Costo Reducido: 137.533730602
Nodos: [104, 30, 75, 14, 59, 18, 63, 28, 73, 15, 60, 7, 52, 37, 82, 914]
q: [0, 11.0, -11.0, 8.0, -8.0, 11.0, -11.0, 8.0, -8.0, 11.0, -11.0, 10.0, -10.0, 15.0, -15.0, 0]
Q: [0, 11.0, 0.0, 8.0, 0.0, 11.0, 0.0, 8.0, 0.0, 11.0, 0.0, 10.0, 0.0, 15.0, 0.0, 0]
B: [0.0, 64.0, 82.7140226568, 112.0, 124.021711775, 293.0, 316.8182362487, 378.0, 414.0266187839, 511.0, 527.4211666151, 538.3259061809999, 566.8672179938999, 574.0400295068299, 594.83468297833, 644.9221083863299]
