Avion: 6      Iteracion: 47

Num Ruta: 48
Ingresos: 52800.0
Costos: 173.084540714
Utilidad Ruta: 52626.9154593
Costo Reducido: 14.9605458583
Nodos: [106, 9, 54, 12, 57, 28, 73, 15, 60, 916]
q: [0, 11.0, -11.0, 14.0, -14.0, 8.0, -8.0, 11.0, -11.0, 0]
Q: [0, 11.0, 0.0, 14.0, 0.0, 8.0, 0.0, 11.0, 0.0, 0]
B: [0.0, 28.0, 57.5272370025, 68.3142737596, 111.6621980236, 378.0, 414.0266187839, 511.0, 527.4211666151, 538.4055353269999]
