Avion: 7      Iteracion: 9

Num Ruta: 12
Ingresos: 144000.0
Costos: 464.782736857
Utilidad Ruta: 143535.217263
Costo Reducido: 272198.329475
Nodos: [107, 9, 54, 24, 69, 10, 55, 36, 81, 18, 23, 68, 63, 28, 73, 25, 19, 70, 64, 6, 51, 41, 86, 5, 50, 917]
q: [0.0, 11.0, -11.0, 14.0, -14.0, 12.0, -12.0, 15.0, -15.0, 5.0, 10.0, -10.0, -5.0, 8.0, -8.0, 10.0, 5.0, -10.0, -5.0, 5.0, -5.0, 13.0, -13.0, 12.0, -12.0, 0.0]
Q: [0.0, 11.0, 0.0, 14.0, 0.0, 12.0, 0.0, 15.0, 0.0, 5.0, 15.0, 5.0, 0.0, 8.0, 0.0, 10.0, 15.0, 5.0, 0.0, 5.0, 0.0, 13.0, 0.0, 12.0, 0.0, 0.0]
B: [0.0, 28.0, 57.5272370025, 81.6674868976, 120.1804372001, 131.9663678804, 161.48587861480001, 251.0, 257.94814406874, 293.0, 313.1789501461, 352.91279305110004, 362.83832462377006, 378.0, 414.0266187839, 417.35999740026, 426.75200464046, 443.42489632125995, 460.21175275715996, 472.00277175465993, 475.6950611528499, 494.81178105974993, 514.8529014126499, 526.8787895295499, 528.0004784347299, 535.7315345721498]
