Avion: 3      Iteracion: 2

Num Ruta: 5
Ingresos: 36000.0
Costos: 220.376420259
Utilidad Ruta: 35779.6235797
Costo Reducido: 170147.689715
Nodos: [103, 31, 11, 76, 56, 35, 80, 20, 65, 913]
q: [0, 6.0, 8.0, -6.0, -8.0, 6.0, -6.0, 10.0, -10.0, 0]
Q: [0, 6.0, 14.0, 8.0, 0.0, 6.0, 0.0, 10.0, 0.0, 0]
B: [0.0, 130.0, 169.0, 169.478878899097, 173.173257466597, 279.0, 298.9128833924, 496.0, 538.1771424471, 575.4787889657]
