Avion: 1      Iteracion: 16

Num Ruta: 19
Ingresos: 103200.0
Costos: 353.330721949
Utilidad Ruta: 102846.669278
Costo Reducido: 1136.99092261
Nodos: [101, 30, 75, 16, 61, 18, 34, 63, 79, 28, 45, 90, 32, 25, 73, 77, 70, 15, 21, 60, 38, 83, 66, 911]
q: [0.0, 11.0, -11.0, 11.0, -11.0, 3.0, 12.0, -3.0, -12.0, 4.0, 11.0, -11.0, 6.0, 5.0, -4.0, -6.0, -5.0, 8.0, 7.0, -8.0, 8.0, -8.0, -7.0, 0.0]
Q: [0.0, 11.0, 0.0, 11.0, 0.0, 3.0, 15.0, 12.0, 0.0, 4.0, 15.0, 4.0, 10.0, 15.0, 11.0, 5.0, 0.0, 8.0, 15.0, 7.0, 15.0, 7.0, 0.0, 0.0]
B: [0.0, 64.0, 82.7140226568, 93.53069441849999, 103.15478585614, 293.0, 316.7154937119, 344.9475311871, 360.10016082690004, 378.0, 411.1514906603, 420.34311429272, 422.0, 442.6664482919, 445.99982690826, 472.55058533436, 483.53565360906, 511.0, 516.67223351071, 527.47150163401, 531.55876734595, 564.42765398665, 571.49758255772, 593.69574259412]
