Avion: 3      Iteracion: 26

Num Ruta: 28
Ingresos: 158400.0
Costos: 410.429158774
Utilidad Ruta: 157989.570841
Costo Reducido: 185.604906557
Nodos: [103, 17, 16, 61, 62, 14, 59, 3, 48, 18, 36, 81, 34, 63, 79, 39, 84, 6, 51, 5, 50, 41, 86, 43, 88, 29, 27, 74, 33, 72, 78, 913]
q: [0.0, 5.0, 10.0, -10.0, -5.0, 8.0, -8.0, 15.0, -15.0, 3.0, 12.0, -12.0, 12.0, -3.0, -12.0, 8.0, -8.0, 5.0, -5.0, 12.0, -12.0, 13.0, -13.0, 5.0, -5.0, 9.0, 6.0, -9.0, 9.0, -6.0, -9.0, 0.0]
Q: [0.0, 5.0, 15.0, 5.0, 0.0, 8.0, 0.0, 15.0, 0.0, 3.0, 15.0, 3.0, 15.0, 12.0, 0.0, 8.0, 0.0, 5.0, 0.0, 12.0, 0.0, 13.0, 0.0, 5.0, 0.0, 9.0, 15.0, 6.0, 15.0, 9.0, 0.0, 0.0]
B: [0.0, 24.0, 58.8014769802, 68.42556841784, 83.07333718993999, 112.0, 124.021711775, 256.0, 261.08428175852, 293.0, 306.9670306436, 313.91517471234005, 327.63492270564007, 355.86696018084007, 371.0195898206401, 388.0, 410.632187455, 436.0, 439.69228939819, 469.0, 470.12168890518, 478.94792672205, 498.98904707495, 509.35519240485, 526.61751351185, 549.0, 574.6018082369, 582.8182362320799, 591.66972791428, 605.51689791398, 626.08369020158, 644.92242901288]
