Avion: 3      Iteracion: 85

Num Ruta: 63
Ingresos: 73200.0
Costos: 173.8390713
Utilidad Ruta: 73026.1609287
Costo Reducido: 3.76560573113
Nodos: [103, 17, 30, 62, 16, 75, 61, 31, 11, 76, 56, 36, 81, 34, 79, 913]
q: [0.0, 5.0, 10.0, -5.0, 5.0, -10.0, -5.0, 6.0, 8.0, -6.0, -8.0, 15.0, -15.0, 12.0, -12.0, 0.0]
Q: [0.0, 5.0, 15.0, 10.0, 15.0, 5.0, 0.0, 6.0, 14.0, 8.0, 0.0, 15.0, 0.0, 12.0, 0.0, 0.0]
B: [0.0, 24.0, 64.0, 67.14445448369, 72.47609381883, 83.29276558052999, 86.16392214191998, 130.0, 169.0, 169.478878899097, 173.173257466597, 251.0, 257.94814406874, 283.0, 323.947598037, 333.98216549159997]
