Avion: 1      Iteracion: 0

Num Ruta: 3
Ingresos: 190800.0
Costos: 580.232005047
Utilidad Ruta: 190219.767995
Costo Reducido: -
Nodos: [101, 16, 61, 40, 85, 14, 59, 11, 56, 1, 46, 3, 48, 23, 18, 63, 68, 26, 71, 45, 90, 13, 58, 41, 86, 21, 66, 37, 82, 911]
q: [0.0, 11.0, -11.0, 15.0, -15.0, 8.0, -8.0, 8.0, -8.0, 7.0, -7.0, 15.0, -15.0, 4.0, 11.0, -11.0, -4.0, 13.0, -13.0, 11.0, -11.0, 15.0, -15.0, 13.0, -13.0, 13.0, -13.0, 15.0, -15.0, 0.0]
Q: [0.0, 11.0, 0.0, 15.0, 0.0, 8.0, 0.0, 8.0, 0.0, 7.0, 0.0, 15.0, 0.0, 4.0, 15.0, 4.0, 0.0, 13.0, 0.0, 11.0, 0.0, 15.0, 0.0, 13.0, 0.0, 13.0, 0.0, 15.0, 0.0, 0.0]
B: [0.0, 36.0, 45.624091437640004, 77.27284989674001, 109.84229167884001, 138.42069361104, 150.44240538604, 179.89083449524, 183.94490134225, 206.61435287955, 240.85443840805002, 256.0, 261.08428175852, 267.0, 293.0, 316.8182362487, 326.74376782137, 346.43014059547, 364.00936856487, 387.53552099147, 396.72714462388996, 423.0, 439.88315095, 474.68910223710003, 494.73022259000004, 512.5932795512, 553.3320702304, 576.9113697959, 597.7060232674, 629.4836008025001]
