Avion: 2      Iteracion: 46

Num Ruta: 47
Ingresos: 106800.0
Costos: 283.703438265
Utilidad Ruta: 106516.296562
Costo Reducido: 32.57537916
Nodos: [102, 11, 56, 44, 89, 8, 45, 90, 19, 64, 53, 6, 51, 41, 50, 5, 86, 7, 20, 4, 52, 65, 49, 912]
q: [0.0, 8.0, -8.0, 14.0, -14.0, 8.0, 7.0, -7.0, 7.0, -7.0, -8.0, 5.0, -5.0, 13.0, -12.0, 12.0, -13.0, 5.0, 10.0, 0.0, -5.0, -10.0, 0.0, 0.0]
Q: [0.0, 8.0, 0.0, 14.0, 0.0, 8.0, 15.0, 8.0, 15.0, 8.0, 0.0, 5.0, 0.0, 13.0, 1.0, 13.0, 0.0, 5.0, 15.0, 15.0, 10.0, 0.0, 0.0, 0.0]
B: [0.0, 169.0, 173.05406684701, 211.0, 265.00737440390003, 414.0, 417.40515271317, 426.59677634559, 438.43863059229, 465.06574688379, 467.99386607534996, 477.1845377047799, 480.8768271029699, 499.9935470098699, 508.8197848267399, 509.9414737319199, 521.9673618488199, 532.3775200128199, 541.1204744333799, 551.3996254683799, 570.67198645508, 583.6356710007799, 595.4968942513799, 607.1510946100799]
