Avion: 2      Iteracion: 61

Num Ruta: 53
Ingresos: 90000.0
Costos: 275.650402156
Utilidad Ruta: 89724.3495978
Costo Reducido: 13.7913339305
Nodos: [102, 11, 56, 44, 42, 87, 89, 8, 45, 90, 19, 64, 53, 4, 7, 52, 49, 37, 82, 912]
q: [0.0, 8.0, -8.0, 10.0, 5.0, -5.0, -10.0, 8.0, 7.0, -7.0, 7.0, -7.0, -8.0, 5.0, 10.0, -10.0, -5.0, 15.0, -15.0, 0.0]
Q: [0.0, 8.0, 0.0, 10.0, 15.0, 10.0, 0.0, 8.0, 15.0, 8.0, 15.0, 8.0, 0.0, 5.0, 15.0, 5.0, 0.0, 15.0, 0.0, 0.0]
B: [0.0, 169.0, 173.05406684701, 211.0, 239.0, 287.0498346511, 304.6779412142, 414.0, 417.40515271317, 426.59677634559, 438.43863059229, 465.06574688379, 467.99386607534996, 529.0, 539.3633732925, 567.9046851054, 569.0650591830099, 576.1294312711699, 596.92408474267, 613.74494655177]
