Avion: 2      Iteracion: 0

Num Ruta: 1
Ingresos: 84000.0
Costos: 280.792362542
Utilidad Ruta: 83719.2076375
Costo Reducido: -
Nodos: [102, 10, 55, 35, 80, 8, 53, 5, 50, 41, 86, 7, 52, 2, 47, 912]
q: [0, 12.0, -12.0, 6.0, -6.0, 8.0, -8.0, 12.0, -12.0, 13.0, -13.0, 10.0, -10.0, 9.0, -9.0, 0]
Q: [0, 12.0, 0.0, 6.0, 0.0, 8.0, 0.0, 12.0, 0.0, 13.0, 0.0, 10.0, 0.0, 9.0, 0.0, 0]
B: [0.0, 96.0, 125.5195107344, 279.0, 298.9128833924, 414.0, 434.768396616, 469.0, 470.12168890518, 478.94792672205, 498.98904707495, 517.0, 545.5413118129, 555.6714802715, 596.4064423189, 622.3372860382999]
