Avion: 1      Iteracion: 19

Num Ruta: 22
Ingresos: 126000.0
Costos: 575.321837883
Utilidad Ruta: 125424.678162
Costo Reducido: 297.964251373
Nodos: [101, 9, 54, 24, 69, 10, 55, 1, 46, 42, 18, 87, 63, 39, 84, 32, 77, 6, 51, 5, 50, 4, 29, 27, 74, 49, 72, 911]
q: [0.0, 11.0, -11.0, 14.0, -14.0, 12.0, -12.0, 7.0, -7.0, 5.0, 10.0, -5.0, -10.0, 8.0, -8.0, 6.0, -6.0, 5.0, -5.0, 12.0, -12.0, 5.0, 9.0, 1.0, -9.0, -5.0, -1.0, 0.0]
Q: [0.0, 11.0, 0.0, 14.0, 0.0, 12.0, 0.0, 7.0, 0.0, 5.0, 15.0, 10.0, 0.0, 8.0, 0.0, 6.0, 0.0, 5.0, 0.0, 12.0, 0.0, 5.0, 14.0, 15.0, 6.0, 1.0, 0.0, 0.0]
B: [0.0, 28.0, 57.5272370025, 81.6674868976, 120.1804372001, 131.9663678804, 161.48587861480001, 199.90521978560002, 234.14530531410003, 259.20790671540004, 293.0, 329.7411826293, 365.5743660352, 388.0, 410.632187455, 436.244028857, 464.1013846719, 484.49335645, 488.18564584819, 506.57450606299, 507.69619496817, 529.0, 549.7100026316, 575.3118108685, 583.5282388636799, 595.74730990038, 601.1625684352999, 617.8834250222]
