Avion: 1      Iteracion: 6

Num Ruta: 10
Ingresos: 146400.0
Costos: 514.25467119
Utilidad Ruta: 145885.745329
Costo Reducido: 243163.621167
Nodos: [101, 16, 61, 30, 75, 24, 69, 44, 89, 3, 48, 35, 80, 45, 90, 25, 32, 43, 70, 77, 88, 21, 50, 5, 4, 49, 66, 911]
q: [0.0, 11.0, -11.0, 11.0, -11.0, 14.0, -14.0, 14.0, -14.0, 15.0, -15.0, 6.0, -6.0, 11.0, -11.0, 4.0, 6.0, 5.0, -4.0, -6.0, -5.0, 10.0, -10.0, 10.0, 5.0, -5.0, -10.0, 0.0]
Q: [0.0, 11.0, 0.0, 11.0, 0.0, 14.0, 0.0, 14.0, 0.0, 15.0, 0.0, 6.0, 0.0, 11.0, 0.0, 4.0, 10.0, 15.0, 11.0, 5.0, 0.0, 10.0, 0.0, 10.0, 15.0, 10.0, 0.0, 0.0]
B: [0.0, 36.0, 45.624091437640004, 64.0, 82.7140226568, 107.4479935471, 145.9609438496, 211.0, 265.00737440390003, 287.39410424550005, 292.47838600402, 336.27670925962, 356.18959265202, 374.98080945672, 384.17243308914, 410.0, 430.6664482919, 451.0, 464.0372215215, 475.02228979619997, 488.82124461169997, 496.10425202621997, 524.34384240922, 525.4655313144, 539.1489020248999, 559.5746517051, 576.3775961197, 598.5757561561]
