Avion: 6      Iteracion: 52

Num Ruta: 50
Ingresos: 104400.0
Costos: 369.0250414
Utilidad Ruta: 104030.974959
Costo Reducido: 7.14221121452
Nodos: [106, 12, 57, 10, 55, 26, 71, 28, 25, 73, 70, 20, 5, 50, 65, 2, 47, 29, 74, 916]
q: [0.0, 14.0, -14.0, 12.0, -12.0, 13.0, -13.0, 8.0, 7.0, -8.0, -7.0, 10.0, 5.0, -5.0, -10.0, 9.0, -9.0, 9.0, -9.0, 0.0]
Q: [0.0, 14.0, 0.0, 12.0, 0.0, 13.0, 0.0, 8.0, 15.0, 7.0, 0.0, 10.0, 15.0, 10.0, 0.0, 9.0, 0.0, 9.0, 0.0, 0.0]
B: [0.0, 54.0, 97.347924264, 106.06569462115, 135.58520535555, 300.0, 317.5792279694, 378.0, 414.5748134377, 417.90819205406, 435.21428080916, 496.0, 519.9123369832, 521.03402588838, 540.17366112528, 547.50395839074, 588.23892043814, 598.04366097525, 631.82344075545, 663.08667491315]
