Avion: 1      Iteracion: 25

Num Ruta: 28
Ingresos: 118800.0
Costos: 376.619738669
Utilidad Ruta: 118423.380261
Costo Reducido: 156.487973435
Nodos: [101, 24, 69, 31, 76, 14, 59, 23, 18, 63, 68, 26, 71, 45, 90, 8, 32, 77, 53, 6, 51, 41, 86, 911]
q: [0.0, 14.0, -14.0, 6.0, -6.0, 8.0, -8.0, 10.0, 5.0, -5.0, -10.0, 13.0, -13.0, 11.0, -11.0, 8.0, 6.0, -6.0, -8.0, 5.0, -5.0, 13.0, -13.0, 0.0]
Q: [0.0, 14.0, 0.0, 6.0, 0.0, 8.0, 0.0, 10.0, 15.0, 10.0, 0.0, 13.0, 0.0, 11.0, 0.0, 8.0, 14.0, 8.0, 0.0, 5.0, 0.0, 13.0, 0.0, 0.0]
B: [0.0, 61.0, 99.5129503025, 130.0, 143.3056140031, 160.3516205736, 172.3733323486, 267.0, 293.0, 316.8182362487, 326.74376782137, 346.43014059547, 364.00936856487, 387.53552099147, 396.72714462388996, 414.0, 425.4468981388, 453.3042539537, 469.35335268230006, 478.54402431173, 482.23631370992, 501.35303361682, 521.39415396972, 534.0985085381201]
