Avion: 5      Iteracion: 33

Num Ruta: 34
Ingresos: 80400.0
Costos: 327.554154252
Utilidad Ruta: 80072.4458457
Costo Reducido: 59.3321694706
Nodos: [105, 17, 62, 14, 59, 42, 44, 89, 35, 87, 26, 80, 71, 13, 5, 50, 58, 29, 74, 915]
q: [0.0, 5.0, -5.0, 8.0, -8.0, 5.0, 10.0, -10.0, 6.0, -5.0, 9.0, -6.0, -9.0, 3.0, 12.0, -12.0, -3.0, 9.0, -9.0, 0.0]
Q: [0.0, 5.0, 0.0, 8.0, 0.0, 5.0, 15.0, 5.0, 11.0, 6.0, 15.0, 9.0, 0.0, 3.0, 15.0, 3.0, 0.0, 9.0, 0.0, 0.0]
B: [0.0, 24.0, 58.8425537813, 112.0, 124.021711775, 239.0, 261.4203115277, 315.42768593159997, 335.8438993415, 339.90034914398, 346.79582773506, 356.08883311545003, 365.91064888444004, 423.0, 469.0, 470.12168890518, 497.62835182528, 549.0, 582.7797797802, 608.5617657394]
