Avion: 5      Iteracion: 0

Num Ruta: 2
Ingresos: 206400.0
Costos: 644.177181929
Utilidad Ruta: 205755.822818
Costo Reducido: -
Nodos: [105, 16, 61, 12, 57, 10, 55, 1, 46, 36, 81, 3, 48, 23, 18, 68, 63, 45, 90, 41, 86, 13, 58, 21, 66, 33, 78, 27, 72, 37, 82, 915]
q: [0.0, 11.0, -11.0, 14.0, -14.0, 12.0, -12.0, 7.0, -7.0, 15.0, -15.0, 15.0, -15.0, 4.0, 11.0, -4.0, -11.0, 11.0, -11.0, 13.0, -13.0, 15.0, -15.0, 13.0, -13.0, 10.0, -10.0, 6.0, -6.0, 15.0, -15.0, 0.0]
Q: [0.0, 11.0, 0.0, 14.0, 0.0, 12.0, 0.0, 7.0, 0.0, 15.0, 0.0, 15.0, 0.0, 4.0, 15.0, 11.0, 0.0, 11.0, 0.0, 13.0, 0.0, 15.0, 0.0, 13.0, 0.0, 10.0, 0.0, 6.0, 0.0, 15.0, 0.0, 0.0]
B: [0.0, 36.0, 45.624091437640004, 79.57799432084, 122.92591858484, 131.64368894199, 161.16319967639, 199.58254084719002, 233.82262637569002, 267.77053000759, 274.71867407633005, 311.69871142083, 316.78299317935, 320.14548050275, 340.32443064885, 365.76374205855, 375.68927363122003, 404.23765968022, 413.42928331264, 446.0, 466.0411203529, 480.3821530912, 497.2653040412, 512.7767004322, 553.5154911113999, 563.6710360499999, 586.9745472875999, 594.1933006425799, 611.2241630106798, 618.0601286337699, 638.8547821052698, 663.9199600419698]
