Avion: 6      Iteracion: 77

Num Ruta: 61
Ingresos: 69600.0
Costos: 162.884038399
Utilidad Ruta: 69437.1159616
Costo Reducido: 0.799030437425
Nodos: [106, 40, 16, 61, 85, 10, 55, 35, 80, 5, 50, 41, 86, 916]
q: [0.0, 15.0, 0.0, 0.0, -15.0, 12.0, -12.0, 6.0, -6.0, 12.0, -12.0, 13.0, -13.0, 0.0]
Q: [0.0, 15.0, 15.0, 15.0, 0.0, 12.0, 0.0, 6.0, 0.0, 12.0, 0.0, 13.0, 0.0, 0.0]
B: [0.0, 62.0, 86.5836396004, 96.20773103804001, 98.20027965727002, 115.38097373517002, 144.90048446957002, 279.0, 298.9128833924, 469.0, 470.12168890518, 478.94792672205, 498.98904707495, 506.5444980873]
