Avion: 4      Iteracion: 40

Num Ruta: 40
Ingresos: 80400.0
Costos: 295.531768568
Utilidad Ruta: 80104.4682314
Costo Reducido: 37.6048975434
Nodos: [104, 12, 57, 28, 73, 25, 43, 70, 88, 20, 7, 52, 65, 37, 82, 914]
q: [0.0, 14.0, -14.0, 8.0, -8.0, 10.0, 5.0, -10.0, -5.0, 10.0, 5.0, -5.0, -10.0, 15.0, -15.0, 0.0]
Q: [0.0, 14.0, 0.0, 8.0, 0.0, 10.0, 15.0, 5.0, 0.0, 10.0, 15.0, 10.0, 0.0, 15.0, 0.0, 0.0]
B: [0.0, 54.0, 97.347924264, 378.0, 414.0266187839, 417.35999740026, 451.0, 464.0372215215, 471.78639754221, 496.0, 517.0, 545.5413118129, 558.5049963585999, 570.0825143136999, 590.8771677851998, 640.9645931931998]
