Avion: 6      Iteracion: 8

Num Ruta: 11
Ingresos: 150000.0
Costos: 624.927910011
Utilidad Ruta: 149375.07209
Costo Reducido: 467893.769867
Nodos: [106, 17, 62, 40, 85, 31, 76, 44, 89, 22, 67, 18, 63, 28, 73, 25, 19, 70, 64, 5, 50, 43, 21, 88, 38, 83, 66, 29, 74, 916]
q: [0.0, 5.0, -5.0, 15.0, -15.0, 6.0, -6.0, 14.0, -14.0, 10.0, -10.0, 11.0, -11.0, 8.0, -8.0, 10.0, 5.0, -10.0, -5.0, 12.0, -12.0, 5.0, 7.0, -5.0, 8.0, -8.0, -7.0, 9.0, -9.0, 0.0]
Q: [0.0, 5.0, 0.0, 15.0, 0.0, 6.0, 0.0, 14.0, 0.0, 10.0, 0.0, 11.0, 0.0, 8.0, 0.0, 10.0, 15.0, 5.0, 0.0, 12.0, 0.0, 5.0, 12.0, 7.0, 15.0, 7.0, 0.0, 9.0, 0.0, 0.0]
B: [0.0, 49.2628851063, 84.1054388876, 107.8044097091, 140.3738514912, 163.7123404954, 177.01795449850002, 211.0, 265.00737440390003, 299.0, 320.7546861389, 334.15512273630003, 357.973358985, 378.0, 414.0266187839, 417.35999740026, 426.75200464046, 443.42489632125995, 460.21175275715996, 469.0, 470.12168890518, 491.79746949088, 502.53879217478004, 509.82179958930004, 519.9569634262, 552.8258500669, 559.89577863797, 598.34907511567, 632.12885489587, 663.39208905357]
