Avion: 5      Iteracion: 22

Num Ruta: 23
Ingresos: 162000.0
Costos: 572.520384621
Utilidad Ruta: 161427.479615
Costo Reducido: 275.968517761
Nodos: [105, 16, 61, 9, 54, 14, 59, 31, 76, 44, 42, 89, 87, 26, 71, 45, 90, 25, 70, 39, 84, 41, 86, 2, 4, 47, 49, 37, 82, 915]
q: [0.0, 11.0, -11.0, 11.0, -11.0, 8.0, -8.0, 6.0, -6.0, 10.0, 5.0, -10.0, -5.0, 13.0, -13.0, 11.0, -11.0, 10.0, -10.0, 8.0, -8.0, 13.0, -13.0, 9.0, 5.0, -9.0, -5.0, 15.0, -15.0, 0.0]
Q: [0.0, 11.0, 0.0, 11.0, 0.0, 8.0, 0.0, 6.0, 0.0, 10.0, 15.0, 5.0, 0.0, 13.0, 0.0, 11.0, 0.0, 10.0, 0.0, 8.0, 0.0, 13.0, 0.0, 9.0, 14.0, 5.0, 0.0, 15.0, 0.0, 0.0]
B: [0.0, 36.0, 45.624091437640004, 75.68094759394, 105.20818459644, 115.46499131194001, 127.48670308694001, 154.69877029984002, 168.00438430294003, 211.0, 239.0, 276.4881823646, 294.1162889277, 301.01176751878, 318.59099548818, 371.0, 380.19162363242, 410.0, 427.1849823101, 446.3261919114, 468.9583793664, 486.6756908159, 506.7168111688, 531.7051659366, 559.0766985389, 572.5274543541, 605.7206651358, 612.78503722396, 633.5796906954599, 658.64486863216]
