Avion: 4      Iteracion: 8

Num Ruta: 10
Ingresos: 150000.0
Costos: 597.920946663
Utilidad Ruta: 149402.079053
Costo Reducido: 532677.505693
Nodos: [104, 17, 30, 62, 40, 75, 85, 31, 76, 44, 89, 22, 67, 18, 63, 28, 73, 25, 19, 70, 64, 5, 50, 43, 21, 88, 38, 83, 66, 29, 74, 914]
q: [0.0, 5.0, 0.0, -5.0, 15.0, 0.0, -15.0, 6.0, -6.0, 14.0, -14.0, 10.0, -10.0, 11.0, -11.0, 8.0, -8.0, 10.0, 5.0, -10.0, -5.0, 12.0, -12.0, 5.0, 7.0, -5.0, 8.0, -8.0, -7.0, 9.0, -9.0, 0.0]
Q: [0.0, 5.0, 5.0, 0.0, 15.0, 15.0, 0.0, 6.0, 0.0, 14.0, 0.0, 10.0, 0.0, 11.0, 0.0, 8.0, 0.0, 10.0, 15.0, 5.0, 0.0, 12.0, 0.0, 5.0, 12.0, 7.0, 15.0, 7.0, 0.0, 9.0, 0.0, 0.0]
B: [0.0, 26.5094038032, 64.0, 67.14445448369, 90.84342530519, 121.65327937818999, 123.69857886726, 147.03706787146, 160.34268187456001, 211.0, 265.00737440390003, 299.0, 320.7546861389, 334.15512273630003, 357.973358985, 378.0, 414.0266187839, 417.35999740026, 426.75200464046, 443.42489632125995, 460.21175275715996, 469.0, 470.12168890518, 491.79746949088, 502.53879217478004, 509.82179958930004, 519.9569634262, 552.8258500669, 559.89577863797, 598.34907511567, 632.12885489587, 656.9372829194699]
