Avion: 7      Iteracion: 5

Num Ruta: 9
Ingresos: 99600.0
Costos: 467.216964724
Utilidad Ruta: 99132.7830353
Costo Reducido: 246482.81057
Nodos: [107, 16, 61, 17, 62, 1, 46, 44, 89, 28, 73, 39, 84, 13, 58, 20, 4, 65, 49, 917]
q: [0, 11.0, -11.0, 5.0, -5.0, 7.0, -7.0, 14.0, -14.0, 8.0, -8.0, 8.0, -8.0, 15.0, -15.0, 10.0, 5.0, -10.0, -5.0, 0]
Q: [0, 11.0, 0.0, 5.0, 0.0, 7.0, 0.0, 14.0, 0.0, 8.0, 0.0, 8.0, 0.0, 15.0, 0.0, 10.0, 15.0, 5.0, 0.0, 0]
B: [0.0, 36.0, 45.624091437640004, 78.34191948294, 113.18447326424, 175.0, 209.2400855285, 254.6364397654, 308.6438141693, 378.0, 414.0266187839, 445.4560261757, 468.0882136307, 471.32014741715, 488.20329836715, 502.13388360255, 529.0, 561.0963231072, 572.9575463578, 579.78019635615]
