Avion: 5      Iteracion: 19

Num Ruta: 20
Ingresos: 45600.0
Costos: 241.381217618
Utilidad Ruta: 45358.6187824
Costo Reducido: 101.798064555
Nodos: [105, 17, 62, 24, 69, 10, 55, 1, 46, 915]
q: [0, 5.0, -5.0, 14.0, -14.0, 12.0, -12.0, 7.0, -7.0, 0]
Q: [0, 5.0, 0.0, 14.0, 0.0, 12.0, 0.0, 7.0, 0.0, 0]
B: [0.0, 24.0, 58.8425537813, 75.400837086, 113.9137873885, 125.6997180688, 155.2192288032, 193.638569974, 227.8786555025, 252.5244114049]
