Avion: 6      Iteracion: 37

Num Ruta: 39
Ingresos: 54000.0
Costos: 209.764692885
Utilidad Ruta: 53790.2353071
Costo Reducido: 10.4042445503
Nodos: [106, 12, 57, 28, 73, 25, 21, 70, 38, 83, 66, 916]
q: [0.0, 14.0, -14.0, 8.0, -8.0, 8.0, 7.0, -8.0, 8.0, -8.0, -7.0, 0.0]
Q: [0.0, 14.0, 0.0, 8.0, 0.0, 8.0, 15.0, 7.0, 15.0, 7.0, 0.0, 0.0]
B: [0.0, 54.0, 97.347924264, 378.0, 414.0266187839, 417.35999740026, 477.0, 485.168713485, 489.49037624371, 522.35926288441, 529.42919145548, 567.03971926348]
