Avion: 5      Iteracion: 16

Num Ruta: 17
Ingresos: 132000.0
Costos: 503.350438057
Utilidad Ruta: 131496.649562
Costo Reducido: 1129.70282003
Nodos: [105, 17, 62, 30, 75, 16, 61, 23, 18, 63, 68, 26, 71, 45, 90, 19, 32, 8, 64, 6, 51, 53, 77, 15, 21, 60, 66, 29, 74, 915]
q: [0.0, 5.0, -5.0, 11.0, -11.0, 11.0, -11.0, 4.0, 11.0, -11.0, -4.0, 13.0, -13.0, 11.0, -11.0, 7.0, 6.0, 2.0, -7.0, 5.0, -5.0, -2.0, -6.0, 2.0, 13.0, -2.0, -13.0, 9.0, -9.0, 0.0]
Q: [0.0, 5.0, 0.0, 11.0, 0.0, 11.0, 0.0, 4.0, 15.0, 4.0, 0.0, 13.0, 0.0, 11.0, 0.0, 7.0, 13.0, 15.0, 8.0, 13.0, 8.0, 6.0, 0.0, 2.0, 15.0, 13.0, 0.0, 9.0, 0.0, 0.0]
B: [0.0, 24.0, 58.8425537813, 64.0, 82.7140226568, 93.53069441849999, 103.15478585614, 267.0, 293.0, 316.8182362487, 326.74376782137, 346.43014059547, 364.00936856487, 387.53552099147, 396.72714462388996, 408.56899887058995, 422.0, 433.4468981388, 451.4038575696, 463.1948765671, 466.88716596528997, 479.75316845248994, 495.80226718109, 519.09770673479, 524.7699402455, 535.5692083688, 566.0186564754999, 604.4719529531999, 638.2517327333999, 664.0337186925999]
