Avion: 2      Iteracion: 17

Num Ruta: 20
Ingresos: 120000.0
Costos: 398.513927987
Utilidad Ruta: 119601.486072
Costo Reducido: 224.631298558
Nodos: [102, 44, 89, 3, 48, 35, 80, 8, 45, 90, 19, 64, 53, 6, 51, 41, 86, 7, 20, 4, 52, 49, 65, 33, 78, 912]
q: [0.0, 14.0, -14.0, 15.0, -15.0, 6.0, -6.0, 8.0, 7.0, -7.0, 7.0, -7.0, -8.0, 5.0, -5.0, 13.0, -13.0, 5.0, 10.0, 0.0, -5.0, 0.0, -10.0, 10.0, -10.0, 0.0]
Q: [0.0, 14.0, 0.0, 15.0, 0.0, 6.0, 0.0, 8.0, 15.0, 8.0, 15.0, 8.0, 0.0, 5.0, 0.0, 13.0, 0.0, 5.0, 15.0, 15.0, 10.0, 10.0, 0.0, 10.0, 0.0, 0.0]
B: [0.0, 211.0, 265.00737440390003, 287.39410424550005, 292.47838600402, 336.27670925962, 356.18959265202, 414.0, 417.40515271317, 426.59677634559, 438.43863059229, 465.06574688379, 467.99386607534996, 477.1845377047799, 480.8768271029699, 499.9935470098699, 520.0346673627699, 530.4448255267699, 539.1877799473299, 549.4669309823299, 568.73929196903, 569.8996660466399, 581.7608892972399, 592.58268863934, 615.8861998769399, 637.4218862138399]
