Avion: 3      Iteracion: 55

Num Ruta: 47
Ingresos: 36000.0
Costos: 164.559182097
Utilidad Ruta: 35835.4408179
Costo Reducido: 8.86571774417
Nodos: [103, 10, 55, 2, 47, 29, 74, 913]
q: [0, 12.0, -12.0, 9.0, -9.0, 9.0, -9.0, 0]
Q: [0, 12.0, 0.0, 9.0, 0.0, 9.0, 0.0, 0]
B: [0.0, 96.0, 125.5195107344, 522.0, 562.7349620474, 572.53970258451, 606.31948236471, 624.95664698271]
