Avion: 5      Iteracion: 27

Num Ruta: 28
Ingresos: 127200.0
Costos: 412.707534079
Utilidad Ruta: 126787.292466
Costo Reducido: 147.43640122
Nodos: [105, 17, 62, 30, 16, 61, 75, 14, 59, 18, 63, 28, 73, 25, 19, 64, 70, 21, 66, 33, 78, 27, 72, 37, 82, 915]
q: [0.0, 5.0, -5.0, 11.0, 4.0, -4.0, -11.0, 8.0, -8.0, 11.0, -11.0, 8.0, -8.0, 8.0, 7.0, -7.0, -8.0, 13.0, -13.0, 10.0, -10.0, 6.0, -6.0, 15.0, -15.0, 0.0]
Q: [0.0, 5.0, 0.0, 11.0, 15.0, 11.0, 0.0, 8.0, 0.0, 11.0, 0.0, 8.0, 0.0, 8.0, 15.0, 8.0, 0.0, 13.0, 0.0, 10.0, 0.0, 6.0, 0.0, 15.0, 0.0, 0.0]
B: [0.0, 24.0, 58.8425537813, 64.0, 72.20259129788, 81.82668273552001, 84.69783929691, 112.49377995381, 124.51549172881, 293.0, 316.8182362487, 378.0, 414.0266187839, 417.35999740026, 426.75200464046, 453.37912093195996, 470.16597736785997, 478.33469085286, 519.07348153206, 562.0, 585.3035112376, 592.52226459258, 609.55312696068, 616.38909258377, 637.1837460552699, 662.24892399197]
