Avion: 1      Iteracion: 76

Num Ruta: 69
Ingresos: 67200.0
Costos: 171.552788005
Utilidad Ruta: 67028.447212
Costo Reducido: 15.609787946
Nodos: [101, 16, 61, 40, 85, 8, 5, 50, 53, 6, 51, 33, 78, 911]
q: [0.0, 11.0, -11.0, 15.0, -15.0, 8.0, 7.0, -7.0, -8.0, 5.0, -5.0, 10.0, -10.0, 0.0]
Q: [0.0, 11.0, 0.0, 15.0, 0.0, 8.0, 15.0, 8.0, 0.0, 5.0, 0.0, 10.0, 0.0, 0.0]
B: [0.0, 36.0, 45.624091437640004, 77.27284989674001, 109.84229167884001, 414.0, 469.0, 470.12168890518, 480.59966590458, 489.79033753400995, 493.48262693219993, 562.0, 585.3035112376, 590.98027404751]
