Avion: 2      Iteracion: 35

Num Ruta: 37
Ingresos: 73200.0
Costos: 209.763952074
Utilidad Ruta: 72990.2360479
Costo Reducido: 123.585206666
Nodos: [102, 11, 56, 44, 89, 2, 47, 7, 4, 52, 49, 37, 82, 912]
q: [0, 8.0, -8.0, 14.0, -14.0, 9.0, -9.0, 10.0, 5.0, -10.0, -5.0, 15.0, -15.0, 0]
Q: [0, 8.0, 0.0, 14.0, 0.0, 9.0, 0.0, 10.0, 15.0, 5.0, 0.0, 15.0, 0.0, 0]
B: [0.0, 169.0, 173.05406684701, 211.0, 265.00737440390003, 522.0, 562.7349620474, 574.2416881674001, 584.6050614599001, 603.8774224466001, 605.0377965242101, 612.1021686123701, 632.8968220838701, 649.7176838929702]
