Avion: 1      Iteracion: 53

Num Ruta: 52
Ingresos: 109200.0
Costos: 349.909751372
Utilidad Ruta: 108850.090249
Costo Reducido: 3.16231936941
Nodos: [101, 30, 16, 75, 61, 10, 55, 35, 80, 22, 67, 18, 63, 28, 45, 90, 25, 73, 70, 21, 38, 83, 66, 911]
q: [0.0, 11.0, 4.0, -11.0, -4.0, 12.0, -12.0, 6.0, -6.0, 10.0, -10.0, 11.0, -11.0, 8.0, 7.0, -7.0, 7.0, -8.0, -7.0, 13.0, 2.0, -2.0, -13.0, 0.0]
Q: [0.0, 11.0, 15.0, 4.0, 0.0, 12.0, 0.0, 6.0, 0.0, 10.0, 0.0, 11.0, 0.0, 8.0, 15.0, 8.0, 15.0, 7.0, 0.0, 13.0, 15.0, 13.0, 0.0, 0.0]
B: [0.0, 64.0, 72.20259129788, 83.01926305958, 85.89041962097, 101.71969683127, 131.23920756567, 279.0, 298.9128833924, 314.02713802169995, 335.78182416059997, 349.182260758, 373.00049700669996, 382.13399978493, 415.28549044523, 424.47711407764996, 445.50332895335, 448.83670756971, 466.14279632481, 477.0, 483.82291294097, 516.69179958167, 523.76172815274, 545.9598881891401]
