Avion: 6      Iteracion: 38

Num Ruta: 40
Ingresos: 79200.0
Costos: 271.155252044
Utilidad Ruta: 78928.844748
Costo Reducido: 8.25359905536
Nodos: [106, 40, 85, 45, 90, 25, 70, 21, 38, 66, 83, 27, 29, 74, 72, 916]
q: [0.0, 15.0, -15.0, 11.0, -11.0, 10.0, -10.0, 7.0, 8.0, -7.0, -8.0, 6.0, 9.0, -9.0, -6.0, 0.0]
Q: [0.0, 15.0, 0.0, 11.0, 0.0, 10.0, 0.0, 7.0, 15.0, 8.0, 0.0, 6.0, 15.0, 6.0, 0.0, 0.0]
B: [0.0, 62.0, 94.5694417821, 371.0, 380.19162363242, 410.0, 427.1849823101, 477.0, 483.82291294097, 518.30529332577, 525.37522189684, 538.0, 563.6018082369, 597.3815880171, 612.8289655939, 634.5576739771]
