Avion: 6      Iteracion: 3

Num Ruta: 6
Ingresos: 68400.0
Costos: 395.528680844
Utilidad Ruta: 68004.4713192
Costo Reducido: 320458.530072
Nodos: [106, 17, 62, 12, 57, 44, 89, 18, 63, 6, 51, 8, 53, 916]
q: [0, 5.0, -5.0, 14.0, -14.0, 14.0, -14.0, 11.0, -11.0, 5.0, -5.0, 8.0, -8.0, 0]
Q: [0, 5.0, 0.0, 14.0, 0.0, 14.0, 0.0, 11.0, 0.0, 5.0, 0.0, 8.0, 0.0, 0]
B: [0.0, 49.2628851063, 84.1054388876, 103.8141326292, 147.1620568932, 211.0, 265.00737440390003, 293.45392730580005, 317.2721635545, 436.0, 439.69228939819, 470.96534786709, 491.73374448309, 512.48985493279]
