Avion: 2      Iteracion: 14

Num Ruta: 17
Ingresos: 135600.0
Costos: 486.589718201
Utilidad Ruta: 135113.410282
Costo Reducido: 91742.3429728
Nodos: [102, 16, 61, 14, 59, 11, 56, 42, 23, 87, 68, 45, 90, 8, 53, 13, 58, 41, 86, 7, 4, 27, 52, 49, 2, 72, 47, 912]
q: [0.0, 11.0, -11.0, 8.0, -8.0, 8.0, -8.0, 5.0, 10.0, -5.0, -10.0, 11.0, -11.0, 8.0, -8.0, 15.0, -15.0, 13.0, -13.0, 4.0, 5.0, 6.0, -4.0, -5.0, 9.0, -6.0, -9.0, 0.0]
Q: [0.0, 11.0, 0.0, 8.0, 0.0, 8.0, 0.0, 5.0, 15.0, 10.0, 0.0, 11.0, 0.0, 8.0, 0.0, 15.0, 0.0, 13.0, 0.0, 4.0, 9.0, 15.0, 11.0, 6.0, 15.0, 9.0, 0.0, 0.0]
B: [0.0, 36.0, 45.624091437640004, 112.0, 124.021711775, 169.0, 173.05406684701, 239.0, 267.0, 304.0156388571, 330.3759948486, 371.0, 380.19162363242, 414.0, 434.768396616, 436.97907275691, 453.86222370691, 488.66817499401003, 508.70929534691004, 519.11945351091, 529.48282680341, 547.0976013407101, 562.93737621281, 564.09775029042, 573.55221680102, 585.00428988842, 614.3448202347199, 640.2756639541199]
