Avion: 1      Iteracion: 45

Num Ruta: 45
Ingresos: 79200.0
Costos: 229.025097963
Utilidad Ruta: 78970.974902
Costo Reducido: 23.7167576573
Nodos: [101, 24, 69, 1, 46, 3, 48, 18, 63, 28, 73, 15, 60, 911]
q: [0, 14.0, -14.0, 7.0, -7.0, 15.0, -15.0, 11.0, -11.0, 8.0, -8.0, 11.0, -11.0, 0]
Q: [0, 14.0, 0.0, 7.0, 0.0, 15.0, 0.0, 11.0, 0.0, 8.0, 0.0, 11.0, 0.0, 0]
B: [0.0, 61.0, 99.5129503025, 175.0, 209.2400855285, 256.0, 261.08428175852, 293.0, 316.8182362487, 378.0, 414.0266187839, 511.0, 527.4211666151, 535.75192030249]
