Avion: 6      Iteracion: 42

Num Ruta: 44
Ingresos: 38400.0
Costos: 106.374654338
Utilidad Ruta: 38293.6253457
Costo Reducido: 14.4348361773
Nodos: [106, 9, 54, 25, 70, 15, 60, 916]
q: [0, 11.0, -11.0, 10.0, -10.0, 11.0, -11.0, 0]
Q: [0, 11.0, 0.0, 10.0, 0.0, 11.0, 0.0, 0]
B: [0.0, 28.0, 57.5272370025, 410.0, 427.1849823101, 511.0, 527.4211666151, 538.4055353269999]
