Avion: 1      Iteracion: 31

Num Ruta: 32
Ingresos: 116400.0
Costos: 327.065125405
Utilidad Ruta: 116072.934875
Costo Reducido: 110.096895304
Nodos: [101, 16, 61, 40, 85, 14, 59, 3, 48, 23, 18, 63, 68, 28, 73, 25, 70, 21, 38, 83, 66, 911]
q: [0.0, 11.0, -11.0, 15.0, -15.0, 8.0, -8.0, 15.0, -15.0, 10.0, 5.0, -5.0, -10.0, 8.0, -8.0, 10.0, -10.0, 7.0, 8.0, -8.0, -7.0, 0.0]
Q: [0.0, 11.0, 0.0, 15.0, 0.0, 8.0, 0.0, 15.0, 0.0, 10.0, 15.0, 10.0, 0.0, 8.0, 0.0, 10.0, 0.0, 7.0, 15.0, 7.0, 0.0, 0.0]
B: [0.0, 36.0, 45.624091437640004, 77.27284989674001, 109.84229167884001, 138.42069361104, 150.44240538604, 256.0, 261.08428175852, 267.0, 293.0, 316.8182362487, 326.74376782137, 378.0, 414.0266187839, 417.35999740026, 434.54497971036, 477.0, 483.82291294097, 516.69179958167, 523.76172815274, 545.9598881891401]
