Avion: 5      Iteracion: 39

Num Ruta: 40
Ingresos: 109200.0
Costos: 350.383709503
Utilidad Ruta: 108849.61629
Costo Reducido: 43.7419594165
Nodos: [105, 17, 62, 30, 16, 61, 75, 14, 59, 42, 44, 89, 87, 26, 71, 6, 51, 41, 5, 50, 86, 43, 15, 88, 60, 915]
q: [0.0, 5.0, -5.0, 11.0, 4.0, -4.0, -11.0, 8.0, -8.0, 5.0, 10.0, -10.0, -5.0, 13.0, -13.0, 5.0, -5.0, 13.0, 2.0, -2.0, -13.0, 5.0, 10.0, -5.0, -10.0, 0.0]
Q: [0.0, 5.0, 0.0, 11.0, 15.0, 11.0, 0.0, 8.0, 0.0, 5.0, 15.0, 5.0, 0.0, 13.0, 0.0, 5.0, 0.0, 13.0, 15.0, 13.0, 0.0, 5.0, 15.0, 10.0, 0.0, 0.0]
B: [0.0, 24.0, 58.8425537813, 64.0, 72.20259129788, 81.82668273552001, 84.69783929691, 112.49377995381, 124.51549172881, 239.0, 261.4203115277, 315.42768593159997, 333.0557924947, 339.95127108578, 357.53049905518, 436.0, 439.69228939819, 458.80900930509, 469.0, 470.12168890518, 481.43821014628, 491.80435547618004, 511.0, 521.2530082415, 533.7945681525, 538.58111701363]
