Avion: 7      Iteracion: 19

Num Ruta: 20
Ingresos: 43200.0
Costos: 189.338759611
Utilidad Ruta: 43010.6612404
Costo Reducido: 166.566581925
Nodos: [107, 24, 69, 1, 46, 32, 21, 77, 66, 917]
q: [0.0, 14.0, -14.0, 7.0, -7.0, 6.0, 9.0, -6.0, -9.0, 0.0]
Q: [0.0, 14.0, 0.0, 7.0, 0.0, 6.0, 15.0, 9.0, 0.0, 0.0]
B: [0.0, 61.0, 99.5129503025, 175.0, 209.2400855285, 422.0, 477.0, 495.4119315934, 521.6226304967, 545.2079561887]
