Avion: 4      Iteracion: 71

Num Ruta: 63
Ingresos: 108000.0
Costos: 280.40039781
Utilidad Ruta: 107719.599602
Costo Reducido: 3.07543436508
Nodos: [104, 31, 76, 14, 59, 3, 48, 23, 18, 68, 63, 39, 28, 84, 13, 58, 73, 15, 21, 60, 38, 83, 66, 914]
q: [0.0, 6.0, -6.0, 8.0, -8.0, 15.0, -15.0, 10.0, 5.0, -10.0, -5.0, 8.0, 7.0, -8.0, 8.0, -8.0, -7.0, 8.0, 7.0, -8.0, 8.0, -8.0, -7.0, 0.0]
Q: [0.0, 6.0, 0.0, 8.0, 0.0, 15.0, 0.0, 10.0, 15.0, 5.0, 0.0, 8.0, 15.0, 7.0, 15.0, 7.0, 0.0, 8.0, 15.0, 7.0, 15.0, 7.0, 0.0, 0.0]
B: [0.0, 130.0, 143.3056140031, 160.3516205736, 172.3733323486, 256.0, 261.08428175852, 267.0, 293.0, 318.4393114097, 328.36484298237, 388.0, 399.3210123222, 412.3114993416, 423.0, 439.88315095, 462.92158097460003, 511.0, 516.67223351071, 527.47150163401, 531.55876734595, 564.42765398665, 571.49758255772, 598.57683123632]
