Avion: 1      Iteracion: 9

Num Ruta: 13
Ingresos: 42000.0
Costos: 220.304390303
Utilidad Ruta: 41779.6956097
Costo Reducido: 139649.308269
Nodos: [101, 10, 55, 23, 36, 81, 68, 28, 73, 911]
q: [0.0, 12.0, -12.0, 10.0, 5.0, -5.0, -10.0, 8.0, -8.0, 0.0]
Q: [0.0, 12.0, 0.0, 10.0, 15.0, 10.0, 0.0, 8.0, 0.0, 0.0]
B: [0.0, 96.0, 125.5195107344, 267.0, 301.145140152, 308.09328422074003, 331.83058571014004, 378.0, 414.0266187839, 441.9466743891]
