Avion: 1      Iteracion: 69

Num Ruta: 64
Ingresos: 97200.0
Costos: 247.681254731
Utilidad Ruta: 96952.3187453
Costo Reducido: 9.66275917586
Nodos: [101, 30, 16, 61, 75, 40, 85, 41, 5, 50, 86, 7, 15, 60, 20, 4, 52, 49, 65, 33, 78, 911]
q: [0.0, 11.0, 4.0, -4.0, -11.0, 15.0, -15.0, 3.0, 12.0, -12.0, -3.0, 4.0, 11.0, -11.0, 10.0, 1.0, -4.0, -1.0, -10.0, 10.0, -10.0, 0.0]
Q: [0.0, 11.0, 15.0, 11.0, 0.0, 15.0, 0.0, 3.0, 15.0, 3.0, 0.0, 4.0, 15.0, 4.0, 14.0, 15.0, 11.0, 10.0, 0.0, 10.0, 0.0, 0.0]
B: [0.0, 64.0, 72.20259129788, 81.82668273552001, 84.69783929691, 115.50769336991, 148.07713515201, 446.0, 469.0, 470.12168890518, 481.43821014628, 517.0, 530.7672641436, 547.1884307587, 553.3222828110399, 563.60143384604, 582.87379483274, 584.03416891035, 595.89539216095, 606.71719150305, 630.02070274065, 635.69746555056]
