Avion: 2      Iteracion: 32

Num Ruta: 34
Ingresos: 112800.0
Costos: 336.32238914
Utilidad Ruta: 112463.677611
Costo Reducido: 154.262554768
Nodos: [102, 17, 30, 62, 16, 75, 61, 10, 55, 35, 80, 45, 90, 43, 25, 70, 88, 29, 27, 74, 72, 37, 82, 912]
q: [0.0, 5.0, 4.0, -5.0, 11.0, -4.0, -11.0, 12.0, -12.0, 6.0, -6.0, 11.0, -11.0, 5.0, 10.0, -10.0, -5.0, 9.0, 6.0, -9.0, -6.0, 15.0, -15.0, 0.0]
Q: [0.0, 5.0, 9.0, 4.0, 15.0, 11.0, 0.0, 12.0, 0.0, 6.0, 0.0, 11.0, 0.0, 5.0, 15.0, 5.0, 0.0, 9.0, 15.0, 6.0, 0.0, 15.0, 0.0, 0.0]
B: [0.0, 36.2584976247, 69.8722092317, 73.01666371539, 78.34830305052999, 89.16497481222999, 92.03613137361998, 107.86540858391999, 137.38491931832, 279.0, 298.9128833924, 371.0, 380.19162363242, 451.0, 465.0611587716, 482.2461410817, 489.99531710241, 549.0, 574.6018082369, 582.8182362320799, 598.26561380888, 605.10157943197, 625.89623290347, 642.7170947125701]
