Avion: 4      Iteracion: 60

Num Ruta: 55
Ingresos: 40800.0
Costos: 92.8188963844
Utilidad Ruta: 40707.1811036
Costo Reducido: 5.43772449996
Nodos: [104, 14, 59, 3, 48, 18, 63, 914]
q: [0, 8.0, -8.0, 15.0, -15.0, 11.0, -11.0, 0]
Q: [0, 8.0, 0.0, 15.0, 0.0, 11.0, 0.0, 0]
B: [0.0, 112.0, 124.021711775, 256.0, 261.08428175852, 293.0, 316.8182362487, 326.40195520326]
