Avion: 2      Iteracion: 28

Num Ruta: 30
Ingresos: 157200.0
Costos: 491.398232143
Utilidad Ruta: 156708.601768
Costo Reducido: 136.29991274
Nodos: [102, 12, 57, 31, 11, 76, 56, 44, 42, 89, 87, 26, 71, 19, 8, 64, 53, 6, 51, 5, 50, 41, 86, 7, 4, 52, 49, 2, 37, 82, 47, 912]
q: [0.0, 14.0, -14.0, 6.0, 8.0, -6.0, -8.0, 10.0, 5.0, -10.0, -5.0, 13.0, -13.0, 7.0, 8.0, -7.0, -8.0, 5.0, -5.0, 12.0, -12.0, 13.0, -13.0, 10.0, 5.0, -10.0, -5.0, 9.0, 6.0, -6.0, -9.0, 0.0]
Q: [0.0, 14.0, 0.0, 6.0, 14.0, 8.0, 0.0, 10.0, 15.0, 5.0, 0.0, 13.0, 0.0, 7.0, 15.0, 8.0, 0.0, 5.0, 0.0, 12.0, 0.0, 13.0, 0.0, 10.0, 15.0, 5.0, 0.0, 9.0, 15.0, 9.0, 0.0, 0.0]
B: [0.0, 54.0, 97.347924264, 130.0, 169.0, 169.478878899097, 173.173257466597, 211.0, 239.0, 276.4881823646, 294.1162889277, 301.01176751878, 318.59099548818, 402.0, 425.1608815463, 443.1178409771, 446.04596016866, 455.23663179809, 458.92892119628, 477.31778141108, 478.43947031626, 487.26570813313, 507.30682848603, 517.71698665003, 529.0, 548.2723609867, 549.43273506431, 558.88720157491, 564.00096027082, 584.79561374232, 619.80378650242, 645.73463022182]
