Avion: 6      Iteracion: 33

Num Ruta: 35
Ingresos: 67200.0
Costos: 243.787115752
Utilidad Ruta: 66956.2128842
Costo Reducido: 9.17885084561
Nodos: [106, 9, 54, 12, 57, 28, 73, 15, 21, 60, 38, 83, 66, 916]
q: [0.0, 11.0, -11.0, 14.0, -14.0, 8.0, -8.0, 8.0, 7.0, -8.0, 8.0, -8.0, -7.0, 0.0]
Q: [0.0, 11.0, 0.0, 14.0, 0.0, 8.0, 0.0, 8.0, 15.0, 7.0, 15.0, 7.0, 0.0, 0.0]
B: [0.0, 28.0, 57.5272370025, 68.3142737596, 111.6621980236, 378.0, 414.0266187839, 511.0, 516.67223351071, 527.47150163401, 531.55876734595, 564.42765398665, 571.49758255772, 609.10811036572]
