Avion: 1      Iteracion: 74

Num Ruta: 68
Ingresos: 172800.0
Costos: 459.412100658
Utilidad Ruta: 172340.587899
Costo Reducido: 2.39135767863
Nodos: [101, 30, 16, 61, 75, 24, 69, 1, 46, 3, 48, 23, 18, 63, 68, 22, 67, 45, 90, 8, 53, 5, 50, 41, 86, 7, 20, 52, 65, 2, 47, 911]
q: [0.0, 11.0, 4.0, -4.0, -11.0, 14.0, -14.0, 7.0, -7.0, 15.0, -15.0, 10.0, 5.0, -5.0, -10.0, 10.0, -10.0, 11.0, -11.0, 8.0, -8.0, 12.0, -12.0, 13.0, -13.0, 5.0, 10.0, -5.0, -10.0, 9.0, -9.0, 0.0]
Q: [0.0, 11.0, 15.0, 11.0, 0.0, 14.0, 0.0, 7.0, 0.0, 15.0, 0.0, 10.0, 15.0, 10.0, 0.0, 10.0, 0.0, 11.0, 0.0, 8.0, 0.0, 12.0, 0.0, 13.0, 0.0, 5.0, 15.0, 10.0, 0.0, 9.0, 0.0, 0.0]
B: [0.0, 64.0, 72.20259129788, 81.82668273552001, 84.69783929691, 109.43181018721, 147.94476048971, 175.0, 209.2400855285, 256.0, 261.08428175852, 267.0, 293.0, 316.8182362487, 326.74376782137, 342.50019181287, 364.25487795177, 376.01755218007, 385.20917581249, 414.0, 434.768396616, 469.0, 470.12168890518, 478.94792672205, 498.98904707495, 517.0, 525.74295442056, 554.98896180616, 567.9526463518599, 575.2829436173199, 616.0179056647199, 632.0617122579199]
