Avion: 2      Iteracion: 38

Num Ruta: 40
Ingresos: 109200.0
Costos: 381.832965989
Utilidad Ruta: 108818.167034
Costo Reducido: 0.383440994337
Nodos: [102, 17, 30, 62, 16, 61, 75, 24, 69, 44, 89, 26, 71, 13, 58, 20, 7, 65, 52, 912]
q: [0.0, 5.0, 10.0, -5.0, 5.0, -5.0, -10.0, 14.0, -14.0, 14.0, -14.0, 13.0, -13.0, 15.0, -15.0, 10.0, 5.0, -10.0, -5.0, 0.0]
Q: [0.0, 5.0, 15.0, 10.0, 15.0, 10.0, 0.0, 14.0, 0.0, 14.0, 0.0, 13.0, 0.0, 15.0, 0.0, 10.0, 15.0, 5.0, 0.0, 0.0]
B: [0.0, 36.2584976247, 69.8722092317, 73.01666371539, 78.34830305052999, 87.97239448817, 90.84355104955999, 115.57752193985999, 154.09047224236, 211.0, 265.00737440390003, 300.0, 317.5792279694, 423.0, 439.88315095, 496.0, 517.0, 557.8372308194, 570.8009153651, 581.4407466608]
