Avion: 6      Iteracion: 13

Num Ruta: 16
Ingresos: 127200.0
Costos: 472.323823069
Utilidad Ruta: 126727.676177
Costo Reducido: 97311.4644997
Nodos: [106, 24, 69, 31, 1, 76, 44, 42, 46, 89, 87, 26, 71, 18, 63, 45, 90, 19, 43, 64, 20, 88, 27, 72, 65, 2, 47, 916]
q: [0.0, 14.0, -14.0, 6.0, 7.0, -6.0, 3.0, 5.0, -7.0, -3.0, -5.0, 13.0, -13.0, 11.0, -11.0, 11.0, -11.0, 7.0, 5.0, -7.0, 9.0, -5.0, 6.0, -6.0, -9.0, 9.0, -9.0, 0.0]
Q: [0.0, 14.0, 0.0, 6.0, 13.0, 7.0, 10.0, 15.0, 8.0, 5.0, 0.0, 13.0, 0.0, 11.0, 0.0, 11.0, 0.0, 7.0, 12.0, 5.0, 14.0, 9.0, 15.0, 9.0, 0.0, 9.0, 0.0, 0.0]
B: [0.0, 61.0, 99.5129503025, 130.0, 175.0, 193.9896940997, 211.0, 239.0, 264.0626014013, 280.07715041150004, 297.70525697460005, 304.60073556568005, 322.17996353508005, 345.45863428748004, 369.27687053618, 397.82525658518, 407.0168802176, 418.85873446429997, 451.0, 471.20454651800003, 496.0, 504.94022907984, 538.0, 555.0308623681, 571.1886281789999, 578.5189254444599, 619.2538874918599, 633.1025778631599]
