Avion: 6      Iteracion: 78

Num Ruta: 62
Ingresos: 109200.0
Costos: 339.933990265
Utilidad Ruta: 108860.06601
Costo Reducido: 11.5646396791
Nodos: [106, 9, 54, 14, 59, 18, 63, 39, 28, 84, 43, 73, 88, 15, 21, 60, 38, 20, 83, 66, 65, 37, 82, 916]
q: [0.0, 11.0, -11.0, 8.0, -8.0, 11.0, -11.0, 7.0, 8.0, -7.0, 5.0, -8.0, -5.0, 11.0, 4.0, -11.0, 1.0, 10.0, -1.0, -4.0, -10.0, 15.0, -15.0, 0.0]
Q: [0.0, 11.0, 0.0, 8.0, 0.0, 11.0, 0.0, 7.0, 15.0, 8.0, 13.0, 5.0, 0.0, 11.0, 15.0, 4.0, 5.0, 15.0, 14.0, 10.0, 0.0, 15.0, 0.0, 0.0]
B: [0.0, 28.0, 57.5272370025, 112.0, 124.021711775, 293.0, 316.8182362487, 388.0, 399.3210123222, 412.3114993416, 451.0, 467.5718045185, 480.63640114450004, 511.0, 516.67223351071, 527.47150163401, 531.55876734595, 533.63983678256, 568.26617226586, 575.33610083693, 595.9355214598299, 607.51303941493, 628.30769288643, 649.60704538833]
