Avion: 3      Iteracion: 60

Num Ruta: 52
Ingresos: 97200.0
Costos: 264.236622642
Utilidad Ruta: 96935.7633774
Costo Reducido: 15.4268682262
Nodos: [103, 17, 62, 14, 59, 3, 48, 18, 63, 39, 6, 51, 84, 13, 58, 29, 4, 49, 74, 913]
q: [0, 5.0, -5.0, 8.0, -8.0, 15.0, -15.0, 11.0, -11.0, 8.0, 5.0, -5.0, -8.0, 15.0, -15.0, 9.0, 5.0, -5.0, -9.0, 0]
Q: [0, 5.0, 0.0, 8.0, 0.0, 15.0, 0.0, 11.0, 0.0, 8.0, 13.0, 8.0, 0.0, 15.0, 0.0, 9.0, 14.0, 9.0, 0.0, 0]
B: [0.0, 24.0, 58.8425537813, 112.0, 124.021711775, 256.0, 261.08428175852, 293.0, 316.8182362487, 388.0, 436.0, 439.69228939819, 449.87740525418997, 453.10933904063995, 469.99248999063997, 549.0, 569.7100026316, 590.1357523117999, 602.3548233485, 620.9919879665]
