Avion: 6      Iteracion: 44

Num Ruta: 45
Ingresos: 88800.0
Costos: 305.378994368
Utilidad Ruta: 88494.6210056
Costo Reducido: 6.09477508972
Nodos: [106, 24, 69, 1, 46, 23, 68, 28, 43, 73, 20, 88, 4, 49, 65, 37, 82, 916]
q: [0, 14.0, -14.0, 7.0, -7.0, 10.0, -10.0, 8.0, 5.0, -8.0, 10.0, -5.0, 5.0, -5.0, -10.0, 15.0, -15.0, 0]
Q: [0, 14.0, 0.0, 7.0, 0.0, 10.0, 0.0, 8.0, 13.0, 5.0, 15.0, 10.0, 15.0, 10.0, 0.0, 15.0, 0.0, 0]
B: [0.0, 61.0, 99.5129503025, 175.0, 209.2400855285, 267.0, 306.733842905, 378.0, 451.0, 467.5718045185, 496.0, 504.94022907984, 529.0, 549.4257496801999, 561.2869729308, 572.8644908859, 593.6591443574, 614.9584968593]
