Avion: 5      Iteracion: 44

Num Ruta: 45
Ingresos: 92400.0
Costos: 391.837052768
Utilidad Ruta: 92008.1629472
Costo Reducido: 20.0900871897
Nodos: [105, 17, 62, 30, 75, 10, 55, 1, 46, 23, 18, 63, 68, 28, 73, 21, 66, 27, 72, 915]
q: [0.0, 5.0, -5.0, 11.0, -11.0, 12.0, -12.0, 7.0, -7.0, 10.0, 5.0, -5.0, -10.0, 8.0, -8.0, 13.0, -13.0, 6.0, -6.0, 0.0]
Q: [0.0, 5.0, 0.0, 11.0, 0.0, 12.0, 0.0, 7.0, 0.0, 10.0, 15.0, 10.0, 0.0, 8.0, 0.0, 13.0, 0.0, 6.0, 0.0, 0.0]
B: [0.0, 24.0, 58.8425537813, 64.0, 82.7140226568, 101.4070729429, 130.92658367730002, 175.0, 209.2400855285, 267.0, 293.0, 316.8182362487, 326.74376782137, 378.0, 414.0266187839, 477.0, 517.7387906792, 538.0, 555.0308623681, 574.0255915844]
