Avion: 4      Iteracion: 7

Num Ruta: 9
Ingresos: 142800.0
Costos: 509.658434476
Utilidad Ruta: 142290.341566
Costo Reducido: 123557.549676
Nodos: [104, 12, 30, 57, 10, 75, 55, 11, 56, 36, 81, 34, 79, 26, 71, 39, 84, 13, 58, 32, 77, 29, 7, 4, 52, 49, 74, 914]
q: [0.0, 14.0, 1.0, -14.0, 12.0, -1.0, -12.0, 8.0, -8.0, 15.0, -15.0, 12.0, -12.0, 13.0, -13.0, 8.0, -8.0, 15.0, -15.0, 6.0, -6.0, 9.0, 1.0, 5.0, -1.0, -5.0, -9.0, 0.0]
Q: [0.0, 14.0, 15.0, 1.0, 13.0, 12.0, 0.0, 8.0, 0.0, 15.0, 0.0, 12.0, 0.0, 13.0, 0.0, 8.0, 0.0, 15.0, 0.0, 6.0, 0.0, 9.0, 10.0, 15.0, 14.0, 9.0, 0.0, 0.0]
B: [0.0, 54.0, 72.5310629215, 97.90540943529999, 106.62317979244999, 125.31623007854999, 144.21702797174999, 196.85524455434998, 200.90931140136, 251.0, 257.94814406874, 283.0, 323.947598037, 358.0226741044, 375.6019020738, 395.2998202633, 417.9320077183, 423.0, 439.88315095, 467.2623045162, 495.1196603311, 549.0, 570.2768523283, 580.6402256208, 599.9125866075001, 601.07296068511, 613.2920317218101, 638.10045974541]
