Avion: 3      Iteracion: 65

Num Ruta: 55
Ingresos: 63600.0
Costos: 156.579975934
Utilidad Ruta: 63443.4200241
Costo Reducido: 5.17167689658
Nodos: [103, 17, 62, 14, 59, 3, 48, 45, 90, 32, 38, 77, 83, 913]
q: [0, 5.0, -5.0, 8.0, -8.0, 15.0, -15.0, 11.0, -11.0, 6.0, 8.0, -6.0, -8.0, 0]
Q: [0, 5.0, 0.0, 8.0, 0.0, 15.0, 0.0, 11.0, 0.0, 6.0, 14.0, 8.0, 0.0, 0]
B: [0.0, 24.0, 58.8425537813, 112.0, 124.021711775, 256.0, 261.08428175852, 371.0, 380.19162363242, 422.0, 480.0, 495.0304472322, 517.0265259964, 526.9905013576699]
