Avion: 6      Iteracion: 34

Num Ruta: 36
Ingresos: 126000.0
Costos: 363.49050555
Utilidad Ruta: 125636.509494
Costo Reducido: 65.7597848142
Nodos: [106, 40, 85, 10, 55, 35, 26, 80, 71, 13, 28, 58, 73, 43, 88, 21, 66, 33, 27, 78, 72, 37, 82, 916]
q: [0.0, 15.0, -15.0, 12.0, -12.0, 2.0, 13.0, -2.0, -13.0, 7.0, 8.0, -7.0, -8.0, 5.0, -5.0, 13.0, -13.0, 10.0, 5.0, -10.0, -5.0, 15.0, -15.0, 0.0]
Q: [0.0, 15.0, 0.0, 12.0, 0.0, 2.0, 15.0, 13.0, 0.0, 7.0, 15.0, 8.0, 0.0, 5.0, 0.0, 13.0, 0.0, 10.0, 15.0, 5.0, 0.0, 15.0, 0.0, 0.0]
B: [0.0, 62.0, 94.5694417821, 111.75013586, 141.2696465944, 279.0, 300.0, 309.29300538039, 319.11482114938, 423.0, 436.7962173439, 450.1536367429, 473.1920667675, 489.76387128600004, 507.02619239300003, 514.30919980752, 555.04799048672, 565.20353542532, 581.6561263459199, 588.8748797008999, 609.4416719884999, 616.27763761159, 637.07229108309, 658.37164358499]
