Avion: 6      Iteracion: 22

Num Ruta: 24
Ingresos: 117600.0
Costos: 387.379692011
Utilidad Ruta: 117212.620308
Costo Reducido: 169.540671301
Nodos: [106, 9, 54, 12, 57, 10, 55, 31, 76, 36, 81, 34, 79, 28, 39, 25, 73, 70, 84, 41, 86, 916]
q: [0.0, 11.0, -11.0, 14.0, -14.0, 12.0, -12.0, 6.0, -6.0, 15.0, -15.0, 12.0, -12.0, 0.0, 8.0, 7.0, 0.0, -7.0, -8.0, 13.0, -13.0, 0.0]
Q: [0.0, 11.0, 0.0, 14.0, 0.0, 12.0, 0.0, 6.0, 0.0, 15.0, 0.0, 12.0, 0.0, 0.0, 8.0, 15.0, 15.0, 8.0, 0.0, 13.0, 0.0, 0.0]
B: [0.0, 28.0, 57.5272370025, 68.3142737596, 111.6621980236, 120.37996838075, 149.89947911515, 189.50763345235, 202.81324745545, 251.0, 257.94814406874, 283.0, 323.947598037, 378.0, 389.3210123222, 422.2749649531, 425.60834356946, 442.91443232456, 461.82154347356, 479.53885492306, 499.57997527596, 507.13542628831]
