Avion: 3      Iteracion: 84

Num Ruta: 62
Ingresos: 64800.0
Costos: 212.448049801
Utilidad Ruta: 64587.5519502
Costo Reducido: 10.1098724683
Nodos: [103, 17, 30, 62, 16, 61, 75, 14, 59, 18, 63, 21, 38, 66, 83, 913]
q: [0.0, 5.0, 10.0, -5.0, 5.0, -5.0, -10.0, 8.0, -8.0, 11.0, -11.0, 7.0, 8.0, -7.0, -8.0, 0.0]
Q: [0.0, 5.0, 15.0, 10.0, 15.0, 10.0, 0.0, 8.0, 0.0, 11.0, 0.0, 7.0, 15.0, 8.0, 0.0, 0.0]
B: [0.0, 24.0, 64.0, 67.14445448369, 72.47609381883, 82.10018525647, 84.97134181786, 112.76728247476, 124.78899424976, 293.0, 316.8182362487, 477.0, 483.82291294097, 518.30529332577, 525.37522189684, 535.33919725811]
