Avion: 7      Iteracion: 56

Num Ruta: 49
Ingresos: 68400.0
Costos: 187.704863085
Utilidad Ruta: 68212.2951369
Costo Reducido: 0.109515943084
Nodos: [107, 24, 69, 28, 73, 25, 19, 70, 8, 64, 53, 5, 50, 917]
q: [0.0, 14.0, -14.0, 8.0, -8.0, 8.0, 7.0, -8.0, 8.0, -7.0, -8.0, 12.0, -12.0, 0.0]
Q: [0.0, 14.0, 0.0, 8.0, 0.0, 8.0, 15.0, 7.0, 15.0, 8.0, 0.0, 12.0, 0.0, 0.0]
B: [0.0, 61.0, 99.5129503025, 378.0, 414.0266187839, 417.35999740026, 426.75200464046, 443.42489632125995, 469.24549617875994, 487.20245560955993, 490.1305748011199, 499.8833856779899, 501.0050745831699, 508.7361307205899]
