Avion: 4      Iteracion: 10

Num Ruta: 12
Ingresos: 139200.0
Costos: 549.813074962
Utilidad Ruta: 138650.186925
Costo Reducido: 220673.700445
Nodos: [104, 24, 9, 54, 69, 44, 89, 36, 81, 34, 79, 25, 70, 8, 53, 5, 50, 41, 86, 21, 4, 66, 27, 49, 72, 914]
q: [0.0, 0.0, 11.0, -11.0, 0.0, 14.0, -14.0, 15.0, -15.0, 12.0, -12.0, 10.0, -10.0, 8.0, -8.0, 12.0, -12.0, 13.0, -13.0, 13.0, 2.0, -13.0, 6.0, -2.0, -6.0, 0.0]
Q: [0.0, 0.0, 11.0, 0.0, 0.0, 14.0, 0.0, 15.0, 0.0, 12.0, 0.0, 10.0, 0.0, 8.0, 0.0, 12.0, 0.0, 13.0, 0.0, 13.0, 15.0, 2.0, 8.0, 6.0, 0.0, 0.0]
B: [0.0, 61.0, 67.43687703782, 96.96411404032, 122.01967745441999, 211.0, 265.00737440390003, 304.21876092620005, 311.16690499494007, 324.8866529882401, 365.83425102524006, 410.0, 427.1849823101, 453.0055821676, 473.7739787836, 483.52678966047, 484.64847856565, 493.47471638252, 513.51583673542, 531.3788936966199, 546.3266820614199, 575.4964794724199, 588.6739276700199, 605.0247402492199, 610.4399987841399, 644.0521900992399]
