Avion: 4      Iteracion: 45

Num Ruta: 44
Ingresos: 104400.0
Costos: 307.462088002
Utilidad Ruta: 104092.537912
Costo Reducido: 26.5803969301
Nodos: [104, 31, 76, 14, 59, 3, 48, 23, 18, 63, 68, 28, 73, 25, 70, 20, 65, 2, 33, 78, 47, 914]
q: [0.0, 6.0, -6.0, 8.0, -8.0, 15.0, -15.0, 4.0, 11.0, -11.0, -4.0, 8.0, -8.0, 10.0, -10.0, 10.0, -10.0, 9.0, 6.0, -6.0, -9.0, 0.0]
Q: [0.0, 6.0, 0.0, 8.0, 0.0, 15.0, 0.0, 4.0, 15.0, 4.0, 0.0, 8.0, 0.0, 10.0, 0.0, 10.0, 0.0, 9.0, 15.0, 9.0, 0.0, 0.0]
B: [0.0, 130.0, 143.3056140031, 160.3516205736, 172.3733323486, 256.0, 261.08428175852, 267.0, 293.0, 316.8182362487, 326.74376782137, 378.0, 414.0266187839, 417.35999740026, 434.54497971036, 496.0, 538.1771424471, 545.50743971256, 562.0, 585.3035112376, 603.8222952689999, 627.4293221889999]
