Avion: 6      Iteracion: 84

Num Ruta: 66
Ingresos: 63600.0
Costos: 174.146291712
Utilidad Ruta: 63425.8537083
Costo Reducido: 4.70257391049
Nodos: [106, 12, 57, 10, 55, 5, 50, 37, 82, 916]
q: [0, 14.0, -14.0, 12.0, -12.0, 12.0, -12.0, 15.0, -15.0, 0]
Q: [0, 14.0, 0.0, 12.0, 0.0, 12.0, 0.0, 15.0, 0.0, 0]
B: [0.0, 54.0, 97.347924264, 106.06569462115, 135.58520535555, 469.0, 470.12168890518, 562.0, 582.7946534714999, 604.0940059733999]
