Avion: 4      Iteracion: 44

Num Ruta: 43
Ingresos: 32400.0
Costos: 78.1946020831
Utilidad Ruta: 32321.8053979
Costo Reducido: 10.2280254623
Nodos: [104, 36, 81, 34, 79, 914]
q: [0, 15.0, -15.0, 12.0, -12.0, 0]
Q: [0, 15.0, 0.0, 12.0, 0.0, 0]
B: [0.0, 251.0, 257.94814406874, 283.0, 323.947598037, 330.83298560778996]
