Avion: 3      Iteracion: 58

Num Ruta: 50
Ingresos: 105600.0
Costos: 320.804545232
Utilidad Ruta: 105279.195455
Costo Reducido: 3.39257944313
Nodos: [103, 10, 55, 35, 26, 80, 71, 28, 73, 25, 19, 70, 64, 5, 50, 43, 15, 88, 29, 60, 7, 52, 74, 913]
q: [0.0, 12.0, -12.0, 6.0, 9.0, -6.0, -9.0, 8.0, -8.0, 8.0, 7.0, -8.0, -7.0, 12.0, -12.0, 5.0, 6.0, -5.0, 9.0, -6.0, 6.0, -6.0, -9.0, 0.0]
Q: [0.0, 12.0, 0.0, 6.0, 15.0, 9.0, 0.0, 8.0, 0.0, 8.0, 15.0, 7.0, 0.0, 12.0, 0.0, 5.0, 11.0, 6.0, 15.0, 9.0, 15.0, 9.0, 0.0, 0.0]
B: [0.0, 96.0, 125.5195107344, 279.0, 300.0, 309.29300538039, 319.11482114938, 378.0, 414.0266187839, 417.35999740026, 426.75200464046, 443.42489632125995, 460.21175275715996, 469.0, 470.12168890518, 491.79746949088, 511.0, 521.2530082415, 549.0, 564.1378768657, 575.0426164316, 603.5839282444999, 615.8807320975, 634.5178967155]
