Avion: 1      Iteracion: 1

Num Ruta: 5
Ingresos: 170400.0
Costos: 480.684848542
Utilidad Ruta: 169919.315151
Costo Reducido: 192890.50247
Nodos: [101, 30, 75, 16, 61, 14, 59, 31, 1, 76, 46, 3, 48, 23, 18, 63, 68, 26, 71, 39, 84, 8, 53, 13, 58, 21, 50, 5, 66, 911]
q: [0.0, 11.0, -11.0, 11.0, -11.0, 8.0, -8.0, 6.0, 7.0, -6.0, -7.0, 15.0, -15.0, 4.0, 11.0, -11.0, -4.0, 13.0, -13.0, 8.0, -8.0, 8.0, -8.0, 15.0, -15.0, 13.0, -12.0, 12.0, -13.0, 0.0]
Q: [0.0, 11.0, 0.0, 11.0, 0.0, 8.0, 0.0, 6.0, 13.0, 7.0, 0.0, 15.0, 0.0, 4.0, 15.0, 4.0, 0.0, 13.0, 0.0, 8.0, 0.0, 8.0, 0.0, 15.0, 0.0, 13.0, 1.0, 13.0, 0.0, 0.0]
B: [0.0, 64.0, 82.7140226568, 93.53069441849999, 103.15478585614, 129.94109036054, 141.96280213554, 169.17486934843998, 178.06863131961998, 197.05832541931997, 230.61941314011997, 256.0, 261.08428175852, 267.0, 293.0, 316.8182362487, 326.74376782137, 346.43014059547, 364.00936856487, 388.0, 410.632187455, 434.7301572658, 455.49855388180004, 457.70923002271, 474.59238097271003, 490.10377736371004, 518.34336774671, 519.46505665189, 541.08771747339, 563.28587750979]
