Avion: 4      Iteracion: 4

Num Ruta: 6
Ingresos: 91200.0
Costos: 344.110187575
Utilidad Ruta: 90855.8898124
Costo Reducido: 66795.6956472
Nodos: [104, 9, 54, 31, 76, 3, 48, 18, 34, 63, 79, 39, 84, 13, 53, 8, 43, 58, 88, 914]
q: [0.0, 11.0, -11.0, 6.0, -6.0, 15.0, -15.0, 11.0, 4.0, -11.0, -4.0, 8.0, -8.0, 8.0, -8.0, 8.0, 5.0, -8.0, -5.0, 0.0]
Q: [0.0, 11.0, 0.0, 6.0, 0.0, 15.0, 0.0, 11.0, 15.0, 4.0, 0.0, 8.0, 0.0, 8.0, 0.0, 8.0, 13.0, 5.0, 0.0, 0.0]
B: [0.0, 34.2318085996, 63.7590456021, 130.0, 143.3056140031, 256.0, 261.08428175852, 293.0, 316.7154937119, 344.9475311871, 360.10016082690004, 388.0, 410.632187455, 423.0, 434.0, 454.768396616, 472.79378992650004, 495.00610950370003, 505.061696856, 525.3261761733]
