Avion: 1      Iteracion: 58

Num Ruta: 56
Ingresos: 133200.0
Costos: 408.352686154
Utilidad Ruta: 132791.647314
Costo Reducido: 13.6950747354
Nodos: [101, 30, 75, 24, 69, 1, 31, 76, 11, 56, 46, 3, 48, 23, 42, 87, 68, 45, 90, 43, 25, 70, 88, 29, 74, 911]
q: [0, 11.0, -11.0, 14.0, -14.0, 7.0, 6.0, -6.0, 8.0, -8.0, -7.0, 15.0, -15.0, 10.0, 5.0, -5.0, -10.0, 11.0, -11.0, 5.0, 10.0, -10.0, -5.0, 9.0, -9.0, 0]
Q: [0, 11.0, 0.0, 14.0, 0.0, 7.0, 13.0, 7.0, 15.0, 7.0, 0.0, 15.0, 0.0, 10.0, 15.0, 10.0, 0.0, 11.0, 0.0, 5.0, 15.0, 5.0, 0.0, 9.0, 0.0, 0]
B: [0.0, 64.0, 82.7140226568, 107.4479935471, 145.9609438496, 175.0, 183.89376197118, 197.19937597428, 197.678254873377, 201.732321720387, 236.048051058387, 256.0, 261.08428175852, 267.0, 289.6110683074, 337.6609029585, 364.02125895, 390.4097913268, 399.60141495922, 451.0, 465.0611587716, 482.2461410817, 489.99531710241, 549.0, 582.7797797802, 599.1597614957]
