Avion: 7      Iteracion: 26

Num Ruta: 27
Ingresos: 80400.0
Costos: 214.002756819
Utilidad Ruta: 80185.9972432
Costo Reducido: 190.000535573
Nodos: [107, 14, 59, 18, 63, 39, 84, 5, 50, 41, 86, 29, 27, 74, 72, 917]
q: [0, 8.0, -8.0, 11.0, -11.0, 8.0, -8.0, 12.0, -12.0, 13.0, -13.0, 9.0, 6.0, -9.0, -6.0, 0]
Q: [0, 8.0, 0.0, 11.0, 0.0, 8.0, 0.0, 12.0, 0.0, 13.0, 0.0, 9.0, 15.0, 6.0, 0.0, 0]
B: [0.0, 112.0, 124.021711775, 293.0, 316.8182362487, 388.0, 410.632187455, 469.0, 470.12168890518, 478.94792672205, 498.98904707495, 549.0, 574.6018082369, 582.8182362320799, 598.26561380888, 603.8430499582199]
