Avion: 2      Iteracion: 25

Num Ruta: 27
Ingresos: 146400.0
Costos: 431.888816887
Utilidad Ruta: 145968.111183
Costo Reducido: 164.445445767
Nodos: [102, 30, 16, 61, 75, 24, 69, 1, 31, 76, 11, 56, 44, 42, 46, 23, 89, 87, 26, 68, 71, 22, 67, 45, 90, 32, 8, 53, 6, 51, 13, 77, 58, 912]
q: [0.0, 11.0, 4.0, -4.0, -11.0, 14.0, -14.0, 7.0, 6.0, -6.0, 8.0, -8.0, 3.0, 5.0, -7.0, 7.0, -3.0, -5.0, 8.0, -7.0, -8.0, 10.0, -10.0, 11.0, -11.0, 6.0, 8.0, -8.0, 5.0, -5.0, 9.0, -6.0, -9.0, 0.0]
Q: [0.0, 11.0, 15.0, 11.0, 0.0, 14.0, 0.0, 7.0, 13.0, 7.0, 15.0, 7.0, 10.0, 15.0, 8.0, 15.0, 12.0, 7.0, 15.0, 8.0, 0.0, 10.0, 0.0, 11.0, 0.0, 6.0, 14.0, 6.0, 11.0, 6.0, 15.0, 9.0, 0.0, 0.0]
B: [0.0, 64.0, 72.20259129788, 81.82668273552001, 84.69783929691, 109.43181018721, 147.94476048971, 175.0, 183.89376197118, 197.19937597428, 197.678254873377, 201.732321720387, 213.409622178987, 239.0, 264.0626014013, 268.8931248719, 289.7237159581, 307.3518225212, 314.24730111228, 333.93367388638, 337.00074626896003, 350.63492691906004, 372.38961305796005, 384.15228728626005, 393.34391091868, 422.0, 433.4468981388, 454.2152947548, 463.40596638423006, 467.09825578242004, 480.50832188962005, 494.3505016674201, 498.4214520478601, 526.9535321858601]
