Avion: 4      Iteracion: 24

Num Ruta: 25
Ingresos: 127200.0
Costos: 312.187406458
Utilidad Ruta: 126887.812594
Costo Reducido: 129.231993114
Nodos: [104, 31, 76, 36, 81, 34, 79, 26, 71, 13, 58, 6, 51, 41, 86, 5, 50, 37, 82, 914]
q: [0, 6.0, -6.0, 15.0, -15.0, 12.0, -12.0, 13.0, -13.0, 15.0, -15.0, 5.0, -5.0, 13.0, -13.0, 12.0, -12.0, 15.0, -15.0, 0]
Q: [0, 6.0, 0.0, 15.0, 0.0, 12.0, 0.0, 13.0, 0.0, 15.0, 0.0, 5.0, 0.0, 13.0, 0.0, 12.0, 0.0, 15.0, 0.0, 0]
B: [0.0, 130.0, 143.3056140031, 251.0, 257.94814406874, 283.0, 323.947598037, 358.0226741044, 375.6019020738, 423.0, 439.88315095, 464.1060995732, 467.79838897139, 486.91510887829, 506.95622923119004, 518.98211734809, 520.10380625327, 562.0, 582.7946534714999, 632.8820788794999]
