Avion: 3      Iteracion: 12

Num Ruta: 14
Ingresos: 150000.0
Costos: 567.902704713
Utilidad Ruta: 149432.097295
Costo Reducido: 213927.382901
Nodos: [103, 16, 61, 40, 85, 14, 59, 11, 56, 1, 46, 3, 48, 22, 67, 19, 25, 70, 32, 64, 77, 15, 60, 7, 52, 2, 47, 913]
q: [0.0, 11.0, -11.0, 15.0, -15.0, 8.0, -8.0, 8.0, -8.0, 7.0, -7.0, 15.0, -15.0, 10.0, -10.0, 5.0, 10.0, -10.0, 6.0, -5.0, -6.0, 11.0, -11.0, 10.0, -10.0, 9.0, -9.0, 0.0]
Q: [0.0, 11.0, 0.0, 15.0, 0.0, 8.0, 0.0, 8.0, 0.0, 7.0, 0.0, 15.0, 0.0, 10.0, 0.0, 5.0, 15.0, 5.0, 11.0, 6.0, 0.0, 11.0, 0.0, 10.0, 0.0, 9.0, 0.0, 0.0]
B: [0.0, 36.0, 45.624091437640004, 77.27284989674001, 109.84229167884001, 138.42069361104, 150.44240538604, 179.89083449524, 183.94490134225, 206.61435287955, 240.85443840805002, 256.0, 261.08428175852, 299.0, 320.7546861389, 402.0, 411.3920072402, 428.57698955029997, 447.12191899209995, 466.69438968439994, 483.8217661325999, 511.0, 527.4211666151, 538.3259061809999, 566.8672179938999, 576.9973864524999, 617.7323484998999, 653.7772851484999]
