Avion: 5      Iteracion: 12

Num Ruta: 14
Ingresos: 150000.0
Costos: 530.999185978
Utilidad Ruta: 149469.000814
Costo Reducido: 193077.775463
Nodos: [105, 16, 61, 40, 85, 14, 59, 11, 56, 1, 46, 3, 48, 22, 67, 19, 25, 70, 32, 8, 64, 53, 77, 15, 60, 20, 7, 65, 52, 915]
q: [0.0, 11.0, -11.0, 15.0, -15.0, 8.0, -8.0, 8.0, -8.0, 7.0, -7.0, 15.0, -15.0, 10.0, -10.0, 1.0, 10.0, -10.0, 6.0, 8.0, -1.0, -8.0, -6.0, 11.0, -11.0, 10.0, 5.0, -10.0, -5.0, 0.0]
Q: [0.0, 11.0, 0.0, 15.0, 0.0, 8.0, 0.0, 8.0, 0.0, 7.0, 0.0, 15.0, 0.0, 10.0, 0.0, 1.0, 11.0, 1.0, 7.0, 15.0, 14.0, 6.0, 0.0, 11.0, 0.0, 10.0, 15.0, 5.0, 0.0, 0.0]
B: [0.0, 36.0, 45.624091437640004, 77.27284989674001, 109.84229167884001, 138.42069361104, 150.44240538604, 179.89083449524, 183.94490134225, 206.61435287955, 240.85443840805002, 256.0, 261.08428175852, 299.0, 320.7546861389, 402.0, 411.3920072402, 428.57698955029997, 447.12191899209995, 458.56881713089996, 476.52577656169996, 479.4538957532599, 495.5029944818599, 518.7984340355599, 535.2196006506599, 541.3534527029999, 550.0964071235599, 590.9336379429599, 603.8973224886598, 626.2037714440598]
