Avion: 6      Iteracion: 5

Num Ruta: 8
Ingresos: 154800.0
Costos: 607.78453438
Utilidad Ruta: 154192.215466
Costo Reducido: 328425.417881
Nodos: [106, 17, 62, 16, 61, 10, 55, 1, 11, 56, 44, 42, 46, 89, 87, 26, 71, 18, 63, 39, 84, 13, 28, 58, 73, 21, 38, 5, 50, 83, 66, 33, 78, 27, 72, 916]
q: [0.0, 5.0, -5.0, 11.0, -11.0, 12.0, -12.0, 7.0, 8.0, -8.0, 8.0, 0.0, -7.0, -8.0, 0.0, 13.0, -13.0, 11.0, -11.0, 8.0, -8.0, 7.0, 8.0, -7.0, -8.0, 0.0, 3.0, 12.0, -12.0, -3.0, 0.0, 10.0, -10.0, 6.0, -6.0, 0.0]
Q: [0.0, 5.0, 0.0, 11.0, 0.0, 12.0, 0.0, 7.0, 15.0, 7.0, 15.0, 15.0, 8.0, 0.0, 0.0, 13.0, 0.0, 11.0, 0.0, 8.0, 0.0, 7.0, 15.0, 8.0, 0.0, 0.0, 3.0, 15.0, 3.0, 0.0, 0.0, 10.0, 0.0, 6.0, 0.0, 0.0]
B: [0.0, 49.2628851063, 84.1054388876, 89.43707822274, 99.06116966038, 114.89044687068001, 144.40995760508002, 182.82929877588003, 201.51012737098003, 205.56419421799004, 217.24149467659004, 239.66180620429003, 264.72440760559005, 280.73895661579, 298.36706317889, 305.26254176997, 322.84176973937, 346.12044049177, 369.93867674047, 388.0, 410.632187455, 423.0, 436.7962173439, 450.1536367429, 473.1920667675, 482.5238423756, 489.34675531657, 511.24917458937, 512.37086349455, 538.26539482845, 545.33532339952, 562.0, 585.3035112376, 592.52226459258, 609.55312696068, 631.28183534388]
