Avion: 5      Iteracion: 70

Num Ruta: 55
Ingresos: 75600.0
Costos: 186.825226297
Utilidad Ruta: 75413.1747737
Costo Reducido: 5.18962262532
Nodos: [105, 31, 76, 36, 81, 19, 25, 70, 64, 5, 50, 4, 7, 49, 52, 915]
q: [0.0, 6.0, -6.0, 15.0, -15.0, 7.0, 8.0, -8.0, -7.0, 12.0, -12.0, 5.0, 10.0, -5.0, -10.0, 0.0]
Q: [0.0, 6.0, 0.0, 15.0, 0.0, 7.0, 15.0, 7.0, 0.0, 12.0, 0.0, 5.0, 15.0, 10.0, 0.0, 0.0]
B: [0.0, 130.0, 143.3056140031, 251.0, 257.94814406874, 402.0, 411.3920072402, 428.57698955029997, 445.3638459862, 469.0, 470.12168890518, 529.0, 539.3633732925, 569.0610398002, 570.2214138778099, 592.52786283321]
