Avion: 2      Iteracion: 31

Num Ruta: 33
Ingresos: 111600.0
Costos: 325.726144811
Utilidad Ruta: 111274.273855
Costo Reducido: 81.1101934525
Nodos: [102, 40, 85, 14, 59, 3, 48, 23, 18, 63, 68, 5, 50, 41, 86, 38, 20, 83, 65, 912]
q: [0.0, 15.0, -15.0, 8.0, -8.0, 15.0, -15.0, 10.0, 5.0, -5.0, -10.0, 12.0, -12.0, 13.0, -13.0, 8.0, 7.0, -8.0, -7.0, 0.0]
Q: [0.0, 15.0, 0.0, 8.0, 0.0, 15.0, 0.0, 10.0, 15.0, 10.0, 0.0, 12.0, 0.0, 13.0, 0.0, 8.0, 15.0, 7.0, 0.0, 0.0]
B: [0.0, 62.0, 94.5694417821, 123.1478437143, 135.1695554893, 256.0, 261.08428175852, 267.0, 293.0, 316.8182362487, 326.74376782137, 469.0, 470.12168890518, 478.94792672205, 498.98904707495, 510.84327944145, 512.9243488780601, 547.55068436136, 574.92769208686, 596.51991246826]
