Avion: 6      Iteracion: 72

Num Ruta: 58
Ingresos: 91200.0
Costos: 301.810598408
Utilidad Ruta: 90898.1894016
Costo Reducido: 6.13121752715
Nodos: [106, 40, 85, 22, 67, 18, 63, 39, 28, 84, 43, 73, 15, 88, 29, 60, 4, 49, 74, 916]
q: [0.0, 15.0, -15.0, 10.0, -10.0, 11.0, -11.0, 7.0, 8.0, -7.0, 5.0, -8.0, 6.0, -5.0, 9.0, -6.0, 5.0, -5.0, -9.0, 0.0]
Q: [0.0, 15.0, 0.0, 10.0, 0.0, 11.0, 0.0, 7.0, 15.0, 8.0, 13.0, 5.0, 11.0, 6.0, 15.0, 9.0, 14.0, 9.0, 0.0, 0.0]
B: [0.0, 62.0, 94.5694417821, 299.0, 320.7546861389, 334.15512273630003, 357.973358985, 388.0, 399.3210123222, 412.3114993416, 451.0, 467.5718045185, 511.0, 521.2530082415, 549.0, 564.1378768657, 569.7125561389901, 590.13830581919, 602.35737685589, 633.6206110135901]
