Avion: 6      Iteracion: 1

Num Ruta: 5
Ingresos: 158400.0
Costos: 607.602595906
Utilidad Ruta: 157792.397404
Costo Reducido: 208961.336531
Nodos: [106, 16, 61, 12, 57, 31, 14, 59, 76, 1, 46, 3, 48, 18, 34, 63, 79, 39, 84, 8, 53, 38, 21, 83, 66, 4, 7, 52, 49, 33, 78, 916]
q: [0.0, 11.0, -11.0, 14.0, -14.0, 6.0, 8.0, -8.0, -6.0, 7.0, -7.0, 15.0, -15.0, 3.0, 12.0, -3.0, -12.0, 8.0, -8.0, 8.0, -8.0, 2.0, 13.0, -2.0, -13.0, 5.0, 10.0, -10.0, -5.0, 10.0, -10.0, 0.0]
Q: [0.0, 11.0, 0.0, 14.0, 0.0, 6.0, 14.0, 6.0, 0.0, 7.0, 0.0, 15.0, 0.0, 3.0, 15.0, 12.0, 0.0, 8.0, 0.0, 8.0, 0.0, 2.0, 15.0, 13.0, 0.0, 5.0, 15.0, 5.0, 0.0, 10.0, 0.0, 0.0]
B: [0.0, 36.0, 45.624091437640004, 79.57799432084, 122.92591858484, 143.84325197134, 161.36293438854, 173.38464616354, 202.45020313394, 221.43989723363998, 255.67998276213999, 262.77653467133996, 267.86081642985994, 293.0, 316.7154937119, 344.9475311871, 360.10016082690004, 388.0, 410.632187455, 434.7301572658, 455.49855388180004, 480.0, 486.82291294097, 525.3346514111701, 532.4045799822401, 561.5743773932401, 571.9377506857401, 600.47906249864, 601.63943657625, 610.21090202855, 633.51441326615, 656.34218689825]
