Avion: 1      Iteracion: 82

Num Ruta: 73
Ingresos: 116400.0
Costos: 326.74061223
Utilidad Ruta: 116073.259388
Costo Reducido: 1.7385628022
Nodos: [101, 30, 75, 16, 61, 14, 59, 18, 63, 39, 28, 84, 13, 58, 25, 73, 70, 15, 21, 60, 38, 83, 66, 911]
q: [0.0, 11.0, -11.0, 11.0, -11.0, 8.0, -8.0, 11.0, -11.0, 8.0, 5.0, -8.0, 10.0, -10.0, 10.0, -5.0, -10.0, 8.0, 7.0, -8.0, 8.0, -8.0, -7.0, 0.0]
Q: [0.0, 11.0, 0.0, 11.0, 0.0, 8.0, 0.0, 11.0, 0.0, 8.0, 13.0, 5.0, 15.0, 5.0, 15.0, 10.0, 0.0, 8.0, 15.0, 7.0, 15.0, 7.0, 0.0, 0.0]
B: [0.0, 64.0, 82.7140226568, 93.53069441849999, 103.15478585614, 129.94109036054, 141.96280213554, 293.0, 316.8182362487, 388.0, 399.3210123222, 412.3114993416, 423.0, 439.88315095, 463.8957169312, 467.22909554756, 484.53518430266, 511.0, 516.67223351071, 527.47150163401, 531.55876734595, 564.42765398665, 571.49758255772, 593.69574259412]
