Avion: 5      Iteracion: 76

Num Ruta: 59
Ingresos: 86400.0
Costos: 232.271591175
Utilidad Ruta: 86167.7284088
Costo Reducido: 2.78644567318
Nodos: [105, 1, 46, 3, 48, 23, 18, 63, 68, 6, 51, 33, 27, 78, 72, 37, 82, 915]
q: [0.0, 7.0, -7.0, 15.0, -15.0, 10.0, 5.0, -5.0, -10.0, 5.0, -5.0, 10.0, 5.0, -10.0, -5.0, 15.0, -15.0, 0.0]
Q: [0.0, 7.0, 0.0, 15.0, 0.0, 10.0, 15.0, 10.0, 0.0, 5.0, 0.0, 10.0, 15.0, 5.0, 0.0, 15.0, 0.0, 0.0]
B: [0.0, 175.0, 209.2400855285, 256.0, 261.08428175852, 267.0, 293.0, 316.8182362487, 326.74376782137, 436.0, 439.69228939819, 562.0, 578.4525909206, 585.6713442755799, 606.23813656318, 613.07410218627, 633.86875565777, 658.93393359447]
