Avion: 1      Iteracion: 47

Num Ruta: 47
Ingresos: 123600.0
Costos: 410.27813308
Utilidad Ruta: 123189.721867
Costo Reducido: 10.8188555831
Nodos: [101, 9, 54, 14, 59, 18, 36, 81, 34, 63, 79, 39, 84, 32, 8, 53, 13, 77, 58, 15, 60, 29, 27, 72, 74, 911]
q: [0.0, 11.0, -11.0, 8.0, -8.0, 3.0, 12.0, -12.0, 12.0, -3.0, -12.0, 8.0, -8.0, 6.0, 8.0, -8.0, 9.0, -6.0, -9.0, 11.0, -11.0, 9.0, 6.0, -6.0, -9.0, 0.0]
Q: [0.0, 11.0, 0.0, 8.0, 0.0, 3.0, 15.0, 3.0, 15.0, 12.0, 0.0, 8.0, 0.0, 6.0, 14.0, 6.0, 15.0, 9.0, 0.0, 11.0, 0.0, 9.0, 15.0, 9.0, 0.0, 0.0]
B: [0.0, 28.0, 57.5272370025, 112.0, 124.021711775, 293.0, 306.9670306436, 313.91517471234005, 327.63492270564007, 355.86696018084007, 371.0195898206401, 388.0, 410.632187455, 436.244028857, 447.6909269958, 468.4593236118, 470.66999975271, 484.51217953051, 488.58312991095005, 511.0, 527.4211666151, 549.0, 574.6018082369, 591.6326706049999, 607.0800481818, 623.4600298972999]
