Avion: 7      Iteracion: 16

Num Ruta: 17
Ingresos: 46800.0
Costos: 183.148624086
Utilidad Ruta: 46616.8513759
Costo Reducido: 189.793077845
Nodos: [107, 30, 75, 16, 61, 19, 64, 20, 65, 917]
q: [0, 11.0, -11.0, 11.0, -11.0, 7.0, -7.0, 10.0, -10.0, 0]
Q: [0, 11.0, 0.0, 11.0, 0.0, 7.0, 0.0, 10.0, 0.0, 0]
B: [0.0, 64.0, 82.7140226568, 93.53069441849999, 103.15478585614, 402.0, 428.6271162915, 496.0, 538.1771424471, 551.05779344]
