Avion: 6      Iteracion: 67

Num Ruta: 55
Ingresos: 157200.0
Costos: 448.199594209
Utilidad Ruta: 156751.800406
Costo Reducido: 9.6425535137
Nodos: [106, 9, 54, 14, 59, 3, 48, 18, 36, 81, 34, 63, 79, 39, 28, 84, 73, 25, 70, 21, 38, 66, 83, 29, 27, 74, 72, 37, 82, 916]
q: [0.0, 11.0, -11.0, 8.0, -8.0, 15.0, -15.0, 3.0, 12.0, -12.0, 12.0, -3.0, -12.0, 8.0, 7.0, -8.0, -7.0, 10.0, -10.0, 13.0, 2.0, -13.0, -2.0, 9.0, 6.0, -9.0, -6.0, 15.0, -15.0, 0.0]
Q: [0.0, 11.0, 0.0, 8.0, 0.0, 15.0, 0.0, 3.0, 15.0, 3.0, 15.0, 12.0, 0.0, 8.0, 15.0, 7.0, 0.0, 10.0, 0.0, 13.0, 15.0, 2.0, 0.0, 9.0, 15.0, 6.0, 0.0, 15.0, 0.0, 0.0]
B: [0.0, 28.0, 57.5272370025, 112.0, 124.021711775, 256.0, 261.08428175852, 293.0, 306.9670306436, 313.91517471234005, 327.63492270564007, 355.86696018084007, 371.0195898206401, 388.0, 399.3210123222, 412.3114993416, 448.3244104708, 451.65778908716, 468.84277139726, 477.01148488226, 483.83439782323, 518.31677820803, 525.3867067791, 559.7828824386, 585.3846906755, 593.60111867068, 609.04849624748, 615.88446187057, 636.67911534207, 657.97846784397]
