Avion: 1      Iteracion: 66

Num Ruta: 61
Ingresos: 92400.0
Costos: 288.713282743
Utilidad Ruta: 92111.2867173
Costo Reducido: 24.6191946352
Nodos: [101, 16, 61, 9, 54, 18, 36, 81, 63, 39, 84, 32, 8, 53, 13, 77, 58, 29, 74, 911]
q: [0.0, 11.0, -11.0, 11.0, -11.0, 11.0, 4.0, -4.0, -11.0, 8.0, -8.0, 6.0, 8.0, -8.0, 9.0, -6.0, -9.0, 9.0, -9.0, 0.0]
Q: [0.0, 11.0, 0.0, 11.0, 0.0, 11.0, 15.0, 11.0, 0.0, 8.0, 0.0, 6.0, 14.0, 6.0, 15.0, 9.0, 0.0, 9.0, 0.0, 0.0]
B: [0.0, 36.0, 45.624091437640004, 75.68094759394, 105.20818459644, 293.0, 306.9670306436, 313.91517471234005, 328.64583746054006, 388.0, 410.632187455, 436.244028857, 447.6909269958, 468.4593236118, 470.66999975271, 484.51217953051, 488.58312991095005, 549.0, 582.7797797802, 599.1597614957]
