Avion: 4      Iteracion: 26

Num Ruta: 27
Ingresos: 78000.0
Costos: 198.020728379
Utilidad Ruta: 77801.9792716
Costo Reducido: 105.547122021
Nodos: [104, 16, 61, 14, 59, 3, 48, 18, 63, 39, 84, 5, 50, 914]
q: [0, 11.0, -11.0, 8.0, -8.0, 15.0, -15.0, 11.0, -11.0, 8.0, -8.0, 12.0, -12.0, 0]
Q: [0, 11.0, 0.0, 8.0, 0.0, 15.0, 0.0, 11.0, 0.0, 8.0, 0.0, 12.0, 0.0, 0]
B: [0.0, 36.0, 45.624091437640004, 112.0, 124.021711775, 256.0, 261.08428175852, 293.0, 316.8182362487, 388.0, 410.632187455, 469.0, 470.12168890518, 502.78884531648]
