Avion: 2      Iteracion: 0

Num Ruta: 3
Ingresos: 210000.0
Costos: 567.395900224
Utilidad Ruta: 209432.6041
Costo Reducido: -
Nodos: [102, 40, 85, 10, 55, 31, 11, 76, 56, 36, 81, 3, 48, 23, 26, 68, 71, 45, 90, 8, 53, 13, 58, 5, 50, 41, 86, 7, 4, 52, 49, 2, 33, 78, 47, 912]
q: [0.0, 15.0, -15.0, 12.0, -12.0, 6.0, 8.0, -6.0, -8.0, 15.0, -15.0, 15.0, -15.0, 2.0, 13.0, -2.0, -13.0, 11.0, -11.0, 8.0, -8.0, 15.0, -15.0, 12.0, -12.0, 13.0, -13.0, 10.0, 5.0, -10.0, -5.0, 5.0, 10.0, -10.0, -5.0, 0.0]
Q: [0.0, 15.0, 0.0, 12.0, 0.0, 6.0, 14.0, 8.0, 0.0, 15.0, 0.0, 15.0, 0.0, 2.0, 15.0, 13.0, 0.0, 11.0, 0.0, 8.0, 0.0, 15.0, 0.0, 12.0, 0.0, 13.0, 0.0, 10.0, 15.0, 5.0, 0.0, 5.0, 15.0, 5.0, 0.0, 0.0]
B: [0.0, 62.0, 94.5694417821, 111.75013586, 141.2696465944, 180.8778009316, 194.0605301255, 194.539409024597, 198.233787592097, 251.0, 257.94814406874, 294.92818141324, 300.01246317176, 303.37495049515996, 337.81629403745995, 357.50266681155995, 360.56973919413997, 384.09589162073996, 393.28751525315994, 414.0, 434.768396616, 436.97907275691, 453.86222370691, 481.12650680771003, 482.24819571289004, 491.07443352976003, 511.11555388266004, 521.52571204666, 531.88908533916, 551.1614463258601, 552.32182040347, 561.77628691407, 575.56188784407, 598.86539908167, 617.38418311307, 643.3150268324699]
