Avion: 6      Iteracion: 14

Num Ruta: 17
Ingresos: 126000.0
Costos: 455.55240532
Utilidad Ruta: 125544.447595
Costo Reducido: 119218.252113
Nodos: [106, 16, 61, 14, 59, 11, 56, 42, 23, 87, 68, 28, 73, 25, 70, 13, 58, 21, 38, 83, 66, 27, 4, 7, 72, 49, 52, 916]
q: [0.0, 11.0, -11.0, 8.0, -8.0, 8.0, -8.0, 5.0, 10.0, -5.0, -10.0, 8.0, -8.0, 10.0, -10.0, 15.0, -15.0, 7.0, 8.0, -8.0, -7.0, 6.0, 5.0, 4.0, -6.0, -5.0, -4.0, 0.0]
Q: [0.0, 11.0, 0.0, 8.0, 0.0, 8.0, 0.0, 5.0, 15.0, 10.0, 0.0, 8.0, 0.0, 10.0, 0.0, 15.0, 0.0, 7.0, 15.0, 7.0, 0.0, 6.0, 11.0, 15.0, 9.0, 4.0, 0.0, 0.0]
B: [0.0, 36.0, 45.624091437640004, 112.0, 124.021711775, 169.0, 173.05406684701, 239.0, 267.0, 304.0156388571, 330.3759948486, 378.0, 414.0266187839, 417.35999740026, 434.54497971036, 450.54604017526, 467.42919112526, 482.94058751626, 489.76350045723, 522.63238709793, 529.702315669, 542.8797638666, 560.4945384039, 570.8579116964, 595.5824265956, 600.99768513052, 602.15805920813, 627.84379013023]
