Avion: 7      Iteracion: 29

Num Ruta: 30
Ingresos: 120000.0
Costos: 361.926388926
Utilidad Ruta: 119638.073611
Costo Reducido: 39.0116278001
Nodos: [107, 9, 54, 24, 69, 1, 31, 76, 46, 3, 48, 23, 18, 63, 68, 22, 67, 8, 32, 58, 77, 13, 53, 917]
q: [0.0, 11.0, -11.0, 14.0, -14.0, 7.0, 6.0, -6.0, -7.0, 15.0, -15.0, 10.0, 5.0, -5.0, -10.0, 10.0, -10.0, 8.0, 6.0, -8.0, -6.0, 8.0, -8.0, 0.0]
Q: [0.0, 11.0, 0.0, 14.0, 0.0, 7.0, 13.0, 7.0, 0.0, 15.0, 0.0, 10.0, 15.0, 10.0, 0.0, 10.0, 0.0, 8.0, 14.0, 6.0, 0.0, 8.0, 0.0, 0.0]
B: [0.0, 28.0, 57.5272370025, 81.6674868976, 120.1804372001, 175.0, 183.89376197118, 197.19937597428, 230.76046369508, 256.0, 261.08428175852, 267.0, 293.0, 316.8182362487, 326.74376782137, 342.50019181287, 364.25487795177, 414.0, 425.4468981388, 452.826051705, 456.89700208544, 470.73918186324005, 472.94985800415003, 489.55096872005004]
