Avion: 5      Iteracion: 11

Num Ruta: 13
Ingresos: 49200.0
Costos: 322.451203627
Utilidad Ruta: 48877.5487964
Costo Reducido: 28145.0852605
Nodos: [105, 9, 12, 54, 24, 57, 69, 23, 42, 18, 87, 68, 63, 915]
q: [0.0, 11.0, 1.0, -11.0, 14.0, -1.0, -14.0, 0.0, 5.0, 10.0, -5.0, 0.0, -10.0, 0.0]
Q: [0.0, 11.0, 12.0, 1.0, 15.0, 14.0, 0.0, 0.0, 5.0, 15.0, 10.0, 10.0, 0.0, 0.0]
B: [0.0, 44.8876461401, 65.7223700644, 76.5094068215, 100.64965671659999, 142.20393795209998, 158.13617552249997, 267.0, 289.6110683074, 301.4307236746, 338.1719063039, 364.5322622954, 374.45779386807004, 391.72188382377004]
