Avion: 7      Iteracion: 58

Num Ruta: 51
Ingresos: 97200.0
Costos: 301.778759439
Utilidad Ruta: 96898.2212406
Costo Reducido: 7.18034278546
Nodos: [107, 40, 85, 10, 55, 35, 26, 80, 71, 18, 63, 28, 39, 73, 25, 70, 84, 6, 51, 917]
q: [0.0, 15.0, -15.0, 12.0, -12.0, 6.0, 9.0, -6.0, -9.0, 11.0, -11.0, 8.0, 7.0, -8.0, 8.0, -8.0, -7.0, 5.0, -5.0, 0.0]
Q: [0.0, 15.0, 0.0, 12.0, 0.0, 6.0, 15.0, 9.0, 0.0, 11.0, 0.0, 8.0, 15.0, 7.0, 15.0, 7.0, 0.0, 5.0, 0.0, 0.0]
B: [0.0, 62.0, 94.5694417821, 111.75013586, 141.2696465944, 279.0, 300.0, 309.29300538039, 319.11482114938, 342.39349190178, 366.21172815048, 378.0, 389.3210123222, 420.750419714, 424.08379833035997, 441.26878064045997, 460.17589178945997, 466.86413595365997, 470.55642535184995, 491.95059299164996]
