Avion: 3      Iteracion: 20

Num Ruta: 22
Ingresos: 42000.0
Costos: 191.916250906
Utilidad Ruta: 41808.0837491
Costo Reducido: 69.4102772313
Nodos: [103, 40, 85, 11, 56, 34, 79, 913]
q: [0, 15.0, -15.0, 8.0, -8.0, 12.0, -12.0, 0]
Q: [0, 15.0, 0.0, 8.0, 0.0, 12.0, 0.0, 0]
B: [0.0, 62.0, 94.5694417821, 169.0, 173.05406684701, 283.0, 323.947598037, 333.98216549159997]
