Avion: 5      Iteracion: 38

Num Ruta: 39
Ingresos: 127200.0
Costos: 356.642520762
Utilidad Ruta: 126843.357479
Costo Reducido: 90.2445402289
Nodos: [105, 1, 46, 23, 18, 63, 68, 26, 71, 45, 90, 19, 8, 64, 53, 13, 58, 29, 27, 74, 72, 37, 82, 915]
q: [0.0, 7.0, -7.0, 4.0, 11.0, -11.0, -4.0, 13.0, -13.0, 11.0, -11.0, 7.0, 8.0, -7.0, -8.0, 15.0, -15.0, 9.0, 6.0, -9.0, -6.0, 15.0, -15.0, 0.0]
Q: [0.0, 7.0, 0.0, 4.0, 15.0, 4.0, 0.0, 13.0, 0.0, 11.0, 0.0, 7.0, 15.0, 8.0, 0.0, 15.0, 0.0, 9.0, 15.0, 6.0, 0.0, 15.0, 0.0, 0.0]
B: [0.0, 175.0, 209.2400855285, 267.0, 293.0, 316.8182362487, 326.74376782137, 346.43014059547, 364.00936856487, 387.53552099147, 396.72714462388996, 408.56899887058995, 431.72988041688996, 449.68683984768995, 452.6149590392499, 454.8256351801599, 471.7087861301599, 549.0, 574.6018082369, 582.8182362320799, 598.26561380888, 605.10157943197, 625.89623290347, 650.9614108401701]
