Avion: 1      Iteracion: 67

Num Ruta: 62
Ingresos: 64800.0
Costos: 155.532041355
Utilidad Ruta: 64644.4679586
Costo Reducido: 18.0383589113
Nodos: [101, 16, 61, 9, 54, 11, 56, 36, 81, 29, 74, 911]
q: [0, 11.0, -11.0, 11.0, -11.0, 8.0, -8.0, 15.0, -15.0, 9.0, -9.0, 0]
Q: [0, 11.0, 0.0, 11.0, 0.0, 8.0, 0.0, 15.0, 0.0, 9.0, 0.0, 0]
B: [0.0, 36.0, 45.624091437640004, 75.68094759394, 105.20818459644, 169.0, 173.05406684701, 251.0, 257.94814406874, 549.0, 582.7797797802, 599.1597614957]
