Avion: 6      Iteracion: 36

Num Ruta: 38
Ingresos: 52800.0
Costos: 149.134254714
Utilidad Ruta: 52650.8657453
Costo Reducido: 51.5081847395
Nodos: [106, 12, 57, 10, 55, 35, 80, 5, 50, 916]
q: [0, 14.0, -14.0, 12.0, -12.0, 6.0, -6.0, 12.0, -12.0, 0]
Q: [0, 14.0, 0.0, 12.0, 0.0, 6.0, 0.0, 12.0, 0.0, 0]
B: [0.0, 54.0, 97.347924264, 106.06569462115, 135.58520535555, 279.0, 298.9128833924, 469.0, 470.12168890518, 488.83880473538]
