Avion: 7      Iteracion: 11

Num Ruta: 13
Ingresos: 91200.0
Costos: 431.046493482
Utilidad Ruta: 90768.9535065
Costo Reducido: 82625.6545594
Nodos: [107, 9, 54, 40, 24, 85, 69, 42, 87, 35, 80, 18, 63, 28, 39, 73, 25, 19, 70, 84, 64, 6, 51, 917]
q: [0.0, 11.0, -11.0, 15.0, 0.0, -15.0, 0.0, 5.0, -5.0, 6.0, -6.0, 11.0, -11.0, 8.0, 7.0, -8.0, 8.0, 0.0, -8.0, -7.0, 0.0, 5.0, -5.0, 0.0]
Q: [0.0, 11.0, 0.0, 15.0, 15.0, 0.0, 0.0, 5.0, 0.0, 6.0, 0.0, 11.0, 0.0, 8.0, 15.0, 7.0, 15.0, 15.0, 7.0, 0.0, 0.0, 5.0, 0.0, 0.0]
B: [0.0, 28.0, 57.5272370025, 86.4860319533, 93.63938361528, 119.98482773757999, 148.37463923747998, 239.0, 287.0498346511, 291.10628445358003, 311.01916784598, 333.91002123768, 357.72825748637996, 378.0, 389.3210123222, 420.750419714, 424.08379833035997, 433.47580557055994, 450.1486972513599, 469.0558084003599, 475.3710104557199, 487.1620294532199, 490.85431885140986, 512.2484864912099]
