Avion: 7      Iteracion: 12

Num Ruta: 14
Ingresos: 105600.0
Costos: 400.370209555
Utilidad Ruta: 105199.62979
Costo Reducido: 85570.120861
Nodos: [107, 9, 54, 24, 69, 14, 59, 11, 56, 1, 46, 3, 48, 22, 67, 8, 32, 19, 58, 77, 13, 53, 64, 917]
q: [0.0, 11.0, -11.0, 14.0, -14.0, 8.0, -8.0, 8.0, -8.0, 7.0, -7.0, 15.0, -15.0, 10.0, -10.0, 8.0, 6.0, 1.0, 0.0, -6.0, 0.0, -8.0, -1.0, 0.0]
Q: [0.0, 11.0, 0.0, 14.0, 0.0, 8.0, 0.0, 8.0, 0.0, 7.0, 0.0, 15.0, 0.0, 10.0, 0.0, 8.0, 14.0, 15.0, 15.0, 9.0, 9.0, 1.0, 0.0, 0.0]
B: [0.0, 28.0, 57.5272370025, 81.6674868976, 120.1804372001, 148.8268064988, 160.8485182738, 190.296947383, 194.35101423001, 217.02046576731001, 251.26055129581002, 258.35710320501, 263.44138496352997, 299.0, 320.7546861389, 414.0, 425.4468981388, 437.16181277780004, 462.68224821690006, 466.7531985973401, 480.5953783751401, 482.8060545160501, 485.73417370761007, 501.0027404052101]
