Avion: 7      Iteracion: 48

Num Ruta: 43
Ingresos: 60000.0
Costos: 172.711763551
Utilidad Ruta: 59827.2882364
Costo Reducido: 7.08466061803
Nodos: [107, 24, 69, 1, 46, 8, 45, 90, 32, 58, 77, 13, 53, 917]
q: [0.0, 14.0, -14.0, 7.0, -7.0, 8.0, 7.0, -7.0, 6.0, -8.0, -6.0, 8.0, -8.0, 0.0]
Q: [0.0, 14.0, 0.0, 7.0, 0.0, 8.0, 15.0, 8.0, 14.0, 6.0, 0.0, 8.0, 0.0, 0.0]
B: [0.0, 61.0, 99.5129503025, 175.0, 209.2400855285, 414.0, 417.40515271317, 426.59677634559, 428.13238729892, 455.51154086511997, 459.58249124556, 473.42467102336, 475.63534716427, 492.23645788017]
