Avion: 3      Iteracion: 40

Num Ruta: 40
Ingresos: 22800.0
Costos: 113.896084389
Utilidad Ruta: 22686.1039156
Costo Reducido: 12.9027861349
Nodos: [103, 17, 62, 12, 57, 913]
q: [0, 5.0, -5.0, 14.0, -14.0, 0]
Q: [0, 5.0, 0.0, 14.0, 0.0, 0]
B: [0.0, 24.0, 58.8425537813, 78.5512475229, 121.8991717869, 137.5069057672]
