Avion: 6      Iteracion: 28

Num Ruta: 30
Ingresos: 76800.0
Costos: 212.209763871
Utilidad Ruta: 76587.7902361
Costo Reducido: 83.5846027857
Nodos: [106, 24, 69, 36, 81, 34, 79, 39, 84, 37, 82, 916]
q: [0, 14.0, -14.0, 15.0, -15.0, 12.0, -12.0, 8.0, -8.0, 15.0, -15.0, 0]
Q: [0, 14.0, 0.0, 15.0, 0.0, 12.0, 0.0, 8.0, 0.0, 15.0, 0.0, 0]
B: [0.0, 61.0, 99.5129503025, 251.0, 257.94814406874, 283.0, 323.947598037, 388.0, 410.632187455, 562.0, 582.7946534714999, 604.0940059733999]
