Avion: 4      Iteracion: 6

Num Ruta: 8
Ingresos: 116400.0
Costos: 468.664084341
Utilidad Ruta: 115931.335916
Costo Reducido: 195987.906928
Nodos: [104, 16, 61, 9, 54, 30, 75, 44, 89, 3, 48, 35, 80, 45, 90, 13, 41, 86, 43, 58, 88, 914]
q: [0.0, 11.0, -11.0, 11.0, -11.0, 11.0, -11.0, 14.0, -14.0, 15.0, -15.0, 6.0, -6.0, 11.0, -11.0, 0.0, 13.0, -13.0, 5.0, 0.0, -5.0, 0.0]
Q: [0.0, 11.0, 0.0, 11.0, 0.0, 11.0, 0.0, 14.0, 0.0, 15.0, 0.0, 6.0, 0.0, 11.0, 0.0, 0.0, 13.0, 0.0, 5.0, 5.0, 0.0, 0.0]
B: [0.0, 36.0, 45.624091437640004, 75.68094759394, 105.20818459644, 120.99608493184, 139.71010758864, 211.0, 265.00737440390003, 287.39410424550005, 292.47838600402, 336.27670925962, 356.18959265202, 374.98080945672, 384.17243308914, 423.0, 446.0, 466.0411203529, 476.4072656828, 498.61958526, 508.6751726123, 528.9396519296]
