Avion: 4      Iteracion: 50

Num Ruta: 48
Ingresos: 76800.0
Costos: 253.953171281
Utilidad Ruta: 76546.0468287
Costo Reducido: 11.3949708366
Nodos: [104, 31, 76, 36, 81, 34, 79, 39, 84, 6, 51, 2, 47, 29, 74, 914]
q: [0, 6.0, -6.0, 15.0, -15.0, 12.0, -12.0, 8.0, -8.0, 5.0, -5.0, 9.0, -9.0, 9.0, -9.0, 0]
Q: [0, 6.0, 0.0, 15.0, 0.0, 12.0, 0.0, 8.0, 0.0, 5.0, 0.0, 9.0, 0.0, 9.0, 0.0, 0]
B: [0.0, 130.0, 143.3056140031, 251.0, 257.94814406874, 283.0, 323.947598037, 388.0, 410.632187455, 436.0, 439.69228939819, 522.0, 562.7349620474, 572.53970258451, 606.31948236471, 631.1279103883099]
