Avion: 4      Iteracion: 13

Num Ruta: 14
Ingresos: 144000.0
Costos: 595.268840374
Utilidad Ruta: 143404.73116
Costo Reducido: 97782.2696177
Nodos: [104, 24, 69, 10, 55, 31, 76, 44, 89, 18, 36, 81, 34, 63, 79, 45, 90, 19, 43, 64, 88, 20, 7, 27, 52, 65, 2, 72, 47, 914]
q: [0.0, 14.0, -14.0, 12.0, -12.0, 6.0, -6.0, 14.0, -14.0, 3.0, 12.0, -12.0, 12.0, -3.0, -12.0, 11.0, -11.0, 7.0, 5.0, -7.0, -5.0, 0.0, 9.0, 6.0, -9.0, 0.0, 9.0, -6.0, -9.0, 0.0]
Q: [0.0, 14.0, 0.0, 12.0, 0.0, 6.0, 0.0, 14.0, 0.0, 3.0, 15.0, 3.0, 15.0, 12.0, 0.0, 11.0, 0.0, 7.0, 12.0, 5.0, 0.0, 0.0, 9.0, 15.0, 6.0, 6.0, 15.0, 9.0, 0.0, 0.0]
B: [0.0, 61.0, 99.5129503025, 111.2988809828, 140.8183917172, 180.4265460544, 193.7321600575, 211.0, 265.00737440390003, 293.45392730580005, 307.4209579494001, 314.3691020181401, 328.0888500114401, 356.3208874866401, 371.47351712644013, 413.53642488374015, 422.72804851616013, 434.5699027628601, 451.0, 471.20454651800003, 495.58376410180006, 504.52399318164004, 517.0, 544.6633233723, 560.5030982444, 573.4667827901, 580.79708005556, 592.2491531429599, 621.5896834892599, 645.1967104092598]
