Avion: 1      Iteracion: 8

Num Ruta: 12
Ingresos: 33600.0
Costos: 215.577172909
Utilidad Ruta: 33384.4228271
Costo Reducido: 302710.298932
Nodos: [101, 17, 62, 31, 76, 38, 83, 29, 74, 911]
q: [0, 5.0, -5.0, 6.0, -6.0, 8.0, -8.0, 9.0, -9.0, 0]
Q: [0, 5.0, 0.0, 6.0, 0.0, 8.0, 0.0, 9.0, 0.0, 0]
B: [0.0, 32.1256095351, 66.9681633164, 130.0, 143.3056140031, 480.0, 512.8688866407, 549.0, 582.7797797802, 599.1597614957]
