Avion: 4      Iteracion: 52

Num Ruta: 49
Ingresos: 25200.0
Costos: 71.8360058131
Utilidad Ruta: 25128.1639942
Costo Reducido: 0.562725796161
Nodos: [104, 22, 67, 18, 63, 914]
q: [0, 10.0, -10.0, 11.0, -11.0, 0]
Q: [0, 10.0, 0.0, 11.0, 0.0, 0]
B: [0.0, 299.0, 320.7546861389, 334.15512273630003, 357.973358985, 367.55707793956003]
