Avion: 6      Iteracion: 81

Num Ruta: 64
Ingresos: 100800.0
Costos: 303.686457143
Utilidad Ruta: 100496.313543
Costo Reducido: 22.4059625621
Nodos: [106, 24, 69, 1, 46, 8, 45, 90, 19, 64, 53, 5, 50, 43, 20, 88, 4, 49, 65, 2, 47, 916]
q: [0.0, 14.0, -14.0, 7.0, -7.0, 8.0, 7.0, -7.0, 7.0, -7.0, -8.0, 12.0, -12.0, 5.0, 10.0, -5.0, 5.0, -5.0, -10.0, 9.0, -9.0, 0.0]
Q: [0.0, 14.0, 0.0, 7.0, 0.0, 8.0, 15.0, 8.0, 15.0, 8.0, 0.0, 12.0, 0.0, 5.0, 15.0, 10.0, 15.0, 10.0, 0.0, 9.0, 0.0, 0.0]
B: [0.0, 61.0, 99.5129503025, 175.0, 209.2400855285, 414.0, 417.40515271317, 426.59677634559, 438.43863059229, 465.06574688379, 467.99386607534996, 477.74667695221996, 478.86836585739997, 500.5441464431, 509.23714926146, 518.1773783413, 536.1499862211, 556.5757359013, 568.4369591519, 575.76725641736, 616.5022184647601, 630.3509088360601]
