Avion: 1      Iteracion: 68

Num Ruta: 63
Ingresos: 62400.0
Costos: 192.034704234
Utilidad Ruta: 62207.9652958
Costo Reducido: 24.7125596269
Nodos: [101, 9, 54, 12, 57, 10, 55, 35, 26, 80, 71, 911]
q: [0.0, 11.0, -11.0, 14.0, -14.0, 12.0, -12.0, 6.0, 9.0, -6.0, -9.0, 0.0]
Q: [0.0, 11.0, 0.0, 14.0, 0.0, 12.0, 0.0, 6.0, 15.0, 9.0, 0.0, 0.0]
B: [0.0, 28.0, 57.5272370025, 68.3142737596, 111.6621980236, 120.37996838075, 149.89947911515, 279.0, 300.0, 309.29300538039, 319.11482114938, 325.82049613405]
