Avion: 3      Iteracion: 56

Num Ruta: 48
Ingresos: 61200.0
Costos: 175.205627929
Utilidad Ruta: 61024.7943721
Costo Reducido: 10.6905573801
Nodos: [103, 17, 62, 14, 59, 3, 48, 32, 25, 70, 38, 77, 83, 913]
q: [0.0, 5.0, -5.0, 8.0, -8.0, 15.0, -15.0, 6.0, 9.0, -9.0, 8.0, -6.0, -8.0, 0.0]
Q: [0.0, 5.0, 0.0, 8.0, 0.0, 15.0, 0.0, 6.0, 15.0, 6.0, 14.0, 8.0, 0.0, 0.0]
B: [0.0, 24.0, 58.8425537813, 112.0, 124.021711775, 256.0, 261.08428175852, 422.0, 442.6664482919, 459.851430602, 480.0, 495.0304472322, 517.0265259964, 526.9905013576699]
