Avion: 4      Iteracion: 29

Num Ruta: 30
Ingresos: 130800.0
Costos: 413.92512458
Utilidad Ruta: 130386.074875
Costo Reducido: 155.448833771
Nodos: [104, 30, 16, 61, 75, 24, 69, 1, 31, 76, 46, 3, 48, 23, 18, 63, 68, 28, 43, 73, 88, 20, 4, 49, 65, 2, 47, 914]
q: [0.0, 11.0, 4.0, -4.0, -11.0, 14.0, -14.0, 7.0, 6.0, -6.0, -7.0, 15.0, -15.0, 10.0, 5.0, -5.0, -10.0, 8.0, 5.0, -8.0, -5.0, 10.0, 5.0, -5.0, -10.0, 9.0, -9.0, 0.0]
Q: [0.0, 11.0, 15.0, 11.0, 0.0, 14.0, 0.0, 7.0, 13.0, 7.0, 0.0, 15.0, 0.0, 10.0, 15.0, 10.0, 0.0, 8.0, 13.0, 5.0, 0.0, 10.0, 15.0, 10.0, 0.0, 9.0, 0.0, 0.0]
B: [0.0, 64.0, 72.20259129788, 81.82668273552001, 84.69783929691, 109.43181018721, 147.94476048971, 175.0, 183.89376197118, 197.19937597428, 230.76046369508, 256.0, 261.08428175852, 267.0, 293.0, 316.8182362487, 326.74376782137, 378.0, 451.0, 467.5718045185, 480.63640114450004, 496.0, 529.0, 549.4257496801999, 561.2869729308, 568.6172701962599, 609.35223224366, 632.9592591636599]
