Avion: 6      Iteracion: 31

Num Ruta: 33
Ingresos: 55200.0
Costos: 199.691497395
Utilidad Ruta: 55000.3085026
Costo Reducido: 41.8979861831
Nodos: [106, 40, 85, 31, 76, 25, 70, 38, 21, 83, 66, 916]
q: [0.0, 15.0, -15.0, 6.0, -6.0, 10.0, -10.0, 8.0, 7.0, -8.0, -7.0, 0.0]
Q: [0.0, 15.0, 0.0, 6.0, 0.0, 10.0, 0.0, 8.0, 15.0, 7.0, 0.0, 0.0]
B: [0.0, 62.0, 94.5694417821, 130.0, 143.3056140031, 410.0, 427.1849823101, 480.0, 486.82291294097, 525.3346514111701, 532.4045799822401, 570.0151077902401]
