Avion: 6      Iteracion: 18

Num Ruta: 21
Ingresos: 154800.0
Costos: 433.117721795
Utilidad Ruta: 154366.882278
Costo Reducido: 272.449421942
Nodos: [106, 9, 54, 12, 16, 61, 57, 10, 55, 35, 26, 80, 71, 22, 67, 45, 90, 32, 19, 43, 64, 13, 77, 58, 88, 15, 21, 60, 38, 83, 66, 33, 78, 916]
q: [0.0, 11.0, -11.0, 14.0, 1.0, -1.0, -14.0, 12.0, -12.0, 6.0, 9.0, -6.0, -9.0, 10.0, -10.0, 11.0, -11.0, 6.0, 7.0, 2.0, -7.0, 7.0, -6.0, -7.0, -2.0, 8.0, 7.0, -8.0, 8.0, -8.0, -7.0, 10.0, -10.0, 0.0]
Q: [0.0, 11.0, 0.0, 14.0, 15.0, 14.0, 0.0, 12.0, 0.0, 6.0, 15.0, 9.0, 0.0, 10.0, 0.0, 11.0, 0.0, 6.0, 13.0, 15.0, 8.0, 15.0, 9.0, 2.0, 0.0, 8.0, 15.0, 7.0, 15.0, 7.0, 0.0, 10.0, 0.0, 0.0]
B: [0.0, 28.0, 57.5272370025, 68.3142737596, 92.64912302970001, 102.27321446734001, 122.50949735234002, 131.22726770949, 160.74677844389, 279.0, 300.0, 309.29300538039, 319.11482114938, 332.74900179948, 354.50368793838004, 371.0, 380.19162363242, 422.0, 433.71491463899997, 451.0, 471.20454651800003, 475.43216582442005, 489.2743456022201, 493.3452959826601, 503.4008833349601, 513.6538915764601, 519.3261250871701, 530.1253932104701, 534.21265892241, 567.08154556311, 574.15147413418, 584.30701907278, 607.61053031038, 630.43830394248]
