Avion: 2      Iteracion: 45

Num Ruta: 46
Ingresos: 85200.0
Costos: 277.293574419
Utilidad Ruta: 84922.7064256
Costo Reducido: 35.1408082853
Nodos: [102, 44, 42, 87, 89, 8, 45, 90, 32, 53, 13, 77, 58, 15, 60, 20, 4, 49, 65, 912]
q: [0.0, 10.0, 5.0, -5.0, -10.0, 8.0, 7.0, -7.0, 6.0, -8.0, 9.0, -6.0, -9.0, 11.0, -11.0, 10.0, 5.0, -5.0, -10.0, 0.0]
Q: [0.0, 10.0, 15.0, 10.0, 0.0, 8.0, 15.0, 8.0, 14.0, 6.0, 15.0, 9.0, 0.0, 11.0, 0.0, 10.0, 15.0, 10.0, 0.0, 0.0]
B: [0.0, 211.0, 239.0, 287.0498346511, 304.6779412142, 414.0, 417.40515271317, 426.59677634559, 428.13238729892, 450.51212199352, 452.72279813443, 466.56497791223, 470.63592829267003, 511.0, 527.4211666151, 533.55501866744, 543.83416970244, 564.25991938264, 576.12114263324, 597.71336301464]
