Avion: 3      Iteracion: 0

Num Ruta: 2
Ingresos: 208800.0
Costos: 631.444139818
Utilidad Ruta: 208168.55586
Costo Reducido: -
Nodos: [103, 40, 85, 10, 55, 31, 11, 76, 56, 1, 46, 3, 48, 36, 81, 34, 79, 39, 84, 13, 58, 6, 51, 41, 86, 5, 50, 27, 72, 37, 82, 33, 78, 913]
q: [0, 15.0, -15.0, 12.0, -12.0, 6.0, 8.0, -6.0, -8.0, 7.0, -7.0, 15.0, -15.0, 15.0, -15.0, 12.0, -12.0, 8.0, -8.0, 15.0, -15.0, 5.0, -5.0, 13.0, -13.0, 12.0, -12.0, 6.0, -6.0, 15.0, -15.0, 10.0, -10.0, 0]
Q: [0, 15.0, 0.0, 12.0, 0.0, 6.0, 14.0, 8.0, 0.0, 7.0, 0.0, 15.0, 0.0, 15.0, 0.0, 12.0, 0.0, 8.0, 0.0, 15.0, 0.0, 5.0, 0.0, 13.0, 0.0, 12.0, 0.0, 6.0, 0.0, 15.0, 0.0, 10.0, 0.0, 0]
B: [0.0, 62.0, 94.5694417821, 111.75013586, 141.2696465944, 180.8778009316, 194.0605301255, 194.539409024597, 198.233787592097, 220.903239129397, 255.143324657897, 262.239876567097, 267.32415832561696, 302.243623627917, 309.191767696657, 322.911515689957, 363.859113726957, 388.0, 410.632187455, 423.0, 439.88315095, 464.1060995732, 467.79838897139, 486.91510887829, 506.95622923119004, 518.98211734809, 520.10380625327, 538.0, 555.0308623681, 562.0, 582.7946534714999, 617.3784082994999, 640.6819195370999, 659.5206583483999]
