Avion: 3      Iteracion: 45

Num Ruta: 43
Ingresos: 57600.0
Costos: 181.949213651
Utilidad Ruta: 57418.0507863
Costo Reducido: 20.2248508502
Nodos: [103, 17, 62, 18, 63, 39, 84, 13, 58, 29, 74, 913]
q: [0, 5.0, -5.0, 11.0, -11.0, 8.0, -8.0, 15.0, -15.0, 9.0, -9.0, 0]
Q: [0, 5.0, 0.0, 11.0, 0.0, 8.0, 0.0, 15.0, 0.0, 9.0, 0.0, 0]
B: [0.0, 24.0, 58.8425537813, 293.0, 316.8182362487, 388.0, 410.632187455, 423.0, 439.88315095, 549.0, 582.7797797802, 601.4169443982]
