Avion: 7      Iteracion: 32

Num Ruta: 33
Ingresos: 102000.0
Costos: 404.44051148
Utilidad Ruta: 101595.559489
Costo Reducido: 76.9992344098
Nodos: [107, 12, 57, 14, 59, 11, 56, 44, 42, 89, 87, 35, 80, 18, 63, 28, 73, 25, 19, 70, 64, 917]
q: [0.0, 14.0, -14.0, 8.0, -8.0, 8.0, -8.0, 10.0, 5.0, -10.0, -5.0, 6.0, -6.0, 11.0, -11.0, 8.0, -8.0, 8.0, 7.0, -8.0, -7.0, 0.0]
Q: [0.0, 14.0, 0.0, 8.0, 0.0, 8.0, 0.0, 10.0, 15.0, 5.0, 0.0, 6.0, 0.0, 11.0, 0.0, 8.0, 0.0, 8.0, 15.0, 7.0, 0.0, 0.0]
B: [0.0, 54.0, 97.347924264, 133.8671580457, 145.8888698207, 175.3372989299, 179.39136577691, 211.0, 239.0, 276.4881823646, 294.1162889277, 298.17273873018, 318.08562212258, 340.97647551427997, 364.79471176297994, 378.0, 414.0266187839, 417.35999740026, 426.75200464046, 443.42489632125995, 460.21175275715996, 475.48031945476]
