Avion: 3      Iteracion: 0

Num Ruta: 4
Ingresos: 0
Costos: 3.52006605052
Utilidad Ruta: -3.52006605052
Costo Reducido: -
Nodos: [103, 913]
q: [0, 0]
Q: [0, 0]
B: [0, 0]
