Avion: 5      Iteracion: 52

Num Ruta: 47
Ingresos: 84000.0
Costos: 282.997833078
Utilidad Ruta: 83717.0021669
Costo Reducido: 16.4814261429
Nodos: [105, 24, 75, 30, 69, 1, 31, 76, 42, 46, 23, 87, 35, 80, 68, 5, 50, 915]
q: [0.0, 14.0, -11.0, 11.0, -14.0, 7.0, 6.0, -6.0, 5.0, -7.0, 10.0, -5.0, 5.0, -5.0, -10.0, 12.0, -12.0, 0.0]
Q: [0.0, 14.0, 3.0, 14.0, 0.0, 7.0, 13.0, 7.0, 12.0, 5.0, 15.0, 10.0, 15.0, 10.0, 0.0, 12.0, 0.0, 0.0]
B: [0.0, 61.0, 85.7339708903, 104.4479935471, 124.716114945, 175.0, 183.89376197118, 197.19937597428, 239.0, 264.0626014013, 268.8931248719, 305.908763729, 309.96521353148, 329.87809692388, 342.49664240268, 469.0, 470.12168890518, 486.24950503138]
