Avion: 6      Iteracion: 7

Num Ruta: 10
Ingresos: 153600.0
Costos: 583.177126266
Utilidad Ruta: 153016.822874
Costo Reducido: 194611.945343
Nodos: [106, 9, 54, 12, 30, 57, 75, 14, 59, 11, 56, 36, 81, 34, 79, 26, 71, 28, 32, 43, 73, 88, 77, 5, 50, 7, 52, 29, 74, 916]
q: [0.0, 11.0, -11.0, 14.0, 1.0, -14.0, -1.0, 8.0, -8.0, 8.0, -8.0, 15.0, -15.0, 12.0, -12.0, 13.0, -13.0, 8.0, 6.0, 1.0, -8.0, -1.0, -6.0, 12.0, -12.0, 10.0, -10.0, 9.0, -9.0, 0.0]
Q: [0.0, 11.0, 0.0, 14.0, 15.0, 1.0, 0.0, 8.0, 0.0, 8.0, 0.0, 15.0, 0.0, 12.0, 0.0, 13.0, 0.0, 8.0, 14.0, 15.0, 7.0, 6.0, 0.0, 12.0, 0.0, 10.0, 0.0, 9.0, 0.0, 0.0]
B: [0.0, 28.0, 57.5272370025, 68.3142737596, 86.8453366811, 112.2196831949, 135.0155412617, 162.8114819186, 174.8331936936, 204.2816228028, 208.33568964981, 251.0, 257.94814406874, 283.0, 323.947598037, 358.0226741044, 375.6019020738, 386.0098191084, 422.0, 451.0, 467.5718045185, 480.63640114450004, 494.43535596000004, 519.3775910242, 520.49927992938, 542.21768654678, 570.7589983596799, 607.57081859448, 641.35059837468, 672.61383253238]
