Avion: 7      Iteracion: 21

Num Ruta: 22
Ingresos: 121200.0
Costos: 360.926111577
Utilidad Ruta: 120839.073888
Costo Reducido: 216.441197764
Nodos: [107, 40, 85, 10, 55, 31, 11, 56, 76, 36, 81, 25, 43, 70, 88, 21, 38, 66, 83, 29, 27, 74, 72, 917]
q: [0.0, 15.0, -15.0, 12.0, -12.0, 6.0, 8.0, -8.0, -6.0, 15.0, -15.0, 10.0, 5.0, -10.0, -5.0, 13.0, 2.0, -13.0, -2.0, 9.0, 6.0, -9.0, -6.0, 0.0]
Q: [0.0, 15.0, 0.0, 12.0, 0.0, 6.0, 14.0, 6.0, 0.0, 15.0, 0.0, 10.0, 15.0, 5.0, 0.0, 13.0, 15.0, 2.0, 0.0, 9.0, 15.0, 6.0, 0.0, 0.0]
B: [0.0, 62.0, 94.5694417821, 111.75013586, 141.2696465944, 180.8778009316, 194.0605301255, 198.11459697251001, 201.80897554001, 251.0, 257.94814406874, 410.0, 451.0, 464.0372215215, 471.78639754221, 479.06940495673, 485.8923178977, 520.3746982825, 527.4446268535701, 561.8408025130701, 587.4426107499701, 595.65903874515, 611.1064163219501, 616.68385247129]
