Avion: 5      Iteracion: 10

Num Ruta: 12
Ingresos: 39600.0
Costos: 285.59418954
Utilidad Ruta: 39314.4058105
Costo Reducido: 38339.1223497
Nodos: [105, 9, 54, 1, 46, 36, 81, 18, 23, 63, 68, 915]
q: [0.0, 11.0, -11.0, 7.0, -7.0, 15.0, -15.0, 0.0, 0.0, 0.0, 0.0, 0.0]
Q: [0.0, 11.0, 0.0, 7.0, 0.0, 15.0, 0.0, 0.0, 0.0, 0.0, 0.0, 0.0]
B: [0.0, 44.8876461401, 74.4148831426, 175.0, 209.2400855285, 251.0, 257.94814406874, 293.0, 313.1789501461, 354.9980157622, 364.92354733487, 384.22464390997004]
