Avion: 3      Iteracion: 22

Num Ruta: 24
Ingresos: 104400.0
Costos: 416.825592796
Utilidad Ruta: 103983.174407
Costo Reducido: 157.001865904
Nodos: [103, 17, 62, 9, 54, 44, 89, 45, 90, 32, 25, 70, 77, 41, 86, 2, 47, 29, 74, 913]
q: [0.0, 5.0, -5.0, 11.0, -11.0, 14.0, -14.0, 11.0, -11.0, 6.0, 9.0, -9.0, -6.0, 13.0, -13.0, 9.0, -9.0, 9.0, -9.0, 0.0]
Q: [0.0, 5.0, 0.0, 11.0, 0.0, 14.0, 0.0, 11.0, 0.0, 6.0, 15.0, 6.0, 0.0, 13.0, 0.0, 9.0, 0.0, 9.0, 0.0, 0.0]
B: [0.0, 24.0, 58.8425537813, 81.72911018459999, 111.25634718709999, 211.0, 265.00737440390003, 371.0, 380.19162363242, 422.0, 442.6664482919, 459.851430602, 470.8364988767, 502.878190249, 522.9193106019, 547.9076653697, 588.6426274171, 598.44736795421, 632.22714773441, 650.86431235241]
