Avion: 5      Iteracion: 0

Num Ruta: 1
Ingresos: 62400.0
Costos: 248.013122853
Utilidad Ruta: 62151.9868771
Costo Reducido: -
Nodos: [105, 12, 57, 1, 46, 23, 68, 27, 72, 37, 82, 915]
q: [0, 14.0, -14.0, 7.0, -7.0, 10.0, -10.0, 6.0, -6.0, 15.0, -15.0, 0]
Q: [0, 14.0, 0.0, 7.0, 0.0, 10.0, 0.0, 6.0, 0.0, 15.0, 0.0, 0]
B: [0.0, 54.0, 97.347924264, 175.0, 209.2400855285, 267.0, 306.733842905, 538.0, 555.0308623681, 562.0, 582.7946534714999, 607.8598314082]
