Avion: 7      Iteracion: 39

Num Ruta: 37
Ingresos: 18000.0
Costos: 31.2720525099
Utilidad Ruta: 17968.7279475
Costo Reducido: 12.035087955
Nodos: [107, 30, 16, 61, 75, 917]
q: [0.0, 11.0, 4.0, -4.0, -11.0, 0.0]
Q: [0.0, 11.0, 15.0, 11.0, 0.0, 0.0]
B: [0.0, 64.0, 72.20259129788, 81.82668273552001, 84.69783929691, 86.12794418817]
