Avion: 1      Iteracion: 36

Num Ruta: 37
Ingresos: 91200.0
Costos: 302.500441699
Utilidad Ruta: 90897.4995583
Costo Reducido: 84.978476251
Nodos: [101, 30, 75, 23, 18, 63, 68, 6, 51, 13, 58, 20, 38, 83, 27, 65, 2, 72, 47, 911]
q: [0.0, 11.0, -11.0, 4.0, 11.0, -11.0, -4.0, 5.0, -5.0, 15.0, -15.0, 7.0, 8.0, -8.0, 6.0, -7.0, 9.0, -6.0, -9.0, 0.0]
Q: [0.0, 11.0, 0.0, 4.0, 15.0, 4.0, 0.0, 5.0, 0.0, 15.0, 0.0, 7.0, 15.0, 7.0, 13.0, 6.0, 15.0, 9.0, 0.0, 0.0]
B: [0.0, 64.0, 82.7140226568, 267.0, 293.0, 316.8182362487, 326.74376782137, 436.0, 439.69228939819, 453.10235550539, 469.98550645539, 496.0, 498.08106943661, 530.9499560773099, 542.48568340591, 568.78644675981, 576.11674402527, 587.56881711267, 616.9093474589699, 632.9531540521699]
