Avion: 1      Iteracion: 61

Num Ruta: 58
Ingresos: 54000.0
Costos: 174.046316216
Utilidad Ruta: 53825.9536838
Costo Reducido: 10.8471337154
Nodos: [101, 14, 59, 18, 63, 39, 28, 84, 73, 15, 60, 911]
q: [0.0, 8.0, -8.0, 11.0, -11.0, 8.0, 7.0, -8.0, -7.0, 11.0, -11.0, 0.0]
Q: [0.0, 8.0, 0.0, 11.0, 0.0, 8.0, 15.0, 7.0, 0.0, 11.0, 0.0, 0.0]
B: [0.0, 112.0, 124.021711775, 293.0, 316.8182362487, 388.0, 399.3210123222, 412.3114993416, 448.3244104708, 511.0, 527.4211666151, 535.75192030249]
