Avion: 3      Iteracion: 59

Num Ruta: 51
Ingresos: 58800.0
Costos: 150.124718513
Utilidad Ruta: 58649.8752815
Costo Reducido: 9.56271705904
Nodos: [103, 17, 62, 31, 11, 76, 56, 36, 81, 21, 38, 83, 66, 913]
q: [0.0, 5.0, -5.0, 6.0, 8.0, -6.0, -8.0, 15.0, -15.0, 13.0, 2.0, -2.0, -13.0, 0.0]
Q: [0.0, 5.0, 0.0, 6.0, 14.0, 8.0, 0.0, 15.0, 0.0, 13.0, 15.0, 13.0, 0.0, 0.0]
B: [0.0, 24.0, 58.8425537813, 130.0, 169.0, 169.478878899097, 173.173257466597, 251.0, 257.94814406874, 477.0, 483.82291294097, 516.69179958167, 523.76172815274, 540.75192900504]
