Avion: 4      Iteracion: 34

Num Ruta: 35
Ingresos: 54000.0
Costos: 157.142866679
Utilidad Ruta: 53842.8571333
Costo Reducido: 29.0218630901
Nodos: [104, 31, 76, 11, 56, 34, 79, 28, 73, 15, 60, 914]
q: [0, 6.0, -6.0, 8.0, -8.0, 12.0, -12.0, 8.0, -8.0, 11.0, -11.0, 0]
Q: [0, 6.0, 0.0, 8.0, 0.0, 12.0, 0.0, 8.0, 0.0, 11.0, 0.0, 0]
B: [0.0, 130.0, 143.3056140031, 169.0, 173.05406684701, 283.0, 323.947598037, 378.0, 414.0266187839, 511.0, 527.4211666151, 549.6020925877]
