Avion: 7      Iteracion: 65

Num Ruta: 54
Ingresos: 54000.0
Costos: 119.28178269
Utilidad Ruta: 53880.7182173
Costo Reducido: 8.0366346982
Nodos: [107, 40, 85, 41, 5, 50, 86, 7, 4, 52, 49, 917]
q: [0.0, 15.0, -15.0, 13.0, 2.0, -2.0, -13.0, 10.0, 5.0, -10.0, -5.0, 0.0]
Q: [0.0, 15.0, 0.0, 13.0, 15.0, 13.0, 0.0, 10.0, 15.0, 5.0, 0.0, 0.0]
B: [0.0, 62.0, 94.5694417821, 446.0, 469.0, 470.12168890518, 481.43821014628, 517.0, 529.0, 548.2723609867, 549.43273506431, 556.25538506266]
