Avion: 7      Iteracion: 51

Num Ruta: 46
Ingresos: 99600.0
Costos: 267.592261048
Utilidad Ruta: 99332.407739
Costo Reducido: 19.4132890158
Nodos: [107, 24, 69, 31, 11, 76, 56, 34, 79, 28, 73, 25, 19, 70, 8, 64, 53, 5, 50, 917]
q: [0.0, 14.0, -14.0, 6.0, 8.0, -6.0, -8.0, 12.0, -12.0, 8.0, -8.0, 8.0, 7.0, -8.0, 8.0, -7.0, -8.0, 12.0, -12.0, 0.0]
Q: [0.0, 14.0, 0.0, 6.0, 14.0, 8.0, 0.0, 12.0, 0.0, 8.0, 0.0, 8.0, 15.0, 7.0, 15.0, 8.0, 0.0, 12.0, 0.0, 0.0]
B: [0.0, 61.0, 99.5129503025, 130.0, 169.0, 169.478878899097, 173.173257466597, 283.0, 323.947598037, 378.0, 414.0266187839, 417.35999740026, 426.75200464046, 443.42489632125995, 469.24549617875994, 487.20245560955993, 490.1305748011199, 499.8833856779899, 501.0050745831699, 508.7361307205899]
