Avion: 6      Iteracion: 10

Num Ruta: 13
Ingresos: 121200.0
Costos: 452.478195516
Utilidad Ruta: 120747.521804
Costo Reducido: 199812.144109
Nodos: [106, 9, 54, 44, 42, 89, 35, 87, 80, 26, 71, 22, 67, 25, 70, 41, 5, 50, 86, 21, 20, 65, 66, 27, 72, 916]
q: [0.0, 11.0, -11.0, 10.0, 5.0, -10.0, 6.0, -5.0, -6.0, 13.0, -13.0, 10.0, -10.0, 10.0, -10.0, 13.0, 2.0, -2.0, -13.0, 13.0, 2.0, -2.0, -13.0, 6.0, -6.0, 0.0]
Q: [0.0, 11.0, 0.0, 10.0, 15.0, 5.0, 11.0, 6.0, 0.0, 13.0, 0.0, 10.0, 0.0, 10.0, 0.0, 13.0, 15.0, 13.0, 0.0, 13.0, 15.0, 13.0, 0.0, 6.0, 0.0, 0.0]
B: [0.0, 28.0, 57.5272370025, 211.0, 239.0, 276.4881823646, 296.9043957745, 300.96084557698003, 317.03505454668004, 326.32805992707006, 343.90728789647005, 357.54146854657006, 379.29615468547007, 410.0, 427.1849823101, 458.5363468897, 469.0, 470.12168890518, 481.43821014628, 499.30126710748004, 504.05067349144, 546.2278159385401, 566.82723656144, 580.0046847590401, 597.03554712714, 618.76425551034]
