Avion: 3      Iteracion: 16

Num Ruta: 18
Ingresos: 129600.0
Costos: 458.130661641
Utilidad Ruta: 129141.869338
Costo Reducido: 1382.97537227
Nodos: [103, 17, 62, 30, 75, 16, 61, 34, 79, 26, 71, 28, 73, 25, 19, 70, 64, 6, 51, 41, 86, 15, 29, 60, 74, 913]
q: [0.0, 5.0, -5.0, 11.0, -11.0, 11.0, -11.0, 12.0, -12.0, 13.0, -13.0, 8.0, -8.0, 10.0, 5.0, -10.0, -5.0, 5.0, -5.0, 13.0, -13.0, 6.0, 9.0, -6.0, -9.0, 0.0]
Q: [0.0, 5.0, 0.0, 11.0, 0.0, 11.0, 0.0, 12.0, 0.0, 13.0, 0.0, 8.0, 0.0, 10.0, 15.0, 5.0, 0.0, 5.0, 0.0, 13.0, 0.0, 6.0, 15.0, 9.0, 0.0, 0.0]
B: [0.0, 24.0, 58.8425537813, 64.0, 82.7140226568, 93.53069441849999, 103.15478585614, 283.0, 323.947598037, 358.0226741044, 375.6019020738, 386.0098191084, 422.0364378923, 425.36981650866, 434.76182374885997, 451.43471542965995, 468.22157186555995, 480.0125908630599, 483.7048802612499, 502.8216001681499, 522.8627205210499, 545.4525935839499, 559.39405351465, 574.53193038035, 598.99936118135, 617.63652579935]
