Avion: 3      Iteracion: 35

Num Ruta: 37
Ingresos: 21600.0
Costos: 115.169637461
Utilidad Ruta: 21484.8303625
Costo Reducido: 0.258367964245
Nodos: [103, 17, 62, 21, 66, 913]
q: [0, 5.0, -5.0, 13.0, -13.0, 0]
Q: [0, 5.0, 0.0, 13.0, 0.0, 0]
B: [0.0, 24.0, 58.8425537813, 477.0, 517.7387906792, 534.7289915314999]
