Avion: 1      Iteracion: 28

Num Ruta: 30
Ingresos: 133200.0
Costos: 418.594573237
Utilidad Ruta: 132781.405427
Costo Reducido: 87.6960211087
Nodos: [101, 40, 85, 14, 59, 18, 36, 81, 34, 63, 79, 39, 84, 8, 53, 41, 5, 50, 86, 43, 15, 88, 60, 7, 4, 49, 52, 911]
q: [0.0, 15.0, -15.0, 8.0, -8.0, 3.0, 12.0, -12.0, 12.0, -3.0, -12.0, 8.0, -8.0, 8.0, -8.0, 13.0, 2.0, -2.0, -13.0, 5.0, 10.0, -5.0, -10.0, 10.0, 5.0, -5.0, -10.0, 0.0]
Q: [0.0, 15.0, 0.0, 8.0, 0.0, 3.0, 15.0, 3.0, 15.0, 12.0, 0.0, 8.0, 0.0, 8.0, 0.0, 13.0, 15.0, 13.0, 0.0, 5.0, 15.0, 10.0, 0.0, 10.0, 15.0, 10.0, 0.0, 0.0]
B: [0.0, 62.0, 94.5694417821, 123.1478437143, 135.1695554893, 293.0, 306.9670306436, 313.91517471234005, 327.63492270564007, 355.86696018084007, 371.0195898206401, 388.0, 410.632187455, 434.7301572658, 455.49855388180004, 471.5182839669, 479.92364796854, 481.04533687372003, 492.36185811482005, 502.72800344472006, 516.49480539722, 526.74781363872, 539.28937354972, 550.19411311562, 560.55748640812, 580.9832360883199, 582.1436101659299, 600.1086179310299]
