Avion: 7      Iteracion: 50

Num Ruta: 45
Ingresos: 127200.0
Costos: 367.031146821
Utilidad Ruta: 126832.968853
Costo Reducido: 29.4220223882
Nodos: [107, 9, 54, 14, 59, 42, 3, 48, 23, 87, 35, 80, 68, 22, 67, 19, 8, 64, 53, 6, 51, 5, 50, 37, 82, 917]
q: [0.0, 11.0, -11.0, 8.0, -8.0, 5.0, 10.0, -10.0, 10.0, -5.0, 5.0, -5.0, -10.0, 10.0, -10.0, 7.0, 8.0, -7.0, -8.0, 5.0, -5.0, 12.0, -12.0, 15.0, -15.0, 0.0]
Q: [0.0, 11.0, 0.0, 8.0, 0.0, 5.0, 15.0, 5.0, 15.0, 10.0, 15.0, 10.0, 0.0, 10.0, 0.0, 7.0, 15.0, 8.0, 0.0, 5.0, 0.0, 12.0, 0.0, 15.0, 0.0, 0.0]
B: [0.0, 28.0, 57.5272370025, 112.0, 124.021711775, 239.0, 257.4606418632, 262.54492362172, 267.0, 304.0156388571, 308.07208865958, 327.98497205198, 340.60351753078, 356.35994152228, 378.11462766118, 402.0, 425.1608815463, 443.1178409771, 446.04596016866, 455.23663179809, 458.92892119628, 477.31778141108, 478.43947031626, 562.0, 582.7946534714999, 602.8663856587999]
