Avion: 7      Iteracion: 41

Num Ruta: 39
Ingresos: 54000.0
Costos: 148.115589087
Utilidad Ruta: 53851.8844109
Costo Reducido: 44.3252496169
Nodos: [107, 40, 85, 41, 5, 50, 86, 7, 20, 4, 49, 52, 65, 917]
q: [0.0, 15.0, -15.0, 13.0, 2.0, -2.0, -13.0, 5.0, 10.0, 0.0, 0.0, -5.0, -10.0, 0.0]
Q: [0.0, 15.0, 0.0, 13.0, 15.0, 13.0, 0.0, 5.0, 15.0, 15.0, 15.0, 10.0, 0.0, 0.0]
B: [0.0, 62.0, 94.5694417821, 446.0, 469.0, 470.12168890518, 481.43821014628, 517.0, 525.74295442056, 536.02210545556, 556.4478551357599, 557.6082292133699, 570.5719137590698, 583.4525647519698]
