Avion: 3      Iteracion: 83

Num Ruta: 61
Ingresos: 128400.0
Costos: 333.090439135
Utilidad Ruta: 128066.909561
Costo Reducido: 10.6452707531
Nodos: [103, 17, 30, 62, 16, 61, 75, 14, 59, 3, 48, 18, 36, 81, 34, 63, 79, 39, 6, 51, 84, 13, 58, 29, 74, 913]
q: [0.0, 5.0, 10.0, -5.0, 5.0, -5.0, -10.0, 8.0, -8.0, 15.0, -15.0, 3.0, 12.0, -12.0, 12.0, -3.0, -12.0, 8.0, 5.0, -5.0, -8.0, 15.0, -15.0, 9.0, -9.0, 0.0]
Q: [0.0, 5.0, 15.0, 10.0, 15.0, 10.0, 0.0, 8.0, 0.0, 15.0, 0.0, 3.0, 15.0, 3.0, 15.0, 12.0, 0.0, 8.0, 13.0, 8.0, 0.0, 15.0, 0.0, 9.0, 0.0, 0.0]
B: [0.0, 24.0, 64.0, 67.14445448369, 72.47609381883, 82.10018525647, 84.97134181786, 112.76728247476, 124.78899424976, 256.0, 261.08428175852, 293.0, 306.9670306436, 313.91517471234005, 327.63492270564007, 355.86696018084007, 371.0195898206401, 388.0, 436.0, 439.69228939819, 449.87740525418997, 453.10933904063995, 469.99248999063997, 549.0, 582.7797797802, 601.4169443982]
