Avion: 3      Iteracion: 61

Num Ruta: 53
Ingresos: 58800.0
Costos: 176.475389257
Utilidad Ruta: 58623.5246107
Costo Reducido: 5.34280041405
Nodos: [103, 17, 62, 31, 11, 76, 56, 25, 43, 70, 88, 21, 38, 83, 66, 913]
q: [0.0, 5.0, -5.0, 6.0, 8.0, -6.0, -8.0, 10.0, 5.0, -10.0, -5.0, 13.0, 2.0, -2.0, -13.0, 0.0]
Q: [0.0, 5.0, 0.0, 6.0, 14.0, 8.0, 0.0, 10.0, 15.0, 5.0, 0.0, 13.0, 15.0, 13.0, 0.0, 0.0]
B: [0.0, 24.0, 58.8425537813, 130.0, 169.0, 169.478878899097, 173.173257466597, 410.0, 451.0, 464.0372215215, 471.78639754221, 479.06940495673, 485.8923178977, 518.7612045384001, 525.8311331094701, 542.82133396177]
