Avion: 2      Iteracion: 19

Num Ruta: 22
Ingresos: 129600.0
Costos: 507.138024279
Utilidad Ruta: 129092.861976
Costo Reducido: 376.349129291
Nodos: [102, 30, 75, 24, 69, 1, 46, 42, 44, 89, 87, 6, 51, 41, 5, 50, 86, 43, 88, 15, 7, 60, 29, 4, 52, 49, 74, 33, 78, 912]
q: [0.0, 11.0, -11.0, 14.0, -14.0, 7.0, -7.0, 5.0, 10.0, -10.0, -5.0, 5.0, -5.0, 13.0, 2.0, -2.0, -13.0, 5.0, -5.0, 11.0, 1.0, -11.0, 9.0, 5.0, -1.0, -5.0, -9.0, 10.0, -10.0, 0.0]
Q: [0.0, 11.0, 0.0, 14.0, 0.0, 7.0, 0.0, 5.0, 15.0, 5.0, 0.0, 5.0, 0.0, 13.0, 15.0, 13.0, 0.0, 5.0, 0.0, 11.0, 12.0, 1.0, 10.0, 15.0, 14.0, 9.0, 0.0, 10.0, 0.0, 0.0]
B: [0.0, 64.0, 82.7140226568, 107.4479935471, 145.9609438496, 175.0, 209.2400855285, 239.0, 261.4203115277, 315.42768593159997, 333.0557924947, 436.0, 439.69228939819, 458.80900930509, 469.0, 470.12168890518, 481.43821014628, 491.80435547618004, 509.06667658318, 519.31968482468, 533.08694896828, 543.99168853418, 559.12956539988, 579.83956803148, 599.11192901818, 600.27230309579, 612.49137413249, 621.3428658146901, 644.6463770522901, 666.18206338919]
