Avion: 6      Iteracion: 0

Num Ruta: 1
Ingresos: 76800.0
Costos: 388.548616512
Utilidad Ruta: 76411.4513835
Costo Reducido: -
Nodos: [106, 9, 54, 40, 85, 42, 87, 45, 90, 28, 43, 73, 88, 29, 74, 916]
q: [0, 11.0, -11.0, 15.0, -15.0, 5.0, -5.0, 11.0, -11.0, 8.0, 5.0, -8.0, -5.0, 9.0, -9.0, 0]
Q: [0, 11.0, 0.0, 15.0, 0.0, 5.0, 0.0, 11.0, 0.0, 8.0, 13.0, 5.0, 0.0, 9.0, 0.0, 0]
B: [0.0, 28.0, 57.5272370025, 86.4860319533, 119.0554737354, 239.0, 287.0498346511, 371.0, 380.19162363242, 415.77292110732, 451.0, 467.5718045185, 480.63640114450004, 549.0, 582.7797797802, 614.0430139379]
