Avion: 3      Iteracion: 53

Num Ruta: 45
Ingresos: 81600.0
Costos: 249.455233816
Utilidad Ruta: 81350.5447662
Costo Reducido: 16.8639325618
Nodos: [103, 17, 62, 9, 54, 14, 59, 31, 11, 76, 56, 36, 81, 29, 27, 72, 74, 913]
q: [0, 5.0, -5.0, 11.0, -11.0, 8.0, -8.0, 6.0, 8.0, -6.0, -8.0, 15.0, -15.0, 9.0, 6.0, -6.0, -9.0, 0]
Q: [0, 5.0, 0.0, 11.0, 0.0, 8.0, 0.0, 6.0, 14.0, 8.0, 0.0, 15.0, 0.0, 9.0, 15.0, 9.0, 0.0, 0]
B: [0.0, 24.0, 58.8425537813, 81.72911018459999, 111.25634718709999, 121.5131539026, 133.5348656776, 160.7469328905, 173.9296620844, 174.408540983497, 178.102919550997, 251.0, 257.94814406874, 549.0, 574.6018082369, 591.6326706049999, 607.0800481818, 625.7172127998]
