Avion: 1      Iteracion: 21

Num Ruta: 24
Ingresos: 170400.0
Costos: 483.709339613
Utilidad Ruta: 169916.29066
Costo Reducido: 162.967070362
Nodos: [101, 16, 61, 30, 75, 40, 85, 1, 31, 76, 11, 56, 46, 3, 48, 23, 18, 63, 68, 26, 71, 45, 90, 43, 25, 70, 88, 21, 20, 65, 66, 911]
q: [0.0, 11.0, -11.0, 11.0, -11.0, 15.0, -15.0, 7.0, 6.0, -6.0, 8.0, -8.0, -7.0, 15.0, -15.0, 10.0, 5.0, -5.0, -10.0, 13.0, -13.0, 11.0, -11.0, 5.0, 10.0, -10.0, -5.0, 5.0, 10.0, -10.0, -5.0, 0.0]
Q: [0.0, 11.0, 0.0, 11.0, 0.0, 15.0, 0.0, 7.0, 13.0, 7.0, 15.0, 7.0, 0.0, 15.0, 0.0, 10.0, 15.0, 10.0, 0.0, 13.0, 0.0, 11.0, 0.0, 5.0, 15.0, 5.0, 0.0, 5.0, 15.0, 5.0, 0.0, 0.0]
B: [0.0, 36.0, 45.624091437640004, 64.0, 82.7140226568, 113.5238767298, 146.0933185119, 175.0, 183.89376197118, 197.19937597428, 197.678254873377, 201.732321720387, 236.048051058387, 256.0, 261.08428175852, 267.0, 293.0, 316.8182362487, 326.74376782137, 346.43014059547, 364.00936856487, 387.53552099147, 396.72714462388996, 451.0, 465.0611587716, 482.2461410817, 489.99531710241, 497.27832451693, 502.02773090089, 544.20487334799, 564.80429397089, 587.00245400729]
