Avion: 7      Iteracion: 27

Num Ruta: 28
Ingresos: 112800.0
Costos: 301.860529932
Utilidad Ruta: 112498.13947
Costo Reducido: 108.542966327
Nodos: [107, 9, 54, 14, 59, 3, 48, 18, 63, 28, 73, 25, 19, 64, 70, 15, 60, 7, 4, 52, 49, 917]
q: [0.0, 11.0, -11.0, 8.0, -8.0, 15.0, -15.0, 11.0, -11.0, 8.0, -8.0, 8.0, 7.0, -7.0, -8.0, 11.0, -11.0, 10.0, 5.0, -10.0, -5.0, 0.0]
Q: [0.0, 11.0, 0.0, 8.0, 0.0, 15.0, 0.0, 11.0, 0.0, 8.0, 0.0, 8.0, 15.0, 8.0, 0.0, 11.0, 0.0, 10.0, 15.0, 5.0, 0.0, 0.0]
B: [0.0, 28.0, 57.5272370025, 112.0, 124.021711775, 256.0, 261.08428175852, 293.0, 316.8182362487, 378.0, 414.0266187839, 417.35999740026, 426.75200464046, 453.37912093195996, 470.16597736785997, 511.0, 527.4211666151, 538.3259061809999, 548.6892794734999, 567.9616404602, 569.12201453781, 575.94466453616]
