Avion: 2      Iteracion: 7

Num Ruta: 10
Ingresos: 147600.0
Costos: 545.115918212
Utilidad Ruta: 147054.884082
Costo Reducido: 109996.754181
Nodos: [102, 30, 75, 24, 69, 11, 56, 44, 42, 23, 89, 35, 87, 26, 80, 71, 68, 22, 67, 6, 51, 13, 43, 58, 88, 7, 4, 52, 49, 2, 33, 78, 47, 912]
q: [0.0, 11.0, -11.0, 14.0, -14.0, 8.0, -8.0, 14.0, 1.0, 0.0, -14.0, 2.0, -1.0, 13.0, -2.0, -13.0, 0.0, 10.0, -10.0, 5.0, -5.0, 15.0, 0.0, -15.0, 0.0, 10.0, 5.0, -10.0, -5.0, 9.0, 6.0, -6.0, -9.0, 0.0]
Q: [0.0, 11.0, 0.0, 14.0, 0.0, 8.0, 0.0, 14.0, 15.0, 15.0, 1.0, 3.0, 2.0, 15.0, 13.0, 0.0, 0.0, 10.0, 0.0, 5.0, 0.0, 15.0, 15.0, 0.0, 0.0, 10.0, 15.0, 5.0, 0.0, 9.0, 15.0, 9.0, 0.0, 0.0]
B: [0.0, 64.0, 82.7140226568, 107.4479935471, 145.9609438496, 169.0, 173.05406684701, 211.0, 239.0, 267.0, 287.8305910862, 308.2468044961, 312.30325429858004, 319.19873288966005, 328.49173827005006, 338.31355403904007, 341.3806264216201, 357.1370504131201, 378.8917365520201, 436.0, 439.69228939819, 453.10235550539, 475.24290872789, 497.45522830509, 507.51081565738997, 524.81290165879, 535.17627495129, 554.44863593799, 555.6090100156, 565.0634765262, 578.8490774562, 602.1525886938, 620.6713727252, 646.6022164445999]
