Avion: 2      Iteracion: 47

Num Ruta: 48
Ingresos: 88800.0
Costos: 274.432355455
Utilidad Ruta: 88525.5676445
Costo Reducido: 4.35110236944
Nodos: [102, 44, 89, 8, 45, 90, 32, 53, 13, 77, 58, 43, 15, 88, 60, 20, 7, 4, 52, 49, 65, 912]
q: [0.0, 14.0, -14.0, 8.0, 7.0, -7.0, 6.0, -8.0, 9.0, -6.0, -9.0, 5.0, 10.0, -5.0, -10.0, 10.0, 5.0, 0.0, -5.0, 0.0, -10.0, 0.0]
Q: [0.0, 14.0, 0.0, 8.0, 15.0, 8.0, 14.0, 6.0, 15.0, 9.0, 0.0, 5.0, 15.0, 10.0, 0.0, 10.0, 15.0, 15.0, 10.0, 10.0, 0.0, 0.0]
B: [0.0, 211.0, 265.00737440390003, 414.0, 417.40515271317, 426.59677634559, 428.13238729892, 450.51212199352, 452.72279813443, 466.56497791223, 470.63592829267003, 492.84824786987, 511.0, 521.2530082415, 533.7945681525, 539.92842020484, 548.6713746254, 559.0347479179, 578.3071089046, 579.46748298221, 591.32870623281, 612.92092661421]
