Avion: 4      Iteracion: 70

Num Ruta: 62
Ingresos: 86400.0
Costos: 171.987965559
Utilidad Ruta: 86228.0120344
Costo Reducido: 8.62794374958
Nodos: [104, 31, 76, 36, 81, 22, 67, 45, 90, 19, 8, 64, 53, 13, 58, 914]
q: [0, 6.0, -6.0, 15.0, -15.0, 10.0, -10.0, 11.0, -11.0, 7.0, 8.0, -7.0, -8.0, 15.0, -15.0, 0]
Q: [0, 6.0, 0.0, 15.0, 0.0, 10.0, 0.0, 11.0, 0.0, 7.0, 15.0, 8.0, 0.0, 15.0, 0.0, 0]
B: [0.0, 130.0, 143.3056140031, 251.0, 257.94814406874, 299.0, 320.7546861389, 371.0, 380.19162363242, 402.0, 425.1608815463, 443.1178409771, 446.04596016866, 448.25663630956996, 465.13978725956997, 475.95551141466996]
