Avion: 5      Iteracion: 78

Num Ruta: 60
Ingresos: 78000.0
Costos: 195.794011249
Utilidad Ruta: 77804.2059888
Costo Reducido: 17.4179376627
Nodos: [105, 30, 16, 61, 75, 14, 59, 23, 48, 3, 18, 63, 68, 6, 51, 5, 50, 915]
q: [0.0, 11.0, 4.0, -4.0, -11.0, 8.0, -8.0, 10.0, -10.0, 10.0, 5.0, -5.0, -10.0, 5.0, -5.0, 12.0, -12.0, 0.0]
Q: [0.0, 11.0, 15.0, 11.0, 0.0, 8.0, 0.0, 10.0, 0.0, 10.0, 15.0, 10.0, 0.0, 5.0, 0.0, 12.0, 0.0, 0.0]
B: [0.0, 64.0, 72.20259129788, 81.82668273552001, 84.69783929691, 112.49377995381, 124.51549172881, 267.0, 270.3624873234, 275.44676908191997, 293.0, 316.8182362487, 326.74376782137, 436.0, 439.69228939819, 469.0, 470.12168890518, 486.24950503138]
