Avion: 3      Iteracion: 18

Num Ruta: 20
Ingresos: 67200.0
Costos: 258.959047651
Utilidad Ruta: 66941.0409523
Costo Reducido: 128.817037007
Nodos: [103, 17, 62, 14, 59, 42, 23, 87, 68, 13, 58, 21, 66, 913]
q: [0, 5.0, -5.0, 8.0, -8.0, 5.0, 10.0, -5.0, -10.0, 15.0, -15.0, 13.0, -13.0, 0]
Q: [0, 5.0, 0.0, 8.0, 0.0, 5.0, 15.0, 10.0, 0.0, 15.0, 0.0, 13.0, 0.0, 0]
B: [0.0, 24.0, 58.8425537813, 112.0, 124.021711775, 239.0, 267.0, 304.0156388571, 330.3759948486, 423.0, 439.88315095, 477.0, 517.7387906792, 534.7289915314999]
