Avion: 2      Iteracion: 5

Num Ruta: 8
Ingresos: 183600.0
Costos: 619.075752242
Utilidad Ruta: 182980.924248
Costo Reducido: 307959.998168
Nodos: [102, 17, 62, 16, 61, 10, 55, 1, 11, 56, 44, 46, 89, 18, 63, 26, 71, 8, 53, 13, 58, 41, 50, 5, 86, 7, 4, 52, 49, 2, 33, 78, 47, 912]
q: [0.0, 5.0, -5.0, 11.0, -11.0, 12.0, -12.0, 7.0, 8.0, -8.0, 8.0, -7.0, -8.0, 11.0, -11.0, 13.0, -13.0, 8.0, -8.0, 15.0, -15.0, 13.0, -12.0, 12.0, -13.0, 10.0, 5.0, -10.0, -5.0, 5.0, 10.0, -10.0, -5.0, 0.0]
Q: [0.0, 5.0, 0.0, 11.0, 0.0, 12.0, 0.0, 7.0, 15.0, 7.0, 15.0, 8.0, 0.0, 11.0, 0.0, 13.0, 0.0, 8.0, 0.0, 15.0, 0.0, 13.0, 1.0, 13.0, 0.0, 10.0, 15.0, 5.0, 0.0, 5.0, 15.0, 5.0, 0.0, 0.0]
B: [0.0, 36.2584976247, 71.101051406, 76.43269074114, 86.05678217878, 101.88605938908, 131.40557012348, 175.0, 193.6808285951, 197.73489544211, 211.0, 256.3963542369, 272.4109032471, 300.85745614900003, 324.6756923977, 353.6772092201, 371.2564371895, 414.0, 434.768396616, 436.97907275691, 453.86222370691, 488.66817499401003, 497.49441281088, 498.61610171606003, 510.64198983296, 521.05214799696, 531.41552128946, 550.68788227616, 551.84825635377, 561.30272286437, 575.08832379437, 598.39183503197, 616.91061906337, 642.8414627827699]
