Avion: 4      Iteracion: 36

Num Ruta: 36
Ingresos: 115200.0
Costos: 366.731091479
Utilidad Ruta: 114833.268909
Costo Reducido: 73.6024908016
Nodos: [104, 31, 11, 76, 56, 44, 89, 23, 18, 63, 68, 6, 51, 5, 50, 43, 88, 20, 38, 83, 27, 72, 65, 33, 78, 914]
q: [0.0, 6.0, 8.0, -6.0, -8.0, 14.0, -14.0, 4.0, 11.0, -11.0, -4.0, 5.0, -5.0, 12.0, -12.0, 5.0, -5.0, 7.0, 8.0, -8.0, 6.0, -6.0, -7.0, 10.0, -10.0, 0.0]
Q: [0.0, 6.0, 14.0, 8.0, 0.0, 14.0, 0.0, 4.0, 15.0, 4.0, 0.0, 5.0, 0.0, 12.0, 0.0, 5.0, 0.0, 7.0, 15.0, 7.0, 13.0, 7.0, 0.0, 10.0, 0.0, 0.0]
B: [0.0, 130.0, 169.0, 169.478878899097, 173.173257466597, 211.0, 265.00737440390003, 285.83796549010003, 306.01691563620005, 329.83515188490003, 339.76068345757005, 436.0, 439.69228939819, 469.0, 470.12168890518, 491.79746949088, 509.05979059788, 518.00001967772, 520.0810891143301, 552.9499757550301, 564.4857030836301, 581.5165654517301, 597.6743312626301, 608.4961306047301, 631.7996418423301, 645.01574966573]
