Avion: 4      Iteracion: 31

Num Ruta: 32
Ingresos: 117600.0
Costos: 373.118842438
Utilidad Ruta: 117226.881158
Costo Reducido: 95.1073799428
Nodos: [104, 31, 76, 44, 89, 3, 48, 23, 18, 63, 68, 28, 73, 25, 70, 20, 7, 52, 65, 2, 33, 78, 47, 914]
q: [0.0, 6.0, -6.0, 14.0, -14.0, 15.0, -15.0, 10.0, 5.0, -5.0, -10.0, 8.0, -8.0, 10.0, -10.0, 10.0, 5.0, -5.0, -10.0, 9.0, 6.0, -6.0, -9.0, 0.0]
Q: [0.0, 6.0, 0.0, 14.0, 0.0, 15.0, 0.0, 10.0, 15.0, 10.0, 0.0, 8.0, 0.0, 10.0, 0.0, 10.0, 15.0, 10.0, 0.0, 9.0, 15.0, 9.0, 0.0, 0.0]
B: [0.0, 130.0, 143.3056140031, 211.0, 265.00737440390003, 287.39410424550005, 292.47838600402, 295.84087332742, 316.01982347352003, 339.83805972222, 349.76359129489003, 378.0, 414.0266187839, 417.35999740026, 434.54497971036, 496.0, 517.0, 545.5413118129, 558.5049963585999, 565.8352936240599, 579.6208945540599, 602.9244057916599, 621.4431898230598, 645.0502167430598]
