Avion: 6      Iteracion: 41

Num Ruta: 43
Ingresos: 69600.0
Costos: 180.776617619
Utilidad Ruta: 69419.2233824
Costo Reducido: 62.8250641841
Nodos: [106, 40, 85, 41, 86, 20, 7, 52, 65, 37, 82, 916]
q: [0.0, 15.0, -15.0, 13.0, -13.0, 10.0, 5.0, -5.0, -10.0, 15.0, -15.0, 0.0]
Q: [0.0, 15.0, 0.0, 13.0, 0.0, 10.0, 15.0, 10.0, 0.0, 15.0, 0.0, 0.0]
B: [0.0, 62.0, 94.5694417821, 446.0, 466.0411203529, 496.0, 517.0, 545.5413118129, 558.5049963585999, 570.0825143136999, 590.8771677851998, 612.1765202870998]
