Avion: 6      Iteracion: 21

Num Ruta: 23
Ingresos: 142800.0
Costos: 405.203163772
Utilidad Ruta: 142394.796836
Costo Reducido: 207.266977457
Nodos: [106, 40, 85, 10, 55, 1, 31, 76, 11, 56, 46, 3, 48, 36, 81, 25, 43, 70, 88, 15, 60, 20, 4, 65, 49, 916]
q: [0, 15.0, -15.0, 12.0, -12.0, 7.0, 6.0, -6.0, 8.0, -8.0, -7.0, 15.0, -15.0, 15.0, -15.0, 10.0, 5.0, -10.0, -5.0, 11.0, -11.0, 10.0, 5.0, -10.0, -5.0, 0]
Q: [0, 15.0, 0.0, 12.0, 0.0, 7.0, 13.0, 7.0, 15.0, 7.0, 0.0, 15.0, 0.0, 15.0, 0.0, 10.0, 15.0, 5.0, 0.0, 11.0, 0.0, 10.0, 15.0, 5.0, 0.0, 0]
B: [0.0, 62.0, 94.5694417821, 111.75013586, 141.2696465944, 179.6889877652, 188.58274973638, 201.88836373948, 202.367242638577, 206.42130948558702, 240.737038823587, 256.0, 261.08428175852, 296.00374706082, 302.95189112956, 410.0, 451.0, 464.0372215215, 471.78639754221, 511.0, 527.4211666151, 533.55501866744, 543.83416970244, 575.93049280964, 587.79171606024, 614.62495218634]
