Avion: 7      Iteracion: 34

Num Ruta: 35
Ingresos: 96000.0
Costos: 261.52587429
Utilidad Ruta: 95738.4741257
Costo Reducido: 34.0014176223
Nodos: [107, 30, 16, 61, 75, 24, 69, 1, 46, 8, 53, 13, 58, 15, 60, 7, 52, 917]
q: [0.0, 11.0, 4.0, -4.0, -11.0, 14.0, -14.0, 7.0, -7.0, 8.0, -8.0, 15.0, -15.0, 11.0, -11.0, 10.0, -10.0, 0.0]
Q: [0.0, 11.0, 15.0, 11.0, 0.0, 14.0, 0.0, 7.0, 0.0, 8.0, 0.0, 15.0, 0.0, 11.0, 0.0, 10.0, 0.0, 0.0]
B: [0.0, 64.0, 72.20259129788, 81.82668273552001, 84.69783929691, 109.43181018721, 147.94476048971, 175.0, 209.2400855285, 414.0, 434.768396616, 436.97907275691, 453.86222370691, 511.0, 527.4211666151, 538.3259061809999, 566.8672179938999, 573.5566664763999]
