Avion: 1      Iteracion: 64

Num Ruta: 60
Ingresos: 66000.0
Costos: 143.642577905
Utilidad Ruta: 65856.3574221
Costo Reducido: 7.01058189652
Nodos: [101, 16, 61, 9, 54, 11, 56, 36, 81, 25, 70, 911]
q: [0, 11.0, -11.0, 11.0, -11.0, 8.0, -8.0, 15.0, -15.0, 10.0, -10.0, 0]
Q: [0, 11.0, 0.0, 11.0, 0.0, 8.0, 0.0, 15.0, 0.0, 10.0, 0.0, 0]
B: [0.0, 36.0, 45.624091437640004, 75.68094759394, 105.20818459644, 169.0, 173.05406684701, 251.0, 257.94814406874, 410.0, 427.1849823101, 438.0253862232]
