Avion: 6      Iteracion: 54

Num Ruta: 51
Ingresos: 75600.0
Costos: 227.130145549
Utilidad Ruta: 75372.8698545
Costo Reducido: 12.1364803788
Nodos: [106, 9, 54, 12, 57, 10, 55, 35, 80, 8, 53, 5, 50, 916]
q: [0, 11.0, -11.0, 14.0, -14.0, 12.0, -12.0, 6.0, -6.0, 8.0, -8.0, 12.0, -12.0, 0]
Q: [0, 11.0, 0.0, 14.0, 0.0, 12.0, 0.0, 6.0, 0.0, 8.0, 0.0, 12.0, 0.0, 0]
B: [0.0, 28.0, 57.5272370025, 68.3142737596, 111.6621980236, 120.37996838075, 149.89947911515, 279.0, 298.9128833924, 414.0, 434.768396616, 469.0, 470.12168890518, 488.83880473538]
