Avion: 2      Iteracion: 27

Num Ruta: 29
Ingresos: 74400.0
Costos: 295.421916376
Utilidad Ruta: 74104.5780836
Costo Reducido: 71.0433696995
Nodos: [102, 1, 46, 8, 45, 90, 32, 19, 64, 53, 6, 51, 77, 20, 7, 52, 65, 2, 47, 912]
q: [0.0, 7.0, -7.0, 2.0, 11.0, -11.0, 6.0, 7.0, -7.0, -2.0, 5.0, -5.0, -6.0, 10.0, 5.0, -5.0, -10.0, 9.0, -9.0, 0.0]
Q: [0.0, 7.0, 0.0, 2.0, 13.0, 2.0, 8.0, 15.0, 8.0, 6.0, 11.0, 6.0, 0.0, 10.0, 15.0, 10.0, 0.0, 9.0, 0.0, 0.0]
B: [0.0, 175.0, 209.2400855285, 414.0, 417.40515271317, 426.59677634559, 428.13238729892, 439.84730193791995, 466.47441822941994, 469.4025374209799, 478.5932090504099, 482.28549844859987, 504.9428700966999, 520.9019425634999, 529.6448969840599, 558.1862087969598, 571.1498933426598, 578.4801906081198, 619.2151526555198, 645.1459963749197]
