Avion: 5      Iteracion: 40

Num Ruta: 41
Ingresos: 13200.0
Costos: 55.5156114833
Utilidad Ruta: 13144.4843885
Costo Reducido: 23.2954293364
Nodos: [105, 6, 51, 27, 72, 915]
q: [0, 5.0, -5.0, 6.0, -6.0, 0]
Q: [0, 5.0, 0.0, 6.0, 0.0, 0]
B: [0.0, 436.0, 439.69228939819, 538.0, 555.0308623681, 574.0255915844]
