Avion: 5      Iteracion: 87

Num Ruta: 67
Ingresos: 116400.0
Costos: 327.911218258
Utilidad Ruta: 116072.088782
Costo Reducido: 24.3041189837
Nodos: [105, 1, 46, 3, 48, 23, 18, 63, 68, 28, 39, 84, 43, 73, 15, 88, 60, 20, 4, 49, 65, 37, 82, 915]
q: [0.0, 7.0, -7.0, 15.0, -15.0, 10.0, 5.0, -5.0, -10.0, 7.0, 8.0, -8.0, 5.0, -7.0, 10.0, -5.0, -10.0, 10.0, 5.0, -5.0, -10.0, 15.0, -15.0, 0.0]
Q: [0.0, 7.0, 0.0, 15.0, 0.0, 10.0, 15.0, 10.0, 0.0, 7.0, 15.0, 7.0, 12.0, 5.0, 15.0, 10.0, 0.0, 10.0, 15.0, 10.0, 0.0, 15.0, 0.0, 0.0]
B: [0.0, 175.0, 209.2400855285, 256.0, 261.08428175852, 267.0, 293.0, 316.8182362487, 326.74376782137, 378.0, 389.3210123222, 411.9531997772, 451.0, 467.5718045185, 511.0, 521.2530082415, 533.7945681525, 539.92842020484, 550.20757123984, 570.63332092004, 582.49454417064, 594.07206212574, 614.86671559724, 639.9318935339401]
