Avion: 7      Iteracion: 52

Num Ruta: 47
Ingresos: 51600.0
Costos: 170.02627439
Utilidad Ruta: 51429.9737256
Costo Reducido: 1.23207547943
Nodos: [107, 24, 69, 1, 46, 8, 32, 58, 77, 13, 53, 917]
q: [0.0, 14.0, -14.0, 7.0, -7.0, 8.0, 6.0, -8.0, -6.0, 8.0, -8.0, 0.0]
Q: [0.0, 14.0, 0.0, 7.0, 0.0, 8.0, 14.0, 6.0, 0.0, 8.0, 0.0, 0.0]
B: [0.0, 61.0, 99.5129503025, 175.0, 209.2400855285, 414.0, 425.4468981388, 452.826051705, 456.89700208544, 470.73918186324005, 472.94985800415003, 489.55096872005004]
