Avion: 1      Iteracion: 11

Num Ruta: 15
Ingresos: 115200.0
Costos: 512.99745942
Utilidad Ruta: 114687.002541
Costo Reducido: 128267.044056
Nodos: [101, 9, 54, 16, 61, 24, 69, 42, 87, 35, 80, 18, 63, 39, 84, 32, 43, 25, 70, 77, 88, 21, 7, 52, 66, 911]
q: [0.0, 11.0, -11.0, 11.0, -11.0, 14.0, -14.0, 5.0, -5.0, 6.0, -6.0, 11.0, -11.0, 8.0, -8.0, 6.0, 5.0, 4.0, -4.0, -6.0, -5.0, 5.0, 10.0, -10.0, -5.0, 0.0]
Q: [0.0, 11.0, 0.0, 11.0, 0.0, 14.0, 0.0, 5.0, 0.0, 6.0, 0.0, 11.0, 0.0, 8.0, 0.0, 6.0, 11.0, 15.0, 11.0, 5.0, 0.0, 5.0, 15.0, 5.0, 0.0, 0.0]
B: [0.0, 28.0, 57.5272370025, 81.2570211777, 90.88111261534, 116.10731169484, 154.62026199734, 239.0, 287.0498346511, 291.10628445358003, 311.01916784598, 333.91002123768, 357.72825748637996, 388.0, 410.632187455, 436.244028857, 451.0, 465.0611587716, 482.2461410817, 493.2312093564, 507.03016417189997, 514.3131715864199, 525.0806329864199, 553.6219447993199, 570.8347671420198, 593.0329271784199]
