Avion: 4      Iteracion: 38

Num Ruta: 38
Ingresos: 60000.0
Costos: 134.208862614
Utilidad Ruta: 59865.7911374
Costo Reducido: 23.3993410583
Nodos: [104, 36, 81, 34, 79, 39, 84, 13, 58, 914]
q: [0, 15.0, -15.0, 12.0, -12.0, 8.0, -8.0, 15.0, -15.0, 0]
Q: [0, 15.0, 0.0, 12.0, 0.0, 8.0, 0.0, 15.0, 0.0, 0]
B: [0.0, 251.0, 257.94814406874, 283.0, 323.947598037, 388.0, 410.632187455, 423.0, 439.88315095, 450.6988751051]
