Avion: 7      Iteracion: 25

Num Ruta: 26
Ingresos: 31200.0
Costos: 109.408772939
Utilidad Ruta: 31090.5912271
Costo Reducido: 44.1509480995
Nodos: [107, 24, 69, 10, 55, 917]
q: [0, 14.0, -14.0, 12.0, -12.0, 0]
Q: [0, 14.0, 0.0, 12.0, 0.0, 0]
B: [0.0, 61.0, 99.5129503025, 111.2988809828, 140.8183917172, 160.5075071112]
