Avion: 3      Iteracion: 64

Num Ruta: 54
Ingresos: 115200.0
Costos: 357.864574461
Utilidad Ruta: 114842.135426
Costo Reducido: 5.30738786659
Nodos: [103, 17, 62, 9, 54, 11, 56, 36, 81, 34, 79, 39, 28, 84, 73, 25, 43, 70, 88, 29, 27, 72, 74, 913]
q: [0.0, 5.0, -5.0, 11.0, -11.0, 8.0, -8.0, 15.0, -15.0, 12.0, -12.0, 7.0, 8.0, -7.0, -8.0, 10.0, 5.0, -10.0, -5.0, 9.0, 6.0, -6.0, -9.0, 0.0]
Q: [0.0, 5.0, 0.0, 11.0, 0.0, 8.0, 0.0, 15.0, 0.0, 12.0, 0.0, 7.0, 15.0, 8.0, 0.0, 10.0, 15.0, 5.0, 0.0, 9.0, 15.0, 9.0, 0.0, 0.0]
B: [0.0, 24.0, 58.8425537813, 81.72911018459999, 111.25634718709999, 169.0, 173.05406684701, 251.0, 257.94814406874, 283.0, 323.947598037, 388.0, 399.3210123222, 412.3114993416, 448.3244104708, 451.65778908716, 465.71894785876, 478.75616938025996, 486.50534540097, 549.0, 574.6018082369, 591.6326706049999, 607.0800481818, 625.7172127998]
