Avion: 5      Iteracion: 1

Num Ruta: 5
Ingresos: 189600.0
Costos: 634.515200641
Utilidad Ruta: 188965.484799
Costo Reducido: 211956.983243
Nodos: [105, 16, 61, 40, 85, 14, 59, 31, 76, 1, 46, 3, 48, 23, 18, 63, 68, 26, 71, 39, 84, 8, 6, 51, 53, 13, 58, 21, 66, 33, 78, 29, 74, 915]
q: [0.0, 11.0, -11.0, 15.0, -15.0, 8.0, -8.0, 6.0, -6.0, 7.0, -7.0, 15.0, -15.0, 10.0, 5.0, -5.0, -10.0, 13.0, -13.0, 8.0, -8.0, 8.0, 5.0, -5.0, -8.0, 15.0, -15.0, 13.0, -13.0, 10.0, -10.0, 9.0, -9.0, 0.0]
Q: [0.0, 11.0, 0.0, 15.0, 0.0, 8.0, 0.0, 6.0, 0.0, 7.0, 0.0, 15.0, 0.0, 10.0, 15.0, 10.0, 0.0, 13.0, 0.0, 8.0, 0.0, 8.0, 13.0, 8.0, 0.0, 15.0, 0.0, 13.0, 0.0, 10.0, 0.0, 9.0, 0.0, 0.0]
B: [0.0, 36.0, 45.624091437640004, 77.27284989674001, 109.84229167884001, 138.42069361104, 150.44240538604, 177.65447259894, 190.96008660204, 209.94978070174, 244.18986623024, 256.0, 261.08428175852, 267.0, 293.0, 316.8182362487, 326.74376782137, 346.43014059547, 364.00936856487, 388.0, 410.632187455, 434.7301572658, 462.6446552373, 466.33694463549, 479.20294712269, 481.41362326359996, 498.2967742136, 513.8081706045999, 554.5469612837999, 564.7025062223998, 588.0060174599998, 606.3893366651998, 640.1691164453998, 665.9511024045999]
