Avion: 2      Iteracion: 16

Num Ruta: 19
Ingresos: 126000.0
Costos: 488.996920363
Utilidad Ruta: 125511.00308
Costo Reducido: 1112.28230704
Nodos: [102, 16, 61, 30, 75, 24, 69, 18, 34, 63, 79, 28, 45, 90, 19, 73, 25, 70, 64, 7, 20, 65, 2, 52, 47, 912]
q: [0.0, 11.0, -11.0, 11.0, -11.0, 14.0, -14.0, 3.0, 12.0, -3.0, -12.0, 8.0, 7.0, -7.0, 5.0, -8.0, 10.0, -10.0, -5.0, 5.0, 10.0, -10.0, 9.0, -5.0, -9.0, 0.0]
Q: [0.0, 11.0, 0.0, 11.0, 0.0, 14.0, 0.0, 3.0, 15.0, 12.0, 0.0, 8.0, 15.0, 8.0, 13.0, 5.0, 15.0, 5.0, 0.0, 5.0, 15.0, 5.0, 14.0, 9.0, 0.0, 0.0]
B: [0.0, 36.0, 45.624091437640004, 64.0, 82.7140226568, 107.4479935471, 145.9609438496, 293.0, 316.7154937119, 344.9475311871, 360.10016082690004, 378.0, 411.1514906603, 420.34311429272, 432.18496853941997, 444.72076181311996, 448.05414042947996, 465.23912273957995, 482.02597917547996, 517.0, 525.74295442056, 567.9200968676599, 575.2503941331199, 585.3805625917199, 617.4567257351199, 643.3875694545198]
