Avion: 2      Iteracion: 13

Num Ruta: 16
Ingresos: 106800.0
Costos: 459.442716623
Utilidad Ruta: 106340.557283
Costo Reducido: 85754.714912
Nodos: [102, 10, 55, 31, 76, 36, 81, 34, 79, 26, 71, 19, 64, 43, 88, 2, 47, 7, 52, 912]
q: [0, 12.0, -12.0, 6.0, -6.0, 15.0, -15.0, 12.0, -12.0, 13.0, -13.0, 7.0, -7.0, 5.0, -5.0, 9.0, -9.0, 10.0, -10.0, 0]
Q: [0, 12.0, 0.0, 6.0, 0.0, 15.0, 0.0, 12.0, 0.0, 13.0, 0.0, 7.0, 0.0, 5.0, 0.0, 9.0, 0.0, 10.0, 0.0, 0]
B: [0.0, 96.0, 125.5195107344, 165.1276650716, 178.4332790747, 251.0, 257.94814406874, 283.0, 323.947598037, 358.0226741044, 375.6019020738, 406.453776328, 433.0808926195, 453.2854391375, 470.5477602445, 522.0, 562.7349620474, 574.2416881674001, 602.7829999803, 613.422831276]
