Avion: 5      Iteracion: 26

Num Ruta: 27
Ingresos: 43200.0
Costos: 73.8983928444
Utilidad Ruta: 43126.1016072
Costo Reducido: 90.1874140196
Nodos: [105, 16, 61, 5, 50, 41, 86, 915]
q: [0, 11.0, -11.0, 12.0, -12.0, 13.0, -13.0, 0]
Q: [0, 11.0, 0.0, 12.0, 0.0, 13.0, 0.0, 0]
B: [0.0, 36.0, 45.624091437640004, 469.0, 470.12168890518, 478.94792672205, 498.98904707495, 504.83804374105]
