Avion: 1      Iteracion: 56

Num Ruta: 55
Ingresos: 116400.0
Costos: 277.552264357
Utilidad Ruta: 116122.447736
Costo Reducido: 40.0249914903
Nodos: [101, 30, 16, 75, 61, 10, 55, 35, 26, 80, 71, 6, 51, 5, 50, 41, 86, 7, 20, 4, 52, 49, 65, 33, 78, 911]
q: [0.0, 11.0, 4.0, -11.0, -4.0, 12.0, -12.0, 6.0, 9.0, -6.0, -9.0, 5.0, -5.0, 12.0, -12.0, 13.0, -13.0, 0.0, 10.0, 5.0, 0.0, -5.0, -10.0, 10.0, -10.0, 0.0]
Q: [0.0, 11.0, 15.0, 4.0, 0.0, 12.0, 0.0, 6.0, 15.0, 9.0, 0.0, 5.0, 0.0, 12.0, 0.0, 13.0, 0.0, 0.0, 10.0, 15.0, 15.0, 10.0, 0.0, 10.0, 0.0, 0.0]
B: [0.0, 64.0, 72.20259129788, 83.01926305958, 85.89041962097, 101.71969683127, 131.23920756567, 279.0, 300.0, 309.29300538039, 319.11482114938, 436.0, 439.69228939819, 469.0, 470.12168890518, 478.94792672205, 498.98904707495, 517.0, 525.74295442056, 536.02210545556, 555.29446644226, 556.45484051987, 568.31606377047, 579.13786311257, 602.44137435017, 608.11813716008]
