Avion: 4      Iteracion: 69

Num Ruta: 61
Ingresos: 91200.0
Costos: 259.056017324
Utilidad Ruta: 90940.9439827
Costo Reducido: 2.76573413373
Nodos: [104, 14, 59, 3, 48, 23, 18, 68, 63, 39, 28, 84, 73, 15, 21, 60, 38, 83, 66, 914]
q: [0.0, 8.0, -8.0, 15.0, -15.0, 10.0, 5.0, -10.0, -5.0, 8.0, 7.0, -8.0, -7.0, 8.0, 7.0, -8.0, 8.0, -8.0, -7.0, 0.0]
Q: [0.0, 8.0, 0.0, 15.0, 0.0, 10.0, 15.0, 5.0, 0.0, 8.0, 15.0, 7.0, 0.0, 8.0, 15.0, 7.0, 15.0, 7.0, 0.0, 0.0]
B: [0.0, 112.0, 124.021711775, 256.0, 261.08428175852, 267.0, 293.0, 318.4393114097, 328.36484298237, 388.0, 399.3210123222, 412.3114993416, 448.3244104708, 511.0, 516.67223351071, 527.47150163401, 531.55876734595, 564.42765398665, 571.49758255772, 598.57683123632]
