Avion: 5      Iteracion: 64

Num Ruta: 51
Ingresos: 104400.0
Costos: 381.006746075
Utilidad Ruta: 104018.993254
Costo Reducido: 5.76001591579
Nodos: [105, 17, 30, 62, 16, 61, 75, 24, 69, 1, 31, 76, 42, 46, 23, 87, 68, 22, 67, 32, 25, 77, 70, 915]
q: [0.0, 5.0, 4.0, -5.0, 11.0, -11.0, -4.0, 14.0, -14.0, 7.0, 6.0, -6.0, 5.0, -7.0, 10.0, -5.0, -10.0, 10.0, -10.0, 6.0, 9.0, -6.0, -9.0, 0.0]
Q: [0.0, 5.0, 9.0, 4.0, 15.0, 4.0, 0.0, 14.0, 0.0, 7.0, 13.0, 7.0, 12.0, 5.0, 15.0, 10.0, 0.0, 10.0, 0.0, 6.0, 15.0, 9.0, 0.0, 0.0]
B: [0.0, 24.0, 64.0, 67.14445448369, 72.47609381883, 82.10018525647, 84.97134181786, 109.70531270816, 148.21826301066, 175.0, 183.89376197118, 197.19937597428, 239.0, 264.0626014013, 268.8931248719, 305.908763729, 332.2691197205, 348.025543712, 369.7802298509, 422.0, 442.6664482919, 469.8986961242, 480.8837643989, 490.04377717182]
