Avion: 2      Iteracion: 64

Num Ruta: 54
Ingresos: 116400.0
Costos: 358.281636809
Utilidad Ruta: 116041.718363
Costo Reducido: 6.04095597485
Nodos: [102, 12, 57, 31, 11, 76, 56, 44, 42, 89, 87, 26, 71, 6, 51, 5, 50, 2, 47, 7, 4, 52, 49, 912]
q: [0.0, 14.0, -14.0, 6.0, 8.0, -6.0, -8.0, 10.0, 5.0, -10.0, -5.0, 13.0, -13.0, 5.0, -5.0, 12.0, -12.0, 9.0, -9.0, 10.0, 5.0, -10.0, -5.0, 0.0]
Q: [0.0, 14.0, 0.0, 6.0, 14.0, 8.0, 0.0, 10.0, 15.0, 5.0, 0.0, 13.0, 0.0, 5.0, 0.0, 12.0, 0.0, 9.0, 0.0, 10.0, 15.0, 5.0, 0.0, 0.0]
B: [0.0, 54.0, 97.347924264, 130.0, 169.0, 169.478878899097, 173.173257466597, 211.0, 239.0, 276.4881823646, 294.1162889277, 301.01176751878, 318.59099548818, 436.0, 439.69228939819, 469.0, 470.12168890518, 522.0, 562.7349620474, 574.2416881674001, 584.6050614599001, 603.8774224466001, 605.0377965242101, 616.6919968829101]
