Avion: 5      Iteracion: 32

Num Ruta: 33
Ingresos: 86400.0
Costos: 332.105201609
Utilidad Ruta: 86067.8947984
Costo Reducido: 75.6917667282
Nodos: [105, 11, 56, 44, 42, 89, 87, 45, 90, 19, 43, 64, 88, 15, 60, 20, 4, 65, 49, 915]
q: [0.0, 8.0, -8.0, 10.0, 5.0, -10.0, -5.0, 11.0, -11.0, 7.0, 5.0, -7.0, -5.0, 11.0, -11.0, 10.0, 5.0, -10.0, -5.0, 0.0]
Q: [0.0, 8.0, 0.0, 10.0, 15.0, 5.0, 0.0, 11.0, 0.0, 7.0, 12.0, 5.0, 0.0, 11.0, 0.0, 10.0, 15.0, 5.0, 0.0, 0.0]
B: [0.0, 169.0, 173.05406684701, 211.0, 239.0, 276.4881823646, 294.1162889277, 371.0, 380.19162363242, 402.0, 451.0, 471.20454651800003, 495.58376410180006, 511.0, 527.4211666151, 533.55501866744, 543.83416970244, 575.93049280964, 587.79171606024, 611.2545396115399]
