Avion: 7      Iteracion: 47

Num Ruta: 42
Ingresos: 84000.0
Costos: 258.340945222
Utilidad Ruta: 83741.6590548
Costo Reducido: 1.90922068062
Nodos: [107, 30, 75, 16, 61, 10, 55, 35, 80, 41, 8, 86, 53, 4, 20, 7, 52, 49, 65, 917]
q: [0.0, 11.0, -11.0, 11.0, -11.0, 12.0, -12.0, 6.0, -6.0, 7.0, 8.0, -7.0, -8.0, 0.0, 10.0, 5.0, -5.0, 0.0, -10.0, 0.0]
Q: [0.0, 11.0, 0.0, 11.0, 0.0, 12.0, 0.0, 6.0, 0.0, 7.0, 15.0, 8.0, 0.0, 0.0, 10.0, 15.0, 10.0, 10.0, 0.0, 0.0]
B: [0.0, 64.0, 82.7140226568, 93.53069441849999, 103.15478585614, 118.98406306644, 148.50357380084, 279.0, 298.9128833924, 446.0, 463.0665078443, 474.2228883057, 488.2063490004, 529.0, 539.279151035, 548.02210545556, 576.56341726846, 577.7237913460699, 589.5850145966699, 602.4656655895699]
