Avion: 3      Iteracion: 11

Num Ruta: 13
Ingresos: 55200.0
Costos: 318.280681746
Utilidad Ruta: 54881.7193183
Costo Reducido: 92653.8058779
Nodos: [103, 42, 87, 32, 77, 7, 52, 37, 82, 33, 78, 913]
q: [0, 5.0, -5.0, 6.0, -6.0, 10.0, -10.0, 15.0, -15.0, 10.0, -10.0, 0]
Q: [0, 5.0, 0.0, 6.0, 0.0, 10.0, 0.0, 15.0, 0.0, 10.0, 0.0, 0]
B: [0.0, 239.0, 287.0498346511, 422.0, 449.8573558149, 517.0, 545.5413118129, 562.0, 582.7946534714999, 617.3784082994999, 640.6819195370999, 659.5206583483999]
