Avion: 3      Iteracion: 67

Num Ruta: 57
Ingresos: 63600.0
Costos: 166.298264935
Utilidad Ruta: 63433.7017351
Costo Reducido: 2.93459732049
Nodos: [103, 17, 16, 61, 62, 14, 59, 3, 48, 23, 18, 63, 68, 913]
q: [0.0, 5.0, 10.0, -10.0, -5.0, 8.0, -8.0, 15.0, -15.0, 4.0, 11.0, -11.0, -4.0, 0.0]
Q: [0.0, 5.0, 15.0, 5.0, 0.0, 8.0, 0.0, 15.0, 0.0, 4.0, 15.0, 4.0, 0.0, 0.0]
B: [0.0, 24.0, 58.8014769802, 68.42556841784, 83.07333718993999, 112.0, 124.021711775, 256.0, 261.08428175852, 267.0, 293.0, 316.8182362487, 326.74376782137, 342.83816585297]
