Avion: 1      Iteracion: 10

Num Ruta: 14
Ingresos: 154800.0
Costos: 559.542001842
Utilidad Ruta: 154240.457998
Costo Reducido: 211312.201477
Nodos: [101, 9, 54, 1, 46, 42, 36, 81, 87, 26, 71, 22, 67, 25, 70, 8, 53, 5, 50, 41, 86, 20, 21, 27, 66, 65, 72, 37, 82, 911]
q: [0.0, 11.0, -11.0, 7.0, -7.0, 5.0, 10.0, -10.0, -5.0, 13.0, -13.0, 10.0, -10.0, 10.0, -10.0, 8.0, -8.0, 12.0, -12.0, 13.0, -13.0, 0.0, 13.0, 2.0, -13.0, 0.0, -2.0, 15.0, -15.0, 0.0]
Q: [0.0, 11.0, 0.0, 7.0, 0.0, 5.0, 15.0, 5.0, 0.0, 13.0, 0.0, 10.0, 0.0, 10.0, 0.0, 8.0, 0.0, 12.0, 0.0, 13.0, 0.0, 0.0, 13.0, 15.0, 2.0, 2.0, 0.0, 15.0, 0.0, 0.0]
B: [0.0, 28.0, 57.5272370025, 175.0, 209.2400855285, 239.0, 258.0825283964, 265.03067246514, 312.18195768624, 319.07743627732003, 336.65666424672, 350.29084489682003, 372.04553103572005, 410.0, 427.1849823101, 453.0055821676, 473.7739787836, 483.52678966047, 484.64847856565, 493.47471638252, 513.51583673542, 527.04327718072, 531.79268356468, 559.45794562738, 572.63539382498, 593.23481444788, 609.39258025878, 616.22854588187, 637.02319935337, 668.8007768884701]
