Avion: 3      Iteracion: 13

Num Ruta: 15
Ingresos: 150000.0
Costos: 596.743835488
Utilidad Ruta: 149403.256165
Costo Reducido: 98570.4854282
Nodos: [103, 24, 69, 10, 55, 1, 31, 76, 46, 3, 48, 18, 36, 81, 34, 63, 79, 45, 90, 19, 64, 43, 88, 20, 7, 52, 27, 72, 65, 913]
q: [0.0, 14.0, -14.0, 12.0, -12.0, 7.0, 6.0, -6.0, -7.0, 15.0, -15.0, 3.0, 12.0, -12.0, 12.0, -3.0, -12.0, 11.0, -11.0, 7.0, -7.0, 5.0, -5.0, 5.0, 10.0, -10.0, 6.0, -6.0, -5.0, 0.0]
Q: [0.0, 14.0, 0.0, 12.0, 0.0, 7.0, 13.0, 7.0, 0.0, 15.0, 0.0, 3.0, 15.0, 3.0, 15.0, 12.0, 0.0, 11.0, 0.0, 7.0, 0.0, 5.0, 0.0, 5.0, 15.0, 5.0, 11.0, 5.0, 0.0, 0.0]
B: [0.0, 61.0, 99.5129503025, 111.2988809828, 140.8183917172, 179.237732888, 188.13149485918, 201.43710886228, 234.99819658308002, 256.0, 261.08428175852, 293.0, 306.9670306436, 313.91517471234005, 327.63492270564007, 355.86696018084007, 371.0195898206401, 413.0824975779401, 422.2741212103601, 434.1159754570601, 460.74309174856006, 480.94763826656003, 498.20995937356, 507.1501884534, 517.0, 545.5413118129, 561.3810866849999, 578.4119490530999, 594.5697148639998, 631.8713613825998]
