Avion: 4      Iteracion: 47

Num Ruta: 46
Ingresos: 75600.0
Costos: 203.951919607
Utilidad Ruta: 75396.0480804
Costo Reducido: 18.532600849
Nodos: [104, 31, 76, 36, 81, 34, 79, 39, 28, 84, 43, 73, 15, 88, 60, 914]
q: [0.0, 6.0, -6.0, 15.0, -15.0, 12.0, -12.0, 7.0, 8.0, -7.0, 5.0, -8.0, 10.0, -5.0, -10.0, 0.0]
Q: [0.0, 6.0, 0.0, 15.0, 0.0, 12.0, 0.0, 7.0, 15.0, 8.0, 13.0, 5.0, 15.0, 10.0, 0.0, 0.0]
B: [0.0, 130.0, 143.3056140031, 251.0, 257.94814406874, 283.0, 323.947598037, 388.0, 399.3210123222, 412.3114993416, 451.0, 467.5718045185, 511.0, 521.2530082415, 533.7945681525, 555.9754941251]
