Avion: 5      Iteracion: 42

Num Ruta: 43
Ingresos: 32400.0
Costos: 178.198854329
Utilidad Ruta: 32221.8011457
Costo Reducido: 14.2769447597
Nodos: [105, 1, 46, 42, 18, 87, 35, 80, 63, 915]
q: [0.0, 7.0, -7.0, 5.0, 9.0, -5.0, 6.0, -6.0, -9.0, 0.0]
Q: [0.0, 7.0, 0.0, 5.0, 14.0, 9.0, 15.0, 9.0, 0.0, 0.0]
B: [0.0, 175.0, 209.2400855285, 239.0, 293.0, 329.7411826293, 333.79763243178, 353.71051582418, 374.42975251378, 391.69384246948]
