Avion: 3      Iteracion: 7

Num Ruta: 9
Ingresos: 160800.0
Costos: 610.467141668
Utilidad Ruta: 160189.532858
Costo Reducido: 250530.669256
Nodos: [103, 12, 57, 30, 75, 14, 59, 11, 56, 44, 42, 89, 35, 87, 80, 26, 71, 39, 84, 13, 58, 32, 77, 5, 50, 2, 47, 29, 74, 913]
q: [0.0, 14.0, -14.0, 11.0, -11.0, 8.0, -8.0, 8.0, -8.0, 14.0, 1.0, -14.0, 6.0, -1.0, -6.0, 13.0, -13.0, 8.0, -8.0, 15.0, -15.0, 6.0, -6.0, 12.0, -12.0, 9.0, -9.0, 9.0, -9.0, 0.0]
Q: [0.0, 14.0, 0.0, 11.0, 0.0, 8.0, 0.0, 8.0, 0.0, 14.0, 15.0, 1.0, 7.0, 6.0, 0.0, 13.0, 0.0, 8.0, 0.0, 15.0, 0.0, 6.0, 0.0, 12.0, 0.0, 9.0, 0.0, 9.0, 0.0, 0.0]
B: [0.0, 54.0, 97.347924264, 122.72227077779999, 141.4362934346, 169.2322340915, 181.2539458665, 210.7023749757, 214.75644182271, 226.43374228131, 248.85405380901, 286.34223617361, 306.75844958351, 310.81489938599003, 326.88910835569004, 336.18211373608005, 353.76134170548005, 388.0, 410.632187455, 423.0, 439.88315095, 467.2623045162, 495.1196603311, 520.0618953953, 521.18358430048, 535.26563475488, 576.00059680228, 585.80533733939, 619.58511711959, 638.22228173759]
