Avion: 4      Iteracion: 43

Num Ruta: 42
Ingresos: 73200.0
Costos: 174.920761515
Utilidad Ruta: 73025.0792385
Costo Reducido: 32.2372984685
Nodos: [104, 31, 76, 36, 81, 25, 43, 70, 88, 21, 38, 83, 66, 33, 78, 914]
q: [0.0, 6.0, -6.0, 15.0, -15.0, 10.0, 5.0, -10.0, -5.0, 13.0, 2.0, -2.0, -13.0, 10.0, -10.0, 0.0]
Q: [0.0, 6.0, 0.0, 15.0, 0.0, 10.0, 15.0, 5.0, 0.0, 13.0, 15.0, 13.0, 0.0, 10.0, 0.0, 0.0]
B: [0.0, 130.0, 143.3056140031, 251.0, 257.94814406874, 410.0, 451.0, 464.0372215215, 471.78639754221, 479.06940495673, 485.8923178977, 518.7612045384001, 525.8311331094701, 562.0, 585.3035112376, 598.519619061]
