Avion: 6      Iteracion: 27

Num Ruta: 29
Ingresos: 68400.0
Costos: 236.672921689
Utilidad Ruta: 68163.3270783
Costo Reducido: 101.793233964
Nodos: [106, 14, 59, 18, 63, 28, 73, 21, 15, 60, 66, 37, 82, 916]
q: [0.0, 8.0, -8.0, 11.0, -11.0, 8.0, -8.0, 4.0, 11.0, -11.0, -4.0, 15.0, -15.0, 0.0]
Q: [0.0, 8.0, 0.0, 11.0, 0.0, 8.0, 0.0, 4.0, 15.0, 4.0, 0.0, 15.0, 0.0, 0.0]
B: [0.0, 112.0, 124.021711775, 293.0, 316.8182362487, 378.0, 414.0266187839, 477.0, 511.0, 527.4211666151, 557.8706147217999, 581.4499142873, 602.2445677588, 623.5439202607]
