Avion: 1      Iteracion: 0

Num Ruta: 2
Ingresos: 176400.0
Costos: 591.269563092
Utilidad Ruta: 175808.730437
Costo Reducido: -
Nodos: [101, 17, 62, 40, 85, 14, 59, 11, 56, 1, 46, 3, 48, 23, 18, 63, 68, 26, 71, 45, 90, 13, 58, 25, 70, 5, 50, 21, 66, 911]
q: [0.0, 5.0, -5.0, 15.0, -15.0, 8.0, -8.0, 8.0, -8.0, 7.0, -7.0, 15.0, -15.0, 4.0, 11.0, -11.0, -4.0, 13.0, -13.0, 11.0, -11.0, 15.0, -15.0, 10.0, -10.0, 12.0, -12.0, 13.0, -13.0, 0.0]
Q: [0.0, 5.0, 0.0, 15.0, 0.0, 8.0, 0.0, 8.0, 0.0, 7.0, 0.0, 15.0, 0.0, 4.0, 15.0, 4.0, 0.0, 13.0, 0.0, 11.0, 0.0, 15.0, 0.0, 10.0, 0.0, 12.0, 0.0, 13.0, 0.0, 0.0]
B: [0.0, 32.1256095351, 66.9681633164, 90.66713413789999, 123.23657591999999, 151.8149778522, 163.8366896272, 193.2851187364, 197.33918558341, 220.00863712071, 254.24872264921, 261.34527455841, 266.42955631692996, 269.79204364032995, 293.0, 316.8182362487, 326.74376782137, 346.43014059547, 364.00936856487, 387.53552099147, 396.72714462388996, 423.0, 439.88315095, 463.8957169312, 481.0806992413, 504.1429351476, 505.26462405278, 533.50421443578, 574.24300511498, 596.44116515138]
