Avion: 2      Iteracion: 42

Num Ruta: 44
Ingresos: 99600.0
Costos: 340.088860052
Utilidad Ruta: 99259.9111399
Costo Reducido: 37.2781666967
Nodos: [102, 44, 42, 87, 89, 8, 45, 90, 32, 77, 53, 5, 50, 43, 88, 21, 20, 66, 65, 37, 82, 912]
q: [0.0, 10.0, 5.0, -5.0, -10.0, 8.0, 7.0, -7.0, 6.0, -6.0, -8.0, 12.0, -12.0, 5.0, -5.0, 13.0, 2.0, -13.0, -2.0, 15.0, -15.0, 0.0]
Q: [0.0, 10.0, 15.0, 10.0, 0.0, 8.0, 15.0, 8.0, 14.0, 8.0, 0.0, 12.0, 0.0, 5.0, 0.0, 13.0, 15.0, 2.0, 0.0, 15.0, 0.0, 0.0]
B: [0.0, 211.0, 239.0, 287.0498346511, 304.6779412142, 414.0, 417.40515271317, 426.59677634559, 428.13238729892, 455.98974311382, 472.03884184241997, 481.79165271928997, 482.91334162447, 504.58912221017, 521.85144331717, 529.1344507316901, 533.8838571156501, 570.3091488371501, 590.9085694600501, 602.4860874151501, 623.2807408866502, 640.1016026957502]
