Avion: 1      Iteracion: 17

Num Ruta: 20
Ingresos: 121200.0
Costos: 417.977097397
Utilidad Ruta: 120782.022903
Costo Reducido: 233.252586487
Nodos: [101, 17, 62, 14, 59, 3, 48, 23, 18, 36, 81, 34, 63, 68, 79, 39, 84, 32, 8, 53, 13, 77, 58, 20, 7, 52, 65, 911]
q: [0.0, 5.0, -5.0, 8.0, -8.0, 15.0, -15.0, 3.0, 0.0, 12.0, -12.0, 12.0, 0.0, -3.0, -12.0, 8.0, -8.0, 6.0, 8.0, -8.0, 9.0, -6.0, -9.0, 10.0, 5.0, -5.0, -10.0, 0.0]
Q: [0.0, 5.0, 0.0, 8.0, 0.0, 15.0, 0.0, 3.0, 3.0, 15.0, 3.0, 15.0, 15.0, 12.0, 0.0, 8.0, 0.0, 6.0, 14.0, 6.0, 15.0, 9.0, 0.0, 10.0, 15.0, 10.0, 0.0, 0.0]
B: [0.0, 32.1256095351, 66.9681633164, 112.0, 124.021711775, 256.0, 261.08428175852, 267.0, 293.0, 306.9670306436, 313.91517471234005, 327.63492270564007, 355.86696018084007, 365.7924917535101, 382.3121474400101, 391.6487991953201, 414.28098665032013, 439.8928280523201, 451.3397261911201, 472.10812280712014, 474.3187989480301, 488.16097872583015, 492.2319291062702, 506.16251434167015, 517.0, 545.5413118129, 558.5049963585999, 589.1058820483998]
