Avion: 3      Iteracion: 87

Num Ruta: 64
Ingresos: 123600.0
Costos: 350.621361859
Utilidad Ruta: 123249.378638
Costo Reducido: 7.98050522075
Nodos: [103, 17, 30, 75, 16, 61, 62, 14, 59, 3, 48, 23, 18, 68, 63, 39, 28, 84, 43, 73, 15, 88, 60, 29, 74, 913]
q: [0.0, 4.0, 11.0, -11.0, 11.0, -11.0, -4.0, 8.0, -8.0, 15.0, -15.0, 10.0, 5.0, -10.0, -5.0, 8.0, 7.0, -8.0, 5.0, -7.0, 10.0, -5.0, -10.0, 9.0, -9.0, 0.0]
Q: [0.0, 4.0, 15.0, 4.0, 15.0, 4.0, 0.0, 8.0, 0.0, 15.0, 0.0, 10.0, 15.0, 5.0, 0.0, 8.0, 15.0, 7.0, 12.0, 5.0, 15.0, 10.0, 0.0, 9.0, 0.0, 0.0]
B: [0.0, 24.0, 64.0, 82.7140226568, 93.53069441849999, 103.15478585614, 117.80255462823999, 130.24110747813998, 142.26281925313998, 256.0, 261.08428175852, 267.0, 293.0, 318.4393114097, 328.36484298237, 388.0, 399.3210123222, 412.3114993416, 451.0, 467.5718045185, 511.0, 521.2530082415, 533.7945681525, 549.0, 582.7797797802, 601.4169443982]
