Avion: 1      Iteracion: 80

Num Ruta: 72
Ingresos: 68400.0
Costos: 164.796600985
Utilidad Ruta: 68235.203399
Costo Reducido: 3.3287373403
Nodos: [101, 30, 16, 61, 75, 40, 85, 5, 50, 6, 51, 33, 78, 911]
q: [0.0, 11.0, 4.0, -4.0, -11.0, 15.0, -15.0, 12.0, -12.0, 5.0, -5.0, 10.0, -10.0, 0.0]
Q: [0.0, 11.0, 15.0, 11.0, 0.0, 15.0, 0.0, 12.0, 0.0, 5.0, 0.0, 10.0, 0.0, 0.0]
B: [0.0, 64.0, 72.20259129788, 81.82668273552001, 84.69783929691, 115.50769336991, 148.07713515201, 469.0, 470.12168890518, 486.34528175638, 490.03757115457, 562.0, 585.3035112376, 590.98027404751]
