Avion: 4      Iteracion: 64

Num Ruta: 57
Ingresos: 126000.0
Costos: 357.142958803
Utilidad Ruta: 125642.857041
Costo Reducido: 13.8685717753
Nodos: [104, 30, 16, 61, 75, 14, 59, 3, 48, 23, 42, 87, 26, 71, 68, 28, 73, 25, 43, 70, 88, 29, 27, 74, 33, 72, 78, 914]
q: [0.0, 4.0, 11.0, -11.0, -4.0, 8.0, -8.0, 15.0, -15.0, 10.0, 5.0, -5.0, 5.0, -5.0, -10.0, 8.0, -8.0, 10.0, 5.0, -10.0, -5.0, 9.0, 6.0, -9.0, 9.0, -6.0, -9.0, 0.0]
Q: [0.0, 4.0, 15.0, 4.0, 0.0, 8.0, 0.0, 15.0, 0.0, 10.0, 15.0, 10.0, 15.0, 10.0, 0.0, 8.0, 0.0, 10.0, 15.0, 5.0, 0.0, 9.0, 15.0, 6.0, 15.0, 9.0, 0.0, 0.0]
B: [0.0, 64.0, 72.20259129788, 81.82668273552001, 84.69783929691, 112.49377995381, 124.51549172881, 256.0, 261.08428175852, 267.0, 289.6110683074, 337.6609029585, 344.55638154958, 362.13560951898, 365.20268190156, 378.0, 414.0266187839, 417.35999740026, 451.0, 464.0372215215, 471.78639754221, 549.0, 574.6018082369, 582.8182362320799, 591.66972791428, 605.51689791398, 626.08369020158, 639.29979802498]
