Avion: 2      Iteracion: 39

Num Ruta: 41
Ingresos: 75600.0
Costos: 235.45434823
Utilidad Ruta: 75364.5456518
Costo Reducido: 31.7704739878
Nodos: [102, 44, 89, 8, 53, 13, 58, 15, 60, 20, 7, 65, 52, 912]
q: [0.0, 14.0, -14.0, 8.0, -8.0, 15.0, -15.0, 11.0, -11.0, 10.0, 5.0, -10.0, -5.0, 0.0]
Q: [0.0, 14.0, 0.0, 8.0, 0.0, 15.0, 0.0, 11.0, 0.0, 10.0, 15.0, 5.0, 0.0, 0.0]
B: [0.0, 211.0, 265.00737440390003, 414.0, 434.768396616, 436.97907275691, 453.86222370691, 511.0, 527.4211666151, 533.55501866744, 542.2979730879999, 583.1352039074, 596.0988884530999, 606.7387197487999]
