Avion: 1      Iteracion: 3

Num Ruta: 7
Ingresos: 163200.0
Costos: 546.810874583
Utilidad Ruta: 162653.189125
Costo Reducido: 309136.293696
Nodos: [101, 9, 54, 12, 24, 57, 69, 31, 11, 56, 76, 23, 36, 81, 18, 63, 68, 45, 90, 19, 8, 64, 53, 6, 51, 41, 86, 15, 60, 7, 4, 49, 52, 911]
q: [0.0, 11.0, -11.0, 14.0, 1.0, -14.0, -1.0, 6.0, 8.0, -8.0, -6.0, 4.0, 11.0, -11.0, 11.0, -11.0, -4.0, 11.0, -11.0, 7.0, 8.0, -7.0, -8.0, 5.0, -5.0, 13.0, -13.0, 11.0, -11.0, 10.0, 5.0, -5.0, -10.0, 0.0]
Q: [0.0, 11.0, 0.0, 14.0, 15.0, 1.0, 0.0, 6.0, 14.0, 6.0, 0.0, 4.0, 15.0, 4.0, 15.0, 4.0, 0.0, 11.0, 0.0, 7.0, 15.0, 8.0, 0.0, 5.0, 0.0, 13.0, 0.0, 11.0, 0.0, 10.0, 15.0, 10.0, 0.0, 0.0]
B: [0.0, 28.0, 57.5272370025, 68.3142737596, 85.16210118629999, 126.71638242179999, 142.6486199922, 153.9329777497, 169.0, 173.05406684701, 176.74844541451, 267.0, 301.145140152, 308.09328422074003, 328.97614448944, 352.79438073814, 362.71991231081, 389.10844468761, 398.30006832003, 410.14192256673, 433.30280411303, 451.25976354383, 454.18788273538996, 463.37855436481993, 467.0708437630099, 486.18756366990993, 506.22868402280994, 528.8185570857099, 545.2397237008099, 556.1444632667099, 566.5078365592099, 586.9335862394098, 588.0939603170198, 606.0589680821198]
