Avion: 3      Iteracion: 23

Num Ruta: 25
Ingresos: 134400.0
Costos: 420.251199049
Utilidad Ruta: 133979.748801
Costo Reducido: 96.9967368089
Nodos: [103, 17, 62, 9, 54, 11, 56, 36, 81, 34, 79, 39, 84, 28, 73, 25, 70, 15, 60, 29, 4, 49, 74, 33, 78, 913]
q: [0, 5.0, -5.0, 11.0, -11.0, 8.0, -8.0, 15.0, -15.0, 12.0, -12.0, 8.0, -8.0, 8.0, -8.0, 10.0, -10.0, 11.0, -11.0, 9.0, 5.0, -5.0, -9.0, 10.0, -10.0, 0]
Q: [0, 5.0, 0.0, 11.0, 0.0, 8.0, 0.0, 15.0, 0.0, 12.0, 0.0, 8.0, 0.0, 8.0, 0.0, 10.0, 0.0, 11.0, 0.0, 9.0, 14.0, 9.0, 0.0, 10.0, 0.0, 0]
B: [0.0, 24.0, 58.8425537813, 81.72911018459999, 111.25634718709999, 169.0, 173.05406684701, 251.0, 257.94814406874, 283.0, 323.947598037, 388.0, 410.632187455, 423.6226744744, 459.6492932583, 462.98267187466, 480.16765418476, 511.0, 527.4211666151, 549.0, 569.7100026316, 590.1357523117999, 602.3548233485, 611.2063150307, 634.5098262683, 653.3485650796]
