Avion: 2      Iteracion: 23

Num Ruta: 25
Ingresos: 154800.0
Costos: 464.243348753
Utilidad Ruta: 154335.756651
Costo Reducido: 211.319406223
Nodos: [102, 9, 24, 54, 12, 57, 69, 1, 11, 56, 46, 3, 48, 8, 45, 90, 19, 64, 53, 6, 51, 5, 50, 2, 4, 47, 7, 52, 49, 33, 78, 912]
q: [0.0, 11.0, 1.0, -11.0, 14.0, -14.0, -1.0, 7.0, 8.0, -8.0, -7.0, 15.0, -15.0, 8.0, 7.0, -7.0, 7.0, -7.0, -8.0, 5.0, -5.0, 12.0, -12.0, 9.0, 5.0, -9.0, 10.0, -10.0, -5.0, 10.0, -10.0, 0.0]
Q: [0.0, 11.0, 12.0, 1.0, 15.0, 1.0, 0.0, 7.0, 15.0, 7.0, 0.0, 15.0, 0.0, 8.0, 15.0, 8.0, 15.0, 8.0, 0.0, 5.0, 0.0, 12.0, 0.0, 9.0, 14.0, 5.0, 15.0, 5.0, 0.0, 10.0, 0.0, 0.0]
B: [0.0, 41.2034331094, 61.0, 85.1402498951, 95.9272866522, 139.2752109162, 155.2074484866, 175.0, 193.6808285951, 197.73489544211, 232.05062478011, 256.0, 261.08428175852, 414.0, 417.40515271317, 426.59677634559, 438.43863059229, 465.06574688379, 467.99386607534996, 477.1845377047799, 480.8768271029699, 499.2656873177699, 500.3873762229499, 522.0, 549.3715326023, 562.8222884175, 574.3290145375, 602.8703263504, 604.0307004280099, 612.6021658803099, 635.9056771179099, 657.4413634548099]
