Avion: 6      Iteracion: 80

Num Ruta: 63
Ingresos: 116400.0
Costos: 335.399037578
Utilidad Ruta: 116064.600962
Costo Reducido: 19.9981370211
Nodos: [106, 9, 54, 14, 59, 3, 48, 23, 18, 63, 68, 28, 73, 25, 21, 70, 20, 38, 83, 66, 65, 2, 33, 78, 47, 916]
q: [0.0, 11.0, -11.0, 8.0, -8.0, 15.0, -15.0, 10.0, 5.0, -5.0, -10.0, 8.0, -8.0, 10.0, 5.0, -10.0, 10.0, 0.0, 0.0, -5.0, -10.0, 9.0, 6.0, -6.0, -9.0, 0.0]
Q: [0.0, 11.0, 0.0, 8.0, 0.0, 15.0, 0.0, 10.0, 15.0, 10.0, 0.0, 8.0, 0.0, 10.0, 15.0, 5.0, 15.0, 15.0, 15.0, 10.0, 0.0, 9.0, 15.0, 9.0, 0.0, 0.0]
B: [0.0, 28.0, 57.5272370025, 112.0, 124.021711775, 256.0, 261.08428175852, 267.0, 293.0, 316.8182362487, 326.74376782137, 378.0, 414.0266187839, 417.35999740026, 477.0, 485.168713485, 496.0, 498.08106943661, 530.9499560773099, 538.01988464838, 558.6193052712799, 565.9496025367399, 579.7352034667399, 603.0387147043399, 621.5574987357398, 635.4061891070398]
