Avion: 4      Iteracion: 22

Num Ruta: 23
Ingresos: 57600.0
Costos: 201.057571353
Utilidad Ruta: 57398.9424286
Costo Reducido: 137.104616553
Nodos: [104, 16, 61, 40, 85, 41, 86, 2, 47, 914]
q: [0, 11.0, -11.0, 15.0, -15.0, 13.0, -13.0, 9.0, -9.0, 0]
Q: [0, 11.0, 0.0, 15.0, 0.0, 13.0, 0.0, 9.0, 0.0, 0]
B: [0.0, 36.0, 45.624091437640004, 77.27284989674001, 109.84229167884001, 446.0, 466.0411203529, 522.0, 562.7349620474, 586.3419889674]
