Avion: 5      Iteracion: 5

Num Ruta: 8
Ingresos: 171600.0
Costos: 642.880648162
Utilidad Ruta: 170957.119352
Costo Reducido: 352928.856554
Nodos: [105, 17, 62, 24, 16, 61, 69, 10, 55, 1, 11, 56, 46, 23, 18, 63, 68, 26, 71, 39, 84, 8, 6, 51, 53, 13, 58, 15, 60, 20, 27, 65, 72, 33, 78, 915]
q: [0.0, 5.0, -5.0, 4.0, 11.0, -11.0, -4.0, 12.0, -12.0, 7.0, 8.0, -8.0, -7.0, 0.0, 11.0, -11.0, 0.0, 13.0, -13.0, 8.0, -8.0, 8.0, 5.0, -5.0, -8.0, 15.0, -15.0, 11.0, -11.0, 9.0, 6.0, -9.0, -6.0, 10.0, -10.0, 0.0]
Q: [0.0, 5.0, 0.0, 4.0, 15.0, 4.0, 0.0, 12.0, 0.0, 7.0, 15.0, 7.0, 0.0, 0.0, 11.0, 0.0, 0.0, 13.0, 0.0, 8.0, 0.0, 8.0, 13.0, 8.0, 0.0, 15.0, 0.0, 11.0, 0.0, 9.0, 15.0, 6.0, 0.0, 10.0, 0.0, 0.0]
B: [0.0, 24.0, 58.8425537813, 75.400837086, 92.9734739968, 102.59756543444, 129.38684935544, 141.17278003574, 170.69229077014, 209.11163194094001, 227.79246053604, 231.84652738305002, 266.16225672105, 270.99278019165, 293.0, 316.8182362487, 326.74376782137, 346.43014059547, 364.00936856487, 388.0, 410.632187455, 434.7301572658, 462.6446552373, 466.33694463549, 479.20294712269, 481.41362326359996, 498.2967742136, 518.2537999689999, 534.6749665840999, 540.8088186364399, 564.3030225174399, 590.6037858713399, 606.7615516822399, 620.6087216819399, 643.9122329195399, 660.1448248567399]
