Avion: 4      Iteracion: 0

Num Ruta: 3
Ingresos: 187200.0
Costos: 589.163260045
Utilidad Ruta: 186610.83674
Costo Reducido: -
Nodos: [104, 16, 61, 24, 30, 69, 10, 75, 55, 11, 56, 36, 81, 3, 48, 26, 71, 45, 90, 13, 58, 41, 86, 21, 66, 37, 82, 914]
q: [0.0, 11.0, -11.0, 14.0, 1.0, -14.0, 12.0, -1.0, -12.0, 8.0, -8.0, 15.0, -15.0, 15.0, -15.0, 13.0, -13.0, 11.0, -11.0, 15.0, -15.0, 13.0, -13.0, 13.0, -13.0, 15.0, -15.0, 0.0]
Q: [0.0, 11.0, 0.0, 14.0, 15.0, 1.0, 13.0, 12.0, 0.0, 8.0, 0.0, 15.0, 0.0, 15.0, 0.0, 13.0, 0.0, 11.0, 0.0, 15.0, 0.0, 13.0, 0.0, 13.0, 0.0, 15.0, 0.0, 0.0]
B: [0.0, 36.0, 45.624091437640004, 70.85029051714, 89.10719167804, 109.37531307594, 121.16124375624, 139.85429404234, 158.75509193554, 211.39330851814, 215.44737536515, 251.0, 257.94814406874, 294.92818141324, 300.01246317176, 337.68753453206, 355.26676250146, 378.79291492806, 387.98453856047996, 423.0, 439.88315095, 474.68910223710003, 494.73022259000004, 512.5932795512, 553.3320702304, 576.9113697959, 597.7060232674, 647.7934486754]
