Avion: 6      Iteracion: 9

Num Ruta: 12
Ingresos: 132000.0
Costos: 558.466177332
Utilidad Ruta: 131441.533823
Costo Reducido: 204864.828155
Nodos: [106, 9, 54, 24, 69, 10, 55, 23, 36, 81, 18, 63, 68, 28, 25, 70, 43, 73, 88, 20, 5, 50, 65, 2, 47, 29, 74, 916]
q: [0.0, 11.0, -11.0, 14.0, -14.0, 12.0, -12.0, 10.0, 5.0, -5.0, 5.0, -5.0, -10.0, 8.0, 7.0, -7.0, 5.0, -8.0, -5.0, 3.0, 12.0, -12.0, -3.0, 9.0, -9.0, 9.0, -9.0, 0.0]
Q: [0.0, 11.0, 0.0, 14.0, 0.0, 12.0, 0.0, 10.0, 15.0, 10.0, 15.0, 10.0, 0.0, 8.0, 15.0, 8.0, 13.0, 5.0, 0.0, 3.0, 15.0, 3.0, 0.0, 9.0, 0.0, 9.0, 0.0, 0.0]
B: [0.0, 28.0, 57.5272370025, 81.6674868976, 120.1804372001, 131.9663678804, 161.48587861480001, 267.0, 301.145140152, 308.09328422074003, 328.97614448944, 352.79438073814, 362.71991231081, 378.0, 414.5748134377, 431.7597957478, 451.0, 467.5718045185, 480.63640114450004, 496.0, 519.9123369832, 521.03402588838, 540.17366112528, 547.50395839074, 588.23892043814, 598.04366097525, 631.82344075545, 663.08667491315]
