Avion: 3      Iteracion: 0

Num Ruta: 1
Ingresos: 49200.0
Costos: 173.432955178
Utilidad Ruta: 49026.5670448
Costo Reducido: -
Nodos: [103, 31, 11, 76, 56, 34, 79, 6, 51, 33, 78, 913]
q: [0, 6.0, 8.0, -6.0, -8.0, 12.0, -12.0, 5.0, -5.0, 10.0, -10.0, 0]
Q: [0, 6.0, 14.0, 8.0, 0.0, 12.0, 0.0, 5.0, 0.0, 10.0, 0.0, 0]
B: [0.0, 130.0, 169.0, 169.478878899097, 173.173257466597, 283.0, 323.947598037, 436.0, 439.69228939819, 562.0, 585.3035112376, 604.1422500489]
