Avion: 1      Iteracion: 60

Num Ruta: 57
Ingresos: 103200.0
Costos: 278.545053907
Utilidad Ruta: 102921.454946
Costo Reducido: 15.8351914875
Nodos: [101, 30, 16, 75, 61, 10, 55, 35, 26, 80, 71, 6, 51, 13, 58, 20, 4, 49, 65, 2, 47, 911]
q: [0.0, 11.0, 4.0, -11.0, -4.0, 12.0, -12.0, 6.0, 9.0, -6.0, -9.0, 5.0, -5.0, 15.0, -15.0, 10.0, 5.0, -5.0, -10.0, 9.0, -9.0, 0.0]
Q: [0.0, 11.0, 15.0, 4.0, 0.0, 12.0, 0.0, 6.0, 15.0, 9.0, 0.0, 5.0, 0.0, 15.0, 0.0, 10.0, 15.0, 10.0, 0.0, 9.0, 0.0, 0.0]
B: [0.0, 64.0, 72.20259129788, 83.01926305958, 85.89041962097, 101.71969683127, 131.23920756567, 279.0, 300.0, 309.29300538039, 319.11482114938, 436.0, 439.69228939819, 453.10235550539, 469.98550645539, 496.0, 529.0, 549.4257496801999, 561.2869729308, 568.6172701962599, 609.35223224366, 625.3960388368599]
