Avion: 3      Iteracion: 75

Num Ruta: 60
Ingresos: 64800.0
Costos: 190.464514293
Utilidad Ruta: 64609.5354857
Costo Reducido: 17.3740612875
Nodos: [103, 17, 62, 14, 59, 3, 48, 18, 63, 21, 38, 66, 83, 913]
q: [0.0, 5.0, -5.0, 8.0, -8.0, 15.0, -15.0, 11.0, -11.0, 13.0, 2.0, -13.0, -2.0, 0.0]
Q: [0.0, 5.0, 0.0, 8.0, 0.0, 15.0, 0.0, 11.0, 0.0, 13.0, 15.0, 2.0, 0.0, 0.0]
B: [0.0, 24.0, 58.8425537813, 112.0, 124.021711775, 256.0, 261.08428175852, 293.0, 316.8182362487, 477.0, 483.82291294097, 518.30529332577, 525.37522189684, 535.33919725811]
