Avion: 3      Iteracion: 73

Num Ruta: 59
Ingresos: 96000.0
Costos: 310.838116032
Utilidad Ruta: 95689.161884
Costo Reducido: 1.13518920701
Nodos: [103, 17, 30, 75, 16, 61, 62, 18, 63, 39, 28, 84, 43, 73, 15, 88, 60, 29, 4, 49, 74, 913]
q: [0.0, 5.0, 10.0, -10.0, 10.0, -10.0, -5.0, 11.0, -11.0, 7.0, 8.0, -7.0, 5.0, -8.0, 10.0, -5.0, -10.0, 9.0, 5.0, -5.0, -9.0, 0.0]
Q: [0.0, 5.0, 15.0, 5.0, 15.0, 5.0, 0.0, 11.0, 0.0, 7.0, 15.0, 8.0, 13.0, 5.0, 15.0, 10.0, 0.0, 9.0, 14.0, 9.0, 0.0, 0.0]
B: [0.0, 24.0, 64.0, 82.7140226568, 93.53069441849999, 103.15478585614, 117.80255462823999, 293.0, 316.8182362487, 388.0, 399.3210123222, 412.3114993416, 451.0, 467.5718045185, 511.0, 521.2530082415, 533.7945681525, 549.0, 569.7100026316, 590.1357523117999, 602.3548233485, 620.9919879665]
