Avion: 2      Iteracion: 24

Num Ruta: 26
Ingresos: 88800.0
Costos: 286.356334274
Utilidad Ruta: 88513.6436657
Costo Reducido: 140.145774408
Nodos: [102, 34, 79, 26, 71, 13, 58, 25, 70, 20, 5, 50, 65, 2, 47, 912]
q: [0.0, 12.0, -12.0, 13.0, -13.0, 15.0, -15.0, 10.0, -10.0, 10.0, 5.0, -5.0, -10.0, 9.0, -9.0, 0.0]
Q: [0.0, 12.0, 0.0, 13.0, 0.0, 15.0, 0.0, 10.0, 0.0, 10.0, 15.0, 10.0, 0.0, 9.0, 0.0, 0.0]
B: [0.0, 283.0, 323.947598037, 358.0226741044, 375.6019020738, 423.0, 439.88315095, 463.8957169312, 481.0806992413, 496.0, 519.9123369832, 521.03402588838, 540.17366112528, 547.50395839074, 588.23892043814, 614.1697641575399]
