Avion: 4      Iteracion: 28

Num Ruta: 29
Ingresos: 48000.0
Costos: 138.137514263
Utilidad Ruta: 47861.8624857
Costo Reducido: 76.0313028693
Nodos: [104, 36, 81, 34, 79, 39, 84, 6, 51, 914]
q: [0, 15.0, -15.0, 12.0, -12.0, 8.0, -8.0, 5.0, -5.0, 0]
Q: [0, 15.0, 0.0, 12.0, 0.0, 8.0, 0.0, 5.0, 0.0, 0]
B: [0.0, 251.0, 257.94814406874, 283.0, 323.947598037, 388.0, 410.632187455, 436.0, 439.69228939819, 464.17121637629]
