Avion: 1      Iteracion: 42

Num Ruta: 42
Ingresos: 115200.0
Costos: 436.85595256
Utilidad Ruta: 114763.144047
Costo Reducido: 51.7485663621
Nodos: [101, 9, 54, 44, 42, 89, 87, 35, 26, 80, 71, 18, 63, 28, 73, 25, 70, 32, 43, 38, 77, 88, 21, 83, 66, 911]
q: [0.0, 11.0, -11.0, 10.0, 5.0, -10.0, -5.0, 6.0, 9.0, -6.0, -9.0, 11.0, -11.0, 8.0, -8.0, 10.0, -10.0, 6.0, 5.0, 2.0, -6.0, -5.0, 13.0, -2.0, -13.0, 0.0]
Q: [0.0, 11.0, 0.0, 10.0, 15.0, 5.0, 0.0, 6.0, 15.0, 9.0, 0.0, 11.0, 0.0, 8.0, 0.0, 10.0, 0.0, 6.0, 11.0, 13.0, 7.0, 2.0, 15.0, 13.0, 0.0, 0.0]
B: [0.0, 28.0, 57.5272370025, 211.0, 239.0, 276.4881823646, 294.1162889277, 298.17273873018, 308.79995332288, 318.09295870327, 327.91477447226004, 351.19344522466, 375.01168147336, 384.14518425159, 420.17180303549003, 423.50518165185, 440.69016396195, 459.23509340375, 466.44792897653, 480.0, 495.0304472322, 508.8294020477, 516.1124094622201, 554.6241479324201, 561.6940765034901, 583.8922365398902]
