Avion: 4      Iteracion: 21

Num Ruta: 22
Ingresos: 127200.0
Costos: 434.508786181
Utilidad Ruta: 126765.491214
Costo Reducido: 189.39125376
Nodos: [104, 31, 11, 76, 56, 44, 89, 36, 81, 34, 79, 28, 73, 25, 43, 70, 88, 21, 66, 27, 29, 4, 72, 49, 74, 914]
q: [0.0, 6.0, 8.0, -6.0, -8.0, 14.0, -14.0, 15.0, -15.0, 12.0, -12.0, 8.0, -8.0, 10.0, 5.0, -10.0, -5.0, 13.0, -13.0, 1.0, 9.0, 5.0, -1.0, -5.0, -9.0, 0.0]
Q: [0.0, 6.0, 14.0, 8.0, 0.0, 14.0, 0.0, 15.0, 0.0, 12.0, 0.0, 8.0, 0.0, 10.0, 15.0, 5.0, 0.0, 13.0, 0.0, 1.0, 10.0, 15.0, 14.0, 9.0, 0.0, 0.0]
B: [0.0, 130.0, 169.0, 169.478878899097, 173.173257466597, 211.0, 265.00737440390003, 304.21876092620005, 311.16690499494007, 324.8866529882401, 365.83425102524006, 378.0, 414.0266187839, 417.35999740026, 451.0, 464.0372215215, 471.78639754221, 479.06940495673, 519.80819563593, 538.0, 563.6018082369, 584.3118108685, 600.3990115262, 605.8142700611199, 618.03334109782, 642.8417691214199]
