Avion: 5      Iteracion: 2

Num Ruta: 6
Ingresos: 195600.0
Costos: 586.292688472
Utilidad Ruta: 195013.707312
Costo Reducido: 268311.626355
Nodos: [105, 30, 75, 24, 69, 31, 11, 56, 76, 1, 46, 3, 48, 23, 36, 81, 18, 63, 68, 45, 90, 13, 58, 25, 21, 70, 20, 66, 65, 37, 82, 33, 78, 915]
q: [0.0, 11.0, -11.0, 14.0, -14.0, 6.0, 8.0, -8.0, -6.0, 7.0, -7.0, 15.0, -15.0, 0.0, 15.0, -15.0, 11.0, -11.0, 0.0, 11.0, -11.0, 15.0, -15.0, 10.0, 5.0, -10.0, 10.0, -5.0, -10.0, 15.0, -15.0, 10.0, -10.0, 0.0]
Q: [0.0, 11.0, 0.0, 14.0, 0.0, 6.0, 14.0, 6.0, 0.0, 7.0, 0.0, 15.0, 0.0, 0.0, 15.0, 0.0, 11.0, 0.0, 0.0, 11.0, 0.0, 15.0, 0.0, 10.0, 15.0, 5.0, 15.0, 10.0, 0.0, 15.0, 0.0, 10.0, 0.0, 0.0]
B: [0.0, 64.0, 82.7140226568, 107.4479935471, 145.9609438496, 157.2453016071, 170.428030801, 174.48209764801, 178.17647621551, 197.16617031521, 231.40625584371, 256.0, 261.08428175852, 267.0, 301.145140152, 308.09328422074003, 328.97614448944, 352.79438073814, 362.71991231081, 389.10844468761, 398.30006832003, 423.0, 439.88315095, 463.8957169312, 477.0, 485.168713485, 496.0, 532.4252917215, 553.0247123444, 564.6022302995, 585.3968837709999, 619.9806385989999, 643.2841498365999, 659.5167417737999]
