Avion: 5      Iteracion: 28

Num Ruta: 29
Ingresos: 27600.0
Costos: 108.201793651
Utilidad Ruta: 27491.7982063
Costo Reducido: 43.4958000047
Nodos: [105, 39, 84, 37, 82, 915]
q: [0, 8.0, -8.0, 15.0, -15.0, 0]
Q: [0, 8.0, 0.0, 15.0, 0.0, 0]
B: [0.0, 388.0, 410.632187455, 562.0, 582.7946534714999, 607.8598314082]
