Avion: 1      Iteracion: 34

Num Ruta: 35
Ingresos: 128400.0
Costos: 463.07121318
Utilidad Ruta: 127936.928787
Costo Reducido: 43.4245007866
Nodos: [101, 40, 85, 14, 59, 11, 56, 44, 89, 36, 81, 34, 79, 28, 45, 90, 43, 73, 15, 88, 21, 60, 66, 911]
q: [0.0, 15.0, -15.0, 8.0, -8.0, 8.0, -8.0, 14.0, -14.0, 15.0, -15.0, 12.0, -12.0, 8.0, 7.0, -7.0, 5.0, -8.0, 2.0, -5.0, 13.0, -2.0, -13.0, 0.0]
Q: [0.0, 15.0, 0.0, 8.0, 0.0, 8.0, 0.0, 14.0, 0.0, 15.0, 0.0, 12.0, 0.0, 8.0, 15.0, 8.0, 13.0, 5.0, 7.0, 2.0, 15.0, 13.0, 0.0, 0.0]
B: [0.0, 62.0, 94.5694417821, 123.1478437143, 135.1695554893, 169.0, 173.05406684701, 211.0, 265.00737440390003, 304.21876092620005, 311.16690499494007, 324.8866529882401, 365.83425102524006, 378.0, 411.1514906603, 420.34311429272, 451.0, 467.5718045185, 511.0, 521.2530082415, 528.53601565602, 539.33528377932, 569.7847318860199, 591.98289192242]
