Avion: 3      Iteracion: 14

Num Ruta: 16
Ingresos: 128400.0
Costos: 495.525715184
Utilidad Ruta: 127904.474285
Costo Reducido: 112311.339052
Nodos: [103, 16, 61, 14, 59, 11, 56, 42, 23, 87, 68, 45, 90, 25, 70, 8, 53, 13, 58, 7, 4, 38, 83, 27, 72, 52, 49, 913]
q: [0.0, 11.0, -11.0, 8.0, -8.0, 8.0, -8.0, 5.0, 10.0, -5.0, -10.0, 11.0, -11.0, 10.0, -10.0, 8.0, -8.0, 15.0, -15.0, 2.0, 5.0, 8.0, -8.0, 6.0, -6.0, -2.0, -5.0, 0.0]
Q: [0.0, 11.0, 0.0, 8.0, 0.0, 8.0, 0.0, 5.0, 15.0, 10.0, 0.0, 11.0, 0.0, 10.0, 0.0, 8.0, 0.0, 15.0, 0.0, 2.0, 7.0, 15.0, 7.0, 13.0, 7.0, 5.0, 0.0, 0.0]
B: [0.0, 36.0, 45.624091437640004, 112.0, 124.021711775, 169.0, 173.05406684701, 239.0, 267.0, 304.0156388571, 330.3759948486, 371.0, 380.19162363242, 410.0, 427.1849823101, 453.0055821676, 473.7739787836, 475.98465492451, 492.86780587451, 517.0, 529.0, 537.33390040737, 570.20278704807, 581.7385143766701, 598.76937674477, 603.16929731223, 604.32967138984, 635.0292200510399]
