Avion: 1      Iteracion: 0

Num Ruta: 1
Ingresos: 108000.0
Costos: 324.690477956
Utilidad Ruta: 107675.309522
Costo Reducido: -
Nodos: [101, 17, 62, 14, 59, 3, 48, 18, 63, 26, 71, 13, 58, 25, 70, 21, 66, 911]
q: [0, 5.0, -5.0, 8.0, -8.0, 15.0, -15.0, 11.0, -11.0, 13.0, -13.0, 15.0, -15.0, 10.0, -10.0, 13.0, -13.0, 0]
Q: [0, 5.0, 0.0, 8.0, 0.0, 15.0, 0.0, 11.0, 0.0, 13.0, 0.0, 15.0, 0.0, 10.0, 0.0, 13.0, 0.0, 0]
B: [0.0, 32.1256095351, 66.9681633164, 112.0, 124.021711775, 256.0, 261.08428175852, 293.0, 316.8182362487, 345.81975307109997, 363.39898104049996, 423.0, 439.88315095, 463.8957169312, 481.0806992413, 489.2494127263, 529.9882034055, 552.1863634419001]
