Avion: 4      Iteracion: 9

Num Ruta: 11
Ingresos: 163200.0
Costos: 578.034447384
Utilidad Ruta: 162621.965553
Costo Reducido: 287762.361463
Nodos: [104, 9, 54, 30, 75, 10, 55, 31, 76, 36, 81, 18, 23, 68, 63, 28, 73, 25, 70, 6, 51, 5, 50, 41, 86, 2, 47, 29, 74, 914]
q: [0.0, 11.0, -11.0, 11.0, -11.0, 12.0, -12.0, 6.0, -6.0, 15.0, -15.0, 5.0, 10.0, -10.0, -5.0, 8.0, -8.0, 10.0, -10.0, 5.0, -5.0, 12.0, -12.0, 13.0, -13.0, 9.0, -9.0, 9.0, -9.0, 0.0]
Q: [0.0, 11.0, 0.0, 11.0, 0.0, 12.0, 0.0, 6.0, 0.0, 15.0, 0.0, 5.0, 15.0, 5.0, 0.0, 8.0, 0.0, 10.0, 0.0, 5.0, 0.0, 12.0, 0.0, 13.0, 0.0, 9.0, 0.0, 9.0, 0.0, 0.0]
B: [0.0, 34.2318085996, 63.7590456021, 79.5469459375, 98.2609685943, 116.9540188804, 146.4735296148, 186.081683952, 199.3872979551, 251.0, 257.94814406874, 293.0, 313.1789501461, 352.91279305110004, 362.83832462377006, 378.0, 414.0266187839, 417.35999740026, 434.54497971036, 460.04675019796, 463.73903959615, 482.12789981095, 483.24958871613, 492.075826533, 512.1169468859, 537.1053016537, 577.8402637011001, 587.64500423821, 621.42478401841, 646.23321204201]
