Avion: 1      Iteracion: 37

Num Ruta: 38
Ingresos: 84000.0
Costos: 264.037262426
Utilidad Ruta: 83735.9627376
Costo Reducido: 70.7565962303
Nodos: [101, 12, 57, 31, 76, 36, 81, 34, 79, 28, 43, 73, 15, 88, 60, 911]
q: [0.0, 14.0, -14.0, 6.0, -6.0, 15.0, -15.0, 12.0, -12.0, 8.0, 5.0, -8.0, 10.0, -5.0, -10.0, 0.0]
Q: [0.0, 14.0, 0.0, 6.0, 0.0, 15.0, 0.0, 12.0, 0.0, 8.0, 13.0, 5.0, 15.0, 10.0, 0.0, 0.0]
B: [0.0, 54.0, 97.347924264, 130.0, 143.3056140031, 251.0, 257.94814406874, 283.0, 323.947598037, 378.0, 451.0, 467.5718045185, 511.0, 521.2530082415, 533.7945681525, 542.12532183989]
