Avion: 7      Iteracion: 17

Num Ruta: 18
Ingresos: 93600.0
Costos: 351.310147201
Utilidad Ruta: 93248.6898528
Costo Reducido: 251.396730623
Nodos: [107, 42, 3, 48, 23, 87, 35, 68, 80, 28, 73, 19, 8, 64, 53, 20, 65, 37, 82, 917]
q: [0.0, 5.0, 10.0, -10.0, 9.0, -5.0, 6.0, -9.0, -6.0, 8.0, -8.0, 7.0, 8.0, -7.0, -8.0, 10.0, -10.0, 15.0, -15.0, 0.0]
Q: [0.0, 5.0, 15.0, 5.0, 14.0, 9.0, 15.0, 6.0, 0.0, 8.0, 0.0, 7.0, 15.0, 8.0, 0.0, 10.0, 0.0, 15.0, 0.0, 0.0]
B: [0.0, 239.0, 257.4606418632, 262.54492362172, 267.0, 304.0156388571, 308.07208865958, 337.59212431338, 350.21066979218, 378.0, 414.0266187839, 426.5624120576, 449.7232936039, 467.6802530347, 470.60837222626, 496.0, 538.1771424471, 562.0, 582.7946534714999, 602.8663856587999]
