Avion: 5      Iteracion: 35

Num Ruta: 36
Ingresos: 136800.0
Costos: 423.978886197
Utilidad Ruta: 136376.021114
Costo Reducido: 81.8111470553
Nodos: [105, 10, 55, 31, 11, 56, 76, 44, 89, 3, 48, 23, 18, 63, 68, 6, 51, 13, 58, 21, 27, 66, 2, 72, 47, 915]
q: [0.0, 12.0, -12.0, 6.0, 8.0, -8.0, -6.0, 14.0, -14.0, 15.0, -15.0, 4.0, 11.0, -11.0, -4.0, 5.0, -5.0, 15.0, -15.0, 13.0, 2.0, -13.0, 9.0, -2.0, -9.0, 0.0]
Q: [0.0, 12.0, 0.0, 6.0, 14.0, 6.0, 0.0, 14.0, 0.0, 15.0, 0.0, 4.0, 15.0, 4.0, 0.0, 5.0, 0.0, 15.0, 0.0, 13.0, 15.0, 2.0, 11.0, 9.0, 0.0, 0.0]
B: [0.0, 96.0, 125.5195107344, 165.1276650716, 178.3103942655, 182.36446111251, 186.05883968001, 211.0, 265.00737440390003, 287.39410424550005, 292.47838600402, 295.84087332742, 316.01982347352003, 339.83805972222, 349.76359129489003, 436.0, 439.69228939819, 453.10235550539, 469.98550645539, 485.49690284639, 538.0, 551.1774481976, 575.0284619287, 586.4805350161, 615.8210653624001, 626.8771489818001]
