Avion: 6      Iteracion: 0

Num Ruta: 2
Ingresos: 164400.0
Costos: 631.926944932
Utilidad Ruta: 163768.073055
Costo Reducido: -
Nodos: [106, 9, 54, 40, 85, 10, 55, 11, 56, 3, 48, 42, 87, 26, 71, 45, 90, 28, 43, 73, 88, 21, 38, 83, 66, 33, 78, 29, 74, 916]
q: [0.0, 11.0, -11.0, 15.0, -15.0, 12.0, -12.0, 8.0, -8.0, 15.0, -15.0, 5.0, -5.0, 13.0, -13.0, 11.0, -11.0, 8.0, 5.0, -8.0, -5.0, 13.0, 2.0, -2.0, -13.0, 10.0, -10.0, 9.0, -9.0, 0.0]
Q: [0.0, 11.0, 0.0, 15.0, 0.0, 12.0, 0.0, 8.0, 0.0, 15.0, 0.0, 5.0, 0.0, 13.0, 0.0, 11.0, 0.0, 8.0, 13.0, 5.0, 0.0, 13.0, 15.0, 13.0, 0.0, 10.0, 0.0, 9.0, 0.0, 0.0]
B: [0.0, 28.0, 57.5272370025, 86.4860319533, 119.0554737354, 136.2361678133, 165.7556785477, 218.3938951303, 222.44796197731, 256.0, 261.08428175852, 282.70958344432, 330.75941809542, 337.6548966865, 355.2341246559, 378.7602770825, 387.95190071492, 423.53319818982, 454.67298861942, 471.24479313792, 484.30938976392, 491.59239717844, 498.41531011941004, 531.28419676011, 538.3541253311801, 562.0, 585.3035112376, 603.6868304428, 637.466610223, 668.7298443807]
