Avion: 7      Iteracion: 80

Num Ruta: 59
Ingresos: 50400.0
Costos: 140.847504854
Utilidad Ruta: 50259.1524951
Costo Reducido: 0.40527051354
Nodos: [107, 40, 16, 85, 61, 5, 50, 4, 20, 49, 65, 917]
q: [0.0, 15.0, 0.0, -15.0, 0.0, 12.0, -12.0, 5.0, 10.0, -5.0, -10.0, 0.0]
Q: [0.0, 15.0, 15.0, 0.0, 0.0, 12.0, 0.0, 5.0, 15.0, 10.0, 0.0, 0.0]
B: [0.0, 62.0, 86.5836396004, 98.01085177140001, 100.00340039063002, 469.0, 470.12168890518, 529.0, 539.279151035, 569.6591407651, 581.5203640157, 594.4010150086]
