Avion: 7      Iteracion: 24

Num Ruta: 25
Ingresos: 88800.0
Costos: 265.46997548
Utilidad Ruta: 88534.5300245
Costo Reducido: 152.011737175
Nodos: [107, 42, 3, 48, 23, 87, 26, 68, 71, 13, 58, 43, 88, 29, 74, 37, 82, 917]
q: [0.0, 5.0, 10.0, -10.0, 2.0, -5.0, 13.0, -2.0, -13.0, 15.0, -15.0, 5.0, -5.0, 9.0, -9.0, 15.0, -15.0, 0.0]
Q: [0.0, 5.0, 15.0, 5.0, 7.0, 2.0, 15.0, 13.0, 0.0, 15.0, 0.0, 5.0, 0.0, 9.0, 0.0, 15.0, 0.0, 0.0]
B: [0.0, 239.0, 257.4606418632, 262.54492362172, 267.0, 304.0156388571, 310.91111744818, 330.59749022228, 333.66456260486, 423.0, 439.88315095, 462.0954705272, 479.3577916342, 549.0, 582.7797797802, 602.0609649098, 622.8556183813, 642.9273505686]
