Avion: 6      Iteracion: 68

Num Ruta: 56
Ingresos: 126000.0
Costos: 413.591075289
Utilidad Ruta: 125586.408925
Costo Reducido: 6.35141709991
Nodos: [106, 9, 54, 12, 57, 10, 55, 31, 76, 36, 81, 34, 79, 39, 28, 84, 43, 73, 15, 88, 29, 60, 74, 916]
q: [0.0, 11.0, -11.0, 14.0, -14.0, 12.0, -12.0, 6.0, -6.0, 15.0, -15.0, 12.0, -12.0, 8.0, 7.0, -8.0, 5.0, -7.0, 6.0, -5.0, 9.0, -6.0, -9.0, 0.0]
Q: [0.0, 11.0, 0.0, 14.0, 0.0, 12.0, 0.0, 6.0, 0.0, 15.0, 0.0, 12.0, 0.0, 8.0, 15.0, 7.0, 12.0, 5.0, 11.0, 6.0, 15.0, 9.0, 0.0, 0.0]
B: [0.0, 28.0, 57.5272370025, 68.3142737596, 111.6621980236, 120.37996838075, 149.89947911515, 189.50763345235, 202.81324745545, 251.0, 257.94814406874, 283.0, 323.947598037, 388.0, 399.3210123222, 412.3114993416, 451.0, 467.5718045185, 511.0, 521.2530082415, 549.0, 564.1378768657, 588.6053076667, 619.8685418244]
