Avion: 7      Iteracion: 4

Num Ruta: 8
Ingresos: 168000.0
Costos: 512.231396767
Utilidad Ruta: 167487.768603
Costo Reducido: 174740.024294
Nodos: [107, 40, 85, 30, 75, 31, 76, 42, 3, 48, 23, 87, 26, 68, 71, 22, 67, 45, 90, 25, 70, 19, 8, 64, 53, 5, 50, 7, 4, 52, 37, 82, 49, 917]
q: [0.0, 15.0, -15.0, 11.0, -11.0, 6.0, -6.0, 5.0, 10.0, -10.0, 10.0, -5.0, 0.0, -10.0, 0.0, 10.0, -10.0, 11.0, -11.0, 10.0, -10.0, 7.0, 8.0, -7.0, -8.0, 12.0, -12.0, 10.0, 0.0, -10.0, 15.0, -15.0, 0.0, 0.0]
Q: [0.0, 15.0, 0.0, 11.0, 0.0, 6.0, 0.0, 5.0, 15.0, 5.0, 15.0, 10.0, 10.0, 0.0, 0.0, 10.0, 0.0, 11.0, 0.0, 10.0, 0.0, 7.0, 15.0, 8.0, 0.0, 12.0, 0.0, 10.0, 10.0, 0.0, 15.0, 0.0, 0.0, 0.0]
B: [0.0, 62.0, 94.5694417821, 113.51249206450001, 132.22651472130002, 156.12090755730003, 169.42652156040003, 239.0, 257.4606418632, 262.54492362172, 267.0, 304.0156388571, 310.91111744818, 330.59749022228, 333.66456260486, 347.29874325496, 369.05342939386003, 380.81610362216, 390.00772725458, 411.03394213028, 428.21892444038, 444.89181612118, 468.05269766748, 486.00965709828, 488.93777628984, 498.69058716671, 499.81227607189, 521.53068268929, 531.89405598179, 551.16641696849, 562.0, 582.7946534714999, 608.9792769364, 615.80192693475]
