Avion: 7      Iteracion: 66

Num Ruta: 55
Ingresos: 123600.0
Costos: 414.908494224
Utilidad Ruta: 123185.091506
Costo Reducido: 4.39098173295
Nodos: [107, 9, 54, 12, 57, 31, 11, 76, 56, 44, 42, 89, 87, 35, 26, 80, 71, 18, 63, 28, 73, 25, 19, 70, 64, 917]
q: [0.0, 11.0, -11.0, 14.0, -14.0, 6.0, 8.0, -6.0, -8.0, 10.0, 5.0, -10.0, -5.0, 6.0, 9.0, -6.0, -9.0, 11.0, -11.0, 8.0, -8.0, 8.0, 7.0, -8.0, -7.0, 0.0]
Q: [0.0, 11.0, 0.0, 14.0, 0.0, 6.0, 14.0, 8.0, 0.0, 10.0, 15.0, 5.0, 0.0, 6.0, 15.0, 9.0, 0.0, 11.0, 0.0, 8.0, 0.0, 8.0, 15.0, 7.0, 0.0, 0.0]
B: [0.0, 28.0, 57.5272370025, 68.3142737596, 111.6621980236, 132.5795314101, 169.0, 169.478878899097, 173.173257466597, 211.0, 239.0, 276.4881823646, 294.1162889277, 298.17273873018, 308.79995332288, 318.09295870327, 327.91477447226004, 351.19344522466, 375.01168147336, 384.14518425159, 420.17180303549003, 423.50518165185, 432.89718889205, 449.57008057285, 466.35693700875, 481.62550370635]
