Avion: 6      Iteracion: 24

Num Ruta: 26
Ingresos: 80400.0
Costos: 257.503153332
Utilidad Ruta: 80142.4968467
Costo Reducido: 50.3619721405
Nodos: [106, 9, 54, 12, 57, 10, 55, 35, 26, 80, 71, 13, 32, 43, 77, 58, 88, 916]
q: [0.0, 11.0, -11.0, 14.0, -14.0, 12.0, -12.0, 2.0, 13.0, -2.0, -13.0, 4.0, 6.0, 5.0, -6.0, -4.0, -5.0, 0.0]
Q: [0.0, 11.0, 0.0, 14.0, 0.0, 12.0, 0.0, 2.0, 15.0, 13.0, 0.0, 4.0, 10.0, 15.0, 9.0, 5.0, 0.0, 0.0]
B: [0.0, 28.0, 57.5272370025, 68.3142737596, 111.6621980236, 120.37996838075, 149.89947911515, 279.0, 300.0, 309.29300538039, 319.11482114938, 423.0, 445.6608668854, 452.87370245818005, 476.42062115258005, 480.4915715330201, 490.5471588853201, 510.14643848942006]
