Avion: 5      Iteracion: 25

Num Ruta: 26
Ingresos: 104400.0
Costos: 377.83770266
Utilidad Ruta: 104022.162297
Costo Reducido: 128.192433105
Nodos: [105, 17, 30, 62, 16, 61, 75, 24, 69, 1, 31, 76, 42, 46, 23, 87, 68, 45, 90, 32, 8, 77, 53, 915]
q: [0.0, 5.0, 10.0, -5.0, 5.0, -5.0, -10.0, 14.0, -14.0, 7.0, 6.0, -6.0, 5.0, -7.0, 10.0, -5.0, -10.0, 11.0, -11.0, 6.0, 8.0, -6.0, -8.0, 0.0]
Q: [0.0, 5.0, 15.0, 10.0, 15.0, 10.0, 0.0, 14.0, 0.0, 7.0, 13.0, 7.0, 12.0, 5.0, 15.0, 10.0, 0.0, 11.0, 0.0, 6.0, 14.0, 8.0, 0.0, 0.0]
B: [0.0, 24.0, 64.0, 67.14445448369, 72.47609381883, 82.10018525647, 84.97134181786, 109.70531270816, 148.21826301066, 175.0, 183.89376197118, 197.19937597428, 239.0, 264.0626014013, 268.8931248719, 305.908763729, 332.2691197205, 371.0, 380.19162363242, 422.0, 433.4468981388, 465.7111953108, 481.76029403940004, 496.93159052320004]
