Avion: 6      Iteracion: 75

Num Ruta: 60
Ingresos: 108000.0
Costos: 377.462218149
Utilidad Ruta: 107622.537782
Costo Reducido: 28.2249839101
Nodos: [106, 9, 54, 11, 56, 44, 42, 89, 35, 87, 26, 80, 71, 18, 63, 21, 20, 66, 65, 2, 33, 78, 47, 916]
q: [0.0, 11.0, -11.0, 8.0, -8.0, 10.0, 5.0, -10.0, 6.0, -5.0, 9.0, -6.0, -9.0, 11.0, -11.0, 13.0, 2.0, -13.0, -2.0, 9.0, 6.0, -6.0, -9.0, 0.0]
Q: [0.0, 11.0, 0.0, 8.0, 0.0, 10.0, 15.0, 5.0, 11.0, 6.0, 15.0, 9.0, 0.0, 11.0, 0.0, 13.0, 15.0, 2.0, 0.0, 9.0, 15.0, 9.0, 0.0, 0.0]
B: [0.0, 28.0, 57.5272370025, 169.0, 173.05406684701, 211.0, 239.0, 276.4881823646, 296.9043957745, 300.96084557698003, 307.85632416806004, 317.14932954845005, 326.97114531744006, 350.24981606984005, 374.06805231854, 477.0, 496.0, 532.4252917215, 553.0247123444, 560.35500960986, 574.14061053986, 597.4441217774599, 615.9629058088599, 629.8115961801599]
