Avion: 4      Iteracion: 61

Num Ruta: 56
Ingresos: 103200.0
Costos: 305.407552924
Utilidad Ruta: 102894.592447
Costo Reducido: 9.10998235489
Nodos: [104, 14, 59, 3, 48, 23, 42, 87, 26, 71, 68, 28, 73, 25, 21, 70, 20, 65, 33, 66, 78, 914]
q: [0.0, 8.0, -8.0, 15.0, -15.0, 10.0, 5.0, -5.0, 5.0, -5.0, -10.0, 8.0, -8.0, 10.0, 5.0, -10.0, 10.0, -10.0, 10.0, -5.0, -10.0, 0.0]
Q: [0.0, 8.0, 0.0, 15.0, 0.0, 10.0, 15.0, 10.0, 15.0, 10.0, 0.0, 8.0, 0.0, 10.0, 15.0, 5.0, 15.0, 5.0, 15.0, 10.0, 0.0, 0.0]
B: [0.0, 112.0, 124.021711775, 256.0, 261.08428175852, 267.0, 289.6110683074, 337.6609029585, 344.55638154958, 362.13560951898, 365.20268190156, 378.0, 414.0266187839, 417.35999740026, 477.0, 485.168713485, 496.0, 538.1771424471, 562.0, 572.1555449386, 592.3676345138999, 605.5837423372999]
