Avion: 4      Iteracion: 65

Num Ruta: 58
Ingresos: 90000.0
Costos: 194.513004678
Utilidad Ruta: 89805.4869953
Costo Reducido: 9.40503521544
Nodos: [104, 31, 11, 56, 76, 36, 81, 18, 63, 22, 67, 45, 90, 32, 8, 53, 77, 914]
q: [0, 6.0, 8.0, -8.0, -6.0, 15.0, -15.0, 11.0, -11.0, 10.0, -10.0, 11.0, -11.0, 6.0, 8.0, -8.0, -6.0, 0]
Q: [0, 6.0, 14.0, 6.0, 0.0, 15.0, 0.0, 11.0, 0.0, 10.0, 0.0, 11.0, 0.0, 6.0, 14.0, 6.0, 0.0, 0]
B: [0.0, 130.0, 169.0, 173.05406684701, 176.74844541451, 251.0, 257.94814406874, 293.0, 316.8182362487, 332.3010836612, 354.0557698001, 371.0, 380.19162363242, 422.0, 433.4468981388, 454.2152947548, 470.2643934834, 479.38154610908]
