Avion: 7      Iteracion: 71

Num Ruta: 57
Ingresos: 135600.0
Costos: 411.271452713
Utilidad Ruta: 135188.728547
Costo Reducido: 41.4400586376
Nodos: [107, 24, 69, 1, 31, 76, 11, 56, 42, 46, 23, 87, 26, 68, 71, 22, 67, 32, 19, 43, 64, 13, 77, 58, 88, 15, 7, 60, 29, 27, 74, 52, 72, 917]
q: [0.0, 14.0, -14.0, 7.0, 6.0, -6.0, 8.0, -8.0, 5.0, -7.0, 10.0, -5.0, 5.0, -10.0, -5.0, 10.0, -10.0, 6.0, 7.0, 2.0, -7.0, 7.0, -6.0, -7.0, -2.0, 11.0, 4.0, -11.0, 9.0, 2.0, -9.0, -4.0, -2.0, 0.0]
Q: [0.0, 14.0, 0.0, 7.0, 13.0, 7.0, 15.0, 7.0, 12.0, 5.0, 15.0, 10.0, 15.0, 5.0, 0.0, 10.0, 0.0, 6.0, 13.0, 15.0, 8.0, 15.0, 9.0, 2.0, 0.0, 11.0, 15.0, 4.0, 13.0, 15.0, 6.0, 2.0, 0.0, 0.0]
B: [0.0, 61.0, 99.5129503025, 175.0, 183.89376197118, 197.19937597428, 197.678254873377, 201.732321720387, 239.0, 264.0626014013, 268.8931248719, 305.908763729, 312.80424232008, 332.49061509418, 335.55768747676, 349.19186812686, 370.94655426576, 422.0, 433.71491463899997, 451.0, 471.20454651800003, 475.43216582442005, 489.2743456022201, 493.3452959826601, 503.4008833349601, 513.6538915764601, 527.42115572006, 538.32589528596, 553.46377215166, 579.06558038856, 587.2820083837399, 599.57881223674, 603.9787328041999, 609.5561689535399]
