Avion: 3      Iteracion: 6

Num Ruta: 8
Ingresos: 85200.0
Costos: 345.331767448
Utilidad Ruta: 84854.6682326
Costo Reducido: 137110.348612
Nodos: [103, 16, 61, 30, 75, 24, 69, 44, 89, 3, 48, 35, 80, 913]
q: [0, 11.0, -11.0, 11.0, -11.0, 14.0, -14.0, 14.0, -14.0, 15.0, -15.0, 6.0, -6.0, 0]
Q: [0, 11.0, 0.0, 11.0, 0.0, 14.0, 0.0, 14.0, 0.0, 15.0, 0.0, 6.0, 0.0, 0]
B: [0.0, 36.0, 45.624091437640004, 64.0, 82.7140226568, 107.4479935471, 145.9609438496, 211.0, 265.00737440390003, 287.39410424550005, 292.47838600402, 336.27670925962, 356.18959265202, 381.88760132972]
