Avion: 1      Iteracion: 12

Num Ruta: 16
Ingresos: 134400.0
Costos: 436.433752479
Utilidad Ruta: 133963.566248
Costo Reducido: 155028.458632
Nodos: [101, 16, 61, 30, 75, 40, 85, 1, 11, 56, 46, 3, 48, 22, 67, 32, 25, 77, 70, 43, 88, 15, 21, 60, 66, 911]
q: [0.0, 11.0, -11.0, 11.0, -11.0, 15.0, -15.0, 7.0, 8.0, -8.0, -7.0, 15.0, -15.0, 10.0, -10.0, 6.0, 9.0, -6.0, -9.0, 5.0, -5.0, 11.0, 4.0, -11.0, -4.0, 0.0]
Q: [0.0, 11.0, 0.0, 11.0, 0.0, 15.0, 0.0, 7.0, 15.0, 7.0, 0.0, 15.0, 0.0, 10.0, 0.0, 6.0, 15.0, 9.0, 0.0, 5.0, 0.0, 11.0, 15.0, 4.0, 0.0, 0.0]
B: [0.0, 36.0, 45.624091437640004, 64.0, 82.7140226568, 113.5238767298, 146.0933185119, 175.0, 193.6808285951, 197.73489544211, 232.05062478011, 256.0, 261.08428175852, 299.0, 320.7546861389, 422.0, 442.6664482919, 469.8986961242, 480.8837643989, 493.92098592039997, 511.18330702739996, 521.4363152689, 527.10854877961, 537.90781690291, 568.3572650096099, 590.55542504601]
