Avion: 5      Iteracion: 29

Num Ruta: 30
Ingresos: 91200.0
Costos: 301.389654155
Utilidad Ruta: 90898.6103458
Costo Reducido: 37.6904521234
Nodos: [105, 17, 30, 62, 16, 61, 75, 24, 69, 1, 46, 3, 48, 23, 42, 87, 26, 71, 68, 915]
q: [0.0, 5.0, 10.0, -5.0, 5.0, -5.0, -10.0, 14.0, -14.0, 7.0, -7.0, 15.0, -15.0, 10.0, 5.0, -5.0, 5.0, -5.0, -10.0, 0.0]
Q: [0.0, 5.0, 15.0, 10.0, 15.0, 10.0, 0.0, 14.0, 0.0, 7.0, 0.0, 15.0, 0.0, 10.0, 15.0, 10.0, 15.0, 10.0, 0.0, 0.0]
B: [0.0, 24.0, 64.0, 67.14445448369, 72.47609381883, 82.10018525647, 84.97134181786, 109.70531270816, 148.21826301066, 175.0, 209.2400855285, 256.0, 261.08428175852, 267.0, 289.6110683074, 337.6609029585, 344.55638154958, 362.13560951898, 365.20268190156, 384.50377847666005]
