Avion: 5      Iteracion: 82

Num Ruta: 62
Ingresos: 110400.0
Costos: 348.292748622
Utilidad Ruta: 110051.707251
Costo Reducido: 3.04590101045
Nodos: [105, 1, 31, 76, 11, 56, 42, 46, 35, 87, 26, 80, 71, 22, 67, 43, 25, 70, 88, 15, 60, 20, 7, 65, 52, 915]
q: [0.0, 7.0, 6.0, -6.0, 8.0, -8.0, 5.0, -7.0, 6.0, -5.0, 9.0, -6.0, -9.0, 10.0, -10.0, 5.0, 10.0, -10.0, -5.0, 11.0, -11.0, 10.0, 5.0, -10.0, -5.0, 0.0]
Q: [0.0, 7.0, 13.0, 7.0, 15.0, 7.0, 12.0, 5.0, 11.0, 6.0, 15.0, 9.0, 0.0, 10.0, 0.0, 5.0, 15.0, 5.0, 0.0, 11.0, 0.0, 10.0, 15.0, 5.0, 0.0, 0.0]
B: [0.0, 175.0, 183.89376197118, 197.19937597428, 197.678254873377, 201.732321720387, 239.0, 264.0626014013, 299.7175832411, 303.77403304358, 310.66951163466, 319.96251701505, 329.78433278404003, 343.41851343414004, 365.17319957304005, 451.0, 465.0611587716, 482.2461410817, 489.99531710241, 511.0, 527.4211666151, 533.55501866744, 542.2979730879999, 583.1352039074, 596.0988884530999, 618.4053374084999]
