Avion: 6      Iteracion: 23

Num Ruta: 25
Ingresos: 110400.0
Costos: 311.945521521
Utilidad Ruta: 110088.054478
Costo Reducido: 210.534954662
Nodos: [106, 9, 54, 12, 57, 1, 46, 3, 48, 45, 90, 8, 53, 6, 51, 5, 50, 2, 47, 916]
q: [0, 11.0, -11.0, 14.0, -14.0, 7.0, -7.0, 15.0, -15.0, 11.0, -11.0, 8.0, -8.0, 5.0, -5.0, 12.0, -12.0, 9.0, -9.0, 0]
Q: [0, 11.0, 0.0, 14.0, 0.0, 7.0, 0.0, 15.0, 0.0, 11.0, 0.0, 8.0, 0.0, 5.0, 0.0, 12.0, 0.0, 9.0, 0.0, 0]
B: [0.0, 28.0, 57.5272370025, 68.3142737596, 111.6621980236, 175.0, 209.2400855285, 256.0, 261.08428175852, 371.0, 380.19162363242, 414.0, 434.768396616, 443.95906824543, 447.65135764362, 469.0, 470.12168890518, 522.0, 562.7349620474, 576.5836524187]
