Avion: 6      Iteracion: 82

Num Ruta: 65
Ingresos: 147600.0
Costos: 450.522334174
Utilidad Ruta: 147149.477666
Costo Reducido: 33.651913624
Nodos: [106, 9, 54, 11, 56, 44, 42, 89, 35, 87, 26, 80, 71, 18, 63, 39, 28, 84, 13, 58, 73, 25, 70, 20, 7, 52, 65, 2, 33, 78, 47, 916]
q: [0.0, 11.0, -11.0, 8.0, -8.0, 10.0, 5.0, -10.0, 6.0, -5.0, 9.0, -6.0, -9.0, 11.0, -11.0, 8.0, 7.0, -8.0, 8.0, -8.0, -7.0, 10.0, -10.0, 10.0, 5.0, -5.0, -10.0, 9.0, 6.0, -6.0, -9.0, 0.0]
Q: [0.0, 11.0, 0.0, 8.0, 0.0, 10.0, 15.0, 5.0, 11.0, 6.0, 15.0, 9.0, 0.0, 11.0, 0.0, 8.0, 15.0, 7.0, 15.0, 7.0, 0.0, 10.0, 0.0, 10.0, 15.0, 10.0, 0.0, 9.0, 15.0, 9.0, 0.0, 0.0]
B: [0.0, 28.0, 57.5272370025, 169.0, 173.05406684701, 211.0, 239.0, 276.4881823646, 296.9043957745, 300.96084557698003, 307.85632416806004, 317.14932954845005, 326.97114531744006, 350.24981606984005, 374.06805231854, 388.0, 399.3210123222, 412.3114993416, 423.0, 439.88315095, 462.92158097460003, 466.25495959096, 483.43994190106, 496.0, 517.0, 545.5413118129, 558.5049963585999, 565.8352936240599, 579.6208945540599, 602.9244057916599, 621.4431898230598, 635.2918801943598]
