Avion: 6      Iteracion: 35

Num Ruta: 37
Ingresos: 168000.0
Costos: 593.925884943
Utilidad Ruta: 167406.074115
Costo Reducido: 73.4078745607
Nodos: [106, 9, 54, 12, 57, 10, 55, 1, 46, 3, 48, 42, 18, 87, 26, 71, 63, 39, 6, 51, 84, 13, 58, 21, 38, 83, 66, 2, 47, 29, 74, 916]
q: [0.0, 11.0, -11.0, 14.0, -14.0, 12.0, -12.0, 7.0, -7.0, 15.0, -15.0, 5.0, 10.0, -5.0, 5.0, -5.0, -10.0, 8.0, 5.0, -5.0, -8.0, 15.0, -15.0, 13.0, 2.0, -2.0, -13.0, 9.0, -9.0, 9.0, -9.0, 0.0]
Q: [0.0, 11.0, 0.0, 14.0, 0.0, 12.0, 0.0, 7.0, 0.0, 15.0, 0.0, 5.0, 15.0, 10.0, 15.0, 10.0, 0.0, 8.0, 13.0, 8.0, 0.0, 15.0, 0.0, 13.0, 15.0, 13.0, 0.0, 9.0, 0.0, 9.0, 0.0, 0.0]
B: [0.0, 28.0, 57.5272370025, 68.3142737596, 111.6621980236, 120.37996838075, 149.89947911515, 188.31882028595, 222.55890581445001, 256.0, 261.08428175852, 282.70958344432, 294.52923881152003, 331.27042144082003, 338.16590003190004, 355.74512800130003, 367.17991746150005, 388.0, 436.0, 439.69228939819, 449.87740525418997, 453.10933904063995, 469.99248999063997, 485.50388638164, 492.32679932261, 525.19568596331, 532.26561453438, 556.11662826548, 596.85159031288, 606.65633084999, 640.43611063019, 671.69934478789]
