Avion: 1      Iteracion: 38

Num Ruta: 39
Ingresos: 98400.0
Costos: 345.840097539
Utilidad Ruta: 98054.1599025
Costo Reducido: 28.7700170462
Nodos: [101, 9, 54, 44, 89, 18, 36, 81, 34, 63, 79, 28, 45, 90, 43, 73, 15, 88, 60, 911]
q: [0.0, 11.0, -11.0, 14.0, -14.0, 3.0, 12.0, -12.0, 12.0, -3.0, -12.0, 8.0, 7.0, -7.0, 5.0, -8.0, 10.0, -5.0, -10.0, 0.0]
Q: [0.0, 11.0, 0.0, 14.0, 0.0, 3.0, 15.0, 3.0, 15.0, 12.0, 0.0, 8.0, 15.0, 8.0, 13.0, 5.0, 15.0, 10.0, 0.0, 0.0]
B: [0.0, 28.0, 57.5272370025, 211.0, 265.00737440390003, 293.45392730580005, 307.4209579494001, 314.3691020181401, 328.0888500114401, 356.3208874866401, 371.47351712644013, 380.6537006758001, 413.8051913361001, 422.9968149685201, 451.0, 467.5718045185, 511.0, 521.2530082415, 533.7945681525, 542.12532183989]
