Avion: 4      Iteracion: 55

Num Ruta: 52
Ingresos: 97200.0
Costos: 265.641647699
Utilidad Ruta: 96934.3583523
Costo Reducido: 2.35763235779
Nodos: [104, 30, 16, 75, 61, 10, 55, 31, 76, 11, 56, 34, 79, 39, 6, 51, 84, 13, 58, 914]
q: [0.0, 11.0, 4.0, -11.0, -4.0, 12.0, -12.0, 6.0, -6.0, 8.0, -8.0, 12.0, -12.0, 8.0, 5.0, -5.0, -8.0, 15.0, -15.0, 0.0]
Q: [0.0, 11.0, 15.0, 4.0, 0.0, 12.0, 0.0, 6.0, 0.0, 8.0, 0.0, 12.0, 0.0, 8.0, 13.0, 8.0, 0.0, 15.0, 0.0, 0.0]
B: [0.0, 64.0, 72.20259129788, 83.01926305958, 85.89041962097, 101.71969683127, 131.23920756567, 170.84736190287, 184.15297590597, 184.631854805067, 188.685921652077, 283.0, 323.947598037, 388.0, 436.0, 439.69228939819, 449.87740525418997, 453.10933904063995, 469.99248999063997, 480.80821414573995]
