Avion: 4      Iteracion: 0

Num Ruta: 2
Ingresos: 160800.0
Costos: 544.541163039
Utilidad Ruta: 160255.458837
Costo Reducido: -
Nodos: [104, 16, 61, 24, 30, 69, 10, 75, 55, 11, 56, 36, 81, 3, 48, 22, 67, 39, 84, 13, 58, 32, 77, 15, 60, 38, 83, 914]
q: [0.0, 11.0, -11.0, 12.0, 3.0, -12.0, 12.0, -3.0, -12.0, 8.0, -8.0, 15.0, -15.0, 15.0, -15.0, 10.0, -10.0, 8.0, -8.0, 15.0, -15.0, 6.0, -6.0, 11.0, -11.0, 8.0, -8.0, 0.0]
Q: [0.0, 11.0, 0.0, 12.0, 15.0, 3.0, 15.0, 12.0, 0.0, 8.0, 0.0, 15.0, 0.0, 15.0, 0.0, 10.0, 0.0, 8.0, 0.0, 15.0, 0.0, 6.0, 0.0, 11.0, 0.0, 8.0, 0.0, 0.0]
B: [0.0, 36.0, 45.624091437640004, 70.85029051714, 89.10719167804, 109.37531307594, 121.16124375624, 139.85429404234, 158.75509193554, 211.39330851814, 215.44737536515, 251.0, 257.94814406874, 294.92818141324, 300.01246317176, 328.14017932506, 349.89486546396, 396.58141684656, 419.21360430156, 423.0, 439.88315095, 467.2623045162, 495.1196603311, 518.4150998848, 534.8362664999, 538.92353221184, 571.79241885254, 592.8406116728399]
