Avion: 3      Iteracion: 47

Num Ruta: 44
Ingresos: 37200.0
Costos: 163.362092239
Utilidad Ruta: 37036.6379078
Costo Reducido: 7.19439758487
Nodos: [103, 17, 62, 9, 54, 19, 8, 53, 64, 913]
q: [0, 5.0, -5.0, 11.0, -11.0, 7.0, 8.0, -8.0, -7.0, 0]
Q: [0, 5.0, 0.0, 11.0, 0.0, 7.0, 15.0, 7.0, 0.0, 0]
B: [0.0, 24.0, 58.8425537813, 81.72911018459999, 111.25634718709999, 402.0, 425.1608815463, 445.9292781623, 448.85739735386, 475.24784854366]
