Avion: 6      Iteracion: 0

Num Ruta: 3
Ingresos: 186000.0
Costos: 572.756085104
Utilidad Ruta: 185427.243915
Costo Reducido: -
Nodos: [106, 16, 61, 40, 85, 10, 55, 11, 56, 3, 48, 36, 81, 26, 71, 45, 90, 25, 43, 70, 88, 21, 38, 83, 66, 33, 78, 37, 82, 916]
q: [0.0, 11.0, -11.0, 15.0, -15.0, 12.0, -12.0, 8.0, -8.0, 15.0, -15.0, 15.0, -15.0, 13.0, -13.0, 11.0, -11.0, 10.0, 5.0, -10.0, -5.0, 13.0, 2.0, -2.0, -13.0, 10.0, -10.0, 15.0, -15.0, 0.0]
Q: [0.0, 11.0, 0.0, 15.0, 0.0, 12.0, 0.0, 8.0, 0.0, 15.0, 0.0, 15.0, 0.0, 13.0, 0.0, 11.0, 0.0, 10.0, 15.0, 5.0, 0.0, 13.0, 15.0, 13.0, 0.0, 10.0, 0.0, 15.0, 0.0, 0.0]
B: [0.0, 36.0, 45.624091437640004, 77.27284989674001, 109.84229167884001, 127.02298575674001, 156.54249649114, 209.18071307374, 213.23477992075001, 256.0, 261.08428175852, 296.00374706082, 302.95189112956, 343.25427558756, 360.83350355696, 384.35965598356, 393.55127961598, 414.57749449168, 451.0, 464.0372215215, 471.78639754221, 479.06940495673, 485.8923178977, 518.7612045384001, 525.8311331094701, 562.0, 585.3035112376, 612.462098259, 633.2567517304999, 654.5561042323999]
