Avion: 3      Iteracion: 24

Num Ruta: 26
Ingresos: 116400.0
Costos: 357.059203392
Utilidad Ruta: 116042.940797
Costo Reducido: 101.494740645
Nodos: [103, 1, 46, 3, 48, 18, 36, 81, 34, 63, 79, 39, 6, 51, 84, 13, 58, 43, 88, 29, 7, 52, 74, 913]
q: [0.0, 7.0, -7.0, 15.0, -15.0, 3.0, 12.0, -12.0, 12.0, -3.0, -12.0, 8.0, 5.0, -5.0, -8.0, 15.0, -15.0, 5.0, -5.0, 9.0, 6.0, -6.0, -9.0, 0.0]
Q: [0.0, 7.0, 0.0, 15.0, 0.0, 3.0, 15.0, 3.0, 15.0, 12.0, 0.0, 8.0, 13.0, 8.0, 0.0, 15.0, 0.0, 5.0, 0.0, 9.0, 15.0, 9.0, 0.0, 0.0]
B: [0.0, 175.0, 209.2400855285, 256.0, 261.08428175852, 293.0, 306.9670306436, 313.91517471234005, 327.63492270564007, 355.86696018084007, 371.0195898206401, 388.0, 436.0, 439.69228939819, 449.87740525418997, 453.10933904063995, 469.99248999063997, 492.20480956783996, 509.46713067483995, 549.0, 570.2768523283, 598.8181641412, 611.1149679942, 629.7521326122001]
