Avion: 5      Iteracion: 36

Num Ruta: 37
Ingresos: 122400.0
Costos: 363.950367449
Utilidad Ruta: 122036.049633
Costo Reducido: 84.9854257109
Nodos: [105, 17, 30, 62, 75, 24, 69, 1, 31, 76, 11, 56, 42, 46, 23, 87, 35, 80, 68, 13, 58, 6, 51, 5, 50, 915]
q: [0.0, 5.0, 10.0, -5.0, -10.0, 14.0, -14.0, 7.0, 6.0, -6.0, 8.0, -8.0, 5.0, -7.0, 10.0, -5.0, 5.0, -5.0, -10.0, 15.0, -15.0, 5.0, -5.0, 12.0, -12.0, 0.0]
Q: [0.0, 5.0, 15.0, 10.0, 0.0, 14.0, 0.0, 7.0, 13.0, 7.0, 15.0, 7.0, 12.0, 5.0, 15.0, 10.0, 15.0, 10.0, 0.0, 15.0, 0.0, 5.0, 0.0, 12.0, 0.0, 0.0]
B: [0.0, 24.0, 64.0, 67.14445448369, 83.24240000479, 107.97637089509, 146.48932119759002, 175.0, 183.89376197118, 197.19937597428, 197.678254873377, 201.732321720387, 239.0, 264.0626014013, 268.8931248719, 305.908763729, 309.96521353148, 329.87809692388, 342.49664240268, 423.0, 439.88315095, 464.1060995732, 467.79838897139, 486.18724918619, 487.30893809137, 503.43675421757]
