Avion: 4      Iteracion: 20

Num Ruta: 21
Ingresos: 112800.0
Costos: 385.812377869
Utilidad Ruta: 112414.187622
Costo Reducido: 199.466189785
Nodos: [104, 16, 61, 9, 40, 54, 30, 75, 85, 11, 56, 44, 89, 18, 63, 22, 67, 32, 8, 53, 77, 914]
q: [0.0, 11.0, -11.0, 11.0, 4.0, -11.0, 11.0, -11.0, -4.0, 8.0, -8.0, 14.0, -14.0, 11.0, -11.0, 10.0, -10.0, 6.0, 8.0, -8.0, -6.0, 0.0]
Q: [0.0, 11.0, 0.0, 11.0, 15.0, 4.0, 15.0, 4.0, 0.0, 8.0, 0.0, 14.0, 0.0, 11.0, 0.0, 10.0, 0.0, 6.0, 14.0, 6.0, 0.0, 0.0]
B: [0.0, 36.0, 45.624091437640004, 75.68094759394, 77.75517853576001, 106.71397348656001, 122.50187382196, 141.21589647876002, 143.26119596783002, 178.98735988173001, 183.04142672874002, 211.0, 265.00737440390003, 293.45392730580005, 317.2721635545, 332.75501096700003, 354.50969710590005, 422.0, 433.4468981388, 454.2152947548, 470.2643934834, 479.38154610908]
