Avion: 7      Iteracion: 22

Num Ruta: 23
Ingresos: 168000.0
Costos: 524.328132523
Utilidad Ruta: 167475.671867
Costo Reducido: 243.941006394
Nodos: [107, 16, 61, 9, 54, 14, 59, 31, 76, 44, 89, 3, 48, 23, 18, 68, 63, 39, 84, 41, 86, 2, 4, 47, 7, 52, 49, 37, 82, 917]
q: [0.0, 11.0, -11.0, 11.0, -11.0, 8.0, -8.0, 6.0, -6.0, 14.0, -14.0, 15.0, -15.0, 10.0, 5.0, -10.0, -5.0, 8.0, -8.0, 13.0, -13.0, 9.0, 5.0, -9.0, 10.0, -10.0, -5.0, 15.0, -15.0, 0.0]
Q: [0.0, 11.0, 0.0, 11.0, 0.0, 8.0, 0.0, 6.0, 0.0, 14.0, 0.0, 15.0, 0.0, 10.0, 15.0, 5.0, 0.0, 8.0, 0.0, 13.0, 0.0, 9.0, 14.0, 5.0, 15.0, 5.0, 0.0, 15.0, 0.0, 0.0]
B: [0.0, 36.0, 45.624091437640004, 75.68094759394, 105.20818459644, 115.46499131194001, 127.48670308694001, 154.69877029984002, 168.00438430294003, 211.0, 265.00737440390003, 287.39410424550005, 292.47838600402, 295.84087332742, 316.01982347352003, 341.45913488322003, 351.38466645589006, 388.0, 410.632187455, 446.0, 466.0411203529, 522.0, 549.3715326023, 562.8222884175, 574.3290145375, 602.8703263504, 604.0307004280099, 611.0950725161699, 631.8897259876699, 651.9614581749698]
