Avion: 3      Iteracion: 31

Num Ruta: 33
Ingresos: 92400.0
Costos: 256.724353284
Utilidad Ruta: 92143.2756467
Costo Reducido: 99.9820036131
Nodos: [103, 17, 62, 40, 85, 14, 59, 3, 48, 45, 90, 32, 25, 70, 38, 77, 83, 913]
q: [0.0, 5.0, -5.0, 15.0, -15.0, 8.0, -8.0, 15.0, -15.0, 11.0, -11.0, 6.0, 9.0, -9.0, 8.0, -6.0, -8.0, 0.0]
Q: [0.0, 5.0, 0.0, 15.0, 0.0, 8.0, 0.0, 15.0, 0.0, 11.0, 0.0, 6.0, 15.0, 6.0, 14.0, 8.0, 0.0, 0.0]
B: [0.0, 24.0, 58.8425537813, 82.5415246028, 115.1109663849, 143.6893683171, 155.7110800921, 256.0, 261.08428175852, 371.0, 380.19162363242, 422.0, 442.6664482919, 459.851430602, 480.0, 495.0304472322, 517.0265259964, 526.9905013576699]
