Avion: 4      Iteracion: 1

Num Ruta: 5
Ingresos: 141600.0
Costos: 501.312486021
Utilidad Ruta: 141098.687514
Costo Reducido: 192267.626641
Nodos: [104, 16, 61, 9, 12, 54, 57, 1, 31, 76, 46, 3, 48, 18, 34, 63, 79, 39, 84, 13, 53, 8, 58, 43, 88, 21, 66, 914]
q: [0.0, 11.0, -11.0, 1.0, 14.0, -1.0, -14.0, 7.0, 6.0, -6.0, -7.0, 15.0, -15.0, 3.0, 12.0, -3.0, -12.0, 8.0, -8.0, 15.0, -8.0, 8.0, -15.0, 5.0, -5.0, 13.0, -13.0, 0.0]
Q: [0.0, 11.0, 0.0, 1.0, 15.0, 14.0, 0.0, 7.0, 13.0, 7.0, 0.0, 15.0, 0.0, 3.0, 15.0, 12.0, 0.0, 8.0, 0.0, 15.0, 7.0, 15.0, 0.0, 5.0, 0.0, 13.0, 0.0, 0.0]
B: [0.0, 36.0, 45.624091437640004, 75.68094759394, 96.51567151824, 107.30270827534, 144.23279248864, 175.0, 183.89376197118, 197.19937597428, 230.76046369508, 256.0, 261.08428175852, 293.0, 316.7154937119, 344.9475311871, 360.10016082690004, 388.0, 410.632187455, 423.0, 434.0, 454.768396616, 487.9396421308, 510.151961708, 527.414282815, 534.6972902295199, 575.4360809087199, 602.5153295873199]
