Avion: 4      Iteracion: 12

Num Ruta: 13
Ingresos: 130800.0
Costos: 435.099107316
Utilidad Ruta: 130364.900893
Costo Reducido: 95140.4957082
Nodos: [104, 16, 61, 9, 40, 54, 30, 75, 85, 14, 59, 11, 56, 3, 48, 22, 67, 19, 64, 41, 86, 32, 43, 77, 88, 914]
q: [0.0, 11.0, -11.0, 11.0, 4.0, -11.0, 11.0, -11.0, -4.0, 8.0, -8.0, 8.0, -8.0, 15.0, -15.0, 10.0, -10.0, 7.0, -7.0, 13.0, -13.0, 6.0, 5.0, -6.0, -5.0, 0.0]
Q: [0.0, 11.0, 0.0, 11.0, 15.0, 4.0, 15.0, 4.0, 0.0, 8.0, 0.0, 8.0, 0.0, 15.0, 0.0, 10.0, 0.0, 7.0, 0.0, 13.0, 0.0, 6.0, 11.0, 5.0, 0.0, 0.0]
B: [0.0, 36.0, 45.624091437640004, 75.68094759394, 77.75517853576001, 106.71397348656001, 122.50187382196, 141.21589647876002, 143.26119596783002, 171.83959790003001, 183.86130967503001, 213.30973878423, 217.36380563124, 256.0, 261.08428175852, 299.0, 320.7546861389, 402.0, 428.6271162915, 446.0, 466.0411203529, 474.43811338612, 481.6509489589, 505.1978676533, 518.9968224688, 539.2613017861]
