Avion: 7      Iteracion: 0

Num Ruta: 3
Ingresos: 202800.0
Costos: 503.818317637
Utilidad Ruta: 202296.181682
Costo Reducido: -
Nodos: [107, 16, 61, 30, 75, 40, 85, 31, 11, 76, 56, 36, 81, 3, 48, 23, 26, 68, 71, 45, 90, 19, 64, 41, 86, 13, 58, 5, 50, 7, 4, 52, 49, 917]
q: [0.0, 11.0, -11.0, 11.0, -11.0, 15.0, -15.0, 6.0, 8.0, -6.0, -8.0, 15.0, -15.0, 15.0, -15.0, 2.0, 13.0, -2.0, -13.0, 11.0, -11.0, 7.0, -7.0, 13.0, -13.0, 15.0, -15.0, 12.0, -12.0, 10.0, 5.0, -10.0, -5.0, 0.0]
Q: [0.0, 11.0, 0.0, 11.0, 0.0, 15.0, 0.0, 6.0, 14.0, 8.0, 0.0, 15.0, 0.0, 15.0, 0.0, 2.0, 15.0, 13.0, 0.0, 11.0, 0.0, 7.0, 0.0, 13.0, 0.0, 15.0, 0.0, 12.0, 0.0, 10.0, 15.0, 5.0, 0.0, 0.0]
B: [0.0, 36.0, 45.624091437640004, 64.0, 82.7140226568, 113.5238767298, 146.0933185119, 169.4318075161, 182.61453671, 183.093415609097, 186.787794176597, 251.0, 257.94814406874, 294.92818141324, 300.01246317176, 303.37495049515996, 337.81629403745995, 357.50266681155995, 360.56973919413997, 384.09589162073996, 393.28751525315994, 405.12936949985993, 431.7564857913599, 446.9474960934599, 466.9886164463599, 481.3296491846599, 498.2128001346599, 525.4770832354599, 526.5987721406399, 548.3171787580399, 558.6805520505399, 577.9529130372399, 579.1132871148499, 585.9359371131999]
