Avion: 5      Iteracion: 9

Num Ruta: 11
Ingresos: 80400.0
Costos: 347.941804472
Utilidad Ruta: 80052.0581955
Costo Reducido: 145477.827658
Nodos: [105, 9, 54, 24, 69, 10, 55, 36, 81, 18, 23, 63, 68, 915]
q: [0.0, 11.0, -11.0, 14.0, -14.0, 12.0, -12.0, 15.0, -15.0, 5.0, 10.0, -5.0, -10.0, 0.0]
Q: [0.0, 11.0, 0.0, 14.0, 0.0, 12.0, 0.0, 15.0, 0.0, 5.0, 15.0, 10.0, 0.0, 0.0]
B: [0.0, 44.8876461401, 74.4148831426, 98.5551330377, 137.06808334020002, 148.85401402050002, 178.37352475490002, 251.0, 257.94814406874, 293.0, 313.1789501461, 354.9980157622, 364.92354733487, 384.22464390997004]
