Avion: 3      Iteracion: 36

Num Ruta: 38
Ingresos: 6000.0
Costos: 36.1684963783
Utilidad Ruta: 5963.83150362
Costo Reducido: 4.62076185607
Nodos: [103, 6, 51, 913]
q: [0, 5.0, -5.0, 0]
Q: [0, 5.0, 0.0, 0]
B: [0.0, 436.0, 439.69228939819, 456.41742784308997]
