Avion: 2      Iteracion: 12

Num Ruta: 15
Ingresos: 154800.0
Costos: 556.143271472
Utilidad Ruta: 154243.856729
Costo Reducido: 180404.255705
Nodos: [102, 16, 61, 12, 57, 14, 59, 11, 56, 1, 46, 3, 48, 22, 67, 8, 53, 6, 51, 41, 86, 20, 7, 52, 65, 2, 33, 78, 47, 912]
q: [0.0, 11.0, -11.0, 14.0, -14.0, 8.0, -8.0, 8.0, -8.0, 7.0, -7.0, 15.0, -15.0, 10.0, -10.0, 8.0, -8.0, 5.0, -5.0, 13.0, -13.0, 10.0, 5.0, -5.0, -10.0, 9.0, 6.0, -6.0, -9.0, 0.0]
Q: [0.0, 11.0, 0.0, 14.0, 0.0, 8.0, 0.0, 8.0, 0.0, 7.0, 0.0, 15.0, 0.0, 10.0, 0.0, 8.0, 0.0, 5.0, 0.0, 13.0, 0.0, 10.0, 15.0, 10.0, 0.0, 9.0, 15.0, 9.0, 0.0, 0.0]
B: [0.0, 36.0, 45.624091437640004, 79.57799432084, 122.92591858484, 159.44515236654001, 171.46686414154001, 200.91529325074, 204.96936009775, 227.63881163505002, 261.87889716355005, 268.97544907275005, 274.05973083127003, 302.18744698457004, 323.94213312347006, 414.0, 434.768396616, 443.95906824543, 447.65135764362, 466.76807755052, 486.80919790342, 500.33663834872, 517.0, 545.5413118129, 558.5049963585999, 565.8352936240599, 579.6208945540599, 602.9244057916599, 621.4431898230598, 647.3740335424598]
