Avion: 3      Iteracion: 30

Num Ruta: 32
Ingresos: 48000.0
Costos: 187.481131016
Utilidad Ruta: 47812.518869
Costo Reducido: 105.784840278
Nodos: [103, 17, 62, 14, 59, 8, 53, 15, 60, 38, 83, 913]
q: [0, 5.0, -5.0, 8.0, -8.0, 8.0, -8.0, 11.0, -11.0, 8.0, -8.0, 0]
Q: [0, 5.0, 0.0, 8.0, 0.0, 8.0, 0.0, 11.0, 0.0, 8.0, 0.0, 0]
B: [0.0, 24.0, 58.8425537813, 112.0, 124.021711775, 414.0, 434.768396616, 511.0, 527.4211666151, 531.5084323270399, 564.3773189677399, 574.3412943290099]
