Avion: 6      Iteracion: 74

Num Ruta: 59
Ingresos: 121200.0
Costos: 304.49282553
Utilidad Ruta: 120895.507174
Costo Reducido: 15.0297963041
Nodos: [106, 24, 69, 10, 55, 35, 26, 80, 71, 13, 58, 21, 38, 83, 66, 33, 27, 78, 72, 37, 82, 916]
q: [0.0, 14.0, -14.0, 12.0, -12.0, 6.0, 9.0, -6.0, -9.0, 15.0, -15.0, 13.0, 2.0, -2.0, -13.0, 10.0, 5.0, -10.0, -5.0, 15.0, -15.0, 0.0]
Q: [0.0, 14.0, 0.0, 12.0, 0.0, 6.0, 15.0, 9.0, 0.0, 15.0, 0.0, 13.0, 15.0, 13.0, 0.0, 10.0, 15.0, 5.0, 0.0, 15.0, 0.0, 0.0]
B: [0.0, 61.0, 99.5129503025, 111.2988809828, 140.8183917172, 279.0, 300.0, 309.29300538039, 319.11482114938, 423.0, 439.88315095, 477.0, 483.82291294097, 516.69179958167, 523.76172815274, 562.0, 578.4525909206, 585.6713442755799, 606.23813656318, 613.07410218627, 633.86875565777, 655.1681081596699]
