Avion: 4      Iteracion: 56

Num Ruta: 53
Ingresos: 94800.0
Costos: 255.326306635
Utilidad Ruta: 94544.6736934
Costo Reducido: 34.0722564562
Nodos: [104, 22, 67, 18, 63, 39, 28, 84, 13, 58, 73, 25, 70, 20, 4, 49, 65, 33, 78, 914]
q: [0.0, 10.0, -10.0, 11.0, -11.0, 8.0, 7.0, -8.0, 8.0, -8.0, -7.0, 10.0, -10.0, 10.0, 5.0, -5.0, -10.0, 10.0, -10.0, 0.0]
Q: [0.0, 10.0, 0.0, 11.0, 0.0, 8.0, 15.0, 7.0, 15.0, 7.0, 0.0, 10.0, 0.0, 10.0, 15.0, 10.0, 0.0, 10.0, 0.0, 0.0]
B: [0.0, 299.0, 320.7546861389, 334.15512273630003, 357.973358985, 388.0, 399.3210123222, 412.3114993416, 423.0, 439.88315095, 462.92158097460003, 466.25495959096, 483.43994190106, 496.0, 529.0, 549.4257496801999, 561.2869729308, 572.1087722729, 595.4122835105, 608.6283913338999]
