Avion: 1      Iteracion: 32

Num Ruta: 33
Ingresos: 84000.0
Costos: 245.957595615
Utilidad Ruta: 83754.0424044
Costo Reducido: 104.851217126
Nodos: [101, 16, 61, 12, 57, 14, 59, 45, 90, 43, 25, 70, 88, 15, 60, 911]
q: [0, 11.0, -11.0, 14.0, -14.0, 8.0, -8.0, 11.0, -11.0, 5.0, 10.0, -10.0, -5.0, 11.0, -11.0, 0]
Q: [0, 11.0, 0.0, 14.0, 0.0, 8.0, 0.0, 11.0, 0.0, 5.0, 15.0, 5.0, 0.0, 11.0, 0.0, 0]
B: [0.0, 36.0, 45.624091437640004, 79.57799432084, 122.92591858484, 159.44515236654001, 171.46686414154001, 371.0, 380.19162363242, 451.0, 465.0611587716, 482.2461410817, 489.99531710241, 511.0, 527.4211666151, 535.75192030249]
