Avion: 1      Iteracion: 87

Num Ruta: 75
Ingresos: 78000.0
Costos: 201.456073559
Utilidad Ruta: 77798.5439264
Costo Reducido: 4.16097878848
Nodos: [101, 16, 61, 26, 71, 18, 63, 39, 28, 84, 43, 73, 15, 88, 60, 911]
q: [0.0, 11.0, -11.0, 13.0, -13.0, 11.0, -11.0, 8.0, 7.0, -8.0, 5.0, -7.0, 10.0, -5.0, -10.0, 0.0]
Q: [0.0, 11.0, 0.0, 13.0, 0.0, 11.0, 0.0, 8.0, 15.0, 7.0, 12.0, 5.0, 15.0, 10.0, 0.0, 0.0]
B: [0.0, 36.0, 45.624091437640004, 300.0, 317.5792279694, 340.8578987218, 364.67613497049996, 388.0, 399.3210123222, 412.3114993416, 451.0, 467.5718045185, 511.0, 521.2530082415, 533.7945681525, 542.12532183989]
