Avion: 2      Iteracion: 66

Num Ruta: 56
Ingresos: 103200.0
Costos: 274.901612201
Utilidad Ruta: 102925.098388
Costo Reducido: 16.0814012539
Nodos: [102, 44, 42, 89, 87, 26, 71, 22, 67, 8, 45, 90, 32, 77, 53, 5, 50, 37, 82, 912]
q: [0.0, 10.0, 5.0, -10.0, -5.0, 13.0, -13.0, 10.0, -10.0, 8.0, 7.0, -7.0, 6.0, -6.0, -8.0, 12.0, -12.0, 15.0, -15.0, 0.0]
Q: [0.0, 10.0, 15.0, 5.0, 0.0, 13.0, 0.0, 10.0, 0.0, 8.0, 15.0, 8.0, 14.0, 8.0, 0.0, 12.0, 0.0, 15.0, 0.0, 0.0]
B: [0.0, 211.0, 239.0, 276.4881823646, 294.1162889277, 301.01176751878, 318.59099548818, 332.22517613828, 353.97986227718, 414.0, 417.40515271317, 426.59677634559, 428.13238729892, 455.98974311382, 472.03884184241997, 481.79165271928997, 482.91334162447, 562.0, 582.7946534714999, 599.6155152806]
