Avion: 6      Iteracion: 62

Num Ruta: 54
Ingresos: 86400.0
Costos: 196.306915564
Utilidad Ruta: 86203.6930844
Costo Reducido: 0.0929360093432
Nodos: [106, 40, 16, 61, 85, 10, 55, 35, 26, 80, 71, 6, 51, 5, 50, 41, 86, 916]
q: [0.0, 15.0, 0.0, 0.0, -15.0, 12.0, -12.0, 2.0, 13.0, -2.0, -13.0, 5.0, -5.0, 12.0, -12.0, 13.0, -13.0, 0.0]
Q: [0.0, 15.0, 15.0, 15.0, 0.0, 12.0, 0.0, 2.0, 15.0, 13.0, 0.0, 5.0, 0.0, 12.0, 0.0, 13.0, 0.0, 0.0]
B: [0.0, 62.0, 86.5836396004, 96.20773103804001, 98.20027965727002, 115.38097373517002, 144.90048446957002, 279.0, 300.0, 309.29300538039, 319.11482114938, 436.0, 439.69228939819, 469.0, 470.12168890518, 478.94792672205, 498.98904707495, 506.5444980873]
