Avion: 1      Iteracion: 70

Num Ruta: 65
Ingresos: 94800.0
Costos: 283.550494947
Utilidad Ruta: 94516.4495051
Costo Reducido: 2.00820949048
Nodos: [101, 16, 61, 40, 85, 14, 59, 18, 36, 81, 63, 39, 28, 84, 43, 73, 15, 88, 60, 911]
q: [0.0, 11.0, -11.0, 15.0, -15.0, 8.0, -8.0, 11.0, 4.0, -4.0, -11.0, 8.0, 7.0, -8.0, 5.0, -7.0, 10.0, -5.0, -10.0, 0.0]
Q: [0.0, 11.0, 0.0, 15.0, 0.0, 8.0, 0.0, 11.0, 15.0, 11.0, 0.0, 8.0, 15.0, 7.0, 12.0, 5.0, 15.0, 10.0, 0.0, 0.0]
B: [0.0, 36.0, 45.624091437640004, 77.27284989674001, 109.84229167884001, 138.42069361104, 150.44240538604, 293.0, 306.9670306436, 313.91517471234005, 328.64583746054006, 388.0, 399.3210123222, 412.3114993416, 451.0, 467.5718045185, 511.0, 521.2530082415, 533.7945681525, 542.12532183989]
