Avion: 2      Iteracion: 10

Num Ruta: 13
Ingresos: 136800.0
Costos: 490.794383705
Utilidad Ruta: 136309.205616
Costo Reducido: 171009.011965
Nodos: [102, 9, 54, 44, 42, 89, 35, 87, 80, 26, 71, 22, 67, 8, 53, 6, 51, 41, 5, 50, 86, 15, 60, 4, 27, 49, 2, 72, 47, 912]
q: [0.0, 11.0, -11.0, 10.0, 5.0, -10.0, 6.0, -5.0, -6.0, 13.0, -13.0, 10.0, -10.0, 8.0, -8.0, 5.0, -5.0, 13.0, 2.0, -2.0, -13.0, 11.0, -11.0, 5.0, 6.0, -5.0, 9.0, -6.0, -9.0, 0.0]
Q: [0.0, 11.0, 0.0, 10.0, 15.0, 5.0, 11.0, 6.0, 0.0, 13.0, 0.0, 10.0, 0.0, 8.0, 0.0, 5.0, 0.0, 13.0, 15.0, 13.0, 0.0, 11.0, 0.0, 5.0, 11.0, 6.0, 15.0, 9.0, 0.0, 0.0]
B: [0.0, 41.2034331094, 70.7306701119, 211.0, 239.0, 276.4881823646, 296.9043957745, 300.96084557698003, 317.03505454668004, 326.32805992707006, 343.90728789647005, 357.54146854657006, 379.29615468547007, 414.0, 434.768396616, 443.95906824543, 447.65135764362, 466.76807755052, 475.17344155216, 476.29513045734, 487.61165169844, 511.0, 527.4211666151, 532.99584588839, 550.6106204256901, 566.9614330048901, 576.4158995154901, 587.8679726028901, 617.20850294919, 643.13934666859]
