Avion: 5      Iteracion: 66

Num Ruta: 53
Ingresos: 81600.0
Costos: 304.903524814
Utilidad Ruta: 81295.0964752
Costo Reducido: 6.47742789889
Nodos: [105, 17, 30, 62, 16, 61, 75, 24, 69, 1, 31, 76, 42, 46, 23, 87, 68, 27, 72, 915]
q: [0.0, 5.0, 4.0, -5.0, 11.0, -11.0, -4.0, 14.0, -14.0, 7.0, 6.0, -6.0, 5.0, -7.0, 10.0, -5.0, -10.0, 6.0, -6.0, 0.0]
Q: [0.0, 5.0, 9.0, 4.0, 15.0, 4.0, 0.0, 14.0, 0.0, 7.0, 13.0, 7.0, 12.0, 5.0, 15.0, 10.0, 0.0, 6.0, 0.0, 0.0]
B: [0.0, 24.0, 64.0, 67.14445448369, 72.47609381883, 82.10018525647, 84.97134181786, 109.70531270816, 148.21826301066, 175.0, 183.89376197118, 197.19937597428, 239.0, 264.0626014013, 268.8931248719, 305.908763729, 332.2691197205, 538.0, 555.0308623681, 574.0255915844]
