Avion: 6      Iteracion: 25

Num Ruta: 27
Ingresos: 79200.0
Costos: 257.869157227
Utilidad Ruta: 78942.1308428
Costo Reducido: 88.9346691845
Nodos: [106, 24, 69, 10, 55, 26, 71, 28, 73, 25, 70, 29, 74, 916]
q: [0, 14.0, -14.0, 12.0, -12.0, 13.0, -13.0, 8.0, -8.0, 10.0, -10.0, 9.0, -9.0, 0]
Q: [0, 14.0, 0.0, 12.0, 0.0, 13.0, 0.0, 8.0, 0.0, 10.0, 0.0, 9.0, 0.0, 0]
B: [0.0, 61.0, 99.5129503025, 111.2988809828, 140.8183917172, 300.0, 317.5792279694, 378.0, 414.0266187839, 417.35999740026, 434.54497971036, 549.0, 582.7797797802, 614.0430139379]
