Avion: 3      Iteracion: 54

Num Ruta: 46
Ingresos: 64800.0
Costos: 180.827202991
Utilidad Ruta: 64619.172797
Costo Reducido: 8.07787164297
Nodos: [103, 17, 62, 9, 54, 14, 59, 3, 48, 8, 5, 50, 53, 913]
q: [0.0, 5.0, -5.0, 11.0, -11.0, 8.0, -8.0, 15.0, -15.0, 8.0, 7.0, -7.0, -8.0, 0.0]
Q: [0.0, 5.0, 0.0, 11.0, 0.0, 8.0, 0.0, 15.0, 0.0, 8.0, 15.0, 8.0, 0.0, 0.0]
B: [0.0, 24.0, 58.8425537813, 81.72911018459999, 111.25634718709999, 121.5131539026, 133.5348656776, 256.0, 261.08428175852, 414.0, 469.0, 470.12168890518, 480.59966590458, 504.13925511087996]
