Avion: 1      Iteracion: 26

Num Ruta: 29
Ingresos: 94800.0
Costos: 256.196460527
Utilidad Ruta: 94543.8035395
Costo Reducido: 179.10206629
Nodos: [101, 16, 61, 14, 59, 18, 63, 5, 50, 41, 86, 29, 27, 74, 33, 72, 78, 911]
q: [0.0, 11.0, -11.0, 8.0, -8.0, 11.0, -11.0, 12.0, -12.0, 13.0, -13.0, 9.0, 6.0, -9.0, 9.0, -6.0, -9.0, 0.0]
Q: [0.0, 11.0, 0.0, 8.0, 0.0, 11.0, 0.0, 12.0, 0.0, 13.0, 0.0, 9.0, 15.0, 6.0, 15.0, 9.0, 0.0, 0.0]
B: [0.0, 36.0, 45.624091437640004, 112.0, 124.021711775, 293.0, 316.8182362487, 469.0, 470.12168890518, 478.94792672205, 498.98904707495, 549.0, 574.6018082369, 582.8182362320799, 591.66972791428, 605.51689791398, 626.08369020158, 631.76045301149]
