Avion: 5      Iteracion: 34

Num Ruta: 35
Ingresos: 74400.0
Costos: 312.48150193
Utilidad Ruta: 74087.5184981
Costo Reducido: 3.36267888683
Nodos: [105, 17, 30, 62, 16, 61, 75, 40, 85, 1, 46, 23, 42, 87, 26, 71, 68, 915]
q: [0.0, 5.0, 10.0, -5.0, 5.0, -5.0, -10.0, 15.0, -15.0, 7.0, -7.0, 10.0, 5.0, -5.0, 5.0, -5.0, -10.0, 0.0]
Q: [0.0, 5.0, 15.0, 10.0, 15.0, 10.0, 0.0, 15.0, 0.0, 7.0, 0.0, 10.0, 15.0, 10.0, 15.0, 10.0, 0.0, 0.0]
B: [0.0, 24.0, 64.0, 67.14445448369, 72.47609381883, 82.10018525647, 84.97134181786, 115.78119589085999, 148.35063767295998, 175.0, 209.2400855285, 267.0, 289.6110683074, 337.6609029585, 344.55638154958, 362.13560951898, 365.20268190156, 384.50377847666005]
