Avion: 4      Iteracion: 22

Num Ruta: 23
Ingresos: 72000.0
Costos: 289.095834512
Utilidad Ruta: 71710.9041655
Costo Reducido: 70.6757919775
Nodos: [104, 36, 76, 34, 74, 28, 68, 32, 8, 48, 72, 27, 4, 44, 67, 814]
q: [0, 15.0, -15.0, 12.0, -12.0, 8.0, -8.0, 6.0, 8.0, -8.0, -6.0, 6.0, 5.0, -5.0, -6.0, 0]
Q: [0, 15.0, 0.0, 12.0, 0.0, 8.0, 0.0, 6.0, 14.0, 6.0, 0.0, 6.0, 11.0, 6.0, 0.0, 0]
B: [0.0, 251.0, 257.94814406874, 283.0, 323.947598037, 378.0, 414.0266187839, 437.4817273106, 448.9286254494, 469.6970220654, 485.74612079400003, 538.0, 555.6147745373, 576.0405242175, 581.45578275242, 615.43716589082]
