Avion: 3      Iteracion: 27

Num Ruta: 29
Ingresos: 45600.0
Costos: 189.833704298
Utilidad Ruta: 45410.1662957
Costo Reducido: 48.3894729101
Nodos: [103, 40, 80, 1, 41, 23, 63, 27, 67, 813]
q: [0, 15.0, -15.0, 7.0, -7.0, 10.0, -10.0, 6.0, -6.0, 0]
Q: [0, 15.0, 0.0, 7.0, 0.0, 10.0, 0.0, 6.0, 0.0, 0]
B: [0.0, 62.0, 94.5694417821, 175.0, 209.2400855285, 267.0, 306.733842905, 538.0, 555.0308623681, 577.4287761326]
