Avion: 5      Iteracion: 58

Num Ruta: 55
Ingresos: 156000.0
Costos: 404.353132898
Utilidad Ruta: 155595.646867
Costo Reducido: 7.28524330442
Nodos: [105, 16, 56, 9, 49, 11, 51, 36, 76, 34, 74, 39, 28, 79, 13, 53, 68, 25, 65, 15, 20, 55, 7, 4, 47, 44, 60, 37, 77, 815]
q: [0.0, 11.0, -11.0, 11.0, -11.0, 8.0, -8.0, 15.0, -15.0, 12.0, -12.0, 8.0, 7.0, -8.0, 8.0, -8.0, -7.0, 10.0, -10.0, 10.0, 5.0, -10.0, 10.0, 0.0, -10.0, 0.0, -5.0, 15.0, -15.0, 0.0]
Q: [0.0, 11.0, 0.0, 11.0, 0.0, 8.0, 0.0, 15.0, 0.0, 12.0, 0.0, 8.0, 15.0, 7.0, 15.0, 7.0, 0.0, 10.0, 0.0, 10.0, 15.0, 5.0, 15.0, 15.0, 5.0, 5.0, 0.0, 15.0, 0.0, 0.0]
B: [0.0, 36.0, 45.624091437640004, 75.68094759394, 105.20818459644, 169.0, 173.05406684701, 251.0, 257.94814406874, 283.0, 323.947598037, 388.0, 399.3210123222, 412.3114993416, 423.0, 439.88315095, 462.92158097460003, 466.25495959096, 483.43994190106, 511.0, 521.3008920973, 527.43474414964, 538.3394837155399, 548.7028570080399, 567.97521799474, 569.1355920723499, 580.9968153229499, 592.57433327805, 613.36898674955, 634.99643162865]
