Avion: 4      Iteracion: 29

Num Ruta: 29
Ingresos: 135600.0
Costos: 495.585925356
Utilidad Ruta: 135104.414075
Costo Reducido: 80.0880622941
Nodos: [104, 17, 30, 57, 16, 56, 70, 24, 64, 31, 1, 71, 41, 18, 58, 28, 68, 19, 32, 59, 5, 45, 72, 21, 38, 78, 61, 33, 73, 814]
q: [0.0, 5.0, 10.0, -5.0, 5.0, -5.0, -10.0, 14.0, -14.0, 6.0, 7.0, -6.0, -7.0, 11.0, -11.0, 8.0, -8.0, 7.0, 6.0, -7.0, 9.0, -9.0, -6.0, 7.0, 8.0, -8.0, -7.0, 10.0, -10.0, 0.0]
Q: [0.0, 5.0, 15.0, 10.0, 15.0, 10.0, 0.0, 14.0, 0.0, 6.0, 13.0, 7.0, 0.0, 11.0, 0.0, 8.0, 0.0, 7.0, 13.0, 6.0, 15.0, 6.0, 0.0, 7.0, 15.0, 7.0, 0.0, 10.0, 0.0, 0.0]
B: [0.0, 24.0, 64.0, 67.14445448369, 72.47609381883, 82.10018525647, 84.97134181786, 109.70531270816, 148.21826301066, 159.50262076816, 175.0, 193.9896940997, 227.5507818205, 293.0, 316.8182362487, 378.0, 414.0266187839, 426.5624120576, 438.27732669659997, 457.84979738889996, 469.0, 470.12168890518, 495.44553261028, 513.85746420368, 520.68037714465, 553.54926378535, 560.6191923564201, 570.77473729502, 594.07824853262, 620.9902322016201]
