Avion: 6      Iteracion: 2

Num Ruta: 6
Ingresos: 190800.0
Costos: 607.897265361
Utilidad Ruta: 190192.102735
Costo Reducido: 227162.943564
Nodos: [106, 40, 80, 30, 70, 10, 50, 1, 41, 3, 43, 36, 76, 26, 66, 28, 19, 68, 25, 65, 59, 6, 46, 5, 45, 4, 7, 47, 27, 67, 44, 33, 73, 816]
q: [0.0, 15.0, -15.0, 11.0, -11.0, 12.0, -12.0, 7.0, -7.0, 15.0, -15.0, 15.0, -15.0, 13.0, -13.0, 8.0, 7.0, -8.0, 8.0, -8.0, -7.0, 5.0, -5.0, 12.0, -12.0, 5.0, 10.0, -10.0, 6.0, -6.0, -5.0, 10.0, -10.0, 0.0]
Q: [0.0, 15.0, 0.0, 11.0, 0.0, 12.0, 0.0, 7.0, 0.0, 15.0, 0.0, 15.0, 0.0, 13.0, 0.0, 8.0, 15.0, 7.0, 15.0, 7.0, 0.0, 5.0, 0.0, 12.0, 0.0, 5.0, 15.0, 5.0, 11.0, 5.0, 0.0, 10.0, 0.0, 0.0]
B: [0.0, 62.0, 94.5694417821, 113.51249206450001, 132.22651472130002, 150.91956500740002, 180.43907574180002, 218.85841691260003, 253.09850244110004, 260.19505435030004, 265.27933610882, 300.19880141112003, 307.14694547986005, 347.44932993786006, 365.02855790726005, 378.0, 414.065010994, 426.60080426769997, 429.93418288405996, 447.11916519415996, 463.90602163005997, 475.69704062755994, 479.3893300257499, 497.7781902405499, 498.8998791457299, 529.0, 539.3633732925, 567.9046851054, 583.7444599774999, 600.7753223455999, 606.1905808805199, 614.7620463328199, 638.0655575704199, 651.9065147989198]
