Avion: 5      Iteracion: 13

Num Ruta: 16
Ingresos: 152400.0
Costos: 535.336433765
Utilidad Ruta: 151864.663566
Costo Reducido: 542.874223142
Nodos: [105, 16, 56, 24, 64, 31, 71, 3, 43, 23, 18, 75, 35, 63, 58, 28, 39, 68, 79, 6, 46, 15, 55, 4, 29, 69, 44, 37, 77, 815]
q: [0.0, 11.0, -11.0, 14.0, -14.0, 6.0, -6.0, 15.0, -15.0, 10.0, 5.0, -6.0, 6.0, -10.0, -5.0, 7.0, 8.0, -7.0, -8.0, 5.0, -5.0, 11.0, -11.0, 5.0, 9.0, -9.0, -5.0, 15.0, -15.0, 0.0]
Q: [0.0, 11.0, 0.0, 14.0, 0.0, 6.0, 0.0, 15.0, 0.0, 10.0, 15.0, 9.0, 15.0, 5.0, 0.0, 7.0, 15.0, 8.0, 0.0, 5.0, 0.0, 11.0, 0.0, 5.0, 14.0, 5.0, 0.0, 15.0, 0.0, 0.0]
B: [0.0, 36.0, 45.624091437640004, 70.85029051714, 109.36324081964, 130.0, 143.3056140031, 256.0, 261.08428175852, 267.0, 293.0, 315.8908533917, 335.80373678409995, 365.32377243789995, 375.24930401057, 384.3828067888, 395.703819111, 427.13322650279997, 463.146137632, 469.8343817962, 473.52667119438996, 515.8620273166899, 532.2831939317899, 537.85787320508, 558.56787583668, 592.3476556168799, 604.56672665358, 611.63109874174, 632.42575221324, 654.05319709234]
