Avion: 1      Iteracion: 57

Num Ruta: 50
Ingresos: 118800.0
Costos: 377.507134732
Utilidad Ruta: 118422.492865
Costo Reducido: 6.98054738886
Nodos: [101, 12, 52, 1, 31, 71, 11, 51, 41, 3, 43, 18, 58, 22, 62, 19, 32, 59, 72, 38, 21, 61, 78, 811]
q: [0.0, 14.0, -14.0, 7.0, 6.0, -6.0, 8.0, -8.0, -7.0, 15.0, -15.0, 11.0, -11.0, 10.0, -10.0, 7.0, 6.0, -7.0, -6.0, 8.0, 7.0, -7.0, -8.0, 0.0]
Q: [0.0, 14.0, 0.0, 7.0, 13.0, 7.0, 15.0, 7.0, 0.0, 15.0, 0.0, 11.0, 0.0, 10.0, 0.0, 7.0, 13.0, 6.0, 0.0, 8.0, 15.0, 8.0, 0.0, 0.0]
B: [0.0, 54.0, 97.347924264, 175.0, 183.89376197118, 197.19937597428, 197.678254873377, 201.732321720387, 236.048051058387, 256.0, 261.08428175852, 293.0, 316.8182362487, 332.3010836612, 354.0557698001, 402.0, 422.0, 441.5724706923, 458.69984714049997, 480.0, 486.82291294097, 527.56170362017, 534.63163219124, 548.92105572754]
