Avion: 6      Iteracion: 55

Num Ruta: 56
Ingresos: 40800.0
Costos: 131.750488691
Utilidad Ruta: 40668.2495113
Costo Reducido: 21.9885814555
Nodos: [106, 2, 42, 7, 4, 47, 44, 33, 73, 816]
q: [0, 9.0, -9.0, 10.0, 5.0, -10.0, -5.0, 10.0, -10.0, 0]
Q: [0, 9.0, 0.0, 10.0, 15.0, 5.0, 0.0, 10.0, 0.0, 0]
B: [0.0, 522.0, 562.7349620474, 574.2416881674001, 584.6050614599001, 603.8774224466001, 605.0377965242101, 613.6092619765101, 636.9127732141101, 650.75373044261]
