Avion: 3      Iteracion: 0

Num Ruta: 2
Ingresos: 165600.0
Costos: 577.320141695
Utilidad Ruta: 165022.679858
Costo Reducido: -
Nodos: [103, 17, 57, 24, 64, 10, 50, 36, 76, 3, 43, 23, 18, 63, 58, 39, 79, 13, 53, 8, 48, 5, 45, 2, 42, 7, 47, 813]
q: [0.0, 5.0, -5.0, 14.0, -14.0, 12.0, -12.0, 15.0, -15.0, 15.0, -15.0, 4.0, 11.0, -4.0, -11.0, 8.0, -8.0, 15.0, -15.0, 8.0, -8.0, 12.0, -12.0, 9.0, -9.0, 10.0, -10.0, 0.0]
Q: [0.0, 5.0, 0.0, 14.0, 0.0, 12.0, 0.0, 15.0, 0.0, 15.0, 0.0, 4.0, 15.0, 11.0, 0.0, 8.0, 0.0, 15.0, 0.0, 8.0, 0.0, 12.0, 0.0, 9.0, 0.0, 10.0, 0.0, 0.0]
B: [0.0, 48.6245240388, 83.4670778201, 100.0253611248, 138.53831142730002, 150.3242421076, 179.84375284200001, 251.0, 257.94814406874, 294.92818141324, 300.01246317176, 303.37495049515996, 323.55390064126, 348.99321205096, 358.91874362363, 388.0, 410.632187455, 423.0, 439.88315095, 473.0543964648, 493.8227930808, 503.57560395767, 504.69729286285, 522.0, 562.7349620474, 574.2416881674001, 602.7829999803, 629.1925164848]
