Avion: 5      Iteracion: 24

Num Ruta: 26
Ingresos: 21600.0
Costos: 53.1484726665
Utilidad Ruta: 21546.8515273
Costo Reducido: 99.3973883799
Nodos: [105, 35, 75, 5, 45, 815]
q: [0, 6.0, -6.0, 12.0, -12.0, 0]
Q: [0, 6.0, 0.0, 12.0, 0.0, 0]
B: [0.0, 279.0, 298.9128833924, 469.0, 470.12168890518, 483.34589368278]
