Avion: 7      Iteracion: 6

Num Ruta: 9
Ingresos: 139200.0
Costos: 478.503230848
Utilidad Ruta: 138721.496769
Costo Reducido: 250863.697901
Nodos: [107, 16, 56, 40, 24, 64, 10, 80, 50, 11, 51, 34, 74, 26, 66, 13, 53, 32, 38, 72, 78, 33, 73, 27, 67, 817]
q: [0.0, 11.0, -11.0, 1.0, 14.0, -14.0, 12.0, -1.0, -12.0, 8.0, -8.0, 12.0, -12.0, 13.0, -13.0, 15.0, -15.0, 6.0, 8.0, -6.0, -8.0, 10.0, -10.0, 6.0, -6.0, 0.0]
Q: [0.0, 11.0, 0.0, 1.0, 15.0, 1.0, 13.0, 12.0, 0.0, 8.0, 0.0, 12.0, 0.0, 13.0, 0.0, 15.0, 0.0, 6.0, 14.0, 8.0, 0.0, 10.0, 0.0, 6.0, 0.0, 0.0]
B: [0.0, 36.0, 45.624091437640004, 77.27284989674001, 84.42620155872001, 122.93915186122001, 134.72508254152, 151.90577661942, 169.98082021552, 222.61903679812, 226.67310364513, 283.0, 323.947598037, 358.0226741044, 375.6019020738, 423.0, 439.88315095, 467.2623045162, 481.6992822124, 496.7297294446, 518.7258082088, 562.0, 585.3035112376, 592.52226459258, 609.55312696068, 616.2578217337499]
