Avion: 7      Iteracion: 2

Num Ruta: 5
Ingresos: 120000.0
Costos: 400.16468273
Utilidad Ruta: 119599.835317
Costo Reducido: 163464.302432
Nodos: [107, 12, 52, 30, 70, 14, 54, 36, 76, 26, 75, 35, 66, 5, 45, 6, 46, 27, 67, 33, 73, 817]
q: [0.0, 14.0, -14.0, 11.0, -11.0, 8.0, -8.0, 15.0, -15.0, 13.0, -6.0, 6.0, -13.0, 12.0, -12.0, 5.0, -5.0, 6.0, -6.0, 10.0, -10.0, 0.0]
Q: [0.0, 14.0, 0.0, 11.0, 0.0, 8.0, 0.0, 15.0, 0.0, 13.0, 7.0, 13.0, 0.0, 12.0, 0.0, 5.0, 0.0, 6.0, 0.0, 10.0, 0.0, 0.0]
B: [0.0, 54.0, 97.347924264, 122.72227077779999, 141.4362934346, 169.2322340915, 181.2539458665, 251.0, 257.94814406874, 300.0, 309.29300538039, 329.20588877279, 356.98179347449, 469.0, 470.12168890518, 486.34528175638, 490.03757115457, 538.0, 555.0308623681, 568.8780323678, 592.1815436054, 615.2280322966999]
