Avion: 2      Iteracion: 24

Num Ruta: 24
Ingresos: 62400.0
Costos: 123.639810781
Utilidad Ruta: 62276.3601892
Costo Reducido: 105.288624624
Nodos: [102, 36, 76, 25, 65, 13, 53, 5, 45, 812]
q: [0, 15.0, -15.0, 10.0, -10.0, 15.0, -15.0, 12.0, -12.0, 0]
Q: [0, 15.0, 0.0, 10.0, 0.0, 15.0, 0.0, 12.0, 0.0, 0]
B: [0.0, 251.0, 257.94814406874, 410.0, 427.1849823101, 443.186042775, 460.069193725, 487.3334768258, 488.45516573098, 498.85988562148003]
