Avion: 7      Iteracion: 11

Num Ruta: 12
Ingresos: 91200.0
Costos: 350.476342545
Utilidad Ruta: 90849.5236575
Costo Reducido: 753.358280863
Nodos: [107, 17, 30, 57, 16, 70, 56, 10, 50, 31, 11, 71, 51, 1, 41, 26, 66, 22, 62, 817]
q: [0.0, 5.0, 4.0, -5.0, 11.0, -4.0, -11.0, 12.0, -12.0, 6.0, 8.0, -6.0, -8.0, 7.0, -7.0, 13.0, -13.0, 10.0, -10.0, 0.0]
Q: [0.0, 5.0, 9.0, 4.0, 15.0, 11.0, 0.0, 12.0, 0.0, 6.0, 14.0, 8.0, 0.0, 7.0, 0.0, 13.0, 0.0, 10.0, 0.0, 0.0]
B: [0.0, 33.8861846923, 67.49989629929999, 70.64435078298999, 75.97599011812999, 86.79266187982998, 89.66381844121997, 105.49309565151998, 135.01260638591998, 174.62076072312, 187.80348991702, 188.28236881611699, 191.97674738361698, 214.646198920917, 248.886284449417, 300.0, 317.5792279694, 331.2134086195, 352.9680947584, 371.61389409770004]
