Avion: 7      Iteracion: 7

Num Ruta: 10
Ingresos: 157200.0
Costos: 546.36071076
Utilidad Ruta: 156653.639289
Costo Reducido: 131947.158665
Nodos: [107, 9, 49, 12, 52, 14, 54, 3, 43, 23, 36, 76, 34, 63, 74, 39, 79, 28, 68, 25, 65, 21, 38, 61, 78, 27, 67, 2, 42, 817]
q: [0.0, 11.0, -11.0, 14.0, -14.0, 8.0, -8.0, 15.0, -15.0, 3.0, 12.0, -12.0, 12.0, -3.0, -12.0, 8.0, -8.0, 8.0, -8.0, 10.0, -10.0, 7.0, 8.0, -7.0, -8.0, 6.0, -6.0, 9.0, -9.0, 0.0]
Q: [0.0, 11.0, 0.0, 14.0, 0.0, 8.0, 0.0, 15.0, 0.0, 3.0, 15.0, 3.0, 15.0, 12.0, 0.0, 8.0, 0.0, 8.0, 0.0, 10.0, 0.0, 7.0, 15.0, 8.0, 0.0, 6.0, 0.0, 9.0, 0.0, 0.0]
B: [0.0, 28.0348110926, 57.562048095099996, 68.3490848522, 111.6970091162, 148.2162428979, 160.2379546729, 256.0, 261.08428175852, 267.0, 301.145140152, 308.09328422074003, 321.81303221404005, 358.30854318454004, 374.82819887104006, 388.0, 410.632187455, 423.6226744744, 459.6492932583, 462.98267187466, 480.16765418476, 488.33636766976, 495.15928061073004, 529.6416609955301, 536.7115895666001, 548.2473168952001, 565.2781792633001, 576.7302523507001, 617.4652143981001, 644.5995369620001]
