Avion: 6      Iteracion: 20

Num Ruta: 24
Ingresos: 127200.0
Costos: 415.78001641
Utilidad Ruta: 126784.219984
Costo Reducido: 194.592811054
Nodos: [106, 9, 49, 24, 64, 31, 71, 14, 54, 3, 43, 8, 32, 72, 48, 5, 45, 15, 55, 29, 27, 69, 67, 816]
q: [0, 11.0, -11.0, 14.0, -14.0, 6.0, -6.0, 8.0, -8.0, 15.0, -15.0, 8.0, 6.0, -6.0, -8.0, 12.0, -12.0, 11.0, -11.0, 9.0, 6.0, -9.0, -6.0, 0]
Q: [0, 11.0, 0.0, 14.0, 0.0, 6.0, 0.0, 8.0, 0.0, 15.0, 0.0, 8.0, 14.0, 8.0, 0.0, 12.0, 0.0, 11.0, 0.0, 9.0, 15.0, 6.0, 0.0, 0]
B: [0.0, 35.5829922575, 65.11022926000001, 89.25047915510001, 127.76342945760001, 139.04778721510002, 152.35340121820002, 169.39940778870002, 181.42111956370002, 256.0, 261.08428175852, 414.0, 425.4468981388, 453.3042539537, 469.35335268230006, 479.10616355917006, 480.22785246435006, 513.6300469431501, 530.0512135582501, 549.0, 574.6018082369, 582.8182362320799, 598.26561380888, 629.3342720354799]
