Avion: 5      Iteracion: 14

Num Ruta: 17
Ingresos: 136800.0
Costos: 550.666310815
Utilidad Ruta: 136249.333689
Costo Reducido: 513.358438597
Nodos: [105, 17, 57, 40, 80, 14, 54, 1, 41, 23, 35, 26, 75, 63, 66, 39, 6, 46, 79, 13, 53, 15, 55, 29, 7, 47, 69, 33, 73, 815]
q: [0.0, 5.0, -5.0, 15.0, -15.0, 8.0, -8.0, 7.0, -7.0, 10.0, 5.0, 0.0, -5.0, -10.0, 0.0, 8.0, 5.0, -5.0, -8.0, 15.0, -15.0, 11.0, -11.0, 9.0, 6.0, -6.0, -9.0, 10.0, -10.0, 0.0]
Q: [0.0, 5.0, 0.0, 15.0, 0.0, 8.0, 0.0, 7.0, 0.0, 10.0, 15.0, 15.0, 10.0, 0.0, 0.0, 8.0, 13.0, 8.0, 0.0, 15.0, 0.0, 11.0, 0.0, 9.0, 15.0, 9.0, 0.0, 10.0, 0.0, 0.0]
B: [0.0, 24.8000597782, 59.6426135595, 83.341584381, 115.9110261631, 144.4894280953, 156.5111398703, 192.1928690885, 226.432954617, 267.0, 307.4405515417, 318.0677661344, 327.36077151479003, 339.97931699359003, 343.04638937617005, 388.0, 436.0, 439.69228939819, 449.87740525418997, 453.10933904063995, 469.99248999063997, 511.0, 527.4211666151, 549.0, 570.2768523283, 598.8181641412, 611.1149679942, 619.9664596764001, 643.269970914, 660.9920726517]
