Avion: 4      Iteracion: 43

Num Ruta: 40
Ingresos: 91200.0
Costos: 303.67482039
Utilidad Ruta: 90896.3251796
Costo Reducido: 9.9604439637
Nodos: [104, 17, 30, 57, 16, 56, 70, 40, 80, 26, 66, 22, 62, 32, 19, 59, 6, 46, 72, 814]
q: [0.0, 5.0, 10.0, -5.0, 5.0, -5.0, -10.0, 15.0, -15.0, 13.0, -13.0, 10.0, -10.0, 6.0, 7.0, -7.0, 5.0, -5.0, -6.0, 0.0]
Q: [0.0, 5.0, 15.0, 10.0, 15.0, 10.0, 0.0, 15.0, 0.0, 13.0, 0.0, 10.0, 0.0, 6.0, 13.0, 6.0, 11.0, 6.0, 0.0, 0.0]
B: [0.0, 24.0, 64.0, 67.14445448369, 72.47609381883, 82.10018525647, 84.97134181786, 115.78119589085999, 148.35063767295998, 300.0, 317.5792279694, 331.2134086195, 352.9680947584, 422.0, 433.71491463899997, 460.34203093049996, 472.13304992799993, 475.8253393261899, 498.48271097428994, 522.84885652499]
