Avion: 6      Iteracion: 13

Num Ruta: 17
Ingresos: 28800.0
Costos: 148.300389416
Utilidad Ruta: 28651.6996106
Costo Reducido: 218.604675391
Nodos: [106, 6, 46, 15, 55, 38, 78, 816]
q: [0, 5.0, -5.0, 11.0, -11.0, 8.0, -8.0, 0]
Q: [0, 5.0, 0.0, 11.0, 0.0, 8.0, 0.0, 0]
B: [0.0, 436.0, 439.69228939819, 511.0, 527.4211666151, 531.5084323270399, 564.3773189677399, 594.3891365068399]
