Avion: 2      Iteracion: 5

Num Ruta: 7
Ingresos: 43200.0
Costos: 188.419778423
Utilidad Ruta: 43011.5802216
Costo Reducido: 86524.2484624
Nodos: [102, 10, 50, 29, 69, 37, 77, 812]
q: [0, 12.0, -12.0, 9.0, -9.0, 15.0, -15.0, 0]
Q: [0, 12.0, 0.0, 9.0, 0.0, 15.0, 0.0, 0]
B: [0.0, 96.0, 125.5195107344, 549.0, 582.7797797802, 602.0609649098, 622.8556183813, 641.554853232]
