Avion: 1      Iteracion: 46

Num Ruta: 43
Ingresos: 37200.0
Costos: 145.95750588
Utilidad Ruta: 37054.0424941
Costo Reducido: 6.04541896836
Nodos: [101, 9, 49, 15, 55, 29, 69, 811]
q: [0, 11.0, -11.0, 11.0, -11.0, 9.0, -9.0, 0]
Q: [0, 11.0, 0.0, 11.0, 0.0, 9.0, 0.0, 0]
B: [0.0, 28.0, 57.5272370025, 511.0, 527.4211666151, 549.0, 582.7797797802, 598.7979546138]
