Avion: 5      Iteracion: 45

Num Ruta: 45
Ingresos: 57600.0
Costos: 166.785718074
Utilidad Ruta: 57433.2142819
Costo Reducido: 17.737614911
Nodos: [105, 10, 50, 35, 75, 13, 53, 29, 27, 69, 67, 815]
q: [0, 12.0, -12.0, 6.0, -6.0, 15.0, -15.0, 9.0, 6.0, -9.0, -6.0, 0]
Q: [0, 12.0, 0.0, 6.0, 0.0, 15.0, 0.0, 9.0, 15.0, 6.0, 0.0, 0]
B: [0.0, 96.0, 125.5195107344, 279.0, 298.9128833924, 423.0, 439.88315095, 549.0, 574.6018082369, 582.8182362320799, 598.26561380888, 614.46097675638]
