Avion: 2      Iteracion: 59

Num Ruta: 47
Ingresos: 81600.0
Costos: 216.950250984
Utilidad Ruta: 81383.049749
Costo Reducido: 9.11260629375
Nodos: [102, 11, 51, 36, 76, 34, 74, 28, 68, 25, 65, 7, 4, 44, 47, 812]
q: [0, 8.0, -8.0, 15.0, -15.0, 12.0, -12.0, 8.0, -8.0, 10.0, -10.0, 10.0, 5.0, -5.0, -10.0, 0]
Q: [0, 8.0, 0.0, 15.0, 0.0, 12.0, 0.0, 8.0, 0.0, 10.0, 0.0, 10.0, 15.0, 10.0, 0.0, 0]
B: [0.0, 169.0, 173.05406684701, 251.0, 257.94814406874, 283.0, 323.947598037, 378.0, 414.0266187839, 417.35999740026, 434.54497971036, 517.0, 529.0, 549.4257496801999, 550.5861237578099, 567.9949781141099]
