Avion: 4      Iteracion: 1

Num Ruta: 5
Ingresos: 170400.0
Costos: 623.273626713
Utilidad Ruta: 169776.726373
Costo Reducido: 320689.33239
Nodos: [104, 12, 52, 14, 54, 31, 1, 71, 11, 51, 41, 3, 43, 18, 75, 35, 58, 28, 68, 19, 59, 5, 45, 21, 38, 78, 61, 33, 73, 37, 77, 814]
q: [0.0, 14.0, -14.0, 8.0, -8.0, 6.0, 7.0, -6.0, 8.0, -8.0, -7.0, 15.0, -15.0, 11.0, -6.0, 6.0, -11.0, 8.0, -8.0, 7.0, -7.0, 12.0, -12.0, 13.0, 2.0, -2.0, -13.0, 10.0, -10.0, 15.0, -15.0, 0.0]
Q: [0.0, 14.0, 0.0, 8.0, 0.0, 6.0, 13.0, 7.0, 15.0, 7.0, 0.0, 15.0, 0.0, 11.0, 5.0, 11.0, 0.0, 8.0, 0.0, 7.0, 0.0, 12.0, 0.0, 13.0, 15.0, 13.0, 0.0, 10.0, 0.0, 15.0, 0.0, 0.0]
B: [0.0, 54.0, 97.347924264, 133.8671580457, 145.8888698207, 173.1009370336, 181.99469900478, 200.98439310447998, 201.46327200357698, 205.51733885058698, 239.833068188587, 256.0, 261.08428175852, 293.0, 315.8908533917, 335.80373678409995, 374.99132813649993, 384.12483091472996, 420.15144969862996, 432.68724297232995, 459.31435926382994, 469.0, 470.12168890518, 498.36127928818, 505.18419222915, 538.05307886985, 545.12300744092, 562.0, 585.3035112376, 612.462098259, 633.2567517304999, 667.3379111150999]
