Avion: 2      Iteracion: 38

Num Ruta: 32
Ingresos: 32400.0
Costos: 157.720209199
Utilidad Ruta: 32242.2797908
Costo Reducido: 16.6192532062
Nodos: [102, 1, 41, 18, 58, 29, 69, 812]
q: [0, 7.0, -7.0, 11.0, -11.0, 9.0, -9.0, 0]
Q: [0, 7.0, 0.0, 11.0, 0.0, 9.0, 0.0, 0]
B: [0.0, 175.0, 209.2400855285, 293.0, 316.8182362487, 549.0, 582.7797797802, 606.9046599872]
