Avion: 3      Iteracion: 29

Num Ruta: 31
Ingresos: 52800.0
Costos: 220.333120973
Utilidad Ruta: 52579.666879
Costo Reducido: 38.5860727145
Nodos: [103, 14, 54, 32, 8, 48, 72, 21, 61, 2, 42, 813]
q: [0, 8.0, -8.0, 6.0, 8.0, -8.0, -6.0, 13.0, -13.0, 9.0, -9.0, 0]
Q: [0, 8.0, 0.0, 6.0, 14.0, 6.0, 0.0, 13.0, 0.0, 9.0, 0.0, 0]
B: [0.0, 112.0, 124.021711775, 422.0, 433.4468981388, 454.2152947548, 470.2643934834, 488.6763250768, 529.415115756, 553.2661294871, 594.0010915345, 608.3588603027]
