Avion: 4      Iteracion: 45

Num Ruta: 42
Ingresos: 129600.0
Costos: 431.06024574
Utilidad Ruta: 129168.939754
Costo Reducido: 1.00880184433
Nodos: [104, 17, 57, 30, 16, 56, 70, 24, 64, 1, 31, 71, 11, 51, 41, 8, 48, 13, 53, 21, 38, 78, 61, 27, 29, 69, 67, 814]
q: [0.0, 5.0, -5.0, 11.0, 4.0, -4.0, -11.0, 14.0, -14.0, 7.0, 6.0, -6.0, 8.0, -8.0, -7.0, 8.0, -8.0, 15.0, -15.0, 7.0, 8.0, -8.0, -7.0, 6.0, 9.0, -9.0, -6.0, 0.0]
Q: [0.0, 5.0, 0.0, 11.0, 15.0, 11.0, 0.0, 14.0, 0.0, 7.0, 13.0, 7.0, 15.0, 7.0, 0.0, 8.0, 0.0, 15.0, 0.0, 7.0, 15.0, 7.0, 0.0, 6.0, 15.0, 6.0, 0.0, 0.0]
B: [0.0, 24.0, 58.8425537813, 64.0, 72.20259129788, 81.82668273552001, 84.69783929691, 109.43181018721, 147.94476048971, 175.0, 183.89376197118, 197.19937597428, 197.678254873377, 201.732321720387, 236.048051058387, 414.0, 434.768396616, 436.97907275691, 453.86222370691, 477.0, 483.82291294097, 516.69179958167, 523.76172815274, 538.0, 563.6018082369, 597.3815880171, 612.8289655939, 646.8103487323]
