Avion: 3      Iteracion: 40

Num Ruta: 41
Ingresos: 25200.0
Costos: 102.401890722
Utilidad Ruta: 25097.5981093
Costo Reducido: 6.5131205639
Nodos: [103, 24, 64, 1, 41, 813]
q: [0, 14.0, -14.0, 7.0, -7.0, 0]
Q: [0, 14.0, 0.0, 7.0, 0.0, 0]
B: [0.0, 61.0, 99.5129503025, 175.0, 209.2400855285, 230.29351396660002]
