Avion: 7      Iteracion: 41

Num Ruta: 39
Ingresos: 25200.0
Costos: 90.7475663867
Utilidad Ruta: 25109.2524336
Costo Reducido: 10.5962691835
Nodos: [107, 7, 38, 78, 27, 67, 47, 817]
q: [0.0, 7.0, 8.0, -8.0, 6.0, -6.0, -7.0, 0.0]
Q: [0.0, 7.0, 15.0, 7.0, 13.0, 7.0, 0.0, 0.0]
B: [0.0, 517.0, 525.77620202593, 558.64508866663, 570.1808159952301, 587.2116783633301, 591.61159893079, 602.67875488889]
