Avion: 5      Iteracion: 76

Num Ruta: 67
Ingresos: 70800.0
Costos: 214.873883098
Utilidad Ruta: 70585.1261169
Costo Reducido: 1.49773700532
Nodos: [105, 16, 56, 24, 64, 1, 41, 8, 19, 59, 48, 5, 45, 815]
q: [0, 11.0, -11.0, 14.0, -14.0, 7.0, -7.0, 8.0, 7.0, -7.0, -8.0, 12.0, -12.0, 0]
Q: [0, 11.0, 0.0, 14.0, 0.0, 7.0, 0.0, 8.0, 15.0, 8.0, 0.0, 12.0, 0.0, 0]
B: [0.0, 36.0, 45.624091437640004, 70.85029051714, 109.36324081964, 175.0, 209.2400855285, 414.0, 437.1608815463, 463.7879978378, 466.71611702935996, 476.46892790622996, 477.59061681141, 490.81482158900997]
