Avion: 2      Iteracion: 49

Num Ruta: 40
Ingresos: 58800.0
Costos: 141.164697909
Utilidad Ruta: 58658.8353021
Costo Reducido: 7.50053022683
Nodos: [102, 1, 41, 3, 43, 23, 63, 6, 46, 5, 45, 812]
q: [0, 7.0, -7.0, 15.0, -15.0, 10.0, -10.0, 5.0, -5.0, 12.0, -12.0, 0]
Q: [0, 7.0, 0.0, 15.0, 0.0, 10.0, 0.0, 5.0, 0.0, 12.0, 0.0, 0]
B: [0.0, 175.0, 209.2400855285, 256.0, 261.08428175852, 267.0, 306.733842905, 436.0, 439.69228939819, 469.0, 470.12168890518, 480.52640879568]
