Avion: 1      Iteracion: 4

Num Ruta: 7
Ingresos: 135600.0
Costos: 541.534310509
Utilidad Ruta: 135058.465689
Costo Reducido: 204571.746316
Nodos: [101, 9, 12, 49, 30, 70, 52, 10, 50, 1, 11, 51, 41, 23, 26, 63, 66, 18, 58, 39, 6, 46, 79, 32, 72, 21, 38, 61, 78, 811]
q: [0.0, 11.0, 4.0, -11.0, 11.0, -11.0, -4.0, 12.0, -12.0, 7.0, 8.0, -8.0, -7.0, 10.0, 5.0, -10.0, -5.0, 11.0, -11.0, 8.0, 5.0, -5.0, -8.0, 6.0, -6.0, 13.0, 2.0, -13.0, -2.0, 0.0]
Q: [0.0, 11.0, 15.0, 4.0, 15.0, 4.0, 0.0, 12.0, 0.0, 7.0, 15.0, 7.0, 0.0, 10.0, 15.0, 5.0, 0.0, 11.0, 0.0, 8.0, 13.0, 8.0, 0.0, 6.0, 0.0, 13.0, 15.0, 2.0, 0.0, 0.0]
B: [0.0, 28.0, 54.0, 64.7870367571, 80.5749370925, 99.28895974929999, 122.08481781609999, 130.80258817324997, 160.32209890764997, 198.74144007844998, 217.42226867354998, 221.47633552055999, 255.79206485855997, 267.0, 301.4413435423, 321.1277163164, 324.19478869898, 347.47345945138, 371.29169570007997, 388.0, 436.0, 439.69228939819, 449.87740525418997, 475.48924665618995, 503.34660247108997, 521.7585340644899, 528.58144700546, 563.0638273902599, 570.1337559613299, 584.4231794976299]
