Avion: 4      Iteracion: 7

Num Ruta: 10
Ingresos: 120000.0
Costos: 552.931181785
Utilidad Ruta: 119447.068818
Costo Reducido: 98851.5983666
Nodos: [104, 12, 40, 80, 52, 14, 54, 36, 76, 35, 75, 39, 79, 28, 68, 25, 65, 21, 38, 78, 61, 4, 7, 47, 44, 814]
q: [0.0, 14.0, 1.0, -1.0, -14.0, 8.0, -8.0, 15.0, -15.0, 6.0, -6.0, 8.0, -8.0, 8.0, -8.0, 10.0, -10.0, 7.0, 8.0, -8.0, -7.0, 5.0, 10.0, -10.0, -5.0, 0.0]
Q: [0.0, 14.0, 15.0, 14.0, 0.0, 8.0, 0.0, 15.0, 0.0, 6.0, 0.0, 8.0, 0.0, 8.0, 0.0, 10.0, 0.0, 7.0, 15.0, 7.0, 0.0, 5.0, 15.0, 5.0, 0.0, 0.0]
B: [0.0, 54.0, 73.792962512, 106.3624042941, 127.2310713574, 163.7503051391, 175.7720169141, 251.0, 257.94814406874, 308.86250452824004, 328.77538792064, 388.0, 410.632187455, 423.6226744744, 459.6492932583, 462.98267187466, 480.16765418476, 488.33636766976, 495.15928061073004, 528.02816725143, 535.0980958225, 564.2678932335, 574.631266526, 603.1725783388999, 604.3329524165099, 642.8919532464099]
