Avion: 4      Iteracion: 15

Num Ruta: 17
Ingresos: 123600.0
Costos: 388.556879252
Utilidad Ruta: 123211.443121
Costo Reducido: 411.966536939
Nodos: [104, 30, 70, 24, 64, 11, 51, 34, 74, 39, 79, 6, 46, 13, 53, 20, 7, 47, 60, 2, 33, 73, 42, 814]
q: [0.0, 11.0, -11.0, 14.0, -14.0, 8.0, -8.0, 12.0, -12.0, 8.0, -8.0, 5.0, -5.0, 15.0, -15.0, 10.0, 5.0, -5.0, -10.0, 9.0, 6.0, -6.0, -9.0, 0.0]
Q: [0.0, 11.0, 0.0, 14.0, 0.0, 8.0, 0.0, 12.0, 0.0, 8.0, 0.0, 5.0, 0.0, 15.0, 0.0, 10.0, 15.0, 10.0, 0.0, 9.0, 15.0, 9.0, 0.0, 0.0]
B: [0.0, 64.0, 82.7140226568, 107.4479935471, 145.9609438496, 169.0, 173.05406684701, 283.0, 323.947598037, 388.0, 410.632187455, 436.0, 439.69228939819, 453.10235550539, 469.98550645539, 496.0, 517.0, 545.5413118129, 558.5049963585999, 565.8352936240599, 579.6208945540599, 602.9244057916599, 621.4431898230598, 630.2408304726898]
