Avion: 7      Iteracion: 12

Num Ruta: 13
Ingresos: 146400.0
Costos: 539.937237874
Utilidad Ruta: 145860.062762
Costo Reducido: 36690.7948532
Nodos: [107, 17, 57, 30, 70, 40, 80, 11, 51, 22, 62, 26, 66, 28, 39, 68, 79, 13, 53, 7, 29, 4, 69, 47, 44, 37, 77, 817]
q: [0.0, 5.0, -5.0, 11.0, -11.0, 15.0, -15.0, 8.0, -8.0, 10.0, -10.0, 13.0, -13.0, 8.0, 7.0, -8.0, -7.0, 15.0, -15.0, 1.0, 9.0, 5.0, -9.0, -1.0, -5.0, 15.0, -15.0, 0.0]
Q: [0.0, 5.0, 0.0, 11.0, 0.0, 15.0, 0.0, 8.0, 0.0, 10.0, 0.0, 13.0, 0.0, 8.0, 15.0, 7.0, 0.0, 15.0, 0.0, 1.0, 10.0, 15.0, 6.0, 5.0, 0.0, 15.0, 0.0, 0.0]
B: [0.0, 33.8861846923, 68.7287384736, 71.87319295729, 90.58721561409, 121.39706968709, 153.96651146918998, 189.69267538308998, 193.74674223009998, 299.0, 320.7546861389, 357.0876895518, 374.6669175212, 385.0748345558, 396.395846878, 427.8252542698, 463.838165399, 467.07009918545, 483.95325013545, 517.0, 549.0, 569.7100026316, 592.5834067727, 604.8802106257, 606.04058470331, 613.1049567914699, 633.8996102629699, 649.4739986297699]
