Avion: 4      Iteracion: 55

Num Ruta: 50
Ingresos: 104400.0
Costos: 342.971844513
Utilidad Ruta: 104057.028155
Costo Reducido: 0.545052350513
Nodos: [104, 17, 57, 16, 56, 40, 80, 26, 66, 22, 62, 25, 65, 21, 61, 33, 73, 814]
q: [0, 5.0, -5.0, 11.0, -11.0, 15.0, -15.0, 13.0, -13.0, 10.0, -10.0, 10.0, -10.0, 13.0, -13.0, 10.0, -10.0, 0]
Q: [0, 5.0, 0.0, 11.0, 0.0, 15.0, 0.0, 13.0, 0.0, 10.0, 0.0, 10.0, 0.0, 13.0, 0.0, 10.0, 0.0, 0]
B: [0.0, 24.0, 58.8425537813, 64.17419311644, 73.79828455408, 105.44704301318001, 138.01648479528, 300.0, 317.5792279694, 331.2134086195, 352.9680947584, 410.0, 427.1849823101, 477.0, 517.7387906792, 562.0, 585.3035112376, 612.2154949066]
