Avion: 1      Iteracion: 55

Num Ruta: 48
Ingresos: 76800.0
Costos: 241.17151729
Utilidad Ruta: 76558.8284827
Costo Reducido: 1.69883231324
Nodos: [101, 9, 49, 14, 54, 3, 43, 19, 25, 65, 59, 38, 21, 61, 78, 811]
q: [0.0, 11.0, -11.0, 8.0, -8.0, 15.0, -15.0, 7.0, 8.0, -8.0, -7.0, 8.0, 7.0, -7.0, -8.0, 0.0]
Q: [0.0, 11.0, 0.0, 8.0, 0.0, 15.0, 0.0, 7.0, 15.0, 7.0, 0.0, 8.0, 15.0, 8.0, 0.0, 0.0]
B: [0.0, 28.0, 57.5272370025, 112.0, 124.021711775, 256.0, 261.08428175852, 402.0, 411.3920072402, 428.57698955029997, 445.3638459862, 480.0, 486.82291294097, 527.56170362017, 534.63163219124, 548.92105572754]
