Avion: 4      Iteracion: 16

Num Ruta: 18
Ingresos: 132000.0
Costos: 446.295278908
Utilidad Ruta: 131553.704721
Costo Reducido: 256.938383636
Nodos: [104, 1, 31, 71, 41, 3, 43, 18, 36, 76, 34, 58, 74, 28, 68, 32, 8, 48, 72, 5, 45, 4, 7, 47, 27, 67, 44, 814]
q: [0.0, 7.0, 6.0, -6.0, -7.0, 15.0, -15.0, 3.0, 12.0, -12.0, 12.0, -3.0, -12.0, 8.0, -8.0, 6.0, 8.0, -8.0, -6.0, 12.0, -12.0, 5.0, 10.0, -10.0, 6.0, -6.0, -5.0, 0.0]
Q: [0.0, 7.0, 13.0, 7.0, 0.0, 15.0, 0.0, 3.0, 15.0, 3.0, 15.0, 12.0, 0.0, 8.0, 0.0, 6.0, 14.0, 6.0, 0.0, 12.0, 0.0, 5.0, 15.0, 5.0, 11.0, 5.0, 0.0, 0.0]
B: [0.0, 175.0, 183.89376197118, 197.19937597428, 230.76046369508, 256.0, 261.08428175852, 293.0, 306.9670306436, 313.91517471234005, 327.63492270564007, 355.86696018084007, 371.0195898206401, 380.19977337000006, 416.22639215390006, 439.68150068060004, 451.12839881940005, 471.89679543540007, 487.94589416400004, 512.8881292282, 514.00981813338, 529.0, 539.3633732925, 567.9046851054, 583.7444599774999, 600.7753223455999, 606.1905808805199, 644.7495817104199]
