Avion: 1      Iteracion: 40

Num Ruta: 38
Ingresos: 73200.0
Costos: 316.264450311
Utilidad Ruta: 72883.7355497
Costo Reducido: 2.78178814769
Nodos: [101, 12, 52, 1, 41, 23, 63, 22, 62, 19, 59, 21, 61, 811]
q: [0, 14.0, -14.0, 7.0, -7.0, 10.0, -10.0, 10.0, -10.0, 7.0, -7.0, 13.0, -13.0, 0]
Q: [0, 14.0, 0.0, 7.0, 0.0, 10.0, 0.0, 10.0, 0.0, 7.0, 0.0, 13.0, 0.0, 0]
B: [0.0, 54.0, 97.347924264, 175.0, 209.2400855285, 267.0, 306.733842905, 322.49026689650003, 344.24495303540004, 402.0, 428.6271162915, 477.0, 517.7387906792, 536.8977052882999]
