Avion: 4      Iteracion: 0

Num Ruta: 2
Ingresos: 186000.0
Costos: 627.93928273
Utilidad Ruta: 185372.060717
Costo Reducido: -
Nodos: [104, 16, 56, 30, 70, 40, 80, 1, 31, 71, 11, 51, 41, 36, 76, 35, 75, 26, 66, 39, 79, 13, 53, 25, 65, 21, 38, 78, 61, 4, 7, 47, 44, 814]
q: [0.0, 11.0, -11.0, 11.0, -11.0, 15.0, -15.0, 7.0, 6.0, -6.0, 8.0, -8.0, -7.0, 15.0, -15.0, 6.0, -6.0, 13.0, -13.0, 8.0, -8.0, 15.0, -15.0, 10.0, -10.0, 13.0, 2.0, -2.0, -13.0, 5.0, 10.0, -10.0, -5.0, 0.0]
Q: [0.0, 11.0, 0.0, 11.0, 0.0, 15.0, 0.0, 7.0, 13.0, 7.0, 15.0, 7.0, 0.0, 15.0, 0.0, 6.0, 0.0, 13.0, 0.0, 8.0, 0.0, 15.0, 0.0, 10.0, 0.0, 13.0, 15.0, 13.0, 0.0, 5.0, 15.0, 5.0, 0.0, 0.0]
B: [0.0, 36.0, 45.624091437640004, 64.0, 82.7140226568, 113.5238767298, 146.0933185119, 175.0, 183.89376197118, 197.19937597428, 197.678254873377, 201.732321720387, 236.048051058387, 269.99595469028696, 276.944098759027, 327.858459218527, 347.771342610927, 357.064347991317, 374.643575960717, 394.341494150217, 416.973681605217, 423.0, 439.88315095, 463.8957169312, 481.0806992413, 489.2494127263, 496.07232566727004, 528.9412123079701, 536.0111408790401, 565.1809382900401, 575.5443115825401, 604.08562339544, 605.24599747305, 643.80499830295]
