Avion: 7      Iteracion: 49

Num Ruta: 45
Ingresos: 110400.0
Costos: 342.820703135
Utilidad Ruta: 110057.179297
Costo Reducido: 9.18111900057
Nodos: [107, 9, 49, 12, 52, 1, 41, 3, 43, 8, 5, 45, 48, 38, 21, 78, 61, 33, 27, 73, 67, 817]
q: [0.0, 11.0, -11.0, 14.0, -14.0, 7.0, -7.0, 15.0, -15.0, 8.0, 7.0, -7.0, -8.0, 8.0, 7.0, -8.0, -7.0, 10.0, 5.0, -10.0, -5.0, 0.0]
Q: [0.0, 11.0, 0.0, 14.0, 0.0, 7.0, 0.0, 15.0, 0.0, 8.0, 15.0, 8.0, 0.0, 8.0, 15.0, 7.0, 0.0, 10.0, 15.0, 5.0, 0.0, 0.0]
B: [0.0, 28.0348110926, 57.562048095099996, 68.3490848522, 111.6970091162, 175.0, 209.2400855285, 256.0, 261.08428175852, 414.0, 469.0, 470.12168890518, 480.59966590458, 498.90024256218, 505.72315550315, 544.23489397335, 551.3048225444201, 562.0, 578.4525909206, 585.6713442755799, 606.23813656318, 612.9428313362499]
