Avion: 1      Iteracion: 30

Num Ruta: 30
Ingresos: 36000.0
Costos: 87.6668869556
Utilidad Ruta: 35912.333113
Costo Reducido: 35.3400136994
Nodos: [101, 31, 71, 36, 76, 29, 69, 811]
q: [0, 6.0, -6.0, 15.0, -15.0, 9.0, -9.0, 0]
Q: [0, 6.0, 0.0, 15.0, 0.0, 9.0, 0.0, 0]
B: [0.0, 130.0, 143.3056140031, 251.0, 257.94814406874, 549.0, 582.7797797802, 598.7979546138]
