Avion: 7      Iteracion: 21

Num Ruta: 20
Ingresos: 49200.0
Costos: 151.942158937
Utilidad Ruta: 49048.0578411
Costo Reducido: 110.30320128
Nodos: [107, 12, 52, 10, 50, 37, 77, 817]
q: [0, 14.0, -14.0, 12.0, -12.0, 15.0, -15.0, 0]
Q: [0, 14.0, 0.0, 12.0, 0.0, 15.0, 0.0, 0]
B: [0.0, 54.0, 97.347924264, 106.06569462115, 135.58520535555, 562.0, 582.7946534714999, 598.3690418383]
