Avion: 7      Iteracion: 32

Num Ruta: 31
Ingresos: 48000.0
Costos: 165.004274887
Utilidad Ruta: 47834.9957251
Costo Reducido: 24.2736469551
Nodos: [107, 14, 54, 18, 58, 21, 38, 61, 78, 27, 67, 817]
q: [0.0, 8.0, -8.0, 11.0, -11.0, 7.0, 8.0, -7.0, -8.0, 6.0, -6.0, 0.0]
Q: [0.0, 8.0, 0.0, 11.0, 0.0, 7.0, 15.0, 8.0, 0.0, 6.0, 0.0, 0.0]
B: [0.0, 112.0, 124.021711775, 293.0, 316.8182362487, 477.0, 483.82291294097, 518.30529332577, 525.37522189684, 538.0, 555.0308623681, 561.7355571411699]
