Avion: 5      Iteracion: 54

Num Ruta: 51
Ingresos: 132000.0
Costos: 398.833144663
Utilidad Ruta: 131601.166855
Costo Reducido: 2.67220657281
Nodos: [105, 17, 30, 57, 16, 56, 70, 40, 80, 11, 51, 36, 76, 34, 74, 28, 68, 19, 8, 59, 48, 6, 46, 5, 45, 815]
q: [0.0, 5.0, 10.0, -5.0, 5.0, -5.0, -10.0, 15.0, -15.0, 8.0, -8.0, 15.0, -15.0, 12.0, -12.0, 8.0, -8.0, 7.0, 8.0, -7.0, -8.0, 5.0, -5.0, 12.0, -12.0, 0.0]
Q: [0.0, 5.0, 15.0, 10.0, 15.0, 10.0, 0.0, 15.0, 0.0, 8.0, 0.0, 15.0, 0.0, 12.0, 0.0, 8.0, 0.0, 7.0, 15.0, 8.0, 0.0, 5.0, 0.0, 12.0, 0.0, 0.0]
B: [0.0, 24.8000597782, 64.0, 67.14445448369, 72.47609381883, 82.10018525647, 84.97134181786, 115.78119589085999, 148.35063767295998, 184.07680158685997, 188.13086843386998, 251.0, 257.94814406874, 283.0, 323.947598037, 378.0, 414.0266187839, 426.5624120576, 449.7232936039, 467.6802530347, 470.60837222626, 479.79904385569, 483.49133325388, 501.88019346868, 503.00188237386, 516.22608715146]
