Avion: 2      Iteracion: 21

Num Ruta: 21
Ingresos: 39600.0
Costos: 124.334084177
Utilidad Ruta: 39475.6659158
Costo Reducido: 60.1198133442
Nodos: [102, 36, 76, 34, 74, 27, 67, 812]
q: [0, 15.0, -15.0, 12.0, -12.0, 6.0, -6.0, 0]
Q: [0, 15.0, 0.0, 12.0, 0.0, 6.0, 0.0, 0]
B: [0.0, 251.0, 257.94814406874, 283.0, 323.947598037, 538.0, 555.0308623681, 568.4472686306]
