Avion: 4      Iteracion: 24

Num Ruta: 25
Ingresos: 60000.0
Costos: 202.614541636
Utilidad Ruta: 59797.3854584
Costo Reducido: 74.1873888641
Nodos: [104, 17, 30, 57, 16, 56, 70, 3, 43, 23, 35, 75, 63, 814]
q: [0.0, 5.0, 10.0, -5.0, 5.0, -5.0, -10.0, 15.0, -15.0, 9.0, 6.0, -6.0, -9.0, 0.0]
Q: [0.0, 5.0, 15.0, 10.0, 15.0, 10.0, 0.0, 15.0, 0.0, 9.0, 15.0, 9.0, 0.0, 0.0]
B: [0.0, 24.0, 64.0, 67.14445448369, 72.47609381883, 82.10018525647, 84.97134181786, 256.0, 261.08428175852, 267.0, 307.4405515417, 327.3534349341, 339.9719804129, 371.0837718914]
