Avion: 7      Iteracion: 37

Num Ruta: 36
Ingresos: 38400.0
Costos: 136.103433362
Utilidad Ruta: 38263.8965666
Costo Reducido: 16.187789391
Nodos: [107, 12, 52, 10, 50, 35, 75, 817]
q: [0, 14.0, -14.0, 12.0, -12.0, 6.0, -6.0, 0]
Q: [0, 14.0, 0.0, 12.0, 0.0, 6.0, 0.0, 0]
B: [0.0, 54.0, 97.347924264, 106.06569462115, 135.58520535555, 279.0, 298.9128833924, 311.7945831638]
