Avion: 6      Iteracion: 15

Num Ruta: 19
Ingresos: 98400.0
Costos: 301.659194071
Utilidad Ruta: 98098.3408059
Costo Reducido: 255.797845861
Nodos: [106, 30, 70, 24, 64, 11, 51, 34, 74, 28, 39, 68, 19, 59, 79, 13, 53, 816]
q: [0.0, 11.0, -11.0, 14.0, -14.0, 8.0, -8.0, 12.0, -12.0, 7.0, 8.0, -7.0, 7.0, -7.0, -8.0, 15.0, -15.0, 0.0]
Q: [0.0, 11.0, 0.0, 14.0, 0.0, 8.0, 0.0, 12.0, 0.0, 7.0, 15.0, 8.0, 15.0, 8.0, 0.0, 15.0, 0.0, 0.0]
B: [0.0, 64.0, 82.7140226568, 107.4479935471, 145.9609438496, 169.0, 173.05406684701, 283.0, 323.947598037, 378.0, 389.3210123222, 420.750419714, 433.28621298769997, 459.91332927919996, 466.22853133455993, 469.4604651210099, 486.34361607100993, 490.41855042630993]
