Avion: 7      Iteracion: 68

Num Ruta: 51
Ingresos: 56400.0
Costos: 122.651081795
Utilidad Ruta: 56277.3489182
Costo Reducido: 7.33277062576
Nodos: [107, 36, 76, 34, 74, 39, 79, 5, 45, 817]
q: [0, 15.0, -15.0, 12.0, -12.0, 8.0, -8.0, 12.0, -12.0, 0]
Q: [0, 15.0, 0.0, 12.0, 0.0, 8.0, 0.0, 12.0, 0.0, 0]
B: [0.0, 251.0, 257.94814406874, 283.0, 323.947598037, 388.0, 410.632187455, 469.0, 470.12168890518, 474.86120417575]
