Avion: 2      Iteracion: 40

Num Ruta: 34
Ingresos: 36000.0
Costos: 96.9784897426
Utilidad Ruta: 35903.0215103
Costo Reducido: 6.25213338005
Nodos: [102, 36, 76, 29, 69, 27, 67, 812]
q: [0, 15.0, -15.0, 9.0, -9.0, 6.0, -6.0, 0]
Q: [0, 15.0, 0.0, 9.0, 0.0, 6.0, 0.0, 0]
B: [0.0, 251.0, 257.94814406874, 549.0, 582.7797797802, 590.99620777538, 608.0270701434799, 621.4434764059799]
