Avion: 4      Iteracion: 44

Num Ruta: 41
Ingresos: 132000.0
Costos: 367.691061875
Utilidad Ruta: 131632.308938
Costo Reducido: 28.7134729341
Nodos: [104, 17, 57, 30, 70, 16, 56, 14, 54, 3, 43, 8, 19, 59, 48, 13, 53, 38, 20, 78, 27, 60, 2, 67, 42, 814]
q: [0.0, 5.0, -5.0, 11.0, -11.0, 11.0, -11.0, 8.0, -8.0, 15.0, -15.0, 8.0, 7.0, -7.0, -8.0, 15.0, -15.0, 6.0, 9.0, -6.0, 6.0, -9.0, 9.0, -6.0, -9.0, 0.0]
Q: [0.0, 5.0, 0.0, 11.0, 0.0, 11.0, 0.0, 8.0, 0.0, 15.0, 0.0, 8.0, 15.0, 8.0, 0.0, 15.0, 0.0, 6.0, 15.0, 9.0, 15.0, 6.0, 15.0, 9.0, 0.0, 0.0]
B: [0.0, 24.0, 58.8425537813, 64.0, 82.7140226568, 93.53069441849999, 103.15478585614, 129.94109036054, 141.96280213554, 256.0, 261.08428175852, 414.0, 437.1608815463, 463.7879978378, 466.71611702935996, 468.92679317026995, 485.80994412026996, 499.30500340136996, 501.38607283797995, 536.01240832128, 547.54813564988, 573.84889900378, 581.17919626924, 592.63126935664, 621.97179970294, 630.76944035257]
