Avion: 3      Iteracion: 13

Num Ruta: 15
Ingresos: 142800.0
Costos: 393.113419923
Utilidad Ruta: 142406.88658
Costo Reducido: 642.541058075
Nodos: [103, 24, 64, 31, 71, 36, 76, 3, 43, 23, 18, 63, 58, 39, 6, 46, 79, 21, 15, 55, 38, 4, 78, 61, 44, 37, 77, 813]
q: [0.0, 14.0, -14.0, 6.0, -6.0, 15.0, -15.0, 15.0, -15.0, 10.0, 5.0, -10.0, -5.0, 8.0, 5.0, -5.0, -8.0, 2.0, 11.0, -11.0, 8.0, 5.0, -8.0, -2.0, -5.0, 15.0, -15.0, 0.0]
Q: [0.0, 14.0, 0.0, 6.0, 0.0, 15.0, 0.0, 15.0, 0.0, 10.0, 15.0, 5.0, 0.0, 8.0, 13.0, 8.0, 0.0, 2.0, 13.0, 2.0, 10.0, 15.0, 7.0, 5.0, 0.0, 15.0, 0.0, 0.0]
B: [0.0, 61.0, 99.5129503025, 130.0, 143.3056140031, 251.0, 257.94814406874, 294.92818141324, 300.01246317176, 303.37495049515996, 323.55390064126, 348.99321205096, 358.91874362363, 388.0, 436.0, 439.69228939819, 449.87740525418997, 477.0, 511.0, 527.4211666151, 531.5084323270399, 539.84233273441, 568.96203206321, 576.03196063428, 592.83490504888, 599.89927713704, 620.6939306085401, 641.6957260556401]
