Avion: 5      Iteracion: 20

Num Ruta: 22
Ingresos: 43200.0
Costos: 187.815679074
Utilidad Ruta: 43012.1843209
Costo Reducido: 123.277194552
Nodos: [105, 17, 57, 30, 70, 24, 64, 27, 67, 815]
q: [0, 5.0, -5.0, 11.0, -11.0, 14.0, -14.0, 6.0, -6.0, 0]
Q: [0, 5.0, 0.0, 11.0, 0.0, 14.0, 0.0, 6.0, 0.0, 0]
B: [0.0, 24.8000597782, 59.6426135595, 64.0, 82.7140226568, 107.4479935471, 145.9609438496, 538.0, 555.0308623681, 571.2262253156]
