Avion: 3      Iteracion: 0

Num Ruta: 3
Ingresos: 187200.0
Costos: 548.293522043
Utilidad Ruta: 186651.706478
Costo Reducido: -
Nodos: [103, 16, 56, 40, 80, 10, 50, 36, 76, 3, 43, 23, 18, 63, 58, 39, 79, 13, 53, 25, 65, 5, 45, 21, 61, 37, 77, 813]
q: [0.0, 11.0, -11.0, 15.0, -15.0, 12.0, -12.0, 15.0, -15.0, 15.0, -15.0, 4.0, 11.0, -4.0, -11.0, 8.0, -8.0, 15.0, -15.0, 10.0, -10.0, 12.0, -12.0, 13.0, -13.0, 15.0, -15.0, 0.0]
Q: [0.0, 11.0, 0.0, 15.0, 0.0, 12.0, 0.0, 15.0, 0.0, 15.0, 0.0, 4.0, 15.0, 11.0, 0.0, 8.0, 0.0, 15.0, 0.0, 10.0, 0.0, 12.0, 0.0, 13.0, 0.0, 15.0, 0.0, 0.0]
B: [0.0, 36.0, 45.624091437640004, 77.27284989674001, 109.84229167884001, 127.02298575674001, 156.54249649114, 251.0, 257.94814406874, 294.92818141324, 300.01246317176, 303.37495049515996, 323.55390064126, 348.99321205096, 358.91874362363, 388.0, 410.632187455, 423.0, 439.88315095, 463.8957169312, 481.0806992413, 504.1429351476, 505.26462405278, 533.50421443578, 574.24300511498, 597.82230468048, 618.61695815198, 639.61875359908]
