Avion: 2      Iteracion: 7

Num Ruta: 9
Ingresos: 148800.0
Costos: 531.368911819
Utilidad Ruta: 148268.631088
Costo Reducido: 121455.394557
Nodos: [102, 9, 49, 12, 52, 14, 54, 3, 43, 23, 36, 76, 34, 63, 74, 39, 79, 28, 68, 25, 65, 38, 78, 20, 4, 44, 60, 812]
q: [0.0, 11.0, -11.0, 14.0, -14.0, 8.0, -8.0, 15.0, -15.0, 3.0, 12.0, -12.0, 12.0, -3.0, -12.0, 8.0, -8.0, 8.0, -8.0, 10.0, -10.0, 8.0, -8.0, 10.0, 5.0, -5.0, -10.0, 0.0]
Q: [0.0, 11.0, 0.0, 14.0, 0.0, 8.0, 0.0, 15.0, 0.0, 3.0, 15.0, 3.0, 15.0, 12.0, 0.0, 8.0, 0.0, 8.0, 0.0, 10.0, 0.0, 8.0, 0.0, 10.0, 15.0, 10.0, 0.0, 0.0]
B: [0.0, 33.6128854013, 63.1401224038, 73.9271591609, 117.2750834249, 153.7943172066, 165.8160289816, 256.0, 261.08428175852, 267.0, 301.145140152, 308.09328422074003, 321.81303221404005, 358.30854318454004, 374.82819887104006, 388.0, 410.632187455, 423.6226744744, 459.6492932583, 462.98267187466, 480.16765418476, 484.48931694347, 517.35820358417, 551.98453906747, 562.26369010247, 582.68943978267, 594.55066303327, 624.02966371167]
