Avion: 5      Iteracion: 52

Num Ruta: 49
Ingresos: 68400.0
Costos: 172.380519748
Utilidad Ruta: 68227.6194803
Costo Reducido: 12.8298717293
Nodos: [105, 10, 50, 35, 26, 75, 66, 13, 53, 29, 27, 69, 67, 815]
q: [0.0, 12.0, -12.0, 6.0, 9.0, -6.0, -9.0, 15.0, -15.0, 9.0, 6.0, -9.0, -6.0, 0.0]
Q: [0.0, 12.0, 0.0, 6.0, 15.0, 9.0, 0.0, 15.0, 0.0, 9.0, 15.0, 6.0, 0.0, 0.0]
B: [0.0, 96.0, 125.5195107344, 279.0, 300.0, 309.29300538039, 319.11482114938, 423.0, 439.88315095, 549.0, 574.6018082369, 582.8182362320799, 598.26561380888, 614.46097675638]
