Avion: 6      Iteracion: 10

Num Ruta: 14
Ingresos: 50400.0
Costos: 274.183919901
Utilidad Ruta: 50125.8160801
Costo Reducido: 103512.120764
Nodos: [106, 1, 41, 6, 46, 13, 53, 20, 60, 4, 44, 816]
q: [0, 7.0, -7.0, 5.0, -5.0, 15.0, -15.0, 10.0, -10.0, 5.0, -5.0, 0]
Q: [0, 7.0, 0.0, 5.0, 0.0, 15.0, 0.0, 10.0, 0.0, 5.0, 0.0, 0]
B: [0.0, 175.0, 209.2400855285, 436.0, 439.69228939819, 453.10235550539, 469.98550645539, 496.0, 538.1771424471, 570.2734655543, 590.6992152344999, 624.2979297485999]
