Avion: 4      Iteracion: 42

Num Ruta: 39
Ingresos: 154800.0
Costos: 462.280344491
Utilidad Ruta: 154337.719656
Costo Reducido: 17.2091361286
Nodos: [104, 17, 30, 57, 16, 56, 70, 40, 80, 31, 71, 11, 51, 36, 76, 34, 74, 39, 79, 13, 53, 21, 38, 78, 61, 27, 7, 47, 67, 814]
q: [0.0, 5.0, 10.0, -5.0, 5.0, -5.0, -10.0, 15.0, -15.0, 6.0, -6.0, 8.0, -8.0, 15.0, -15.0, 12.0, -12.0, 8.0, -8.0, 15.0, -15.0, 7.0, 8.0, -8.0, -7.0, 5.0, 10.0, -10.0, -5.0, 0.0]
Q: [0.0, 5.0, 15.0, 10.0, 15.0, 10.0, 0.0, 15.0, 0.0, 6.0, 0.0, 8.0, 0.0, 15.0, 0.0, 12.0, 0.0, 8.0, 0.0, 15.0, 0.0, 7.0, 15.0, 7.0, 0.0, 5.0, 15.0, 5.0, 0.0, 0.0]
B: [0.0, 24.0, 64.0, 67.14445448369, 72.47609381883, 82.10018525647, 84.97134181786, 115.78119589085999, 148.35063767295998, 171.68912667715998, 184.99474068025998, 185.47361957935698, 189.52768642636698, 251.0, 257.94814406874, 283.0, 323.947598037, 388.0, 410.632187455, 423.0, 439.88315095, 477.0, 483.82291294097, 516.69179958167, 523.76172815274, 538.0, 565.6633233723, 594.2046351852, 598.60455575266, 632.58593889106]
