Avion: 5      Iteracion: 22

Num Ruta: 24
Ingresos: 70800.0
Costos: 264.769534848
Utilidad Ruta: 70535.2304652
Costo Reducido: 156.231684785
Nodos: [105, 16, 56, 14, 54, 32, 8, 48, 72, 21, 15, 55, 20, 27, 61, 60, 67, 815]
q: [0.0, 11.0, -11.0, 8.0, -8.0, 6.0, 8.0, -8.0, -6.0, 4.0, 11.0, -11.0, 10.0, 1.0, -4.0, -10.0, -1.0, 0.0]
Q: [0.0, 11.0, 0.0, 8.0, 0.0, 6.0, 14.0, 6.0, 0.0, 4.0, 15.0, 4.0, 14.0, 15.0, 11.0, 1.0, 0.0, 0.0]
B: [0.0, 36.0, 45.624091437640004, 112.0, 124.021711775, 422.0, 433.4468981388, 454.2152947548, 470.2643934834, 488.6763250768, 511.0, 527.4211666151, 533.55501866744, 557.04922254844, 570.22667074604, 590.82609136894, 606.9838571798399, 623.1792201273399]
