Avion: 2      Iteracion: 22

Num Ruta: 22
Ingresos: 37200.0
Costos: 153.291422989
Utilidad Ruta: 37046.708577
Costo Reducido: 79.9318772563
Nodos: [102, 22, 62, 8, 48, 21, 61, 812]
q: [0, 10.0, -10.0, 8.0, -8.0, 13.0, -13.0, 0]
Q: [0, 10.0, 0.0, 8.0, 0.0, 13.0, 0.0, 0]
B: [0.0, 299.0, 320.7546861389, 414.0, 434.768396616, 477.0, 517.7387906792, 548.2106076417999]
