Avion: 6      Iteracion: 18

Num Ruta: 22
Ingresos: 154800.0
Costos: 473.406581081
Utilidad Ruta: 154326.593419
Costo Reducido: 265.521342965
Nodos: [106, 9, 49, 31, 11, 71, 51, 36, 76, 22, 62, 18, 58, 28, 68, 25, 32, 72, 65, 15, 55, 38, 4, 78, 27, 67, 44, 37, 77, 816]
q: [0.0, 11.0, -11.0, 6.0, 8.0, -6.0, -8.0, 15.0, -15.0, 10.0, -10.0, 11.0, -11.0, 8.0, -8.0, 9.0, 6.0, -6.0, -9.0, 11.0, -11.0, 8.0, 5.0, -8.0, 6.0, -6.0, -5.0, 15.0, -15.0, 0.0]
Q: [0.0, 11.0, 0.0, 6.0, 14.0, 8.0, 0.0, 15.0, 0.0, 10.0, 0.0, 11.0, 0.0, 8.0, 0.0, 9.0, 15.0, 9.0, 0.0, 11.0, 0.0, 8.0, 13.0, 5.0, 11.0, 5.0, 0.0, 15.0, 0.0, 0.0]
B: [0.0, 35.5829922575, 65.11022926000001, 130.0, 169.0, 169.478878899097, 173.173257466597, 251.0, 257.94814406874, 299.0, 320.7546861389, 334.15512273630003, 357.973358985, 378.0, 414.0266187839, 417.35999740026, 438.02644569216, 465.88380150706, 476.86886978176, 511.0, 527.4211666151, 531.5084323270399, 539.84233273441, 568.96203206321, 580.4977593918101, 597.52862175991, 602.94388029483, 610.00825238299, 630.8029058544901, 672.6229687549901]
