Avion: 5      Iteracion: 41

Num Ruta: 43
Ingresos: 103200.0
Costos: 287.346654527
Utilidad Ruta: 102912.653345
Costo Reducido: 16.2615189149
Nodos: [105, 16, 56, 14, 54, 3, 43, 19, 32, 59, 13, 72, 53, 38, 20, 78, 60, 37, 77, 815]
q: [0.0, 11.0, -11.0, 8.0, -8.0, 15.0, -15.0, 7.0, 6.0, -7.0, 9.0, -6.0, -9.0, 8.0, 7.0, -8.0, -7.0, 15.0, -15.0, 0.0]
Q: [0.0, 11.0, 0.0, 8.0, 0.0, 15.0, 0.0, 7.0, 13.0, 6.0, 15.0, 9.0, 0.0, 8.0, 15.0, 7.0, 0.0, 15.0, 0.0, 0.0]
B: [0.0, 36.0, 45.624091437640004, 112.0, 124.021711775, 256.0, 261.08428175852, 402.0, 422.0, 441.5724706923, 445.80008999872, 459.64226977652004, 463.71322015696006, 480.0, 496.0, 530.6263354833, 558.0033432088, 569.5808611639, 590.3755146353999, 612.0029595144999]
