Avion: 1      Iteracion: 24

Num Ruta: 26
Ingresos: 61200.0
Costos: 187.905212902
Utilidad Ruta: 61012.0947871
Costo Reducido: 137.232634608
Nodos: [101, 30, 70, 35, 75, 13, 53, 25, 65, 29, 69, 811]
q: [0, 11.0, -11.0, 6.0, -6.0, 15.0, -15.0, 10.0, -10.0, 9.0, -9.0, 0]
Q: [0, 11.0, 0.0, 6.0, 0.0, 15.0, 0.0, 10.0, 0.0, 9.0, 0.0, 0]
B: [0.0, 64.0, 82.7140226568, 279.0, 298.9128833924, 423.0, 439.88315095, 463.8957169312, 481.0806992413, 549.0, 582.7797797802, 598.7979546138]
