Avion: 3      Iteracion: 12

Num Ruta: 14
Ingresos: 50400.0
Costos: 168.75953058
Utilidad Ruta: 50231.2404694
Costo Reducido: 21405.739103
Nodos: [103, 40, 80, 30, 70, 35, 75, 22, 62, 813]
q: [0, 15.0, -15.0, 11.0, -11.0, 6.0, -6.0, 10.0, -10.0, 0]
Q: [0, 15.0, 0.0, 11.0, 0.0, 6.0, 0.0, 10.0, 0.0, 0]
B: [0.0, 62.0, 94.5694417821, 113.51249206450001, 132.22651472130002, 279.0, 298.9128833924, 314.02713802169995, 335.78182416059997, 349.02524562179997]
