Avion: 3      Iteracion: 7

Num Ruta: 9
Ingresos: 148800.0
Costos: 517.542392951
Utilidad Ruta: 148282.457607
Costo Reducido: 116187.083438
Nodos: [103, 9, 49, 12, 52, 14, 54, 3, 43, 23, 36, 76, 34, 63, 74, 39, 79, 28, 68, 25, 65, 38, 78, 20, 4, 44, 60, 813]
q: [0.0, 11.0, -11.0, 14.0, -14.0, 8.0, -8.0, 15.0, -15.0, 3.0, 12.0, -12.0, 12.0, -3.0, -12.0, 8.0, -8.0, 8.0, -8.0, 10.0, -10.0, 8.0, -8.0, 10.0, 5.0, -5.0, -10.0, 0.0]
Q: [0.0, 11.0, 0.0, 14.0, 0.0, 8.0, 0.0, 15.0, 0.0, 3.0, 15.0, 3.0, 15.0, 12.0, 0.0, 8.0, 0.0, 8.0, 0.0, 10.0, 0.0, 8.0, 0.0, 10.0, 15.0, 10.0, 0.0, 0.0]
B: [0.0, 28.0, 57.5272370025, 68.3142737596, 111.6621980236, 148.1814318053, 160.2031435803, 256.0, 261.08428175852, 267.0, 301.145140152, 308.09328422074003, 321.81303221404005, 358.30854318454004, 374.82819887104006, 388.0, 410.632187455, 423.6226744744, 459.6492932583, 462.98267187466, 480.16765418476, 484.48931694347, 517.35820358417, 551.98453906747, 562.26369010247, 582.68943978267, 594.55066303327, 632.92353429667]
