Avion: 3      Iteracion: 59

Num Ruta: 52
Ingresos: 84000.0
Costos: 279.460059426
Utilidad Ruta: 83720.5399406
Costo Reducido: 1.02428125916
Nodos: [103, 9, 49, 12, 52, 10, 50, 35, 75, 5, 45, 38, 21, 78, 61, 813]
q: [0.0, 11.0, -11.0, 14.0, -14.0, 12.0, -12.0, 6.0, -6.0, 12.0, -12.0, 8.0, 7.0, -8.0, -7.0, 0.0]
Q: [0.0, 11.0, 0.0, 14.0, 0.0, 12.0, 0.0, 6.0, 0.0, 12.0, 0.0, 8.0, 15.0, 7.0, 0.0, 0.0]
B: [0.0, 28.0, 57.5272370025, 68.3142737596, 111.6621980236, 120.37996838075, 149.89947911515, 279.0, 298.9128833924, 469.0, 470.12168890518, 491.70338160988, 498.52629455085, 537.0380330210501, 544.1079615921201, 582.6452471348201]
