Avion: 6      Iteracion: 40

Num Ruta: 43
Ingresos: 10800.0
Costos: 53.4518205526
Utilidad Ruta: 10746.5481794
Costo Reducido: 10.0377164706
Nodos: [106, 2, 42, 816]
q: [0, 9.0, -9.0, 0]
Q: [0, 9.0, 0.0, 0]
B: [0.0, 522.0, 562.7349620474, 572.45506230408]
