Avion: 4      Iteracion: 27

Num Ruta: 28
Ingresos: 99600.0
Costos: 331.163813057
Utilidad Ruta: 99268.8361869
Costo Reducido: 66.8475737981
Nodos: [104, 30, 16, 56, 70, 24, 64, 1, 41, 36, 76, 15, 21, 55, 38, 4, 78, 61, 27, 44, 67, 814]
q: [0.0, 11.0, 4.0, -4.0, -11.0, 14.0, -14.0, 7.0, -7.0, 15.0, -15.0, 11.0, 4.0, -11.0, 8.0, 3.0, -8.0, -4.0, 6.0, -3.0, -6.0, 0.0]
Q: [0.0, 11.0, 15.0, 11.0, 0.0, 14.0, 0.0, 7.0, 0.0, 15.0, 0.0, 11.0, 15.0, 4.0, 12.0, 15.0, 7.0, 3.0, 9.0, 6.0, 0.0, 0.0]
B: [0.0, 64.0, 72.20259129788, 81.82668273552001, 84.69783929691, 109.43181018721, 147.94476048971, 175.0, 209.2400855285, 251.0, 257.94814406874, 511.0, 516.67223351071, 527.47150163401, 531.55876734595, 539.89266775332, 569.01236708212, 576.08229565319, 589.2597438507901, 605.6105564299901, 611.0258149649101, 645.0071981033101]
