Avion: 2      Iteracion: 16

Num Ruta: 16
Ingresos: 147600.0
Costos: 465.773349832
Utilidad Ruta: 147134.22665
Costo Reducido: 215.079679627
Nodos: [102, 16, 56, 40, 80, 31, 71, 36, 76, 34, 74, 26, 66, 32, 8, 48, 13, 72, 53, 21, 61, 27, 4, 7, 67, 47, 44, 812]
q: [0.0, 11.0, -11.0, 15.0, -15.0, 6.0, -6.0, 15.0, -15.0, 12.0, -12.0, 13.0, -13.0, 6.0, 8.0, -8.0, 9.0, -6.0, -9.0, 13.0, -13.0, 5.0, 0.0, 10.0, -5.0, -10.0, 0.0, 0.0]
Q: [0.0, 11.0, 0.0, 15.0, 0.0, 6.0, 0.0, 15.0, 0.0, 12.0, 0.0, 13.0, 0.0, 6.0, 14.0, 6.0, 15.0, 9.0, 0.0, 13.0, 0.0, 5.0, 5.0, 15.0, 10.0, 0.0, 0.0, 0.0]
B: [0.0, 36.0, 45.624091437640004, 77.27284989674001, 109.84229167884001, 133.18078068304, 146.48639468614002, 251.0, 257.94814406874, 283.0, 323.947598037, 358.0226741044, 375.6019020738, 422.0, 433.4468981388, 454.2152947548, 456.42597089571, 470.26815067351004, 474.33910105395006, 489.85049744495007, 530.58928812415, 543.76673632175, 561.3815108590501, 571.7448841515501, 596.4693990507501, 600.86931961821, 602.02969369582, 620.5795935877201]
