Avion: 6      Iteracion: 46

Num Ruta: 49
Ingresos: 58800.0
Costos: 220.999635339
Utilidad Ruta: 58579.0003647
Costo Reducido: 6.58561388279
Nodos: [106, 9, 49, 14, 54, 18, 58, 29, 69, 33, 73, 816]
q: [0, 11.0, -11.0, 8.0, -8.0, 11.0, -11.0, 9.0, -9.0, 10.0, -10.0, 0]
Q: [0, 11.0, 0.0, 8.0, 0.0, 11.0, 0.0, 9.0, 0.0, 10.0, 0.0, 0]
B: [0.0, 35.5829922575, 65.11022926000001, 112.0, 124.021711775, 293.0, 316.8182362487, 549.0, 582.7797797802, 591.6312714624, 614.9347827, 628.7757399285]
