Avion: 5      Iteracion: 1

Num Ruta: 5
Ingresos: 176400.0
Costos: 575.038935608
Utilidad Ruta: 175824.961064
Costo Reducido: 326708.56764
Nodos: [105, 12, 52, 31, 14, 54, 11, 51, 71, 36, 76, 18, 75, 35, 58, 28, 68, 19, 8, 59, 48, 5, 45, 21, 61, 33, 73, 27, 67, 37, 77, 815]
q: [0.0, 14.0, -14.0, 6.0, 8.0, -8.0, 8.0, -8.0, -6.0, 15.0, -15.0, 11.0, -6.0, 6.0, -11.0, 8.0, -8.0, 7.0, 8.0, -7.0, -8.0, 12.0, -12.0, 13.0, -13.0, 10.0, -10.0, 6.0, -6.0, 15.0, -15.0, 0.0]
Q: [0.0, 14.0, 0.0, 6.0, 14.0, 6.0, 14.0, 6.0, 0.0, 15.0, 0.0, 11.0, 5.0, 11.0, 0.0, 8.0, 0.0, 7.0, 15.0, 8.0, 0.0, 12.0, 0.0, 13.0, 0.0, 10.0, 0.0, 6.0, 0.0, 15.0, 0.0, 0.0]
B: [0.0, 54.0, 97.347924264, 130.0, 147.5196824172, 159.5413941922, 188.98982330139998, 193.04389014841, 196.73826871590998, 251.0, 257.94814406874, 293.0, 315.8908533917, 335.80373678409995, 374.99132813649993, 384.12483091472996, 420.15144969862996, 432.68724297232995, 455.84812451862996, 473.80508394942996, 476.73320314098993, 486.48601401785993, 487.60770292303994, 515.8472933060399, 556.5860839852398, 566.7416289238398, 590.0451401614398, 597.2638935164198, 614.2947558845198, 621.1307215076098, 641.9253749791098, 663.5528198582099]
