Avion: 2      Iteracion: 51

Num Ruta: 42
Ingresos: 70800.0
Costos: 184.296069107
Utilidad Ruta: 70615.7039309
Costo Reducido: 15.654505914
Nodos: [102, 30, 70, 16, 56, 31, 71, 11, 51, 21, 61, 33, 73, 812]
q: [0, 11.0, -11.0, 11.0, -11.0, 6.0, -6.0, 8.0, -8.0, 13.0, -13.0, 10.0, -10.0, 0]
Q: [0, 11.0, 0.0, 11.0, 0.0, 6.0, 0.0, 8.0, 0.0, 13.0, 0.0, 10.0, 0.0, 0]
B: [0.0, 64.0, 82.7140226568, 93.53069441849999, 103.15478585614, 130.0, 143.3056140031, 169.0, 173.05406684701, 477.0, 517.7387906792, 562.0, 585.3035112376, 604.5497183964]
