Avion: 7      Iteracion: 14

Num Ruta: 14
Ingresos: 21600.0
Costos: 91.3511025865
Utilidad Ruta: 21508.6488974
Costo Reducido: 191.470820228
Nodos: [107, 14, 54, 23, 63, 817]
q: [0, 8.0, -8.0, 10.0, -10.0, 0]
Q: [0, 8.0, 0.0, 10.0, 0.0, 0]
B: [0.0, 112.0, 124.021711775, 267.0, 306.733842905, 329.66252400530004]
