Avion: 1      Iteracion: 28

Num Ruta: 28
Ingresos: 33600.0
Costos: 144.402297304
Utilidad Ruta: 33455.5977027
Costo Reducido: 57.0876577653
Nodos: [101, 7, 47, 2, 42, 29, 69, 811]
q: [0, 10.0, -10.0, 9.0, -9.0, 9.0, -9.0, 0]
Q: [0, 10.0, 0.0, 9.0, 0.0, 9.0, 0.0, 0]
B: [0.0, 517.0, 545.5413118129, 555.6714802715, 596.4064423189, 606.2111828560099, 639.9909626362099, 656.00913746981]
