Avion: 2      Iteracion: 6

Num Ruta: 8
Ingresos: 98400.0
Costos: 284.073313684
Utilidad Ruta: 98115.9266863
Costo Reducido: 200483.495198
Nodos: [102, 16, 56, 24, 64, 31, 11, 71, 51, 26, 66, 13, 53, 7, 27, 67, 47, 812]
q: [0.0, 11.0, -11.0, 14.0, -14.0, 6.0, 8.0, -6.0, -8.0, 13.0, -13.0, 15.0, -15.0, 9.0, 6.0, -6.0, -9.0, 0.0]
Q: [0.0, 11.0, 0.0, 14.0, 0.0, 6.0, 14.0, 8.0, 0.0, 13.0, 0.0, 15.0, 0.0, 9.0, 15.0, 9.0, 0.0, 0.0]
B: [0.0, 36.0, 45.624091437640004, 70.85029051714, 109.36324081964, 130.0, 169.0, 169.478878899097, 173.173257466597, 300.0, 317.5792279694, 423.0, 439.88315095, 517.0, 544.6633233723, 561.6941857404, 566.09410630786, 583.50296066416]
