Avion: 4      Iteracion: 13

Num Ruta: 15
Ingresos: 87600.0
Costos: 335.236538781
Utilidad Ruta: 87264.7634612
Costo Reducido: 449.343402559
Nodos: [104, 24, 64, 31, 71, 36, 76, 34, 74, 39, 6, 46, 79, 38, 4, 44, 78, 814]
q: [0, 14.0, -14.0, 6.0, -6.0, 15.0, -15.0, 12.0, -12.0, 8.0, 5.0, -5.0, -8.0, 8.0, 5.0, -5.0, -8.0, 0]
Q: [0, 14.0, 0.0, 6.0, 0.0, 15.0, 0.0, 12.0, 0.0, 8.0, 13.0, 8.0, 0.0, 8.0, 13.0, 8.0, 0.0, 0]
B: [0.0, 61.0, 99.5129503025, 130.0, 143.3056140031, 251.0, 257.94814406874, 283.0, 323.947598037, 388.0, 436.0, 439.69228939819, 449.87740525418997, 480.0, 529.0, 549.4257496801999, 571.1282847624999, 615.1294158842999]
