Avion: 5      Iteracion: 23

Num Ruta: 25
Ingresos: 75600.0
Costos: 276.850713708
Utilidad Ruta: 75323.1492863
Costo Reducido: 60.2009334342
Nodos: [105, 9, 49, 34, 74, 26, 66, 19, 8, 59, 48, 5, 45, 815]
q: [0, 11.0, -11.0, 12.0, -12.0, 13.0, -13.0, 7.0, 8.0, -7.0, -8.0, 12.0, -12.0, 0]
Q: [0, 11.0, 0.0, 12.0, 0.0, 13.0, 0.0, 7.0, 15.0, 8.0, 0.0, 12.0, 0.0, 0]
B: [0.0, 40.8000150123, 70.3272520148, 283.0, 323.947598037, 358.0226741044, 375.6019020738, 406.453776328, 429.6146578743, 447.5716173051, 450.49973649666, 469.0, 470.12168890518, 483.34589368278]
