Avion: 5      Iteracion: 18

Num Ruta: 20
Ingresos: 85200.0
Costos: 285.563821212
Utilidad Ruta: 84914.4361788
Costo Reducido: 156.374871486
Nodos: [105, 26, 66, 22, 62, 32, 25, 65, 38, 72, 78, 29, 27, 67, 69, 33, 73, 815]
q: [0.0, 13.0, -13.0, 10.0, -10.0, 6.0, 9.0, -9.0, 8.0, -6.0, -8.0, 9.0, 6.0, -6.0, -9.0, 10.0, -10.0, 0.0]
Q: [0.0, 13.0, 0.0, 10.0, 0.0, 6.0, 15.0, 6.0, 14.0, 8.0, 0.0, 9.0, 15.0, 9.0, 0.0, 10.0, 0.0, 0.0]
B: [0.0, 300.0, 317.5792279694, 331.2134086195, 352.9680947584, 422.0, 442.6664482919, 459.851430602, 480.0, 495.0304472322, 517.0265259964, 551.4227016559, 577.0245098928, 594.0553722609, 609.5027498377, 618.3542415199, 641.6577527575, 659.3798544952]
