Avion: 2      Iteracion: 45

Num Ruta: 36
Ingresos: 114000.0
Costos: 333.500232328
Utilidad Ruta: 113666.499768
Costo Reducido: 12.946702732
Nodos: [102, 30, 70, 24, 64, 36, 76, 34, 74, 39, 79, 6, 46, 13, 53, 21, 38, 78, 61, 812]
q: [0.0, 11.0, -11.0, 14.0, -14.0, 15.0, -15.0, 12.0, -12.0, 8.0, -8.0, 5.0, -5.0, 15.0, -15.0, 7.0, 8.0, -8.0, -7.0, 0.0]
Q: [0.0, 11.0, 0.0, 14.0, 0.0, 15.0, 0.0, 12.0, 0.0, 8.0, 0.0, 5.0, 0.0, 15.0, 0.0, 7.0, 15.0, 7.0, 0.0, 0.0]
B: [0.0, 64.0, 82.7140226568, 107.4479935471, 145.9609438496, 251.0, 257.94814406874, 283.0, 323.947598037, 388.0, 410.632187455, 436.0, 439.69228939819, 453.10235550539, 469.98550645539, 485.49690284639, 492.31981578736, 525.18870242806, 532.25863099913, 562.73044796173]
