Avion: 6      Iteracion: 28

Num Ruta: 31
Ingresos: 55200.0
Costos: 117.11784376
Utilidad Ruta: 55082.8821562
Costo Reducido: 8.376121775
Nodos: [106, 26, 66, 22, 62, 8, 48, 13, 53, 816]
q: [0, 13.0, -13.0, 10.0, -10.0, 8.0, -8.0, 15.0, -15.0, 0]
Q: [0, 13.0, 0.0, 10.0, 0.0, 8.0, 0.0, 15.0, 0.0, 0]
B: [0.0, 300.0, 317.5792279694, 331.2134086195, 352.9680947584, 414.0, 434.768396616, 436.97907275691, 453.86222370691, 457.93715806221]
