Avion: 5      Iteracion: 27

Num Ruta: 29
Ingresos: 88800.0
Costos: 311.158792805
Utilidad Ruta: 88488.8412072
Costo Reducido: 98.3063342761
Nodos: [105, 30, 16, 70, 56, 10, 50, 35, 75, 39, 79, 5, 45, 38, 20, 78, 27, 60, 67, 815]
q: [0.0, 11.0, 4.0, -11.0, -4.0, 12.0, -12.0, 6.0, -6.0, 8.0, -8.0, 12.0, -12.0, 6.0, 9.0, -6.0, 6.0, -9.0, -6.0, 0.0]
Q: [0.0, 11.0, 15.0, 4.0, 0.0, 12.0, 0.0, 6.0, 0.0, 8.0, 0.0, 12.0, 0.0, 6.0, 15.0, 9.0, 15.0, 6.0, 0.0, 0.0]
B: [0.0, 64.0, 72.20259129788, 83.01926305958, 85.89041962097, 101.71969683127, 131.23920756567, 279.0, 298.9128833924, 388.0, 410.632187455, 469.0, 470.12168890518, 491.70338160988, 496.0, 530.6263354833, 542.1620628119, 568.4628261658, 584.6205919767, 600.8159549242]
