Avion: 3      Iteracion: 28

Num Ruta: 30
Ingresos: 48000.0
Costos: 176.703973457
Utilidad Ruta: 47823.2960265
Costo Reducido: 39.694762803
Nodos: [103, 9, 49, 25, 65, 20, 60, 2, 42, 813]
q: [0, 11.0, -11.0, 10.0, -10.0, 10.0, -10.0, 9.0, -9.0, 0]
Q: [0, 11.0, 0.0, 10.0, 0.0, 10.0, 0.0, 9.0, 0.0, 0]
B: [0.0, 28.0, 57.5272370025, 410.0, 427.1849823101, 496.0, 538.1771424471, 545.50743971256, 586.24240175996, 600.60017052816]
