Avion: 6      Iteracion: 21

Num Ruta: 25
Ingresos: 49200.0
Costos: 197.503880654
Utilidad Ruta: 49002.4961193
Costo Reducido: 103.561134014
Nodos: [106, 12, 52, 36, 76, 34, 74, 816]
q: [0, 14.0, -14.0, 15.0, -15.0, 12.0, -12.0, 0]
Q: [0, 14.0, 0.0, 15.0, 0.0, 12.0, 0.0, 0]
B: [0.0, 54.0, 97.347924264, 251.0, 257.94814406874, 283.0, 323.947598037, 345.05710397629997]
