Avion: 3      Iteracion: 25

Num Ruta: 27
Ingresos: 64800.0
Costos: 141.642419772
Utilidad Ruta: 64658.3575802
Costo Reducido: 47.2279935111
Nodos: [103, 14, 54, 3, 43, 23, 63, 27, 67, 37, 77, 813]
q: [0, 8.0, -8.0, 15.0, -15.0, 10.0, -10.0, 6.0, -6.0, 15.0, -15.0, 0]
Q: [0, 8.0, 0.0, 15.0, 0.0, 10.0, 0.0, 6.0, 0.0, 15.0, 0.0, 0]
B: [0.0, 112.0, 124.021711775, 256.0, 261.08428175852, 267.0, 306.733842905, 538.0, 555.0308623681, 562.0, 582.7946534714999, 603.7964489185999]
