Avion: 1      Iteracion: 1

Num Ruta: 5
Ingresos: 159600.0
Costos: 535.2108452
Utilidad Ruta: 159064.789155
Costo Reducido: 285461.910771
Nodos: [101, 9, 49, 12, 40, 80, 52, 1, 31, 71, 11, 51, 41, 3, 43, 23, 18, 75, 35, 63, 58, 28, 68, 19, 8, 59, 48, 5, 45, 38, 21, 61, 78, 811]
q: [0.0, 11.0, -11.0, 14.0, 1.0, -1.0, -14.0, 7.0, 6.0, -6.0, 8.0, -8.0, -7.0, 15.0, -15.0, 4.0, 11.0, -6.0, 6.0, -4.0, -11.0, 8.0, -8.0, 7.0, 8.0, -7.0, -8.0, 12.0, -12.0, 2.0, 13.0, -13.0, -2.0, 0.0]
Q: [0.0, 11.0, 0.0, 14.0, 15.0, 14.0, 0.0, 7.0, 13.0, 7.0, 15.0, 7.0, 0.0, 15.0, 0.0, 4.0, 15.0, 9.0, 15.0, 11.0, 0.0, 8.0, 0.0, 7.0, 15.0, 8.0, 0.0, 12.0, 0.0, 2.0, 15.0, 2.0, 0.0, 0.0]
B: [0.0, 28.0, 57.5272370025, 68.3142737596, 88.1072362716, 120.6766780537, 141.545345117, 175.0, 183.89376197118, 197.19937597428, 197.678254873377, 201.732321720387, 236.048051058387, 256.0, 261.08428175852, 267.0, 293.0, 315.8908533917, 335.80373678409995, 365.32377243789995, 375.24930401057, 384.3828067888, 420.4094255727, 432.9452188464, 456.1061003927, 474.0630598235, 476.99117901505997, 486.74398989192997, 487.86567879711, 509.44737150181, 516.2702844427799, 557.0090751219799, 564.0790036930499, 578.3684272293499]
