Avion: 1      Iteracion: 17

Num Ruta: 19
Ingresos: 82800.0
Costos: 246.390981754
Utilidad Ruta: 82553.6090182
Costo Reducido: 173.563513541
Nodos: [101, 9, 49, 36, 76, 18, 58, 28, 68, 19, 59, 5, 45, 6, 46, 811]
q: [0, 11.0, -11.0, 15.0, -15.0, 11.0, -11.0, 8.0, -8.0, 7.0, -7.0, 12.0, -12.0, 5.0, -5.0, 0]
Q: [0, 11.0, 0.0, 15.0, 0.0, 11.0, 0.0, 8.0, 0.0, 7.0, 0.0, 12.0, 0.0, 5.0, 0.0, 0]
B: [0.0, 28.0, 57.5272370025, 251.0, 257.94814406874, 293.0, 316.8182362487, 378.0, 414.0266187839, 426.5624120576, 453.1895283491, 469.0, 470.12168890518, 486.34528175638, 490.03757115457, 506.07672848907]
