Avion: 5      Iteracion: 77

Num Ruta: 68
Ingresos: 81600.0
Costos: 265.507945525
Utilidad Ruta: 81334.4920545
Costo Reducido: 4.30761183727
Nodos: [105, 17, 30, 57, 16, 56, 70, 24, 64, 1, 41, 8, 19, 59, 48, 5, 45, 815]
q: [0.0, 5.0, 10.0, -5.0, 5.0, -5.0, -10.0, 14.0, -14.0, 7.0, -7.0, 8.0, 7.0, -7.0, -8.0, 12.0, -12.0, 0.0]
Q: [0.0, 5.0, 15.0, 10.0, 15.0, 10.0, 0.0, 14.0, 0.0, 7.0, 0.0, 8.0, 15.0, 8.0, 0.0, 12.0, 0.0, 0.0]
B: [0.0, 24.8000597782, 64.0, 67.14445448369, 72.47609381883, 82.10018525647, 84.97134181786, 109.70531270816, 148.21826301066, 175.0, 209.2400855285, 414.0, 437.1608815463, 463.7879978378, 466.71611702935996, 476.46892790622996, 477.59061681141, 490.81482158900997]
