Avion: 4      Iteracion: 2

Num Ruta: 6
Ingresos: 152400.0
Costos: 608.249533908
Utilidad Ruta: 151791.750466
Costo Reducido: 180805.574191
Nodos: [104, 17, 57, 30, 70, 40, 80, 1, 41, 36, 76, 26, 75, 35, 66, 28, 68, 25, 65, 32, 21, 38, 72, 5, 45, 78, 61, 27, 67, 33, 73, 814]
q: [0.0, 5.0, -5.0, 11.0, -11.0, 15.0, -15.0, 7.0, -7.0, 15.0, -15.0, 13.0, -6.0, 6.0, -13.0, 8.0, -8.0, 10.0, -10.0, 6.0, 0.0, 3.0, -6.0, 12.0, -12.0, -3.0, 0.0, 6.0, -6.0, 10.0, -10.0, 0.0]
Q: [0.0, 5.0, 0.0, 11.0, 0.0, 15.0, 0.0, 7.0, 0.0, 15.0, 0.0, 13.0, 7.0, 13.0, 0.0, 8.0, 0.0, 10.0, 0.0, 6.0, 6.0, 9.0, 3.0, 15.0, 3.0, 0.0, 0.0, 6.0, 0.0, 10.0, 0.0, 0.0]
B: [0.0, 24.0, 58.8425537813, 64.0, 82.7140226568, 113.5238767298, 146.0933185119, 175.0, 209.2400855285, 251.0, 257.94814406874, 300.0, 309.29300538039, 329.20588877279, 356.98179347449, 378.0, 414.0266187839, 417.35999740026, 434.54497971036, 453.08990915216, 477.0, 483.82291294097, 498.85336017317, 523.79559523737, 524.91728414255, 550.81181547645, 557.88174404752, 571.05919224512, 588.09005461322, 601.93722461292, 625.24073585052, 652.15271951952]
