Avion: 1      Iteracion: 5

Num Ruta: 8
Ingresos: 152400.0
Costos: 590.763464876
Utilidad Ruta: 151809.236535
Costo Reducido: 207891.163026
Nodos: [101, 9, 49, 40, 80, 10, 50, 11, 51, 34, 74, 26, 66, 39, 79, 8, 48, 5, 45, 15, 55, 38, 78, 29, 69, 811]
q: [0, 11.0, -11.0, 15.0, -15.0, 12.0, -12.0, 8.0, -8.0, 12.0, -12.0, 13.0, -13.0, 8.0, -8.0, 8.0, -8.0, 12.0, -12.0, 11.0, -11.0, 8.0, -8.0, 9.0, -9.0, 0]
Q: [0, 11.0, 0.0, 15.0, 0.0, 12.0, 0.0, 8.0, 0.0, 12.0, 0.0, 13.0, 0.0, 8.0, 0.0, 8.0, 0.0, 12.0, 0.0, 11.0, 0.0, 8.0, 0.0, 9.0, 0.0, 0]
B: [0.0, 28.0, 57.5272370025, 86.4860319533, 119.0554737354, 136.2361678133, 165.7556785477, 218.3938951303, 222.44796197731, 283.0, 323.947598037, 358.0226741044, 375.6019020738, 395.2998202633, 417.9320077183, 442.0299775291, 462.7983741451, 472.55118502197, 473.67287392715, 511.0, 527.4211666151, 531.5084323270399, 564.3773189677399, 598.77349462724, 632.55327440744, 648.57144924104]
