Avion: 1      Iteracion: 18

Num Ruta: 20
Ingresos: 28800.0
Costos: 94.9243358894
Utilidad Ruta: 28705.0756641
Costo Reducido: 126.799267193
Nodos: [101, 11, 51, 25, 65, 32, 72, 811]
q: [0, 8.0, -8.0, 10.0, -10.0, 6.0, -6.0, 0]
Q: [0, 8.0, 0.0, 10.0, 0.0, 6.0, 0.0, 0]
B: [0.0, 169.0, 173.05406684701, 410.0, 427.1849823101, 445.7299117519, 473.5872675668, 481.41649754171]
