Avion: 1      Iteracion: 9

Num Ruta: 12
Ingresos: 129600.0
Costos: 489.175115118
Utilidad Ruta: 129110.824885
Costo Reducido: 156589.60625
Nodos: [101, 17, 57, 30, 70, 14, 54, 3, 43, 18, 58, 26, 66, 19, 32, 59, 13, 72, 53, 38, 78, 20, 27, 60, 67, 811]
q: [0.0, 5.0, -5.0, 11.0, -11.0, 8.0, -8.0, 15.0, -15.0, 11.0, -11.0, 13.0, -13.0, 7.0, 6.0, -7.0, 9.0, -6.0, -9.0, 8.0, -8.0, 10.0, 5.0, -10.0, -5.0, 0.0]
Q: [0.0, 5.0, 0.0, 11.0, 0.0, 8.0, 0.0, 15.0, 0.0, 11.0, 0.0, 13.0, 0.0, 7.0, 13.0, 6.0, 15.0, 9.0, 0.0, 8.0, 0.0, 10.0, 15.0, 5.0, 0.0, 0.0]
B: [0.0, 36.0038629316, 70.8464167129, 73.99087119658999, 92.70489385338999, 120.50083451028999, 132.52254628529, 256.0, 261.08428175852, 293.0, 316.8182362487, 345.81975307109997, 363.39898104049996, 402.0, 422.0, 441.5724706923, 445.80008999872, 459.64226977652004, 463.71322015696006, 480.0, 512.8688866407, 547.495222124, 570.9894260049999, 597.2901893589, 613.4479551697999, 638.4436291354999]
