Avion: 3      Iteracion: 6

Num Ruta: 8
Ingresos: 163200.0
Costos: 592.271747506
Utilidad Ruta: 162607.728252
Costo Reducido: 173650.063987
Nodos: [103, 16, 56, 40, 24, 64, 10, 80, 50, 11, 51, 35, 75, 26, 66, 18, 58, 19, 32, 72, 59, 13, 53, 15, 55, 7, 4, 47, 44, 27, 67, 813]
q: [0.0, 11.0, -11.0, 1.0, 14.0, -14.0, 12.0, -1.0, -12.0, 8.0, -8.0, 6.0, -6.0, 13.0, -13.0, 11.0, -11.0, 7.0, 6.0, -6.0, -7.0, 15.0, -15.0, 11.0, -11.0, 10.0, 5.0, -10.0, -5.0, 6.0, -6.0, 0.0]
Q: [0.0, 11.0, 0.0, 1.0, 15.0, 1.0, 13.0, 12.0, 0.0, 8.0, 0.0, 6.0, 0.0, 13.0, 0.0, 11.0, 0.0, 7.0, 13.0, 7.0, 0.0, 15.0, 0.0, 11.0, 0.0, 10.0, 15.0, 5.0, 0.0, 6.0, 0.0, 0.0]
B: [0.0, 36.0, 45.624091437640004, 77.27284989674001, 84.42620155872001, 122.93915186122001, 134.72508254152, 151.90577661942, 169.98082021552, 222.61903679812, 226.67310364513, 279.0, 298.9128833924, 308.20588877279, 325.78511674219, 349.06378749459, 372.88202374328995, 402.0, 422.0, 449.8573558149, 466.9847322631, 471.21235156952, 488.09550251952004, 511.0, 527.4211666151, 538.3259061809999, 548.6892794734999, 567.9616404602, 569.12201453781, 585.47282711701, 602.5036894851099, 624.9016032496099]
