Avion: 5      Iteracion: 35

Num Ruta: 37
Ingresos: 144000.0
Costos: 438.574716265
Utilidad Ruta: 143561.425284
Costo Reducido: 24.0608676313
Nodos: [105, 16, 56, 40, 80, 31, 71, 36, 76, 34, 74, 39, 6, 46, 79, 13, 53, 20, 5, 45, 60, 2, 42, 29, 69, 815]
q: [0.0, 11.0, -11.0, 15.0, -15.0, 6.0, -6.0, 15.0, -15.0, 12.0, -12.0, 8.0, 5.0, -5.0, -8.0, 15.0, -15.0, 10.0, 5.0, -5.0, -10.0, 9.0, -9.0, 9.0, -9.0, 0.0]
Q: [0.0, 11.0, 0.0, 15.0, 0.0, 6.0, 0.0, 15.0, 0.0, 12.0, 0.0, 8.0, 13.0, 8.0, 0.0, 15.0, 0.0, 10.0, 15.0, 10.0, 0.0, 9.0, 0.0, 9.0, 0.0, 0.0]
B: [0.0, 36.0, 45.624091437640004, 77.27284989674001, 109.84229167884001, 133.18078068304, 146.48639468614002, 251.0, 257.94814406874, 283.0, 323.947598037, 388.0, 436.0, 439.69228939819, 449.87740525418997, 453.10933904063995, 469.99248999063997, 496.0, 519.9123369832, 521.03402588838, 540.17366112528, 547.50395839074, 588.23892043814, 598.04366097525, 631.82344075545, 656.80937441825]
