Avion: 2      Iteracion: 54

Num Ruta: 45
Ingresos: 27600.0
Costos: 48.2786690934
Utilidad Ruta: 27551.7213309
Costo Reducido: 11.55701778
Nodos: [102, 30, 70, 5, 45, 812]
q: [0, 11.0, -11.0, 12.0, -12.0, 0]
Q: [0, 11.0, 0.0, 12.0, 0.0, 0]
B: [0.0, 64.0, 82.7140226568, 469.0, 470.12168890518, 480.52640879568]
