Avion: 3      Iteracion: 33

Num Ruta: 35
Ingresos: 43200.0
Costos: 122.146172182
Utilidad Ruta: 43077.8538278
Costo Reducido: 17.406335692
Nodos: [103, 40, 80, 5, 45, 2, 42, 813]
q: [0, 15.0, -15.0, 12.0, -12.0, 9.0, -9.0, 0]
Q: [0, 15.0, 0.0, 12.0, 0.0, 9.0, 0.0, 0]
B: [0.0, 62.0, 94.5694417821, 469.0, 470.12168890518, 522.0, 562.7349620474, 577.0927308156]
