Avion: 2      Iteracion: 75

Num Ruta: 56
Ingresos: 52800.0
Costos: 127.606237226
Utilidad Ruta: 52672.3937628
Costo Reducido: 1.96895285167
Nodos: [102, 31, 71, 36, 76, 15, 21, 55, 38, 78, 61, 812]
q: [0.0, 6.0, -6.0, 15.0, -15.0, 8.0, 7.0, -8.0, 8.0, -8.0, -7.0, 0.0]
Q: [0.0, 6.0, 0.0, 15.0, 0.0, 8.0, 15.0, 7.0, 15.0, 7.0, 0.0, 0.0]
B: [0.0, 130.0, 143.3056140031, 251.0, 257.94814406874, 511.0, 516.67223351071, 527.47150163401, 531.55876734595, 564.42765398665, 571.49758255772, 601.9693995203199]
