Avion: 3      Iteracion: 66

Num Ruta: 55
Ingresos: 106800.0
Costos: 263.350789156
Utilidad Ruta: 106536.649211
Costo Reducido: 4.20525547337
Nodos: [103, 24, 64, 31, 71, 36, 76, 25, 65, 15, 21, 55, 38, 78, 61, 27, 67, 37, 77, 813]
q: [0.0, 14.0, -14.0, 6.0, -6.0, 15.0, -15.0, 10.0, -10.0, 8.0, 7.0, -8.0, 8.0, -8.0, -7.0, 6.0, -6.0, 15.0, -15.0, 0.0]
Q: [0.0, 14.0, 0.0, 6.0, 0.0, 15.0, 0.0, 10.0, 0.0, 8.0, 15.0, 7.0, 15.0, 7.0, 0.0, 6.0, 0.0, 15.0, 0.0, 0.0]
B: [0.0, 61.0, 99.5129503025, 130.0, 143.3056140031, 251.0, 257.94814406874, 410.0, 427.1849823101, 511.0, 516.67223351071, 527.47150163401, 531.55876734595, 564.42765398665, 571.49758255772, 584.67503075532, 601.70589312342, 608.54185874651, 629.3365122180101, 650.33830766511]
