Avion: 4      Iteracion: 57

Num Ruta: 51
Ingresos: 112800.0
Costos: 331.521969323
Utilidad Ruta: 112468.478031
Costo Reducido: 10.2187651533
Nodos: [104, 1, 41, 3, 43, 23, 18, 58, 63, 22, 62, 32, 8, 48, 13, 72, 53, 20, 7, 47, 60, 2, 42, 814]
q: [0.0, 7.0, -7.0, 15.0, -15.0, 10.0, 5.0, -5.0, -10.0, 10.0, -10.0, 6.0, 8.0, -8.0, 9.0, -6.0, -9.0, 10.0, 5.0, -5.0, -10.0, 9.0, -9.0, 0.0]
Q: [0.0, 7.0, 0.0, 15.0, 0.0, 10.0, 15.0, 10.0, 0.0, 10.0, 0.0, 6.0, 14.0, 6.0, 15.0, 9.0, 0.0, 10.0, 15.0, 10.0, 0.0, 9.0, 0.0, 0.0]
B: [0.0, 175.0, 209.2400855285, 256.0, 261.08428175852, 267.0, 293.0, 316.8182362487, 326.74376782137, 342.50019181287, 364.25487795177, 422.0, 433.4468981388, 454.2152947548, 456.42597089571, 470.26815067351004, 474.33910105395006, 496.0, 517.0, 545.5413118129, 558.5049963585999, 565.8352936240599, 606.5702556714599, 615.3678963210899]
