Avion: 6      Iteracion: 47

Num Ruta: 50
Ingresos: 52800.0
Costos: 194.163700777
Utilidad Ruta: 52605.8362992
Costo Reducido: 0.860469274456
Nodos: [106, 9, 49, 14, 54, 23, 63, 6, 46, 33, 73, 816]
q: [0, 11.0, -11.0, 8.0, -8.0, 10.0, -10.0, 5.0, -5.0, 10.0, -10.0, 0]
Q: [0, 11.0, 0.0, 8.0, 0.0, 10.0, 0.0, 5.0, 0.0, 10.0, 0.0, 0]
B: [0.0, 35.5829922575, 65.11022926000001, 112.0, 124.021711775, 267.0, 306.733842905, 436.0, 439.69228939819, 562.0, 585.3035112376, 599.1444684661]
