Avion: 4      Iteracion: 35

Num Ruta: 34
Ingresos: 58800.0
Costos: 232.755375142
Utilidad Ruta: 58567.2446249
Costo Reducido: 22.1068788718
Nodos: [104, 17, 57, 24, 64, 1, 41, 8, 48, 13, 6, 46, 53, 814]
q: [0.0, 5.0, -5.0, 14.0, -14.0, 7.0, -7.0, 8.0, -8.0, 10.0, 5.0, -5.0, -10.0, 0.0]
Q: [0.0, 5.0, 0.0, 14.0, 0.0, 7.0, 0.0, 8.0, 0.0, 10.0, 15.0, 10.0, 0.0, 0.0]
B: [0.0, 24.0, 58.8425537813, 75.400837086, 113.9137873885, 175.0, 209.2400855285, 414.0, 434.768396616, 436.97907275691, 446.84697719504, 450.53926659322997, 477.16714155542996, 498.64422147803]
