Avion: 7      Iteracion: 27

Num Ruta: 26
Ingresos: 68400.0
Costos: 297.749172263
Utilidad Ruta: 68102.2508277
Costo Reducido: 115.104094857
Nodos: [107, 30, 70, 1, 41, 23, 63, 39, 79, 20, 38, 60, 78, 27, 67, 817]
q: [0.0, 11.0, -11.0, 7.0, -7.0, 10.0, -10.0, 8.0, -8.0, 10.0, 5.0, -10.0, -5.0, 6.0, -6.0, 0.0]
Q: [0.0, 11.0, 0.0, 7.0, 0.0, 10.0, 0.0, 8.0, 0.0, 10.0, 15.0, 5.0, 0.0, 6.0, 0.0, 0.0]
B: [0.0, 64.0, 82.7140226568, 175.0, 209.2400855285, 267.0, 306.733842905, 388.0, 410.632187455, 496.0, 498.08106943661, 538.20307667701, 565.58008440251, 577.11581173111, 594.14667409921, 600.85136887228]
