Avion: 7      Iteracion: 3

Num Ruta: 6
Ingresos: 99600.0
Costos: 335.185835732
Utilidad Ruta: 99264.8141643
Costo Reducido: 160767.524156
Nodos: [107, 16, 56, 9, 49, 14, 54, 3, 43, 35, 75, 32, 72, 15, 55, 37, 77, 817]
q: [0, 11.0, -11.0, 11.0, -11.0, 8.0, -8.0, 15.0, -15.0, 6.0, -6.0, 6.0, -6.0, 11.0, -11.0, 15.0, -15.0, 0]
Q: [0, 11.0, 0.0, 11.0, 0.0, 8.0, 0.0, 15.0, 0.0, 6.0, 0.0, 6.0, 0.0, 11.0, 0.0, 15.0, 0.0, 0]
B: [0.0, 36.0, 45.624091437640004, 75.68094759394, 105.20818459644, 115.46499131194001, 127.48670308694001, 256.0, 261.08428175852, 304.88260501412, 324.79548840651995, 422.0, 449.8573558149, 511.0, 527.4211666151, 562.0, 582.7946534714999, 598.3690418383]
