Avion: 7      Iteracion: 17

Num Ruta: 17
Ingresos: 48000.0
Costos: 160.852802795
Utilidad Ruta: 47839.1471972
Costo Reducido: 121.889980543
Nodos: [107, 36, 76, 7, 29, 47, 69, 33, 73, 817]
q: [0.0, 15.0, -15.0, 6.0, 9.0, -6.0, -9.0, 10.0, -10.0, 0.0]
Q: [0.0, 15.0, 0.0, 6.0, 15.0, 9.0, 0.0, 10.0, 0.0, 0.0]
B: [0.0, 251.0, 257.94814406874, 517.0, 549.0, 585.8118202348, 598.1086240878001, 606.9601157700001, 630.2636270076001, 653.3101156989001]
