Avion: 7      Iteracion: 47

Num Ruta: 44
Ingresos: 69600.0
Costos: 152.898404409
Utilidad Ruta: 69447.1015956
Costo Reducido: 17.6938300862
Nodos: [107, 31, 71, 36, 76, 34, 74, 39, 79, 6, 46, 5, 45, 817]
q: [0, 6.0, -6.0, 15.0, -15.0, 12.0, -12.0, 8.0, -8.0, 5.0, -5.0, 12.0, -12.0, 0]
Q: [0, 6.0, 0.0, 15.0, 0.0, 12.0, 0.0, 8.0, 0.0, 5.0, 0.0, 12.0, 0.0, 0]
B: [0.0, 130.0, 143.3056140031, 251.0, 257.94814406874, 283.0, 323.947598037, 388.0, 410.632187455, 436.0, 439.69228939819, 469.0, 470.12168890518, 474.86120417575]
