Avion: 6      Iteracion: 0

Num Ruta: 2
Ingresos: 194400.0
Costos: 628.614904991
Utilidad Ruta: 193771.385095
Costo Reducido: -
Nodos: [106, 16, 56, 40, 80, 10, 50, 1, 11, 51, 41, 3, 43, 36, 76, 26, 66, 28, 39, 68, 25, 65, 79, 13, 53, 15, 55, 38, 78, 29, 69, 816]
q: [0.0, 11.0, -11.0, 15.0, -15.0, 12.0, -12.0, 7.0, 8.0, -8.0, -7.0, 15.0, -15.0, 15.0, -15.0, 13.0, -13.0, 8.0, 5.0, -8.0, 10.0, -10.0, -5.0, 15.0, -15.0, 11.0, -11.0, 8.0, -8.0, 9.0, -9.0, 0.0]
Q: [0.0, 11.0, 0.0, 15.0, 0.0, 12.0, 0.0, 7.0, 15.0, 7.0, 0.0, 15.0, 0.0, 15.0, 0.0, 13.0, 0.0, 8.0, 13.0, 5.0, 15.0, 5.0, 0.0, 15.0, 0.0, 11.0, 0.0, 8.0, 0.0, 9.0, 0.0, 0.0]
B: [0.0, 36.0, 45.624091437640004, 77.27284989674001, 109.84229167884001, 127.02298575674001, 156.54249649114, 194.96183766194002, 213.64266625704002, 217.69673310405003, 252.01246244205004, 259.10901435125004, 264.19329610977, 299.11276141207003, 306.06090548081005, 346.36328993881006, 363.94251790821005, 378.0, 389.3210123222, 420.750419714, 424.08379833035997, 441.26878064045997, 460.17589178945997, 463.40782557590995, 480.29097652590997, 511.0, 527.4211666151, 531.5084323270399, 564.3773189677399, 598.77349462724, 632.55327440744, 661.79344968054]
