Avion: 1      Iteracion: 69

Num Ruta: 56
Ingresos: 21600.0
Costos: 71.8330461734
Utilidad Ruta: 21528.1669538
Costo Reducido: 21.1860424846
Nodos: [101, 14, 54, 23, 63, 811]
q: [0, 8.0, -8.0, 10.0, -10.0, 0]
Q: [0, 8.0, 0.0, 10.0, 0.0, 0]
B: [0.0, 112.0, 124.021711775, 267.0, 306.733842905, 312.59534373670004]
