Avion: 4      Iteracion: 10

Num Ruta: 12
Ingresos: 152400.0
Costos: 570.16878828
Utilidad Ruta: 151829.831212
Costo Reducido: 192789.772529
Nodos: [104, 9, 49, 24, 64, 1, 31, 71, 41, 23, 35, 63, 75, 26, 66, 19, 25, 65, 59, 6, 46, 13, 53, 15, 55, 20, 4, 60, 44, 814]
q: [0.0, 11.0, -11.0, 14.0, -14.0, 7.0, 6.0, -6.0, -7.0, 9.0, 6.0, -9.0, -6.0, 13.0, -13.0, 7.0, 8.0, -8.0, -7.0, 5.0, -5.0, 15.0, -15.0, 11.0, -11.0, 10.0, 5.0, -10.0, -5.0, 0.0]
Q: [0.0, 11.0, 0.0, 14.0, 0.0, 7.0, 13.0, 7.0, 0.0, 9.0, 15.0, 6.0, 0.0, 13.0, 0.0, 7.0, 15.0, 7.0, 0.0, 5.0, 0.0, 15.0, 0.0, 11.0, 0.0, 10.0, 15.0, 5.0, 0.0, 0.0]
B: [0.0, 49.232321223, 78.7595582255, 102.8998081206, 141.4127584231, 175.0, 183.89376197118, 197.19937597428, 230.76046369508, 267.0, 307.4405515417, 336.9605871955, 349.5791326743, 358.87213805469, 376.45136602409, 407.30324027829, 416.69524751848996, 433.88022982858996, 450.66708626448997, 462.45810526198994, 466.1503946601799, 479.56046076737994, 496.44361171737995, 516.40063747278, 532.82180408788, 538.95565614022, 549.23480717522, 581.33113028242, 593.19235353302, 631.75135436292]
