Avion: 3      Iteracion: 38

Num Ruta: 39
Ingresos: 67200.0
Costos: 218.675667176
Utilidad Ruta: 66981.3243328
Costo Reducido: 3.24638661953
Nodos: [103, 12, 52, 10, 50, 35, 75, 13, 53, 29, 69, 813]
q: [0, 14.0, -14.0, 12.0, -12.0, 6.0, -6.0, 15.0, -15.0, 9.0, -9.0, 0]
Q: [0, 14.0, 0.0, 12.0, 0.0, 6.0, 0.0, 15.0, 0.0, 9.0, 0.0, 0]
B: [0.0, 54.0, 97.347924264, 106.06569462115, 135.58520535555, 279.0, 298.9128833924, 423.0, 439.88315095, 549.0, 582.7797797802, 614.9656450164]
