Avion: 2      Iteracion: 30

Num Ruta: 27
Ingresos: 40800.0
Costos: 109.716003195
Utilidad Ruta: 40690.2839968
Costo Reducido: 28.9333851335
Nodos: [102, 36, 76, 29, 69, 33, 73, 812]
q: [0, 15.0, -15.0, 9.0, -9.0, 10.0, -10.0, 0]
Q: [0, 15.0, 0.0, 9.0, 0.0, 10.0, 0.0, 0]
B: [0.0, 251.0, 257.94814406874, 549.0, 582.7797797802, 591.6312714624, 614.9347827, 634.1809898588]
