Avion: 1      Iteracion: 56

Num Ruta: 49
Ingresos: 28800.0
Costos: 103.823567456
Utilidad Ruta: 28696.1764325
Costo Reducido: 6.44414328838
Nodos: [101, 18, 58, 21, 61, 811]
q: [0, 11.0, -11.0, 13.0, -13.0, 0]
Q: [0, 11.0, 0.0, 13.0, 0.0, 0]
B: [0.0, 293.0, 316.8182362487, 477.0, 517.7387906792, 536.8977052882999]
