Avion: 5      Iteracion: 60

Num Ruta: 56
Ingresos: 54000.0
Costos: 147.856296213
Utilidad Ruta: 53852.1437038
Costo Reducido: 3.34534589142
Nodos: [105, 26, 66, 22, 62, 32, 19, 59, 13, 53, 72, 815]
q: [0.0, 13.0, -13.0, 10.0, -10.0, 6.0, 7.0, -7.0, 9.0, -9.0, -6.0, 0.0]
Q: [0.0, 13.0, 0.0, 10.0, 0.0, 6.0, 13.0, 6.0, 15.0, 6.0, 0.0, 0.0]
B: [0.0, 300.0, 317.5792279694, 331.2134086195, 352.9680947584, 422.0, 433.71491463899997, 460.34203093049996, 464.56965023692, 481.45280118692, 485.52375156736, 505.84542285686]
