Avion: 2      Iteracion: 10

Num Ruta: 11
Ingresos: 138000.0
Costos: 523.017903447
Utilidad Ruta: 137476.982097
Costo Reducido: 139893.996179
Nodos: [102, 9, 24, 49, 12, 52, 64, 1, 31, 71, 41, 23, 3, 43, 63, 26, 66, 39, 79, 13, 53, 25, 21, 65, 20, 61, 4, 44, 60, 812]
q: [0.0, 11.0, 1.0, -11.0, 14.0, -14.0, -1.0, 7.0, 6.0, -6.0, -7.0, 10.0, 0.0, 0.0, -10.0, 13.0, -13.0, 8.0, -8.0, 15.0, -15.0, 10.0, 5.0, -10.0, 10.0, -5.0, 5.0, -5.0, -10.0, 0.0]
Q: [0.0, 11.0, 12.0, 1.0, 15.0, 1.0, 0.0, 7.0, 13.0, 7.0, 0.0, 10.0, 10.0, 10.0, 0.0, 13.0, 0.0, 8.0, 0.0, 15.0, 0.0, 10.0, 15.0, 5.0, 15.0, 10.0, 15.0, 10.0, 0.0, 0.0]
B: [0.0, 33.6128854013, 61.0, 85.1402498951, 95.9272866522, 139.2752109162, 155.2074484866, 175.0, 183.89376197118, 197.19937597428, 230.76046369508, 267.0, 271.29443034639, 276.37871210491, 318.50358866261, 338.18996143671, 355.76918940611, 388.0, 410.632187455, 423.0, 439.88315095, 463.8957169312, 477.0, 485.168713485, 496.0, 532.4252917215, 561.5950891325, 582.0208388127, 593.8820620633, 623.3610627417]
