Avion: 6      Iteracion: 42

Num Ruta: 45
Ingresos: 46800.0
Costos: 181.973061041
Utilidad Ruta: 46618.026939
Costo Reducido: 11.6716704839
Nodos: [106, 9, 49, 11, 51, 34, 74, 39, 79, 816]
q: [0, 11.0, -11.0, 8.0, -8.0, 12.0, -12.0, 8.0, -8.0, 0]
Q: [0, 11.0, 0.0, 8.0, 0.0, 12.0, 0.0, 8.0, 0.0, 0]
B: [0.0, 35.5829922575, 65.11022926000001, 169.0, 173.05406684701, 283.0, 323.947598037, 388.0, 410.632187455, 432.30091192140003]
