Avion: 7      Iteracion: 35

Num Ruta: 34
Ingresos: 67200.0
Costos: 210.441587987
Utilidad Ruta: 66989.558412
Costo Reducido: 9.0696782993
Nodos: [107, 36, 76, 34, 74, 28, 68, 21, 38, 61, 78, 27, 67, 817]
q: [0.0, 15.0, -15.0, 12.0, -12.0, 8.0, -8.0, 13.0, 2.0, -13.0, -2.0, 6.0, -6.0, 0.0]
Q: [0.0, 15.0, 0.0, 12.0, 0.0, 8.0, 0.0, 13.0, 15.0, 2.0, 0.0, 6.0, 0.0, 0.0]
B: [0.0, 251.0, 257.94814406874, 283.0, 323.947598037, 378.0, 414.0266187839, 477.0, 483.82291294097, 518.30529332577, 525.37522189684, 538.0, 555.0308623681, 561.7355571411699]
