Avion: 5      Iteracion: 70

Num Ruta: 63
Ingresos: 67200.0
Costos: 219.936663393
Utilidad Ruta: 66980.0633366
Costo Reducido: 10.7143491712
Nodos: [105, 10, 50, 26, 66, 28, 68, 25, 21, 65, 38, 61, 78, 815]
q: [0.0, 12.0, -12.0, 13.0, -13.0, 8.0, -8.0, 8.0, 7.0, -8.0, 8.0, -7.0, -8.0, 0.0]
Q: [0.0, 12.0, 0.0, 13.0, 0.0, 8.0, 0.0, 8.0, 15.0, 7.0, 15.0, 8.0, 0.0, 0.0]
B: [0.0, 96.0, 125.5195107344, 300.0, 317.5792279694, 378.0, 414.0266187839, 417.35999740026, 477.0, 485.168713485, 489.49037624371, 523.97275662851, 531.04268519958, 562.8107371543799]
