Avion: 6      Iteracion: 33

Num Ruta: 36
Ingresos: 28800.0
Costos: 81.753593754
Utilidad Ruta: 28718.2464062
Costo Reducido: 10.6767757143
Nodos: [106, 26, 66, 18, 58, 816]
q: [0, 13.0, -13.0, 11.0, -11.0, 0]
Q: [0, 13.0, 0.0, 11.0, 0.0, 0]
B: [0.0, 300.0, 317.5792279694, 340.8578987218, 364.67613497049996, 373.33482424774996]
