Avion: 5      Iteracion: 31

Num Ruta: 33
Ingresos: 54000.0
Costos: 218.756405924
Utilidad Ruta: 53781.2435941
Costo Reducido: 43.024652107
Nodos: [105, 17, 57, 8, 32, 48, 72, 15, 55, 7, 4, 47, 44, 815]
q: [0, 5.0, -5.0, 8.0, 6.0, -8.0, -6.0, 11.0, -11.0, 10.0, 5.0, -10.0, -5.0, 0]
Q: [0, 5.0, 0.0, 8.0, 14.0, 6.0, 0.0, 11.0, 0.0, 10.0, 15.0, 5.0, 0.0, 0]
B: [0.0, 24.8000597782, 59.6426135595, 414.0, 425.4468981388, 447.8266328334, 463.87573156200006, 511.0, 527.4211666151, 538.3259061809999, 548.6892794734999, 567.9616404602, 569.12201453781, 590.1491657952099]
