Avion: 7      Iteracion: 44

Num Ruta: 41
Ingresos: 106800.0
Costos: 316.822007056
Utilidad Ruta: 106483.177993
Costo Reducido: 21.4819473519
Nodos: [107, 30, 16, 56, 70, 40, 80, 22, 62, 18, 58, 39, 79, 13, 53, 29, 7, 47, 69, 817]
q: [0.0, 11.0, 4.0, -4.0, -11.0, 15.0, -15.0, 10.0, -10.0, 11.0, -11.0, 8.0, -8.0, 15.0, -15.0, 9.0, 6.0, -6.0, -9.0, 0.0]
Q: [0.0, 11.0, 15.0, 11.0, 0.0, 15.0, 0.0, 10.0, 0.0, 11.0, 0.0, 8.0, 0.0, 15.0, 0.0, 9.0, 15.0, 9.0, 0.0, 0.0]
B: [0.0, 64.0, 72.20259129788, 81.82668273552001, 84.69783929691, 115.50769336991, 148.07713515201, 299.0, 320.7546861389, 334.15512273630003, 357.973358985, 388.0, 410.632187455, 423.0, 439.88315095, 549.0, 570.2768523283, 598.8181641412, 611.1149679942, 632.6885029387]
