Avion: 7      Iteracion: 46

Num Ruta: 43
Ingresos: 105600.0
Costos: 281.323815556
Utilidad Ruta: 105318.676184
Costo Reducido: 28.9185178457
Nodos: [107, 30, 16, 56, 70, 40, 80, 35, 26, 75, 66, 39, 6, 46, 79, 13, 53, 29, 27, 69, 67, 817]
q: [0.0, 11.0, 4.0, -4.0, -11.0, 15.0, -15.0, 6.0, 9.0, -6.0, -9.0, 8.0, 5.0, -5.0, -8.0, 15.0, -15.0, 9.0, 6.0, -9.0, -6.0, 0.0]
Q: [0.0, 11.0, 15.0, 11.0, 0.0, 15.0, 0.0, 6.0, 15.0, 9.0, 0.0, 8.0, 13.0, 8.0, 0.0, 15.0, 0.0, 9.0, 15.0, 6.0, 0.0, 0.0]
B: [0.0, 64.0, 72.20259129788, 81.82668273552001, 84.69783929691, 115.50769336991, 148.07713515201, 279.0, 300.0, 309.29300538039, 319.11482114938, 388.0, 436.0, 439.69228939819, 449.87740525418997, 453.10933904063995, 469.99248999063997, 549.0, 574.6018082369, 582.8182362320799, 598.26561380888, 604.9703085819499]
