Avion: 4      Iteracion: 50

Num Ruta: 46
Ingresos: 88800.0
Costos: 286.043468076
Utilidad Ruta: 88513.9565319
Costo Reducido: 20.5737308664
Nodos: [104, 10, 50, 35, 26, 75, 66, 28, 68, 25, 19, 59, 65, 20, 4, 44, 60, 2, 42, 814]
q: [0.0, 12.0, -12.0, 6.0, 9.0, -6.0, -9.0, 8.0, -8.0, 8.0, 7.0, -7.0, -8.0, 10.0, 5.0, -5.0, -10.0, 9.0, -9.0, 0.0]
Q: [0.0, 12.0, 0.0, 6.0, 15.0, 9.0, 0.0, 8.0, 0.0, 8.0, 15.0, 8.0, 0.0, 10.0, 15.0, 10.0, 0.0, 9.0, 0.0, 0.0]
B: [0.0, 96.0, 125.5195107344, 279.0, 300.0, 309.29300538039, 319.11482114938, 378.0, 414.0266187839, 417.35999740026, 426.75200464046, 453.37912093195996, 470.16597736785997, 496.0, 529.0, 549.4257496801999, 561.2869729308, 568.6172701962599, 609.35223224366, 618.14987289329]
