Avion: 5      Iteracion: 39

Num Ruta: 41
Ingresos: 92400.0
Costos: 319.905974784
Utilidad Ruta: 92080.0940252
Costo Reducido: 4.96419615007
Nodos: [105, 17, 57, 9, 49, 14, 54, 18, 58, 22, 62, 19, 8, 59, 48, 6, 46, 5, 45, 815]
q: [0, 5.0, -5.0, 11.0, -11.0, 8.0, -8.0, 11.0, -11.0, 10.0, -10.0, 7.0, 8.0, -7.0, -8.0, 5.0, -5.0, 12.0, -12.0, 0]
Q: [0, 5.0, 0.0, 11.0, 0.0, 8.0, 0.0, 11.0, 0.0, 10.0, 0.0, 7.0, 15.0, 8.0, 0.0, 5.0, 0.0, 12.0, 0.0, 0]
B: [0.0, 24.8000597782, 59.6426135595, 82.5291699628, 112.0564069653, 122.3132136808, 134.3349254558, 293.0, 316.8182362487, 332.3010836612, 354.0557698001, 402.0, 425.1608815463, 443.1178409771, 446.04596016866, 455.23663179809, 458.92892119628, 477.31778141108, 478.43947031626, 491.66367509386]
