Avion: 3      Iteracion: 9

Num Ruta: 11
Ingresos: 134400.0
Costos: 511.338012478
Utilidad Ruta: 133888.661988
Costo Reducido: 157648.982525
Nodos: [103, 17, 57, 30, 70, 14, 54, 3, 43, 23, 26, 63, 66, 18, 58, 19, 32, 72, 59, 13, 53, 20, 21, 61, 27, 67, 60, 813]
q: [0.0, 5.0, -5.0, 11.0, -11.0, 8.0, -8.0, 15.0, -15.0, 0.0, 13.0, 0.0, -13.0, 11.0, -11.0, 7.0, 6.0, -6.0, -7.0, 15.0, -15.0, 9.0, 6.0, -6.0, 6.0, -6.0, -9.0, 0.0]
Q: [0.0, 5.0, 0.0, 11.0, 0.0, 8.0, 0.0, 15.0, 0.0, 0.0, 13.0, 13.0, 0.0, 11.0, 0.0, 7.0, 13.0, 7.0, 0.0, 15.0, 0.0, 9.0, 15.0, 9.0, 15.0, 9.0, 0.0, 0.0]
B: [0.0, 48.6245240388, 83.4670778201, 86.61153230379, 105.32555496059, 133.12149561748998, 145.14320739248998, 256.0, 261.08428175852, 267.0, 301.4413435423, 321.1277163164, 324.19478869898, 347.47345945138, 371.29169570007997, 402.0, 422.0, 449.8573558149, 466.9847322631, 471.21235156952, 488.09550251952004, 502.02608775492, 506.77549413888, 547.51428481808, 560.69173301568, 577.72259538378, 593.88036119468, 632.25323245808]
