Avion: 6      Iteracion: 3

Num Ruta: 7
Ingresos: 181200.0
Costos: 610.933422155
Utilidad Ruta: 180589.066578
Costo Reducido: 284583.058317
Nodos: [106, 9, 12, 49, 16, 56, 52, 31, 14, 54, 71, 11, 51, 3, 43, 23, 75, 35, 63, 32, 19, 72, 59, 5, 45, 15, 55, 7, 4, 47, 44, 27, 67, 37, 77, 816]
q: [0.0, 11.0, 4.0, -11.0, 11.0, -11.0, -4.0, 6.0, 8.0, -8.0, -6.0, 8.0, -8.0, 15.0, -15.0, 10.0, -6.0, 6.0, -10.0, 6.0, 7.0, -6.0, -7.0, 12.0, -12.0, 11.0, -11.0, 10.0, 5.0, -10.0, -5.0, 6.0, -6.0, 15.0, -15.0, 0.0]
Q: [0.0, 11.0, 15.0, 4.0, 15.0, 4.0, 0.0, 6.0, 14.0, 6.0, 0.0, 8.0, 0.0, 15.0, 0.0, 10.0, 4.0, 10.0, 0.0, 6.0, 13.0, 7.0, 0.0, 12.0, 0.0, 11.0, 0.0, 10.0, 15.0, 5.0, 0.0, 6.0, 0.0, 15.0, 0.0, 0.0]
B: [0.0, 35.5829922575, 56.4177161818, 67.2047529389, 90.9345371141, 100.55862855174, 120.79491143674, 141.71224482323998, 159.23192724043997, 171.25363901543997, 200.31919598583997, 200.79807488493697, 204.85214173194697, 256.0, 261.08428175852, 267.0, 298.0, 317.9128833924, 347.43291904619997, 422.0, 433.71491463899997, 461.3697862171, 478.4971626653, 486.34747590745997, 487.46916481264, 520.87135929144, 537.2925259065399, 548.1972654724399, 558.5606387649399, 577.8329997516399, 578.9933738292499, 595.3441864084499, 612.3750487765499, 619.2110143996399, 640.0056678711398, 681.8257307716399]
