Avion: 4      Iteracion: 18

Num Ruta: 20
Ingresos: 140400.0
Costos: 423.356029232
Utilidad Ruta: 139976.643971
Costo Reducido: 232.939892206
Nodos: [104, 1, 31, 71, 11, 51, 41, 3, 43, 23, 18, 58, 63, 26, 66, 28, 68, 25, 32, 72, 65, 20, 38, 78, 60, 2, 33, 73, 42, 814]
q: [0.0, 7.0, 6.0, -6.0, 8.0, -8.0, -7.0, 15.0, -15.0, 10.0, 5.0, -5.0, -10.0, 13.0, -13.0, 8.0, -8.0, 9.0, 6.0, -6.0, -9.0, 7.0, 8.0, -8.0, -7.0, 9.0, 6.0, -6.0, -9.0, 0.0]
Q: [0.0, 7.0, 13.0, 7.0, 15.0, 7.0, 0.0, 15.0, 0.0, 10.0, 15.0, 10.0, 0.0, 13.0, 0.0, 8.0, 0.0, 9.0, 15.0, 9.0, 0.0, 7.0, 15.0, 7.0, 0.0, 9.0, 15.0, 9.0, 0.0, 0.0]
B: [0.0, 175.0, 183.89376197118, 197.19937597428, 197.678254873377, 201.732321720387, 236.048051058387, 256.0, 261.08428175852, 267.0, 293.0, 316.8182362487, 326.74376782137, 346.43014059547, 364.00936856487, 378.0, 414.0266187839, 417.35999740026, 438.02644569216, 465.88380150706, 476.86886978176, 496.0, 498.08106943661, 530.9499560773099, 558.3269638028099, 565.6572610682699, 579.4428619982699, 602.7463732358699, 621.2651572672698, 630.0627979168999]
