Avion: 5      Iteracion: 66

Num Ruta: 59
Ingresos: 105600.0
Costos: 338.291944152
Utilidad Ruta: 105261.708056
Costo Reducido: 1.86855375714
Nodos: [105, 30, 16, 70, 56, 10, 50, 35, 26, 75, 66, 22, 62, 19, 8, 59, 48, 38, 7, 78, 27, 47, 67, 815]
q: [0.0, 11.0, 4.0, -11.0, -4.0, 12.0, -12.0, 6.0, 9.0, -6.0, -9.0, 10.0, -10.0, 7.0, 8.0, -7.0, -8.0, 8.0, 7.0, -8.0, 6.0, -7.0, -6.0, 0.0]
Q: [0.0, 11.0, 15.0, 4.0, 0.0, 12.0, 0.0, 6.0, 15.0, 9.0, 0.0, 10.0, 0.0, 7.0, 15.0, 8.0, 0.0, 8.0, 15.0, 7.0, 13.0, 6.0, 0.0, 0.0]
B: [0.0, 64.0, 72.20259129788, 83.01926305958, 85.89041962097, 101.71969683127, 131.23920756567, 279.0, 300.0, 309.29300538039, 319.11482114938, 332.74900179948, 354.50368793838004, 402.0, 425.1608815463, 443.1178409771, 446.04596016866, 480.0, 517.0, 556.1972757344, 567.7330030630001, 583.5727779351, 587.97269850256, 604.16806145006]
