Avion: 3      Iteracion: 22

Num Ruta: 24
Ingresos: 67200.0
Costos: 233.758906687
Utilidad Ruta: 66966.2410933
Costo Reducido: 114.979205304
Nodos: [103, 40, 80, 14, 54, 8, 48, 20, 60, 37, 77, 813]
q: [0, 15.0, -15.0, 8.0, -8.0, 8.0, -8.0, 10.0, -10.0, 15.0, -15.0, 0]
Q: [0, 15.0, 0.0, 8.0, 0.0, 8.0, 0.0, 10.0, 0.0, 15.0, 0.0, 0]
B: [0.0, 62.0, 94.5694417821, 123.1478437143, 135.1695554893, 414.0, 434.768396616, 496.0, 538.1771424471, 562.0, 582.7946534714999, 603.7964489185999]
