Avion: 6      Iteracion: 43

Num Ruta: 46
Ingresos: 164400.0
Costos: 472.210839123
Utilidad Ruta: 163927.789161
Costo Reducido: 27.6663986778
Nodos: [106, 16, 56, 40, 80, 14, 54, 3, 43, 23, 18, 58, 63, 22, 62, 19, 32, 59, 6, 46, 13, 72, 53, 15, 55, 20, 7, 47, 60, 33, 73, 816]
q: [0.0, 11.0, -11.0, 15.0, -15.0, 8.0, -8.0, 15.0, -15.0, 10.0, 5.0, -5.0, -10.0, 10.0, -10.0, 7.0, 6.0, -7.0, 5.0, -5.0, 9.0, -6.0, -9.0, 11.0, -11.0, 10.0, 5.0, -5.0, -10.0, 10.0, -10.0, 0.0]
Q: [0.0, 11.0, 0.0, 15.0, 0.0, 8.0, 0.0, 15.0, 0.0, 10.0, 15.0, 10.0, 0.0, 10.0, 0.0, 7.0, 13.0, 6.0, 11.0, 6.0, 15.0, 9.0, 0.0, 11.0, 0.0, 10.0, 15.0, 10.0, 0.0, 10.0, 0.0, 0.0]
B: [0.0, 36.0, 45.624091437640004, 77.27284989674001, 109.84229167884001, 138.42069361104, 150.44240538604, 256.0, 261.08428175852, 267.0, 293.0, 316.8182362487, 326.74376782137, 342.50019181287, 364.25487795177, 402.0, 422.0, 441.5724706923, 453.36348968979996, 457.05577908798995, 470.46584519518996, 484.30802497299, 488.37897535343, 511.0, 527.4211666151, 533.55501866744, 542.2979730879999, 570.8392849008999, 583.8029694465998, 594.6247687886998, 617.9282800262998, 631.7692372547998]
