Avion: 3      Iteracion: 60

Num Ruta: 53
Ingresos: 100800.0
Costos: 290.60062401
Utilidad Ruta: 100509.399376
Costo Reducido: 2.87373169951
Nodos: [103, 24, 56, 16, 64, 1, 41, 23, 18, 58, 63, 22, 62, 19, 8, 59, 48, 5, 45, 813]
q: [0.0, 14.0, -11.0, 11.0, -14.0, 7.0, -7.0, 10.0, 5.0, -5.0, -10.0, 10.0, -10.0, 7.0, 8.0, -7.0, -8.0, 12.0, -12.0, 0.0]
Q: [0.0, 14.0, 3.0, 14.0, 0.0, 7.0, 0.0, 10.0, 15.0, 10.0, 0.0, 10.0, 0.0, 7.0, 15.0, 8.0, 0.0, 12.0, 0.0, 0.0]
B: [0.0, 61.0, 86.22619907949999, 95.85029051714, 120.25777979813999, 175.0, 209.2400855285, 267.0, 293.0, 316.8182362487, 326.74376782137, 342.50019181287, 364.25487795177, 402.0, 425.1608815463, 443.1178409771, 446.04596016866, 469.0, 470.12168890518, 489.51114356488]
