Avion: 7      Iteracion: 30

Num Ruta: 29
Ingresos: 116400.0
Costos: 335.158013304
Utilidad Ruta: 116064.841987
Costo Reducido: 44.6350733555
Nodos: [107, 30, 16, 56, 70, 40, 80, 1, 41, 3, 43, 23, 18, 63, 58, 20, 4, 60, 44, 37, 77, 817]
q: [0.0, 11.0, 4.0, -4.0, -11.0, 15.0, -15.0, 7.0, -7.0, 15.0, -15.0, 10.0, 5.0, -10.0, -5.0, 10.0, 5.0, -10.0, -5.0, 15.0, -15.0, 0.0]
Q: [0.0, 11.0, 15.0, 11.0, 0.0, 15.0, 0.0, 7.0, 0.0, 15.0, 0.0, 10.0, 15.0, 5.0, 0.0, 10.0, 15.0, 5.0, 0.0, 15.0, 0.0, 0.0]
B: [0.0, 64.0, 72.20259129788, 81.82668273552001, 84.69783929691, 115.50769336991, 148.07713515201, 175.0, 209.2400855285, 256.0, 261.08428175852, 267.0, 293.0, 318.4393114097, 328.36484298237, 496.0, 529.0, 561.0963231072, 572.9575463578, 580.02191844596, 600.8165719174599, 616.3909602842599]
