Avion: 7      Iteracion: 24

Num Ruta: 23
Ingresos: 129600.0
Costos: 333.208928551
Utilidad Ruta: 129266.791071
Costo Reducido: 235.007018834
Nodos: [107, 30, 70, 3, 43, 23, 35, 75, 63, 13, 53, 25, 65, 5, 45, 4, 20, 44, 60, 37, 77, 817]
q: [0.0, 11.0, -11.0, 15.0, -15.0, 9.0, 6.0, -6.0, -9.0, 15.0, -15.0, 10.0, -10.0, 12.0, -12.0, 5.0, 10.0, -5.0, -10.0, 15.0, -15.0, 0.0]
Q: [0.0, 11.0, 0.0, 15.0, 0.0, 9.0, 15.0, 9.0, 0.0, 15.0, 0.0, 10.0, 0.0, 12.0, 0.0, 5.0, 15.0, 10.0, 0.0, 15.0, 0.0, 0.0]
B: [0.0, 64.0, 82.7140226568, 256.0, 261.08428175852, 267.0, 307.4405515417, 327.3534349341, 339.9719804129, 423.0, 439.88315095, 463.8957169312, 481.0806992413, 504.1429351476, 505.26462405278, 529.0, 539.279151035, 569.6591407651, 581.5203640157, 593.0978819708, 613.8925354423, 629.4669238091]
