Avion: 5      Iteracion: 11

Num Ruta: 14
Ingresos: 109200.0
Costos: 402.242626396
Utilidad Ruta: 108797.757374
Costo Reducido: 1452.46032693
Nodos: [105, 17, 57, 12, 52, 10, 50, 35, 26, 75, 66, 22, 62, 25, 21, 65, 15, 55, 20, 61, 60, 815]
q: [0.0, 5.0, -5.0, 14.0, -14.0, 12.0, -12.0, 2.0, 13.0, -2.0, -13.0, 10.0, -10.0, 10.0, 4.0, -10.0, 11.0, -11.0, 10.0, -4.0, -10.0, 0.0]
Q: [0.0, 5.0, 0.0, 14.0, 0.0, 12.0, 0.0, 2.0, 15.0, 13.0, 0.0, 10.0, 0.0, 10.0, 14.0, 4.0, 15.0, 4.0, 14.0, 10.0, 0.0, 0.0]
B: [0.0, 24.8000597782, 59.6426135595, 79.35130730110001, 122.6992315651, 131.41700192225, 160.93651265665, 279.0, 300.0, 309.29300538039, 319.11482114938, 332.74900179948, 354.50368793838004, 410.0, 477.0, 485.168713485, 511.0, 527.4211666151, 533.55501866744, 569.98031038894, 590.57973101184, 622.93275141184]
