Avion: 6      Iteracion: 37

Num Ruta: 40
Ingresos: 30000.0
Costos: 92.8796855527
Utilidad Ruta: 29907.1203144
Costo Reducido: 9.01106959475
Nodos: [106, 31, 71, 11, 51, 18, 58, 816]
q: [0, 6.0, -6.0, 8.0, -8.0, 11.0, -11.0, 0]
Q: [0, 6.0, 0.0, 8.0, 0.0, 11.0, 0.0, 0]
B: [0.0, 130.0, 143.3056140031, 169.0, 173.05406684701, 293.0, 316.8182362487, 325.47692552595]
