Avion: 6      Iteracion: 38

Num Ruta: 41
Ingresos: 80400.0
Costos: 289.578168019
Utilidad Ruta: 80110.421832
Costo Reducido: 4.10175400817
Nodos: [106, 9, 49, 34, 74, 28, 19, 68, 25, 65, 59, 5, 45, 2, 42, 816]
q: [0.0, 11.0, -11.0, 12.0, -12.0, 8.0, 7.0, -8.0, 8.0, -8.0, -7.0, 12.0, -12.0, 9.0, -9.0, 0.0]
Q: [0.0, 11.0, 0.0, 12.0, 0.0, 8.0, 15.0, 7.0, 15.0, 7.0, 0.0, 12.0, 0.0, 9.0, 0.0, 0.0]
B: [0.0, 35.5829922575, 65.11022926000001, 283.0, 323.947598037, 378.0, 414.065010994, 426.60080426769997, 429.93418288405996, 447.11916519415996, 463.90602163005997, 471.75633487221995, 472.87802377739996, 522.0, 562.7349620474, 572.45506230408]
