Avion: 5      Iteracion: 29

Num Ruta: 31
Ingresos: 78000.0
Costos: 242.86398049
Utilidad Ruta: 77757.1360195
Costo Reducido: 1.00455604368
Nodos: [105, 30, 16, 70, 56, 10, 50, 35, 75, 5, 45, 2, 4, 42, 27, 44, 67, 815]
q: [0.0, 11.0, 4.0, -11.0, -4.0, 12.0, -12.0, 6.0, -6.0, 12.0, -12.0, 9.0, 5.0, -9.0, 6.0, -5.0, -6.0, 0.0]
Q: [0.0, 11.0, 15.0, 4.0, 0.0, 12.0, 0.0, 6.0, 0.0, 12.0, 0.0, 9.0, 14.0, 5.0, 11.0, 6.0, 0.0, 0.0]
B: [0.0, 64.0, 72.20259129788, 83.01926305958, 85.89041962097, 101.71969683127, 131.23920756567, 279.0, 298.9128833924, 469.0, 470.12168890518, 522.0, 549.3715326023, 562.8222884175, 587.7879403817, 604.1387529609, 609.55401149582, 625.74937444332]
