Avion: 6      Iteracion: 8

Num Ruta: 12
Ingresos: 132000.0
Costos: 539.215992149
Utilidad Ruta: 131460.784008
Costo Reducido: 429502.205532
Nodos: [106, 24, 64, 30, 70, 14, 54, 1, 41, 23, 18, 58, 63, 22, 62, 25, 65, 8, 48, 5, 45, 4, 29, 27, 69, 67, 44, 816]
q: [0.0, 14.0, -14.0, 11.0, -11.0, 8.0, -8.0, 7.0, -7.0, 4.0, 11.0, -11.0, -4.0, 10.0, -10.0, 10.0, -10.0, 8.0, -8.0, 12.0, -12.0, 0.0, 9.0, 6.0, -9.0, -6.0, 0.0, 0.0]
Q: [0.0, 14.0, 0.0, 11.0, 0.0, 8.0, 0.0, 7.0, 0.0, 4.0, 15.0, 4.0, 0.0, 10.0, 0.0, 10.0, 0.0, 8.0, 0.0, 12.0, 0.0, 0.0, 9.0, 15.0, 6.0, 0.0, 0.0, 0.0]
B: [0.0, 61.0, 99.5129503025, 119.7810717004, 138.4950943572, 166.2910350141, 178.3127467891, 213.9944760073, 248.2345615358, 267.0, 293.0, 316.8182362487, 326.74376782137, 342.50019181287, 364.25487795177, 410.0, 427.1849823101, 453.0055821676, 473.7739787836, 483.52678966047, 484.64847856565, 529.0, 549.7100026316, 575.3118108685, 583.5282388636799, 598.9756164404799, 604.3908749753999, 637.9895894895]
