Avion: 1      Iteracion: 68

Num Ruta: 55
Ingresos: 22800.0
Costos: 84.5008459159
Utilidad Ruta: 22715.4991541
Costo Reducido: 2.64976232647
Nodos: [101, 31, 71, 21, 61, 811]
q: [0, 6.0, -6.0, 13.0, -13.0, 0]
Q: [0, 6.0, 0.0, 13.0, 0.0, 0]
B: [0.0, 130.0, 143.3056140031, 477.0, 517.7387906792, 536.8977052882999]
