Avion: 7      Iteracion: 28

Num Ruta: 27
Ingresos: 12000.0
Costos: 44.6772792688
Utilidad Ruta: 11955.3227207
Costo Reducido: 16.1467816594
Nodos: [107, 7, 47, 817]
q: [0, 10.0, -10.0, 0]
Q: [0, 10.0, 0.0, 0]
B: [0.0, 517.0, 545.5413118129, 556.6084677709999]
