Avion: 2      Iteracion: 20

Num Ruta: 20
Ingresos: 80400.0
Costos: 265.704670906
Utilidad Ruta: 80134.2953291
Costo Reducido: 159.643884666
Nodos: [102, 30, 70, 24, 64, 31, 71, 11, 51, 21, 61, 27, 29, 69, 67, 812]
q: [0, 11.0, -11.0, 14.0, -14.0, 6.0, -6.0, 8.0, -8.0, 13.0, -13.0, 6.0, 9.0, -9.0, -6.0, 0]
Q: [0, 11.0, 0.0, 14.0, 0.0, 6.0, 0.0, 8.0, 0.0, 13.0, 0.0, 6.0, 15.0, 6.0, 0.0, 0]
B: [0.0, 64.0, 82.7140226568, 107.4479935471, 145.9609438496, 157.2453016071, 170.5509156102, 171.029794509297, 175.083861356307, 477.0, 517.7387906792, 538.0, 563.6018082369, 597.3815880171, 612.8289655939, 626.2453718564]
