Avion: 5      Iteracion: 2

Num Ruta: 6
Ingresos: 160800.0
Costos: 551.46551916
Utilidad Ruta: 160248.534481
Costo Reducido: 150486.818034
Nodos: [105, 12, 52, 30, 70, 14, 54, 36, 76, 34, 74, 26, 66, 28, 68, 19, 8, 59, 48, 6, 46, 5, 45, 4, 27, 67, 44, 33, 73, 815]
q: [0, 14.0, -14.0, 11.0, -11.0, 8.0, -8.0, 15.0, -15.0, 12.0, -12.0, 13.0, -13.0, 8.0, -8.0, 7.0, 8.0, -7.0, -8.0, 5.0, -5.0, 12.0, -12.0, 5.0, 6.0, -6.0, -5.0, 10.0, -10.0, 0]
Q: [0, 14.0, 0.0, 11.0, 0.0, 8.0, 0.0, 15.0, 0.0, 12.0, 0.0, 13.0, 0.0, 8.0, 0.0, 7.0, 15.0, 8.0, 0.0, 5.0, 0.0, 12.0, 0.0, 5.0, 11.0, 5.0, 0.0, 10.0, 0.0, 0]
B: [0.0, 54.0, 97.347924264, 122.72227077779999, 141.4362934346, 169.2322340915, 181.2539458665, 251.0, 257.94814406874, 283.0, 323.947598037, 358.0226741044, 375.6019020738, 386.0098191084, 422.0364378923, 434.572231166, 457.7331127123, 475.6900721431, 478.61819133465997, 487.80886296408994, 491.5011523622799, 509.8900125770799, 511.0117014822599, 529.0, 546.6147745373, 563.6456369054, 569.06089544032, 577.63236089262, 600.93587213022, 618.65797386792]
