Avion: 3      Iteracion: 37

Num Ruta: 38
Ingresos: 97200.0
Costos: 281.447608173
Utilidad Ruta: 96918.5523918
Costo Reducido: 44.5116738921
Nodos: [103, 24, 56, 16, 64, 1, 31, 71, 41, 23, 63, 22, 62, 8, 48, 13, 53, 813]
q: [0.0, 14.0, -11.0, 11.0, -14.0, 7.0, 6.0, -6.0, -7.0, 10.0, -10.0, 10.0, -10.0, 8.0, -8.0, 15.0, -15.0, 0.0]
Q: [0.0, 14.0, 3.0, 14.0, 0.0, 7.0, 13.0, 7.0, 0.0, 10.0, 0.0, 10.0, 0.0, 8.0, 0.0, 15.0, 0.0, 0.0]
B: [0.0, 61.0, 86.22619907949999, 95.85029051714, 120.25777979813999, 175.0, 183.89376197118, 197.19937597428, 230.76046369508, 267.0, 306.733842905, 322.49026689650003, 344.24495303540004, 414.0, 434.768396616, 436.97907275691, 453.86222370691, 477.96464028701]
