Avion: 7      Iteracion: 40

Num Ruta: 38
Ingresos: 93600.0
Costos: 314.876643883
Utilidad Ruta: 93285.1233561
Costo Reducido: 25.6140590033
Nodos: [107, 12, 52, 1, 41, 8, 19, 59, 48, 5, 45, 38, 21, 78, 61, 33, 27, 73, 67, 817]
q: [0.0, 14.0, -14.0, 7.0, -7.0, 8.0, 7.0, -7.0, -8.0, 12.0, -12.0, 2.0, 13.0, -2.0, -13.0, 9.0, 6.0, -9.0, -6.0, 0.0]
Q: [0.0, 14.0, 0.0, 7.0, 0.0, 8.0, 15.0, 8.0, 0.0, 12.0, 0.0, 2.0, 15.0, 13.0, 0.0, 9.0, 15.0, 6.0, 0.0, 0.0]
B: [0.0, 54.0, 97.347924264, 175.0, 209.2400855285, 414.0, 437.1608815463, 463.7879978378, 466.71611702935996, 476.46892790622996, 477.59061681141, 499.17230951611, 505.99522245708, 544.50696092728, 551.57688949835, 562.0, 578.4525909206, 585.6713442755799, 606.23813656318, 612.9428313362499]
