Avion: 6      Iteracion: 44

Num Ruta: 47
Ingresos: 126000.0
Costos: 340.192029416
Utilidad Ruta: 125659.807971
Costo Reducido: 38.894749802
Nodos: [106, 16, 56, 9, 49, 14, 54, 3, 43, 8, 19, 59, 48, 13, 53, 20, 7, 47, 60, 2, 33, 73, 42, 816]
q: [0.0, 11.0, -11.0, 11.0, -11.0, 8.0, -8.0, 15.0, -15.0, 8.0, 7.0, -7.0, -8.0, 15.0, -15.0, 10.0, 5.0, -5.0, -10.0, 9.0, 6.0, -6.0, -9.0, 0.0]
Q: [0.0, 11.0, 0.0, 11.0, 0.0, 8.0, 0.0, 15.0, 0.0, 8.0, 15.0, 8.0, 0.0, 15.0, 0.0, 10.0, 15.0, 10.0, 0.0, 9.0, 15.0, 9.0, 0.0, 0.0]
B: [0.0, 36.0, 45.624091437640004, 75.68094759394, 105.20818459644, 115.46499131194001, 127.48670308694001, 256.0, 261.08428175852, 414.0, 437.1608815463, 463.7879978378, 466.71611702935996, 468.92679317026995, 485.80994412026996, 499.74052935566993, 517.0, 545.5413118129, 558.5049963585999, 565.8352936240599, 579.6208945540599, 602.9244057916599, 621.4431898230598, 631.1632900797398]
