Avion: 7      Iteracion: 43

Num Ruta: 40
Ingresos: 100800.0
Costos: 293.608169346
Utilidad Ruta: 100506.391831
Costo Reducido: 14.0610229322
Nodos: [107, 14, 54, 18, 36, 76, 34, 58, 74, 39, 28, 79, 13, 53, 68, 15, 55, 20, 7, 60, 47, 817]
q: [0.0, 8.0, -8.0, 3.0, 12.0, -12.0, 12.0, -3.0, -12.0, 8.0, 7.0, -8.0, 8.0, -8.0, -7.0, 11.0, -11.0, 10.0, 5.0, -10.0, -5.0, 0.0]
Q: [0.0, 8.0, 0.0, 3.0, 15.0, 3.0, 15.0, 12.0, 0.0, 8.0, 15.0, 7.0, 15.0, 7.0, 0.0, 11.0, 0.0, 10.0, 15.0, 5.0, 0.0, 0.0]
B: [0.0, 112.0, 124.021711775, 293.0, 306.9670306436, 313.91517471234005, 327.63492270564007, 355.86696018084007, 371.0195898206401, 388.0, 399.3210123222, 412.3114993416, 423.0, 439.88315095, 462.92158097460003, 511.0, 527.4211666151, 533.55501866744, 542.2979730879999, 583.1352039074, 596.0988884530999, 607.1660444111999]
