Avion: 3      Iteracion: 32

Num Ruta: 34
Ingresos: 84000.0
Costos: 254.801727545
Utilidad Ruta: 83745.1982725
Costo Reducido: 47.1444168325
Nodos: [103, 9, 49, 14, 54, 3, 43, 18, 58, 25, 65, 20, 7, 47, 60, 813]
q: [0.0, 11.0, -11.0, 8.0, -8.0, 15.0, -15.0, 11.0, -11.0, 10.0, -10.0, 5.0, 10.0, -10.0, -5.0, 0.0]
Q: [0.0, 11.0, 0.0, 8.0, 0.0, 15.0, 0.0, 11.0, 0.0, 10.0, 0.0, 5.0, 15.0, 5.0, 0.0, 0.0]
B: [0.0, 28.0, 57.5272370025, 112.0, 124.021711775, 256.0, 261.08428175852, 293.0, 316.8182362487, 410.0, 427.1849823101, 496.0, 517.0, 545.5413118129, 558.5049963585999, 596.8778676219999]
