Avion: 5      Iteracion: 3

Num Ruta: 7
Ingresos: 170400.0
Costos: 532.397208594
Utilidad Ruta: 169867.602791
Costo Reducido: 261227.8746
Nodos: [105, 16, 56, 9, 49, 14, 54, 31, 11, 51, 71, 36, 76, 35, 26, 75, 66, 39, 32, 8, 48, 79, 13, 72, 53, 5, 45, 15, 55, 7, 4, 47, 44, 37, 77, 815]
q: [0.0, 11.0, -11.0, 11.0, -11.0, 8.0, -8.0, 6.0, 8.0, -8.0, -6.0, 15.0, -15.0, 6.0, 0.0, -6.0, 0.0, 8.0, 6.0, 1.0, -1.0, -8.0, 9.0, -6.0, -9.0, 12.0, -12.0, 11.0, -11.0, 10.0, 5.0, -10.0, -5.0, 15.0, -15.0, 0.0]
Q: [0.0, 11.0, 0.0, 11.0, 0.0, 8.0, 0.0, 6.0, 14.0, 6.0, 0.0, 15.0, 0.0, 6.0, 6.0, 0.0, 0.0, 8.0, 14.0, 15.0, 14.0, 6.0, 15.0, 9.0, 0.0, 12.0, 0.0, 11.0, 0.0, 10.0, 15.0, 5.0, 0.0, 15.0, 0.0, 0.0]
B: [0.0, 36.0, 45.624091437640004, 75.68094759394, 105.20818459644, 115.46499131194001, 127.48670308694001, 154.69877029984002, 169.0, 173.05406684701, 176.74844541451, 251.0, 257.94814406874, 308.86250452824004, 319.48971912094004, 328.78272450133005, 338.60454027032006, 388.0, 425.0721191868, 436.51901732560003, 457.28741394160005, 460.67725302333, 463.90918680978, 477.75136658758004, 481.82231696802006, 509.0866000688201, 510.2082889740001, 543.6104834528, 560.0316500679, 570.9363896338, 581.2997629263, 600.572123913, 601.73249799061, 608.79687007877, 629.59152355027, 651.2189684293701]
