Avion: 6      Iteracion: 4

Num Ruta: 8
Ingresos: 183600.0
Costos: 639.577087821
Utilidad Ruta: 182960.422912
Costo Reducido: 242794.918281
Nodos: [106, 12, 52, 30, 70, 14, 54, 11, 51, 23, 26, 63, 66, 18, 58, 28, 39, 68, 25, 65, 79, 13, 53, 5, 45, 4, 15, 55, 27, 67, 44, 37, 77, 816]
q: [0.0, 14.0, -14.0, 11.0, -11.0, 8.0, -8.0, 8.0, -8.0, 10.0, 5.0, -10.0, -5.0, 11.0, -11.0, 8.0, 5.0, -8.0, 10.0, -10.0, -5.0, 15.0, -15.0, 12.0, -12.0, 4.0, 11.0, -11.0, 6.0, -6.0, -4.0, 15.0, -15.0, 0.0]
Q: [0.0, 14.0, 0.0, 11.0, 0.0, 8.0, 0.0, 8.0, 0.0, 10.0, 15.0, 5.0, 0.0, 11.0, 0.0, 8.0, 13.0, 5.0, 15.0, 5.0, 0.0, 15.0, 0.0, 12.0, 0.0, 4.0, 15.0, 4.0, 10.0, 4.0, 0.0, 15.0, 0.0, 0.0]
B: [0.0, 54.0, 97.347924264, 122.72227077779999, 141.4362934346, 169.2322340915, 181.2539458665, 210.7023749757, 214.75644182271, 267.0, 301.4413435423, 321.1277163164, 324.19478869898, 347.47345945138, 371.29169570007997, 380.42519847831, 391.74621080050997, 423.17561819230997, 426.50899680866996, 443.69397911876996, 462.60109026776996, 465.83302405421995, 482.71617500421996, 509.98045810502, 511.1021470102, 529.0, 549.1904234725, 565.6115900876, 583.3253755949, 600.356237963, 605.77149649792, 612.83586858608, 633.63052205758, 675.4505849580801]
