Avion: 2      Iteracion: 31

Num Ruta: 28
Ingresos: 14400.0
Costos: 23.9733914823
Utilidad Ruta: 14376.0266085
Costo Reducido: 15.6014796149
Nodos: [102, 5, 45, 812]
q: [0, 12.0, -12.0, 0]
Q: [0, 12.0, 0.0, 0]
B: [0.0, 469.0, 470.12168890518, 480.52640879568]
