Avion: 3      Iteracion: 51

Num Ruta: 48
Ingresos: 87600.0
Costos: 250.680259812
Utilidad Ruta: 87349.3197402
Costo Reducido: 8.70630367647
Nodos: [103, 24, 70, 30, 64, 1, 41, 18, 58, 22, 62, 8, 48, 5, 45, 813]
q: [0.0, 14.0, -11.0, 11.0, -14.0, 7.0, -7.0, 11.0, -11.0, 10.0, -10.0, 8.0, -8.0, 12.0, -12.0, 0.0]
Q: [0.0, 14.0, 3.0, 14.0, 0.0, 7.0, 0.0, 11.0, 0.0, 10.0, 0.0, 8.0, 0.0, 12.0, 0.0, 0.0]
B: [0.0, 61.0, 85.7339708903, 104.4479935471, 124.716114945, 175.0, 209.2400855285, 293.0, 316.8182362487, 332.3010836612, 354.0557698001, 414.0, 434.768396616, 469.0, 470.12168890518, 489.51114356488]
