Avion: 3      Iteracion: 18

Num Ruta: 20
Ingresos: 158400.0
Costos: 410.024290837
Utilidad Ruta: 157989.975709
Costo Reducido: 264.16521585
Nodos: [103, 9, 49, 31, 11, 71, 51, 36, 76, 22, 62, 18, 58, 28, 13, 53, 68, 25, 65, 21, 38, 78, 61, 33, 73, 27, 67, 37, 77, 813]
q: [0.0, 11.0, -11.0, 6.0, 8.0, -6.0, -8.0, 15.0, -15.0, 10.0, -10.0, 11.0, -11.0, 8.0, 7.0, -7.0, -8.0, 10.0, -10.0, 7.0, 8.0, -8.0, -7.0, 10.0, -10.0, 6.0, -6.0, 15.0, -15.0, 0.0]
Q: [0.0, 11.0, 0.0, 6.0, 14.0, 8.0, 0.0, 15.0, 0.0, 10.0, 0.0, 11.0, 0.0, 8.0, 15.0, 8.0, 0.0, 10.0, 0.0, 7.0, 15.0, 7.0, 0.0, 10.0, 0.0, 6.0, 0.0, 15.0, 0.0, 0.0]
B: [0.0, 28.0, 57.5272370025, 130.0, 169.0, 169.478878899097, 173.173257466597, 251.0, 257.94814406874, 299.0, 320.7546861389, 334.15512273630003, 357.973358985, 378.0, 423.0, 439.88315095, 462.92158097460003, 466.25495959096, 483.43994190106, 491.60865538606004, 498.43156832703005, 531.30045496773, 538.3703835388001, 562.0, 585.3035112376, 592.52226459258, 609.55312696068, 616.38909258377, 637.1837460552699, 658.1855415023699]
