Avion: 6      Iteracion: 11

Num Ruta: 15
Ingresos: 28800.0
Costos: 187.107402789
Utilidad Ruta: 28612.8925972
Costo Reducido: 944.805911905
Nodos: [106, 17, 57, 20, 60, 2, 42, 816]
q: [0, 5.0, -5.0, 10.0, -10.0, 9.0, -9.0, 0]
Q: [0, 5.0, 0.0, 10.0, 0.0, 9.0, 0.0, 0]
B: [0.0, 34.2933399948, 69.1358937761, 496.0, 538.1771424471, 545.50743971256, 586.24240175996, 595.96250201664]
