Avion: 2      Iteracion: 15

Num Ruta: 15
Ingresos: 109200.0
Costos: 415.696750227
Utilidad Ruta: 108784.30325
Costo Reducido: 268.408179322
Nodos: [102, 9, 49, 24, 64, 11, 51, 34, 74, 39, 79, 13, 53, 21, 61, 20, 60, 812]
q: [0, 11.0, -11.0, 14.0, -14.0, 8.0, -8.0, 12.0, -12.0, 8.0, -8.0, 15.0, -15.0, 13.0, -13.0, 10.0, -10.0, 0]
Q: [0, 11.0, 0.0, 14.0, 0.0, 8.0, 0.0, 12.0, 0.0, 8.0, 0.0, 15.0, 0.0, 13.0, 0.0, 10.0, 0.0, 0]
B: [0.0, 33.6128854013, 63.1401224038, 87.2803722989, 125.7933226014, 169.0, 173.05406684701, 283.0, 323.947598037, 388.0, 410.632187455, 423.0, 439.88315095, 477.0, 517.7387906792, 554.1640824007, 596.3412248477999, 625.8202255261999]
