Avion: 7      Iteracion: 8

Num Ruta: 11
Ingresos: 150000.0
Costos: 622.871133956
Utilidad Ruta: 149377.128866
Costo Reducido: 416201.271702
Nodos: [107, 24, 64, 30, 70, 14, 54, 1, 41, 35, 75, 22, 62, 28, 68, 25, 65, 8, 48, 5, 45, 38, 21, 78, 61, 27, 67, 33, 73, 817]
q: [0.0, 14.0, -14.0, 11.0, -11.0, 8.0, -8.0, 7.0, -7.0, 6.0, -6.0, 10.0, -10.0, 8.0, -8.0, 10.0, -10.0, 8.0, -8.0, 12.0, -12.0, 8.0, 7.0, -8.0, -7.0, 6.0, -6.0, 10.0, -10.0, 0.0]
Q: [0.0, 14.0, 0.0, 11.0, 0.0, 8.0, 0.0, 7.0, 0.0, 6.0, 0.0, 10.0, 0.0, 8.0, 0.0, 10.0, 0.0, 8.0, 0.0, 12.0, 0.0, 8.0, 15.0, 7.0, 0.0, 6.0, 0.0, 10.0, 0.0, 0.0]
B: [0.0, 61.0, 99.5129503025, 119.7810717004, 138.4950943572, 166.2910350141, 178.3127467891, 213.9944760073, 248.2345615358, 283.8895433756, 303.802426768, 318.91668139729995, 340.67136753619997, 383.7225312371, 419.749150021, 423.08252863736, 440.26751094746, 466.08811080495997, 486.85650742096, 496.60931829783, 497.73100720301, 519.31269990771, 526.13561284868, 564.64735131888, 571.7172798899501, 584.8947280875501, 601.9255904556501, 615.7727604553501, 639.0762716929501, 662.1227603842501]
