Avion: 3      Iteracion: 8

Num Ruta: 10
Ingresos: 133200.0
Costos: 482.028774979
Utilidad Ruta: 132717.971225
Costo Reducido: 449814.726827
Nodos: [103, 16, 56, 24, 70, 30, 64, 1, 31, 71, 41, 18, 58, 22, 62, 8, 48, 25, 65, 38, 78, 29, 27, 69, 67, 813]
q: [0.0, 11.0, -11.0, 14.0, -11.0, 11.0, -14.0, 7.0, 6.0, -6.0, -7.0, 11.0, -11.0, 10.0, -10.0, 8.0, -8.0, 10.0, -10.0, 8.0, -8.0, 9.0, 6.0, -9.0, -6.0, 0.0]
Q: [0.0, 11.0, 0.0, 14.0, 3.0, 14.0, 0.0, 7.0, 13.0, 7.0, 0.0, 11.0, 0.0, 10.0, 0.0, 8.0, 0.0, 10.0, 0.0, 8.0, 0.0, 9.0, 15.0, 6.0, 0.0, 0.0]
B: [0.0, 36.0, 45.624091437640004, 70.85029051714, 95.58426140744, 114.29828406424, 134.56640546213998, 175.0, 183.89376197118, 197.19937597428, 230.76046369508, 293.0, 316.8182362487, 332.3010836612, 354.0557698001, 414.0, 434.768396616, 468.12895782230004, 485.31394013240003, 489.63560289111, 522.50448953181, 556.90066519131, 582.50247342821, 590.71890142339, 606.16627900019, 628.56419276469]
