Avion: 3      Iteracion: 55

Num Ruta: 51
Ingresos: 82800.0
Costos: 210.899204079
Utilidad Ruta: 82589.1007959
Costo Reducido: 13.1614588548
Nodos: [103, 9, 49, 11, 51, 36, 76, 25, 65, 21, 38, 78, 61, 33, 73, 813]
q: [0.0, 11.0, -11.0, 8.0, -8.0, 15.0, -15.0, 10.0, -10.0, 7.0, 8.0, -8.0, -7.0, 10.0, -10.0, 0.0]
Q: [0.0, 11.0, 0.0, 8.0, 0.0, 15.0, 0.0, 10.0, 0.0, 7.0, 15.0, 7.0, 0.0, 10.0, 0.0, 0.0]
B: [0.0, 28.0, 57.5272370025, 169.0, 173.05406684701, 251.0, 257.94814406874, 410.0, 427.1849823101, 477.0, 483.82291294097, 516.69179958167, 523.76172815274, 562.0, 585.3035112376, 609.1137857005]
