Avion: 3      Iteracion: 19

Num Ruta: 21
Ingresos: 66000.0
Costos: 247.636027571
Utilidad Ruta: 65752.3639724
Costo Reducido: 166.713673533
Nodos: [103, 16, 56, 10, 50, 35, 75, 18, 58, 29, 27, 67, 69, 813]
q: [0, 11.0, -11.0, 12.0, -12.0, 6.0, -6.0, 11.0, -11.0, 9.0, 6.0, -6.0, -9.0, 0]
Q: [0, 11.0, 0.0, 12.0, 0.0, 6.0, 0.0, 11.0, 0.0, 9.0, 15.0, 9.0, 0.0, 0]
B: [0.0, 36.0, 45.624091437640004, 96.0, 125.5195107344, 279.0, 298.9128833924, 321.80373678409995, 345.62197303279993, 549.0, 574.6018082369, 591.6326706049999, 607.0800481818, 639.265913418]
