Avion: 2      Iteracion: 1

Num Ruta: 5
Ingresos: 182400.0
Costos: 653.938782536
Utilidad Ruta: 181746.061217
Costo Reducido: 332629.667793
Nodos: [102, 9, 49, 12, 52, 31, 14, 54, 71, 11, 51, 1, 41, 3, 43, 18, 75, 35, 58, 28, 68, 8, 48, 5, 45, 21, 61, 33, 73, 37, 77, 812]
q: [0.0, 11.0, -11.0, 14.0, -14.0, 6.0, 8.0, -8.0, -6.0, 8.0, -8.0, 7.0, -7.0, 15.0, -15.0, 11.0, -6.0, 6.0, -11.0, 8.0, -8.0, 8.0, -8.0, 12.0, -12.0, 13.0, -13.0, 10.0, -10.0, 15.0, -15.0, 0.0]
Q: [0.0, 11.0, 0.0, 14.0, 0.0, 6.0, 14.0, 6.0, 0.0, 8.0, 0.0, 7.0, 0.0, 15.0, 0.0, 11.0, 5.0, 11.0, 0.0, 8.0, 0.0, 8.0, 0.0, 12.0, 0.0, 13.0, 0.0, 10.0, 0.0, 15.0, 0.0, 0.0]
B: [0.0, 33.6128854013, 63.1401224038, 73.9271591609, 117.2750834249, 138.1924168114, 155.71209922859998, 167.73381100359998, 196.79936797399998, 197.27824687309698, 201.33231372010698, 224.001765257407, 258.241850785907, 265.338402695107, 270.42268445362697, 293.0, 315.8908533917, 335.80373678409995, 374.99132813649993, 384.12483091472996, 420.15144969862996, 454.74427995292996, 475.51267656893, 485.2654874458, 486.38717635098, 514.6267667339799, 555.3655574131799, 565.5211023517799, 588.8246135893799, 615.9832006107798, 636.7778540822799, 655.4770889329799]
