Avion: 4      Iteracion: 12

Num Ruta: 14
Ingresos: 126000.0
Costos: 540.478188978
Utilidad Ruta: 125459.521811
Costo Reducido: 38613.4017075
Nodos: [104, 17, 57, 30, 70, 40, 80, 11, 51, 35, 26, 75, 66, 22, 62, 39, 79, 28, 68, 20, 60, 2, 37, 77, 42, 814]
q: [0.0, 5.0, -5.0, 11.0, -11.0, 15.0, -15.0, 8.0, -8.0, 6.0, 9.0, -6.0, -9.0, 10.0, -10.0, 8.0, -8.0, 8.0, -8.0, 10.0, -10.0, 0.0, 15.0, -15.0, 0.0, 0.0]
Q: [0.0, 5.0, 0.0, 11.0, 0.0, 15.0, 0.0, 8.0, 0.0, 6.0, 15.0, 9.0, 0.0, 10.0, 0.0, 8.0, 0.0, 8.0, 0.0, 10.0, 0.0, 0.0, 15.0, 0.0, 0.0, 0.0]
B: [0.0, 24.0, 58.8425537813, 64.0, 82.7140226568, 113.5238767298, 146.0933185119, 181.8194824258, 185.87354927281, 279.0, 300.0, 309.29300538039, 319.11482114938, 332.74900179948, 354.50368793838004, 401.19023932098, 423.82242677598003, 436.81291379538004, 472.83953257928005, 496.0, 538.1771424471, 545.50743971256, 562.0, 582.7946534714999, 617.8028262316, 626.60046688123]
