Avion: 5      Iteracion: 63

Num Ruta: 57
Ingresos: 87600.0
Costos: 275.689133762
Utilidad Ruta: 87324.3108662
Costo Reducido: 0.512330625264
Nodos: [105, 17, 30, 57, 16, 70, 56, 40, 80, 26, 66, 22, 62, 7, 4, 47, 44, 815]
q: [0.0, 5.0, 10.0, -5.0, 5.0, -10.0, -5.0, 15.0, -15.0, 13.0, -13.0, 10.0, -10.0, 10.0, 5.0, -10.0, -5.0, 0.0]
Q: [0.0, 5.0, 15.0, 10.0, 15.0, 5.0, 0.0, 15.0, 0.0, 13.0, 0.0, 10.0, 0.0, 10.0, 15.0, 5.0, 0.0, 0.0]
B: [0.0, 24.8000597782, 64.0, 67.14445448369, 72.47609381883, 83.29276558052999, 86.16392214191998, 117.81268060101999, 150.38212238312, 300.0, 317.5792279694, 331.2134086195, 352.9680947584, 517.0, 529.0, 548.2723609867, 549.43273506431, 570.45988632171]
