Avion: 6      Iteracion: 12

Num Ruta: 16
Ingresos: 138000.0
Costos: 622.456285568
Utilidad Ruta: 137377.543714
Costo Reducido: 41810.4882844
Nodos: [106, 17, 30, 57, 70, 40, 80, 11, 51, 35, 75, 22, 62, 28, 68, 39, 79, 13, 53, 7, 29, 4, 69, 47, 44, 37, 77, 816]
q: [0.0, 4.0, 11.0, -4.0, -11.0, 15.0, -15.0, 8.0, -8.0, 6.0, -6.0, 10.0, -10.0, 8.0, -8.0, 8.0, -8.0, 15.0, -15.0, 1.0, 9.0, 5.0, -9.0, -1.0, -5.0, 15.0, -15.0, 0.0]
Q: [0.0, 4.0, 15.0, 11.0, 0.0, 15.0, 0.0, 8.0, 0.0, 6.0, 0.0, 10.0, 0.0, 8.0, 0.0, 8.0, 0.0, 15.0, 0.0, 1.0, 10.0, 15.0, 6.0, 5.0, 0.0, 15.0, 0.0, 0.0]
B: [0.0, 34.2933399948, 67.90705160179999, 71.05150608548999, 87.14945160658999, 117.95930567958999, 150.52874746169, 186.25491137558998, 190.3089782226, 279.0, 298.9128833924, 314.02713802169995, 335.78182416059997, 378.8329878615, 414.8596066454, 446.2890140372, 468.9212014922, 472.15313527865, 489.03628622865, 517.0, 549.0, 569.7100026316, 592.5834067727, 604.8802106257, 606.04058470331, 613.1049567914699, 633.8996102629699, 675.7196731634699]
