Avion: 7      Iteracion: 39

Num Ruta: 37
Ingresos: 61200.0
Costos: 179.427289803
Utilidad Ruta: 61020.5727102
Costo Reducido: 17.9683883498
Nodos: [107, 14, 54, 18, 58, 39, 79, 13, 53, 29, 69, 817]
q: [0, 8.0, -8.0, 11.0, -11.0, 8.0, -8.0, 15.0, -15.0, 9.0, -9.0, 0]
Q: [0, 8.0, 0.0, 11.0, 0.0, 8.0, 0.0, 15.0, 0.0, 9.0, 0.0, 0]
B: [0.0, 112.0, 124.021711775, 293.0, 316.8182362487, 388.0, 410.632187455, 423.0, 439.88315095, 549.0, 582.7797797802, 604.3533147247]
