Avion: 6      Iteracion: 6

Num Ruta: 10
Ingresos: 160800.0
Costos: 583.862202657
Utilidad Ruta: 160216.137797
Costo Reducido: 272582.099282
Nodos: [106, 16, 56, 40, 24, 64, 10, 80, 50, 11, 51, 34, 74, 26, 66, 28, 68, 19, 32, 59, 13, 72, 53, 38, 78, 27, 7, 67, 47, 33, 73, 816]
q: [0.0, 11.0, -11.0, 1.0, 14.0, -14.0, 12.0, -1.0, -12.0, 8.0, -8.0, 12.0, -12.0, 13.0, -13.0, 8.0, -8.0, 7.0, 6.0, -7.0, 9.0, -6.0, -9.0, 8.0, -8.0, 6.0, 9.0, -6.0, -9.0, 10.0, -10.0, 0.0]
Q: [0.0, 11.0, 0.0, 1.0, 15.0, 1.0, 13.0, 12.0, 0.0, 8.0, 0.0, 12.0, 0.0, 13.0, 0.0, 8.0, 0.0, 7.0, 13.0, 6.0, 15.0, 9.0, 0.0, 8.0, 0.0, 6.0, 15.0, 9.0, 0.0, 10.0, 0.0, 0.0]
B: [0.0, 36.0, 45.624091437640004, 77.27284989674001, 84.42620155872001, 122.93915186122001, 134.72508254152, 151.90577661942, 169.98082021552, 222.61903679812, 226.67310364513, 283.0, 323.947598037, 358.0226741044, 375.6019020738, 386.0098191084, 422.0364378923, 434.572231166, 446.287145805, 465.8596164973, 470.08723580372003, 483.92941558152006, 488.0003659619601, 501.4954252430601, 534.3643118837601, 545.9000392123602, 573.5633625846601, 598.2878774838601, 602.6877980513201, 612.1478242669301, 635.4513355045301, 649.2922927330301]
