Avion: 5      Iteracion: 5

Num Ruta: 9
Ingresos: 140400.0
Costos: 546.367089334
Utilidad Ruta: 139853.632911
Costo Reducido: 151747.026386
Nodos: [105, 40, 80, 10, 50, 34, 74, 26, 66, 25, 65, 39, 79, 5, 45, 15, 55, 29, 69, 37, 77, 815]
q: [0, 15.0, -15.0, 12.0, -12.0, 12.0, -12.0, 13.0, -13.0, 10.0, -10.0, 8.0, -8.0, 12.0, -12.0, 11.0, -11.0, 9.0, -9.0, 15.0, -15.0, 0]
Q: [0, 15.0, 0.0, 12.0, 0.0, 12.0, 0.0, 13.0, 0.0, 10.0, 0.0, 8.0, 0.0, 12.0, 0.0, 11.0, 0.0, 9.0, 0.0, 15.0, 0.0, 0]
B: [0.0, 62.0, 94.5694417821, 111.75013586, 141.2696465944, 283.0, 323.947598037, 358.0226741044, 375.6019020738, 410.0, 427.1849823101, 446.3261919114, 468.9583793664, 481.5229140971, 482.64460300228, 516.04679748108, 532.46796409618, 549.0, 582.7797797802, 602.0609649098, 622.8556183813, 644.4830632604001]
