Avion: 4      Iteracion: 25

Num Ruta: 26
Ingresos: 111600.0
Costos: 358.367220696
Utilidad Ruta: 111241.632779
Costo Reducido: 111.51298916
Nodos: [104, 1, 41, 3, 43, 23, 18, 58, 63, 22, 62, 32, 19, 59, 13, 72, 53, 21, 20, 38, 78, 61, 60, 2, 42, 814]
q: [0.0, 7.0, -7.0, 15.0, -15.0, 10.0, 5.0, -5.0, -10.0, 10.0, -10.0, 6.0, 7.0, -7.0, 9.0, -6.0, -9.0, 13.0, 0.0, 2.0, -2.0, -13.0, 0.0, 9.0, -9.0, 0.0]
Q: [0.0, 7.0, 0.0, 15.0, 0.0, 10.0, 15.0, 10.0, 0.0, 10.0, 0.0, 6.0, 13.0, 6.0, 15.0, 9.0, 0.0, 13.0, 13.0, 15.0, 13.0, 0.0, 0.0, 9.0, 0.0, 0.0]
B: [0.0, 175.0, 209.2400855285, 256.0, 261.08428175852, 267.0, 293.0, 316.8182362487, 326.74376782137, 342.50019181287, 364.25487795177, 422.0, 433.71491463899997, 460.34203093049996, 464.56965023692, 478.41183001472, 482.48278039516003, 497.99417678616004, 502.74358317012, 504.82465260673, 537.69353924743, 544.7634678185, 565.3628884414, 572.6931857068599, 613.42814775426, 622.22578840389]
