Avion: 3      Iteracion: 26

Num Ruta: 28
Ingresos: 55200.0
Costos: 168.646756839
Utilidad Ruta: 55031.3532432
Costo Reducido: 48.2912034383
Nodos: [103, 9, 49, 19, 8, 48, 59, 6, 46, 37, 77, 813]
q: [0, 11.0, -11.0, 7.0, 8.0, -8.0, -7.0, 5.0, -5.0, 15.0, -15.0, 0]
Q: [0, 11.0, 0.0, 7.0, 15.0, 7.0, 0.0, 5.0, 0.0, 15.0, 0.0, 0]
B: [0.0, 28.0, 57.5272370025, 402.0, 425.1608815463, 445.9292781623, 448.85739735386, 460.64841635135997, 464.34070574954995, 562.0, 582.7946534714999, 603.7964489185999]
