Avion: 3      Iteracion: 14

Num Ruta: 16
Ingresos: 114000.0
Costos: 424.936727906
Utilidad Ruta: 113575.063272
Costo Reducido: 399.497168131
Nodos: [103, 40, 16, 80, 56, 14, 54, 1, 41, 23, 63, 39, 79, 13, 53, 6, 46, 5, 45, 7, 29, 69, 47, 813]
q: [0.0, 15.0, 0.0, -15.0, 0.0, 8.0, -8.0, 7.0, -7.0, 10.0, -10.0, 8.0, -8.0, 15.0, -15.0, 5.0, -5.0, 12.0, -12.0, 6.0, 9.0, -9.0, -6.0, 0.0]
Q: [0.0, 15.0, 15.0, 0.0, 0.0, 8.0, 0.0, 7.0, 0.0, 10.0, 0.0, 8.0, 0.0, 15.0, 0.0, 5.0, 0.0, 12.0, 0.0, 6.0, 15.0, 6.0, 0.0, 0.0]
B: [0.0, 62.0, 86.5836396004, 98.01085177140001, 100.00340039063002, 126.78970489503001, 138.81141667003, 175.0, 209.2400855285, 267.0, 306.733842905, 388.0, 410.632187455, 423.0, 439.88315095, 464.1060995732, 467.79838897139, 486.18724918619, 487.30893809137, 517.0, 549.0, 582.7797797802, 595.0765836332, 621.4861001377]
