Avion: 5      Iteracion: 53

Num Ruta: 50
Ingresos: 114000.0
Costos: 341.039319238
Utilidad Ruta: 113658.960681
Costo Reducido: 4.69265523273
Nodos: [105, 17, 57, 30, 16, 70, 56, 10, 50, 35, 26, 75, 66, 22, 62, 8, 32, 48, 13, 72, 53, 7, 4, 44, 47, 815]
q: [0.0, 5.0, -5.0, 11.0, 4.0, -11.0, -4.0, 12.0, -12.0, 6.0, 9.0, -6.0, -9.0, 10.0, -10.0, 8.0, 6.0, -8.0, 9.0, -6.0, -9.0, 10.0, 5.0, -5.0, -10.0, 0.0]
Q: [0.0, 5.0, 0.0, 11.0, 15.0, 4.0, 0.0, 12.0, 0.0, 6.0, 15.0, 9.0, 0.0, 10.0, 0.0, 8.0, 14.0, 6.0, 15.0, 9.0, 0.0, 10.0, 15.0, 10.0, 0.0, 0.0]
B: [0.0, 24.8000597782, 59.6426135595, 64.0, 72.20259129788, 83.01926305958, 85.89041962097, 101.71969683127, 131.23920756567, 279.0, 300.0, 309.29300538039, 319.11482114938, 332.74900179948, 354.50368793838004, 414.0, 425.4468981388, 447.8266328334, 450.03730897431, 463.87948875211003, 467.95043913255006, 517.0, 529.0, 549.4257496801999, 550.5861237578099, 570.4541030713099]
