Avion: 5      Iteracion: 9

Num Ruta: 12
Ingresos: 153600.0
Costos: 489.279461003
Utilidad Ruta: 153110.720539
Costo Reducido: 171915.863404
Nodos: [105, 17, 57, 30, 70, 14, 54, 3, 43, 18, 58, 26, 66, 19, 32, 59, 13, 72, 53, 5, 45, 38, 20, 78, 27, 67, 60, 33, 73, 815]
q: [0.0, 5.0, -5.0, 11.0, -11.0, 8.0, -8.0, 15.0, -15.0, 11.0, -11.0, 13.0, -13.0, 7.0, 6.0, -7.0, 9.0, -6.0, -9.0, 12.0, -12.0, 6.0, 9.0, -6.0, 6.0, -6.0, -9.0, 10.0, -10.0, 0.0]
Q: [0.0, 5.0, 0.0, 11.0, 0.0, 8.0, 0.0, 15.0, 0.0, 11.0, 0.0, 13.0, 0.0, 7.0, 13.0, 6.0, 15.0, 9.0, 0.0, 12.0, 0.0, 6.0, 15.0, 9.0, 15.0, 9.0, 0.0, 10.0, 0.0, 0.0]
B: [0.0, 24.8000597782, 59.6426135595, 64.0, 82.7140226568, 112.0, 124.021711775, 256.0, 261.08428175852, 293.0, 316.8182362487, 345.81975307109997, 363.39898104049996, 402.0, 422.0, 441.5724706923, 445.80008999872, 459.64226977652004, 463.71322015696006, 490.9775032577601, 492.0991921629401, 513.6808848676401, 515.7619543042501, 550.3882897875501, 561.9240171161501, 578.9548794842501, 595.1126452951501, 605.9344446372501, 629.2379558748501, 646.96005761255]
