Avion: 2      Iteracion: 52

Num Ruta: 43
Ingresos: 52800.0
Costos: 127.454597644
Utilidad Ruta: 52672.5454024
Costo Reducido: 8.34221413031
Nodos: [102, 31, 71, 36, 76, 21, 61, 33, 73, 812]
q: [0, 6.0, -6.0, 15.0, -15.0, 13.0, -13.0, 10.0, -10.0, 0]
Q: [0, 6.0, 0.0, 15.0, 0.0, 13.0, 0.0, 10.0, 0.0, 0]
B: [0.0, 130.0, 143.3056140031, 251.0, 257.94814406874, 477.0, 517.7387906792, 562.0, 585.3035112376, 604.5497183964]
