Avion: 4      Iteracion: 6

Num Ruta: 9
Ingresos: 154800.0
Costos: 574.95333121
Utilidad Ruta: 154225.046669
Costo Reducido: 255861.38018
Nodos: [104, 16, 56, 40, 24, 64, 10, 80, 50, 11, 51, 34, 74, 26, 66, 19, 32, 72, 59, 13, 53, 15, 55, 38, 4, 78, 27, 44, 67, 814]
q: [0.0, 11.0, -11.0, 1.0, 14.0, -14.0, 12.0, -1.0, -12.0, 8.0, -8.0, 12.0, -12.0, 13.0, -13.0, 7.0, 6.0, -6.0, -7.0, 15.0, -15.0, 11.0, -11.0, 8.0, 5.0, -8.0, 6.0, -5.0, -6.0, 0.0]
Q: [0.0, 11.0, 0.0, 1.0, 15.0, 1.0, 13.0, 12.0, 0.0, 8.0, 0.0, 12.0, 0.0, 13.0, 0.0, 7.0, 13.0, 7.0, 0.0, 15.0, 0.0, 11.0, 0.0, 8.0, 13.0, 5.0, 11.0, 6.0, 0.0, 0.0]
B: [0.0, 36.0, 45.624091437640004, 77.27284989674001, 84.42620155872001, 122.93915186122001, 134.72508254152, 151.90577661942, 169.98082021552, 222.61903679812, 226.67310364513, 283.0, 323.947598037, 358.0226741044, 375.6019020738, 406.453776328, 422.0, 449.8573558149, 466.9847322631, 471.21235156952, 488.09550251952004, 511.0, 527.4211666151, 531.5084323270399, 539.84233273441, 568.96203206321, 580.4977593918101, 596.8485719710101, 602.2638305059301, 636.2452136443301]
