Avion: 1      Iteracion: 73

Num Ruta: 57
Ingresos: 50400.0
Costos: 159.023715494
Utilidad Ruta: 50240.9762845
Costo Reducido: 9.10676945812
Nodos: [101, 14, 54, 18, 58, 21, 61, 33, 73, 811]
q: [0, 8.0, -8.0, 11.0, -11.0, 13.0, -13.0, 10.0, -10.0, 0]
Q: [0, 8.0, 0.0, 11.0, 0.0, 13.0, 0.0, 10.0, 0.0, 0]
B: [0.0, 112.0, 124.021711775, 293.0, 316.8182362487, 477.0, 517.7387906792, 562.0, 585.3035112376, 591.22248750043]
