Avion: 2      Iteracion: 0

Num Ruta: 3
Ingresos: 176400.0
Costos: 503.899554027
Utilidad Ruta: 175896.100446
Costo Reducido: -
Nodos: [102, 16, 56, 30, 70, 40, 80, 31, 11, 71, 51, 36, 76, 3, 43, 26, 66, 25, 65, 13, 53, 21, 61, 7, 4, 44, 47, 812]
q: [0, 11.0, -11.0, 11.0, -11.0, 15.0, -15.0, 6.0, 8.0, -6.0, -8.0, 15.0, -15.0, 15.0, -15.0, 13.0, -13.0, 10.0, -10.0, 15.0, -15.0, 13.0, -13.0, 10.0, 5.0, -5.0, -10.0, 0]
Q: [0, 11.0, 0.0, 11.0, 0.0, 15.0, 0.0, 6.0, 14.0, 8.0, 0.0, 15.0, 0.0, 15.0, 0.0, 13.0, 0.0, 10.0, 0.0, 15.0, 0.0, 13.0, 0.0, 10.0, 15.0, 10.0, 0.0, 0]
B: [0.0, 36.0, 45.624091437640004, 64.0, 82.7140226568, 113.5238767298, 146.0933185119, 169.4318075161, 182.61453671, 183.093415609097, 186.787794176597, 251.0, 257.94814406874, 294.92818141324, 300.01246317176, 337.68753453206, 355.26676250146, 410.0, 427.1849823101, 443.186042775, 460.069193725, 477.0, 517.7387906792, 557.2683688328, 567.6317421253, 588.0574918054999, 589.2178658831099, 606.6267202394099]
