Avion: 2      Iteracion: 62

Num Ruta: 48
Ingresos: 45600.0
Costos: 96.087153804
Utilidad Ruta: 45503.9128462
Costo Reducido: 4.06231468896
Nodos: [102, 31, 11, 51, 71, 36, 76, 29, 69, 812]
q: [0, 6.0, 8.0, -8.0, -6.0, 15.0, -15.0, 9.0, -9.0, 0]
Q: [0, 6.0, 14.0, 6.0, 0.0, 15.0, 0.0, 9.0, 0.0, 0]
B: [0.0, 130.0, 169.0, 173.05406684701, 176.74844541451, 251.0, 257.94814406874, 549.0, 582.7797797802, 606.9046599872]
