Avion: 3      Iteracion: 61

Num Ruta: 54
Ingresos: 70800.0
Costos: 202.848902411
Utilidad Ruta: 70597.1510976
Costo Reducido: 4.82638430152
Nodos: [103, 9, 49, 11, 51, 25, 65, 20, 7, 47, 2, 60, 33, 73, 42, 813]
q: [0.0, 11.0, -11.0, 8.0, -8.0, 10.0, -10.0, 6.0, 9.0, -9.0, 9.0, -6.0, 6.0, -6.0, -9.0, 0.0]
Q: [0.0, 11.0, 0.0, 8.0, 0.0, 10.0, 0.0, 6.0, 15.0, 6.0, 15.0, 9.0, 15.0, 9.0, 0.0, 0.0]
B: [0.0, 28.0, 57.5272370025, 169.0, 173.05406684701, 410.0, 427.1849823101, 496.0, 517.0, 545.5413118129, 555.6714802715, 563.0017775369599, 573.8235768790599, 597.1270881166599, 615.6458721480599, 630.0036409162599]
