Avion: 5      Iteracion: 4

Num Ruta: 8
Ingresos: 202800.0
Costos: 624.625065318
Utilidad Ruta: 202175.374935
Costo Reducido: 212140.188902
Nodos: [105, 16, 56, 12, 52, 10, 50, 1, 11, 51, 41, 23, 26, 63, 66, 18, 58, 39, 79, 13, 53, 25, 65, 5, 45, 7, 4, 47, 44, 33, 73, 27, 67, 37, 77, 815]
q: [0.0, 11.0, -11.0, 14.0, -14.0, 12.0, -12.0, 7.0, 8.0, -8.0, -7.0, 10.0, 5.0, -10.0, -5.0, 11.0, -11.0, 8.0, -8.0, 15.0, -15.0, 10.0, -10.0, 12.0, -12.0, 10.0, 5.0, -10.0, -5.0, 10.0, -10.0, 6.0, -6.0, 15.0, -15.0, 0.0]
Q: [0.0, 11.0, 0.0, 14.0, 0.0, 12.0, 0.0, 7.0, 15.0, 7.0, 0.0, 10.0, 15.0, 5.0, 0.0, 11.0, 0.0, 8.0, 0.0, 15.0, 0.0, 10.0, 0.0, 12.0, 0.0, 10.0, 15.0, 5.0, 0.0, 10.0, 0.0, 6.0, 0.0, 15.0, 0.0, 0.0]
B: [0.0, 36.0, 45.624091437640004, 79.57799432084, 122.92591858484, 131.64368894199, 161.16319967639, 199.58254084719002, 218.26336944229, 222.31743628930002, 256.6331656273, 267.0, 301.4413435423, 321.1277163164, 324.19478869898, 347.47345945138, 371.29169570007997, 388.0, 410.632187455, 423.0, 439.88315095, 463.8957169312, 481.0806992413, 504.1429351476, 505.26462405278, 526.98303067018, 537.34640396268, 556.6187649493801, 557.77913902699, 566.35060447929, 589.65411571689, 596.87286907187, 613.90373143997, 620.73969706306, 641.53435053456, 663.16179541366]
