Avion: 7      Iteracion: 31

Num Ruta: 30
Ingresos: 46800.0
Costos: 129.937985033
Utilidad Ruta: 46670.062015
Costo Reducido: 12.5475750369
Nodos: [107, 11, 51, 25, 65, 21, 38, 61, 78, 27, 67, 817]
q: [0.0, 8.0, -8.0, 10.0, -10.0, 13.0, 2.0, -13.0, -2.0, 6.0, -6.0, 0.0]
Q: [0.0, 8.0, 0.0, 10.0, 0.0, 13.0, 15.0, 2.0, 0.0, 6.0, 0.0, 0.0]
B: [0.0, 169.0, 173.05406684701, 410.0, 427.1849823101, 477.0, 483.82291294097, 518.30529332577, 525.37522189684, 538.0, 555.0308623681, 561.7355571411699]
