Avion: 3      Iteracion: 34

Num Ruta: 36
Ingresos: 85200.0
Costos: 275.245270711
Utilidad Ruta: 84924.7547293
Costo Reducido: 31.5446971503
Nodos: [103, 9, 49, 14, 54, 32, 72, 21, 38, 78, 61, 33, 73, 27, 67, 37, 77, 813]
q: [0.0, 11.0, -11.0, 8.0, -8.0, 6.0, -6.0, 13.0, 2.0, -2.0, -13.0, 10.0, -10.0, 6.0, -6.0, 15.0, -15.0, 0.0]
Q: [0.0, 11.0, 0.0, 8.0, 0.0, 6.0, 0.0, 13.0, 15.0, 13.0, 0.0, 10.0, 0.0, 6.0, 0.0, 15.0, 0.0, 0.0]
B: [0.0, 28.0, 57.5272370025, 112.0, 124.021711775, 422.0, 449.8573558149, 477.0, 483.82291294097, 516.69179958167, 523.76172815274, 562.0, 585.3035112376, 592.52226459258, 609.55312696068, 616.38909258377, 637.1837460552699, 658.1855415023699]
