Avion: 5      Iteracion: 30

Num Ruta: 32
Ingresos: 94800.0
Costos: 315.685170107
Utilidad Ruta: 94484.3148299
Costo Reducido: 14.2103249456
Nodos: [105, 36, 76, 34, 74, 39, 79, 13, 53, 20, 60, 33, 73, 29, 69, 815]
q: [0, 15.0, -15.0, 12.0, -12.0, 8.0, -8.0, 15.0, -15.0, 10.0, -10.0, 10.0, -10.0, 9.0, -9.0, 0]
Q: [0, 15.0, 0.0, 12.0, 0.0, 8.0, 0.0, 15.0, 0.0, 10.0, 0.0, 10.0, 0.0, 9.0, 0.0, 0]
B: [0.0, 251.0, 257.94814406874, 283.0, 323.947598037, 388.0, 410.632187455, 423.0, 439.88315095, 496.0, 538.1771424471, 562.0, 585.3035112376, 603.6868304428, 637.466610223, 662.4525438858]
