Avion: 5      Iteracion: 65

Num Ruta: 58
Ingresos: 48000.0
Costos: 154.852359439
Utilidad Ruta: 47845.1476406
Costo Reducido: 4.34846425639
Nodos: [105, 30, 16, 70, 56, 22, 62, 7, 4, 47, 44, 815]
q: [0.0, 11.0, 4.0, -11.0, -4.0, 10.0, -10.0, 10.0, 5.0, -10.0, -5.0, 0.0]
Q: [0.0, 11.0, 15.0, 4.0, 0.0, 10.0, 0.0, 10.0, 15.0, 5.0, 0.0, 0.0]
B: [0.0, 64.0, 72.20259129788, 83.01926305958, 85.89041962097, 299.0, 320.7546861389, 517.0, 529.0, 548.2723609867, 549.43273506431, 570.45988632171]
