Avion: 1      Iteracion: 11

Num Ruta: 14
Ingresos: 103200.0
Costos: 382.719765108
Utilidad Ruta: 102817.280235
Costo Reducido: 654.489314152
Nodos: [101, 17, 30, 57, 16, 56, 70, 24, 64, 31, 11, 51, 71, 1, 41, 18, 58, 22, 62, 25, 65, 811]
q: [0.0, 5.0, 4.0, -5.0, 11.0, -11.0, -4.0, 14.0, -14.0, 6.0, 8.0, -8.0, -6.0, 7.0, -7.0, 11.0, -11.0, 10.0, -10.0, 10.0, -10.0, 0.0]
Q: [0.0, 5.0, 9.0, 4.0, 15.0, 4.0, 0.0, 14.0, 0.0, 6.0, 14.0, 6.0, 0.0, 7.0, 0.0, 11.0, 0.0, 10.0, 0.0, 10.0, 0.0, 0.0]
B: [0.0, 36.0038629316, 69.6175745386, 72.76202902229, 78.09366835742999, 87.71775979507, 90.58891635645999, 115.32288724675999, 153.83583754926, 165.12019530676, 178.30292450066, 182.35699134767, 186.05136991517, 205.04106401487, 239.28114954337, 293.0, 316.8182362487, 332.3010836612, 354.0557698001, 410.0, 427.1849823101, 444.8444227599]
