Avion: 1      Iteracion: 14

Num Ruta: 17
Ingresos: 102000.0
Costos: 359.64384707
Utilidad Ruta: 101640.356153
Costo Reducido: 494.772943218
Nodos: [101, 40, 80, 14, 54, 1, 41, 23, 63, 13, 53, 15, 55, 29, 69, 33, 73, 811]
q: [0, 15.0, -15.0, 8.0, -8.0, 7.0, -7.0, 10.0, -10.0, 15.0, -15.0, 11.0, -11.0, 9.0, -9.0, 10.0, -10.0, 0]
Q: [0, 15.0, 0.0, 8.0, 0.0, 7.0, 0.0, 10.0, 0.0, 15.0, 0.0, 11.0, 0.0, 9.0, 0.0, 10.0, 0.0, 0]
B: [0.0, 62.0, 94.5694417821, 123.1478437143, 135.1695554893, 175.0, 209.2400855285, 267.0, 306.733842905, 423.0, 439.88315095, 511.0, 527.4211666151, 549.0, 582.7797797802, 591.6312714624, 614.9347827, 620.85375896283]
