Avion: 7      Iteracion: 60

Num Ruta: 49
Ingresos: 69600.0
Costos: 269.54026454
Utilidad Ruta: 69330.4597355
Costo Reducido: 8.69853626745
Nodos: [107, 12, 52, 22, 62, 32, 19, 59, 72, 21, 38, 61, 78, 27, 67, 817]
q: [0.0, 14.0, -14.0, 10.0, -10.0, 6.0, 7.0, -7.0, -6.0, 7.0, 8.0, -7.0, -8.0, 6.0, -6.0, 0.0]
Q: [0.0, 14.0, 0.0, 10.0, 0.0, 6.0, 13.0, 6.0, 0.0, 7.0, 15.0, 8.0, 0.0, 6.0, 0.0, 0.0]
B: [0.0, 54.0, 97.347924264, 299.0, 320.7546861389, 422.0, 433.71491463899997, 460.34203093049996, 477.46940737869994, 495.8813389720999, 502.7042519130699, 537.1866322978699, 544.2565608689399, 555.79228819754, 572.8231505656399, 579.5278453387099]
