Avion: 6      Iteracion: 22

Num Ruta: 26
Ingresos: 144000.0
Costos: 415.856679645
Utilidad Ruta: 143584.14332
Costo Reducido: 200.212920566
Nodos: [106, 16, 56, 9, 49, 14, 54, 3, 43, 23, 63, 22, 62, 8, 32, 48, 6, 46, 72, 15, 55, 20, 4, 44, 60, 33, 73, 816]
q: [0, 11.0, -11.0, 11.0, -11.0, 8.0, -8.0, 15.0, -15.0, 10.0, -10.0, 10.0, -10.0, 8.0, 6.0, -8.0, 5.0, -5.0, -6.0, 11.0, -11.0, 10.0, 5.0, -5.0, -10.0, 10.0, -10.0, 0]
Q: [0, 11.0, 0.0, 11.0, 0.0, 8.0, 0.0, 15.0, 0.0, 10.0, 0.0, 10.0, 0.0, 8.0, 14.0, 6.0, 11.0, 6.0, 0.0, 11.0, 0.0, 10.0, 15.0, 10.0, 0.0, 10.0, 0.0, 0]
B: [0.0, 36.0, 45.624091437640004, 75.68094759394, 105.20818459644, 115.46499131194001, 127.48670308694001, 256.0, 261.08428175852, 267.0, 306.733842905, 322.49026689650003, 344.24495303540004, 414.0, 425.4468981388, 447.8266328334, 457.01730446283, 460.70959386102, 483.36696550912, 511.0, 527.4211666151, 533.55501866744, 543.83416970244, 564.25991938264, 576.12114263324, 586.94294197534, 610.24645321294, 624.0874104414399]
