Avion: 6      Iteracion: 24

Num Ruta: 28
Ingresos: 74400.0
Costos: 243.494511228
Utilidad Ruta: 74156.5054888
Costo Reducido: 146.241320016
Nodos: [106, 30, 70, 35, 75, 13, 53, 20, 4, 60, 44, 37, 77, 816]
q: [0, 11.0, -11.0, 6.0, -6.0, 15.0, -15.0, 10.0, 5.0, -10.0, -5.0, 15.0, -15.0, 0]
Q: [0, 11.0, 0.0, 6.0, 0.0, 15.0, 0.0, 10.0, 15.0, 5.0, 0.0, 15.0, 0.0, 0]
B: [0.0, 64.0, 82.7140226568, 279.0, 298.9128833924, 423.0, 439.88315095, 496.0, 529.0, 561.0963231072, 572.9575463578, 580.02191844596, 600.8165719174599, 642.6366348179599]
