Avion: 1      Iteracion: 64

Num Ruta: 53
Ingresos: 34800.0
Costos: 149.22602139
Utilidad Ruta: 34650.7739786
Costo Reducido: 6.042236497
Nodos: [101, 12, 52, 1, 41, 8, 48, 811]
q: [0, 14.0, -14.0, 7.0, -7.0, 8.0, -8.0, 0]
Q: [0, 14.0, 0.0, 7.0, 0.0, 8.0, 0.0, 0]
B: [0.0, 54.0, 97.347924264, 175.0, 209.2400855285, 414.0, 434.768396616, 448.69447991320004]
