Avion: 5      Iteracion: 37

Num Ruta: 39
Ingresos: 108000.0
Costos: 328.920399189
Utilidad Ruta: 107671.079601
Costo Reducido: 25.39367109
Nodos: [105, 16, 56, 12, 52, 10, 50, 35, 26, 75, 66, 13, 28, 53, 68, 15, 21, 55, 38, 78, 61, 815]
q: [0.0, 11.0, -11.0, 14.0, -14.0, 12.0, -12.0, 6.0, 9.0, -6.0, -9.0, 7.0, 8.0, -7.0, -8.0, 8.0, 7.0, -8.0, 8.0, -8.0, -7.0, 0.0]
Q: [0.0, 11.0, 0.0, 14.0, 0.0, 12.0, 0.0, 6.0, 15.0, 9.0, 0.0, 7.0, 15.0, 8.0, 0.0, 8.0, 15.0, 7.0, 15.0, 7.0, 0.0, 0.0]
B: [0.0, 36.0, 45.624091437640004, 79.57799432084, 122.92591858484, 131.64368894199, 161.16319967639, 279.0, 300.0, 309.29300538039, 319.11482114938, 423.0, 436.7962173439, 450.1536367429, 473.1920667675, 511.0, 516.67223351071, 527.47150163401, 531.55876734595, 564.42765398665, 571.49758255772, 602.8358744224199]
