Avion: 5      Iteracion: 68

Num Ruta: 61
Ingresos: 80400.0
Costos: 261.940553663
Utilidad Ruta: 80138.0594463
Costo Reducido: 12.7935434558
Nodos: [105, 16, 56, 9, 49, 19, 8, 59, 48, 7, 20, 47, 60, 37, 77, 815]
q: [0.0, 11.0, -11.0, 11.0, -11.0, 7.0, 8.0, -7.0, -8.0, 5.0, 10.0, -5.0, -10.0, 15.0, -15.0, 0.0]
Q: [0.0, 11.0, 0.0, 11.0, 0.0, 7.0, 15.0, 8.0, 0.0, 5.0, 15.0, 10.0, 0.0, 15.0, 0.0, 0.0]
B: [0.0, 36.0, 45.624091437640004, 75.68094759394, 105.20818459644, 402.0, 425.1608815463, 443.1178409771, 446.04596016866, 517.0, 525.74295442056, 554.98896180616, 567.9526463518599, 579.5301643069599, 600.3248177784599, 621.9522626575599]
