Avion: 5      Iteracion: 73

Num Ruta: 65
Ingresos: 44400.0
Costos: 130.724146323
Utilidad Ruta: 44269.2758537
Costo Reducido: 7.05644593776
Nodos: [105, 10, 50, 35, 26, 75, 66, 22, 62, 815]
q: [0.0, 12.0, -12.0, 6.0, 9.0, -6.0, -9.0, 10.0, -10.0, 0.0]
Q: [0.0, 12.0, 0.0, 6.0, 15.0, 9.0, 0.0, 10.0, 0.0, 0.0]
B: [0.0, 96.0, 125.5195107344, 279.0, 300.0, 309.29300538039, 319.11482114938, 332.74900179948, 354.50368793838004, 371.78448572088]
