Avion: 2      Iteracion: 35

Num Ruta: 31
Ingresos: 28800.0
Costos: 82.4396733238
Utilidad Ruta: 28717.5603267
Costo Reducido: 8.01206370906
Nodos: [102, 36, 76, 29, 69, 812]
q: [0, 15.0, -15.0, 9.0, -9.0, 0]
Q: [0, 15.0, 0.0, 9.0, 0.0, 0]
B: [0.0, 251.0, 257.94814406874, 549.0, 582.7797797802, 606.9046599872]
