Avion: 2      Iteracion: 53

Num Ruta: 44
Ingresos: 24000.0
Costos: 86.5107478885
Utilidad Ruta: 23913.4892521
Costo Reducido: 6.59205716968
Nodos: [102, 22, 62, 7, 47, 812]
q: [0, 10.0, -10.0, 10.0, -10.0, 0]
Q: [0, 10.0, 0.0, 10.0, 0.0, 0]
B: [0.0, 299.0, 320.7546861389, 517.0, 545.5413118129, 562.9501661692]
