Avion: 5      Iteracion: 28

Num Ruta: 30
Ingresos: 68400.0
Costos: 202.492045289
Utilidad Ruta: 68197.5079547
Costo Reducido: 79.4167144216
Nodos: [105, 26, 66, 28, 68, 25, 21, 65, 15, 55, 38, 4, 78, 61, 44, 815]
q: [0.0, 13.0, -13.0, 8.0, -8.0, 10.0, 4.0, -10.0, 11.0, -11.0, 8.0, 3.0, -8.0, -4.0, -3.0, 0.0]
Q: [0.0, 13.0, 0.0, 8.0, 0.0, 10.0, 14.0, 4.0, 15.0, 4.0, 12.0, 15.0, 7.0, 3.0, 0.0, 0.0]
B: [0.0, 300.0, 317.5792279694, 378.0, 414.0266187839, 417.35999740026, 477.0, 485.168713485, 511.0, 527.4211666151, 531.5084323270399, 539.84233273441, 568.96203206321, 576.03196063428, 592.83490504888, 613.86205630628]
