Avion: 2      Iteracion: 63

Num Ruta: 49
Ingresos: 79200.0
Costos: 161.0834469
Utilidad Ruta: 79038.9165531
Costo Reducido: 16.3682896456
Nodos: [102, 31, 11, 51, 71, 36, 76, 34, 74, 39, 79, 6, 46, 5, 45, 812]
q: [0, 6.0, 8.0, -8.0, -6.0, 15.0, -15.0, 12.0, -12.0, 8.0, -8.0, 5.0, -5.0, 12.0, -12.0, 0]
Q: [0, 6.0, 14.0, 6.0, 0.0, 15.0, 0.0, 12.0, 0.0, 8.0, 0.0, 5.0, 0.0, 12.0, 0.0, 0]
B: [0.0, 130.0, 169.0, 173.05406684701, 176.74844541451, 251.0, 257.94814406874, 283.0, 323.947598037, 388.0, 410.632187455, 436.0, 439.69228939819, 469.0, 470.12168890518, 480.52640879568]
