Avion: 4      Iteracion: 9

Num Ruta: 11
Ingresos: 138000.0
Costos: 465.641371451
Utilidad Ruta: 137534.358629
Costo Reducido: 149422.421704
Nodos: [104, 17, 57, 30, 70, 14, 54, 3, 43, 18, 58, 26, 66, 19, 32, 59, 13, 72, 53, 21, 38, 78, 61, 27, 4, 7, 67, 47, 44, 814]
q: [0.0, 5.0, -5.0, 11.0, -11.0, 8.0, -8.0, 15.0, -15.0, 11.0, -11.0, 13.0, -13.0, 7.0, 6.0, -7.0, 9.0, -6.0, -9.0, 13.0, 2.0, -2.0, -13.0, 6.0, 5.0, 4.0, -6.0, -4.0, -5.0, 0.0]
Q: [0.0, 5.0, 0.0, 11.0, 0.0, 8.0, 0.0, 15.0, 0.0, 11.0, 0.0, 13.0, 0.0, 7.0, 13.0, 6.0, 15.0, 9.0, 0.0, 13.0, 15.0, 13.0, 0.0, 6.0, 11.0, 15.0, 9.0, 5.0, 0.0, 0.0]
B: [0.0, 24.0, 58.8425537813, 64.0, 82.7140226568, 112.0, 124.021711775, 256.0, 261.08428175852, 293.0, 316.8182362487, 345.81975307109997, 363.39898104049996, 402.0, 422.0, 441.5724706923, 445.80008999872, 459.64226977652004, 463.71322015696006, 479.22461654796007, 486.0475294889301, 518.9164161296301, 525.9863447007001, 539.1637928983001, 556.7785674356002, 567.1419407281002, 591.8664556273002, 596.2663761947601, 597.4267502723701, 635.9857511022701]
