Avion: 7      Iteracion: 0

Num Ruta: 2
Ingresos: 212400.0
Costos: 613.249636218
Utilidad Ruta: 211786.750364
Costo Reducido: -
Nodos: [107, 16, 56, 40, 80, 14, 54, 31, 11, 51, 71, 1, 41, 3, 43, 36, 76, 26, 66, 39, 79, 13, 53, 25, 65, 5, 45, 21, 61, 27, 67, 37, 77, 817]
q: [0, 11.0, -11.0, 15.0, -15.0, 8.0, -8.0, 6.0, 8.0, -8.0, -6.0, 7.0, -7.0, 15.0, -15.0, 15.0, -15.0, 13.0, -13.0, 8.0, -8.0, 15.0, -15.0, 10.0, -10.0, 12.0, -12.0, 13.0, -13.0, 6.0, -6.0, 15.0, -15.0, 0]
Q: [0, 11.0, 0.0, 15.0, 0.0, 8.0, 0.0, 6.0, 14.0, 6.0, 0.0, 7.0, 0.0, 15.0, 0.0, 15.0, 0.0, 13.0, 0.0, 8.0, 0.0, 15.0, 0.0, 10.0, 0.0, 12.0, 0.0, 13.0, 0.0, 6.0, 0.0, 15.0, 0.0, 0]
B: [0.0, 36.0, 45.624091437640004, 77.27284989674001, 109.84229167884001, 138.42069361104, 150.44240538604, 177.65447259894, 190.83720179284, 194.89126863985, 198.58564720735, 217.57534130705, 251.81542683555, 258.91197874475, 263.99626050327, 298.91572580557, 305.86386987431, 346.16625433231, 363.74548230171, 388.0, 410.632187455, 423.0, 439.88315095, 463.8957169312, 481.0806992413, 504.1429351476, 505.26462405278, 533.50421443578, 574.24300511498, 587.42045331258, 604.45131568068, 611.28728130377, 632.0819347752699, 647.6563231420699]
