Avion: 6      Iteracion: 50

Num Ruta: 52
Ingresos: 26400.0
Costos: 103.817134405
Utilidad Ruta: 26296.1828656
Costo Reducido: 1.73674486644
Nodos: [106, 9, 49, 15, 55, 816]
q: [0, 11.0, -11.0, 11.0, -11.0, 0]
Q: [0, 11.0, 0.0, 11.0, 0.0, 0]
B: [0.0, 35.5829922575, 65.11022926000001, 511.0, 527.4211666151, 539.6288314205]
