Avion: 6      Iteracion: 39

Num Ruta: 42
Ingresos: 85200.0
Costos: 274.785430475
Utilidad Ruta: 84925.2145695
Costo Reducido: 22.6316808576
Nodos: [106, 9, 49, 14, 54, 19, 25, 65, 59, 5, 45, 4, 20, 44, 60, 33, 73, 816]
q: [0.0, 11.0, -11.0, 8.0, -8.0, 7.0, 8.0, -8.0, -7.0, 12.0, -12.0, 5.0, 10.0, -5.0, -10.0, 10.0, -10.0, 0.0]
Q: [0.0, 11.0, 0.0, 8.0, 0.0, 7.0, 15.0, 7.0, 0.0, 12.0, 0.0, 5.0, 15.0, 10.0, 0.0, 10.0, 0.0, 0.0]
B: [0.0, 35.5829922575, 65.11022926000001, 112.0, 124.021711775, 402.0, 411.3920072402, 428.57698955029997, 445.3638459862, 469.0, 470.12168890518, 529.0, 539.279151035, 569.6591407651, 581.5203640157, 592.3421633578, 615.6456745954, 629.4866318239]
