Avion: 1      Iteracion: 32

Num Ruta: 32
Ingresos: 87600.0
Costos: 305.698629132
Utilidad Ruta: 87294.3013709
Costo Reducido: 64.460261971
Nodos: [101, 9, 49, 12, 52, 1, 41, 3, 43, 18, 58, 29, 7, 47, 69, 811]
q: [0.0, 11.0, -11.0, 14.0, -14.0, 7.0, -7.0, 15.0, -15.0, 11.0, -11.0, 9.0, 6.0, -6.0, -9.0, 0.0]
Q: [0.0, 11.0, 0.0, 14.0, 0.0, 7.0, 0.0, 15.0, 0.0, 11.0, 0.0, 9.0, 15.0, 9.0, 0.0, 0.0]
B: [0.0, 28.0, 57.5272370025, 68.3142737596, 111.6621980236, 175.0, 209.2400855285, 256.0, 261.08428175852, 293.0, 316.8182362487, 549.0, 570.2768523283, 598.8181641412, 611.1149679942, 627.1331428278]
