Avion: 3      Iteracion: 21

Num Ruta: 23
Ingresos: 94800.0
Costos: 307.54472473
Utilidad Ruta: 94492.4552753
Costo Reducido: 159.257726035
Nodos: [103, 12, 52, 10, 50, 36, 76, 34, 74, 6, 46, 27, 67, 37, 77, 813]
q: [0, 14.0, -14.0, 12.0, -12.0, 15.0, -15.0, 12.0, -12.0, 5.0, -5.0, 6.0, -6.0, 15.0, -15.0, 0]
Q: [0, 14.0, 0.0, 12.0, 0.0, 15.0, 0.0, 12.0, 0.0, 5.0, 0.0, 6.0, 0.0, 15.0, 0.0, 0]
B: [0.0, 54.0, 97.347924264, 106.06569462115, 135.58520535555, 251.0, 257.94814406874, 283.0, 323.947598037, 436.0, 439.69228939819, 538.0, 555.0308623681, 562.0, 582.7946534714999, 603.7964489185999]
