Avion: 3      Iteracion: 39

Num Ruta: 40
Ingresos: 63600.0
Costos: 149.629170721
Utilidad Ruta: 63450.3708293
Costo Reducido: 6.99621166223
Nodos: [103, 14, 54, 3, 43, 23, 63, 6, 46, 37, 77, 813]
q: [0, 8.0, -8.0, 15.0, -15.0, 10.0, -10.0, 5.0, -5.0, 15.0, -15.0, 0]
Q: [0, 8.0, 0.0, 15.0, 0.0, 10.0, 0.0, 5.0, 0.0, 15.0, 0.0, 0]
B: [0.0, 112.0, 124.021711775, 256.0, 261.08428175852, 267.0, 306.733842905, 436.0, 439.69228939819, 562.0, 582.7946534714999, 603.7964489185999]
