Avion: 3      Iteracion: 67

Num Ruta: 56
Ingresos: 74400.0
Costos: 217.215444864
Utilidad Ruta: 74182.7845551
Costo Reducido: 17.822082152
Nodos: [103, 9, 49, 12, 52, 10, 50, 35, 26, 75, 66, 22, 62, 813]
q: [0.0, 11.0, -11.0, 14.0, -14.0, 12.0, -12.0, 6.0, 9.0, -6.0, -9.0, 10.0, -10.0, 0.0]
Q: [0.0, 11.0, 0.0, 14.0, 0.0, 12.0, 0.0, 6.0, 15.0, 9.0, 0.0, 10.0, 0.0, 0.0]
B: [0.0, 28.0, 57.5272370025, 68.3142737596, 111.6621980236, 120.37996838075, 149.89947911515, 279.0, 300.0, 309.29300538039, 319.11482114938, 332.74900179948, 354.50368793838004, 367.74710939958004]
