Avion: 2      Iteracion: 50

Num Ruta: 41
Ingresos: 48000.0
Costos: 100.578664855
Utilidad Ruta: 47899.4213351
Costo Reducido: 24.2027692835
Nodos: [102, 31, 11, 71, 51, 15, 55, 7, 4, 44, 47, 812]
q: [0, 6.0, 8.0, -6.0, -8.0, 11.0, -11.0, 10.0, 5.0, -5.0, -10.0, 0]
Q: [0, 6.0, 14.0, 8.0, 0.0, 11.0, 0.0, 10.0, 15.0, 10.0, 0.0, 0]
B: [0.0, 130.0, 169.0, 169.478878899097, 173.173257466597, 511.0, 527.4211666151, 538.3259061809999, 548.6892794734999, 569.1150291536999, 570.2754032313098, 587.6842575876099]
