Avion: 1      Iteracion: 21

Num Ruta: 23
Ingresos: 16800.0
Costos: 70.4876405298
Utilidad Ruta: 16729.5123595
Costo Reducido: 64.9870682526
Nodos: [101, 12, 52, 811]
q: [0, 14.0, -14.0, 0]
Q: [0, 14.0, 0.0, 0]
B: [0.0, 54.0, 97.347924264, 110.4829781276]
