Avion: 7      Iteracion: 45

Num Ruta: 42
Ingresos: 124800.0
Costos: 324.8397428
Utilidad Ruta: 124475.160257
Costo Reducido: 7.01784812332
Nodos: [107, 30, 16, 56, 70, 14, 54, 3, 43, 23, 18, 58, 63, 6, 46, 5, 45, 7, 4, 47, 44, 33, 73, 29, 69, 817]
q: [0.0, 11.0, 4.0, -4.0, -11.0, 8.0, -8.0, 15.0, -15.0, 10.0, 5.0, -5.0, -10.0, 5.0, -5.0, 12.0, -12.0, 10.0, 5.0, -10.0, -5.0, 10.0, -10.0, 9.0, -9.0, 0.0]
Q: [0.0, 11.0, 15.0, 11.0, 0.0, 8.0, 0.0, 15.0, 0.0, 10.0, 15.0, 10.0, 0.0, 5.0, 0.0, 12.0, 0.0, 10.0, 15.0, 5.0, 0.0, 10.0, 0.0, 9.0, 0.0, 0.0]
B: [0.0, 64.0, 72.20259129788, 81.82668273552001, 84.69783929691, 112.49377995381, 124.51549172881, 256.0, 261.08428175852, 267.0, 293.0, 316.8182362487, 326.74376782137, 436.0, 439.69228939819, 469.0, 470.12168890518, 517.0, 529.0, 548.2723609867, 549.43273506431, 562.0, 585.3035112376, 603.6868304428, 637.466610223, 659.0401451675]
