Avion: 2      Iteracion: 19

Num Ruta: 19
Ingresos: 91200.0
Costos: 348.163263167
Utilidad Ruta: 90851.8367368
Costo Reducido: 215.875478868
Nodos: [102, 16, 56, 10, 50, 35, 75, 34, 74, 39, 19, 59, 79, 6, 46, 27, 33, 73, 67, 812]
q: [0.0, 11.0, -11.0, 12.0, -12.0, 6.0, -6.0, 12.0, -12.0, 8.0, 7.0, -7.0, -8.0, 5.0, -5.0, 6.0, 9.0, -9.0, -6.0, 0.0]
Q: [0.0, 11.0, 0.0, 12.0, 0.0, 6.0, 0.0, 12.0, 0.0, 8.0, 15.0, 8.0, 0.0, 5.0, 0.0, 6.0, 15.0, 6.0, 0.0, 0.0]
B: [0.0, 36.0, 45.624091437640004, 96.0, 125.5195107344, 279.0, 298.9128833924, 340.34711220139997, 381.29471023839994, 390.63136199370996, 426.02210194081, 452.64921823231, 458.96442028766995, 465.65266445186995, 469.34495385005994, 538.0, 562.0, 585.3035112376, 605.8703035252, 619.2867097877]
