Avion: 3      Iteracion: 24

Num Ruta: 26
Ingresos: 96000.0
Costos: 261.594079609
Utilidad Ruta: 95738.4059204
Costo Reducido: 153.369764561
Nodos: [103, 3, 43, 23, 35, 63, 75, 13, 53, 25, 65, 20, 60, 37, 77, 813]
q: [0.0, 15.0, -15.0, 9.0, 6.0, -9.0, -6.0, 15.0, -15.0, 10.0, -10.0, 10.0, -10.0, 15.0, -15.0, 0.0]
Q: [0.0, 15.0, 0.0, 9.0, 15.0, 6.0, 0.0, 15.0, 0.0, 10.0, 0.0, 10.0, 0.0, 15.0, 0.0, 0.0]
B: [0.0, 256.0, 261.08428175852, 267.0, 307.4405515417, 336.9605871955, 349.5791326743, 423.0, 439.88315095, 463.8957169312, 481.0806992413, 496.0, 538.1771424471, 562.0, 582.7946534714999, 603.7964489185999]
