Avion: 7      Iteracion: 1

Num Ruta: 4
Ingresos: 84000.0
Costos: 349.869372371
Utilidad Ruta: 83650.1306276
Costo Reducido: 234533.737204
Nodos: [107, 12, 52, 31, 71, 14, 54, 35, 75, 18, 58, 33, 73, 37, 77, 817]
q: [0, 14.0, -14.0, 6.0, -6.0, 8.0, -8.0, 6.0, -6.0, 11.0, -11.0, 10.0, -10.0, 15.0, -15.0, 0]
Q: [0, 14.0, 0.0, 6.0, 0.0, 8.0, 0.0, 6.0, 0.0, 11.0, 0.0, 10.0, 0.0, 15.0, 0.0, 0]
B: [0.0, 54.0, 97.347924264, 130.0, 143.3056140031, 160.3516205736, 172.3733323486, 279.0, 298.9128833924, 321.80373678409995, 345.62197303279993, 562.0, 585.3035112376, 612.462098259, 633.2567517304999, 648.8311400972999]
