Avion: 5      Iteracion: 25

Num Ruta: 27
Ingresos: 54000.0
Costos: 190.65232486
Utilidad Ruta: 53809.3476751
Costo Reducido: 43.6724703946
Nodos: [105, 26, 66, 22, 62, 32, 19, 59, 72, 29, 69, 815]
q: [0, 13.0, -13.0, 10.0, -10.0, 6.0, 7.0, -7.0, -6.0, 9.0, -9.0, 0]
Q: [0, 13.0, 0.0, 10.0, 0.0, 6.0, 13.0, 6.0, 0.0, 9.0, 0.0, 0]
B: [0.0, 300.0, 317.5792279694, 331.2134086195, 352.9680947584, 422.0, 433.71491463899997, 460.34203093049996, 477.46940737869994, 549.0, 582.7797797802, 607.765713443]
