Avion: 7      Iteracion: 71

Num Ruta: 52
Ingresos: 32400.0
Costos: 74.9949795329
Utilidad Ruta: 32325.0050205
Costo Reducido: 1.09205720515
Nodos: [107, 40, 80, 5, 45, 817]
q: [0, 15.0, -15.0, 12.0, -12.0, 0]
Q: [0, 15.0, 0.0, 12.0, 0.0, 0]
B: [0.0, 62.0, 94.5694417821, 469.0, 470.12168890518, 474.86120417575]
