Avion: 6      Iteracion: 35

Num Ruta: 38
Ingresos: 58800.0
Costos: 210.124916428
Utilidad Ruta: 58589.8750836
Costo Reducido: 31.0093672917
Nodos: [106, 16, 56, 24, 64, 28, 68, 25, 65, 32, 72, 816]
q: [0, 11.0, -11.0, 14.0, -14.0, 8.0, -8.0, 10.0, -10.0, 6.0, -6.0, 0]
Q: [0, 11.0, 0.0, 14.0, 0.0, 8.0, 0.0, 10.0, 0.0, 6.0, 0.0, 0]
B: [0.0, 36.0, 45.624091437640004, 70.85029051714, 109.36324081964, 378.0, 414.0266187839, 417.35999740026, 434.54497971036, 453.08990915216, 480.94726496706, 488.98414128812]
