Avion: 3      Iteracion: 17

Num Ruta: 19
Ingresos: 134400.0
Costos: 419.170277283
Utilidad Ruta: 133980.829723
Costo Reducido: 247.204221881
Nodos: [103, 16, 56, 9, 49, 36, 76, 18, 58, 22, 62, 19, 32, 59, 13, 53, 72, 6, 46, 5, 45, 7, 29, 69, 47, 813]
q: [0.0, 11.0, -11.0, 11.0, -11.0, 15.0, -15.0, 11.0, -11.0, 10.0, -10.0, 7.0, 6.0, -7.0, 9.0, -9.0, -6.0, 5.0, -5.0, 12.0, -12.0, 6.0, 9.0, -9.0, -6.0, 0.0]
Q: [0.0, 11.0, 0.0, 11.0, 0.0, 15.0, 0.0, 11.0, 0.0, 10.0, 0.0, 7.0, 13.0, 6.0, 15.0, 6.0, 0.0, 5.0, 0.0, 12.0, 0.0, 6.0, 15.0, 6.0, 0.0, 0.0]
B: [0.0, 36.0, 45.624091437640004, 75.68094759394, 105.20818459644, 251.0, 257.94814406874, 293.0, 316.8182362487, 332.3010836612, 354.0557698001, 402.0, 422.0, 441.5724706923, 445.80008999872, 462.68324094872, 466.75419132916005, 487.14616310726007, 490.83845250545005, 509.22731272025004, 510.34900162543005, 532.0674082428301, 553.3442605711301, 587.1240403513301, 599.4208442043301, 625.8303607088301]
