Avion: 2      Iteracion: 68

Num Ruta: 50
Ingresos: 81600.0
Costos: 221.436456861
Utilidad Ruta: 81378.5635431
Costo Reducido: 5.34915967303
Nodos: [102, 30, 16, 56, 70, 40, 80, 26, 66, 22, 62, 7, 4, 44, 47, 812]
q: [0.0, 11.0, 4.0, -4.0, -11.0, 15.0, -15.0, 13.0, -13.0, 10.0, -10.0, 10.0, 5.0, -5.0, -10.0, 0.0]
Q: [0.0, 11.0, 15.0, 11.0, 0.0, 15.0, 0.0, 13.0, 0.0, 10.0, 0.0, 10.0, 15.0, 10.0, 0.0, 0.0]
B: [0.0, 64.0, 72.20259129788, 81.82668273552001, 84.69783929691, 115.50769336991, 148.07713515201, 300.0, 317.5792279694, 331.2134086195, 352.9680947584, 517.0, 529.0, 549.4257496801999, 550.5861237578099, 567.9949781141099]
