Avion: 7      Iteracion: 25

Num Ruta: 24
Ingresos: 127200.0
Costos: 361.576305846
Utilidad Ruta: 126838.423694
Costo Reducido: 103.962571247
Nodos: [107, 30, 16, 56, 70, 24, 64, 1, 41, 3, 43, 23, 22, 62, 18, 63, 58, 29, 4, 27, 69, 44, 67, 37, 77, 817]
q: [0.0, 4.0, 11.0, -11.0, -4.0, 14.0, -14.0, 7.0, -7.0, 15.0, -15.0, 5.0, 10.0, -10.0, 10.0, -5.0, -10.0, 9.0, 5.0, 1.0, -9.0, -5.0, -1.0, 15.0, -15.0, 0.0]
Q: [0.0, 4.0, 15.0, 4.0, 0.0, 14.0, 0.0, 7.0, 0.0, 15.0, 0.0, 5.0, 15.0, 5.0, 15.0, 10.0, 0.0, 9.0, 14.0, 15.0, 6.0, 1.0, 0.0, 15.0, 0.0, 0.0]
B: [0.0, 64.0, 72.20259129788, 81.82668273552001, 84.69783929691, 109.43181018721, 147.94476048971, 175.0, 209.2400855285, 256.0, 261.08428175852, 267.0, 299.0, 320.7546861389, 334.15512273630003, 359.594434146, 369.51996571867005, 549.0, 569.7100026316, 587.3247771689, 595.54120516408, 607.76027620078, 613.1755347357, 620.01150035879, 640.80615383029, 656.38054219709]
