Avion: 3      Iteracion: 3

Num Ruta: 5
Ingresos: 103200.0
Costos: 377.774275015
Utilidad Ruta: 102822.225725
Costo Reducido: 184378.436937
Nodos: [103, 9, 49, 3, 43, 23, 63, 35, 75, 32, 8, 48, 72, 15, 55, 7, 47, 2, 42, 813]
q: [0, 11.0, -11.0, 15.0, -15.0, 10.0, -10.0, 6.0, -6.0, 6.0, 8.0, -8.0, -6.0, 11.0, -11.0, 10.0, -10.0, 9.0, -9.0, 0]
Q: [0, 11.0, 0.0, 15.0, 0.0, 10.0, 0.0, 6.0, 0.0, 6.0, 14.0, 6.0, 0.0, 11.0, 0.0, 10.0, 0.0, 9.0, 0.0, 0]
B: [0.0, 28.0, 57.5272370025, 256.0, 261.08428175852, 267.0, 306.733842905, 336.2538785588, 356.1667619512, 422.0, 433.4468981388, 454.2152947548, 470.2643934834, 511.0, 527.4211666151, 538.3259061809999, 566.8672179938999, 576.9973864524999, 617.7323484998999, 632.0901172680999]
