Avion: 6      Iteracion: 30

Num Ruta: 33
Ingresos: 79200.0
Costos: 245.632861392
Utilidad Ruta: 78954.3671386
Costo Reducido: 67.7803104337
Nodos: [106, 9, 49, 19, 32, 8, 59, 48, 13, 72, 53, 20, 4, 60, 44, 33, 73, 816]
q: [0.0, 11.0, -11.0, 7.0, 0.0, 8.0, -7.0, -8.0, 15.0, 0.0, -15.0, 10.0, 5.0, -10.0, -5.0, 10.0, -10.0, 0.0]
Q: [0.0, 11.0, 0.0, 7.0, 7.0, 15.0, 8.0, 0.0, 15.0, 15.0, 0.0, 10.0, 15.0, 5.0, 0.0, 10.0, 0.0, 0.0]
B: [0.0, 35.5829922575, 65.11022926000001, 402.0, 422.0, 433.4468981388, 451.4038575696, 454.33197676116, 456.54265290206996, 470.38483267987, 474.45578306031, 496.0, 529.0, 561.0963231072, 572.9575463578, 581.5290118101, 604.8325230477, 618.6734802761999]
