Avion: 3      Iteracion: 5

Num Ruta: 7
Ingresos: 151200.0
Costos: 568.811922842
Utilidad Ruta: 150631.188077
Costo Reducido: 150260.776029
Nodos: [103, 9, 49, 40, 80, 10, 50, 11, 51, 23, 18, 26, 66, 63, 58, 25, 65, 19, 8, 59, 48, 5, 45, 7, 4, 47, 44, 2, 33, 73, 42, 813]
q: [0.0, 11.0, -11.0, 15.0, -15.0, 12.0, -12.0, 8.0, -8.0, 0.0, 0.0, 13.0, -13.0, 0.0, 0.0, 10.0, -10.0, 7.0, 8.0, -7.0, -8.0, 12.0, -12.0, 10.0, 5.0, -10.0, -5.0, 5.0, 10.0, -10.0, -5.0, 0.0]
Q: [0.0, 11.0, 0.0, 15.0, 0.0, 12.0, 0.0, 8.0, 0.0, 0.0, 0.0, 13.0, 0.0, 0.0, 0.0, 10.0, 0.0, 7.0, 15.0, 8.0, 0.0, 12.0, 0.0, 10.0, 15.0, 5.0, 0.0, 5.0, 15.0, 5.0, 0.0, 0.0]
B: [0.0, 28.0, 57.5272370025, 86.4860319533, 119.0554737354, 136.2361678133, 165.7556785477, 218.3938951303, 222.44796197731, 267.0, 293.0, 324.0550372082, 341.6342651776, 344.70133756018004, 354.62686913285006, 410.0, 427.1849823101, 443.8578739909, 467.0187555372, 484.975714968, 487.90383415955995, 497.65664503642995, 498.77833394160996, 520.4967405590099, 530.8601138515099, 550.13247483821, 551.29284891582, 560.74731542642, 574.53291635642, 597.8364275940199, 616.3552116254199, 630.7129803936199]
