Avion: 6      Iteracion: 9

Num Ruta: 13
Ingresos: 138000.0
Costos: 494.142969747
Utilidad Ruta: 137505.85703
Costo Reducido: 159693.85342
Nodos: [106, 17, 57, 30, 70, 14, 54, 3, 43, 18, 58, 26, 66, 19, 32, 59, 13, 72, 53, 21, 38, 61, 78, 29, 27, 69, 67, 816]
q: [0.0, 5.0, -5.0, 11.0, -11.0, 8.0, -8.0, 15.0, -15.0, 11.0, -11.0, 13.0, -13.0, 7.0, 6.0, -7.0, 9.0, -6.0, -9.0, 13.0, 2.0, -13.0, -2.0, 9.0, 6.0, -9.0, -6.0, 0.0]
Q: [0.0, 5.0, 0.0, 11.0, 0.0, 8.0, 0.0, 15.0, 0.0, 11.0, 0.0, 13.0, 0.0, 7.0, 13.0, 6.0, 15.0, 9.0, 0.0, 13.0, 15.0, 2.0, 0.0, 9.0, 15.0, 6.0, 0.0, 0.0]
B: [0.0, 34.2933399948, 69.1358937761, 72.28034825979, 90.99437091659, 118.79031157349, 130.81202334849002, 256.0, 261.08428175852, 293.0, 316.8182362487, 345.81975307109997, 363.39898104049996, 402.0, 422.0, 441.5724706923, 445.80008999872, 459.64226977652004, 463.71322015696006, 479.22461654796007, 486.0475294889301, 520.52990987373, 527.5998384448001, 561.9960141043001, 587.5978223412001, 595.81425033638, 611.2616279131801, 642.33028613978]
