Avion: 3      Iteracion: 35

Num Ruta: 37
Ingresos: 50400.0
Costos: 203.370002542
Utilidad Ruta: 50196.6299975
Costo Reducido: 8.54706815294
Nodos: [103, 14, 54, 32, 25, 65, 72, 20, 60, 2, 42, 813]
q: [0.0, 8.0, -8.0, 6.0, 9.0, -9.0, -6.0, 10.0, -10.0, 9.0, -9.0, 0.0]
Q: [0.0, 8.0, 0.0, 6.0, 15.0, 6.0, 0.0, 10.0, 0.0, 9.0, 0.0, 0.0]
B: [0.0, 112.0, 124.021711775, 422.0, 442.6664482919, 459.851430602, 470.8364988767, 496.0, 538.1771424471, 545.50743971256, 586.24240175996, 600.60017052816]
