Avion: 6      Iteracion: 45

Num Ruta: 48
Ingresos: 141600.0
Costos: 409.730480947
Utilidad Ruta: 141190.269519
Costo Reducido: 26.0784944824
Nodos: [106, 9, 49, 14, 54, 3, 43, 23, 18, 58, 63, 22, 62, 8, 32, 48, 13, 72, 53, 15, 55, 20, 38, 78, 60, 33, 73, 816]
q: [0.0, 11.0, -11.0, 8.0, -8.0, 15.0, -15.0, 10.0, 5.0, -5.0, -10.0, 10.0, -10.0, 8.0, 6.0, -8.0, 9.0, -6.0, -9.0, 11.0, -11.0, 7.0, 8.0, -8.0, -7.0, 10.0, -10.0, 0.0]
Q: [0.0, 11.0, 0.0, 8.0, 0.0, 15.0, 0.0, 10.0, 15.0, 10.0, 0.0, 10.0, 0.0, 8.0, 14.0, 6.0, 15.0, 9.0, 0.0, 11.0, 0.0, 7.0, 15.0, 7.0, 0.0, 10.0, 0.0, 0.0]
B: [0.0, 35.5829922575, 65.11022926000001, 112.0, 124.021711775, 256.0, 261.08428175852, 267.0, 293.0, 316.8182362487, 326.74376782137, 342.50019181287, 364.25487795177, 414.0, 425.4468981388, 447.8266328334, 450.03730897431, 463.87948875211003, 467.95043913255006, 511.0, 527.4211666151, 533.55501866744, 535.63608810405, 568.50497474475, 595.88198247025, 606.70378181235, 630.00729304995, 643.84825027845]
