Avion: 3      Iteracion: 48

Num Ruta: 47
Ingresos: 67200.0
Costos: 184.894377608
Utilidad Ruta: 67015.1056224
Costo Reducido: 14.7051481942
Nodos: [103, 9, 49, 11, 51, 34, 74, 39, 79, 6, 46, 5, 45, 813]
q: [0, 11.0, -11.0, 8.0, -8.0, 12.0, -12.0, 8.0, -8.0, 5.0, -5.0, 12.0, -12.0, 0]
Q: [0, 11.0, 0.0, 8.0, 0.0, 12.0, 0.0, 8.0, 0.0, 5.0, 0.0, 12.0, 0.0, 0]
B: [0.0, 28.0, 57.5272370025, 169.0, 173.05406684701, 283.0, 323.947598037, 388.0, 410.632187455, 436.0, 439.69228939819, 469.0, 470.12168890518, 489.51114356488]
