Avion: 6      Iteracion: 31

Num Ruta: 34
Ingresos: 78000.0
Costos: 268.412021848
Utilidad Ruta: 77731.5879782
Costo Reducido: 27.5399208802
Nodos: [106, 9, 49, 11, 51, 34, 74, 28, 39, 68, 19, 59, 79, 5, 45, 816]
q: [0.0, 11.0, -11.0, 8.0, -8.0, 12.0, -12.0, 7.0, 8.0, -7.0, 7.0, -7.0, -8.0, 12.0, -12.0, 0.0]
Q: [0.0, 11.0, 0.0, 8.0, 0.0, 12.0, 0.0, 7.0, 15.0, 8.0, 15.0, 8.0, 0.0, 12.0, 0.0, 0.0]
B: [0.0, 35.5829922575, 65.11022926000001, 169.0, 173.05406684701, 283.0, 323.947598037, 378.0, 389.3210123222, 420.750419714, 433.28621298769997, 459.91332927919996, 466.22853133455993, 478.79306606525995, 479.91475497043996, 508.89634093463997]
