Avion: 1      Iteracion: 38

Num Ruta: 36
Ingresos: 14400.0
Costos: 76.2577168801
Utilidad Ruta: 14323.7422831
Costo Reducido: 4.05477407818
Nodos: [101, 34, 74, 811]
q: [0, 12.0, -12.0, 0]
Q: [0, 12.0, 0.0, 0]
B: [0.0, 283.0, 323.947598037, 335.01152319939996]
