Avion: 7      Iteracion: 23

Num Ruta: 22
Ingresos: 100800.0
Costos: 266.9969212
Utilidad Ruta: 100533.003079
Costo Reducido: 44.6015553025
Nodos: [107, 14, 54, 23, 18, 58, 63, 26, 66, 6, 46, 5, 45, 7, 4, 47, 44, 33, 73, 27, 67, 817]
q: [0.0, 8.0, -8.0, 4.0, 11.0, -11.0, -4.0, 13.0, -13.0, 5.0, -5.0, 12.0, -12.0, 10.0, 5.0, -10.0, -5.0, 10.0, -10.0, 6.0, -6.0, 0.0]
Q: [0.0, 8.0, 0.0, 4.0, 15.0, 4.0, 0.0, 13.0, 0.0, 5.0, 0.0, 12.0, 0.0, 10.0, 15.0, 5.0, 0.0, 10.0, 0.0, 6.0, 0.0, 0.0]
B: [0.0, 112.0, 124.021711775, 267.0, 293.0, 316.8182362487, 326.74376782137, 346.43014059547, 364.00936856487, 436.0, 439.69228939819, 469.0, 470.12168890518, 517.0, 529.0, 548.2723609867, 549.43273506431, 562.0, 585.3035112376, 592.52226459258, 609.55312696068, 616.2578217337499]
