Avion: 5      Iteracion: 67

Num Ruta: 60
Ingresos: 48000.0
Costos: 117.957031952
Utilidad Ruta: 47882.042968
Costo Reducido: 0.305427797844
Nodos: [105, 26, 66, 19, 8, 59, 48, 5, 45, 815]
q: [0, 13.0, -13.0, 7.0, 8.0, -7.0, -8.0, 12.0, -12.0, 0]
Q: [0, 13.0, 0.0, 7.0, 15.0, 8.0, 0.0, 12.0, 0.0, 0]
B: [0.0, 300.0, 317.5792279694, 402.0, 425.1608815463, 443.1178409771, 446.04596016866, 469.0, 470.12168890518, 483.34589368278]
