Avion: 7      Iteracion: 50

Num Ruta: 46
Ingresos: 79200.0
Costos: 258.128006785
Utilidad Ruta: 78941.8719932
Costo Reducido: 25.4593818913
Nodos: [107, 30, 16, 56, 70, 24, 64, 1, 41, 23, 18, 63, 58, 29, 27, 69, 67, 817]
q: [0.0, 11.0, 4.0, -4.0, -11.0, 14.0, -14.0, 7.0, -7.0, 10.0, 5.0, -10.0, -5.0, 9.0, 6.0, -9.0, -6.0, 0.0]
Q: [0.0, 11.0, 15.0, 11.0, 0.0, 14.0, 0.0, 7.0, 0.0, 10.0, 15.0, 5.0, 0.0, 9.0, 15.0, 6.0, 0.0, 0.0]
B: [0.0, 64.0, 72.20259129788, 81.82668273552001, 84.69783929691, 109.43181018721, 147.94476048971, 175.0, 209.2400855285, 267.0, 293.0, 318.4393114097, 328.36484298237, 549.0, 574.6018082369, 582.8182362320799, 598.26561380888, 604.9703085819499]
