Avion: 6      Iteracion: 7

Num Ruta: 11
Ingresos: 142800.0
Costos: 514.515377658
Utilidad Ruta: 142285.484622
Costo Reducido: 119967.660608
Nodos: [106, 9, 49, 12, 52, 14, 54, 3, 43, 36, 76, 34, 74, 28, 39, 68, 25, 65, 79, 21, 38, 78, 27, 67, 61, 816]
q: [0.0, 11.0, -11.0, 14.0, -14.0, 8.0, -8.0, 15.0, -15.0, 15.0, -15.0, 12.0, -12.0, 8.0, 5.0, -8.0, 10.0, -10.0, -5.0, 7.0, 8.0, -8.0, 6.0, -6.0, -7.0, 0.0]
Q: [0.0, 11.0, 0.0, 14.0, 0.0, 8.0, 0.0, 15.0, 0.0, 15.0, 0.0, 12.0, 0.0, 8.0, 13.0, 5.0, 15.0, 5.0, 0.0, 7.0, 15.0, 7.0, 13.0, 7.0, 0.0, 0.0]
B: [0.0, 35.5829922575, 65.11022926000001, 75.89726601710001, 119.24519028110001, 155.7644240628, 167.7861358378, 256.0, 261.08428175852, 296.00374706082, 302.95189112956, 316.67163912286003, 357.61923715986, 378.0, 389.3210123222, 420.750419714, 424.08379833035997, 441.26878064045997, 460.17589178945997, 486.86251143306, 493.68542437403, 526.55431101473, 538.0900383433301, 555.1209007114301, 576.08768992673, 610.01822169383]
