Avion: 1      Iteracion: 16

Num Ruta: 18
Ingresos: 92400.0
Costos: 372.174664441
Utilidad Ruta: 92027.8253356
Costo Reducido: 159.869079366
Nodos: [101, 40, 80, 1, 41, 36, 76, 34, 74, 22, 62, 8, 48, 7, 47, 811]
q: [0, 15.0, -15.0, 7.0, -7.0, 15.0, -15.0, 12.0, -12.0, 10.0, -10.0, 8.0, -8.0, 10.0, -10.0, 0]
Q: [0, 15.0, 0.0, 7.0, 0.0, 15.0, 0.0, 12.0, 0.0, 10.0, 0.0, 8.0, 0.0, 10.0, 0.0, 0]
B: [0.0, 62.0, 94.5694417821, 175.0, 209.2400855285, 251.0, 257.94814406874, 283.0, 323.947598037, 353.69889745399996, 375.4535835929, 414.0, 434.768396616, 517.0, 545.5413118129, 569.8843276491]
