Avion: 6      Iteracion: 19

Num Ruta: 23
Ingresos: 22800.0
Costos: 115.55995319
Utilidad Ruta: 22684.4400468
Costo Reducido: 22.854195925
Nodos: [106, 33, 73, 29, 69, 816]
q: [0, 10.0, -10.0, 9.0, -9.0, 0]
Q: [0, 10.0, 0.0, 9.0, 0.0, 0]
B: [0.0, 562.0, 585.3035112376, 603.6868304428, 637.466610223, 666.7067854961]
