Avion: 2      Iteracion: 27

Num Ruta: 26
Ingresos: 12000.0
Costos: 83.8995231327
Utilidad Ruta: 11916.1004769
Costo Reducido: 15.0687184409
Nodos: [102, 20, 60, 812]
q: [0, 10.0, -10.0, 0]
Q: [0, 10.0, 0.0, 0]
B: [0.0, 496.0, 538.1771424471, 567.6561431255]
