Avion: 6      Iteracion: 51

Num Ruta: 53
Ingresos: 26400.0
Costos: 83.0518625948
Utilidad Ruta: 26316.9481374
Costo Reducido: 3.54283903669
Nodos: [106, 16, 56, 18, 58, 816]
q: [0, 11.0, -11.0, 11.0, -11.0, 0]
Q: [0, 11.0, 0.0, 11.0, 0.0, 0]
B: [0.0, 36.0, 45.624091437640004, 293.0, 316.8182362487, 325.47692552595]
