Avion: 4      Iteracion: 60

Num Ruta: 53
Ingresos: 147600.0
Costos: 402.701491339
Utilidad Ruta: 147197.298509
Costo Reducido: 6.40159638209
Nodos: [104, 17, 30, 57, 16, 56, 70, 24, 64, 31, 71, 11, 51, 36, 76, 34, 74, 39, 79, 13, 53, 21, 38, 78, 61, 33, 73, 814]
q: [0.0, 5.0, 10.0, -5.0, 5.0, -5.0, -10.0, 14.0, -14.0, 6.0, -6.0, 8.0, -8.0, 15.0, -15.0, 12.0, -12.0, 8.0, -8.0, 15.0, -15.0, 7.0, 8.0, -8.0, -7.0, 10.0, -10.0, 0.0]
Q: [0.0, 5.0, 15.0, 10.0, 15.0, 10.0, 0.0, 14.0, 0.0, 6.0, 0.0, 8.0, 0.0, 15.0, 0.0, 12.0, 0.0, 8.0, 0.0, 15.0, 0.0, 7.0, 15.0, 7.0, 0.0, 10.0, 0.0, 0.0]
B: [0.0, 24.0, 64.0, 67.14445448369, 72.47609381883, 82.10018525647, 84.97134181786, 109.70531270816, 148.21826301066, 159.50262076816, 172.80823477126, 173.287113670357, 177.341180517367, 251.0, 257.94814406874, 283.0, 323.947598037, 388.0, 410.632187455, 423.0, 439.88315095, 477.0, 483.82291294097, 516.69179958167, 523.76172815274, 562.0, 585.3035112376, 612.2154949066]
