Avion: 5      Iteracion: 50

Num Ruta: 47
Ingresos: 87600.0
Costos: 262.65654665
Utilidad Ruta: 87337.3434533
Costo Reducido: 0.985239112502
Nodos: [105, 30, 70, 40, 80, 26, 66, 28, 68, 15, 55, 7, 4, 44, 47, 815]
q: [0, 11.0, -11.0, 15.0, -15.0, 13.0, -13.0, 8.0, -8.0, 11.0, -11.0, 10.0, 5.0, -5.0, -10.0, 0]
Q: [0, 11.0, 0.0, 15.0, 0.0, 13.0, 0.0, 8.0, 0.0, 11.0, 0.0, 10.0, 15.0, 10.0, 0.0, 0]
B: [0.0, 64.0, 82.7140226568, 113.5238767298, 146.0933185119, 300.0, 317.5792279694, 378.0, 414.0266187839, 511.0, 527.4211666151, 538.3259061809999, 548.6892794734999, 569.1150291536999, 570.2754032313098, 590.1433825448098]
