Avion: 4      Iteracion: 34

Num Ruta: 33
Ingresos: 58800.0
Costos: 254.899338287
Utilidad Ruta: 58545.1006617
Costo Reducido: 36.0491759269
Nodos: [104, 17, 57, 14, 54, 11, 51, 19, 32, 72, 59, 27, 2, 67, 42, 814]
q: [0, 5.0, -5.0, 8.0, -8.0, 8.0, -8.0, 7.0, 6.0, -6.0, -7.0, 6.0, 9.0, -6.0, -9.0, 0]
Q: [0, 5.0, 0.0, 8.0, 0.0, 8.0, 0.0, 7.0, 13.0, 7.0, 0.0, 6.0, 15.0, 9.0, 0.0, 0]
B: [0.0, 24.0, 58.8425537813, 112.0, 124.021711775, 169.0, 173.05406684701, 402.0, 422.0, 449.8573558149, 466.9847322631, 538.0, 563.7839683718, 575.2360414592, 604.5765718055, 613.37421245513]
