Avion: 4      Iteracion: 21

Num Ruta: 22
Ingresos: 130800.0
Costos: 520.225549178
Utilidad Ruta: 130279.774451
Costo Reducido: 130.008184648
Nodos: [104, 17, 57, 12, 52, 1, 31, 71, 41, 23, 18, 58, 63, 22, 62, 19, 32, 59, 13, 72, 53, 21, 38, 78, 61, 27, 4, 7, 67, 47, 44, 814]
q: [0.0, 5.0, -5.0, 14.0, -14.0, 7.0, 6.0, -6.0, -7.0, 10.0, 5.0, -5.0, -10.0, 10.0, -10.0, 7.0, 6.0, -7.0, 9.0, -6.0, -9.0, 7.0, 8.0, -8.0, -7.0, 6.0, 0.0, 9.0, -6.0, -9.0, 0.0, 0.0]
Q: [0.0, 5.0, 0.0, 14.0, 0.0, 7.0, 13.0, 7.0, 0.0, 10.0, 15.0, 10.0, 0.0, 10.0, 0.0, 7.0, 13.0, 6.0, 15.0, 9.0, 0.0, 7.0, 15.0, 7.0, 0.0, 6.0, 6.0, 15.0, 9.0, 0.0, 0.0, 0.0]
B: [0.0, 24.0, 58.8425537813, 78.5512475229, 121.8991717869, 175.0, 183.89376197118, 197.19937597428, 230.76046369508, 267.0, 293.0, 316.8182362487, 326.74376782137, 342.50019181287, 364.25487795177, 402.0, 422.0, 441.5724706923, 445.80008999872, 459.64226977652004, 463.71322015696006, 479.22461654796007, 486.0475294889301, 518.9164161296301, 525.9863447007001, 539.1637928983001, 556.7785674356002, 567.1419407281002, 591.8664556273002, 596.2663761947601, 597.4267502723701, 635.9857511022701]
