Avion: 3      Iteracion: 42

Num Ruta: 43
Ingresos: 57600.0
Costos: 230.213128255
Utilidad Ruta: 57369.7868717
Costo Reducido: 3.86989761446
Nodos: [103, 40, 80, 10, 50, 35, 75, 38, 21, 78, 61, 813]
q: [0.0, 15.0, -15.0, 12.0, -12.0, 6.0, -6.0, 8.0, 7.0, -8.0, -7.0, 0.0]
Q: [0.0, 15.0, 0.0, 12.0, 0.0, 6.0, 0.0, 8.0, 15.0, 7.0, 0.0, 0.0]
B: [0.0, 62.0, 94.5694417821, 111.75013586, 141.2696465944, 279.0, 298.9128833924, 480.0, 486.82291294097, 525.3346514111701, 532.4045799822401, 570.9418655249401]
