Avion: 4      Iteracion: 33

Num Ruta: 32
Ingresos: 147600.0
Costos: 437.573502425
Utilidad Ruta: 147162.426498
Costo Reducido: 33.1633483995
Nodos: [104, 17, 30, 57, 16, 56, 70, 24, 64, 31, 11, 51, 71, 36, 76, 34, 74, 39, 28, 79, 68, 25, 65, 15, 21, 55, 38, 78, 61, 814]
q: [0.0, 5.0, 10.0, -5.0, 5.0, -5.0, -10.0, 14.0, -14.0, 6.0, 8.0, -8.0, -6.0, 15.0, -15.0, 12.0, -12.0, 7.0, 8.0, -7.0, -8.0, 10.0, -10.0, 8.0, 7.0, -8.0, 8.0, -8.0, -7.0, 0.0]
Q: [0.0, 5.0, 15.0, 10.0, 15.0, 10.0, 0.0, 14.0, 0.0, 6.0, 14.0, 6.0, 0.0, 15.0, 0.0, 12.0, 0.0, 7.0, 15.0, 8.0, 0.0, 10.0, 0.0, 8.0, 15.0, 7.0, 15.0, 7.0, 0.0, 0.0]
B: [0.0, 24.0, 64.0, 67.14445448369, 72.47609381883, 82.10018525647, 84.97134181786, 109.70531270816, 148.21826301066, 159.50262076816, 172.68534996206, 176.73941680907, 180.43379537657, 251.0, 257.94814406874, 283.0, 323.947598037, 388.0, 399.3210123222, 412.3114993416, 448.3244104708, 451.65778908716, 468.84277139726, 511.0, 516.67223351071, 527.47150163401, 531.55876734595, 564.42765398665, 571.49758255772, 617.27605708452]
