Avion: 2      Iteracion: 70

Num Ruta: 51
Ingresos: 34800.0
Costos: 122.070933333
Utilidad Ruta: 34677.9290667
Costo Reducido: 4.20785602637
Nodos: [102, 31, 71, 25, 65, 21, 61, 812]
q: [0, 6.0, -6.0, 10.0, -10.0, 13.0, -13.0, 0]
Q: [0, 6.0, 0.0, 10.0, 0.0, 13.0, 0.0, 0]
B: [0.0, 130.0, 143.3056140031, 410.0, 427.1849823101, 477.0, 517.7387906792, 548.2106076417999]
