Avion: 4      Iteracion: 75

Num Ruta: 55
Ingresos: 118800.0
Costos: 386.787668301
Utilidad Ruta: 118413.212332
Costo Reducido: 7.27302136792
Nodos: [104, 17, 30, 57, 16, 56, 70, 24, 64, 36, 76, 34, 74, 39, 28, 79, 68, 15, 21, 55, 38, 78, 61, 814]
q: [0.0, 5.0, 4.0, -5.0, 11.0, -11.0, -4.0, 14.0, -14.0, 15.0, -15.0, 12.0, -12.0, 8.0, 7.0, -8.0, -7.0, 8.0, 7.0, -8.0, 8.0, -8.0, -7.0, 0.0]
Q: [0.0, 5.0, 9.0, 4.0, 15.0, 4.0, 0.0, 14.0, 0.0, 15.0, 0.0, 12.0, 0.0, 8.0, 15.0, 7.0, 0.0, 8.0, 15.0, 7.0, 15.0, 7.0, 0.0, 0.0]
B: [0.0, 24.0, 64.0, 67.14445448369, 72.47609381883, 82.10018525647, 84.97134181786, 109.70531270816, 148.21826301066, 251.0, 257.94814406874, 283.0, 323.947598037, 388.0, 399.3210123222, 412.3114993416, 448.3244104708, 511.0, 516.67223351071, 527.47150163401, 531.55876734595, 564.42765398665, 571.49758255772, 617.27605708452]
