Avion: 4      Iteracion: 41

Num Ruta: 38
Ingresos: 45600.0
Costos: 184.633990038
Utilidad Ruta: 45415.36601
Costo Reducido: 0.552683476388
Nodos: [104, 11, 51, 21, 38, 78, 61, 27, 7, 47, 67, 814]
q: [0.0, 8.0, -8.0, 7.0, 8.0, -8.0, -7.0, 5.0, 10.0, -10.0, -5.0, 0.0]
Q: [0.0, 8.0, 0.0, 7.0, 15.0, 7.0, 0.0, 5.0, 15.0, 5.0, 0.0, 0.0]
B: [0.0, 169.0, 173.05406684701, 477.0, 483.82291294097, 516.69179958167, 523.76172815274, 538.0, 565.6633233723, 594.2046351852, 598.60455575266, 632.58593889106]
