Avion: 5      Iteracion: 46

Num Ruta: 46
Ingresos: 45600.0
Costos: 140.940634629
Utilidad Ruta: 45459.0593654
Costo Reducido: 0.0613976276072
Nodos: [105, 9, 49, 19, 8, 59, 48, 5, 45, 815]
q: [0, 11.0, -11.0, 7.0, 8.0, -7.0, -8.0, 12.0, -12.0, 0]
Q: [0, 11.0, 0.0, 7.0, 15.0, 8.0, 0.0, 12.0, 0.0, 0]
B: [0.0, 40.8000150123, 70.3272520148, 402.0, 425.1608815463, 443.1178409771, 446.04596016866, 469.0, 470.12168890518, 483.34589368278]
