Avion: 4      Iteracion: 23

Num Ruta: 24
Ingresos: 123600.0
Costos: 359.157766271
Utilidad Ruta: 123240.842234
Costo Reducido: 109.162490919
Nodos: [104, 1, 31, 71, 41, 3, 43, 23, 18, 58, 63, 26, 66, 6, 46, 5, 45, 20, 38, 78, 60, 2, 33, 73, 42, 814]
q: [0.0, 7.0, 6.0, -6.0, -7.0, 15.0, -15.0, 4.0, 11.0, -11.0, -4.0, 13.0, -13.0, 5.0, -5.0, 12.0, -12.0, 7.0, 8.0, -8.0, -7.0, 9.0, 6.0, -6.0, -9.0, 0.0]
Q: [0.0, 7.0, 13.0, 7.0, 0.0, 15.0, 0.0, 4.0, 15.0, 4.0, 0.0, 13.0, 0.0, 5.0, 0.0, 12.0, 0.0, 7.0, 15.0, 7.0, 0.0, 9.0, 15.0, 9.0, 0.0, 0.0]
B: [0.0, 175.0, 183.89376197118, 197.19937597428, 230.76046369508, 256.0, 261.08428175852, 267.0, 293.0, 316.8182362487, 326.74376782137, 346.43014059547, 364.00936856487, 436.0, 439.69228939819, 469.0, 470.12168890518, 496.0, 498.08106943661, 530.9499560773099, 558.3269638028099, 565.6572610682699, 579.4428619982699, 602.7463732358699, 621.2651572672698, 630.0627979168999]
