Avion: 1      Iteracion: 20

Num Ruta: 22
Ingresos: 64800.0
Costos: 205.792962253
Utilidad Ruta: 64594.2070377
Costo Reducido: 163.471523408
Nodos: [101, 24, 64, 31, 71, 11, 51, 15, 55, 29, 69, 27, 67, 811]
q: [0, 14.0, -14.0, 6.0, -6.0, 8.0, -8.0, 11.0, -11.0, 9.0, -9.0, 6.0, -6.0, 0]
Q: [0, 14.0, 0.0, 6.0, 0.0, 8.0, 0.0, 11.0, 0.0, 9.0, 0.0, 6.0, 0.0, 0]
B: [0.0, 61.0, 99.5129503025, 130.0, 143.3056140031, 169.0, 173.05406684701, 511.0, 527.4211666151, 549.0, 582.7797797802, 590.99620777538, 608.0270701434799, 633.0227441091799]
