Avion: 6      Iteracion: 41

Num Ruta: 44
Ingresos: 27600.0
Costos: 142.092353873
Utilidad Ruta: 27457.9076461
Costo Reducido: 5.32948165005
Nodos: [106, 9, 49, 34, 74, 816]
q: [0, 11.0, -11.0, 12.0, -12.0, 0]
Q: [0, 11.0, 0.0, 12.0, 0.0, 0]
B: [0.0, 35.5829922575, 65.11022926000001, 283.0, 323.947598037, 345.05710397629997]
