Avion: 4      Iteracion: 48

Num Ruta: 44
Ingresos: 145200.0
Costos: 408.435893099
Utilidad Ruta: 144791.564107
Costo Reducido: 5.53239889801
Nodos: [104, 31, 1, 71, 11, 51, 41, 3, 43, 23, 18, 58, 63, 28, 39, 68, 19, 59, 79, 13, 53, 15, 21, 55, 38, 78, 61, 33, 73, 814]
q: [0.0, 6.0, 7.0, -6.0, 8.0, -8.0, -7.0, 15.0, -15.0, 10.0, 5.0, -5.0, -10.0, 8.0, 7.0, -8.0, 7.0, -7.0, -7.0, 15.0, -15.0, 8.0, 7.0, -8.0, 8.0, -8.0, -7.0, 10.0, -10.0, 0.0]
Q: [0.0, 6.0, 13.0, 7.0, 15.0, 7.0, 0.0, 15.0, 0.0, 10.0, 15.0, 10.0, 0.0, 8.0, 15.0, 7.0, 14.0, 7.0, 0.0, 15.0, 0.0, 8.0, 15.0, 7.0, 15.0, 7.0, 0.0, 10.0, 0.0, 0.0]
B: [0.0, 130.0, 175.0, 193.9896940997, 194.468572998797, 198.522639845807, 232.838369183807, 256.0, 261.08428175852, 267.0, 293.0, 316.8182362487, 326.74376782137, 378.0, 389.3210123222, 420.750419714, 433.28621298769997, 459.91332927919996, 466.22853133455993, 469.4604651210099, 486.34361607100993, 511.0, 516.67223351071, 527.47150163401, 531.55876734595, 564.42765398665, 571.49758255772, 581.6531274963199, 604.9566387339199, 631.86862240292]
