Avion: 2      Iteracion: 47

Num Ruta: 38
Ingresos: 82800.0
Costos: 262.985979694
Utilidad Ruta: 82537.0140203
Costo Reducido: 2.81603642531
Nodos: [102, 9, 49, 12, 52, 31, 71, 36, 76, 21, 61, 33, 73, 812]
q: [0, 11.0, -11.0, 14.0, -14.0, 6.0, -6.0, 15.0, -15.0, 13.0, -13.0, 10.0, -10.0, 0]
Q: [0, 11.0, 0.0, 14.0, 0.0, 6.0, 0.0, 15.0, 0.0, 13.0, 0.0, 10.0, 0.0, 0]
B: [0.0, 33.6128854013, 63.1401224038, 73.9271591609, 117.2750834249, 138.1924168114, 151.4980308145, 251.0, 257.94814406874, 477.0, 517.7387906792, 562.0, 585.3035112376, 604.5497183964]
