Avion: 4      Iteracion: 53

Num Ruta: 48
Ingresos: 114000.0
Costos: 333.124697735
Utilidad Ruta: 113666.875302
Costo Reducido: 5.0971426304
Nodos: [104, 1, 41, 3, 43, 23, 18, 58, 63, 22, 62, 32, 8, 48, 13, 72, 53, 21, 38, 78, 61, 33, 73, 814]
q: [0.0, 7.0, -7.0, 15.0, -15.0, 10.0, 5.0, -5.0, -10.0, 10.0, -10.0, 6.0, 8.0, -8.0, 9.0, -6.0, -9.0, 7.0, 8.0, -8.0, -7.0, 10.0, -10.0, 0.0]
Q: [0.0, 7.0, 0.0, 15.0, 0.0, 10.0, 15.0, 10.0, 0.0, 10.0, 0.0, 6.0, 14.0, 6.0, 15.0, 9.0, 0.0, 7.0, 15.0, 7.0, 0.0, 10.0, 0.0, 0.0]
B: [0.0, 175.0, 209.2400855285, 256.0, 261.08428175852, 267.0, 293.0, 316.8182362487, 326.74376782137, 342.50019181287, 364.25487795177, 422.0, 433.4468981388, 454.2152947548, 456.42597089571, 470.26815067351004, 474.33910105395006, 489.85049744495007, 496.6734103859201, 529.5422970266201, 536.6122255976901, 562.0, 585.3035112376, 612.2154949066]
