Avion: 1      Iteracion: 8

Num Ruta: 11
Ingresos: 84000.0
Costos: 326.712152011
Utilidad Ruta: 83673.287848
Costo Reducido: 382020.421125
Nodos: [101, 16, 56, 24, 64, 22, 62, 8, 48, 25, 65, 38, 78, 29, 69, 811]
q: [0, 11.0, -11.0, 14.0, -14.0, 10.0, -10.0, 8.0, -8.0, 10.0, -10.0, 8.0, -8.0, 9.0, -9.0, 0]
Q: [0, 11.0, 0.0, 14.0, 0.0, 10.0, 0.0, 8.0, 0.0, 10.0, 0.0, 8.0, 0.0, 9.0, 0.0, 0]
B: [0.0, 36.0, 45.624091437640004, 70.85029051714, 109.36324081964, 299.0, 320.7546861389, 414.0, 434.768396616, 468.12895782230004, 485.31394013240003, 489.63560289111, 522.50448953181, 556.90066519131, 590.68044497151, 606.6986198051101]
