Avion: 5      Iteracion: 32

Num Ruta: 34
Ingresos: 37200.0
Costos: 180.967556537
Utilidad Ruta: 37019.0324435
Costo Reducido: 25.7500341872
Nodos: [105, 17, 57, 18, 58, 29, 69, 27, 67, 815]
q: [0, 5.0, -5.0, 11.0, -11.0, 9.0, -9.0, 6.0, -6.0, 0]
Q: [0, 5.0, 0.0, 11.0, 0.0, 9.0, 0.0, 6.0, 0.0, 0]
B: [0.0, 24.8000597782, 59.6426135595, 293.0, 316.8182362487, 549.0, 582.7797797802, 590.99620777538, 608.0270701434799, 624.22243309098]
