Avion: 4      Iteracion: 37

Num Ruta: 35
Ingresos: 52800.0
Costos: 233.907060615
Utilidad Ruta: 52566.0929394
Costo Reducido: 25.0809715324
Nodos: [104, 17, 57, 24, 64, 1, 41, 23, 63, 28, 68, 814]
q: [0, 5.0, -5.0, 14.0, -14.0, 7.0, -7.0, 10.0, -10.0, 8.0, -8.0, 0]
Q: [0, 5.0, 0.0, 14.0, 0.0, 7.0, 0.0, 10.0, 0.0, 8.0, 0.0, 0]
B: [0.0, 24.0, 58.8425537813, 75.400837086, 113.9137873885, 175.0, 209.2400855285, 267.0, 306.733842905, 378.0, 414.0266187839, 420.28509463669]
