Avion: 4      Iteracion: 46

Num Ruta: 43
Ingresos: 67200.0
Costos: 257.487058126
Utilidad Ruta: 66942.5129419
Costo Reducido: 5.3467485476
Nodos: [104, 17, 30, 57, 16, 56, 70, 24, 64, 1, 41, 23, 18, 58, 63, 814]
q: [0.0, 5.0, 10.0, -5.0, 5.0, -5.0, -10.0, 14.0, -14.0, 7.0, -7.0, 10.0, 5.0, -5.0, -10.0, 0.0]
Q: [0.0, 5.0, 15.0, 10.0, 15.0, 10.0, 0.0, 14.0, 0.0, 7.0, 0.0, 10.0, 15.0, 10.0, 0.0, 0.0]
B: [0.0, 24.0, 64.0, 67.14445448369, 72.47609381883, 82.10018525647, 84.97134181786, 109.70531270816, 148.21826301066, 175.0, 209.2400855285, 267.0, 293.0, 316.8182362487, 326.74376782137, 357.85555929987]
