Avion: 1      Iteracion: 42

Num Ruta: 40
Ingresos: 39600.0
Costos: 163.441599979
Utilidad Ruta: 39436.5584
Costo Reducido: 7.48169664752
Nodos: [101, 40, 80, 2, 42, 29, 69, 811]
q: [0, 15.0, -15.0, 9.0, -9.0, 9.0, -9.0, 0]
Q: [0, 15.0, 0.0, 9.0, 0.0, 9.0, 0.0, 0]
B: [0.0, 62.0, 94.5694417821, 522.0, 562.7349620474, 572.53970258451, 606.31948236471, 622.33765719831]
