Avion: 5      Iteracion: 26

Num Ruta: 28
Ingresos: 98400.0
Costos: 336.615972452
Utilidad Ruta: 98063.3840275
Costo Reducido: 61.4860536251
Nodos: [105, 17, 57, 40, 80, 10, 50, 35, 26, 75, 66, 6, 46, 13, 53, 21, 38, 61, 78, 815]
q: [0.0, 5.0, -5.0, 15.0, -15.0, 12.0, -12.0, 6.0, 9.0, -6.0, -9.0, 5.0, -5.0, 15.0, -15.0, 7.0, 8.0, -7.0, -8.0, 0.0]
Q: [0.0, 5.0, 0.0, 15.0, 0.0, 12.0, 0.0, 6.0, 15.0, 9.0, 0.0, 5.0, 0.0, 15.0, 0.0, 7.0, 15.0, 8.0, 0.0, 0.0]
B: [0.0, 24.8000597782, 59.6426135595, 83.341584381, 115.9110261631, 133.09172024100002, 162.61123097540002, 279.0, 300.0, 309.29300538039, 319.11482114938, 436.0, 439.69228939819, 453.10235550539, 469.98550645539, 485.49690284639, 492.31981578736, 526.80219617216, 533.8721247432301, 565.64017669803]
