Avion: 1      Iteracion: 13

Num Ruta: 16
Ingresos: 22800.0
Costos: 97.7185410959
Utilidad Ruta: 22702.2814589
Costo Reducido: 295.90774742
Nodos: [101, 31, 71, 39, 79, 6, 46, 811]
q: [0, 6.0, -6.0, 8.0, -8.0, 5.0, -5.0, 0]
Q: [0, 6.0, 0.0, 8.0, 0.0, 5.0, 0.0, 0]
B: [0.0, 130.0, 143.3056140031, 388.0, 410.632187455, 436.0, 439.69228939819, 455.73144673268996]
