Avion: 2      Iteracion: 48

Num Ruta: 39
Ingresos: 8400.0
Costos: 60.6911549891
Utilidad Ruta: 8339.30884501
Costo Reducido: 3.90236924854
Nodos: [102, 1, 41, 812]
q: [0, 7.0, -7.0, 0]
Q: [0, 7.0, 0.0, 0]
B: [0.0, 175.0, 209.2400855285, 227.2789911771]
