Avion: 5      Iteracion: 33

Num Ruta: 35
Ingresos: 82800.0
Costos: 329.381772594
Utilidad Ruta: 82470.6182274
Costo Reducido: 42.0659457591
Nodos: [105, 17, 57, 24, 9, 49, 31, 64, 11, 71, 51, 34, 74, 28, 68, 19, 8, 59, 48, 815]
q: [0.0, 5.0, -5.0, 4.0, 11.0, -11.0, 6.0, -4.0, 8.0, -6.0, -8.0, 12.0, -12.0, 8.0, -8.0, 7.0, 8.0, -7.0, -8.0, 0.0]
Q: [0.0, 5.0, 0.0, 4.0, 15.0, 4.0, 10.0, 6.0, 14.0, 8.0, 0.0, 12.0, 0.0, 8.0, 0.0, 7.0, 15.0, 8.0, 0.0, 0.0]
B: [0.0, 24.8000597782, 59.6426135595, 76.2008968642, 82.63777390202, 112.16501090452, 130.0, 141.2843577575, 169.0, 169.478878899097, 173.173257466597, 283.0, 323.947598037, 378.0, 414.0266187839, 426.5624120576, 449.7232936039, 467.6802530347, 470.60837222626, 485.13027079356]
