Avion: 1      Iteracion: 58

Num Ruta: 51
Ingresos: 73200.0
Costos: 240.920863409
Utilidad Ruta: 72959.0791366
Costo Reducido: 6.20279954303
Nodos: [101, 9, 49, 14, 54, 19, 25, 65, 59, 5, 45, 38, 21, 61, 78, 811]
q: [0.0, 11.0, -11.0, 8.0, -8.0, 7.0, 8.0, -8.0, -7.0, 12.0, -12.0, 8.0, 7.0, -7.0, -8.0, 0.0]
Q: [0.0, 11.0, 0.0, 8.0, 0.0, 7.0, 15.0, 7.0, 0.0, 12.0, 0.0, 8.0, 15.0, 8.0, 0.0, 0.0]
B: [0.0, 28.0, 57.5272370025, 112.0, 124.021711775, 402.0, 411.3920072402, 428.57698955029997, 445.3638459862, 469.0, 470.12168890518, 491.70338160988, 498.52629455085, 539.26508523005, 546.33501380112, 560.62443733742]
