Avion: 1      Iteracion: 60

Num Ruta: 52
Ingresos: 51600.0
Costos: 170.924061894
Utilidad Ruta: 51429.0759381
Costo Reducido: 4.12478218834
Nodos: [101, 19, 32, 72, 59, 13, 53, 21, 38, 78, 61, 811]
q: [0.0, 7.0, 6.0, -6.0, -7.0, 15.0, -15.0, 7.0, 8.0, -8.0, -7.0, 0.0]
Q: [0.0, 7.0, 13.0, 7.0, 0.0, 15.0, 0.0, 7.0, 15.0, 7.0, 0.0, 0.0]
B: [0.0, 402.0, 422.0, 449.8573558149, 466.9847322631, 471.21235156952, 488.09550251952004, 503.60689891052004, 510.42981185149006, 543.29869849219, 550.3686270632601, 569.52754167236]
