Avion: 2      Iteracion: 71

Num Ruta: 52
Ingresos: 50400.0
Costos: 114.988791343
Utilidad Ruta: 50285.0112087
Costo Reducido: 9.55041503198
Nodos: [102, 30, 16, 70, 56, 40, 80, 5, 45, 812]
q: [0.0, 11.0, 4.0, -11.0, -4.0, 15.0, -15.0, 12.0, -12.0, 0.0]
Q: [0.0, 11.0, 15.0, 4.0, 0.0, 15.0, 0.0, 12.0, 0.0, 0.0]
B: [0.0, 64.0, 72.20259129788, 83.01926305958, 85.89041962097, 117.53917808007, 150.10861986217, 469.0, 470.12168890518, 480.52640879568]
