Avion: 3      Iteracion: 15

Num Ruta: 17
Ingresos: 136800.0
Costos: 403.40210045
Utilidad Ruta: 136396.5979
Costo Reducido: 415.082577212
Nodos: [103, 24, 64, 30, 70, 22, 62, 18, 58, 39, 6, 46, 79, 13, 53, 15, 21, 55, 61, 33, 73, 37, 77, 813]
q: [0.0, 14.0, -14.0, 11.0, -11.0, 10.0, -10.0, 11.0, -11.0, 8.0, 5.0, -5.0, -8.0, 15.0, -15.0, 2.0, 13.0, -2.0, -13.0, 10.0, -10.0, 15.0, -15.0, 0.0]
Q: [0.0, 14.0, 0.0, 11.0, 0.0, 10.0, 0.0, 11.0, 0.0, 8.0, 13.0, 8.0, 0.0, 15.0, 0.0, 2.0, 15.0, 13.0, 0.0, 10.0, 0.0, 15.0, 0.0, 0.0]
B: [0.0, 61.0, 99.5129503025, 119.7810717004, 138.4950943572, 299.0, 320.7546861389, 334.15512273630003, 357.973358985, 388.0, 436.0, 439.69228939819, 449.87740525418997, 453.10933904063995, 469.99248999063997, 511.0, 516.67223351071, 527.47150163401, 557.92094974071, 568.0764946793099, 591.3800059169099, 618.5385929383099, 639.3332464098098, 660.3350418569098]
