Avion: 1      Iteracion: 0

Num Ruta: 1
Ingresos: 73200.0
Costos: 329.907028625
Utilidad Ruta: 72870.0929714
Costo Reducido: -
Nodos: [101, 9, 49, 40, 80, 18, 58, 6, 46, 32, 72, 21, 61, 811]
q: [0, 11.0, -11.0, 15.0, -15.0, 11.0, -11.0, 5.0, -5.0, 6.0, -6.0, 13.0, -13.0, 0]
Q: [0, 11.0, 0.0, 15.0, 0.0, 11.0, 0.0, 5.0, 0.0, 6.0, 0.0, 13.0, 0.0, 0]
B: [0.0, 28.0, 57.5272370025, 86.4860319533, 119.0554737354, 293.0, 316.8182362487, 436.0, 439.69228939819, 474.69356853198997, 502.55092434689, 520.96285594029, 561.7016466194899, 580.8605612285899]
