Avion: 1      Iteracion: 50

Num Ruta: 46
Ingresos: 79200.0
Costos: 260.82288146
Utilidad Ruta: 78939.1771185
Costo Reducido: 13.5507317277
Nodos: [101, 24, 64, 1, 41, 3, 43, 8, 19, 59, 48, 38, 21, 61, 78, 811]
q: [0.0, 14.0, -14.0, 7.0, -7.0, 15.0, -15.0, 8.0, 7.0, -7.0, -8.0, 8.0, 7.0, -7.0, -8.0, 0.0]
Q: [0.0, 14.0, 0.0, 7.0, 0.0, 15.0, 0.0, 8.0, 15.0, 8.0, 0.0, 8.0, 15.0, 8.0, 0.0, 0.0]
B: [0.0, 61.0, 99.5129503025, 175.0, 209.2400855285, 256.0, 261.08428175852, 414.0, 437.1608815463, 463.7879978378, 466.71611702935996, 485.01669368695997, 491.83960662793, 532.57839730713, 539.6483258782, 553.9377494145]
