Avion: 1      Iteracion: 49

Num Ruta: 45
Ingresos: 133200.0
Costos: 426.225932371
Utilidad Ruta: 132773.774068
Costo Reducido: 0.800782584294
Nodos: [101, 9, 49, 12, 52, 1, 31, 71, 11, 51, 41, 3, 43, 23, 63, 22, 62, 19, 8, 59, 48, 38, 21, 61, 78, 811]
q: [0.0, 11.0, -11.0, 14.0, -14.0, 7.0, 6.0, -6.0, 8.0, -8.0, -7.0, 15.0, -15.0, 10.0, -10.0, 10.0, -10.0, 7.0, 8.0, -7.0, -8.0, 8.0, 7.0, -7.0, -8.0, 0.0]
Q: [0.0, 11.0, 0.0, 14.0, 0.0, 7.0, 13.0, 7.0, 15.0, 7.0, 0.0, 15.0, 0.0, 10.0, 0.0, 10.0, 0.0, 7.0, 15.0, 8.0, 0.0, 8.0, 15.0, 8.0, 0.0, 0.0]
B: [0.0, 28.0, 57.5272370025, 68.3142737596, 111.6621980236, 175.0, 183.89376197118, 197.19937597428, 197.678254873377, 201.732321720387, 236.048051058387, 256.0, 261.08428175852, 267.0, 306.733842905, 322.49026689650003, 344.24495303540004, 402.0, 425.1608815463, 443.1178409771, 446.04596016866, 480.0, 486.82291294097, 527.56170362017, 534.63163219124, 548.92105572754]
