Avion: 1      Iteracion: 45

Num Ruta: 42
Ingresos: 34800.0
Costos: 130.221504116
Utilidad Ruta: 34669.7784959
Costo Reducido: 11.6333103965
Nodos: [101, 30, 70, 2, 42, 29, 69, 811]
q: [0, 11.0, -11.0, 9.0, -9.0, 9.0, -9.0, 0]
Q: [0, 11.0, 0.0, 9.0, 0.0, 9.0, 0.0, 0]
B: [0.0, 64.0, 82.7140226568, 522.0, 562.7349620474, 572.53970258451, 606.31948236471, 622.33765719831]
