Avion: 2      Iteracion: 25

Num Ruta: 25
Ingresos: 30000.0
Costos: 126.859118496
Utilidad Ruta: 29873.1408815
Costo Reducido: 39.1939668126
Nodos: [102, 18, 58, 29, 4, 44, 69, 812]
q: [0, 11.0, -11.0, 9.0, 5.0, -5.0, -9.0, 0]
Q: [0, 11.0, 0.0, 9.0, 14.0, 9.0, 0.0, 0]
B: [0.0, 293.0, 316.8182362487, 549.0, 569.7100026316, 590.1357523117999, 602.3548233485, 626.4797035555]
