Avion: 1      Iteracion: 0

Num Ruta: 3
Ingresos: 169200.0
Costos: 518.302949557
Utilidad Ruta: 168681.69705
Costo Reducido: -
Nodos: [101, 16, 56, 40, 80, 10, 50, 1, 11, 51, 41, 3, 43, 36, 76, 26, 66, 19, 25, 65, 59, 13, 53, 21, 38, 78, 61, 811]
q: [0.0, 11.0, -11.0, 15.0, -15.0, 12.0, -12.0, 7.0, 8.0, -8.0, -7.0, 15.0, -15.0, 15.0, -15.0, 13.0, -13.0, 5.0, 10.0, -10.0, -5.0, 15.0, -15.0, 13.0, 2.0, -2.0, -13.0, 0.0]
Q: [0.0, 11.0, 0.0, 15.0, 0.0, 12.0, 0.0, 7.0, 15.0, 7.0, 0.0, 15.0, 0.0, 15.0, 0.0, 13.0, 0.0, 5.0, 15.0, 5.0, 0.0, 15.0, 0.0, 13.0, 15.0, 13.0, 0.0, 0.0]
B: [0.0, 36.0, 45.624091437640004, 77.27284989674001, 109.84229167884001, 127.02298575674001, 156.54249649114, 194.96183766194002, 213.64266625704002, 217.69673310405003, 252.01246244205004, 259.10901435125004, 264.19329610977, 299.11276141207003, 306.06090548081005, 346.36328993881006, 363.94251790821005, 402.0, 411.3920072402, 428.57698955029997, 445.3638459862, 449.59146529262, 466.47461624262, 481.98601263362, 488.80892557459003, 521.67781221529, 528.74774078636, 547.90665539546]
