Avion: 3      Iteracion: 30

Num Ruta: 32
Ingresos: 110400.0
Costos: 283.362738911
Utilidad Ruta: 110116.637261
Costo Reducido: 32.6991714341
Nodos: [103, 40, 80, 31, 71, 36, 76, 25, 65, 21, 38, 78, 61, 33, 73, 27, 67, 37, 77, 813]
q: [0.0, 15.0, -15.0, 6.0, -6.0, 15.0, -15.0, 10.0, -10.0, 13.0, 2.0, -2.0, -13.0, 10.0, -10.0, 6.0, -6.0, 15.0, -15.0, 0.0]
Q: [0.0, 15.0, 0.0, 6.0, 0.0, 15.0, 0.0, 10.0, 0.0, 13.0, 15.0, 13.0, 0.0, 10.0, 0.0, 6.0, 0.0, 15.0, 0.0, 0.0]
B: [0.0, 62.0, 94.5694417821, 130.0, 143.3056140031, 251.0, 257.94814406874, 410.0, 427.1849823101, 477.0, 483.82291294097, 516.69179958167, 523.76172815274, 562.0, 585.3035112376, 592.52226459258, 609.55312696068, 616.38909258377, 637.1837460552699, 658.1855415023699]
