Avion: 4      Iteracion: 31

Num Ruta: 30
Ingresos: 158400.0
Costos: 503.825490377
Utilidad Ruta: 157896.17451
Costo Reducido: 37.9498015971
Nodos: [104, 17, 30, 57, 16, 56, 70, 40, 80, 31, 11, 51, 71, 36, 76, 34, 74, 39, 79, 28, 68, 25, 65, 21, 38, 78, 61, 4, 7, 47, 44, 814]
q: [0.0, 5.0, 10.0, -5.0, 5.0, -5.0, -10.0, 15.0, -15.0, 6.0, 8.0, -8.0, -6.0, 15.0, -15.0, 12.0, -12.0, 8.0, -8.0, 8.0, -8.0, 10.0, -10.0, 13.0, 2.0, -2.0, -13.0, 5.0, 10.0, -10.0, -5.0, 0.0]
Q: [0.0, 5.0, 15.0, 10.0, 15.0, 10.0, 0.0, 15.0, 0.0, 6.0, 14.0, 6.0, 0.0, 15.0, 0.0, 12.0, 0.0, 8.0, 0.0, 8.0, 0.0, 10.0, 0.0, 13.0, 15.0, 13.0, 0.0, 5.0, 15.0, 5.0, 0.0, 0.0]
B: [0.0, 24.0, 64.0, 67.14445448369, 72.47609381883, 82.10018525647, 84.97134181786, 115.78119589085999, 148.35063767295998, 171.68912667715998, 184.87185587105998, 188.92592271806998, 192.62030128556998, 251.0, 257.94814406874, 283.0, 323.947598037, 388.0, 410.632187455, 423.6226744744, 459.6492932583, 462.98267187466, 480.16765418476, 488.33636766976, 495.15928061073004, 528.02816725143, 535.0980958225, 564.2678932335, 574.631266526, 603.1725783388999, 604.3329524165099, 642.8919532464099]
