Avion: 5      Iteracion: 0

Num Ruta: 1
Ingresos: 60000.0
Costos: 235.146918057
Utilidad Ruta: 59764.8530819
Costo Reducido: -
Nodos: [105, 12, 52, 39, 79, 5, 45, 27, 67, 33, 73, 815]
q: [0, 14.0, -14.0, 8.0, -8.0, 12.0, -12.0, 6.0, -6.0, 10.0, -10.0, 0]
Q: [0, 14.0, 0.0, 8.0, 0.0, 12.0, 0.0, 6.0, 0.0, 10.0, 0.0, 0]
B: [0.0, 54.0, 97.347924264, 388.0, 410.632187455, 469.0, 470.12168890518, 538.0, 555.0308623681, 568.8780323678, 592.1815436054, 609.9036453430999]
