Avion: 4      Iteracion: 5

Num Ruta: 8
Ingresos: 136800.0
Costos: 556.983509171
Utilidad Ruta: 136243.016491
Costo Reducido: 174872.259577
Nodos: [104, 9, 40, 49, 30, 70, 80, 10, 50, 11, 51, 34, 74, 26, 66, 39, 79, 25, 65, 15, 55, 29, 4, 69, 44, 814]
q: [0.0, 11.0, 4.0, -11.0, 11.0, -11.0, -4.0, 12.0, -12.0, 8.0, -8.0, 12.0, -12.0, 13.0, -13.0, 8.0, -8.0, 10.0, -10.0, 11.0, -11.0, 9.0, 5.0, -9.0, -5.0, 0.0]
Q: [0.0, 11.0, 15.0, 4.0, 15.0, 4.0, 0.0, 12.0, 0.0, 8.0, 0.0, 12.0, 0.0, 13.0, 0.0, 8.0, 0.0, 10.0, 0.0, 11.0, 0.0, 9.0, 14.0, 5.0, 0.0, 0.0]
B: [0.0, 49.232321223, 62.0, 90.9587949508, 106.7466952862, 125.46071794299999, 127.50601743207, 144.68671150997, 174.20622224437, 226.84443882697, 230.89850567398, 283.0, 323.947598037, 358.0226741044, 375.6019020738, 395.2998202633, 417.9320077183, 453.2915159869, 470.476498297, 511.0, 527.4211666151, 549.0, 569.7100026316, 592.5834067727, 604.8024778094, 643.3614786393]
