Avion: 1      Iteracion: 52

Num Ruta: 47
Ingresos: 93600.0
Costos: 287.420367484
Utilidad Ruta: 93312.5796325
Costo Reducido: 3.64954513646
Nodos: [101, 12, 52, 1, 41, 3, 43, 19, 25, 65, 59, 5, 45, 38, 21, 61, 78, 811]
q: [0.0, 14.0, -14.0, 7.0, -7.0, 15.0, -15.0, 7.0, 8.0, -8.0, -7.0, 12.0, -12.0, 2.0, 13.0, -13.0, -2.0, 0.0]
Q: [0.0, 14.0, 0.0, 7.0, 0.0, 15.0, 0.0, 7.0, 15.0, 7.0, 0.0, 12.0, 0.0, 2.0, 15.0, 2.0, 0.0, 0.0]
B: [0.0, 54.0, 97.347924264, 175.0, 209.2400855285, 256.0, 261.08428175852, 402.0, 411.3920072402, 428.57698955029997, 445.3638459862, 469.0, 470.12168890518, 491.70338160988, 498.52629455085, 539.26508523005, 546.33501380112, 560.62443733742]
