Avion: 3      Iteracion: 31

Num Ruta: 33
Ingresos: 117600.0
Costos: 331.360313349
Utilidad Ruta: 117268.639687
Costo Reducido: 49.4161284917
Nodos: [103, 40, 80, 30, 70, 14, 54, 3, 43, 23, 18, 63, 58, 39, 79, 8, 32, 72, 48, 5, 45, 813]
q: [0.0, 15.0, -15.0, 11.0, -11.0, 8.0, -8.0, 15.0, -15.0, 4.0, 11.0, -4.0, -11.0, 8.0, -8.0, 8.0, 6.0, -6.0, -8.0, 12.0, -12.0, 0.0]
Q: [0.0, 15.0, 0.0, 11.0, 0.0, 8.0, 0.0, 15.0, 0.0, 4.0, 15.0, 11.0, 0.0, 8.0, 0.0, 8.0, 14.0, 8.0, 0.0, 12.0, 0.0, 0.0]
B: [0.0, 62.0, 94.5694417821, 113.51249206450001, 132.22651472130002, 160.02245537820002, 172.04416715320002, 256.0, 261.08428175852, 267.0, 293.0, 318.4393114097, 328.36484298237, 388.0, 410.632187455, 434.7301572658, 446.1770554046, 474.03441121950004, 490.0835099481001, 499.8363208249701, 500.9580097301501, 520.3474643898501]
