Avion: 6      Iteracion: 25

Num Ruta: 29
Ingresos: 74400.0
Costos: 288.729725917
Utilidad Ruta: 74111.2702741
Costo Reducido: 38.9301228797
Nodos: [106, 9, 49, 36, 76, 34, 74, 39, 19, 59, 79, 2, 42, 816]
q: [0, 11.0, -11.0, 15.0, -15.0, 12.0, -12.0, 8.0, 7.0, -7.0, -8.0, 9.0, -9.0, 0]
Q: [0, 11.0, 0.0, 15.0, 0.0, 12.0, 0.0, 8.0, 15.0, 8.0, 0.0, 9.0, 0.0, 0]
B: [0.0, 35.5829922575, 65.11022926000001, 251.0, 257.94814406874, 283.0, 323.947598037, 388.0, 423.3907399471, 450.01785623859996, 456.33305829395994, 522.0, 562.7349620474, 572.45506230408]
