Avion: 7      Iteracion: 66

Num Ruta: 50
Ingresos: 55200.0
Costos: 147.585225888
Utilidad Ruta: 55052.4147741
Costo Reducido: 3.85092529187
Nodos: [107, 36, 76, 34, 74, 39, 79, 6, 46, 27, 67, 817]
q: [0, 15.0, -15.0, 12.0, -12.0, 8.0, -8.0, 5.0, -5.0, 6.0, -6.0, 0]
Q: [0, 15.0, 0.0, 12.0, 0.0, 8.0, 0.0, 5.0, 0.0, 6.0, 0.0, 0]
B: [0.0, 251.0, 257.94814406874, 283.0, 323.947598037, 388.0, 410.632187455, 436.0, 439.69228939819, 538.0, 555.0308623681, 561.7355571411699]
