Avion: 6      Iteracion: 5

Num Ruta: 9
Ingresos: 160800.0
Costos: 597.100388462
Utilidad Ruta: 160202.899612
Costo Reducido: 154055.622895
Nodos: [106, 40, 80, 30, 70, 10, 50, 34, 74, 26, 66, 19, 25, 65, 59, 8, 48, 5, 45, 4, 15, 55, 27, 67, 44, 37, 77, 816]
q: [0.0, 15.0, -15.0, 11.0, -11.0, 12.0, -12.0, 12.0, -12.0, 13.0, -13.0, 5.0, 10.0, -10.0, -5.0, 8.0, -8.0, 12.0, -12.0, 4.0, 11.0, -11.0, 6.0, -6.0, -4.0, 15.0, -15.0, 0.0]
Q: [0.0, 15.0, 0.0, 11.0, 0.0, 12.0, 0.0, 12.0, 0.0, 13.0, 0.0, 5.0, 15.0, 5.0, 0.0, 8.0, 0.0, 12.0, 0.0, 4.0, 15.0, 4.0, 10.0, 4.0, 0.0, 15.0, 0.0, 0.0]
B: [0.0, 62.0, 94.5694417821, 113.51249206450001, 132.22651472130002, 150.91956500740002, 180.43907574180002, 283.0, 323.947598037, 358.0226741044, 375.6019020738, 406.453776328, 415.8457835682, 433.0307658783, 449.8176223142, 467.774581745, 488.542978361, 498.29578923787, 499.41747814305, 529.0, 549.1904234725, 565.6115900876, 583.3253755949, 600.356237963, 605.77149649792, 612.83586858608, 633.63052205758, 675.4505849580801]
