Avion: 3      Iteracion: 47

Num Ruta: 46
Ingresos: 70800.0
Costos: 201.62089026
Utilidad Ruta: 70598.3791097
Costo Reducido: 8.44195643891
Nodos: [103, 40, 80, 10, 50, 26, 66, 28, 68, 15, 55, 813]
q: [0, 15.0, -15.0, 12.0, -12.0, 13.0, -13.0, 8.0, -8.0, 11.0, -11.0, 0]
Q: [0, 15.0, 0.0, 12.0, 0.0, 13.0, 0.0, 8.0, 0.0, 11.0, 0.0, 0]
B: [0.0, 62.0, 94.5694417821, 111.75013586, 141.2696465944, 300.0, 317.5792279694, 378.0, 414.0266187839, 511.0, 527.4211666151, 539.3282037361]
