Avion: 2      Iteracion: 32

Num Ruta: 29
Ingresos: 76800.0
Costos: 267.65759175
Utilidad Ruta: 76532.3424082
Costo Reducido: 59.7610534895
Nodos: [102, 17, 57, 14, 54, 3, 43, 18, 58, 25, 65, 20, 7, 47, 60, 812]
q: [0.0, 5.0, -5.0, 8.0, -8.0, 15.0, -15.0, 11.0, -11.0, 10.0, -10.0, 5.0, 10.0, -10.0, -5.0, 0.0]
Q: [0.0, 5.0, 0.0, 8.0, 0.0, 15.0, 0.0, 11.0, 0.0, 10.0, 0.0, 5.0, 15.0, 5.0, 0.0, 0.0]
B: [0.0, 25.145167826, 59.9877216073, 112.0, 124.021711775, 256.0, 261.08428175852, 293.0, 316.8182362487, 410.0, 427.1849823101, 496.0, 517.0, 545.5413118129, 558.5049963585999, 587.9839970369999]
