Avion: 2      Iteracion: 13

Num Ruta: 14
Ingresos: 115200.0
Costos: 351.131242398
Utilidad Ruta: 114848.868758
Costo Reducido: 394.788122788
Nodos: [102, 16, 56, 24, 64, 31, 71, 36, 76, 3, 43, 23, 26, 63, 66, 28, 39, 68, 79, 6, 46, 812]
q: [0.0, 11.0, -11.0, 14.0, -14.0, 6.0, -6.0, 15.0, -15.0, 15.0, -15.0, 10.0, 5.0, -10.0, -5.0, 7.0, 8.0, -7.0, -8.0, 5.0, -5.0, 0.0]
Q: [0.0, 11.0, 0.0, 14.0, 0.0, 6.0, 0.0, 15.0, 0.0, 15.0, 0.0, 10.0, 15.0, 5.0, 0.0, 7.0, 15.0, 8.0, 0.0, 5.0, 0.0, 0.0]
B: [0.0, 36.0, 45.624091437640004, 70.85029051714, 109.36324081964, 130.0, 143.3056140031, 251.0, 257.94814406874, 294.92818141324, 300.01246317176, 303.37495049515996, 337.81629403745995, 357.50266681155995, 360.56973919413997, 378.0, 389.3210123222, 420.750419714, 456.7633308432, 463.4515750074, 467.14386440558997, 493.77607681839]
