Avion: 6      Iteracion: 36

Num Ruta: 39
Ingresos: 91200.0
Costos: 290.629735651
Utilidad Ruta: 90909.3702643
Costo Reducido: 45.4416029989
Nodos: [106, 16, 56, 40, 80, 26, 66, 28, 68, 25, 65, 20, 60, 2, 42, 816]
q: [0, 11.0, -11.0, 15.0, -15.0, 13.0, -13.0, 8.0, -8.0, 10.0, -10.0, 10.0, -10.0, 9.0, -9.0, 0]
Q: [0, 11.0, 0.0, 15.0, 0.0, 13.0, 0.0, 8.0, 0.0, 10.0, 0.0, 10.0, 0.0, 9.0, 0.0, 0]
B: [0.0, 36.0, 45.624091437640004, 77.27284989674001, 109.84229167884001, 300.0, 317.5792279694, 378.0, 414.0266187839, 417.35999740026, 434.54497971036, 496.0, 538.1771424471, 545.50743971256, 586.24240175996, 595.96250201664]
