Avion: 6      Iteracion: 71

Num Ruta: 64
Ingresos: 66000.0
Costos: 217.072709589
Utilidad Ruta: 65782.9272904
Costo Reducido: 9.66027667817
Nodos: [106, 16, 56, 40, 80, 31, 71, 21, 61, 33, 73, 816]
q: [0, 11.0, -11.0, 15.0, -15.0, 6.0, -6.0, 13.0, -13.0, 10.0, -10.0, 0]
Q: [0, 11.0, 0.0, 15.0, 0.0, 6.0, 0.0, 13.0, 0.0, 10.0, 0.0, 0]
B: [0.0, 36.0, 45.624091437640004, 77.27284989674001, 109.84229167884001, 133.18078068304, 146.48639468614002, 477.0, 517.7387906792, 562.0, 585.3035112376, 599.1444684661]
