Avion: 2      Iteracion: 57

Num Ruta: 46
Ingresos: 42000.0
Costos: 124.645625537
Utilidad Ruta: 41875.3543745
Costo Reducido: 7.41184166606
Nodos: [102, 36, 76, 34, 74, 39, 79, 812]
q: [0, 15.0, -15.0, 12.0, -12.0, 8.0, -8.0, 0]
Q: [0, 15.0, 0.0, 12.0, 0.0, 8.0, 0.0, 0]
B: [0.0, 251.0, 257.94814406874, 283.0, 323.947598037, 388.0, 410.632187455, 428.1376491456]
