Avion: 4      Iteracion: 4

Num Ruta: 7
Ingresos: 174000.0
Costos: 590.869734696
Utilidad Ruta: 173409.130265
Costo Reducido: 269305.806567
Nodos: [104, 17, 57, 30, 70, 16, 56, 14, 54, 1, 31, 71, 11, 51, 41, 23, 26, 66, 63, 18, 58, 39, 79, 13, 53, 25, 65, 21, 38, 78, 61, 4, 7, 47, 44, 814]
q: [0.0, 5.0, -5.0, 11.0, -11.0, 11.0, -11.0, 8.0, -8.0, 7.0, 6.0, -6.0, 8.0, -8.0, -7.0, 10.0, 5.0, -5.0, -10.0, 11.0, -11.0, 8.0, -8.0, 15.0, -15.0, 10.0, -10.0, 7.0, 8.0, -8.0, -7.0, 5.0, 10.0, -10.0, -5.0, 0.0]
Q: [0.0, 5.0, 0.0, 11.0, 0.0, 11.0, 0.0, 8.0, 0.0, 7.0, 13.0, 7.0, 15.0, 7.0, 0.0, 10.0, 15.0, 10.0, 0.0, 11.0, 0.0, 8.0, 0.0, 15.0, 0.0, 10.0, 0.0, 7.0, 15.0, 7.0, 0.0, 5.0, 15.0, 5.0, 0.0, 0.0]
B: [0.0, 24.0, 58.8425537813, 64.0, 82.7140226568, 93.53069441849999, 103.15478585614, 129.94109036054, 141.96280213554, 177.64453135373998, 186.53829332491998, 199.84390732801998, 200.32278622711698, 204.37685307412698, 238.69258241212697, 267.0, 301.4413435423, 319.0205715117, 322.08764389428, 347.52695530398, 371.34519155268, 388.0, 410.632187455, 423.0, 439.88315095, 463.8957169312, 481.0806992413, 489.2494127263, 496.07232566727004, 528.9412123079701, 536.0111408790401, 565.1809382900401, 575.5443115825401, 604.08562339544, 605.24599747305, 643.80499830295]
