Avion: 4      Iteracion: 49

Num Ruta: 45
Ingresos: 94800.0
Costos: 286.726920427
Utilidad Ruta: 94513.2730796
Costo Reducido: 22.0324695792
Nodos: [104, 17, 30, 57, 16, 56, 70, 24, 64, 1, 41, 3, 43, 23, 18, 58, 63, 28, 68, 814]
q: [0.0, 5.0, 10.0, -5.0, 5.0, -5.0, -10.0, 14.0, -14.0, 7.0, -7.0, 15.0, -15.0, 10.0, 5.0, -5.0, -10.0, 8.0, -8.0, 0.0]
Q: [0.0, 5.0, 15.0, 10.0, 15.0, 10.0, 0.0, 14.0, 0.0, 7.0, 0.0, 15.0, 0.0, 10.0, 15.0, 10.0, 0.0, 8.0, 0.0, 0.0]
B: [0.0, 24.0, 64.0, 67.14445448369, 72.47609381883, 82.10018525647, 84.97134181786, 109.70531270816, 148.21826301066, 175.0, 209.2400855285, 256.0, 261.08428175852, 267.0, 293.0, 316.8182362487, 326.74376782137, 378.0, 414.0266187839, 420.28509463669]
