Avion: 3      Iteracion: 53

Num Ruta: 49
Ingresos: 70800.0
Costos: 184.724224727
Utilidad Ruta: 70615.2757753
Costo Reducido: 1.22955023471
Nodos: [103, 9, 49, 11, 51, 25, 65, 20, 7, 47, 60, 37, 77, 813]
q: [0.0, 11.0, -11.0, 8.0, -8.0, 10.0, -10.0, 10.0, 5.0, -5.0, -10.0, 15.0, -15.0, 0.0]
Q: [0.0, 11.0, 0.0, 8.0, 0.0, 10.0, 0.0, 10.0, 15.0, 10.0, 0.0, 15.0, 0.0, 0.0]
B: [0.0, 28.0, 57.5272370025, 169.0, 173.05406684701, 410.0, 427.1849823101, 496.0, 517.0, 545.5413118129, 558.5049963585999, 570.0825143136999, 590.8771677851998, 611.8789632322998]
