Avion: 7      Iteracion: 15

Num Ruta: 15
Ingresos: 84000.0
Costos: 269.490381763
Utilidad Ruta: 83730.5096182
Costo Reducido: 269.356065977
Nodos: [107, 24, 64, 11, 51, 34, 74, 39, 79, 13, 53, 21, 61, 817]
q: [0, 14.0, -14.0, 8.0, -8.0, 12.0, -12.0, 8.0, -8.0, 15.0, -15.0, 13.0, -13.0, 0]
Q: [0, 14.0, 0.0, 8.0, 0.0, 12.0, 0.0, 8.0, 0.0, 15.0, 0.0, 13.0, 0.0, 0]
B: [0.0, 61.0, 99.5129503025, 169.0, 173.05406684701, 283.0, 323.947598037, 388.0, 410.632187455, 423.0, 439.88315095, 477.0, 517.7387906792, 545.1458557901999]
