Avion: 6      Iteracion: 59

Num Ruta: 58
Ingresos: 62400.0
Costos: 188.916532065
Utilidad Ruta: 62211.0834679
Costo Reducido: 3.88102638163
Nodos: [106, 16, 56, 24, 64, 36, 76, 34, 74, 816]
q: [0, 11.0, -11.0, 14.0, -14.0, 15.0, -15.0, 12.0, -12.0, 0]
Q: [0, 11.0, 0.0, 14.0, 0.0, 15.0, 0.0, 12.0, 0.0, 0]
B: [0.0, 36.0, 45.624091437640004, 70.85029051714, 109.36324081964, 251.0, 257.94814406874, 283.0, 323.947598037, 345.05710397629997]
