Avion: 6      Iteracion: 69

Num Ruta: 62
Ingresos: 50400.0
Costos: 122.654004426
Utilidad Ruta: 50277.3459956
Costo Reducido: 2.29830599668
Nodos: [106, 16, 56, 14, 54, 8, 48, 13, 53, 816]
q: [0, 11.0, -11.0, 8.0, -8.0, 8.0, -8.0, 15.0, -15.0, 0]
Q: [0, 11.0, 0.0, 8.0, 0.0, 8.0, 0.0, 15.0, 0.0, 0]
B: [0.0, 36.0, 45.624091437640004, 112.0, 124.021711775, 414.0, 434.768396616, 436.97907275691, 453.86222370691, 457.93715806221]
