Avion: 4      Iteracion: 17

Num Ruta: 19
Ingresos: 157200.0
Costos: 499.016952435
Utilidad Ruta: 156700.983048
Costo Reducido: 270.22653263
Nodos: [104, 17, 57, 30, 70, 16, 56, 10, 50, 31, 71, 36, 76, 22, 62, 18, 58, 6, 46, 13, 53, 21, 38, 78, 61, 27, 7, 47, 67, 814]
q: [0.0, 5.0, -5.0, 11.0, -11.0, 11.0, -11.0, 12.0, -12.0, 6.0, -6.0, 15.0, -15.0, 10.0, -10.0, 11.0, -11.0, 5.0, -5.0, 15.0, -15.0, 7.0, 8.0, -8.0, -7.0, 5.0, 10.0, -10.0, -5.0, 0.0]
Q: [0.0, 5.0, 0.0, 11.0, 0.0, 11.0, 0.0, 12.0, 0.0, 6.0, 0.0, 15.0, 0.0, 10.0, 0.0, 11.0, 0.0, 5.0, 0.0, 15.0, 0.0, 7.0, 15.0, 7.0, 0.0, 5.0, 15.0, 5.0, 0.0, 0.0]
B: [0.0, 24.0, 58.8425537813, 64.0, 82.7140226568, 93.53069441849999, 103.15478585614, 118.98406306644, 148.50357380084, 188.11172813804, 201.41734214114, 251.0, 257.94814406874, 299.0, 320.7546861389, 334.15512273630003, 357.973358985, 436.0, 439.69228939819, 453.10235550539, 469.98550645539, 485.49690284639, 492.31981578736, 525.18870242806, 532.25863099913, 545.43607919673, 573.09940256903, 601.6407143819299, 606.0406349493899, 640.0220180877899]
