Avion: 1      Iteracion: 10

Num Ruta: 13
Ingresos: 112800.0
Costos: 460.17809399
Utilidad Ruta: 112339.821906
Costo Reducido: 135475.523722
Nodos: [101, 9, 49, 12, 40, 24, 80, 52, 64, 1, 31, 71, 41, 23, 63, 35, 26, 75, 66, 28, 68, 25, 65, 19, 59, 6, 46, 811]
q: [0.0, 11.0, -11.0, 1.0, 0.0, 14.0, 0.0, -1.0, -14.0, 7.0, 6.0, -6.0, -7.0, 10.0, -10.0, 6.0, 9.0, -6.0, -9.0, 8.0, -8.0, 10.0, -10.0, 7.0, -7.0, 5.0, -5.0, 0.0]
Q: [0.0, 11.0, 0.0, 1.0, 1.0, 15.0, 15.0, 14.0, 0.0, 7.0, 13.0, 7.0, 0.0, 10.0, 0.0, 6.0, 15.0, 9.0, 0.0, 8.0, 0.0, 10.0, 0.0, 7.0, 0.0, 5.0, 0.0, 0.0]
B: [0.0, 28.0, 57.5272370025, 68.3142737596, 88.1072362716, 95.26058793358, 121.60603205588001, 142.47469911918, 158.40693668958, 175.0, 183.89376197118, 197.19937597428, 230.76046369508, 267.0, 306.733842905, 336.2538785588, 346.8810931515, 356.17409853189, 365.99591430088003, 378.0, 414.0266187839, 417.35999740026, 434.54497971036, 451.21787139116, 477.84498768265996, 489.63600668015994, 493.3282960783499, 509.3674534128499]
