Avion: 2      Iteracion: 0

Num Ruta: 2
Ingresos: 164400.0
Costos: 584.759862829
Utilidad Ruta: 163815.240137
Costo Reducido: -
Nodos: [102, 16, 56, 30, 70, 40, 80, 31, 1, 71, 41, 36, 76, 34, 74, 22, 62, 19, 59, 13, 53, 21, 61, 20, 4, 44, 60, 812]
q: [0, 11.0, -11.0, 11.0, -11.0, 15.0, -15.0, 6.0, 7.0, -6.0, -7.0, 15.0, -15.0, 12.0, -12.0, 10.0, -10.0, 7.0, -7.0, 15.0, -15.0, 13.0, -13.0, 10.0, 5.0, -5.0, -10.0, 0]
Q: [0, 11.0, 0.0, 11.0, 0.0, 15.0, 0.0, 6.0, 13.0, 7.0, 0.0, 15.0, 0.0, 12.0, 0.0, 10.0, 0.0, 7.0, 0.0, 15.0, 0.0, 13.0, 0.0, 10.0, 15.0, 10.0, 0.0, 0]
B: [0.0, 36.0, 45.624091437640004, 64.0, 82.7140226568, 113.5238767298, 146.0933185119, 169.4318075161, 178.32556948728, 197.31526358698, 230.87635130778, 264.82425493968, 271.77239900842, 285.49214700172, 326.43974503872, 356.19104445572, 377.94573059462, 402.0, 428.6271162915, 432.85473559792, 449.73788654792, 477.0, 517.7387906792, 554.1640824007, 564.4432334357, 584.8689831158999, 596.7302063664999, 626.2092070448999]
