Avion: 6      Iteracion: 23

Num Ruta: 27
Ingresos: 87600.0
Costos: 240.820487109
Utilidad Ruta: 87359.1795129
Costo Reducido: 52.4266715999
Nodos: [106, 40, 80, 10, 50, 26, 66, 22, 62, 8, 48, 13, 53, 816]
q: [0, 15.0, -15.0, 12.0, -12.0, 13.0, -13.0, 10.0, -10.0, 8.0, -8.0, 15.0, -15.0, 0]
Q: [0, 15.0, 0.0, 12.0, 0.0, 13.0, 0.0, 10.0, 0.0, 8.0, 0.0, 15.0, 0.0, 0]
B: [0.0, 62.0, 94.5694417821, 111.75013586, 141.2696465944, 300.0, 317.5792279694, 331.2134086195, 352.9680947584, 414.0, 434.768396616, 436.97907275691, 453.86222370691, 457.93715806221]
