Avion: 3      Iteracion: 54

Num Ruta: 50
Ingresos: 104400.0
Costos: 280.913361348
Utilidad Ruta: 104119.086639
Costo Reducido: 0.911878936124
Nodos: [103, 9, 49, 11, 51, 36, 76, 34, 74, 39, 28, 79, 68, 15, 55, 7, 4, 44, 47, 813]
q: [0.0, 11.0, -11.0, 8.0, -8.0, 15.0, -15.0, 12.0, -12.0, 8.0, 7.0, -8.0, -7.0, 11.0, -11.0, 10.0, 5.0, -5.0, -10.0, 0.0]
Q: [0.0, 11.0, 0.0, 8.0, 0.0, 15.0, 0.0, 12.0, 0.0, 8.0, 15.0, 7.0, 0.0, 11.0, 0.0, 10.0, 15.0, 10.0, 0.0, 0.0]
B: [0.0, 28.0, 57.5272370025, 169.0, 173.05406684701, 251.0, 257.94814406874, 283.0, 323.947598037, 388.0, 399.3210123222, 412.3114993416, 448.3244104708, 511.0, 527.4211666151, 538.3259061809999, 548.6892794734999, 569.1150291536999, 570.2754032313098, 596.6849197358098]
