Avion: 1      Iteracion: 2

Num Ruta: 6
Ingresos: 135600.0
Costos: 431.833116502
Utilidad Ruta: 135168.166883
Costo Reducido: 174201.388589
Nodos: [101, 30, 70, 40, 80, 1, 41, 36, 76, 34, 74, 26, 66, 28, 68, 25, 19, 65, 59, 5, 45, 6, 46, 811]
q: [0.0, 11.0, -11.0, 15.0, -15.0, 7.0, -7.0, 15.0, -15.0, 12.0, -12.0, 13.0, -13.0, 8.0, -8.0, 8.0, 7.0, -8.0, -7.0, 12.0, -12.0, 5.0, -5.0, 0.0]
Q: [0.0, 11.0, 0.0, 15.0, 0.0, 7.0, 0.0, 15.0, 0.0, 12.0, 0.0, 13.0, 0.0, 8.0, 0.0, 8.0, 15.0, 7.0, 0.0, 12.0, 0.0, 5.0, 0.0, 0.0]
B: [0.0, 64.0, 82.7140226568, 113.5238767298, 146.0933185119, 175.0, 209.2400855285, 251.0, 257.94814406874, 283.0, 323.947598037, 358.0226741044, 375.6019020738, 386.0098191084, 422.0364378923, 425.36981650866, 434.76182374885997, 451.43471542965995, 468.22157186555995, 476.07188510771994, 477.19357401289994, 493.41716686409995, 497.10945626228994, 513.1486135967899]
