Avion: 2      Iteracion: 3

Num Ruta: 6
Ingresos: 58800.0
Costos: 291.285542103
Utilidad Ruta: 58508.7144579
Costo Reducido: 164501.446787
Nodos: [102, 9, 49, 35, 75, 32, 72, 15, 55, 37, 77, 812]
q: [0, 11.0, -11.0, 6.0, -6.0, 6.0, -6.0, 11.0, -11.0, 15.0, -15.0, 0]
Q: [0, 11.0, 0.0, 6.0, 0.0, 6.0, 0.0, 11.0, 0.0, 15.0, 0.0, 0]
B: [0.0, 33.6128854013, 63.1401224038, 279.0, 298.9128833924, 422.0, 449.8573558149, 511.0, 527.4211666151, 562.0, 582.7946534714999, 601.4938883222]
