Avion: 1      Iteracion: 41

Num Ruta: 39
Ingresos: 37200.0
Costos: 156.550093001
Utilidad Ruta: 37043.449907
Costo Reducido: 5.50054182991
Nodos: [101, 12, 52, 1, 41, 23, 63, 811]
q: [0, 14.0, -14.0, 7.0, -7.0, 10.0, -10.0, 0]
Q: [0, 14.0, 0.0, 7.0, 0.0, 10.0, 0.0, 0]
B: [0.0, 54.0, 97.347924264, 175.0, 209.2400855285, 267.0, 306.733842905, 312.59534373670004]
