Avion: 1      Iteracion: 25

Num Ruta: 27
Ingresos: 94800.0
Costos: 325.894617814
Utilidad Ruta: 94474.1053822
Costo Reducido: 79.3717143223
Nodos: [101, 24, 64, 1, 41, 3, 43, 23, 18, 63, 58, 19, 32, 59, 72, 38, 21, 61, 78, 811]
q: [0.0, 14.0, -14.0, 7.0, -7.0, 15.0, -15.0, 10.0, 5.0, -10.0, -5.0, 7.0, 6.0, -7.0, -6.0, 2.0, 13.0, -13.0, -2.0, 0.0]
Q: [0.0, 14.0, 0.0, 7.0, 0.0, 15.0, 0.0, 10.0, 15.0, 5.0, 0.0, 7.0, 13.0, 6.0, 0.0, 2.0, 15.0, 2.0, 0.0, 0.0]
B: [0.0, 61.0, 99.5129503025, 175.0, 209.2400855285, 256.0, 261.08428175852, 267.0, 293.0, 318.4393114097, 328.36484298237, 402.0, 422.0, 441.5724706923, 458.69984714049997, 480.0, 486.82291294097, 527.56170362017, 534.63163219124, 548.92105572754]
