Avion: 4      Iteracion: 59

Num Ruta: 52
Ingresos: 147600.0
Costos: 455.829371452
Utilidad Ruta: 147144.170629
Costo Reducido: 0.642857703933
Nodos: [104, 17, 30, 57, 16, 56, 70, 24, 64, 31, 11, 51, 71, 36, 76, 34, 74, 28, 68, 25, 65, 21, 38, 78, 61, 27, 7, 47, 67, 814]
q: [0.0, 5.0, 10.0, -5.0, 5.0, -5.0, -10.0, 14.0, -14.0, 6.0, 8.0, -8.0, -6.0, 15.0, -15.0, 12.0, -12.0, 8.0, -8.0, 10.0, -10.0, 7.0, 8.0, -8.0, -7.0, 5.0, 10.0, -10.0, -5.0, 0.0]
Q: [0.0, 5.0, 15.0, 10.0, 15.0, 10.0, 0.0, 14.0, 0.0, 6.0, 14.0, 6.0, 0.0, 15.0, 0.0, 12.0, 0.0, 8.0, 0.0, 10.0, 0.0, 7.0, 15.0, 7.0, 0.0, 5.0, 15.0, 5.0, 0.0, 0.0]
B: [0.0, 24.0, 64.0, 67.14445448369, 72.47609381883, 82.10018525647, 84.97134181786, 109.70531270816, 148.21826301066, 159.50262076816, 172.68534996206, 176.73941680907, 180.43379537657, 251.0, 257.94814406874, 283.0, 323.947598037, 378.0, 414.0266187839, 417.35999740026, 434.54497971036, 477.0, 483.82291294097, 516.69179958167, 523.76172815274, 538.0, 565.6633233723, 594.2046351852, 598.60455575266, 632.58593889106]
