Avion: 6      Iteracion: 29

Num Ruta: 32
Ingresos: 102000.0
Costos: 406.871033231
Utilidad Ruta: 101593.128967
Costo Reducido: 85.9881781126
Nodos: [106, 17, 30, 57, 16, 56, 70, 24, 64, 31, 1, 71, 41, 18, 58, 28, 39, 68, 19, 59, 79, 6, 46, 816]
q: [0.0, 5.0, 10.0, -5.0, 5.0, -5.0, -10.0, 14.0, -14.0, 6.0, 7.0, -6.0, -7.0, 11.0, -11.0, 8.0, 7.0, -8.0, 7.0, -7.0, -7.0, 5.0, -5.0, 0.0]
Q: [0.0, 5.0, 15.0, 10.0, 15.0, 10.0, 0.0, 14.0, 0.0, 6.0, 13.0, 7.0, 0.0, 11.0, 0.0, 8.0, 15.0, 7.0, 14.0, 7.0, 0.0, 5.0, 0.0, 0.0]
B: [0.0, 34.2933399948, 67.90705160179999, 71.05150608548999, 76.38314542062999, 86.00723685826999, 88.87839341965999, 113.61236430995999, 152.12531461246, 163.40967236996, 175.0, 193.9896940997, 227.5507818205, 293.0, 316.8182362487, 378.0, 389.3210123222, 420.750419714, 433.28621298769997, 459.91332927919996, 466.22853133455993, 472.91677549875993, 476.6090648969499, 506.8183874481499]
