Avion: 2      Iteracion: 72

Num Ruta: 53
Ingresos: 67200.0
Costos: 197.481465519
Utilidad Ruta: 67002.5185345
Costo Reducido: 18.4263539214
Nodos: [102, 22, 62, 32, 8, 48, 13, 72, 53, 15, 21, 55, 38, 78, 61, 812]
q: [0.0, 10.0, -10.0, 6.0, 8.0, -8.0, 9.0, -6.0, -9.0, 8.0, 7.0, -8.0, 8.0, -8.0, -7.0, 0.0]
Q: [0.0, 10.0, 0.0, 6.0, 14.0, 6.0, 15.0, 9.0, 0.0, 8.0, 15.0, 7.0, 15.0, 7.0, 0.0, 0.0]
B: [0.0, 299.0, 320.7546861389, 422.0, 433.4468981388, 454.2152947548, 456.42597089571, 470.26815067351004, 474.33910105395006, 511.0, 516.67223351071, 527.47150163401, 531.55876734595, 564.42765398665, 571.49758255772, 601.9693995203199]
