Avion: 5      Iteracion: 36

Num Ruta: 38
Ingresos: 56400.0
Costos: 176.363865375
Utilidad Ruta: 56223.6361346
Costo Reducido: 33.6044483287
Nodos: [105, 10, 50, 35, 26, 75, 66, 6, 46, 27, 7, 47, 67, 815]
q: [0.0, 12.0, -12.0, 6.0, 9.0, -6.0, -9.0, 5.0, -5.0, 5.0, 10.0, -10.0, -5.0, 0.0]
Q: [0.0, 12.0, 0.0, 6.0, 15.0, 9.0, 0.0, 5.0, 0.0, 5.0, 15.0, 5.0, 0.0, 0.0]
B: [0.0, 96.0, 125.5195107344, 279.0, 300.0, 309.29300538039, 319.11482114938, 436.0, 439.69228939819, 538.0, 565.6633233723, 594.2046351852, 598.60455575266, 614.79991870016]
