Avion: 2      Iteracion: 23

Num Ruta: 23
Ingresos: 85200.0
Costos: 269.177063325
Utilidad Ruta: 84930.8229367
Costo Reducido: 83.5789892859
Nodos: [102, 31, 71, 34, 74, 26, 66, 5, 45, 21, 61, 37, 77, 812]
q: [0, 6.0, -6.0, 12.0, -12.0, 13.0, -13.0, 12.0, -12.0, 13.0, -13.0, 15.0, -15.0, 0]
Q: [0, 6.0, 0.0, 12.0, 0.0, 13.0, 0.0, 12.0, 0.0, 13.0, 0.0, 15.0, 0.0, 0]
B: [0.0, 130.0, 143.3056140031, 283.0, 323.947598037, 358.0226741044, 375.6019020738, 469.0, 470.12168890518, 498.36127928818, 539.10006996738, 562.6793695328801, 583.4740230043801, 602.1732578550801]
