Avion: 7      Iteracion: 19

Num Ruta: 18
Ingresos: 34800.0
Costos: 109.102399697
Utilidad Ruta: 34690.8976003
Costo Reducido: 126.510486622
Nodos: [107, 16, 56, 10, 50, 35, 75, 817]
q: [0, 11.0, -11.0, 12.0, -12.0, 6.0, -6.0, 0]
Q: [0, 11.0, 0.0, 12.0, 0.0, 6.0, 0.0, 0]
B: [0.0, 36.0, 45.624091437640004, 96.0, 125.5195107344, 279.0, 298.9128833924, 311.7945831638]
