Avion: 5      Iteracion: 0

Num Ruta: 2
Ingresos: 205200.0
Costos: 616.277800815
Utilidad Ruta: 204583.722199
Costo Reducido: -
Nodos: [105, 16, 56, 12, 52, 10, 50, 1, 11, 51, 41, 3, 43, 36, 76, 26, 66, 39, 79, 13, 53, 25, 65, 5, 45, 27, 67, 37, 77, 33, 73, 815]
q: [0, 11.0, -11.0, 14.0, -14.0, 12.0, -12.0, 7.0, 8.0, -8.0, -7.0, 15.0, -15.0, 15.0, -15.0, 13.0, -13.0, 8.0, -8.0, 15.0, -15.0, 10.0, -10.0, 12.0, -12.0, 6.0, -6.0, 15.0, -15.0, 10.0, -10.0, 0]
Q: [0, 11.0, 0.0, 14.0, 0.0, 12.0, 0.0, 7.0, 15.0, 7.0, 0.0, 15.0, 0.0, 15.0, 0.0, 13.0, 0.0, 8.0, 0.0, 15.0, 0.0, 10.0, 0.0, 12.0, 0.0, 6.0, 0.0, 15.0, 0.0, 10.0, 0.0, 0]
B: [0.0, 36.0, 45.624091437640004, 79.57799432084, 122.92591858484, 131.64368894199, 161.16319967639, 199.58254084719002, 218.26336944229, 222.31743628930002, 256.6331656273, 263.7297175365, 268.81399929502, 303.73346459732, 310.68160866606, 350.98399312406, 368.56322109346, 388.26113928296, 410.89332673796, 423.0, 439.88315095, 463.8957169312, 481.0806992413, 504.1429351476, 505.26462405278, 538.0, 555.0308623681, 562.0, 582.7946534714999, 617.3784082994999, 640.6819195370999, 658.4040212747999]
