Avion: 4      Iteracion: 40

Num Ruta: 37
Ingresos: 85200.0
Costos: 306.008573566
Utilidad Ruta: 84893.9914264
Costo Reducido: 5.34768669869
Nodos: [104, 17, 57, 30, 70, 14, 54, 19, 32, 59, 13, 72, 53, 21, 38, 78, 61, 33, 73, 814]
q: [0.0, 5.0, -5.0, 11.0, -11.0, 8.0, -8.0, 7.0, 6.0, -7.0, 9.0, -6.0, -9.0, 13.0, 2.0, -2.0, -13.0, 10.0, -10.0, 0.0]
Q: [0.0, 5.0, 0.0, 11.0, 0.0, 8.0, 0.0, 7.0, 13.0, 6.0, 15.0, 9.0, 0.0, 13.0, 15.0, 13.0, 0.0, 10.0, 0.0, 0.0]
B: [0.0, 24.0, 58.8425537813, 64.0, 82.7140226568, 112.0, 124.021711775, 402.0, 422.0, 441.5724706923, 445.80008999872, 459.64226977652004, 463.71322015696006, 479.22461654796007, 486.0475294889301, 518.9164161296301, 525.9863447007001, 562.0, 585.3035112376, 612.2154949066]
