Avion: 6      Iteracion: 26

Num Ruta: 30
Ingresos: 68400.0
Costos: 249.61323429
Utilidad Ruta: 68150.3867657
Costo Reducido: 45.6438827546
Nodos: [106, 17, 57, 8, 48, 13, 53, 29, 4, 69, 44, 37, 77, 816]
q: [0, 5.0, -5.0, 8.0, -8.0, 15.0, -15.0, 9.0, 5.0, -9.0, -5.0, 15.0, -15.0, 0]
Q: [0, 5.0, 0.0, 8.0, 0.0, 15.0, 0.0, 9.0, 14.0, 5.0, 0.0, 15.0, 0.0, 0]
B: [0.0, 34.2933399948, 69.1358937761, 414.0, 434.768396616, 436.97907275691, 453.86222370691, 549.0, 569.7100026316, 592.5834067727, 604.8024778094, 611.86684989756, 632.66150336906, 674.4815662695601]
