Avion: 6      Iteracion: 76

Num Ruta: 65
Ingresos: 55200.0
Costos: 132.123410016
Utilidad Ruta: 55067.87659
Costo Reducido: 0.914893914647
Nodos: [106, 16, 56, 24, 64, 31, 71, 36, 76, 816]
q: [0, 11.0, -11.0, 14.0, -14.0, 6.0, -6.0, 15.0, -15.0, 0]
Q: [0, 11.0, 0.0, 14.0, 0.0, 6.0, 0.0, 15.0, 0.0, 0]
B: [0.0, 36.0, 45.624091437640004, 70.85029051714, 109.36324081964, 130.0, 143.3056140031, 251.0, 257.94814406874, 264.33607370204004]
