Avion: 7      Iteracion: 36

Num Ruta: 35
Ingresos: 48000.0
Costos: 185.113281338
Utilidad Ruta: 47814.8867187
Costo Reducido: 12.7643586256
Nodos: [107, 12, 52, 6, 46, 38, 21, 78, 61, 27, 67, 817]
q: [0.0, 14.0, -14.0, 5.0, -5.0, 8.0, 7.0, -8.0, -7.0, 6.0, -6.0, 0.0]
Q: [0.0, 14.0, 0.0, 5.0, 0.0, 8.0, 15.0, 7.0, 0.0, 6.0, 0.0, 0.0]
B: [0.0, 54.0, 97.347924264, 436.0, 439.69228939819, 480.0, 486.82291294097, 525.3346514111701, 532.4045799822401, 545.5820281798401, 562.6128905479401, 569.31758532101]
