Avion: 5      Iteracion: 56

Num Ruta: 53
Ingresos: 94800.0
Costos: 270.895789467
Utilidad Ruta: 94529.1042105
Costo Reducido: 2.78414585792
Nodos: [105, 16, 56, 9, 49, 11, 51, 36, 76, 25, 21, 65, 20, 61, 60, 2, 42, 815]
q: [0.0, 11.0, -11.0, 11.0, -11.0, 8.0, -8.0, 15.0, -15.0, 10.0, 5.0, -10.0, 10.0, -5.0, -10.0, 9.0, -9.0, 0.0]
Q: [0.0, 11.0, 0.0, 11.0, 0.0, 8.0, 0.0, 15.0, 0.0, 10.0, 15.0, 5.0, 15.0, 10.0, 0.0, 9.0, 0.0, 0.0]
B: [0.0, 36.0, 45.624091437640004, 75.68094759394, 105.20818459644, 169.0, 173.05406684701, 251.0, 257.94814406874, 410.0, 477.0, 485.168713485, 496.0, 532.4252917215, 553.0247123444, 560.35500960986, 601.08997165726, 615.79014866296]
