Avion: 4      Iteracion: 19

Num Ruta: 21
Ingresos: 98400.0
Costos: 351.280427441
Utilidad Ruta: 98048.7195726
Costo Reducido: 202.478295084
Nodos: [104, 17, 57, 16, 56, 10, 50, 35, 75, 34, 74, 39, 28, 79, 68, 25, 65, 15, 55, 814]
q: [0.0, 5.0, -5.0, 11.0, -11.0, 12.0, -12.0, 6.0, -6.0, 12.0, -12.0, 8.0, 7.0, -8.0, -7.0, 10.0, -10.0, 11.0, -11.0, 0.0]
Q: [0.0, 5.0, 0.0, 11.0, 0.0, 12.0, 0.0, 6.0, 0.0, 12.0, 0.0, 8.0, 15.0, 7.0, 0.0, 10.0, 0.0, 11.0, 0.0, 0.0]
B: [0.0, 24.0, 58.8425537813, 64.17419311644, 73.79828455408, 96.0, 125.5195107344, 279.0, 298.9128833924, 340.34711220139997, 381.29471023839994, 390.63136199370996, 401.95237431590994, 414.94286133530994, 450.95577246450995, 454.28915108086994, 471.47413339096994, 511.0, 527.4211666151, 542.766156286]
