Avion: 4      Iteracion: 71

Num Ruta: 54
Ingresos: 84000.0
Costos: 291.112606931
Utilidad Ruta: 83708.8873931
Costo Reducido: 9.81907200725
Nodos: [104, 1, 41, 23, 18, 58, 63, 28, 68, 25, 65, 20, 7, 47, 60, 2, 33, 73, 42, 814]
q: [0.0, 7.0, -7.0, 10.0, 5.0, -5.0, -10.0, 8.0, -8.0, 10.0, -10.0, 10.0, 5.0, -5.0, -10.0, 9.0, 6.0, -6.0, -9.0, 0.0]
Q: [0.0, 7.0, 0.0, 10.0, 15.0, 10.0, 0.0, 8.0, 0.0, 10.0, 0.0, 10.0, 15.0, 10.0, 0.0, 9.0, 15.0, 9.0, 0.0, 0.0]
B: [0.0, 175.0, 209.2400855285, 267.0, 293.0, 316.8182362487, 326.74376782137, 378.0, 414.0266187839, 417.35999740026, 434.54497971036, 496.0, 517.0, 545.5413118129, 558.5049963585999, 565.8352936240599, 579.6208945540599, 602.9244057916599, 621.4431898230598, 630.2408304726898]
