Avion: 4      Iteracion: 39

Num Ruta: 36
Ingresos: 105600.0
Costos: 355.419901499
Utilidad Ruta: 105244.580099
Costo Reducido: 53.2057179087
Nodos: [104, 17, 57, 12, 52, 10, 50, 35, 26, 75, 66, 28, 68, 25, 65, 20, 4, 44, 60, 2, 42, 814]
q: [0.0, 5.0, -5.0, 14.0, -14.0, 12.0, -12.0, 6.0, 9.0, -6.0, -9.0, 8.0, -8.0, 10.0, -10.0, 10.0, 5.0, -5.0, -10.0, 9.0, -9.0, 0.0]
Q: [0.0, 5.0, 0.0, 14.0, 0.0, 12.0, 0.0, 6.0, 15.0, 9.0, 0.0, 8.0, 0.0, 10.0, 0.0, 10.0, 15.0, 10.0, 0.0, 9.0, 0.0, 0.0]
B: [0.0, 24.0, 58.8425537813, 78.5512475229, 121.8991717869, 130.61694214405, 160.13645287845, 279.0, 300.0, 309.29300538039, 319.11482114938, 378.0, 414.0266187839, 417.35999740026, 434.54497971036, 496.0, 529.0, 549.4257496801999, 561.2869729308, 568.6172701962599, 609.35223224366, 618.14987289329]
