Avion: 6      Iteracion: 64

Num Ruta: 60
Ingresos: 73200.0
Costos: 194.995443804
Utilidad Ruta: 73005.0045562
Costo Reducido: 8.61038323573
Nodos: [106, 16, 30, 56, 70, 40, 80, 31, 71, 36, 76, 25, 65, 816]
q: [0.0, 4.0, 11.0, -4.0, -11.0, 15.0, -15.0, 6.0, -6.0, 15.0, -15.0, 10.0, -10.0, 0.0]
Q: [0.0, 4.0, 15.0, 11.0, 0.0, 15.0, 0.0, 6.0, 0.0, 15.0, 0.0, 10.0, 0.0, 0.0]
B: [0.0, 36.0, 64.0, 80.9852936389, 83.85645020029, 114.66630427329, 147.23574605539, 170.57423505959, 183.87984906269, 251.0, 257.94814406874, 410.0, 427.1849823101, 434.85478908733]
