Avion: 1      Iteracion: 23

Num Ruta: 25
Ingresos: 58800.0
Costos: 247.042114999
Utilidad Ruta: 58552.957885
Costo Reducido: 87.8208460461
Nodos: [101, 9, 49, 34, 74, 26, 66, 21, 61, 811]
q: [0, 11.0, -11.0, 12.0, -12.0, 13.0, -13.0, 13.0, -13.0, 0]
Q: [0, 11.0, 0.0, 12.0, 0.0, 13.0, 0.0, 13.0, 0.0, 0]
B: [0.0, 28.0, 57.5272370025, 283.0, 323.947598037, 358.0226741044, 375.6019020738, 477.0, 517.7387906792, 536.8977052882999]
