Avion: 7      Iteracion: 16

Num Ruta: 16
Ingresos: 48000.0
Costos: 174.731990275
Utilidad Ruta: 47825.2680097
Costo Reducido: 158.671194645
Nodos: [107, 1, 41, 8, 48, 7, 47, 37, 77, 817]
q: [0, 7.0, -7.0, 8.0, -8.0, 10.0, -10.0, 15.0, -15.0, 0]
Q: [0, 7.0, 0.0, 8.0, 0.0, 10.0, 0.0, 15.0, 0.0, 0]
B: [0.0, 175.0, 209.2400855285, 414.0, 434.768396616, 517.0, 545.5413118129, 562.0, 582.7946534714999, 598.3690418383]
