Avion: 4      Iteracion: 11

Num Ruta: 13
Ingresos: 140400.0
Costos: 457.354770905
Utilidad Ruta: 139942.645229
Costo Reducido: 1825.4385918
Nodos: [104, 17, 16, 56, 57, 12, 52, 10, 50, 35, 26, 75, 66, 22, 62, 25, 65, 5, 45, 20, 15, 55, 4, 44, 60, 2, 42, 814]
q: [0.0, 5.0, 10.0, -10.0, -5.0, 14.0, -14.0, 12.0, -12.0, 2.0, 13.0, -2.0, -13.0, 10.0, -10.0, 10.0, -10.0, 12.0, -12.0, 10.0, 5.0, -5.0, 5.0, -5.0, -10.0, 9.0, -9.0, 0.0]
Q: [0.0, 5.0, 15.0, 5.0, 0.0, 14.0, 0.0, 12.0, 0.0, 2.0, 15.0, 13.0, 0.0, 10.0, 0.0, 10.0, 0.0, 12.0, 0.0, 10.0, 15.0, 10.0, 15.0, 10.0, 0.0, 9.0, 0.0, 0.0]
B: [0.0, 24.0, 58.8014769802, 68.42556841784, 83.07333718993999, 102.78203093153999, 146.12995519554, 154.84772555268998, 184.36723628708998, 279.0, 300.0, 309.29300538039, 319.11482114938, 332.74900179948, 354.50368793838004, 410.0, 427.1849823101, 469.0, 470.12168890518, 496.0, 511.0, 527.4211666151, 532.99584588839, 553.42159556859, 565.28281881919, 572.61311608465, 613.34807813205, 622.14571878168]
