Avion: 2      Iteracion: 33

Num Ruta: 30
Ingresos: 12000.0
Costos: 40.5198652656
Utilidad Ruta: 11959.4801347
Costo Reducido: 5.45598191656
Nodos: [102, 22, 62, 812]
q: [0, 10.0, -10.0, 0]
Q: [0, 10.0, 0.0, 0]
B: [0.0, 299.0, 320.7546861389, 336.7201258134]
