Avion: 5      Iteracion: 8

Num Ruta: 11
Ingresos: 93600.0
Costos: 351.273132541
Utilidad Ruta: 93248.7268675
Costo Reducido: 396919.932717
Nodos: [105, 16, 56, 24, 64, 22, 62, 25, 65, 38, 78, 29, 27, 67, 69, 33, 73, 815]
q: [0, 11.0, -11.0, 14.0, -14.0, 10.0, -10.0, 10.0, -10.0, 8.0, -8.0, 9.0, 6.0, -6.0, -9.0, 10.0, -10.0, 0]
Q: [0, 11.0, 0.0, 14.0, 0.0, 10.0, 0.0, 10.0, 0.0, 8.0, 0.0, 9.0, 15.0, 9.0, 0.0, 10.0, 0.0, 0]
B: [0.0, 36.0, 45.624091437640004, 70.85029051714, 109.36324081964, 299.0, 320.7546861389, 410.0, 427.1849823101, 480.0, 512.8688866407, 549.0, 574.6018082369, 591.6326706049999, 607.0800481818, 615.931539864, 639.2350511016, 656.9571528393]
