Avion: 2      Iteracion: 0

Num Ruta: 1
Ingresos: 80400.0
Costos: 346.284054042
Utilidad Ruta: 80053.715946
Costo Reducido: -
Nodos: [102, 31, 1, 71, 41, 36, 76, 34, 74, 22, 62, 19, 59, 20, 60, 812]
q: [0, 6.0, 7.0, -6.0, -7.0, 15.0, -15.0, 12.0, -12.0, 10.0, -10.0, 7.0, -7.0, 10.0, -10.0, 0]
Q: [0, 6.0, 13.0, 7.0, 0.0, 15.0, 0.0, 12.0, 0.0, 10.0, 0.0, 7.0, 0.0, 10.0, 0.0, 0]
B: [0.0, 130.0, 175.0, 193.9896940997, 227.5507818205, 261.49868545239997, 268.44682952114, 283.0, 323.947598037, 353.69889745399996, 375.4535835929, 402.0, 428.6271162915, 496.0, 538.1771424471, 567.6561431255]
