Avion: 7      Iteracion: 33

Num Ruta: 32
Ingresos: 55200.0
Costos: 132.521480819
Utilidad Ruta: 55067.4785192
Costo Reducido: 29.062611067
Nodos: [107, 31, 11, 51, 71, 34, 74, 39, 79, 5, 45, 817]
q: [0, 6.0, 8.0, -8.0, -6.0, 12.0, -12.0, 8.0, -8.0, 12.0, -12.0, 0]
Q: [0, 6.0, 14.0, 6.0, 0.0, 12.0, 0.0, 8.0, 0.0, 12.0, 0.0, 0]
B: [0.0, 130.0, 169.0, 173.05406684701, 176.74844541451, 283.0, 323.947598037, 388.0, 410.632187455, 469.0, 470.12168890518, 474.86120417575]
