Avion: 7      Iteracion: 0

Num Ruta: 1
Ingresos: 56400.0
Costos: 177.871979758
Utilidad Ruta: 56222.1280202
Costo Reducido: -
Nodos: [107, 16, 56, 14, 54, 26, 66, 37, 77, 817]
q: [0, 11.0, -11.0, 8.0, -8.0, 13.0, -13.0, 15.0, -15.0, 0]
Q: [0, 11.0, 0.0, 8.0, 0.0, 13.0, 0.0, 15.0, 0.0, 0]
B: [0.0, 36.0, 45.624091437640004, 112.0, 124.021711775, 300.0, 317.5792279694, 562.0, 582.7946534714999, 598.3690418383]
