Avion: 4      Iteracion: 14

Num Ruta: 16
Ingresos: 81600.0
Costos: 407.347714374
Utilidad Ruta: 81192.6522856
Costo Reducido: 301.762243885
Nodos: [104, 17, 57, 40, 80, 14, 54, 1, 41, 23, 36, 76, 34, 63, 74, 39, 6, 46, 79, 814]
q: [0.0, 5.0, -5.0, 15.0, -15.0, 8.0, -8.0, 7.0, -7.0, 10.0, 5.0, -5.0, 5.0, -10.0, -5.0, 8.0, 5.0, -5.0, -8.0, 0.0]
Q: [0.0, 5.0, 0.0, 15.0, 0.0, 8.0, 0.0, 7.0, 0.0, 10.0, 15.0, 10.0, 15.0, 5.0, 0.0, 8.0, 13.0, 8.0, 0.0, 0.0]
B: [0.0, 24.0, 58.8425537813, 82.5415246028, 115.1109663849, 143.6893683171, 155.7110800921, 191.39280931029998, 225.63289483879998, 267.0, 301.145140152, 308.09328422074003, 321.81303221404005, 358.30854318454004, 374.82819887104006, 388.0, 436.0, 439.69228939819, 449.87740525418997, 481.42527541999]
