Avion: 5      Iteracion: 71

Num Ruta: 64
Ingresos: 75600.0
Costos: 230.469493513
Utilidad Ruta: 75369.5305065
Costo Reducido: 9.75856235845
Nodos: [105, 30, 16, 56, 70, 24, 64, 1, 41, 8, 19, 59, 48, 5, 45, 815]
q: [0.0, 11.0, 4.0, -4.0, -11.0, 14.0, -14.0, 7.0, -7.0, 8.0, 7.0, -7.0, -8.0, 12.0, -12.0, 0.0]
Q: [0.0, 11.0, 15.0, 11.0, 0.0, 14.0, 0.0, 7.0, 0.0, 8.0, 15.0, 8.0, 0.0, 12.0, 0.0, 0.0]
B: [0.0, 64.0, 72.20259129788, 81.82668273552001, 84.69783929691, 109.43181018721, 147.94476048971, 175.0, 209.2400855285, 414.0, 437.1608815463, 463.7879978378, 466.71611702935996, 476.46892790622996, 477.59061681141, 490.81482158900997]
