Avion: 2      Iteracion: 17

Num Ruta: 17
Ingresos: 108000.0
Costos: 340.200029372
Utilidad Ruta: 107659.799971
Costo Reducido: 243.725746555
Nodos: [102, 16, 56, 9, 49, 36, 76, 18, 58, 19, 59, 6, 46, 13, 53, 29, 7, 47, 69, 812]
q: [0.0, 11.0, -11.0, 11.0, -11.0, 15.0, -15.0, 11.0, -11.0, 7.0, -7.0, 5.0, -5.0, 15.0, -15.0, 9.0, 6.0, -6.0, -9.0, 0.0]
Q: [0.0, 11.0, 0.0, 11.0, 0.0, 15.0, 0.0, 11.0, 0.0, 7.0, 0.0, 5.0, 0.0, 15.0, 0.0, 9.0, 15.0, 9.0, 0.0, 0.0]
B: [0.0, 36.0, 45.624091437640004, 75.68094759394, 105.20818459644, 251.0, 257.94814406874, 293.0, 316.8182362487, 402.0, 428.6271162915, 440.41813528899996, 444.11042468718995, 457.52049079438996, 474.40364174439, 549.0, 570.2768523283, 598.8181641412, 611.1149679942, 635.2398482012001]
