Avion: 2      Iteracion: 46

Num Ruta: 37
Ingresos: 79200.0
Costos: 300.341570279
Utilidad Ruta: 78899.6584297
Costo Reducido: 0.869113369321
Nodos: [102, 9, 49, 12, 52, 1, 41, 23, 63, 13, 53, 29, 69, 812]
q: [0, 11.0, -11.0, 14.0, -14.0, 7.0, -7.0, 10.0, -10.0, 15.0, -15.0, 9.0, -9.0, 0]
Q: [0, 11.0, 0.0, 14.0, 0.0, 7.0, 0.0, 10.0, 0.0, 15.0, 0.0, 9.0, 0.0, 0]
B: [0.0, 33.6128854013, 63.1401224038, 73.9271591609, 117.2750834249, 175.0, 209.2400855285, 267.0, 306.733842905, 423.0, 439.88315095, 549.0, 582.7797797802, 606.9046599872]
