Avion: 3      Iteracion: 11

Num Ruta: 13
Ingresos: 45600.0
Costos: 254.990252458
Utilidad Ruta: 45345.0097475
Costo Reducido: 491.569958119
Nodos: [103, 17, 57, 24, 64, 7, 47, 2, 42, 813]
q: [0, 5.0, -5.0, 14.0, -14.0, 10.0, -10.0, 9.0, -9.0, 0]
Q: [0, 5.0, 0.0, 14.0, 0.0, 10.0, 0.0, 9.0, 0.0, 0]
B: [0.0, 48.6245240388, 83.4670778201, 100.0253611248, 138.53831142730002, 517.0, 545.5413118129, 555.6714802715, 596.4064423189, 610.7642110871]
