Avion: 7      Iteracion: 4

Num Ruta: 7
Ingresos: 168000.0
Costos: 538.920142964
Utilidad Ruta: 167461.079857
Costo Reducido: 201496.048357
Nodos: [107, 12, 52, 30, 70, 14, 54, 11, 51, 23, 18, 58, 63, 26, 66, 28, 39, 68, 25, 65, 79, 6, 46, 5, 45, 7, 4, 47, 44, 33, 73, 27, 67, 817]
q: [0.0, 14.0, -14.0, 11.0, -11.0, 8.0, -8.0, 8.0, -8.0, 10.0, 5.0, -5.0, -10.0, 13.0, -13.0, 8.0, 5.0, -8.0, 10.0, -10.0, -5.0, 5.0, -5.0, 12.0, -12.0, 10.0, 5.0, -10.0, -5.0, 10.0, -10.0, 6.0, -6.0, 0.0]
Q: [0.0, 14.0, 0.0, 11.0, 0.0, 8.0, 0.0, 8.0, 0.0, 10.0, 15.0, 10.0, 0.0, 13.0, 0.0, 8.0, 13.0, 5.0, 15.0, 5.0, 0.0, 5.0, 0.0, 12.0, 0.0, 10.0, 15.0, 5.0, 0.0, 10.0, 0.0, 6.0, 0.0, 0.0]
B: [0.0, 54.0, 97.347924264, 122.72227077779999, 141.4362934346, 169.2322340915, 181.2539458665, 210.7023749757, 214.75644182271, 267.0, 293.0, 316.8182362487, 326.74376782137, 346.43014059547, 364.00936856487, 378.0, 389.3210123222, 420.750419714, 424.08379833035997, 441.26878064045997, 460.17589178945997, 466.86413595365997, 470.55642535184995, 488.94528556664994, 490.06697447182995, 517.0, 529.0, 548.2723609867, 549.43273506431, 562.0, 585.3035112376, 592.52226459258, 609.55312696068, 616.2578217337499]
