Avion: 1      Iteracion: 66

Num Ruta: 54
Ingresos: 22800.0
Costos: 79.7719740604
Utilidad Ruta: 22720.2280259
Costo Reducido: 11.6810357587
Nodos: [101, 12, 52, 6, 46, 811]
q: [0, 14.0, -14.0, 5.0, -5.0, 0]
Q: [0, 14.0, 0.0, 5.0, 0.0, 0]
B: [0.0, 54.0, 97.347924264, 436.0, 439.69228939819, 455.73144673268996]
