Avion: 1      Iteracion: 0

Num Ruta: 2
Ingresos: 153600.0
Costos: 545.016483939
Utilidad Ruta: 153054.983516
Costo Reducido: -
Nodos: [101, 9, 49, 40, 80, 10, 50, 1, 11, 51, 41, 3, 43, 36, 76, 18, 58, 39, 6, 46, 79, 32, 72, 21, 38, 78, 61, 811]
q: [0.0, 11.0, -11.0, 15.0, -15.0, 12.0, -12.0, 7.0, 8.0, -8.0, -7.0, 15.0, -15.0, 15.0, -15.0, 11.0, -11.0, 8.0, 5.0, -5.0, -8.0, 6.0, -6.0, 13.0, 2.0, -2.0, -13.0, 0.0]
Q: [0.0, 11.0, 0.0, 15.0, 0.0, 12.0, 0.0, 7.0, 15.0, 7.0, 0.0, 15.0, 0.0, 15.0, 0.0, 11.0, 0.0, 8.0, 13.0, 8.0, 0.0, 6.0, 0.0, 13.0, 15.0, 13.0, 0.0, 0.0]
B: [0.0, 28.0, 57.5272370025, 86.4860319533, 119.0554737354, 136.2361678133, 165.7556785477, 204.1750197185, 222.8558483136, 226.90991516061, 261.22564449861, 268.32219640781, 273.40647816633, 308.32594346863, 315.27408753737, 336.15694780607, 359.97518405476995, 388.0, 436.0, 439.69228939819, 449.87740525418997, 475.48924665618995, 503.34660247108997, 521.7585340644899, 528.58144700546, 561.45033364616, 568.52026221723, 587.6791768263299]
