Avion: 5      Iteracion: 44

Num Ruta: 44
Ingresos: 133200.0
Costos: 389.559171772
Utilidad Ruta: 132810.440828
Costo Reducido: 20.0033800889
Nodos: [105, 30, 70, 16, 56, 31, 71, 36, 76, 34, 74, 39, 79, 13, 53, 20, 5, 45, 60, 2, 42, 29, 69, 815]
q: [0.0, 11.0, -11.0, 11.0, -11.0, 6.0, -6.0, 15.0, -15.0, 12.0, -12.0, 8.0, -8.0, 15.0, -15.0, 10.0, 5.0, -5.0, -10.0, 9.0, -9.0, 9.0, -9.0, 0.0]
Q: [0.0, 11.0, 0.0, 11.0, 0.0, 6.0, 0.0, 15.0, 0.0, 12.0, 0.0, 8.0, 0.0, 15.0, 0.0, 10.0, 15.0, 10.0, 0.0, 9.0, 0.0, 9.0, 0.0, 0.0]
B: [0.0, 64.0, 82.7140226568, 93.53069441849999, 103.15478585614, 130.0, 143.3056140031, 251.0, 257.94814406874, 283.0, 323.947598037, 388.0, 410.632187455, 423.0, 439.88315095, 496.0, 519.9123369832, 521.03402588838, 540.17366112528, 547.50395839074, 588.23892043814, 598.04366097525, 631.82344075545, 656.80937441825]
