Avion: 3      Iteracion: 41

Num Ruta: 42
Ingresos: 75600.0
Costos: 299.791826359
Utilidad Ruta: 75300.2081736
Costo Reducido: 13.1159156791
Nodos: [103, 40, 80, 10, 50, 35, 75, 19, 25, 65, 59, 38, 21, 78, 61, 813]
q: [0.0, 15.0, -15.0, 12.0, -12.0, 6.0, -6.0, 7.0, 8.0, -8.0, -7.0, 8.0, 7.0, -8.0, -7.0, 0.0]
Q: [0.0, 15.0, 0.0, 12.0, 0.0, 6.0, 0.0, 7.0, 15.0, 7.0, 0.0, 8.0, 15.0, 7.0, 0.0, 0.0]
B: [0.0, 62.0, 94.5694417821, 111.75013586, 141.2696465944, 279.0, 298.9128833924, 402.0, 411.3920072402, 428.57698955029997, 445.3638459862, 480.0, 486.82291294097, 525.3346514111701, 532.4045799822401, 570.9418655249401]
