Avion: 1      Iteracion: 34

Num Ruta: 34
Ingresos: 45600.0
Costos: 210.302318868
Utilidad Ruta: 45389.6976811
Costo Reducido: 28.9131997378
Nodos: [101, 9, 49, 12, 52, 1, 41, 32, 72, 811]
q: [0, 11.0, -11.0, 14.0, -14.0, 7.0, -7.0, 6.0, -6.0, 0]
Q: [0, 11.0, 0.0, 14.0, 0.0, 7.0, 0.0, 6.0, 0.0, 0]
B: [0.0, 28.0, 57.5272370025, 68.3142737596, 111.6621980236, 175.0, 209.2400855285, 422.0, 449.8573558149, 457.68658578981]
