Avion: 6      Iteracion: 49

Num Ruta: 51
Ingresos: 92400.0
Costos: 292.240673892
Utilidad Ruta: 92107.7593261
Costo Reducido: 5.75543615737
Nodos: [106, 9, 49, 14, 54, 3, 43, 23, 63, 28, 68, 25, 65, 21, 38, 78, 61, 816]
q: [0.0, 11.0, -11.0, 8.0, -8.0, 15.0, -15.0, 10.0, -10.0, 8.0, -8.0, 10.0, -10.0, 7.0, 8.0, -8.0, -7.0, 0.0]
Q: [0.0, 11.0, 0.0, 8.0, 0.0, 15.0, 0.0, 10.0, 0.0, 8.0, 0.0, 10.0, 0.0, 7.0, 15.0, 7.0, 0.0, 0.0]
B: [0.0, 35.5829922575, 65.11022926000001, 112.0, 124.021711775, 256.0, 261.08428175852, 267.0, 306.733842905, 378.0, 414.0266187839, 417.35999740026, 434.54497971036, 477.0, 483.82291294097, 516.69179958167, 523.76172815274, 557.69225991984]
