Avion: 1      Iteracion: 44

Num Ruta: 41
Ingresos: 38400.0
Costos: 87.6565681532
Utilidad Ruta: 38312.3434318
Costo Reducido: 23.6924973609
Nodos: [101, 30, 70, 16, 56, 33, 73, 811]
q: [0, 11.0, -11.0, 11.0, -11.0, 10.0, -10.0, 0]
Q: [0, 11.0, 0.0, 11.0, 0.0, 10.0, 0.0, 0]
B: [0.0, 64.0, 82.7140226568, 93.53069441849999, 103.15478585614, 562.0, 585.3035112376, 591.22248750043]
