Avion: 5      Iteracion: 10

Num Ruta: 13
Ingresos: 146400.0
Costos: 561.5650288
Utilidad Ruta: 145838.434971
Costo Reducido: 201571.541082
Nodos: [105, 17, 57, 24, 9, 49, 31, 64, 1, 71, 41, 23, 35, 63, 75, 26, 66, 19, 8, 59, 48, 6, 46, 13, 53, 15, 20, 55, 4, 44, 60, 27, 67, 815]
q: [0.0, 5.0, -5.0, 4.0, 11.0, -11.0, 6.0, -4.0, 7.0, -6.0, -7.0, 9.0, 6.0, -9.0, -6.0, 13.0, -13.0, 7.0, 8.0, -7.0, -8.0, 5.0, -5.0, 15.0, -15.0, 5.0, 10.0, -5.0, 5.0, -5.0, -10.0, 6.0, -6.0, 0.0]
Q: [0.0, 5.0, 0.0, 4.0, 15.0, 4.0, 10.0, 6.0, 13.0, 7.0, 0.0, 9.0, 15.0, 6.0, 0.0, 13.0, 0.0, 7.0, 15.0, 8.0, 0.0, 5.0, 0.0, 15.0, 0.0, 5.0, 15.0, 10.0, 15.0, 10.0, 0.0, 6.0, 0.0, 0.0]
B: [0.0, 24.8000597782, 59.6426135595, 76.2008968642, 82.63777390202, 112.16501090452, 130.0, 141.2843577575, 175.0, 193.9896940997, 227.5507818205, 267.0, 307.4405515417, 336.9605871955, 349.5791326743, 358.87213805469, 376.45136602409, 407.30324027829, 430.46412182459, 448.42108125539, 451.34920044694996, 460.53987207638, 464.23216147457, 477.64222758177, 494.52537853177, 514.48240428717, 524.78329638447, 530.91714843681, 536.4918277101, 556.9175773903, 568.7788006409, 595.0795639948001, 612.1104263629001, 628.3057893104001]
