Avion: 6      Iteracion: 52

Num Ruta: 54
Ingresos: 84000.0
Costos: 248.295889058
Utilidad Ruta: 83751.7041109
Costo Reducido: 3.56978527782
Nodos: [106, 14, 54, 3, 43, 19, 32, 59, 13, 72, 53, 38, 21, 78, 61, 33, 73, 816]
q: [0.0, 8.0, -8.0, 15.0, -15.0, 7.0, 6.0, -7.0, 9.0, -6.0, -9.0, 2.0, 13.0, -2.0, -13.0, 10.0, -10.0, 0.0]
Q: [0.0, 8.0, 0.0, 15.0, 0.0, 7.0, 13.0, 6.0, 15.0, 9.0, 0.0, 2.0, 15.0, 13.0, 0.0, 10.0, 0.0, 0.0]
B: [0.0, 112.0, 124.021711775, 256.0, 261.08428175852, 402.0, 422.0, 441.5724706923, 445.80008999872, 459.64226977652004, 463.71322015696006, 480.0, 486.82291294097, 525.3346514111701, 532.4045799822401, 562.0, 585.3035112376, 599.1444684661]
