Avion: 6      Iteracion: 57

Num Ruta: 57
Ingresos: 57600.0
Costos: 134.055572183
Utilidad Ruta: 57465.9444278
Costo Reducido: 9.06918352899
Nodos: [106, 16, 56, 24, 64, 11, 51, 36, 76, 816]
q: [0, 11.0, -11.0, 14.0, -14.0, 8.0, -8.0, 15.0, -15.0, 0]
Q: [0, 11.0, 0.0, 14.0, 0.0, 8.0, 0.0, 15.0, 0.0, 0]
B: [0.0, 36.0, 45.624091437640004, 70.85029051714, 109.36324081964, 169.0, 173.05406684701, 251.0, 257.94814406874, 264.33607370204004]
