Avion: 5      Iteracion: 7

Num Ruta: 10
Ingresos: 92400.0
Costos: 430.999668741
Utilidad Ruta: 91969.0003313
Costo Reducido: 95167.5258168
Nodos: [105, 12, 52, 14, 54, 36, 76, 34, 74, 25, 65, 38, 78, 20, 60, 815]
q: [0, 14.0, -14.0, 8.0, -8.0, 15.0, -15.0, 12.0, -12.0, 10.0, -10.0, 8.0, -8.0, 10.0, -10.0, 0]
Q: [0, 14.0, 0.0, 8.0, 0.0, 15.0, 0.0, 12.0, 0.0, 10.0, 0.0, 8.0, 0.0, 10.0, 0.0, 0]
B: [0.0, 54.0, 97.347924264, 133.8671580457, 145.8888698207, 251.0, 257.94814406874, 283.0, 323.947598037, 410.0, 427.1849823101, 480.0, 512.8688866407, 547.495222124, 589.6723645710999, 622.0253849710999]
