Avion: 5      Iteracion: 17

Num Ruta: 19
Ingresos: 80400.0
Costos: 256.96171039
Utilidad Ruta: 80143.0382896
Costo Reducido: 234.465433158
Nodos: [105, 17, 57, 30, 70, 16, 56, 36, 76, 29, 7, 47, 69, 33, 73, 815]
q: [0.0, 5.0, -5.0, 11.0, -11.0, 11.0, -11.0, 15.0, -15.0, 9.0, 6.0, -6.0, -9.0, 10.0, -10.0, 0.0]
Q: [0.0, 5.0, 0.0, 11.0, 0.0, 11.0, 0.0, 15.0, 0.0, 9.0, 15.0, 9.0, 0.0, 10.0, 0.0, 0.0]
B: [0.0, 24.8000597782, 59.6426135595, 64.0, 82.7140226568, 93.53069441849999, 103.15478585614, 251.0, 257.94814406874, 549.0, 570.2768523283, 598.8181641412, 611.1149679942, 619.9664596764001, 643.269970914, 660.9920726517]
