Avion: 3      Iteracion: 4

Num Ruta: 6
Ingresos: 120000.0
Costos: 441.240059137
Utilidad Ruta: 119558.759941
Costo Reducido: 223088.017194
Nodos: [103, 12, 52, 30, 70, 14, 54, 11, 51, 23, 26, 63, 66, 18, 58, 25, 65, 39, 79, 13, 53, 813]
q: [0.0, 14.0, -14.0, 11.0, -11.0, 8.0, -8.0, 8.0, -8.0, 10.0, 5.0, -10.0, -5.0, 11.0, -11.0, 10.0, -10.0, 8.0, -8.0, 15.0, -15.0, 0.0]
Q: [0.0, 14.0, 0.0, 11.0, 0.0, 8.0, 0.0, 8.0, 0.0, 10.0, 15.0, 5.0, 0.0, 11.0, 0.0, 10.0, 0.0, 8.0, 0.0, 15.0, 0.0, 0.0]
B: [0.0, 54.0, 97.347924264, 122.72227077779999, 141.4362934346, 169.2322340915, 181.2539458665, 210.7023749757, 214.75644182271, 267.0, 301.4413435423, 321.1277163164, 324.19478869898, 347.47345945138, 371.29169570007997, 410.0, 427.1849823101, 446.3261919114, 468.9583793664, 472.19031315284997, 489.07346410285, 513.17588068295]
