Avion: 6      Iteracion: 17

Num Ruta: 21
Ingresos: 74400.0
Costos: 249.1643353
Utilidad Ruta: 74150.8356647
Costo Reducido: 124.283605089
Nodos: [106, 16, 56, 9, 49, 32, 19, 72, 59, 5, 45, 7, 4, 47, 44, 816]
q: [0, 11.0, -11.0, 11.0, -11.0, 6.0, 7.0, -6.0, -7.0, 12.0, -12.0, 10.0, 5.0, -10.0, -5.0, 0]
Q: [0, 11.0, 0.0, 11.0, 0.0, 6.0, 13.0, 7.0, 0.0, 12.0, 0.0, 10.0, 15.0, 5.0, 0.0, 0]
B: [0.0, 36.0, 45.624091437640004, 75.68094759394, 105.20818459644, 422.0, 433.71491463899997, 461.3697862171, 478.4971626653, 486.34747590745997, 487.46916481264, 517.0, 529.0, 548.2723609867, 549.43273506431, 583.03144957841]
