Avion: 5      Iteracion: 15

Num Ruta: 18
Ingresos: 126000.0
Costos: 415.442958429
Utilidad Ruta: 125584.557042
Costo Reducido: 415.145970428
Nodos: [105, 30, 70, 24, 64, 11, 51, 34, 74, 39, 6, 46, 79, 13, 53, 21, 61, 33, 73, 29, 69, 815]
q: [0, 11.0, -11.0, 14.0, -14.0, 8.0, -8.0, 12.0, -12.0, 8.0, 5.0, -5.0, -8.0, 15.0, -15.0, 13.0, -13.0, 10.0, -10.0, 9.0, -9.0, 0]
Q: [0, 11.0, 0.0, 14.0, 0.0, 8.0, 0.0, 12.0, 0.0, 8.0, 13.0, 8.0, 0.0, 15.0, 0.0, 13.0, 0.0, 10.0, 0.0, 9.0, 0.0, 0]
B: [0.0, 64.0, 82.7140226568, 107.4479935471, 145.9609438496, 169.0, 173.05406684701, 283.0, 323.947598037, 388.0, 436.0, 439.69228939819, 449.87740525418997, 453.10933904063995, 469.99248999063997, 485.50388638164, 526.2426770608399, 562.0, 585.3035112376, 603.6868304428, 637.466610223, 662.4525438858]
