Avion: 6      Iteracion: 16

Num Ruta: 20
Ingresos: 154800.0
Costos: 511.542709313
Utilidad Ruta: 154288.457291
Costo Reducido: 217.662487714
Nodos: [106, 16, 56, 40, 80, 1, 41, 3, 43, 23, 26, 66, 63, 28, 39, 68, 32, 79, 13, 72, 53, 21, 7, 61, 27, 67, 47, 37, 77, 816]
q: [0.0, 11.0, -11.0, 15.0, -15.0, 7.0, -7.0, 15.0, -15.0, 2.0, 13.0, -13.0, -2.0, 8.0, 7.0, -8.0, 6.0, -7.0, 9.0, -6.0, -9.0, 6.0, 9.0, -6.0, 6.0, -6.0, -9.0, 15.0, -15.0, 0.0]
Q: [0.0, 11.0, 0.0, 15.0, 0.0, 7.0, 0.0, 15.0, 0.0, 2.0, 15.0, 2.0, 0.0, 8.0, 15.0, 7.0, 13.0, 6.0, 15.0, 9.0, 0.0, 6.0, 15.0, 9.0, 15.0, 9.0, 0.0, 15.0, 0.0, 0.0]
B: [0.0, 36.0, 45.624091437640004, 77.27284989674001, 109.84229167884001, 175.0, 209.2400855285, 256.0, 261.08428175852, 267.0, 301.4413435423, 319.0205715117, 322.08764389428, 378.0, 389.3210123222, 420.750419714, 444.20552824069995, 469.81736964269993, 473.0493034291499, 486.89148320694994, 490.96243358738997, 506.47382997839, 517.24129137839, 556.77086953199, 569.94831772959, 586.97918009769, 591.37910066515, 598.55191217808, 619.34656564958, 661.1666285500801]
