Avion: 1      Iteracion: 48

Num Ruta: 44
Ingresos: 25200.0
Costos: 81.0141122537
Utilidad Ruta: 25118.9858877
Costo Reducido: 6.75971944879
Nodos: [101, 11, 51, 21, 61, 811]
q: [0, 8.0, -8.0, 13.0, -13.0, 0]
Q: [0, 8.0, 0.0, 13.0, 0.0, 0]
B: [0.0, 169.0, 173.05406684701, 477.0, 517.7387906792, 536.8977052882999]
