Avion: 7      Iteracion: 34

Num Ruta: 33
Ingresos: 9600.0
Costos: 42.253477493
Utilidad Ruta: 9557.74652251
Costo Reducido: 0.388685645297
Nodos: [107, 14, 54, 817]
q: [0, 8.0, -8.0, 0]
Q: [0, 8.0, 0.0, 0]
B: [0.0, 112.0, 124.021711775, 144.2343888119]
