Avion: 6      Iteracion: 1

Num Ruta: 5
Ingresos: 172800.0
Costos: 623.673069832
Utilidad Ruta: 172176.32693
Costo Reducido: 323059.933506
Nodos: [106, 12, 52, 14, 54, 31, 1, 71, 11, 51, 41, 3, 43, 23, 18, 75, 35, 63, 58, 28, 68, 19, 59, 5, 45, 21, 61, 37, 77, 33, 73, 816]
q: [0.0, 14.0, -14.0, 8.0, -8.0, 6.0, 7.0, -6.0, 8.0, -8.0, -7.0, 15.0, -15.0, 4.0, 11.0, -6.0, 6.0, -4.0, -11.0, 8.0, -8.0, 7.0, -7.0, 12.0, -12.0, 13.0, -13.0, 15.0, -15.0, 10.0, -10.0, 0.0]
Q: [0.0, 14.0, 0.0, 8.0, 0.0, 6.0, 13.0, 7.0, 15.0, 7.0, 0.0, 15.0, 0.0, 4.0, 15.0, 9.0, 15.0, 11.0, 0.0, 8.0, 0.0, 7.0, 0.0, 12.0, 0.0, 13.0, 0.0, 15.0, 0.0, 10.0, 0.0, 0.0]
B: [0.0, 54.0, 97.347924264, 133.8671580457, 145.8888698207, 173.1009370336, 181.99469900478, 200.98439310447998, 201.46327200357698, 205.51733885058698, 239.833068188587, 256.0, 261.08428175852, 267.0, 293.0, 315.8908533917, 335.80373678409995, 365.32377243789995, 375.24930401057, 384.3828067888, 420.4094255727, 432.9452188464, 459.5723351379, 469.0, 470.12168890518, 498.36127928818, 539.10006996738, 562.6793695328801, 583.4740230043801, 618.0577778323801, 641.3612890699801, 655.2022462984801]
