Avion: 4      Iteracion: 0

Num Ruta: 1
Ingresos: 48000.0
Costos: 279.676898592
Utilidad Ruta: 47720.3231014
Costo Reducido: -
Nodos: [104, 30, 70, 11, 51, 35, 75, 25, 65, 4, 44, 814]
q: [0, 11.0, -11.0, 8.0, -8.0, 6.0, -6.0, 10.0, -10.0, 5.0, -5.0, 0]
Q: [0, 11.0, 0.0, 8.0, 0.0, 6.0, 0.0, 10.0, 0.0, 5.0, 0.0, 0]
B: [0.0, 64.0, 82.7140226568, 169.0, 173.05406684701, 279.0, 298.9128833924, 410.0, 427.1849823101, 529.0, 549.4257496801999, 587.9847505101]
