Avion: 2      Iteracion: 18

Num Ruta: 18
Ingresos: 96000.0
Costos: 232.856218948
Utilidad Ruta: 95767.1437811
Costo Reducido: 187.154395694
Nodos: [102, 31, 11, 71, 51, 36, 76, 22, 62, 32, 25, 65, 72, 15, 55, 7, 4, 47, 44, 812]
q: [0.0, 6.0, 8.0, -6.0, -8.0, 15.0, -15.0, 10.0, -10.0, 6.0, 9.0, -9.0, -6.0, 11.0, -11.0, 10.0, 5.0, -10.0, -5.0, 0.0]
Q: [0.0, 6.0, 14.0, 8.0, 0.0, 15.0, 0.0, 10.0, 0.0, 6.0, 15.0, 6.0, 0.0, 11.0, 0.0, 10.0, 15.0, 5.0, 0.0, 0.0]
B: [0.0, 130.0, 169.0, 169.478878899097, 173.173257466597, 251.0, 257.94814406874, 299.0, 320.7546861389, 422.0, 442.6664482919, 459.851430602, 470.8364988767, 511.0, 527.4211666151, 538.3259061809999, 548.6892794734999, 567.9616404602, 569.12201453781, 587.67191442971]
