Avion: 3      Iteracion: 16

Num Ruta: 18
Ingresos: 118800.0
Costos: 394.09957909
Utilidad Ruta: 118405.900421
Costo Reducido: 203.544829411
Nodos: [103, 40, 80, 1, 41, 3, 43, 18, 22, 58, 62, 8, 32, 72, 48, 5, 45, 4, 7, 47, 27, 67, 44, 813]
q: [0.0, 15.0, -15.0, 7.0, -7.0, 15.0, -15.0, 5.0, 10.0, -5.0, -10.0, 8.0, 6.0, -6.0, -8.0, 12.0, -12.0, 5.0, 10.0, -10.0, 6.0, -6.0, -5.0, 0.0]
Q: [0.0, 15.0, 0.0, 7.0, 0.0, 15.0, 0.0, 5.0, 15.0, 10.0, 0.0, 8.0, 14.0, 8.0, 0.0, 12.0, 0.0, 5.0, 15.0, 5.0, 11.0, 5.0, 0.0, 0.0]
B: [0.0, 62.0, 94.5694417821, 175.0, 209.2400855285, 256.0, 261.08428175852, 293.0, 302.68569016643, 318.16853757893, 355.06934587633, 414.0, 425.4468981388, 453.3042539537, 469.35335268230006, 479.10616355917006, 480.22785246435006, 529.0, 539.3633732925, 567.9046851054, 583.7444599774999, 600.7753223455999, 606.1905808805199, 633.7428542894198]
