Avion: 2      Iteracion: 11

Num Ruta: 12
Ingresos: 82800.0
Costos: 331.168345098
Utilidad Ruta: 82468.8316549
Costo Reducido: 1251.53253291
Nodos: [102, 17, 57, 12, 52, 31, 11, 71, 51, 22, 62, 15, 55, 20, 7, 47, 60, 812]
q: [0.0, 5.0, -5.0, 14.0, -14.0, 6.0, 8.0, -6.0, -8.0, 10.0, -10.0, 11.0, -11.0, 10.0, 5.0, -5.0, -10.0, 0.0]
Q: [0.0, 5.0, 0.0, 14.0, 0.0, 6.0, 14.0, 8.0, 0.0, 10.0, 0.0, 11.0, 0.0, 10.0, 15.0, 10.0, 0.0, 0.0]
B: [0.0, 25.145167826, 59.9877216073, 79.6964153489, 123.0443396129, 143.9616729994, 169.0, 169.478878899097, 173.173257466597, 299.0, 320.7546861389, 511.0, 527.4211666151, 533.55501866744, 542.2979730879999, 570.8392849008999, 583.8029694465998, 613.2819701249998]
