Avion: 3      Iteracion: 10

Num Ruta: 12
Ingresos: 120000.0
Costos: 522.803723296
Utilidad Ruta: 119477.196277
Costo Reducido: 163017.687307
Nodos: [103, 9, 24, 49, 12, 64, 52, 1, 31, 71, 41, 23, 35, 75, 26, 66, 63, 25, 65, 19, 8, 59, 48, 20, 60, 4, 44, 813]
q: [0.0, 11.0, 4.0, -11.0, 11.0, -4.0, -11.0, 7.0, 6.0, -6.0, -7.0, 9.0, 6.0, -6.0, 6.0, -6.0, -9.0, 10.0, -10.0, 7.0, 8.0, -7.0, -8.0, 10.0, -10.0, 5.0, -5.0, 0.0]
Q: [0.0, 11.0, 15.0, 4.0, 15.0, 11.0, 0.0, 7.0, 13.0, 7.0, 0.0, 9.0, 15.0, 9.0, 15.0, 9.0, 0.0, 10.0, 0.0, 7.0, 15.0, 8.0, 0.0, 10.0, 0.0, 5.0, 0.0, 0.0]
B: [0.0, 28.0, 61.0, 85.1402498951, 95.9272866522, 129.9734558934, 145.9056934638, 175.0, 183.89376197118, 197.19937597428, 230.76046369508, 267.0, 307.4405515417, 327.3534349341, 336.64644031449, 354.22566828389, 357.29274066647, 410.0, 427.1849823101, 443.8578739909, 467.0187555372, 484.975714968, 487.90383415955995, 508.25447139775997, 550.43161384486, 582.5279369520599, 602.9536866322599, 630.5059600411598]
