Avion: 5      Iteracion: 19

Num Ruta: 21
Ingresos: 99600.0
Costos: 354.261368676
Utilidad Ruta: 99245.7386313
Costo Reducido: 231.325555817
Nodos: [105, 16, 56, 10, 50, 35, 75, 18, 58, 19, 59, 25, 21, 65, 15, 55, 4, 27, 61, 44, 67, 815]
q: [0.0, 11.0, -11.0, 12.0, -12.0, 6.0, -6.0, 11.0, -11.0, 7.0, -7.0, 10.0, 4.0, -10.0, 11.0, -11.0, 5.0, 6.0, -4.0, -5.0, -6.0, 0.0]
Q: [0.0, 11.0, 0.0, 12.0, 0.0, 6.0, 0.0, 11.0, 0.0, 7.0, 0.0, 10.0, 14.0, 4.0, 15.0, 4.0, 9.0, 15.0, 11.0, 6.0, 0.0, 0.0]
B: [0.0, 36.0, 45.624091437640004, 96.0, 125.5195107344, 279.0, 298.9128833924, 321.80373678409995, 345.62197303279993, 402.0, 428.6271162915, 460.3028294169, 477.0, 485.168713485, 511.0, 527.4211666151, 532.99584588839, 550.6106204256901, 563.7880686232901, 580.5910130378901, 586.0062715728101, 602.2016345203101]
