Avion: 5      Iteracion: 34

Num Ruta: 36
Ingresos: 126000.0
Costos: 371.667933095
Utilidad Ruta: 125628.332067
Costo Reducido: 48.678314898
Nodos: [105, 17, 57, 30, 16, 70, 56, 10, 50, 35, 26, 75, 66, 22, 62, 19, 32, 59, 13, 72, 53, 15, 55, 7, 4, 44, 47, 815]
q: [0.0, 5.0, -5.0, 11.0, 4.0, -11.0, -4.0, 12.0, -12.0, 6.0, 9.0, -6.0, -9.0, 10.0, -10.0, 7.0, 6.0, -7.0, 9.0, -6.0, -9.0, 11.0, -11.0, 10.0, 5.0, -5.0, -10.0, 0.0]
Q: [0.0, 5.0, 0.0, 11.0, 15.0, 4.0, 0.0, 12.0, 0.0, 6.0, 15.0, 9.0, 0.0, 10.0, 0.0, 7.0, 13.0, 6.0, 15.0, 9.0, 0.0, 11.0, 0.0, 10.0, 15.0, 10.0, 0.0, 0.0]
B: [0.0, 24.8000597782, 59.6426135595, 64.0, 72.20259129788, 83.01926305958, 85.89041962097, 101.71969683127, 131.23920756567, 279.0, 300.0, 309.29300538039, 319.11482114938, 332.74900179948, 354.50368793838004, 402.0, 422.0, 441.5724706923, 445.80008999872, 459.64226977652004, 463.71322015696006, 511.0, 527.4211666151, 538.3259061809999, 548.6892794734999, 569.1150291536999, 570.2754032313098, 590.1433825448098]
