Avion: 5      Iteracion: 38

Num Ruta: 40
Ingresos: 115200.0
Costos: 319.575011373
Utilidad Ruta: 114880.424989
Costo Reducido: 54.712482869
Nodos: [105, 16, 56, 24, 64, 1, 41, 8, 32, 48, 13, 72, 53, 15, 55, 7, 4, 47, 44, 37, 77, 815]
q: [0.0, 11.0, -11.0, 14.0, -14.0, 7.0, -7.0, 8.0, 6.0, -8.0, 9.0, -6.0, -9.0, 11.0, -11.0, 10.0, 5.0, -10.0, -5.0, 15.0, -15.0, 0.0]
Q: [0.0, 11.0, 0.0, 14.0, 0.0, 7.0, 0.0, 8.0, 14.0, 6.0, 15.0, 9.0, 0.0, 11.0, 0.0, 10.0, 15.0, 5.0, 0.0, 15.0, 0.0, 0.0]
B: [0.0, 36.0, 45.624091437640004, 70.85029051714, 109.36324081964, 175.0, 209.2400855285, 414.0, 425.4468981388, 447.8266328334, 450.03730897431, 463.87948875211003, 467.95043913255006, 511.0, 527.4211666151, 538.3259061809999, 548.6892794734999, 567.9616404602, 569.12201453781, 576.1863866259699, 596.98104009747, 618.60848497657]
