Avion: 2      Iteracion: 12

Num Ruta: 13
Ingresos: 122400.0
Costos: 498.340572635
Utilidad Ruta: 121901.659427
Costo Reducido: 26239.0025432
Nodos: [102, 9, 49, 24, 40, 80, 64, 11, 51, 22, 62, 26, 66, 28, 39, 68, 79, 13, 53, 7, 4, 29, 69, 44, 47, 812]
q: [0.0, 11.0, -11.0, 0.0, 15.0, -15.0, 0.0, 8.0, -8.0, 10.0, -10.0, 13.0, -13.0, 8.0, 7.0, -8.0, -7.0, 15.0, -15.0, 1.0, 5.0, 9.0, -9.0, -5.0, -1.0, 0.0]
Q: [0.0, 11.0, 0.0, 0.0, 15.0, 0.0, 0.0, 8.0, 0.0, 10.0, 0.0, 13.0, 0.0, 8.0, 15.0, 7.0, 0.0, 15.0, 0.0, 1.0, 6.0, 15.0, 6.0, 1.0, 0.0, 0.0]
B: [0.0, 33.6128854013, 63.1401224038, 87.2803722989, 94.43372396088, 127.00316574298, 155.39297724288, 174.20540592717998, 178.25947277419, 299.0, 320.7546861389, 357.0876895518, 374.6669175212, 385.0748345558, 396.395846878, 427.8252542698, 463.838165399, 467.07009918545, 483.95325013545, 517.0, 529.0, 549.7100026316, 583.4897824118, 595.7088534485, 596.86922752611, 614.27808188241]
