Avion: 1      Iteracion: 33

Num Ruta: 33
Ingresos: 49200.0
Costos: 158.208326634
Utilidad Ruta: 49041.7916734
Costo Reducido: 24.6258683551
Nodos: [101, 31, 71, 34, 74, 39, 79, 6, 46, 33, 73, 811]
q: [0, 6.0, -6.0, 12.0, -12.0, 8.0, -8.0, 5.0, -5.0, 10.0, -10.0, 0]
Q: [0, 6.0, 0.0, 12.0, 0.0, 8.0, 0.0, 5.0, 0.0, 10.0, 0.0, 0]
B: [0.0, 130.0, 143.3056140031, 283.0, 323.947598037, 388.0, 410.632187455, 436.0, 439.69228939819, 562.0, 585.3035112376, 591.22248750043]
