Avion: 3      Iteracion: 0

Num Ruta: 4
Ingresos: 0
Costos: 13.3399711019
Utilidad Ruta: -13.3399711019
Costo Reducido: -
Nodos: [103, 813]
q: [0, 0]
Q: [0, 0]
B: [0, 0]
