Avion: 5      Iteracion: 12

Num Ruta: 15
Ingresos: 128400.0
Costos: 578.327709582
Utilidad Ruta: 127821.67229
Costo Reducido: 32198.4329272
Nodos: [105, 17, 57, 30, 70, 40, 80, 11, 51, 23, 18, 75, 35, 63, 58, 39, 28, 79, 68, 19, 59, 7, 4, 29, 69, 47, 44, 37, 77, 815]
q: [0.0, 5.0, -5.0, 11.0, -11.0, 15.0, -15.0, 8.0, -8.0, 10.0, 0.0, -6.0, 6.0, -10.0, 0.0, 7.0, 8.0, -7.0, -8.0, 7.0, -7.0, 1.0, 5.0, 9.0, -9.0, -1.0, -5.0, 15.0, -15.0, 0.0]
Q: [0.0, 5.0, 0.0, 11.0, 0.0, 15.0, 0.0, 8.0, 0.0, 10.0, 10.0, 4.0, 10.0, 0.0, 0.0, 7.0, 15.0, 8.0, 0.0, 7.0, 0.0, 1.0, 6.0, 15.0, 6.0, 5.0, 0.0, 15.0, 0.0, 0.0]
B: [0.0, 24.8000597782, 59.6426135595, 64.0, 82.7140226568, 113.5238767298, 146.0933185119, 181.8194824258, 185.87354927281, 267.0, 293.0, 315.8908533917, 335.80373678409995, 365.32377243789995, 375.24930401057, 388.0, 399.3210123222, 412.3114993416, 448.3244104708, 460.8602037445, 487.48732003599997, 517.0, 529.0, 549.7100026316, 583.4897824118, 595.7865862648, 596.94696034241, 604.01133243057, 624.80598590207, 646.43343078117]
