Avion: 7      Iteracion: 55

Num Ruta: 48
Ingresos: 128400.0
Costos: 389.239727992
Utilidad Ruta: 128010.760272
Costo Reducido: 31.8323574853
Nodos: [107, 9, 49, 12, 52, 10, 50, 35, 26, 75, 66, 22, 62, 8, 5, 45, 48, 38, 21, 78, 61, 33, 27, 73, 67, 817]
q: [0.0, 11.0, -11.0, 14.0, -14.0, 12.0, -12.0, 6.0, 9.0, -6.0, -9.0, 10.0, -10.0, 8.0, 7.0, -7.0, -8.0, 8.0, 7.0, -8.0, -7.0, 10.0, 5.0, -10.0, -5.0, 0.0]
Q: [0.0, 11.0, 0.0, 14.0, 0.0, 12.0, 0.0, 6.0, 15.0, 9.0, 0.0, 10.0, 0.0, 8.0, 15.0, 8.0, 0.0, 8.0, 15.0, 7.0, 0.0, 10.0, 15.0, 5.0, 0.0, 0.0]
B: [0.0, 28.0348110926, 57.562048095099996, 68.3490848522, 111.6970091162, 120.41477947335, 149.93429020775, 279.0, 300.0, 309.29300538039, 319.11482114938, 332.74900179948, 354.50368793838004, 414.0, 469.0, 470.12168890518, 480.59966590458, 498.90024256218, 505.72315550315, 544.23489397335, 551.3048225444201, 562.0, 578.4525909206, 585.6713442755799, 606.23813656318, 612.9428313362499]
