Avion: 5      Iteracion: 74

Num Ruta: 66
Ingresos: 80400.0
Costos: 253.145941658
Utilidad Ruta: 80146.8540583
Costo Reducido: 1.40364737221
Nodos: [105, 16, 56, 9, 49, 19, 8, 59, 48, 4, 20, 44, 60, 37, 77, 815]
q: [0, 11.0, -11.0, 11.0, -11.0, 7.0, 8.0, -7.0, -8.0, 5.0, 10.0, -5.0, -10.0, 15.0, -15.0, 0]
Q: [0, 11.0, 0.0, 11.0, 0.0, 7.0, 15.0, 8.0, 0.0, 5.0, 15.0, 10.0, 0.0, 15.0, 0.0, 0]
B: [0.0, 36.0, 45.624091437640004, 75.68094759394, 105.20818459644, 402.0, 425.1608815463, 443.1178409771, 446.04596016866, 529.0, 539.279151035, 569.6591407651, 581.5203640157, 593.0978819708, 613.8925354423, 635.5199803214]
