Avion: 5      Iteracion: 69

Num Ruta: 62
Ingresos: 64800.0
Costos: 222.002336052
Utilidad Ruta: 64577.9976639
Costo Reducido: 14.0000146866
Nodos: [105, 16, 56, 14, 54, 25, 38, 65, 21, 78, 61, 33, 73, 815]
q: [0.0, 11.0, -11.0, 8.0, -8.0, 10.0, 5.0, -10.0, 10.0, -5.0, -10.0, 10.0, -10.0, 0.0]
Q: [0.0, 11.0, 0.0, 8.0, 0.0, 10.0, 15.0, 5.0, 15.0, 10.0, 0.0, 10.0, 0.0, 0.0]
B: [0.0, 36.0, 45.624091437640004, 112.0, 124.021711775, 410.0, 480.0, 484.32166275871, 492.49037624371, 531.00211471391, 538.07204328498, 562.0, 585.3035112376, 603.0256129753]
