Avion: 1      Iteracion: 39

Num Ruta: 37
Ingresos: 38400.0
Costos: 119.587610011
Utilidad Ruta: 38280.41239
Costo Reducido: 28.8585508463
Nodos: [101, 14, 54, 18, 58, 39, 79, 6, 46, 811]
q: [0, 8.0, -8.0, 11.0, -11.0, 8.0, -8.0, 5.0, -5.0, 0]
Q: [0, 8.0, 0.0, 11.0, 0.0, 8.0, 0.0, 5.0, 0.0, 0]
B: [0.0, 112.0, 124.021711775, 293.0, 316.8182362487, 388.0, 410.632187455, 436.0, 439.69228939819, 455.73144673268996]
