Avion: 3      Iteracion: 20

Num Ruta: 22
Ingresos: 34800.0
Costos: 140.909285029
Utilidad Ruta: 34659.090715
Costo Reducido: 110.86722197
Nodos: [103, 24, 64, 29, 69, 27, 67, 813]
q: [0, 14.0, -14.0, 9.0, -9.0, 6.0, -6.0, 0]
Q: [0, 14.0, 0.0, 9.0, 0.0, 6.0, 0.0, 0]
B: [0.0, 61.0, 99.5129503025, 549.0, 582.7797797802, 590.99620777538, 608.0270701434799, 630.4249839079799]
