Avion: 2      Iteracion: 9

Num Ruta: 10
Ingresos: 54000.0
Costos: 246.82246054
Utilidad Ruta: 53753.1775395
Costo Reducido: 75487.6173011
Nodos: [102, 17, 57, 3, 43, 35, 75, 26, 66, 32, 72, 812]
q: [0, 5.0, -5.0, 15.0, -15.0, 6.0, -6.0, 13.0, -13.0, 6.0, -6.0, 0]
Q: [0, 5.0, 0.0, 15.0, 0.0, 6.0, 0.0, 13.0, 0.0, 6.0, 0.0, 0]
B: [0.0, 25.145167826, 59.9877216073, 256.0, 261.08428175852, 304.88260501412, 324.79548840651995, 334.08849378690996, 351.66772175630996, 422.0, 449.8573558149, 472.625521134]
