Avion: 5      Iteracion: 51

Num Ruta: 48
Ingresos: 102000.0
Costos: 319.243880834
Utilidad Ruta: 101680.756119
Costo Reducido: 12.547985914
Nodos: [105, 16, 56, 12, 52, 1, 41, 8, 32, 48, 13, 72, 53, 7, 4, 47, 44, 37, 77, 815]
q: [0.0, 11.0, -11.0, 14.0, -14.0, 7.0, -7.0, 8.0, 6.0, -8.0, 9.0, -6.0, -9.0, 10.0, 5.0, -10.0, -5.0, 15.0, -15.0, 0.0]
Q: [0.0, 11.0, 0.0, 14.0, 0.0, 7.0, 0.0, 8.0, 14.0, 6.0, 15.0, 9.0, 0.0, 10.0, 15.0, 5.0, 0.0, 15.0, 0.0, 0.0]
B: [0.0, 36.0, 45.624091437640004, 79.57799432084, 122.92591858484, 175.0, 209.2400855285, 414.0, 425.4468981388, 447.8266328334, 450.03730897431, 463.87948875211003, 467.95043913255006, 517.0, 529.0, 548.2723609867, 549.43273506431, 562.0, 582.7946534714999, 604.4220983506]
