Avion: 5      Iteracion: 55

Num Ruta: 52
Ingresos: 103200.0
Costos: 313.453753225
Utilidad Ruta: 102886.546247
Costo Reducido: 1.78532081457
Nodos: [105, 16, 56, 24, 64, 1, 41, 8, 32, 19, 59, 48, 13, 72, 53, 7, 4, 47, 44, 37, 77, 815]
q: [0.0, 11.0, -11.0, 14.0, -14.0, 7.0, -7.0, 2.0, 6.0, 7.0, -7.0, -2.0, 9.0, -6.0, -9.0, 10.0, 5.0, -10.0, -5.0, 15.0, -15.0, 0.0]
Q: [0.0, 11.0, 0.0, 14.0, 0.0, 7.0, 0.0, 2.0, 8.0, 15.0, 8.0, 6.0, 15.0, 9.0, 0.0, 10.0, 15.0, 5.0, 0.0, 15.0, 0.0, 0.0]
B: [0.0, 36.0, 45.624091437640004, 70.85029051714, 109.36324081964, 175.0, 209.2400855285, 414.0, 425.4468981388, 437.16181277780004, 463.7889290693, 466.71704826086, 468.92772440177, 482.76990417957, 486.84085456001003, 517.0, 529.0, 548.2723609867, 549.43273506431, 562.0, 582.7946534714999, 604.4220983506]
