Avion: 6      Iteracion: 14

Num Ruta: 18
Ingresos: 62400.0
Costos: 259.471062596
Utilidad Ruta: 62140.5289374
Costo Reducido: 390.30535773
Nodos: [106, 40, 80, 14, 54, 23, 63, 29, 69, 33, 73, 816]
q: [0, 15.0, -15.0, 8.0, -8.0, 10.0, -10.0, 9.0, -9.0, 10.0, -10.0, 0]
Q: [0, 15.0, 0.0, 8.0, 0.0, 10.0, 0.0, 9.0, 0.0, 10.0, 0.0, 0]
B: [0.0, 62.0, 94.5694417821, 123.1478437143, 135.1695554893, 267.0, 306.733842905, 549.0, 582.7797797802, 591.6312714624, 614.9347827, 628.7757399285]
