Avion: 1      Iteracion: 31

Num Ruta: 31
Ingresos: 84000.0
Costos: 297.699444945
Utilidad Ruta: 83702.3005551
Costo Reducido: 7.96977344189
Nodos: [101, 12, 52, 1, 41, 18, 58, 28, 68, 25, 65, 8, 48, 5, 45, 811]
q: [0, 14.0, -14.0, 7.0, -7.0, 11.0, -11.0, 8.0, -8.0, 10.0, -10.0, 8.0, -8.0, 12.0, -12.0, 0]
Q: [0, 14.0, 0.0, 7.0, 0.0, 11.0, 0.0, 8.0, 0.0, 10.0, 0.0, 8.0, 0.0, 12.0, 0.0, 0]
B: [0.0, 54.0, 97.347924264, 175.0, 209.2400855285, 293.0, 316.8182362487, 378.0, 414.0266187839, 417.35999740026, 434.54497971036, 460.36557956786, 481.13397618386, 490.88678706073, 492.00847596591, 516.3767895309101]
