Avion: 3      Iteracion: 0

Num Ruta: 1
Ingresos: 85200.0
Costos: 401.305278927
Utilidad Ruta: 84798.6947211
Costo Reducido: -
Nodos: [103, 17, 57, 24, 64, 3, 43, 23, 63, 8, 48, 2, 42, 7, 47, 813]
q: [0, 5.0, -5.0, 14.0, -14.0, 15.0, -15.0, 10.0, -10.0, 8.0, -8.0, 9.0, -9.0, 10.0, -10.0, 0]
Q: [0, 5.0, 0.0, 14.0, 0.0, 15.0, 0.0, 10.0, 0.0, 8.0, 0.0, 9.0, 0.0, 10.0, 0.0, 0]
B: [0.0, 48.6245240388, 83.4670778201, 100.0253611248, 138.53831142730002, 256.0, 261.08428175852, 267.0, 306.733842905, 414.0, 434.768396616, 522.0, 562.7349620474, 574.2416881674001, 602.7829999803, 629.1925164848]
