Avion: 1      Iteracion: 29

Num Ruta: 29
Ingresos: 87600.0
Costos: 312.139617828
Utilidad Ruta: 87287.8603822
Costo Reducido: 80.1498191382
Nodos: [101, 24, 64, 1, 41, 18, 58, 39, 79, 28, 68, 25, 65, 21, 38, 61, 78, 811]
q: [0.0, 14.0, -14.0, 7.0, -7.0, 11.0, -11.0, 8.0, -8.0, 8.0, -8.0, 10.0, -10.0, 7.0, 8.0, -7.0, -8.0, 0.0]
Q: [0.0, 14.0, 0.0, 7.0, 0.0, 11.0, 0.0, 8.0, 0.0, 8.0, 0.0, 10.0, 0.0, 7.0, 15.0, 8.0, 0.0, 0.0]
B: [0.0, 61.0, 99.5129503025, 175.0, 209.2400855285, 293.0, 316.8182362487, 388.0, 410.632187455, 423.6226744744, 459.6492932583, 462.98267187466, 480.16765418476, 488.33636766976, 495.15928061073004, 529.6416609955301, 536.7115895666001, 551.0010131029001]
