Avion: 7      Iteracion: 51

Num Ruta: 47
Ingresos: 45600.0
Costos: 128.618195677
Utilidad Ruta: 45471.3818043
Costo Reducido: 9.17547499206
Nodos: [107, 12, 52, 10, 50, 5, 45, 817]
q: [0, 14.0, -14.0, 12.0, -12.0, 12.0, -12.0, 0]
Q: [0, 14.0, 0.0, 12.0, 0.0, 12.0, 0.0, 0]
B: [0.0, 54.0, 97.347924264, 106.06569462115, 135.58520535555, 469.0, 470.12168890518, 474.86120417575]
