Avion: 1      Iteracion: 12

Num Ruta: 15
Ingresos: 28800.0
Costos: 209.549156114
Utilidad Ruta: 28590.4508439
Costo Reducido: 22200.3405121
Nodos: [101, 35, 75, 22, 62, 28, 68, 811]
q: [0, 6.0, -6.0, 10.0, -10.0, 8.0, -8.0, 0]
Q: [0, 6.0, 0.0, 10.0, 0.0, 8.0, 0.0, 0]
B: [0.0, 279.0, 298.9128833924, 314.02713802169995, 335.78182416059997, 378.8329878615, 414.8596066454, 449.022478085]
