Avion: 6      Iteracion: 0

Num Ruta: 1
Ingresos: 75600.0
Costos: 346.923998826
Utilidad Ruta: 75253.0760012
Costo Reducido: -
Nodos: [106, 10, 50, 28, 68, 13, 53, 15, 55, 38, 78, 29, 69, 816]
q: [0, 12.0, -12.0, 8.0, -8.0, 15.0, -15.0, 11.0, -11.0, 8.0, -8.0, 9.0, -9.0, 0]
Q: [0, 12.0, 0.0, 8.0, 0.0, 15.0, 0.0, 11.0, 0.0, 8.0, 0.0, 9.0, 0.0, 0]
B: [0.0, 96.0, 125.5195107344, 378.0, 414.0266187839, 446.9799880805, 463.8631390305, 511.0, 527.4211666151, 531.5084323270399, 564.3773189677399, 598.77349462724, 632.55327440744, 661.79344968054]
