Avion: 2      Iteracion: 74

Num Ruta: 55
Ingresos: 61200.0
Costos: 142.903049435
Utilidad Ruta: 61057.0969506
Costo Reducido: 9.58695740285
Nodos: [102, 31, 11, 71, 51, 34, 74, 39, 79, 6, 46, 5, 45, 812]
q: [0, 6.0, 8.0, -6.0, -8.0, 12.0, -12.0, 8.0, -8.0, 5.0, -5.0, 12.0, -12.0, 0]
Q: [0, 6.0, 14.0, 8.0, 0.0, 12.0, 0.0, 8.0, 0.0, 5.0, 0.0, 12.0, 0.0, 0]
B: [0.0, 130.0, 169.0, 169.478878899097, 173.173257466597, 283.0, 323.947598037, 388.0, 410.632187455, 436.0, 439.69228939819, 469.0, 470.12168890518, 480.52640879568]
