Avion: 6      Iteracion: 53

Num Ruta: 55
Ingresos: 50400.0
Costos: 170.765976726
Utilidad Ruta: 50229.2340233
Costo Reducido: 2.09227802186
Nodos: [106, 16, 56, 9, 49, 11, 51, 34, 74, 816]
q: [0, 11.0, -11.0, 11.0, -11.0, 8.0, -8.0, 12.0, -12.0, 0]
Q: [0, 11.0, 0.0, 11.0, 0.0, 8.0, 0.0, 12.0, 0.0, 0]
B: [0.0, 36.0, 45.624091437640004, 75.68094759394, 105.20818459644, 169.0, 173.05406684701, 283.0, 323.947598037, 345.05710397629997]
