Avion: 6      Iteracion: 34

Num Ruta: 37
Ingresos: 31200.0
Costos: 89.4155372106
Utilidad Ruta: 31110.5844628
Costo Reducido: 3.42450046942
Nodos: [106, 9, 49, 36, 76, 816]
q: [0, 11.0, -11.0, 15.0, -15.0, 0]
Q: [0, 11.0, 0.0, 15.0, 0.0, 0]
B: [0.0, 35.5829922575, 65.11022926000001, 251.0, 257.94814406874, 264.33607370204004]
