Avion: 7      Iteracion: 5

Num Ruta: 8
Ingresos: 170400.0
Costos: 588.783292319
Utilidad Ruta: 169811.216708
Costo Reducido: 192826.151006
Nodos: [107, 9, 49, 40, 80, 10, 50, 11, 51, 34, 74, 26, 66, 25, 65, 39, 79, 5, 45, 15, 55, 29, 27, 69, 67, 37, 77, 817]
q: [0, 11.0, -11.0, 15.0, -15.0, 12.0, -12.0, 8.0, -8.0, 12.0, -12.0, 13.0, -13.0, 10.0, -10.0, 8.0, -8.0, 12.0, -12.0, 11.0, -11.0, 9.0, 6.0, -9.0, -6.0, 15.0, -15.0, 0]
Q: [0, 11.0, 0.0, 15.0, 0.0, 12.0, 0.0, 8.0, 0.0, 12.0, 0.0, 13.0, 0.0, 10.0, 0.0, 8.0, 0.0, 12.0, 0.0, 11.0, 0.0, 9.0, 15.0, 6.0, 0.0, 15.0, 0.0, 0]
B: [0.0, 28.0348110926, 57.562048095099996, 86.5208430459, 119.090284828, 136.2709789059, 165.7904896403, 218.4287062229, 222.48277306991, 283.0, 323.947598037, 358.0226741044, 375.6019020738, 410.0, 427.1849823101, 446.3261919114, 468.9583793664, 481.5229140971, 482.64460300228, 516.04679748108, 532.46796409618, 549.0, 574.6018082369, 582.8182362320799, 598.26561380888, 605.10157943197, 625.89623290347, 641.47062127027]
