Avion: 1      Iteracion: 19

Num Ruta: 21
Ingresos: 92400.0
Costos: 408.109701583
Utilidad Ruta: 91991.8902984
Costo Reducido: 190.601331404
Nodos: [101, 16, 56, 10, 50, 1, 41, 35, 75, 18, 58, 25, 19, 59, 65, 29, 27, 67, 69, 811]
q: [0.0, 11.0, -11.0, 12.0, -12.0, 7.0, -7.0, 6.0, -6.0, 11.0, -11.0, 8.0, 7.0, -7.0, -8.0, 9.0, 6.0, -6.0, -9.0, 0.0]
Q: [0.0, 11.0, 0.0, 12.0, 0.0, 7.0, 0.0, 6.0, 0.0, 11.0, 0.0, 8.0, 15.0, 8.0, 0.0, 9.0, 15.0, 9.0, 0.0, 0.0]
B: [0.0, 36.0, 45.624091437640004, 96.0, 125.5195107344, 175.0, 209.2400855285, 279.0, 298.9128833924, 321.80373678409995, 345.62197303279993, 410.0, 419.3920072402, 446.01912353169996, 462.80597996759997, 549.0, 574.6018082369, 591.6326706049999, 607.0800481818, 623.0982230154]
