Avion: 6      Iteracion: 70

Num Ruta: 63
Ingresos: 57600.0
Costos: 214.905517769
Utilidad Ruta: 57385.0944822
Costo Reducido: 7.52227396428
Nodos: [106, 9, 49, 19, 32, 59, 13, 72, 53, 21, 38, 61, 78, 816]
q: [0.0, 11.0, -11.0, 7.0, 6.0, -7.0, 9.0, -6.0, -9.0, 7.0, 8.0, -7.0, -8.0, 0.0]
Q: [0.0, 11.0, 0.0, 7.0, 13.0, 6.0, 15.0, 9.0, 0.0, 7.0, 15.0, 8.0, 0.0, 0.0]
B: [0.0, 35.5829922575, 65.11022926000001, 402.0, 422.0, 441.5724706923, 445.80008999872, 459.64226977652004, 463.71322015696006, 479.22461654796007, 486.0475294889301, 520.52990987373, 527.5998384448001, 557.6116559839]
