Avion: 2      Iteracion: 44

Num Ruta: 35
Ingresos: 13200.0
Costos: 46.0633242557
Utilidad Ruta: 13153.9366757
Costo Reducido: 9.69289398357
Nodos: [102, 30, 70, 812]
q: [0, 11.0, -11.0, 0]
Q: [0, 11.0, 0.0, 0]
B: [0.0, 64.0, 82.7140226568, 101.13233433299999]
