Avion: 4      Iteracion: 0

Num Ruta: 4
Ingresos: 0
Costos: 28.9994403567
Utilidad Ruta: -28.9994403567
Costo Reducido: -
Nodos: [104, 814]
q: [0, 0]
Q: [0, 0]
B: [0, 0]
