Avion: 7      Iteracion: 26

Num Ruta: 25
Ingresos: 42000.0
Costos: 162.652148591
Utilidad Ruta: 41837.3478514
Costo Reducido: 29.0369101025
Nodos: [107, 17, 57, 40, 80, 37, 77, 817]
q: [0, 5.0, -5.0, 15.0, -15.0, 15.0, -15.0, 0]
Q: [0, 5.0, 0.0, 15.0, 0.0, 15.0, 0.0, 0]
B: [0.0, 33.8861846923, 68.7287384736, 92.4277092951, 124.9971510772, 562.0, 582.7946534714999, 598.3690418383]
