Avion: 1      Iteracion: 22

Num Ruta: 24
Ingresos: 9600.0
Costos: 47.9435199162
Utilidad Ruta: 9552.05648008
Costo Reducido: 49.1524411549
Nodos: [101, 8, 48, 811]
q: [0, 8.0, -8.0, 0]
Q: [0, 8.0, 0.0, 0]
B: [0.0, 414.0, 434.768396616, 448.69447991320004]
