Avion: 6      Iteracion: 32

Num Ruta: 35
Ingresos: 81600.0
Costos: 278.049503917
Utilidad Ruta: 81321.9504961
Costo Reducido: 34.8294308639
Nodos: [106, 17, 57, 31, 14, 54, 71, 11, 51, 18, 58, 25, 19, 65, 59, 13, 53, 816]
q: [0.0, 5.0, -5.0, 6.0, 8.0, -8.0, -6.0, 8.0, -8.0, 11.0, -11.0, 8.0, 7.0, -8.0, -7.0, 15.0, -15.0, 0.0]
Q: [0.0, 5.0, 0.0, 6.0, 14.0, 6.0, 0.0, 8.0, 0.0, 11.0, 0.0, 8.0, 15.0, 7.0, 0.0, 15.0, 0.0, 0.0]
B: [0.0, 34.2933399948, 69.1358937761, 130.0, 147.5196824172, 159.5413941922, 188.60695116259998, 189.08583006169698, 193.139896908707, 293.0, 316.8182362487, 410.0, 419.3920072402, 436.06489892099995, 452.85175535689996, 457.07937466332, 473.96252561332, 478.03745996862]
