Avion: 2      Iteracion: 39

Num Ruta: 33
Ingresos: 60000.0
Costos: 125.836602097
Utilidad Ruta: 59874.1633979
Costo Reducido: 20.3172577737
Nodos: [102, 14, 54, 3, 43, 23, 63, 6, 46, 5, 45, 812]
q: [0, 8.0, -8.0, 15.0, -15.0, 10.0, -10.0, 5.0, -5.0, 12.0, -12.0, 0]
Q: [0, 8.0, 0.0, 15.0, 0.0, 10.0, 0.0, 5.0, 0.0, 12.0, 0.0, 0]
B: [0.0, 112.0, 124.021711775, 256.0, 261.08428175852, 267.0, 306.733842905, 436.0, 439.69228939819, 469.0, 470.12168890518, 480.52640879568]
