Avion: 3      Iteracion: 7

Num Ruta: 10
Ingresos: 51600.0
Costos: 247.715108874
Utilidad Ruta: 51352.2848911
Costo Reducido: 26013.7190716
Nodos: [103, 12, 47, 31, 66, 26, 61, 20, 55, 713]
q: [0, 14.0, -14.0, 6.0, -6.0, 13.0, -13.0, 10.0, -10.0, 0]
Q: [0, 14.0, 0.0, 6.0, 0.0, 13.0, 0.0, 10.0, 0.0, 0]
B: [0.0, 54.0, 97.347924264, 130.0, 143.3056140031, 300.0, 317.5792279694, 496.0, 538.1771424471, 566.4812375925]
