Avion: 5      Iteracion: 0

Num Ruta: 3
Ingresos: 188400.0
Costos: 575.549489208
Utilidad Ruta: 187824.450511
Costo Reducido: -
Nodos: [105, 16, 51, 24, 30, 59, 10, 65, 45, 1, 11, 46, 36, 3, 38, 23, 26, 61, 58, 18, 53, 13, 48, 5, 40, 15, 50, 7, 4, 42, 39, 33, 68, 715]
q: [0.0, 11.0, -11.0, 14.0, 1.0, -14.0, 12.0, -1.0, -12.0, 7.0, 8.0, -8.0, -7.0, 15.0, -15.0, 2.0, 13.0, -13.0, -2.0, 11.0, -11.0, 15.0, -15.0, 12.0, -12.0, 11.0, -11.0, 10.0, 5.0, -10.0, -5.0, 10.0, -10.0, 0.0]
Q: [0.0, 11.0, 0.0, 14.0, 15.0, 1.0, 13.0, 12.0, 0.0, 7.0, 15.0, 7.0, 0.0, 15.0, 0.0, 2.0, 15.0, 2.0, 0.0, 11.0, 0.0, 15.0, 0.0, 12.0, 0.0, 11.0, 0.0, 10.0, 15.0, 5.0, 0.0, 10.0, 0.0, 0.0]
B: [0.0, 36.0, 45.624091437640004, 70.85029051714, 89.10719167804, 109.37531307594, 121.16124375624, 139.85429404234, 158.75509193554, 197.17443310634002, 215.85526170144, 219.90932854845002, 254.22505788645003, 261.32160979565003, 266.40589155417, 269.76837887757, 304.20972241987, 321.78895038927, 324.85602277185, 350.29533418155, 374.11357043025, 423.0, 439.88315095, 469.0, 470.12168890518, 511.0, 527.4211666151, 538.3259061809999, 548.6892794734999, 567.9616404602, 569.12201453781, 577.69347999011, 600.9969912277099, 624.61957855421]
