Avion: 6      Iteracion: 4

Num Ruta: 6
Ingresos: 153600.0
Costos: 605.933395654
Utilidad Ruta: 152994.066604
Costo Reducido: 81365.9078055
Nodos: [106, 16, 51, 24, 30, 65, 59, 10, 45, 3, 38, 23, 58, 18, 53, 28, 63, 19, 54, 21, 56, 15, 50, 4, 39, 33, 68, 716]
q: [0.0, 11.0, -11.0, 4.0, 11.0, -11.0, -4.0, 12.0, -12.0, 15.0, -15.0, 10.0, -10.0, 11.0, -11.0, 8.0, -8.0, 7.0, -7.0, 13.0, -13.0, 11.0, -11.0, 5.0, -5.0, 10.0, -10.0, 0.0]
Q: [0.0, 11.0, 0.0, 4.0, 15.0, 4.0, 0.0, 12.0, 0.0, 15.0, 0.0, 10.0, 0.0, 11.0, 0.0, 8.0, 0.0, 7.0, 0.0, 13.0, 0.0, 11.0, 0.0, 5.0, 0.0, 10.0, 0.0, 0.0]
B: [0.0, 36.0, 45.624091437640004, 70.85029051714, 89.10719167804, 107.82121433484, 137.45877525004, 149.24470593034, 178.76421666474, 256.0, 261.08428175852, 267.0, 306.733842905, 332.1731543147, 355.9913905634, 378.0, 414.0266187839, 426.5624120576, 453.1895283491, 477.0, 517.7387906792, 564.1245581623, 580.5457247774, 586.12040405069, 606.54615373089, 615.11761918319, 638.42113042079, 674.47462692249]
