Avion: 5      Iteracion: 35

Num Ruta: 32
Ingresos: 58800.0
Costos: 199.361865241
Utilidad Ruta: 58600.6381348
Costo Reducido: 35.461293317
Nodos: [105, 12, 47, 6, 41, 13, 48, 29, 27, 64, 62, 715]
q: [0, 14.0, -14.0, 5.0, -5.0, 15.0, -15.0, 9.0, 6.0, -9.0, -6.0, 0]
Q: [0, 14.0, 0.0, 5.0, 0.0, 15.0, 0.0, 9.0, 15.0, 6.0, 0.0, 0]
B: [0.0, 54.0, 97.347924264, 436.0, 439.69228939819, 453.10235550539, 469.98550645539, 549.0, 574.6018082369, 582.8182362320799, 598.26561380888, 620.1471403780799]
