Avion: 5      Iteracion: 41

Num Ruta: 36
Ingresos: 22800.0
Costos: 104.283252886
Utilidad Ruta: 22695.7167471
Costo Reducido: 8.06162224599
Nodos: [105, 29, 64, 33, 68, 715]
q: [0, 9.0, -9.0, 10.0, -10.0, 0]
Q: [0, 9.0, 0.0, 10.0, 0.0, 0]
B: [0.0, 549.0, 582.7797797802, 591.6312714624, 614.9347827, 638.5573700265]
