Avion: 5      Iteracion: 33

Num Ruta: 30
Ingresos: 18000.0
Costos: 108.758784206
Utilidad Ruta: 17891.2412158
Costo Reducido: 4.07718537488
Nodos: [105, 20, 7, 42, 55, 715]
q: [0.0, 10.0, 5.0, -5.0, -10.0, 0.0]
Q: [0.0, 10.0, 15.0, 10.0, 0.0, 0.0]
B: [0.0, 496.0, 517.0, 545.5413118129, 558.5049963585999, 596.3504450809999]
