Avion: 5      Iteracion: 24

Num Ruta: 23
Ingresos: 58800.0
Costos: 254.000000812
Utilidad Ruta: 58545.9999992
Costo Reducido: 70.7976069815
Nodos: [105, 12, 47, 31, 66, 25, 60, 20, 55, 2, 37, 715]
q: [0, 14.0, -14.0, 6.0, -6.0, 10.0, -10.0, 10.0, -10.0, 9.0, -9.0, 0]
Q: [0, 14.0, 0.0, 6.0, 0.0, 10.0, 0.0, 10.0, 0.0, 9.0, 0.0, 0]
B: [0.0, 54.0, 97.347924264, 130.0, 143.3056140031, 410.0, 427.1849823101, 496.0, 538.1771424471, 545.50743971256, 586.24240175996, 600.87683765616]
