Avion: 6      Iteracion: 15

Num Ruta: 17
Ingresos: 13200.0
Costos: 50.7198479919
Utilidad Ruta: 13149.280152
Costo Reducido: 39.0879305516
Nodos: [106, 30, 65, 716]
q: [0, 11.0, -11.0, 0]
Q: [0, 11.0, 0.0, 0]
B: [0.0, 64.0, 82.7140226568, 97.3882199091]
