Avion: 4      Iteracion: 49

Num Ruta: 42
Ingresos: 40800.0
Costos: 130.197882955
Utilidad Ruta: 40669.802117
Costo Reducido: 9.79431767334
Nodos: [104, 31, 11, 66, 46, 34, 69, 28, 63, 714]
q: [0, 6.0, 8.0, -6.0, -8.0, 12.0, -12.0, 8.0, -8.0, 0]
Q: [0, 6.0, 14.0, 8.0, 0.0, 12.0, 0.0, 8.0, 0.0, 0]
B: [0.0, 130.0, 169.0, 169.478878899097, 173.173257466597, 283.0, 323.947598037, 378.0, 414.0266187839, 421.45963499537]
