Avion: 1      Iteracion: 37

Num Ruta: 35
Ingresos: 31200.0
Costos: 109.04928192
Utilidad Ruta: 31090.9507181
Costo Reducido: 0.918830052724
Nodos: [101, 31, 11, 66, 46, 34, 69, 711]
q: [0, 6.0, 8.0, -6.0, -8.0, 12.0, -12.0, 0]
Q: [0, 6.0, 14.0, 8.0, 0.0, 12.0, 0.0, 0]
B: [0.0, 130.0, 169.0, 169.478878899097, 173.173257466597, 283.0, 323.947598037, 331.19621590526]
