Avion: 2      Iteracion: 24

Num Ruta: 25
Ingresos: 24000.0
Costos: 93.2770593218
Utilidad Ruta: 23906.7229407
Costo Reducido: 32.5872946234
Nodos: [102, 12, 47, 31, 66, 712]
q: [0, 14.0, -14.0, 6.0, -6.0, 0]
Q: [0, 14.0, 0.0, 6.0, 0.0, 0]
B: [0.0, 54.0, 97.347924264, 130.0, 143.3056140031, 145.73057503371]
