Avion: 1      Iteracion: 8

Num Ruta: 11
Ingresos: 10800.0
Costos: 106.104255999
Utilidad Ruta: 10693.895744
Costo Reducido: 10739.170331
Nodos: [101, 29, 64, 711]
q: [0, 9.0, -9.0, 0]
Q: [0, 9.0, 0.0, 0]
B: [0.0, 549.0, 582.7797797802, 603.6308069012]
