Avion: 4      Iteracion: 50

Num Ruta: 43
Ingresos: 44400.0
Costos: 136.00140882
Utilidad Ruta: 44263.9985912
Costo Reducido: 12.2244501866
Nodos: [104, 1, 36, 3, 38, 23, 18, 58, 53, 714]
q: [0.0, 7.0, -7.0, 15.0, -15.0, 4.0, 11.0, -4.0, -11.0, 0.0]
Q: [0.0, 7.0, 0.0, 15.0, 0.0, 4.0, 15.0, 11.0, 0.0, 0.0]
B: [0.0, 175.0, 209.2400855285, 256.0, 261.08428175852, 267.0, 293.0, 318.4393114097, 328.36484298237, 357.00000531817]
