Avion: 3      Iteracion: 48

Num Ruta: 44
Ingresos: 82800.0
Costos: 321.307764269
Utilidad Ruta: 82478.6922357
Costo Reducido: 19.6025101044
Nodos: [103, 12, 47, 1, 36, 23, 18, 53, 58, 28, 63, 25, 60, 20, 7, 42, 55, 713]
q: [0.0, 14.0, -14.0, 7.0, -7.0, 4.0, 11.0, -11.0, -4.0, 8.0, -8.0, 10.0, -10.0, 10.0, 5.0, -5.0, -10.0, 0.0]
Q: [0.0, 14.0, 0.0, 7.0, 0.0, 4.0, 15.0, 4.0, 0.0, 8.0, 0.0, 10.0, 0.0, 10.0, 15.0, 10.0, 0.0, 0.0]
B: [0.0, 54.0, 97.347924264, 175.0, 209.2400855285, 267.0, 293.0, 316.8182362487, 326.74376782137, 378.0, 414.0266187839, 417.35999740026, 434.54497971036, 496.0, 517.0, 545.5413118129, 558.5049963585999, 586.8090915039999]
