Avion: 1      Iteracion: 35

Num Ruta: 34
Ingresos: 55200.0
Costos: 207.892381539
Utilidad Ruta: 54992.1076185
Costo Reducido: 4.03089408026
Nodos: [101, 16, 51, 12, 47, 22, 57, 18, 53, 711]
q: [0, 11.0, -11.0, 14.0, -14.0, 10.0, -10.0, 11.0, -11.0, 0]
Q: [0, 11.0, 0.0, 14.0, 0.0, 10.0, 0.0, 11.0, 0.0, 0]
B: [0.0, 36.0, 45.624091437640004, 79.57799432084, 122.92591858484, 299.0, 320.7546861389, 334.15512273630003, 357.973358985, 377.332153214]
