Avion: 3      Iteracion: 9

Num Ruta: 12
Ingresos: 12000.0
Costos: 57.3100764111
Utilidad Ruta: 11942.6899236
Costo Reducido: 8005.69876435
Nodos: [103, 25, 60, 713]
q: [0, 10.0, -10.0, 0]
Q: [0, 10.0, 0.0, 0]
B: [0.0, 410.0, 427.1849823101, 440.3767473929]
