Avion: 4      Iteracion: 8

Num Ruta: 10
Ingresos: 82800.0
Costos: 373.361217792
Utilidad Ruta: 82426.6387822
Costo Reducido: 39039.4340852
Nodos: [104, 17, 52, 30, 24, 65, 59, 3, 38, 35, 70, 26, 61, 28, 19, 54, 63, 714]
q: [0.0, 5.0, -5.0, 1.0, 14.0, -1.0, -14.0, 15.0, -15.0, 6.0, -6.0, 13.0, -13.0, 8.0, 7.0, -7.0, -8.0, 0.0]
Q: [0.0, 5.0, 0.0, 1.0, 15.0, 14.0, 0.0, 15.0, 0.0, 6.0, 0.0, 13.0, 0.0, 8.0, 15.0, 8.0, 0.0, 0.0]
B: [0.0, 24.0, 58.8425537813, 64.0, 82.2569011609, 106.9908720512, 136.6284329664, 256.0, 261.08428175852, 304.88260501412, 324.79548840651995, 334.08849378690996, 351.66772175630996, 378.0, 414.065010994, 440.69212728549996, 473.52220442519996, 480.95522063666994]
