Avion: 2      Iteracion: 38

Num Ruta: 37
Ingresos: 37200.0
Costos: 148.35508118
Utilidad Ruta: 37051.6449188
Costo Reducido: 0.0401572936098
Nodos: [102, 24, 59, 1, 36, 23, 58, 712]
q: [0, 14.0, -14.0, 7.0, -7.0, 10.0, -10.0, 0]
Q: [0, 14.0, 0.0, 7.0, 0.0, 10.0, 0.0, 0]
B: [0.0, 61.0, 99.5129503025, 175.0, 209.2400855285, 267.0, 306.733842905, 329.71025245910005]
