Avion: 2      Iteracion: 40

Num Ruta: 39
Ingresos: 40800.0
Costos: 144.325366119
Utilidad Ruta: 40655.6746339
Costo Reducido: 19.9150483039
Nodos: [102, 12, 47, 6, 41, 27, 62, 2, 37, 712]
q: [0, 14.0, -14.0, 5.0, -5.0, 6.0, -6.0, 9.0, -9.0, 0]
Q: [0, 14.0, 0.0, 5.0, 0.0, 6.0, 0.0, 9.0, 0.0, 0]
B: [0.0, 54.0, 97.347924264, 436.0, 439.69228939819, 538.0, 555.0308623681, 566.4829354555, 607.2178975029, 610.07219286253]
