Avion: 7      Iteracion: 39

Num Ruta: 36
Ingresos: 58800.0
Costos: 216.867475423
Utilidad Ruta: 58583.1325246
Costo Reducido: 20.2709910635
Nodos: [107, 16, 51, 30, 65, 32, 8, 43, 67, 21, 56, 717]
q: [0, 11.0, -11.0, 11.0, -11.0, 6.0, 8.0, -8.0, -6.0, 13.0, -13.0, 0]
Q: [0, 11.0, 0.0, 11.0, 0.0, 6.0, 14.0, 6.0, 0.0, 13.0, 0.0, 0]
B: [0.0, 36.0, 45.624091437640004, 64.0, 82.7140226568, 422.0, 433.4468981388, 454.2152947548, 470.2643934834, 488.6763250768, 529.415115756, 551.1856474904]
