Avion: 6      Iteracion: 28

Num Ruta: 28
Ingresos: 147600.0
Costos: 485.220018286
Utilidad Ruta: 147114.779982
Costo Reducido: 17.5768931875
Nodos: [106, 17, 52, 30, 16, 51, 65, 24, 59, 1, 36, 3, 38, 23, 18, 53, 58, 13, 48, 21, 56, 29, 4, 39, 64, 33, 68, 716]
q: [0.0, 5.0, -5.0, 11.0, 4.0, -4.0, -11.0, 14.0, -14.0, 7.0, -7.0, 15.0, -15.0, 10.0, 5.0, -5.0, -10.0, 15.0, -15.0, 13.0, -13.0, 9.0, 5.0, -5.0, -9.0, 10.0, -10.0, 0.0]
Q: [0.0, 5.0, 0.0, 11.0, 15.0, 11.0, 0.0, 14.0, 0.0, 7.0, 0.0, 15.0, 0.0, 10.0, 15.0, 10.0, 0.0, 15.0, 0.0, 13.0, 0.0, 9.0, 14.0, 9.0, 0.0, 10.0, 0.0, 0.0]
B: [0.0, 24.0, 58.8425537813, 64.0, 72.20259129788, 81.82668273552001, 84.69783929691, 109.43181018721, 147.94476048971, 175.0, 209.2400855285, 256.0, 261.08428175852, 267.0, 293.0, 316.8182362487, 326.74376782137, 423.0, 439.88315095, 477.0, 517.7387906792, 556.1920871568999, 576.9020897884999, 597.3278394687, 609.5469105054, 618.3984021876, 641.7019134252, 677.7554099269]
