Avion: 4      Iteracion: 44

Num Ruta: 39
Ingresos: 102000.0
Costos: 345.95827349
Utilidad Ruta: 101654.041727
Costo Reducido: 5.71139048698
Nodos: [104, 17, 30, 52, 65, 16, 51, 14, 49, 11, 46, 34, 57, 18, 22, 53, 69, 28, 63, 25, 60, 714]
q: [0.0, 5.0, 10.0, -5.0, -10.0, 11.0, -11.0, 8.0, -8.0, 8.0, -8.0, 12.0, -10.0, 3.0, 10.0, -3.0, -12.0, 8.0, -8.0, 10.0, -10.0, 0.0]
Q: [0.0, 5.0, 15.0, 10.0, 0.0, 11.0, 0.0, 8.0, 0.0, 8.0, 0.0, 12.0, 2.0, 5.0, 15.0, 12.0, 0.0, 8.0, 0.0, 10.0, 0.0, 0.0]
B: [0.0, 24.0, 64.0, 67.14445448369, 83.24240000479, 94.05907176649, 103.68316320413001, 130.46946770853, 142.49117948353, 171.93960859273, 175.99367543974, 283.0, 320.0, 333.4004365974, 343.08612676383, 358.56897417633, 373.72160381613, 382.90178736549, 418.92840614939, 422.26178476575, 439.44676707585, 460.48750361235]
