Avion: 1      Iteracion: 7

Num Ruta: 10
Ingresos: 128400.0
Costos: 504.062642085
Utilidad Ruta: 127895.937358
Costo Reducido: 71473.6450019
Nodos: [101, 9, 24, 44, 12, 47, 59, 31, 11, 66, 46, 18, 53, 26, 61, 25, 19, 54, 60, 21, 56, 20, 4, 39, 55, 711]
q: [0.0, 11.0, 1.0, -11.0, 14.0, -14.0, -1.0, 6.0, 8.0, -6.0, -8.0, 11.0, -11.0, 13.0, -13.0, 8.0, 7.0, -7.0, -8.0, 13.0, -13.0, 10.0, 5.0, -5.0, -10.0, 0.0]
Q: [0.0, 11.0, 12.0, 1.0, 15.0, 1.0, 0.0, 6.0, 14.0, 8.0, 0.0, 11.0, 0.0, 13.0, 0.0, 8.0, 15.0, 8.0, 0.0, 13.0, 0.0, 10.0, 15.0, 10.0, 0.0, 0.0]
B: [0.0, 35.5033292242, 61.0, 85.1402498951, 95.9272866522, 139.2752109162, 155.2074484866, 166.4918062441, 179.674535438, 180.153414337097, 183.847792904597, 293.0, 316.8182362487, 345.81975307109997, 363.39898104049996, 410.0, 419.3920072402, 446.01912353169996, 462.80597996759997, 477.0, 517.7387906792, 554.1640824007, 564.4432334357, 584.8689831158999, 596.7302063664999, 636.5905973580999]
