Avion: 5      Iteracion: 61

Num Ruta: 51
Ingresos: 8400.0
Costos: 66.0821826746
Utilidad Ruta: 8333.91781733
Costo Reducido: 6.02336822895
Nodos: [105, 1, 36, 715]
q: [0, 7.0, -7.0, 0]
Q: [0, 7.0, 0.0, 0]
B: [0.0, 175.0, 209.2400855285, 229.8780026957]
