Avion: 2      Iteracion: 29

Num Ruta: 30
Ingresos: 129600.0
Costos: 370.561293041
Utilidad Ruta: 129229.438707
Costo Reducido: 56.4915431706
Nodos: [102, 9, 12, 44, 30, 16, 65, 51, 10, 47, 45, 35, 26, 70, 61, 22, 57, 19, 32, 8, 54, 43, 13, 67, 48, 29, 27, 64, 62, 712]
q: [0.0, 11.0, 3.0, -11.0, 11.0, 1.0, -11.0, -1.0, 12.0, -3.0, -12.0, 6.0, 9.0, -6.0, -9.0, 10.0, -10.0, 7.0, 0.0, 8.0, -7.0, -8.0, 15.0, 0.0, -15.0, 9.0, 6.0, -9.0, -6.0, 0.0]
Q: [0.0, 11.0, 14.0, 3.0, 14.0, 15.0, 4.0, 3.0, 15.0, 12.0, 0.0, 6.0, 15.0, 9.0, 0.0, 10.0, 0.0, 7.0, 7.0, 15.0, 8.0, 0.0, 15.0, 15.0, 0.0, 9.0, 15.0, 6.0, 0.0, 0.0]
B: [0.0, 28.0, 54.0, 64.7870367571, 80.5749370925, 88.77752839038, 99.59420015207999, 102.46535671346999, 118.29463392377, 127.01240428092, 154.52693676831998, 279.0, 300.0, 309.29300538039, 319.11482114938, 332.74900179948, 354.50368793838004, 402.0, 422.0, 433.4468981388, 451.4038575696, 454.33197676116, 456.54265290206996, 470.38483267987, 474.45578306031, 549.0, 574.6018082369, 582.8182362320799, 598.26561380888, 625.7550897041799]
