Avion: 5      Iteracion: 14

Num Ruta: 15
Ingresos: 102000.0
Costos: 395.165547151
Utilidad Ruta: 101604.834453
Costo Reducido: 141.355999028
Nodos: [105, 12, 47, 10, 45, 35, 70, 8, 43, 25, 60, 15, 50, 29, 4, 64, 39, 33, 68, 715]
q: [0, 14.0, -14.0, 12.0, -12.0, 6.0, -6.0, 8.0, -8.0, 10.0, -10.0, 11.0, -11.0, 9.0, 5.0, -9.0, -5.0, 10.0, -10.0, 0]
Q: [0, 14.0, 0.0, 12.0, 0.0, 6.0, 0.0, 8.0, 0.0, 10.0, 0.0, 11.0, 0.0, 9.0, 14.0, 5.0, 0.0, 10.0, 0.0, 0]
B: [0.0, 54.0, 97.347924264, 106.06569462115, 135.58520535555, 279.0, 298.9128833924, 414.0, 434.768396616, 468.12895782230004, 485.31394013240003, 511.0, 527.4211666151, 549.0, 569.7100026316, 592.5834067727, 604.8024778094, 613.3739432617, 636.6774544993, 660.3000418258]
