Avion: 5      Iteracion: 15

Num Ruta: 16
Ingresos: 68400.0
Costos: 214.016213706
Utilidad Ruta: 68185.9837863
Costo Reducido: 172.943790474
Nodos: [105, 11, 46, 19, 8, 54, 43, 13, 48, 7, 42, 2, 37, 715]
q: [0, 8.0, -8.0, 7.0, 8.0, -7.0, -8.0, 15.0, -15.0, 10.0, -10.0, 9.0, -9.0, 0]
Q: [0, 8.0, 0.0, 7.0, 15.0, 8.0, 0.0, 15.0, 0.0, 10.0, 0.0, 9.0, 0.0, 0]
B: [0.0, 169.0, 173.05406684701, 402.0, 425.1608815463, 443.1178409771, 446.04596016866, 448.25663630956996, 465.13978725956997, 517.0, 545.5413118129, 555.6714802715, 596.4064423189, 611.0408782151]
