Avion: 4      Iteracion: 29

Num Ruta: 27
Ingresos: 36000.0
Costos: 176.26580233
Utilidad Ruta: 35823.7341977
Costo Reducido: 31.1427212743
Nodos: [104, 1, 36, 18, 34, 53, 69, 28, 63, 714]
q: [0.0, 7.0, -7.0, 3.0, 12.0, -3.0, -12.0, 8.0, -8.0, 0.0]
Q: [0.0, 7.0, 0.0, 3.0, 15.0, 12.0, 0.0, 8.0, 0.0, 0.0]
B: [0.0, 175.0, 209.2400855285, 293.0, 316.7154937119, 344.9475311871, 360.10016082690004, 378.0, 414.0266187839, 421.45963499537]
