Avion: 1      Iteracion: 3

Num Ruta: 7
Ingresos: 68400.0
Costos: 286.856326376
Utilidad Ruta: 68113.1436736
Costo Reducido: 18453.9352398
Nodos: [101, 17, 30, 52, 65, 24, 59, 1, 31, 66, 36, 3, 38, 711]
q: [0.0, 4.0, 11.0, -4.0, -11.0, 14.0, -14.0, 7.0, 6.0, -6.0, -7.0, 15.0, -15.0, 0.0]
Q: [0.0, 4.0, 15.0, 11.0, 0.0, 14.0, 0.0, 7.0, 13.0, 7.0, 0.0, 15.0, 0.0, 0.0]
B: [0.0, 40.5842207761, 74.1979323831, 77.34238686679, 93.44033238789, 118.17430327819, 156.68725358069, 175.0, 183.89376197118, 197.19937597428, 230.76046369508, 256.0, 261.08428175852, 319.89836886352]
