Avion: 3      Iteracion: 50

Num Ruta: 46
Ingresos: 90000.0
Costos: 217.444206724
Utilidad Ruta: 89782.5557933
Costo Reducido: 10.7711495742
Nodos: [103, 30, 16, 51, 65, 14, 49, 3, 38, 18, 53, 15, 50, 7, 4, 39, 42, 713]
q: [0.0, 11.0, 4.0, -4.0, -11.0, 8.0, -8.0, 15.0, -15.0, 11.0, -11.0, 11.0, -11.0, 10.0, 5.0, -5.0, -10.0, 0.0]
Q: [0.0, 11.0, 15.0, 11.0, 0.0, 8.0, 0.0, 15.0, 0.0, 11.0, 0.0, 11.0, 0.0, 10.0, 15.0, 10.0, 0.0, 0.0]
B: [0.0, 64.0, 72.20259129788, 81.82668273552001, 84.69783929691, 112.49377995381, 124.51549172881, 256.0, 261.08428175852, 293.0, 316.8182362487, 511.0, 527.4211666151, 538.3259061809999, 548.6892794734999, 569.1150291536999, 570.2754032313098, 585.6980907079098]
