Avion: 2      Iteracion: 46

Num Ruta: 44
Ingresos: 106800.0
Costos: 343.403532308
Utilidad Ruta: 106456.596468
Costo Reducido: 3.84311787681
Nodos: [102, 9, 12, 44, 16, 51, 10, 47, 45, 26, 61, 22, 57, 32, 8, 43, 67, 29, 27, 64, 62, 712]
q: [0.0, 11.0, 4.0, -11.0, 11.0, -11.0, 11.0, -4.0, -11.0, 13.0, -13.0, 10.0, -10.0, 6.0, 8.0, -8.0, -6.0, 9.0, 6.0, -9.0, -6.0, 0.0]
Q: [0.0, 11.0, 15.0, 4.0, 15.0, 4.0, 15.0, 11.0, 0.0, 13.0, 0.0, 10.0, 0.0, 6.0, 14.0, 6.0, 0.0, 9.0, 15.0, 6.0, 0.0, 0.0]
B: [0.0, 28.0, 54.0, 64.7870367571, 88.51682093229999, 98.14091236994, 113.97018958024, 122.68795993739, 150.20249242479, 300.0, 317.5792279694, 331.2134086195, 352.9680947584, 422.0, 433.4468981388, 454.2152947548, 470.2643934834, 549.0, 574.6018082369, 582.8182362320799, 598.26561380888, 625.7550897041799]
