Avion: 7      Iteracion: 20

Num Ruta: 22
Ingresos: 84000.0
Costos: 283.346076413
Utilidad Ruta: 83716.6539236
Costo Reducido: 36.4093220154
Nodos: [107, 31, 11, 66, 46, 34, 69, 22, 57, 8, 5, 40, 43, 21, 56, 27, 62, 717]
q: [0.0, 6.0, 8.0, -6.0, -8.0, 12.0, -12.0, 10.0, -10.0, 8.0, 7.0, -7.0, -8.0, 13.0, -13.0, 6.0, -6.0, 0.0]
Q: [0.0, 6.0, 14.0, 8.0, 0.0, 12.0, 0.0, 10.0, 0.0, 8.0, 15.0, 8.0, 0.0, 13.0, 0.0, 6.0, 0.0, 0.0]
B: [0.0, 130.0, 169.0, 169.478878899097, 173.173257466597, 283.0, 323.947598037, 353.69889745399996, 375.4535835929, 414.0, 469.0, 470.12168890518, 480.59966590458, 505.56383761127995, 546.3026282904799, 559.4800764880799, 576.5109388561799, 577.4201066074779]
