Avion: 2      Iteracion: 7

Num Ruta: 11
Ingresos: 94800.0
Costos: 418.669487597
Utilidad Ruta: 94381.3305124
Costo Reducido: 57863.3255067
Nodos: [102, 12, 47, 31, 66, 18, 53, 26, 61, 19, 54, 21, 56, 20, 4, 55, 39, 712]
q: [0, 14.0, -14.0, 6.0, -6.0, 11.0, -11.0, 13.0, -13.0, 7.0, -7.0, 13.0, -13.0, 10.0, 5.0, -10.0, -5.0, 0]
Q: [0, 14.0, 0.0, 6.0, 0.0, 11.0, 0.0, 13.0, 0.0, 7.0, 0.0, 13.0, 0.0, 10.0, 15.0, 5.0, 0.0, 0]
B: [0.0, 54.0, 97.347924264, 130.0, 143.3056140031, 293.0, 316.8182362487, 345.81975307109997, 363.39898104049996, 402.0, 428.6271162915, 477.0, 517.7387906792, 554.1640824007, 564.4432334357, 596.5395565429, 608.4007797935, 640.0179412727]
