Avion: 4      Iteracion: 41

Num Ruta: 37
Ingresos: 82800.0
Costos: 283.816242857
Utilidad Ruta: 82516.1837571
Costo Reducido: 7.08247496575
Nodos: [104, 30, 16, 51, 65, 24, 59, 1, 36, 23, 18, 53, 58, 28, 63, 25, 60, 714]
q: [0.0, 11.0, 4.0, -4.0, -11.0, 14.0, -14.0, 7.0, -7.0, 10.0, 5.0, -5.0, -10.0, 8.0, -8.0, 10.0, -10.0, 0.0]
Q: [0.0, 11.0, 15.0, 11.0, 0.0, 14.0, 0.0, 7.0, 0.0, 10.0, 15.0, 10.0, 0.0, 8.0, 0.0, 10.0, 0.0, 0.0]
B: [0.0, 64.0, 72.20259129788, 81.82668273552001, 84.69783929691, 109.43181018721, 147.94476048971, 175.0, 209.2400855285, 267.0, 293.0, 316.8182362487, 326.74376782137, 378.0, 414.0266187839, 417.35999740026, 434.54497971036, 455.58571624686]
