Avion: 5      Iteracion: 3

Num Ruta: 6
Ingresos: 157200.0
Costos: 626.381438013
Utilidad Ruta: 156573.618562
Costo Reducido: 91387.3018828
Nodos: [105, 24, 30, 59, 10, 65, 45, 31, 66, 1, 36, 3, 38, 34, 69, 25, 60, 13, 48, 21, 56, 15, 50, 4, 39, 33, 68, 715]
q: [0.0, 12.0, 3.0, -12.0, 12.0, -3.0, -12.0, 6.0, -6.0, 7.0, -7.0, 15.0, -15.0, 12.0, -12.0, 10.0, -10.0, 15.0, -15.0, 13.0, -13.0, 11.0, -11.0, 5.0, -5.0, 10.0, -10.0, 0.0]
Q: [0.0, 12.0, 15.0, 3.0, 15.0, 12.0, 0.0, 6.0, 0.0, 7.0, 0.0, 15.0, 0.0, 12.0, 0.0, 10.0, 0.0, 15.0, 0.0, 13.0, 0.0, 11.0, 0.0, 5.0, 0.0, 10.0, 0.0, 0.0]
B: [0.0, 61.0, 79.2569011609, 99.5250225588, 111.3109532391, 130.0040035252, 148.9048014184, 188.51295575560002, 201.81856975870002, 220.8082638584, 255.04834938690001, 262.1449012961, 267.22918305461997, 308.50198281421996, 349.44958085121993, 410.0, 427.1849823101, 443.186042775, 460.069193725, 477.0, 517.7387906792, 564.1245581623, 580.5457247774, 586.12040405069, 606.54615373089, 615.11761918319, 638.42113042079, 662.04371774729]
