Avion: 2      Iteracion: 14

Num Ruta: 18
Ingresos: 109200.0
Costos: 419.513783631
Utilidad Ruta: 108780.486216
Costo Reducido: 139.431471942
Nodos: [102, 9, 44, 14, 49, 31, 1, 66, 36, 8, 6, 41, 43, 13, 48, 21, 56, 2, 37, 29, 64, 712]
q: [0, 11.0, -11.0, 8.0, -8.0, 6.0, 7.0, -6.0, -7.0, 8.0, 5.0, -5.0, -8.0, 15.0, -15.0, 13.0, -13.0, 9.0, -9.0, 9.0, -9.0, 0]
Q: [0, 11.0, 0.0, 8.0, 0.0, 6.0, 13.0, 7.0, 0.0, 8.0, 13.0, 8.0, 0.0, 15.0, 0.0, 13.0, 0.0, 9.0, 0.0, 9.0, 0.0, 0]
B: [0.0, 28.0, 57.5272370025, 112.0, 124.021711775, 151.2337789879, 175.0, 193.9896940997, 227.5507818205, 414.0, 441.9144979715, 445.60678736969, 458.47278985688996, 460.68346599779994, 477.56661694779996, 493.07801333879996, 533.816804018, 557.6678177491, 598.4027797965, 608.20752033361, 641.98730011381, 673.82346597911]
