Avion: 6      Iteracion: 46

Num Ruta: 35
Ingresos: 80400.0
Costos: 345.364871982
Utilidad Ruta: 80054.635128
Costo Reducido: 14.5870079385
Nodos: [106, 17, 52, 12, 47, 1, 36, 23, 18, 58, 53, 15, 50, 20, 7, 42, 55, 716]
q: [0.0, 5.0, -5.0, 14.0, -14.0, 7.0, -7.0, 10.0, 5.0, -10.0, -5.0, 11.0, -11.0, 10.0, 5.0, -5.0, -10.0, 0.0]
Q: [0.0, 5.0, 0.0, 14.0, 0.0, 7.0, 0.0, 10.0, 15.0, 5.0, 0.0, 11.0, 0.0, 10.0, 15.0, 10.0, 0.0, 0.0]
B: [0.0, 24.0, 58.8425537813, 78.5512475229, 121.8991717869, 175.0, 209.2400855285, 267.0, 293.0, 318.4393114097, 328.36484298237, 511.0, 527.4211666151, 533.55501866744, 542.2979730879999, 570.8392849008999, 583.8029694465998, 609.3198199771998]
