Avion: 4      Iteracion: 57

Num Ruta: 48
Ingresos: 102000.0
Costos: 324.697365025
Utilidad Ruta: 101675.302635
Costo Reducido: 3.6858022479
Nodos: [104, 14, 49, 3, 38, 23, 18, 58, 53, 19, 32, 54, 13, 67, 48, 21, 20, 55, 33, 56, 68, 714]
q: [0.0, 8.0, -8.0, 15.0, -15.0, 10.0, 5.0, -10.0, -5.0, 7.0, 6.0, -7.0, 9.0, -6.0, -9.0, 5.0, 10.0, -10.0, 10.0, -5.0, -10.0, 0.0]
Q: [0.0, 8.0, 0.0, 15.0, 0.0, 10.0, 15.0, 5.0, 0.0, 7.0, 13.0, 6.0, 15.0, 9.0, 0.0, 5.0, 15.0, 5.0, 15.0, 10.0, 0.0, 0.0]
B: [0.0, 112.0, 124.021711775, 256.0, 261.08428175852, 267.0, 293.0, 318.4393114097, 328.36484298237, 402.0, 422.0, 441.5724706923, 445.80008999872, 459.64226977652004, 463.71322015696006, 479.22461654796007, 496.0, 538.1771424471, 562.0, 572.1555449386, 592.3676345138999, 625.5077540217999]
