Avion: 4      Iteracion: 2

Num Ruta: 6
Ingresos: 144000.0
Costos: 527.281073947
Utilidad Ruta: 143472.718926
Costo Reducido: 117469.175741
Nodos: [104, 12, 30, 47, 10, 65, 45, 31, 66, 1, 36, 23, 18, 53, 58, 26, 61, 28, 63, 25, 60, 19, 54, 13, 48, 5, 40, 714]
q: [0.0, 14.0, 1.0, -14.0, 12.0, -1.0, -12.0, 6.0, -6.0, 7.0, -7.0, 10.0, 5.0, -5.0, -10.0, 13.0, -13.0, 8.0, -8.0, 10.0, -10.0, 7.0, -7.0, 15.0, -15.0, 12.0, -12.0, 0.0]
Q: [0.0, 14.0, 15.0, 1.0, 13.0, 12.0, 0.0, 6.0, 0.0, 7.0, 0.0, 10.0, 15.0, 10.0, 0.0, 13.0, 0.0, 8.0, 0.0, 10.0, 0.0, 7.0, 0.0, 15.0, 0.0, 12.0, 0.0, 0.0]
B: [0.0, 54.0, 72.5310629215, 97.90540943529999, 106.62317979244999, 125.31623007854999, 144.21702797174999, 183.82518230895, 197.13079631205, 216.12049041174998, 250.36057594025, 267.0, 293.0, 316.8182362487, 326.74376782137, 346.43014059547, 364.00936856487, 378.0, 414.0266187839, 417.35999740026, 434.54497971036, 451.21787139116, 477.84498768265996, 482.07260698908, 498.95575793908, 526.22004103988, 527.34172994506, 569.98129458866]
