Avion: 6      Iteracion: 48

Num Ruta: 36
Ingresos: 52800.0
Costos: 177.300423295
Utilidad Ruta: 52622.6995767
Costo Reducido: 7.60877751396
Nodos: [106, 31, 11, 66, 46, 25, 19, 54, 60, 20, 7, 4, 42, 55, 39, 716]
q: [0.0, 6.0, 8.0, -6.0, -8.0, 8.0, 7.0, -7.0, -8.0, 10.0, 5.0, 0.0, -5.0, -10.0, 0.0, 0.0]
Q: [0.0, 6.0, 14.0, 8.0, 0.0, 8.0, 15.0, 8.0, 0.0, 10.0, 15.0, 15.0, 10.0, 0.0, 0.0, 0.0]
B: [0.0, 130.0, 169.0, 169.478878899097, 173.173257466597, 410.0, 419.3920072402, 446.01912353169996, 462.80597996759997, 496.0, 517.0, 529.0, 548.2723609867, 561.2360455324, 573.097268783, 594.7720547335]
