Avion: 1      Iteracion: 31

Num Ruta: 30
Ingresos: 16800.0
Costos: 105.589593491
Utilidad Ruta: 16694.4104065
Costo Reducido: 9.05908743067
Nodos: [101, 12, 47, 711]
q: [0, 14.0, -14.0, 0]
Q: [0, 14.0, 0.0, 0]
B: [0.0, 54.0, 97.347924264, 115.0447417462]
