Avion: 3      Iteracion: 0

Num Ruta: 3
Ingresos: 204000.0
Costos: 569.101475372
Utilidad Ruta: 203430.898525
Costo Reducido: -
Nodos: [103, 16, 51, 24, 59, 31, 14, 49, 11, 46, 66, 1, 36, 3, 38, 23, 18, 53, 58, 26, 61, 25, 60, 13, 48, 5, 40, 15, 50, 7, 4, 42, 39, 33, 68, 713]
q: [0.0, 11.0, -11.0, 14.0, -14.0, 6.0, 8.0, -8.0, 8.0, -8.0, -6.0, 7.0, -7.0, 15.0, -15.0, 4.0, 11.0, -11.0, -4.0, 13.0, -13.0, 10.0, -10.0, 15.0, -15.0, 12.0, -12.0, 11.0, -11.0, 10.0, 5.0, -10.0, -5.0, 10.0, -10.0, 0.0]
Q: [0.0, 11.0, 0.0, 14.0, 0.0, 6.0, 14.0, 6.0, 14.0, 6.0, 0.0, 7.0, 0.0, 15.0, 0.0, 4.0, 15.0, 4.0, 0.0, 13.0, 0.0, 10.0, 0.0, 15.0, 0.0, 12.0, 0.0, 11.0, 0.0, 10.0, 15.0, 5.0, 0.0, 10.0, 0.0, 0.0]
B: [0.0, 36.0, 45.624091437640004, 70.85029051714, 109.36324081964, 130.0, 147.5196824172, 159.5413941922, 188.98982330139998, 193.04389014841, 196.73826871590998, 215.72796281560997, 249.96804834410997, 257.06460025330995, 262.1488820118299, 267.0, 293.0, 316.8182362487, 326.74376782137, 346.43014059547, 364.00936856487, 410.0, 427.1849823101, 443.186042775, 460.069193725, 487.3334768258, 488.45516573098, 521.85736020978, 538.27852682488, 549.18326639078, 559.54663968328, 578.81900066998, 579.97937474759, 588.55084019989, 611.85435143749, 625.3099459988899]
