Avion: 4      Iteracion: 0

Num Ruta: 2
Ingresos: 142800.0
Costos: 507.420248641
Utilidad Ruta: 142292.579751
Costo Reducido: -
Nodos: [104, 16, 51, 24, 30, 59, 10, 65, 45, 1, 11, 46, 36, 3, 38, 23, 26, 58, 61, 18, 53, 28, 63, 25, 60, 19, 54, 714]
q: [0.0, 11.0, -11.0, 12.0, 3.0, -12.0, 12.0, -3.0, -12.0, 7.0, 8.0, -8.0, -7.0, 15.0, -15.0, 2.0, 13.0, -2.0, -13.0, 11.0, -11.0, 8.0, -8.0, 10.0, -10.0, 7.0, -7.0, 0.0]
Q: [0.0, 11.0, 0.0, 12.0, 15.0, 3.0, 15.0, 12.0, 0.0, 7.0, 15.0, 7.0, 0.0, 15.0, 0.0, 2.0, 15.0, 13.0, 0.0, 11.0, 0.0, 8.0, 0.0, 10.0, 0.0, 7.0, 0.0, 0.0]
B: [0.0, 36.0, 45.624091437640004, 70.85029051714, 89.10719167804, 109.37531307594, 121.16124375624, 139.85429404234, 158.75509193554, 197.17443310634002, 215.85526170144, 219.90932854845002, 254.22505788645003, 261.32160979565003, 266.40589155417, 269.76837887757, 304.20972241987, 323.89609519397, 326.96316757655, 350.24183832895, 374.06007457764997, 383.19357735588, 419.22019613978, 422.55357475614, 439.73855706624, 456.41144874703997, 483.03856503853996, 520.66489258984]
