Avion: 3      Iteracion: 33

Num Ruta: 35
Ingresos: 116400.0
Costos: 382.807912248
Utilidad Ruta: 116017.192088
Costo Reducido: 38.4126674752
Nodos: [103, 9, 44, 12, 47, 1, 36, 3, 38, 23, 18, 53, 58, 22, 57, 7, 20, 42, 55, 33, 68, 713]
q: [0.0, 11.0, -11.0, 14.0, -14.0, 7.0, -7.0, 15.0, -15.0, 4.0, 11.0, -11.0, -4.0, 10.0, -10.0, 5.0, 10.0, -5.0, -10.0, 10.0, -10.0, 0.0]
Q: [0.0, 11.0, 0.0, 14.0, 0.0, 7.0, 0.0, 15.0, 0.0, 4.0, 15.0, 4.0, 0.0, 10.0, 0.0, 5.0, 15.0, 10.0, 0.0, 10.0, 0.0, 0.0]
B: [0.0, 28.8572183864, 58.3844553889, 69.171492146, 112.51941641, 175.0, 209.2400855285, 256.0, 261.08428175852, 267.0, 293.0, 316.8182362487, 326.74376782137, 342.50019181287, 364.25487795177, 517.0, 525.74295442056, 554.98896180616, 567.9526463518599, 578.7744456939599, 602.0779569315599, 615.5335514929599]
