Avion: 7      Iteracion: 26

Num Ruta: 27
Ingresos: 27600.0
Costos: 37.908474499
Utilidad Ruta: 27562.0915255
Costo Reducido: 15.1961237273
Nodos: [107, 16, 51, 5, 40, 717]
q: [0, 11.0, -11.0, 12.0, -12.0, 0]
Q: [0, 11.0, 0.0, 12.0, 0.0, 0]
B: [0.0, 36.0, 45.624091437640004, 469.0, 470.12168890518, 473.1997267542]
