Avion: 5      Iteracion: 23

Num Ruta: 22
Ingresos: 76800.0
Costos: 274.395300893
Utilidad Ruta: 76525.6046991
Costo Reducido: 25.756487974
Nodos: [105, 12, 47, 1, 11, 46, 36, 8, 43, 5, 40, 7, 4, 42, 39, 715]
q: [0, 14.0, -14.0, 7.0, 8.0, -8.0, -7.0, 8.0, -8.0, 12.0, -12.0, 10.0, 5.0, -10.0, -5.0, 0]
Q: [0, 14.0, 0.0, 7.0, 15.0, 7.0, 0.0, 8.0, 0.0, 12.0, 0.0, 10.0, 15.0, 5.0, 0.0, 0]
B: [0.0, 54.0, 97.347924264, 175.0, 193.6808285951, 197.73489544211, 232.05062478011, 414.0, 434.768396616, 469.0, 470.12168890518, 517.0, 529.0, 548.2723609867, 549.43273506431, 576.47994785971]
