Avion: 4      Iteracion: 51

Num Ruta: 44
Ingresos: 85200.0
Costos: 274.131577393
Utilidad Ruta: 84925.8684226
Costo Reducido: 0.249430939279
Nodos: [104, 17, 30, 52, 16, 65, 51, 24, 59, 1, 36, 3, 38, 23, 18, 58, 53, 714]
q: [0.0, 5.0, 10.0, -5.0, 5.0, -10.0, -5.0, 14.0, -14.0, 7.0, -7.0, 15.0, -15.0, 10.0, 5.0, -10.0, -5.0, 0.0]
Q: [0.0, 5.0, 15.0, 10.0, 15.0, 5.0, 0.0, 14.0, 0.0, 7.0, 0.0, 15.0, 0.0, 10.0, 15.0, 5.0, 0.0, 0.0]
B: [0.0, 24.0, 64.0, 67.14445448369, 72.47609381883, 83.29276558052999, 86.16392214191998, 111.39012122141997, 149.90307152391998, 175.0, 209.2400855285, 256.0, 261.08428175852, 267.0, 293.0, 318.4393114097, 328.36484298237, 357.00000531817]
