Avion: 3      Iteracion: 55

Num Ruta: 49
Ingresos: 34800.0
Costos: 146.487137804
Utilidad Ruta: 34653.5128622
Costo Reducido: 3.71619966389
Nodos: [103, 32, 67, 21, 56, 33, 68, 713]
q: [0, 6.0, -6.0, 13.0, -13.0, 10.0, -10.0, 0]
Q: [0, 6.0, 0.0, 13.0, 0.0, 10.0, 0.0, 0]
B: [0.0, 422.0, 449.8573558149, 477.0, 517.7387906792, 562.0, 585.3035112376, 598.7591057989999]
