Avion: 1      Iteracion: 9

Num Ruta: 12
Ingresos: 12000.0
Costos: 101.257262367
Utilidad Ruta: 11898.7427376
Costo Reducido: 7481.04959515
Nodos: [101, 25, 60, 711]
q: [0, 10.0, -10.0, 0]
Q: [0, 10.0, 0.0, 0]
B: [0.0, 410.0, 427.1849823101, 457.4460763088]
