Avion: 3      Iteracion: 2

Num Ruta: 6
Ingresos: 135600.0
Costos: 444.409231877
Utilidad Ruta: 135155.590768
Costo Reducido: 93298.2863267
Nodos: [103, 12, 47, 31, 1, 66, 36, 23, 18, 53, 58, 26, 61, 13, 48, 32, 67, 5, 40, 7, 4, 42, 39, 33, 68, 713]
q: [0.0, 14.0, -14.0, 6.0, 7.0, -6.0, -7.0, 4.0, 11.0, -11.0, -4.0, 13.0, -13.0, 15.0, -15.0, 6.0, -6.0, 12.0, -12.0, 10.0, 5.0, -10.0, -5.0, 10.0, -10.0, 0.0]
Q: [0.0, 14.0, 0.0, 6.0, 13.0, 7.0, 0.0, 4.0, 15.0, 4.0, 0.0, 13.0, 0.0, 15.0, 0.0, 6.0, 0.0, 12.0, 0.0, 10.0, 15.0, 5.0, 0.0, 10.0, 0.0, 0.0]
B: [0.0, 54.0, 97.347924264, 130.0, 175.0, 193.9896940997, 227.5507818205, 267.0, 293.0, 316.8182362487, 326.74376782137, 346.43014059547, 364.00936856487, 423.0, 439.88315095, 467.2623045162, 495.1196603311, 520.0618953953, 521.18358430048, 542.90199091788, 553.26536421038, 572.53772519708, 573.69809927469, 582.26956472699, 605.57307596459, 619.0286705259899]
