Avion: 7      Iteracion: 57

Num Ruta: 44
Ingresos: 58800.0
Costos: 132.466999676
Utilidad Ruta: 58667.5330003
Costo Reducido: 7.7247936654
Nodos: [107, 16, 51, 5, 40, 15, 50, 7, 4, 39, 42, 717]
q: [0, 11.0, -11.0, 12.0, -12.0, 11.0, -11.0, 10.0, 5.0, -5.0, -10.0, 0]
Q: [0, 11.0, 0.0, 12.0, 0.0, 11.0, 0.0, 10.0, 15.0, 10.0, 0.0, 0]
B: [0.0, 36.0, 45.624091437640004, 469.0, 470.12168890518, 511.0, 527.4211666151, 538.3259061809999, 548.6892794734999, 569.1150291536999, 570.2754032313098, 575.2343685467798]
