Avion: 2      Iteracion: 4

Num Ruta: 8
Ingresos: 162000.0
Costos: 567.715655479
Utilidad Ruta: 161432.284345
Costo Reducido: 123130.537832
Nodos: [102, 16, 51, 30, 12, 65, 47, 10, 45, 3, 38, 23, 58, 22, 57, 28, 63, 19, 32, 54, 13, 67, 48, 15, 50, 7, 4, 42, 39, 27, 62, 712]
q: [0.0, 11.0, -11.0, 11.0, 4.0, -11.0, -4.0, 12.0, -12.0, 15.0, -15.0, 10.0, -10.0, 10.0, -10.0, 8.0, -8.0, 7.0, 6.0, -7.0, 9.0, -6.0, -9.0, 11.0, -11.0, 10.0, 5.0, -10.0, -5.0, 6.0, -6.0, 0.0]
Q: [0.0, 11.0, 0.0, 11.0, 15.0, 4.0, 0.0, 12.0, 0.0, 15.0, 0.0, 10.0, 0.0, 10.0, 0.0, 8.0, 0.0, 7.0, 13.0, 6.0, 15.0, 9.0, 0.0, 11.0, 0.0, 10.0, 15.0, 5.0, 0.0, 6.0, 0.0, 0.0]
B: [0.0, 36.0, 45.624091437640004, 64.0, 82.5310629215, 117.3578093817, 140.1536674485, 148.87143780564998, 178.39094854004998, 256.0, 261.08428175852, 267.0, 306.733842905, 322.49026689650003, 344.24495303540004, 387.29611673630006, 423.32273552020007, 435.85852879390006, 447.57344343290004, 467.1459141252, 471.37353343162005, 485.2157132094201, 489.2866635898601, 511.0, 527.4211666151, 538.3259061809999, 548.6892794734999, 567.9616404602, 569.12201453781, 585.47282711701, 602.5036894851099, 629.9931653804099]
