Avion: 2      Iteracion: 50

Num Ruta: 46
Ingresos: 55200.0
Costos: 166.651606535
Utilidad Ruta: 55033.3483935
Costo Reducido: 1.37258035032
Nodos: [102, 12, 47, 6, 41, 5, 40, 7, 4, 42, 39, 712]
q: [0, 14.0, -14.0, 5.0, -5.0, 12.0, -12.0, 10.0, 5.0, -10.0, -5.0, 0]
Q: [0, 14.0, 0.0, 5.0, 0.0, 12.0, 0.0, 10.0, 15.0, 5.0, 0.0, 0]
B: [0.0, 54.0, 97.347924264, 436.0, 439.69228939819, 469.0, 470.12168890518, 517.0, 529.0, 548.2723609867, 549.43273506431, 581.04989654351]
