Avion: 7      Iteracion: 29

Num Ruta: 29
Ingresos: 105600.0
Costos: 326.684299361
Utilidad Ruta: 105273.315701
Costo Reducido: 43.3530144549
Nodos: [107, 16, 30, 65, 51, 31, 11, 66, 46, 34, 69, 22, 57, 32, 19, 54, 13, 67, 48, 29, 64, 27, 62, 717]
q: [0.0, 4.0, 11.0, -11.0, -4.0, 6.0, 8.0, -6.0, -8.0, 12.0, -12.0, 10.0, -10.0, 6.0, 7.0, -7.0, 9.0, -6.0, -9.0, 9.0, -9.0, 6.0, -6.0, 0.0]
Q: [0.0, 4.0, 15.0, 4.0, 0.0, 6.0, 14.0, 8.0, 0.0, 12.0, 0.0, 10.0, 0.0, 6.0, 13.0, 6.0, 15.0, 9.0, 0.0, 9.0, 0.0, 6.0, 0.0, 0.0]
B: [0.0, 36.0, 64.0, 82.7140226568, 85.58517921818999, 130.0, 169.0, 169.478878899097, 173.173257466597, 283.0, 323.947598037, 353.69889745399996, 375.4535835929, 422.0, 433.71491463899997, 460.34203093049996, 464.56965023692, 478.41183001472, 482.48278039516003, 549.0, 582.7797797802, 590.99620777538, 608.0270701434799, 608.936237894778]
