Avion: 4      Iteracion: 1

Num Ruta: 5
Ingresos: 146400.0
Costos: 544.024692032
Utilidad Ruta: 145855.975308
Costo Reducido: 131709.875503
Nodos: [104, 16, 51, 24, 30, 59, 10, 65, 45, 11, 46, 34, 57, 18, 22, 53, 69, 28, 63, 25, 60, 8, 43, 5, 40, 21, 56, 714]
q: [0.0, 11.0, -11.0, 12.0, 3.0, -12.0, 12.0, -3.0, -12.0, 8.0, -8.0, 12.0, -10.0, 3.0, 10.0, -3.0, -12.0, 8.0, -8.0, 10.0, -10.0, 8.0, -8.0, 12.0, -12.0, 13.0, -13.0, 0.0]
Q: [0.0, 11.0, 0.0, 12.0, 15.0, 3.0, 15.0, 12.0, 0.0, 8.0, 0.0, 12.0, 2.0, 5.0, 15.0, 12.0, 0.0, 8.0, 0.0, 10.0, 0.0, 8.0, 0.0, 12.0, 0.0, 13.0, 0.0, 0.0]
B: [0.0, 36.0, 45.624091437640004, 70.85029051714, 89.10719167804, 109.37531307594, 121.16124375624, 139.85429404234, 158.75509193554, 211.39330851814, 215.44737536515, 283.0, 320.0, 333.4004365974, 343.08612676383, 358.56897417633, 373.72160381613, 382.90178736549, 418.92840614939, 422.26178476575, 439.44676707585, 465.26736693335, 486.03576354935, 495.78857442622, 496.9102633314, 525.1498537144, 565.8886443936, 619.1973217359999]
