Avion: 5      Iteracion: 7

Num Ruta: 9
Ingresos: 133200.0
Costos: 527.24687407
Utilidad Ruta: 132672.753126
Costo Reducido: 72398.3622529
Nodos: [105, 17, 12, 24, 52, 47, 59, 31, 11, 66, 46, 18, 53, 26, 61, 25, 60, 19, 54, 6, 41, 15, 50, 20, 4, 39, 55, 33, 68, 715]
q: [0.0, 5.0, 10.0, 0.0, -5.0, -10.0, 0.0, 6.0, 8.0, -6.0, -8.0, 11.0, -11.0, 13.0, -13.0, 10.0, -10.0, 7.0, -7.0, 5.0, -5.0, 11.0, -11.0, 10.0, 5.0, -5.0, -10.0, 10.0, -10.0, 0.0]
Q: [0.0, 5.0, 15.0, 15.0, 10.0, 0.0, 0.0, 6.0, 14.0, 8.0, 0.0, 11.0, 0.0, 13.0, 0.0, 10.0, 0.0, 7.0, 0.0, 5.0, 0.0, 11.0, 0.0, 10.0, 15.0, 10.0, 0.0, 10.0, 0.0, 0.0]
B: [0.0, 24.0, 73.5328355841, 90.38066301079999, 106.93894631549999, 132.5594405535, 148.4916781239, 159.7760358814, 172.9587650753, 173.437643974397, 177.132022541897, 293.0, 316.8182362487, 345.81975307109997, 363.39898104049996, 410.0, 427.1849823101, 443.8578739909, 470.48499028239996, 482.27600927989994, 485.9682986780899, 528.30365480039, 544.7248214154899, 550.8586734678299, 561.13782450283, 581.5635741830299, 593.4247974336299, 604.2465967757299, 627.5501080133299, 651.1726953398299]
