Avion: 1      Iteracion: 53

Num Ruta: 45
Ingresos: 52800.0
Costos: 180.85695901
Utilidad Ruta: 52619.143041
Costo Reducido: 3.89635108523
Nodos: [101, 16, 51, 24, 59, 31, 66, 21, 56, 711]
q: [0, 11.0, -11.0, 14.0, -14.0, 6.0, -6.0, 13.0, -13.0, 0]
Q: [0, 11.0, 0.0, 14.0, 0.0, 6.0, 0.0, 13.0, 0.0, 0]
B: [0.0, 36.0, 45.624091437640004, 70.85029051714, 109.36324081964, 130.0, 143.3056140031, 477.0, 517.7387906792, 537.5187401229999]
