Avion: 1      Iteracion: 32

Num Ruta: 31
Ingresos: 94800.0
Costos: 277.588255257
Utilidad Ruta: 94522.4117447
Costo Reducido: 26.0752283987
Nodos: [101, 24, 59, 1, 36, 3, 38, 23, 18, 53, 58, 13, 48, 21, 56, 711]
q: [0.0, 14.0, -14.0, 7.0, -7.0, 15.0, -15.0, 10.0, 5.0, -5.0, -10.0, 15.0, -15.0, 13.0, -13.0, 0.0]
Q: [0.0, 14.0, 0.0, 7.0, 0.0, 15.0, 0.0, 10.0, 15.0, 10.0, 0.0, 15.0, 0.0, 13.0, 0.0, 0.0]
B: [0.0, 61.0, 99.5129503025, 175.0, 209.2400855285, 256.0, 261.08428175852, 267.0, 293.0, 316.8182362487, 326.74376782137, 423.0, 439.88315095, 477.0, 517.7387906792, 537.5187401229999]
