Avion: 7      Iteracion: 38

Num Ruta: 35
Ingresos: 70800.0
Costos: 207.596142384
Utilidad Ruta: 70592.4038576
Costo Reducido: 4.09722333336
Nodos: [107, 9, 44, 18, 57, 22, 53, 19, 8, 54, 43, 5, 40, 717]
q: [0.0, 11.0, -11.0, 11.0, -10.0, 10.0, -11.0, 7.0, 8.0, -7.0, -8.0, 12.0, -12.0, 0.0]
Q: [0.0, 11.0, 0.0, 11.0, 1.0, 11.0, 0.0, 7.0, 15.0, 8.0, 0.0, 12.0, 0.0, 0.0]
B: [0.0, 32.6028927091, 62.1301297116, 293.0, 320.0, 341.7546861389, 357.2375335514, 402.0, 425.1608815463, 443.1178409771, 446.04596016866, 469.0, 470.12168890518, 473.1997267542]
