Avion: 5      Iteracion: 29

Num Ruta: 27
Ingresos: 46800.0
Costos: 190.722492317
Utilidad Ruta: 46609.2775077
Costo Reducido: 43.1886731483
Nodos: [105, 11, 46, 34, 69, 29, 64, 33, 68, 715]
q: [0, 8.0, -8.0, 12.0, -12.0, 9.0, -9.0, 10.0, -10.0, 0]
Q: [0, 8.0, 0.0, 12.0, 0.0, 9.0, 0.0, 10.0, 0.0, 0]
B: [0.0, 169.0, 173.05406684701, 283.0, 323.947598037, 549.0, 582.7797797802, 591.6312714624, 614.9347827, 638.5573700265]
