Avion: 6      Iteracion: 29

Num Ruta: 29
Ingresos: 52800.0
Costos: 117.840969214
Utilidad Ruta: 52682.1590308
Costo Reducido: 19.9776321337
Nodos: [106, 10, 45, 35, 26, 70, 61, 6, 41, 5, 40, 716]
q: [0.0, 12.0, -12.0, 6.0, 9.0, -6.0, -9.0, 5.0, -5.0, 12.0, -12.0, 0.0]
Q: [0.0, 12.0, 0.0, 6.0, 15.0, 9.0, 0.0, 5.0, 0.0, 12.0, 0.0, 0.0]
B: [0.0, 96.0, 125.5195107344, 279.0, 300.0, 309.29300538039, 319.11482114938, 436.0, 439.69228939819, 469.0, 470.12168890518, 487.46667192618]
