Avion: 7      Iteracion: 44

Num Ruta: 40
Ingresos: 78000.0
Costos: 296.031200645
Utilidad Ruta: 77703.9687994
Costo Reducido: 0.163390403381
Nodos: [107, 24, 59, 11, 46, 34, 69, 22, 57, 32, 21, 67, 56, 27, 62, 717]
q: [0.0, 14.0, -14.0, 8.0, -8.0, 12.0, -12.0, 10.0, -10.0, 2.0, 13.0, -2.0, -13.0, 6.0, -6.0, 0.0]
Q: [0.0, 14.0, 0.0, 8.0, 0.0, 12.0, 0.0, 10.0, 0.0, 2.0, 15.0, 13.0, 0.0, 6.0, 0.0, 0.0]
B: [0.0, 61.0, 99.5129503025, 169.0, 173.05406684701, 283.0, 323.947598037, 353.69889745399996, 375.4535835929, 422.0, 477.0, 495.4119315934, 521.6226304967, 538.0, 555.0308623681, 555.940030119398]
