Avion: 2      Iteracion: 0

Num Ruta: 3
Ingresos: 176400.0
Costos: 525.06295741
Utilidad Ruta: 175874.937043
Costo Reducido: -
Nodos: [102, 24, 30, 59, 10, 65, 45, 31, 11, 66, 46, 3, 38, 23, 58, 26, 61, 22, 57, 25, 60, 13, 48, 5, 40, 15, 50, 7, 42, 712]
q: [0.0, 14.0, 1.0, -14.0, 12.0, -1.0, -12.0, 6.0, 8.0, -6.0, -8.0, 15.0, -15.0, 10.0, -10.0, 13.0, -13.0, 10.0, -10.0, 10.0, -10.0, 15.0, -15.0, 12.0, -12.0, 11.0, -11.0, 10.0, -10.0, 0.0]
Q: [0.0, 14.0, 15.0, 1.0, 13.0, 12.0, 0.0, 6.0, 14.0, 8.0, 0.0, 15.0, 0.0, 10.0, 0.0, 13.0, 0.0, 10.0, 0.0, 10.0, 0.0, 15.0, 0.0, 12.0, 0.0, 11.0, 0.0, 10.0, 0.0, 0.0]
B: [0.0, 61.0, 79.2569011609, 99.5250225588, 111.3109532391, 130.0040035252, 148.9048014184, 188.51295575560002, 201.69568494950002, 202.17456384859702, 205.868942416097, 256.0, 261.08428175852, 267.0, 306.733842905, 326.4202156791, 343.9994436485, 357.6336242986, 379.3883104375, 410.0, 427.1849823101, 443.186042775, 460.069193725, 487.3334768258, 488.45516573098, 521.85736020978, 538.27852682488, 549.18326639078, 577.7245782036799, 608.20439263878]
