Avion: 7      Iteracion: 59

Num Ruta: 46
Ingresos: 58800.0
Costos: 154.306206205
Utilidad Ruta: 58645.6937938
Costo Reducido: 28.1284609235
Nodos: [107, 16, 51, 8, 32, 43, 13, 67, 48, 29, 27, 64, 62, 717]
q: [0.0, 11.0, -11.0, 8.0, 6.0, -8.0, 9.0, -6.0, -9.0, 9.0, 6.0, -9.0, -6.0, 0.0]
Q: [0.0, 11.0, 0.0, 8.0, 14.0, 6.0, 15.0, 9.0, 0.0, 9.0, 15.0, 6.0, 0.0, 0.0]
B: [0.0, 36.0, 45.624091437640004, 414.0, 425.4468981388, 447.8266328334, 450.03730897431, 463.87948875211003, 467.95043913255006, 549.0, 574.6018082369, 582.8182362320799, 598.26561380888, 599.174781560178]
