Avion: 6      Iteracion: 52

Num Ruta: 39
Ingresos: 32400.0
Costos: 64.180303181
Utilidad Ruta: 32335.8196968
Costo Reducido: 3.60047536105
Nodos: [106, 30, 16, 65, 51, 5, 40, 716]
q: [0.0, 11.0, 4.0, -11.0, -4.0, 12.0, -12.0, 0.0]
Q: [0.0, 11.0, 15.0, 4.0, 0.0, 12.0, 0.0, 0.0]
B: [0.0, 64.0, 72.20259129788, 83.01926305958, 85.89041962097, 469.0, 470.12168890518, 487.46667192618]
