Avion: 4      Iteracion: 17

Num Ruta: 18
Ingresos: 87600.0
Costos: 377.523588152
Utilidad Ruta: 87222.4764118
Costo Reducido: 86.083235829
Nodos: [104, 16, 51, 14, 49, 23, 35, 70, 26, 61, 58, 6, 41, 21, 56, 4, 7, 39, 42, 714]
q: [0.0, 11.0, -11.0, 8.0, -8.0, 9.0, 6.0, -6.0, 6.0, -6.0, -9.0, 5.0, -5.0, 13.0, -13.0, 5.0, 10.0, -5.0, -10.0, 0.0]
Q: [0.0, 11.0, 0.0, 8.0, 0.0, 9.0, 15.0, 9.0, 15.0, 9.0, 0.0, 5.0, 0.0, 13.0, 0.0, 5.0, 15.0, 10.0, 0.0, 0.0]
B: [0.0, 36.0, 45.624091437640004, 112.0, 124.021711775, 267.0, 307.4405515417, 327.3534349341, 336.64644031449, 354.22566828389, 357.29274066647, 436.0, 439.69228939819, 477.0, 517.7387906792, 546.9085880901999, 557.2719613826999, 586.9696278903999, 588.1300019680099, 636.3943410291099]
