Avion: 1      Iteracion: 56

Num Ruta: 48
Ingresos: 54000.0
Costos: 185.611151373
Utilidad Ruta: 53814.3888486
Costo Reducido: 5.59102996976
Nodos: [101, 24, 59, 11, 46, 25, 60, 21, 56, 711]
q: [0, 14.0, -14.0, 8.0, -8.0, 10.0, -10.0, 13.0, -13.0, 0]
Q: [0, 14.0, 0.0, 8.0, 0.0, 10.0, 0.0, 13.0, 0.0, 0]
B: [0.0, 61.0, 99.5129503025, 169.0, 173.05406684701, 410.0, 427.1849823101, 477.0, 517.7387906792, 537.5187401229999]
