Avion: 1      Iteracion: 59

Num Ruta: 50
Ingresos: 21600.0
Costos: 110.276343012
Utilidad Ruta: 21489.723657
Costo Reducido: 4.80871594492
Nodos: [101, 2, 37, 29, 64, 711]
q: [0, 9.0, -9.0, 9.0, -9.0, 0]
Q: [0, 9.0, 0.0, 9.0, 0.0, 0]
B: [0.0, 522.0, 562.7349620474, 572.53970258451, 606.31948236471, 627.17050948571]
