Avion: 7      Iteracion: 25

Num Ruta: 26
Ingresos: 63600.0
Costos: 247.262534526
Utilidad Ruta: 63352.7374655
Costo Reducido: 61.07723891
Nodos: [107, 30, 65, 14, 49, 22, 57, 32, 19, 67, 54, 4, 27, 39, 62, 717]
q: [0, 11.0, -11.0, 8.0, -8.0, 10.0, -10.0, 6.0, 7.0, -6.0, -7.0, 5.0, 6.0, -5.0, -6.0, 0]
Q: [0, 11.0, 0.0, 8.0, 0.0, 10.0, 0.0, 6.0, 13.0, 7.0, 0.0, 5.0, 11.0, 6.0, 0.0, 0]
B: [0.0, 64.0, 82.7140226568, 112.0, 124.021711775, 299.0, 320.7546861389, 422.0, 433.71491463899997, 461.3697862171, 478.4971626653, 529.0, 546.6147745373, 562.9655871165, 568.38084565142, 569.290013402718]
