Avion: 5      Iteracion: 60

Num Ruta: 50
Ingresos: 82800.0
Costos: 274.151115556
Utilidad Ruta: 82525.8488844
Costo Reducido: 17.4130195287
Nodos: [105, 1, 36, 8, 19, 43, 54, 5, 40, 15, 50, 7, 4, 42, 39, 2, 37, 715]
q: [0, 7.0, -7.0, 8.0, 7.0, -8.0, -7.0, 12.0, -12.0, 11.0, -11.0, 10.0, 5.0, -10.0, -5.0, 9.0, -9.0, 0]
Q: [0, 7.0, 0.0, 8.0, 15.0, 7.0, 0.0, 12.0, 0.0, 11.0, 0.0, 10.0, 15.0, 5.0, 0.0, 9.0, 0.0, 0]
B: [0.0, 175.0, 209.2400855285, 414.0, 437.1608815463, 466.0513395558, 468.97945874735996, 476.82977198951994, 477.95146089469995, 511.3536553734999, 527.7748219885999, 538.6795615544999, 549.0429348469999, 568.3152958336999, 569.4756699113099, 578.9301364219099, 619.6650984693099, 634.2995343655099]
