Avion: 4      Iteracion: 10

Num Ruta: 12
Ingresos: 104400.0
Costos: 408.308189825
Utilidad Ruta: 103991.69181
Costo Reducido: 702.302378036
Nodos: [104, 30, 65, 14, 49, 31, 11, 46, 66, 1, 36, 3, 38, 35, 70, 18, 53, 28, 8, 43, 63, 714]
q: [0.0, 11.0, -11.0, 8.0, -8.0, 6.0, 8.0, -8.0, -6.0, 7.0, -7.0, 15.0, -15.0, 6.0, -6.0, 11.0, -11.0, 7.0, 8.0, -8.0, -7.0, 0.0]
Q: [0.0, 11.0, 0.0, 8.0, 0.0, 6.0, 14.0, 6.0, 0.0, 7.0, 0.0, 15.0, 0.0, 6.0, 0.0, 11.0, 0.0, 7.0, 15.0, 7.0, 0.0, 0.0]
B: [0.0, 64.0, 82.7140226568, 112.0, 124.021711775, 151.2337789879, 169.0, 173.05406684701, 176.74844541451, 195.73813951421, 229.97822504271, 256.0, 261.08428175852, 304.88260501412, 324.79548840651995, 347.6863417982199, 371.5045780469199, 380.6380808251499, 416.3028593047499, 437.07125592074993, 471.3489359618499, 478.7819521733199]
