Avion: 5      Iteracion: 30

Num Ruta: 28
Ingresos: 40800.0
Costos: 142.733113796
Utilidad Ruta: 40657.2668862
Costo Reducido: 17.037581677
Nodos: [105, 11, 46, 15, 50, 29, 64, 27, 62, 715]
q: [0, 8.0, -8.0, 11.0, -11.0, 9.0, -9.0, 6.0, -6.0, 0]
Q: [0, 8.0, 0.0, 11.0, 0.0, 9.0, 0.0, 6.0, 0.0, 0]
B: [0.0, 169.0, 173.05406684701, 511.0, 527.4211666151, 549.0, 582.7797797802, 590.99620777538, 608.0270701434799, 629.9085967126799]
