Avion: 7      Iteracion: 31

Num Ruta: 31
Ingresos: 104400.0
Costos: 354.677573953
Utilidad Ruta: 104045.322426
Costo Reducido: 11.1824418518
Nodos: [107, 24, 59, 31, 66, 11, 46, 34, 69, 28, 63, 25, 60, 32, 8, 43, 67, 20, 4, 39, 55, 717]
q: [0, 14.0, -14.0, 6.0, -6.0, 8.0, -8.0, 12.0, -12.0, 8.0, -8.0, 10.0, -10.0, 6.0, 8.0, -8.0, -6.0, 10.0, 5.0, -5.0, -10.0, 0]
Q: [0, 14.0, 0.0, 6.0, 0.0, 8.0, 0.0, 12.0, 0.0, 8.0, 0.0, 10.0, 0.0, 6.0, 14.0, 6.0, 0.0, 10.0, 15.0, 10.0, 0.0, 0]
B: [0.0, 61.0, 99.5129503025, 130.0, 143.3056140031, 169.0, 173.05406684701, 283.0, 323.947598037, 378.0, 414.0266187839, 417.35999740026, 434.54497971036, 453.08990915216, 464.53680729096, 485.30520390696, 501.35430263556, 517.3133751023599, 529.0, 549.4257496801999, 561.2869729308, 577.4009641806]
