Avion: 3      Iteracion: 23

Num Ruta: 25
Ingresos: 16800.0
Costos: 45.3447618072
Utilidad Ruta: 16754.6552382
Costo Reducido: 12.0589306731
Nodos: [103, 31, 66, 11, 46, 713]
q: [0, 6.0, -6.0, 8.0, -8.0, 0]
Q: [0, 6.0, 0.0, 8.0, 0.0, 0]
B: [0.0, 130.0, 143.3056140031, 169.0, 173.05406684701, 193.46902077791]
