Avion: 1      Iteracion: 44

Num Ruta: 39
Ingresos: 76800.0
Costos: 226.293866786
Utilidad Ruta: 76573.7061332
Costo Reducido: 14.9373572706
Nodos: [101, 16, 51, 24, 59, 31, 11, 66, 46, 25, 60, 21, 4, 39, 56, 711]
q: [0.0, 11.0, -11.0, 14.0, -14.0, 6.0, 8.0, -6.0, -8.0, 10.0, -10.0, 13.0, 2.0, -2.0, -13.0, 0.0]
Q: [0.0, 11.0, 0.0, 14.0, 0.0, 6.0, 14.0, 8.0, 0.0, 10.0, 0.0, 13.0, 15.0, 13.0, 0.0, 0.0]
B: [0.0, 36.0, 45.624091437640004, 70.85029051714, 109.36324081964, 130.0, 169.0, 169.478878899097, 173.173257466597, 410.0, 427.1849823101, 477.0, 529.0, 549.4257496801999, 566.2286940948, 586.0086435385999]
