Avion: 2      Iteracion: 8

Num Ruta: 12
Ingresos: 135600.0
Costos: 575.788908248
Utilidad Ruta: 135024.211092
Costo Reducido: 69125.1790122
Nodos: [102, 17, 24, 52, 59, 3, 38, 35, 70, 26, 61, 28, 63, 19, 54, 13, 41, 6, 48, 20, 55, 33, 68, 29, 64, 712]
q: [0.0, 5.0, 10.0, -5.0, -10.0, 15.0, -15.0, 6.0, -6.0, 13.0, -13.0, 8.0, -8.0, 7.0, -7.0, 15.0, -5.0, 5.0, -15.0, 10.0, -10.0, 10.0, -10.0, 9.0, -9.0, 0.0]
Q: [0.0, 5.0, 15.0, 10.0, 0.0, 15.0, 0.0, 6.0, 0.0, 13.0, 0.0, 8.0, 0.0, 7.0, 0.0, 15.0, 10.0, 15.0, 0.0, 10.0, 0.0, 10.0, 0.0, 9.0, 0.0, 0.0]
B: [0.0, 47.9042703942, 99.2915125463, 115.849795851, 138.262341378, 256.0, 261.08428175852, 304.88260501412, 324.79548840651995, 334.08849378690996, 351.66772175630996, 378.0, 414.0266187839, 426.5624120576, 453.1895283491, 457.41714765552, 470.82721376272, 474.51950316091, 498.74245178411, 512.67303701951, 554.85017946661, 565.67197880871, 588.97549004631, 607.35880925151, 641.13858903171, 672.97475489701]
