Avion: 2      Iteracion: 1

Num Ruta: 5
Ingresos: 152400.0
Costos: 537.692673356
Utilidad Ruta: 151862.307327
Costo Reducido: 93437.3240898
Nodos: [102, 24, 30, 59, 10, 65, 45, 31, 11, 66, 46, 35, 70, 18, 57, 22, 53, 28, 63, 25, 60, 8, 43, 5, 40, 15, 50, 7, 42, 712]
q: [0.0, 14.0, 1.0, -14.0, 12.0, -1.0, -12.0, 6.0, 8.0, -6.0, -8.0, 6.0, -6.0, 11.0, -10.0, 10.0, -11.0, 8.0, -8.0, 10.0, -10.0, 8.0, -8.0, 12.0, -12.0, 11.0, -11.0, 10.0, -10.0, 0.0]
Q: [0.0, 14.0, 15.0, 1.0, 13.0, 12.0, 0.0, 6.0, 14.0, 8.0, 0.0, 6.0, 0.0, 11.0, 1.0, 11.0, 0.0, 8.0, 0.0, 10.0, 0.0, 8.0, 0.0, 12.0, 0.0, 11.0, 0.0, 10.0, 0.0, 0.0]
B: [0.0, 61.0, 79.2569011609, 99.5250225588, 111.3109532391, 130.0040035252, 148.9048014184, 188.51295575560002, 201.69568494950002, 202.17456384859702, 205.868942416097, 279.0, 298.9128833924, 321.80373678409995, 335.20417338149997, 356.9588595204, 372.4417069329, 381.57520971113, 417.60182849503, 420.93520711139, 438.12018942149, 463.94078927899, 484.70918589499, 494.46199677186, 495.58368567704, 528.98588015584, 545.40704677094, 556.31178633684, 584.8530981497399, 615.33291258484]
