Avion: 5      Iteracion: 58

Num Ruta: 49
Ingresos: 106800.0
Costos: 343.42650758
Utilidad Ruta: 106456.573492
Costo Reducido: 11.8360325426
Nodos: [105, 17, 30, 52, 16, 51, 65, 24, 31, 59, 11, 66, 46, 25, 19, 32, 54, 13, 67, 48, 60, 20, 4, 39, 55, 2, 37, 715]
q: [0.0, 5.0, 10.0, -5.0, 5.0, -5.0, -10.0, 14.0, 1.0, -14.0, 8.0, -1.0, -8.0, 2.0, 7.0, 6.0, -7.0, 7.0, -6.0, -7.0, -2.0, 10.0, 5.0, -5.0, -10.0, 9.0, -9.0, 0.0]
Q: [0.0, 5.0, 15.0, 10.0, 15.0, 10.0, 0.0, 14.0, 15.0, 1.0, 9.0, 8.0, 0.0, 2.0, 9.0, 15.0, 8.0, 15.0, 9.0, 2.0, 0.0, 10.0, 15.0, 10.0, 0.0, 9.0, 0.0, 0.0]
B: [0.0, 24.0, 64.0, 67.14445448369, 72.47609381883, 82.10018525647, 84.97134181786, 109.70531270816, 137.15193918576, 148.43629694326, 169.0, 169.478878899097, 173.173257466597, 410.0, 419.3920072402, 431.10692187919994, 450.67939257149993, 454.90701187791996, 468.74919165572, 472.82014203616, 481.99847968521, 496.0, 529.0, 549.4257496801999, 561.2869729308, 568.6172701962599, 609.35223224366, 623.98666813986]
