Avion: 2      Iteracion: 9

Num Ruta: 13
Ingresos: 122400.0
Costos: 507.062594912
Utilidad Ruta: 121892.937405
Costo Reducido: 47713.1684963
Nodos: [102, 9, 44, 24, 59, 11, 46, 23, 18, 53, 58, 26, 61, 25, 60, 32, 6, 41, 67, 4, 29, 64, 27, 39, 62, 712]
q: [0.0, 11.0, -11.0, 14.0, -14.0, 8.0, -8.0, 10.0, 5.0, -5.0, -10.0, 13.0, -13.0, 10.0, -10.0, 6.0, 5.0, -5.0, -6.0, 5.0, 9.0, -9.0, 6.0, -5.0, -6.0, 0.0]
Q: [0.0, 11.0, 0.0, 14.0, 0.0, 8.0, 0.0, 10.0, 15.0, 10.0, 0.0, 13.0, 0.0, 10.0, 0.0, 6.0, 11.0, 6.0, 0.0, 5.0, 14.0, 5.0, 11.0, 6.0, 0.0, 0.0]
B: [0.0, 28.0, 57.5272370025, 81.6674868976, 120.1804372001, 169.0, 173.05406684701, 267.0, 293.0, 316.8182362487, 326.74376782137, 346.43014059547, 364.00936856487, 410.0, 427.1849823101, 445.7299117519, 477.050385088, 480.74267448618997, 503.40004613429, 529.0, 549.7100026316, 583.4897824118, 591.70621040698, 608.05702298618, 613.4722815211, 640.9617574163999]
