Avion: 6      Iteracion: 6

Num Ruta: 8
Ingresos: 132000.0
Costos: 495.942908724
Utilidad Ruta: 131504.057091
Costo Reducido: 75495.3662371
Nodos: [106, 17, 30, 52, 16, 51, 65, 24, 59, 1, 31, 66, 11, 46, 36, 23, 58, 35, 70, 28, 63, 21, 20, 56, 55, 33, 68, 27, 62, 716]
q: [0.0, 5.0, 4.0, -5.0, 11.0, -11.0, -4.0, 14.0, -14.0, 7.0, 6.0, -6.0, 8.0, -8.0, -7.0, 10.0, -10.0, 6.0, -6.0, 8.0, -8.0, 5.0, 10.0, -5.0, -10.0, 10.0, -10.0, 6.0, -6.0, 0.0]
Q: [0.0, 5.0, 9.0, 4.0, 15.0, 4.0, 0.0, 14.0, 0.0, 7.0, 13.0, 7.0, 15.0, 7.0, 0.0, 10.0, 0.0, 6.0, 0.0, 8.0, 0.0, 5.0, 15.0, 10.0, 0.0, 10.0, 0.0, 6.0, 0.0, 0.0]
B: [0.0, 24.0, 64.0, 67.14445448369, 72.47609381883, 82.10018525647, 84.97134181786, 109.70531270816, 148.21826301066, 175.0, 183.89376197118, 197.19937597428, 197.678254873377, 201.732321720387, 236.048051058387, 267.0, 306.733842905, 336.2538785588, 356.1667619512, 378.0, 414.0266187839, 477.0, 496.0, 532.4252917215, 553.0247123444, 563.8465116865, 587.1500229241, 594.36877627908, 611.3996386471799, 629.31351530748]
