Avion: 3      Iteracion: 63

Num Ruta: 52
Ingresos: 24000.0
Costos: 102.114812456
Utilidad Ruta: 23897.8851875
Costo Reducido: 1.27528960184
Nodos: [103, 12, 47, 27, 62, 713]
q: [0, 14.0, -14.0, 6.0, -6.0, 0]
Q: [0, 14.0, 0.0, 6.0, 0.0, 0]
B: [0.0, 54.0, 97.347924264, 538.0, 555.0308623681, 567.4739009840999]
