Avion: 6      Iteracion: 14

Num Ruta: 16
Ingresos: 68400.0
Costos: 229.826855616
Utilidad Ruta: 68170.1731444
Costo Reducido: 145.022954886
Nodos: [106, 10, 45, 26, 61, 28, 63, 25, 60, 29, 4, 39, 64, 716]
q: [0, 12.0, -12.0, 13.0, -13.0, 8.0, -8.0, 10.0, -10.0, 9.0, 5.0, -5.0, -9.0, 0]
Q: [0, 12.0, 0.0, 13.0, 0.0, 8.0, 0.0, 10.0, 0.0, 9.0, 14.0, 9.0, 0.0, 0]
B: [0.0, 96.0, 125.5195107344, 300.0, 317.5792279694, 378.0, 414.0266187839, 417.35999740026, 434.54497971036, 549.0, 569.7100026316, 590.1357523117999, 602.3548233485, 635.6520296127]
