Avion: 7      Iteracion: 14

Num Ruta: 16
Ingresos: 122400.0
Costos: 415.139863387
Utilidad Ruta: 121984.860137
Costo Reducido: 173.490966616
Nodos: [107, 16, 51, 24, 59, 31, 66, 14, 49, 18, 53, 28, 63, 25, 60, 32, 8, 43, 67, 29, 15, 50, 4, 39, 64, 717]
q: [0.0, 11.0, -11.0, 14.0, -14.0, 6.0, -6.0, 8.0, -8.0, 11.0, -11.0, 8.0, -8.0, 10.0, -10.0, 6.0, 8.0, -8.0, -6.0, 9.0, 6.0, -6.0, 5.0, -5.0, -9.0, 0.0]
Q: [0.0, 11.0, 0.0, 14.0, 0.0, 6.0, 0.0, 8.0, 0.0, 11.0, 0.0, 8.0, 0.0, 10.0, 0.0, 6.0, 14.0, 6.0, 0.0, 9.0, 15.0, 9.0, 14.0, 9.0, 0.0, 0.0]
B: [0.0, 36.0, 45.624091437640004, 70.85029051714, 109.36324081964, 130.0, 143.3056140031, 160.3516205736, 172.3733323486, 293.0, 316.8182362487, 378.0, 414.0266187839, 417.35999740026, 434.54497971036, 453.08990915216, 464.53680729096, 485.30520390696, 501.35430263556, 549.0, 562.9414599307, 579.3626265458, 584.93730581909, 605.3630554992901, 617.5821265359901, 633.8949489772901]
