Avion: 7      Iteracion: 11

Num Ruta: 14
Ingresos: 111600.0
Costos: 445.888568075
Utilidad Ruta: 111154.111432
Costo Reducido: 557.481335693
Nodos: [107, 17, 52, 14, 49, 3, 38, 35, 70, 18, 53, 28, 63, 25, 60, 32, 8, 5, 40, 43, 67, 21, 7, 4, 56, 39, 42, 717]
q: [0.0, 5.0, -5.0, 8.0, -8.0, 15.0, -15.0, 6.0, -6.0, 11.0, -11.0, 8.0, -8.0, 10.0, -10.0, 6.0, 8.0, 1.0, -1.0, -8.0, -6.0, 5.0, 10.0, 0.0, -5.0, 0.0, -10.0, 0.0]
Q: [0.0, 5.0, 0.0, 8.0, 0.0, 15.0, 0.0, 6.0, 0.0, 11.0, 0.0, 8.0, 0.0, 10.0, 0.0, 6.0, 14.0, 15.0, 14.0, 6.0, 0.0, 5.0, 15.0, 15.0, 10.0, 10.0, 0.0, 0.0]
B: [0.0, 39.2872808044, 74.1298345857, 112.0, 124.021711775, 256.0, 261.08428175852, 304.88260501412, 324.79548840651995, 347.6863417982199, 371.5045780469199, 380.6380808251499, 416.66469960904993, 419.9980782254099, 437.1830605355099, 455.7279899773099, 467.1748881161099, 480.1032573095099, 481.2249462146899, 491.7029232140899, 507.7520219426899, 526.1639535360899, 536.9314149360899, 547.2947882285899, 576.4645856395899, 593.2675300541899, 594.4279041317999, 599.3868694472699]
