Avion: 5      Iteracion: 55

Num Ruta: 48
Ingresos: 46800.0
Costos: 198.965067554
Utilidad Ruta: 46601.0349324
Costo Reducido: 9.06059111283
Nodos: [105, 1, 36, 32, 67, 15, 50, 7, 4, 39, 42, 715]
q: [0, 7.0, -7.0, 6.0, -6.0, 11.0, -11.0, 10.0, 5.0, -5.0, -10.0, 0]
Q: [0, 7.0, 0.0, 6.0, 0.0, 11.0, 0.0, 10.0, 15.0, 10.0, 0.0, 0]
B: [0.0, 175.0, 209.2400855285, 422.0, 449.8573558149, 511.0, 527.4211666151, 538.3259061809999, 548.6892794734999, 569.1150291536999, 570.2754032313098, 596.1813078092098]
