Avion: 1      Iteracion: 4

Num Ruta: 8
Ingresos: 31200.0
Costos: 141.520383581
Utilidad Ruta: 31058.4796164
Costo Reducido: 5640.43652544
Nodos: [101, 16, 51, 30, 12, 65, 47, 711]
q: [0.0, 11.0, -11.0, 1.0, 14.0, -1.0, -14.0, 0.0]
Q: [0.0, 11.0, 0.0, 1.0, 15.0, 14.0, 0.0, 0.0]
B: [0.0, 36.0, 45.624091437640004, 64.0, 82.5310629215, 117.3578093817, 140.1536674485, 157.8504849307]
