Avion: 5      Iteracion: 21

Num Ruta: 20
Ingresos: 6000.0
Costos: 59.3737671081
Utilidad Ruta: 5940.62623289
Costo Reducido: 34.4821048694
Nodos: [105, 17, 52, 715]
q: [0, 5.0, -5.0, 0]
Q: [0, 5.0, 0.0, 0]
B: [0.0, 24.0, 58.8425537813, 69.1409630274]
