Avion: 3      Iteracion: 36

Num Ruta: 36
Ingresos: 73200.0
Costos: 215.227573237
Utilidad Ruta: 72984.7724268
Costo Reducido: 11.8486575234
Nodos: [103, 14, 49, 23, 18, 53, 58, 13, 48, 21, 56, 33, 68, 713]
q: [0.0, 8.0, -8.0, 10.0, 5.0, -5.0, -10.0, 15.0, -15.0, 13.0, -13.0, 10.0, -10.0, 0.0]
Q: [0.0, 8.0, 0.0, 10.0, 15.0, 10.0, 0.0, 15.0, 0.0, 13.0, 0.0, 10.0, 0.0, 0.0]
B: [0.0, 112.0, 124.021711775, 267.0, 293.0, 316.8182362487, 326.74376782137, 423.0, 439.88315095, 477.0, 517.7387906792, 562.0, 585.3035112376, 598.7591057989999]
