Avion: 5      Iteracion: 48

Num Ruta: 42
Ingresos: 129600.0
Costos: 425.642588611
Utilidad Ruta: 129174.357411
Costo Reducido: 55.0660962922
Nodos: [105, 17, 30, 52, 16, 51, 65, 24, 59, 31, 11, 66, 46, 34, 69, 28, 63, 25, 19, 54, 60, 20, 7, 42, 55, 33, 68, 715]
q: [0.0, 5.0, 10.0, -5.0, 5.0, -5.0, -10.0, 14.0, -14.0, 6.0, 8.0, -6.0, -8.0, 12.0, -12.0, 8.0, -8.0, 8.0, 7.0, -7.0, -8.0, 10.0, 5.0, -5.0, -10.0, 10.0, -10.0, 0.0]
Q: [0.0, 5.0, 15.0, 10.0, 15.0, 10.0, 0.0, 14.0, 0.0, 6.0, 14.0, 8.0, 0.0, 12.0, 0.0, 8.0, 0.0, 8.0, 15.0, 8.0, 0.0, 10.0, 15.0, 10.0, 0.0, 10.0, 0.0, 0.0]
B: [0.0, 24.0, 64.0, 67.14445448369, 72.47609381883, 82.10018525647, 84.97134181786, 109.70531270816, 148.21826301066, 159.50262076816, 172.68534996206, 173.164228861157, 176.858607428657, 283.0, 323.947598037, 378.0, 414.0266187839, 417.35999740026, 426.75200464046, 453.37912093195996, 470.16597736785997, 496.0, 517.0, 545.5413118129, 558.5049963585999, 569.3267957006999, 592.6303069382999, 616.2528942647999]
