Avion: 2      Iteracion: 42

Num Ruta: 41
Ingresos: 67200.0
Costos: 243.456827951
Utilidad Ruta: 66956.543172
Costo Reducido: 25.9566075282
Nodos: [102, 9, 44, 19, 8, 54, 43, 21, 20, 56, 27, 55, 2, 62, 37, 712]
q: [0.0, 11.0, -11.0, 7.0, 8.0, -7.0, -8.0, 13.0, 2.0, -13.0, 6.0, -2.0, 9.0, -6.0, -9.0, 0.0]
Q: [0.0, 11.0, 0.0, 7.0, 15.0, 8.0, 0.0, 13.0, 15.0, 2.0, 8.0, 6.0, 15.0, 9.0, 0.0, 0.0]
B: [0.0, 28.0, 57.5272370025, 402.0, 425.1608815463, 443.1178409771, 446.04596016866, 477.0, 496.0, 532.4252917215, 545.6027399191, 571.9035032730001, 579.2338005384601, 590.68587362586, 620.0264039721601, 622.8806993317901]
