Avion: 3      Iteracion: 14

Num Ruta: 17
Ingresos: 133200.0
Costos: 493.64206572
Utilidad Ruta: 132706.357934
Costo Reducido: 124.712013143
Nodos: [103, 16, 51, 24, 59, 31, 14, 49, 66, 1, 36, 23, 18, 53, 58, 28, 63, 25, 60, 8, 43, 4, 7, 42, 39, 2, 37, 713]
q: [0.0, 11.0, -11.0, 14.0, -14.0, 6.0, 8.0, -8.0, -6.0, 7.0, -7.0, 4.0, 11.0, -11.0, -4.0, 8.0, -8.0, 10.0, -10.0, 8.0, -8.0, 5.0, 10.0, -10.0, -5.0, 9.0, -9.0, 0.0]
Q: [0.0, 11.0, 0.0, 14.0, 0.0, 6.0, 14.0, 6.0, 0.0, 7.0, 0.0, 4.0, 15.0, 4.0, 0.0, 8.0, 0.0, 10.0, 0.0, 8.0, 0.0, 5.0, 15.0, 5.0, 0.0, 9.0, 0.0, 0.0]
B: [0.0, 36.0, 45.624091437640004, 70.85029051714, 109.36324081964, 130.0, 147.5196824172, 159.5413941922, 188.60695116259998, 207.59664526229997, 241.83673079079998, 267.0, 293.0, 316.8182362487, 326.74376782137, 378.0, 414.0266187839, 417.35999740026, 434.54497971036, 460.36557956786, 481.13397618386, 529.0, 539.3633732925, 567.9046851054, 569.0650591830099, 578.5195256936099, 619.2544877410099, 636.1525135724099]
