Avion: 6      Iteracion: 26

Num Ruta: 26
Ingresos: 117600.0
Costos: 319.401657695
Utilidad Ruta: 117280.598342
Costo Reducido: 56.7063976427
Nodos: [106, 17, 30, 52, 16, 65, 51, 10, 45, 35, 26, 70, 61, 13, 48, 25, 60, 15, 50, 20, 4, 39, 55, 716]
q: [0.0, 5.0, 4.0, -5.0, 11.0, -4.0, -11.0, 12.0, -12.0, 6.0, 9.0, -6.0, -9.0, 15.0, -15.0, 10.0, -10.0, 11.0, -11.0, 10.0, 5.0, -5.0, -10.0, 0.0]
Q: [0.0, 5.0, 9.0, 4.0, 15.0, 11.0, 0.0, 12.0, 0.0, 6.0, 15.0, 9.0, 0.0, 15.0, 0.0, 10.0, 0.0, 11.0, 0.0, 10.0, 15.0, 10.0, 0.0, 0.0]
B: [0.0, 24.0, 64.0, 67.14445448369, 72.47609381883, 83.29276558052999, 86.16392214191998, 101.99319935221999, 131.51271008662, 279.0, 300.0, 309.29300538039, 319.11482114938, 423.0, 439.88315095, 463.8957169312, 481.0806992413, 511.0, 527.4211666151, 533.55501866744, 543.83416970244, 564.25991938264, 576.12114263324, 601.63799316384]
