Avion: 1      Iteracion: 20

Num Ruta: 22
Ingresos: 93600.0
Costos: 297.866367877
Utilidad Ruta: 93302.1336321
Costo Reducido: 72.9128575734
Nodos: [101, 16, 51, 14, 49, 31, 11, 66, 46, 34, 69, 6, 41, 13, 48, 21, 56, 711]
q: [0, 11.0, -11.0, 8.0, -8.0, 6.0, 8.0, -6.0, -8.0, 12.0, -12.0, 5.0, -5.0, 15.0, -15.0, 13.0, -13.0, 0]
Q: [0, 11.0, 0.0, 8.0, 0.0, 6.0, 14.0, 8.0, 0.0, 12.0, 0.0, 5.0, 0.0, 15.0, 0.0, 13.0, 0.0, 0]
B: [0.0, 36.0, 45.624091437640004, 112.0, 124.021711775, 151.2337789879, 169.0, 169.478878899097, 173.173257466597, 283.0, 323.947598037, 436.0, 439.69228939819, 453.10235550539, 469.98550645539, 485.49690284639, 526.23569352559, 546.01564296939]
