Avion: 4      Iteracion: 61

Num Ruta: 49
Ingresos: 111600.0
Costos: 359.138540639
Utilidad Ruta: 111240.861459
Costo Reducido: 0.690331705599
Nodos: [104, 17, 52, 14, 49, 3, 38, 23, 58, 22, 57, 32, 19, 54, 13, 67, 48, 21, 56, 33, 68, 714]
q: [0.0, 5.0, -5.0, 8.0, -8.0, 15.0, -15.0, 10.0, -10.0, 10.0, -10.0, 6.0, 7.0, -7.0, 9.0, -6.0, -9.0, 13.0, -13.0, 10.0, -10.0, 0.0]
Q: [0.0, 5.0, 0.0, 8.0, 0.0, 15.0, 0.0, 10.0, 0.0, 10.0, 0.0, 6.0, 13.0, 6.0, 15.0, 9.0, 0.0, 13.0, 0.0, 10.0, 0.0, 0.0]
B: [0.0, 24.0, 58.8425537813, 112.0, 124.021711775, 256.0, 261.08428175852, 267.0, 306.733842905, 322.49026689650003, 344.24495303540004, 422.0, 433.71491463899997, 460.34203093049996, 464.56965023692, 478.41183001472, 482.48278039516003, 497.99417678616004, 538.73296746536, 562.0, 585.3035112376, 618.4436307455]
