Avion: 5      Iteracion: 44

Num Ruta: 39
Ingresos: 44400.0
Costos: 150.490051642
Utilidad Ruta: 44249.5099484
Costo Reducido: 17.7809722021
Nodos: [105, 11, 46, 25, 60, 21, 56, 27, 62, 715]
q: [0, 8.0, -8.0, 10.0, -10.0, 13.0, -13.0, 6.0, -6.0, 0]
Q: [0, 8.0, 0.0, 10.0, 0.0, 13.0, 0.0, 6.0, 0.0, 0]
B: [0.0, 169.0, 173.05406684701, 410.0, 427.1849823101, 477.0, 517.7387906792, 538.0, 555.0308623681, 576.9123889373]
