Avion: 5      Iteracion: 8

Num Ruta: 10
Ingresos: 154800.0
Costos: 538.994267515
Utilidad Ruta: 154261.005732
Costo Reducido: 73300.1984787
Nodos: [105, 17, 30, 52, 24, 65, 59, 3, 38, 35, 70, 26, 61, 28, 63, 25, 19, 60, 54, 13, 48, 5, 40, 29, 27, 64, 62, 33, 68, 715]
q: [0.0, 5.0, 1.0, -5.0, 14.0, -1.0, -14.0, 15.0, -15.0, 6.0, -6.0, 13.0, -13.0, 8.0, -8.0, 8.0, 7.0, -8.0, -7.0, 15.0, -15.0, 12.0, -12.0, 9.0, 6.0, -9.0, -6.0, 10.0, -10.0, 0.0]
Q: [0.0, 5.0, 6.0, 1.0, 15.0, 14.0, 0.0, 15.0, 0.0, 6.0, 0.0, 13.0, 0.0, 8.0, 0.0, 8.0, 15.0, 7.0, 0.0, 15.0, 0.0, 12.0, 0.0, 9.0, 15.0, 6.0, 0.0, 10.0, 0.0, 0.0]
B: [0.0, 24.0, 64.0, 67.14445448369, 83.70273778839, 108.43670867869, 138.07426959389, 256.0, 261.08428175852, 304.88260501412, 324.79548840651995, 334.08849378690996, 351.66772175630996, 378.0, 414.0266187839, 417.35999740026, 426.75200464046, 443.42489632125995, 460.21175275715996, 464.43937206358, 481.32252301358, 508.58680611438, 509.70849501956, 549.0, 574.6018082369, 582.8182362320799, 598.26561380888, 612.1127838085799, 635.4162950461799, 659.03888237268]
