Avion: 3      Iteracion: 42

Num Ruta: 41
Ingresos: 22800.0
Costos: 88.1838256836
Utilidad Ruta: 22711.8161743
Costo Reducido: 12.6576563599
Nodos: [103, 31, 66, 21, 56, 713]
q: [0, 6.0, -6.0, 13.0, -13.0, 0]
Q: [0, 6.0, 0.0, 13.0, 0.0, 0]
B: [0.0, 130.0, 143.3056140031, 477.0, 517.7387906792, 543.4624708202999]
