Avion: 4      Iteracion: 4

Num Ruta: 7
Ingresos: 117600.0
Costos: 465.581644851
Utilidad Ruta: 117134.418355
Costo Reducido: 101731.330438
Nodos: [104, 12, 47, 10, 30, 65, 45, 23, 35, 70, 58, 22, 57, 8, 43, 13, 48, 15, 50, 7, 42, 714]
q: [0.0, 14.0, -14.0, 4.0, 11.0, -11.0, -4.0, 9.0, 6.0, -6.0, -9.0, 10.0, -10.0, 8.0, -8.0, 15.0, -15.0, 11.0, -11.0, 10.0, -10.0, 0.0]
Q: [0.0, 14.0, 0.0, 4.0, 15.0, 4.0, 0.0, 9.0, 15.0, 9.0, 0.0, 10.0, 0.0, 8.0, 0.0, 15.0, 0.0, 11.0, 0.0, 10.0, 0.0, 0.0]
B: [0.0, 54.0, 97.347924264, 106.06569462115, 122.80459819935, 141.51862085615, 160.41941874935, 267.0, 307.4405515417, 327.3534349341, 339.9719804129, 355.7284044044, 377.4830905433, 414.0, 434.768396616, 436.97907275691, 453.86222370691, 511.0, 527.4211666151, 538.3259061809999, 566.8672179938999, 615.1315570549999]
