Avion: 5      Iteracion: 0

Num Ruta: 1
Ingresos: 50400.0
Costos: 267.655036993
Utilidad Ruta: 50132.344963
Costo Reducido: -
Nodos: [105, 34, 69, 15, 50, 7, 42, 29, 64, 715]
q: [0, 12.0, -12.0, 11.0, -11.0, 10.0, -10.0, 9.0, -9.0, 0]
Q: [0, 12.0, 0.0, 11.0, 0.0, 10.0, 0.0, 9.0, 0.0, 0]
B: [0.0, 283.0, 323.947598037, 511.0, 527.4211666151, 538.3259061809999, 566.8672179938999, 603.6790382286999, 637.4588180088999, 669.2463497312999]
