Avion: 2      Iteracion: 49

Num Ruta: 45
Ingresos: 55200.0
Costos: 193.984990809
Utilidad Ruta: 55006.0150092
Costo Reducido: 27.8626549776
Nodos: [102, 14, 49, 32, 8, 43, 67, 20, 4, 55, 2, 39, 37, 712]
q: [0, 8.0, -8.0, 6.0, 8.0, -8.0, -6.0, 10.0, 5.0, -10.0, 9.0, -5.0, -9.0, 0]
Q: [0, 8.0, 0.0, 6.0, 14.0, 6.0, 0.0, 10.0, 15.0, 5.0, 14.0, 9.0, 0.0, 0]
B: [0.0, 112.0, 124.021711775, 422.0, 433.4468981388, 454.2152947548, 470.2643934834, 496.0, 529.0, 561.0963231072, 568.42662037266, 577.88108688326, 611.07429766496, 613.92859302459]
