Avion: 3      Iteracion: 32

Num Ruta: 34
Ingresos: 156000.0
Costos: 459.59736032
Utilidad Ruta: 155540.40264
Costo Reducido: 38.5245867694
Nodos: [103, 30, 16, 51, 65, 24, 59, 1, 36, 3, 38, 23, 18, 53, 58, 22, 57, 19, 25, 60, 32, 54, 13, 67, 48, 20, 4, 39, 55, 2, 37, 713]
q: [0.0, 11.0, 4.0, -4.0, -11.0, 14.0, -14.0, 7.0, -7.0, 15.0, -15.0, 10.0, 5.0, -5.0, -10.0, 10.0, -10.0, 7.0, 8.0, -8.0, 6.0, -7.0, 9.0, -6.0, -9.0, 10.0, 5.0, -5.0, -10.0, 9.0, -9.0, 0.0]
Q: [0.0, 11.0, 15.0, 11.0, 0.0, 14.0, 0.0, 7.0, 0.0, 15.0, 0.0, 10.0, 15.0, 10.0, 0.0, 10.0, 0.0, 7.0, 15.0, 7.0, 13.0, 6.0, 15.0, 9.0, 0.0, 10.0, 15.0, 10.0, 0.0, 9.0, 0.0, 0.0]
B: [0.0, 64.0, 72.20259129788, 81.82668273552001, 84.69783929691, 109.43181018721, 147.94476048971, 175.0, 209.2400855285, 256.0, 261.08428175852, 267.0, 293.0, 316.8182362487, 326.74376782137, 342.50019181287, 364.25487795177, 402.0, 411.3920072402, 428.57698955029997, 447.12191899209995, 466.69438968439994, 470.92200899081996, 484.76418876862, 488.83513914906, 502.76572438446, 529.0, 549.4257496801999, 561.2869729308, 568.6172701962599, 609.35223224366, 626.25025807506]
