Avion: 7      Iteracion: 4

Num Ruta: 7
Ingresos: 54000.0
Costos: 221.859847757
Utilidad Ruta: 53778.1401522
Costo Reducido: 30592.9898018
Nodos: [107, 12, 47, 30, 65, 22, 57, 7, 42, 717]
q: [0, 14.0, -14.0, 11.0, -11.0, 10.0, -10.0, 10.0, -10.0, 0]
Q: [0, 14.0, 0.0, 11.0, 0.0, 10.0, 0.0, 10.0, 0.0, 0]
B: [0.0, 54.0, 97.347924264, 122.72227077779999, 141.4362934346, 299.0, 320.7546861389, 517.0, 545.5413118129, 550.5002771283699]
