Avion: 2      Iteracion: 0

Num Ruta: 1
Ingresos: 50400.0
Costos: 264.959558871
Utilidad Ruta: 50135.0404411
Costo Reducido: -
Nodos: [102, 31, 66, 22, 57, 25, 60, 32, 67, 20, 55, 712]
q: [0, 6.0, -6.0, 10.0, -10.0, 10.0, -10.0, 6.0, -6.0, 10.0, -10.0, 0]
Q: [0, 6.0, 0.0, 10.0, 0.0, 10.0, 0.0, 6.0, 0.0, 10.0, 0.0, 0]
B: [0.0, 130.0, 143.3056140031, 299.0, 320.7546861389, 410.0, 427.1849823101, 445.7299117519, 473.5872675668, 496.0, 538.1771424471, 581.5754474486]
