Avion: 7      Iteracion: 16

Num Ruta: 18
Ingresos: 51600.0
Costos: 165.637085595
Utilidad Ruta: 51434.3629144
Costo Reducido: 90.6274664158
Nodos: [107, 9, 44, 3, 38, 18, 53, 27, 62, 717]
q: [0, 11.0, -11.0, 15.0, -15.0, 11.0, -11.0, 6.0, -6.0, 0]
Q: [0, 11.0, 0.0, 15.0, 0.0, 11.0, 0.0, 6.0, 0.0, 0]
B: [0.0, 32.6028927091, 62.1301297116, 256.0, 261.08428175852, 293.0, 316.8182362487, 538.0, 555.0308623681, 555.940030119398]
