Avion: 5      Iteracion: 53

Num Ruta: 46
Ingresos: 112800.0
Costos: 393.730599966
Utilidad Ruta: 112406.2694
Costo Reducido: 21.9791053308
Nodos: [105, 17, 30, 52, 16, 51, 65, 24, 59, 31, 66, 34, 69, 28, 63, 25, 60, 20, 7, 42, 55, 2, 37, 715]
q: [0.0, 5.0, 10.0, -5.0, 5.0, -5.0, -10.0, 14.0, -14.0, 6.0, -6.0, 12.0, -12.0, 8.0, -8.0, 10.0, -10.0, 10.0, 5.0, -5.0, -10.0, 9.0, -9.0, 0.0]
Q: [0.0, 5.0, 15.0, 10.0, 15.0, 10.0, 0.0, 14.0, 0.0, 6.0, 0.0, 12.0, 0.0, 8.0, 0.0, 10.0, 0.0, 10.0, 15.0, 10.0, 0.0, 9.0, 0.0, 0.0]
B: [0.0, 24.0, 64.0, 67.14445448369, 72.47609381883, 82.10018525647, 84.97134181786, 109.70531270816, 148.21826301066, 159.50262076816, 172.80823477126, 283.0, 323.947598037, 378.0, 414.0266187839, 417.35999740026, 434.54497971036, 496.0, 517.0, 545.5413118129, 558.5049963585999, 565.8352936240599, 606.5702556714599, 621.2046915676599]
