Avion: 5      Iteracion: 26

Num Ruta: 25
Ingresos: 142800.0
Costos: 456.227616397
Utilidad Ruta: 142343.772384
Costo Reducido: 72.4995875977
Nodos: [105, 17, 30, 52, 16, 51, 65, 24, 59, 31, 11, 66, 46, 34, 69, 28, 63, 25, 32, 60, 67, 15, 50, 20, 4, 39, 55, 33, 68, 715]
q: [0.0, 5.0, 4.0, -5.0, 11.0, -11.0, -4.0, 14.0, -14.0, 6.0, 8.0, -6.0, -8.0, 12.0, -12.0, 8.0, -8.0, 9.0, 6.0, -9.0, -6.0, 11.0, -11.0, 10.0, 5.0, -5.0, -10.0, 10.0, -10.0, 0.0]
Q: [0.0, 5.0, 9.0, 4.0, 15.0, 4.0, 0.0, 14.0, 0.0, 6.0, 14.0, 8.0, 0.0, 12.0, 0.0, 8.0, 0.0, 9.0, 15.0, 6.0, 0.0, 11.0, 0.0, 10.0, 15.0, 10.0, 0.0, 10.0, 0.0, 0.0]
B: [0.0, 24.0, 64.0, 67.14445448369, 72.47609381883, 82.10018525647, 84.97134181786, 109.70531270816, 148.21826301066, 159.50262076816, 172.68534996206, 173.164228861157, 176.858607428657, 283.0, 323.947598037, 378.0, 414.0266187839, 417.35999740026, 438.02644569216, 456.57137513396, 467.55644340865996, 511.0, 527.4211666151, 533.55501866744, 543.83416970244, 564.25991938264, 576.12114263324, 586.94294197534, 610.24645321294, 633.86904053944]
