Avion: 1      Iteracion: 34

Num Ruta: 33
Ingresos: 69600.0
Costos: 234.336209075
Utilidad Ruta: 69365.6637909
Costo Reducido: 33.6082991589
Nodos: [101, 9, 44, 14, 49, 23, 18, 53, 58, 13, 48, 29, 64, 711]
q: [0.0, 11.0, -11.0, 8.0, -8.0, 4.0, 11.0, -11.0, -4.0, 15.0, -15.0, 9.0, -9.0, 0.0]
Q: [0.0, 11.0, 0.0, 8.0, 0.0, 4.0, 15.0, 4.0, 0.0, 15.0, 0.0, 9.0, 0.0, 0.0]
B: [0.0, 35.5033292242, 65.0305662267, 112.0, 124.021711775, 267.0, 293.0, 316.8182362487, 326.74376782137, 423.0, 439.88315095, 549.0, 582.7797797802, 603.6308069012]
