Avion: 2      Iteracion: 55

Num Ruta: 49
Ingresos: 63600.0
Costos: 238.909017154
Utilidad Ruta: 63361.0909828
Costo Reducido: 2.8573716946
Nodos: [102, 24, 59, 1, 36, 32, 67, 15, 50, 7, 4, 39, 42, 712]
q: [0, 14.0, -14.0, 7.0, -7.0, 6.0, -6.0, 11.0, -11.0, 10.0, 5.0, -5.0, -10.0, 0]
Q: [0, 14.0, 0.0, 7.0, 0.0, 6.0, 0.0, 11.0, 0.0, 10.0, 15.0, 10.0, 0.0, 0]
B: [0.0, 61.0, 99.5129503025, 175.0, 209.2400855285, 422.0, 449.8573558149, 511.0, 527.4211666151, 538.3259061809999, 548.6892794734999, 569.1150291536999, 570.2754032313098, 600.7552176664099]
