Avion: 7      Iteracion: 49

Num Ruta: 42
Ingresos: 63600.0
Costos: 177.412071496
Utilidad Ruta: 63422.5879285
Costo Reducido: 0.478285500925
Nodos: [107, 14, 49, 3, 38, 23, 18, 58, 53, 29, 27, 64, 62, 717]
q: [0.0, 8.0, -8.0, 15.0, -15.0, 4.0, 11.0, -4.0, -11.0, 9.0, 6.0, -9.0, -6.0, 0.0]
Q: [0.0, 8.0, 0.0, 15.0, 0.0, 4.0, 15.0, 11.0, 0.0, 9.0, 15.0, 6.0, 0.0, 0.0]
B: [0.0, 112.0, 124.021711775, 256.0, 261.08428175852, 267.0, 293.0, 318.4393114097, 328.36484298237, 549.0, 574.6018082369, 582.8182362320799, 598.26561380888, 599.174781560178]
