Avion: 1      Iteracion: 5

Num Ruta: 9
Ingresos: 66000.0
Costos: 317.361398379
Utilidad Ruta: 65682.6386016
Costo Reducido: 48959.6666259
Nodos: [101, 9, 44, 12, 47, 14, 49, 1, 36, 23, 18, 58, 53, 711]
q: [0.0, 11.0, -11.0, 14.0, -14.0, 8.0, -8.0, 7.0, -7.0, 4.0, 11.0, -4.0, -11.0, 0.0]
Q: [0.0, 11.0, 0.0, 14.0, 0.0, 8.0, 0.0, 7.0, 0.0, 4.0, 15.0, 11.0, 0.0, 0.0]
B: [0.0, 35.5033292242, 65.0305662267, 75.8176029838, 119.1655272478, 155.6847610295, 167.7064728045, 203.3882020227, 237.6282875512, 267.0, 293.0, 318.4393114097, 328.36484298237, 347.72363721137003]
