Avion: 4      Iteracion: 53

Num Ruta: 46
Ingresos: 136800.0
Costos: 400.283623811
Utilidad Ruta: 136399.716376
Costo Reducido: 9.33852855733
Nodos: [104, 17, 30, 52, 16, 51, 65, 14, 49, 3, 38, 23, 18, 53, 58, 22, 57, 32, 8, 43, 13, 67, 48, 21, 56, 33, 68, 714]
q: [0.0, 5.0, 10.0, -5.0, 5.0, -5.0, -10.0, 8.0, -8.0, 15.0, -15.0, 10.0, 5.0, -5.0, -10.0, 10.0, -10.0, 6.0, 8.0, -8.0, 9.0, -6.0, -9.0, 13.0, -13.0, 10.0, -10.0, 0.0]
Q: [0.0, 5.0, 15.0, 10.0, 15.0, 10.0, 0.0, 8.0, 0.0, 15.0, 0.0, 10.0, 15.0, 10.0, 0.0, 10.0, 0.0, 6.0, 14.0, 6.0, 15.0, 9.0, 0.0, 13.0, 0.0, 10.0, 0.0, 0.0]
B: [0.0, 24.0, 64.0, 67.14445448369, 72.47609381883, 82.10018525647, 84.97134181786, 112.76728247476, 124.78899424976, 256.0, 261.08428175852, 267.0, 293.0, 316.8182362487, 326.74376782137, 342.50019181287, 364.25487795177, 422.0, 433.4468981388, 454.2152947548, 456.42597089571, 470.26815067351004, 474.33910105395006, 489.85049744495007, 530.58928812415, 562.0, 585.3035112376, 618.4436307455]
