Avion: 5      Iteracion: 1

Num Ruta: 5
Ingresos: 162000.0
Costos: 573.432118117
Utilidad Ruta: 161426.567882
Costo Reducido: 105373.797709
Nodos: [105, 16, 51, 24, 30, 59, 10, 65, 45, 11, 46, 34, 18, 53, 69, 28, 63, 25, 60, 8, 43, 5, 40, 15, 50, 7, 27, 62, 42, 33, 68, 715]
q: [0.0, 11.0, -11.0, 12.0, 3.0, -12.0, 12.0, -3.0, -12.0, 8.0, -8.0, 4.0, 11.0, -11.0, -4.0, 8.0, -8.0, 10.0, -10.0, 8.0, -8.0, 12.0, -12.0, 11.0, -11.0, 9.0, 6.0, -6.0, -9.0, 10.0, -10.0, 0.0]
Q: [0.0, 11.0, 0.0, 12.0, 15.0, 3.0, 15.0, 12.0, 0.0, 8.0, 0.0, 4.0, 15.0, 4.0, 0.0, 8.0, 0.0, 10.0, 0.0, 8.0, 0.0, 12.0, 0.0, 11.0, 0.0, 9.0, 15.0, 9.0, 0.0, 10.0, 0.0, 0.0]
B: [0.0, 36.0, 45.624091437640004, 70.85029051714, 89.10719167804, 109.37531307594, 121.16124375624, 139.85429404234, 158.75509193554, 211.39330851814, 215.44737536515, 283.0, 306.7154937119, 330.5337299606, 345.6863596004, 378.0, 414.0266187839, 417.35999740026, 434.54497971036, 460.36557956786, 481.13397618386, 490.88678706073, 492.00847596591, 525.41067044471, 541.83183705981, 552.73657662571, 580.3998999980099, 597.4307623661099, 601.8306829335698, 611.2907091491799, 634.5942203867799, 658.2168077132799]
