Avion: 3      Iteracion: 3

Num Ruta: 7
Ingresos: 36000.0
Costos: 122.957962794
Utilidad Ruta: 35877.0420372
Costo Reducido: 35879.2821847
Nodos: [103, 3, 38, 4, 33, 39, 68, 713]
q: [0, 15.0, -15.0, 5.0, 10.0, -5.0, -10.0, 0]
Q: [0, 15.0, 0.0, 5.0, 15.0, 10.0, 0.0, 0]
B: [0.0, 256.0, 261.08428175852, 529.0, 562.0, 570.5714654523, 592.1093795574, 605.5649741187999]
