Avion: 2      Iteracion: 39

Num Ruta: 38
Ingresos: 64800.0
Costos: 243.295300556
Utilidad Ruta: 64556.7046994
Costo Reducido: 13.585183817
Nodos: [102, 12, 47, 10, 45, 26, 61, 21, 15, 50, 56, 712]
q: [0.0, 14.0, -14.0, 12.0, -12.0, 13.0, -13.0, 13.0, 2.0, -2.0, -13.0, 0.0]
Q: [0.0, 14.0, 0.0, 12.0, 0.0, 13.0, 0.0, 13.0, 15.0, 13.0, 0.0, 0.0]
B: [0.0, 54.0, 97.347924264, 106.06569462115, 135.58520535555, 300.0, 317.5792279694, 477.0, 511.0, 527.4211666151, 557.8706147217999, 595.5920958830999]
