Avion: 4      Iteracion: 6

Num Ruta: 9
Ingresos: 90000.0
Costos: 373.818317491
Utilidad Ruta: 89626.1816825
Costo Reducido: 58666.3905044
Nodos: [104, 17, 16, 51, 52, 30, 24, 65, 59, 1, 31, 66, 11, 46, 36, 23, 58, 35, 70, 28, 63, 714]
q: [0.0, 5.0, 10.0, -10.0, -5.0, 11.0, 4.0, -11.0, -4.0, 7.0, 6.0, -6.0, 8.0, -8.0, -7.0, 10.0, -10.0, 6.0, -6.0, 8.0, -8.0, 0.0]
Q: [0.0, 5.0, 15.0, 5.0, 0.0, 11.0, 15.0, 4.0, 0.0, 7.0, 13.0, 7.0, 15.0, 7.0, 0.0, 10.0, 0.0, 6.0, 0.0, 8.0, 0.0, 0.0]
B: [0.0, 24.0, 58.8014769802, 68.42556841784, 83.07333718993999, 86.21779167362999, 104.47469283452999, 129.20866372483, 158.84622464003, 175.0, 183.89376197118, 197.19937597428, 197.678254873377, 201.732321720387, 236.048051058387, 267.0, 306.733842905, 336.2538785588, 356.1667619512, 378.0, 414.0266187839, 421.45963499537]
