Avion: 2      Iteracion: 5

Num Ruta: 9
Ingresos: 30000.0
Costos: 91.8844881963
Utilidad Ruta: 29908.1155118
Costo Reducido: 29933.1673819
Nodos: [102, 24, 59, 15, 50, 712]
q: [0, 14.0, -14.0, 11.0, -11.0, 0]
Q: [0, 14.0, 0.0, 11.0, 0.0, 0]
B: [0.0, 61.0, 99.5129503025, 511.0, 527.4211666151, 534.86056773347]
