Avion: 3      Iteracion: 38

Num Ruta: 38
Ingresos: 68400.0
Costos: 187.749419725
Utilidad Ruta: 68212.2505803
Costo Reducido: 34.6570480411
Nodos: [103, 12, 47, 26, 61, 13, 48, 29, 27, 64, 62, 713]
q: [0, 14.0, -14.0, 13.0, -13.0, 15.0, -15.0, 9.0, 6.0, -9.0, -6.0, 0]
Q: [0, 14.0, 0.0, 13.0, 0.0, 15.0, 0.0, 9.0, 15.0, 6.0, 0.0, 0]
B: [0.0, 54.0, 97.347924264, 300.0, 317.5792279694, 423.0, 439.88315095, 549.0, 574.6018082369, 582.8182362320799, 598.26561380888, 610.7086524248799]
