Avion: 7      Iteracion: 46

Num Ruta: 41
Ingresos: 76800.0
Costos: 197.20049669
Utilidad Ruta: 76602.7995033
Costo Reducido: 27.38450286
Nodos: [107, 16, 51, 14, 49, 3, 38, 23, 18, 58, 53, 29, 27, 64, 62, 717]
q: [0.0, 11.0, -11.0, 8.0, -8.0, 15.0, -15.0, 10.0, 5.0, -10.0, -5.0, 9.0, 6.0, -9.0, -6.0, 0.0]
Q: [0.0, 11.0, 0.0, 8.0, 0.0, 15.0, 0.0, 10.0, 15.0, 5.0, 0.0, 9.0, 15.0, 6.0, 0.0, 0.0]
B: [0.0, 36.0, 45.624091437640004, 112.0, 124.021711775, 256.0, 261.08428175852, 267.0, 293.0, 318.4393114097, 328.36484298237, 549.0, 574.6018082369, 582.8182362320799, 598.26561380888, 599.174781560178]
