Avion: 4      Iteracion: 39

Num Ruta: 35
Ingresos: 44400.0
Costos: 151.936644518
Utilidad Ruta: 44248.0633555
Costo Reducido: 6.91247652483
Nodos: [104, 31, 11, 66, 46, 34, 18, 53, 69, 28, 63, 714]
q: [0.0, 6.0, 8.0, -6.0, -8.0, 12.0, 3.0, -3.0, -12.0, 8.0, -8.0, 0.0]
Q: [0.0, 6.0, 14.0, 8.0, 0.0, 12.0, 15.0, 12.0, 0.0, 8.0, 0.0, 0.0]
B: [0.0, 130.0, 169.0, 169.478878899097, 173.173257466597, 283.0, 306.7154937119, 330.5337299606, 345.6863596004, 378.0, 414.0266187839, 421.45963499537]
