Avion: 1      Iteracion: 1

Num Ruta: 5
Ingresos: 61200.0
Costos: 311.802450442
Utilidad Ruta: 60888.1975496
Costo Reducido: 33443.8297416
Nodos: [101, 24, 59, 10, 45, 34, 69, 21, 56, 711]
q: [0, 14.0, -14.0, 12.0, -12.0, 12.0, -12.0, 13.0, -13.0, 0]
Q: [0, 14.0, 0.0, 12.0, 0.0, 12.0, 0.0, 13.0, 0.0, 0]
B: [0.0, 61.0, 99.5129503025, 111.2988809828, 140.8183917172, 283.0, 323.947598037, 477.0, 517.7387906792, 537.5187401229999]
