Avion: 6      Iteracion: 7

Num Ruta: 9
Ingresos: 38400.0
Costos: 182.985001404
Utilidad Ruta: 38217.0149986
Costo Reducido: 18654.8540512
Nodos: [106, 26, 61, 20, 55, 2, 37, 716]
q: [0, 13.0, -13.0, 10.0, -10.0, 9.0, -9.0, 0]
Q: [0, 13.0, 0.0, 10.0, 0.0, 9.0, 0.0, 0]
B: [0.0, 300.0, 317.5792279694, 496.0, 538.1771424471, 545.50743971256, 586.24240175996, 623.22959867996]
