Avion: 6      Iteracion: 50

Num Ruta: 38
Ingresos: 70800.0
Costos: 245.103560091
Utilidad Ruta: 70554.8964399
Costo Reducido: 5.79692408943
Nodos: [106, 10, 45, 26, 61, 18, 53, 25, 60, 21, 56, 716]
q: [0, 12.0, -12.0, 13.0, -13.0, 11.0, -11.0, 10.0, -10.0, 13.0, -13.0, 0]
Q: [0, 12.0, 0.0, 13.0, 0.0, 11.0, 0.0, 10.0, 0.0, 13.0, 0.0, 0]
B: [0.0, 96.0, 125.5195107344, 300.0, 317.5792279694, 340.8578987218, 364.67613497049996, 410.0, 427.1849823101, 477.0, 517.7387906792, 556.1844126535999]
