Avion: 2      Iteracion: 57

Num Ruta: 50
Ingresos: 100800.0
Costos: 331.889552207
Utilidad Ruta: 100468.110448
Costo Reducido: 12.1816233363
Nodos: [102, 24, 59, 1, 36, 23, 18, 58, 53, 19, 32, 54, 13, 67, 48, 15, 50, 7, 4, 42, 39, 712]
q: [0.0, 14.0, -14.0, 7.0, -7.0, 10.0, 5.0, -10.0, -5.0, 7.0, 6.0, -7.0, 9.0, -6.0, -9.0, 11.0, -11.0, 10.0, 5.0, -10.0, -5.0, 0.0]
Q: [0.0, 14.0, 0.0, 7.0, 0.0, 10.0, 15.0, 5.0, 0.0, 7.0, 13.0, 6.0, 15.0, 9.0, 0.0, 11.0, 0.0, 10.0, 15.0, 5.0, 0.0, 0.0]
B: [0.0, 61.0, 99.5129503025, 175.0, 209.2400855285, 267.0, 293.0, 318.4393114097, 328.36484298237, 402.0, 422.0, 441.5724706923, 445.80008999872, 459.64226977652004, 463.71322015696006, 511.0, 527.4211666151, 538.3259061809999, 548.6892794734999, 567.9616404602, 569.12201453781, 600.73917601701]
