Avion: 3      Iteracion: 40

Num Ruta: 39
Ingresos: 46800.0
Costos: 155.434057034
Utilidad Ruta: 46644.565943
Costo Reducido: 2.62618404498
Nodos: [103, 16, 51, 2, 37, 29, 64, 33, 68, 713]
q: [0, 11.0, -11.0, 9.0, -9.0, 9.0, -9.0, 10.0, -10.0, 0]
Q: [0, 11.0, 0.0, 9.0, 0.0, 9.0, 0.0, 10.0, 0.0, 0]
B: [0.0, 36.0, 45.624091437640004, 522.0, 562.7349620474, 572.53970258451, 606.31948236471, 615.17097404691, 638.47448528451, 651.93007984591]
