Avion: 6      Iteracion: 18

Num Ruta: 19
Ingresos: 14400.0
Costos: 32.2182256202
Utilidad Ruta: 14367.7817744
Costo Reducido: 19.1633512916
Nodos: [106, 5, 40, 716]
q: [0, 12.0, -12.0, 0]
Q: [0, 12.0, 0.0, 0]
B: [0.0, 469.0, 470.12168890518, 487.46667192618]
