Avion: 4      Iteracion: 26

Num Ruta: 25
Ingresos: 61200.0
Costos: 178.078946108
Utilidad Ruta: 61021.9210539
Costo Reducido: 32.9357345684
Nodos: [104, 1, 31, 66, 36, 3, 38, 23, 18, 53, 58, 28, 63, 714]
q: [0.0, 7.0, 6.0, -6.0, -7.0, 15.0, -15.0, 10.0, 5.0, -5.0, -10.0, 8.0, -8.0, 0.0]
Q: [0.0, 7.0, 13.0, 7.0, 0.0, 15.0, 0.0, 10.0, 15.0, 10.0, 0.0, 8.0, 0.0, 0.0]
B: [0.0, 175.0, 183.89376197118, 197.19937597428, 230.76046369508, 256.0, 261.08428175852, 267.0, 293.0, 316.8182362487, 326.74376782137, 378.0, 414.0266187839, 421.45963499537]
