Avion: 2      Iteracion: 2

Num Ruta: 6
Ingresos: 147600.0
Costos: 554.254692803
Utilidad Ruta: 147045.745307
Costo Reducido: 93021.6411014
Nodos: [102, 12, 30, 47, 65, 14, 49, 31, 66, 1, 36, 23, 18, 58, 53, 26, 61, 25, 60, 19, 32, 54, 13, 67, 48, 5, 40, 7, 4, 42, 39, 712]
q: [0.0, 14.0, 1.0, -14.0, -1.0, 8.0, -8.0, 6.0, -6.0, 7.0, -7.0, 10.0, 5.0, -10.0, -5.0, 13.0, -13.0, 10.0, -10.0, 7.0, 6.0, -7.0, 9.0, -6.0, -9.0, 12.0, -12.0, 10.0, 5.0, -10.0, -5.0, 0.0]
Q: [0.0, 14.0, 15.0, 1.0, 0.0, 8.0, 0.0, 6.0, 0.0, 7.0, 0.0, 10.0, 15.0, 5.0, 0.0, 13.0, 0.0, 10.0, 0.0, 7.0, 13.0, 6.0, 15.0, 9.0, 0.0, 12.0, 0.0, 10.0, 15.0, 5.0, 0.0, 0.0]
B: [0.0, 54.0, 72.5310629215, 97.90540943529999, 120.7012675021, 148.497208159, 160.518919934, 187.7309871469, 201.03660115, 220.02629524969998, 254.2663807782, 267.0, 293.0, 318.4393114097, 328.36484298237, 357.36635980477, 374.94558777417, 410.0, 427.1849823101, 443.8578739909, 455.57278862989995, 475.14525932219993, 479.37287862861996, 493.21505840642, 497.28600878686, 524.55029188766, 525.67198079284, 547.39038741024, 557.75376070274, 577.0261216894401, 578.18649576705, 609.80365724625]
