Avion: 3      Iteracion: 18

Num Ruta: 21
Ingresos: 126000.0
Costos: 438.656524309
Utilidad Ruta: 125561.343476
Costo Reducido: 82.5476124295
Nodos: [103, 30, 65, 24, 59, 31, 66, 1, 36, 23, 18, 53, 58, 6, 41, 5, 40, 15, 50, 7, 4, 42, 39, 29, 64, 713]
q: [0.0, 11.0, -11.0, 14.0, -14.0, 6.0, -6.0, 7.0, -7.0, 10.0, 5.0, -5.0, -10.0, 5.0, -5.0, 12.0, -12.0, 11.0, -11.0, 10.0, 5.0, -10.0, -5.0, 9.0, -9.0, 0.0]
Q: [0.0, 11.0, 0.0, 14.0, 0.0, 6.0, 0.0, 7.0, 0.0, 10.0, 15.0, 10.0, 0.0, 5.0, 0.0, 12.0, 0.0, 11.0, 0.0, 10.0, 15.0, 5.0, 0.0, 9.0, 0.0, 0.0]
B: [0.0, 64.0, 82.7140226568, 107.4479935471, 145.9609438496, 157.2453016071, 170.5509156102, 189.5406097099, 223.7806952384, 267.0, 293.0, 316.8182362487, 326.74376782137, 436.0, 439.69228939819, 469.0, 470.12168890518, 511.0, 527.4211666151, 538.3259061809999, 548.6892794734999, 567.9616404602, 569.12201453781, 606.9398601798099, 640.7196399600099, 660.0963510328099]
