Avion: 1      Iteracion: 33

Num Ruta: 32
Ingresos: 38400.0
Costos: 141.681397118
Utilidad Ruta: 38258.3186029
Costo Reducido: 12.5249075669
Nodos: [101, 9, 44, 11, 46, 21, 56, 711]
q: [0, 11.0, -11.0, 8.0, -8.0, 13.0, -13.0, 0]
Q: [0, 11.0, 0.0, 8.0, 0.0, 13.0, 0.0, 0]
B: [0.0, 35.5033292242, 65.0305662267, 169.0, 173.05406684701, 477.0, 517.7387906792, 537.5187401229999]
