Avion: 6      Iteracion: 12

Num Ruta: 14
Ingresos: 40800.0
Costos: 150.805511022
Utilidad Ruta: 40649.194489
Costo Reducido: 157.724918322
Nodos: [106, 10, 45, 5, 40, 20, 55, 716]
q: [0, 12.0, -12.0, 12.0, -12.0, 10.0, -10.0, 0]
Q: [0, 12.0, 0.0, 12.0, 0.0, 10.0, 0.0, 0]
B: [0.0, 96.0, 125.5195107344, 469.0, 470.12168890518, 496.0, 538.1771424471, 563.6939929777]
