Avion: 3      Iteracion: 12

Num Ruta: 15
Ingresos: 12000.0
Costos: 85.7833682938
Utilidad Ruta: 11914.2166317
Costo Reducido: 51.3570306568
Nodos: [103, 20, 55, 713]
q: [0, 10.0, -10.0, 0]
Q: [0, 10.0, 0.0, 0]
B: [0.0, 496.0, 538.1771424471, 566.4812375925]
