Avion: 5      Iteracion: 0

Num Ruta: 2
Ingresos: 182400.0
Costos: 662.098044293
Utilidad Ruta: 181737.901956
Costo Reducido: -
Nodos: [105, 16, 51, 24, 30, 59, 10, 65, 45, 1, 11, 46, 36, 3, 38, 18, 34, 69, 53, 19, 54, 13, 48, 5, 40, 15, 50, 7, 4, 42, 39, 29, 64, 715]
q: [0.0, 11.0, -11.0, 12.0, 3.0, -12.0, 12.0, -3.0, -12.0, 7.0, 8.0, -8.0, -7.0, 15.0, -15.0, 11.0, 4.0, -4.0, -11.0, 7.0, -7.0, 15.0, -15.0, 12.0, -12.0, 11.0, -11.0, 10.0, 5.0, -10.0, -5.0, 9.0, -9.0, 0.0]
Q: [0.0, 11.0, 0.0, 12.0, 15.0, 3.0, 15.0, 12.0, 0.0, 7.0, 15.0, 7.0, 0.0, 15.0, 0.0, 11.0, 15.0, 11.0, 0.0, 7.0, 0.0, 15.0, 0.0, 12.0, 0.0, 11.0, 0.0, 10.0, 15.0, 5.0, 0.0, 9.0, 0.0, 0.0]
B: [0.0, 36.0, 45.624091437640004, 70.85029051714, 89.10719167804, 109.37531307594, 121.16124375624, 139.85429404234, 158.75509193554, 197.17443310634002, 215.85526170144, 219.90932854845002, 254.22505788645003, 261.32160979565003, 266.40589155417, 293.0, 316.7154937119, 357.6630917489, 372.8157213887, 402.0, 428.6271162915, 432.85473559792, 449.73788654792, 477.00216964872004, 478.12385855390005, 511.5260530327, 527.9472196478, 538.8519592137, 549.2153325062, 568.4876934929, 569.64806757051, 607.4659132125099, 641.2456929927099, 673.0332247151099]
