Avion: 3      Iteracion: 29

Num Ruta: 31
Ingresos: 46800.0
Costos: 158.958059893
Utilidad Ruta: 46641.0419401
Costo Reducido: 23.8826596907
Nodos: [103, 30, 65, 2, 37, 29, 64, 33, 68, 713]
q: [0, 11.0, -11.0, 9.0, -9.0, 9.0, -9.0, 10.0, -10.0, 0]
Q: [0, 11.0, 0.0, 9.0, 0.0, 9.0, 0.0, 10.0, 0.0, 0]
B: [0.0, 64.0, 82.7140226568, 522.0, 562.7349620474, 572.53970258451, 606.31948236471, 615.17097404691, 638.47448528451, 651.93007984591]
