Avion: 3      Iteracion: 17

Num Ruta: 20
Ingresos: 14400.0
Costos: 102.252168231
Utilidad Ruta: 14297.7478318
Costo Reducido: 20.2489834891
Nodos: [103, 34, 69, 713]
q: [0, 12.0, -12.0, 0]
Q: [0, 12.0, 0.0, 0]
B: [0.0, 283.0, 323.947598037, 354.1818743637]
