Avion: 4      Iteracion: 11

Num Ruta: 13
Ingresos: 129600.0
Costos: 506.562447967
Utilidad Ruta: 129093.437552
Costo Reducido: 627.915244145
Nodos: [104, 17, 52, 12, 47, 14, 49, 3, 38, 23, 35, 70, 58, 8, 32, 43, 13, 67, 48, 21, 56, 4, 7, 39, 42, 714]
q: [0.0, 5.0, -5.0, 14.0, -14.0, 8.0, -8.0, 15.0, -15.0, 9.0, 6.0, -6.0, -9.0, 8.0, 6.0, -8.0, 9.0, -6.0, -9.0, 13.0, -13.0, 5.0, 10.0, -5.0, -10.0, 0.0]
Q: [0.0, 5.0, 0.0, 14.0, 0.0, 8.0, 0.0, 15.0, 0.0, 9.0, 15.0, 9.0, 0.0, 8.0, 14.0, 6.0, 15.0, 9.0, 0.0, 13.0, 0.0, 5.0, 15.0, 10.0, 0.0, 0.0]
B: [0.0, 24.0, 58.8425537813, 78.5512475229, 121.8991717869, 158.4184055686, 170.4401173436, 256.0, 261.08428175852, 267.0, 307.4405515417, 327.3534349341, 339.9719804129, 414.0, 425.4468981388, 447.8266328334, 450.03730897431, 463.87948875211003, 467.95043913255006, 483.46183552355006, 524.2006262027501, 553.3704236137501, 563.7337969062501, 593.43146341395, 594.59183749156, 642.85617655266]
