Avion: 4      Iteracion: 35

Num Ruta: 32
Ingresos: 88800.0
Costos: 316.417211732
Utilidad Ruta: 88483.5827883
Costo Reducido: 12.9072216397
Nodos: [104, 17, 30, 52, 16, 51, 65, 24, 59, 1, 36, 23, 18, 53, 58, 28, 63, 25, 60, 714]
q: [0.0, 5.0, 10.0, -5.0, 5.0, -5.0, -10.0, 14.0, -14.0, 7.0, -7.0, 4.0, 11.0, -11.0, -4.0, 8.0, -8.0, 10.0, -10.0, 0.0]
Q: [0.0, 5.0, 15.0, 10.0, 15.0, 10.0, 0.0, 14.0, 0.0, 7.0, 0.0, 4.0, 15.0, 4.0, 0.0, 8.0, 0.0, 10.0, 0.0, 0.0]
B: [0.0, 24.0, 64.0, 67.14445448369, 72.47609381883, 82.10018525647, 84.97134181786, 109.70531270816, 148.21826301066, 175.0, 209.2400855285, 267.0, 293.0, 316.8182362487, 326.74376782137, 378.0, 414.0266187839, 417.35999740026, 434.54497971036, 455.58571624686]
