Avion: 5      Iteracion: 27

Num Ruta: 26
Ingresos: 82800.0
Costos: 265.971658581
Utilidad Ruta: 82534.0283414
Costo Reducido: 51.5104203215
Nodos: [105, 31, 11, 66, 46, 18, 53, 22, 57, 25, 60, 20, 4, 39, 55, 2, 37, 715]
q: [0, 6.0, 8.0, -6.0, -8.0, 11.0, -11.0, 10.0, -10.0, 10.0, -10.0, 10.0, 5.0, -5.0, -10.0, 9.0, -9.0, 0]
Q: [0, 6.0, 14.0, 8.0, 0.0, 11.0, 0.0, 10.0, 0.0, 10.0, 0.0, 10.0, 15.0, 10.0, 0.0, 9.0, 0.0, 0]
B: [0.0, 130.0, 169.0, 169.478878899097, 173.173257466597, 293.0, 316.8182362487, 332.3010836612, 354.0557698001, 410.0, 427.1849823101, 496.0, 529.0, 549.4257496801999, 561.2869729308, 568.6172701962599, 609.35223224366, 623.98666813986]
