Avion: 3      Iteracion: 25

Num Ruta: 27
Ingresos: 9600.0
Costos: 52.7460665081
Utilidad Ruta: 9547.25393349
Costo Reducido: 15.9039699457
Nodos: [103, 14, 49, 713]
q: [0, 8.0, -8.0, 0]
Q: [0, 8.0, 0.0, 0]
B: [0.0, 112.0, 124.021711775, 148.7612652269]
