Avion: 6      Iteracion: 10

Num Ruta: 12
Ingresos: 51600.0
Costos: 267.312744623
Utilidad Ruta: 51332.6872554
Costo Reducido: 887.383287418
Nodos: [106, 30, 65, 34, 69, 6, 41, 27, 62, 2, 37, 716]
q: [0, 11.0, -11.0, 12.0, -12.0, 5.0, -5.0, 6.0, -6.0, 9.0, -9.0, 0]
Q: [0, 11.0, 0.0, 12.0, 0.0, 5.0, 0.0, 6.0, 0.0, 9.0, 0.0, 0]
B: [0.0, 64.0, 82.7140226568, 283.0, 323.947598037, 436.0, 439.69228939819, 538.0, 555.0308623681, 566.4829354555, 607.2178975029, 644.2050944229]
