Avion: 7      Iteracion: 33

Num Ruta: 32
Ingresos: 30000.0
Costos: 134.888029948
Utilidad Ruta: 29865.1119701
Costo Reducido: 9.85315574872
Nodos: [107, 9, 44, 12, 47, 717]
q: [0, 11.0, -11.0, 14.0, -14.0, 0]
Q: [0, 11.0, 0.0, 14.0, 0.0, 0]
B: [0.0, 32.6028927091, 62.1301297116, 72.9171664687, 116.2650907327, 134.8880299476]
