Avion: 6      Iteracion: 22

Num Ruta: 23
Ingresos: 103200.0
Costos: 364.257664692
Utilidad Ruta: 102835.742335
Costo Reducido: 45.9501861482
Nodos: [106, 17, 30, 52, 16, 65, 51, 10, 45, 35, 26, 70, 61, 18, 53, 21, 56, 20, 4, 39, 55, 716]
q: [0.0, 5.0, 4.0, -5.0, 11.0, -4.0, -11.0, 12.0, -12.0, 6.0, 9.0, -6.0, -9.0, 11.0, -11.0, 13.0, -13.0, 10.0, 5.0, -5.0, -10.0, 0.0]
Q: [0.0, 5.0, 9.0, 4.0, 15.0, 11.0, 0.0, 12.0, 0.0, 6.0, 15.0, 9.0, 0.0, 11.0, 0.0, 13.0, 0.0, 10.0, 15.0, 10.0, 0.0, 0.0]
B: [0.0, 24.0, 64.0, 67.14445448369, 72.47609381883, 83.29276558052999, 86.16392214191998, 101.99319935221999, 131.51271008662, 279.0, 300.0, 309.29300538039, 319.11482114938, 342.39349190178, 366.21172815048, 477.0, 517.7387906792, 554.1640824007, 564.4432334357, 584.8689831158999, 596.7302063664999, 622.2470568970999]
