Avion: 4      Iteracion: 34

Num Ruta: 31
Ingresos: 84000.0
Costos: 304.221758723
Utilidad Ruta: 83695.7782413
Costo Reducido: 2.9782031873
Nodos: [104, 17, 52, 14, 49, 31, 11, 66, 46, 34, 57, 18, 22, 53, 69, 28, 63, 25, 60, 714]
q: [0.0, 5.0, -5.0, 8.0, -8.0, 6.0, 8.0, -6.0, -8.0, 12.0, -10.0, 3.0, 10.0, -3.0, -12.0, 8.0, -8.0, 10.0, -10.0, 0.0]
Q: [0.0, 5.0, 0.0, 8.0, 0.0, 6.0, 14.0, 8.0, 0.0, 12.0, 2.0, 5.0, 15.0, 12.0, 0.0, 8.0, 0.0, 10.0, 0.0, 0.0]
B: [0.0, 24.0, 58.8425537813, 112.0, 124.021711775, 151.2337789879, 169.0, 169.478878899097, 173.173257466597, 283.0, 320.0, 333.4004365974, 343.08612676383, 358.56897417633, 373.72160381613, 382.90178736549, 418.92840614939, 422.26178476575, 439.44676707585, 460.48750361235]
