Avion: 3      Iteracion: 0

Num Ruta: 1
Ingresos: 57600.0
Costos: 229.4435765
Utilidad Ruta: 57370.5564235
Costo Reducido: -
Nodos: [103, 24, 59, 14, 49, 5, 40, 4, 39, 2, 37, 713]
q: [0, 14.0, -14.0, 8.0, -8.0, 12.0, -12.0, 5.0, -5.0, 9.0, -9.0, 0]
Q: [0, 14.0, 0.0, 8.0, 0.0, 12.0, 0.0, 5.0, 0.0, 9.0, 0.0, 0]
B: [0.0, 61.0, 99.5129503025, 128.1593196012, 140.1810313762, 469.0, 470.12168890518, 529.0, 549.4257496801999, 558.8802161908, 599.6151782382, 616.5132040696]
