Avion: 7      Iteracion: 41

Num Ruta: 38
Ingresos: 66000.0
Costos: 189.723647507
Utilidad Ruta: 65810.2763525
Costo Reducido: 15.1241430254
Nodos: [107, 14, 49, 23, 57, 22, 58, 19, 8, 54, 43, 5, 40, 717]
q: [0.0, 8.0, -8.0, 10.0, -10.0, 10.0, -10.0, 7.0, 8.0, -7.0, -8.0, 12.0, -12.0, 0.0]
Q: [0.0, 8.0, 0.0, 10.0, 0.0, 10.0, 0.0, 7.0, 15.0, 8.0, 0.0, 12.0, 0.0, 0.0]
B: [0.0, 112.0, 124.021711775, 267.0, 320.0, 341.7546861389, 357.5111101304, 402.0, 425.1608815463, 443.1178409771, 446.04596016866, 469.0, 470.12168890518, 473.1997267542]
