Avion: 5      Iteracion: 25

Num Ruta: 24
Ingresos: 94800.0
Costos: 316.415493418
Utilidad Ruta: 94483.5845066
Costo Reducido: 97.5192258233
Nodos: [105, 17, 30, 52, 16, 51, 65, 14, 49, 19, 8, 54, 43, 5, 40, 7, 4, 27, 42, 39, 2, 62, 37, 715]
q: [0.0, 5.0, 10.0, -5.0, 5.0, -5.0, -10.0, 8.0, -8.0, 7.0, 8.0, -7.0, -8.0, 12.0, -12.0, 4.0, 5.0, 6.0, -4.0, -5.0, 9.0, -6.0, -9.0, 0.0]
Q: [0.0, 5.0, 15.0, 10.0, 15.0, 10.0, 0.0, 8.0, 0.0, 7.0, 15.0, 8.0, 0.0, 12.0, 0.0, 4.0, 9.0, 15.0, 11.0, 6.0, 15.0, 9.0, 0.0, 0.0]
B: [0.0, 24.0, 64.0, 67.14445448369, 72.47609381883, 82.10018525647, 84.97134181786, 112.76728247476, 124.78899424976, 402.0, 425.1608815463, 443.1178409771, 446.04596016866, 469.0, 470.12168890518, 517.0, 529.0, 546.6147745373, 562.4545494094, 563.61492348701, 573.06938999761, 584.5214630850099, 613.8619934313099, 628.4964293275099]
