Avion: 1      Iteracion: 28

Num Ruta: 28
Ingresos: 36000.0
Costos: 120.140908817
Utilidad Ruta: 35879.8590912
Costo Reducido: 42.1724526036
Nodos: [101, 35, 70, 13, 48, 29, 64, 711]
q: [0, 6.0, -6.0, 15.0, -15.0, 9.0, -9.0, 0]
Q: [0, 6.0, 0.0, 15.0, 0.0, 9.0, 0.0, 0]
B: [0.0, 279.0, 298.9128833924, 423.0, 439.88315095, 549.0, 582.7797797802, 603.6308069012]
