Avion: 2      Iteracion: 12

Num Ruta: 16
Ingresos: 120000.0
Costos: 390.319741426
Utilidad Ruta: 119609.680259
Costo Reducido: 265.425051226
Nodos: [102, 30, 65, 10, 45, 35, 70, 18, 57, 22, 53, 28, 63, 25, 19, 60, 54, 5, 40, 4, 20, 39, 55, 712]
q: [0.0, 11.0, -11.0, 12.0, -12.0, 6.0, -6.0, 11.0, -10.0, 10.0, -11.0, 8.0, -8.0, 8.0, 7.0, -8.0, -7.0, 12.0, -12.0, 5.0, 10.0, -5.0, -10.0, 0.0]
Q: [0.0, 11.0, 0.0, 12.0, 0.0, 6.0, 0.0, 11.0, 1.0, 11.0, 0.0, 8.0, 0.0, 8.0, 15.0, 7.0, 0.0, 12.0, 0.0, 5.0, 15.0, 10.0, 0.0, 0.0]
B: [0.0, 64.0, 82.7140226568, 101.4070729429, 130.92658367730002, 279.0, 298.9128833924, 321.80373678409995, 335.20417338149997, 356.9588595204, 372.4417069329, 381.57520971113, 417.60182849503, 420.93520711139, 430.32721435159, 447.00010603238997, 463.78696246828997, 471.63727571044996, 472.75896461562996, 529.0, 539.279151035, 569.6591407651, 581.5203640157, 624.9186690172]
