Avion: 1      Iteracion: 25

Num Ruta: 25
Ingresos: 57600.0
Costos: 207.635343581
Utilidad Ruta: 57392.3646564
Costo Reducido: 46.2124476433
Nodos: [101, 30, 65, 14, 49, 31, 11, 66, 46, 21, 4, 39, 56, 711]
q: [0.0, 11.0, -11.0, 8.0, -8.0, 6.0, 8.0, -6.0, -8.0, 10.0, 5.0, -5.0, -10.0, 0.0]
Q: [0.0, 11.0, 0.0, 8.0, 0.0, 6.0, 14.0, 8.0, 0.0, 10.0, 15.0, 10.0, 0.0, 0.0]
B: [0.0, 64.0, 82.7140226568, 112.0, 124.021711775, 151.2337789879, 169.0, 169.478878899097, 173.173257466597, 477.0, 529.0, 549.4257496801999, 566.2286940948, 586.0086435385999]
