Avion: 7      Iteracion: 37

Num Ruta: 34
Ingresos: 64800.0
Costos: 141.965116836
Utilidad Ruta: 64658.0348832
Costo Reducido: 15.0155687761
Nodos: [107, 9, 44, 14, 49, 3, 38, 8, 43, 5, 40, 717]
q: [0, 11.0, -11.0, 8.0, -8.0, 15.0, -15.0, 8.0, -8.0, 12.0, -12.0, 0]
Q: [0, 11.0, 0.0, 8.0, 0.0, 15.0, 0.0, 8.0, 0.0, 12.0, 0.0, 0]
B: [0.0, 32.6028927091, 62.1301297116, 112.0, 124.021711775, 256.0, 261.08428175852, 414.0, 434.768396616, 469.0, 470.12168890518, 473.1997267542]
