Avion: 2      Iteracion: 62

Num Ruta: 52
Ingresos: 67200.0
Costos: 215.316329008
Utilidad Ruta: 66984.683671
Costo Reducido: 14.5158559227
Nodos: [102, 9, 44, 19, 25, 60, 54, 20, 7, 42, 2, 55, 33, 68, 37, 712]
q: [0.0, 11.0, -11.0, 7.0, 8.0, -8.0, -7.0, 6.0, 9.0, -9.0, 9.0, -6.0, 6.0, -6.0, -9.0, 0.0]
Q: [0.0, 11.0, 0.0, 7.0, 15.0, 7.0, 0.0, 6.0, 15.0, 6.0, 15.0, 9.0, 15.0, 9.0, 0.0, 0.0]
B: [0.0, 28.0, 57.5272370025, 402.0, 411.3920072402, 428.57698955029997, 445.3638459862, 496.0, 517.0, 545.5413118129, 555.6714802715, 563.0017775369599, 573.8235768790599, 597.1270881166599, 615.6458721480599, 618.5001675076899]
