Avion: 3      Iteracion: 1

Num Ruta: 5
Ingresos: 176400.0
Costos: 587.768337116
Utilidad Ruta: 175812.231663
Costo Reducido: 142379.636401
Nodos: [103, 16, 51, 9, 24, 44, 59, 31, 14, 49, 66, 11, 46, 23, 22, 57, 18, 58, 53, 28, 63, 25, 60, 8, 43, 5, 40, 15, 50, 7, 27, 62, 42, 33, 68, 713]
q: [0.0, 11.0, -11.0, 11.0, 4.0, -11.0, -4.0, 6.0, 8.0, -8.0, -6.0, 8.0, -8.0, 5.0, 10.0, -10.0, 10.0, -5.0, -10.0, 8.0, -8.0, 10.0, -10.0, 8.0, -8.0, 12.0, -12.0, 11.0, -11.0, 10.0, 5.0, -5.0, -10.0, 10.0, -10.0, 0.0]
Q: [0.0, 11.0, 0.0, 11.0, 15.0, 4.0, 0.0, 6.0, 14.0, 6.0, 0.0, 8.0, 0.0, 5.0, 15.0, 5.0, 15.0, 10.0, 0.0, 8.0, 0.0, 10.0, 0.0, 8.0, 0.0, 12.0, 0.0, 11.0, 0.0, 10.0, 15.0, 10.0, 0.0, 10.0, 0.0, 0.0]
B: [0.0, 36.0, 45.624091437640004, 75.68094759394, 82.11782463176, 106.25807452686, 131.31363794096, 142.59799569846, 160.11767811566, 172.13938989066, 201.20494686106, 201.683825760157, 205.737892607167, 267.0, 299.0, 320.7546861389, 334.15512273630003, 359.594434146, 369.51996571867005, 378.6534684969001, 414.6800872808001, 418.0134658971601, 435.19844820726007, 461.01904806476006, 481.7874446807601, 491.5402555576301, 492.6619444628101, 526.06413894161, 542.48530555671, 553.39004512261, 581.05336849491, 598.08423086301, 602.48415143047, 611.94417764608, 635.24768888368, 648.7032834450799]
