Avion: 6      Iteracion: 31

Num Ruta: 31
Ingresos: 94800.0
Costos: 326.989700594
Utilidad Ruta: 94473.0102994
Costo Reducido: 49.270387143
Nodos: [106, 17, 52, 12, 47, 10, 45, 26, 61, 6, 41, 13, 48, 20, 7, 4, 42, 55, 39, 716]
q: [0.0, 5.0, -5.0, 14.0, -14.0, 12.0, -12.0, 13.0, -13.0, 5.0, -5.0, 15.0, -15.0, 10.0, 0.0, 5.0, 0.0, -10.0, -5.0, 0.0]
Q: [0.0, 5.0, 0.0, 14.0, 0.0, 12.0, 0.0, 13.0, 0.0, 5.0, 0.0, 15.0, 0.0, 10.0, 10.0, 15.0, 15.0, 5.0, 0.0, 0.0]
B: [0.0, 24.0, 58.8425537813, 78.5512475229, 121.8991717869, 130.61694214405, 160.13645287845, 300.0, 317.5792279694, 436.0, 439.69228939819, 453.10235550539, 469.98550645539, 496.0, 517.0, 529.0, 548.2723609867, 561.2360455324, 573.097268783, 594.7720547335]
