Avion: 2      Iteracion: 37

Num Ruta: 36
Ingresos: 67200.0
Costos: 163.924105646
Utilidad Ruta: 67036.0758944
Costo Reducido: 7.03407680221
Nodos: [102, 9, 44, 14, 49, 3, 38, 18, 53, 15, 50, 712]
q: [0, 11.0, -11.0, 8.0, -8.0, 15.0, -15.0, 11.0, -11.0, 11.0, -11.0, 0]
Q: [0, 11.0, 0.0, 8.0, 0.0, 15.0, 0.0, 11.0, 0.0, 11.0, 0.0, 0]
B: [0.0, 28.0, 57.5272370025, 112.0, 124.021711775, 256.0, 261.08428175852, 293.0, 316.8182362487, 511.0, 527.4211666151, 534.86056773347]
