Avion: 1      Iteracion: 48

Num Ruta: 41
Ingresos: 55200.0
Costos: 238.347080953
Utilidad Ruta: 54961.652919
Costo Reducido: 12.9769405144
Nodos: [101, 9, 44, 12, 47, 28, 63, 21, 56, 711]
q: [0, 11.0, -11.0, 14.0, -14.0, 8.0, -8.0, 13.0, -13.0, 0]
Q: [0, 11.0, 0.0, 14.0, 0.0, 8.0, 0.0, 13.0, 0.0, 0]
B: [0.0, 35.5033292242, 65.0305662267, 75.8176029838, 119.1655272478, 378.0, 414.0266187839, 477.0, 517.7387906792, 537.5187401229999]
