Avion: 4      Iteracion: 32

Num Ruta: 30
Ingresos: 127200.0
Costos: 423.828520682
Utilidad Ruta: 126776.171479
Costo Reducido: 21.9279276934
Nodos: [104, 17, 52, 14, 49, 3, 38, 23, 18, 53, 58, 22, 57, 8, 32, 43, 13, 67, 48, 21, 20, 56, 55, 33, 27, 68, 62, 714]
q: [0.0, 5.0, -5.0, 8.0, -8.0, 15.0, -15.0, 10.0, 5.0, -5.0, -10.0, 10.0, -10.0, 8.0, 6.0, -8.0, 9.0, -6.0, -9.0, 5.0, 10.0, -5.0, -10.0, 9.0, 6.0, -9.0, -6.0, 0.0]
Q: [0.0, 5.0, 0.0, 8.0, 0.0, 15.0, 0.0, 10.0, 15.0, 10.0, 0.0, 10.0, 0.0, 8.0, 14.0, 6.0, 15.0, 9.0, 0.0, 5.0, 15.0, 10.0, 0.0, 9.0, 15.0, 6.0, 0.0, 0.0]
B: [0.0, 24.0, 58.8425537813, 112.0, 124.021711775, 256.0, 261.08428175852, 267.0, 293.0, 316.8182362487, 326.74376782137, 342.50019181287, 364.25487795177, 414.0, 425.4468981388, 447.8266328334, 450.03730897431, 463.87948875211003, 467.95043913255006, 483.46183552355006, 496.0, 532.4252917215, 553.0247123444, 563.8465116865, 580.2991026070999, 587.5178559620799, 608.08464824968, 653.48969838728]
