Avion: 5      Iteracion: 13

Num Ruta: 14
Ingresos: 120000.0
Costos: 368.220234368
Utilidad Ruta: 119631.779766
Costo Reducido: 234.578192397
Nodos: [105, 14, 49, 3, 38, 23, 58, 22, 57, 19, 54, 6, 41, 13, 48, 15, 50, 29, 64, 33, 68, 715]
q: [0, 8.0, -8.0, 15.0, -15.0, 10.0, -10.0, 10.0, -10.0, 7.0, -7.0, 5.0, -5.0, 15.0, -15.0, 11.0, -11.0, 9.0, -9.0, 10.0, -10.0, 0]
Q: [0, 8.0, 0.0, 15.0, 0.0, 10.0, 0.0, 10.0, 0.0, 7.0, 0.0, 5.0, 0.0, 15.0, 0.0, 11.0, 0.0, 9.0, 0.0, 10.0, 0.0, 0]
B: [0.0, 112.0, 124.021711775, 256.0, 261.08428175852, 267.0, 306.733842905, 322.49026689650003, 344.24495303540004, 402.0, 428.6271162915, 440.41813528899996, 444.11042468718995, 457.52049079438996, 474.40364174439, 511.0, 527.4211666151, 549.0, 582.7797797802, 591.6312714624, 614.9347827, 638.5573700265]
