Avion: 6      Iteracion: 24

Num Ruta: 25
Ingresos: 64800.0
Costos: 153.163275586
Utilidad Ruta: 64646.8367244
Costo Reducido: 45.7894493099
Nodos: [106, 30, 65, 16, 51, 35, 26, 70, 61, 6, 41, 5, 40, 716]
q: [0.0, 11.0, -11.0, 11.0, -11.0, 6.0, 9.0, -6.0, -9.0, 5.0, -5.0, 12.0, -12.0, 0.0]
Q: [0.0, 11.0, 0.0, 11.0, 0.0, 6.0, 15.0, 9.0, 0.0, 5.0, 0.0, 12.0, 0.0, 0.0]
B: [0.0, 64.0, 82.7140226568, 93.53069441849999, 103.15478585614, 279.0, 300.0, 309.29300538039, 319.11482114938, 436.0, 439.69228939819, 469.0, 470.12168890518, 487.46667192618]
