Avion: 6      Iteracion: 56

Num Ruta: 40
Ingresos: 73200.0
Costos: 183.58481679
Utilidad Ruta: 73016.4151832
Costo Reducido: 4.16458986167
Nodos: [106, 10, 45, 26, 61, 13, 48, 15, 50, 7, 42, 716]
q: [0, 12.0, -12.0, 13.0, -13.0, 15.0, -15.0, 11.0, -11.0, 10.0, -10.0, 0]
Q: [0, 12.0, 0.0, 13.0, 0.0, 15.0, 0.0, 11.0, 0.0, 10.0, 0.0, 0]
B: [0.0, 96.0, 125.5195107344, 300.0, 317.5792279694, 423.0, 439.88315095, 511.0, 527.4211666151, 538.3259061809999, 566.8672179938999, 588.1047557513999]
