Avion: 7      Iteracion: 12

Num Ruta: 15
Ingresos: 116400.0
Costos: 424.966723908
Utilidad Ruta: 115975.033276
Costo Reducido: 232.01754189
Nodos: [107, 30, 65, 16, 51, 10, 45, 31, 66, 34, 69, 22, 57, 32, 19, 67, 54, 5, 40, 20, 55, 717]
q: [0, 11.0, -11.0, 11.0, -11.0, 12.0, -12.0, 6.0, -6.0, 12.0, -12.0, 10.0, -10.0, 6.0, 7.0, -6.0, -7.0, 12.0, -12.0, 10.0, -10.0, 0]
Q: [0, 11.0, 0.0, 11.0, 0.0, 12.0, 0.0, 6.0, 0.0, 12.0, 0.0, 10.0, 0.0, 6.0, 13.0, 7.0, 0.0, 12.0, 0.0, 10.0, 0.0, 0]
B: [0.0, 64.0, 82.7140226568, 93.53069441849999, 103.15478585614, 118.98406306644, 148.50357380084, 188.11172813804, 201.41734214114, 283.0, 323.947598037, 353.69889745399996, 375.4535835929, 422.0, 433.71491463899997, 461.3697862171, 478.4971626653, 486.34747590745997, 487.46916481264, 511.03312394513995, 553.21026639224, 569.32425764204]
