Avion: 7      Iteracion: 34

Num Ruta: 33
Ingresos: 66000.0
Costos: 235.569438989
Utilidad Ruta: 65764.430561
Costo Reducido: 19.916617589
Nodos: [107, 9, 44, 14, 49, 18, 57, 22, 53, 19, 8, 54, 43, 717]
q: [0.0, 11.0, -11.0, 8.0, -8.0, 11.0, -10.0, 10.0, -11.0, 7.0, 8.0, -7.0, -8.0, 0.0]
Q: [0.0, 11.0, 0.0, 8.0, 0.0, 11.0, 1.0, 11.0, 0.0, 7.0, 15.0, 8.0, 0.0, 0.0]
B: [0.0, 32.6028927091, 62.1301297116, 112.0, 124.021711775, 293.0, 320.0, 341.7546861389, 357.2375335514, 402.0, 425.1608815463, 443.1178409771, 446.04596016866, 458.02768846635996]
