Avion: 3      Iteracion: 5

Num Ruta: 8
Ingresos: 85200.0
Costos: 372.114454292
Utilidad Ruta: 84827.8855457
Costo Reducido: 67963.7094194
Nodos: [103, 24, 59, 14, 49, 1, 36, 23, 58, 18, 53, 15, 50, 33, 68, 713]
q: [0, 14.0, -14.0, 8.0, -8.0, 7.0, -7.0, 10.0, -10.0, 11.0, -11.0, 11.0, -11.0, 10.0, -10.0, 0]
Q: [0, 14.0, 0.0, 8.0, 0.0, 7.0, 0.0, 10.0, 0.0, 11.0, 0.0, 11.0, 0.0, 10.0, 0.0, 0]
B: [0.0, 61.0, 99.5129503025, 128.1593196012, 140.1810313762, 175.8627605944, 210.1028461229, 267.0, 306.733842905, 332.1731543147, 355.9913905634, 511.0, 527.4211666151, 562.0, 585.3035112376, 598.7591057989999]
