Avion: 6      Iteracion: 8

Num Ruta: 10
Ingresos: 28800.0
Costos: 179.711801204
Utilidad Ruta: 28620.2881988
Costo Reducido: 17414.4173999
Nodos: [106, 28, 63, 19, 54, 29, 64, 716]
q: [0, 8.0, -8.0, 7.0, -7.0, 9.0, -9.0, 0]
Q: [0, 8.0, 0.0, 7.0, 0.0, 9.0, 0.0, 0]
B: [0.0, 378.0, 414.0266187839, 426.5624120576, 453.1895283491, 549.0, 582.7797797802, 616.0769860444]
