Avion: 1      Iteracion: 10

Num Ruta: 13
Ingresos: 79200.0
Costos: 380.319125746
Utilidad Ruta: 78819.6808743
Costo Reducido: 1242.17045969
Nodos: [101, 30, 65, 31, 11, 46, 66, 1, 36, 18, 34, 69, 53, 8, 6, 41, 43, 27, 62, 711]
q: [0.0, 11.0, -11.0, 6.0, 8.0, -8.0, -6.0, 7.0, -7.0, 3.0, 12.0, -12.0, -3.0, 8.0, 5.0, -5.0, -8.0, 6.0, -6.0, 0.0]
Q: [0.0, 11.0, 0.0, 6.0, 14.0, 6.0, 0.0, 7.0, 0.0, 3.0, 15.0, 3.0, 0.0, 8.0, 13.0, 8.0, 0.0, 6.0, 0.0, 0.0]
B: [0.0, 64.0, 82.7140226568, 130.0, 169.0, 173.05406684701, 176.74844541451, 195.73813951421, 229.97822504271, 293.0, 316.7154937119, 357.6630917489, 372.8157213887, 414.0, 441.9144979715, 445.60678736969, 458.47278985688996, 538.0, 555.0308623681, 589.5662651021]
