Avion: 4      Iteracion: 5

Num Ruta: 8
Ingresos: 120000.0
Costos: 575.387085974
Utilidad Ruta: 119424.612914
Costo Reducido: 116752.671632
Nodos: [104, 17, 52, 24, 9, 44, 59, 14, 49, 1, 36, 23, 58, 18, 53, 28, 32, 63, 67, 15, 20, 50, 2, 55, 33, 68, 37, 714]
q: [0.0, 5.0, -5.0, 4.0, 11.0, -11.0, -4.0, 8.0, -8.0, 7.0, -7.0, 10.0, -10.0, 11.0, -11.0, 8.0, 6.0, -8.0, -6.0, 11.0, 4.0, -11.0, 5.0, -4.0, 10.0, -10.0, -5.0, 0.0]
Q: [0.0, 5.0, 0.0, 4.0, 15.0, 4.0, 0.0, 8.0, 0.0, 7.0, 0.0, 10.0, 0.0, 11.0, 0.0, 8.0, 14.0, 6.0, 0.0, 11.0, 15.0, 4.0, 9.0, 5.0, 15.0, 5.0, 0.0, 0.0]
B: [0.0, 24.0, 58.8425537813, 75.400837086, 81.83771412381999, 111.36495112632, 136.42051454042, 165.06688383911998, 177.08859561411998, 212.77032483231997, 247.01041036081998, 267.0, 306.733842905, 332.1731543147, 355.9913905634, 378.0, 422.0, 445.4551085267, 472.0058669528, 511.0, 521.3008920973, 527.43474414964, 559.65930748264, 566.9896047481, 577.8114040902, 601.1149153278, 619.6336993591999, 635.8351340178999]
