Avion: 1      Iteracion: 19

Num Ruta: 21
Ingresos: 69600.0
Costos: 290.108178196
Utilidad Ruta: 69309.8918218
Costo Reducido: 89.763129695
Nodos: [101, 17, 52, 30, 65, 14, 49, 31, 11, 46, 66, 18, 53, 29, 64, 711]
q: [0, 5.0, -5.0, 11.0, -11.0, 8.0, -8.0, 6.0, 8.0, -8.0, -6.0, 11.0, -11.0, 9.0, -9.0, 0]
Q: [0, 5.0, 0.0, 11.0, 0.0, 8.0, 0.0, 6.0, 14.0, 6.0, 0.0, 11.0, 0.0, 9.0, 0.0, 0]
B: [0.0, 40.5842207761, 75.4267745574, 78.57122904108999, 97.28525169788999, 125.08119235478999, 137.10290412978998, 164.31497134268997, 177.49770053658997, 181.55176738359998, 185.24614595109998, 293.0, 316.8182362487, 549.0, 582.7797797802, 603.6308069012]
