Avion: 7      Iteracion: 40

Num Ruta: 37
Ingresos: 32400.0
Costos: 87.7547382357
Utilidad Ruta: 32312.2452618
Costo Reducido: 1.63845520401
Nodos: [107, 8, 19, 43, 54, 5, 40, 717]
q: [0, 8.0, 7.0, -8.0, -7.0, 12.0, -12.0, 0]
Q: [0, 8.0, 15.0, 7.0, 0.0, 12.0, 0.0, 0]
B: [0.0, 414.0, 437.1608815463, 466.0513395558, 468.97945874735996, 476.82977198951994, 477.95146089469995, 481.02949874371996]
