Avion: 4      Iteracion: 40

Num Ruta: 36
Ingresos: 134400.0
Costos: 435.251093562
Utilidad Ruta: 133964.748906
Costo Reducido: 4.99392745169
Nodos: [104, 17, 16, 51, 52, 14, 49, 3, 38, 23, 18, 53, 58, 22, 57, 8, 32, 19, 54, 43, 13, 67, 48, 20, 21, 56, 33, 55, 68, 714]
q: [0.0, 5.0, 10.0, -10.0, -5.0, 8.0, -8.0, 15.0, -15.0, 10.0, 5.0, -5.0, -10.0, 10.0, -10.0, 2.0, 6.0, 7.0, -7.0, -2.0, 9.0, -6.0, -9.0, 2.0, 13.0, -13.0, 10.0, -2.0, -10.0, 0.0]
Q: [0.0, 5.0, 15.0, 5.0, 0.0, 8.0, 0.0, 15.0, 0.0, 10.0, 15.0, 10.0, 0.0, 10.0, 0.0, 2.0, 8.0, 15.0, 8.0, 6.0, 15.0, 9.0, 0.0, 2.0, 15.0, 2.0, 12.0, 10.0, 0.0, 0.0]
B: [0.0, 24.0, 58.8014769802, 68.42556841784, 83.07333718993999, 112.0, 124.021711775, 256.0, 261.08428175852, 267.0, 293.0, 316.8182362487, 326.74376782137, 342.50019181287, 364.25487795177, 414.0, 425.4468981388, 437.16181277780004, 463.7889290693, 466.71704826086, 468.92772440177, 482.76990417957, 486.84085456001003, 500.77143979541, 505.52084617937, 546.2596368585699, 562.0, 572.8217993421, 605.3374284610001, 638.4775479689]
