Avion: 1      Iteracion: 18

Num Ruta: 20
Ingresos: 40800.0
Costos: 160.42802015
Utilidad Ruta: 40639.5719798
Costo Reducido: 70.8682674136
Nodos: [101, 9, 44, 25, 60, 21, 56, 711]
q: [0, 11.0, -11.0, 10.0, -10.0, 13.0, -13.0, 0]
Q: [0, 11.0, 0.0, 10.0, 0.0, 13.0, 0.0, 0]
B: [0.0, 35.5033292242, 65.0305662267, 410.0, 427.1849823101, 477.0, 517.7387906792, 537.5187401229999]
