Avion: 4      Iteracion: 28

Num Ruta: 26
Ingresos: 123600.0
Costos: 401.723978582
Utilidad Ruta: 123198.276021
Costo Reducido: 24.7961351668
Nodos: [104, 17, 52, 30, 16, 51, 65, 24, 31, 59, 11, 66, 46, 34, 57, 18, 22, 53, 69, 28, 63, 25, 19, 60, 54, 5, 40, 714]
q: [0.0, 5.0, -5.0, 11.0, 4.0, -4.0, -11.0, 14.0, 1.0, -14.0, 8.0, -1.0, -8.0, 12.0, -10.0, 3.0, 10.0, -3.0, -12.0, 8.0, -8.0, 8.0, 7.0, -8.0, -7.0, 12.0, -12.0, 0.0]
Q: [0.0, 5.0, 0.0, 11.0, 15.0, 11.0, 0.0, 14.0, 15.0, 1.0, 9.0, 8.0, 0.0, 12.0, 2.0, 5.0, 15.0, 12.0, 0.0, 8.0, 0.0, 8.0, 15.0, 7.0, 0.0, 12.0, 0.0, 0.0]
B: [0.0, 24.0, 58.8425537813, 64.0, 72.20259129788, 81.82668273552001, 84.69783929691, 109.43181018721, 136.87843666481, 148.16279442231001, 169.0, 169.478878899097, 173.173257466597, 283.0, 320.0, 333.4004365974, 343.08612676383, 358.56897417633, 373.72160381613, 382.90178736549, 418.92840614939, 422.26178476575, 431.65379200595, 448.32668368674996, 465.11354012264997, 472.96385336480995, 474.08554226998996, 516.7251069135899]
