Avion: 7      Iteracion: 7

Num Ruta: 10
Ingresos: 81600.0
Costos: 443.742461806
Utilidad Ruta: 81156.2575382
Costo Reducido: 51700.2550334
Nodos: [107, 17, 52, 12, 47, 31, 66, 26, 61, 19, 54, 21, 56, 20, 55, 717]
q: [0, 5.0, -5.0, 14.0, -14.0, 6.0, -6.0, 13.0, -13.0, 7.0, -7.0, 13.0, -13.0, 10.0, -10.0, 0]
Q: [0, 5.0, 0.0, 14.0, 0.0, 6.0, 0.0, 13.0, 0.0, 7.0, 0.0, 13.0, 0.0, 10.0, 0.0, 0]
B: [0.0, 39.2872808044, 74.1298345857, 93.8385283273, 137.1864525913, 158.1037859778, 171.4093999809, 300.0, 317.5792279694, 402.0, 428.6271162915, 477.0, 517.7387906792, 554.1640824007, 596.3412248477999, 612.4552160976]
