Avion: 2      Iteracion: 30

Num Ruta: 31
Ingresos: 30000.0
Costos: 162.311970921
Utilidad Ruta: 29837.6880291
Costo Reducido: 4.47422567133
Nodos: [102, 23, 58, 20, 27, 55, 62, 712]
q: [0.0, 10.0, -10.0, 10.0, 5.0, -10.0, -5.0, 0.0]
Q: [0.0, 10.0, 0.0, 10.0, 15.0, 5.0, 0.0, 0.0]
B: [0.0, 267.0, 306.733842905, 496.0, 538.0, 564.3007633539, 580.4585291648, 607.9480050601]
