Avion: 6      Iteracion: 3

Num Ruta: 5
Ingresos: 153600.0
Costos: 596.526912101
Utilidad Ruta: 153003.473088
Costo Reducido: 110991.544802
Nodos: [106, 9, 24, 44, 30, 65, 59, 1, 31, 66, 36, 3, 38, 34, 69, 28, 63, 25, 19, 54, 60, 21, 56, 15, 50, 4, 39, 33, 68, 716]
q: [0.0, 11.0, 4.0, -11.0, 11.0, -11.0, -4.0, 7.0, 6.0, -6.0, -7.0, 15.0, -15.0, 12.0, -12.0, 8.0, -8.0, 10.0, 5.0, -5.0, -10.0, 13.0, -13.0, 11.0, -11.0, 5.0, -5.0, 10.0, -10.0, 0.0]
Q: [0.0, 11.0, 15.0, 4.0, 15.0, 4.0, 0.0, 7.0, 13.0, 7.0, 0.0, 15.0, 0.0, 12.0, 0.0, 8.0, 0.0, 10.0, 15.0, 10.0, 0.0, 13.0, 0.0, 11.0, 0.0, 5.0, 0.0, 10.0, 0.0, 0.0]
B: [0.0, 41.2454164484, 61.0, 85.1402498951, 100.9281502305, 119.64217288729999, 149.2797338025, 175.0, 183.89376197118, 197.19937597428, 230.76046369508, 256.0, 261.08428175852, 302.35708151811997, 343.30467955511995, 378.0, 414.0266187839, 417.35999740026, 426.75200464046, 453.37912093195996, 470.16597736785997, 478.33469085286, 519.07348153206, 565.45924901516, 581.88041563026, 587.45509490355, 607.8808445837501, 616.4523100360501, 639.7558212736501, 675.8093177753501]
