Avion: 3      Iteracion: 21

Num Ruta: 23
Ingresos: 39600.0
Costos: 129.574067873
Utilidad Ruta: 39470.4259321
Costo Reducido: 58.2342852953
Nodos: [103, 24, 59, 1, 36, 5, 40, 713]
q: [0, 14.0, -14.0, 7.0, -7.0, 12.0, -12.0, 0]
Q: [0, 14.0, 0.0, 7.0, 0.0, 12.0, 0.0, 0]
B: [0.0, 61.0, 99.5129503025, 175.0, 209.2400855285, 469.0, 470.12168890518, 479.93139598541]
