Avion: 3      Iteracion: 15

Num Ruta: 18
Ingresos: 152400.0
Costos: 467.747394081
Utilidad Ruta: 151932.252606
Costo Reducido: 254.855189344
Nodos: [103, 30, 16, 51, 65, 24, 59, 1, 11, 46, 36, 23, 18, 58, 53, 19, 25, 60, 8, 54, 43, 13, 48, 20, 7, 42, 2, 55, 33, 68, 37, 713]
q: [0.0, 11.0, 4.0, -4.0, -11.0, 14.0, -14.0, 7.0, 8.0, -8.0, -7.0, 4.0, 11.0, -4.0, -11.0, 7.0, 8.0, -8.0, 8.0, -7.0, -8.0, 15.0, -15.0, 5.0, 10.0, -10.0, 9.0, -5.0, 6.0, -6.0, -9.0, 0.0]
Q: [0.0, 11.0, 15.0, 11.0, 0.0, 14.0, 0.0, 7.0, 15.0, 7.0, 0.0, 4.0, 15.0, 11.0, 0.0, 7.0, 15.0, 7.0, 15.0, 8.0, 0.0, 15.0, 0.0, 5.0, 15.0, 5.0, 14.0, 9.0, 15.0, 9.0, 0.0, 0.0]
B: [0.0, 64.0, 72.20259129788, 81.82668273552001, 84.69783929691, 109.43181018721, 147.94476048971, 175.0, 193.6808285951, 197.73489544211, 232.05062478011, 267.0, 293.0, 318.4393114097, 328.36484298237, 402.0, 411.3920072402, 428.57698955029997, 454.39758940779996, 472.35454883859995, 475.2826680301599, 477.4933441710699, 494.3764951210699, 508.3070803564699, 517.0500347770299, 545.5913465899298, 555.7215150485298, 563.0518123139898, 573.8736116560898, 597.1771228936898, 615.6959069250897, 632.5939327564897]
