Avion: 3      Iteracion: 16

Num Ruta: 19
Ingresos: 138000.0
Costos: 444.137927699
Utilidad Ruta: 137555.862072
Costo Reducido: 208.748916826
Nodos: [103, 9, 44, 12, 47, 10, 45, 35, 70, 22, 57, 18, 53, 28, 13, 48, 63, 15, 50, 20, 27, 62, 55, 33, 68, 713]
q: [0.0, 11.0, -11.0, 14.0, -14.0, 12.0, -12.0, 6.0, -6.0, 10.0, -10.0, 11.0, -11.0, 8.0, 7.0, -7.0, -8.0, 11.0, -11.0, 9.0, 6.0, -6.0, -9.0, 10.0, -10.0, 0.0]
Q: [0.0, 11.0, 0.0, 14.0, 0.0, 12.0, 0.0, 6.0, 0.0, 10.0, 0.0, 11.0, 0.0, 8.0, 15.0, 8.0, 0.0, 11.0, 0.0, 9.0, 15.0, 9.0, 0.0, 10.0, 0.0, 0.0]
B: [0.0, 28.8572183864, 58.3844553889, 69.171492146, 112.51941641, 121.23718676715, 150.75669750155, 279.0, 298.9128833924, 314.02713802169995, 335.78182416059997, 349.182260758, 373.00049700669996, 382.13399978493, 423.0, 439.88315095, 462.92158097460003, 511.0, 527.4211666151, 533.55501866744, 557.04922254844, 574.0800849165399, 590.2378507274399, 601.0596500695399, 624.3631613071399, 637.8187558685398]
