Avion: 2      Iteracion: 26

Num Ruta: 27
Ingresos: 34800.0
Costos: 131.647010693
Utilidad Ruta: 34668.3529893
Costo Reducido: 15.2181664494
Nodos: [102, 24, 59, 1, 36, 8, 43, 712]
q: [0, 14.0, -14.0, 7.0, -7.0, 8.0, -8.0, 0]
Q: [0, 14.0, 0.0, 7.0, 0.0, 8.0, 0.0, 0]
B: [0.0, 61.0, 99.5129503025, 175.0, 209.2400855285, 414.0, 434.768396616, 456.4253897591]
