Avion: 5      Iteracion: 39

Num Ruta: 34
Ingresos: 54000.0
Costos: 229.911933575
Utilidad Ruta: 53770.0880664
Costo Reducido: 15.151521037
Nodos: [105, 17, 52, 18, 53, 28, 63, 15, 21, 50, 56, 27, 62, 715]
q: [0.0, 5.0, -5.0, 11.0, -11.0, 8.0, -8.0, 2.0, 13.0, -2.0, -13.0, 6.0, -6.0, 0.0]
Q: [0.0, 5.0, 0.0, 11.0, 0.0, 8.0, 0.0, 2.0, 15.0, 13.0, 0.0, 6.0, 0.0, 0.0]
B: [0.0, 24.0, 58.8425537813, 293.0, 316.8182362487, 378.0, 414.0266187839, 511.0, 516.67223351071, 527.47150163401, 557.92094974071, 571.09839793831, 588.12926030641, 610.0107868756099]
