Avion: 4      Iteracion: 63

Num Ruta: 51
Ingresos: 54000.0
Costos: 156.558567941
Utilidad Ruta: 53843.4414321
Costo Reducido: 6.11331364443
Nodos: [104, 1, 36, 3, 38, 23, 18, 53, 58, 28, 63, 714]
q: [0.0, 7.0, -7.0, 15.0, -15.0, 10.0, 5.0, -5.0, -10.0, 8.0, -8.0, 0.0]
Q: [0.0, 7.0, 0.0, 15.0, 0.0, 10.0, 15.0, 10.0, 0.0, 8.0, 0.0, 0.0]
B: [0.0, 175.0, 209.2400855285, 256.0, 261.08428175852, 267.0, 293.0, 316.8182362487, 326.74376782137, 378.0, 414.0266187839, 421.45963499537]
