Avion: 6      Iteracion: 5

Num Ruta: 7
Ingresos: 127200.0
Costos: 599.145769932
Utilidad Ruta: 126600.85423
Costo Reducido: 109337.995868
Nodos: [106, 17, 52, 24, 9, 44, 59, 14, 49, 1, 36, 23, 58, 18, 53, 28, 32, 63, 67, 15, 50, 20, 27, 62, 55, 33, 68, 716]
q: [0.0, 5.0, -5.0, 4.0, 11.0, -11.0, -4.0, 8.0, -8.0, 7.0, -7.0, 10.0, -10.0, 11.0, -11.0, 8.0, 6.0, -8.0, -6.0, 11.0, -11.0, 10.0, 5.0, -5.0, -10.0, 10.0, -10.0, 0.0]
Q: [0.0, 5.0, 0.0, 4.0, 15.0, 4.0, 0.0, 8.0, 0.0, 7.0, 0.0, 10.0, 0.0, 11.0, 0.0, 8.0, 14.0, 6.0, 0.0, 11.0, 0.0, 10.0, 15.0, 10.0, 0.0, 10.0, 0.0, 0.0]
B: [0.0, 24.0, 58.8425537813, 75.400837086, 81.83771412381999, 111.36495112632, 136.42051454042, 165.06688383911998, 177.08859561411998, 212.77032483231997, 247.01041036081998, 267.0, 306.733842905, 332.1731543147, 355.9913905634, 378.0, 422.0, 445.4551085267, 472.0058669528, 511.0, 527.4211666151, 533.55501866744, 557.04922254844, 574.0800849165399, 590.2378507274399, 601.0596500695399, 624.3631613071399, 660.4166578088399]
