Avion: 5      Iteracion: 51

Num Ruta: 44
Ingresos: 43200.0
Costos: 208.293517912
Utilidad Ruta: 42991.7064821
Costo Reducido: 7.05701415512
Nodos: [105, 34, 69, 20, 4, 39, 55, 2, 37, 715]
q: [0, 12.0, -12.0, 10.0, 5.0, -5.0, -10.0, 9.0, -9.0, 0]
Q: [0, 12.0, 0.0, 10.0, 15.0, 10.0, 0.0, 9.0, 0.0, 0]
B: [0.0, 283.0, 323.947598037, 496.0, 529.0, 549.4257496801999, 561.2869729308, 568.6172701962599, 609.35223224366, 623.98666813986]
