Avion: 6      Iteracion: 49

Num Ruta: 37
Ingresos: 14400.0
Costos: 63.9745369637
Utilidad Ruta: 14336.025463
Costo Reducido: 9.32690830698
Nodos: [106, 10, 45, 716]
q: [0, 12.0, -12.0, 0]
Q: [0, 12.0, 0.0, 0]
B: [0.0, 96.0, 125.5195107344, 156.5654648025]
