Avion: 5      Iteracion: 17

Num Ruta: 18
Ingresos: 38400.0
Costos: 241.311811877
Utilidad Ruta: 38158.6881881
Costo Reducido: 67.4704693422
Nodos: [105, 1, 36, 34, 69, 21, 56, 715]
q: [0, 7.0, -7.0, 12.0, -12.0, 13.0, -13.0, 0]
Q: [0, 7.0, 0.0, 12.0, 0.0, 13.0, 0.0, 0]
B: [0.0, 175.0, 209.2400855285, 283.0, 323.947598037, 477.0, 517.7387906792, 555.8813285207999]
