Avion: 3      Iteracion: 37

Num Ruta: 37
Ingresos: 68400.0
Costos: 199.793207774
Utilidad Ruta: 68200.2067922
Costo Reducido: 8.9100837111
Nodos: [103, 14, 49, 23, 18, 53, 58, 13, 48, 29, 64, 33, 68, 713]
q: [0.0, 8.0, -8.0, 4.0, 11.0, -11.0, -4.0, 15.0, -15.0, 9.0, -9.0, 10.0, -10.0, 0.0]
Q: [0.0, 8.0, 0.0, 4.0, 15.0, 4.0, 0.0, 15.0, 0.0, 9.0, 0.0, 10.0, 0.0, 0.0]
B: [0.0, 112.0, 124.021711775, 267.0, 293.0, 316.8182362487, 326.74376782137, 423.0, 439.88315095, 549.0, 582.7797797802, 591.6312714624, 614.9347827, 628.3903772614]
