Avion: 2      Iteracion: 28

Num Ruta: 29
Ingresos: 84000.0
Costos: 218.87804828
Utilidad Ruta: 83781.1219517
Costo Reducido: 9.62896070471
Nodos: [102, 9, 44, 14, 49, 3, 38, 23, 18, 53, 58, 22, 57, 15, 50, 712]
q: [0.0, 11.0, -11.0, 8.0, -8.0, 15.0, -15.0, 10.0, 5.0, -5.0, -10.0, 10.0, -10.0, 11.0, -11.0, 0.0]
Q: [0.0, 11.0, 0.0, 8.0, 0.0, 15.0, 0.0, 10.0, 15.0, 10.0, 0.0, 10.0, 0.0, 11.0, 0.0, 0.0]
B: [0.0, 28.0, 57.5272370025, 112.0, 124.021711775, 256.0, 261.08428175852, 267.0, 293.0, 316.8182362487, 326.74376782137, 342.50019181287, 364.25487795177, 511.0, 527.4211666151, 534.86056773347]
