Avion: 5      Iteracion: 54

Num Ruta: 47
Ingresos: 43200.0
Costos: 164.079156426
Utilidad Ruta: 43035.9208436
Costo Reducido: 5.96416124705
Nodos: [105, 22, 57, 18, 53, 29, 27, 64, 62, 715]
q: [0, 10.0, -10.0, 11.0, -11.0, 9.0, 6.0, -9.0, -6.0, 0]
Q: [0, 10.0, 0.0, 11.0, 0.0, 9.0, 15.0, 6.0, 0.0, 0]
B: [0.0, 299.0, 320.7546861389, 334.15512273630003, 357.973358985, 549.0, 574.6018082369, 582.8182362320799, 598.26561380888, 620.1471403780799]
