Avion: 6      Iteracion: 11

Num Ruta: 13
Ingresos: 73200.0
Costos: 315.782272192
Utilidad Ruta: 72884.2177278
Costo Reducido: 476.787359109
Nodos: [106, 17, 52, 14, 49, 3, 38, 35, 70, 8, 32, 43, 67, 21, 56, 716]
q: [0, 5.0, -5.0, 8.0, -8.0, 15.0, -15.0, 6.0, -6.0, 8.0, 6.0, -8.0, -6.0, 13.0, -13.0, 0]
Q: [0, 5.0, 0.0, 8.0, 0.0, 15.0, 0.0, 6.0, 0.0, 8.0, 14.0, 6.0, 0.0, 13.0, 0.0, 0]
B: [0.0, 24.0, 58.8425537813, 112.0, 124.021711775, 256.0, 261.08428175852, 304.88260501412, 324.79548840651995, 414.0, 425.4468981388, 447.8266328334, 463.87573156200006, 482.2876631554001, 523.0264538346, 561.472075809]
