Avion: 3      Iteracion: 30

Num Ruta: 32
Ingresos: 115200.0
Costos: 431.170085071
Utilidad Ruta: 114768.829915
Costo Reducido: 97.0387943289
Nodos: [103, 12, 47, 1, 36, 23, 18, 53, 58, 22, 57, 19, 8, 54, 43, 21, 15, 50, 20, 56, 55, 33, 68, 713]
q: [0.0, 14.0, -14.0, 7.0, -7.0, 10.0, 5.0, -5.0, -10.0, 10.0, -10.0, 7.0, 8.0, -7.0, -8.0, 5.0, 10.0, -10.0, 10.0, -5.0, -10.0, 10.0, -10.0, 0.0]
Q: [0.0, 14.0, 0.0, 7.0, 0.0, 10.0, 15.0, 10.0, 0.0, 10.0, 0.0, 7.0, 15.0, 8.0, 0.0, 5.0, 15.0, 5.0, 15.0, 10.0, 0.0, 10.0, 0.0, 0.0]
B: [0.0, 54.0, 97.347924264, 175.0, 209.2400855285, 267.0, 293.0, 316.8182362487, 326.74376782137, 342.50019181287, 364.25487795177, 402.0, 425.1608815463, 443.1178409771, 446.04596016866, 477.0, 511.0, 527.4211666151, 533.55501866744, 569.98031038894, 590.57973101184, 601.40153035394, 624.70504159154, 638.1606361529399]
