Avion: 1      Iteracion: 12

Num Ruta: 15
Ingresos: 138000.0
Costos: 463.093749499
Utilidad Ruta: 137536.906251
Costo Reducido: 311.840123983
Nodos: [101, 16, 51, 17, 52, 30, 65, 14, 49, 3, 38, 18, 34, 53, 69, 28, 63, 25, 19, 60, 54, 5, 40, 4, 20, 39, 55, 711]
q: [0.0, 11.0, -11.0, 5.0, -5.0, 11.0, -11.0, 8.0, -8.0, 15.0, -15.0, 3.0, 12.0, -3.0, -12.0, 8.0, -8.0, 8.0, 7.0, -8.0, -7.0, 12.0, -12.0, 5.0, 10.0, -5.0, -10.0, 0.0]
Q: [0.0, 11.0, 0.0, 5.0, 0.0, 11.0, 0.0, 8.0, 0.0, 15.0, 0.0, 3.0, 15.0, 12.0, 0.0, 8.0, 0.0, 8.0, 15.0, 7.0, 0.0, 12.0, 0.0, 5.0, 15.0, 10.0, 0.0, 0.0]
B: [0.0, 36.0, 45.624091437640004, 78.34191948294, 113.18447326424, 116.32892774793, 135.04295040473, 162.83889106163, 174.86060283663, 256.0, 261.08428175852, 293.0, 316.7154937119, 344.9475311871, 360.10016082690004, 378.0, 414.0266187839, 417.35999740026, 426.75200464046, 443.42489632125995, 460.21175275715996, 469.0, 470.12168890518, 529.0, 539.279151035, 569.6591407651, 581.5203640157, 621.3807550073]
