Avion: 5      Iteracion: 47

Num Ruta: 41
Ingresos: 26400.0
Costos: 127.654382038
Utilidad Ruta: 26272.345618
Costo Reducido: 1.11084968263
Nodos: [105, 1, 36, 7, 4, 42, 39, 715]
q: [0, 7.0, -7.0, 10.0, 5.0, -10.0, -5.0, 0]
Q: [0, 7.0, 0.0, 10.0, 15.0, 5.0, 0.0, 0]
B: [0.0, 175.0, 209.2400855285, 517.0, 529.0, 548.2723609867, 549.43273506431, 576.47994785971]
