Avion: 7      Iteracion: 42

Num Ruta: 39
Ingresos: 51600.0
Costos: 158.100554922
Utilidad Ruta: 51441.8994451
Costo Reducido: 16.557324902
Nodos: [107, 16, 51, 9, 44, 19, 8, 54, 43, 27, 62, 717]
q: [0, 11.0, -11.0, 11.0, -11.0, 7.0, 8.0, -7.0, -8.0, 6.0, -6.0, 0]
Q: [0, 11.0, 0.0, 11.0, 0.0, 7.0, 15.0, 8.0, 0.0, 6.0, 0.0, 0]
B: [0.0, 36.0, 45.624091437640004, 75.68094759394, 105.20818459644, 402.0, 425.1608815463, 443.1178409771, 446.04596016866, 538.0, 555.0308623681, 555.940030119398]
