Avion: 2      Iteracion: 3

Num Ruta: 7
Ingresos: 141600.0
Costos: 512.478006811
Utilidad Ruta: 141087.521993
Costo Reducido: 94206.2510316
Nodos: [102, 9, 24, 44, 12, 59, 47, 1, 31, 66, 36, 3, 38, 34, 69, 25, 60, 19, 32, 54, 13, 67, 48, 15, 21, 50, 4, 39, 56, 712]
q: [0.0, 11.0, 4.0, -11.0, 11.0, -4.0, -11.0, 7.0, 6.0, -6.0, -7.0, 15.0, -15.0, 12.0, -12.0, 10.0, -10.0, 7.0, 6.0, -7.0, 9.0, -6.0, -9.0, 11.0, 4.0, -11.0, 5.0, -5.0, -4.0, 0.0]
Q: [0.0, 11.0, 15.0, 4.0, 15.0, 11.0, 0.0, 7.0, 13.0, 7.0, 0.0, 15.0, 0.0, 12.0, 0.0, 10.0, 0.0, 7.0, 13.0, 6.0, 15.0, 9.0, 0.0, 11.0, 15.0, 4.0, 9.0, 4.0, 0.0, 0.0]
B: [0.0, 28.0, 61.0, 85.1402498951, 95.9272866522, 129.9734558934, 145.9056934638, 175.0, 183.89376197118, 197.19937597428, 230.76046369508, 256.0, 261.08428175852, 302.35708151811997, 343.30467955511995, 410.0, 427.1849823101, 443.8578739909, 455.57278862989995, 475.14525932219993, 479.37287862861996, 493.21505840642, 497.28600878686, 517.24303454226, 522.9152680529701, 533.71453617627, 539.2892154495601, 559.71496512976, 576.51790954436, 614.23939070566]
