Avion: 5      Iteracion: 63

Num Ruta: 52
Ingresos: 43200.0
Costos: 157.721007305
Utilidad Ruta: 43042.2789927
Costo Reducido: 4.45897905137
Nodos: [105, 15, 50, 20, 7, 42, 55, 33, 68, 715]
q: [0.0, 11.0, -11.0, 10.0, 5.0, -5.0, -10.0, 10.0, -10.0, 0.0]
Q: [0.0, 11.0, 0.0, 10.0, 15.0, 10.0, 0.0, 10.0, 0.0, 0.0]
B: [0.0, 511.0, 527.4211666151, 533.55501866744, 542.2979730879999, 570.8392849008999, 583.8029694465998, 594.6247687886998, 617.9282800262998, 641.5508673527999]
