Avion: 6      Iteracion: 21

Num Ruta: 22
Ingresos: 132000.0
Costos: 424.036721749
Utilidad Ruta: 131575.963278
Costo Reducido: 78.0046059178
Nodos: [106, 17, 30, 52, 16, 51, 65, 24, 59, 1, 36, 3, 38, 23, 18, 53, 58, 13, 32, 67, 48, 29, 27, 64, 33, 62, 68, 716]
q: [0.0, 5.0, 4.0, -5.0, 11.0, -11.0, -4.0, 14.0, -14.0, 7.0, -7.0, 15.0, -15.0, 4.0, 11.0, -11.0, -4.0, 9.0, 6.0, -6.0, -9.0, 9.0, 5.0, -9.0, 10.0, -5.0, -10.0, 0.0]
Q: [0.0, 5.0, 9.0, 4.0, 15.0, 4.0, 0.0, 14.0, 0.0, 7.0, 0.0, 15.0, 0.0, 4.0, 15.0, 4.0, 0.0, 9.0, 15.0, 9.0, 0.0, 9.0, 14.0, 5.0, 15.0, 10.0, 0.0, 0.0]
B: [0.0, 24.0, 64.0, 67.14445448369, 72.47609381883, 82.10018525647, 84.97134181786, 109.70531270816, 148.21826301066, 175.0, 209.2400855285, 256.0, 261.08428175852, 267.0, 293.0, 316.8182362487, 326.74376782137, 423.0, 445.6608668854, 473.51822270030004, 477.58917308074007, 549.0, 574.6018082369, 582.8182362320799, 591.66972791428, 605.51689791398, 626.08369020158, 662.13718670328]
