Avion: 4      Iteracion: 55

Num Ruta: 47
Ingresos: 111600.0
Costos: 335.808829571
Utilidad Ruta: 111264.19117
Costo Reducido: 8.14773140405
Nodos: [104, 14, 49, 3, 38, 23, 18, 53, 58, 22, 57, 32, 19, 54, 13, 67, 48, 21, 56, 33, 68, 714]
q: [0.0, 8.0, -8.0, 15.0, -15.0, 10.0, 5.0, -5.0, -10.0, 10.0, -10.0, 6.0, 7.0, -7.0, 9.0, -6.0, -9.0, 13.0, -13.0, 10.0, -10.0, 0.0]
Q: [0.0, 8.0, 0.0, 15.0, 0.0, 10.0, 15.0, 10.0, 0.0, 10.0, 0.0, 6.0, 13.0, 6.0, 15.0, 9.0, 0.0, 13.0, 0.0, 10.0, 0.0, 0.0]
B: [0.0, 112.0, 124.021711775, 256.0, 261.08428175852, 267.0, 293.0, 316.8182362487, 326.74376782137, 342.50019181287, 364.25487795177, 422.0, 433.71491463899997, 460.34203093049996, 464.56965023692, 478.41183001472, 482.48278039516003, 497.99417678616004, 538.73296746536, 562.0, 585.3035112376, 618.4436307455]
