Avion: 3      Iteracion: 31

Num Ruta: 33
Ingresos: 110400.0
Costos: 355.798660258
Utilidad Ruta: 110044.20134
Costo Reducido: 95.7499893979
Nodos: [103, 12, 47, 10, 45, 1, 36, 3, 38, 8, 19, 54, 43, 13, 48, 29, 4, 64, 39, 713]
q: [0, 14.0, -14.0, 12.0, -12.0, 7.0, -7.0, 15.0, -15.0, 8.0, 7.0, -7.0, -8.0, 15.0, -15.0, 9.0, 5.0, -9.0, -5.0, 0]
Q: [0, 14.0, 0.0, 12.0, 0.0, 7.0, 0.0, 15.0, 0.0, 8.0, 15.0, 8.0, 0.0, 15.0, 0.0, 9.0, 14.0, 5.0, 0.0, 0]
B: [0.0, 54.0, 97.347924264, 106.06569462115, 135.58520535555, 175.0, 209.2400855285, 256.0, 261.08428175852, 414.0, 437.1608815463, 463.7879978378, 466.71611702935996, 468.92679317026995, 485.80994412026996, 549.0, 569.7100026316, 592.5834067727, 604.8024778094, 621.3733996003]
