Avion: 7      Iteracion: 3

Num Ruta: 6
Ingresos: 90000.0
Costos: 346.654270045
Utilidad Ruta: 89653.34573
Costo Reducido: 85100.8609235
Nodos: [107, 24, 59, 30, 65, 3, 38, 34, 69, 25, 60, 21, 56, 717]
q: [0, 14.0, -14.0, 11.0, -11.0, 15.0, -15.0, 12.0, -12.0, 10.0, -10.0, 13.0, -13.0, 0]
Q: [0, 14.0, 0.0, 11.0, 0.0, 15.0, 0.0, 12.0, 0.0, 10.0, 0.0, 13.0, 0.0, 0]
B: [0.0, 61.0, 99.5129503025, 119.7810717004, 138.4950943572, 256.0, 261.08428175852, 302.35708151811997, 343.30467955511995, 410.0, 427.1849823101, 477.0, 517.7387906792, 539.5093224136]
