Avion: 2      Iteracion: 27

Num Ruta: 28
Ingresos: 120000.0
Costos: 372.242059462
Utilidad Ruta: 119627.757941
Costo Reducido: 97.4493708986
Nodos: [102, 12, 47, 10, 45, 35, 70, 18, 57, 22, 53, 25, 19, 60, 54, 5, 40, 6, 41, 27, 2, 62, 37, 712]
q: [0.0, 14.0, -14.0, 12.0, -12.0, 6.0, -6.0, 11.0, -10.0, 10.0, -11.0, 10.0, 5.0, -10.0, -5.0, 12.0, -12.0, 5.0, -5.0, 6.0, 9.0, -6.0, -9.0, 0.0]
Q: [0.0, 14.0, 0.0, 12.0, 0.0, 6.0, 0.0, 11.0, 1.0, 11.0, 0.0, 10.0, 15.0, 5.0, 0.0, 12.0, 0.0, 5.0, 0.0, 6.0, 15.0, 9.0, 0.0, 0.0]
B: [0.0, 54.0, 97.347924264, 106.06569462115, 135.58520535555, 279.0, 298.9128833924, 321.80373678409995, 335.20417338149997, 356.9588595204, 372.4417069329, 410.0, 419.3920072402, 436.06489892099995, 452.85175535689996, 469.0, 470.12168890518, 486.34528175638, 490.03757115457, 538.0, 563.7839683718, 575.2360414592, 604.5765718055, 607.4308671651299]
