Avion: 7      Iteracion: 0

Num Ruta: 1
Ingresos: 72000.0
Costos: 244.229449849
Utilidad Ruta: 71755.7705502
Costo Reducido: -
Nodos: [107, 16, 51, 9, 44, 30, 65, 35, 70, 26, 61, 8, 43, 717]
q: [0, 11.0, -11.0, 11.0, -11.0, 11.0, -11.0, 6.0, -6.0, 13.0, -13.0, 8.0, -8.0, 0]
Q: [0, 11.0, 0.0, 11.0, 0.0, 11.0, 0.0, 6.0, 0.0, 13.0, 0.0, 8.0, 0.0, 0]
B: [0.0, 36.0, 45.624091437640004, 75.68094759394, 105.20818459644, 120.99608493184, 139.71010758864, 279.0, 298.9128833924, 308.20588877279, 325.78511674219, 414.0, 434.768396616, 446.7501249137]
