Avion: 3      Iteracion: 13

Num Ruta: 16
Ingresos: 12000.0
Costos: 48.5116302387
Utilidad Ruta: 11951.4883698
Costo Reducido: 60.2061596692
Nodos: [103, 22, 57, 713]
q: [0, 10.0, -10.0, 0]
Q: [0, 10.0, 0.0, 0]
B: [0.0, 299.0, 320.7546861389, 342.5640351663]
