Avion: 2      Iteracion: 51

Num Ruta: 47
Ingresos: 49200.0
Costos: 207.869691681
Utilidad Ruta: 48992.1303083
Costo Reducido: 10.716374746
Nodos: [102, 12, 47, 6, 41, 21, 56, 2, 37, 712]
q: [0, 14.0, -14.0, 5.0, -5.0, 13.0, -13.0, 9.0, -9.0, 0]
Q: [0, 14.0, 0.0, 5.0, 0.0, 13.0, 0.0, 9.0, 0.0, 0]
B: [0.0, 54.0, 97.347924264, 436.0, 439.69228939819, 477.0, 517.7387906792, 541.5898044103, 582.3247664577, 585.17906181733]
