Avion: 6      Iteracion: 34

Num Ruta: 32
Ingresos: 24000.0
Costos: 85.6751547949
Utilidad Ruta: 23914.3248452
Costo Reducido: 4.85095758012
Nodos: [106, 17, 30, 52, 16, 51, 65, 716]
q: [0.0, 5.0, 10.0, -5.0, 5.0, -5.0, -10.0, 0.0]
Q: [0.0, 5.0, 15.0, 10.0, 15.0, 10.0, 0.0, 0.0]
B: [0.0, 24.0, 64.0, 67.14445448369, 72.47609381883, 82.10018525647, 84.97134181786, 99.64553907016]
