Avion: 2      Iteracion: 31

Num Ruta: 32
Ingresos: 43200.0
Costos: 150.277407599
Utilidad Ruta: 43049.7225924
Costo Reducido: 15.5183566336
Nodos: [102, 12, 47, 1, 36, 3, 38, 712]
q: [0, 14.0, -14.0, 7.0, -7.0, 15.0, -15.0, 0]
Q: [0, 14.0, 0.0, 7.0, 0.0, 15.0, 0.0, 0]
B: [0.0, 54.0, 97.347924264, 175.0, 209.2400855285, 256.0, 261.08428175852, 293.78006566102]
