Avion: 2      Iteracion: 35

Num Ruta: 34
Ingresos: 42000.0
Costos: 154.049029751
Utilidad Ruta: 41845.9509702
Costo Reducido: 17.6404843688
Nodos: [102, 12, 47, 22, 57, 18, 53, 712]
q: [0, 14.0, -14.0, 10.0, -10.0, 11.0, -11.0, 0]
Q: [0, 14.0, 0.0, 10.0, 0.0, 11.0, 0.0, 0]
B: [0.0, 54.0, 97.347924264, 299.0, 320.7546861389, 334.15512273630003, 357.973358985, 374.8460826833]
