Avion: 5      Iteracion: 10

Num Ruta: 12
Ingresos: 73200.0
Costos: 327.565868294
Utilidad Ruta: 72872.4341317
Costo Reducido: 1140.24981801
Nodos: [105, 30, 65, 11, 46, 34, 69, 6, 41, 2, 27, 37, 62, 33, 68, 715]
q: [0, 11.0, -11.0, 8.0, -8.0, 12.0, -12.0, 5.0, -5.0, 9.0, 6.0, -9.0, -6.0, 10.0, -10.0, 0]
Q: [0, 11.0, 0.0, 8.0, 0.0, 12.0, 0.0, 5.0, 0.0, 9.0, 15.0, 6.0, 0.0, 10.0, 0.0, 0]
B: [0.0, 64.0, 82.7140226568, 169.0, 173.05406684701, 283.0, 323.947598037, 436.0, 439.69228939819, 522.0, 547.7839683718, 572.749620336, 602.0901506823, 615.937320682, 639.2408319195999, 662.8634192461]
