Avion: 6      Iteracion: 30

Num Ruta: 30
Ingresos: 24000.0
Costos: 85.6751547949
Utilidad Ruta: 23914.3248452
Costo Reducido: 6.36332727728
Nodos: [106, 17, 30, 52, 16, 51, 65, 716]
q: [0.0, 5.0, 4.0, -5.0, 11.0, -11.0, -4.0, 0.0]
Q: [0.0, 5.0, 9.0, 4.0, 15.0, 4.0, 0.0, 0.0]
B: [0.0, 24.0, 64.0, 67.14445448369, 72.47609381883, 82.10018525647, 84.97134181786, 99.64553907016]
