Avion: 6      Iteracion: 2

Num Ruta: 4
Ingresos: 156000.0
Costos: 663.0958933
Utilidad Ruta: 155336.904107
Costo Reducido: 114772.704728
Nodos: [106, 17, 52, 12, 47, 14, 49, 1, 36, 34, 69, 26, 61, 19, 32, 67, 54, 13, 48, 5, 40, 7, 4, 42, 27, 62, 39, 33, 68, 716]
q: [0, 5.0, -5.0, 14.0, -14.0, 8.0, -8.0, 7.0, -7.0, 12.0, -12.0, 13.0, -13.0, 7.0, 6.0, -6.0, -7.0, 15.0, -15.0, 12.0, -12.0, 10.0, 5.0, -10.0, 6.0, -6.0, -5.0, 10.0, -10.0, 0]
Q: [0, 5.0, 0.0, 14.0, 0.0, 8.0, 0.0, 7.0, 0.0, 12.0, 0.0, 13.0, 0.0, 7.0, 13.0, 7.0, 0.0, 15.0, 0.0, 12.0, 0.0, 10.0, 15.0, 5.0, 11.0, 5.0, 0.0, 10.0, 0.0, 0]
B: [0.0, 24.0, 58.8425537813, 78.5512475229, 121.8991717869, 158.4184055686, 170.4401173436, 206.1218465618, 240.3619320903, 283.461313826, 324.40891186299996, 358.48398793039996, 376.06321589979996, 406.9150901539999, 422.0, 449.8573558149, 466.9847322631, 471.21235156952, 488.09550251952004, 515.35978562032, 516.4814745255001, 538.1998811429, 548.5632544354, 567.8356154221001, 583.6753902942, 600.7062526623, 606.12151119722, 614.69297664952, 637.99648788712, 674.04998438882]
