Avion: 1      Iteracion: 15

Num Ruta: 18
Ingresos: 9600.0
Costos: 69.563227379
Utilidad Ruta: 9530.43677262
Costo Reducido: 39.0296589367
Nodos: [101, 8, 43, 711]
q: [0, 8.0, -8.0, 0]
Q: [0, 8.0, 0.0, 0]
B: [0.0, 414.0, 434.768396616, 459.369772045]
