Avion: 1      Iteracion: 14

Num Ruta: 17
Ingresos: 134400.0
Costos: 453.312650767
Utilidad Ruta: 133946.687349
Costo Reducido: 162.399063149
Nodos: [101, 16, 51, 10, 45, 1, 31, 66, 36, 23, 18, 53, 58, 26, 61, 8, 6, 41, 43, 13, 48, 29, 15, 50, 4, 39, 64, 711]
q: [0.0, 11.0, -11.0, 12.0, -12.0, 7.0, 6.0, -6.0, -7.0, 4.0, 11.0, -11.0, -4.0, 13.0, -13.0, 8.0, 5.0, -5.0, -8.0, 15.0, -15.0, 9.0, 6.0, -6.0, 5.0, -5.0, -9.0, 0.0]
Q: [0.0, 11.0, 0.0, 12.0, 0.0, 7.0, 13.0, 7.0, 0.0, 4.0, 15.0, 4.0, 0.0, 13.0, 0.0, 8.0, 13.0, 8.0, 0.0, 15.0, 0.0, 9.0, 15.0, 9.0, 14.0, 9.0, 0.0, 0.0]
B: [0.0, 36.0, 45.624091437640004, 96.0, 125.5195107344, 175.0, 183.89376197118, 197.19937597428, 230.76046369508, 267.0, 293.0, 316.8182362487, 326.74376782137, 346.43014059547, 364.00936856487, 414.0, 441.9144979715, 445.60678736969, 458.47278985688996, 460.68346599779994, 477.56661694779996, 549.0, 562.9414599307, 579.3626265458, 584.93730581909, 605.3630554992901, 617.5821265359901, 638.4331536569902]
