Avion: 4      Iteracion: 45

Num Ruta: 40
Ingresos: 40800.0
Costos: 165.853727599
Utilidad Ruta: 40634.1462724
Costo Reducido: 0.589331954237
Nodos: [104, 17, 30, 52, 16, 51, 65, 24, 59, 714]
q: [0.0, 5.0, 10.0, -5.0, 5.0, -5.0, -10.0, 14.0, -14.0, 0.0]
Q: [0.0, 5.0, 15.0, 10.0, 15.0, 10.0, 0.0, 14.0, 0.0, 0.0]
B: [0.0, 24.0, 64.0, 67.14445448369, 72.47609381883, 82.10018525647, 84.97134181786, 109.70531270816, 148.21826301066, 179.00127204166]
