Avion: 1      Iteracion: 13

Num Ruta: 16
Ingresos: 75600.0
Costos: 307.814007252
Utilidad Ruta: 75292.1859927
Costo Reducido: 109.381273262
Nodos: [101, 9, 44, 12, 47, 31, 11, 66, 46, 22, 57, 29, 4, 39, 64, 711]
q: [0, 11.0, -11.0, 14.0, -14.0, 6.0, 8.0, -6.0, -8.0, 10.0, -10.0, 9.0, 5.0, -5.0, -9.0, 0]
Q: [0, 11.0, 0.0, 14.0, 0.0, 6.0, 14.0, 8.0, 0.0, 10.0, 0.0, 9.0, 14.0, 9.0, 0.0, 0]
B: [0.0, 35.5033292242, 65.0305662267, 75.8176029838, 119.1655272478, 140.0828606343, 169.0, 169.478878899097, 173.173257466597, 299.0, 320.7546861389, 549.0, 569.7100026316, 590.1357523117999, 602.3548233485, 623.2058504695]
