Avion: 4      Iteracion: 0

Num Ruta: 1
Ingresos: 70800.0
Costos: 270.522540042
Utilidad Ruta: 70529.47746
Costo Reducido: -
Nodos: [104, 11, 46, 3, 38, 23, 58, 18, 53, 28, 63, 19, 54, 714]
q: [0, 8.0, -8.0, 15.0, -15.0, 10.0, -10.0, 11.0, -11.0, 8.0, -8.0, 7.0, -7.0, 0]
Q: [0, 8.0, 0.0, 15.0, 0.0, 10.0, 0.0, 11.0, 0.0, 8.0, 0.0, 7.0, 0.0, 0]
B: [0.0, 169.0, 173.05406684701, 256.0, 261.08428175852, 267.0, 306.733842905, 332.1731543147, 355.9913905634, 378.0, 414.0266187839, 426.5624120576, 453.1895283491, 490.8158559004]
