Avion: 1      Iteracion: 51

Num Ruta: 43
Ingresos: 51600.0
Costos: 152.642855624
Utilidad Ruta: 51447.3571444
Costo Reducido: 6.01067233089
Nodos: [101, 26, 61, 6, 41, 5, 40, 21, 56, 711]
q: [0, 13.0, -13.0, 5.0, -5.0, 12.0, -12.0, 13.0, -13.0, 0]
Q: [0, 13.0, 0.0, 5.0, 0.0, 12.0, 0.0, 13.0, 0.0, 0]
B: [0.0, 300.0, 317.5792279694, 436.0, 439.69228939819, 469.0, 470.12168890518, 498.36127928818, 539.10006996738, 558.88001941118]
