Avion: 7      Iteracion: 21

Num Ruta: 23
Ingresos: 25200.0
Costos: 124.772070679
Utilidad Ruta: 25075.2279293
Costo Reducido: 30.2386635587
Nodos: [107, 24, 59, 1, 36, 717]
q: [0, 14.0, -14.0, 7.0, -7.0, 0]
Q: [0, 14.0, 0.0, 7.0, 0.0, 0]
B: [0.0, 61.0, 99.5129503025, 175.0, 209.2400855285, 228.59878600140001]
