Avion: 2      Iteracion: 23

Num Ruta: 24
Ingresos: 52800.0
Costos: 211.396438999
Utilidad Ruta: 52588.603561
Costo Reducido: 32.6488094277
Nodos: [102, 14, 49, 11, 46, 34, 69, 22, 57, 32, 67, 712]
q: [0, 8.0, -8.0, 8.0, -8.0, 12.0, -12.0, 10.0, -10.0, 6.0, -6.0, 0]
Q: [0, 8.0, 0.0, 8.0, 0.0, 12.0, 0.0, 10.0, 0.0, 6.0, 0.0, 0]
B: [0.0, 112.0, 124.021711775, 169.0, 173.05406684701, 283.0, 323.947598037, 353.69889745399996, 375.4535835929, 422.0, 449.8573558149, 466.72619412700004]
