Avion: 1      Iteracion: 49

Num Ruta: 42
Ingresos: 61200.0
Costos: 191.385000259
Utilidad Ruta: 61008.6149997
Costo Reducido: 10.2505130735
Nodos: [101, 24, 59, 31, 11, 66, 46, 25, 60, 21, 56, 711]
q: [0, 14.0, -14.0, 6.0, 8.0, -6.0, -8.0, 10.0, -10.0, 13.0, -13.0, 0]
Q: [0, 14.0, 0.0, 6.0, 14.0, 8.0, 0.0, 10.0, 0.0, 13.0, 0.0, 0]
B: [0.0, 61.0, 99.5129503025, 130.0, 169.0, 169.478878899097, 173.173257466597, 410.0, 427.1849823101, 477.0, 517.7387906792, 537.5187401229999]
