Avion: 2      Iteracion: 18

Num Ruta: 21
Ingresos: 110400.0
Costos: 356.006394411
Utilidad Ruta: 110043.993606
Costo Reducido: 66.9723201394
Nodos: [102, 9, 44, 12, 47, 26, 61, 32, 8, 43, 6, 41, 13, 67, 48, 15, 50, 29, 27, 64, 62, 712]
q: [0.0, 11.0, -11.0, 14.0, -14.0, 13.0, -13.0, 6.0, 8.0, -8.0, 5.0, -5.0, 9.0, -6.0, -9.0, 11.0, -11.0, 9.0, 6.0, -9.0, -6.0, 0.0]
Q: [0.0, 11.0, 0.0, 14.0, 0.0, 13.0, 0.0, 6.0, 14.0, 6.0, 11.0, 6.0, 15.0, 9.0, 0.0, 11.0, 0.0, 9.0, 15.0, 6.0, 0.0, 0.0]
B: [0.0, 28.0, 57.5272370025, 68.3142737596, 111.6621980236, 300.0, 317.5792279694, 422.0, 433.4468981388, 454.2152947548, 463.40596638423006, 467.09825578242004, 480.50832188962005, 494.3505016674201, 498.4214520478601, 518.3784778032601, 534.7996444183601, 549.9375212840602, 575.5393295209601, 583.7557575161401, 599.2031350929401, 626.6926109882401]
