Avion: 2      Iteracion: 17

Num Ruta: 20
Ingresos: 100800.0
Costos: 390.364156223
Utilidad Ruta: 100409.635844
Costo Reducido: 91.6434565344
Nodos: [102, 24, 59, 1, 36, 23, 35, 70, 58, 22, 57, 25, 60, 21, 56, 4, 7, 42, 39, 712]
q: [0.0, 14.0, -14.0, 7.0, -7.0, 9.0, 6.0, -6.0, -9.0, 10.0, -10.0, 10.0, -10.0, 13.0, -13.0, 5.0, 10.0, -10.0, -5.0, 0.0]
Q: [0.0, 14.0, 0.0, 7.0, 0.0, 9.0, 15.0, 9.0, 0.0, 10.0, 0.0, 10.0, 0.0, 13.0, 0.0, 5.0, 15.0, 5.0, 0.0, 0.0]
B: [0.0, 61.0, 99.5129503025, 175.0, 209.2400855285, 267.0, 307.4405515417, 327.3534349341, 339.9719804129, 355.7284044044, 377.4830905433, 410.0, 427.1849823101, 477.0, 517.7387906792, 546.9085880901999, 557.2719613826999, 585.8132731955999, 586.9736472732098, 618.5908087524099]
