Avion: 3      Iteracion: 49

Num Ruta: 45
Ingresos: 40800.0
Costos: 143.550313141
Utilidad Ruta: 40656.4496869
Costo Reducido: 8.57078428113
Nodos: [103, 14, 49, 18, 53, 29, 27, 64, 62, 713]
q: [0, 8.0, -8.0, 11.0, -11.0, 9.0, 6.0, -9.0, -6.0, 0]
Q: [0, 8.0, 0.0, 11.0, 0.0, 9.0, 15.0, 6.0, 0.0, 0]
B: [0.0, 112.0, 124.021711775, 293.0, 316.8182362487, 549.0, 574.6018082369, 582.8182362320799, 598.26561380888, 610.7086524248799]
