Avion: 1      Iteracion: 54

Num Ruta: 46
Ingresos: 30000.0
Costos: 108.79329266
Utilidad Ruta: 29891.2067073
Costo Reducido: 0.765321662762
Nodos: [101, 5, 40, 21, 56, 711]
q: [0, 12.0, -12.0, 13.0, -13.0, 0]
Q: [0, 12.0, 0.0, 13.0, 0.0, 0]
B: [0.0, 469.0, 470.12168890518, 498.36127928818, 539.10006996738, 558.88001941118]
