Avion: 4      Iteracion: 24

Num Ruta: 23
Ingresos: 124800.0
Costos: 357.707028607
Utilidad Ruta: 124442.292971
Costo Reducido: 79.820585543
Nodos: [104, 30, 16, 51, 65, 24, 59, 1, 31, 66, 11, 46, 36, 3, 38, 23, 35, 70, 26, 61, 58, 28, 63, 25, 60, 714]
q: [0.0, 11.0, 4.0, -4.0, -11.0, 14.0, -14.0, 7.0, 6.0, -6.0, 8.0, -8.0, -7.0, 15.0, -15.0, 9.0, 6.0, -6.0, 6.0, -6.0, -9.0, 8.0, -8.0, 10.0, -10.0, 0.0]
Q: [0.0, 11.0, 15.0, 11.0, 0.0, 14.0, 0.0, 7.0, 13.0, 7.0, 15.0, 7.0, 0.0, 15.0, 0.0, 9.0, 15.0, 9.0, 15.0, 9.0, 0.0, 8.0, 0.0, 10.0, 0.0, 0.0]
B: [0.0, 64.0, 72.20259129788, 81.82668273552001, 84.69783929691, 109.43181018721, 147.94476048971, 175.0, 183.89376197118, 197.19937597428, 197.678254873377, 201.732321720387, 236.048051058387, 256.0, 261.08428175852, 267.0, 307.4405515417, 327.3534349341, 336.64644031449, 354.22566828389, 357.29274066647, 378.0, 414.0266187839, 417.35999740026, 434.54497971036, 455.58571624686]
