Avion: 5      Iteracion: 46

Num Ruta: 40
Ingresos: 39600.0
Costos: 173.754705757
Utilidad Ruta: 39426.2452942
Costo Reducido: 24.7037036462
Nodos: [105, 1, 36, 18, 53, 29, 27, 64, 62, 715]
q: [0, 7.0, -7.0, 11.0, -11.0, 9.0, 6.0, -9.0, -6.0, 0]
Q: [0, 7.0, 0.0, 11.0, 0.0, 9.0, 15.0, 6.0, 0.0, 0]
B: [0.0, 175.0, 209.2400855285, 293.0, 316.8182362487, 549.0, 574.6018082369, 582.8182362320799, 598.26561380888, 620.1471403780799]
