Avion: 5      Iteracion: 4

Num Ruta: 7
Ingresos: 176400.0
Costos: 575.719972817
Utilidad Ruta: 175824.280027
Costo Reducido: 119423.437362
Nodos: [105, 16, 51, 30, 12, 65, 10, 47, 45, 3, 38, 23, 35, 70, 58, 22, 57, 19, 8, 54, 43, 6, 41, 13, 48, 15, 50, 7, 4, 42, 39, 2, 37, 715]
q: [0.0, 11.0, -11.0, 11.0, 4.0, -11.0, 11.0, -4.0, -11.0, 15.0, -15.0, 9.0, 6.0, -6.0, -9.0, 10.0, -10.0, 7.0, 8.0, -7.0, -8.0, 5.0, -5.0, 15.0, -15.0, 11.0, -11.0, 10.0, 5.0, -10.0, -5.0, 9.0, -9.0, 0.0]
Q: [0.0, 11.0, 0.0, 11.0, 15.0, 4.0, 15.0, 11.0, 0.0, 15.0, 0.0, 9.0, 15.0, 9.0, 0.0, 10.0, 0.0, 7.0, 15.0, 8.0, 0.0, 5.0, 0.0, 15.0, 0.0, 11.0, 0.0, 10.0, 15.0, 5.0, 0.0, 9.0, 0.0, 0.0]
B: [0.0, 36.0, 45.624091437640004, 64.0, 82.5310629215, 117.3578093817, 136.05085966779998, 144.76863002494997, 172.28316251234997, 256.0, 261.08428175852, 267.0, 307.4405515417, 327.3534349341, 339.9719804129, 355.7284044044, 377.4830905433, 402.0, 425.1608815463, 443.1178409771, 446.04596016866, 455.23663179809, 458.92892119628, 472.33898730348, 489.22213825348, 511.0, 527.4211666151, 538.3259061809999, 548.6892794734999, 567.9616404602, 569.12201453781, 578.57648104841, 619.31144309581, 633.94587899201]
