Avion: 5      Iteracion: 9

Num Ruta: 11
Ingresos: 110400.0
Costos: 550.471811193
Utilidad Ruta: 109849.528189
Costo Reducido: 57109.3425367
Nodos: [105, 24, 9, 12, 44, 59, 47, 11, 46, 23, 35, 58, 70, 26, 61, 25, 60, 32, 67, 6, 41, 4, 27, 39, 2, 62, 37, 715]
q: [0.0, 14.0, 1.0, 0.0, -1.0, -14.0, 0.0, 8.0, -8.0, 9.0, 6.0, -9.0, -6.0, 13.0, -13.0, 10.0, -10.0, 6.0, -6.0, 5.0, -5.0, 5.0, 6.0, -5.0, 9.0, -6.0, -9.0, 0.0]
Q: [0.0, 14.0, 15.0, 15.0, 14.0, 0.0, 0.0, 8.0, 0.0, 9.0, 15.0, 6.0, 0.0, 13.0, 0.0, 10.0, 0.0, 6.0, 0.0, 5.0, 0.0, 5.0, 11.0, 6.0, 15.0, 9.0, 0.0, 0.0]
B: [0.0, 61.0, 67.43687703782, 88.27160096212, 99.05863771922, 124.11420113332, 140.04643870371999, 172.97171727501998, 177.02578412203, 267.0, 307.4405515417, 336.9605871955, 349.5791326743, 358.87213805469, 376.45136602409, 410.39973277419, 427.58471508429, 446.12964452609, 473.98700034099, 494.37897211909, 498.07126151728, 529.0, 546.6147745373, 562.9655871165, 572.4200536271001, 583.8721267145, 613.2126570608, 627.847092957]
