Avion: 7      Iteracion: 17

Num Ruta: 19
Ingresos: 88800.0
Costos: 305.908420173
Utilidad Ruta: 88494.0915798
Costo Reducido: 90.9507203849
Nodos: [107, 31, 11, 66, 46, 34, 69, 22, 57, 8, 43, 6, 41, 5, 40, 21, 56, 717]
q: [0, 6.0, 8.0, -6.0, -8.0, 12.0, -12.0, 10.0, -10.0, 8.0, -8.0, 5.0, -5.0, 12.0, -12.0, 13.0, -13.0, 0]
Q: [0, 6.0, 14.0, 8.0, 0.0, 12.0, 0.0, 10.0, 0.0, 8.0, 0.0, 5.0, 0.0, 12.0, 0.0, 13.0, 0.0, 0]
B: [0.0, 130.0, 169.0, 169.478878899097, 173.173257466597, 283.0, 323.947598037, 353.69889745399996, 375.4535835929, 414.0, 434.768396616, 443.95906824543, 447.65135764362, 469.0, 470.12168890518, 498.36127928818, 539.10006996738, 560.8706017017801]
