Avion: 5      Iteracion: 40

Num Ruta: 35
Ingresos: 15600.0
Costos: 101.559832748
Utilidad Ruta: 15498.4401673
Costo Reducido: 3.59996463126
Nodos: [105, 21, 56, 715]
q: [0, 13.0, -13.0, 0]
Q: [0, 13.0, 0.0, 0]
B: [0.0, 477.0, 517.7387906792, 555.8813285207999]
