Avion: 7      Iteracion: 9

Num Ruta: 12
Ingresos: 64800.0
Costos: 305.999232301
Utilidad Ruta: 64494.0007677
Costo Reducido: 35145.4985818
Nodos: [107, 24, 59, 11, 46, 23, 58, 35, 70, 25, 60, 27, 62, 717]
q: [0, 14.0, -14.0, 8.0, -8.0, 10.0, -10.0, 6.0, -6.0, 10.0, -10.0, 6.0, -6.0, 0]
Q: [0, 14.0, 0.0, 8.0, 0.0, 10.0, 0.0, 6.0, 0.0, 10.0, 0.0, 6.0, 0.0, 0]
B: [0.0, 61.0, 99.5129503025, 169.0, 173.05406684701, 267.0, 306.733842905, 336.2538785588, 356.1667619512, 410.0, 427.1849823101, 538.0, 555.0308623681, 555.940030119398]
