Avion: 5      Iteracion: 5

Num Ruta: 8
Ingresos: 108000.0
Costos: 511.115213798
Utilidad Ruta: 107488.884786
Costo Reducido: 92506.177036
Nodos: [105, 17, 24, 52, 59, 14, 49, 1, 36, 23, 18, 53, 58, 28, 32, 63, 67, 15, 50, 20, 55, 33, 68, 715]
q: [0.0, 1.0, 14.0, -1.0, -14.0, 8.0, -8.0, 7.0, -7.0, 4.0, 11.0, -11.0, -4.0, 8.0, 6.0, -8.0, -6.0, 11.0, -11.0, 10.0, -10.0, 10.0, -10.0, 0.0]
Q: [0.0, 1.0, 15.0, 14.0, 0.0, 8.0, 0.0, 7.0, 0.0, 4.0, 15.0, 4.0, 0.0, 8.0, 14.0, 6.0, 0.0, 11.0, 0.0, 10.0, 0.0, 10.0, 0.0, 0.0]
B: [0.0, 24.0, 75.3872421521, 91.9455254568, 114.35807098379999, 143.00444028249998, 155.02615205749998, 190.70788127569998, 224.94796680419998, 267.0, 293.0, 316.8182362487, 326.74376782137, 378.0, 422.0, 445.4551085267, 472.0058669528, 511.0, 527.4211666151, 533.55501866744, 575.73216111454, 586.55396045664, 609.85747169424, 633.48005902074]
