Avion: 3      Iteracion: 20

Num Ruta: 22
Ingresos: 27600.0
Costos: 107.616902164
Utilidad Ruta: 27492.3830978
Costo Reducido: 32.4896844039
Nodos: [103, 21, 56, 33, 68, 713]
q: [0, 13.0, -13.0, 10.0, -10.0, 0]
Q: [0, 13.0, 0.0, 10.0, 0.0, 0]
B: [0.0, 477.0, 517.7387906792, 562.0, 585.3035112376, 598.7591057989999]
