Avion: 7      Iteracion: 6

Num Ruta: 9
Ingresos: 122400.0
Costos: 524.143312208
Utilidad Ruta: 121875.856688
Costo Reducido: 90124.6828615
Nodos: [107, 16, 51, 9, 44, 30, 65, 31, 11, 66, 46, 1, 36, 23, 58, 35, 70, 28, 63, 6, 41, 2, 37, 7, 42, 717]
q: [0, 11.0, -11.0, 11.0, -11.0, 11.0, -11.0, 6.0, 8.0, -6.0, -8.0, 7.0, -7.0, 10.0, -10.0, 6.0, -6.0, 8.0, -8.0, 5.0, -5.0, 9.0, -9.0, 10.0, -10.0, 0]
Q: [0, 11.0, 0.0, 11.0, 0.0, 11.0, 0.0, 6.0, 14.0, 8.0, 0.0, 7.0, 0.0, 10.0, 0.0, 6.0, 0.0, 8.0, 0.0, 5.0, 0.0, 9.0, 0.0, 10.0, 0.0, 0]
B: [0.0, 36.0, 45.624091437640004, 75.68094759394, 105.20818459644, 120.99608493184, 139.71010758864, 163.60450042464, 176.78722961854, 177.266108517637, 180.960487085137, 203.629938622437, 237.870024150937, 267.0, 306.733842905, 336.2538785588, 356.1667619512, 378.0, 414.0266187839, 456.7028030791, 460.39509247729, 522.0, 562.7349620474, 574.2416881674001, 602.7829999803, 607.74196529577]
