Avion: 4      Iteracion: 42

Num Ruta: 38
Ingresos: 141600.0
Costos: 424.935806502
Utilidad Ruta: 141175.064193
Costo Reducido: 8.09230922605
Nodos: [104, 17, 16, 51, 52, 14, 49, 3, 38, 23, 18, 53, 58, 22, 57, 8, 19, 54, 43, 13, 48, 21, 20, 55, 33, 56, 68, 714]
q: [0.0, 5.0, 10.0, -10.0, -5.0, 8.0, -8.0, 15.0, -15.0, 10.0, 5.0, -5.0, -10.0, 10.0, -10.0, 8.0, 7.0, -7.0, -8.0, 15.0, -15.0, 5.0, 10.0, -10.0, 10.0, -5.0, -10.0, 0.0]
Q: [0.0, 5.0, 15.0, 5.0, 0.0, 8.0, 0.0, 15.0, 0.0, 10.0, 15.0, 10.0, 0.0, 10.0, 0.0, 8.0, 15.0, 8.0, 0.0, 15.0, 0.0, 5.0, 15.0, 5.0, 15.0, 10.0, 0.0, 0.0]
B: [0.0, 24.0, 58.8014769802, 68.42556841784, 83.07333718993999, 112.0, 124.021711775, 256.0, 261.08428175852, 267.0, 293.0, 316.8182362487, 326.74376782137, 342.50019181287, 364.25487795177, 414.0, 437.1608815463, 463.7879978378, 466.71611702935996, 468.92679317026995, 485.80994412026996, 501.32134051126997, 506.07074689522995, 548.2478893423299, 562.0, 572.1555449386, 592.3676345138999, 625.5077540217999]
