Avion: 5      Iteracion: 34

Num Ruta: 31
Ingresos: 60000.0
Costos: 162.583707292
Utilidad Ruta: 59837.4162927
Costo Reducido: 26.9064633389
Nodos: [105, 31, 11, 66, 46, 15, 50, 20, 4, 39, 55, 33, 68, 715]
q: [0, 6.0, 8.0, -6.0, -8.0, 11.0, -11.0, 10.0, 5.0, -5.0, -10.0, 10.0, -10.0, 0]
Q: [0, 6.0, 14.0, 8.0, 0.0, 11.0, 0.0, 10.0, 15.0, 10.0, 0.0, 10.0, 0.0, 0]
B: [0.0, 130.0, 169.0, 169.478878899097, 173.173257466597, 511.0, 527.4211666151, 533.55501866744, 543.83416970244, 564.25991938264, 576.12114263324, 586.94294197534, 610.24645321294, 633.86904053944]
