Avion: 2      Iteracion: 10

Num Ruta: 14
Ingresos: 139200.0
Costos: 531.86837071
Utilidad Ruta: 138668.131629
Costo Reducido: 1647.02424409
Nodos: [102, 30, 65, 14, 49, 31, 11, 46, 66, 1, 36, 34, 69, 22, 57, 32, 8, 43, 6, 41, 13, 67, 48, 15, 50, 20, 27, 55, 62, 712]
q: [0.0, 11.0, -11.0, 8.0, -8.0, 6.0, 8.0, -8.0, -6.0, 7.0, -7.0, 12.0, -12.0, 10.0, -10.0, 6.0, 8.0, -8.0, 5.0, -5.0, 9.0, -6.0, -9.0, 11.0, -11.0, 9.0, 6.0, -9.0, -6.0, 0.0]
Q: [0.0, 11.0, 0.0, 8.0, 0.0, 6.0, 14.0, 6.0, 0.0, 7.0, 0.0, 12.0, 0.0, 10.0, 0.0, 6.0, 14.0, 6.0, 11.0, 6.0, 15.0, 9.0, 0.0, 11.0, 0.0, 9.0, 15.0, 6.0, 0.0, 0.0]
B: [0.0, 64.0, 82.7140226568, 112.0, 124.021711775, 151.2337789879, 169.0, 173.05406684701, 176.74844541451, 195.73813951421, 229.97822504271, 283.0, 323.947598037, 353.69889745399996, 375.4535835929, 422.0, 433.4468981388, 454.2152947548, 463.40596638423006, 467.09825578242004, 480.50832188962005, 494.3505016674201, 498.4214520478601, 518.3784778032601, 534.7996444183601, 540.9334964707001, 564.4277003517001, 590.7284637056001, 606.8862295165001, 634.3757054118]
