Avion: 4      Iteracion: 31

Num Ruta: 29
Ingresos: 145200.0
Costos: 525.216522225
Utilidad Ruta: 144674.783478
Costo Reducido: 54.2988474685
Nodos: [104, 17, 52, 12, 47, 14, 49, 3, 38, 18, 53, 22, 57, 19, 8, 54, 43, 13, 48, 21, 56, 29, 27, 64, 62, 714]
q: [0, 5.0, -5.0, 14.0, -14.0, 8.0, -8.0, 15.0, -15.0, 11.0, -11.0, 10.0, -10.0, 7.0, 8.0, -7.0, -8.0, 15.0, -15.0, 13.0, -13.0, 9.0, 6.0, -9.0, -6.0, 0]
Q: [0, 5.0, 0.0, 14.0, 0.0, 8.0, 0.0, 15.0, 0.0, 11.0, 0.0, 10.0, 0.0, 7.0, 15.0, 8.0, 0.0, 15.0, 0.0, 13.0, 0.0, 9.0, 15.0, 6.0, 0.0, 0]
B: [0.0, 24.0, 58.8425537813, 78.5512475229, 121.8991717869, 158.4184055686, 170.4401173436, 256.0, 261.08428175852, 293.0, 316.8182362487, 332.3010836612, 354.0557698001, 402.0, 425.1608815463, 443.1178409771, 446.04596016866, 448.25663630956996, 465.13978725956997, 480.65118365057, 521.38997432977, 559.8432708074699, 585.4450790443699, 593.6615070395499, 609.1088846163499, 654.5139347539499]
