Avion: 3      Iteracion: 8

Num Ruta: 11
Ingresos: 20400.0
Costos: 128.876956303
Utilidad Ruta: 20271.1230437
Costo Reducido: 20273.3631912
Nodos: [103, 28, 63, 29, 64, 713]
q: [0, 8.0, -8.0, 9.0, -9.0, 0]
Q: [0, 8.0, 0.0, 9.0, 0.0, 0]
B: [0.0, 378.0, 414.0266187839, 549.0, 582.7797797802, 602.156490853]
