Avion: 1      Iteracion: 0

Num Ruta: 3
Ingresos: 177600.0
Costos: 544.382465996
Utilidad Ruta: 177055.617534
Costo Reducido: -
Nodos: [101, 16, 51, 24, 59, 10, 45, 1, 11, 46, 36, 3, 38, 23, 18, 53, 58, 26, 61, 8, 6, 41, 43, 13, 48, 5, 40, 21, 56, 711]
q: [0.0, 11.0, -11.0, 14.0, -14.0, 12.0, -12.0, 7.0, 8.0, -8.0, -7.0, 15.0, -15.0, 4.0, 11.0, -11.0, -4.0, 13.0, -13.0, 8.0, 5.0, -5.0, -8.0, 15.0, -15.0, 12.0, -12.0, 13.0, -13.0, 0.0]
Q: [0.0, 11.0, 0.0, 14.0, 0.0, 12.0, 0.0, 7.0, 15.0, 7.0, 0.0, 15.0, 0.0, 4.0, 15.0, 4.0, 0.0, 13.0, 0.0, 8.0, 13.0, 8.0, 0.0, 15.0, 0.0, 12.0, 0.0, 13.0, 0.0, 0.0]
B: [0.0, 36.0, 45.624091437640004, 70.85029051714, 109.36324081964, 121.14917149994, 150.66868223434, 189.08802340514, 207.76885200024, 211.82291884725, 246.13864818525002, 256.0, 261.08428175852, 267.0, 293.0, 316.8182362487, 326.74376782137, 346.43014059547, 364.00936856487, 414.0, 441.9144979715, 445.60678736969, 458.47278985688996, 460.68346599779994, 477.56661694779996, 504.8309000486, 505.95258895378, 534.19217933678, 574.9309700159799, 594.7109194597799]
