Avion: 7      Iteracion: 28

Num Ruta: 28
Ingresos: 120000.0
Costos: 407.341055917
Utilidad Ruta: 119592.658944
Costo Reducido: 30.5143422148
Nodos: [107, 16, 30, 65, 51, 10, 45, 35, 70, 22, 57, 18, 53, 28, 63, 25, 60, 32, 8, 43, 67, 29, 4, 39, 64, 717]
q: [0.0, 4.0, 11.0, -11.0, -4.0, 12.0, -12.0, 6.0, -6.0, 10.0, -10.0, 11.0, -11.0, 8.0, -8.0, 10.0, -10.0, 6.0, 8.0, -8.0, -6.0, 9.0, 5.0, -5.0, -9.0, 0.0]
Q: [0.0, 4.0, 15.0, 4.0, 0.0, 12.0, 0.0, 6.0, 0.0, 10.0, 0.0, 11.0, 0.0, 8.0, 0.0, 10.0, 0.0, 6.0, 14.0, 6.0, 0.0, 9.0, 14.0, 9.0, 0.0, 0.0]
B: [0.0, 36.0, 64.0, 82.7140226568, 85.58517921818999, 101.41445642849, 130.93396716288999, 279.0, 298.9128833924, 314.02713802169995, 335.78182416059997, 349.182260758, 373.00049700669996, 382.13399978493, 418.16061856883, 421.49399718519, 438.67897949529, 457.22390893708996, 468.67080707588997, 489.43920369189, 505.48830242048996, 549.0, 569.7100026316, 590.1357523117999, 602.3548233485, 618.6676457898]
