Avion: 5      Iteracion: 22

Num Ruta: 21
Ingresos: 92400.0
Costos: 314.158510649
Utilidad Ruta: 92085.8414894
Costo Reducido: 69.3892156367
Nodos: [105, 17, 52, 24, 59, 1, 36, 3, 38, 23, 58, 5, 40, 4, 2, 39, 37, 715]
q: [0, 5.0, -5.0, 14.0, -14.0, 7.0, -7.0, 15.0, -15.0, 10.0, -10.0, 12.0, -12.0, 5.0, 9.0, -5.0, -9.0, 0]
Q: [0, 5.0, 0.0, 14.0, 0.0, 7.0, 0.0, 15.0, 0.0, 10.0, 0.0, 12.0, 0.0, 5.0, 14.0, 9.0, 0.0, 0]
B: [0.0, 24.0, 58.8425537813, 75.400837086, 113.9137873885, 175.0, 209.2400855285, 256.0, 261.08428175852, 267.0, 306.733842905, 469.0, 470.12168890518, 529.0, 556.3715326023, 565.8259991129, 599.0192098946001, 613.6536457908]
