Avion: 3      Iteracion: 0

Num Ruta: 2
Ingresos: 199200.0
Costos: 585.430558837
Utilidad Ruta: 198614.569441
Costo Reducido: -
Nodos: [103, 16, 51, 24, 59, 31, 14, 49, 11, 46, 66, 1, 36, 3, 38, 23, 18, 53, 58, 26, 61, 19, 54, 13, 48, 5, 40, 15, 50, 7, 4, 42, 39, 2, 37, 713]
q: [0.0, 11.0, -11.0, 14.0, -14.0, 6.0, 8.0, -8.0, 8.0, -8.0, -6.0, 7.0, -7.0, 15.0, -15.0, 10.0, 5.0, -5.0, -10.0, 13.0, -13.0, 7.0, -7.0, 15.0, -15.0, 12.0, -12.0, 11.0, -11.0, 10.0, 5.0, -10.0, -5.0, 9.0, -9.0, 0.0]
Q: [0.0, 11.0, 0.0, 14.0, 0.0, 6.0, 14.0, 6.0, 14.0, 6.0, 0.0, 7.0, 0.0, 15.0, 0.0, 10.0, 15.0, 10.0, 0.0, 13.0, 0.0, 7.0, 0.0, 15.0, 0.0, 12.0, 0.0, 11.0, 0.0, 10.0, 15.0, 5.0, 0.0, 9.0, 0.0, 0.0]
B: [0.0, 36.0, 45.624091437640004, 70.85029051714, 109.36324081964, 130.0, 147.5196824172, 159.5413941922, 188.98982330139998, 193.04389014841, 196.73826871590998, 215.72796281560997, 249.96804834410997, 257.06460025330995, 262.1488820118299, 267.0, 293.0, 316.8182362487, 326.74376782137, 346.43014059547, 364.00936856487, 402.0, 428.6271162915, 432.85473559792, 449.73788654792, 477.00216964872004, 478.12385855390005, 511.5260530327, 527.9472196478, 538.8519592137, 549.2153325062, 568.4876934929, 569.64806757051, 579.10253408111, 619.83749612851, 636.73552195991]
