Avion: 5      Iteracion: 43

Num Ruta: 38
Ingresos: 44400.0
Costos: 139.633146955
Utilidad Ruta: 44260.366853
Costo Reducido: 19.0070823796
Nodos: [105, 1, 36, 3, 38, 7, 4, 42, 39, 715]
q: [0, 7.0, -7.0, 15.0, -15.0, 10.0, 5.0, -10.0, -5.0, 0]
Q: [0, 7.0, 0.0, 15.0, 0.0, 10.0, 15.0, 5.0, 0.0, 0]
B: [0.0, 175.0, 209.2400855285, 256.0, 261.08428175852, 517.0, 529.0, 548.2723609867, 549.43273506431, 576.47994785971]
