Avion: 3      Iteracion: 58

Num Ruta: 50
Ingresos: 90000.0
Costos: 281.101222385
Utilidad Ruta: 89718.8987776
Costo Reducido: 7.95600810306
Nodos: [103, 12, 47, 10, 45, 26, 61, 15, 50, 20, 4, 39, 55, 33, 68, 713]
q: [0, 14.0, -14.0, 12.0, -12.0, 13.0, -13.0, 11.0, -11.0, 10.0, 5.0, -5.0, -10.0, 10.0, -10.0, 0]
Q: [0, 14.0, 0.0, 12.0, 0.0, 13.0, 0.0, 11.0, 0.0, 10.0, 15.0, 10.0, 0.0, 10.0, 0.0, 0]
B: [0.0, 54.0, 97.347924264, 106.06569462115, 135.58520535555, 300.0, 317.5792279694, 511.0, 527.4211666151, 533.55501866744, 543.83416970244, 564.25991938264, 576.12114263324, 586.94294197534, 610.24645321294, 623.7020477743399]
