Avion: 4      Iteracion: 30

Num Ruta: 28
Ingresos: 133200.0
Costos: 466.973375717
Utilidad Ruta: 132733.026624
Costo Reducido: 52.1907972735
Nodos: [104, 17, 16, 51, 52, 14, 49, 23, 18, 53, 58, 26, 61, 8, 32, 19, 54, 43, 13, 67, 48, 21, 20, 55, 33, 56, 27, 68, 62, 714]
q: [0.0, 5.0, 10.0, -10.0, -5.0, 8.0, -8.0, 10.0, 5.0, -5.0, -10.0, 13.0, -13.0, 8.0, 0.0, 7.0, -7.0, -8.0, 15.0, 0.0, -15.0, 5.0, 10.0, -10.0, 9.0, -5.0, 6.0, -9.0, -6.0, 0.0]
Q: [0.0, 5.0, 15.0, 5.0, 0.0, 8.0, 0.0, 10.0, 15.0, 10.0, 0.0, 13.0, 0.0, 8.0, 8.0, 15.0, 8.0, 0.0, 15.0, 15.0, 0.0, 5.0, 15.0, 5.0, 14.0, 9.0, 15.0, 6.0, 0.0, 0.0]
B: [0.0, 24.0, 58.8014769802, 68.42556841784, 83.07333718993999, 112.0, 124.021711775, 267.0, 293.0, 316.8182362487, 326.74376782137, 346.43014059547, 364.00936856487, 414.0, 425.4468981388, 437.16181277780004, 463.7889290693, 466.71704826086, 468.92772440177, 482.76990417957, 486.84085456001003, 502.35225095101003, 507.10165733497, 549.27879978207, 562.0, 572.1555449386, 585.3329931362, 592.55174649118, 613.11853877878, 658.52358891638]
