Avion: 4      Iteracion: 18

Num Ruta: 19
Ingresos: 141600.0
Costos: 486.981750716
Utilidad Ruta: 141113.018249
Costo Reducido: 63.9666888442
Nodos: [104, 17, 52, 9, 44, 14, 49, 3, 38, 23, 18, 53, 58, 26, 61, 8, 32, 43, 13, 67, 48, 21, 56, 27, 4, 7, 62, 39, 42, 714]
q: [0.0, 5.0, -5.0, 11.0, -11.0, 8.0, -8.0, 15.0, -15.0, 10.0, 5.0, -5.0, -10.0, 13.0, -13.0, 8.0, 6.0, -8.0, 9.0, -6.0, -9.0, 13.0, -13.0, 6.0, 0.0, 9.0, -6.0, 0.0, -9.0, 0.0]
Q: [0.0, 5.0, 0.0, 11.0, 0.0, 8.0, 0.0, 15.0, 0.0, 10.0, 15.0, 10.0, 0.0, 13.0, 0.0, 8.0, 14.0, 6.0, 15.0, 9.0, 0.0, 13.0, 0.0, 6.0, 6.0, 15.0, 9.0, 9.0, 0.0, 0.0]
B: [0.0, 24.0, 58.8425537813, 81.72911018459999, 111.25634718709999, 121.5131539026, 133.5348656776, 256.0, 261.08428175852, 267.0, 293.0, 316.8182362487, 326.74376782137, 346.43014059547, 364.00936856487, 414.0, 425.4468981388, 447.8266328334, 450.03730897431, 463.87948875211003, 467.95043913255006, 483.46183552355006, 524.2006262027501, 538.0, 555.6147745373, 565.9781478298, 590.702662729, 596.11792126392, 597.27829534153, 645.54263440263]
