Avion: 6      Iteracion: 17

Num Ruta: 18
Ingresos: 85200.0
Costos: 281.022112752
Utilidad Ruta: 84918.9778872
Costo Reducido: 130.605408232
Nodos: [106, 31, 14, 49, 66, 34, 69, 26, 61, 6, 41, 5, 40, 7, 4, 42, 39, 716]
q: [0, 6.0, 8.0, -8.0, -6.0, 12.0, -12.0, 13.0, -13.0, 5.0, -5.0, 12.0, -12.0, 10.0, 5.0, -10.0, -5.0, 0]
Q: [0, 6.0, 14.0, 6.0, 0.0, 12.0, 0.0, 13.0, 0.0, 5.0, 0.0, 12.0, 0.0, 10.0, 15.0, 5.0, 0.0, 0]
B: [0.0, 130.0, 147.5196824172, 159.5413941922, 188.60695116259998, 283.0, 323.947598037, 358.0226741044, 375.6019020738, 436.0, 439.69228939819, 469.0, 470.12168890518, 517.0, 529.0, 548.2723609867, 549.43273506431, 571.10752101481]
