Avion: 7      Iteracion: 1

Num Ruta: 5
Ingresos: 151200.0
Costos: 546.905995182
Utilidad Ruta: 150653.094005
Costo Reducido: 117290.069725
Nodos: [107, 16, 51, 9, 44, 30, 65, 14, 49, 11, 46, 35, 70, 18, 57, 22, 53, 25, 60, 19, 8, 54, 43, 5, 40, 21, 56, 717]
q: [0.0, 11.0, -11.0, 11.0, -11.0, 11.0, -11.0, 8.0, -8.0, 8.0, -8.0, 6.0, -6.0, 11.0, -10.0, 10.0, -11.0, 10.0, -10.0, 7.0, 8.0, -7.0, -8.0, 12.0, -12.0, 13.0, -13.0, 0.0]
Q: [0.0, 11.0, 0.0, 11.0, 0.0, 11.0, 0.0, 8.0, 0.0, 8.0, 0.0, 6.0, 0.0, 11.0, 1.0, 11.0, 0.0, 10.0, 0.0, 7.0, 15.0, 8.0, 0.0, 12.0, 0.0, 13.0, 0.0, 0.0]
B: [0.0, 36.0, 45.624091437640004, 75.68094759394, 105.20818459644, 120.99608493184, 139.71010758864, 167.50604824554, 179.52776002054, 208.97618912974, 213.03025597675, 279.0, 298.9128833924, 321.80373678409995, 335.20417338149997, 356.9588595204, 372.4417069329, 410.0, 427.1849823101, 443.8578739909, 467.0187555372, 484.975714968, 487.90383415955995, 497.65664503642995, 498.77833394160996, 527.0179243246099, 567.7567150038099, 589.5272467382099]
