Avion: 7      Iteracion: 19

Num Ruta: 21
Ingresos: 58800.0
Costos: 235.969262131
Utilidad Ruta: 58564.0307379
Costo Reducido: 78.9821766171
Nodos: [107, 17, 52, 30, 65, 26, 61, 18, 53, 29, 64, 717]
q: [0, 5.0, -5.0, 11.0, -11.0, 13.0, -13.0, 11.0, -11.0, 9.0, -9.0, 0]
Q: [0, 5.0, 0.0, 11.0, 0.0, 13.0, 0.0, 11.0, 0.0, 9.0, 0.0, 0]
B: [0.0, 39.2872808044, 74.1298345857, 77.27428906939, 95.98831172618999, 300.0, 317.5792279694, 340.8578987218, 364.67613497049996, 549.0, 582.7797797802, 599.0926022215]
