Avion: 4      Iteracion: 25

Num Ruta: 24
Ingresos: 116400.0
Costos: 403.121114779
Utilidad Ruta: 115996.878885
Costo Reducido: 35.0800284185
Nodos: [104, 17, 52, 30, 65, 16, 51, 14, 49, 31, 11, 66, 46, 34, 57, 18, 22, 53, 69, 28, 63, 25, 19, 60, 54, 714]
q: [0.0, 5.0, -5.0, 11.0, -11.0, 11.0, -11.0, 8.0, -8.0, 6.0, 8.0, -6.0, -8.0, 12.0, -10.0, 3.0, 10.0, -3.0, -12.0, 8.0, -8.0, 8.0, 7.0, -8.0, -7.0, 0.0]
Q: [0.0, 5.0, 0.0, 11.0, 0.0, 11.0, 0.0, 8.0, 0.0, 6.0, 14.0, 8.0, 0.0, 12.0, 2.0, 5.0, 15.0, 12.0, 0.0, 8.0, 0.0, 8.0, 15.0, 7.0, 0.0, 0.0]
B: [0.0, 24.0, 58.8425537813, 64.0, 82.7140226568, 93.53069441849999, 103.15478585614, 129.94109036054, 141.96280213554, 169.17486934843998, 182.35759854233999, 182.83647744143698, 186.53085600893698, 283.0, 320.0, 333.4004365974, 343.08612676383, 358.56897417633, 373.72160381613, 382.90178736549, 418.92840614939, 422.26178476575, 431.65379200595, 448.32668368674996, 465.11354012264997, 502.73986767394996]
