Avion: 4      Iteracion: 9

Num Ruta: 11
Ingresos: 60000.0
Costos: 294.769570873
Utilidad Ruta: 59705.2304291
Costo Reducido: 22663.9490417
Nodos: [104, 30, 24, 65, 59, 11, 46, 23, 35, 58, 70, 26, 61, 714]
q: [0.0, 0.0, 14.0, 0.0, -14.0, 8.0, -8.0, 9.0, 6.0, -9.0, -6.0, 13.0, -13.0, 0.0]
Q: [0.0, 0.0, 14.0, 14.0, 0.0, 8.0, 0.0, 9.0, 15.0, 6.0, 0.0, 13.0, 0.0, 0.0]
B: [0.0, 64.0, 82.2569011609, 106.9908720512, 136.6284329664, 169.0, 173.05406684701, 267.0, 307.4405515417, 336.9605871955, 349.5791326743, 358.87213805469, 376.45136602409, 414.26746344309004]
