Avion: 5      Iteracion: 16

Num Ruta: 17
Ingresos: 80400.0
Costos: 261.693274836
Utilidad Ruta: 80138.3067252
Costo Reducido: 167.811284889
Nodos: [105, 1, 36, 3, 38, 18, 53, 28, 63, 15, 50, 20, 27, 55, 62, 715]
q: [0.0, 7.0, -7.0, 15.0, -15.0, 11.0, -11.0, 8.0, -8.0, 11.0, -11.0, 9.0, 6.0, -9.0, -6.0, 0.0]
Q: [0.0, 7.0, 0.0, 15.0, 0.0, 11.0, 0.0, 8.0, 0.0, 11.0, 0.0, 9.0, 15.0, 6.0, 0.0, 0.0]
B: [0.0, 175.0, 209.2400855285, 256.0, 261.08428175852, 293.0, 316.8182362487, 378.0, 414.0266187839, 511.0, 527.4211666151, 533.55501866744, 557.04922254844, 583.34998590234, 599.5077517132399, 621.3892782824399]
