Avion: 6      Iteracion: 58

Num Ruta: 41
Ingresos: 81600.0
Costos: 189.714697346
Utilidad Ruta: 81410.2853027
Costo Reducido: 8.7006629723
Nodos: [106, 10, 45, 35, 26, 70, 61, 13, 48, 15, 50, 7, 4, 39, 42, 716]
q: [0.0, 12.0, -12.0, 6.0, 9.0, -6.0, -9.0, 15.0, -15.0, 11.0, -11.0, 10.0, 5.0, -5.0, -10.0, 0.0]
Q: [0.0, 12.0, 0.0, 6.0, 15.0, 9.0, 0.0, 15.0, 0.0, 11.0, 0.0, 10.0, 15.0, 10.0, 0.0, 0.0]
B: [0.0, 96.0, 125.5195107344, 279.0, 300.0, 309.29300538039, 319.11482114938, 423.0, 439.88315095, 511.0, 527.4211666151, 538.3259061809999, 548.6892794734999, 569.1150291536999, 570.2754032313098, 591.5129409888099]
