Avion: 7      Iteracion: 5

Num Ruta: 8
Ingresos: 30000.0
Costos: 130.227135251
Utilidad Ruta: 29869.7728647
Costo Reducido: 23064.0759465
Nodos: [107, 24, 59, 15, 50, 717]
q: [0, 14.0, -14.0, 11.0, -11.0, 0]
Q: [0, 14.0, 0.0, 11.0, 0.0, 0]
B: [0.0, 61.0, 99.5129503025, 511.0, 527.4211666151, 548.6041498328]
