Avion: 4      Iteracion: 15

Num Ruta: 16
Ingresos: 74400.0
Costos: 258.343237947
Utilidad Ruta: 74141.6567621
Costo Reducido: 157.100383568
Nodos: [104, 1, 11, 46, 36, 23, 18, 58, 53, 25, 60, 19, 32, 54, 13, 67, 48, 714]
q: [0.0, 7.0, 8.0, -8.0, -7.0, 4.0, 11.0, -4.0, -11.0, 10.0, -10.0, 7.0, 6.0, -7.0, 9.0, -6.0, -9.0, 0.0]
Q: [0.0, 7.0, 15.0, 7.0, 0.0, 4.0, 15.0, 11.0, 0.0, 10.0, 0.0, 7.0, 13.0, 6.0, 15.0, 9.0, 0.0, 0.0]
B: [0.0, 175.0, 193.6808285951, 197.73489544211, 232.05062478011, 267.0, 293.0, 318.4393114097, 328.36484298237, 410.0, 427.1849823101, 443.8578739909, 455.57278862989995, 475.14525932219993, 479.37287862861996, 493.21505840642, 497.28600878686, 521.40877421706]
