Avion: 3      Iteracion: 45

Num Ruta: 42
Ingresos: 104400.0
Costos: 328.64725861
Utilidad Ruta: 104071.352741
Costo Reducido: 11.5322310086
Nodos: [103, 30, 65, 24, 59, 1, 36, 3, 38, 23, 18, 53, 58, 25, 60, 20, 7, 55, 42, 713]
q: [0.0, 11.0, -11.0, 14.0, -14.0, 7.0, -7.0, 15.0, -15.0, 10.0, 5.0, -5.0, -10.0, 10.0, -10.0, 10.0, 5.0, -10.0, -5.0, 0.0]
Q: [0.0, 11.0, 0.0, 14.0, 0.0, 7.0, 0.0, 15.0, 0.0, 10.0, 15.0, 10.0, 0.0, 10.0, 0.0, 10.0, 15.0, 5.0, 0.0, 0.0]
B: [0.0, 64.0, 82.7140226568, 107.4479935471, 145.9609438496, 175.0, 209.2400855285, 256.0, 261.08428175852, 267.0, 293.0, 316.8182362487, 326.74376782137, 410.0, 427.1849823101, 496.0, 517.0, 557.8372308194, 570.8009153651, 586.2236028417]
