Avion: 6      Iteracion: 27

Num Ruta: 27
Ingresos: 112800.0
Costos: 364.033339725
Utilidad Ruta: 112435.96666
Costo Reducido: 17.6879756597
Nodos: [106, 17, 52, 14, 49, 3, 38, 23, 18, 53, 58, 22, 57, 8, 32, 43, 6, 41, 13, 67, 48, 21, 56, 716]
q: [0.0, 5.0, -5.0, 8.0, -8.0, 15.0, -15.0, 4.0, 11.0, -11.0, -4.0, 10.0, -10.0, 8.0, 6.0, -8.0, 5.0, -5.0, 9.0, -6.0, -9.0, 13.0, -13.0, 0.0]
Q: [0.0, 5.0, 0.0, 8.0, 0.0, 15.0, 0.0, 4.0, 15.0, 4.0, 0.0, 10.0, 0.0, 8.0, 14.0, 6.0, 11.0, 6.0, 15.0, 9.0, 0.0, 13.0, 0.0, 0.0]
B: [0.0, 24.0, 58.8425537813, 112.0, 124.021711775, 256.0, 261.08428175852, 267.0, 293.0, 316.8182362487, 326.74376782137, 342.50019181287, 364.25487795177, 414.0, 425.4468981388, 447.8266328334, 457.01730446283, 460.70959386102, 474.11965996822, 487.96183974602, 492.03279012646004, 507.54418651746005, 548.28297719666, 586.72859917106]
