Avion: 1      Iteracion: 38

Num Ruta: 36
Ingresos: 72000.0
Costos: 253.816223207
Utilidad Ruta: 71746.1837768
Costo Reducido: 9.99080573482
Nodos: [101, 24, 59, 1, 36, 23, 18, 53, 58, 13, 48, 29, 64, 711]
q: [0.0, 14.0, -14.0, 7.0, -7.0, 10.0, 5.0, -5.0, -10.0, 15.0, -15.0, 9.0, -9.0, 0.0]
Q: [0.0, 14.0, 0.0, 7.0, 0.0, 10.0, 15.0, 10.0, 0.0, 15.0, 0.0, 9.0, 0.0, 0.0]
B: [0.0, 61.0, 99.5129503025, 175.0, 209.2400855285, 267.0, 293.0, 316.8182362487, 326.74376782137, 423.0, 439.88315095, 549.0, 582.7797797802, 603.6308069012]
