Avion: 7      Iteracion: 8

Num Ruta: 11
Ingresos: 10800.0
Costos: 98.6326687748
Utilidad Ruta: 10701.3673312
Costo Reducido: 5351.86251472
Nodos: [107, 29, 64, 717]
q: [0, 9.0, -9.0, 0]
Q: [0, 9.0, 0.0, 0]
B: [0.0, 549.0, 582.7797797802, 599.0926022215]
