Avion: 6      Iteracion: 9

Num Ruta: 11
Ingresos: 12000.0
Costos: 85.5661691283
Utilidad Ruta: 11914.4338309
Costo Reducido: 8006.8055101
Nodos: [106, 25, 60, 716]
q: [0, 10.0, -10.0, 0]
Q: [0, 10.0, 0.0, 0]
B: [0.0, 410.0, 427.1849823101, 462.4743183339]
