Avion: 7      Iteracion: 15

Num Ruta: 17
Ingresos: 22800.0
Costos: 88.2514881588
Utilidad Ruta: 22711.7485118
Costo Reducido: 54.7098389093
Nodos: [107, 2, 37, 7, 42, 717]
q: [0, 9.0, -9.0, 10.0, -10.0, 0]
Q: [0, 9.0, 0.0, 10.0, 0.0, 0]
B: [0.0, 522.0, 562.7349620474, 574.2416881674001, 602.7829999803, 607.74196529577]
