Avion: 6      Iteracion: 42

Num Ruta: 33
Ingresos: 112800.0
Costos: 358.265670135
Utilidad Ruta: 112441.73433
Costo Reducido: 19.2915287253
Nodos: [106, 17, 30, 52, 16, 65, 51, 10, 45, 35, 26, 70, 61, 18, 53, 25, 60, 15, 50, 20, 7, 4, 42, 39, 55, 716]
q: [0.0, 5.0, 4.0, -5.0, 11.0, -4.0, -11.0, 12.0, -12.0, 6.0, 9.0, -6.0, -9.0, 11.0, -11.0, 10.0, -10.0, 11.0, -11.0, 10.0, 5.0, 0.0, -5.0, 0.0, -10.0, 0.0]
Q: [0.0, 5.0, 9.0, 4.0, 15.0, 11.0, 0.0, 12.0, 0.0, 6.0, 15.0, 9.0, 0.0, 11.0, 0.0, 10.0, 0.0, 11.0, 0.0, 10.0, 15.0, 15.0, 10.0, 10.0, 0.0, 0.0]
B: [0.0, 24.0, 64.0, 67.14445448369, 72.47609381883, 83.29276558052999, 86.16392214191998, 101.99319935221999, 131.51271008662, 279.0, 300.0, 309.29300538039, 319.11482114938, 342.39349190178, 366.21172815048, 410.0, 427.1849823101, 511.0, 527.4211666151, 533.55501866744, 542.2979730879999, 552.6613463804999, 571.9337073672, 573.09408144481, 584.95530469541, 610.4721552260099]
