Avion: 6      Iteracion: 43

Num Ruta: 34
Ingresos: 100800.0
Costos: 290.520658438
Utilidad Ruta: 100509.479342
Costo Reducido: 36.1899210635
Nodos: [106, 31, 66, 14, 49, 3, 38, 23, 18, 53, 58, 22, 57, 19, 25, 60, 54, 4, 7, 42, 39, 716]
q: [0.0, 6.0, -6.0, 8.0, -8.0, 15.0, -15.0, 10.0, 5.0, -5.0, -10.0, 10.0, -10.0, 7.0, 8.0, -8.0, -7.0, 5.0, 10.0, -10.0, -5.0, 0.0]
Q: [0.0, 6.0, 0.0, 8.0, 0.0, 15.0, 0.0, 10.0, 15.0, 10.0, 0.0, 10.0, 0.0, 7.0, 15.0, 7.0, 0.0, 5.0, 15.0, 5.0, 0.0, 0.0]
B: [0.0, 130.0, 143.3056140031, 160.3516205736, 172.3733323486, 256.0, 261.08428175852, 267.0, 293.0, 316.8182362487, 326.74376782137, 342.50019181287, 364.25487795177, 402.0, 411.3920072402, 428.57698955029997, 445.3638459862, 529.0, 539.3633732925, 567.9046851054, 569.0650591830099, 590.7398451335099]
