Avion: 1      Iteracion: 17

Num Ruta: 19
Ingresos: 14400.0
Costos: 106.526538466
Utilidad Ruta: 14293.4734615
Costo Reducido: 22.3044158704
Nodos: [101, 34, 69, 711]
q: [0, 12.0, -12.0, 0]
Q: [0, 12.0, 0.0, 0]
B: [0.0, 283.0, 323.947598037, 331.19621590526]
