Avion: 4      Iteracion: 20

Num Ruta: 20
Ingresos: 85200.0
Costos: 275.410266159
Utilidad Ruta: 84924.5897338
Costo Reducido: 28.9039747429
Nodos: [104, 30, 65, 16, 51, 10, 45, 1, 36, 3, 38, 23, 18, 58, 53, 714]
q: [0.0, 11.0, -11.0, 11.0, -11.0, 12.0, -12.0, 7.0, -7.0, 15.0, -15.0, 10.0, 5.0, -10.0, -5.0, 0.0]
Q: [0.0, 11.0, 0.0, 11.0, 0.0, 12.0, 0.0, 7.0, 0.0, 15.0, 0.0, 10.0, 15.0, 5.0, 0.0, 0.0]
B: [0.0, 64.0, 82.7140226568, 93.53069441849999, 103.15478585614, 118.98406306644, 148.50357380084, 186.92291497164, 221.16300050014001, 256.0, 261.08428175852, 267.0, 293.0, 318.4393114097, 328.36484298237, 357.00000531817]
