Avion: 3      Iteracion: 24

Num Ruta: 26
Ingresos: 86400.0
Costos: 286.952565607
Utilidad Ruta: 86113.0474344
Costo Reducido: 31.2579624128
Nodos: [103, 30, 65, 24, 59, 1, 36, 8, 43, 6, 41, 5, 40, 7, 20, 42, 55, 713]
q: [0.0, 11.0, -11.0, 14.0, -14.0, 7.0, -7.0, 8.0, -8.0, 5.0, -5.0, 12.0, -12.0, 5.0, 10.0, -5.0, -10.0, 0.0]
Q: [0.0, 11.0, 0.0, 14.0, 0.0, 7.0, 0.0, 8.0, 0.0, 5.0, 0.0, 12.0, 0.0, 5.0, 15.0, 10.0, 0.0, 0.0]
B: [0.0, 64.0, 82.7140226568, 107.4479935471, 145.9609438496, 175.0, 209.2400855285, 414.0, 434.768396616, 443.95906824543, 447.65135764362, 469.0, 470.12168890518, 517.0, 525.74295442056, 554.98896180616, 567.9526463518599, 596.2567414972599]
