Avion: 7      Iteracion: 61

Num Ruta: 47
Ingresos: 70800.0
Costos: 179.305887046
Utilidad Ruta: 70620.694113
Costo Reducido: 3.92541939992
Nodos: [107, 9, 44, 14, 49, 3, 38, 32, 19, 67, 54, 5, 40, 717]
q: [0, 11.0, -11.0, 8.0, -8.0, 15.0, -15.0, 6.0, 7.0, -6.0, -7.0, 12.0, -12.0, 0]
Q: [0, 11.0, 0.0, 8.0, 0.0, 15.0, 0.0, 6.0, 13.0, 7.0, 0.0, 12.0, 0.0, 0]
B: [0.0, 32.6028927091, 62.1301297116, 112.0, 124.021711775, 256.0, 261.08428175852, 422.0, 433.71491463899997, 461.3697862171, 478.4971626653, 486.34747590745997, 487.46916481264, 490.54720266166]
