Avion: 5      Iteracion: 38

Num Ruta: 33
Ingresos: 34800.0
Costos: 166.732433794
Utilidad Ruta: 34633.2675662
Costo Reducido: 1.28349962145
Nodos: [105, 11, 46, 34, 69, 29, 64, 715]
q: [0, 8.0, -8.0, 12.0, -12.0, 9.0, -9.0, 0]
Q: [0, 8.0, 0.0, 12.0, 0.0, 9.0, 0.0, 0]
B: [0.0, 169.0, 173.05406684701, 283.0, 323.947598037, 549.0, 582.7797797802, 614.5673115026]
