Avion: 3      Iteracion: 11

Num Ruta: 14
Ingresos: 82800.0
Costos: 346.249984606
Utilidad Ruta: 82453.7500154
Costo Reducido: 462.642324225
Nodos: [103, 14, 49, 23, 35, 70, 58, 28, 63, 25, 32, 67, 60, 21, 56, 7, 42, 713]
q: [0.0, 8.0, -8.0, 9.0, 6.0, -6.0, -9.0, 8.0, -8.0, 9.0, 6.0, -6.0, -9.0, 13.0, -13.0, 10.0, -10.0, 0.0]
Q: [0.0, 8.0, 0.0, 9.0, 15.0, 9.0, 0.0, 8.0, 0.0, 9.0, 15.0, 9.0, 0.0, 13.0, 0.0, 10.0, 0.0, 0.0]
B: [0.0, 112.0, 124.021711775, 267.0, 307.4405515417, 327.3534349341, 339.9719804129, 378.0, 414.0266187839, 417.35999740026, 438.02644569216, 465.88380150706, 476.86886978176, 485.03758326676, 525.77637394596, 565.30595209956, 593.84726391246, 609.26995138906]
