Avion: 7      Iteracion: 22

Num Ruta: 24
Ingresos: 82800.0
Costos: 270.962179926
Utilidad Ruta: 82529.0378201
Costo Reducido: 25.7942990381
Nodos: [107, 24, 59, 11, 46, 34, 69, 22, 57, 32, 19, 67, 54, 5, 40, 717]
q: [0, 14.0, -14.0, 8.0, -8.0, 12.0, -12.0, 10.0, -10.0, 6.0, 7.0, -6.0, -7.0, 12.0, -12.0, 0]
Q: [0, 14.0, 0.0, 8.0, 0.0, 12.0, 0.0, 10.0, 0.0, 6.0, 13.0, 7.0, 0.0, 12.0, 0.0, 0]
B: [0.0, 61.0, 99.5129503025, 169.0, 173.05406684701, 283.0, 323.947598037, 353.69889745399996, 375.4535835929, 422.0, 433.71491463899997, 461.3697862171, 478.4971626653, 486.34747590745997, 487.46916481264, 490.54720266166]
