Avion: 1      Iteracion: 2

Num Ruta: 6
Ingresos: 61200.0
Costos: 276.336052187
Utilidad Ruta: 60923.6639478
Costo Reducido: 46127.8119852
Nodos: [101, 12, 47, 34, 69, 26, 61, 5, 40, 711]
q: [0, 14.0, -14.0, 12.0, -12.0, 13.0, -13.0, 12.0, -12.0, 0]
Q: [0, 14.0, 0.0, 12.0, 0.0, 13.0, 0.0, 12.0, 0.0, 0]
B: [0.0, 54.0, 97.347924264, 283.0, 323.947598037, 358.0226741044, 375.6019020738, 469.0, 470.12168890518, 504.88494889328]
