Avion: 3      Iteracion: 26

Num Ruta: 28
Ingresos: 80400.0
Costos: 263.431599389
Utilidad Ruta: 80136.5684006
Costo Reducido: 32.9405288417
Nodos: [103, 1, 36, 23, 18, 53, 58, 6, 41, 13, 48, 20, 4, 55, 39, 33, 68, 713]
q: [0.0, 7.0, -7.0, 10.0, 5.0, -5.0, -10.0, 5.0, -5.0, 15.0, -15.0, 10.0, 5.0, -10.0, -5.0, 10.0, -10.0, 0.0]
Q: [0.0, 7.0, 0.0, 10.0, 15.0, 10.0, 0.0, 5.0, 0.0, 15.0, 0.0, 10.0, 15.0, 5.0, 0.0, 10.0, 0.0, 0.0]
B: [0.0, 175.0, 209.2400855285, 267.0, 293.0, 316.8182362487, 326.74376782137, 436.0, 439.69228939819, 453.10235550539, 469.98550645539, 496.0, 529.0, 561.0963231072, 572.9575463578, 581.5290118101, 604.8325230477, 618.2881176090999]
