Avion: 2      Iteracion: 25

Num Ruta: 26
Ingresos: 60000.0
Costos: 241.6343575
Utilidad Ruta: 59758.3656425
Costo Reducido: 70.9045037817
Nodos: [102, 24, 59, 14, 49, 32, 19, 54, 67, 29, 27, 64, 62, 712]
q: [0, 14.0, -14.0, 8.0, -8.0, 6.0, 7.0, -7.0, -6.0, 9.0, 6.0, -9.0, -6.0, 0]
Q: [0, 14.0, 0.0, 8.0, 0.0, 6.0, 13.0, 6.0, 0.0, 9.0, 15.0, 6.0, 0.0, 0]
B: [0.0, 61.0, 99.5129503025, 128.1593196012, 140.1810313762, 422.0, 433.71491463899997, 460.34203093049996, 477.46940737869994, 549.0, 574.6018082369, 582.8182362320799, 598.26561380888, 625.7550897041799]
