Avion: 1      Iteracion: 0

Num Ruta: 1
Ingresos: 64800.0
Costos: 281.782022553
Utilidad Ruta: 64518.2179774
Costo Reducido: -
Nodos: [101, 12, 47, 1, 36, 6, 41, 13, 48, 21, 56, 711]
q: [0, 14.0, -14.0, 7.0, -7.0, 5.0, -5.0, 15.0, -15.0, 13.0, -13.0, 0]
Q: [0, 14.0, 0.0, 7.0, 0.0, 5.0, 0.0, 15.0, 0.0, 13.0, 0.0, 0]
B: [0.0, 54.0, 97.347924264, 175.0, 209.2400855285, 436.0, 439.69228939819, 453.10235550539, 469.98550645539, 485.49690284639, 526.23569352559, 546.01564296939]
