Avion: 2      Iteracion: 41

Num Ruta: 40
Ingresos: 115200.0
Costos: 309.718371066
Utilidad Ruta: 114890.281629
Costo Reducido: 50.068141248
Nodos: [102, 9, 44, 12, 47, 10, 45, 35, 26, 70, 61, 22, 57, 32, 8, 43, 13, 67, 48, 15, 50, 712]
q: [0.0, 11.0, -11.0, 14.0, -14.0, 12.0, -12.0, 6.0, 9.0, -6.0, -9.0, 10.0, -10.0, 6.0, 8.0, -8.0, 9.0, -6.0, -9.0, 11.0, -11.0, 0.0]
Q: [0.0, 11.0, 0.0, 14.0, 0.0, 12.0, 0.0, 6.0, 15.0, 9.0, 0.0, 10.0, 0.0, 6.0, 14.0, 6.0, 15.0, 9.0, 0.0, 11.0, 0.0, 0.0]
B: [0.0, 28.0, 57.5272370025, 68.3142737596, 111.6621980236, 120.37996838075, 149.89947911515, 279.0, 300.0, 309.29300538039, 319.11482114938, 332.74900179948, 354.50368793838004, 422.0, 433.4468981388, 454.2152947548, 456.42597089571, 470.26815067351004, 474.33910105395006, 511.0, 527.4211666151, 534.86056773347]
