Avion: 4      Iteracion: 22

Num Ruta: 21
Ingresos: 136800.0
Costos: 479.277203548
Utilidad Ruta: 136320.722796
Costo Reducido: 36.1838345517
Nodos: [104, 17, 16, 51, 52, 12, 47, 10, 45, 3, 38, 23, 18, 53, 58, 28, 63, 25, 60, 19, 32, 54, 67, 5, 40, 714]
q: [0.0, 5.0, 10.0, -10.0, -5.0, 14.0, -14.0, 12.0, -12.0, 15.0, -15.0, 10.0, 5.0, -5.0, -10.0, 8.0, -8.0, 10.0, -10.0, 7.0, 6.0, -7.0, -6.0, 12.0, -12.0, 0.0]
Q: [0.0, 5.0, 15.0, 5.0, 0.0, 14.0, 0.0, 12.0, 0.0, 15.0, 0.0, 10.0, 15.0, 10.0, 0.0, 8.0, 0.0, 10.0, 0.0, 7.0, 13.0, 6.0, 0.0, 12.0, 0.0, 0.0]
B: [0.0, 24.0, 58.8014769802, 68.42556841784, 83.07333718993999, 102.78203093153999, 146.12995519554, 154.84772555268998, 184.36723628708998, 256.0, 261.08428175852, 267.0, 293.0, 316.8182362487, 326.74376782137, 378.0, 414.0266187839, 417.35999740026, 434.54497971036, 451.21787139116, 462.93278603015995, 482.50525672245993, 499.6326331706599, 524.5748682348599, 525.6965571400399, 568.3361217836399]
