Avion: 7      Iteracion: 30

Num Ruta: 30
Ingresos: 52800.0
Costos: 153.328085333
Utilidad Ruta: 52646.6719147
Costo Reducido: 68.0281968542
Nodos: [107, 26, 61, 22, 57, 19, 8, 54, 43, 27, 62, 717]
q: [0, 13.0, -13.0, 10.0, -10.0, 7.0, 8.0, -7.0, -8.0, 6.0, -6.0, 0]
Q: [0, 13.0, 0.0, 10.0, 0.0, 7.0, 15.0, 8.0, 0.0, 6.0, 0.0, 0]
B: [0.0, 300.0, 317.5792279694, 331.2134086195, 352.9680947584, 402.0, 425.1608815463, 443.1178409771, 446.04596016866, 538.0, 555.0308623681, 555.940030119398]
