Avion: 4      Iteracion: 62

Num Ruta: 50
Ingresos: 26400.0
Costos: 125.2886113
Utilidad Ruta: 26274.7113887
Costo Reducido: 10.0686073493
Nodos: [104, 1, 36, 23, 18, 58, 53, 714]
q: [0.0, 7.0, -7.0, 10.0, 5.0, -10.0, -5.0, 0.0]
Q: [0.0, 7.0, 0.0, 10.0, 15.0, 5.0, 0.0, 0.0]
B: [0.0, 175.0, 209.2400855285, 267.0, 293.0, 318.4393114097, 328.36484298237, 357.00000531817]
