Avion: 2      Iteracion: 43

Num Ruta: 42
Ingresos: 69600.0
Costos: 223.997830985
Utilidad Ruta: 69376.002169
Costo Reducido: 24.839727723
Nodos: [102, 9, 44, 19, 25, 60, 8, 54, 43, 7, 4, 42, 2, 39, 37, 712]
q: [0.0, 11.0, -11.0, 7.0, 8.0, -8.0, 8.0, -7.0, -8.0, 10.0, 5.0, -10.0, 9.0, -5.0, -9.0, 0.0]
Q: [0.0, 11.0, 0.0, 7.0, 15.0, 7.0, 15.0, 8.0, 0.0, 10.0, 15.0, 5.0, 14.0, 9.0, 0.0, 0.0]
B: [0.0, 28.0, 57.5272370025, 402.0, 411.3920072402, 428.57698955029997, 454.39758940779996, 472.35454883859995, 475.2826680301599, 517.0, 529.0, 548.2723609867, 558.4025294453, 567.8569959559001, 601.0502067376001, 603.9045020972301]
