Avion: 2      Iteracion: 54

Num Ruta: 48
Ingresos: 138000.0
Costos: 330.852716829
Utilidad Ruta: 137669.147283
Costo Reducido: 38.4502809115
Nodos: [102, 14, 49, 3, 38, 23, 57, 18, 22, 58, 53, 28, 63, 25, 19, 60, 54, 13, 48, 15, 20, 50, 4, 55, 2, 39, 37, 712]
q: [0.0, 8.0, -8.0, 15.0, -15.0, 10.0, -10.0, 5.0, 10.0, -10.0, -5.0, 8.0, -8.0, 8.0, 7.0, -8.0, -7.0, 15.0, -15.0, 5.0, 10.0, -5.0, 5.0, -10.0, 9.0, -5.0, -9.0, 0.0]
Q: [0.0, 8.0, 0.0, 15.0, 0.0, 10.0, 0.0, 5.0, 15.0, 5.0, 0.0, 8.0, 0.0, 8.0, 15.0, 7.0, 0.0, 15.0, 0.0, 5.0, 15.0, 10.0, 15.0, 5.0, 14.0, 9.0, 0.0, 0.0]
B: [0.0, 112.0, 124.021711775, 256.0, 261.08428175852, 267.0, 320.0, 333.4004365974, 343.08612676383, 358.84255075533, 368.76808232800005, 378.0, 414.0266187839, 417.35999740026, 426.75200464046, 443.42489632125995, 460.21175275715996, 464.43937206358, 481.32252301358, 511.0, 521.3008920973, 527.43474414964, 533.00942342293, 565.10574653013, 572.43604379559, 581.89051030619, 615.08372108789, 617.93801644752]
