Avion: 7      Iteracion: 0

Num Ruta: 3
Ingresos: 144000.0
Costos: 432.95555003
Utilidad Ruta: 143567.04445
Costo Reducido: -
Nodos: [107, 16, 51, 9, 44, 30, 65, 14, 49, 11, 46, 3, 38, 23, 18, 58, 53, 26, 61, 13, 48, 21, 56, 717]
q: [0.0, 11.0, -11.0, 11.0, -11.0, 11.0, -11.0, 8.0, -8.0, 8.0, -8.0, 15.0, -15.0, 4.0, 11.0, -4.0, -11.0, 13.0, -13.0, 15.0, -15.0, 13.0, -13.0, 0.0]
Q: [0.0, 11.0, 0.0, 11.0, 0.0, 11.0, 0.0, 8.0, 0.0, 8.0, 0.0, 15.0, 0.0, 4.0, 15.0, 11.0, 0.0, 13.0, 0.0, 15.0, 0.0, 13.0, 0.0, 0.0]
B: [0.0, 36.0, 45.624091437640004, 75.68094759394, 105.20818459644, 120.99608493184, 139.71010758864, 167.50604824554, 179.52776002054, 208.97618912974, 213.03025597675, 256.0, 261.08428175852, 267.0, 293.0, 318.4393114097, 328.36484298237, 357.36635980477, 374.94558777417, 423.0, 439.88315095, 477.0, 517.7387906792, 539.5093224136]
