Avion: 6      Iteracion: 19

Num Ruta: 20
Ingresos: 66000.0
Costos: 233.901018685
Utilidad Ruta: 65766.0989813
Costo Reducido: 86.9660068826
Nodos: [106, 17, 52, 30, 65, 26, 61, 18, 53, 20, 4, 39, 55, 716]
q: [0, 5.0, -5.0, 11.0, -11.0, 13.0, -13.0, 11.0, -11.0, 10.0, 5.0, -5.0, -10.0, 0]
Q: [0, 5.0, 0.0, 11.0, 0.0, 13.0, 0.0, 11.0, 0.0, 10.0, 15.0, 10.0, 0.0, 0]
B: [0.0, 24.0, 58.8425537813, 64.0, 82.7140226568, 300.0, 317.5792279694, 340.8578987218, 364.67613497049996, 496.0, 529.0, 549.4257496801999, 561.2869729308, 586.8038234613999]
