Avion: 3      Iteracion: 6

Num Ruta: 9
Ingresos: 50400.0
Costos: 157.236489755
Utilidad Ruta: 50242.7635102
Costo Reducido: 40032.0227161
Nodos: [103, 16, 51, 9, 44, 7, 42, 33, 68, 713]
q: [0, 11.0, -11.0, 11.0, -11.0, 10.0, -10.0, 10.0, -10.0, 0]
Q: [0, 11.0, 0.0, 11.0, 0.0, 10.0, 0.0, 10.0, 0.0, 0]
B: [0.0, 36.0, 45.624091437640004, 75.68094759394, 105.20818459644, 517.0, 545.5413118129, 562.0, 585.3035112376, 598.7591057989999]
