Avion: 5      Iteracion: 31

Num Ruta: 29
Ingresos: 97200.0
Costos: 301.592779521
Utilidad Ruta: 96898.4072205
Costo Reducido: 47.1457376643
Nodos: [105, 1, 36, 3, 38, 18, 53, 19, 54, 13, 48, 15, 50, 20, 4, 55, 39, 715]
q: [0, 7.0, -7.0, 15.0, -15.0, 11.0, -11.0, 7.0, -7.0, 15.0, -15.0, 11.0, -11.0, 10.0, 5.0, -10.0, -5.0, 0]
Q: [0, 7.0, 0.0, 15.0, 0.0, 11.0, 0.0, 7.0, 0.0, 15.0, 0.0, 11.0, 0.0, 10.0, 15.0, 5.0, 0.0, 0]
B: [0.0, 175.0, 209.2400855285, 256.0, 261.08428175852, 293.0, 316.8182362487, 402.0, 428.6271162915, 432.85473559792, 449.73788654792, 511.0, 527.4211666151, 533.55501866744, 543.83416970244, 575.93049280964, 587.79171606024, 614.83892885564]
