Avion: 5      Iteracion: 50

Num Ruta: 43
Ingresos: 67200.0
Costos: 218.882972188
Utilidad Ruta: 66981.1170278
Costo Reducido: 10.5474310318
Nodos: [105, 1, 36, 3, 38, 18, 53, 21, 56, 33, 68, 715]
q: [0, 7.0, -7.0, 15.0, -15.0, 11.0, -11.0, 13.0, -13.0, 10.0, -10.0, 0]
Q: [0, 7.0, 0.0, 15.0, 0.0, 11.0, 0.0, 13.0, 0.0, 10.0, 0.0, 0]
B: [0.0, 175.0, 209.2400855285, 256.0, 261.08428175852, 293.0, 316.8182362487, 477.0, 517.7387906792, 562.0, 585.3035112376, 608.9260985641]
