Avion: 2      Iteracion: 36

Num Ruta: 35
Ingresos: 73200.0
Costos: 214.999078689
Utilidad Ruta: 72985.0009213
Costo Reducido: 35.303191814
Nodos: [102, 12, 47, 26, 61, 13, 48, 20, 55, 2, 37, 712]
q: [0, 14.0, -14.0, 13.0, -13.0, 15.0, -15.0, 10.0, -10.0, 9.0, -9.0, 0]
Q: [0, 14.0, 0.0, 13.0, 0.0, 15.0, 0.0, 10.0, 0.0, 9.0, 0.0, 0]
B: [0.0, 54.0, 97.347924264, 300.0, 317.5792279694, 423.0, 439.88315095, 496.0, 538.1771424471, 545.50743971256, 586.24240175996, 589.09669711959]
