Avion: 4      Iteracion: 23

Num Ruta: 22
Ingresos: 151200.0
Costos: 493.651348124
Utilidad Ruta: 150706.348652
Costo Reducido: 37.1228482607
Nodos: [104, 17, 52, 30, 65, 16, 51, 31, 66, 14, 49, 3, 38, 23, 18, 53, 58, 26, 61, 8, 32, 43, 67, 21, 56, 27, 33, 62, 68, 714]
q: [0.0, 5.0, -5.0, 11.0, -11.0, 11.0, -11.0, 6.0, -6.0, 8.0, -8.0, 15.0, -15.0, 10.0, 5.0, -5.0, -10.0, 13.0, -13.0, 8.0, 6.0, -8.0, -6.0, 13.0, -13.0, 5.0, 10.0, -5.0, -10.0, 0.0]
Q: [0.0, 5.0, 0.0, 11.0, 0.0, 11.0, 0.0, 6.0, 0.0, 8.0, 0.0, 15.0, 0.0, 10.0, 15.0, 10.0, 0.0, 13.0, 0.0, 8.0, 14.0, 6.0, 0.0, 13.0, 0.0, 5.0, 15.0, 10.0, 0.0, 0.0]
B: [0.0, 24.0, 58.8425537813, 64.0, 82.7140226568, 93.53069441849999, 103.15478585614, 130.0, 143.3056140031, 160.3516205736, 172.3733323486, 256.0, 261.08428175852, 267.0, 293.0, 316.8182362487, 326.74376782137, 346.43014059547, 364.00936856487, 414.0, 425.4468981388, 447.8266328334, 463.87573156200006, 482.2876631554001, 523.0264538346, 538.0, 562.0, 575.8471699997, 596.4139622873, 629.5540817952]
