Avion: 4      Iteracion: 16

Num Ruta: 17
Ingresos: 133200.0
Costos: 460.57879999
Utilidad Ruta: 132739.4212
Costo Reducido: 147.939672355
Nodos: [104, 17, 52, 9, 44, 14, 49, 3, 38, 18, 53, 22, 57, 8, 32, 43, 13, 67, 48, 21, 56, 27, 4, 7, 62, 39, 42, 714]
q: [0.0, 5.0, -5.0, 11.0, -11.0, 8.0, -8.0, 15.0, -15.0, 11.0, -11.0, 10.0, -10.0, 8.0, 6.0, -8.0, 9.0, -6.0, -9.0, 13.0, -13.0, 6.0, 0.0, 9.0, -6.0, 0.0, -9.0, 0.0]
Q: [0.0, 5.0, 0.0, 11.0, 0.0, 8.0, 0.0, 15.0, 0.0, 11.0, 0.0, 10.0, 0.0, 8.0, 14.0, 6.0, 15.0, 9.0, 0.0, 13.0, 0.0, 6.0, 6.0, 15.0, 9.0, 9.0, 0.0, 0.0]
B: [0.0, 24.0, 58.8425537813, 81.72911018459999, 111.25634718709999, 121.5131539026, 133.5348656776, 256.0, 261.08428175852, 293.0, 316.8182362487, 332.3010836612, 354.0557698001, 414.0, 425.4468981388, 447.8266328334, 450.03730897431, 463.87948875211003, 467.95043913255006, 483.46183552355006, 524.2006262027501, 538.0, 555.6147745373, 565.9781478298, 590.702662729, 596.11792126392, 597.27829534153, 645.54263440263]
