Avion: 7      Iteracion: 18

Num Ruta: 20
Ingresos: 67200.0
Costos: 158.713344617
Utilidad Ruta: 67041.2866554
Costo Reducido: 85.5022959202
Nodos: [107, 9, 44, 14, 49, 3, 38, 23, 58, 5, 40, 717]
q: [0, 11.0, -11.0, 8.0, -8.0, 15.0, -15.0, 10.0, -10.0, 12.0, -12.0, 0]
Q: [0, 11.0, 0.0, 8.0, 0.0, 15.0, 0.0, 10.0, 0.0, 12.0, 0.0, 0]
B: [0.0, 32.6028927091, 62.1301297116, 112.0, 124.021711775, 256.0, 261.08428175852, 267.0, 306.733842905, 469.0, 470.12168890518, 473.1997267542]
