Avion: 3      Iteracion: 41

Num Ruta: 40
Ingresos: 55200.0
Costos: 201.89224795
Utilidad Ruta: 54998.1077521
Costo Reducido: 2.45618560757
Nodos: [103, 14, 49, 23, 18, 53, 58, 21, 56, 33, 68, 713]
q: [0.0, 8.0, -8.0, 10.0, 5.0, -5.0, -10.0, 13.0, -13.0, 10.0, -10.0, 0.0]
Q: [0.0, 8.0, 0.0, 10.0, 15.0, 10.0, 0.0, 13.0, 0.0, 10.0, 0.0, 0.0]
B: [0.0, 112.0, 124.021711775, 267.0, 293.0, 316.8182362487, 326.74376782137, 477.0, 517.7387906792, 562.0, 585.3035112376, 598.7591057989999]
