Avion: 3      Iteracion: 51

Num Ruta: 47
Ingresos: 22800.0
Costos: 94.4700634188
Utilidad Ruta: 22705.5299366
Costo Reducido: 6.99092907245
Nodos: [103, 12, 47, 6, 41, 713]
q: [0, 14.0, -14.0, 5.0, -5.0, 0]
Q: [0, 14.0, 0.0, 5.0, 0.0, 0]
B: [0.0, 54.0, 97.347924264, 436.0, 439.69228939819, 461.42409597289]
