Avion: 5      Iteracion: 52

Num Ruta: 45
Ingresos: 30000.0
Costos: 116.464447454
Utilidad Ruta: 29883.5355525
Costo Reducido: 10.671353539
Nodos: [105, 22, 57, 7, 4, 42, 39, 715]
q: [0, 10.0, -10.0, 10.0, 5.0, -10.0, -5.0, 0]
Q: [0, 10.0, 0.0, 10.0, 15.0, 5.0, 0.0, 0]
B: [0.0, 299.0, 320.7546861389, 517.0, 529.0, 548.2723609867, 549.43273506431, 576.47994785971]
