Avion: 5      Iteracion: 20

Num Ruta: 19
Ingresos: 85200.0
Costos: 236.116534033
Utilidad Ruta: 84963.883466
Costo Reducido: 70.3869027722
Nodos: [105, 14, 49, 3, 38, 23, 58, 13, 48, 21, 56, 33, 68, 715]
q: [0, 8.0, -8.0, 15.0, -15.0, 10.0, -10.0, 15.0, -15.0, 13.0, -13.0, 10.0, -10.0, 0]
Q: [0, 8.0, 0.0, 15.0, 0.0, 10.0, 0.0, 15.0, 0.0, 13.0, 0.0, 10.0, 0.0, 0]
B: [0.0, 112.0, 124.021711775, 256.0, 261.08428175852, 267.0, 306.733842905, 423.0, 439.88315095, 477.0, 517.7387906792, 562.0, 585.3035112376, 608.9260985641]
