Avion: 2      Iteracion: 63

Num Ruta: 53
Ingresos: 114000.0
Costos: 317.862050407
Utilidad Ruta: 113682.13795
Costo Reducido: 3.39086506354
Nodos: [102, 9, 44, 12, 47, 10, 45, 35, 26, 70, 61, 22, 57, 32, 19, 54, 13, 67, 48, 15, 50, 712]
q: [0.0, 11.0, -11.0, 14.0, -14.0, 12.0, -12.0, 6.0, 9.0, -6.0, -9.0, 10.0, -10.0, 6.0, 7.0, -7.0, 9.0, -6.0, -9.0, 11.0, -11.0, 0.0]
Q: [0.0, 11.0, 0.0, 14.0, 0.0, 12.0, 0.0, 6.0, 15.0, 9.0, 0.0, 10.0, 0.0, 6.0, 13.0, 6.0, 15.0, 9.0, 0.0, 11.0, 0.0, 0.0]
B: [0.0, 28.0, 57.5272370025, 68.3142737596, 111.6621980236, 120.37996838075, 149.89947911515, 279.0, 300.0, 309.29300538039, 319.11482114938, 332.74900179948, 354.50368793838004, 422.0, 433.71491463899997, 460.34203093049996, 464.56965023692, 478.41183001472, 482.48278039516003, 511.0, 527.4211666151, 534.86056773347]
