Avion: 7      Iteracion: 24

Num Ruta: 25
Ingresos: 111600.0
Costos: 400.680963055
Utilidad Ruta: 111199.319037
Costo Reducido: 69.0965445279
Nodos: [107, 16, 51, 12, 47, 31, 66, 11, 46, 34, 69, 28, 63, 25, 60, 32, 8, 43, 67, 20, 55, 717]
q: [0, 11.0, -11.0, 14.0, -14.0, 6.0, -6.0, 8.0, -8.0, 12.0, -12.0, 8.0, -8.0, 10.0, -10.0, 6.0, 8.0, -8.0, -6.0, 10.0, -10.0, 0]
Q: [0, 11.0, 0.0, 14.0, 0.0, 6.0, 0.0, 8.0, 0.0, 12.0, 0.0, 8.0, 0.0, 10.0, 0.0, 6.0, 14.0, 6.0, 0.0, 10.0, 0.0, 0]
B: [0.0, 36.0, 45.624091437640004, 79.57799432084, 122.92591858484, 143.84325197134, 157.14886597444, 169.0, 173.05406684701, 283.0, 323.947598037, 378.0, 414.0266187839, 417.35999740026, 434.54497971036, 453.08990915216, 464.53680729096, 485.30520390696, 501.35430263556, 517.3133751023599, 559.4905175494599, 575.60450879926]
