Avion: 2      Iteracion: 15

Num Ruta: 19
Ingresos: 85200.0
Costos: 240.441188855
Utilidad Ruta: 84959.5588111
Costo Reducido: 167.144481411
Nodos: [102, 24, 59, 11, 46, 25, 19, 60, 54, 13, 48, 7, 42, 2, 37, 712]
q: [0.0, 14.0, -14.0, 8.0, -8.0, 8.0, 7.0, -8.0, -7.0, 15.0, -15.0, 10.0, -10.0, 9.0, -9.0, 0.0]
Q: [0.0, 14.0, 0.0, 8.0, 0.0, 8.0, 15.0, 7.0, 0.0, 15.0, 0.0, 10.0, 0.0, 9.0, 0.0, 0.0]
B: [0.0, 61.0, 99.5129503025, 169.0, 173.05406684701, 410.0, 419.3920072402, 436.06489892099995, 452.85175535689996, 457.07937466332, 473.96252561332, 517.0, 545.5413118129, 555.6714802715, 596.4064423189, 599.26073767853]
