Avion: 3      Iteracion: 47

Num Ruta: 43
Ingresos: 80400.0
Costos: 233.543843892
Utilidad Ruta: 80166.4561561
Costo Reducido: 8.0656575766
Nodos: [103, 30, 65, 24, 59, 1, 36, 8, 43, 5, 40, 7, 4, 42, 39, 713]
q: [0, 11.0, -11.0, 14.0, -14.0, 7.0, -7.0, 8.0, -8.0, 12.0, -12.0, 10.0, 5.0, -10.0, -5.0, 0]
Q: [0, 11.0, 0.0, 14.0, 0.0, 7.0, 0.0, 8.0, 0.0, 12.0, 0.0, 10.0, 15.0, 5.0, 0.0, 0]
B: [0.0, 64.0, 82.7140226568, 107.4479935471, 145.9609438496, 175.0, 209.2400855285, 414.0, 434.768396616, 469.0, 470.12168890518, 517.0, 529.0, 548.2723609867, 549.43273506431, 566.00365685521]
