Avion: 1      Iteracion: 0

Num Ruta: 2
Ingresos: 177600.0
Costos: 554.876983438
Utilidad Ruta: 177045.123017
Costo Reducido: -
Nodos: [101, 16, 51, 12, 47, 10, 45, 1, 11, 46, 36, 3, 38, 23, 18, 53, 58, 26, 61, 8, 6, 41, 43, 13, 48, 5, 40, 21, 56, 711]
q: [0.0, 11.0, -11.0, 14.0, -14.0, 12.0, -12.0, 7.0, 8.0, -8.0, -7.0, 15.0, -15.0, 4.0, 11.0, -11.0, -4.0, 13.0, -13.0, 8.0, 5.0, -5.0, -8.0, 15.0, -15.0, 12.0, -12.0, 13.0, -13.0, 0.0]
Q: [0.0, 11.0, 0.0, 14.0, 0.0, 12.0, 0.0, 7.0, 15.0, 7.0, 0.0, 15.0, 0.0, 4.0, 15.0, 4.0, 0.0, 13.0, 0.0, 8.0, 13.0, 8.0, 0.0, 15.0, 0.0, 12.0, 0.0, 13.0, 0.0, 0.0]
B: [0.0, 36.0, 45.624091437640004, 79.57799432084, 122.92591858484, 131.64368894199, 161.16319967639, 199.58254084719002, 218.26336944229, 222.31743628930002, 256.6331656273, 263.7297175365, 268.81399929502, 272.17648661842, 293.0, 316.8182362487, 326.74376782137, 346.43014059547, 364.00936856487, 414.0, 441.9144979715, 445.60678736969, 458.47278985688996, 460.68346599779994, 477.56661694779996, 504.8309000486, 505.95258895378, 534.19217933678, 574.9309700159799, 594.7109194597799]
