Avion: 2      Iteracion: 13

Num Ruta: 17
Ingresos: 152400.0
Costos: 483.488515141
Utilidad Ruta: 151916.511485
Costo Reducido: 261.538675438
Nodos: [102, 9, 44, 12, 47, 14, 49, 3, 38, 23, 58, 26, 61, 22, 57, 19, 32, 54, 13, 48, 67, 6, 41, 33, 68, 29, 64, 712]
q: [0.0, 11.0, -11.0, 14.0, -14.0, 8.0, -8.0, 15.0, -15.0, 10.0, -10.0, 13.0, -13.0, 10.0, -10.0, 7.0, 6.0, -7.0, 9.0, -9.0, -6.0, 5.0, -5.0, 10.0, -10.0, 9.0, -9.0, 0.0]
Q: [0.0, 11.0, 0.0, 14.0, 0.0, 8.0, 0.0, 15.0, 0.0, 10.0, 0.0, 13.0, 0.0, 10.0, 0.0, 7.0, 13.0, 6.0, 15.0, 6.0, 0.0, 5.0, 0.0, 10.0, 0.0, 9.0, 0.0, 0.0]
B: [0.0, 28.0, 57.5272370025, 68.3142737596, 111.6621980236, 148.1814318053, 160.2031435803, 256.0, 261.08428175852, 267.0, 306.733842905, 326.4202156791, 343.9994436485, 357.6336242986, 379.3883104375, 402.0, 422.0, 441.5724706923, 445.80008999872, 462.68324094872, 466.75419132916005, 487.14616310726007, 490.83845250545005, 562.0, 585.3035112376, 603.6868304428, 637.466610223, 669.3027760883]
