Avion: 1      Iteracion: 24

Num Ruta: 24
Ingresos: 61200.0
Costos: 210.51252862
Utilidad Ruta: 60989.4874714
Costo Reducido: 48.6043801662
Nodos: [101, 16, 51, 12, 47, 31, 11, 46, 66, 34, 69, 711]
q: [0, 11.0, -11.0, 14.0, -14.0, 6.0, 8.0, -8.0, -6.0, 12.0, -12.0, 0]
Q: [0, 11.0, 0.0, 14.0, 0.0, 6.0, 14.0, 6.0, 0.0, 12.0, 0.0, 0]
B: [0.0, 36.0, 45.624091437640004, 79.57799432084, 122.92591858484, 143.84325197134, 169.0, 173.05406684701, 176.74844541451, 283.0, 323.947598037, 331.19621590526]
