Avion: 4      Iteracion: 13

Num Ruta: 15
Ingresos: 118800.0
Costos: 398.278405777
Utilidad Ruta: 118401.721594
Costo Reducido: 135.999125818
Nodos: [104, 12, 47, 31, 14, 49, 66, 11, 46, 3, 38, 23, 58, 26, 61, 22, 57, 13, 28, 48, 63, 714]
q: [0.0, 14.0, -14.0, 6.0, 8.0, -8.0, -6.0, 8.0, -8.0, 15.0, -15.0, 10.0, -10.0, 13.0, -13.0, 10.0, -10.0, 7.0, 8.0, -7.0, -8.0, 0.0]
Q: [0.0, 14.0, 0.0, 6.0, 14.0, 6.0, 0.0, 8.0, 0.0, 15.0, 0.0, 10.0, 0.0, 13.0, 0.0, 10.0, 0.0, 7.0, 15.0, 8.0, 0.0, 0.0]
B: [0.0, 54.0, 97.347924264, 130.0, 147.5196824172, 159.5413941922, 188.60695116259998, 189.08583006169698, 193.139896908707, 256.0, 261.08428175852, 267.0, 306.733842905, 326.4202156791, 343.9994436485, 357.6336242986, 379.3883104375, 423.0, 436.7962173439, 450.1536367429, 473.1920667675, 480.62508297897]
