Avion: 1      Iteracion: 21

Num Ruta: 23
Ingresos: 39600.0
Costos: 199.901951144
Utilidad Ruta: 39400.0980489
Costo Reducido: 56.6384368836
Nodos: [101, 24, 59, 1, 36, 34, 69, 711]
q: [0, 14.0, -14.0, 7.0, -7.0, 12.0, -12.0, 0]
Q: [0, 14.0, 0.0, 7.0, 0.0, 12.0, 0.0, 0]
B: [0.0, 61.0, 99.5129503025, 175.0, 209.2400855285, 283.0, 323.947598037, 331.19621590526]
