Avion: 6      Iteracion: 13

Num Ruta: 15
Ingresos: 115200.0
Costos: 387.952795636
Utilidad Ruta: 114812.047204
Costo Reducido: 232.400823197
Nodos: [106, 12, 47, 14, 49, 3, 38, 23, 18, 53, 58, 22, 57, 13, 48, 29, 64, 33, 68, 716]
q: [0.0, 14.0, -14.0, 8.0, -8.0, 15.0, -15.0, 10.0, 5.0, -5.0, -10.0, 10.0, -10.0, 15.0, -15.0, 9.0, -9.0, 10.0, -10.0, 0.0]
Q: [0.0, 14.0, 0.0, 8.0, 0.0, 15.0, 0.0, 10.0, 15.0, 10.0, 0.0, 10.0, 0.0, 15.0, 0.0, 9.0, 0.0, 10.0, 0.0, 0.0]
B: [0.0, 54.0, 97.347924264, 133.8671580457, 145.8888698207, 256.0, 261.08428175852, 267.0, 293.0, 316.8182362487, 326.74376782137, 342.50019181287, 364.25487795177, 423.0, 439.88315095, 549.0, 582.7797797802, 591.6312714624, 614.9347827, 650.9882792017]
