Avion: 4      Iteracion: 12

Num Ruta: 14
Ingresos: 126000.0
Costos: 434.800424518
Utilidad Ruta: 125565.199575
Costo Reducido: 210.264797998
Nodos: [104, 17, 52, 30, 65, 16, 51, 10, 45, 31, 66, 34, 57, 18, 22, 53, 69, 28, 63, 25, 19, 60, 54, 5, 40, 714]
q: [0.0, 5.0, -5.0, 11.0, -11.0, 11.0, -11.0, 12.0, -12.0, 6.0, -6.0, 12.0, -10.0, 3.0, 10.0, -3.0, -12.0, 8.0, -8.0, 8.0, 7.0, -8.0, -7.0, 12.0, -12.0, 0.0]
Q: [0.0, 5.0, 0.0, 11.0, 0.0, 11.0, 0.0, 12.0, 0.0, 6.0, 0.0, 12.0, 2.0, 5.0, 15.0, 12.0, 0.0, 8.0, 0.0, 8.0, 15.0, 7.0, 0.0, 12.0, 0.0, 0.0]
B: [0.0, 24.0, 58.8425537813, 64.0, 82.7140226568, 93.53069441849999, 103.15478585614, 118.98406306644, 148.50357380084, 188.11172813804, 201.41734214114, 283.0, 320.0, 333.4004365974, 343.08612676383, 358.56897417633, 373.72160381613, 382.90178736549, 418.92840614939, 422.26178476575, 431.65379200595, 448.32668368674996, 465.11354012264997, 472.96385336480995, 474.08554226998996, 516.7251069135899]
