Avion: 2      Iteracion: 21

Num Ruta: 22
Ingresos: 43200.0
Costos: 203.880636262
Utilidad Ruta: 42996.1193637
Costo Reducido: 72.7776413887
Nodos: [102, 24, 59, 1, 36, 32, 67, 29, 64, 712]
q: [0, 14.0, -14.0, 7.0, -7.0, 6.0, -6.0, 9.0, -9.0, 0]
Q: [0, 14.0, 0.0, 7.0, 0.0, 6.0, 0.0, 9.0, 0.0, 0]
B: [0.0, 61.0, 99.5129503025, 175.0, 209.2400855285, 422.0, 449.8573558149, 549.0, 582.7797797802, 614.6159456455]
