Avion: 6      Iteracion: 61

Num Ruta: 42
Ingresos: 46800.0
Costos: 102.140318442
Utilidad Ruta: 46697.8596816
Costo Reducido: 2.29761017793
Nodos: [106, 10, 45, 35, 26, 70, 61, 5, 40, 716]
q: [0.0, 12.0, -12.0, 2.0, 13.0, -2.0, -13.0, 12.0, -12.0, 0.0]
Q: [0.0, 12.0, 0.0, 2.0, 15.0, 13.0, 0.0, 12.0, 0.0, 0.0]
B: [0.0, 96.0, 125.5195107344, 279.0, 300.0, 309.29300538039, 319.11482114938, 469.0, 470.12168890518, 487.46667192618]
