Avion: 6      Iteracion: 0

Num Ruta: 1
Ingresos: 39600.0
Costos: 220.196880505
Utilidad Ruta: 39379.8031195
Costo Reducido: -
Nodos: [106, 17, 52, 10, 45, 27, 62, 33, 68, 716]
q: [0, 5.0, -5.0, 12.0, -12.0, 6.0, -6.0, 10.0, -10.0, 0]
Q: [0, 5.0, 0.0, 12.0, 0.0, 6.0, 0.0, 10.0, 0.0, 0]
B: [0.0, 24.0, 58.8425537813, 96.0, 125.5195107344, 538.0, 555.0308623681, 568.8780323678, 592.1815436054, 628.2350401071]
