Avion: 5      Iteracion: 42

Num Ruta: 37
Ingresos: 50400.0
Costos: 176.997429587
Utilidad Ruta: 50223.0025704
Costo Reducido: 13.5577956637
Nodos: [105, 1, 36, 8, 43, 5, 40, 7, 27, 42, 62, 715]
q: [0.0, 7.0, -7.0, 8.0, -8.0, 12.0, -12.0, 10.0, 5.0, -10.0, -5.0, 0.0]
Q: [0.0, 7.0, 0.0, 8.0, 0.0, 12.0, 0.0, 10.0, 15.0, 5.0, 0.0, 0.0]
B: [0.0, 175.0, 209.2400855285, 414.0, 434.768396616, 469.0, 470.12168890518, 517.0, 544.6633233723, 560.5030982444, 564.90301881186, 586.78454538106]
