Avion: 1      Iteracion: 26

Num Ruta: 26
Ingresos: 12000.0
Costos: 58.5875418117
Utilidad Ruta: 11941.4124582
Costo Reducido: 24.0109427798
Nodos: [101, 33, 68, 711]
q: [0, 10.0, -10.0, 0]
Q: [0, 10.0, 0.0, 0]
B: [0.0, 562.0, 585.3035112376, 604.0734997565]
