Avion: 6      Iteracion: 23

Num Ruta: 24
Ingresos: 104400.0
Costos: 305.367512379
Utilidad Ruta: 104094.632488
Costo Reducido: 40.6704257424
Nodos: [106, 31, 66, 14, 49, 3, 38, 23, 18, 53, 58, 28, 63, 15, 29, 50, 7, 42, 33, 64, 68, 716]
q: [0.0, 6.0, -6.0, 8.0, -8.0, 15.0, -15.0, 10.0, 5.0, -5.0, -10.0, 8.0, -8.0, 10.0, 5.0, -10.0, 10.0, -10.0, 10.0, -5.0, -10.0, 0.0]
Q: [0.0, 6.0, 0.0, 8.0, 0.0, 15.0, 0.0, 10.0, 15.0, 10.0, 0.0, 8.0, 0.0, 10.0, 15.0, 5.0, 15.0, 5.0, 15.0, 10.0, 0.0, 0.0]
B: [0.0, 130.0, 143.3056140031, 160.3516205736, 172.3733323486, 256.0, 261.08428175852, 267.0, 293.0, 316.8182362487, 326.74376782137, 378.0, 414.0266187839, 511.0, 549.0, 564.1378768657, 575.0426164316, 603.5839282444999, 613.04395446011, 621.89544614231, 637.30986202481, 673.36335852651]
