Avion: 1      Iteracion: 55

Num Ruta: 47
Ingresos: 55200.0
Costos: 150.697329569
Utilidad Ruta: 55049.3026704
Costo Reducido: 5.55662707038
Nodos: [101, 26, 61, 6, 41, 13, 48, 21, 56, 711]
q: [0, 13.0, -13.0, 5.0, -5.0, 15.0, -15.0, 13.0, -13.0, 0]
Q: [0, 13.0, 0.0, 5.0, 0.0, 15.0, 0.0, 13.0, 0.0, 0]
B: [0.0, 300.0, 317.5792279694, 436.0, 439.69228939819, 453.10235550539, 469.98550645539, 485.49690284639, 526.23569352559, 546.01564296939]
