Avion: 2      Iteracion: 22

Num Ruta: 23
Ingresos: 69600.0
Costos: 253.740685474
Utilidad Ruta: 69346.2593145
Costo Reducido: 32.525396594
Nodos: [102, 24, 59, 1, 36, 23, 58, 5, 40, 4, 20, 55, 39, 712]
q: [0, 14.0, -14.0, 7.0, -7.0, 10.0, -10.0, 12.0, -12.0, 5.0, 10.0, -10.0, -5.0, 0]
Q: [0, 14.0, 0.0, 7.0, 0.0, 10.0, 0.0, 12.0, 0.0, 5.0, 15.0, 5.0, 0.0, 0]
B: [0.0, 61.0, 99.5129503025, 175.0, 209.2400855285, 267.0, 306.733842905, 469.0, 470.12168890518, 529.0, 539.279151035, 581.4562934821, 593.3175167327, 624.9346782119001]
