Avion: 7      Iteracion: 0

Num Ruta: 2
Ingresos: 138000.0
Costos: 428.183029757
Utilidad Ruta: 137571.81697
Costo Reducido: -
Nodos: [107, 16, 51, 9, 44, 30, 65, 14, 49, 11, 46, 3, 38, 23, 35, 58, 70, 26, 61, 13, 48, 8, 43, 717]
q: [0.0, 11.0, -11.0, 11.0, -11.0, 11.0, -11.0, 8.0, -8.0, 8.0, -8.0, 15.0, -15.0, 9.0, 6.0, -9.0, -6.0, 13.0, -13.0, 15.0, -15.0, 8.0, -8.0, 0.0]
Q: [0.0, 11.0, 0.0, 11.0, 0.0, 11.0, 0.0, 8.0, 0.0, 8.0, 0.0, 15.0, 0.0, 9.0, 15.0, 6.0, 0.0, 13.0, 0.0, 15.0, 0.0, 8.0, 0.0, 0.0]
B: [0.0, 36.0, 45.624091437640004, 75.68094759394, 105.20818459644, 120.99608493184, 139.71010758864, 167.50604824554, 179.52776002054, 208.97618912974, 213.03025597675, 256.0, 261.08428175852, 267.0, 307.4405515417, 336.9605871955, 349.5791326743, 358.87213805469, 376.45136602409, 423.0, 439.88315095, 473.0543964648, 493.8227930808, 505.8045213785]
