Avion: 3      Iteracion: 54

Num Ruta: 48
Ingresos: 64800.0
Costos: 204.398566784
Utilidad Ruta: 64595.6014332
Costo Reducido: 13.6692754617
Nodos: [103, 22, 57, 18, 53, 25, 60, 21, 56, 33, 68, 713]
q: [0, 10.0, -10.0, 11.0, -11.0, 10.0, -10.0, 13.0, -13.0, 10.0, -10.0, 0]
Q: [0, 10.0, 0.0, 11.0, 0.0, 10.0, 0.0, 13.0, 0.0, 10.0, 0.0, 0]
B: [0.0, 299.0, 320.7546861389, 334.15512273630003, 357.973358985, 410.0, 427.1849823101, 477.0, 517.7387906792, 562.0, 585.3035112376, 598.7591057989999]
