Avion: 3      Iteracion: 10

Num Ruta: 13
Ingresos: 32400.0
Costos: 176.849306148
Utilidad Ruta: 32223.1506939
Costo Reducido: 807.753110438
Nodos: [103, 34, 69, 27, 62, 2, 37, 713]
q: [0, 12.0, -12.0, 6.0, -6.0, 9.0, -9.0, 0]
Q: [0, 12.0, 0.0, 6.0, 0.0, 9.0, 0.0, 0]
B: [0.0, 283.0, 323.947598037, 538.0, 555.0308623681, 566.4829354555, 607.2178975029, 624.1159233343]
