Avion: 6      Iteracion: 0

Num Ruta: 2
Ingresos: 189600.0
Costos: 608.947154496
Utilidad Ruta: 188991.052846
Costo Reducido: -
Nodos: [106, 17, 52, 16, 51, 24, 59, 10, 45, 1, 36, 3, 38, 23, 18, 53, 58, 26, 61, 13, 48, 25, 60, 5, 40, 21, 56, 27, 62, 33, 68, 716]
q: [0.0, 5.0, -5.0, 11.0, -11.0, 14.0, -14.0, 12.0, -12.0, 7.0, -7.0, 15.0, -15.0, 4.0, 11.0, -11.0, -4.0, 13.0, -13.0, 15.0, -15.0, 10.0, -10.0, 12.0, -12.0, 13.0, -13.0, 6.0, -6.0, 10.0, -10.0, 0.0]
Q: [0.0, 5.0, 0.0, 11.0, 0.0, 14.0, 0.0, 12.0, 0.0, 7.0, 0.0, 15.0, 0.0, 4.0, 15.0, 4.0, 0.0, 13.0, 0.0, 15.0, 0.0, 10.0, 0.0, 12.0, 0.0, 13.0, 0.0, 6.0, 0.0, 10.0, 0.0, 0.0]
B: [0.0, 24.0, 58.8425537813, 64.17419311644, 73.79828455408, 99.02448363357999, 137.53743393608, 149.32336461638, 178.84287535078, 217.26221652158, 251.50230205008, 258.59885395928, 263.6831357178, 267.0456230412, 293.0, 316.8182362487, 326.74376782137, 346.43014059547, 364.00936856487, 423.0, 439.88315095, 463.8957169312, 481.0806992413, 504.1429351476, 505.26462405278, 533.50421443578, 574.24300511498, 587.42045331258, 604.45131568068, 618.2984856803799, 641.6019969179799, 677.6554934196799]
