Avion: 7      Iteracion: 10

Num Ruta: 13
Ingresos: 111600.0
Costos: 382.342481464
Utilidad Ruta: 111217.657519
Costo Reducido: 1634.36507677
Nodos: [107, 30, 65, 31, 11, 66, 46, 34, 69, 22, 57, 8, 32, 67, 43, 6, 41, 5, 40, 2, 27, 37, 62, 717]
q: [0, 11.0, -11.0, 6.0, 8.0, -6.0, -8.0, 12.0, -12.0, 10.0, -10.0, 8.0, 6.0, -6.0, -8.0, 5.0, -5.0, 12.0, -12.0, 9.0, 6.0, -9.0, -6.0, 0]
Q: [0, 11.0, 0.0, 6.0, 14.0, 8.0, 0.0, 12.0, 0.0, 10.0, 0.0, 8.0, 14.0, 8.0, 0.0, 5.0, 0.0, 12.0, 0.0, 9.0, 15.0, 6.0, 0.0, 0]
B: [0.0, 64.0, 82.7140226568, 130.0, 169.0, 169.478878899097, 173.173257466597, 283.0, 323.947598037, 353.69889745399996, 375.4535835929, 414.0, 425.4468981388, 453.3042539537, 469.35335268230006, 478.54402431173, 482.23631370992, 500.62517392472, 501.7468628299, 522.0, 547.7839683718, 572.749620336, 602.0901506823, 602.999318433598]
