Avion: 2      Iteracion: 11

Num Ruta: 15
Ingresos: 76800.0
Costos: 367.670502416
Utilidad Ruta: 76432.3294976
Costo Reducido: 484.480527625
Nodos: [102, 17, 52, 14, 49, 3, 38, 35, 70, 32, 21, 67, 56, 4, 7, 39, 42, 712]
q: [0.0, 5.0, -5.0, 8.0, -8.0, 15.0, -15.0, 6.0, -6.0, 6.0, 9.0, -6.0, -9.0, 5.0, 10.0, -5.0, -10.0, 0.0]
Q: [0.0, 5.0, 0.0, 8.0, 0.0, 15.0, 0.0, 6.0, 0.0, 6.0, 15.0, 9.0, 0.0, 5.0, 15.0, 10.0, 0.0, 0.0]
B: [0.0, 47.9042703942, 82.7468241755, 112.0, 124.021711775, 256.0, 261.08428175852, 304.88260501412, 324.79548840651995, 422.0, 477.0, 495.4119315934, 521.6226304967, 550.7924279077, 561.1558012002, 590.8534677079, 592.01384178551, 622.49365622061]
