Avion: 2      Iteracion: 44

Num Ruta: 43
Ingresos: 38400.0
Costos: 95.0703851513
Utilidad Ruta: 38304.9296148
Costo Reducido: 6.46432967815
Nodos: [102, 24, 59, 11, 46, 25, 60, 712]
q: [0, 14.0, -14.0, 8.0, -8.0, 10.0, -10.0, 0]
Q: [0, 14.0, 0.0, 8.0, 0.0, 10.0, 0.0, 0]
B: [0.0, 61.0, 99.5129503025, 169.0, 173.05406684701, 410.0, 427.1849823101, 433.12371794995]
