Avion: 2      Iteracion: 61

Num Ruta: 51
Ingresos: 85200.0
Costos: 297.598204137
Utilidad Ruta: 84902.4017959
Costo Reducido: 7.3026383039
Nodos: [102, 24, 59, 1, 36, 8, 32, 19, 54, 43, 13, 67, 48, 15, 50, 20, 7, 55, 42, 712]
q: [0.0, 14.0, -14.0, 7.0, -7.0, 2.0, 6.0, 7.0, -7.0, -2.0, 9.0, -6.0, -9.0, 11.0, -11.0, 10.0, 5.0, -10.0, -5.0, 0.0]
Q: [0.0, 14.0, 0.0, 7.0, 0.0, 2.0, 8.0, 15.0, 8.0, 6.0, 15.0, 9.0, 0.0, 11.0, 0.0, 10.0, 15.0, 5.0, 0.0, 0.0]
B: [0.0, 61.0, 99.5129503025, 175.0, 209.2400855285, 414.0, 425.4468981388, 437.16181277780004, 463.7889290693, 466.71704826086, 468.92772440177, 482.76990417957, 486.84085456001003, 511.0, 527.4211666151, 533.55501866744, 542.2979730879999, 583.1352039074, 596.0988884530999, 626.5787028881999]
