Avion: 5      Iteracion: 11

Num Ruta: 13
Ingresos: 46800.0
Costos: 241.451502477
Utilidad Ruta: 46558.5484975
Costo Reducido: 356.361467294
Nodos: [105, 17, 52, 32, 67, 21, 56, 4, 7, 42, 39, 715]
q: [0, 5.0, -5.0, 6.0, -6.0, 13.0, -13.0, 5.0, 10.0, -10.0, -5.0, 0]
Q: [0, 5.0, 0.0, 6.0, 0.0, 13.0, 0.0, 5.0, 15.0, 5.0, 0.0, 0]
B: [0.0, 24.0, 58.8425537813, 422.0, 449.8573558149, 477.0, 517.7387906792, 546.9085880901999, 557.2719613826999, 585.8132731955999, 586.9736472732098, 614.0208600686099]
