Avion: 3      Iteracion: 22

Num Ruta: 24
Ingresos: 120000.0
Costos: 338.554398932
Utilidad Ruta: 119661.445601
Costo Reducido: 83.6008110244
Nodos: [103, 16, 51, 24, 59, 31, 11, 46, 66, 3, 38, 23, 18, 53, 58, 6, 41, 5, 40, 4, 2, 39, 37, 713]
q: [0.0, 11.0, -11.0, 14.0, -14.0, 6.0, 8.0, -8.0, -6.0, 15.0, -15.0, 10.0, 5.0, -5.0, -10.0, 5.0, -5.0, 12.0, -12.0, 5.0, 9.0, -5.0, -9.0, 0.0]
Q: [0.0, 11.0, 0.0, 14.0, 0.0, 6.0, 14.0, 6.0, 0.0, 15.0, 0.0, 10.0, 15.0, 10.0, 0.0, 5.0, 0.0, 12.0, 0.0, 5.0, 14.0, 9.0, 0.0, 0.0]
B: [0.0, 36.0, 45.624091437640004, 70.85029051714, 109.36324081964, 130.0, 169.0, 173.05406684701, 176.74844541451, 256.0, 261.08428175852, 267.0, 293.0, 316.8182362487, 326.74376782137, 436.0, 439.69228939819, 469.0, 470.12168890518, 529.0, 556.3715326023, 565.8259991129, 599.0192098946001, 615.9172357260001]
