Avion: 6      Iteracion: 25

Num Ruta: 27
Ingresos: 1206.732
Costos: 291.353837758
Utilidad Ruta: 915.378162242
Costo Reducido: 139.605060513
Nodos: [106, 17, 52, 14, 49, 35, 70, 22, 57, 33, 6, 41, 68, 5, 40, 716]
q: [0, 5.0, -5.0, 8.0, -8.0, 8.0, -8.0, 10.0, -10.0, 5.0, 4.0, -4.0, -5.0, 9.0, -9.0, 0]
Q: [0, 5.0, 0.0, 8.0, 0.0, 8.0, 0.0, 10.0, 0.0, 5.0, 9.0, 5.0, 0.0, 9.0, 0.0, 0]
B: [0.0, 24.0, 58.8425537813, 112.0, 124.021711775, 270.0, 281.922738989, 299.64604976889996, 321.40073590779997, 437.0, 463.1548069196, 466.84709631779, 497.92495713539, 526.89637472239, 528.01806362757, 534.7414177012399]
