Avion: 1      Iteracion: 10

Num Ruta: 13
Ingresos: 1455.93
Costos: 471.533383504
Utilidad Ruta: 984.396616496
Costo Reducido: 279.960430855
Nodos: [101, 10, 45, 35, 70, 3, 38, 19, 54, 4, 27, 39, 2, 62, 37, 711]
q: [0.0, 12.0, -12.0, 8.0, -8.0, 13.0, -13.0, 7.0, -7.0, 3.0, 6.0, -3.0, 9.0, -6.0, -9.0, 0.0]
Q: [0.0, 12.0, 0.0, 8.0, 0.0, 13.0, 0.0, 7.0, 0.0, 3.0, 9.0, 6.0, 15.0, 9.0, 0.0, 0.0]
B: [0.0, 96.0, 125.5195107344, 270.0, 281.922738989, 301.6759641434, 306.76024590192, 402.0, 428.6271162915, 529.0, 546.6147745373, 562.9655871165, 572.4200536271001, 583.8721267145, 613.2126570608, 630.1623242552]
