Avion: 4      Iteracion: 44

Num Ruta: 42
Ingresos: 3082.462
Costos: 609.338602029
Utilidad Ruta: 2473.12339797
Costo Reducido: 65.7807095216
Nodos: [104, 17, 52, 9, 44, 10, 45, 23, 35, 70, 26, 58, 61, 18, 53, 25, 60, 13, 48, 31, 66, 4, 39, 2, 37, 714]
q: [0.0, 5.0, -5.0, 11.0, -11.0, 12.0, -12.0, 7.0, 8.0, -8.0, 8.0, -7.0, -8.0, 10.0, -10.0, 10.0, -10.0, 15.0, -15.0, 9.0, -9.0, 3.0, -3.0, 10.0, -10.0, 0.0]
Q: [0.0, 5.0, 0.0, 11.0, 0.0, 12.0, 0.0, 7.0, 15.0, 7.0, 15.0, 8.0, 0.0, 10.0, 0.0, 10.0, 0.0, 15.0, 0.0, 9.0, 0.0, 3.0, 0.0, 10.0, 0.0, 0.0]
B: [0.0, 24.0, 58.8425537813, 81.72911018459999, 111.25634718709999, 139.7984606337, 169.3179713681, 267.0, 277.4634044651, 289.38614345409997, 303.7370056233, 323.4233783974, 326.49045077998, 349.76912153238, 373.58735778107996, 410.0, 427.1849823101, 443.186042775, 460.069193725, 464.5267071574, 492.8521862354, 529.0, 549.4257496801999, 558.8802161908, 599.6151782382, 623.9764823493999]
