Avion: 4      Iteracion: 56

Num Ruta: 54
Ingresos: 2021.466
Costos: 435.073480426
Utilidad Ruta: 1586.39251957
Costo Reducido: 23.7766608957
Nodos: [104, 17, 52, 9, 44, 35, 70, 22, 57, 18, 53, 31, 33, 66, 68, 29, 64, 714]
q: [0, 5.0, -5.0, 11.0, -11.0, 8.0, -8.0, 10.0, -10.0, 10.0, -10.0, 9.0, 5.0, -9.0, -5.0, 9.0, -9.0, 0]
Q: [0, 5.0, 0.0, 11.0, 0.0, 8.0, 0.0, 10.0, 0.0, 10.0, 0.0, 9.0, 14.0, 5.0, 0.0, 9.0, 0.0, 0]
B: [0.0, 24.0, 58.8425537813, 81.72911018459999, 111.25634718709999, 270.0, 281.922738989, 299.64604976889996, 321.40073590779997, 334.8011725052, 358.61940875389996, 406.0, 443.5012702852, 465.8994317276, 496.8512225805, 549.0, 582.7797797802, 609.550209829]
