Avion: 2      Iteracion: 1

Num Ruta: 5
Ingresos: 2330.962
Costos: 792.199383687
Utilidad Ruta: 1538.76261631
Costo Reducido: 1916.57263493
Nodos: [102, 9, 12, 44, 24, 59, 47, 10, 45, 18, 53, 34, 28, 69, 19, 63, 54, 21, 56, 712]
q: [0, 11.0, 0.0, -11.0, 11.0, -11.0, -0.0, 12.0, -12.0, 10.0, -10.0, 8.0, 6.0, -8.0, 7.0, -6.0, -7.0, 12.0, -12.0, 0]
Q: [0, 11.0, 11.0, 0.0, 11.0, 0.0, 0.0, 12.0, 0.0, 10.0, 0.0, 8.0, 14.0, 6.0, 13.0, 7.0, 0.0, 12.0, 0.0, 0]
B: [0.0, 29.8362865317, 54.0, 64.7870367571, 88.9272866522, 127.4402369547, 143.3724745251, 152.09024488224998, 181.60975561664998, 293.0, 316.8182362487, 340.28894720939996, 378.0, 412.6152135628, 433.1550298229, 445.6908230966, 478.5209002363, 502.1277606163, 542.8665512955, 584.9633470405]
