Avion: 7      Iteracion: 70

Num Ruta: 47
Ingresos: 1373.461
Costos: 298.227528637
Utilidad Ruta: 1075.23347136
Costo Reducido: 24.2380271002
Nodos: [107, 14, 49, 3, 38, 23, 35, 70, 58, 32, 67, 26, 61, 13, 48, 31, 66, 717]
q: [0.0, 8.0, -8.0, 0.0, 0.0, 7.0, 8.0, -8.0, -7.0, 11.0, -11.0, 10.0, -10.0, 15.0, -15.0, 9.0, -9.0, 0.0]
Q: [0.0, 8.0, 0.0, 0.0, 0.0, 7.0, 15.0, 7.0, 0.0, 11.0, 0.0, 10.0, 0.0, 15.0, 0.0, 9.0, 0.0, 0.0]
B: [0.0, 112.0, 124.021711775, 256.0, 261.08428175852, 267.0, 277.4634044651, 289.38614345409997, 313.15284696969997, 335.63715280729997, 346.03880584899997, 358.7593250994, 376.33855306879997, 423.0, 439.88315095, 444.3406643824, 472.6661434604, 476.30086545802]
