Avion: 3      Iteracion: 26

Num Ruta: 19
Ingresos: 33.546
Costos: 125.741475843
Utilidad Ruta: -92.195475843
Costo Reducido: 19.5072160934
Nodos: [103, 11, 46, 713]
q: [0, 6.0, -6.0, 0]
Q: [0, 6.0, 0.0, 0]
B: [0.0, 169.0, 173.05406684701, 189.44324123131]
