Avion: 4      Iteracion: 9

Num Ruta: 11
Ingresos: 3406.529
Costos: 559.87035343
Utilidad Ruta: 2846.65864657
Costo Reducido: 374.991000103
Nodos: [104, 17, 52, 30, 65, 14, 49, 3, 38, 23, 18, 53, 58, 34, 28, 69, 63, 25, 60, 21, 56, 2, 37, 29, 64, 714]
q: [0.0, 5.0, -5.0, 11.0, -11.0, 8.0, -8.0, 13.0, -13.0, 5.0, 10.0, -10.0, -5.0, 8.0, 6.0, -8.0, -6.0, 0.0, 0.0, 12.0, -12.0, 10.0, -10.0, 9.0, -9.0, 0.0]
Q: [0.0, 5.0, 0.0, 11.0, 0.0, 8.0, 0.0, 13.0, 0.0, 5.0, 15.0, 5.0, 0.0, 8.0, 14.0, 6.0, 0.0, 0.0, 0.0, 12.0, 0.0, 10.0, 0.0, 9.0, 0.0, 0.0]
B: [0.0, 24.0, 58.8425537813, 64.0, 82.7140226568, 112.0, 124.021711775, 256.0, 261.08428175852, 267.0, 293.0, 316.8182362487, 326.74376782137, 341.00271483717, 378.0, 412.6152135628, 444.56576931700005, 447.89914793336004, 465.08413024346004, 477.0, 517.7387906792, 541.5898044103, 582.3247664577, 592.12950699481, 625.90928677501, 652.6797168238099]
