Avion: 2      Iteracion: 70

Num Ruta: 61
Ingresos: 732.449
Costos: 419.53907527
Utilidad Ruta: 312.90992473
Costo Reducido: 8.56354723498
Nodos: [102, 16, 51, 30, 65, 10, 45, 26, 32, 67, 61, 13, 48, 712]
q: [0.0, 9.0, -9.0, 11.0, -11.0, 12.0, -12.0, 4.0, 11.0, -11.0, -4.0, 15.0, -15.0, 0.0]
Q: [0.0, 9.0, 0.0, 11.0, 0.0, 12.0, 0.0, 4.0, 15.0, 4.0, 0.0, 15.0, 0.0, 0.0]
B: [0.0, 36.0, 45.624091437640004, 64.0, 82.7140226568, 101.4070729429, 130.92658367730002, 300.0, 309.0, 319.4016530417, 349.5747438678, 423.0, 439.88315095, 455.2736272259]
