Avion: 7      Iteracion: 0

Num Ruta: 4
Ingresos: 0
Costos: 216.164953657
Utilidad Ruta: -216.164953657
Costo Reducido: -
Nodos: [107, 717]
q: [0, 0]
Q: [0, 0]
B: [0, 0]
