Avion: 3      Iteracion: 33

Num Ruta: 24
Ingresos: 871.702
Costos: 248.987578496
Utilidad Ruta: 622.714421504
Costo Reducido: 36.5584847788
Nodos: [103, 11, 46, 18, 53, 32, 67, 2, 37, 713]
q: [0, 6.0, -6.0, 10.0, -10.0, 11.0, -11.0, 10.0, -10.0, 0]
Q: [0, 6.0, 0.0, 10.0, 0.0, 11.0, 0.0, 10.0, 0.0, 0]
B: [0.0, 169.0, 173.05406684701, 293.0, 316.8182362487, 348.1029144475, 358.5045674892, 522.0, 562.7349620474, 572.8298631366]
