Avion: 6      Iteracion: 73

Num Ruta: 58
Ingresos: 1286.204
Costos: 335.217808304
Utilidad Ruta: 950.986191696
Costo Reducido: 11.6430519374
Nodos: [106, 1, 11, 46, 36, 35, 70, 32, 67, 33, 6, 41, 13, 48, 68, 29, 27, 64, 62, 716]
q: [0.0, 7.0, 6.0, -6.0, -7.0, 8.0, -8.0, 11.0, -11.0, 5.0, 0.0, 0.0, 10.0, -10.0, -5.0, 9.0, 6.0, -9.0, -6.0, 0.0]
Q: [0.0, 7.0, 13.0, 7.0, 0.0, 8.0, 0.0, 11.0, 0.0, 5.0, 5.0, 5.0, 15.0, 5.0, 0.0, 9.0, 15.0, 6.0, 0.0, 0.0]
B: [0.0, 175.0, 193.6808285951, 197.73489544211, 232.05062478011, 270.0, 281.922738989, 309.0, 319.4016530417, 437.0, 463.1548069196, 466.84709631779, 480.25716242499, 497.14031337499, 502.48836367393, 549.0, 574.6018082369, 582.8182362320799, 598.26561380888, 607.97128416182]
