Avion: 6      Iteracion: 2

Num Ruta: 6
Ingresos: 3238.553
Costos: 634.602564751
Utilidad Ruta: 2603.95043525
Costo Reducido: 1653.48902117
Nodos: [106, 17, 52, 9, 44, 10, 45, 22, 57, 18, 53, 34, 69, 8, 33, 43, 13, 48, 68, 21, 56, 27, 29, 62, 64, 716]
q: [0.0, 5.0, -5.0, 11.0, -11.0, 12.0, -12.0, 10.0, -10.0, 10.0, -10.0, 8.0, -8.0, 8.0, 5.0, -8.0, 10.0, -10.0, -5.0, 12.0, -12.0, 6.0, 9.0, -6.0, -9.0, 0.0]
Q: [0.0, 5.0, 0.0, 11.0, 0.0, 12.0, 0.0, 10.0, 0.0, 10.0, 0.0, 8.0, 0.0, 8.0, 13.0, 5.0, 15.0, 5.0, 0.0, 12.0, 0.0, 6.0, 15.0, 9.0, 0.0, 0.0]
B: [0.0, 24.0, 58.8425537813, 81.72911018459999, 111.25634718709999, 139.7984606337, 169.3179713681, 299.0, 320.7546861389, 334.15512273630003, 357.973358985, 381.4440699457, 417.8842001595, 420.53037513481996, 437.0, 460.2743670161, 462.48504315700995, 479.36819410700997, 484.71624440594996, 495.59572178314994, 536.33451246235, 549.51196065995, 575.1137688968499, 610.13091441155, 625.57829198835, 645.9754992726499]
