Avion: 4      Iteracion: 46

Num Ruta: 44
Ingresos: 1737.005
Costos: 348.451918027
Utilidad Ruta: 1388.55308197
Costo Reducido: 73.5952538193
Nodos: [104, 17, 52, 9, 44, 25, 60, 31, 66, 27, 62, 2, 37, 714]
q: [0, 5.0, -5.0, 11.0, -11.0, 10.0, -10.0, 9.0, -9.0, 6.0, -6.0, 10.0, -10.0, 0]
Q: [0, 5.0, 0.0, 11.0, 0.0, 10.0, 0.0, 9.0, 0.0, 6.0, 0.0, 10.0, 0.0, 0]
B: [0.0, 24.0, 58.8425537813, 81.72911018459999, 111.25634718709999, 410.0, 427.1849823101, 432.00662891681, 460.33210799481, 538.0, 555.0308623681, 566.4829354555, 607.2178975029, 631.5792016140999]
