Avion: 6      Iteracion: 71

Num Ruta: 56
Ingresos: 1916.122
Costos: 389.85184496
Utilidad Ruta: 1526.27015504
Costo Reducido: 25.3230480034
Nodos: [106, 1, 36, 23, 35, 70, 32, 67, 26, 34, 58, 61, 69, 33, 6, 41, 13, 48, 68, 29, 27, 64, 62, 716]
q: [0.0, 7.0, -7.0, 4.0, 8.0, -8.0, 11.0, -11.0, 3.0, 8.0, -4.0, -3.0, -8.0, 5.0, 4.0, -4.0, 10.0, -10.0, -5.0, 9.0, 6.0, -9.0, -6.0, 0.0]
Q: [0.0, 7.0, 0.0, 4.0, 12.0, 4.0, 15.0, 4.0, 7.0, 15.0, 11.0, 8.0, 0.0, 5.0, 9.0, 5.0, 15.0, 5.0, 0.0, 9.0, 15.0, 6.0, 0.0, 0.0]
B: [0.0, 175.0, 209.2400855285, 267.0, 277.4634044651, 289.38614345409997, 309.0, 319.4016530417, 332.1221722921, 348.0493993263, 362.3083463421, 365.37541872468, 390.36217267548, 437.0, 463.1548069196, 466.84709631779, 480.25716242499, 497.14031337499, 502.48836367393, 549.0, 574.6018082369, 582.8182362320799, 598.26561380888, 607.97128416182]
