Avion: 5      Iteracion: 28

Num Ruta: 26
Ingresos: 765.553
Costos: 439.047949064
Utilidad Ruta: 326.505050936
Costo Reducido: 11.4360828174
Nodos: [105, 24, 9, 44, 59, 32, 67, 33, 68, 4, 39, 715]
q: [0.0, 11.0, 4.0, -4.0, -11.0, 11.0, -11.0, 5.0, -5.0, 3.0, -3.0, 0.0]
Q: [0.0, 11.0, 15.0, 11.0, 0.0, 11.0, 0.0, 5.0, 0.0, 3.0, 0.0, 0.0]
B: [0.0, 61.0, 67.43687703782, 96.96411404032, 122.01967745441999, 309.0, 319.4016530417, 437.0, 478.9526650524, 529.0, 549.4257496801999, 587.1398410121999]
