Avion: 5      Iteracion: 36

Num Ruta: 32
Ingresos: 1384.288
Costos: 475.346118171
Utilidad Ruta: 908.941881829
Costo Reducido: 21.6278902835
Nodos: [105, 11, 46, 35, 70, 32, 67, 26, 61, 13, 33, 48, 68, 2, 37, 715]
q: [0.0, 6.0, -6.0, 8.0, -8.0, 11.0, -11.0, 10.0, -10.0, 10.0, 5.0, -10.0, -5.0, 10.0, -10.0, 0.0]
Q: [0.0, 6.0, 0.0, 8.0, 0.0, 11.0, 0.0, 10.0, 0.0, 10.0, 15.0, 5.0, 0.0, 10.0, 0.0, 0.0]
B: [0.0, 169.0, 173.05406684701, 270.0, 281.922738989, 309.0, 319.4016530417, 332.1221722921, 349.7014002615, 423.0, 448.372931896, 489.1289324971, 494.47698279604, 537.02340095314, 577.75836300054, 613.76290611664]
