Avion: 7      Iteracion: 56

Num Ruta: 39
Ingresos: 1554.642
Costos: 357.327147762
Utilidad Ruta: 1197.31485224
Costo Reducido: 24.6711768112
Nodos: [107, 14, 49, 3, 38, 23, 35, 70, 26, 34, 61, 58, 22, 57, 69, 33, 68, 29, 4, 64, 39, 717]
q: [0.0, 0.0, 0.0, 13.0, -13.0, 0.0, 8.0, -8.0, 7.0, 8.0, -7.0, 0.0, 7.0, -7.0, -8.0, 5.0, -5.0, 9.0, 3.0, -9.0, -3.0, 0.0]
Q: [0.0, 0.0, 0.0, 13.0, 0.0, 0.0, 8.0, 0.0, 7.0, 15.0, 8.0, 8.0, 15.0, 8.0, 0.0, 5.0, 0.0, 9.0, 12.0, 3.0, 0.0, 0.0]
B: [0.0, 112.0, 124.021711775, 256.0, 261.08428175852, 267.0, 277.4634044651, 289.38614345409997, 303.7370056233, 322.0, 336.913246092, 339.98031847458003, 355.73674246608005, 377.49142860498006, 388.08167893248003, 437.0, 478.9526650524, 549.0, 569.7100026316, 592.5834067727, 604.8024778094, 633.549945524]
