Avion: 4      Iteracion: 15

Num Ruta: 16
Ingresos: 2850.327
Costos: 577.620115216
Utilidad Ruta: 2272.70688478
Costo Reducido: 174.739823158
Nodos: [104, 17, 52, 24, 9, 44, 59, 10, 45, 26, 34, 61, 69, 8, 43, 13, 48, 31, 66, 21, 4, 39, 56, 27, 62, 714]
q: [0.0, 5.0, -5.0, 11.0, 4.0, -4.0, -11.0, 12.0, -12.0, 10.0, 5.0, -10.0, -5.0, 8.0, -8.0, 15.0, -15.0, 9.0, -9.0, 12.0, 3.0, -3.0, -12.0, 6.0, -6.0, 0.0]
Q: [0.0, 5.0, 0.0, 11.0, 15.0, 11.0, 0.0, 12.0, 0.0, 10.0, 15.0, 5.0, 0.0, 8.0, 0.0, 15.0, 0.0, 9.0, 0.0, 12.0, 15.0, 12.0, 0.0, 6.0, 0.0, 0.0]
B: [0.0, 24.0, 58.8425537813, 75.400837086, 81.83771412381999, 111.36495112632, 136.42051454042, 148.20644522071998, 177.72595595511999, 300.0, 322.0, 336.913246092, 361.9000000428, 414.0, 434.768396616, 436.97907275691, 453.86222370691, 458.31973713931, 486.64521621731, 510.11105489821, 529.0, 549.4257496801999, 566.2286940948, 579.4061422924, 596.4370046605, 632.025467468]
