Avion: 5      Iteracion: 45

Num Ruta: 37
Ingresos: 677.709
Costos: 244.022363244
Utilidad Ruta: 433.686636756
Costo Reducido: 58.7245750802
Nodos: [105, 18, 53, 28, 63, 25, 31, 60, 66, 715]
q: [0.0, 0.0, 0.0, 6.0, -6.0, 6.0, 9.0, -6.0, -9.0, 0.0]
Q: [0.0, 0.0, 0.0, 6.0, 0.0, 6.0, 15.0, 9.0, 0.0, 0.0]
B: [0.0, 293.0, 316.8182362487, 378.0, 414.0266187839, 417.35999740026, 438.32032852836, 443.14197513506997, 467.21651365607, 480.96925741867]
