Avion: 5      Iteracion: 14

Num Ruta: 17
Ingresos: 1392.616
Costos: 455.364539332
Utilidad Ruta: 937.251460668
Costo Reducido: 205.817870196
Nodos: [105, 30, 16, 51, 65, 10, 45, 35, 70, 18, 53, 28, 63, 29, 4, 39, 64, 715]
q: [0.0, 11.0, 4.0, -4.0, -11.0, 12.0, -12.0, 8.0, -8.0, 10.0, -10.0, 6.0, -6.0, 9.0, 3.0, -3.0, -9.0, 0.0]
Q: [0.0, 11.0, 15.0, 11.0, 0.0, 12.0, 0.0, 8.0, 0.0, 10.0, 0.0, 6.0, 0.0, 9.0, 12.0, 9.0, 0.0, 0.0]
B: [0.0, 64.0, 72.20259129788, 81.82668273552001, 84.69783929691, 103.39088958301001, 132.91040031741, 270.0, 281.922738989, 302.3408921131, 326.15912836179996, 378.0, 414.0266187839, 549.0, 569.7100026316, 590.1357523117999, 602.3548233485, 649.6657672832999]
