Avion: 1      Iteracion: 43

Num Ruta: 37
Ingresos: 2664.171
Costos: 458.381959181
Utilidad Ruta: 2205.78904082
Costo Reducido: 54.3654986803
Nodos: [101, 30, 16, 51, 65, 24, 59, 1, 36, 23, 35, 70, 58, 34, 69, 8, 19, 54, 43, 4, 2, 39, 37, 711]
q: [0.0, 6.0, 9.0, -9.0, -6.0, 11.0, -11.0, 7.0, -7.0, 7.0, 8.0, -8.0, -7.0, 8.0, -8.0, 0.0, 7.0, -7.0, 0.0, 3.0, 10.0, -3.0, -10.0, 0.0]
Q: [0.0, 6.0, 15.0, 6.0, 0.0, 11.0, 0.0, 7.0, 0.0, 7.0, 15.0, 7.0, 0.0, 8.0, 0.0, 0.0, 7.0, 0.0, 0.0, 3.0, 13.0, 10.0, 0.0, 0.0]
B: [0.0, 64.0, 72.20259129788, 81.82668273552001, 84.69783929691, 109.43181018721, 147.94476048971, 175.0, 209.2400855285, 267.0, 277.4634044651, 289.38614345409997, 313.15284696969997, 327.41179398549997, 363.85192419929996, 414.0, 437.1608815463, 463.7879978378, 466.71611702935996, 529.0, 556.3715326023, 565.8259991129, 599.0192098946001, 615.9688770890001]
