Avion: 4      Iteracion: 52

Num Ruta: 50
Ingresos: 2358.397
Costos: 506.769048284
Utilidad Ruta: 1851.62795172
Costo Reducido: 21.9637216408
Nodos: [104, 17, 52, 9, 44, 3, 38, 35, 70, 32, 67, 34, 28, 69, 63, 25, 60, 4, 27, 39, 2, 62, 37, 714]
q: [0.0, 5.0, -5.0, 11.0, -11.0, 13.0, -13.0, 8.0, -8.0, 11.0, -11.0, 8.0, 6.0, -8.0, -6.0, 10.0, -10.0, 3.0, 5.0, -3.0, 10.0, -5.0, -10.0, 0.0]
Q: [0.0, 5.0, 0.0, 11.0, 0.0, 13.0, 0.0, 8.0, 0.0, 11.0, 0.0, 8.0, 14.0, 6.0, 0.0, 10.0, 0.0, 3.0, 8.0, 5.0, 15.0, 10.0, 0.0, 0.0]
B: [0.0, 24.0, 58.8425537813, 81.72911018459999, 111.25634718709999, 256.0, 261.08428175852, 274.08526633661995, 286.00800532561993, 309.0, 319.4016530417, 346.1750898215, 378.0, 412.6152135628, 444.56576931700005, 447.89914793336004, 465.08413024346004, 529.0, 546.6147745373, 562.9655871165, 572.4200536271001, 583.8721267145, 613.2126570608, 637.5739611719999]
