Avion: 5      Iteracion: 13

Num Ruta: 16
Ingresos: 2600.421
Costos: 501.384503744
Utilidad Ruta: 2099.03649626
Costo Reducido: 168.099494527
Nodos: [105, 11, 46, 23, 58, 28, 63, 19, 33, 54, 68, 21, 4, 56, 27, 39, 62, 715]
q: [0, 6.0, -6.0, 10.0, -10.0, 6.0, -6.0, 7.0, 5.0, -7.0, -5.0, 12.0, 3.0, -12.0, 6.0, -3.0, -6.0, 0]
Q: [0, 6.0, 0.0, 10.0, 0.0, 6.0, 0.0, 7.0, 12.0, 5.0, 0.0, 12.0, 15.0, 3.0, 9.0, 6.0, 0.0, 0]
B: [0.0, 169.0, 173.05406684701, 267.0, 306.733842905, 378.0, 414.0266187839, 426.5624120576, 463.15597242, 484.7043661884, 506.6098110138, 517.4892883910001, 532.4370767558, 561.6068741668, 574.7843223644, 591.1351349436001, 596.55039347852, 629.20531852822]
