Avion: 2      Iteracion: 78

Num Ruta: 67
Ingresos: 891.281
Costos: 414.157532157
Utilidad Ruta: 477.123467843
Costo Reducido: 10.2519070062
Nodos: [102, 16, 51, 30, 65, 10, 45, 32, 67, 26, 61, 13, 48, 712]
q: [0, 9.0, -9.0, 11.0, -11.0, 12.0, -12.0, 11.0, -11.0, 10.0, -10.0, 15.0, -15.0, 0]
Q: [0, 9.0, 0.0, 11.0, 0.0, 12.0, 0.0, 11.0, 0.0, 10.0, 0.0, 15.0, 0.0, 0]
B: [0.0, 36.0, 45.624091437640004, 64.0, 82.7140226568, 101.4070729429, 130.92658367730002, 309.0, 319.4016530417, 332.1221722921, 349.7014002615, 423.0, 439.88315095, 455.2736272259]
