Avion: 5      Iteracion: 29

Num Ruta: 27
Ingresos: 1626.541
Costos: 382.488547137
Utilidad Ruta: 1244.05245286
Costo Reducido: 40.5225275218
Nodos: [105, 18, 53, 28, 63, 19, 8, 33, 54, 43, 68, 21, 4, 56, 39, 715]
q: [0.0, 0.0, 0.0, 6.0, -6.0, 0.0, 8.0, 5.0, 0.0, -8.0, -5.0, 12.0, 3.0, -12.0, -3.0, 0.0]
Q: [0.0, 0.0, 0.0, 6.0, 0.0, 0.0, 8.0, 13.0, 13.0, 5.0, 0.0, 12.0, 15.0, 3.0, 0.0, 0.0]
B: [0.0, 293.0, 316.8182362487, 378.0, 414.0266187839, 426.5624120576, 449.7232936039, 463.48794841250003, 485.0363421809, 487.96446137246, 509.92134241236, 520.80081978956, 535.74860815436, 564.91840556536, 581.72134997996, 619.43544131196]
