Avion: 2      Iteracion: 49

Num Ruta: 46
Ingresos: 390.009
Costos: 466.703179735
Utilidad Ruta: -76.6941797352
Costo Reducido: 13.8608172945
Nodos: [102, 16, 51, 9, 44, 3, 38, 35, 70, 712]
q: [0, 9.0, -9.0, 11.0, -11.0, 13.0, -13.0, 8.0, -8.0, 0]
Q: [0, 9.0, 0.0, 11.0, 0.0, 13.0, 0.0, 8.0, 0.0, 0]
B: [0.0, 36.0, 45.624091437640004, 75.68094759394, 105.20818459644, 256.0, 261.08428175852, 274.08526633661995, 286.00800532561993, 320.8794091545199]
