Avion: 4      Iteracion: 22

Num Ruta: 23
Ingresos: 2330.771
Costos: 485.827684249
Utilidad Ruta: 1844.94331575
Costo Reducido: 186.229585712
Nodos: [104, 10, 45, 23, 35, 70, 58, 28, 63, 25, 60, 31, 66, 33, 68, 29, 64, 714]
q: [0.0, 12.0, -12.0, 10.0, 5.0, -5.0, -10.0, 6.0, -6.0, 10.0, -10.0, 9.0, -9.0, 5.0, -5.0, 9.0, -9.0, 0.0]
Q: [0.0, 12.0, 0.0, 10.0, 15.0, 10.0, 0.0, 6.0, 0.0, 10.0, 0.0, 9.0, 0.0, 5.0, 0.0, 9.0, 0.0, 0.0]
B: [0.0, 96.0, 125.5195107344, 267.0, 277.4634044651, 289.38614345409997, 313.15284696969997, 378.0, 414.0266187839, 417.35999740026, 434.54497971036, 439.36662631707, 467.69210539507, 490.09026683747, 532.04293188987, 549.0, 582.7797797802, 609.550209829]
