Avion: 1      Iteracion: 2

Num Ruta: 5
Ingresos: 3049.782
Costos: 733.132148689
Utilidad Ruta: 2316.64985131
Costo Reducido: 1954.98596833
Nodos: [101, 17, 16, 52, 30, 65, 51, 10, 45, 1, 36, 3, 38, 22, 57, 18, 53, 34, 69, 8, 43, 33, 5, 40, 68, 21, 4, 56, 27, 62, 39, 711]
q: [0.0, 5.0, 9.0, -5.0, 6.0, -6.0, -9.0, 12.0, -12.0, 0.0, 0.0, 13.0, -13.0, 10.0, -10.0, 10.0, -10.0, 8.0, -8.0, 8.0, -8.0, 5.0, 9.0, -9.0, -5.0, 12.0, 3.0, -12.0, 6.0, -6.0, -3.0, 0.0]
Q: [0.0, 5.0, 14.0, 9.0, 15.0, 9.0, 0.0, 12.0, 0.0, 0.0, 0.0, 13.0, 0.0, 10.0, 0.0, 10.0, 0.0, 8.0, 0.0, 8.0, 0.0, 5.0, 14.0, 5.0, 0.0, 12.0, 15.0, 3.0, 9.0, 3.0, 0.0, 0.0]
B: [0.0, 24.0, 58.8014769802, 64.13311631534, 67.27757079903, 85.99159345583, 88.86275001722, 104.69202722752, 134.21153796192, 175.0, 209.2400855285, 256.0, 261.08428175852, 299.0, 320.7546861389, 334.15512273630003, 357.973358985, 381.4440699457, 417.8842001595, 420.53037513481996, 441.29877175082, 464.57313876692, 478.27130594362, 479.3929948488, 508.4053694672, 519.2848468444, 534.2326352092, 563.4024326202, 576.5798808178, 593.6107431859, 599.02600172082, 615.8350338167199]
