Avion: 1      Iteracion: 47

Num Ruta: 39
Ingresos: 2181.803
Costos: 322.870029198
Utilidad Ruta: 1858.9329708
Costo Reducido: 25.2547717759
Nodos: [101, 30, 65, 24, 59, 1, 36, 23, 35, 70, 58, 34, 69, 8, 19, 54, 43, 711]
q: [0.0, 11.0, -11.0, 11.0, -11.0, 7.0, -7.0, 7.0, 8.0, -8.0, -7.0, 8.0, -8.0, 8.0, 7.0, -7.0, -8.0, 0.0]
Q: [0.0, 11.0, 0.0, 11.0, 0.0, 7.0, 0.0, 7.0, 15.0, 7.0, 0.0, 8.0, 0.0, 8.0, 15.0, 8.0, 0.0, 0.0]
B: [0.0, 64.0, 82.7140226568, 107.4479935471, 145.9609438496, 175.0, 209.2400855285, 267.0, 277.4634044651, 289.38614345409997, 313.15284696969997, 327.41179398549997, 363.85192419929996, 414.0, 437.1608815463, 463.7879978378, 466.71611702935996, 472.42524831178997]
