Avion: 3      Iteracion: 19

Num Ruta: 15
Ingresos: 696.286
Costos: 305.932868566
Utilidad Ruta: 390.353131434
Costo Reducido: 44.4100043045
Nodos: [103, 22, 57, 32, 67, 5, 33, 40, 68, 713]
q: [0, 10.0, -10.0, 11.0, -11.0, 9.0, 5.0, -9.0, -5.0, 0]
Q: [0, 10.0, 0.0, 11.0, 0.0, 9.0, 14.0, 5.0, 0.0, 0]
B: [0.0, 299.0, 320.7546861389, 354.75446344700003, 365.15611648870004, 469.0, 482.6981671767, 495.9883458813, 525.0007204997, 528.69559600505]
