Avion: 7      Iteracion: 74

Num Ruta: 49
Ingresos: 1329.283
Costos: 303.53103631
Utilidad Ruta: 1025.75196369
Costo Reducido: 19.5213939485
Nodos: [107, 14, 49, 3, 38, 23, 35, 70, 18, 53, 58, 28, 13, 48, 31, 63, 66, 717]
q: [0.0, 0.0, 0.0, 13.0, -13.0, 5.0, 8.0, -8.0, 10.0, -10.0, -5.0, 6.0, 9.0, -9.0, 9.0, -6.0, -9.0, 0.0]
Q: [0.0, 0.0, 0.0, 13.0, 0.0, 5.0, 13.0, 5.0, 15.0, 5.0, 0.0, 6.0, 15.0, 6.0, 15.0, 9.0, 0.0, 0.0]
B: [0.0, 112.0, 124.021711775, 256.0, 261.08428175852, 267.0, 277.4634044651, 289.38614345409997, 309.80429657819997, 333.62253282689994, 343.54806439956997, 378.0, 423.0, 439.88315095, 444.3406643824, 464.8375443401, 493.251976043, 496.88669804062]
