Avion: 6      Iteracion: 75

Num Ruta: 60
Ingresos: 1709.058
Costos: 410.002009306
Utilidad Ruta: 1299.05599069
Costo Reducido: 75.0368709565
Nodos: [106, 17, 52, 9, 44, 11, 46, 3, 38, 35, 70, 32, 67, 34, 69, 19, 25, 60, 54, 13, 48, 6, 41, 5, 40, 716]
q: [0.0, 5.0, -5.0, 11.0, -11.0, 6.0, -6.0, 13.0, -13.0, 8.0, -8.0, 11.0, -11.0, 8.0, -8.0, 7.0, 8.0, -8.0, -7.0, 15.0, -15.0, 0.0, 0.0, 9.0, -9.0, 0.0]
Q: [0.0, 5.0, 0.0, 11.0, 0.0, 6.0, 0.0, 13.0, 0.0, 8.0, 0.0, 11.0, 0.0, 8.0, 0.0, 7.0, 15.0, 7.0, 0.0, 15.0, 0.0, 0.0, 0.0, 9.0, 0.0, 0.0]
B: [0.0, 24.0, 58.8425537813, 81.72911018459999, 111.25634718709999, 169.0, 173.05406684701, 256.0, 261.08428175852, 274.08526633661995, 286.00800532561993, 309.0, 319.4016530417, 346.1750898215, 382.6152200353, 403.1550362954, 412.5470435356, 429.7320258457, 446.5188822816, 450.74650158802, 467.62965253802, 491.85260116122004, 495.54489055941, 513.93375077421, 515.05543967939, 521.77879375306]
