Avion: 6      Iteracion: 46

Num Ruta: 39
Ingresos: 946.058
Costos: 254.363560444
Utilidad Ruta: 691.694439556
Costo Reducido: 70.2488490871
Nodos: [106, 31, 66, 33, 5, 40, 68, 29, 27, 64, 62, 716]
q: [0, 9.0, -9.0, 5.0, 9.0, -9.0, -5.0, 9.0, 6.0, -9.0, -6.0, 0]
Q: [0, 9.0, 0.0, 5.0, 14.0, 5.0, 0.0, 9.0, 15.0, 6.0, 0.0, 0]
B: [0.0, 406.0, 434.325479078, 456.7236405204, 470.4218076971, 471.54349660228, 500.55587122068, 549.0, 574.6018082369, 582.8182362320799, 598.26561380888, 607.97128416182]
