Avion: 4      Iteracion: 66

Num Ruta: 60
Ingresos: 1626.89
Costos: 311.764839119
Utilidad Ruta: 1315.12516088
Costo Reducido: 20.8713601828
Nodos: [104, 17, 52, 9, 44, 25, 60, 31, 66, 33, 68, 29, 64, 714]
q: [0, 5.0, -5.0, 11.0, -11.0, 10.0, -10.0, 9.0, -9.0, 5.0, -5.0, 9.0, -9.0, 0]
Q: [0, 5.0, 0.0, 11.0, 0.0, 10.0, 0.0, 9.0, 0.0, 5.0, 0.0, 9.0, 0.0, 0]
B: [0.0, 24.0, 58.8425537813, 81.72911018459999, 111.25634718709999, 410.0, 427.1849823101, 432.00662891681, 460.33210799481, 482.73026943721, 524.68293448961, 549.0, 582.7797797802, 609.550209829]
