Avion: 7      Iteracion: 2

Num Ruta: 5
Ingresos: 1372.561
Costos: 438.783728683
Utilidad Ruta: 933.777271317
Costo Reducido: 611.974918178
Nodos: [107, 17, 52, 22, 57, 28, 63, 29, 64, 717]
q: [0, 5.0, -5.0, 10.0, -10.0, 6.0, -6.0, 9.0, -9.0, 0]
Q: [0, 5.0, 0.0, 10.0, 0.0, 6.0, 0.0, 9.0, 0.0, 0]
B: [0.0, 45.942580685, 80.78513446630001, 299.0, 320.7546861389, 378.0, 414.0266187839, 549.0, 582.7797797802, 620.2441685381]
