Avion: 6      Iteracion: 9

Num Ruta: 12
Ingresos: 1923.56
Costos: 405.715326285
Utilidad Ruta: 1517.84467371
Costo Reducido: 378.691715394
Nodos: [106, 17, 52, 30, 65, 14, 49, 3, 38, 23, 18, 53, 58, 34, 32, 67, 69, 33, 13, 48, 68, 5, 40, 716]
q: [0.0, 5.0, -5.0, 11.0, -11.0, 8.0, -8.0, 13.0, -13.0, 5.0, 10.0, -10.0, -5.0, 8.0, 7.0, -7.0, -8.0, 5.0, 10.0, -10.0, -5.0, 9.0, -9.0, 0.0]
Q: [0.0, 5.0, 0.0, 11.0, 0.0, 8.0, 0.0, 13.0, 0.0, 5.0, 15.0, 5.0, 0.0, 8.0, 15.0, 8.0, 0.0, 5.0, 15.0, 5.0, 0.0, 9.0, 0.0, 0.0]
B: [0.0, 24.0, 58.8425537813, 64.0, 82.7140226568, 112.0, 124.021711775, 256.0, 261.08428175852, 267.0, 293.0, 316.8182362487, 326.74376782137, 341.00271483717, 361.02563273147, 371.42728577317, 402.46957062787, 437.0, 462.372931896, 479.256082846, 484.60413314494, 513.57555073194, 514.69723963712, 521.42059371079]
