Avion: 3      Iteracion: 6

Num Ruta: 6
Ingresos: 1329.499
Costos: 471.73076601
Utilidad Ruta: 857.76823399
Costo Reducido: 813.450158229
Nodos: [103, 30, 16, 51, 65, 24, 59, 11, 46, 32, 67, 28, 63, 31, 66, 8, 43, 713]
q: [0.0, 11.0, 4.0, -4.0, -11.0, 11.0, -11.0, 6.0, -6.0, 11.0, -11.0, 6.0, -6.0, 9.0, -9.0, 8.0, -8.0, 0.0]
Q: [0.0, 11.0, 15.0, 11.0, 0.0, 11.0, 0.0, 6.0, 0.0, 11.0, 0.0, 6.0, 0.0, 9.0, 0.0, 8.0, 0.0, 0.0]
B: [0.0, 64.0, 72.20259129788, 81.82668273552001, 84.69783929691, 109.43181018721, 147.94476048971, 169.0, 173.05406684701, 309.0, 319.4016530417, 378.0, 414.0266187839, 434.5234987416, 462.8489778196, 471.63182394144, 492.40022055744004, 510.97782562374005]
