Avion: 6      Iteracion: 57

Num Ruta: 47
Ingresos: 2125.612
Costos: 439.136580971
Utilidad Ruta: 1686.47541903
Costo Reducido: 30.837378871
Nodos: [106, 17, 52, 9, 44, 1, 36, 35, 70, 32, 67, 22, 57, 19, 25, 60, 31, 54, 5, 40, 66, 716]
q: [0.0, 5.0, -5.0, 11.0, -11.0, 7.0, -7.0, 8.0, -8.0, 11.0, -11.0, 10.0, -10.0, 5.0, 10.0, -10.0, 9.0, -5.0, 0.0, 0.0, -9.0, 0.0]
Q: [0.0, 5.0, 0.0, 11.0, 0.0, 7.0, 0.0, 8.0, 0.0, 11.0, 0.0, 10.0, 0.0, 5.0, 15.0, 5.0, 14.0, 9.0, 9.0, 9.0, 0.0, 0.0]
B: [0.0, 24.0, 58.8425537813, 81.72911018459999, 111.25634718709999, 175.0, 209.2400855285, 270.0, 281.922738989, 309.0, 319.4016530417, 353.8662667781, 375.620952917, 402.0, 411.3920072402, 428.57698955029997, 433.39863615700995, 450.50467558760994, 469.0, 470.12168890518, 488.93639618428, 503.42184005048]
