Avion: 6      Iteracion: 36

Num Ruta: 35
Ingresos: 763.359
Costos: 333.646714719
Utilidad Ruta: 429.712285281
Costo Reducido: 62.7963036686
Nodos: [106, 16, 51, 9, 44, 11, 46, 35, 70, 32, 67, 33, 13, 48, 68, 5, 40, 716]
q: [0.0, 9.0, -9.0, 11.0, -11.0, 6.0, -6.0, 8.0, -8.0, 11.0, -11.0, 5.0, 10.0, -10.0, -5.0, 0.0, 0.0, 0.0]
Q: [0.0, 9.0, 0.0, 11.0, 0.0, 6.0, 0.0, 8.0, 0.0, 11.0, 0.0, 5.0, 15.0, 5.0, 0.0, 0.0, 0.0, 0.0]
B: [0.0, 36.0, 45.624091437640004, 75.68094759394, 105.20818459644, 169.0, 173.05406684701, 270.0, 281.922738989, 309.0, 319.4016530417, 437.0, 462.372931896, 479.256082846, 484.60413314494, 513.57555073194, 514.69723963712, 521.42059371079]
