Avion: 4      Iteracion: 54

Num Ruta: 52
Ingresos: 2371.901
Costos: 333.660966028
Utilidad Ruta: 2038.24003397
Costo Reducido: 97.2301427275
Nodos: [104, 17, 52, 9, 44, 25, 60, 21, 56, 2, 37, 29, 64, 714]
q: [0, 5.0, -5.0, 11.0, -11.0, 10.0, -10.0, 12.0, -12.0, 10.0, -10.0, 9.0, -9.0, 0]
Q: [0, 5.0, 0.0, 11.0, 0.0, 10.0, 0.0, 12.0, 0.0, 10.0, 0.0, 9.0, 0.0, 0]
B: [0.0, 24.0, 58.8425537813, 81.72911018459999, 111.25634718709999, 410.0, 427.1849823101, 477.0, 517.7387906792, 541.5898044103, 582.3247664577, 592.12950699481, 625.90928677501, 652.6797168238099]
