Avion: 2      Iteracion: 52

Num Ruta: 48
Ingresos: 453.069
Costos: 380.975985899
Utilidad Ruta: 72.0930141012
Costo Reducido: 7.17283460319
Nodos: [102, 16, 51, 10, 45, 26, 32, 67, 61, 13, 48, 712]
q: [0.0, 9.0, -9.0, 12.0, -12.0, 0.0, 11.0, -11.0, 0.0, 15.0, -15.0, 0.0]
Q: [0.0, 9.0, 0.0, 12.0, 0.0, 0.0, 11.0, 0.0, 0.0, 15.0, 0.0, 0.0]
B: [0.0, 36.0, 45.624091437640004, 96.0, 125.5195107344, 300.0, 309.0, 319.4016530417, 349.5747438678, 423.0, 439.88315095, 455.2736272259]
