Avion: 6      Iteracion: 45

Num Ruta: 38
Ingresos: 477.506
Costos: 133.89556203
Utilidad Ruta: 343.61043797
Costo Reducido: 44.3042675648
Nodos: [106, 17, 52, 35, 70, 5, 40, 716]
q: [0, 5.0, -5.0, 8.0, -8.0, 9.0, -9.0, 0]
Q: [0, 5.0, 0.0, 8.0, 0.0, 9.0, 0.0, 0]
B: [0.0, 24.0, 58.8425537813, 270.0, 281.922738989, 469.0, 470.12168890518, 476.84504297885]
