Avion: 3      Iteracion: 55

Num Ruta: 28
Ingresos: 857.219
Costos: 264.57908713
Utilidad Ruta: 592.63991287
Costo Reducido: 10.2195539091
Nodos: [103, 31, 66, 2, 37, 713]
q: [0, 9.0, -9.0, 10.0, -10.0, 0]
Q: [0, 9.0, 0.0, 10.0, 0.0, 0]
B: [0.0, 406.0, 434.325479078, 522.0, 562.7349620474, 572.8298631366]
