Avion: 2      Iteracion: 0

Num Ruta: 3
Ingresos: 2871.552
Costos: 710.040532377
Utilidad Ruta: 2161.51146762
Costo Reducido: -
Nodos: [102, 16, 51, 17, 52, 10, 45, 1, 11, 46, 36, 3, 38, 23, 18, 53, 58, 26, 61, 28, 19, 54, 63, 712]
q: [0.0, 9.0, -9.0, 5.0, -5.0, 12.0, -12.0, 7.0, 6.0, -6.0, -7.0, 13.0, -13.0, 10.0, 5.0, -5.0, -10.0, 10.0, -10.0, 6.0, 7.0, -7.0, -6.0, 0.0]
Q: [0.0, 9.0, 0.0, 5.0, 0.0, 12.0, 0.0, 7.0, 13.0, 7.0, 0.0, 13.0, 0.0, 10.0, 15.0, 10.0, 0.0, 10.0, 0.0, 6.0, 13.0, 6.0, 0.0, 0.0]
B: [0.0, 36.0, 45.624091437640004, 78.34191948294, 113.18447326424, 130.44527246354, 159.96478319794, 198.38412436874, 217.06495296384, 221.11901981085, 255.43474914885002, 262.53130105805, 267.61558281657, 270.97807013997, 293.0, 316.8182362487, 326.74376782137, 346.43014059547, 364.00936856487, 378.0, 414.065010994, 440.69212728549996, 473.52220442519996, 481.55514622755]
