Avion: 6      Iteracion: 64

Num Ruta: 52
Ingresos: 1738.196
Costos: 380.71208345
Utilidad Ruta: 1357.48391655
Costo Reducido: 14.8542118763
Nodos: [106, 17, 52, 35, 70, 22, 57, 32, 67, 33, 6, 41, 13, 48, 68, 29, 4, 64, 39, 716]
q: [0.0, 5.0, -5.0, 8.0, -8.0, 10.0, -10.0, 11.0, -11.0, 5.0, 4.0, -4.0, 10.0, -10.0, -5.0, 9.0, 3.0, -9.0, -3.0, 0.0]
Q: [0.0, 5.0, 0.0, 8.0, 0.0, 10.0, 0.0, 11.0, 0.0, 5.0, 9.0, 5.0, 15.0, 5.0, 0.0, 9.0, 12.0, 3.0, 0.0, 0.0]
B: [0.0, 24.0, 58.8425537813, 270.0, 281.922738989, 299.64604976889996, 321.40073590779997, 355.4005132159, 365.8021662576, 437.0, 463.1548069196, 466.84709631779, 480.25716242499, 497.14031337499, 502.48836367393, 549.0, 569.7100026316, 592.5834067727, 604.8024778094, 619.4795926485]
