Avion: 6      Iteracion: 50

Num Ruta: 41
Ingresos: 2159.211
Costos: 400.5427387
Utilidad Ruta: 1758.6682613
Costo Reducido: 7.40317825053
Nodos: [106, 17, 52, 30, 65, 35, 70, 34, 22, 69, 57, 25, 60, 21, 4, 56, 39, 716]
q: [0.0, 5.0, -5.0, 11.0, -11.0, 8.0, -8.0, 8.0, 7.0, -8.0, -7.0, 10.0, -10.0, 12.0, 3.0, -12.0, -3.0, 0.0]
Q: [0.0, 5.0, 0.0, 11.0, 0.0, 8.0, 0.0, 8.0, 15.0, 7.0, 0.0, 10.0, 0.0, 12.0, 15.0, 3.0, 0.0, 0.0]
B: [0.0, 24.0, 58.8425537813, 64.0, 82.7140226568, 270.0, 281.922738989, 322.0, 350.0636833826, 364.6328500369, 375.22310036439995, 410.0, 427.1849823101, 477.0, 529.0, 558.169797411, 574.9727418256, 589.6498566647]
