Avion: 2      Iteracion: 38

Num Ruta: 37
Ingresos: 463.089
Costos: 406.116125291
Utilidad Ruta: 56.9728747092
Costo Reducido: 15.830817551
Nodos: [102, 16, 51, 35, 70, 32, 67, 26, 61, 712]
q: [0, 9.0, -9.0, 8.0, -8.0, 11.0, -11.0, 10.0, -10.0, 0]
Q: [0, 9.0, 0.0, 8.0, 0.0, 11.0, 0.0, 10.0, 0.0, 0]
B: [0.0, 36.0, 45.624091437640004, 270.0, 281.922738989, 309.0, 319.4016530417, 332.1221722921, 349.7014002615, 376.1487881098]
