Avion: 6      Iteracion: 77

Num Ruta: 62
Ingresos: 682.483
Costos: 188.984475041
Utilidad Ruta: 493.498524959
Costo Reducido: 38.4873939675
Nodos: [106, 34, 22, 69, 57, 13, 48, 6, 41, 5, 40, 716]
q: [0.0, 5.0, 10.0, -5.0, -10.0, 15.0, -15.0, 4.0, -4.0, 9.0, -9.0, 0.0]
Q: [0.0, 5.0, 15.0, 10.0, 0.0, 15.0, 0.0, 4.0, 0.0, 9.0, 0.0, 0.0]
B: [0.0, 322.0, 350.0636833826, 364.6328500369, 375.22310036439995, 423.0, 439.88315095, 464.1060995732, 467.79838897139, 486.18724918619, 487.30893809137, 494.03229216504]
