Avion: 5      Iteracion: 47

Num Ruta: 39
Ingresos: 870.392
Costos: 272.906872443
Utilidad Ruta: 597.485127557
Costo Reducido: 26.1170265944
Nodos: [105, 18, 53, 28, 31, 66, 63, 15, 50, 7, 4, 42, 39, 715]
q: [0, 10.0, -10.0, 6.0, 9.0, -9.0, -6.0, 0.0, -0.0, 0.0, 3.0, -0.0, -3.0, 0]
Q: [0, 10.0, 0.0, 6.0, 15.0, 6.0, 0.0, 0.0, 0.0, 0.0, 3.0, 3.0, 0.0, 0]
B: [0.0, 293.0, 316.8182362487, 378.0, 406.0, 434.325479078, 462.7399107809, 511.0, 527.4211666151, 538.3259061809999, 548.6892794734999, 567.9616404602, 569.12201453781, 606.8361058698099]
