Avion: 2      Iteracion: 17

Num Ruta: 18
Ingresos: 1946.739
Costos: 630.536520951
Utilidad Ruta: 1316.20247905
Costo Reducido: 115.55295445
Nodos: [102, 16, 51, 9, 44, 10, 45, 1, 11, 46, 36, 23, 18, 53, 58, 26, 61, 13, 28, 48, 63, 712]
q: [0.0, 0.0, 0.0, 11.0, -11.0, 12.0, -12.0, 7.0, 6.0, -6.0, -7.0, 5.0, 10.0, -10.0, -5.0, 10.0, -10.0, 9.0, 6.0, -9.0, -6.0, 0.0]
Q: [0.0, 0.0, 0.0, 11.0, 0.0, 12.0, 0.0, 7.0, 13.0, 7.0, 0.0, 5.0, 15.0, 5.0, 0.0, 10.0, 0.0, 9.0, 15.0, 6.0, 0.0, 0.0]
B: [0.0, 36.0, 45.624091437640004, 75.68094759394, 105.20818459644, 133.75029804304, 163.26980877744, 201.68914994824001, 220.36997854334, 224.42404539035002, 258.73977472835, 267.0, 293.0, 316.8182362487, 326.74376782137, 346.43014059547, 364.00936856487, 423.0, 436.7962173439, 450.1536367429, 473.1920667675, 481.22500856985005]
