Avion: 2      Iteracion: 50

Num Ruta: 47
Ingresos: 656.462
Costos: 460.176583713
Utilidad Ruta: 196.285416287
Costo Reducido: 25.2856372603
Nodos: [102, 16, 30, 65, 51, 10, 45, 35, 70, 32, 67, 26, 61, 13, 48, 712]
q: [0.0, 4.0, 11.0, -11.0, -4.0, 12.0, -12.0, 8.0, -8.0, 11.0, -11.0, 0.0, 0.0, 15.0, -15.0, 0.0]
Q: [0.0, 4.0, 15.0, 4.0, 0.0, 12.0, 0.0, 8.0, 0.0, 11.0, 0.0, 0.0, 0.0, 15.0, 0.0, 0.0]
B: [0.0, 36.0, 64.0, 82.7140226568, 85.58517921818999, 101.41445642849, 130.93396716288999, 270.0, 281.922738989, 309.0, 319.4016530417, 332.1221722921, 349.7014002615, 423.0, 439.88315095, 455.2736272259]
