Avion: 1      Iteracion: 4

Num Ruta: 7
Ingresos: 3277.842
Costos: 614.268994231
Utilidad Ruta: 2663.57300577
Costo Reducido: 1251.62249825
Nodos: [101, 30, 65, 24, 59, 1, 36, 23, 35, 70, 58, 34, 26, 61, 69, 19, 25, 60, 54, 33, 68, 4, 27, 62, 2, 39, 37, 711]
q: [0.0, 11.0, -11.0, 11.0, -11.0, 7.0, -7.0, 10.0, 5.0, -5.0, -10.0, 5.0, 10.0, -10.0, -5.0, 0.0, 10.0, -10.0, 0.0, 5.0, -5.0, 3.0, 6.0, -6.0, 10.0, -3.0, -10.0, 0.0]
Q: [0.0, 11.0, 0.0, 11.0, 0.0, 7.0, 0.0, 10.0, 15.0, 10.0, 0.0, 5.0, 15.0, 5.0, 0.0, 0.0, 10.0, 0.0, 0.0, 5.0, 0.0, 3.0, 9.0, 3.0, 13.0, 10.0, 0.0, 0.0]
B: [0.0, 64.0, 82.7140226568, 107.4479935471, 145.9609438496, 175.0, 209.2400855285, 267.0, 277.4634044651, 289.38614345409997, 313.15284696969997, 327.41179398549997, 343.33902101969994, 360.91824898909994, 385.90500293989993, 406.4448191999999, 415.8368264401999, 433.0218087502999, 449.8086651861999, 471.3570589545999, 513.3097240069999, 530.6272580404999, 548.2420325777999, 565.2728949458999, 576.7249680332999, 586.1794345438999, 619.3726453255999, 636.32231252]
