Avion: 5      Iteracion: 12

Num Ruta: 15
Ingresos: 193.596
Costos: 283.424612722
Utilidad Ruta: -89.8286127216
Costo Reducido: 43.1029269825
Nodos: [105, 10, 45, 715]
q: [0, 12.0, -12.0, 0]
Q: [0, 12.0, 0.0, 0]
B: [0.0, 96.0, 125.5195107344, 175.6069678968]
