Avion: 2      Iteracion: 10

Num Ruta: 13
Ingresos: 1608.16
Costos: 592.463103813
Utilidad Ruta: 1015.69689619
Costo Reducido: 281.710410572
Nodos: [102, 16, 51, 10, 45, 1, 36, 3, 38, 35, 70, 32, 67, 26, 61, 34, 69, 33, 13, 48, 68, 712]
q: [0.0, 9.0, -9.0, 12.0, -12.0, 7.0, -7.0, 13.0, -13.0, 8.0, -8.0, 11.0, -11.0, 10.0, -10.0, 8.0, -8.0, 5.0, 0.0, 0.0, -5.0, 0.0]
Q: [0.0, 9.0, 0.0, 12.0, 0.0, 7.0, 0.0, 13.0, 0.0, 8.0, 0.0, 11.0, 0.0, 10.0, 0.0, 8.0, 0.0, 5.0, 5.0, 5.0, 0.0, 0.0]
B: [0.0, 36.0, 45.624091437640004, 96.0, 125.5195107344, 175.0, 209.2400855285, 256.0, 261.08428175852, 274.08526633661995, 286.00800532561993, 309.0, 319.4016530417, 332.1221722921, 349.7014002615, 364.6146463535, 401.0547765673, 437.0, 462.372931896, 479.256082846, 484.60413314494, 494.93341317794]
