Avion: 3      Iteracion: 77

Num Ruta: 32
Ingresos: 484.76
Costos: 230.875787963
Utilidad Ruta: 253.884212037
Costo Reducido: 10.8348712252
Nodos: [103, 22, 57, 13, 48, 713]
q: [0, 10.0, -10.0, 15.0, -15.0, 0]
Q: [0, 10.0, 0.0, 15.0, 0.0, 0]
B: [0.0, 299.0, 320.7546861389, 423.0, 439.88315095, 442.65763919110003]
