Avion: 6      Iteracion: 16

Num Ruta: 18
Ingresos: 2388.804
Costos: 466.295005941
Utilidad Ruta: 1922.50899406
Costo Reducido: 165.803119981
Nodos: [106, 17, 52, 24, 59, 10, 45, 32, 67, 22, 57, 8, 43, 13, 48, 21, 56, 27, 62, 716]
q: [0, 5.0, -5.0, 11.0, -11.0, 12.0, -12.0, 11.0, -11.0, 10.0, -10.0, 8.0, -8.0, 15.0, -15.0, 12.0, -12.0, 6.0, -6.0, 0]
Q: [0, 5.0, 0.0, 11.0, 0.0, 12.0, 0.0, 11.0, 0.0, 10.0, 0.0, 8.0, 0.0, 15.0, 0.0, 12.0, 0.0, 6.0, 0.0, 0]
B: [0.0, 24.0, 58.8425537813, 75.400837086, 113.9137873885, 125.6997180688, 155.2192288032, 309.0, 319.4016530417, 353.8662667781, 375.620952917, 414.0, 434.768396616, 436.97907275691, 453.86222370691, 477.0, 517.7387906792, 538.0, 555.0308623681, 564.73653272104]
