Avion: 2      Iteracion: 64

Num Ruta: 56
Ingresos: 1138.432
Costos: 486.379380768
Utilidad Ruta: 652.052619232
Costo Reducido: 59.4623329121
Nodos: [102, 16, 51, 10, 45, 26, 61, 34, 32, 67, 69, 33, 6, 41, 13, 48, 68, 712]
q: [0.0, 0.0, 0.0, 12.0, -12.0, 10.0, -10.0, 8.0, 7.0, -7.0, -8.0, 5.0, 4.0, -4.0, 10.0, -10.0, -5.0, 0.0]
Q: [0.0, 0.0, 0.0, 12.0, 0.0, 10.0, 0.0, 8.0, 15.0, 8.0, 0.0, 5.0, 9.0, 5.0, 15.0, 5.0, 0.0, 0.0]
B: [0.0, 36.0, 45.624091437640004, 96.0, 125.5195107344, 300.0, 317.5792279694, 332.4924740614, 352.5153919557, 362.9170449974, 393.95932985210004, 437.0, 463.1548069196, 466.84709631779, 480.25716242499, 497.14031337499, 502.48836367393, 512.81764370693]
