Avion: 4      Iteracion: 28

Num Ruta: 29
Ingresos: 1256.198
Costos: 302.627924871
Utilidad Ruta: 953.570075129
Costo Reducido: 71.5757134848
Nodos: [104, 17, 52, 9, 44, 18, 53, 28, 63, 25, 60, 714]
q: [0, 5.0, -5.0, 11.0, -11.0, 10.0, -10.0, 6.0, -6.0, 10.0, -10.0, 0]
Q: [0, 5.0, 0.0, 11.0, 0.0, 10.0, 0.0, 6.0, 0.0, 10.0, 0.0, 0]
B: [0.0, 24.0, 58.8425537813, 81.72911018459999, 111.25634718709999, 293.0, 316.8182362487, 378.0, 414.0266187839, 417.35999740026, 434.54497971036, 455.32069950536]
