Avion: 5      Iteracion: 68

Num Ruta: 51
Ingresos: 1884.099
Costos: 428.700756681
Utilidad Ruta: 1455.39824332
Costo Reducido: 44.6185881207
Nodos: [105, 30, 65, 35, 70, 3, 38, 23, 18, 53, 58, 19, 54, 13, 48, 31, 66, 715]
q: [0.0, 11.0, -11.0, 8.0, -8.0, 13.0, -13.0, 10.0, 5.0, -5.0, -10.0, 7.0, -7.0, 15.0, -15.0, 9.0, -9.0, 0.0]
Q: [0.0, 11.0, 0.0, 8.0, 0.0, 13.0, 0.0, 10.0, 15.0, 10.0, 0.0, 7.0, 0.0, 15.0, 0.0, 9.0, 0.0, 0.0]
B: [0.0, 64.0, 82.7140226568, 270.0, 281.922738989, 301.6759641434, 306.76024590192, 310.12273322531996, 330.30168337142, 354.11991962011996, 364.04545119279, 402.0, 428.6271162915, 432.85473559792, 449.73788654792, 454.19539998032, 482.52087905832, 496.27362282092]
