Avion: 5      Iteracion: 10

Num Ruta: 13
Ingresos: 1389.043
Costos: 462.601461985
Utilidad Ruta: 926.441538015
Costo Reducido: 342.220591257
Nodos: [105, 14, 49, 3, 38, 35, 70, 32, 67, 33, 5, 40, 68, 4, 27, 62, 2, 39, 37, 715]
q: [0, 8.0, -8.0, 13.0, -13.0, 8.0, -8.0, 11.0, -11.0, 5.0, 9.0, -9.0, -5.0, 3.0, 6.0, -6.0, 10.0, -3.0, -10.0, 0]
Q: [0, 8.0, 0.0, 13.0, 0.0, 8.0, 0.0, 11.0, 0.0, 5.0, 14.0, 5.0, 0.0, 3.0, 9.0, 3.0, 13.0, 10.0, 0.0, 0]
B: [0.0, 112.0, 124.021711775, 256.0, 261.08428175852, 274.08526633661995, 286.00800532561993, 309.0, 319.4016530417, 437.0, 469.0, 470.12168890518, 499.13406352358, 529.0, 546.6147745373, 563.6456369054, 575.0977099928, 584.5521765034, 617.7453872851, 653.7499304012]
