Avion: 7      Iteracion: 16

Num Ruta: 16
Ingresos: 145.92
Costos: 156.773012975
Utilidad Ruta: -10.853012975
Costo Reducido: 118.84319401
Nodos: [107, 14, 49, 3, 38, 717]
q: [0, 8.0, -8.0, 13.0, -13.0, 0]
Q: [0, 8.0, 0.0, 13.0, 0.0, 0]
B: [0.0, 112.0, 124.021711775, 256.0, 261.08428175852, 269.27348715343]
