Avion: 6      Iteracion: 52

Num Ruta: 42
Ingresos: 1318.133
Costos: 344.086372256
Utilidad Ruta: 974.046627744
Costo Reducido: 56.7431778523
Nodos: [106, 10, 45, 35, 70, 32, 67, 34, 69, 6, 41, 5, 40, 2, 39, 4, 37, 716]
q: [0.0, 12.0, -12.0, 8.0, -8.0, 11.0, -11.0, 8.0, -8.0, 0.0, 0.0, 9.0, -9.0, 10.0, -3.0, 3.0, -10.0, 0.0]
Q: [0.0, 12.0, 0.0, 8.0, 0.0, 11.0, 0.0, 8.0, 0.0, 0.0, 0.0, 9.0, 0.0, 10.0, 7.0, 10.0, 0.0, 0.0]
B: [0.0, 96.0, 125.5195107344, 270.0, 281.922738989, 309.0, 319.4016530417, 346.1750898215, 382.6152200353, 436.0, 439.69228939819, 469.0, 470.12168890518, 522.0, 549.0, 569.4257496801999, 582.8765054953999, 603.3021429639999]
