Avion: 5      Iteracion: 24

Num Ruta: 24
Ingresos: 1382.195
Costos: 298.127530354
Utilidad Ruta: 1084.06746965
Costo Reducido: 37.5058503543
Nodos: [105, 18, 53, 28, 63, 21, 4, 56, 27, 39, 62, 715]
q: [0, 10.0, -10.0, 6.0, -6.0, 12.0, 3.0, -12.0, 6.0, -3.0, -6.0, 0]
Q: [0, 10.0, 0.0, 6.0, 0.0, 12.0, 15.0, 3.0, 9.0, 6.0, 0.0, 0]
B: [0.0, 293.0, 316.8182362487, 378.0, 414.0266187839, 477.0, 529.0, 558.169797411, 571.3472456086, 587.6980581878, 593.11331672272, 625.76824177242]
