Avion: 4      Iteracion: 47

Num Ruta: 45
Ingresos: 3119.594
Costos: 532.291163567
Utilidad Ruta: 2587.30283643
Costo Reducido: 103.351520867
Nodos: [104, 17, 52, 9, 44, 3, 38, 23, 35, 70, 34, 58, 22, 57, 69, 8, 43, 13, 48, 31, 66, 4, 2, 39, 37, 714]
q: [0.0, 5.0, -5.0, 11.0, -11.0, 13.0, -13.0, 7.0, 8.0, -8.0, 8.0, -7.0, 7.0, -7.0, -8.0, 8.0, -8.0, 15.0, -15.0, 9.0, -9.0, 3.0, 10.0, -3.0, -10.0, 0.0]
Q: [0.0, 5.0, 0.0, 11.0, 0.0, 13.0, 0.0, 7.0, 15.0, 7.0, 15.0, 8.0, 15.0, 8.0, 0.0, 8.0, 0.0, 15.0, 0.0, 9.0, 0.0, 3.0, 13.0, 10.0, 0.0, 0.0]
B: [0.0, 24.0, 58.8425537813, 81.72911018459999, 111.25634718709999, 256.0, 261.08428175852, 267.0, 277.4634044651, 289.38614345409997, 322.0, 336.2589470158, 352.0153710073, 373.77005714620003, 384.3603074737, 414.0, 434.768396616, 436.97907275691, 453.86222370691, 458.31973713931, 486.64521621731, 529.0, 556.3715326023, 565.8259991129, 599.0192098946001, 623.3805140058]
