Avion: 6      Iteracion: 5

Num Ruta: 8
Ingresos: 2233.856
Costos: 455.325638332
Utilidad Ruta: 1778.53036167
Costo Reducido: 842.173448005
Nodos: [106, 9, 44, 22, 57, 25, 60, 13, 48, 21, 56, 27, 62, 2, 37, 716]
q: [0, 11.0, -11.0, 10.0, -10.0, 10.0, -10.0, 15.0, -15.0, 12.0, -12.0, 6.0, -6.0, 10.0, -10.0, 0]
Q: [0, 11.0, 0.0, 10.0, 0.0, 10.0, 0.0, 15.0, 0.0, 12.0, 0.0, 6.0, 0.0, 10.0, 0.0, 0]
B: [0.0, 51.9831585901, 81.51039559259999, 299.0, 320.7546861389, 410.0, 427.1849823101, 443.186042775, 460.069193725, 477.0, 517.7387906792, 538.0, 555.0308623681, 566.4829354555, 607.2178975029, 627.6435349715]
