Avion: 2      Iteracion: 63

Num Ruta: 55
Ingresos: 1011.017
Costos: 467.774770055
Utilidad Ruta: 543.242229945
Costo Reducido: 6.92320222335
Nodos: [102, 16, 51, 30, 65, 35, 70, 32, 67, 26, 61, 28, 13, 48, 63, 712]
q: [0.0, 9.0, -9.0, 11.0, -11.0, 8.0, -8.0, 11.0, -11.0, 10.0, -10.0, 6.0, 9.0, -9.0, -6.0, 0.0]
Q: [0.0, 9.0, 0.0, 11.0, 0.0, 8.0, 0.0, 11.0, 0.0, 10.0, 0.0, 6.0, 15.0, 6.0, 0.0, 0.0]
B: [0.0, 36.0, 45.624091437640004, 64.0, 82.7140226568, 270.0, 281.922738989, 309.0, 319.4016530417, 332.1221722921, 349.7014002615, 378.0, 423.0, 439.88315095, 462.92158097460003, 470.95452277695006]
