Avion: 4      Iteracion: 32

Num Ruta: 32
Ingresos: 1955.029
Costos: 494.491861826
Utilidad Ruta: 1460.53713817
Costo Reducido: 108.190485368
Nodos: [104, 17, 52, 30, 16, 51, 65, 10, 45, 32, 67, 13, 48, 31, 66, 5, 40, 4, 2, 39, 37, 714]
q: [0.0, 5.0, -5.0, 6.0, 9.0, -9.0, -6.0, 12.0, -12.0, 11.0, -11.0, 15.0, -15.0, 9.0, -9.0, 9.0, -9.0, 3.0, 10.0, -3.0, -10.0, 0.0]
Q: [0.0, 5.0, 0.0, 6.0, 15.0, 6.0, 0.0, 12.0, 0.0, 11.0, 0.0, 15.0, 0.0, 9.0, 0.0, 9.0, 0.0, 3.0, 13.0, 10.0, 0.0, 0.0]
B: [0.0, 24.0, 58.8425537813, 64.0, 72.20259129788, 81.82668273552001, 84.69783929691, 103.39088958301001, 132.91040031741, 309.0, 319.4016530417, 423.0, 439.88315095, 444.3406643824, 472.6661434604, 492.5626276724, 493.68431657758003, 529.0, 556.3715326023, 565.8259991129, 599.0192098946001, 623.3805140058]
