Avion: 6      Iteracion: 0

Num Ruta: 1
Ingresos: 815.445
Costos: 293.194245379
Utilidad Ruta: 522.250754621
Costo Reducido: -
Nodos: [106, 17, 52, 9, 44, 27, 62, 4, 39, 716]
q: [0, 5.0, -5.0, 11.0, -11.0, 6.0, -6.0, 3.0, -3.0, 0]
Q: [0, 5.0, 0.0, 11.0, 0.0, 6.0, 0.0, 3.0, 0.0, 0]
B: [0.0, 24.0, 58.8425537813, 81.72911018459999, 111.25634718709999, 538.0, 555.0308623681, 571.1180630258, 591.5438127059999, 606.2209275450999]
