Avion: 6      Iteracion: 18

Num Ruta: 20
Ingresos: 1418.402
Costos: 337.710374921
Utilidad Ruta: 1080.69162508
Costo Reducido: 255.016112848
Nodos: [106, 17, 52, 23, 35, 70, 32, 67, 58, 13, 48, 29, 4, 64, 39, 716]
q: [0.0, 5.0, -5.0, 4.0, 8.0, -8.0, 11.0, -11.0, -4.0, 15.0, -15.0, 9.0, 3.0, -9.0, -3.0, 0.0]
Q: [0.0, 5.0, 0.0, 4.0, 12.0, 4.0, 15.0, 4.0, 0.0, 15.0, 0.0, 9.0, 12.0, 3.0, 0.0, 0.0]
B: [0.0, 24.0, 58.8425537813, 267.0, 277.4634044651, 289.38614345409997, 309.0, 319.4016530417, 351.7919881588, 423.0, 439.88315095, 549.0, 569.7100026316, 592.5834067727, 604.8024778094, 619.4795926485]
