Avion: 7      Iteracion: 50

Num Ruta: 34
Ingresos: 1800.137
Costos: 370.560868094
Utilidad Ruta: 1429.57613191
Costo Reducido: 49.0830071686
Nodos: [107, 14, 49, 3, 38, 23, 35, 70, 34, 58, 22, 57, 69, 33, 13, 48, 68, 21, 4, 27, 56, 39, 62, 717]
q: [0.0, 8.0, -8.0, 0.0, 0.0, 0.0, 8.0, -8.0, 8.0, 0.0, 7.0, -7.0, -8.0, 5.0, 10.0, -10.0, -5.0, 12.0, 3.0, 0.0, -12.0, -3.0, 0.0, 0.0]
Q: [0.0, 8.0, 0.0, 0.0, 0.0, 0.0, 8.0, 0.0, 8.0, 8.0, 15.0, 8.0, 0.0, 5.0, 15.0, 5.0, 0.0, 12.0, 15.0, 15.0, 3.0, 0.0, 0.0, 0.0]
B: [0.0, 112.0, 124.021711775, 256.0, 261.08428175852, 267.0, 277.4634044651, 289.38614345409997, 322.0, 336.2589470158, 352.0153710073, 373.77005714620003, 384.3603074737, 437.0, 462.372931896, 479.256082846, 484.60413314494, 495.48361052214, 529.0, 546.6147745373, 559.7922227349001, 576.5951671495001, 582.01042568442, 605.45541399752]
