Avion: 6      Iteracion: 58

Num Ruta: 48
Ingresos: 1418.825
Costos: 259.900643264
Utilidad Ruta: 1158.92435674
Costo Reducido: 16.1475992932
Nodos: [106, 17, 30, 52, 16, 51, 65, 35, 70, 34, 22, 57, 69, 8, 43, 6, 41, 5, 40, 716]
q: [0.0, 5.0, 6.0, -5.0, 9.0, -9.0, -6.0, 8.0, -8.0, 8.0, 7.0, -7.0, -8.0, 8.0, -8.0, 4.0, -4.0, 9.0, -9.0, 0.0]
Q: [0.0, 5.0, 11.0, 6.0, 15.0, 6.0, 0.0, 8.0, 0.0, 8.0, 15.0, 8.0, 0.0, 8.0, 0.0, 4.0, 0.0, 9.0, 0.0, 0.0]
B: [0.0, 24.0, 64.0, 67.14445448369, 72.47609381883, 82.10018525647, 84.97134181786, 270.0, 281.922738989, 322.0, 350.0636833826, 371.8183695215, 382.408619849, 414.0, 434.768396616, 443.95906824543, 447.65135764362, 469.0, 470.12168890518, 476.84504297885]
