Avion: 7      Iteracion: 85

Num Ruta: 53
Ingresos: 1770.332
Costos: 303.10868849
Utilidad Ruta: 1467.22331151
Costo Reducido: 20.1165767561
Nodos: [107, 14, 49, 3, 38, 23, 35, 70, 34, 58, 22, 57, 69, 8, 33, 43, 13, 48, 68, 717]
q: [0.0, 0.0, 0.0, 13.0, -13.0, 7.0, 8.0, -8.0, 8.0, -7.0, 7.0, -7.0, -8.0, 8.0, 5.0, -8.0, 10.0, -10.0, -5.0, 0.0]
Q: [0.0, 0.0, 0.0, 13.0, 0.0, 7.0, 15.0, 7.0, 15.0, 8.0, 15.0, 8.0, 0.0, 8.0, 13.0, 5.0, 15.0, 5.0, 0.0, 0.0]
B: [0.0, 112.0, 124.021711775, 256.0, 261.08428175852, 267.0, 277.4634044651, 289.38614345409997, 322.0, 336.2589470158, 352.0153710073, 373.77005714620003, 384.3603074737, 414.0, 437.0, 460.2743670161, 462.48504315700995, 479.36819410700997, 484.71624440594996, 519.25199279805]
