Avion: 7      Iteracion: 49

Num Ruta: 33
Ingresos: 1205.795
Costos: 357.375949378
Utilidad Ruta: 848.419050622
Costo Reducido: 43.1230532351
Nodos: [107, 9, 44, 14, 49, 3, 38, 23, 35, 70, 34, 58, 22, 57, 69, 13, 48, 31, 66, 717]
q: [0.0, 11.0, -11.0, 0.0, 0.0, 13.0, -13.0, 0.0, 8.0, -8.0, 8.0, 0.0, 7.0, -7.0, -8.0, 15.0, -15.0, 9.0, -9.0, 0.0]
Q: [0.0, 11.0, 0.0, 0.0, 0.0, 13.0, 0.0, 0.0, 8.0, 0.0, 8.0, 8.0, 15.0, 8.0, 0.0, 15.0, 0.0, 9.0, 0.0, 0.0]
B: [0.0, 46.0648734938, 75.5921104963, 112.0, 124.021711775, 256.0, 261.08428175852, 267.0, 277.4634044651, 289.38614345409997, 322.0, 336.2589470158, 352.0153710073, 373.77005714620003, 384.3603074737, 423.0, 439.88315095, 444.3406643824, 472.6661434604, 476.30086545802]
