Avion: 4      Iteracion: 77

Num Ruta: 67
Ingresos: 2663.828
Costos: 507.667944106
Utilidad Ruta: 2156.16005589
Costo Reducido: 35.012141627
Nodos: [104, 17, 52, 9, 44, 22, 57, 32, 67, 33, 6, 41, 13, 48, 68, 21, 56, 2, 37, 714]
q: [0.0, 5.0, -5.0, 11.0, -11.0, 10.0, -10.0, 11.0, -11.0, 5.0, 4.0, -4.0, 10.0, -10.0, -5.0, 12.0, -12.0, 10.0, -10.0, 0.0]
Q: [0.0, 5.0, 0.0, 11.0, 0.0, 10.0, 0.0, 11.0, 0.0, 5.0, 9.0, 5.0, 15.0, 5.0, 0.0, 12.0, 0.0, 10.0, 0.0, 0.0]
B: [0.0, 24.0, 58.8425537813, 81.72911018459999, 111.25634718709999, 299.0, 320.7546861389, 354.75446344700003, 365.15611648870004, 437.0, 463.1548069196, 466.84709631779, 480.25716242499, 497.14031337499, 502.48836367393, 513.36784105113, 554.1066317303299, 577.9576454614299, 618.69260750883, 643.0539116200299]
