Avion: 2      Iteracion: 0

Num Ruta: 2
Ingresos: 2736.607
Costos: 732.988194038
Utilidad Ruta: 2003.61880596
Costo Reducido: -
Nodos: [102, 16, 51, 17, 52, 10, 45, 1, 11, 46, 36, 3, 38, 23, 35, 70, 58, 18, 53, 28, 19, 54, 63, 712]
q: [0.0, 9.0, -9.0, 5.0, -5.0, 12.0, -12.0, 7.0, 6.0, -6.0, -7.0, 13.0, -13.0, 10.0, 5.0, -5.0, -10.0, 10.0, -10.0, 6.0, 7.0, -7.0, -6.0, 0.0]
Q: [0.0, 9.0, 0.0, 5.0, 0.0, 12.0, 0.0, 7.0, 13.0, 7.0, 0.0, 13.0, 0.0, 10.0, 15.0, 10.0, 0.0, 10.0, 0.0, 6.0, 13.0, 6.0, 0.0, 0.0]
B: [0.0, 36.0, 45.624091437640004, 78.34191948294, 113.18447326424, 130.44527246354, 159.96478319794, 198.38412436874, 217.06495296384, 221.11901981085, 255.43474914885002, 262.53130105805, 267.61558281657, 270.97807013997, 281.44147460506997, 293.36421359406995, 317.13091710966995, 342.57022851936995, 366.3884647680699, 378.0, 414.065010994, 440.69212728549996, 473.52220442519996, 481.55514622755]
