Avion: 7      Iteracion: 43

Num Ruta: 31
Ingresos: 1982.83
Costos: 423.611079629
Utilidad Ruta: 1559.21892037
Costo Reducido: 2.59185934608
Nodos: [107, 14, 49, 3, 38, 23, 35, 70, 26, 61, 58, 34, 32, 67, 69, 33, 13, 48, 68, 29, 4, 39, 64, 717]
q: [0.0, 0.0, 0.0, 13.0, -13.0, 7.0, 8.0, -8.0, 8.0, -8.0, -7.0, 8.0, 7.0, -7.0, -8.0, 5.0, 10.0, -10.0, -5.0, 9.0, 3.0, -3.0, -9.0, 0.0]
Q: [0.0, 0.0, 0.0, 13.0, 0.0, 7.0, 15.0, 7.0, 15.0, 7.0, 0.0, 8.0, 15.0, 8.0, 0.0, 5.0, 15.0, 5.0, 0.0, 9.0, 12.0, 9.0, 0.0, 0.0]
B: [0.0, 112.0, 124.021711775, 256.0, 261.08428175852, 267.0, 277.4634044651, 289.38614345409997, 303.7370056233, 321.3162335927, 324.38330597528, 338.64225299108, 358.66517088538, 369.06682392708, 400.10910878178004, 437.0, 462.372931896, 479.256082846, 484.60413314494, 549.0, 569.7100026316, 590.1357523117999, 602.3548233485, 639.8192121064]
