Avion: 2      Iteracion: 43

Num Ruta: 41
Ingresos: 1368.369
Costos: 556.691173336
Utilidad Ruta: 811.677826664
Costo Reducido: 56.5763167367
Nodos: [102, 16, 51, 9, 12, 44, 47, 10, 45, 32, 67, 26, 61, 34, 69, 33, 13, 48, 68, 712]
q: [0.0, 9.0, -9.0, 11.0, 0.0, -11.0, 0.0, 12.0, -12.0, 11.0, -11.0, 10.0, -10.0, 8.0, -8.0, 5.0, 10.0, -10.0, -5.0, 0.0]
Q: [0.0, 9.0, 0.0, 11.0, 11.0, 0.0, 0.0, 12.0, 0.0, 11.0, 0.0, 10.0, 0.0, 8.0, 0.0, 5.0, 15.0, 5.0, 0.0, 0.0]
B: [0.0, 36.0, 45.624091437640004, 75.68094759394, 96.51567151824, 107.30270827534, 144.23279248864, 152.95056284579, 182.47007358019, 309.0, 319.4016530417, 332.1221722921, 349.7014002615, 364.6146463535, 401.0547765673, 437.0, 462.372931896, 479.256082846, 484.60413314494, 494.93341317794]
