Avion: 4      Iteracion: 16

Num Ruta: 17
Ingresos: 2017.833
Costos: 504.957219308
Utilidad Ruta: 1512.87578069
Costo Reducido: 159.78876909
Nodos: [104, 17, 52, 24, 9, 44, 59, 10, 45, 32, 67, 22, 57, 28, 63, 25, 60, 29, 27, 62, 64, 714]
q: [0.0, 5.0, -5.0, 11.0, 4.0, -4.0, -11.0, 12.0, -12.0, 11.0, -11.0, 10.0, -10.0, 6.0, -6.0, 0.0, 0.0, 9.0, 6.0, -6.0, -9.0, 0.0]
Q: [0.0, 5.0, 0.0, 11.0, 15.0, 11.0, 0.0, 12.0, 0.0, 11.0, 0.0, 10.0, 0.0, 6.0, 0.0, 0.0, 0.0, 9.0, 15.0, 9.0, 0.0, 0.0]
B: [0.0, 24.0, 58.8425537813, 75.400837086, 81.83771412381999, 111.36495112632, 136.42051454042, 148.20644522071998, 177.72595595511999, 309.0, 319.4016530417, 353.8662667781, 375.620952917, 418.67211661790003, 454.69873540180004, 458.03211401816003, 475.21709632826, 549.0, 574.6018082369, 591.6326706049999, 607.0800481818, 633.8504782306]
