Avion: 2      Iteracion: 32

Num Ruta: 32
Ingresos: 1107.804
Costos: 535.553335485
Utilidad Ruta: 572.250664515
Costo Reducido: 60.2708818139
Nodos: [102, 16, 51, 24, 59, 10, 45, 26, 32, 67, 61, 28, 31, 66, 63, 712]
q: [0.0, 9.0, -9.0, 11.0, -11.0, 12.0, -12.0, 0.0, 11.0, -11.0, 0.0, 6.0, 9.0, -9.0, -6.0, 0.0]
Q: [0.0, 9.0, 0.0, 11.0, 0.0, 12.0, 0.0, 0.0, 11.0, 0.0, 0.0, 6.0, 15.0, 6.0, 0.0, 0.0]
B: [0.0, 36.0, 45.624091437640004, 70.85029051714, 109.36324081964, 121.14917149994, 150.66868223434, 300.0, 309.0, 319.4016530417, 349.5747438678, 378.0, 406.0, 434.325479078, 462.7399107809, 470.77285258325]
