Avion: 2      Iteracion: 44

Num Ruta: 42
Ingresos: 989.565
Costos: 455.181375797
Utilidad Ruta: 534.383624203
Costo Reducido: 85.1754899846
Nodos: [102, 16, 51, 10, 45, 35, 70, 32, 67, 26, 61, 13, 48, 25, 60, 712]
q: [0, 9.0, -9.0, 12.0, -12.0, 8.0, -8.0, 11.0, -11.0, 10.0, -10.0, 15.0, -15.0, 10.0, -10.0, 0]
Q: [0, 9.0, 0.0, 12.0, 0.0, 8.0, 0.0, 11.0, 0.0, 10.0, 0.0, 15.0, 0.0, 10.0, 0.0, 0]
B: [0.0, 36.0, 45.624091437640004, 96.0, 125.5195107344, 270.0, 281.922738989, 309.0, 319.4016530417, 332.1221722921, 349.7014002615, 423.0, 439.88315095, 463.8957169312, 481.0806992413, 490.44209838886]
