Avion: 3      Iteracion: 57

Num Ruta: 30
Ingresos: 989.236
Costos: 230.811924399
Utilidad Ruta: 758.424075601
Costo Reducido: 23.304497604
Nodos: [103, 11, 46, 22, 57, 2, 37, 713]
q: [0, 6.0, -6.0, 10.0, -10.0, 10.0, -10.0, 0]
Q: [0, 6.0, 0.0, 10.0, 0.0, 10.0, 0.0, 0]
B: [0.0, 169.0, 173.05406684701, 299.0, 320.7546861389, 522.0, 562.7349620474, 572.8298631366]
