Avion: 4      Iteracion: 37

Num Ruta: 37
Ingresos: 783.594
Costos: 210.588255514
Utilidad Ruta: 573.005744486
Costo Reducido: 49.9448685567
Nodos: [104, 17, 52, 9, 44, 25, 60, 714]
q: [0, 5.0, -5.0, 11.0, -11.0, 10.0, -10.0, 0]
Q: [0, 5.0, 0.0, 11.0, 0.0, 10.0, 0.0, 0]
B: [0.0, 24.0, 58.8425537813, 81.72911018459999, 111.25634718709999, 410.0, 427.1849823101, 447.9607021051]
