Avion: 7      Iteracion: 54

Num Ruta: 37
Ingresos: 2256.752
Costos: 409.042358629
Utilidad Ruta: 1847.70964137
Costo Reducido: 91.2815347346
Nodos: [107, 14, 49, 3, 38, 23, 35, 70, 34, 58, 22, 57, 69, 19, 25, 60, 31, 54, 66, 21, 4, 56, 39, 717]
q: [0.0, 8.0, -8.0, 13.0, -13.0, 0.0, 8.0, -8.0, 8.0, 0.0, 7.0, -7.0, -8.0, 6.0, 9.0, -9.0, 9.0, -6.0, -9.0, 12.0, 3.0, -12.0, -3.0, 0.0]
Q: [0.0, 8.0, 0.0, 13.0, 0.0, 0.0, 8.0, 0.0, 8.0, 8.0, 15.0, 8.0, 0.0, 6.0, 15.0, 6.0, 15.0, 9.0, 0.0, 12.0, 15.0, 3.0, 0.0, 0.0]
B: [0.0, 112.0, 124.021711775, 256.0, 261.08428175852, 267.0, 277.4634044651, 289.38614345409997, 322.0, 336.2589470158, 352.0153710073, 373.77005714620003, 384.3603074737, 404.9001237338, 414.292130974, 431.47711328409997, 436.29875989080995, 453.40479932140994, 475.82296360840996, 499.28880228930996, 529.0, 558.169797411, 574.9727418256, 603.7202095402]
