Avion: 7      Iteracion: 19

Num Ruta: 19
Ingresos: 66.568
Costos: 183.852681732
Utilidad Ruta: -117.284681732
Costo Reducido: 5.07032540521
Nodos: [107, 14, 49, 717]
q: [0, 8.0, -8.0, 0]
Q: [0, 8.0, 0.0, 0]
B: [0.0, 112.0, 124.021711775, 128.2864671021]
