Avion: 1      Iteracion: 13

Num Ruta: 15
Ingresos: 3047.309
Costos: 479.092809566
Utilidad Ruta: 2568.21619043
Costo Reducido: 180.969763177
Nodos: [101, 30, 65, 24, 59, 1, 36, 23, 35, 70, 58, 34, 22, 57, 69, 8, 19, 54, 43, 4, 27, 62, 2, 39, 37, 711]
q: [0.0, 0.0, 0.0, 11.0, -11.0, 7.0, -7.0, 10.0, 5.0, -5.0, -10.0, 8.0, 7.0, -7.0, -8.0, 0.0, 7.0, -7.0, 0.0, 3.0, 6.0, -6.0, 10.0, -3.0, -10.0, 0.0]
Q: [0.0, 0.0, 0.0, 11.0, 0.0, 7.0, 0.0, 10.0, 15.0, 10.0, 0.0, 8.0, 15.0, 8.0, 0.0, 0.0, 7.0, 0.0, 0.0, 3.0, 9.0, 3.0, 13.0, 10.0, 0.0, 0.0]
B: [0.0, 64.0, 82.7140226568, 107.4479935471, 145.9609438496, 175.0, 209.2400855285, 267.0, 277.4634044651, 289.38614345409997, 313.15284696969997, 327.41179398549997, 355.4754773681, 377.230163507, 387.82041383449996, 414.0, 437.1608815463, 463.7879978378, 466.71611702935996, 529.0, 546.6147745373, 563.6456369054, 575.0977099928, 584.5521765034, 617.7453872851, 634.6950544795001]
