Avion: 7      Iteracion: 5

Num Ruta: 8
Ingresos: 673.38
Costos: 277.910731529
Utilidad Ruta: 395.469268471
Costo Reducido: 229.084880626
Nodos: [107, 21, 56, 717]
q: [0, 12.0, -12.0, 0]
Q: [0, 12.0, 0.0, 0]
B: [0.0, 477.0, 517.7387906792, 561.3550616453999]
