Avion: 2      Iteracion: 3

Num Ruta: 7
Ingresos: 2119.238
Costos: 671.963462981
Utilidad Ruta: 1447.27453702
Costo Reducido: 1207.40958706
Nodos: [102, 16, 51, 9, 44, 10, 45, 3, 38, 23, 58, 18, 53, 28, 31, 63, 25, 60, 66, 712]
q: [0.0, 9.0, -9.0, 11.0, -11.0, 12.0, -12.0, 13.0, -13.0, 10.0, -10.0, 10.0, -10.0, 6.0, 9.0, -6.0, 6.0, -6.0, -9.0, 0.0]
Q: [0.0, 9.0, 0.0, 11.0, 0.0, 12.0, 0.0, 13.0, 0.0, 10.0, 0.0, 10.0, 0.0, 6.0, 15.0, 9.0, 15.0, 9.0, 0.0, 0.0]
B: [0.0, 36.0, 45.624091437640004, 75.68094759394, 105.20818459644, 133.75029804304, 163.26980877744, 256.0, 261.08428175852, 267.0, 306.733842905, 332.1731543147, 355.9913905634, 378.0, 406.0, 426.4968799577, 429.83025857406, 447.01524088416, 471.08977940516, 496.98283911236]
