Avion: 2      Iteracion: 40

Num Ruta: 39
Ingresos: 1080.936
Costos: 428.750435044
Utilidad Ruta: 652.185564956
Costo Reducido: 34.0287819343
Nodos: [102, 16, 51, 10, 45, 26, 61, 28, 31, 66, 63, 712]
q: [0, 9.0, -9.0, 12.0, -12.0, 10.0, -10.0, 6.0, 9.0, -9.0, -6.0, 0]
Q: [0, 9.0, 0.0, 12.0, 0.0, 10.0, 0.0, 6.0, 15.0, 6.0, 0.0, 0]
B: [0.0, 36.0, 45.624091437640004, 96.0, 125.5195107344, 300.0, 317.5792279694, 378.0, 406.0, 434.325479078, 462.7399107809, 470.77285258325]
