Avion: 7      Iteracion: 26

Num Ruta: 24
Ingresos: 1858.333
Costos: 485.867710749
Utilidad Ruta: 1372.46528925
Costo Reducido: 82.9427478527
Nodos: [107, 14, 49, 11, 46, 3, 38, 23, 18, 53, 58, 22, 57, 13, 48, 33, 5, 40, 68, 29, 4, 27, 64, 39, 62, 717]
q: [0.0, 8.0, -8.0, 6.0, -6.0, 0.0, 0.0, 5.0, 10.0, -10.0, -5.0, 10.0, -10.0, 15.0, -15.0, 5.0, 9.0, -9.0, -5.0, 6.0, 3.0, 6.0, -6.0, -3.0, -6.0, 0.0]
Q: [0.0, 8.0, 0.0, 6.0, 0.0, 0.0, 0.0, 5.0, 15.0, 5.0, 0.0, 10.0, 0.0, 15.0, 0.0, 5.0, 14.0, 5.0, 0.0, 6.0, 9.0, 15.0, 9.0, 6.0, 0.0, 0.0]
B: [0.0, 112.0, 124.021711775, 169.0, 173.05406684701, 256.0, 261.08428175852, 267.0, 293.0, 316.8182362487, 326.74376782137, 342.50019181287, 364.25487795177, 423.0, 439.88315095, 480.6391515511, 494.3373187278, 495.45900763298, 524.47138225138, 549.0, 569.7100026316, 587.3247771689, 595.54120516408, 607.76027620078, 613.1755347357, 636.6205230488]
