Avion: 6      Iteracion: 72

Num Ruta: 57
Ingresos: 1681.903
Costos: 395.68421016
Utilidad Ruta: 1286.21878984
Costo Reducido: 16.3216624188
Nodos: [106, 9, 44, 11, 46, 3, 38, 23, 35, 70, 32, 67, 26, 61, 58, 6, 41, 5, 40, 33, 68, 29, 64, 716]
q: [0.0, 11.0, -11.0, 6.0, -6.0, 13.0, -13.0, 5.0, 8.0, -8.0, 10.0, -10.0, 10.0, -10.0, -5.0, 4.0, -4.0, 9.0, -9.0, 5.0, -5.0, 9.0, -9.0, 0.0]
Q: [0.0, 11.0, 0.0, 6.0, 0.0, 13.0, 0.0, 5.0, 13.0, 5.0, 15.0, 5.0, 15.0, 5.0, 0.0, 4.0, 0.0, 9.0, 0.0, 5.0, 0.0, 9.0, 0.0, 0.0]
B: [0.0, 51.9831585901, 81.51039559259999, 169.0, 173.05406684701, 256.0, 261.08428175852, 267.0, 277.4634044651, 289.38614345409997, 309.0, 319.4016530417, 332.1221722921, 349.7014002615, 352.76847264408, 436.0, 439.69228939819, 469.0, 470.12168890518, 483.41186760978, 525.3645326621801, 549.0, 582.7797797802, 603.1769870644999]
