Avion: 2      Iteracion: 81

Num Ruta: 69
Ingresos: 913.243
Costos: 463.533011974
Utilidad Ruta: 449.709988026
Costo Reducido: 48.0098769826
Nodos: [102, 16, 51, 9, 44, 14, 49, 3, 38, 35, 70, 32, 67, 26, 61, 13, 48, 712]
q: [0, 9.0, -9.0, 11.0, -11.0, 8.0, -8.0, 13.0, -13.0, 8.0, -8.0, 11.0, -11.0, 10.0, -10.0, 15.0, -15.0, 0]
Q: [0, 9.0, 0.0, 11.0, 0.0, 8.0, 0.0, 13.0, 0.0, 8.0, 0.0, 11.0, 0.0, 10.0, 0.0, 15.0, 0.0, 0]
B: [0.0, 36.0, 45.624091437640004, 75.68094759394, 105.20818459644, 115.46499131194001, 127.48670308694001, 256.0, 261.08428175852, 274.08526633661995, 286.00800532561993, 309.0, 319.4016530417, 332.1221722921, 349.7014002615, 423.0, 439.88315095, 455.2736272259]
