Avion: 2      Iteracion: 39

Num Ruta: 38
Ingresos: 1495.244
Costos: 467.379451622
Utilidad Ruta: 1027.86454838
Costo Reducido: 28.3616329423
Nodos: [102, 16, 51, 9, 44, 14, 49, 23, 35, 70, 58, 26, 61, 13, 48, 712]
q: [0.0, 9.0, -9.0, 11.0, -11.0, 8.0, -8.0, 10.0, 5.0, -5.0, -10.0, 10.0, -10.0, 15.0, -15.0, 0.0]
Q: [0.0, 9.0, 0.0, 11.0, 0.0, 8.0, 0.0, 10.0, 15.0, 10.0, 0.0, 10.0, 0.0, 15.0, 0.0, 0.0]
B: [0.0, 36.0, 45.624091437640004, 75.68094759394, 105.20818459644, 115.46499131194001, 127.48670308694001, 267.0, 277.4634044651, 289.38614345409997, 313.15284696969997, 332.83921974379996, 350.41844771319995, 423.0, 439.88315095, 455.2736272259]
