Avion: 5      Iteracion: 2

Num Ruta: 6
Ingresos: 3170.384
Costos: 705.629157225
Utilidad Ruta: 2464.75484277
Costo Reducido: 2124.72804804
Nodos: [105, 17, 52, 30, 16, 51, 65, 10, 45, 35, 70, 22, 57, 26, 61, 28, 63, 8, 33, 43, 68, 21, 4, 56, 27, 39, 62, 715]
q: [0.0, 5.0, -5.0, 6.0, 9.0, -9.0, -6.0, 12.0, -12.0, 8.0, -8.0, 10.0, -10.0, 10.0, -10.0, 6.0, -6.0, 8.0, 5.0, -8.0, -5.0, 12.0, 3.0, -12.0, 6.0, -3.0, -6.0, 0.0]
Q: [0.0, 5.0, 0.0, 6.0, 15.0, 6.0, 0.0, 12.0, 0.0, 8.0, 0.0, 10.0, 0.0, 10.0, 0.0, 6.0, 0.0, 8.0, 13.0, 5.0, 0.0, 12.0, 15.0, 3.0, 9.0, 6.0, 0.0, 0.0]
B: [0.0, 35.8094227823, 70.65197656359999, 73.79643104728999, 81.99902234516999, 91.62311378281, 94.49427034419999, 113.1873206303, 142.7068313647, 270.0, 281.922738989, 299.64604976889996, 321.40073590779997, 357.73373932069995, 375.31296729009995, 385.72088432469997, 421.7475031086, 456.34033336289997, 470.10498817149994, 493.3793551875999, 515.3362362275, 526.2157136047, 541.1635019695, 570.3332993805, 583.5107475781, 599.8615601573, 605.27681869222, 637.93174374192]
