Avion: 6      Iteracion: 27

Num Ruta: 29
Ingresos: 1532.513
Costos: 343.807885129
Utilidad Ruta: 1188.70511487
Costo Reducido: 160.550583726
Nodos: [106, 17, 52, 14, 49, 3, 38, 35, 70, 26, 34, 61, 8, 69, 43, 13, 48, 6, 41, 5, 40, 27, 62, 716]
q: [0.0, 5.0, -5.0, 8.0, -8.0, 13.0, -13.0, 8.0, -8.0, 7.0, 8.0, -7.0, 7.0, -8.0, -7.0, 15.0, -15.0, 4.0, -4.0, 9.0, -9.0, 6.0, -6.0, 0.0]
Q: [0.0, 5.0, 0.0, 8.0, 0.0, 13.0, 0.0, 8.0, 0.0, 7.0, 15.0, 8.0, 15.0, 7.0, 0.0, 15.0, 0.0, 4.0, 0.0, 9.0, 0.0, 6.0, 0.0, 0.0]
B: [0.0, 24.0, 58.8425537813, 112.0, 124.021711775, 256.0, 261.08428175852, 274.08526633661995, 286.00800532561993, 300.35886749481995, 322.0, 336.913246092, 414.0, 416.64617497532, 436.87392818722, 439.08460432812996, 455.96775527812997, 480.19070390133, 483.88299329951997, 502.27185351431996, 503.39354241949997, 538.0, 555.0308623681, 564.73653272104]
