Avion: 5      Iteracion: 49

Num Ruta: 41
Ingresos: 985.358
Costos: 401.410077766
Utilidad Ruta: 583.947922234
Costo Reducido: 64.7860947904
Nodos: [105, 9, 44, 3, 38, 35, 70, 32, 67, 2, 37, 715]
q: [0, 11.0, -11.0, 13.0, -13.0, 8.0, -8.0, 11.0, -11.0, 10.0, -10.0, 0]
Q: [0, 11.0, 0.0, 13.0, 0.0, 8.0, 0.0, 11.0, 0.0, 10.0, 0.0, 0]
B: [0.0, 31.4915482312, 61.0187852337, 256.0, 261.08428175852, 274.08526633661995, 286.00800532561993, 309.0, 319.4016530417, 522.0, 562.7349620474, 598.7395051635]
