Avion: 5      Iteracion: 0

Num Ruta: 1
Ingresos: 921.523
Costos: 410.196468555
Utilidad Ruta: 511.326531445
Costo Reducido: -
Nodos: [105, 24, 59, 3, 38, 22, 57, 31, 66, 715]
q: [0, 11.0, -11.0, 13.0, -13.0, 10.0, -10.0, 9.0, -9.0, 0]
Q: [0, 11.0, 0.0, 13.0, 0.0, 10.0, 0.0, 9.0, 0.0, 0]
B: [0.0, 61.0, 99.5129503025, 256.0, 261.08428175852, 299.0, 320.7546861389, 406.0, 434.325479078, 448.0782228406]
