Avion: 1      Iteracion: 20

Num Ruta: 21
Ingresos: 1341.689
Costos: 206.948722236
Utilidad Ruta: 1134.74027776
Costo Reducido: 77.2318723087
Nodos: [101, 30, 65, 24, 59, 1, 36, 8, 19, 54, 43, 711]
q: [0, 11.0, -11.0, 11.0, -11.0, 7.0, -7.0, 8.0, 7.0, -7.0, -8.0, 0]
Q: [0, 11.0, 0.0, 11.0, 0.0, 7.0, 0.0, 8.0, 15.0, 8.0, 0.0, 0]
B: [0.0, 64.0, 82.7140226568, 107.4479935471, 145.9609438496, 175.0, 209.2400855285, 414.0, 437.1608815463, 463.7879978378, 466.71611702935996, 472.42524831178997]
