Avion: 1      Iteracion: 40

Num Ruta: 36
Ingresos: 1834.525
Costos: 518.8985876
Utilidad Ruta: 1315.6264124
Costo Reducido: 16.1106293082
Nodos: [101, 17, 16, 52, 30, 65, 51, 1, 36, 35, 70, 32, 67, 26, 61, 31, 66, 33, 13, 48, 68, 711]
q: [0.0, 5.0, 9.0, -5.0, 0.0, 0.0, -9.0, 7.0, -7.0, 8.0, -8.0, 11.0, -11.0, 10.0, -10.0, 9.0, -9.0, 5.0, 10.0, -10.0, -5.0, 0.0]
Q: [0.0, 5.0, 14.0, 9.0, 9.0, 9.0, 0.0, 7.0, 0.0, 8.0, 0.0, 11.0, 0.0, 10.0, 0.0, 9.0, 0.0, 5.0, 15.0, 5.0, 0.0, 0.0]
B: [0.0, 24.0, 58.8014769802, 64.13311631534, 67.27757079903, 85.99159345583, 88.86275001722, 175.0, 209.2400855285, 270.0, 281.922738989, 309.0, 319.4016530417, 332.1221722921, 349.7014002615, 406.0, 434.325479078, 456.7236405204, 482.0965724164, 498.97972336640004, 504.32777366534003, 521.51994086434]
