Avion: 1      Iteracion: 32

Num Ruta: 30
Ingresos: 1246.437
Costos: 401.053703074
Utilidad Ruta: 845.383296926
Costo Reducido: 0.47535306188
Nodos: [101, 30, 65, 32, 67, 33, 68, 4, 2, 39, 37, 711]
q: [0, 11.0, -11.0, 11.0, -11.0, 5.0, -5.0, 3.0, 10.0, -3.0, -10.0, 0]
Q: [0, 11.0, 0.0, 11.0, 0.0, 5.0, 0.0, 3.0, 13.0, 10.0, 0.0, 0]
B: [0.0, 64.0, 82.7140226568, 309.0, 319.4016530417, 437.0, 478.9526650524, 529.0, 556.3715326023, 565.8259991129, 599.0192098946001, 615.9688770890001]
