Avion: 5      Iteracion: 8

Num Ruta: 11
Ingresos: 2196.969
Costos: 568.640304288
Utilidad Ruta: 1628.32869571
Costo Reducido: 176.771122453
Nodos: [105, 9, 44, 14, 49, 32, 67, 26, 61, 28, 63, 8, 33, 43, 68, 21, 4, 56, 39, 715]
q: [0, 11.0, -11.0, 8.0, -8.0, 11.0, -11.0, 10.0, -10.0, 6.0, -6.0, 8.0, 5.0, -8.0, -5.0, 12.0, 3.0, -12.0, -3.0, 0]
Q: [0, 11.0, 0.0, 8.0, 0.0, 11.0, 0.0, 10.0, 0.0, 6.0, 0.0, 8.0, 13.0, 5.0, 0.0, 12.0, 15.0, 3.0, 0.0, 0]
B: [0.0, 31.4915482312, 61.0187852337, 112.0, 124.021711775, 309.0, 319.4016530417, 332.1221722921, 349.7014002615, 378.0, 414.0266187839, 448.6194490382, 462.38410384680003, 485.6584708629, 507.6153519028, 518.49482928, 533.4426176448, 562.6124150557999, 579.4153594704, 617.1294508023999]
