Avion: 4      Iteracion: 53

Num Ruta: 51
Ingresos: 1664.145
Costos: 418.832514236
Utilidad Ruta: 1245.31248576
Costo Reducido: 0.0909124260829
Nodos: [104, 17, 52, 30, 16, 51, 65, 32, 67, 34, 69, 5, 40, 4, 2, 39, 37, 714]
q: [0.0, 5.0, -5.0, 11.0, 4.0, -4.0, -11.0, 11.0, -11.0, 8.0, -8.0, 9.0, -9.0, 3.0, 10.0, -3.0, -10.0, 0.0]
Q: [0.0, 5.0, 0.0, 11.0, 15.0, 11.0, 0.0, 11.0, 0.0, 8.0, 0.0, 9.0, 0.0, 3.0, 13.0, 10.0, 0.0, 0.0]
B: [0.0, 24.0, 58.8425537813, 64.0, 72.20259129788, 81.82668273552001, 84.69783929691, 309.0, 319.4016530417, 346.1750898215, 382.6152200353, 469.0, 470.12168890518, 529.0, 556.3715326023, 565.8259991129, 599.0192098946001, 623.3805140058]
