Avion: 2      Iteracion: 45

Num Ruta: 43
Ingresos: 858.723
Costos: 369.037359473
Utilidad Ruta: 489.685640527
Costo Reducido: 25.4091188284
Nodos: [102, 16, 51, 10, 45, 26, 61, 13, 48, 25, 60, 712]
q: [0, 9.0, -9.0, 12.0, -12.0, 10.0, -10.0, 15.0, -15.0, 10.0, -10.0, 0]
Q: [0, 9.0, 0.0, 12.0, 0.0, 10.0, 0.0, 15.0, 0.0, 10.0, 0.0, 0]
B: [0.0, 36.0, 45.624091437640004, 96.0, 125.5195107344, 300.0, 317.5792279694, 423.0, 439.88315095, 463.8957169312, 481.0806992413, 490.44209838886]
