Avion: 6      Iteracion: 59

Num Ruta: 49
Ingresos: 1957.55
Costos: 289.2368975
Utilidad Ruta: 1668.3131025
Costo Reducido: 36.3120081712
Nodos: [106, 17, 52, 3, 38, 23, 35, 70, 34, 58, 22, 57, 69, 13, 48, 6, 41, 5, 40, 716]
q: [0.0, 5.0, -5.0, 13.0, -13.0, 10.0, 5.0, -5.0, 5.0, -10.0, 10.0, -10.0, -5.0, 15.0, -15.0, 4.0, -4.0, 9.0, -9.0, 0.0]
Q: [0.0, 5.0, 0.0, 13.0, 0.0, 10.0, 15.0, 10.0, 15.0, 5.0, 15.0, 5.0, 0.0, 15.0, 0.0, 4.0, 0.0, 9.0, 0.0, 0.0]
B: [0.0, 24.0, 58.8425537813, 256.0, 261.08428175852, 267.0, 277.4634044651, 289.38614345409997, 322.0, 336.2589470158, 352.0153710073, 373.77005714620003, 384.3603074737, 423.0, 439.88315095, 464.1060995732, 467.79838897139, 486.18724918619, 487.30893809137, 494.03229216504]
