Avion: 2      Iteracion: 77

Num Ruta: 66
Ingresos: 1246.379
Costos: 544.446077663
Utilidad Ruta: 701.932922337
Costo Reducido: 29.4640667163
Nodos: [102, 16, 51, 30, 65, 10, 45, 32, 67, 22, 57, 33, 6, 41, 13, 48, 68, 712]
q: [0.0, 9.0, -9.0, 11.0, -11.0, 12.0, -12.0, 11.0, -11.0, 10.0, -10.0, 5.0, 4.0, -4.0, 10.0, -10.0, -5.0, 0.0]
Q: [0.0, 9.0, 0.0, 11.0, 0.0, 12.0, 0.0, 11.0, 0.0, 10.0, 0.0, 5.0, 9.0, 5.0, 15.0, 5.0, 0.0, 0.0]
B: [0.0, 36.0, 45.624091437640004, 64.0, 82.7140226568, 101.4070729429, 130.92658367730002, 309.0, 319.4016530417, 353.8662667781, 375.620952917, 437.0, 463.1548069196, 466.84709631779, 480.25716242499, 497.14031337499, 502.48836367393, 512.81764370693]
