Avion: 2      Iteracion: 22

Num Ruta: 23
Ingresos: 1733.157
Costos: 561.662826712
Utilidad Ruta: 1171.49417329
Costo Reducido: 105.625347404
Nodos: [102, 16, 51, 10, 45, 35, 70, 3, 38, 23, 18, 53, 58, 28, 31, 66, 63, 712]
q: [0.0, 0.0, 0.0, 12.0, -12.0, 8.0, -8.0, 13.0, -13.0, 10.0, 5.0, -5.0, -10.0, 6.0, 9.0, -9.0, -6.0, 0.0]
Q: [0.0, 0.0, 0.0, 12.0, 0.0, 8.0, 0.0, 13.0, 0.0, 10.0, 15.0, 10.0, 0.0, 6.0, 15.0, 6.0, 0.0, 0.0]
B: [0.0, 36.0, 45.624091437640004, 96.0, 125.5195107344, 270.0, 281.922738989, 301.6759641434, 306.76024590192, 310.12273322531996, 330.30168337142, 354.11991962011996, 364.04545119279, 378.0, 406.0, 434.325479078, 462.7399107809, 470.77285258325]
