Avion: 5      Iteracion: 4

Num Ruta: 8
Ingresos: 2383.652
Costos: 518.448484047
Utilidad Ruta: 1865.20351595
Costo Reducido: 933.503148603
Nodos: [105, 30, 65, 24, 59, 1, 36, 23, 58, 26, 61, 28, 63, 29, 64, 715]
q: [0, 11.0, -11.0, 11.0, -11.0, 7.0, -7.0, 10.0, -10.0, 10.0, -10.0, 6.0, -6.0, 9.0, -9.0, 0]
Q: [0, 11.0, 0.0, 11.0, 0.0, 7.0, 0.0, 10.0, 0.0, 10.0, 0.0, 6.0, 0.0, 9.0, 0.0, 0]
B: [0.0, 64.0, 82.7140226568, 107.4479935471, 145.9609438496, 175.0, 209.2400855285, 267.0, 306.733842905, 326.4202156791, 343.9994436485, 378.0, 414.0266187839, 549.0, 582.7797797802, 630.090723715]
