Avion: 5      Iteracion: 3

Num Ruta: 7
Ingresos: 1349.51
Costos: 353.037967939
Utilidad Ruta: 996.472032061
Costo Reducido: 781.1789675
Nodos: [105, 23, 58, 2, 37, 715]
q: [0, 10.0, -10.0, 10.0, -10.0, 0]
Q: [0, 10.0, 0.0, 10.0, 0.0, 0]
B: [0.0, 267.0, 306.733842905, 522.0, 562.7349620474, 598.7395051635]
