Avion: 2      Iteracion: 48

Num Ruta: 45
Ingresos: 1024.597
Costos: 443.763176406
Utilidad Ruta: 580.833823594
Costo Reducido: 89.6385314192
Nodos: [102, 16, 51, 10, 45, 26, 61, 34, 69, 8, 33, 43, 13, 48, 68, 712]
q: [0.0, 9.0, -9.0, 12.0, -12.0, 0.0, 0.0, 8.0, -8.0, 8.0, 5.0, -8.0, 0.0, 0.0, -5.0, 0.0]
Q: [0.0, 9.0, 0.0, 12.0, 0.0, 0.0, 0.0, 8.0, 0.0, 8.0, 13.0, 5.0, 5.0, 5.0, 0.0, 0.0]
B: [0.0, 36.0, 45.624091437640004, 96.0, 125.5195107344, 300.0, 317.5792279694, 332.4924740614, 368.9326042752, 414.0, 437.0, 460.2743670161, 462.48504315700995, 479.36819410700997, 484.71624440594996, 495.04552443894994]
