Avion: 2      Iteracion: 57

Num Ruta: 52
Ingresos: 1047.262
Costos: 534.613571468
Utilidad Ruta: 512.648428532
Costo Reducido: 55.3979299309
Nodos: [102, 16, 51, 9, 24, 44, 59, 1, 36, 35, 70, 32, 67, 26, 61, 13, 48, 31, 66, 712]
q: [0.0, 0.0, 0.0, 11.0, 0.0, -11.0, 0.0, 7.0, -7.0, 8.0, -8.0, 11.0, -11.0, 0.0, 0.0, 15.0, -15.0, 9.0, -9.0, 0.0]
Q: [0.0, 0.0, 0.0, 11.0, 11.0, 0.0, 0.0, 7.0, 0.0, 8.0, 0.0, 11.0, 0.0, 0.0, 0.0, 15.0, 0.0, 9.0, 0.0, 0.0]
B: [0.0, 36.0, 45.624091437640004, 75.68094759394, 82.11782463176, 106.25807452686, 131.31363794096, 175.0, 209.2400855285, 270.0, 281.922738989, 309.0, 319.4016530417, 332.1221722921, 349.7014002615, 423.0, 439.88315095, 444.3406643824, 472.6661434604, 498.5592031676]
