Avion: 2      Iteracion: 11

Num Ruta: 14
Ingresos: 2201.096
Costos: 643.821684856
Utilidad Ruta: 1557.27431514
Costo Reducido: 340.588455722
Nodos: [102, 16, 51, 17, 52, 10, 45, 23, 35, 70, 26, 61, 58, 18, 53, 31, 19, 54, 66, 712]
q: [0.0, 9.0, -9.0, 5.0, -5.0, 12.0, -12.0, 10.0, 5.0, -5.0, 0.0, 0.0, -10.0, 10.0, -10.0, 8.0, 7.0, -7.0, -8.0, 0.0]
Q: [0.0, 9.0, 0.0, 5.0, 0.0, 12.0, 0.0, 10.0, 15.0, 10.0, 10.0, 10.0, 0.0, 10.0, 0.0, 8.0, 15.0, 8.0, 0.0, 0.0]
B: [0.0, 36.0, 45.624091437640004, 78.34191948294, 113.18447326424, 130.44527246354, 159.96478319794, 267.0, 277.4634044651, 289.38614345409997, 303.7370056233, 321.3162335927, 324.38330597528, 349.82261738498, 373.64085363367997, 406.0, 427.4250045741, 454.0521208656, 476.4702851526, 502.3633448598]
