Avion: 4      Iteracion: 26

Num Ruta: 27
Ingresos: 1388.849
Costos: 458.622215367
Utilidad Ruta: 930.226784633
Costo Reducido: 75.4728413122
Nodos: [104, 17, 52, 24, 9, 44, 59, 10, 45, 32, 67, 26, 61, 13, 48, 25, 60, 29, 4, 27, 39, 62, 64, 714]
q: [0.0, 0.0, 0.0, 11.0, 4.0, -4.0, -11.0, 12.0, -12.0, 11.0, -11.0, 10.0, -10.0, 15.0, -15.0, 0.0, 0.0, 6.0, 3.0, 6.0, -3.0, -6.0, -6.0, 0.0]
Q: [0.0, 0.0, 0.0, 11.0, 15.0, 11.0, 0.0, 12.0, 0.0, 11.0, 0.0, 10.0, 0.0, 15.0, 0.0, 0.0, 0.0, 6.0, 9.0, 15.0, 12.0, 6.0, 0.0, 0.0]
B: [0.0, 24.0, 58.8425537813, 75.400837086, 81.83771412381999, 111.36495112632, 136.42051454042, 148.20644522071998, 177.72595595511999, 309.0, 319.4016530417, 332.1221722921, 349.7014002615, 423.0, 439.88315095, 463.8957169312, 481.0806992413, 549.0, 569.7100026316, 587.3247771689, 603.6755897481, 609.09084828302, 624.53822585982, 651.30865590862]
