Avion: 4      Iteracion: 50

Num Ruta: 48
Ingresos: 1449.545
Costos: 372.842750865
Utilidad Ruta: 1076.70224914
Costo Reducido: 13.0838183552
Nodos: [104, 17, 52, 9, 44, 35, 70, 32, 67, 2, 4, 39, 37, 714]
q: [0, 5.0, -5.0, 11.0, -11.0, 8.0, -8.0, 11.0, -11.0, 10.0, 3.0, -3.0, -10.0, 0]
Q: [0, 5.0, 0.0, 11.0, 0.0, 8.0, 0.0, 11.0, 0.0, 10.0, 13.0, 10.0, 0.0, 0]
B: [0.0, 24.0, 58.8425537813, 81.72911018459999, 111.25634718709999, 270.0, 281.922738989, 309.0, 319.4016530417, 522.0, 549.3715326023, 569.7972822825, 602.9904930642, 627.3517971754]
