Avion: 2      Iteracion: 20

Num Ruta: 21
Ingresos: 1525.66
Costos: 578.332176022
Utilidad Ruta: 947.327823978
Costo Reducido: 110.515853976
Nodos: [102, 16, 51, 9, 24, 44, 59, 10, 45, 32, 67, 26, 61, 28, 31, 63, 25, 60, 66, 712]
q: [0.0, 9.0, -9.0, 11.0, 4.0, -11.0, -4.0, 12.0, -12.0, 11.0, -11.0, 10.0, -10.0, 6.0, 9.0, -6.0, 6.0, -6.0, -9.0, 0.0]
Q: [0.0, 9.0, 0.0, 11.0, 15.0, 4.0, 0.0, 12.0, 0.0, 11.0, 0.0, 10.0, 0.0, 6.0, 15.0, 9.0, 15.0, 9.0, 0.0, 0.0]
B: [0.0, 36.0, 45.624091437640004, 75.68094759394, 82.11782463176, 106.25807452686, 131.31363794096, 143.09956862126, 172.61907935566, 309.0, 319.4016530417, 332.1221722921, 349.7014002615, 378.0, 406.0, 426.4968799577, 429.83025857406, 447.01524088416, 471.08977940516, 496.98283911236]
