Avion: 1      Iteracion: 75

Num Ruta: 49
Ingresos: 2506.083
Costos: 497.847051827
Utilidad Ruta: 2008.23594817
Costo Reducido: 23.2841149192
Nodos: [101, 30, 65, 24, 59, 1, 36, 35, 70, 22, 53, 18, 57, 19, 54, 33, 13, 48, 68, 29, 4, 39, 64, 711]
q: [0.0, 11.0, -11.0, 11.0, -11.0, 7.0, -7.0, 8.0, -8.0, 10.0, -10.0, 10.0, -10.0, 7.0, -7.0, 5.0, 10.0, -10.0, -5.0, 9.0, 3.0, -3.0, -9.0, 0.0]
Q: [0.0, 11.0, 0.0, 11.0, 0.0, 7.0, 0.0, 8.0, 0.0, 10.0, 0.0, 10.0, 0.0, 7.0, 0.0, 5.0, 15.0, 5.0, 0.0, 9.0, 12.0, 9.0, 0.0, 0.0]
B: [0.0, 64.0, 82.7140226568, 107.4479935471, 145.9609438496, 175.0, 209.2400855285, 270.0, 281.922738989, 299.64604976889996, 316.0, 339.8182362487, 353.2186728461, 402.0, 428.6271162915, 450.1755100599, 475.5484419559, 492.4315929059, 497.77964320484, 549.0, 569.7100026316, 590.1357523117999, 602.3548233485, 618.4553323156]
