Avion: 4      Iteracion: 11

Num Ruta: 12
Ingresos: 403.52
Costos: 226.564928097
Utilidad Ruta: 176.955071903
Costo Reducido: 60.6907330843
Nodos: [104, 17, 52, 714]
q: [0, 5.0, -5.0, 0]
Q: [0, 5.0, 0.0, 0]
B: [0.0, 24.0, 58.8425537813, 94.71873988019999]
