Avion: 3      Iteracion: 7

Num Ruta: 7
Ingresos: 1068.781
Costos: 328.476780619
Utilidad Ruta: 740.304219381
Costo Reducido: 263.017704642
Nodos: [103, 11, 46, 35, 70, 26, 61, 18, 53, 31, 33, 66, 68, 713]
q: [0, 6.0, -6.0, 8.0, -8.0, 10.0, -10.0, 10.0, -10.0, 9.0, 5.0, -9.0, -5.0, 0]
Q: [0, 6.0, 0.0, 8.0, 0.0, 10.0, 0.0, 10.0, 0.0, 9.0, 14.0, 5.0, 0.0, 0]
B: [0.0, 169.0, 173.05406684701, 270.0, 281.922738989, 300.0, 317.5792279694, 340.8578987218, 364.67613497049996, 406.0, 443.5012702852, 465.8994317276, 496.8512225805, 500.54609808585]
