Avion: 6      Iteracion: 20

Num Ruta: 22
Ingresos: 1209.571
Costos: 222.484427248
Utilidad Ruta: 987.086572752
Costo Reducido: 108.690153218
Nodos: [106, 17, 16, 52, 51, 23, 35, 70, 32, 67, 26, 61, 58, 6, 41, 5, 40, 716]
q: [0.0, 5.0, 9.0, -5.0, -9.0, 4.0, 8.0, -8.0, 11.0, -11.0, 10.0, -10.0, -4.0, 4.0, -4.0, 9.0, -9.0, 0.0]
Q: [0.0, 5.0, 14.0, 9.0, 0.0, 4.0, 12.0, 4.0, 15.0, 4.0, 14.0, 4.0, 0.0, 4.0, 0.0, 9.0, 0.0, 0.0]
B: [0.0, 24.0, 58.8014769802, 64.13311631534, 78.78088508744, 267.0, 277.4634044651, 289.38614345409997, 309.0, 319.4016530417, 332.1221722921, 349.7014002615, 352.76847264408, 436.0, 439.69228939819, 469.0, 470.12168890518, 476.84504297885]
