Avion: 7      Iteracion: 11

Num Ruta: 12
Ingresos: 3117.585
Costos: 590.696601251
Utilidad Ruta: 2526.88839875
Costo Reducido: 424.190917869
Nodos: [107, 17, 52, 16, 51, 10, 45, 3, 38, 23, 18, 53, 58, 22, 57, 19, 25, 60, 31, 54, 66, 21, 4, 39, 56, 717]
q: [0.0, 5.0, -5.0, 9.0, -9.0, 12.0, -12.0, 0.0, 0.0, 5.0, 10.0, -10.0, -5.0, 10.0, -10.0, 6.0, 9.0, -9.0, 9.0, -6.0, -9.0, 12.0, 3.0, -3.0, -12.0, 0.0]
Q: [0.0, 5.0, 0.0, 9.0, 0.0, 12.0, 0.0, 0.0, 0.0, 5.0, 15.0, 5.0, 0.0, 10.0, 0.0, 6.0, 15.0, 6.0, 15.0, 9.0, 0.0, 12.0, 15.0, 12.0, 0.0, 0.0]
B: [0.0, 45.942580685, 80.78513446630001, 86.11677380144, 95.74086523908001, 111.57014244938001, 141.08965318378, 256.0, 261.08428175852, 267.0, 293.0, 316.8182362487, 326.74376782137, 342.50019181287, 364.25487795177, 402.0, 411.3920072402, 428.57698955029997, 433.39863615700995, 450.50467558760994, 472.92283987460996, 496.38867855550996, 529.0, 549.4257496801999, 566.2286940948, 609.8449650609999]
