Avion: 2      Iteracion: 73

Num Ruta: 63
Ingresos: 462.866
Costos: 414.267189097
Utilidad Ruta: 48.5988109033
Costo Reducido: 34.3375371887
Nodos: [102, 16, 30, 51, 65, 35, 70, 32, 67, 26, 61, 13, 48, 712]
q: [0.0, 4.0, 11.0, -4.0, -11.0, 8.0, -8.0, 11.0, -11.0, 0.0, 0.0, 15.0, -15.0, 0.0]
Q: [0.0, 4.0, 15.0, 11.0, 0.0, 8.0, 0.0, 11.0, 0.0, 0.0, 0.0, 15.0, 0.0, 0.0]
B: [0.0, 36.0, 64.0, 80.9852936389, 83.85645020029, 270.0, 281.922738989, 309.0, 319.4016530417, 332.1221722921, 349.7014002615, 423.0, 439.88315095, 455.2736272259]
