Avion: 1      Iteracion: 17

Num Ruta: 19
Ingresos: 1001.839
Costos: 235.001001823
Utilidad Ruta: 766.837998177
Costo Reducido: 117.761051885
Nodos: [101, 30, 65, 24, 59, 1, 36, 8, 43, 711]
q: [0, 11.0, -11.0, 11.0, -11.0, 7.0, -7.0, 8.0, -8.0, 0]
Q: [0, 11.0, 0.0, 11.0, 0.0, 7.0, 0.0, 8.0, 0.0, 0]
B: [0.0, 64.0, 82.7140226568, 107.4479935471, 145.9609438496, 175.0, 209.2400855285, 414.0, 434.768396616, 440.47752789843]
