Avion: 7      Iteracion: 7

Num Ruta: 9
Ingresos: 2861.699
Costos: 632.529145244
Utilidad Ruta: 2229.16985476
Costo Reducido: 356.323232735
Nodos: [107, 9, 44, 14, 49, 11, 46, 1, 36, 3, 38, 35, 70, 22, 57, 18, 53, 31, 19, 66, 33, 54, 68, 21, 4, 56, 39, 717]
q: [0.0, 11.0, -11.0, 8.0, -8.0, 6.0, -6.0, 7.0, -7.0, 0.0, 0.0, 8.0, -8.0, 10.0, -10.0, 10.0, -10.0, 9.0, 6.0, -9.0, 5.0, -6.0, -5.0, 12.0, 3.0, -12.0, -3.0, 0.0]
Q: [0.0, 11.0, 0.0, 8.0, 0.0, 6.0, 0.0, 7.0, 0.0, 0.0, 0.0, 8.0, 0.0, 10.0, 0.0, 10.0, 0.0, 9.0, 15.0, 6.0, 11.0, 5.0, 0.0, 12.0, 15.0, 3.0, 0.0, 0.0]
B: [0.0, 46.0648734938, 75.5921104963, 112.0, 124.021711775, 169.0, 173.05406684701, 195.72351838431, 229.96360391281002, 256.0, 261.08428175852, 274.08526633661995, 286.00800532561993, 303.7313161055199, 325.4860022444199, 338.88643884181994, 362.7046750905199, 406.0, 427.4250045741, 443.5262214225, 465.9243828649, 487.4727766333, 509.3782214587, 520.2576988359, 535.2054872007, 564.3752846117, 581.1782290263, 609.9256967409]
