Avion: 4      Iteracion: 23

Num Ruta: 24
Ingresos: 2546.967
Costos: 465.049036171
Utilidad Ruta: 2081.91796383
Costo Reducido: 74.0520574207
Nodos: [104, 17, 52, 9, 44, 11, 46, 31, 66, 8, 33, 43, 21, 68, 56, 2, 37, 714]
q: [0.0, 5.0, -5.0, 11.0, -11.0, 6.0, -6.0, 9.0, -9.0, 8.0, 5.0, -8.0, 10.0, -5.0, -10.0, 10.0, -10.0, 0.0]
Q: [0.0, 5.0, 0.0, 11.0, 0.0, 6.0, 0.0, 9.0, 0.0, 8.0, 13.0, 5.0, 15.0, 10.0, 0.0, 10.0, 0.0, 0.0]
B: [0.0, 24.0, 58.8425537813, 81.72911018459999, 111.25634718709999, 169.0, 173.05406684701, 406.0, 434.325479078, 443.10832519984, 456.87298000844, 480.14734702453995, 505.1115187312399, 515.99099610844, 550.8430349297399, 574.6940486608399, 615.42901070824, 639.7903148194399]
