Avion: 2      Iteracion: 60

Num Ruta: 53
Ingresos: 1720.916
Costos: 544.670029143
Utilidad Ruta: 1176.24597086
Costo Reducido: 58.0161672447
Nodos: [102, 16, 51, 1, 36, 23, 35, 70, 32, 67, 26, 61, 58, 34, 69, 33, 13, 48, 68, 712]
q: [0.0, 9.0, -9.0, 7.0, -7.0, 4.0, 8.0, -8.0, 11.0, -11.0, 10.0, -10.0, -4.0, 8.0, -8.0, 5.0, 10.0, -10.0, -5.0, 0.0]
Q: [0.0, 9.0, 0.0, 7.0, 0.0, 4.0, 12.0, 4.0, 15.0, 4.0, 14.0, 4.0, 0.0, 8.0, 0.0, 5.0, 15.0, 5.0, 0.0, 0.0]
B: [0.0, 36.0, 45.624091437640004, 175.0, 209.2400855285, 267.0, 277.4634044651, 289.38614345409997, 309.0, 319.4016530417, 332.1221722921, 349.7014002615, 352.76847264408, 367.02741965988, 403.46754987368, 437.0, 462.372931896, 479.256082846, 484.60413314494, 494.93341317794]
