Avion: 6      Iteracion: 68

Num Ruta: 55
Ingresos: 2284.294
Costos: 437.239563203
Utilidad Ruta: 1847.0544368
Costo Reducido: 70.5004575778
Nodos: [106, 17, 30, 52, 65, 3, 38, 23, 35, 70, 18, 53, 58, 32, 67, 33, 6, 41, 13, 48, 68, 29, 4, 64, 39, 716]
q: [0.0, 5.0, 10.0, -5.0, -10.0, 13.0, -13.0, 7.0, 8.0, -8.0, 8.0, -8.0, -7.0, 11.0, -11.0, 5.0, 4.0, -4.0, 10.0, -10.0, -5.0, 9.0, 3.0, -9.0, -3.0, 0.0]
Q: [0.0, 5.0, 15.0, 10.0, 0.0, 13.0, 0.0, 7.0, 15.0, 7.0, 15.0, 7.0, 0.0, 11.0, 0.0, 5.0, 9.0, 5.0, 15.0, 5.0, 0.0, 9.0, 12.0, 3.0, 0.0, 0.0]
B: [0.0, 24.0, 64.0, 67.14445448369, 83.24240000479, 256.0, 261.08428175852, 267.0, 277.4634044651, 289.38614345409997, 309.80429657819997, 333.62253282689994, 343.54806439956997, 366.03237023716997, 376.43402327887, 437.0, 463.1548069196, 466.84709631779, 480.25716242499, 497.14031337499, 502.48836367393, 549.0, 569.7100026316, 592.5834067727, 604.8024778094, 619.4795926485]
