Avion: 6      Iteracion: 22

Num Ruta: 24
Ingresos: 853.109
Costos: 290.127530923
Utilidad Ruta: 562.981469077
Costo Reducido: 139.417050837
Nodos: [106, 10, 45, 35, 70, 5, 40, 33, 68, 29, 64, 716]
q: [0, 12.0, -12.0, 8.0, -8.0, 9.0, -9.0, 5.0, -5.0, 9.0, -9.0, 0]
Q: [0, 12.0, 0.0, 8.0, 0.0, 9.0, 0.0, 5.0, 0.0, 9.0, 0.0, 0]
B: [0.0, 96.0, 125.5195107344, 270.0, 281.922738989, 469.0, 470.12168890518, 483.41186760978, 525.3645326621801, 549.0, 582.7797797802, 603.1769870644999]
