Avion: 4      Iteracion: 19

Num Ruta: 20
Ingresos: 3350.305
Costos: 542.937006638
Utilidad Ruta: 2807.36799336
Costo Reducido: 86.0559219349
Nodos: [104, 17, 52, 9, 44, 22, 57, 18, 53, 34, 69, 8, 33, 43, 21, 68, 56, 2, 37, 29, 64, 714]
q: [0.0, 5.0, -5.0, 11.0, -11.0, 10.0, -10.0, 10.0, -10.0, 8.0, -8.0, 8.0, 5.0, -8.0, 10.0, -5.0, -10.0, 10.0, -10.0, 9.0, -9.0, 0.0]
Q: [0.0, 5.0, 0.0, 11.0, 0.0, 10.0, 0.0, 10.0, 0.0, 8.0, 0.0, 8.0, 13.0, 5.0, 15.0, 10.0, 0.0, 10.0, 0.0, 9.0, 0.0, 0.0]
B: [0.0, 24.0, 58.8425537813, 81.72911018459999, 111.25634718709999, 299.0, 320.7546861389, 334.15512273630003, 357.973358985, 381.4440699457, 417.8842001595, 420.53037513481996, 437.0, 460.2743670161, 485.23853872279994, 496.1180160999999, 530.9700549213, 554.8210686524, 595.5560306998, 605.36077123691, 639.1405510171099, 665.9109810659099]
