Avion: 1      Iteracion: 24

Num Ruta: 25
Ingresos: 1374.856
Costos: 434.651036779
Utilidad Ruta: 940.204963221
Costo Reducido: 87.2080061627
Nodos: [101, 30, 65, 24, 59, 34, 69, 33, 68, 29, 4, 64, 39, 711]
q: [0, 11.0, -11.0, 11.0, -11.0, 8.0, -8.0, 5.0, -5.0, 9.0, 3.0, -9.0, -3.0, 0]
Q: [0, 11.0, 0.0, 11.0, 0.0, 8.0, 0.0, 5.0, 0.0, 9.0, 12.0, 3.0, 0.0, 0]
B: [0.0, 64.0, 82.7140226568, 107.4479935471, 145.9609438496, 322.0, 358.4401302138, 437.0, 478.9526650524, 549.0, 569.7100026316, 592.5834067727, 604.8024778094, 621.6115099053]
