Avion: 2      Iteracion: 13

Num Ruta: 15
Ingresos: 1204.359
Costos: 484.776693162
Utilidad Ruta: 719.582306838
Costo Reducido: 166.430506719
Nodos: [102, 16, 51, 10, 45, 26, 61, 34, 69, 19, 33, 54, 13, 48, 68, 712]
q: [0.0, 9.0, -9.0, 12.0, -12.0, 0.0, 0.0, 8.0, -8.0, 7.0, 5.0, -7.0, 10.0, -10.0, -5.0, 0.0]
Q: [0.0, 9.0, 0.0, 12.0, 0.0, 0.0, 0.0, 8.0, 0.0, 7.0, 12.0, 5.0, 15.0, 5.0, 0.0, 0.0]
B: [0.0, 36.0, 45.624091437640004, 96.0, 125.5195107344, 300.0, 317.5792279694, 332.4924740614, 368.9326042752, 402.0, 438.5935603624, 460.1419541308, 464.36957343722, 481.25272438722004, 486.60077468616004, 496.93005471916]
