Avion: 2      Iteracion: 21

Num Ruta: 22
Ingresos: 1651.692
Costos: 549.382227956
Utilidad Ruta: 1102.30977204
Costo Reducido: 53.1734318577
Nodos: [102, 16, 51, 10, 45, 1, 11, 46, 36, 23, 32, 67, 26, 61, 58, 28, 13, 48, 63, 712]
q: [0.0, 9.0, -9.0, 12.0, -12.0, 7.0, 6.0, -6.0, -7.0, 4.0, 11.0, -11.0, 10.0, -10.0, -4.0, 6.0, 9.0, -9.0, -6.0, 0.0]
Q: [0.0, 9.0, 0.0, 12.0, 0.0, 7.0, 13.0, 7.0, 0.0, 4.0, 15.0, 4.0, 14.0, 4.0, 0.0, 6.0, 15.0, 6.0, 0.0, 0.0]
B: [0.0, 36.0, 45.624091437640004, 96.0, 125.5195107344, 175.0, 193.6808285951, 197.73489544211, 232.05062478011, 267.0, 309.0, 319.4016530417, 332.1221722921, 349.7014002615, 352.76847264408, 378.0, 423.0, 439.88315095, 462.92158097460003, 470.95452277695006]
