Avion: 4      Iteracion: 2

Num Ruta: 5
Ingresos: 3659.457
Costos: 699.007462492
Utilidad Ruta: 2960.44953751
Costo Reducido: 1755.29393558
Nodos: [104, 17, 52, 24, 9, 44, 59, 10, 45, 3, 38, 23, 35, 70, 22, 57, 58, 34, 69, 8, 43, 13, 48, 31, 66, 21, 4, 39, 56, 29, 64, 714]
q: [0.0, 5.0, -5.0, 0.0, 11.0, -11.0, 0.0, 12.0, -12.0, 13.0, -13.0, 5.0, 8.0, -8.0, 10.0, -10.0, -5.0, 8.0, -8.0, 8.0, -8.0, 15.0, -15.0, 9.0, -9.0, 12.0, 3.0, -3.0, -12.0, 9.0, -9.0, 0.0]
Q: [0.0, 5.0, 0.0, 0.0, 11.0, 0.0, 0.0, 12.0, 0.0, 13.0, 0.0, 5.0, 13.0, 5.0, 15.0, 5.0, 0.0, 8.0, 0.0, 8.0, 0.0, 15.0, 0.0, 9.0, 0.0, 12.0, 15.0, 12.0, 0.0, 9.0, 0.0, 0.0]
B: [0.0, 24.0, 58.8425537813, 75.400837086, 81.83771412381999, 111.36495112632, 136.42051454042, 148.20644522071998, 177.72595595511999, 256.0, 261.08428175852, 267.0, 277.4634044651, 289.38614345409997, 307.10945423399994, 328.86414037289995, 365.7404005141, 379.9993475299, 416.43947774369997, 419.08565271901995, 439.85404933501997, 442.06472547592995, 458.94787642592996, 463.40538985832995, 491.73086893632995, 515.19670761723, 530.14449598203, 550.57024566223, 567.37319007683, 605.82648655453, 639.60626633473, 666.37669638353]
