Avion: 7      Iteracion: 27

Num Ruta: 25
Ingresos: 1281.953
Costos: 285.339587381
Utilidad Ruta: 996.613412619
Costo Reducido: 174.449046839
Nodos: [107, 14, 49, 3, 38, 23, 35, 70, 26, 34, 61, 58, 22, 57, 69, 13, 48, 31, 66, 717]
q: [0.0, 8.0, -8.0, 13.0, -13.0, 0.0, 8.0, -8.0, 7.0, 8.0, -7.0, 0.0, 7.0, -7.0, -8.0, 15.0, -15.0, 9.0, -9.0, 0.0]
Q: [0.0, 8.0, 0.0, 13.0, 0.0, 0.0, 8.0, 0.0, 7.0, 15.0, 8.0, 8.0, 15.0, 8.0, 0.0, 15.0, 0.0, 9.0, 0.0, 0.0]
B: [0.0, 112.0, 124.021711775, 256.0, 261.08428175852, 267.0, 277.4634044651, 289.38614345409997, 303.7370056233, 322.0, 336.913246092, 339.98031847458003, 355.73674246608005, 377.49142860498006, 388.08167893248003, 423.0, 439.88315095, 444.3406643824, 472.6661434604, 476.30086545802]
