Avion: 2      Iteracion: 27

Num Ruta: 28
Ingresos: 1408.179
Costos: 495.82769621
Utilidad Ruta: 912.35130379
Costo Reducido: 74.6617615285
Nodos: [102, 16, 51, 14, 49, 3, 38, 23, 35, 70, 26, 61, 58, 28, 31, 66, 63, 712]
q: [0.0, 0.0, 0.0, 8.0, -8.0, 13.0, -13.0, 5.0, 8.0, -8.0, 10.0, -10.0, -5.0, 6.0, 9.0, -9.0, -6.0, 0.0]
Q: [0.0, 0.0, 0.0, 8.0, 0.0, 13.0, 0.0, 5.0, 13.0, 5.0, 15.0, 5.0, 0.0, 6.0, 15.0, 6.0, 0.0, 0.0]
B: [0.0, 36.0, 45.624091437640004, 112.0, 124.021711775, 256.0, 261.08428175852, 267.0, 277.4634044651, 289.38614345409997, 303.7370056233, 321.3162335927, 324.38330597528, 378.0, 406.0, 434.325479078, 462.7399107809, 470.77285258325]
