Avion: 2      Iteracion: 33

Num Ruta: 33
Ingresos: 1261.985
Costos: 535.418294794
Utilidad Ruta: 726.566705206
Costo Reducido: 109.096177521
Nodos: [102, 16, 51, 24, 59, 10, 45, 26, 32, 67, 34, 61, 69, 33, 13, 48, 68, 712]
q: [0.0, 9.0, -9.0, 11.0, -11.0, 12.0, -12.0, 4.0, 11.0, -11.0, 8.0, -4.0, -8.0, 5.0, 10.0, -10.0, -5.0, 0.0]
Q: [0.0, 9.0, 0.0, 11.0, 0.0, 12.0, 0.0, 4.0, 15.0, 4.0, 12.0, 8.0, 0.0, 5.0, 15.0, 5.0, 0.0, 0.0]
B: [0.0, 36.0, 45.624091437640004, 70.85029051714, 109.36324081964, 121.14917149994, 150.66868223434, 300.0, 309.0, 319.4016530417, 346.1750898215, 361.08833591350003, 386.0750898643, 437.0, 462.372931896, 479.256082846, 484.60413314494, 494.93341317794]
