Avion: 1      Iteracion: 1

Num Ruta: 4
Ingresos: 2954.689
Costos: 591.753461243
Utilidad Ruta: 2362.93553876
Costo Reducido: 1489.80053834
Nodos: [101, 17, 52, 30, 16, 51, 65, 24, 59, 1, 36, 3, 38, 35, 70, 18, 53, 34, 69, 8, 19, 54, 43, 13, 48, 4, 27, 62, 2, 39, 37, 711]
q: [0.0, 5.0, -5.0, 11.0, 4.0, -4.0, -11.0, 11.0, -11.0, 0.0, 0.0, 13.0, -13.0, 8.0, -8.0, 10.0, -10.0, 8.0, -8.0, 8.0, 7.0, -7.0, -8.0, 15.0, -15.0, 3.0, 6.0, -6.0, 10.0, -3.0, -10.0, 0.0]
Q: [0.0, 5.0, 0.0, 11.0, 15.0, 11.0, 0.0, 11.0, 0.0, 0.0, 0.0, 13.0, 0.0, 8.0, 0.0, 10.0, 0.0, 8.0, 0.0, 8.0, 15.0, 8.0, 0.0, 15.0, 0.0, 3.0, 9.0, 3.0, 13.0, 10.0, 0.0, 0.0]
B: [0.0, 24.0, 58.8425537813, 64.0, 72.20259129788, 81.82668273552001, 84.69783929691, 109.43181018721, 147.94476048971, 175.0, 209.2400855285, 256.0, 261.08428175852, 274.08526633661995, 286.00800532561993, 306.42615844971994, 330.2443946984199, 353.7151056591199, 390.1552358729199, 414.0, 437.1608815463, 463.7879978378, 466.71611702935996, 468.92679317026995, 485.80994412026996, 529.0, 546.6147745373, 563.6456369054, 575.0977099928, 584.5521765034, 617.7453872851, 634.6950544795001]
