Avion: 7      Iteracion: 12

Num Ruta: 13
Ingresos: 2182.363
Costos: 554.640572019
Utilidad Ruta: 1627.72242798
Costo Reducido: 193.066747531
Nodos: [107, 30, 65, 10, 45, 11, 46, 22, 57, 19, 33, 5, 40, 54, 68, 21, 4, 56, 39, 717]
q: [0.0, 11.0, -11.0, 12.0, -12.0, 6.0, -6.0, 10.0, -10.0, 7.0, 5.0, 3.0, -3.0, -7.0, -5.0, 12.0, 3.0, -12.0, -3.0, 0.0]
Q: [0.0, 11.0, 0.0, 12.0, 0.0, 6.0, 0.0, 10.0, 0.0, 7.0, 12.0, 15.0, 12.0, 5.0, 0.0, 12.0, 15.0, 3.0, 0.0, 0.0]
B: [0.0, 64.0, 82.7140226568, 101.4070729429, 130.92658367730002, 183.5648002599, 187.61886710691002, 299.0, 320.7546861389, 402.0, 438.5935603624, 469.0, 470.12168890518, 478.47762499876, 500.38306982416003, 511.26254720136, 529.0, 558.169797411, 574.9727418256, 603.7202095402]
