Avion: 2      Iteracion: 74

Num Ruta: 64
Ingresos: 796.982
Costos: 443.468424662
Utilidad Ruta: 353.513575338
Costo Reducido: 38.903111549
Nodos: [102, 16, 51, 10, 45, 26, 61, 34, 69, 33, 13, 48, 68, 712]
q: [0.0, 0.0, 0.0, 12.0, -12.0, 0.0, 0.0, 8.0, -8.0, 5.0, 10.0, -10.0, -5.0, 0.0]
Q: [0.0, 0.0, 0.0, 12.0, 0.0, 0.0, 0.0, 8.0, 0.0, 5.0, 15.0, 5.0, 0.0, 0.0]
B: [0.0, 36.0, 45.624091437640004, 96.0, 125.5195107344, 300.0, 317.5792279694, 332.4924740614, 368.9326042752, 437.0, 462.372931896, 479.256082846, 484.60413314494, 494.93341317794]
