Avion: 1      Iteracion: 39

Num Ruta: 35
Ingresos: 1935.725
Costos: 344.853845838
Utilidad Ruta: 1590.87115416
Costo Reducido: 101.9865925
Nodos: [101, 30, 16, 51, 65, 24, 59, 1, 36, 23, 35, 70, 58, 34, 69, 8, 19, 54, 43, 711]
q: [0.0, 0.0, 9.0, -9.0, 0.0, 11.0, -11.0, 7.0, -7.0, 10.0, 5.0, -5.0, -10.0, 8.0, -8.0, 8.0, 0.0, 0.0, -8.0, 0.0]
Q: [0.0, 0.0, 9.0, 0.0, 0.0, 11.0, 0.0, 7.0, 0.0, 10.0, 15.0, 10.0, 0.0, 8.0, 0.0, 8.0, 8.0, 8.0, 0.0, 0.0]
B: [0.0, 64.0, 72.20259129788, 81.82668273552001, 84.69783929691, 109.43181018721, 147.94476048971, 175.0, 209.2400855285, 267.0, 277.4634044651, 289.38614345409997, 313.15284696969997, 327.41179398549997, 363.85192419929996, 414.0, 437.1608815463, 463.7879978378, 466.71611702935996, 472.42524831178997]
