Avion: 5      Iteracion: 1

Num Ruta: 5
Ingresos: 3099.758
Costos: 667.717663805
Utilidad Ruta: 2432.04033619
Costo Reducido: 2314.49305659
Nodos: [105, 17, 52, 30, 16, 51, 65, 24, 59, 11, 46, 3, 38, 35, 70, 18, 53, 28, 63, 19, 8, 33, 54, 43, 68, 21, 4, 56, 27, 39, 62, 715]
q: [0.0, 5.0, -5.0, 11.0, 4.0, -4.0, -11.0, 11.0, -11.0, 6.0, -6.0, 13.0, -13.0, 8.0, -8.0, 10.0, -10.0, 6.0, -6.0, 7.0, 3.0, 5.0, -7.0, -3.0, -5.0, 12.0, 3.0, -12.0, 6.0, -3.0, -6.0, 0.0]
Q: [0.0, 5.0, 0.0, 11.0, 15.0, 11.0, 0.0, 11.0, 0.0, 6.0, 0.0, 13.0, 0.0, 8.0, 0.0, 10.0, 0.0, 6.0, 0.0, 7.0, 10.0, 15.0, 8.0, 5.0, 0.0, 12.0, 15.0, 3.0, 9.0, 6.0, 0.0, 0.0]
B: [0.0, 35.8094227823, 70.65197656359999, 73.79643104728999, 81.99902234516999, 91.62311378281, 94.49427034419999, 119.22824123449999, 157.741191537, 176.55362022129998, 180.60768706830999, 256.0, 261.08428175852, 274.08526633661995, 286.00800532561993, 306.42615844971994, 330.2443946984199, 378.0, 414.0266187839, 426.5624120576, 449.7232936039, 463.48794841250003, 485.0363421809, 487.96446137246, 509.92134241236, 520.80081978956, 535.74860815436, 564.91840556536, 578.09585376296, 594.44666634216, 599.86192487708, 632.51684992678]
