Avion: 7      Iteracion: 0

Num Ruta: 3
Ingresos: 3953.789
Costos: 642.395134152
Utilidad Ruta: 3311.39386585
Costo Reducido: -
Nodos: [107, 17, 16, 51, 52, 30, 65, 14, 49, 11, 46, 1, 36, 3, 38, 23, 58, 22, 57, 19, 8, 54, 33, 43, 68, 21, 4, 39, 56, 717]
q: [0, 5.0, 9.0, -9.0, -5.0, 11.0, -11.0, 8.0, -8.0, 6.0, -6.0, 7.0, -7.0, 13.0, -13.0, 10.0, -10.0, 10.0, -10.0, 7.0, 8.0, -7.0, 5.0, -8.0, -5.0, 12.0, 3.0, -3.0, -12.0, 0]
Q: [0, 5.0, 14.0, 5.0, 0.0, 11.0, 0.0, 8.0, 0.0, 6.0, 0.0, 7.0, 0.0, 13.0, 0.0, 10.0, 0.0, 10.0, 0.0, 7.0, 15.0, 8.0, 13.0, 5.0, 0.0, 12.0, 15.0, 12.0, 0.0, 0]
B: [0.0, 45.942580685, 80.7440576652, 90.36814910284001, 105.01591787494, 108.16037235863, 126.87439501543, 154.67033567233, 166.69204744733, 196.14047655653, 200.19454340354, 222.86399494084, 257.10408046934003, 264.20063237854004, 269.28491413706, 272.64740146046, 312.38124436546, 328.13766835696003, 349.89235449586005, 402.0, 425.1608815463, 443.1178409771, 464.6662347455, 487.94060176159996, 509.89748280149996, 520.7769601786999, 535.7247485434999, 556.1504982237, 572.9534426383, 616.5697136045]
