Avion: 5      Iteracion: 6

Num Ruta: 10
Ingresos: 958.969
Costos: 390.828223248
Utilidad Ruta: 568.140776752
Costo Reducido: 617.9735662
Nodos: [105, 9, 44, 24, 59, 28, 63, 31, 66, 715]
q: [0, 11.0, -11.0, 11.0, -11.0, 6.0, -6.0, 9.0, -9.0, 0]
Q: [0, 11.0, 0.0, 11.0, 0.0, 6.0, 0.0, 9.0, 0.0, 0]
B: [0.0, 31.4915482312, 61.0187852337, 85.1590351288, 123.6719854313, 378.0, 414.0266187839, 434.5234987416, 462.8489778196, 476.6017215822]
