Avion: 4      Iteracion: 49

Num Ruta: 47
Ingresos: 2859.694
Costos: 525.722280547
Utilidad Ruta: 2333.97171945
Costo Reducido: 62.6296713353
Nodos: [104, 17, 52, 9, 44, 3, 38, 35, 70, 32, 67, 34, 28, 69, 63, 25, 60, 21, 27, 56, 2, 62, 37, 714]
q: [0.0, 5.0, -5.0, 11.0, -11.0, 13.0, -13.0, 8.0, -8.0, 11.0, -11.0, 8.0, 6.0, -8.0, -6.0, 10.0, -10.0, 12.0, 3.0, -12.0, 10.0, -3.0, -10.0, 0.0]
Q: [0.0, 5.0, 0.0, 11.0, 0.0, 13.0, 0.0, 8.0, 0.0, 11.0, 0.0, 8.0, 14.0, 6.0, 0.0, 10.0, 0.0, 12.0, 15.0, 3.0, 13.0, 10.0, 0.0, 0.0]
B: [0.0, 24.0, 58.8425537813, 81.72911018459999, 111.25634718709999, 256.0, 261.08428175852, 274.08526633661995, 286.00800532561993, 309.0, 319.4016530417, 346.1750898215, 378.0, 412.6152135628, 444.56576931700005, 447.89914793336004, 465.08413024346004, 477.0, 538.0, 551.1774481976, 575.0284619287, 586.4805350161, 615.8210653624001, 640.1823694736]
