Avion: 2      Iteracion: 53

Num Ruta: 49
Ingresos: 1640.884
Costos: 603.488362722
Utilidad Ruta: 1037.39563728
Costo Reducido: 9.58107643881
Nodos: [102, 16, 51, 17, 52, 30, 65, 10, 45, 26, 34, 61, 69, 28, 31, 66, 63, 712]
q: [0.0, 9.0, -9.0, 5.0, -5.0, 11.0, -11.0, 12.0, -12.0, 0.0, 8.0, 0.0, -8.0, 6.0, 9.0, -9.0, -6.0, 0.0]
Q: [0.0, 9.0, 0.0, 5.0, 0.0, 11.0, 0.0, 12.0, 0.0, 0.0, 8.0, 8.0, 0.0, 6.0, 15.0, 6.0, 0.0, 0.0]
B: [0.0, 36.0, 45.624091437640004, 78.34191948294, 113.18447326424, 116.32892774793, 135.04295040473, 153.73600069083, 183.25551142523, 300.0, 322.0, 336.913246092, 361.9000000428, 396.5152136056, 412.13143315450003, 440.45691223250003, 468.87134393540003, 476.90428573775006]
