Avion: 6      Iteracion: 34

Num Ruta: 33
Ingresos: 628.276
Costos: 174.490889153
Utilidad Ruta: 453.785110847
Costo Reducido: 83.3990493762
Nodos: [106, 17, 10, 52, 45, 32, 67, 6, 41, 5, 40, 716]
q: [0.0, 5.0, 10.0, -5.0, -10.0, 11.0, -11.0, 0.0, 0.0, 0.0, 0.0, 0.0]
Q: [0.0, 5.0, 15.0, 10.0, 0.0, 11.0, 0.0, 0.0, 0.0, 0.0, 0.0, 0.0]
B: [0.0, 24.0, 96.0, 113.2607991993, 147.8505213867, 309.0, 319.4016530417, 436.0, 439.69228939819, 469.0, 470.12168890518, 476.84504297885]
