Avion: 3      Iteracion: 29

Num Ruta: 21
Ingresos: 561.365
Costos: 219.450703618
Utilidad Ruta: 341.914296382
Costo Reducido: 3.62973337432
Nodos: [103, 11, 46, 31, 33, 66, 68, 713]
q: [0, 6.0, -6.0, 9.0, 5.0, -9.0, -5.0, 0]
Q: [0, 6.0, 0.0, 9.0, 14.0, 5.0, 0.0, 0]
B: [0.0, 169.0, 173.05406684701, 406.0, 443.5012702852, 465.8994317276, 496.8512225805, 500.54609808585]
