Avion: 5      Iteracion: 51

Num Ruta: 43
Ingresos: 936.809
Costos: 376.213020163
Utilidad Ruta: 560.595979837
Costo Reducido: 17.6377652727
Nodos: [105, 9, 44, 30, 16, 51, 65, 35, 70, 18, 53, 22, 57, 715]
q: [0.0, 11.0, -11.0, 6.0, 9.0, -9.0, -6.0, 8.0, -8.0, 10.0, -10.0, 10.0, -10.0, 0.0]
Q: [0.0, 11.0, 0.0, 6.0, 15.0, 6.0, 0.0, 8.0, 0.0, 10.0, 0.0, 10.0, 0.0, 0.0]
B: [0.0, 31.4915482312, 61.0187852337, 76.8066855691, 85.00927686698, 94.63336830462, 97.50452486601, 270.0, 281.922738989, 302.3408921131, 326.15912836179996, 341.64197577429996, 363.3966619132, 372.54979083177]
