Avion: 3      Iteracion: 69

Num Ruta: 31
Ingresos: 1283.86
Costos: 372.549438948
Utilidad Ruta: 911.310561052
Costo Reducido: 29.7173785394
Nodos: [103, 30, 16, 51, 65, 35, 70, 32, 67, 26, 61, 31, 66, 19, 54, 13, 48, 713]
q: [0.0, 6.0, 9.0, -9.0, -6.0, 8.0, -8.0, 11.0, -11.0, 10.0, -10.0, 9.0, -9.0, 7.0, -7.0, 15.0, -15.0, 0.0]
Q: [0.0, 6.0, 15.0, 6.0, 0.0, 8.0, 0.0, 11.0, 0.0, 10.0, 0.0, 9.0, 0.0, 7.0, 0.0, 15.0, 0.0, 0.0]
B: [0.0, 64.0, 72.20259129788, 81.82668273552001, 84.69783929691, 270.0, 281.922738989, 309.0, 319.4016530417, 332.1221722921, 349.7014002615, 406.0, 434.325479078, 450.4266959264, 477.0538122179, 481.28143152432, 498.16458247432, 500.93907071542003]
