Avion: 4      Iteracion: 71

Num Ruta: 63
Ingresos: 1493.923
Costos: 384.945545916
Utilidad Ruta: 1108.97745408
Costo Reducido: 30.4228290186
Nodos: [104, 17, 52, 9, 44, 35, 70, 32, 67, 19, 54, 13, 48, 29, 64, 714]
q: [0, 5.0, -5.0, 11.0, -11.0, 8.0, -8.0, 11.0, -11.0, 7.0, -7.0, 15.0, -15.0, 9.0, -9.0, 0]
Q: [0, 5.0, 0.0, 11.0, 0.0, 8.0, 0.0, 11.0, 0.0, 7.0, 0.0, 15.0, 0.0, 9.0, 0.0, 0]
B: [0.0, 24.0, 58.8425537813, 81.72911018459999, 111.25634718709999, 270.0, 281.922738989, 309.0, 319.4016530417, 402.0, 428.6271162915, 432.85473559792, 449.73788654792, 549.0, 582.7797797802, 609.550209829]
