Avion: 1      Iteracion: 0

Num Ruta: 1
Ingresos: 890.044
Costos: 385.827234228
Utilidad Ruta: 504.216765772
Costo Reducido: -
Nodos: [101, 34, 69, 5, 40, 6, 41, 2, 37, 711]
q: [0, 8.0, -8.0, 9.0, -9.0, 4.0, -4.0, 10.0, -10.0, 0]
Q: [0, 8.0, 0.0, 9.0, 0.0, 4.0, 0.0, 10.0, 0.0, 0]
B: [0.0, 322.0, 358.4401302138, 469.0, 470.12168890518, 486.34528175638, 490.03757115457, 522.0, 562.7349620474, 579.6846292418]
