Avion: 7      Iteracion: 51

Num Ruta: 35
Ingresos: 1396.54
Costos: 332.585677339
Utilidad Ruta: 1063.95432266
Costo Reducido: 38.9559901394
Nodos: [107, 14, 49, 3, 38, 23, 35, 70, 34, 58, 22, 57, 69, 5, 40, 2, 27, 62, 37, 717]
q: [0.0, 8.0, -8.0, 13.0, -13.0, 0.0, 8.0, -8.0, 8.0, 0.0, 7.0, -7.0, -8.0, 9.0, -9.0, 10.0, 5.0, -5.0, -10.0, 0.0]
Q: [0.0, 8.0, 0.0, 13.0, 0.0, 0.0, 8.0, 0.0, 8.0, 8.0, 15.0, 8.0, 0.0, 9.0, 0.0, 10.0, 15.0, 10.0, 0.0, 0.0]
B: [0.0, 112.0, 124.021711775, 256.0, 261.08428175852, 267.0, 277.4634044651, 289.38614345409997, 322.0, 336.2589470158, 352.0153710073, 373.77005714620003, 384.3603074737, 469.0, 470.12168890518, 522.0, 547.7839683718, 564.8148307399, 594.1553610862, 621.5154953329]
