Avion: 2      Iteracion: 36

Num Ruta: 35
Ingresos: 912.723
Costos: 497.487547772
Utilidad Ruta: 415.235452228
Costo Reducido: 73.9466560873
Nodos: [102, 16, 51, 9, 44, 11, 46, 35, 70, 18, 53, 26, 61, 13, 48, 712]
q: [0, 9.0, -9.0, 11.0, -11.0, 6.0, -6.0, 8.0, -8.0, 10.0, -10.0, 10.0, -10.0, 15.0, -15.0, 0]
Q: [0, 9.0, 0.0, 11.0, 0.0, 6.0, 0.0, 8.0, 0.0, 10.0, 0.0, 10.0, 0.0, 15.0, 0.0, 0]
B: [0.0, 36.0, 45.624091437640004, 75.68094759394, 105.20818459644, 169.0, 173.05406684701, 270.0, 281.922738989, 302.3408921131, 326.15912836179996, 355.16064518419995, 372.73987315359994, 423.0, 439.88315095, 455.2736272259]
