Avion: 5      Iteracion: 82

Num Ruta: 53
Ingresos: 1335.975
Costos: 343.289578489
Utilidad Ruta: 992.685421511
Costo Reducido: 14.3231296926
Nodos: [105, 30, 16, 51, 65, 35, 70, 22, 57, 18, 53, 28, 63, 15, 50, 7, 4, 27, 62, 39, 42, 715]
q: [0.0, 11.0, 4.0, -4.0, -11.0, 8.0, -8.0, 10.0, -10.0, 10.0, -10.0, 6.0, -6.0, 0.0, 0.0, 0.0, 3.0, 6.0, -6.0, -3.0, 0.0, 0.0]
Q: [0.0, 11.0, 15.0, 11.0, 0.0, 8.0, 0.0, 10.0, 0.0, 10.0, 0.0, 6.0, 0.0, 0.0, 0.0, 0.0, 3.0, 9.0, 3.0, 0.0, 0.0, 0.0]
B: [0.0, 64.0, 72.20259129788, 81.82668273552001, 84.69783929691, 270.0, 281.922738989, 299.64604976889996, 321.40073590779997, 334.8011725052, 358.61940875389996, 378.0, 414.0266187839, 511.0, 527.4211666151, 538.3259061809999, 548.6892794734999, 566.3040540108, 583.3349163789, 588.7501749138199, 589.9105489914299, 626.8161901456299]
