Avion: 7      Iteracion: 18

Num Ruta: 18
Ingresos: 817.155
Costos: 268.626648491
Utilidad Ruta: 548.528351509
Costo Reducido: 201.326970629
Nodos: [107, 14, 49, 3, 38, 23, 35, 70, 32, 67, 58, 13, 48, 31, 66, 717]
q: [0.0, 0.0, 0.0, 0.0, 0.0, 4.0, 8.0, -8.0, 11.0, -11.0, -4.0, 15.0, -15.0, 9.0, -9.0, 0.0]
Q: [0.0, 0.0, 0.0, 0.0, 0.0, 4.0, 12.0, 4.0, 15.0, 4.0, 0.0, 15.0, 0.0, 9.0, 0.0, 0.0]
B: [0.0, 112.0, 124.021711775, 256.0, 261.08428175852, 267.0, 277.4634044651, 289.38614345409997, 309.0, 319.4016530417, 351.7919881588, 423.0, 439.88315095, 444.3406643824, 472.6661434604, 476.30086545802]
