Avion: 1      Iteracion: 23

Num Ruta: 24
Ingresos: 1266.541
Costos: 443.225685471
Utilidad Ruta: 823.315314529
Costo Reducido: 71.0753220123
Nodos: [101, 10, 45, 32, 67, 33, 68, 4, 2, 39, 37, 711]
q: [0, 12.0, -12.0, 11.0, -11.0, 5.0, -5.0, 3.0, 10.0, -3.0, -10.0, 0]
Q: [0, 12.0, 0.0, 11.0, 0.0, 5.0, 0.0, 3.0, 13.0, 10.0, 0.0, 0]
B: [0.0, 96.0, 125.5195107344, 309.0, 319.4016530417, 437.0, 478.9526650524, 529.0, 556.3715326023, 565.8259991129, 599.0192098946001, 615.9688770890001]
