Avion: 5      Iteracion: 81

Num Ruta: 52
Ingresos: 1285.421
Costos: 385.075858539
Utilidad Ruta: 900.345141461
Costo Reducido: 53.5582576682
Nodos: [105, 16, 51, 9, 44, 14, 49, 3, 38, 35, 70, 22, 57, 18, 53, 28, 63, 15, 50, 7, 42, 715]
q: [0, 9.0, -9.0, 11.0, -11.0, 8.0, -8.0, 13.0, -13.0, 8.0, -8.0, 10.0, -10.0, 10.0, -10.0, 6.0, -6.0, 0.0, -0.0, 0.0, -0.0, 0]
Q: [0, 9.0, 0.0, 11.0, 0.0, 8.0, 0.0, 13.0, 0.0, 8.0, 0.0, 10.0, 0.0, 10.0, 0.0, 6.0, 0.0, 0.0, 0.0, 0.0, 0.0, 0]
B: [0.0, 36.0, 45.624091437640004, 75.68094759394, 105.20818459644, 115.46499131194001, 127.48670308694001, 256.0, 261.08428175852, 274.08526633661995, 286.00800532561993, 303.7313161055199, 325.4860022444199, 338.88643884181994, 362.7046750905199, 378.0, 414.0266187839, 511.0, 527.4211666151, 538.3259061809999, 566.8672179938999, 603.7728591480999]
