Avion: 6      Iteracion: 26

Num Ruta: 28
Ingresos: 1095.649
Costos: 307.447591755
Utilidad Ruta: 788.201408245
Costo Reducido: 119.999259786
Nodos: [106, 10, 45, 32, 67, 33, 6, 41, 13, 48, 68, 29, 4, 27, 64, 39, 62, 716]
q: [0.0, 12.0, -12.0, 11.0, -11.0, 5.0, 4.0, -4.0, 10.0, -10.0, -5.0, 6.0, 3.0, 6.0, -6.0, -3.0, -6.0, 0.0]
Q: [0.0, 12.0, 0.0, 11.0, 0.0, 5.0, 9.0, 5.0, 15.0, 5.0, 0.0, 6.0, 9.0, 15.0, 9.0, 6.0, 0.0, 0.0]
B: [0.0, 96.0, 125.5195107344, 309.0, 319.4016530417, 437.0, 463.1548069196, 466.84709631779, 480.25716242499, 497.14031337499, 502.48836367393, 549.0, 569.7100026316, 587.3247771689, 595.54120516408, 607.76027620078, 613.1755347357, 622.8812050886401]
