Avion: 2      Iteracion: 18

Num Ruta: 19
Ingresos: 498.393
Costos: 427.902506858
Utilidad Ruta: 70.4904931417
Costo Reducido: 116.701687903
Nodos: [102, 16, 51, 23, 35, 70, 32, 67, 26, 61, 58, 712]
q: [0.0, 9.0, -9.0, 4.0, 8.0, -8.0, 11.0, -11.0, 0.0, 0.0, -4.0, 0.0]
Q: [0.0, 9.0, 0.0, 4.0, 12.0, 4.0, 15.0, 4.0, 4.0, 4.0, 0.0, 0.0]
B: [0.0, 36.0, 45.624091437640004, 267.0, 277.4634044651, 289.38614345409997, 309.0, 319.4016530417, 332.1221722921, 349.7014002615, 352.76847264408, 379.52715514158]
