Avion: 6      Iteracion: 76

Num Ruta: 61
Ingresos: 1371.343
Costos: 309.693700169
Utilidad Ruta: 1061.64929983
Costo Reducido: 53.9287773697
Nodos: [106, 1, 36, 35, 70, 32, 67, 34, 69, 19, 25, 60, 54, 13, 48, 6, 41, 5, 40, 716]
q: [0.0, 7.0, -7.0, 8.0, -8.0, 11.0, -11.0, 8.0, -8.0, 7.0, 8.0, -8.0, -7.0, 15.0, -15.0, 0.0, 0.0, 9.0, -9.0, 0.0]
Q: [0.0, 7.0, 0.0, 8.0, 0.0, 11.0, 0.0, 8.0, 0.0, 7.0, 15.0, 7.0, 0.0, 15.0, 0.0, 0.0, 0.0, 9.0, 0.0, 0.0]
B: [0.0, 175.0, 209.2400855285, 270.0, 281.922738989, 309.0, 319.4016530417, 346.1750898215, 382.6152200353, 403.1550362954, 412.5470435356, 429.7320258457, 446.5188822816, 450.74650158802, 467.62965253802, 491.85260116122004, 495.54489055941, 513.93375077421, 515.05543967939, 521.77879375306]
