Avion: 4      Iteracion: 29

Num Ruta: 30
Ingresos: 2012.582
Costos: 388.075216721
Utilidad Ruta: 1624.50678328
Costo Reducido: 104.906375939
Nodos: [104, 17, 52, 9, 44, 25, 60, 31, 33, 66, 21, 68, 4, 56, 39, 714]
q: [0.0, 5.0, -5.0, 11.0, -11.0, 10.0, -10.0, 9.0, 5.0, -9.0, 10.0, -5.0, 3.0, -10.0, -3.0, 0.0]
Q: [0.0, 5.0, 0.0, 11.0, 0.0, 10.0, 0.0, 9.0, 14.0, 5.0, 15.0, 10.0, 13.0, 3.0, 0.0, 0.0]
B: [0.0, 24.0, 58.8425537813, 81.72911018459999, 111.25634718709999, 410.0, 427.1849823101, 432.00662891681, 469.50789920201, 491.90606064441, 515.37189932531, 526.25137670251, 543.56891073601, 572.73870814701, 589.54165256161, 625.44766331191]
