Avion: 1      Iteracion: 7

Num Ruta: 10
Ingresos: 2948.441
Costos: 716.072092543
Utilidad Ruta: 2232.36890746
Costo Reducido: 307.757457939
Nodos: [101, 9, 44, 30, 65, 14, 49, 11, 46, 1, 36, 35, 70, 18, 53, 22, 57, 19, 54, 13, 48, 31, 66, 4, 27, 39, 2, 62, 37, 711]
q: [0.0, 11.0, -11.0, 11.0, -11.0, 8.0, -8.0, 6.0, -6.0, 7.0, -7.0, 8.0, -8.0, 10.0, -10.0, 10.0, -10.0, 7.0, -7.0, 15.0, -15.0, 9.0, -9.0, 3.0, 5.0, -3.0, 10.0, -5.0, -10.0, 0.0]
Q: [0.0, 11.0, 0.0, 11.0, 0.0, 8.0, 0.0, 6.0, 0.0, 7.0, 0.0, 8.0, 0.0, 10.0, 0.0, 10.0, 0.0, 7.0, 0.0, 15.0, 0.0, 9.0, 0.0, 3.0, 8.0, 5.0, 15.0, 10.0, 0.0, 0.0]
B: [0.0, 44.6232980628, 74.1505350653, 89.9384354007, 108.6524580575, 136.4483987144, 148.4701104894, 177.9185395986, 181.97260644561, 204.64205798291002, 238.88214351141002, 270.0, 281.922738989, 302.3408921131, 326.15912836179996, 341.64197577429996, 363.3966619132, 402.0, 428.6271162915, 432.85473559792, 449.73788654792, 454.19539998032, 482.52087905832, 529.0, 546.6147745373, 562.9655871165, 572.4200536271001, 583.8721267145, 613.2126570608, 630.1623242552]
