Avion: 6      Iteracion: 11

Num Ruta: 14
Ingresos: 1626.861
Costos: 397.291422738
Utilidad Ruta: 1229.56957726
Costo Reducido: 295.979533298
Nodos: [106, 17, 16, 51, 10, 52, 45, 32, 67, 22, 57, 31, 19, 66, 5, 40, 54, 6, 41, 716]
q: [0.0, 5.0, 9.0, -9.0, 10.0, -5.0, -10.0, 11.0, -11.0, 10.0, -10.0, 8.0, 7.0, -8.0, 8.0, -8.0, -7.0, 0.0, 0.0, 0.0]
Q: [0.0, 5.0, 14.0, 5.0, 15.0, 10.0, 0.0, 11.0, 0.0, 10.0, 0.0, 8.0, 15.0, 7.0, 15.0, 7.0, 0.0, 0.0, 0.0, 0.0]
B: [0.0, 24.0, 58.8014769802, 68.42556841784, 96.0, 113.2607991993, 147.8505213867, 309.0, 319.4016530417, 353.8662667781, 375.620952917, 408.2156863106, 429.6406908847, 445.7419077331, 469.0, 470.12168890518, 478.47762499876, 490.26864399626, 493.96093339444997, 516.9130526865499]
