Avion: 4      Iteracion: 31

Num Ruta: 31
Ingresos: 2580.15
Costos: 540.528919905
Utilidad Ruta: 2039.62108009
Costo Reducido: 90.1247972583
Nodos: [104, 17, 52, 24, 9, 44, 59, 14, 49, 3, 38, 23, 35, 70, 32, 67, 58, 13, 48, 31, 66, 5, 40, 2, 37, 29, 64, 714]
q: [0.0, 5.0, -5.0, 11.0, 4.0, -4.0, -11.0, 8.0, -8.0, 13.0, -13.0, 4.0, 8.0, -8.0, 11.0, -11.0, -4.0, 15.0, -15.0, 9.0, -9.0, 9.0, -9.0, 10.0, -10.0, 9.0, -9.0, 0.0]
Q: [0.0, 5.0, 0.0, 11.0, 15.0, 11.0, 0.0, 8.0, 0.0, 13.0, 0.0, 4.0, 12.0, 4.0, 15.0, 4.0, 0.0, 15.0, 0.0, 9.0, 0.0, 9.0, 0.0, 10.0, 0.0, 9.0, 0.0, 0.0]
B: [0.0, 24.0, 58.8425537813, 75.400837086, 81.83771412381999, 111.36495112632, 136.42051454042, 165.06688383911998, 177.08859561411998, 256.0, 261.08428175852, 267.0, 277.4634044651, 289.38614345409997, 309.0, 319.4016530417, 351.7919881588, 423.0, 439.88315095, 444.3406643824, 472.6661434604, 492.5626276724, 493.68431657758003, 522.0, 562.7349620474, 572.53970258451, 606.31948236471, 633.08991241351]
