Avion: 2      Iteracion: 72

Num Ruta: 62
Ingresos: 944.999
Costos: 423.066617567
Utilidad Ruta: 521.932382433
Costo Reducido: 25.4630668037
Nodos: [102, 16, 51, 10, 45, 26, 61, 32, 67, 33, 13, 48, 68, 712]
q: [0.0, 9.0, -9.0, 12.0, -12.0, 10.0, -10.0, 11.0, -11.0, 5.0, 10.0, -10.0, -5.0, 0.0]
Q: [0.0, 9.0, 0.0, 12.0, 0.0, 10.0, 0.0, 11.0, 0.0, 5.0, 15.0, 5.0, 0.0, 0.0]
B: [0.0, 36.0, 45.624091437640004, 96.0, 125.5195107344, 300.0, 317.5792279694, 337.6304130715, 348.0320661132, 437.0, 462.372931896, 479.256082846, 484.60413314494, 494.93341317794]
