Avion: 5      Iteracion: 37

Num Ruta: 33
Ingresos: 1360.839
Costos: 405.597684533
Utilidad Ruta: 955.241315467
Costo Reducido: 46.9048506364
Nodos: [105, 9, 44, 35, 70, 26, 61, 18, 53, 28, 63, 25, 31, 60, 66, 715]
q: [0.0, 11.0, -11.0, 8.0, -8.0, 10.0, -10.0, 10.0, -10.0, 6.0, -6.0, 6.0, 9.0, -6.0, -9.0, 0.0]
Q: [0.0, 11.0, 0.0, 8.0, 0.0, 10.0, 0.0, 10.0, 0.0, 6.0, 0.0, 6.0, 15.0, 9.0, 0.0, 0.0]
B: [0.0, 31.4915482312, 61.0187852337, 270.0, 281.922738989, 300.0, 317.5792279694, 340.8578987218, 364.67613497049996, 378.0, 414.0266187839, 417.35999740026, 438.32032852836, 443.14197513506997, 467.21651365607, 480.96925741867]
