Avion: 4      Iteracion: 6

Num Ruta: 9
Ingresos: 257.769
Costos: 266.755059015
Utilidad Ruta: -8.9860590146
Costo Reducido: 172.488510753
Nodos: [104, 31, 66, 714]
q: [0, 9.0, -9.0, 0]
Q: [0, 9.0, 0.0, 0]
B: [0.0, 406.0, 434.325479078, 477.8163196769]
