Avion: 5      Iteracion: 67

Num Ruta: 50
Ingresos: 1021.825
Costos: 386.199972368
Utilidad Ruta: 635.625027632
Costo Reducido: 22.3890004454
Nodos: [105, 18, 35, 70, 53, 28, 31, 63, 66, 33, 5, 40, 68, 715]
q: [0.0, 7.0, 8.0, -8.0, -7.0, 6.0, 9.0, -6.0, -9.0, 5.0, 9.0, -9.0, -5.0, 0.0]
Q: [0.0, 7.0, 15.0, 7.0, 0.0, 6.0, 15.0, 9.0, 0.0, 5.0, 14.0, 5.0, 0.0, 0.0]
B: [0.0, 293.0, 305.7525351989, 317.67527418789996, 347.44685300059996, 378.0, 406.0, 426.4968799577, 454.9113116606, 477.309473103, 491.0076402797, 492.12932918488, 521.14170380328, 564.90203024178]
