Avion: 6      Iteracion: 24

Num Ruta: 26
Ingresos: 987.125
Costos: 236.392774948
Utilidad Ruta: 750.732225052
Costo Reducido: 34.2639217506
Nodos: [106, 34, 69, 2, 39, 4, 37, 716]
q: [0.0, 8.0, -8.0, 10.0, -3.0, 3.0, -10.0, 0.0]
Q: [0.0, 8.0, 0.0, 10.0, 7.0, 10.0, 0.0, 0.0]
B: [0.0, 322.0, 358.4401302138, 522.0, 549.0, 569.4257496801999, 582.8765054953999, 603.3021429639999]
