Avion: 3      Iteracion: 31

Num Ruta: 22
Ingresos: 736.645
Costos: 248.598199604
Utilidad Ruta: 488.046800396
Costo Reducido: 9.1507470609
Nodos: [103, 11, 46, 18, 53, 31, 33, 66, 68, 713]
q: [0, 6.0, -6.0, 10.0, -10.0, 9.0, 5.0, -9.0, -5.0, 0]
Q: [0, 6.0, 0.0, 10.0, 0.0, 9.0, 14.0, 5.0, 0.0, 0]
B: [0.0, 169.0, 173.05406684701, 293.0, 316.8182362487, 406.0, 443.5012702852, 465.8994317276, 496.8512225805, 500.54609808585]
