Avion: 7      Iteracion: 29

Num Ruta: 26
Ingresos: 2667.117
Costos: 323.013443869
Utilidad Ruta: 2344.10355613
Costo Reducido: 117.261993937
Nodos: [107, 14, 49, 3, 38, 23, 58, 22, 57, 8, 33, 43, 13, 48, 68, 21, 4, 56, 39, 717]
q: [0.0, 8.0, -8.0, 13.0, -13.0, 10.0, -10.0, 10.0, -10.0, 8.0, 5.0, -8.0, 10.0, -10.0, -5.0, 12.0, 3.0, -12.0, -3.0, 0.0]
Q: [0.0, 8.0, 0.0, 13.0, 0.0, 10.0, 0.0, 10.0, 0.0, 8.0, 13.0, 5.0, 15.0, 5.0, 0.0, 12.0, 15.0, 3.0, 0.0, 0.0]
B: [0.0, 112.0, 124.021711775, 256.0, 261.08428175852, 267.0, 306.733842905, 322.49026689650003, 344.24495303540004, 414.0, 437.0, 460.2743670161, 462.48504315700995, 479.36819410700997, 484.71624440594996, 495.59572178314994, 529.0, 558.169797411, 574.9727418256, 603.7202095402]
