Avion: 2      Iteracion: 42

Num Ruta: 40
Ingresos: 1041.885
Costos: 453.67421287
Utilidad Ruta: 588.21078713
Costo Reducido: 80.5360213095
Nodos: [102, 16, 51, 35, 70, 32, 67, 26, 61, 28, 13, 48, 63, 25, 60, 712]
q: [0.0, 9.0, -9.0, 8.0, -8.0, 11.0, -11.0, 10.0, -10.0, 6.0, 9.0, -9.0, -6.0, 10.0, -10.0, 0.0]
Q: [0.0, 9.0, 0.0, 8.0, 0.0, 11.0, 0.0, 10.0, 0.0, 6.0, 15.0, 6.0, 0.0, 10.0, 0.0, 0.0]
B: [0.0, 36.0, 45.624091437640004, 270.0, 281.922738989, 309.0, 319.4016530417, 332.1221722921, 349.7014002615, 378.0, 423.0, 439.88315095, 462.92158097460003, 466.25495959096, 483.43994190106, 492.80134104862003]
