Avion: 2      Iteracion: 9

Num Ruta: 12
Ingresos: 2232.993
Costos: 608.479820867
Utilidad Ruta: 1624.51317913
Costo Reducido: 323.159356855
Nodos: [102, 16, 30, 65, 51, 10, 45, 1, 36, 3, 38, 23, 26, 61, 58, 18, 53, 28, 13, 48, 63, 712]
q: [0.0, 0.0, 11.0, -11.0, 0.0, 12.0, -12.0, 7.0, -7.0, 13.0, -13.0, 10.0, 5.0, -5.0, -10.0, 10.0, -10.0, 6.0, 9.0, -9.0, -6.0, 0.0]
Q: [0.0, 0.0, 11.0, 0.0, 0.0, 12.0, 0.0, 7.0, 0.0, 13.0, 0.0, 10.0, 15.0, 10.0, 0.0, 10.0, 0.0, 6.0, 15.0, 6.0, 0.0, 0.0]
B: [0.0, 36.0, 64.0, 82.7140226568, 85.58517921818999, 101.41445642849, 130.93396716288999, 175.0, 209.2400855285, 256.0, 261.08428175852, 267.0, 301.4413435423, 319.0205715117, 322.08764389428, 347.52695530398, 371.34519155268, 380.47869433091, 423.0, 439.88315095, 462.92158097460003, 470.95452277695006]
