Avion: 1      Iteracion: 8

Num Ruta: 11
Ingresos: 3016.884
Costos: 649.044678263
Utilidad Ruta: 2367.83932174
Costo Reducido: 196.799015977
Nodos: [101, 17, 16, 52, 30, 65, 51, 14, 49, 23, 35, 70, 32, 67, 26, 61, 58, 34, 69, 8, 43, 6, 41, 33, 5, 40, 68, 21, 4, 56, 39, 711]
q: [0.0, 5.0, 9.0, -5.0, 6.0, -6.0, -9.0, 8.0, -8.0, 5.0, 8.0, -8.0, 10.0, -10.0, 10.0, -10.0, -5.0, 8.0, -8.0, 8.0, -8.0, 4.0, -4.0, 5.0, 9.0, -9.0, -5.0, 12.0, 3.0, -12.0, -3.0, 0.0]
Q: [0.0, 5.0, 14.0, 9.0, 15.0, 9.0, 0.0, 8.0, 0.0, 5.0, 13.0, 5.0, 15.0, 5.0, 15.0, 5.0, 0.0, 8.0, 0.0, 8.0, 0.0, 4.0, 0.0, 5.0, 14.0, 5.0, 0.0, 12.0, 15.0, 3.0, 0.0, 0.0]
B: [0.0, 24.0, 58.8014769802, 64.13311631534, 67.27757079903, 85.99159345583, 88.86275001722, 115.64905452162, 127.67076629662, 267.0, 277.4634044651, 289.38614345409997, 309.0, 319.4016530417, 332.1221722921, 349.7014002615, 352.76847264408, 367.02741965988, 403.46754987368, 414.0, 434.768396616, 443.95906824543, 447.65135764362, 476.06861359842, 489.76678077511997, 490.8884696803, 519.9008442987, 530.7803216759, 545.7281100407, 574.8979074517, 591.7008518663, 608.5098839622]
