Avion: 4      Iteracion: 74

Num Ruta: 66
Ingresos: 1980.733
Costos: 436.519495678
Utilidad Ruta: 1544.21350432
Costo Reducido: 4.12315344729
Nodos: [104, 17, 52, 9, 44, 35, 70, 32, 67, 33, 13, 48, 68, 2, 37, 29, 64, 714]
q: [0.0, 5.0, -5.0, 11.0, -11.0, 8.0, -8.0, 11.0, -11.0, 5.0, 10.0, -10.0, -5.0, 10.0, -10.0, 9.0, -9.0, 0.0]
Q: [0.0, 5.0, 0.0, 11.0, 0.0, 8.0, 0.0, 11.0, 0.0, 5.0, 15.0, 5.0, 0.0, 10.0, 0.0, 9.0, 0.0, 0.0]
B: [0.0, 24.0, 58.8425537813, 81.72911018459999, 111.25634718709999, 270.0, 281.922738989, 309.0, 319.4016530417, 437.0, 462.372931896, 479.256082846, 484.60413314494, 527.1505513020401, 567.8855133494401, 577.6902538865501, 611.47003366675, 638.24046371555]
