Avion: 1      Iteracion: 71

Num Ruta: 46
Ingresos: 1676.685
Costos: 362.761369108
Utilidad Ruta: 1313.92363089
Costo Reducido: 13.7545343348
Nodos: [101, 30, 16, 51, 65, 24, 59, 1, 36, 8, 19, 54, 43, 5, 33, 40, 68, 29, 64, 711]
q: [0.0, 6.0, 9.0, -9.0, -6.0, 11.0, -11.0, 7.0, -7.0, 0.0, 7.0, -7.0, 0.0, 9.0, 5.0, -9.0, -5.0, 9.0, -9.0, 0.0]
Q: [0.0, 6.0, 15.0, 6.0, 0.0, 11.0, 0.0, 7.0, 0.0, 0.0, 7.0, 0.0, 0.0, 9.0, 14.0, 5.0, 0.0, 9.0, 0.0, 0.0]
B: [0.0, 64.0, 72.20259129788, 81.82668273552001, 84.69783929691, 109.43181018721, 147.94476048971, 175.0, 209.2400855285, 414.0, 437.1608815463, 463.7879978378, 466.71611702935996, 476.46892790622996, 490.16709508292996, 503.45727378752997, 532.46964840593, 549.0, 582.7797797802, 598.8802887473]
