Avion: 5      Iteracion: 54

Num Ruta: 45
Ingresos: 1745.334
Costos: 524.16250689
Utilidad Ruta: 1221.17149311
Costo Reducido: 13.7727730582
Nodos: [105, 17, 30, 52, 65, 32, 67, 34, 69, 19, 25, 60, 31, 54, 66, 15, 50, 7, 4, 42, 39, 715]
q: [0.0, 5.0, 10.0, -5.0, -10.0, 11.0, -11.0, 8.0, -8.0, 6.0, 9.0, -9.0, 9.0, -6.0, -9.0, 0.0, 0.0, 0.0, 3.0, 0.0, -3.0, 0.0]
Q: [0.0, 5.0, 15.0, 10.0, 0.0, 11.0, 0.0, 8.0, 0.0, 6.0, 15.0, 6.0, 15.0, 9.0, 0.0, 0.0, 0.0, 0.0, 3.0, 3.0, 0.0, 0.0]
B: [0.0, 35.8094227823, 69.4231343893, 72.56758887299, 88.66553439409, 309.0, 319.4016530417, 346.1750898215, 382.6152200353, 403.1550362954, 412.5470435356, 429.7320258457, 434.55367245240996, 451.65971188300995, 474.07787617001, 511.0, 527.4211666151, 538.3259061809999, 548.6892794734999, 567.9616404602, 569.12201453781, 606.8361058698099]
