Avion: 2      Iteracion: 14

Num Ruta: 16
Ingresos: 799.355
Costos: 479.368596665
Utilidad Ruta: 319.986403335
Costo Reducido: 186.309698259
Nodos: [102, 16, 51, 30, 65, 10, 45, 26, 35, 70, 61, 13, 28, 48, 63, 712]
q: [0.0, 9.0, -9.0, 11.0, -11.0, 12.0, -12.0, 0.0, 8.0, -8.0, 0.0, 0.0, 6.0, 0.0, -6.0, 0.0]
Q: [0.0, 9.0, 0.0, 11.0, 0.0, 12.0, 0.0, 0.0, 8.0, 0.0, 0.0, 0.0, 6.0, 6.0, 0.0, 0.0]
B: [0.0, 36.0, 45.624091437640004, 64.0, 82.7140226568, 101.4070729429, 130.92658367730002, 300.0, 325.9216408817, 337.8443798707, 358.5644656089, 423.0, 436.7962173439, 450.1536367429, 473.1920667675, 481.22500856985005]
