Avion: 6      Iteracion: 54

Num Ruta: 44
Ingresos: 3375.916
Costos: 571.520951468
Utilidad Ruta: 2804.39504853
Costo Reducido: 72.6973379788
Nodos: [106, 17, 52, 24, 9, 44, 59, 1, 36, 35, 70, 34, 22, 69, 57, 25, 60, 21, 5, 40, 56, 2, 37, 29, 64, 716]
q: [0.0, 5.0, -5.0, 4.0, 11.0, -11.0, -4.0, 7.0, -7.0, 8.0, -8.0, 8.0, 7.0, -8.0, -7.0, 10.0, -10.0, 12.0, 3.0, -3.0, -12.0, 10.0, -10.0, 9.0, -9.0, 0.0]
Q: [0.0, 5.0, 0.0, 4.0, 15.0, 4.0, 0.0, 7.0, 0.0, 8.0, 0.0, 8.0, 15.0, 7.0, 0.0, 10.0, 0.0, 12.0, 15.0, 12.0, 0.0, 10.0, 0.0, 9.0, 0.0, 0.0]
B: [0.0, 24.0, 58.8425537813, 75.400837086, 81.83771412381999, 111.36495112632, 136.42051454042, 175.0, 209.2400855285, 270.0, 281.922738989, 322.0, 350.0636833826, 364.6328500369, 375.22310036439995, 410.0, 427.1849823101, 477.0, 505.61812322640003, 506.73981213158004, 529.48246081198, 553.33347454308, 594.06843659048, 603.87317712759, 637.65295690779, 658.0501641920899]
