Avion: 1      Iteracion: 35

Num Ruta: 31
Ingresos: 1562.956
Costos: 361.548193222
Utilidad Ruta: 1201.40780678
Costo Reducido: 11.4554183463
Nodos: [101, 30, 65, 24, 59, 1, 36, 35, 70, 2, 4, 37, 39, 711]
q: [0, 11.0, -11.0, 11.0, -11.0, 7.0, -7.0, 8.0, -8.0, 10.0, 3.0, -10.0, -3.0, 0]
Q: [0, 11.0, 0.0, 11.0, 0.0, 7.0, 0.0, 8.0, 0.0, 10.0, 13.0, 3.0, 0.0, 0]
B: [0.0, 64.0, 82.7140226568, 107.4479935471, 145.9609438496, 175.0, 209.2400855285, 270.0, 281.922738989, 522.0, 549.3715326023, 562.8222884175, 596.0154991992, 612.8245312951]
