Avion: 5      Iteracion: 53

Num Ruta: 44
Ingresos: 612.623
Costos: 196.922299412
Utilidad Ruta: 415.700700588
Costo Reducido: 29.0387032244
Nodos: [105, 18, 53, 28, 63, 15, 50, 7, 4, 39, 42, 715]
q: [0, 10.0, -10.0, 6.0, -6.0, 0.0, -0.0, 0.0, 3.0, -3.0, -0.0, 0]
Q: [0, 10.0, 0.0, 6.0, 0.0, 0.0, 0.0, 0.0, 3.0, 0.0, 0.0, 0]
B: [0.0, 293.0, 316.8182362487, 378.0, 414.0266187839, 511.0, 527.4211666151, 538.3259061809999, 548.6892794734999, 569.1150291536999, 570.2754032313098, 607.1810443855098]
