Avion: 4      Iteracion: 33

Num Ruta: 33
Ingresos: 803.564
Costos: 335.508894542
Utilidad Ruta: 468.055105458
Costo Reducido: 41.0440167669
Nodos: [104, 17, 52, 14, 49, 32, 67, 33, 68, 714]
q: [0, 5.0, -5.0, 8.0, -8.0, 11.0, -11.0, 5.0, -5.0, 0]
Q: [0, 5.0, 0.0, 8.0, 0.0, 11.0, 0.0, 5.0, 0.0, 0]
B: [0.0, 24.0, 58.8425537813, 112.0, 124.021711775, 309.0, 319.4016530417, 437.0, 478.9526650524, 495.1270820434]
