Avion: 2      Iteracion: 54

Num Ruta: 50
Ingresos: 1496.353
Costos: 620.562805278
Utilidad Ruta: 875.790194722
Costo Reducido: 104.460980515
Nodos: [102, 16, 51, 9, 24, 44, 59, 10, 45, 26, 32, 67, 34, 61, 69, 19, 25, 60, 31, 54, 66, 712]
q: [0.0, 0.0, 0.0, 11.0, 4.0, -11.0, -4.0, 12.0, -12.0, 0.0, 11.0, -11.0, 8.0, 0.0, -8.0, 6.0, 9.0, -9.0, 9.0, -6.0, -9.0, 0.0]
Q: [0.0, 0.0, 0.0, 11.0, 15.0, 4.0, 0.0, 12.0, 0.0, 0.0, 11.0, 0.0, 8.0, 8.0, 0.0, 6.0, 15.0, 6.0, 15.0, 9.0, 0.0, 0.0]
B: [0.0, 36.0, 45.624091437640004, 75.68094759394, 82.11782463176, 106.25807452686, 131.31363794096, 143.09956862126, 172.61907935566, 300.0, 309.0, 319.4016530417, 346.1750898215, 361.08833591350003, 386.0750898643, 406.6149061244, 416.0069133646, 433.1918956747, 438.01354228140997, 455.11958171200996, 477.53774599901, 503.43080570621]
