Avion: 3      Iteracion: 11

Num Ruta: 11
Ingresos: 744.258
Costos: 264.843275
Utilidad Ruta: 479.414725
Costo Reducido: 133.01456875
Nodos: [103, 18, 53, 31, 19, 66, 54, 713]
q: [0.0, 10.0, -10.0, 8.0, 7.0, -8.0, -7.0, 0.0]
Q: [0.0, 10.0, 0.0, 8.0, 15.0, 7.0, 0.0, 0.0]
B: [0.0, 293.0, 316.8182362487, 406.0, 427.4250045741, 443.5262214225, 465.9443857095, 484.72144415860004]
