Avion: 6      Iteracion: 62

Num Ruta: 51
Ingresos: 859.324
Costos: 235.101070188
Utilidad Ruta: 624.222929812
Costo Reducido: 2.8932710603
Nodos: [106, 34, 22, 57, 69, 33, 13, 48, 68, 5, 40, 716]
q: [0.0, 8.0, 7.0, -7.0, -8.0, 5.0, 10.0, -10.0, -5.0, 9.0, -9.0, 0.0]
Q: [0.0, 8.0, 15.0, 8.0, 0.0, 5.0, 15.0, 5.0, 0.0, 9.0, 0.0, 0.0]
B: [0.0, 322.0, 350.0636833826, 371.8183695215, 382.408619849, 437.0, 462.372931896, 479.256082846, 484.60413314494, 513.57555073194, 514.69723963712, 521.42059371079]
