Avion: 5      Iteracion: 16

Num Ruta: 19
Ingresos: 892.719
Costos: 374.931195344
Utilidad Ruta: 517.787804656
Costo Reducido: 61.5457947196
Nodos: [105, 10, 45, 32, 67, 2, 27, 62, 37, 715]
q: [0.0, 12.0, -12.0, 11.0, -11.0, 9.0, 6.0, -6.0, -9.0, 0.0]
Q: [0.0, 12.0, 0.0, 11.0, 0.0, 9.0, 15.0, 9.0, 0.0, 0.0]
B: [0.0, 96.0, 125.5195107344, 309.0, 319.4016530417, 522.0, 547.7839683718, 564.8148307399, 594.1553610862, 630.1599042022999]
