Avion: 3      Iteracion: 20

Num Ruta: 16
Ingresos: 769.572
Costos: 163.73482429
Utilidad Ruta: 605.83717571
Costo Reducido: 96.6775427507
Nodos: [103, 21, 56, 27, 62, 713]
q: [0, 12.0, -12.0, 6.0, -6.0, 0]
Q: [0, 12.0, 0.0, 6.0, 0.0, 0]
B: [0.0, 477.0, 517.7387906792, 538.0, 555.0308623681, 583.3015826454]
