Avion: 3      Iteracion: 10

Num Ruta: 10
Ingresos: 96.192
Costos: 177.331654281
Utilidad Ruta: -81.1396542813
Costo Reducido: 64.4114497538
Nodos: [103, 27, 62, 713]
q: [0, 6.0, -6.0, 0]
Q: [0, 6.0, 0.0, 0]
B: [0.0, 538.0, 555.0308623681, 583.3015826454]
