Avion: 6      Iteracion: 80

Num Ruta: 63
Ingresos: 1288.058
Costos: 280.223084618
Utilidad Ruta: 1007.83491538
Costo Reducido: 26.5705506973
Nodos: [106, 10, 45, 32, 67, 22, 57, 19, 25, 60, 54, 13, 48, 6, 41, 5, 40, 716]
q: [0.0, 12.0, -12.0, 11.0, -11.0, 10.0, -10.0, 7.0, 8.0, -8.0, -7.0, 15.0, -15.0, 4.0, -4.0, 9.0, -9.0, 0.0]
Q: [0.0, 12.0, 0.0, 11.0, 0.0, 10.0, 0.0, 7.0, 15.0, 7.0, 0.0, 15.0, 0.0, 4.0, 0.0, 9.0, 0.0, 0.0]
B: [0.0, 96.0, 125.5195107344, 309.0, 319.4016530417, 353.8662667781, 375.620952917, 402.0, 411.3920072402, 428.57698955029997, 445.3638459862, 449.59146529262, 466.47461624262, 490.69756486582, 494.38985426401, 512.77871447881, 513.90040338399, 520.62375745766]
