Avion: 6      Iteracion: 19

Num Ruta: 21
Ingresos: 1804.571
Costos: 365.178392526
Utilidad Ruta: 1439.39260747
Costo Reducido: 207.726635029
Nodos: [106, 10, 45, 34, 22, 69, 57, 25, 60, 21, 4, 56, 27, 39, 62, 716]
q: [0.0, 12.0, -12.0, 8.0, 7.0, -8.0, -7.0, 10.0, -10.0, 12.0, 3.0, -12.0, 6.0, -3.0, -6.0, 0.0]
Q: [0.0, 12.0, 0.0, 8.0, 15.0, 7.0, 0.0, 10.0, 0.0, 12.0, 15.0, 3.0, 9.0, 6.0, 0.0, 0.0]
B: [0.0, 96.0, 125.5195107344, 322.0, 350.0636833826, 364.6328500369, 375.22310036439995, 410.0, 427.1849823101, 477.0, 529.0, 558.169797411, 571.3472456086, 587.6980581878, 593.11331672272, 602.8189870756601]
