Avion: 2      Iteracion: 28

Num Ruta: 29
Ingresos: 823.578
Costos: 496.667260784
Utilidad Ruta: 326.910739216
Costo Reducido: 49.2279547189
Nodos: [102, 16, 51, 9, 24, 44, 59, 22, 57, 18, 53, 712]
q: [0.0, 0.0, 0.0, 4.0, 11.0, -4.0, -11.0, 10.0, -10.0, 10.0, -10.0, 0.0]
Q: [0.0, 0.0, 0.0, 4.0, 15.0, 11.0, 0.0, 10.0, 0.0, 10.0, 0.0, 0.0]
B: [0.0, 36.0, 45.624091437640004, 75.68094759394, 82.11782463176, 106.25807452686, 131.31363794096, 299.0, 320.7546861389, 334.15512273630003, 357.973358985, 376.94266076450003]
