Avion: 7      Iteracion: 17

Num Ruta: 17
Ingresos: 2479.29
Costos: 521.655017059
Utilidad Ruta: 1957.63498294
Costo Reducido: 118.874266121
Nodos: [107, 9, 44, 11, 46, 3, 38, 23, 35, 70, 26, 34, 61, 58, 22, 57, 69, 8, 33, 5, 40, 43, 68, 21, 4, 56, 27, 39, 62, 717]
q: [0.0, 11.0, -11.0, 6.0, -6.0, 0.0, 0.0, 0.0, 8.0, -8.0, 10.0, 5.0, -10.0, 0.0, 10.0, -10.0, -5.0, 8.0, 5.0, 2.0, -2.0, -8.0, -5.0, 12.0, 3.0, -12.0, 6.0, -3.0, -6.0, 0.0]
Q: [0.0, 11.0, 0.0, 6.0, 0.0, 0.0, 0.0, 0.0, 8.0, 0.0, 10.0, 15.0, 5.0, 5.0, 15.0, 5.0, 0.0, 8.0, 13.0, 15.0, 13.0, 5.0, 0.0, 12.0, 15.0, 3.0, 9.0, 6.0, 0.0, 0.0]
B: [0.0, 46.0648734938, 75.5921104963, 169.0, 173.05406684701, 256.0, 261.08428175852, 267.0, 277.4634044651, 289.38614345409997, 303.7370056233, 322.0, 336.913246092, 339.98031847458003, 355.73674246608005, 377.49142860498006, 388.08167893248003, 414.0, 437.0, 469.0, 470.12168890518, 480.59966590458, 502.55654694448, 513.43602432168, 529.0, 558.169797411, 571.3472456086, 587.6980581878, 593.11331672272, 616.55830503582]
