Avion: 3      Iteracion: 0

Num Ruta: 1
Ingresos: 1142.406
Costos: 385.47310458
Utilidad Ruta: 756.93289542
Costo Reducido: -
Nodos: [103, 32, 67, 26, 61, 25, 60, 19, 54, 33, 68, 713]
q: [0, 11.0, -11.0, 10.0, -10.0, 10.0, -10.0, 7.0, -7.0, 5.0, -5.0, 0]
Q: [0, 11.0, 0.0, 10.0, 0.0, 10.0, 0.0, 7.0, 0.0, 5.0, 0.0, 0]
B: [0.0, 309.0, 319.4016530417, 332.1221722921, 349.7014002615, 410.0, 427.1849823101, 443.8578739909, 470.48499028239996, 492.03338405079995, 533.9860491032, 537.68092460855]
