Avion: 4      Iteracion: 17

Num Ruta: 18
Ingresos: 2891.169
Costos: 553.387150258
Utilidad Ruta: 2337.78184974
Costo Reducido: 130.647159325
Nodos: [104, 17, 52, 24, 9, 44, 59, 10, 45, 26, 61, 34, 69, 8, 33, 43, 13, 48, 68, 5, 40, 2, 37, 29, 64, 714]
q: [0.0, 5.0, -5.0, 4.0, 11.0, -11.0, -4.0, 12.0, -12.0, 10.0, -10.0, 8.0, -8.0, 8.0, 5.0, -8.0, 10.0, -10.0, -5.0, 9.0, -9.0, 10.0, -10.0, 9.0, -9.0, 0.0]
Q: [0.0, 5.0, 0.0, 4.0, 15.0, 4.0, 0.0, 12.0, 0.0, 10.0, 0.0, 8.0, 0.0, 8.0, 13.0, 5.0, 15.0, 5.0, 0.0, 9.0, 0.0, 10.0, 0.0, 9.0, 0.0, 0.0]
B: [0.0, 24.0, 58.8425537813, 75.400837086, 81.83771412381999, 111.36495112632, 136.42051454042, 148.20644522071998, 177.72595595511999, 300.0, 317.5792279694, 332.4924740614, 368.9326042752, 414.0, 437.0, 460.2743670161, 462.48504315700995, 479.36819410700997, 484.71624440594996, 513.68766199295, 514.80935089813, 528.89140135253, 569.62636339993, 579.43110393704, 613.21088371724, 639.98131376604]
