Avion: 4      Iteracion: 72

Num Ruta: 64
Ingresos: 1198.511
Costos: 294.864597542
Utilidad Ruta: 903.646402458
Costo Reducido: 3.7276429905
Nodos: [104, 17, 52, 9, 44, 18, 53, 13, 48, 29, 64, 714]
q: [0, 5.0, -5.0, 11.0, -11.0, 10.0, -10.0, 15.0, -15.0, 9.0, -9.0, 0]
Q: [0, 5.0, 0.0, 11.0, 0.0, 10.0, 0.0, 15.0, 0.0, 9.0, 0.0, 0]
B: [0.0, 24.0, 58.8425537813, 81.72911018459999, 111.25634718709999, 293.0, 316.8182362487, 423.0, 439.88315095, 549.0, 582.7797797802, 609.550209829]
