Avion: 4      Iteracion: 24

Num Ruta: 25
Ingresos: 3047.54
Costos: 508.932400175
Utilidad Ruta: 2538.60759983
Costo Reducido: 83.6925084321
Nodos: [104, 17, 52, 30, 16, 51, 65, 3, 38, 23, 35, 70, 58, 34, 28, 69, 63, 25, 60, 4, 27, 39, 2, 62, 37, 714]
q: [0.0, 5.0, -5.0, 11.0, 4.0, -4.0, -11.0, 13.0, -13.0, 10.0, 5.0, -5.0, -10.0, 8.0, 6.0, -8.0, -6.0, 10.0, -10.0, 3.0, 5.0, -3.0, 10.0, -5.0, -10.0, 0.0]
Q: [0.0, 5.0, 0.0, 11.0, 15.0, 11.0, 0.0, 13.0, 0.0, 10.0, 15.0, 10.0, 0.0, 8.0, 14.0, 6.0, 0.0, 10.0, 0.0, 3.0, 8.0, 5.0, 15.0, 10.0, 0.0, 0.0]
B: [0.0, 24.0, 58.8425537813, 64.0, 72.20259129788, 81.82668273552001, 84.69783929691, 256.0, 261.08428175852, 267.0, 277.4634044651, 289.38614345409997, 313.15284696969997, 327.41179398549997, 378.0, 412.6152135628, 444.56576931700005, 447.89914793336004, 465.08413024346004, 529.0, 546.6147745373, 562.9655871165, 572.4200536271001, 583.8721267145, 613.2126570608, 637.5739611719999]
