Avion: 1      Iteracion: 16

Num Ruta: 18
Ingresos: 502.79
Costos: 315.788487797
Utilidad Ruta: 187.001512203
Costo Reducido: 94.9589052603
Nodos: [101, 10, 45, 32, 67, 8, 43, 711]
q: [0, 12.0, -12.0, 11.0, -11.0, 8.0, -8.0, 0]
Q: [0, 12.0, 0.0, 11.0, 0.0, 8.0, 0.0, 0]
B: [0.0, 96.0, 125.5195107344, 309.0, 319.4016530417, 414.0, 434.768396616, 440.47752789843]
