Avion: 2      Iteracion: 19

Num Ruta: 20
Ingresos: 430.514
Costos: 415.758121864
Utilidad Ruta: 14.7558781358
Costo Reducido: 132.102143707
Nodos: [102, 16, 30, 65, 51, 10, 45, 32, 67, 26, 61, 13, 48, 712]
q: [0.0, 0.0, 11.0, -11.0, 0.0, 12.0, -12.0, 11.0, -11.0, 0.0, 0.0, 0.0, 0.0, 0.0]
Q: [0.0, 0.0, 11.0, 0.0, 0.0, 12.0, 0.0, 11.0, 0.0, 0.0, 0.0, 0.0, 0.0, 0.0]
B: [0.0, 36.0, 64.0, 82.7140226568, 85.58517921818999, 101.41445642849, 130.93396716288999, 309.0, 319.4016530417, 332.1221722921, 349.7014002615, 423.0, 439.88315095, 455.2736272259]
