Avion: 4      Iteracion: 40

Num Ruta: 40
Ingresos: 2789.881
Costos: 490.358960923
Utilidad Ruta: 2299.52203908
Costo Reducido: 62.9496563647
Nodos: [104, 17, 52, 9, 44, 1, 36, 18, 53, 28, 63, 25, 60, 31, 66, 5, 40, 2, 37, 29, 64, 714]
q: [0, 5.0, -5.0, 11.0, -11.0, 7.0, -7.0, 10.0, -10.0, 6.0, -6.0, 10.0, -10.0, 9.0, -9.0, 9.0, -9.0, 10.0, -10.0, 9.0, -9.0, 0]
Q: [0, 5.0, 0.0, 11.0, 0.0, 7.0, 0.0, 10.0, 0.0, 6.0, 0.0, 10.0, 0.0, 9.0, 0.0, 9.0, 0.0, 10.0, 0.0, 9.0, 0.0, 0]
B: [0.0, 24.0, 58.8425537813, 81.72911018459999, 111.25634718709999, 175.0, 209.2400855285, 293.0, 316.8182362487, 378.0, 414.0266187839, 417.35999740026, 434.54497971036, 439.36662631707, 467.69210539507, 487.58858960707, 488.71027851225, 522.0, 562.7349620474, 572.53970258451, 606.31948236471, 633.08991241351]
