Avion: 5      Iteracion: 55

Num Ruta: 46
Ingresos: 870.392
Costos: 253.251810958
Utilidad Ruta: 617.140189042
Costo Reducido: 13.8299130009
Nodos: [105, 18, 53, 28, 31, 66, 63, 15, 50, 7, 4, 39, 42, 715]
q: [0, 10.0, -10.0, 6.0, 9.0, -9.0, -6.0, 0.0, -0.0, 0.0, 3.0, -3.0, -0.0, 0]
Q: [0, 10.0, 0.0, 6.0, 15.0, 6.0, 0.0, 0.0, 0.0, 0.0, 3.0, 0.0, 0.0, 0]
B: [0.0, 293.0, 316.8182362487, 378.0, 406.0, 434.325479078, 462.7399107809, 511.0, 527.4211666151, 538.3259061809999, 548.6892794734999, 569.1150291536999, 570.2754032313098, 607.1810443855098]
