Avion: 2      Iteracion: 7

Num Ruta: 10
Ingresos: 1137.661
Costos: 610.284253551
Utilidad Ruta: 527.376746449
Costo Reducido: 249.749648558
Nodos: [102, 9, 44, 14, 49, 11, 46, 1, 36, 35, 70, 26, 61, 18, 53, 712]
q: [0, 11.0, -11.0, 8.0, -8.0, 6.0, -6.0, 7.0, -7.0, 8.0, -8.0, 10.0, -10.0, 10.0, -10.0, 0]
Q: [0, 11.0, 0.0, 8.0, 0.0, 6.0, 0.0, 7.0, 0.0, 8.0, 0.0, 10.0, 0.0, 10.0, 0.0, 0]
B: [0.0, 29.8362865317, 59.3635235342, 112.0, 124.021711775, 169.0, 173.05406684701, 195.72351838431, 229.96360391281002, 270.0, 281.922738989, 300.0, 317.5792279694, 340.8578987218, 364.67613497049996, 383.64543674999993]
