Avion: 4      Iteracion: 67

Num Ruta: 61
Ingresos: 1561.577
Costos: 318.015213882
Utilidad Ruta: 1243.56178612
Costo Reducido: 26.4959445515
Nodos: [104, 17, 52, 9, 44, 35, 70, 2, 37, 29, 64, 714]
q: [0, 5.0, -5.0, 11.0, -11.0, 8.0, -8.0, 10.0, -10.0, 9.0, -9.0, 0]
Q: [0, 5.0, 0.0, 11.0, 0.0, 8.0, 0.0, 10.0, 0.0, 9.0, 0.0, 0]
B: [0.0, 24.0, 58.8425537813, 81.72911018459999, 111.25634718709999, 270.0, 281.922738989, 522.0, 562.7349620474, 572.53970258451, 606.31948236471, 633.08991241351]
