Avion: 7      Iteracion: 41

Num Ruta: 30
Ingresos: 2312.937
Costos: 423.50513216
Utilidad Ruta: 1889.43186784
Costo Reducido: 19.2308560855
Nodos: [107, 14, 49, 3, 38, 23, 35, 70, 26, 61, 58, 22, 57, 25, 31, 60, 33, 66, 68, 29, 4, 39, 64, 717]
q: [0.0, 0.0, 0.0, 13.0, -13.0, 7.0, 8.0, -8.0, 8.0, -8.0, -7.0, 10.0, -10.0, 10.0, 5.0, -10.0, 5.0, -5.0, -5.0, 9.0, 3.0, -3.0, -9.0, 0.0]
Q: [0.0, 0.0, 0.0, 13.0, 0.0, 7.0, 15.0, 7.0, 15.0, 7.0, 0.0, 10.0, 0.0, 10.0, 15.0, 5.0, 10.0, 5.0, 0.0, 9.0, 12.0, 9.0, 0.0, 0.0]
B: [0.0, 112.0, 124.021711775, 256.0, 261.08428175852, 267.0, 277.4634044651, 289.38614345409997, 303.7370056233, 321.3162335927, 324.38330597528, 340.13972996678, 361.89441610568, 410.0, 430.9603311281, 435.78197773480997, 471.29938294691, 493.69754438931, 524.64933524221, 549.0, 569.7100026316, 590.1357523117999, 602.3548233485, 639.8192121064]
