Avion: 6      Iteracion: 67

Num Ruta: 54
Ingresos: 946.083
Costos: 234.926231152
Utilidad Ruta: 711.156768848
Costo Reducido: 33.3066817408
Nodos: [106, 17, 30, 52, 16, 51, 65, 35, 70, 33, 6, 41, 68, 5, 40, 716]
q: [0.0, 5.0, 6.0, -5.0, 9.0, -9.0, -6.0, 8.0, -8.0, 5.0, 4.0, -4.0, -5.0, 9.0, -9.0, 0.0]
Q: [0.0, 5.0, 11.0, 6.0, 15.0, 6.0, 0.0, 8.0, 0.0, 5.0, 9.0, 5.0, 0.0, 9.0, 0.0, 0.0]
B: [0.0, 24.0, 64.0, 67.14445448369, 72.47609381883, 82.10018525647, 84.97134181786, 270.0, 281.922738989, 437.0, 463.1548069196, 466.84709631779, 497.92495713539, 526.89637472239, 528.01806362757, 534.7414177012399]
