Avion: 2      Iteracion: 84

Num Ruta: 70
Ingresos: 1037.112
Costos: 411.958921304
Utilidad Ruta: 625.153078696
Costo Reducido: 22.5962976248
Nodos: [102, 16, 51, 10, 45, 26, 61, 28, 13, 48, 63, 25, 60, 712]
q: [0.0, 0.0, 0.0, 12.0, -12.0, 10.0, -10.0, 6.0, 9.0, -9.0, -6.0, 10.0, -10.0, 0.0]
Q: [0.0, 0.0, 0.0, 12.0, 0.0, 10.0, 0.0, 6.0, 15.0, 6.0, 0.0, 10.0, 0.0, 0.0]
B: [0.0, 36.0, 45.624091437640004, 96.0, 125.5195107344, 300.0, 317.5792279694, 378.0, 423.0, 439.88315095, 462.92158097460003, 466.25495959096, 483.43994190106, 492.80134104862003]
