Avion: 4      Iteracion: 68

Num Ruta: 62
Ingresos: 3207.242
Costos: 459.427848817
Utilidad Ruta: 2747.81415118
Costo Reducido: 37.2524446295
Nodos: [104, 17, 52, 9, 44, 3, 38, 23, 35, 70, 58, 28, 63, 25, 60, 19, 54, 2, 37, 29, 64, 714]
q: [0.0, 5.0, -5.0, 11.0, -11.0, 13.0, -13.0, 10.0, 5.0, -5.0, -10.0, 6.0, -6.0, 10.0, -10.0, 7.0, -7.0, 10.0, -10.0, 9.0, -9.0, 0.0]
Q: [0.0, 5.0, 0.0, 11.0, 0.0, 13.0, 0.0, 10.0, 15.0, 10.0, 0.0, 6.0, 0.0, 10.0, 0.0, 7.0, 0.0, 10.0, 0.0, 9.0, 0.0, 0.0]
B: [0.0, 24.0, 58.8425537813, 81.72911018459999, 111.25634718709999, 256.0, 261.08428175852, 267.0, 277.4634044651, 289.38614345409997, 313.15284696969997, 378.0, 414.0266187839, 417.35999740026, 434.54497971036, 451.21787139116, 477.84498768265996, 522.0, 562.7349620474, 572.53970258451, 606.31948236471, 633.08991241351]
