Avion: 1      Iteracion: 25

Num Ruta: 26
Ingresos: 1559.776
Costos: 445.036513766
Utilidad Ruta: 1114.73948623
Costo Reducido: 88.0038805557
Nodos: [101, 17, 52, 24, 59, 1, 36, 35, 70, 33, 68, 4, 27, 62, 39, 711]
q: [0, 5.0, -5.0, 11.0, -11.0, 7.0, -7.0, 8.0, -8.0, 5.0, -5.0, 3.0, 6.0, -6.0, -3.0, 0]
Q: [0, 5.0, 0.0, 11.0, 0.0, 7.0, 0.0, 8.0, 0.0, 5.0, 0.0, 3.0, 9.0, 3.0, 0.0, 0]
B: [0.0, 24.0, 58.8425537813, 75.400837086, 113.9137873885, 175.0, 209.2400855285, 270.0, 281.922738989, 437.0, 478.9526650524, 529.0, 546.6147745373, 563.6456369054, 569.06089544032, 585.86992753622]
