Avion: 5      Iteracion: 60

Num Ruta: 49
Ingresos: 1664.608
Costos: 395.552237572
Utilidad Ruta: 1269.05576243
Costo Reducido: 1.00868916978
Nodos: [105, 11, 46, 1, 36, 35, 70, 22, 57, 18, 53, 28, 63, 25, 31, 60, 66, 715]
q: [0.0, 6.0, -6.0, 7.0, -7.0, 8.0, -8.0, 10.0, -10.0, 10.0, -10.0, 6.0, -6.0, 6.0, 9.0, -6.0, -9.0, 0.0]
Q: [0.0, 6.0, 0.0, 7.0, 0.0, 8.0, 0.0, 10.0, 0.0, 10.0, 0.0, 6.0, 0.0, 6.0, 15.0, 9.0, 0.0, 0.0]
B: [0.0, 169.0, 173.05406684701, 195.72351838431, 229.96360391281002, 270.0, 281.922738989, 299.64604976889996, 321.40073590779997, 334.8011725052, 358.61940875389996, 378.0, 414.0266187839, 417.35999740026, 438.32032852836, 443.14197513506997, 467.21651365607, 480.96925741867]
