Avion: 3      Iteracion: 38

Num Ruta: 25
Ingresos: 732.179
Costos: 261.092289206
Utilidad Ruta: 471.086710794
Costo Reducido: 55.5268548492
Nodos: [103, 25, 60, 31, 33, 66, 68, 713]
q: [0, 10.0, -10.0, 9.0, 5.0, -9.0, -5.0, 0]
Q: [0, 10.0, 0.0, 9.0, 14.0, 5.0, 0.0, 0]
B: [0.0, 410.0, 427.1849823101, 432.00662891681, 469.50789920201, 491.90606064441, 522.85785149731, 526.5527270026599]
