Avion: 1      Iteracion: 26

Num Ruta: 27
Ingresos: 1734.339
Costos: 443.248402679
Utilidad Ruta: 1291.09059732
Costo Reducido: 52.1300776137
Nodos: [101, 30, 65, 24, 59, 34, 22, 57, 69, 4, 27, 62, 2, 39, 37, 711]
q: [0.0, 11.0, -11.0, 11.0, -11.0, 8.0, 7.0, -7.0, -8.0, 3.0, 6.0, -6.0, 10.0, -3.0, -10.0, 0.0]
Q: [0.0, 11.0, 0.0, 11.0, 0.0, 8.0, 15.0, 8.0, 0.0, 3.0, 9.0, 3.0, 13.0, 10.0, 0.0, 0.0]
B: [0.0, 64.0, 82.7140226568, 107.4479935471, 145.9609438496, 322.0, 350.0636833826, 371.8183695215, 382.408619849, 529.0, 546.6147745373, 563.6456369054, 575.0977099928, 584.5521765034, 617.7453872851, 634.6950544795001]
