Avion: 1      Iteracion: 12

Num Ruta: 14
Ingresos: 2726.4
Costos: 515.408069283
Utilidad Ruta: 2210.99193072
Costo Reducido: 188.060688207
Nodos: [101, 30, 65, 24, 59, 1, 36, 26, 61, 22, 57, 19, 54, 33, 68, 4, 2, 39, 37, 711]
q: [0, 11.0, -11.0, 11.0, -11.0, 7.0, -7.0, 10.0, -10.0, 10.0, -10.0, 7.0, -7.0, 5.0, -5.0, 3.0, 10.0, -3.0, -10.0, 0]
Q: [0, 11.0, 0.0, 11.0, 0.0, 7.0, 0.0, 10.0, 0.0, 10.0, 0.0, 7.0, 0.0, 5.0, 0.0, 3.0, 13.0, 10.0, 0.0, 0]
B: [0.0, 64.0, 82.7140226568, 107.4479935471, 145.9609438496, 175.0, 209.2400855285, 300.0, 317.5792279694, 331.2134086195, 352.9680947584, 402.0, 428.6271162915, 450.1755100599, 492.12817511229997, 529.0, 556.3715326023, 565.8259991129, 599.0192098946001, 615.9688770890001]
