Avion: 6      Iteracion: 15

Num Ruta: 17
Ingresos: 3514.842
Costos: 533.424071948
Utilidad Ruta: 2981.41792805
Costo Reducido: 224.038606246
Nodos: [106, 17, 30, 52, 16, 65, 51, 10, 45, 3, 38, 23, 58, 34, 26, 61, 69, 8, 33, 6, 41, 43, 13, 48, 68, 21, 4, 56, 27, 39, 62, 716]
q: [0.0, 5.0, 10.0, -5.0, 0.0, -10.0, 0.0, 12.0, -12.0, 13.0, -13.0, 10.0, -10.0, 5.0, 10.0, -10.0, -5.0, 8.0, 5.0, 0.0, 0.0, -8.0, 10.0, -10.0, -5.0, 12.0, 3.0, -12.0, 6.0, -3.0, -6.0, 0.0]
Q: [0.0, 5.0, 15.0, 10.0, 10.0, 0.0, 0.0, 12.0, 0.0, 13.0, 0.0, 10.0, 0.0, 5.0, 15.0, 5.0, 0.0, 8.0, 13.0, 13.0, 13.0, 5.0, 15.0, 5.0, 0.0, 12.0, 15.0, 3.0, 9.0, 6.0, 0.0, 0.0]
B: [0.0, 24.0, 64.0, 67.14445448369, 72.47609381883, 83.29276558052999, 86.16392214191998, 101.99319935221999, 131.51271008662, 256.0, 261.08428175852, 267.0, 306.733842905, 322.0, 337.9272270342, 355.50645500359997, 380.49320895439996, 414.0, 437.0, 463.1548069196, 466.84709631779, 479.71309880498995, 481.92377494589994, 498.80692589589995, 504.15497619483995, 515.03445357204, 529.98224193684, 559.15203934784, 572.32948754544, 588.68030012464, 594.09555865956, 603.8012290125]
