Avion: 3      Iteracion: 32

Num Ruta: 23
Ingresos: 666.977
Costos: 237.396179765
Utilidad Ruta: 429.580820235
Costo Reducido: 8.21884691268
Nodos: [103, 16, 51, 2, 37, 713]
q: [0, 9.0, -9.0, 10.0, -10.0, 0]
Q: [0, 9.0, 0.0, 10.0, 0.0, 0]
B: [0.0, 36.0, 45.624091437640004, 522.0, 562.7349620474, 572.8298631366]
