Avion: 2      Iteracion: 75

Num Ruta: 65
Ingresos: 845.307
Costos: 452.399574525
Utilidad Ruta: 392.907425475
Costo Reducido: 10.456486785
Nodos: [102, 16, 51, 9, 44, 11, 46, 18, 53, 26, 61, 13, 48, 712]
q: [0, 9.0, -9.0, 11.0, -11.0, 6.0, -6.0, 10.0, -10.0, 10.0, -10.0, 15.0, -15.0, 0]
Q: [0, 9.0, 0.0, 11.0, 0.0, 6.0, 0.0, 10.0, 0.0, 10.0, 0.0, 15.0, 0.0, 0]
B: [0.0, 36.0, 45.624091437640004, 75.68094759394, 105.20818459644, 169.0, 173.05406684701, 293.0, 316.8182362487, 345.81975307109997, 363.39898104049996, 423.0, 439.88315095, 455.2736272259]
