Avion: 3      Iteracion: 21

Num Ruta: 17
Ingresos: 173.565
Costos: 177.027743435
Utilidad Ruta: -3.46274343545
Costo Reducido: 90.0763482272
Nodos: [103, 11, 46, 4, 39, 713]
q: [0, 6.0, -6.0, 3.0, -3.0, 0]
Q: [0, 6.0, 0.0, 3.0, 0.0, 0]
B: [0.0, 169.0, 173.05406684701, 529.0, 549.4257496801999, 580.1121997519]
