Avion: 7      Iteracion: 72

Num Ruta: 48
Ingresos: 2236.633
Costos: 414.85617827
Utilidad Ruta: 1821.77682173
Costo Reducido: 26.8084941826
Nodos: [107, 14, 49, 3, 38, 23, 58, 32, 67, 33, 13, 48, 68, 5, 40, 2, 37, 29, 64, 717]
q: [0.0, 8.0, -8.0, 13.0, -13.0, 10.0, -10.0, 11.0, -11.0, 5.0, 10.0, -10.0, -5.0, 9.0, -9.0, 10.0, -10.0, 9.0, -9.0, 0.0]
Q: [0.0, 8.0, 0.0, 13.0, 0.0, 10.0, 0.0, 11.0, 0.0, 5.0, 15.0, 5.0, 0.0, 9.0, 0.0, 10.0, 0.0, 9.0, 0.0, 0.0]
B: [0.0, 112.0, 124.021711775, 256.0, 261.08428175852, 267.0, 306.733842905, 329.2181487426, 339.6198017843, 437.0, 462.372931896, 479.256082846, 484.60413314494, 513.57555073194, 514.69723963712, 528.77929009152, 569.51425213892, 579.31899267603, 613.09877245623, 650.56316121413]
