Avion: 1      Iteracion: 18

Num Ruta: 20
Ingresos: 511.413
Costos: 352.94066103
Utilidad Ruta: 158.47233897
Costo Reducido: 117.877174509
Nodos: [101, 35, 70, 13, 48, 29, 64, 711]
q: [0, 8.0, -8.0, 15.0, -15.0, 9.0, -9.0, 0]
Q: [0, 8.0, 0.0, 15.0, 0.0, 9.0, 0.0, 0]
B: [0.0, 270.0, 281.922738989, 423.0, 439.88315095, 549.0, 582.7797797802, 598.8802887473]
