Avion: 5      Iteracion: 15

Num Ruta: 18
Ingresos: 889.577
Costos: 350.424054914
Utilidad Ruta: 539.152945086
Costo Reducido: 94.8338458662
Nodos: [105, 30, 65, 10, 45, 26, 61, 31, 66, 715]
q: [0, 11.0, -11.0, 12.0, -12.0, 10.0, -10.0, 9.0, -9.0, 0]
Q: [0, 11.0, 0.0, 12.0, 0.0, 10.0, 0.0, 9.0, 0.0, 0]
B: [0.0, 64.0, 82.7140226568, 101.4070729429, 130.92658367730002, 300.0, 317.5792279694, 406.0, 434.325479078, 448.0782228406]
