Avion: 5      Iteracion: 48

Num Ruta: 40
Ingresos: 1209.795
Costos: 435.690905112
Utilidad Ruta: 774.104094888
Costo Reducido: 40.3275563086
Nodos: [105, 18, 35, 70, 53, 31, 6, 41, 33, 66, 68, 29, 4, 64, 39, 715]
q: [0.0, 7.0, 8.0, -8.0, -7.0, 9.0, 4.0, -4.0, 5.0, -9.0, -5.0, 9.0, 3.0, -9.0, -3.0, 0.0]
Q: [0.0, 7.0, 15.0, 7.0, 0.0, 9.0, 13.0, 9.0, 14.0, 5.0, 0.0, 9.0, 12.0, 3.0, 0.0, 0.0]
B: [0.0, 293.0, 305.7525351989, 317.67527418789996, 347.44685300059996, 406.0, 436.0, 439.69228939819, 468.10954535299, 490.50770679539, 521.45949764829, 549.0, 569.7100026316, 592.5834067727, 604.8024778094, 642.5165691413999]
