Avion: 1      Iteracion: 36

Num Ruta: 32
Ingresos: 1076.935
Costos: 414.479794709
Utilidad Ruta: 662.455205291
Costo Reducido: 27.2550189763
Nodos: [101, 35, 70, 33, 68, 4, 2, 39, 37, 711]
q: [0, 8.0, -8.0, 5.0, -5.0, 3.0, 10.0, -3.0, -10.0, 0]
Q: [0, 8.0, 0.0, 5.0, 0.0, 3.0, 13.0, 10.0, 0.0, 0]
B: [0.0, 270.0, 281.922738989, 437.0, 478.9526650524, 529.0, 556.3715326023, 565.8259991129, 599.0192098946001, 615.9688770890001]
