Avion: 6      Iteracion: 56

Num Ruta: 46
Ingresos: 1444.698
Costos: 315.572357617
Utilidad Ruta: 1129.12564238
Costo Reducido: 69.515803304
Nodos: [106, 17, 52, 9, 44, 3, 38, 35, 70, 26, 34, 61, 22, 57, 69, 6, 41, 5, 40, 716]
q: [0.0, 5.0, -5.0, 11.0, -11.0, 13.0, -13.0, 8.0, -8.0, 7.0, 8.0, -7.0, 7.0, -7.0, -8.0, 4.0, -4.0, 0.0, 0.0, 0.0]
Q: [0.0, 5.0, 0.0, 11.0, 0.0, 13.0, 0.0, 8.0, 0.0, 7.0, 15.0, 8.0, 15.0, 8.0, 0.0, 4.0, 0.0, 0.0, 0.0, 0.0]
B: [0.0, 24.0, 58.8425537813, 81.72911018459999, 111.25634718709999, 256.0, 261.08428175852, 274.08526633661995, 286.00800532561993, 300.35886749481995, 322.0, 336.913246092, 350.5474267421, 372.302112881, 382.8923632085, 436.0, 439.69228939819, 469.0, 470.12168890518, 476.84504297885]
