Avion: 2      Iteracion: 69

Num Ruta: 60
Ingresos: 1458.341
Costos: 524.024018698
Utilidad Ruta: 934.316981302
Costo Reducido: 27.462500108
Nodos: [102, 16, 51, 30, 65, 10, 45, 32, 67, 26, 61, 19, 33, 54, 13, 48, 68, 712]
q: [0.0, 9.0, -9.0, 11.0, -11.0, 12.0, -12.0, 11.0, -11.0, 10.0, -10.0, 7.0, 5.0, -7.0, 10.0, -10.0, -5.0, 0.0]
Q: [0.0, 9.0, 0.0, 11.0, 0.0, 12.0, 0.0, 11.0, 0.0, 10.0, 0.0, 7.0, 12.0, 5.0, 15.0, 5.0, 0.0, 0.0]
B: [0.0, 36.0, 45.624091437640004, 64.0, 82.7140226568, 101.4070729429, 130.92658367730002, 309.0, 319.4016530417, 332.1221722921, 349.7014002615, 402.0, 438.5935603624, 460.1419541308, 464.36957343722, 481.25272438722004, 486.60077468616004, 496.93005471916]
