Avion: 1      Iteracion: 15

Num Ruta: 17
Ingresos: 1679.713
Costos: 426.579411212
Utilidad Ruta: 1253.13358879
Costo Reducido: 191.781346515
Nodos: [101, 30, 65, 3, 38, 8, 33, 5, 40, 43, 68, 21, 4, 56, 27, 39, 62, 711]
q: [0.0, 11.0, -11.0, 13.0, -13.0, 8.0, 5.0, 2.0, -2.0, -8.0, -5.0, 12.0, 3.0, -12.0, 6.0, -3.0, -6.0, 0.0]
Q: [0.0, 11.0, 0.0, 13.0, 0.0, 8.0, 13.0, 15.0, 13.0, 5.0, 0.0, 12.0, 15.0, 3.0, 9.0, 6.0, 0.0, 0.0]
B: [0.0, 64.0, 82.7140226568, 256.0, 261.08428175852, 414.0, 437.0, 469.0, 470.12168890518, 480.59966590458, 502.55654694448, 513.43602432168, 529.0, 558.169797411, 571.3472456086, 587.6980581878, 593.11331672272, 607.2307078769201]
