Avion: 6      Iteracion: 7

Num Ruta: 10
Ingresos: 1451.168
Costos: 388.464932727
Utilidad Ruta: 1062.70306727
Costo Reducido: 240.848517598
Nodos: [106, 9, 44, 14, 49, 18, 53, 31, 6, 41, 66, 2, 39, 4, 37, 716]
q: [0.0, 11.0, -11.0, 8.0, -8.0, 10.0, -10.0, 9.0, 4.0, -4.0, -9.0, 10.0, -3.0, 3.0, -10.0, 0.0]
Q: [0.0, 11.0, 0.0, 8.0, 0.0, 10.0, 0.0, 9.0, 13.0, 9.0, 0.0, 10.0, 7.0, 10.0, 0.0, 0.0]
B: [0.0, 51.9831585901, 81.51039559259999, 112.0, 124.021711775, 293.0, 316.8182362487, 406.0, 436.0, 439.69228939819, 477.04458078709, 522.0, 549.0, 569.4257496801999, 582.8765054953999, 603.3021429639999]
