Avion: 4      Iteracion: 59

Num Ruta: 56
Ingresos: 1531.763
Costos: 343.217977646
Utilidad Ruta: 1188.54502235
Costo Reducido: 24.1840155497
Nodos: [104, 17, 52, 32, 67, 34, 28, 69, 63, 25, 60, 29, 64, 714]
q: [0, 5.0, -5.0, 11.0, -11.0, 8.0, 6.0, -8.0, -6.0, 10.0, -10.0, 9.0, -9.0, 0]
Q: [0, 5.0, 0.0, 11.0, 0.0, 8.0, 14.0, 6.0, 0.0, 10.0, 0.0, 9.0, 0.0, 0]
B: [0.0, 24.0, 58.8425537813, 309.0, 319.4016530417, 346.1750898215, 378.0, 412.6152135628, 444.56576931700005, 447.89914793336004, 465.08413024346004, 549.0, 582.7797797802, 609.550209829]
