Avion: 6      Iteracion: 12

Num Ruta: 15
Ingresos: 1892.043
Costos: 332.108507874
Utilidad Ruta: 1559.93449213
Costo Reducido: 179.297226731
Nodos: [106, 17, 52, 30, 65, 10, 45, 26, 34, 61, 22, 69, 57, 19, 6, 41, 5, 40, 54, 716]
q: [0.0, 5.0, -5.0, 11.0, -11.0, 12.0, -12.0, 10.0, 5.0, -10.0, 10.0, -5.0, -10.0, 7.0, 0.0, 0.0, 8.0, -8.0, -7.0, 0.0]
Q: [0.0, 5.0, 0.0, 11.0, 0.0, 12.0, 0.0, 10.0, 15.0, 5.0, 15.0, 10.0, 0.0, 7.0, 7.0, 7.0, 15.0, 7.0, 0.0, 0.0]
B: [0.0, 24.0, 58.8425537813, 64.0, 82.7140226568, 101.4070729429, 130.92658367730002, 300.0, 322.0, 336.913246092, 350.5474267421, 365.1165933964, 375.70684372389996, 402.0, 440.0404359202, 443.73272531839, 469.0, 470.12168890518, 478.47762499876, 486.47496468143]
