Avion: 4      Iteracion: 45

Num Ruta: 43
Ingresos: 1535.753
Costos: 331.183063776
Utilidad Ruta: 1204.56993622
Costo Reducido: 29.6663043661
Nodos: [104, 17, 52, 35, 70, 34, 28, 69, 63, 25, 60, 29, 64, 714]
q: [0, 5.0, -5.0, 8.0, -8.0, 8.0, 6.0, -8.0, -6.0, 10.0, -10.0, 9.0, -9.0, 0]
Q: [0, 5.0, 0.0, 8.0, 0.0, 8.0, 14.0, 6.0, 0.0, 10.0, 0.0, 9.0, 0.0, 0]
B: [0.0, 24.0, 58.8425537813, 270.0, 281.922738989, 322.0, 378.0, 412.6152135628, 444.56576931700005, 447.89914793336004, 465.08413024346004, 549.0, 582.7797797802, 609.550209829]
