Avion: 4      Iteracion: 38

Num Ruta: 38
Ingresos: 1449.289
Costos: 311.568044406
Utilidad Ruta: 1137.72095559
Costo Reducido: 41.0254969613
Nodos: [104, 17, 52, 35, 70, 32, 67, 2, 37, 29, 64, 714]
q: [0, 5.0, -5.0, 8.0, -8.0, 11.0, -11.0, 10.0, -10.0, 9.0, -9.0, 0]
Q: [0, 5.0, 0.0, 8.0, 0.0, 11.0, 0.0, 10.0, 0.0, 9.0, 0.0, 0]
B: [0.0, 24.0, 58.8425537813, 270.0, 281.922738989, 309.0, 319.4016530417, 522.0, 562.7349620474, 572.53970258451, 606.31948236471, 633.08991241351]
