Avion: 2      Iteracion: 29

Num Ruta: 30
Ingresos: 1357.023
Costos: 486.253731038
Utilidad Ruta: 870.769268962
Costo Reducido: 51.354782983
Nodos: [102, 16, 51, 1, 36, 23, 32, 67, 26, 61, 58, 28, 13, 48, 63, 712]
q: [0.0, 0.0, 0.0, 7.0, -7.0, 4.0, 11.0, -11.0, 10.0, -10.0, -4.0, 6.0, 9.0, -9.0, -6.0, 0.0]
Q: [0.0, 0.0, 0.0, 7.0, 0.0, 4.0, 15.0, 4.0, 14.0, 4.0, 0.0, 6.0, 15.0, 6.0, 0.0, 0.0]
B: [0.0, 36.0, 45.624091437640004, 175.0, 209.2400855285, 267.0, 309.0, 319.4016530417, 332.1221722921, 349.7014002615, 352.76847264408, 378.0, 423.0, 439.88315095, 462.92158097460003, 470.95452277695006]
