Avion: 1      Iteracion: 30

Num Ruta: 29
Ingresos: 2599.212
Costos: 455.005864053
Utilidad Ruta: 2144.20613595
Costo Reducido: 33.0965493267
Nodos: [101, 30, 65, 24, 59, 1, 36, 23, 58, 34, 32, 67, 69, 8, 19, 54, 43, 4, 2, 39, 37, 711]
q: [0.0, 0.0, 0.0, 11.0, -11.0, 7.0, -7.0, 10.0, -10.0, 4.0, 11.0, -11.0, -4.0, 0.0, 7.0, -7.0, 0.0, 3.0, 10.0, -3.0, -10.0, 0.0]
Q: [0.0, 0.0, 0.0, 11.0, 0.0, 7.0, 0.0, 10.0, 0.0, 4.0, 15.0, 4.0, 0.0, 0.0, 7.0, 0.0, 0.0, 3.0, 13.0, 10.0, 0.0, 0.0]
B: [0.0, 64.0, 82.7140226568, 107.4479935471, 145.9609438496, 175.0, 209.2400855285, 267.0, 306.733842905, 322.0, 342.0229178943, 352.424570936, 383.46685579070004, 414.0, 437.1608815463, 463.7879978378, 466.71611702935996, 529.0, 556.3715326023, 565.8259991129, 599.0192098946001, 615.9688770890001]
