Avion: 5      Iteracion: 50

Num Ruta: 42
Ingresos: 1926.845
Costos: 557.811203085
Utilidad Ruta: 1369.03379692
Costo Reducido: 50.9796864694
Nodos: [105, 9, 44, 30, 16, 65, 51, 35, 70, 32, 67, 34, 69, 33, 13, 48, 68, 21, 15, 50, 4, 56, 39, 715]
q: [0.0, 11.0, -11.0, 11.0, 4.0, -11.0, -4.0, 8.0, -8.0, 11.0, -11.0, 8.0, -8.0, 5.0, 10.0, -10.0, -5.0, 12.0, 0.0, 0.0, 3.0, -12.0, -3.0, 0.0]
Q: [0.0, 11.0, 0.0, 11.0, 15.0, 4.0, 0.0, 8.0, 0.0, 11.0, 0.0, 8.0, 0.0, 5.0, 15.0, 5.0, 0.0, 12.0, 12.0, 12.0, 15.0, 3.0, 0.0, 0.0]
B: [0.0, 31.4915482312, 61.0187852337, 76.8066855691, 85.00927686698, 95.82594862868001, 98.69710519007, 270.0, 281.922738989, 309.0, 319.4016530417, 346.1750898215, 382.6152200353, 437.0, 462.372931896, 479.256082846, 484.60413314494, 495.48361052214, 511.0, 527.4211666151, 532.99584588839, 562.16564329939, 578.96858771399, 616.68267904599]
