Avion: 5      Iteracion: 56

Num Ruta: 47
Ingresos: 1818.798
Costos: 486.55540749
Utilidad Ruta: 1332.24259251
Costo Reducido: 27.7487593379
Nodos: [105, 9, 44, 30, 65, 3, 38, 35, 70, 22, 57, 18, 53, 28, 31, 66, 63, 15, 50, 7, 4, 27, 62, 39, 42, 715]
q: [0, 11.0, -11.0, 11.0, -11.0, 13.0, -13.0, 8.0, -8.0, 10.0, -10.0, 10.0, -10.0, 6.0, 9.0, -9.0, -6.0, 0.0, -0.0, 0.0, 3.0, 6.0, -6.0, -3.0, -0.0, 0]
Q: [0, 11.0, 0.0, 11.0, 0.0, 13.0, 0.0, 8.0, 0.0, 10.0, 0.0, 10.0, 0.0, 6.0, 15.0, 6.0, 0.0, 0.0, 0.0, 0.0, 3.0, 9.0, 3.0, 0.0, 0.0, 0]
B: [0.0, 31.4915482312, 61.0187852337, 76.8066855691, 95.5207082259, 256.0, 261.08428175852, 274.08526633661995, 286.00800532561993, 303.7313161055199, 325.4860022444199, 338.88643884181994, 362.7046750905199, 378.0, 406.0, 434.325479078, 462.7399107809, 511.0, 527.4211666151, 538.3259061809999, 548.6892794734999, 566.3040540108, 583.3349163789, 588.7501749138199, 589.9105489914299, 626.8161901456299]
