Avion: 6      Iteracion: 31

Num Ruta: 32
Ingresos: 425.726
Costos: 199.126068778
Utilidad Ruta: 226.599931222
Costo Reducido: 27.4985076531
Nodos: [106, 32, 67, 33, 13, 48, 68, 5, 40, 716]
q: [0.0, 11.0, -11.0, 5.0, 10.0, -10.0, -5.0, 9.0, -9.0, 0.0]
Q: [0.0, 11.0, 0.0, 5.0, 15.0, 5.0, 0.0, 9.0, 0.0, 0.0]
B: [0.0, 309.0, 319.4016530417, 437.0, 462.372931896, 479.256082846, 484.60413314494, 513.57555073194, 514.69723963712, 521.42059371079]
