Avion: 6      Iteracion: 4

Num Ruta: 7
Ingresos: 3103.976
Costos: 623.603440066
Utilidad Ruta: 2480.37255993
Costo Reducido: 1156.98362663
Nodos: [106, 24, 9, 44, 59, 14, 49, 23, 35, 70, 58, 26, 61, 34, 69, 33, 13, 48, 68, 21, 56, 27, 62, 29, 64, 716]
q: [0.0, 11.0, 4.0, -4.0, -11.0, 8.0, -8.0, 10.0, 5.0, -5.0, -10.0, 10.0, -10.0, 8.0, -8.0, 5.0, 10.0, -10.0, -5.0, 12.0, -12.0, 6.0, -6.0, 9.0, -9.0, 0.0]
Q: [0.0, 11.0, 15.0, 11.0, 0.0, 8.0, 0.0, 10.0, 15.0, 10.0, 0.0, 10.0, 0.0, 8.0, 0.0, 5.0, 15.0, 5.0, 0.0, 12.0, 0.0, 6.0, 0.0, 9.0, 0.0, 0.0]
B: [0.0, 61.0, 67.43687703782, 96.96411404032, 122.01967745441999, 150.66604675311999, 162.68775852811999, 267.0, 277.4634044651, 289.38614345409997, 313.15284696969997, 332.83921974379996, 350.41844771319995, 365.33169380519996, 401.77182401899995, 437.0, 462.372931896, 479.256082846, 484.60413314494, 495.48361052214, 536.22240120134, 549.39984939894, 566.43071176704, 601.44785728174, 635.22763706194, 655.6248443462399]
