Avion: 6      Iteracion: 10

Num Ruta: 13
Ingresos: 1029.497
Costos: 268.461731576
Utilidad Ruta: 761.035268424
Costo Reducido: 188.109096819
Nodos: [106, 10, 45, 1, 36, 3, 38, 23, 35, 70, 32, 67, 26, 61, 58, 6, 41, 5, 40, 716]
q: [0.0, 12.0, -12.0, 7.0, -7.0, 13.0, -13.0, 0.0, 8.0, -8.0, 11.0, -11.0, 10.0, -10.0, 0.0, 0.0, 0.0, 9.0, -9.0, 0.0]
Q: [0.0, 12.0, 0.0, 7.0, 0.0, 13.0, 0.0, 0.0, 8.0, 0.0, 11.0, 0.0, 10.0, 0.0, 0.0, 0.0, 0.0, 9.0, 0.0, 0.0]
B: [0.0, 96.0, 125.5195107344, 175.0, 209.2400855285, 256.0, 261.08428175852, 267.0, 277.4634044651, 289.38614345409997, 309.0, 319.4016530417, 332.1221722921, 349.7014002615, 352.76847264408, 436.0, 439.69228939819, 469.0, 470.12168890518, 476.84504297885]
