Avion: 2      Iteracion: 0

Num Ruta: 1
Ingresos: 928.094
Costos: 497.293958138
Utilidad Ruta: 430.800041862
Costo Reducido: -
Nodos: [102, 16, 51, 1, 11, 46, 36, 18, 53, 28, 63, 712]
q: [0, 9.0, -9.0, 7.0, 6.0, -6.0, -7.0, 10.0, -10.0, 6.0, -6.0, 0]
Q: [0, 9.0, 0.0, 7.0, 13.0, 7.0, 0.0, 10.0, 0.0, 6.0, 0.0, 0]
B: [0.0, 36.0, 45.624091437640004, 175.0, 193.6808285951, 197.73489544211, 232.05062478011, 293.0, 316.8182362487, 378.0, 414.0266187839, 422.05956058625003]
