Avion: 1      Iteracion: 57

Num Ruta: 42
Ingresos: 2776.364
Costos: 492.532088351
Utilidad Ruta: 2283.83191165
Costo Reducido: 85.6050522694
Nodos: [101, 17, 52, 30, 65, 1, 36, 35, 70, 22, 57, 8, 19, 54, 43, 4, 27, 62, 2, 39, 37, 711]
q: [0, 5.0, -5.0, 11.0, -11.0, 7.0, -7.0, 8.0, -8.0, 10.0, -10.0, 8.0, 7.0, -7.0, -8.0, 3.0, 6.0, -6.0, 10.0, -3.0, -10.0, 0]
Q: [0, 5.0, 0.0, 11.0, 0.0, 7.0, 0.0, 8.0, 0.0, 10.0, 0.0, 8.0, 15.0, 8.0, 0.0, 3.0, 9.0, 3.0, 13.0, 10.0, 0.0, 0]
B: [0.0, 24.0, 58.8425537813, 64.0, 82.7140226568, 175.0, 209.2400855285, 270.0, 281.922738989, 299.64604976889996, 321.40073590779997, 414.0, 437.1608815463, 463.7879978378, 466.71611702935996, 529.0, 546.6147745373, 563.6456369054, 575.0977099928, 584.5521765034, 617.7453872851, 634.6950544795001]
