Avion: 1      Iteracion: 3

Num Ruta: 6
Ingresos: 2623.883
Costos: 700.61871461
Utilidad Ruta: 1923.26428539
Costo Reducido: 1183.48546963
Nodos: [101, 9, 44, 30, 65, 10, 45, 3, 38, 23, 58, 18, 53, 8, 19, 25, 60, 54, 43, 6, 41, 4, 27, 62, 2, 39, 37, 711]
q: [0.0, 11.0, -11.0, 11.0, -11.0, 12.0, -12.0, 13.0, -13.0, 10.0, -10.0, 10.0, -10.0, 0.0, 0.0, 10.0, -10.0, 0.0, 0.0, 4.0, -4.0, 3.0, 6.0, -6.0, 10.0, -3.0, -10.0, 0.0]
Q: [0.0, 11.0, 0.0, 11.0, 0.0, 12.0, 0.0, 13.0, 0.0, 10.0, 0.0, 10.0, 0.0, 0.0, 0.0, 10.0, 0.0, 0.0, 0.0, 4.0, 0.0, 3.0, 9.0, 3.0, 13.0, 10.0, 0.0, 0.0]
B: [0.0, 44.6232980628, 74.1505350653, 89.9384354007, 108.6524580575, 127.3455083436, 156.865019078, 256.0, 261.08428175852, 267.0, 306.733842905, 332.1731543147, 355.9913905634, 414.0, 437.1608815463, 446.5528887865, 463.7378710966, 480.5247275325, 483.45284672405995, 492.64351835349, 496.33580775167997, 529.0, 546.6147745373, 563.6456369054, 575.0977099928, 584.5521765034, 617.7453872851, 634.6950544795001]
