Avion: 5      Iteracion: 5

Num Ruta: 9
Ingresos: 2182.636
Costos: 513.350557525
Utilidad Ruta: 1669.28544247
Costo Reducido: 824.879074082
Nodos: [105, 9, 44, 30, 65, 22, 57, 25, 60, 21, 56, 2, 37, 715]
q: [0, 11.0, -11.0, 11.0, -11.0, 10.0, -10.0, 10.0, -10.0, 12.0, -12.0, 10.0, -10.0, 0]
Q: [0, 11.0, 0.0, 11.0, 0.0, 10.0, 0.0, 10.0, 0.0, 12.0, 0.0, 10.0, 0.0, 0]
B: [0.0, 31.4915482312, 61.0187852337, 76.8066855691, 95.5207082259, 299.0, 320.7546861389, 410.0, 427.1849823101, 477.0, 517.7387906792, 541.5898044103, 582.3247664577, 618.3293095738]
