Avion: 4      Iteracion: 12

Num Ruta: 13
Ingresos: 1883.473
Costos: 457.183872382
Utilidad Ruta: 1426.28912762
Costo Reducido: 243.963136934
Nodos: [104, 17, 52, 30, 65, 10, 45, 11, 46, 19, 54, 4, 39, 2, 37, 714]
q: [0, 5.0, -5.0, 11.0, -11.0, 12.0, -12.0, 6.0, -6.0, 7.0, -7.0, 3.0, -3.0, 10.0, -10.0, 0]
Q: [0, 5.0, 0.0, 11.0, 0.0, 12.0, 0.0, 6.0, 0.0, 7.0, 0.0, 3.0, 0.0, 10.0, 0.0, 0]
B: [0.0, 24.0, 58.8425537813, 64.0, 82.7140226568, 101.4070729429, 130.92658367730002, 183.5648002599, 187.61886710691002, 402.0, 428.6271162915, 529.0, 549.4257496801999, 558.8802161908, 599.6151782382, 623.9764823493999]
