Avion: 4      Iteracion: 51

Num Ruta: 49
Ingresos: 1915.563
Costos: 485.311857663
Utilidad Ruta: 1430.25114234
Costo Reducido: 43.3254151389
Nodos: [104, 17, 52, 9, 44, 14, 49, 35, 70, 18, 53, 34, 69, 13, 48, 25, 60, 29, 4, 27, 39, 62, 64, 714]
q: [0.0, 5.0, -5.0, 11.0, -11.0, 8.0, -8.0, 8.0, -8.0, 10.0, -10.0, 8.0, -8.0, 15.0, -15.0, 10.0, -10.0, 6.0, 3.0, 6.0, -3.0, -6.0, -6.0, 0.0]
Q: [0.0, 5.0, 0.0, 11.0, 0.0, 8.0, 0.0, 8.0, 0.0, 10.0, 0.0, 8.0, 0.0, 15.0, 0.0, 10.0, 0.0, 6.0, 9.0, 15.0, 12.0, 6.0, 0.0, 0.0]
B: [0.0, 24.0, 58.8425537813, 81.72911018459999, 111.25634718709999, 121.5131539026, 133.5348656776, 270.0, 281.922738989, 302.3408921131, 326.15912836179996, 349.62983932249995, 386.06996953629994, 423.0, 439.88315095, 463.8957169312, 481.0806992413, 549.0, 569.7100026316, 587.3247771689, 603.6755897481, 609.09084828302, 624.53822585982, 651.30865590862]
