Avion: 5      Iteracion: 31

Num Ruta: 29
Ingresos: 928.1
Costos: 265.816867649
Utilidad Ruta: 662.283132351
Costo Reducido: 61.8531998118
Nodos: [105, 18, 53, 28, 63, 15, 50, 29, 4, 64, 39, 715]
q: [0, 10.0, -10.0, 6.0, -6.0, 0.0, -0.0, 9.0, 3.0, -9.0, -3.0, 0]
Q: [0, 10.0, 0.0, 6.0, 0.0, 0.0, 0.0, 9.0, 12.0, 3.0, 0.0, 0]
B: [0.0, 293.0, 316.8182362487, 378.0, 414.0266187839, 511.0, 527.4211666151, 549.0, 569.7100026316, 592.5834067727, 604.8024778094, 642.5165691413999]
