Avion: 7      Iteracion: 15

Num Ruta: 15
Ingresos: 1487.138
Costos: 388.837384388
Utilidad Ruta: 1098.30061561
Costo Reducido: 107.006496179
Nodos: [107, 14, 49, 3, 38, 19, 31, 54, 33, 66, 68, 21, 4, 56, 39, 717]
q: [0.0, 8.0, -8.0, 13.0, -13.0, 0.0, 9.0, 0.0, 5.0, -9.0, -5.0, 12.0, 3.0, -12.0, -3.0, 0.0]
Q: [0.0, 8.0, 0.0, 13.0, 0.0, 0.0, 9.0, 9.0, 14.0, 5.0, 0.0, 12.0, 15.0, 3.0, 0.0, 0.0]
B: [0.0, 112.0, 124.021711775, 256.0, 261.08428175852, 402.0, 423.4250045741, 440.5310440047, 462.0794377731, 484.4775992155, 515.4293900684, 526.3088674456001, 541.2566558104, 570.4264532214, 587.229397636, 615.9768653506001]
