Avion: 1      Iteracion: 38

Num Ruta: 34
Ingresos: 1181.294
Costos: 387.942431169
Utilidad Ruta: 793.351568831
Costo Reducido: 46.0949121668
Nodos: [101, 28, 63, 25, 60, 27, 2, 62, 37, 711]
q: [0.0, 6.0, -6.0, 10.0, -10.0, 5.0, 10.0, -5.0, -10.0, 0.0]
Q: [0.0, 6.0, 0.0, 10.0, 0.0, 5.0, 15.0, 10.0, 0.0, 0.0]
B: [0.0, 378.0, 414.0266187839, 417.35999740026, 434.54497971036, 538.0, 563.7839683718, 575.2360414592, 604.5765718055, 621.5262389999]
