Avion: 4      Iteracion: 81

Num Ruta: 70
Ingresos: 2887.447
Costos: 520.208247185
Utilidad Ruta: 2367.23875281
Costo Reducido: 28.5414066083
Nodos: [104, 17, 52, 9, 44, 11, 46, 22, 57, 18, 53, 28, 13, 48, 25, 63, 60, 21, 56, 2, 37, 29, 64, 714]
q: [0.0, 0.0, 0.0, 11.0, -11.0, 6.0, -6.0, 10.0, -10.0, 10.0, -10.0, 6.0, 9.0, -9.0, 9.0, -6.0, -9.0, 12.0, -12.0, 10.0, -10.0, 9.0, -9.0, 0.0]
Q: [0.0, 0.0, 0.0, 11.0, 0.0, 6.0, 0.0, 10.0, 0.0, 10.0, 0.0, 6.0, 15.0, 6.0, 15.0, 9.0, 0.0, 12.0, 0.0, 10.0, 0.0, 9.0, 0.0, 0.0]
B: [0.0, 24.0, 58.8425537813, 81.72911018459999, 111.25634718709999, 169.0, 173.05406684701, 299.0, 320.7546861389, 334.15512273630003, 357.973358985, 378.0, 423.0, 439.88315095, 463.8957169312, 467.22909554756, 484.53518430266, 492.70389778766, 533.44268846686, 557.29370219796, 598.02866424536, 607.83340478247, 641.61318456267, 668.38361461147]
