Avion: 6      Iteracion: 39

Num Ruta: 37
Ingresos: 1707.863
Costos: 300.994472263
Utilidad Ruta: 1406.86852774
Costo Reducido: 47.9437014679
Nodos: [106, 1, 36, 23, 58, 34, 69, 33, 13, 48, 68, 5, 40, 716]
q: [0.0, 7.0, -7.0, 10.0, -10.0, 8.0, -8.0, 5.0, 10.0, -10.0, -5.0, 0.0, 0.0, 0.0]
Q: [0.0, 7.0, 0.0, 10.0, 0.0, 8.0, 0.0, 5.0, 15.0, 5.0, 0.0, 0.0, 0.0, 0.0]
B: [0.0, 175.0, 209.2400855285, 267.0, 306.733842905, 322.0, 358.4401302138, 437.0, 462.372931896, 479.256082846, 484.60413314494, 513.57555073194, 514.69723963712, 521.42059371079]
