Avion: 1      Iteracion: 55

Num Ruta: 40
Ingresos: 1361.183
Costos: 320.558297207
Utilidad Ruta: 1040.62470279
Costo Reducido: 30.4465663467
Nodos: [101, 30, 65, 1, 36, 34, 69, 8, 19, 54, 43, 711]
q: [0, 11.0, -11.0, 7.0, -7.0, 8.0, -8.0, 8.0, 7.0, -7.0, -8.0, 0]
Q: [0, 11.0, 0.0, 7.0, 0.0, 8.0, 0.0, 8.0, 15.0, 8.0, 0.0, 0]
B: [0.0, 64.0, 82.7140226568, 175.0, 209.2400855285, 322.0, 358.4401302138, 414.0, 437.1608815463, 463.7879978378, 466.71611702935996, 472.42524831178997]
