Avion: 6      Iteracion: 84

Num Ruta: 65
Ingresos: 889.331
Costos: 150.880303793
Utilidad Ruta: 738.450696208
Costo Reducido: 43.2682589923
Nodos: [106, 28, 31, 63, 19, 66, 54, 6, 41, 5, 40, 716]
q: [0.0, 6.0, 9.0, -6.0, 6.0, -9.0, -6.0, 4.0, -4.0, 9.0, -9.0, 0.0]
Q: [0.0, 6.0, 15.0, 9.0, 15.0, 6.0, 0.0, 4.0, 0.0, 9.0, 0.0, 0.0]
B: [0.0, 378.0, 406.0, 426.4968799577, 439.0326732314, 455.1338900798, 477.5520543668, 489.3430733643, 493.03536276248997, 511.42422297728996, 512.5459118824699, 519.2692659561399]
