Avion: 5      Iteracion: 43

Num Ruta: 36
Ingresos: 730.403
Costos: 314.705841382
Utilidad Ruta: 415.697158618
Costo Reducido: 0.657288290899
Nodos: [105, 16, 51, 32, 67, 2, 37, 715]
q: [0, 9.0, -9.0, 11.0, -11.0, 10.0, -10.0, 0]
Q: [0, 9.0, 0.0, 11.0, 0.0, 10.0, 0.0, 0]
B: [0.0, 36.0, 45.624091437640004, 309.0, 319.4016530417, 522.0, 562.7349620474, 598.7395051635]
