Avion: 3      Iteracion: 47

Num Ruta: 26
Ingresos: 739.469
Costos: 238.845999955
Utilidad Ruta: 500.623000045
Costo Reducido: 10.4897023483
Nodos: [103, 4, 39, 2, 37, 713]
q: [0, 3.0, -3.0, 10.0, -10.0, 0]
Q: [0, 3.0, 0.0, 10.0, 0.0, 0]
B: [0.0, 529.0, 549.4257496801999, 558.8802161908, 599.6151782382, 609.7100793274]
