Avion: 4      Iteracion: 3

Num Ruta: 6
Ingresos: 2973.813
Costos: 686.491893526
Utilidad Ruta: 2287.32110647
Costo Reducido: 1999.2785251
Nodos: [104, 16, 51, 24, 9, 44, 59, 10, 45, 3, 38, 23, 58, 18, 53, 31, 33, 66, 68, 5, 40, 2, 37, 29, 64, 714]
q: [0.0, 9.0, -9.0, 4.0, 11.0, -11.0, -4.0, 12.0, -12.0, 13.0, -13.0, 10.0, -10.0, 10.0, -10.0, 9.0, 5.0, -9.0, -5.0, 9.0, -9.0, 10.0, -10.0, 9.0, -9.0, 0.0]
Q: [0.0, 9.0, 0.0, 4.0, 15.0, 4.0, 0.0, 12.0, 0.0, 13.0, 0.0, 10.0, 0.0, 10.0, 0.0, 9.0, 14.0, 5.0, 0.0, 9.0, 0.0, 10.0, 0.0, 9.0, 0.0, 0.0]
B: [0.0, 37.6306202048, 47.25471164244, 72.48091072194, 78.91778775976, 108.44502476226, 133.50058817636, 145.28651885666, 174.80602959106, 256.0, 261.08428175852, 267.0, 306.733842905, 332.1731543147, 355.9913905634, 406.0, 443.5012702852, 465.8994317276, 496.8512225805, 525.8226401675, 526.94432907268, 541.02637952708, 581.7613415744801, 591.56608211159, 625.34586189179, 652.11629194059]
