Avion: 5      Iteracion: 21

Num Ruta: 22
Ingresos: 811.736
Costos: 343.664039453
Utilidad Ruta: 468.071960547
Costo Reducido: 95.1570408164
Nodos: [105, 22, 57, 29, 4, 64, 39, 715]
q: [0, 10.0, -10.0, 9.0, 3.0, -9.0, -3.0, 0]
Q: [0, 10.0, 0.0, 9.0, 12.0, 3.0, 0.0, 0]
B: [0.0, 299.0, 320.7546861389, 549.0, 569.7100026316, 592.5834067727, 604.8024778094, 642.5165691413999]
