Avion: 1      Iteracion: 56

Num Ruta: 41
Ingresos: 2085.94
Costos: 437.555801103
Utilidad Ruta: 1648.3841989
Costo Reducido: 25.0481145
Nodos: [101, 17, 52, 30, 65, 24, 59, 1, 36, 3, 38, 18, 57, 22, 53, 29, 64, 711]
q: [0.0, 5.0, -5.0, 11.0, -11.0, 11.0, -11.0, 7.0, -7.0, 13.0, -13.0, 10.0, -10.0, 10.0, -10.0, 9.0, -9.0, 0.0]
Q: [0.0, 5.0, 0.0, 11.0, 0.0, 11.0, 0.0, 7.0, 0.0, 13.0, 0.0, 10.0, 0.0, 10.0, 0.0, 9.0, 0.0, 0.0]
B: [0.0, 24.0, 58.8425537813, 64.0, 82.7140226568, 107.4479935471, 145.9609438496, 175.0, 209.2400855285, 256.0, 261.08428175852, 293.0, 320.0, 341.7546861389, 357.2375335514, 549.0, 582.7797797802, 598.8802887473]
