Avion: 2      Iteracion: 5

Num Ruta: 8
Ingresos: 877.74
Costos: 490.287029677
Utilidad Ruta: 387.452970323
Costo Reducido: 382.713647441
Nodos: [102, 25, 60, 21, 56, 712]
q: [0, 10.0, -10.0, 12.0, -12.0, 0]
Q: [0, 10.0, 0.0, 12.0, 0.0, 0]
B: [0.0, 410.0, 427.1849823101, 477.0, 517.7387906792, 559.8355864242]
