Avion: 2      Iteracion: 8

Num Ruta: 11
Ingresos: 1762.451
Costos: 532.831934257
Utilidad Ruta: 1229.61906574
Costo Reducido: 316.881308148
Nodos: [102, 16, 51, 9, 44, 14, 49, 23, 58, 32, 67, 26, 61, 13, 28, 48, 63, 712]
q: [0.0, 9.0, -9.0, 11.0, -11.0, 8.0, -8.0, 10.0, -10.0, 11.0, -11.0, 10.0, -10.0, 9.0, 6.0, -9.0, -6.0, 0.0]
Q: [0.0, 9.0, 0.0, 11.0, 0.0, 8.0, 0.0, 10.0, 0.0, 11.0, 0.0, 10.0, 0.0, 9.0, 15.0, 6.0, 0.0, 0.0]
B: [0.0, 36.0, 45.624091437640004, 75.68094759394, 105.20818459644, 115.46499131194001, 127.48670308694001, 267.0, 306.733842905, 329.2181487426, 339.6198017843, 352.3403210347, 369.9195490041, 423.0, 436.7962173439, 450.1536367429, 473.1920667675, 481.22500856985005]
