Avion: 2      Iteracion: 2

Num Ruta: 6
Ingresos: 2145.184
Costos: 675.70072332
Utilidad Ruta: 1469.48327668
Costo Reducido: 1632.86733338
Nodos: [102, 16, 51, 17, 30, 52, 65, 10, 45, 3, 38, 35, 70, 26, 61, 22, 57, 28, 31, 66, 63, 712]
q: [0.0, 9.0, -9.0, 5.0, 10.0, -5.0, -10.0, 12.0, -12.0, 13.0, -13.0, 8.0, -8.0, 10.0, -10.0, 10.0, -10.0, 6.0, 9.0, -9.0, -6.0, 0.0]
Q: [0.0, 9.0, 0.0, 5.0, 15.0, 10.0, 0.0, 12.0, 0.0, 13.0, 0.0, 8.0, 0.0, 10.0, 0.0, 10.0, 0.0, 6.0, 15.0, 6.0, 0.0, 0.0]
B: [0.0, 36.0, 45.624091437640004, 78.34191948294, 111.95563108994, 115.10008557363, 131.19803109473, 149.89108138083, 179.41059211523, 256.0, 261.08428175852, 274.08526633661995, 286.00800532561993, 300.35886749481995, 317.93809546421994, 331.57227611431995, 353.32696225321996, 396.37812595412, 411.99434550302, 440.31982458102, 468.73425628392, 476.76719808627]
