Avion: 7      Iteracion: 8

Num Ruta: 10
Ingresos: 1412.11
Costos: 271.519529957
Utilidad Ruta: 1140.59047004
Costo Reducido: 238.430649464
Nodos: [107, 14, 49, 3, 38, 23, 35, 70, 26, 61, 58, 22, 57, 8, 6, 41, 43, 717]
q: [0.0, 8.0, -8.0, 0.0, 0.0, 5.0, 8.0, -8.0, 10.0, -10.0, -5.0, 10.0, -10.0, 8.0, 4.0, -4.0, -8.0, 0.0]
Q: [0.0, 8.0, 0.0, 0.0, 0.0, 5.0, 13.0, 5.0, 15.0, 5.0, 0.0, 10.0, 0.0, 8.0, 12.0, 8.0, 0.0, 0.0]
B: [0.0, 112.0, 124.021711775, 256.0, 261.08428175852, 267.0, 277.4634044651, 289.38614345409997, 303.7370056233, 321.3162335927, 324.38330597528, 340.13972996678, 361.89441610568, 414.0, 441.9144979715, 445.60678736969, 458.47278985688996, 486.88499751488996]
