Avion: 1      Iteracion: 6

Num Ruta: 9
Ingresos: 2371.072
Costos: 490.837184544
Utilidad Ruta: 1880.23481546
Costo Reducido: 868.981349117
Nodos: [101, 30, 16, 51, 65, 24, 59, 1, 36, 32, 67, 34, 69, 8, 19, 54, 43, 5, 33, 40, 68, 29, 27, 64, 62, 711]
q: [0.0, 11.0, 4.0, -4.0, -11.0, 11.0, -11.0, 7.0, -7.0, 11.0, -11.0, 8.0, -8.0, 8.0, 7.0, -7.0, -8.0, 9.0, 5.0, -9.0, -5.0, 9.0, 6.0, -9.0, -6.0, 0.0]
Q: [0.0, 11.0, 15.0, 11.0, 0.0, 11.0, 0.0, 7.0, 0.0, 11.0, 0.0, 8.0, 0.0, 8.0, 15.0, 8.0, 0.0, 9.0, 14.0, 5.0, 0.0, 9.0, 15.0, 6.0, 0.0, 0.0]
B: [0.0, 64.0, 72.20259129788, 81.82668273552001, 84.69783929691, 109.43181018721, 147.94476048971, 175.0, 209.2400855285, 309.0, 319.4016530417, 346.1750898215, 382.6152200353, 414.0, 437.1608815463, 463.7879978378, 466.71611702935996, 476.46892790622996, 490.16709508292996, 503.45727378752997, 532.46964840593, 549.0, 574.6018082369, 582.8182362320799, 598.26561380888, 612.38300496308]
