Avion: 4      Iteracion: 63

Num Ruta: 58
Ingresos: 1956.29
Costos: 322.925150435
Utilidad Ruta: 1633.36484957
Costo Reducido: 31.1520598195
Nodos: [104, 17, 52, 9, 44, 25, 60, 31, 66, 2, 37, 29, 64, 714]
q: [0, 5.0, -5.0, 11.0, -11.0, 10.0, -10.0, 9.0, -9.0, 10.0, -10.0, 9.0, -9.0, 0]
Q: [0, 5.0, 0.0, 11.0, 0.0, 10.0, 0.0, 9.0, 0.0, 10.0, 0.0, 9.0, 0.0, 0]
B: [0.0, 24.0, 58.8425537813, 81.72911018459999, 111.25634718709999, 410.0, 427.1849823101, 432.00662891681, 460.33210799481, 522.0, 562.7349620474, 572.53970258451, 606.31948236471, 633.08991241351]
