Avion: 7      Iteracion: 10

Num Ruta: 11
Ingresos: 989.163
Costos: 349.332708258
Utilidad Ruta: 639.830291742
Costo Reducido: 303.595557539
Nodos: [107, 16, 51, 14, 49, 3, 38, 23, 58, 4, 27, 39, 2, 62, 37, 717]
q: [0.0, 9.0, -9.0, 8.0, -8.0, 13.0, -13.0, 0.0, 0.0, 3.0, 6.0, -3.0, 9.0, -6.0, -9.0, 0.0]
Q: [0.0, 9.0, 0.0, 8.0, 0.0, 13.0, 0.0, 0.0, 0.0, 3.0, 9.0, 6.0, 15.0, 9.0, 0.0, 0.0]
B: [0.0, 40.0989101099, 49.723001547539994, 112.0, 124.021711775, 256.0, 261.08428175852, 267.0, 306.733842905, 529.0, 546.6147745373, 562.9655871165, 572.4200536271001, 583.8721267145, 613.2126570608, 640.5727913075]
