Avion: 3      Iteracion: 13

Num Ruta: 13
Ingresos: 1435.641
Costos: 305.062784315
Utilidad Ruta: 1130.57821568
Costo Reducido: 112.942789503
Nodos: [103, 11, 46, 23, 35, 70, 58, 19, 33, 54, 68, 713]
q: [0.0, 6.0, -6.0, 10.0, 5.0, -5.0, -10.0, 7.0, 5.0, -7.0, -5.0, 0.0]
Q: [0.0, 6.0, 0.0, 10.0, 15.0, 10.0, 0.0, 7.0, 12.0, 5.0, 0.0, 0.0]
B: [0.0, 169.0, 173.05406684701, 267.0, 277.4634044651, 289.38614345409997, 313.15284696969997, 402.0, 438.5935603624, 460.1419541308, 482.0473989562, 485.74227446155004]
