Avion: 6      Iteracion: 1

Num Ruta: 5
Ingresos: 3264.254
Costos: 679.374145619
Utilidad Ruta: 2584.87985438
Costo Reducido: 2032.02484113
Nodos: [106, 17, 52, 24, 9, 44, 59, 10, 45, 3, 38, 18, 53, 34, 69, 19, 8, 33, 54, 43, 13, 48, 68, 21, 56, 27, 29, 62, 64, 716]
q: [0.0, 5.0, -5.0, 11.0, 4.0, -4.0, -11.0, 12.0, -12.0, 13.0, -13.0, 10.0, -10.0, 8.0, -8.0, 7.0, 3.0, 5.0, -7.0, -3.0, 10.0, -10.0, -5.0, 12.0, -12.0, 6.0, 9.0, -6.0, -9.0, 0.0]
Q: [0.0, 5.0, 0.0, 11.0, 15.0, 11.0, 0.0, 12.0, 0.0, 13.0, 0.0, 10.0, 0.0, 8.0, 0.0, 7.0, 10.0, 15.0, 8.0, 5.0, 15.0, 5.0, 0.0, 12.0, 0.0, 6.0, 15.0, 9.0, 0.0, 0.0]
B: [0.0, 24.0, 58.8425537813, 75.400837086, 81.83771412381999, 111.36495112632, 136.42051454042, 148.20644522071998, 177.72595595511999, 256.0, 261.08428175852, 293.0, 316.8182362487, 340.28894720939996, 376.72907742319995, 402.0, 425.1608815463, 438.92553635490003, 460.4739301233, 463.40204931486, 465.61272545577, 482.49587640577, 487.84392670471, 498.72340408190996, 539.4621947611099, 552.6396429587099, 578.2414511956099, 613.2585967103099, 628.7059742871099, 649.1031815714099]
