Avion: 1      Iteracion: 22

Num Ruta: 23
Ingresos: 234.732
Costos: 238.760640305
Utilidad Ruta: -4.02864030458
Costo Reducido: 54.5957122486
Nodos: [101, 30, 65, 24, 59, 1, 36, 8, 5, 40, 43, 711]
q: [0.0, 0.0, 0.0, 11.0, -11.0, 0.0, 0.0, 0.0, 9.0, -9.0, 0.0, 0.0]
Q: [0.0, 0.0, 0.0, 11.0, 0.0, 0.0, 0.0, 0.0, 9.0, 0.0, 0.0, 0.0]
B: [0.0, 64.0, 82.7140226568, 107.4479935471, 145.9609438496, 175.0, 209.2400855285, 414.0, 469.0, 470.12168890518, 480.59966590458, 486.30879718701]
