Avion: 4      Iteracion: 78

Num Ruta: 68
Ingresos: 2261.39
Costos: 434.458719109
Utilidad Ruta: 1826.93128089
Costo Reducido: 19.3521549207
Nodos: [104, 17, 52, 24, 9, 44, 59, 22, 57, 18, 53, 28, 13, 48, 63, 25, 60, 29, 4, 39, 64, 714]
q: [0.0, 5.0, -5.0, 11.0, 4.0, -4.0, -11.0, 10.0, -10.0, 10.0, -10.0, 6.0, 9.0, -9.0, -6.0, 10.0, -10.0, 9.0, 3.0, -3.0, -9.0, 0.0]
Q: [0.0, 5.0, 0.0, 11.0, 15.0, 11.0, 0.0, 10.0, 0.0, 10.0, 0.0, 6.0, 15.0, 6.0, 0.0, 10.0, 0.0, 9.0, 12.0, 9.0, 0.0, 0.0]
B: [0.0, 24.0, 58.8425537813, 75.400837086, 81.83771412381999, 111.36495112632, 136.42051454042, 299.0, 320.7546861389, 334.15512273630003, 357.973358985, 378.0, 423.0, 439.88315095, 462.92158097460003, 466.25495959096, 483.43994190106, 549.0, 569.7100026316, 590.1357523117999, 602.3548233485, 629.1252533973]
