Avion: 4      Iteracion: 48

Num Ruta: 46
Ingresos: 2050.882
Costos: 397.183452946
Utilidad Ruta: 1653.69854705
Costo Reducido: 69.3769392384
Nodos: [104, 17, 52, 9, 44, 25, 60, 31, 33, 66, 68, 4, 2, 39, 37, 714]
q: [0, 5.0, -5.0, 11.0, -11.0, 10.0, -10.0, 9.0, 5.0, -9.0, -5.0, 3.0, 10.0, -3.0, -10.0, 0]
Q: [0, 5.0, 0.0, 11.0, 0.0, 10.0, 0.0, 9.0, 14.0, 5.0, 0.0, 3.0, 13.0, 10.0, 0.0, 0]
B: [0.0, 24.0, 58.8425537813, 81.72911018459999, 111.25634718709999, 410.0, 427.1849823101, 432.00662891681, 469.50789920201, 491.90606064441, 522.85785149731, 540.17538553081, 567.54691813311, 577.00138464371, 610.1945954254101, 634.55589953661]
