Avion: 7      Iteracion: 48

Num Ruta: 32
Ingresos: 1651.474
Costos: 376.545971468
Utilidad Ruta: 1274.92802853
Costo Reducido: 123.537391521
Nodos: [107, 14, 49, 3, 38, 23, 35, 70, 34, 58, 22, 57, 69, 8, 33, 43, 6, 41, 68, 29, 4, 64, 39, 717]
q: [0.0, 0.0, 0.0, 13.0, -13.0, 0.0, 8.0, -8.0, 8.0, 0.0, 7.0, -7.0, -8.0, 8.0, 5.0, -8.0, 4.0, -4.0, -5.0, 9.0, 3.0, -9.0, -3.0, 0.0]
Q: [0.0, 0.0, 0.0, 13.0, 0.0, 0.0, 8.0, 0.0, 8.0, 8.0, 15.0, 8.0, 0.0, 8.0, 13.0, 5.0, 9.0, 5.0, 0.0, 9.0, 12.0, 3.0, 0.0, 0.0]
B: [0.0, 112.0, 124.021711775, 256.0, 261.08428175852, 267.0, 277.4634044651, 289.38614345409997, 322.0, 336.2589470158, 352.0153710073, 373.77005714620003, 384.3603074737, 414.0, 437.0, 460.2743670161, 469.46503864552994, 473.15732804371993, 504.23518886131995, 549.0, 569.7100026316, 592.5834067727, 604.8024778094, 633.549945524]
