Avion: 7      Iteracion: 3

Num Ruta: 6
Ingresos: 1929.872
Costos: 440.275941656
Utilidad Ruta: 1489.59605834
Costo Reducido: 1349.16316373
Nodos: [107, 16, 51, 9, 44, 3, 38, 23, 58, 31, 66, 2, 37, 717]
q: [0, 9.0, -9.0, 11.0, -11.0, 13.0, -13.0, 10.0, -10.0, 9.0, -9.0, 10.0, -10.0, 0]
Q: [0, 9.0, 0.0, 11.0, 0.0, 13.0, 0.0, 10.0, 0.0, 9.0, 0.0, 10.0, 0.0, 0]
B: [0.0, 40.0989101099, 49.723001547539994, 79.77985770384, 109.30709470634, 256.0, 261.08428175852, 267.0, 306.733842905, 406.0, 434.325479078, 522.0, 562.7349620474, 590.0950962941]
