Avion: 3      Iteracion: 16

Num Ruta: 14
Ingresos: 1238.71
Costos: 239.435666197
Utilidad Ruta: 999.274333803
Costo Reducido: 162.632811796
Nodos: [103, 11, 46, 3, 38, 22, 57, 21, 56, 27, 62, 713]
q: [0, 6.0, -6.0, 13.0, -13.0, 10.0, -10.0, 12.0, -12.0, 6.0, -6.0, 0]
Q: [0, 6.0, 0.0, 13.0, 0.0, 10.0, 0.0, 12.0, 0.0, 6.0, 0.0, 0]
B: [0.0, 169.0, 173.05406684701, 256.0, 261.08428175852, 299.0, 320.7546861389, 477.0, 517.7387906792, 538.0, 555.0308623681, 583.3015826454]
