Avion: 2      Iteracion: 15

Num Ruta: 17
Ingresos: 1086.19
Costos: 497.647659427
Utilidad Ruta: 588.542340573
Costo Reducido: 131.023996226
Nodos: [102, 16, 51, 30, 65, 10, 45, 3, 38, 23, 35, 70, 26, 61, 58, 712]
q: [0.0, 0.0, 0.0, 11.0, -11.0, 12.0, -12.0, 13.0, -13.0, 5.0, 0.0, 0.0, 10.0, -10.0, -5.0, 0.0]
Q: [0.0, 0.0, 0.0, 11.0, 0.0, 12.0, 0.0, 13.0, 0.0, 5.0, 5.0, 5.0, 15.0, 5.0, 0.0, 0.0]
B: [0.0, 36.0, 45.624091437640004, 64.0, 82.7140226568, 101.4070729429, 130.92658367730002, 256.0, 261.08428175852, 267.0, 277.4634044651, 289.38614345409997, 303.7370056233, 321.3162335927, 324.38330597528, 351.14198847278]
