Avion: 2      Iteracion: 26

Num Ruta: 27
Ingresos: 1053.465
Costos: 558.036735616
Utilidad Ruta: 495.428264384
Costo Reducido: 38.1516510358
Nodos: [102, 16, 51, 14, 49, 11, 46, 18, 32, 67, 26, 61, 53, 28, 31, 66, 63, 712]
q: [0.0, 0.0, 0.0, 8.0, -8.0, 6.0, -6.0, 4.0, 11.0, -11.0, 10.0, -10.0, -4.0, 6.0, 9.0, -9.0, -6.0, 0.0]
Q: [0.0, 0.0, 0.0, 8.0, 0.0, 6.0, 0.0, 4.0, 15.0, 4.0, 14.0, 4.0, 0.0, 6.0, 15.0, 6.0, 0.0, 0.0]
B: [0.0, 36.0, 45.624091437640004, 112.0, 124.021711775, 169.0, 173.05406684701, 293.0, 323.1702827299, 333.5719357716, 346.292455022, 363.8716829914, 375.30647245160003, 384.43997522983005, 406.0, 434.325479078, 462.7399107809, 470.77285258325]
