Avion: 7      Iteracion: 13

Num Ruta: 14
Ingresos: 2661.527
Costos: 426.671086684
Utilidad Ruta: 2234.85591332
Costo Reducido: 231.741433582
Nodos: [107, 11, 46, 3, 38, 23, 58, 22, 57, 19, 33, 5, 40, 54, 68, 21, 4, 56, 27, 39, 62, 717]
q: [0.0, 6.0, -6.0, 0.0, 0.0, 10.0, -10.0, 10.0, -10.0, 7.0, 5.0, 3.0, -3.0, -7.0, -5.0, 12.0, 3.0, -12.0, 6.0, -3.0, -6.0, 0.0]
Q: [0.0, 6.0, 0.0, 0.0, 0.0, 10.0, 0.0, 10.0, 0.0, 7.0, 12.0, 15.0, 12.0, 5.0, 0.0, 12.0, 15.0, 3.0, 9.0, 6.0, 0.0, 0.0]
B: [0.0, 169.0, 173.05406684701, 256.0, 261.08428175852, 267.0, 306.733842905, 322.49026689650003, 344.24495303540004, 402.0, 438.5935603624, 469.0, 470.12168890518, 478.47762499876, 500.38306982416003, 511.26254720136, 529.0, 558.169797411, 571.3472456086, 587.6980581878, 593.11331672272, 616.55830503582]
