Avion: 3      Iteracion: 27

Num Ruta: 20
Ingresos: 803.118
Costos: 112.098331875
Utilidad Ruta: 691.019668125
Costo Reducido: 85.1824924146
Nodos: [103, 11, 46, 21, 56, 27, 62, 713]
q: [0, 6.0, -6.0, 12.0, -12.0, 6.0, -6.0, 0]
Q: [0, 6.0, 0.0, 12.0, 0.0, 6.0, 0.0, 0]
B: [0.0, 169.0, 173.05406684701, 477.0, 517.7387906792, 538.0, 555.0308623681, 583.3015826454]
