Avion: 7      Iteracion: 23

Num Ruta: 22
Ingresos: 389.786
Costos: 199.707312122
Utilidad Ruta: 190.078687878
Costo Reducido: 16.6572687699
Nodos: [107, 11, 46, 22, 57, 717]
q: [0, 6.0, -6.0, 10.0, -10.0, 0]
Q: [0, 6.0, 0.0, 10.0, 0.0, 0]
B: [0.0, 169.0, 173.05406684701, 299.0, 320.7546861389, 322.72147489217]
