Avion: 2      Iteracion: 55

Num Ruta: 51
Ingresos: 648.659
Costos: 453.374930576
Utilidad Ruta: 195.284069424
Costo Reducido: 55.7738236856
Nodos: [102, 16, 51, 32, 67, 26, 61, 34, 69, 33, 13, 48, 68, 712]
q: [0.0, 9.0, -9.0, 11.0, -11.0, 0.0, 0.0, 8.0, -8.0, 5.0, 0.0, 0.0, -5.0, 0.0]
Q: [0.0, 9.0, 0.0, 11.0, 0.0, 0.0, 0.0, 8.0, 0.0, 5.0, 5.0, 5.0, 0.0, 0.0]
B: [0.0, 36.0, 45.624091437640004, 309.0, 319.4016530417, 332.1221722921, 349.7014002615, 364.6146463535, 401.0547765673, 437.0, 462.372931896, 479.256082846, 484.60413314494, 494.93341317794]
