Avion: 6      Iteracion: 49

Num Ruta: 40
Ingresos: 1004.779
Costos: 248.240619131
Utilidad Ruta: 756.538380869
Costo Reducido: 58.0282858821
Nodos: [106, 1, 36, 3, 38, 35, 70, 34, 22, 57, 69, 6, 41, 5, 40, 716]
q: [0.0, 7.0, -7.0, 13.0, -13.0, 8.0, -8.0, 8.0, 7.0, -7.0, -8.0, 0.0, 0.0, 9.0, -9.0, 0.0]
Q: [0.0, 7.0, 0.0, 13.0, 0.0, 8.0, 0.0, 8.0, 15.0, 8.0, 0.0, 0.0, 0.0, 9.0, 0.0, 0.0]
B: [0.0, 175.0, 209.2400855285, 256.0, 261.08428175852, 274.08526633661995, 286.00800532561993, 322.0, 350.0636833826, 371.8183695215, 382.408619849, 436.0, 439.69228939819, 469.0, 470.12168890518, 476.84504297885]
