Avion: 1      Iteracion: 45

Num Ruta: 38
Ingresos: 1244.95
Costos: 396.882893773
Utilidad Ruta: 848.067106227
Costo Reducido: 24.2323782492
Nodos: [101, 30, 65, 24, 59, 31, 66, 33, 68, 29, 64, 711]
q: [0, 11.0, -11.0, 11.0, -11.0, 9.0, -9.0, 5.0, -5.0, 9.0, -9.0, 0]
Q: [0, 11.0, 0.0, 11.0, 0.0, 9.0, 0.0, 5.0, 0.0, 9.0, 0.0, 0]
B: [0.0, 64.0, 82.7140226568, 107.4479935471, 145.9609438496, 406.0, 434.325479078, 456.7236405204, 498.6763055728, 549.0, 582.7797797802, 598.8802887473]
