Avion: 7      Iteracion: 20

Num Ruta: 20
Ingresos: 3412.101
Costos: 504.853584584
Utilidad Ruta: 2907.24741542
Costo Reducido: 79.6431956941
Nodos: [107, 17, 16, 51, 52, 14, 49, 3, 38, 23, 58, 22, 57, 31, 19, 66, 8, 33, 54, 43, 68, 21, 4, 39, 56, 717]
q: [0.0, 5.0, 9.0, -9.0, -5.0, 0.0, 0.0, 13.0, -13.0, 10.0, -10.0, 10.0, -10.0, 9.0, 6.0, -9.0, 4.0, 5.0, -6.0, -4.0, -5.0, 12.0, 3.0, -3.0, -12.0, 0.0]
Q: [0.0, 5.0, 14.0, 5.0, 0.0, 0.0, 0.0, 13.0, 0.0, 10.0, 0.0, 10.0, 0.0, 9.0, 15.0, 6.0, 10.0, 15.0, 9.0, 5.0, 0.0, 12.0, 15.0, 12.0, 0.0, 0.0]
B: [0.0, 45.942580685, 80.7440576652, 90.36814910284001, 105.01591787494, 117.45447072484001, 129.47618249984, 256.0, 261.08428175852, 267.0, 306.733842905, 322.49026689650003, 344.24495303540004, 406.0, 427.4250045741, 443.5262214225, 452.30906754434, 466.07372235293997, 487.62211612133996, 490.55023531289993, 512.5071163527999, 523.38659373, 538.3343820947999, 558.760131775, 575.5630761896, 619.1793471558]
