Avion: 5      Iteracion: 27

Num Ruta: 25
Ingresos: 646.36
Costos: 329.696494712
Utilidad Ruta: 316.663505288
Costo Reducido: 44.4115545061
Nodos: [105, 14, 49, 35, 70, 26, 61, 34, 69, 715]
q: [0, 8.0, -8.0, 8.0, -8.0, 10.0, -10.0, 8.0, -8.0, 0]
Q: [0, 8.0, 0.0, 8.0, 0.0, 10.0, 0.0, 8.0, 0.0, 0]
B: [0.0, 112.0, 124.021711775, 270.0, 281.922738989, 300.0, 317.5792279694, 332.4924740614, 368.9326042752, 387.4669825221]
