Avion: 6      Iteracion: 28

Num Ruta: 30
Ingresos: 1323.395
Costos: 371.992180773
Utilidad Ruta: 951.402819227
Costo Reducido: 135.106414517
Nodos: [106, 17, 52, 24, 59, 18, 53, 32, 67, 33, 6, 41, 5, 40, 68, 4, 39, 716]
q: [0, 5.0, -5.0, 11.0, -11.0, 10.0, -10.0, 11.0, -11.0, 5.0, 4.0, -4.0, 9.0, -9.0, -5.0, 3.0, -3.0, 0]
Q: [0, 5.0, 0.0, 11.0, 0.0, 10.0, 0.0, 11.0, 0.0, 5.0, 9.0, 5.0, 14.0, 5.0, 0.0, 3.0, 0.0, 0]
B: [0.0, 24.0, 58.8425537813, 75.400837086, 113.9137873885, 293.0, 316.8182362487, 348.1029144475, 358.5045674892, 437.0, 463.1548069196, 466.84709631779, 485.23595653258997, 486.35764543777, 515.37002005617, 532.68755408967, 553.1133037698701, 567.7904186089701]
