Avion: 2      Iteracion: 25

Num Ruta: 26
Ingresos: 1663.353
Costos: 615.97659465
Utilidad Ruta: 1047.37640535
Costo Reducido: 74.139495608
Nodos: [102, 16, 51, 17, 52, 14, 49, 1, 11, 46, 36, 23, 35, 70, 32, 67, 26, 61, 58, 28, 13, 48, 63, 712]
q: [0.0, 0.0, 0.0, 5.0, -5.0, 8.0, -8.0, 7.0, 6.0, -6.0, -7.0, 4.0, 8.0, -8.0, 11.0, -11.0, 0.0, 0.0, -4.0, 6.0, 9.0, -9.0, -6.0, 0.0]
Q: [0.0, 0.0, 0.0, 5.0, 0.0, 8.0, 0.0, 7.0, 13.0, 7.0, 0.0, 4.0, 12.0, 4.0, 15.0, 4.0, 4.0, 4.0, 0.0, 6.0, 15.0, 6.0, 0.0, 0.0]
B: [0.0, 36.0, 45.624091437640004, 78.34191948294, 113.18447326424, 125.62302611414, 137.64473788914, 175.0, 193.6808285951, 197.73489544211, 232.05062478011, 267.0, 277.4634044651, 289.38614345409997, 309.0, 319.4016530417, 332.1221722921, 349.7014002615, 352.76847264408, 378.0, 423.0, 439.88315095, 462.92158097460003, 470.95452277695006]
