Avion: 7      Iteracion: 55

Num Ruta: 38
Ingresos: 1510.467
Costos: 292.333902416
Utilidad Ruta: 1218.13309758
Costo Reducido: 36.5210860135
Nodos: [107, 14, 49, 1, 36, 3, 38, 23, 35, 70, 34, 58, 22, 69, 57, 717]
q: [0.0, 8.0, -8.0, 7.0, -7.0, 0.0, 0.0, 7.0, 8.0, -8.0, 8.0, -7.0, 7.0, -8.0, -7.0, 0.0]
Q: [0.0, 8.0, 0.0, 7.0, 0.0, 0.0, 0.0, 7.0, 15.0, 7.0, 15.0, 8.0, 15.0, 7.0, 0.0, 0.0]
B: [0.0, 112.0, 124.021711775, 175.0, 209.2400855285, 256.0, 261.08428175852, 267.0, 277.4634044651, 289.38614345409997, 322.0, 336.2589470158, 352.0153710073, 366.5845376616, 377.17478798909997, 379.14157674237]
