Avion: 4      Iteracion: 5

Num Ruta: 8
Ingresos: 673.38
Costos: 275.342013823
Utilidad Ruta: 398.037986177
Costo Reducido: 196.963214443
Nodos: [104, 21, 56, 714]
q: [0, 12.0, -12.0, 0]
Q: [0, 12.0, 0.0, 0]
B: [0.0, 477.0, 517.7387906792, 546.6295965697]
