Avion: 4      Iteracion: 55

Num Ruta: 53
Ingresos: 1523.063
Costos: 294.682201311
Utilidad Ruta: 1228.38079869
Costo Reducido: 4.95468797729
Nodos: [104, 17, 52, 9, 44, 25, 60, 4, 2, 39, 37, 714]
q: [0, 5.0, -5.0, 11.0, -11.0, 10.0, -10.0, 3.0, 10.0, -3.0, -10.0, 0]
Q: [0, 5.0, 0.0, 11.0, 0.0, 10.0, 0.0, 3.0, 13.0, 10.0, 0.0, 0]
B: [0.0, 24.0, 58.8425537813, 81.72911018459999, 111.25634718709999, 410.0, 427.1849823101, 529.0, 556.3715326023, 565.8259991129, 599.0192098946001, 623.3805140058]
