Avion: 2      Iteracion: 24

Num Ruta: 25
Ingresos: 866.489
Costos: 426.273302334
Utilidad Ruta: 440.215697666
Costo Reducido: 70.3321592999
Nodos: [102, 16, 51, 30, 65, 32, 67, 26, 61, 13, 28, 48, 63, 712]
q: [0.0, 9.0, -9.0, 11.0, -11.0, 11.0, -11.0, 10.0, -10.0, 0.0, 6.0, 0.0, -6.0, 0.0]
Q: [0.0, 9.0, 0.0, 11.0, 0.0, 11.0, 0.0, 10.0, 0.0, 0.0, 6.0, 6.0, 0.0, 0.0]
B: [0.0, 36.0, 45.624091437640004, 64.0, 82.7140226568, 309.0, 319.4016530417, 332.1221722921, 349.7014002615, 423.0, 436.7962173439, 450.1536367429, 473.1920667675, 481.22500856985005]
