Avion: 4      Iteracion: 4

Num Ruta: 7
Ingresos: 580.197
Costos: 278.401260835
Utilidad Ruta: 301.795739165
Costo Reducido: 420.834888642
Nodos: [104, 26, 61, 29, 64, 714]
q: [0, 10.0, -10.0, 9.0, -9.0, 0]
Q: [0, 10.0, 0.0, 9.0, 0.0, 0]
B: [0.0, 300.0, 317.5792279694, 549.0, 582.7797797802, 609.550209829]
