Avion: 7      Iteracion: 59

Num Ruta: 41
Ingresos: 2193.798
Costos: 356.732275269
Utilidad Ruta: 1837.06572473
Costo Reducido: 55.631813571
Nodos: [107, 14, 49, 3, 38, 23, 35, 70, 34, 58, 22, 57, 69, 33, 13, 48, 68, 29, 4, 64, 39, 717]
q: [0.0, 0.0, 0.0, 13.0, -13.0, 10.0, 5.0, -5.0, 5.0, -10.0, 10.0, -10.0, -5.0, 5.0, 10.0, -10.0, -5.0, 9.0, 3.0, -9.0, -3.0, 0.0]
Q: [0.0, 0.0, 0.0, 13.0, 0.0, 10.0, 15.0, 10.0, 15.0, 5.0, 15.0, 5.0, 0.0, 5.0, 15.0, 5.0, 0.0, 9.0, 12.0, 3.0, 0.0, 0.0]
B: [0.0, 112.0, 124.021711775, 256.0, 261.08428175852, 267.0, 277.4634044651, 289.38614345409997, 322.0, 336.2589470158, 352.0153710073, 373.77005714620003, 384.3603074737, 437.0, 462.372931896, 479.256082846, 484.60413314494, 549.0, 569.7100026316, 592.5834067727, 604.8024778094, 633.549945524]
