Avion: 1      Iteracion: 74

Num Ruta: 48
Ingresos: 2459.562
Costos: 482.583139198
Utilidad Ruta: 1976.9788608
Costo Reducido: 36.9867163651
Nodos: [101, 17, 52, 30, 65, 24, 59, 1, 36, 35, 70, 32, 67, 33, 13, 48, 68, 21, 4, 39, 56, 711]
q: [0.0, 5.0, -5.0, 11.0, -11.0, 11.0, -11.0, 7.0, -7.0, 8.0, -8.0, 11.0, -11.0, 5.0, 10.0, -10.0, -5.0, 12.0, 3.0, -3.0, -12.0, 0.0]
Q: [0.0, 5.0, 0.0, 11.0, 0.0, 11.0, 0.0, 7.0, 0.0, 8.0, 0.0, 11.0, 0.0, 5.0, 15.0, 5.0, 0.0, 12.0, 15.0, 12.0, 0.0, 0.0]
B: [0.0, 24.0, 58.8425537813, 64.0, 82.7140226568, 107.4479935471, 145.9609438496, 175.0, 209.2400855285, 270.0, 281.922738989, 309.0, 319.4016530417, 437.0, 462.372931896, 479.256082846, 484.60413314494, 495.48361052214, 529.0, 549.4257496801999, 566.2286940948, 588.4711797696999]
