Avion: 1      Iteracion: 77

Num Ruta: 51
Ingresos: 2465.574
Costos: 452.076040886
Utilidad Ruta: 2013.49795911
Costo Reducido: 35.3169264463
Nodos: [101, 30, 65, 24, 59, 1, 36, 23, 35, 70, 58, 34, 22, 57, 69, 5, 40, 2, 37, 711]
q: [0.0, 11.0, -11.0, 11.0, -11.0, 7.0, -7.0, 7.0, 8.0, -8.0, -7.0, 5.0, 10.0, -10.0, -5.0, 9.0, -9.0, 10.0, -10.0, 0.0]
Q: [0.0, 11.0, 0.0, 11.0, 0.0, 7.0, 0.0, 7.0, 15.0, 7.0, 0.0, 5.0, 15.0, 5.0, 0.0, 9.0, 0.0, 10.0, 0.0, 0.0]
B: [0.0, 64.0, 82.7140226568, 107.4479935471, 145.9609438496, 175.0, 209.2400855285, 267.0, 277.4634044651, 289.38614345409997, 313.15284696969997, 327.41179398549997, 355.4754773681, 377.230163507, 387.82041383449996, 469.0, 470.12168890518, 522.0, 562.7349620474, 579.6846292418]
