Avion: 2      Iteracion: 80

Num Ruta: 68
Ingresos: 717.789
Costos: 375.594442786
Utilidad Ruta: 342.194557214
Costo Reducido: 7.65379190532
Nodos: [102, 16, 51, 10, 45, 32, 67, 26, 61, 13, 48, 712]
q: [0, 9.0, -9.0, 12.0, -12.0, 11.0, -11.0, 10.0, -10.0, 15.0, -15.0, 0]
Q: [0, 9.0, 0.0, 12.0, 0.0, 11.0, 0.0, 10.0, 0.0, 15.0, 0.0, 0]
B: [0.0, 36.0, 45.624091437640004, 96.0, 125.5195107344, 309.0, 319.4016530417, 332.1221722921, 349.7014002615, 423.0, 439.88315095, 455.2736272259]
