Avion: 1      Iteracion: 64

Num Ruta: 44
Ingresos: 2243.681
Costos: 481.623798038
Utilidad Ruta: 1762.05720196
Costo Reducido: 11.4213571473
Nodos: [101, 1, 36, 35, 70, 22, 57, 19, 54, 13, 48, 31, 66, 4, 39, 2, 37, 711]
q: [0, 7.0, -7.0, 8.0, -8.0, 10.0, -10.0, 7.0, -7.0, 15.0, -15.0, 9.0, -9.0, 3.0, -3.0, 10.0, -10.0, 0]
Q: [0, 7.0, 0.0, 8.0, 0.0, 10.0, 0.0, 7.0, 0.0, 15.0, 0.0, 9.0, 0.0, 3.0, 0.0, 10.0, 0.0, 0]
B: [0.0, 175.0, 209.2400855285, 270.0, 281.922738989, 299.64604976889996, 321.40073590779997, 402.0, 428.6271162915, 432.85473559792, 449.73788654792, 454.19539998032, 482.52087905832, 529.0, 549.4257496801999, 558.8802161908, 599.6151782382, 616.5648454326]
