Avion: 1      Iteracion: 21

Num Ruta: 22
Ingresos: 496.259
Costos: 314.440476939
Utilidad Ruta: 181.818523061
Costo Reducido: 86.3958906242
Nodos: [101, 22, 57, 4, 39, 711]
q: [0, 10.0, -10.0, 3.0, -3.0, 0]
Q: [0, 10.0, 0.0, 3.0, 0.0, 0]
B: [0.0, 299.0, 320.7546861389, 529.0, 549.4257496801999, 566.2347817760999]
