Avion: 4      Iteracion: 14

Num Ruta: 15
Ingresos: 1378.71
Costos: 433.014158364
Utilidad Ruta: 945.695841636
Costo Reducido: 182.181400224
Nodos: [104, 17, 52, 24, 9, 44, 59, 10, 45, 35, 70, 4, 39, 29, 64, 714]
q: [0.0, 5.0, -5.0, 4.0, 11.0, -11.0, -4.0, 12.0, -12.0, 8.0, -8.0, 3.0, -3.0, 9.0, -9.0, 0.0]
Q: [0.0, 5.0, 0.0, 4.0, 15.0, 4.0, 0.0, 12.0, 0.0, 8.0, 0.0, 3.0, 0.0, 9.0, 0.0, 0.0]
B: [0.0, 24.0, 58.8425537813, 75.400837086, 81.83771412381999, 111.36495112632, 136.42051454042, 148.20644522071998, 177.72595595511999, 270.0, 281.922738989, 529.0, 549.4257496801999, 587.2435953221999, 621.0233751023999, 647.7938051511999]
