Avion: 2      Iteracion: 6

Num Ruta: 9
Ingresos: 1380.117
Costos: 669.608800158
Utilidad Ruta: 710.508199842
Costo Reducido: 736.94410656
Nodos: [102, 9, 44, 30, 65, 24, 59, 34, 69, 28, 31, 66, 63, 712]
q: [0, 11.0, -11.0, 11.0, -11.0, 11.0, -11.0, 8.0, -8.0, 6.0, 9.0, -9.0, -6.0, 0]
Q: [0, 11.0, 0.0, 11.0, 0.0, 11.0, 0.0, 8.0, 0.0, 6.0, 15.0, 6.0, 0.0, 0]
B: [0.0, 29.8362865317, 59.3635235342, 75.1514238696, 93.86544652639999, 118.59941741669999, 157.1123677192, 322.0, 358.4401302138, 393.0553437766, 408.6715633255, 436.9970424035, 465.4114741064, 473.44441590875005]
