Avion: 3      Iteracion: 23

Num Ruta: 18
Ingresos: 1306.376
Costos: 188.3001779
Utilidad Ruta: 1118.0758221
Costo Reducido: 112.809879927
Nodos: [103, 11, 46, 21, 56, 2, 37, 713]
q: [0, 6.0, -6.0, 12.0, -12.0, 10.0, -10.0, 0]
Q: [0, 6.0, 0.0, 12.0, 0.0, 10.0, 0.0, 0]
B: [0.0, 169.0, 173.05406684701, 477.0, 517.7387906792, 541.5898044103, 582.3247664577, 592.4196675469]
