Avion: 4      Iteracion: 73

Num Ruta: 65
Ingresos: 2335.192
Costos: 447.03384304
Utilidad Ruta: 1888.15815696
Costo Reducido: 51.7333861759
Nodos: [104, 17, 52, 9, 44, 11, 46, 18, 53, 28, 13, 48, 31, 63, 66, 2, 37, 29, 64, 714]
q: [0.0, 5.0, -5.0, 11.0, -11.0, 6.0, -6.0, 10.0, -10.0, 6.0, 9.0, -9.0, 9.0, -6.0, -9.0, 10.0, -10.0, 9.0, -9.0, 0.0]
Q: [0.0, 5.0, 0.0, 11.0, 0.0, 6.0, 0.0, 10.0, 0.0, 6.0, 15.0, 6.0, 15.0, 9.0, 0.0, 10.0, 0.0, 9.0, 0.0, 0.0]
B: [0.0, 24.0, 58.8425537813, 81.72911018459999, 111.25634718709999, 169.0, 173.05406684701, 293.0, 316.8182362487, 378.0, 423.0, 439.88315095, 444.3406643824, 464.8375443401, 493.251976043, 522.1275526606, 562.862514708, 572.66725524511, 606.44703502531, 633.21746507411]
