Avion: 4      Iteracion: 34

Num Ruta: 34
Ingresos: 2654.942
Costos: 500.210222007
Utilidad Ruta: 2154.73177799
Costo Reducido: 120.734384129
Nodos: [104, 17, 52, 9, 44, 14, 49, 3, 38, 23, 35, 70, 32, 67, 58, 28, 31, 66, 63, 25, 60, 4, 39, 2, 37, 714]
q: [0.0, 5.0, -5.0, 11.0, -11.0, 8.0, -8.0, 13.0, -13.0, 4.0, 8.0, -8.0, 11.0, -11.0, -4.0, 6.0, 9.0, -9.0, -6.0, 10.0, -10.0, 3.0, -3.0, 10.0, -10.0, 0.0]
Q: [0.0, 5.0, 0.0, 11.0, 0.0, 8.0, 0.0, 13.0, 0.0, 4.0, 12.0, 4.0, 15.0, 4.0, 0.0, 6.0, 15.0, 6.0, 0.0, 10.0, 0.0, 3.0, 0.0, 10.0, 0.0, 0.0]
B: [0.0, 24.0, 58.8425537813, 81.72911018459999, 111.25634718709999, 121.5131539026, 133.5348656776, 256.0, 261.08428175852, 267.0, 277.4634044651, 289.38614345409997, 309.0, 319.4016530417, 351.7919881588, 378.0, 406.0, 434.325479078, 462.7399107809, 466.07328939726, 483.25827170736, 529.0, 549.4257496801999, 558.8802161908, 599.6151782382, 623.9764823493999]
