Avion: 4      Iteracion: 27

Num Ruta: 28
Ingresos: 841.738
Costos: 295.3411017
Utilidad Ruta: 546.3968983
Costo Reducido: 109.829843154
Nodos: [104, 17, 52, 9, 44, 14, 49, 35, 70, 13, 48, 714]
q: [0, 5.0, -5.0, 11.0, -11.0, 8.0, -8.0, 8.0, -8.0, 15.0, -15.0, 0]
Q: [0, 5.0, 0.0, 11.0, 0.0, 8.0, 0.0, 8.0, 0.0, 15.0, 0.0, 0]
B: [0.0, 24.0, 58.8425537813, 81.72911018459999, 111.25634718709999, 121.5131539026, 133.5348656776, 270.0, 281.922738989, 423.0, 439.88315095, 451.5624516568]
