Avion: 2      Iteracion: 67

Num Ruta: 58
Ingresos: 766.401
Costos: 476.256119357
Utilidad Ruta: 290.144880643
Costo Reducido: 43.5969172566
Nodos: [102, 16, 51, 10, 45, 35, 70, 32, 67, 26, 61, 28, 13, 48, 63, 712]
q: [0.0, 9.0, -9.0, 12.0, -12.0, 8.0, -8.0, 11.0, -11.0, 0.0, 0.0, 6.0, 9.0, -9.0, -6.0, 0.0]
Q: [0.0, 9.0, 0.0, 12.0, 0.0, 8.0, 0.0, 11.0, 0.0, 0.0, 0.0, 6.0, 15.0, 6.0, 0.0, 0.0]
B: [0.0, 36.0, 45.624091437640004, 96.0, 125.5195107344, 270.0, 281.922738989, 309.0, 319.4016530417, 332.1221722921, 349.7014002615, 378.0, 423.0, 439.88315095, 462.92158097460003, 470.95452277695006]
