Avion: 1      Iteracion: 5

Num Ruta: 8
Ingresos: 2579.703
Costos: 572.533835935
Utilidad Ruta: 2007.16916406
Costo Reducido: 972.14212915
Nodos: [101, 30, 65, 16, 51, 14, 49, 35, 70, 22, 57, 25, 19, 54, 60, 13, 48, 21, 56, 2, 37, 711]
q: [0.0, 11.0, -11.0, 9.0, -9.0, 8.0, -8.0, 8.0, -8.0, 10.0, -10.0, 10.0, 5.0, -5.0, -10.0, 15.0, -15.0, 12.0, -12.0, 10.0, -10.0, 0.0]
Q: [0.0, 11.0, 0.0, 9.0, 0.0, 8.0, 0.0, 8.0, 0.0, 10.0, 0.0, 10.0, 15.0, 10.0, 0.0, 15.0, 0.0, 12.0, 0.0, 10.0, 0.0, 0.0]
B: [0.0, 64.0, 82.7140226568, 93.53069441849999, 103.15478585614, 129.94109036054, 141.96280213554, 270.0, 281.922738989, 299.64604976889996, 321.40073590779997, 410.0, 419.3920072402, 446.01912353169996, 462.80597996759997, 478.80704043249995, 495.69019138249996, 511.20158777349997, 551.9403784527, 575.7913921838, 616.5263542312, 633.4760214256]
