Avion: 7      Iteracion: 0

Num Ruta: 1
Ingresos: 1976.684
Costos: 472.897461692
Utilidad Ruta: 1503.78653831
Costo Reducido: -
Nodos: [107, 30, 65, 14, 49, 35, 70, 23, 58, 8, 43, 21, 56, 717]
q: [0, 11.0, -11.0, 8.0, -8.0, 8.0, -8.0, 10.0, -10.0, 8.0, -8.0, 12.0, -12.0, 0]
Q: [0, 11.0, 0.0, 8.0, 0.0, 8.0, 0.0, 10.0, 0.0, 8.0, 0.0, 12.0, 0.0, 0]
B: [0.0, 64.0, 82.7140226568, 112.0, 124.021711775, 270.0, 281.922738989, 302.04960511369995, 341.78344801869997, 414.0, 434.768396616, 477.0, 517.7387906792, 561.3550616453999]
