Avion: 4      Iteracion: 39

Num Ruta: 39
Ingresos: 2668.038
Costos: 460.711262168
Utilidad Ruta: 2207.32673783
Costo Reducido: 58.4694155187
Nodos: [104, 17, 52, 9, 44, 1, 36, 23, 35, 70, 26, 34, 58, 61, 69, 28, 13, 48, 63, 25, 60, 29, 64, 714]
q: [0.0, 5.0, -5.0, 11.0, -11.0, 7.0, -7.0, 7.0, 8.0, -8.0, 0.0, 8.0, -7.0, 0.0, -8.0, 6.0, 9.0, -9.0, -6.0, 10.0, -10.0, 9.0, -9.0, 0.0]
Q: [0.0, 5.0, 0.0, 11.0, 0.0, 7.0, 0.0, 7.0, 15.0, 7.0, 7.0, 15.0, 8.0, 8.0, 0.0, 6.0, 15.0, 6.0, 0.0, 10.0, 0.0, 9.0, 0.0, 0.0]
B: [0.0, 24.0, 58.8425537813, 81.72911018459999, 111.25634718709999, 175.0, 209.2400855285, 267.0, 277.4634044651, 289.38614345409997, 303.7370056233, 322.0, 336.2589470158, 339.32601939838, 364.31277334918, 398.92798691198004, 423.0, 439.88315095, 462.92158097460003, 466.25495959096, 483.43994190106, 549.0, 582.7797797802, 609.550209829]
