Avion: 4      Iteracion: 20

Num Ruta: 21
Ingresos: 2522.057
Costos: 426.880152796
Utilidad Ruta: 2095.1768472
Costo Reducido: 142.817172646
Nodos: [104, 17, 52, 9, 44, 19, 8, 33, 54, 43, 21, 68, 27, 56, 2, 62, 37, 714]
q: [0.0, 5.0, -5.0, 11.0, -11.0, 7.0, 3.0, 5.0, -7.0, -3.0, 10.0, -5.0, 5.0, -10.0, 10.0, -5.0, -10.0, 0.0]
Q: [0.0, 5.0, 0.0, 11.0, 0.0, 7.0, 10.0, 15.0, 8.0, 5.0, 15.0, 10.0, 15.0, 5.0, 15.0, 10.0, 0.0, 0.0]
B: [0.0, 24.0, 58.8425537813, 81.72911018459999, 111.25634718709999, 402.0, 425.1608815463, 438.92553635490003, 460.4739301233, 463.40204931486, 488.36622102156, 499.24569839876, 538.0, 551.1774481976, 575.0284619287, 586.4805350161, 615.8210653624001, 640.1823694736]
