Avion: 4      Iteracion: 21

Num Ruta: 22
Ingresos: 2004.071
Costos: 421.114316855
Utilidad Ruta: 1582.95668315
Costo Reducido: 165.981247825
Nodos: [104, 17, 52, 9, 44, 10, 45, 26, 34, 61, 22, 69, 57, 25, 60, 29, 4, 39, 64, 714]
q: [0.0, 5.0, -5.0, 11.0, -11.0, 12.0, -12.0, 10.0, 5.0, -10.0, 10.0, -5.0, -10.0, 0.0, 0.0, 9.0, 3.0, -3.0, -9.0, 0.0]
Q: [0.0, 5.0, 0.0, 11.0, 0.0, 12.0, 0.0, 10.0, 15.0, 5.0, 15.0, 10.0, 0.0, 0.0, 0.0, 9.0, 12.0, 9.0, 0.0, 0.0]
B: [0.0, 24.0, 58.8425537813, 81.72911018459999, 111.25634718709999, 139.7984606337, 169.3179713681, 300.0, 322.0, 336.913246092, 350.5474267421, 365.1165933964, 375.70684372389996, 410.0, 427.1849823101, 549.0, 569.7100026316, 590.1357523117999, 602.3548233485, 629.1252533973]
