Avion: 7      Iteracion: 75

Num Ruta: 50
Ingresos: 1788.822
Costos: 417.981624936
Utilidad Ruta: 1370.84037506
Costo Reducido: 11.3690832703
Nodos: [107, 14, 49, 3, 38, 23, 35, 70, 18, 53, 58, 32, 67, 33, 13, 48, 68, 5, 40, 2, 37, 717]
q: [0.0, 8.0, -8.0, 13.0, -13.0, 5.0, 8.0, -8.0, 10.0, -10.0, -5.0, 11.0, -11.0, 5.0, 10.0, -10.0, -5.0, 9.0, -9.0, 10.0, -10.0, 0.0]
Q: [0.0, 8.0, 0.0, 13.0, 0.0, 5.0, 13.0, 5.0, 15.0, 5.0, 0.0, 11.0, 0.0, 5.0, 15.0, 5.0, 0.0, 9.0, 0.0, 10.0, 0.0, 0.0]
B: [0.0, 112.0, 124.021711775, 256.0, 261.08428175852, 267.0, 277.4634044651, 289.38614345409997, 309.80429657819997, 333.62253282689994, 343.54806439956997, 366.03237023716997, 376.43402327887, 437.0, 462.372931896, 479.256082846, 484.60413314494, 513.57555073194, 514.69723963712, 528.77929009152, 569.51425213892, 596.87438638562]
