Avion: 1      Iteracion: 37

Num Ruta: 33
Ingresos: 1135.031
Costos: 414.527630144
Utilidad Ruta: 720.503369856
Costo Reducido: 31.2341591462
Nodos: [101, 35, 70, 32, 67, 26, 61, 4, 2, 39, 37, 711]
q: [0, 8.0, -8.0, 11.0, -11.0, 10.0, -10.0, 3.0, 10.0, -3.0, -10.0, 0]
Q: [0, 8.0, 0.0, 11.0, 0.0, 10.0, 0.0, 3.0, 13.0, 10.0, 0.0, 0]
B: [0.0, 270.0, 281.922738989, 309.0, 319.4016530417, 332.1221722921, 349.7014002615, 529.0, 556.3715326023, 565.8259991129, 599.0192098946001, 615.9688770890001]
