Avion: 5      Iteracion: 22

Num Ruta: 23
Ingresos: 652.943
Costos: 347.633435864
Utilidad Ruta: 305.309564136
Costo Reducido: 38.8217258011
Nodos: [105, 35, 70, 33, 68, 29, 64, 715]
q: [0, 8.0, -8.0, 5.0, -5.0, 9.0, -9.0, 0]
Q: [0, 8.0, 0.0, 5.0, 0.0, 9.0, 0.0, 0]
B: [0.0, 270.0, 281.922738989, 437.0, 478.9526650524, 549.0, 582.7797797802, 630.090723715]
