Avion: 6      Iteracion: 60

Num Ruta: 50
Ingresos: 1813.909
Costos: 395.36620524
Utilidad Ruta: 1418.54279476
Costo Reducido: 66.4707557525
Nodos: [106, 1, 36, 35, 70, 32, 67, 26, 34, 61, 69, 33, 6, 41, 13, 48, 68, 29, 4, 27, 64, 39, 62, 716]
q: [0.0, 7.0, -7.0, 8.0, -8.0, 11.0, -11.0, 7.0, 8.0, -7.0, -8.0, 5.0, 4.0, -4.0, 10.0, -10.0, -5.0, 9.0, 3.0, 3.0, -9.0, -3.0, -3.0, 0.0]
Q: [0.0, 7.0, 0.0, 8.0, 0.0, 11.0, 0.0, 7.0, 15.0, 8.0, 0.0, 5.0, 9.0, 5.0, 15.0, 5.0, 0.0, 9.0, 12.0, 15.0, 6.0, 3.0, 0.0, 0.0]
B: [0.0, 175.0, 209.2400855285, 270.0, 281.922738989, 309.0, 319.4016530417, 332.1221722921, 348.0493993263, 362.9626454183, 387.9493993691, 437.0, 463.1548069196, 466.84709631779, 480.25716242499, 497.14031337499, 502.48836367393, 549.0, 569.7100026316, 587.3247771689, 595.54120516408, 607.76027620078, 613.1755347357, 622.8812050886401]
