Avion: 5      Iteracion: 57

Num Ruta: 48
Ingresos: 1786.807
Costos: 403.28814794
Utilidad Ruta: 1383.51885206
Costo Reducido: 3.73779849259
Nodos: [105, 18, 53, 22, 57, 8, 33, 43, 68, 4, 2, 39, 37, 715]
q: [0, 10.0, -10.0, 10.0, -10.0, 8.0, 5.0, -8.0, -5.0, 3.0, 10.0, -3.0, -10.0, 0]
Q: [0, 10.0, 0.0, 10.0, 0.0, 8.0, 13.0, 5.0, 0.0, 3.0, 13.0, 10.0, 0.0, 0]
B: [0.0, 293.0, 316.8182362487, 332.3010836612, 354.0557698001, 414.0, 437.0, 460.2743670161, 482.23124805599997, 529.0, 556.3715326023, 565.8259991129, 599.0192098946001, 635.0237530107]
