Avion: 6      Iteracion: 38

Num Ruta: 36
Ingresos: 501.684
Costos: 175.843525833
Utilidad Ruta: 325.840474167
Costo Reducido: 32.9109460051
Nodos: [106, 28, 63, 25, 60, 716]
q: [0, 6.0, -6.0, 10.0, -10.0, 0]
Q: [0, 6.0, 0.0, 10.0, 0.0, 0]
B: [0.0, 378.0, 414.0266187839, 417.35999740026, 434.54497971036, 451.84870754576]
