Avion: 6      Iteracion: 55

Num Ruta: 45
Ingresos: 1089.031
Costos: 223.234628584
Utilidad Ruta: 865.796371416
Costo Reducido: 34.1262988854
Nodos: [106, 34, 22, 57, 69, 31, 19, 66, 54, 6, 41, 5, 40, 716]
q: [0.0, 8.0, 7.0, -7.0, -8.0, 9.0, 6.0, -9.0, -6.0, 4.0, -4.0, 9.0, -9.0, 0.0]
Q: [0.0, 8.0, 15.0, 8.0, 0.0, 9.0, 15.0, 6.0, 0.0, 4.0, 0.0, 9.0, 0.0, 0.0]
B: [0.0, 322.0, 350.0636833826, 371.8183695215, 382.408619849, 409.5293639575, 430.9543685316, 447.05558537999997, 469.473749667, 481.26476866449997, 484.95705806268995, 503.34591827748994, 504.46760718266995, 511.19096125633996]
