Avion: 2      Iteracion: 61

Num Ruta: 54
Ingresos: 984.854
Costos: 459.459764421
Utilidad Ruta: 525.394235579
Costo Reducido: 37.6010499365
Nodos: [102, 16, 51, 10, 45, 26, 32, 67, 34, 61, 69, 8, 43, 13, 48, 712]
q: [0.0, 0.0, 0.0, 12.0, -12.0, 4.0, 11.0, -11.0, 8.0, -4.0, -8.0, 8.0, -8.0, 15.0, -15.0, 0.0]
Q: [0.0, 0.0, 0.0, 12.0, 0.0, 4.0, 15.0, 4.0, 12.0, 8.0, 0.0, 8.0, 0.0, 15.0, 0.0, 0.0]
B: [0.0, 36.0, 45.624091437640004, 96.0, 125.5195107344, 300.0, 309.0, 319.4016530417, 346.1750898215, 361.08833591350003, 386.0750898643, 414.0, 434.768396616, 436.97907275691, 453.86222370691, 469.25269998281]
