Avion: 1      Iteracion: 81

Num Ruta: 53
Ingresos: 1765.345
Costos: 290.047104489
Utilidad Ruta: 1475.29789551
Costo Reducido: 12.8296283534
Nodos: [101, 30, 65, 24, 59, 1, 36, 35, 70, 22, 57, 8, 19, 54, 43, 711]
q: [0, 11.0, -11.0, 11.0, -11.0, 7.0, -7.0, 8.0, -8.0, 10.0, -10.0, 8.0, 7.0, -7.0, -8.0, 0]
Q: [0, 11.0, 0.0, 11.0, 0.0, 7.0, 0.0, 8.0, 0.0, 10.0, 0.0, 8.0, 15.0, 8.0, 0.0, 0]
B: [0.0, 64.0, 82.7140226568, 107.4479935471, 145.9609438496, 175.0, 209.2400855285, 270.0, 281.922738989, 299.64604976889996, 321.40073590779997, 414.0, 437.1608815463, 463.7879978378, 466.71611702935996, 472.42524831178997]
