Avion: 3      Iteracion: 3

Num Ruta: 5
Ingresos: 1349.51
Costos: 293.74157023
Utilidad Ruta: 1055.76842977
Costo Reducido: 804.385893435
Nodos: [103, 23, 58, 2, 37, 713]
q: [0, 10.0, -10.0, 10.0, -10.0, 0]
Q: [0, 10.0, 0.0, 10.0, 0.0, 0]
B: [0.0, 267.0, 306.733842905, 522.0, 562.7349620474, 572.8298631366]
