Avion: 3      Iteracion: 12

Num Ruta: 12
Ingresos: 793.046
Costos: 264.474027112
Utilidad Ruta: 528.571972888
Costo Reducido: 128.079542033
Nodos: [103, 10, 45, 2, 37, 713]
q: [0, 12.0, -12.0, 10.0, -10.0, 0]
Q: [0, 12.0, 0.0, 10.0, 0.0, 0]
B: [0.0, 96.0, 125.5195107344, 522.0, 562.7349620474, 572.8298631366]
