Avion: 4      Iteracion: 25

Num Ruta: 26
Ingresos: 2117.114
Costos: 433.286828451
Utilidad Ruta: 1683.82717155
Costo Reducido: 192.821668218
Nodos: [104, 17, 52, 9, 44, 14, 49, 35, 70, 22, 57, 25, 60, 31, 33, 66, 68, 29, 64, 714]
q: [0, 5.0, -5.0, 11.0, -11.0, 8.0, -8.0, 8.0, -8.0, 10.0, -10.0, 10.0, -10.0, 9.0, 5.0, -9.0, -5.0, 9.0, -9.0, 0]
Q: [0, 5.0, 0.0, 11.0, 0.0, 8.0, 0.0, 8.0, 0.0, 10.0, 0.0, 10.0, 0.0, 9.0, 14.0, 5.0, 0.0, 9.0, 0.0, 0]
B: [0.0, 24.0, 58.8425537813, 81.72911018459999, 111.25634718709999, 121.5131539026, 133.5348656776, 270.0, 281.922738989, 299.64604976889996, 321.40073590779997, 410.0, 427.1849823101, 432.00662891681, 469.50789920201, 491.90606064441, 522.85785149731, 549.0, 582.7797797802, 609.550209829]
