Avion: 6      Iteracion: 53

Num Ruta: 43
Ingresos: 503.594
Costos: 155.41142552
Utilidad Ruta: 348.18257448
Costo Reducido: 15.5802788773
Nodos: [106, 34, 22, 69, 57, 6, 41, 5, 40, 716]
q: [0.0, 8.0, 7.0, -8.0, -7.0, 0.0, 0.0, 9.0, -9.0, 0.0]
Q: [0.0, 8.0, 15.0, 7.0, 0.0, 0.0, 0.0, 9.0, 0.0, 0.0]
B: [0.0, 322.0, 350.0636833826, 364.6328500369, 375.22310036439995, 436.0, 439.69228939819, 469.0, 470.12168890518, 476.84504297885]
