Avion: 6      Iteracion: 74

Num Ruta: 59
Ingresos: 1083.312
Costos: 282.811097848
Utilidad Ruta: 800.500902152
Costo Reducido: 30.5860848447
Nodos: [106, 17, 10, 52, 30, 65, 45, 32, 67, 34, 69, 13, 48, 6, 41, 5, 40, 716]
q: [0.0, 5.0, 10.0, -5.0, 5.0, -5.0, -10.0, 11.0, -11.0, 8.0, -8.0, 15.0, -15.0, 0.0, 0.0, 0.0, 0.0, 0.0]
Q: [0.0, 5.0, 15.0, 10.0, 15.0, 10.0, 0.0, 11.0, 0.0, 8.0, 0.0, 15.0, 0.0, 0.0, 0.0, 0.0, 0.0, 0.0]
B: [0.0, 24.0, 96.0, 113.2607991993, 116.40525368299, 135.11927633979, 154.02007423299, 309.0, 319.4016530417, 346.1750898215, 382.6152200353, 423.0, 439.88315095, 464.1060995732, 467.79838897139, 486.18724918619, 487.30893809137, 494.03229216504]
