Avion: 4      Iteracion: 1

Num Ruta: 4
Ingresos: 3761.323
Costos: 700.209949634
Utilidad Ruta: 3061.11305037
Costo Reducido: 1927.92258465
Nodos: [104, 17, 52, 24, 9, 44, 59, 10, 45, 3, 38, 35, 70, 18, 53, 34, 69, 19, 8, 54, 43, 13, 48, 21, 56, 2, 37, 29, 64, 714]
q: [0.0, 5.0, -5.0, 11.0, 4.0, -4.0, -11.0, 12.0, -12.0, 13.0, -13.0, 8.0, -8.0, 10.0, -10.0, 8.0, -8.0, 7.0, 8.0, -7.0, -8.0, 15.0, -15.0, 12.0, -12.0, 10.0, -10.0, 9.0, -9.0, 0.0]
Q: [0.0, 5.0, 0.0, 11.0, 15.0, 11.0, 0.0, 12.0, 0.0, 13.0, 0.0, 8.0, 0.0, 10.0, 0.0, 8.0, 0.0, 7.0, 15.0, 8.0, 0.0, 15.0, 0.0, 12.0, 0.0, 10.0, 0.0, 9.0, 0.0, 0.0]
B: [0.0, 24.0, 58.8425537813, 75.400837086, 81.83771412381999, 111.36495112632, 136.42051454042, 148.20644522071998, 177.72595595511999, 256.0, 261.08428175852, 274.08526633661995, 286.00800532561993, 306.42615844971994, 330.2443946984199, 353.7151056591199, 390.1552358729199, 410.6950521330199, 433.8559336793199, 451.8128931101199, 454.74101230167986, 456.95168844258984, 473.83483939258986, 489.34623578358986, 530.0850264627899, 553.9360401938899, 594.6710022412899, 604.4757427783999, 638.2555225585999, 665.0259526073999]
