Avion: 6      Iteracion: 13

Num Ruta: 16
Ingresos: 2267.074
Costos: 360.640863968
Utilidad Ruta: 1906.43313603
Costo Reducido: 143.315995825
Nodos: [106, 17, 52, 23, 58, 34, 22, 69, 57, 19, 33, 54, 68, 5, 40, 716]
q: [0.0, 5.0, -5.0, 10.0, -10.0, 8.0, 7.0, -8.0, -7.0, 7.0, 5.0, -7.0, -5.0, 9.0, -9.0, 0.0]
Q: [0.0, 5.0, 0.0, 10.0, 0.0, 8.0, 15.0, 7.0, 0.0, 7.0, 12.0, 5.0, 0.0, 9.0, 0.0, 0.0]
B: [0.0, 24.0, 58.8425537813, 267.0, 306.733842905, 322.0, 350.0636833826, 364.6328500369, 375.22310036439995, 402.0, 438.5935603624, 460.1419541308, 482.0473989562, 511.01881654320005, 512.14050544838, 518.86385952205]
