Avion: 2      Iteracion: 31

Num Ruta: 31
Ingresos: 1515.986
Costos: 592.222649281
Utilidad Ruta: 923.763350719
Costo Reducido: 77.6576334397
Nodos: [102, 16, 51, 24, 59, 10, 45, 1, 11, 46, 36, 3, 38, 23, 35, 70, 32, 67, 26, 61, 58, 13, 48, 712]
q: [0.0, 9.0, -9.0, 11.0, -11.0, 12.0, -12.0, 7.0, 6.0, -6.0, -7.0, 13.0, -13.0, 4.0, 8.0, -8.0, 11.0, -11.0, 0.0, 0.0, -4.0, 15.0, -15.0, 0.0]
Q: [0.0, 9.0, 0.0, 11.0, 0.0, 12.0, 0.0, 7.0, 13.0, 7.0, 0.0, 13.0, 0.0, 4.0, 12.0, 4.0, 15.0, 4.0, 4.0, 4.0, 0.0, 15.0, 0.0, 0.0]
B: [0.0, 36.0, 45.624091437640004, 70.85029051714, 109.36324081964, 121.14917149994, 150.66868223434, 189.08802340514, 207.76885200024, 211.82291884725, 246.13864818525002, 256.0, 261.08428175852, 267.0, 277.4634044651, 289.38614345409997, 309.0, 319.4016530417, 332.1221722921, 349.7014002615, 352.76847264408, 423.0, 439.88315095, 455.2736272259]
