Avion: 3      Iteracion: 9

Num Ruta: 9
Ingresos: 1400.146
Costos: 448.058792195
Utilidad Ruta: 952.087207805
Costo Reducido: 277.325039795
Nodos: [103, 17, 30, 52, 65, 14, 49, 3, 38, 18, 53, 34, 69, 33, 68, 713]
q: [0.0, 5.0, 10.0, -5.0, -10.0, 8.0, -8.0, 13.0, -13.0, 10.0, -10.0, 8.0, -8.0, 5.0, -5.0, 0.0]
Q: [0.0, 5.0, 15.0, 10.0, 0.0, 8.0, 0.0, 13.0, 0.0, 10.0, 0.0, 8.0, 0.0, 5.0, 0.0, 0.0]
B: [0.0, 39.7453305433, 73.3590421503, 76.50349663399, 92.60144215509, 120.39738281199, 132.41909458699, 256.0, 261.08428175852, 293.0, 316.8182362487, 340.28894720939996, 376.72907742319995, 437.0, 478.9526650524, 482.64754055775]
