Avion: 5      Iteracion: 9

Num Ruta: 12
Ingresos: 1551.776
Costos: 432.805622545
Utilidad Ruta: 1118.97037745
Costo Reducido: 312.372054562
Nodos: [105, 17, 52, 30, 16, 51, 65, 14, 49, 3, 38, 22, 57, 18, 53, 28, 63, 715]
q: [0.0, 5.0, -5.0, 11.0, 0.0, 0.0, -11.0, 8.0, -8.0, 13.0, -13.0, 10.0, -10.0, 10.0, -10.0, 6.0, -6.0, 0.0]
Q: [0.0, 5.0, 0.0, 11.0, 11.0, 11.0, 0.0, 8.0, 0.0, 13.0, 0.0, 10.0, 0.0, 10.0, 0.0, 6.0, 0.0, 0.0]
B: [0.0, 35.8094227823, 70.65197656359999, 73.79643104728999, 81.99902234516999, 91.62311378281, 94.49427034419999, 122.29021100109999, 134.3119227761, 256.0, 261.08428175852, 299.0, 320.7546861389, 334.15512273630003, 357.973358985, 378.0, 414.0266187839, 451.2632406769]
