Avion: 2      Iteracion: 68

Num Ruta: 59
Ingresos: 1395.74
Costos: 436.923060994
Utilidad Ruta: 958.816939006
Costo Reducido: 65.6209470032
Nodos: [102, 16, 51, 3, 38, 23, 35, 70, 58, 32, 67, 26, 61, 13, 48, 712]
q: [0.0, 9.0, -9.0, 13.0, -13.0, 10.0, 5.0, -5.0, -10.0, 11.0, -11.0, 10.0, -10.0, 15.0, -15.0, 0.0]
Q: [0.0, 9.0, 0.0, 13.0, 0.0, 10.0, 15.0, 10.0, 0.0, 11.0, 0.0, 10.0, 0.0, 15.0, 0.0, 0.0]
B: [0.0, 36.0, 45.624091437640004, 256.0, 261.08428175852, 267.0, 277.4634044651, 289.38614345409997, 313.15284696969997, 335.63715280729997, 346.03880584899997, 358.7593250994, 376.33855306879997, 423.0, 439.88315095, 455.2736272259]
