Avion: 6      Iteracion: 65

Num Ruta: 53
Ingresos: 1576.968
Costos: 353.387346729
Utilidad Ruta: 1223.58065327
Costo Reducido: 28.0920061346
Nodos: [106, 11, 46, 3, 38, 23, 35, 70, 32, 67, 26, 61, 58, 6, 41, 5, 40, 33, 68, 29, 4, 39, 64, 716]
q: [0.0, 6.0, -6.0, 13.0, -13.0, 4.0, 8.0, -8.0, 11.0, -11.0, 10.0, -10.0, -4.0, 4.0, -4.0, 9.0, -9.0, 5.0, -5.0, 9.0, 3.0, -3.0, -9.0, 0.0]
Q: [0.0, 6.0, 0.0, 13.0, 0.0, 4.0, 12.0, 4.0, 15.0, 4.0, 14.0, 4.0, 0.0, 4.0, 0.0, 9.0, 0.0, 5.0, 0.0, 9.0, 12.0, 9.0, 0.0, 0.0]
B: [0.0, 169.0, 173.05406684701, 256.0, 261.08428175852, 267.0, 277.4634044651, 289.38614345409997, 309.0, 319.4016530417, 332.1221722921, 349.7014002615, 352.76847264408, 436.0, 439.69228939819, 469.0, 470.12168890518, 483.41186760978, 525.3645326621801, 549.0, 569.7100026316, 590.1357523117999, 602.3548233485, 622.7520306327999]
