Avion: 1      Iteracion: 0

Num Ruta: 2
Ingresos: 4036.392
Costos: 606.034701287
Utilidad Ruta: 3430.35729871
Costo Reducido: -
Nodos: [101, 17, 52, 30, 16, 51, 65, 24, 59, 1, 36, 3, 38, 23, 35, 70, 58, 34, 22, 57, 69, 8, 19, 54, 43, 5, 40, 6, 41, 4, 27, 62, 2, 39, 37, 711]
q: [0.0, 5.0, -5.0, 11.0, 4.0, -4.0, -11.0, 11.0, -11.0, 7.0, -7.0, 13.0, -13.0, 10.0, 5.0, -5.0, -10.0, 5.0, 10.0, -10.0, -5.0, 8.0, 7.0, -7.0, -8.0, 9.0, -9.0, 4.0, -4.0, 3.0, 6.0, -6.0, 10.0, -3.0, -10.0, 0.0]
Q: [0.0, 5.0, 0.0, 11.0, 15.0, 11.0, 0.0, 11.0, 0.0, 7.0, 0.0, 13.0, 0.0, 10.0, 15.0, 10.0, 0.0, 5.0, 15.0, 5.0, 0.0, 8.0, 15.0, 8.0, 0.0, 9.0, 0.0, 4.0, 0.0, 3.0, 9.0, 3.0, 13.0, 10.0, 0.0, 0.0]
B: [0.0, 24.0, 58.8425537813, 64.0, 72.20259129788, 81.82668273552001, 84.69783929691, 109.43181018721, 147.94476048971, 175.0, 209.2400855285, 256.0, 261.08428175852, 267.0, 277.4634044651, 289.38614345409997, 313.15284696969997, 327.41179398549997, 355.4754773681, 377.230163507, 387.82041383449996, 414.0, 437.1608815463, 463.7879978378, 466.71611702935996, 476.46892790622996, 477.59061681141, 493.81420966261, 497.50649906079997, 529.0, 546.6147745373, 563.6456369054, 575.0977099928, 584.5521765034, 617.7453872851, 634.6950544795001]
