Avion: 2      Iteracion: 66

Num Ruta: 57
Ingresos: 1192.655
Costos: 485.193979138
Utilidad Ruta: 707.461020862
Costo Reducido: 43.7971892025
Nodos: [102, 16, 51, 10, 45, 32, 67, 26, 61, 34, 69, 33, 13, 48, 68, 712]
q: [0.0, 9.0, -9.0, 12.0, -12.0, 11.0, -11.0, 10.0, -10.0, 8.0, -8.0, 5.0, 10.0, -10.0, -5.0, 0.0]
Q: [0.0, 9.0, 0.0, 12.0, 0.0, 11.0, 0.0, 10.0, 0.0, 8.0, 0.0, 5.0, 15.0, 5.0, 0.0, 0.0]
B: [0.0, 36.0, 45.624091437640004, 96.0, 125.5195107344, 309.0, 319.4016530417, 332.1221722921, 349.7014002615, 364.6146463535, 401.0547765673, 437.0, 462.372931896, 479.256082846, 484.60413314494, 494.93341317794]
