Avion: 4      Iteracion: 85

Num Ruta: 71
Ingresos: 1927.915
Costos: 334.156907063
Utilidad Ruta: 1593.75809294
Costo Reducido: 28.552118569
Nodos: [104, 17, 52, 9, 44, 22, 57, 18, 53, 28, 63, 25, 60, 29, 64, 714]
q: [0, 5.0, -5.0, 11.0, -11.0, 10.0, -10.0, 10.0, -10.0, 6.0, -6.0, 10.0, -10.0, 9.0, -9.0, 0]
Q: [0, 5.0, 0.0, 11.0, 0.0, 10.0, 0.0, 10.0, 0.0, 6.0, 0.0, 10.0, 0.0, 9.0, 0.0, 0]
B: [0.0, 24.0, 58.8425537813, 81.72911018459999, 111.25634718709999, 299.0, 320.7546861389, 334.15512273630003, 357.973358985, 378.0, 414.0266187839, 417.35999740026, 434.54497971036, 549.0, 582.7797797802, 609.550209829]
