Avion: 7      Iteracion: 21

Num Ruta: 21
Ingresos: 1271.357
Costos: 420.259890737
Utilidad Ruta: 851.097109263
Costo Reducido: 87.8438783827
Nodos: [107, 11, 46, 26, 34, 61, 22, 57, 69, 5, 40, 4, 29, 64, 39, 717]
q: [0.0, 6.0, -6.0, 10.0, 5.0, -10.0, 10.0, -10.0, -5.0, 9.0, -9.0, 3.0, 9.0, -9.0, -3.0, 0.0]
Q: [0.0, 6.0, 0.0, 10.0, 15.0, 5.0, 15.0, 5.0, 0.0, 9.0, 0.0, 3.0, 12.0, 3.0, 0.0, 0.0]
B: [0.0, 169.0, 173.05406684701, 300.0, 322.0, 336.913246092, 350.5474267421, 372.302112881, 382.8923632085, 469.0, 470.12168890518, 529.0, 549.7100026316, 583.4897824118, 595.7088534485, 624.4563211631]
