Avion: 1      Iteracion: 9

Num Ruta: 12
Ingresos: 3187.248
Costos: 583.61874846
Utilidad Ruta: 2603.62925154
Costo Reducido: 385.719181587
Nodos: [101, 17, 52, 30, 65, 24, 59, 1, 36, 3, 38, 18, 57, 22, 53, 34, 69, 33, 13, 48, 68, 21, 4, 39, 56, 711]
q: [0.0, 5.0, -5.0, 11.0, -11.0, 11.0, -11.0, 7.0, -7.0, 13.0, -13.0, 10.0, -10.0, 10.0, -10.0, 8.0, -8.0, 5.0, 10.0, -10.0, -5.0, 12.0, 3.0, -3.0, -12.0, 0.0]
Q: [0.0, 5.0, 0.0, 11.0, 0.0, 11.0, 0.0, 7.0, 0.0, 13.0, 0.0, 10.0, 0.0, 10.0, 0.0, 8.0, 0.0, 5.0, 15.0, 5.0, 0.0, 12.0, 15.0, 12.0, 0.0, 0.0]
B: [0.0, 24.0, 58.8425537813, 64.0, 82.7140226568, 107.4479935471, 145.9609438496, 175.0, 209.2400855285, 256.0, 261.08428175852, 293.0, 320.0, 341.7546861389, 357.2375335514, 380.7082445121, 417.1483747259, 437.0, 462.372931896, 479.256082846, 484.60413314494, 495.48361052214, 529.0, 549.4257496801999, 566.2286940948, 588.4711797696999]
