Avion: 1      Iteracion: 14

Num Ruta: 16
Ingresos: 1905.364
Costos: 353.841122519
Utilidad Ruta: 1551.52287748
Costo Reducido: 197.954047242
Nodos: [101, 30, 65, 24, 59, 1, 36, 35, 70, 22, 57, 8, 19, 54, 43, 4, 39, 711]
q: [0, 11.0, -11.0, 11.0, -11.0, 7.0, -7.0, 8.0, -8.0, 10.0, -10.0, 8.0, 7.0, -7.0, -8.0, 3.0, -3.0, 0]
Q: [0, 11.0, 0.0, 11.0, 0.0, 7.0, 0.0, 8.0, 0.0, 10.0, 0.0, 8.0, 15.0, 8.0, 0.0, 3.0, 0.0, 0]
B: [0.0, 64.0, 82.7140226568, 107.4479935471, 145.9609438496, 175.0, 209.2400855285, 270.0, 281.922738989, 299.64604976889996, 321.40073590779997, 414.0, 437.1608815463, 463.7879978378, 466.71611702935996, 529.0, 549.4257496801999, 566.2347817760999]
