Avion: 7      Iteracion: 83

Num Ruta: 52
Ingresos: 1882.189
Costos: 309.141283224
Utilidad Ruta: 1573.04771678
Costo Reducido: 18.2041946979
Nodos: [107, 14, 49, 3, 38, 23, 35, 70, 34, 58, 22, 57, 69, 19, 54, 13, 48, 31, 66, 717]
q: [0.0, 8.0, -8.0, 0.0, 0.0, 7.0, 8.0, -8.0, 8.0, -7.0, 7.0, -7.0, -8.0, 7.0, -7.0, 15.0, -15.0, 9.0, -9.0, 0.0]
Q: [0.0, 8.0, 0.0, 0.0, 0.0, 7.0, 15.0, 7.0, 15.0, 8.0, 15.0, 8.0, 0.0, 7.0, 0.0, 15.0, 0.0, 9.0, 0.0, 0.0]
B: [0.0, 112.0, 124.021711775, 256.0, 261.08428175852, 267.0, 277.4634044651, 289.38614345409997, 322.0, 336.2589470158, 352.0153710073, 373.77005714620003, 384.3603074737, 404.9001237338, 431.5272400253, 435.75485933172, 452.63801028172, 457.09552371412, 485.42100279212, 489.05572478974]
