Avion: 1      Iteracion: 27

Num Ruta: 28
Ingresos: 612.387
Costos: 380.328534154
Utilidad Ruta: 232.058465846
Costo Reducido: 59.6804641769
Nodos: [101, 34, 69, 13, 48, 4, 27, 39, 62, 711]
q: [0, 8.0, -8.0, 15.0, -15.0, 3.0, 6.0, -3.0, -6.0, 0]
Q: [0, 8.0, 0.0, 15.0, 0.0, 3.0, 9.0, 6.0, 0.0, 0]
B: [0.0, 322.0, 358.4401302138, 423.0, 439.88315095, 529.0, 546.6147745373, 562.9655871165, 568.38084565142, 582.4982368056201]
