Avion: 4      Iteracion: 18

Num Ruta: 19
Ingresos: 2305.013
Costos: 474.145000441
Utilidad Ruta: 1830.86799956
Costo Reducido: 155.314105494
Nodos: [104, 17, 52, 35, 70, 32, 67, 34, 69, 8, 33, 43, 13, 48, 68, 5, 40, 2, 37, 29, 64, 714]
q: [0.0, 5.0, -5.0, 8.0, -8.0, 11.0, -11.0, 8.0, -8.0, 8.0, 5.0, -8.0, 10.0, -10.0, -5.0, 9.0, -9.0, 10.0, -10.0, 9.0, -9.0, 0.0]
Q: [0.0, 5.0, 0.0, 8.0, 0.0, 11.0, 0.0, 8.0, 0.0, 8.0, 13.0, 5.0, 15.0, 5.0, 0.0, 9.0, 0.0, 10.0, 0.0, 9.0, 0.0, 0.0]
B: [0.0, 24.0, 58.8425537813, 270.0, 281.922738989, 309.0, 319.4016530417, 346.1750898215, 382.6152200353, 414.0, 437.0, 460.2743670161, 462.48504315700995, 479.36819410700997, 484.71624440594996, 513.68766199295, 514.80935089813, 528.89140135253, 569.62636339993, 579.43110393704, 613.21088371724, 639.98131376604]
