Avion: 5      Iteracion: 32

Num Ruta: 30
Ingresos: 1318.45
Costos: 476.39667648
Utilidad Ruta: 842.05332352
Costo Reducido: 67.2507103784
Nodos: [105, 17, 30, 52, 16, 65, 51, 10, 45, 32, 67, 33, 13, 48, 68, 15, 50, 7, 4, 42, 39, 715]
q: [0.0, 5.0, 6.0, -5.0, 9.0, -6.0, -9.0, 12.0, -12.0, 11.0, -11.0, 5.0, 10.0, -10.0, -5.0, 0.0, 0.0, 0.0, 3.0, 0.0, -3.0, 0.0]
Q: [0.0, 5.0, 11.0, 6.0, 15.0, 9.0, 0.0, 12.0, 0.0, 11.0, 0.0, 5.0, 15.0, 5.0, 0.0, 0.0, 0.0, 0.0, 3.0, 3.0, 0.0, 0.0]
B: [0.0, 35.8094227823, 69.4231343893, 72.56758887299, 77.89922820813, 88.71589996982999, 91.58705653121999, 107.41633374151999, 136.93584447592, 309.0, 319.4016530417, 437.0, 462.372931896, 479.256082846, 484.60413314494, 511.0, 527.4211666151, 538.3259061809999, 548.6892794734999, 567.9616404602, 569.12201453781, 606.8361058698099]
