Avion: 1      Iteracion: 73

Num Ruta: 47
Ingresos: 1125.933
Costos: 228.932538876
Utilidad Ruta: 897.000461124
Costo Reducido: 15.5384292953
Nodos: [101, 30, 16, 51, 65, 24, 59, 1, 36, 8, 19, 54, 43, 711]
q: [0.0, 11.0, 4.0, -4.0, -11.0, 11.0, -11.0, 7.0, -7.0, 0.0, 7.0, -7.0, 0.0, 0.0]
Q: [0.0, 11.0, 15.0, 11.0, 0.0, 11.0, 0.0, 7.0, 0.0, 0.0, 7.0, 0.0, 0.0, 0.0]
B: [0.0, 64.0, 72.20259129788, 81.82668273552001, 84.69783929691, 109.43181018721, 147.94476048971, 175.0, 209.2400855285, 414.0, 437.1608815463, 463.7879978378, 466.71611702935996, 472.42524831178997]
