Avion: 4      Iteracion: 80

Num Ruta: 69
Ingresos: 2071.593
Costos: 380.444632004
Utilidad Ruta: 1691.148368
Costo Reducido: 2.05704120558
Nodos: [104, 17, 52, 9, 44, 25, 60, 19, 54, 13, 48, 4, 27, 39, 2, 62, 37, 714]
q: [0.0, 5.0, -5.0, 11.0, -11.0, 10.0, -10.0, 7.0, -7.0, 15.0, -15.0, 3.0, 5.0, -3.0, 10.0, -5.0, -10.0, 0.0]
Q: [0.0, 5.0, 0.0, 11.0, 0.0, 10.0, 0.0, 7.0, 0.0, 15.0, 0.0, 3.0, 8.0, 5.0, 15.0, 10.0, 0.0, 0.0]
B: [0.0, 24.0, 58.8425537813, 81.72911018459999, 111.25634718709999, 410.0, 427.1849823101, 443.8578739909, 470.48499028239996, 474.71260958882, 491.59576053882, 529.0, 546.6147745373, 562.9655871165, 572.4200536271001, 583.8721267145, 613.2126570608, 637.5739611719999]
