Avion: 5      Iteracion: 19

Num Ruta: 21
Ingresos: 2212.163
Costos: 526.922483734
Utilidad Ruta: 1685.24051627
Costo Reducido: 145.3708965
Nodos: [105, 30, 65, 10, 45, 32, 67, 22, 57, 8, 33, 43, 68, 21, 15, 50, 4, 56, 27, 39, 62, 715]
q: [0, 11.0, -11.0, 12.0, -12.0, 11.0, -11.0, 10.0, -10.0, 8.0, 5.0, -8.0, -5.0, 12.0, 0.0, -0.0, 3.0, -12.0, 6.0, -3.0, -6.0, 0]
Q: [0, 11.0, 0.0, 12.0, 0.0, 11.0, 0.0, 10.0, 0.0, 8.0, 13.0, 5.0, 0.0, 12.0, 12.0, 12.0, 15.0, 3.0, 9.0, 6.0, 0.0, 0]
B: [0.0, 64.0, 82.7140226568, 101.4070729429, 130.92658367730002, 309.0, 319.4016530417, 353.8662667781, 375.620952917, 414.0, 437.0, 460.2743670161, 482.23124805599997, 493.11072543319995, 511.0, 527.4211666151, 532.99584588839, 562.16564329939, 575.34309149699, 591.69390407619, 597.10916261111, 629.76408766081]
