Avion: 7      Iteracion: 4

Num Ruta: 7
Ingresos: 837.966
Costos: 398.547062497
Utilidad Ruta: 439.418937503
Costo Reducido: 476.104373106
Nodos: [107, 26, 61, 31, 66, 29, 64, 717]
q: [0, 10.0, -10.0, 9.0, -9.0, 9.0, -9.0, 0]
Q: [0, 10.0, 0.0, 9.0, 0.0, 9.0, 0.0, 0]
B: [0.0, 300.0, 317.5792279694, 406.0, 434.325479078, 549.0, 582.7797797802, 620.2441685381]
