Avion: 6      Iteracion: 21

Num Ruta: 23
Ingresos: 496.259
Costos: 198.853637897
Utilidad Ruta: 297.405362103
Costo Reducido: 71.3550713023
Nodos: [106, 22, 57, 4, 39, 716]
q: [0, 10.0, -10.0, 3.0, -3.0, 0]
Q: [0, 10.0, 0.0, 3.0, 0.0, 0]
B: [0.0, 299.0, 320.7546861389, 529.0, 549.4257496801999, 564.1028645192999]
