Avion: 6      Iteracion: 35

Num Ruta: 34
Ingresos: 2145.788
Costos: 456.472606556
Utilidad Ruta: 1689.31539344
Costo Reducido: 91.2309771467
Nodos: [106, 30, 65, 16, 51, 35, 70, 32, 67, 26, 34, 61, 69, 8, 33, 6, 41, 43, 13, 48, 68, 4, 2, 39, 37, 716]
q: [0.0, 11.0, -11.0, 9.0, -9.0, 8.0, -8.0, 11.0, -11.0, 7.0, 8.0, -7.0, -8.0, 8.0, 5.0, 0.0, 0.0, -8.0, 10.0, -10.0, -5.0, 3.0, 10.0, -3.0, -10.0, 0.0]
Q: [0.0, 11.0, 0.0, 9.0, 0.0, 8.0, 0.0, 11.0, 0.0, 7.0, 15.0, 8.0, 0.0, 8.0, 13.0, 13.0, 13.0, 5.0, 15.0, 5.0, 0.0, 3.0, 13.0, 10.0, 0.0, 0.0]
B: [0.0, 64.0, 82.7140226568, 93.53069441849999, 103.15478585614, 270.0, 281.922738989, 309.0, 319.4016530417, 332.1221722921, 348.0493993263, 362.9626454183, 387.9493993691, 414.0, 437.0, 463.1548069196, 466.84709631779, 479.71309880498995, 481.92377494589994, 498.80692589589995, 504.15497619483995, 529.0, 556.3715326023, 565.8259991129, 599.0192098946001, 619.4448473632001]
