Avion: 6      Iteracion: 6

Num Ruta: 9
Ingresos: 555.093
Costos: 201.329239973
Utilidad Ruta: 353.763760027
Costo Reducido: 421.109931558
Nodos: [106, 28, 63, 31, 66, 716]
q: [0, 6.0, -6.0, 9.0, -9.0, 0]
Q: [0, 6.0, 0.0, 9.0, 0.0, 0]
B: [0.0, 378.0, 414.0266187839, 434.5234987416, 462.8489778196, 477.3344216858]
