Avion: 3      Iteracion: 0

Num Ruta: 3
Ingresos: 3887.157
Costos: 686.551801472
Utilidad Ruta: 3200.60519853
Costo Reducido: -
Nodos: [103, 17, 30, 52, 16, 51, 65, 24, 59, 1, 11, 46, 36, 3, 38, 23, 35, 70, 58, 32, 67, 26, 61, 28, 63, 19, 54, 33, 21, 68, 56, 713]
q: [0.0, 5.0, 10.0, -5.0, 5.0, -5.0, -10.0, 11.0, -11.0, 7.0, 6.0, -6.0, -7.0, 13.0, -13.0, 10.0, 5.0, -5.0, -10.0, 11.0, -11.0, 10.0, -10.0, 6.0, -6.0, 7.0, -7.0, 3.0, 12.0, -3.0, -12.0, 0.0]
Q: [0.0, 5.0, 15.0, 10.0, 15.0, 10.0, 0.0, 11.0, 0.0, 7.0, 13.0, 7.0, 0.0, 13.0, 0.0, 10.0, 15.0, 10.0, 0.0, 11.0, 0.0, 10.0, 0.0, 6.0, 0.0, 7.0, 0.0, 3.0, 15.0, 12.0, 0.0, 0.0]
B: [0.0, 39.7453305433, 73.3590421503, 76.50349663399, 81.83513596913, 91.45922740677, 94.33038396815999, 119.06435485845999, 157.57730516096, 175.0, 193.6808285951, 197.73489544211, 232.05062478011, 256.0, 261.08428175852, 267.0, 277.4634044651, 289.38614345409997, 313.15284696969997, 335.63715280729997, 346.03880584899997, 358.7593250994, 376.33855306879997, 386.7464701034, 422.7730888873, 435.308882161, 461.9359984525, 483.48439222089996, 523.0776001864, 533.9570775636, 568.8091163849, 599.9668622116]
