Avion: 7      Iteracion: 43

Num Ruta: 45
Ingresos: 142800.0
Costos: 423.743592807
Utilidad Ruta: 142376.256407
Costo Reducido: 48.345571703
Nodos: [107, 9, 54, 12, 57, 1, 31, 76, 11, 56, 42, 46, 87, 35, 26, 80, 71, 22, 67, 8, 45, 90, 19, 64, 53, 6, 51, 33, 78, 27, 72, 917]
q: [0.0, 11.0, -11.0, 14.0, -14.0, 7.0, 6.0, -6.0, 8.0, -8.0, 5.0, -7.0, -5.0, 6.0, 9.0, -6.0, -9.0, 10.0, -10.0, 8.0, 7.0, -7.0, 7.0, -7.0, -8.0, 5.0, -5.0, 10.0, -10.0, 6.0, -6.0, 0.0]
Q: [0.0, 11.0, 0.0, 14.0, 0.0, 7.0, 13.0, 7.0, 15.0, 7.0, 12.0, 5.0, 0.0, 6.0, 15.0, 9.0, 0.0, 10.0, 0.0, 8.0, 15.0, 8.0, 15.0, 8.0, 0.0, 5.0, 0.0, 10.0, 0.0, 6.0, 0.0, 0.0]
B: [0.0, 28.0, 57.5272370025, 68.3142737596, 111.6621980236, 175.0, 183.89376197118, 197.19937597428, 197.678254873377, 201.732321720387, 239.0, 264.0626014013, 296.3417007227, 300.39815052518003, 311.02536511788, 320.31837049827004, 330.14018626726005, 343.77436691736006, 365.52905305626007, 414.0, 417.40515271317, 426.59677634559, 438.43863059229, 465.06574688379, 467.99386607534996, 477.1845377047799, 480.8768271029699, 562.0, 585.3035112376, 592.52226459258, 609.55312696068, 615.1305631100199]
