Avion: 4      Iteracion: 65

Num Ruta: 57
Ingresos: 87600.0
Costos: 215.409573199
Utilidad Ruta: 87384.5904268
Costo Reducido: 0.57966786396
Nodos: [104, 30, 16, 61, 75, 14, 59, 3, 48, 23, 42, 87, 26, 71, 68, 13, 58, 914]
q: [0.0, 11.0, 4.0, -4.0, -11.0, 8.0, -8.0, 15.0, -15.0, 10.0, 5.0, -5.0, 5.0, -5.0, -10.0, 15.0, -15.0, 0.0]
Q: [0.0, 11.0, 15.0, 11.0, 0.0, 8.0, 0.0, 15.0, 0.0, 10.0, 15.0, 10.0, 15.0, 10.0, 0.0, 15.0, 0.0, 0.0]
B: [0.0, 64.0, 72.20259129788, 81.82668273552001, 84.69783929691, 112.49377995381, 124.51549172881, 256.0, 261.08428175852, 267.0, 289.6110683074, 337.6609029585, 344.55638154958, 362.13560951898, 365.20268190156, 423.0, 439.88315095, 450.6988751051]
