Avion: 6      Iteracion: 30

Num Ruta: 34
Ingresos: 165600.0
Costos: 413.003222585
Utilidad Ruta: 165186.996777
Costo Reducido: 123.492524028
Nodos: [106, 40, 85, 10, 55, 35, 26, 80, 71, 22, 67, 45, 90, 19, 8, 64, 53, 6, 51, 5, 50, 41, 86, 7, 20, 52, 65, 37, 82, 916]
q: [0.0, 15.0, -15.0, 12.0, -12.0, 2.0, 13.0, -2.0, -13.0, 10.0, -10.0, 11.0, -11.0, 7.0, 8.0, -7.0, -8.0, 5.0, -5.0, 12.0, -12.0, 13.0, -13.0, 5.0, 10.0, -5.0, -10.0, 15.0, -15.0, 0.0]
Q: [0.0, 15.0, 0.0, 12.0, 0.0, 2.0, 15.0, 13.0, 0.0, 10.0, 0.0, 11.0, 0.0, 7.0, 15.0, 8.0, 0.0, 5.0, 0.0, 12.0, 0.0, 13.0, 0.0, 5.0, 15.0, 10.0, 0.0, 15.0, 0.0, 0.0]
B: [0.0, 62.0, 94.5694417821, 111.75013586, 141.2696465944, 279.0, 300.0, 309.29300538039, 319.11482114938, 332.74900179948, 354.50368793838004, 371.0, 380.19162363242, 402.0, 425.1608815463, 443.1178409771, 446.04596016866, 455.23663179809, 458.92892119628, 477.31778141108, 478.43947031626, 487.26570813313, 507.30682848603, 517.71698665003, 526.4599410705899, 555.70594845619, 568.6696330018899, 580.2471509569899, 601.04180442849, 622.34115693039]
