Avion: 7      Iteracion: 95

Num Ruta: 81
Ingresos: 85200.0
Costos: 268.778090709
Utilidad Ruta: 84931.2219093
Costo Reducido: 8.08997615089
Nodos: [107, 12, 57, 1, 46, 8, 45, 90, 32, 53, 6, 51, 13, 77, 58, 20, 4, 65, 49, 917]
q: [0.0, 14.0, -14.0, 7.0, -7.0, 8.0, 7.0, -7.0, 6.0, -8.0, 5.0, -5.0, 9.0, -6.0, -9.0, 10.0, 5.0, -10.0, -5.0, 0.0]
Q: [0.0, 14.0, 0.0, 7.0, 0.0, 8.0, 15.0, 8.0, 14.0, 6.0, 11.0, 6.0, 15.0, 9.0, 0.0, 10.0, 15.0, 5.0, 0.0, 0.0]
B: [0.0, 54.0, 97.347924264, 175.0, 209.2400855285, 414.0, 417.40515271317, 426.59677634559, 428.13238729892, 450.51212199352, 459.70279362295, 463.39508302114, 476.80514912834, 490.64732890614005, 494.71827928658007, 508.64886452198004, 529.0, 561.0963231072, 572.9575463578, 579.78019635615]
