Avion: 6      Iteracion: 38

Num Ruta: 42
Ingresos: 114000.0
Costos: 334.112132349
Utilidad Ruta: 113665.887868
Costo Reducido: 23.7101027159
Nodos: [106, 24, 69, 36, 81, 22, 67, 45, 90, 19, 25, 70, 32, 64, 13, 77, 58, 21, 38, 4, 83, 66, 49, 916]
q: [0.0, 14.0, -14.0, 15.0, -15.0, 10.0, -10.0, 11.0, -11.0, 7.0, 8.0, -8.0, 6.0, -7.0, 9.0, -6.0, -9.0, 13.0, 2.0, 0.0, -2.0, -13.0, 0.0, 0.0]
Q: [0.0, 14.0, 0.0, 15.0, 0.0, 10.0, 0.0, 11.0, 0.0, 7.0, 15.0, 7.0, 13.0, 6.0, 15.0, 9.0, 0.0, 13.0, 15.0, 15.0, 13.0, 0.0, 0.0, 0.0]
B: [0.0, 61.0, 99.5129503025, 251.0, 257.94814406874, 299.0, 320.7546861389, 371.0, 380.19162363242, 402.0, 411.3920072402, 428.57698955029997, 447.12191899209995, 466.69438968439994, 470.92200899081996, 484.76418876862, 488.83513914906, 504.34653554006, 511.16944848103003, 529.0, 558.1196993288, 565.1896278998701, 581.9925723144701, 608.8258084405701]
