Avion: 3      Iteracion: 57

Num Ruta: 49
Ingresos: 130800.0
Costos: 367.793510869
Utilidad Ruta: 130432.206489
Costo Reducido: 27.4525058885
Nodos: [103, 17, 30, 62, 16, 61, 75, 24, 69, 36, 81, 34, 79, 39, 84, 6, 51, 41, 5, 50, 86, 43, 21, 88, 38, 66, 83, 913]
q: [0.0, 5.0, 10.0, -5.0, 5.0, -5.0, -10.0, 14.0, -14.0, 15.0, -15.0, 12.0, -12.0, 8.0, -8.0, 5.0, -5.0, 13.0, 2.0, -2.0, -13.0, 5.0, 7.0, -5.0, 8.0, -7.0, -8.0, 0.0]
Q: [0.0, 5.0, 15.0, 10.0, 15.0, 10.0, 0.0, 14.0, 0.0, 15.0, 0.0, 12.0, 0.0, 8.0, 0.0, 5.0, 0.0, 13.0, 15.0, 13.0, 0.0, 5.0, 12.0, 7.0, 15.0, 8.0, 0.0, 0.0]
B: [0.0, 24.0, 64.0, 67.14445448369, 72.47609381883, 82.10018525647, 84.97134181786, 109.70531270816, 148.21826301066, 251.0, 257.94814406874, 283.0, 323.947598037, 388.0, 410.632187455, 436.0, 439.69228939819, 458.80900930509, 469.0, 470.12168890518, 481.43821014628, 491.80435547618004, 502.54567816008006, 509.82868557460006, 519.9638494115001, 554.4462297963, 561.51615836737, 571.48013372864]
