Avion: 5      Iteracion: 29

Num Ruta: 31
Ingresos: 38400.0
Costos: 148.563505203
Utilidad Ruta: 38251.4364948
Costo Reducido: 56.9531811529
Nodos: [105, 1, 46, 7, 52, 37, 82, 915]
q: [0, 7.0, -7.0, 10.0, -10.0, 15.0, -15.0, 0]
Q: [0, 7.0, 0.0, 10.0, 0.0, 15.0, 0.0, 0]
B: [0.0, 175.0, 209.2400855285, 517.0, 545.5413118129, 562.0, 582.7946534714999, 607.8598314082]
