Avion: 6      Iteracion: 3

Num Ruta: 7
Ingresos: 194400.0
Costos: 586.940010135
Utilidad Ruta: 193813.05999
Costo Reducido: 298308.443799
Nodos: [106, 40, 85, 10, 55, 31, 11, 56, 76, 1, 46, 3, 48, 42, 18, 87, 26, 71, 63, 39, 84, 13, 58, 41, 5, 50, 86, 43, 21, 88, 38, 83, 66, 27, 72, 37, 82, 916]
q: [0.0, 15.0, -15.0, 12.0, -12.0, 6.0, 8.0, -8.0, -6.0, 7.0, -7.0, 15.0, -15.0, 5.0, 2.0, -5.0, 13.0, -13.0, -2.0, 8.0, -8.0, 15.0, -15.0, 3.0, 12.0, -12.0, -3.0, 5.0, 7.0, -5.0, 8.0, -8.0, -7.0, 6.0, -6.0, 15.0, -15.0, 0.0]
Q: [0.0, 15.0, 0.0, 12.0, 0.0, 6.0, 14.0, 6.0, 0.0, 7.0, 0.0, 15.0, 0.0, 5.0, 7.0, 2.0, 15.0, 2.0, 0.0, 8.0, 0.0, 15.0, 0.0, 3.0, 15.0, 3.0, 0.0, 5.0, 12.0, 7.0, 15.0, 7.0, 0.0, 6.0, 0.0, 15.0, 0.0, 0.0]
B: [0.0, 62.0, 94.5694417821, 111.75013586, 141.2696465944, 180.8778009316, 194.0605301255, 198.11459697251001, 201.80897554001, 220.79866963971, 255.03875516821, 262.13530707741, 267.21958883593, 288.84489052173, 300.66454588893, 337.40572851823, 344.30120710931, 361.88043507871, 373.31522453891, 388.0, 410.632187455, 423.0, 439.88315095, 474.68910223710003, 483.09446623874004, 484.21615514392005, 495.53267638502007, 505.8988217149201, 516.6401443988201, 523.9231518133402, 534.0583156502402, 566.9272022909402, 573.9971308620102, 587.1745790596102, 604.2054414277102, 611.0414070508002, 631.8360605223002, 653.1354130242001]
