Avion: 1      Iteracion: 3

Num Ruta: 6
Ingresos: 187200.0
Costos: 557.992824804
Utilidad Ruta: 186642.007175
Costo Reducido: 225683.604207
Nodos: [101, 40, 85, 10, 55, 1, 31, 76, 11, 56, 46, 3, 48, 42, 87, 35, 26, 80, 71, 28, 73, 25, 70, 13, 58, 5, 50, 41, 86, 7, 27, 72, 52, 911]
q: [0.0, 15.0, -15.0, 12.0, -12.0, 7.0, 6.0, -6.0, 8.0, -8.0, -7.0, 15.0, -15.0, 5.0, -5.0, 2.0, 13.0, -2.0, -13.0, 8.0, -8.0, 10.0, -10.0, 15.0, -15.0, 12.0, -12.0, 13.0, -13.0, 10.0, 5.0, -5.0, -10.0, 0.0]
Q: [0.0, 15.0, 0.0, 12.0, 0.0, 7.0, 13.0, 7.0, 15.0, 7.0, 0.0, 15.0, 0.0, 5.0, 0.0, 2.0, 15.0, 13.0, 0.0, 8.0, 0.0, 10.0, 0.0, 15.0, 0.0, 12.0, 0.0, 13.0, 0.0, 10.0, 15.0, 10.0, 0.0, 0.0]
B: [0.0, 62.0, 94.5694417821, 111.75013586, 141.2696465944, 179.6889877652, 188.58274973638, 201.88836373948, 202.367242638577, 206.42130948558702, 240.737038823587, 256.0, 261.08428175852, 282.70958344432, 330.75941809542, 334.81586789790003, 345.44308249060003, 354.73608787099005, 364.55790363998005, 378.0, 414.0266187839, 417.35999740026, 434.54497971036, 450.54604017526, 467.42919112526, 494.69347422606, 495.81516313124, 504.64140094811, 524.68252130101, 535.09267946501, 562.75600283731, 579.78686520541, 584.1867857728699, 602.15179353797]
