Avion: 7      Iteracion: 51

Num Ruta: 53
Ingresos: 40800.0
Costos: 134.27895817
Utilidad Ruta: 40665.7210418
Costo Reducido: 17.2169900885
Nodos: [107, 12, 57, 6, 51, 4, 7, 52, 49, 917]
q: [0, 14.0, -14.0, 5.0, -5.0, 5.0, 10.0, -10.0, -5.0, 0]
Q: [0, 14.0, 0.0, 5.0, 0.0, 5.0, 15.0, 5.0, 0.0, 0]
B: [0.0, 54.0, 97.347924264, 436.0, 439.69228939819, 529.0, 539.3633732925, 567.9046851054, 569.0650591830099, 575.8877091813599]
