Avion: 5      Iteracion: 60

Num Ruta: 56
Ingresos: 44400.0
Costos: 149.734815776
Utilidad Ruta: 44250.2651842
Costo Reducido: 5.95226888166
Nodos: [105, 11, 56, 44, 89, 37, 82, 915]
q: [0, 8.0, -8.0, 14.0, -14.0, 15.0, -15.0, 0]
Q: [0, 8.0, 0.0, 14.0, 0.0, 15.0, 0.0, 0]
B: [0.0, 169.0, 173.05406684701, 211.0, 265.00737440390003, 562.0, 582.7946534714999, 607.8598314082]
