Avion: 4      Iteracion: 34

Num Ruta: 36
Ingresos: 42000.0
Costos: 178.543400412
Utilidad Ruta: 41821.4565996
Costo Reducido: 20.8276328805
Nodos: [104, 24, 69, 1, 46, 32, 8, 53, 77, 914]
q: [0, 14.0, -14.0, 7.0, -7.0, 6.0, 8.0, -8.0, -6.0, 0]
Q: [0, 14.0, 0.0, 7.0, 0.0, 6.0, 14.0, 6.0, 0.0, 0]
B: [0.0, 61.0, 99.5129503025, 175.0, 209.2400855285, 422.0, 433.4468981388, 454.2152947548, 470.2643934834, 479.38154610908]
