Avion: 7      Iteracion: 21

Num Ruta: 23
Ingresos: 148800.0
Costos: 509.32162001
Utilidad Ruta: 148290.67838
Costo Reducido: 257.481459273
Nodos: [107, 12, 57, 1, 31, 76, 44, 42, 46, 89, 35, 87, 26, 80, 71, 22, 67, 8, 45, 90, 32, 77, 53, 13, 58, 7, 52, 2, 47, 29, 74, 917]
q: [0.0, 14.0, -14.0, 7.0, 6.0, -6.0, 3.0, 5.0, -7.0, -3.0, 6.0, -5.0, 9.0, -6.0, -9.0, 10.0, -10.0, 8.0, 7.0, -7.0, 6.0, -6.0, -8.0, 15.0, -15.0, 10.0, -10.0, 9.0, -9.0, 9.0, -9.0, 0.0]
Q: [0.0, 14.0, 0.0, 7.0, 13.0, 7.0, 10.0, 15.0, 8.0, 5.0, 11.0, 6.0, 15.0, 9.0, 0.0, 10.0, 0.0, 8.0, 15.0, 8.0, 14.0, 8.0, 0.0, 15.0, 0.0, 10.0, 0.0, 9.0, 0.0, 9.0, 0.0, 0.0]
B: [0.0, 54.0, 97.347924264, 175.0, 183.89376197118, 197.19937597428, 211.37053559518, 239.0, 264.0626014013, 280.07715041150004, 300.49336382140007, 304.5498136238801, 311.4452922149601, 320.7382975953501, 330.5601133643401, 344.1942940144401, 365.94898015334013, 414.0, 417.40515271317, 426.59677634559, 428.13238729892, 455.98974311382, 472.03884184241997, 474.24951798332995, 491.13266893332997, 517.0, 545.5413118129, 555.6714802715, 596.4064423189, 606.2111828560099, 639.9909626362099, 658.96156642211]
