Avion: 6      Iteracion: 53

Num Ruta: 54
Ingresos: 40800.0
Costos: 91.5891468089
Utilidad Ruta: 40708.4108532
Costo Reducido: 21.3171408184
Nodos: [106, 9, 54, 14, 59, 3, 48, 916]
q: [0, 11.0, -11.0, 8.0, -8.0, 15.0, -15.0, 0]
Q: [0, 11.0, 0.0, 8.0, 0.0, 15.0, 0.0, 0]
B: [0.0, 28.0, 57.5272370025, 112.0, 124.021711775, 256.0, 261.08428175852, 282.84755292811997]
