Avion: 7      Iteracion: 25

Num Ruta: 27
Ingresos: 91200.0
Costos: 281.170637384
Utilidad Ruta: 90918.8293626
Costo Reducido: 224.492034295
Nodos: [107, 40, 85, 45, 90, 8, 53, 41, 86, 32, 38, 77, 83, 27, 4, 7, 72, 49, 52, 917]
q: [0.0, 15.0, -15.0, 11.0, -11.0, 8.0, -8.0, 13.0, -13.0, 6.0, 8.0, -6.0, -8.0, 6.0, 5.0, 4.0, -6.0, -5.0, -4.0, 0.0]
Q: [0.0, 15.0, 0.0, 11.0, 0.0, 8.0, 0.0, 13.0, 0.0, 6.0, 14.0, 8.0, 0.0, 6.0, 11.0, 15.0, 9.0, 4.0, 0.0, 0.0]
B: [0.0, 62.0, 94.5694417821, 371.0, 380.19162363242, 414.0, 434.768396616, 450.7881267011, 470.829247054, 479.22624008722, 493.66321778342, 508.69366501562, 530.68974377982, 542.22547110842, 559.8402456457201, 570.2036189382201, 594.9281338374201, 600.3433923723401, 601.50376644995, 608.19321493245]
