Avion: 5      Iteracion: 55

Num Ruta: 52
Ingresos: 57600.0
Costos: 185.955148679
Utilidad Ruta: 57414.0448513
Costo Reducido: 8.06753693648
Nodos: [105, 24, 69, 36, 81, 29, 74, 33, 78, 915]
q: [0, 14.0, -14.0, 15.0, -15.0, 9.0, -9.0, 10.0, -10.0, 0]
Q: [0, 14.0, 0.0, 15.0, 0.0, 9.0, 0.0, 10.0, 0.0, 0]
B: [0.0, 61.0, 99.5129503025, 251.0, 257.94814406874, 549.0, 582.7797797802, 591.6312714624, 614.9347827, 631.1673746372]
