Avion: 5      Iteracion: 70

Num Ruta: 61
Ingresos: 44400.0
Costos: 163.687472545
Utilidad Ruta: 44236.3125275
Costo Reducido: 1.28748095327
Nodos: [105, 31, 11, 56, 76, 44, 89, 2, 47, 915]
q: [0, 6.0, 8.0, -8.0, -6.0, 14.0, -14.0, 9.0, -9.0, 0]
Q: [0, 6.0, 14.0, 6.0, 0.0, 14.0, 0.0, 9.0, 0.0, 0]
B: [0.0, 130.0, 169.0, 173.05406684701, 176.74844541451, 211.0, 265.00737440390003, 522.0, 562.7349620474, 573.7910456668001]
