Avion: 4      Iteracion: 5

Num Ruta: 8
Ingresos: 130800.0
Costos: 565.532363673
Utilidad Ruta: 130234.467636
Costo Reducido: 192809.124094
Nodos: [104, 16, 61, 40, 85, 10, 55, 42, 34, 87, 79, 39, 84, 19, 25, 70, 64, 5, 50, 21, 4, 66, 27, 49, 72, 914]
q: [0.0, 11.0, -11.0, 15.0, -15.0, 12.0, -12.0, 5.0, 10.0, -5.0, -10.0, 8.0, -8.0, 5.0, 10.0, -10.0, -5.0, 12.0, -12.0, 10.0, 5.0, -10.0, 6.0, -5.0, -6.0, 0.0]
Q: [0.0, 11.0, 0.0, 15.0, 0.0, 12.0, 0.0, 5.0, 15.0, 10.0, 0.0, 8.0, 0.0, 5.0, 15.0, 5.0, 0.0, 12.0, 0.0, 10.0, 15.0, 5.0, 11.0, 6.0, 0.0, 0.0]
B: [0.0, 36.0, 45.624091437640004, 77.27284989674001, 109.84229167884001, 127.02298575674001, 156.54249649114, 239.0, 283.0, 340.2647956864, 380.18891651580003, 389.52556827111005, 412.15775572611005, 443.68890104311004, 453.08090828331, 470.26589059341, 487.05274702931, 494.90306027147, 496.02474917665, 524.26433955965, 539.21212792445, 568.38192533545, 581.55937353305, 597.91018611225, 603.32544464717, 636.93763596227]
