Avion: 2      Iteracion: 18

Num Ruta: 22
Ingresos: 120000.0
Costos: 424.246506731
Utilidad Ruta: 119575.753493
Costo Reducido: 248.627014818
Nodos: [102, 40, 85, 30, 75, 10, 55, 35, 80, 22, 67, 18, 63, 39, 19, 64, 84, 6, 51, 27, 7, 52, 72, 912]
q: [0.0, 15.0, -15.0, 11.0, -11.0, 12.0, -12.0, 6.0, -6.0, 10.0, -10.0, 11.0, -11.0, 8.0, 7.0, -7.0, -8.0, 5.0, -5.0, 5.0, 10.0, -10.0, -5.0, 0.0]
Q: [0.0, 15.0, 0.0, 11.0, 0.0, 12.0, 0.0, 6.0, 0.0, 10.0, 0.0, 11.0, 0.0, 8.0, 15.0, 8.0, 0.0, 5.0, 0.0, 5.0, 15.0, 5.0, 0.0, 0.0]
B: [0.0, 62.0, 94.5694417821, 113.51249206450001, 132.22651472130002, 150.91956500740002, 180.43907574180002, 279.0, 298.9128833924, 314.02713802169995, 335.78182416059997, 349.182260758, 373.00049700669996, 388.0, 423.3907399471, 450.01785623859996, 456.33305829395994, 463.02130245815994, 466.7135918563499, 538.0, 565.6633233723, 594.2046351852, 598.60455575266, 604.84853917673]
