Avion: 3      Iteracion: 18

Num Ruta: 20
Ingresos: 98400.0
Costos: 338.361047368
Utilidad Ruta: 98061.6389526
Costo Reducido: 207.537949479
Nodos: [103, 17, 62, 30, 16, 61, 75, 40, 85, 35, 80, 22, 67, 18, 63, 39, 19, 64, 84, 6, 51, 913]
q: [0.0, 5.0, -5.0, 11.0, 4.0, -4.0, -11.0, 15.0, -15.0, 6.0, -6.0, 10.0, -10.0, 11.0, -11.0, 8.0, 7.0, -7.0, -8.0, 5.0, -5.0, 0.0]
Q: [0.0, 5.0, 0.0, 11.0, 15.0, 11.0, 0.0, 15.0, 0.0, 6.0, 0.0, 10.0, 0.0, 11.0, 0.0, 8.0, 15.0, 8.0, 0.0, 5.0, 0.0, 0.0]
B: [0.0, 24.0, 58.8425537813, 64.0, 72.20259129788, 81.82668273552001, 84.69783929691, 115.50769336991, 148.07713515201, 279.0, 298.9128833924, 314.02713802169995, 335.78182416059997, 349.182260758, 373.00049700669996, 388.0, 423.3907399471, 450.01785623859996, 456.33305829395994, 463.02130245815994, 466.7135918563499, 483.4387303012499]
