Avion: 6      Iteracion: 20

Num Ruta: 24
Ingresos: 18000.0
Costos: 28.3002669399
Utilidad Ruta: 17971.6997331
Costo Reducido: 38.1715985422
Nodos: [106, 3, 48, 916]
q: [0, 15.0, -15.0, 0]
Q: [0, 15.0, 0.0, 0]
B: [0.0, 256.0, 261.08428175852, 282.84755292811997]
