Avion: 1      Iteracion: 27

Num Ruta: 28
Ingresos: 105600.0
Costos: 320.458845759
Utilidad Ruta: 105279.541154
Costo Reducido: 95.4824327844
Nodos: [101, 16, 61, 10, 55, 31, 76, 36, 81, 34, 79, 25, 70, 19, 32, 64, 13, 58, 77, 911]
q: [0.0, 11.0, -11.0, 12.0, -12.0, 6.0, -6.0, 15.0, -15.0, 12.0, -12.0, 10.0, -10.0, 7.0, 6.0, -7.0, 9.0, -9.0, -6.0, 0.0]
Q: [0.0, 11.0, 0.0, 12.0, 0.0, 6.0, 0.0, 15.0, 0.0, 12.0, 0.0, 10.0, 0.0, 7.0, 13.0, 6.0, 15.0, 6.0, 0.0, 0.0]
B: [0.0, 36.0, 45.624091437640004, 96.0, 125.5195107344, 165.1276650716, 178.4332790747, 251.0, 257.94814406874, 283.0, 323.947598037, 410.0, 427.1849823101, 443.8578739909, 455.57278862989995, 475.14525932219993, 479.37287862861996, 496.25602957862, 500.32697995906, 510.64915037036]
