Avion: 1      Iteracion: 64

Num Ruta: 61
Ingresos: 44400.0
Costos: 128.009866298
Utilidad Ruta: 44271.9901337
Costo Reducido: 10.7308675094
Nodos: [101, 16, 61, 9, 54, 19, 8, 64, 53, 911]
q: [0, 11.0, -11.0, 11.0, -11.0, 7.0, 8.0, -7.0, -8.0, 0]
Q: [0, 11.0, 0.0, 11.0, 0.0, 7.0, 15.0, 8.0, 0.0, 0]
B: [0.0, 36.0, 45.624091437640004, 75.68094759394, 105.20818459644, 402.0, 425.1608815463, 443.1178409771, 446.04596016866, 453.01867327046]
