Avion: 1      Iteracion: 38

Num Ruta: 39
Ingresos: 74400.0
Costos: 186.404139879
Utilidad Ruta: 74213.5958601
Costo Reducido: 27.1844455486
Nodos: [101, 16, 61, 24, 69, 36, 81, 19, 32, 64, 13, 58, 77, 911]
q: [0.0, 11.0, -11.0, 14.0, -14.0, 15.0, -15.0, 7.0, 6.0, -7.0, 9.0, -9.0, -6.0, 0.0]
Q: [0.0, 11.0, 0.0, 14.0, 0.0, 15.0, 0.0, 7.0, 13.0, 6.0, 15.0, 6.0, 0.0, 0.0]
B: [0.0, 36.0, 45.624091437640004, 70.85029051714, 109.36324081964, 251.0, 257.94814406874, 402.0, 422.0, 441.5724706923, 445.80008999872, 462.68324094872, 466.75419132916005, 477.0763617404601]
