Avion: 7      Iteracion: 80

Num Ruta: 74
Ingresos: 100800.0
Costos: 279.853614899
Utilidad Ruta: 100520.146385
Costo Reducido: 3.18999620574
Nodos: [107, 24, 69, 1, 46, 3, 48, 23, 18, 63, 68, 28, 73, 25, 70, 20, 4, 49, 65, 917]
q: [0.0, 14.0, -14.0, 7.0, -7.0, 15.0, -15.0, 10.0, 5.0, -5.0, -10.0, 8.0, -8.0, 10.0, -10.0, 10.0, 5.0, -5.0, -10.0, 0.0]
Q: [0.0, 14.0, 0.0, 7.0, 0.0, 15.0, 0.0, 10.0, 15.0, 10.0, 0.0, 8.0, 0.0, 10.0, 0.0, 10.0, 15.0, 10.0, 0.0, 0.0]
B: [0.0, 61.0, 99.5129503025, 175.0, 209.2400855285, 256.0, 261.08428175852, 267.0, 293.0, 316.8182362487, 326.74376782137, 378.0, 414.0266187839, 417.35999740026, 434.54497971036, 496.0, 529.0, 549.4257496801999, 561.2869729308, 574.1676239236999]
