Avion: 3      Iteracion: 83

Num Ruta: 60
Ingresos: 141600.0
Costos: 355.277059924
Utilidad Ruta: 141244.72294
Costo Reducido: 5.59827160029
Nodos: [103, 17, 30, 62, 16, 61, 75, 14, 59, 3, 48, 23, 18, 63, 68, 22, 67, 45, 90, 19, 8, 64, 53, 13, 58, 29, 74, 913]
q: [0.0, 5.0, 10.0, -5.0, 5.0, -5.0, -10.0, 8.0, -8.0, 15.0, -15.0, 4.0, 11.0, -11.0, -4.0, 10.0, -10.0, 11.0, -11.0, 7.0, 8.0, -7.0, -8.0, 15.0, -15.0, 9.0, -9.0, 0.0]
Q: [0.0, 5.0, 15.0, 10.0, 15.0, 10.0, 0.0, 8.0, 0.0, 15.0, 0.0, 4.0, 15.0, 4.0, 0.0, 10.0, 0.0, 11.0, 0.0, 7.0, 15.0, 8.0, 0.0, 15.0, 0.0, 9.0, 0.0, 0.0]
B: [0.0, 24.0, 64.0, 67.14445448369, 72.47609381883, 82.10018525647, 84.97134181786, 112.76728247476, 124.78899424976, 256.0, 261.08428175852, 267.0, 293.0, 316.8182362487, 326.74376782137, 342.50019181287, 364.25487795177, 376.01755218007, 385.20917581249, 402.0, 425.1608815463, 443.1178409771, 446.04596016866, 448.25663630956996, 465.13978725956997, 549.0, 582.7797797802, 601.4169443982]
