Avion: 6      Iteracion: 74

Num Ruta: 66
Ingresos: 147600.0
Costos: 414.114431089
Utilidad Ruta: 147185.885569
Costo Reducido: 2.41784609741
Nodos: [106, 24, 75, 30, 69, 36, 81, 42, 18, 87, 26, 71, 63, 28, 73, 25, 43, 70, 88, 15, 20, 60, 7, 52, 65, 37, 82, 916]
q: [0.0, 14.0, -11.0, 11.0, -14.0, 15.0, -15.0, 5.0, 10.0, -5.0, 5.0, -5.0, -10.0, 8.0, -8.0, 10.0, 5.0, -10.0, -5.0, 10.0, 5.0, -10.0, 10.0, -10.0, -5.0, 15.0, -15.0, 0.0]
Q: [0.0, 14.0, 3.0, 14.0, 0.0, 15.0, 0.0, 5.0, 15.0, 10.0, 15.0, 10.0, 0.0, 8.0, 0.0, 10.0, 15.0, 5.0, 0.0, 10.0, 15.0, 5.0, 15.0, 5.0, 0.0, 15.0, 0.0, 0.0]
B: [0.0, 61.0, 85.7339708903, 104.4479935471, 124.716114945, 251.0, 257.94814406874, 282.45112780544, 294.27078317264, 331.01196580194, 337.90744439302, 355.48667236242, 366.92146182262, 378.0, 414.0266187839, 417.35999740026, 451.0, 464.0372215215, 471.78639754221, 511.0, 521.3008920973, 527.43474414964, 538.3394837155399, 566.8807955284399, 579.8444800741398, 591.4219980292398, 612.2166515007398, 633.5160040026398]
