Avion: 4      Iteracion: 9

Num Ruta: 11
Ingresos: 142800.0
Costos: 539.951157841
Utilidad Ruta: 142260.048842
Costo Reducido: 143406.604389
Nodos: [104, 12, 40, 85, 57, 14, 59, 11, 56, 36, 81, 34, 79, 26, 71, 45, 90, 32, 19, 77, 64, 41, 86, 15, 60, 7, 4, 49, 52, 914]
q: [0.0, 0.0, 0.0, 0.0, 0.0, 8.0, -8.0, 8.0, -8.0, 15.0, -15.0, 12.0, -12.0, 13.0, -13.0, 11.0, -11.0, 6.0, 7.0, -6.0, -7.0, 13.0, -13.0, 11.0, -11.0, 10.0, 5.0, -5.0, -10.0, 0.0]
Q: [0.0, 0.0, 0.0, 0.0, 0.0, 8.0, 0.0, 8.0, 0.0, 15.0, 0.0, 12.0, 0.0, 13.0, 0.0, 11.0, 0.0, 6.0, 13.0, 7.0, 0.0, 13.0, 0.0, 11.0, 0.0, 10.0, 15.0, 10.0, 0.0, 0.0]
B: [0.0, 54.0, 73.792962512, 106.3624042941, 127.2310713574, 163.7503051391, 175.7720169141, 205.22044602329998, 209.27451287031, 251.0, 257.94814406874, 283.0, 323.947598037, 358.0226741044, 375.6019020738, 399.12805450039997, 408.31967813281994, 422.0, 433.71491463899997, 461.3697862171, 478.4971626653, 493.68817296739996, 513.7292933202999, 536.3191663831999, 552.7403329982999, 563.6450725641998, 574.0084458566998, 594.4341955368998, 595.5945696145097, 628.8626250732098]
