Avion: 2      Iteracion: 32

Num Ruta: 35
Ingresos: 45600.0
Costos: 156.269989307
Utilidad Ruta: 45443.7300107
Costo Reducido: 14.8460715799
Nodos: [102, 12, 57, 13, 58, 29, 74, 912]
q: [0, 14.0, -14.0, 15.0, -15.0, 9.0, -9.0, 0]
Q: [0, 14.0, 0.0, 15.0, 0.0, 9.0, 0.0, 0]
B: [0.0, 54.0, 97.347924264, 423.0, 439.88315095, 549.0, 582.7797797802, 603.3268886036]
