Avion: 1      Iteracion: 93

Num Ruta: 75
Ingresos: 51600.0
Costos: 176.000317042
Utilidad Ruta: 51423.999683
Costo Reducido: 2.90379908914
Nodos: [101, 16, 61, 14, 59, 18, 63, 21, 66, 911]
q: [0, 11.0, -11.0, 8.0, -8.0, 11.0, -11.0, 13.0, -13.0, 0]
Q: [0, 11.0, 0.0, 8.0, 0.0, 11.0, 0.0, 13.0, 0.0, 0]
B: [0.0, 36.0, 45.624091437640004, 112.0, 124.021711775, 293.0, 316.8182362487, 477.0, 517.7387906792, 539.9369507156]
