Avion: 1      Iteracion: 31

Num Ruta: 32
Ingresos: 58800.0
Costos: 243.896145952
Utilidad Ruta: 58556.103854
Costo Reducido: 20.1447891063
Nodos: [101, 31, 14, 59, 76, 34, 79, 39, 84, 19, 8, 64, 53, 911]
q: [0, 6.0, 8.0, -8.0, -6.0, 12.0, -12.0, 8.0, -8.0, 7.0, 8.0, -7.0, -8.0, 0]
Q: [0, 6.0, 14.0, 6.0, 0.0, 12.0, 0.0, 8.0, 0.0, 7.0, 15.0, 8.0, 0.0, 0]
B: [0.0, 130.0, 147.5196824172, 159.5413941922, 188.60695116259998, 283.0, 323.947598037, 388.0, 410.632187455, 442.163332772, 465.3242143183, 483.2811737491, 486.20929294065996, 493.18200604246]
