Avion: 4      Iteracion: 48

Num Ruta: 44
Ingresos: 84000.0
Costos: 228.595473989
Utilidad Ruta: 83771.404526
Costo Reducido: 9.23077231519
Nodos: [104, 1, 46, 3, 48, 23, 68, 28, 73, 19, 8, 64, 53, 13, 58, 914]
q: [0, 7.0, -7.0, 15.0, -15.0, 10.0, -10.0, 8.0, -8.0, 7.0, 8.0, -7.0, -8.0, 15.0, -15.0, 0]
Q: [0, 7.0, 0.0, 15.0, 0.0, 10.0, 0.0, 8.0, 0.0, 7.0, 15.0, 8.0, 0.0, 15.0, 0.0, 0]
B: [0.0, 175.0, 209.2400855285, 256.0, 261.08428175852, 267.0, 306.733842905, 378.0, 414.0266187839, 426.5624120576, 449.7232936039, 467.6802530347, 470.60837222626, 472.81904836716996, 489.70219931716997, 500.51792347226996]
