Avion: 1      Iteracion: 98

Num Ruta: 76
Ingresos: 110400.0
Costos: 296.027652554
Utilidad Ruta: 110103.972347
Costo Reducido: 3.98446025037
Nodos: [101, 30, 16, 61, 75, 40, 85, 26, 71, 28, 73, 25, 43, 70, 88, 15, 60, 7, 4, 52, 49, 911]
q: [0.0, 11.0, 4.0, -4.0, -11.0, 15.0, -15.0, 13.0, -13.0, 8.0, -8.0, 10.0, 5.0, -10.0, -5.0, 11.0, -11.0, 10.0, 5.0, -10.0, -5.0, 0.0]
Q: [0.0, 11.0, 15.0, 11.0, 0.0, 15.0, 0.0, 13.0, 0.0, 8.0, 0.0, 10.0, 15.0, 5.0, 0.0, 11.0, 0.0, 10.0, 15.0, 5.0, 0.0, 0.0]
B: [0.0, 64.0, 72.20259129788, 81.82668273552001, 84.69783929691, 115.50769336991, 148.07713515201, 300.0, 317.5792279694, 378.0, 414.0266187839, 417.35999740026, 451.0, 464.0372215215, 471.78639754221, 511.0, 527.4211666151, 538.3259061809999, 548.6892794734999, 567.9616404602, 569.12201453781, 588.05708094911]
