Avion: 4      Iteracion: 22

Num Ruta: 24
Ingresos: 98400.0
Costos: 268.001460591
Utilidad Ruta: 98131.9985394
Costo Reducido: 138.011125324
Nodos: [104, 9, 54, 14, 59, 3, 48, 23, 68, 28, 73, 19, 8, 64, 53, 13, 58, 914]
q: [0, 11.0, -11.0, 8.0, -8.0, 15.0, -15.0, 10.0, -10.0, 8.0, -8.0, 7.0, 8.0, -7.0, -8.0, 15.0, -15.0, 0]
Q: [0, 11.0, 0.0, 8.0, 0.0, 15.0, 0.0, 10.0, 0.0, 8.0, 0.0, 7.0, 15.0, 8.0, 0.0, 15.0, 0.0, 0]
B: [0.0, 34.2318085996, 63.7590456021, 112.0, 124.021711775, 256.0, 261.08428175852, 267.0, 306.733842905, 378.0, 414.0266187839, 426.5624120576, 449.7232936039, 467.6802530347, 470.60837222626, 472.81904836716996, 489.70219931716997, 500.51792347226996]
