Avion: 3      Iteracion: 15

Num Ruta: 17
Ingresos: 142800.0
Costos: 588.779317027
Utilidad Ruta: 142211.220683
Costo Reducido: 3408.60013364
Nodos: [103, 16, 61, 10, 55, 31, 11, 76, 56, 44, 89, 23, 35, 80, 68, 28, 73, 25, 70, 6, 51, 38, 20, 83, 27, 65, 2, 72, 47, 913]
q: [0.0, 11.0, -11.0, 12.0, -12.0, 6.0, 8.0, -6.0, -8.0, 14.0, -14.0, 9.0, 6.0, -6.0, -9.0, 8.0, -8.0, 10.0, -10.0, 5.0, -5.0, 8.0, 7.0, -8.0, 6.0, -7.0, 9.0, -6.0, -9.0, 0.0]
Q: [0.0, 11.0, 0.0, 12.0, 0.0, 6.0, 14.0, 8.0, 0.0, 14.0, 0.0, 9.0, 15.0, 9.0, 0.0, 8.0, 0.0, 10.0, 0.0, 5.0, 0.0, 8.0, 15.0, 7.0, 13.0, 6.0, 15.0, 9.0, 0.0, 0.0]
B: [0.0, 36.0, 45.624091437640004, 96.0, 125.5195107344, 165.1276650716, 178.3103942655, 178.789273164597, 182.483651732097, 211.0, 265.00737440390003, 285.83796549010003, 326.27851703180005, 346.1914004242, 358.809945903, 378.0, 414.0266187839, 417.35999740026, 434.54497971036, 460.04675019796, 463.73903959615, 494.13208225395, 496.21315169056, 530.83948717386, 542.37521450246, 568.6759778563601, 576.0062751218201, 587.45834820922, 616.7988785555201, 652.8438152041201]
