Avion: 1      Iteracion: 42

Num Ruta: 43
Ingresos: 100800.0
Costos: 279.117778899
Utilidad Ruta: 100520.882221
Costo Reducido: 21.4036393096
Nodos: [101, 9, 54, 14, 59, 3, 48, 8, 45, 90, 32, 53, 6, 51, 13, 77, 58, 20, 7, 4, 65, 49, 52, 911]
q: [0.0, 11.0, -11.0, 8.0, -8.0, 15.0, -15.0, 8.0, 7.0, -7.0, 6.0, -8.0, 5.0, -5.0, 9.0, -6.0, -9.0, 10.0, 0.0, 5.0, -10.0, -5.0, 0.0, 0.0]
Q: [0.0, 11.0, 0.0, 8.0, 0.0, 15.0, 0.0, 8.0, 15.0, 8.0, 14.0, 6.0, 11.0, 6.0, 15.0, 9.0, 0.0, 10.0, 10.0, 15.0, 5.0, 0.0, 0.0, 0.0]
B: [0.0, 28.0, 57.5272370025, 112.0, 124.021711775, 256.0, 261.08428175852, 414.0, 417.40515271317, 426.59677634559, 428.13238729892, 450.51212199352, 459.70279362295, 463.39508302114, 476.80514912834, 490.64732890614005, 494.71827928658007, 508.64886452198004, 517.39181894254, 529.0, 561.0963231072, 572.9575463578, 574.1179204354099, 592.08292820051]
