Avion: 2      Iteracion: 5

Num Ruta: 9
Ingresos: 168000.0
Costos: 571.380189213
Utilidad Ruta: 167428.619811
Costo Reducido: 269340.825817
Nodos: [102, 16, 61, 40, 85, 31, 76, 14, 59, 42, 23, 87, 68, 26, 71, 45, 90, 25, 70, 5, 50, 21, 66, 27, 4, 72, 49, 37, 82, 912]
q: [0, 11.0, -11.0, 15.0, -15.0, 6.0, -6.0, 8.0, -8.0, 5.0, 10.0, -5.0, -10.0, 13.0, -13.0, 11.0, -11.0, 10.0, -10.0, 12.0, -12.0, 13.0, -13.0, 6.0, 5.0, -6.0, -5.0, 15.0, -15.0, 0]
Q: [0, 11.0, 0.0, 15.0, 0.0, 6.0, 0.0, 8.0, 0.0, 5.0, 15.0, 10.0, 0.0, 13.0, 0.0, 11.0, 0.0, 10.0, 0.0, 12.0, 0.0, 13.0, 0.0, 6.0, 11.0, 5.0, 0.0, 15.0, 0.0, 0]
B: [0.0, 36.0, 45.624091437640004, 77.27284989674001, 109.84229167884001, 133.18078068304, 146.48639468614002, 163.53240125664001, 175.55411303164001, 239.0, 267.0, 304.0156388571, 330.3759948486, 350.0623676227, 367.6415955921, 391.16774801869997, 400.35937165111994, 421.38558652681996, 438.57056883691996, 469.0, 470.12168890518, 498.36127928818, 539.10006996738, 552.27751816498, 569.8922927022801, 585.9794933599801, 591.3947518949001, 598.4591239830601, 619.2537774545601, 636.0746392636602]
