Avion: 2      Iteracion: 21

Num Ruta: 24
Ingresos: 81600.0
Costos: 325.718708522
Utilidad Ruta: 81274.2812915
Costo Reducido: 150.905186293
Nodos: [102, 12, 57, 10, 55, 35, 80, 22, 67, 8, 53, 2, 47, 29, 74, 912]
q: [0, 14.0, -14.0, 12.0, -12.0, 6.0, -6.0, 10.0, -10.0, 8.0, -8.0, 9.0, -9.0, 9.0, -9.0, 0]
Q: [0, 14.0, 0.0, 12.0, 0.0, 6.0, 0.0, 10.0, 0.0, 8.0, 0.0, 9.0, 0.0, 9.0, 0.0, 0]
B: [0.0, 54.0, 97.347924264, 106.06569462115, 135.58520535555, 279.0, 298.9128833924, 314.02713802169995, 335.78182416059997, 414.0, 434.768396616, 522.0, 562.7349620474, 572.53970258451, 606.31948236471, 626.86659118811]
