Avion: 5      Iteracion: 71

Num Ruta: 62
Ingresos: 37200.0
Costos: 155.796869548
Utilidad Ruta: 37044.2031305
Costo Reducido: 1.82692938414
Nodos: [105, 11, 56, 44, 89, 2, 47, 915]
q: [0, 8.0, -8.0, 14.0, -14.0, 9.0, -9.0, 0]
Q: [0, 8.0, 0.0, 14.0, 0.0, 9.0, 0.0, 0]
B: [0.0, 169.0, 173.05406684701, 211.0, 265.00737440390003, 522.0, 562.7349620474, 573.7910456668001]
