Avion: 3      Iteracion: 55

Num Ruta: 47
Ingresos: 124800.0
Costos: 352.056242233
Utilidad Ruta: 124447.943758
Costo Reducido: 32.3963337839
Nodos: [103, 17, 30, 62, 16, 61, 75, 24, 69, 36, 81, 34, 79, 39, 84, 13, 58, 38, 43, 88, 21, 66, 83, 913]
q: [0.0, 5.0, 10.0, -5.0, 5.0, -5.0, -10.0, 14.0, -14.0, 15.0, -15.0, 12.0, -12.0, 8.0, -8.0, 15.0, -15.0, 8.0, 5.0, -5.0, 7.0, -7.0, -8.0, 0.0]
Q: [0.0, 5.0, 15.0, 10.0, 15.0, 10.0, 0.0, 14.0, 0.0, 15.0, 0.0, 12.0, 0.0, 8.0, 0.0, 15.0, 0.0, 8.0, 13.0, 8.0, 15.0, 8.0, 0.0, 0.0]
B: [0.0, 24.0, 64.0, 67.14445448369, 72.47609381883, 82.10018525647, 84.97134181786, 109.70531270816, 148.21826301066, 251.0, 257.94814406874, 283.0, 323.947598037, 388.0, 410.632187455, 423.0, 439.88315095, 480.0, 488.71731541244, 505.97963651943996, 513.2626439339599, 554.0014346131599, 561.0713631842299, 571.0353385454998]
