Avion: 2      Iteracion: 85

Num Ruta: 56
Ingresos: 52800.0
Costos: 192.030618462
Utilidad Ruta: 52607.9693815
Costo Reducido: 9.18091261981
Nodos: [102, 44, 89, 18, 63, 39, 84, 6, 51, 27, 72, 912]
q: [0, 14.0, -14.0, 11.0, -11.0, 8.0, -8.0, 5.0, -5.0, 6.0, -6.0, 0]
Q: [0, 14.0, 0.0, 11.0, 0.0, 8.0, 0.0, 5.0, 0.0, 6.0, 0.0, 0]
B: [0.0, 211.0, 265.00737440390003, 293.45392730580005, 317.2721635545, 388.0, 410.632187455, 436.0, 439.69228939819, 538.0, 555.0308623681, 561.27484579217]
