Avion: 7      Iteracion: 19

Num Ruta: 21
Ingresos: 118800.0
Costos: 449.323474303
Utilidad Ruta: 118350.676526
Costo Reducido: 181.052498267
Nodos: [107, 9, 54, 12, 57, 1, 42, 46, 87, 26, 71, 22, 67, 32, 25, 70, 77, 6, 51, 33, 78, 29, 74, 917]
q: [0.0, 11.0, -11.0, 14.0, -14.0, 7.0, 5.0, -7.0, -5.0, 13.0, -13.0, 10.0, -10.0, 6.0, 9.0, -9.0, -6.0, 5.0, -5.0, 10.0, -10.0, 9.0, -9.0, 0.0]
Q: [0.0, 11.0, 0.0, 14.0, 0.0, 7.0, 12.0, 5.0, 0.0, 13.0, 0.0, 10.0, 0.0, 6.0, 15.0, 6.0, 0.0, 5.0, 0.0, 10.0, 0.0, 9.0, 0.0, 0.0]
B: [0.0, 28.0, 57.5272370025, 68.3142737596, 111.6621980236, 175.0, 239.0, 264.0626014013, 296.3417007227, 303.23717931378, 320.81640728318, 334.45058793328, 356.20527407218003, 422.0, 442.6664482919, 459.851430602, 470.8364988767, 491.2284706548, 494.92076005299, 562.0, 585.3035112376, 603.6868304428, 637.466610223, 656.4372140089]
