Avion: 2      Iteracion: 8

Num Ruta: 12
Ingresos: 145200.0
Costos: 601.408321161
Utilidad Ruta: 144598.591679
Costo Reducido: 207716.346203
Nodos: [102, 17, 62, 10, 55, 31, 76, 44, 42, 89, 22, 87, 67, 45, 90, 32, 8, 53, 77, 5, 50, 20, 7, 52, 65, 27, 72, 37, 82, 912]
q: [0.0, 5.0, -5.0, 12.0, -12.0, 6.0, -6.0, 14.0, 1.0, -14.0, 10.0, -1.0, -10.0, 11.0, -11.0, 6.0, 8.0, -8.0, -6.0, 12.0, -12.0, 10.0, 5.0, -5.0, -10.0, 6.0, -6.0, 15.0, -15.0, 0.0]
Q: [0.0, 5.0, 0.0, 12.0, 0.0, 6.0, 0.0, 14.0, 15.0, 1.0, 11.0, 10.0, 0.0, 11.0, 0.0, 6.0, 14.0, 6.0, 0.0, 12.0, 0.0, 10.0, 15.0, 10.0, 0.0, 6.0, 0.0, 15.0, 0.0, 0.0]
B: [0.0, 36.2584976247, 71.101051406, 96.0, 125.5195107344, 165.1276650716, 178.4332790747, 211.0, 239.0, 276.4881823646, 303.6585870359, 334.2911100303, 374.6084775287, 386.371151757, 395.56277538942, 422.0, 433.4468981388, 454.2152947548, 470.2643934834, 495.2066285476, 496.32831745278, 519.89227658528, 528.63523100584, 557.1765428187399, 570.1402273644399, 596.4409907183399, 613.4718530864399, 620.3078187095299, 641.10247218103, 657.92333399013]
