Avion: 1      Iteracion: 46

Num Ruta: 47
Ingresos: 99600.0
Costos: 311.76993681
Utilidad Ruta: 99288.2300632
Costo Reducido: 14.6431204287
Nodos: [101, 9, 54, 12, 57, 31, 76, 36, 81, 34, 79, 39, 28, 84, 73, 25, 70, 911]
q: [0.0, 11.0, -11.0, 14.0, -14.0, 6.0, -6.0, 15.0, -15.0, 12.0, -12.0, 7.0, 8.0, -7.0, -8.0, 10.0, -10.0, 0.0]
Q: [0.0, 11.0, 0.0, 14.0, 0.0, 6.0, 0.0, 15.0, 0.0, 12.0, 0.0, 7.0, 15.0, 8.0, 0.0, 10.0, 0.0, 0.0]
B: [0.0, 28.0, 57.5272370025, 68.3142737596, 111.6621980236, 132.5795314101, 145.8851454132, 251.0, 257.94814406874, 283.0, 323.947598037, 388.0, 399.3210123222, 412.3114993416, 448.3244104708, 451.65778908716, 468.84277139726, 479.68317531035996]
