Avion: 3      Iteracion: 11

Num Ruta: 13
Ingresos: 69600.0
Costos: 313.420491122
Utilidad Ruta: 69286.5795089
Costo Reducido: 73568.1002743
Nodos: [103, 17, 62, 24, 69, 23, 68, 18, 63, 41, 86, 6, 51, 913]
q: [0, 5.0, -5.0, 14.0, -14.0, 10.0, -10.0, 11.0, -11.0, 13.0, -13.0, 5.0, -5.0, 0]
Q: [0, 5.0, 0.0, 14.0, 0.0, 10.0, 0.0, 11.0, 0.0, 13.0, 0.0, 5.0, 0.0, 0]
B: [0.0, 24.0, 58.8425537813, 75.400837086, 113.9137873885, 267.0, 306.733842905, 332.1731543147, 355.9913905634, 446.0, 466.0411203529, 488.99274691840003, 492.68503631659, 509.41017476149]
