Avion: 1      Iteracion: 43

Num Ruta: 44
Ingresos: 78000.0
Costos: 205.782587258
Utilidad Ruta: 77794.2174127
Costo Reducido: 16.0689040139
Nodos: [101, 16, 61, 40, 85, 31, 11, 76, 56, 25, 70, 7, 4, 52, 49, 911]
q: [0, 11.0, -11.0, 15.0, -15.0, 6.0, 8.0, -6.0, -8.0, 10.0, -10.0, 10.0, 5.0, -10.0, -5.0, 0]
Q: [0, 11.0, 0.0, 15.0, 0.0, 6.0, 14.0, 8.0, 0.0, 10.0, 0.0, 10.0, 15.0, 5.0, 0.0, 0]
B: [0.0, 36.0, 45.624091437640004, 77.27284989674001, 109.84229167884001, 133.18078068304, 169.0, 169.478878899097, 173.173257466597, 410.0, 427.1849823101, 517.0, 529.0, 548.2723609867, 549.43273506431, 568.36780147561]
