Avion: 3      Iteracion: 0

Num Ruta: 1
Ingresos: 68400.0
Costos: 273.400477596
Utilidad Ruta: 68126.5995224
Costo Reducido: -
Nodos: [103, 3, 48, 18, 63, 19, 64, 6, 51, 33, 78, 29, 74, 913]
q: [0, 15.0, -15.0, 11.0, -11.0, 7.0, -7.0, 5.0, -5.0, 10.0, -10.0, 9.0, -9.0, 0]
Q: [0, 15.0, 0.0, 11.0, 0.0, 7.0, 0.0, 5.0, 0.0, 10.0, 0.0, 9.0, 0.0, 0]
B: [0.0, 256.0, 261.08428175852, 293.0, 316.8182362487, 402.0, 428.6271162915, 440.41813528899996, 444.11042468718995, 562.0, 585.3035112376, 603.6868304428, 637.466610223, 656.103774841]
