Avion: 5      Iteracion: 78

Num Ruta: 64
Ingresos: 21600.0
Costos: 79.9222015322
Utilidad Ruta: 21520.0777985
Costo Reducido: 1.07898137855
Nodos: [105, 10, 55, 35, 80, 915]
q: [0, 12.0, -12.0, 6.0, -6.0, 0]
Q: [0, 12.0, 0.0, 6.0, 0.0, 0]
B: [0.0, 96.0, 125.5195107344, 279.0, 298.9128833924, 318.0352895433]
