Avion: 6      Iteracion: 11

Num Ruta: 15
Ingresos: 39600.0
Costos: 215.1175977
Utilidad Ruta: 39384.8824023
Costo Reducido: 60910.312171
Nodos: [106, 17, 62, 41, 86, 20, 4, 49, 65, 916]
q: [0, 5.0, -5.0, 13.0, -13.0, 10.0, 5.0, -5.0, -10.0, 0]
Q: [0, 5.0, 0.0, 13.0, 0.0, 10.0, 15.0, 10.0, 0.0, 0]
B: [0.0, 49.2628851063, 84.1054388876, 446.0, 466.0411203529, 496.0, 529.0, 549.4257496801999, 561.2869729308, 599.0482083449]
