Avion: 7      Iteracion: 0

Num Ruta: 1
Ingresos: 102000.0
Costos: 426.981830801
Utilidad Ruta: 101573.018169
Costo Reducido: -
Nodos: [107, 16, 61, 30, 75, 14, 59, 44, 89, 35, 80, 26, 71, 39, 84, 8, 53, 32, 77, 917]
q: [0, 11.0, -11.0, 11.0, -11.0, 8.0, -8.0, 14.0, -14.0, 6.0, -6.0, 13.0, -13.0, 8.0, -8.0, 8.0, -8.0, 6.0, -6.0, 0]
Q: [0, 11.0, 0.0, 11.0, 0.0, 8.0, 0.0, 14.0, 0.0, 6.0, 0.0, 13.0, 0.0, 8.0, 0.0, 8.0, 0.0, 6.0, 0.0, 0]
B: [0.0, 36.0, 45.624091437640004, 64.0, 82.7140226568, 112.0, 124.021711775, 211.0, 265.00737440390003, 285.42358781380005, 305.33647120620003, 314.62947658659004, 332.20870455599004, 388.0, 410.632187455, 434.7301572658, 455.49855388180004, 477.87828857640005, 505.73564439130007, 538.1122593008]
