Avion: 5      Iteracion: 63

Num Ruta: 59
Ingresos: 25200.0
Costos: 69.9422539262
Utilidad Ruta: 25130.0577461
Costo Reducido: 3.58973803014
Nodos: [105, 27, 72, 37, 82, 915]
q: [0, 6.0, -6.0, 15.0, -15.0, 0]
Q: [0, 6.0, 0.0, 15.0, 0.0, 0]
B: [0.0, 538.0, 555.0308623681, 562.0, 582.7946534714999, 607.8598314082]
