Avion: 6      Iteracion: 17

Num Ruta: 21
Ingresos: 62400.0
Costos: 270.775332979
Utilidad Ruta: 62129.224667
Costo Reducido: 139.478164294
Nodos: [106, 24, 69, 39, 84, 19, 25, 70, 64, 20, 38, 83, 65, 916]
q: [0.0, 14.0, -14.0, 8.0, -8.0, 7.0, 8.0, -8.0, -7.0, 7.0, 8.0, -8.0, -7.0, 0.0]
Q: [0.0, 14.0, 0.0, 8.0, 0.0, 7.0, 15.0, 7.0, 0.0, 7.0, 15.0, 7.0, 0.0, 0.0]
B: [0.0, 61.0, 99.5129503025, 388.0, 410.632187455, 442.163332772, 451.55534001219996, 468.74032232229996, 485.52717875819997, 504.41994949199994, 506.50101892860994, 539.3699055693099, 566.7469132948099, 604.50814870891]
