Avion: 3      Iteracion: 2

Num Ruta: 5
Ingresos: 144000.0
Costos: 536.787785773
Utilidad Ruta: 143463.212214
Costo Reducido: 204869.431779
Nodos: [103, 24, 69, 44, 89, 36, 81, 26, 71, 45, 90, 25, 70, 13, 58, 38, 4, 83, 49, 37, 82, 913]
q: [0, 14.0, -14.0, 14.0, -14.0, 15.0, -15.0, 13.0, -13.0, 11.0, -11.0, 10.0, -10.0, 15.0, -15.0, 8.0, 5.0, -8.0, -5.0, 15.0, -15.0, 0]
Q: [0, 14.0, 0.0, 14.0, 0.0, 15.0, 0.0, 13.0, 0.0, 11.0, 0.0, 10.0, 0.0, 15.0, 0.0, 8.0, 13.0, 5.0, 0.0, 15.0, 0.0, 0]
B: [0.0, 61.0, 99.5129503025, 211.0, 265.00737440390003, 304.21876092620005, 311.16690499494007, 351.4692894529401, 369.04851742234007, 392.57466984894006, 401.76629348136004, 422.79250835706006, 439.97749066716005, 455.97855113206003, 472.86170208206005, 486.35676136316005, 529.0, 558.1196993288, 579.8222344111, 586.88660649926, 607.68125997076, 661.1065181357601]
