Avion: 3      Iteracion: 33

Num Ruta: 33
Ingresos: 38400.0
Costos: 126.413029761
Utilidad Ruta: 38273.5869702
Costo Reducido: 31.6464641852
Nodos: [103, 17, 62, 31, 76, 11, 56, 21, 66, 913]
q: [0, 5.0, -5.0, 6.0, -6.0, 8.0, -8.0, 13.0, -13.0, 0]
Q: [0, 5.0, 0.0, 6.0, 0.0, 8.0, 0.0, 13.0, 0.0, 0]
B: [0.0, 24.0, 58.8425537813, 130.0, 143.3056140031, 169.0, 173.05406684701, 477.0, 517.7387906792, 534.7289915314999]
