Avion: 5      Iteracion: 34

Num Ruta: 35
Ingresos: 20400.0
Costos: 56.5208614378
Utilidad Ruta: 20343.4791386
Costo Reducido: 35.1311416657
Nodos: [105, 31, 76, 15, 60, 915]
q: [0, 6.0, -6.0, 11.0, -11.0, 0]
Q: [0, 6.0, 0.0, 11.0, 0.0, 0]
B: [0.0, 130.0, 143.3056140031, 511.0, 527.4211666151, 532.20771547623]
