Avion: 2      Iteracion: 46

Num Ruta: 43
Ingresos: 34800.0
Costos: 108.874979312
Utilidad Ruta: 34691.1250207
Costo Reducido: 8.76799284219
Nodos: [102, 44, 89, 37, 82, 912]
q: [0, 14.0, -14.0, 15.0, -15.0, 0]
Q: [0, 14.0, 0.0, 15.0, 0.0, 0]
B: [0.0, 211.0, 265.00737440390003, 562.0, 582.7946534714999, 599.6155152806]
