Avion: 1      Iteracion: 28

Num Ruta: 29
Ingresos: 87600.0
Costos: 334.531657233
Utilidad Ruta: 87265.4683428
Costo Reducido: 130.703472972
Nodos: [101, 9, 54, 12, 57, 10, 55, 1, 46, 45, 90, 32, 19, 77, 64, 6, 51, 911]
q: [0, 11.0, -11.0, 14.0, -14.0, 12.0, -12.0, 7.0, -7.0, 11.0, -11.0, 6.0, 7.0, -6.0, -7.0, 5.0, -5.0, 0]
Q: [0, 11.0, 0.0, 14.0, 0.0, 12.0, 0.0, 7.0, 0.0, 11.0, 0.0, 6.0, 13.0, 7.0, 0.0, 5.0, 0.0, 0]
B: [0.0, 28.0, 57.5272370025, 68.3142737596, 111.6621980236, 120.37996838075, 149.89947911515, 188.31882028595, 222.55890581445001, 371.0, 380.19162363242, 422.0, 433.71491463899997, 461.3697862171, 478.4971626653, 490.28818166279996, 493.98047106098994, 512.09856466929]
