Avion: 6      Iteracion: 45

Num Ruta: 48
Ingresos: 122400.0
Costos: 400.650530707
Utilidad Ruta: 121999.349469
Costo Reducido: 17.178310783
Nodos: [106, 40, 85, 1, 31, 76, 11, 56, 42, 46, 23, 87, 35, 80, 68, 6, 51, 13, 58, 43, 88, 21, 38, 66, 83, 27, 72, 916]
q: [0.0, 15.0, -15.0, 7.0, 6.0, -6.0, 8.0, -8.0, 5.0, -7.0, 9.0, -5.0, 6.0, -6.0, -9.0, 5.0, -5.0, 15.0, -15.0, 5.0, -5.0, 13.0, 2.0, -13.0, -2.0, 6.0, -6.0, 0.0]
Q: [0.0, 15.0, 0.0, 7.0, 13.0, 7.0, 15.0, 7.0, 12.0, 5.0, 14.0, 9.0, 15.0, 9.0, 0.0, 5.0, 0.0, 15.0, 0.0, 5.0, 0.0, 13.0, 15.0, 2.0, 0.0, 6.0, 0.0, 0.0]
B: [0.0, 62.0, 94.5694417821, 175.0, 183.89376197118, 197.19937597428, 197.678254873377, 201.732321720387, 239.0, 264.0626014013, 268.8931248719, 305.908763729, 309.96521353148, 329.87809692388, 342.49664240268, 436.0, 439.69228939819, 453.10235550539, 469.98550645539, 492.19782603259, 509.46014713959, 516.74315455411, 523.56606749508, 558.04844787988, 565.11837645095, 576.65410377955, 593.68496614765, 615.41367453085]
