Avion: 3      Iteracion: 12

Num Ruta: 14
Ingresos: 108000.0
Costos: 447.351132866
Utilidad Ruta: 107552.648867
Costo Reducido: 115174.654707
Nodos: [103, 17, 62, 30, 16, 61, 75, 24, 69, 1, 46, 42, 23, 68, 35, 87, 80, 28, 73, 13, 58, 6, 51, 913]
q: [0.0, 5.0, -5.0, 11.0, 4.0, -4.0, -11.0, 14.0, -14.0, 7.0, -7.0, 5.0, 10.0, -10.0, 6.0, -5.0, -6.0, 8.0, -8.0, 15.0, -15.0, 5.0, -5.0, 0.0]
Q: [0.0, 5.0, 0.0, 11.0, 15.0, 11.0, 0.0, 14.0, 0.0, 7.0, 0.0, 5.0, 15.0, 5.0, 11.0, 6.0, 0.0, 8.0, 0.0, 15.0, 0.0, 5.0, 0.0, 0.0]
B: [0.0, 24.0, 58.8425537813, 64.0, 72.20259129788, 81.82668273552001, 84.69783929691, 109.43181018721, 147.94476048971, 175.0, 209.2400855285, 239.0, 267.0, 306.733842905, 336.2538785588, 340.31032836128, 356.38453733098004, 378.0, 414.0266187839, 446.9799880805, 463.8631390305, 488.0860876537, 491.77837705189, 508.50351549679]
