Avion: 3      Iteracion: 14

Num Ruta: 16
Ingresos: 145200.0
Costos: 596.504061644
Utilidad Ruta: 144603.495938
Costo Reducido: 38138.6531092
Nodos: [103, 40, 85, 30, 75, 14, 59, 1, 46, 36, 81, 22, 67, 39, 6, 51, 84, 21, 38, 50, 5, 66, 83, 4, 33, 49, 78, 913]
q: [0.0, 15.0, -15.0, 11.0, -11.0, 8.0, -8.0, 7.0, -7.0, 15.0, -15.0, 10.0, -10.0, 8.0, 5.0, -5.0, -8.0, 7.0, 8.0, -12.0, 12.0, -7.0, -8.0, 5.0, 10.0, -5.0, -10.0, 0.0]
Q: [0.0, 15.0, 0.0, 11.0, 0.0, 8.0, 0.0, 7.0, 0.0, 15.0, 0.0, 10.0, 0.0, 8.0, 13.0, 8.0, 0.0, 7.0, 15.0, 3.0, 15.0, 8.0, 0.0, 5.0, 15.0, 10.0, 0.0, 0.0]
B: [0.0, 62.0, 94.5694417821, 113.51249206450001, 132.22651472130002, 160.02245537820002, 172.04416715320002, 207.7258963714, 241.96598189990002, 275.9138855318, 282.86202960054004, 301.26628641794, 323.02097255684004, 388.0, 436.0, 439.69228939819, 449.87740525418997, 477.0, 483.82291294097, 505.40460564567, 506.52629455085, 528.14895537235, 535.21888394342, 564.33858327222, 591.21587647672, 599.78734192902, 621.32525603412, 640.16399484542]
