Avion: 2      Iteracion: 24

Num Ruta: 27
Ingresos: 46800.0
Costos: 175.724607604
Utilidad Ruta: 46624.2753924
Costo Reducido: 74.0600387496
Nodos: [102, 44, 89, 5, 50, 21, 66, 912]
q: [0, 14.0, -14.0, 12.0, -12.0, 13.0, -13.0, 0]
Q: [0, 14.0, 0.0, 12.0, 0.0, 13.0, 0.0, 0]
B: [0.0, 211.0, 265.00737440390003, 469.0, 470.12168890518, 498.36127928818, 539.10006996738, 565.59839778258]
