Avion: 6      Iteracion: 99

Num Ruta: 77
Ingresos: 130800.0
Costos: 324.753265849
Utilidad Ruta: 130475.246734
Costo Reducido: 1.57691883417
Nodos: [106, 40, 85, 10, 55, 35, 26, 80, 71, 22, 67, 45, 90, 7, 4, 52, 49, 33, 78, 27, 72, 37, 82, 916]
q: [0.0, 15.0, -15.0, 12.0, -12.0, 6.0, 9.0, -6.0, -9.0, 10.0, -10.0, 11.0, -11.0, 10.0, 5.0, -10.0, -5.0, 10.0, -10.0, 6.0, -6.0, 15.0, -15.0, 0.0]
Q: [0.0, 15.0, 0.0, 12.0, 0.0, 6.0, 15.0, 9.0, 0.0, 10.0, 0.0, 11.0, 0.0, 10.0, 15.0, 5.0, 0.0, 10.0, 0.0, 6.0, 0.0, 15.0, 0.0, 0.0]
B: [0.0, 62.0, 94.5694417821, 111.75013586, 141.2696465944, 279.0, 300.0, 309.29300538039, 319.11482114938, 332.74900179948, 354.50368793838004, 371.0, 380.19162363242, 517.0, 529.0, 548.2723609867, 549.43273506431, 562.0, 585.3035112376, 592.52226459258, 609.55312696068, 616.38909258377, 637.1837460552699, 658.4830985571699]
