Avion: 4      Iteracion: 55

Num Ruta: 49
Ingresos: 63600.0
Costos: 138.610154903
Utilidad Ruta: 63461.3898451
Costo Reducido: 6.26616706025
Nodos: [104, 14, 59, 3, 48, 19, 8, 64, 53, 13, 58, 914]
q: [0, 8.0, -8.0, 15.0, -15.0, 7.0, 8.0, -7.0, -8.0, 15.0, -15.0, 0]
Q: [0, 8.0, 0.0, 15.0, 0.0, 7.0, 15.0, 8.0, 0.0, 15.0, 0.0, 0]
B: [0.0, 112.0, 124.021711775, 256.0, 261.08428175852, 402.0, 425.1608815463, 443.1178409771, 446.04596016866, 448.25663630956996, 465.13978725956997, 475.95551141466996]
