Avion: 7      Iteracion: 46

Num Ruta: 48
Ingresos: 141600.0
Costos: 429.538878147
Utilidad Ruta: 141170.461122
Costo Reducido: 43.9608031293
Nodos: [107, 9, 54, 12, 57, 1, 31, 76, 42, 46, 35, 87, 26, 80, 71, 22, 67, 8, 45, 90, 32, 19, 64, 53, 13, 77, 58, 29, 27, 74, 72, 917]
q: [0.0, 11.0, -11.0, 14.0, -14.0, 7.0, 6.0, -6.0, 5.0, -7.0, 6.0, -5.0, 9.0, -6.0, -9.0, 10.0, -10.0, 2.0, 11.0, -11.0, 6.0, 7.0, -7.0, -2.0, 9.0, -6.0, -9.0, 9.0, 6.0, -9.0, -6.0, 0.0]
Q: [0.0, 11.0, 0.0, 14.0, 0.0, 7.0, 13.0, 7.0, 12.0, 5.0, 11.0, 6.0, 15.0, 9.0, 0.0, 10.0, 0.0, 2.0, 13.0, 2.0, 8.0, 15.0, 8.0, 6.0, 15.0, 9.0, 0.0, 9.0, 15.0, 6.0, 0.0, 0.0]
B: [0.0, 28.0, 57.5272370025, 68.3142737596, 111.6621980236, 175.0, 183.89376197118, 197.19937597428, 239.0, 264.0626014013, 299.7175832411, 303.77403304358, 310.66951163466, 319.96251701505, 329.78433278404003, 343.41851343414004, 365.17319957304005, 414.0, 417.40515271317, 426.59677634559, 428.13238729892, 439.84730193791995, 466.47441822941994, 469.4025374209799, 471.6132135618899, 485.4553933396899, 489.52634372012994, 549.0, 574.6018082369, 582.8182362320799, 598.26561380888, 603.8430499582199]
