Avion: 3      Iteracion: 45

Num Ruta: 43
Ingresos: 129600.0
Costos: 363.305432061
Utilidad Ruta: 129236.694568
Costo Reducido: 32.4445949442
Nodos: [103, 17, 62, 24, 69, 31, 11, 56, 76, 36, 81, 34, 79, 39, 84, 6, 51, 41, 5, 50, 86, 43, 88, 21, 38, 66, 83, 913]
q: [0.0, 5.0, -5.0, 14.0, -14.0, 6.0, 8.0, -8.0, -6.0, 15.0, -15.0, 12.0, -12.0, 8.0, -8.0, 5.0, -5.0, 13.0, 2.0, -2.0, -13.0, 5.0, -5.0, 13.0, 2.0, -13.0, -2.0, 0.0]
Q: [0.0, 5.0, 0.0, 14.0, 0.0, 6.0, 14.0, 6.0, 0.0, 15.0, 0.0, 12.0, 0.0, 8.0, 0.0, 5.0, 0.0, 13.0, 15.0, 13.0, 0.0, 5.0, 0.0, 13.0, 15.0, 2.0, 0.0, 0.0]
B: [0.0, 24.0, 58.8425537813, 75.400837086, 113.9137873885, 130.0, 169.0, 173.05406684701, 176.74844541451, 251.0, 257.94814406874, 283.0, 323.947598037, 388.0, 410.632187455, 436.0, 439.69228939819, 458.80900930509, 469.0, 470.12168890518, 481.43821014628, 491.80435547618004, 509.06667658318, 516.3496839977, 523.17259693867, 557.65497732347, 564.72490589454, 574.68888125581]
