Avion: 7      Iteracion: 30

Num Ruta: 32
Ingresos: 115200.0
Costos: 389.844926139
Utilidad Ruta: 114810.155074
Costo Reducido: 127.863105561
Nodos: [107, 9, 54, 44, 42, 89, 87, 26, 71, 22, 67, 45, 90, 19, 8, 64, 53, 38, 20, 83, 27, 72, 65, 917]
q: [0.0, 11.0, -11.0, 10.0, 5.0, -10.0, -5.0, 13.0, -13.0, 10.0, -10.0, 11.0, -11.0, 7.0, 8.0, -7.0, -8.0, 6.0, 9.0, -6.0, 6.0, -6.0, -9.0, 0.0]
Q: [0.0, 11.0, 0.0, 10.0, 15.0, 5.0, 0.0, 13.0, 0.0, 10.0, 0.0, 11.0, 0.0, 7.0, 15.0, 8.0, 0.0, 6.0, 15.0, 9.0, 15.0, 9.0, 0.0, 0.0]
B: [0.0, 28.0, 57.5272370025, 211.0, 239.0, 276.4881823646, 294.1162889277, 301.01176751878, 318.59099548818, 332.22517613828, 353.97986227718, 371.0, 380.19162363242, 402.0, 425.1608815463, 443.1178409771, 446.04596016866, 480.0, 496.0, 530.6263354833, 542.1620628119, 559.19292518, 575.3506909908999, 588.2313419837999]
