Avion: 5      Iteracion: 14

Num Ruta: 17
Ingresos: 75600.0
Costos: 286.762662616
Utilidad Ruta: 75313.2373374
Costo Reducido: 22234.4044197
Nodos: [105, 40, 85, 39, 6, 51, 84, 21, 50, 5, 66, 33, 78, 915]
q: [0.0, 15.0, -15.0, 8.0, 5.0, -5.0, -8.0, 13.0, -12.0, 12.0, -13.0, 10.0, -10.0, 0.0]
Q: [0.0, 15.0, 0.0, 8.0, 13.0, 8.0, 0.0, 13.0, 1.0, 13.0, 0.0, 10.0, 0.0, 0.0]
B: [0.0, 62.0, 94.5694417821, 388.0, 436.0, 439.69228939819, 449.87740525418997, 477.0, 505.239590383, 506.36127928818, 527.98394010968, 562.0, 585.3035112376, 601.5361031748]
