Avion: 5      Iteracion: 65

Num Ruta: 60
Ingresos: 30000.0
Costos: 58.3455132626
Utilidad Ruta: 29941.6544867
Costo Reducido: 5.95501346672
Nodos: [105, 31, 76, 11, 56, 15, 60, 915]
q: [0, 6.0, -6.0, 8.0, -8.0, 11.0, -11.0, 0]
Q: [0, 6.0, 0.0, 8.0, 0.0, 11.0, 0.0, 0]
B: [0.0, 130.0, 143.3056140031, 169.0, 173.05406684701, 511.0, 527.4211666151, 532.20771547623]
