Avion: 2      Iteracion: 10

Num Ruta: 14
Ingresos: 34800.0
Costos: 230.929258825
Utilidad Ruta: 34569.0707412
Costo Reducido: 87544.3227429
Nodos: [102, 12, 57, 32, 77, 2, 47, 912]
q: [0, 14.0, -14.0, 6.0, -6.0, 9.0, -9.0, 0]
Q: [0, 14.0, 0.0, 6.0, 0.0, 9.0, 0.0, 0]
B: [0.0, 54.0, 97.347924264, 422.0, 449.8573558149, 522.0, 562.7349620474, 588.6658057668]
