Avion: 5      Iteracion: 99

Num Ruta: 69
Ingresos: 37200.0
Costos: 116.251486269
Utilidad Ruta: 37083.7485137
Costo Reducido: 10.2994533849
Nodos: [105, 17, 62, 30, 75, 37, 82, 915]
q: [0, 5.0, -5.0, 11.0, -11.0, 15.0, -15.0, 0]
Q: [0, 5.0, 0.0, 11.0, 0.0, 15.0, 0.0, 0]
B: [0.0, 24.0, 58.8425537813, 64.0, 82.7140226568, 562.0, 582.7946534714999, 607.8598314082]
