Avion: 2      Iteracion: 65

Num Ruta: 53
Ingresos: 100800.0
Costos: 254.395485639
Utilidad Ruta: 100545.604514
Costo Reducido: 27.3525078185
Nodos: [102, 11, 56, 34, 79, 39, 28, 84, 13, 58, 73, 15, 60, 20, 4, 49, 65, 37, 82, 912]
q: [0.0, 8.0, -8.0, 12.0, -12.0, 8.0, 7.0, -8.0, 8.0, -8.0, -7.0, 11.0, -11.0, 10.0, 5.0, -5.0, -10.0, 15.0, -15.0, 0.0]
Q: [0.0, 8.0, 0.0, 12.0, 0.0, 8.0, 15.0, 7.0, 15.0, 7.0, 0.0, 11.0, 0.0, 10.0, 15.0, 10.0, 0.0, 15.0, 0.0, 0.0]
B: [0.0, 169.0, 173.05406684701, 283.0, 323.947598037, 388.0, 399.3210123222, 412.3114993416, 423.0, 439.88315095, 462.92158097460003, 511.0, 527.4211666151, 533.55501866744, 543.83416970244, 564.25991938264, 576.12114263324, 587.69866058834, 608.49331405984, 625.3141758689401]
