Avion: 6      Iteracion: 6

Num Ruta: 10
Ingresos: 100800.0
Costos: 461.441069556
Utilidad Ruta: 100338.55893
Costo Reducido: 175195.869378
Nodos: [106, 40, 85, 44, 89, 34, 79, 28, 73, 19, 8, 53, 64, 43, 15, 88, 4, 49, 60, 916]
q: [0.0, 15.0, -15.0, 14.0, -14.0, 12.0, -12.0, 8.0, -8.0, 7.0, 8.0, -8.0, -7.0, 5.0, 10.0, -5.0, 5.0, -5.0, -10.0, 0.0]
Q: [0.0, 15.0, 0.0, 14.0, 0.0, 12.0, 0.0, 8.0, 0.0, 7.0, 15.0, 7.0, 0.0, 5.0, 15.0, 10.0, 15.0, 10.0, 0.0, 0.0]
B: [0.0, 62.0, 94.5694417821, 211.0, 265.00737440390003, 316.95255776100004, 357.900155798, 378.0, 414.0266187839, 426.5624120576, 449.7232936039, 470.4916902199, 473.41980941146, 493.62435592945997, 511.0, 521.2530082415, 539.2256161212999, 559.6513658014999, 584.1705972127999, 595.1549659246998]
