Avion: 5      Iteracion: 27

Num Ruta: 29
Ingresos: 48000.0
Costos: 136.22808451
Utilidad Ruta: 47863.7719155
Costo Reducido: 82.9395938069
Nodos: [105, 10, 55, 26, 71, 37, 82, 915]
q: [0, 12.0, -12.0, 13.0, -13.0, 15.0, -15.0, 0]
Q: [0, 12.0, 0.0, 13.0, 0.0, 15.0, 0.0, 0]
B: [0.0, 96.0, 125.5195107344, 300.0, 317.5792279694, 562.0, 582.7946534714999, 607.8598314082]
