Avion: 7      Iteracion: 73

Num Ruta: 69
Ingresos: 96000.0
Costos: 276.090249891
Utilidad Ruta: 95723.9097501
Costo Reducido: 5.08916291743
Nodos: [107, 9, 54, 12, 57, 31, 76, 11, 56, 25, 43, 70, 88, 15, 60, 29, 27, 74, 72, 917]
q: [0, 11.0, -11.0, 14.0, -14.0, 6.0, -6.0, 8.0, -8.0, 10.0, 5.0, -10.0, -5.0, 11.0, -11.0, 9.0, 6.0, -9.0, -6.0, 0]
Q: [0, 11.0, 0.0, 14.0, 0.0, 6.0, 0.0, 8.0, 0.0, 10.0, 15.0, 5.0, 0.0, 11.0, 0.0, 9.0, 15.0, 6.0, 0.0, 0]
B: [0.0, 28.0, 57.5272370025, 68.3142737596, 111.6621980236, 132.5795314101, 145.8851454132, 169.0, 173.05406684701, 410.0, 451.0, 464.0372215215, 471.78639754221, 511.0, 527.4211666151, 549.0, 574.6018082369, 582.8182362320799, 598.26561380888, 603.8430499582199]
