Avion: 3      Iteracion: 29

Num Ruta: 31
Ingresos: 104400.0
Costos: 303.16209579
Utilidad Ruta: 104096.837904
Costo Reducido: 73.5124284788
Nodos: [103, 17, 62, 16, 61, 14, 59, 3, 48, 23, 18, 63, 68, 22, 67, 25, 70, 21, 66, 913]
q: [0.0, 5.0, -5.0, 11.0, -11.0, 8.0, -8.0, 15.0, -15.0, 10.0, 5.0, -5.0, -10.0, 10.0, -10.0, 10.0, -10.0, 13.0, -13.0, 0.0]
Q: [0.0, 5.0, 0.0, 11.0, 0.0, 8.0, 0.0, 15.0, 0.0, 10.0, 15.0, 10.0, 0.0, 10.0, 0.0, 10.0, 0.0, 13.0, 0.0, 0.0]
B: [0.0, 24.0, 58.8425537813, 64.17419311644, 73.79828455408, 112.0, 124.021711775, 256.0, 261.08428175852, 267.0, 293.0, 316.8182362487, 326.74376782137, 342.50019181287, 364.25487795177, 410.0, 427.1849823101, 477.0, 517.7387906792, 534.7289915314999]
