Avion: 4      Iteracion: 30

Num Ruta: 32
Ingresos: 52800.0
Costos: 191.40698049
Utilidad Ruta: 52608.5930195
Costo Reducido: 47.6252255391
Nodos: [104, 36, 81, 34, 79, 28, 73, 29, 74, 914]
q: [0, 15.0, -15.0, 12.0, -12.0, 8.0, -8.0, 9.0, -9.0, 0]
Q: [0, 15.0, 0.0, 12.0, 0.0, 8.0, 0.0, 9.0, 0.0, 0]
B: [0.0, 251.0, 257.94814406874, 283.0, 323.947598037, 378.0, 414.0266187839, 549.0, 582.7797797802, 607.5882078038]
