Avion: 3      Iteracion: 5

Num Ruta: 8
Ingresos: 181200.0
Costos: 606.972147546
Utilidad Ruta: 180593.027852
Costo Reducido: 284998.560551
Nodos: [103, 17, 62, 16, 61, 40, 85, 14, 59, 42, 23, 68, 87, 26, 71, 45, 90, 19, 64, 43, 25, 70, 88, 21, 50, 5, 66, 27, 4, 72, 49, 37, 82, 913]
q: [0.0, 5.0, -5.0, 11.0, -11.0, 15.0, -15.0, 8.0, -8.0, 5.0, 10.0, -10.0, -5.0, 13.0, -13.0, 11.0, -11.0, 7.0, -7.0, 5.0, 10.0, -10.0, -5.0, 13.0, -12.0, 12.0, -13.0, 6.0, 5.0, -6.0, -5.0, 15.0, -15.0, 0.0]
Q: [0.0, 5.0, 0.0, 11.0, 0.0, 15.0, 0.0, 8.0, 0.0, 5.0, 15.0, 5.0, 0.0, 13.0, 0.0, 11.0, 0.0, 7.0, 0.0, 5.0, 15.0, 5.0, 0.0, 13.0, 1.0, 13.0, 0.0, 6.0, 11.0, 5.0, 0.0, 15.0, 0.0, 0.0]
B: [0.0, 24.0, 58.8425537813, 64.17419311644, 73.79828455408, 105.44704301318001, 138.01648479528, 166.59488672748, 178.61659850248, 239.0, 267.0, 306.733842905, 333.0941988965, 339.98967748758, 357.56890545698, 381.09505788358, 390.286681516, 402.1285357627, 428.75565205419997, 451.0, 465.0611587716, 482.2461410817, 489.99531710241, 497.27832451693, 525.51791489993, 526.63960380511, 548.26226462661, 561.43971282421, 579.05448736151, 595.14168801921, 600.55694655413, 607.62131864229, 628.4159721137901, 681.8412302787901]
