Avion: 2      Iteracion: 52

Num Ruta: 47
Ingresos: 82800.0
Costos: 264.579812772
Utilidad Ruta: 82535.4201872
Costo Reducido: 53.5323764547
Nodos: [102, 44, 42, 89, 35, 87, 80, 45, 90, 32, 43, 77, 88, 15, 60, 7, 4, 52, 49, 912]
q: [0.0, 10.0, 5.0, -10.0, 6.0, -5.0, -6.0, 11.0, -11.0, 6.0, 5.0, -6.0, -5.0, 11.0, -11.0, 10.0, 5.0, -10.0, -5.0, 0.0]
Q: [0.0, 10.0, 15.0, 5.0, 11.0, 6.0, 0.0, 11.0, 0.0, 6.0, 11.0, 5.0, 0.0, 11.0, 0.0, 10.0, 15.0, 5.0, 0.0, 0.0]
B: [0.0, 211.0, 239.0, 276.4881823646, 296.9043957745, 300.96084557698003, 317.03505454668004, 371.0, 380.19162363242, 422.0, 451.0, 474.5469186944, 488.3458735099, 511.0, 527.4211666151, 538.3259061809999, 548.6892794734999, 567.9616404602, 569.12201453781, 580.7762148965099]
