Avion: 4      Iteracion: 32

Num Ruta: 34
Ingresos: 18000.0
Costos: 38.6780295352
Utilidad Ruta: 17961.3219705
Costo Reducido: 6.08539277353
Nodos: [104, 13, 58, 914]
q: [0, 15.0, -15.0, 0]
Q: [0, 15.0, 0.0, 0]
B: [0.0, 423.0, 439.88315095, 450.6988751051]
