Avion: 3      Iteracion: 20

Num Ruta: 22
Ingresos: 156000.0
Costos: 419.595087966
Utilidad Ruta: 155580.404912
Costo Reducido: 242.419495564
Nodos: [103, 17, 30, 62, 16, 61, 75, 24, 69, 31, 11, 56, 76, 36, 81, 34, 79, 39, 84, 6, 51, 5, 50, 43, 21, 88, 38, 83, 66, 33, 78, 913]
q: [0.0, 5.0, 4.0, -5.0, 11.0, -11.0, -4.0, 14.0, -14.0, 6.0, 8.0, -8.0, -6.0, 15.0, -15.0, 12.0, -12.0, 8.0, -8.0, 5.0, -5.0, 12.0, -12.0, 5.0, 7.0, -5.0, 8.0, -8.0, -7.0, 10.0, -10.0, 0.0]
Q: [0.0, 5.0, 9.0, 4.0, 15.0, 4.0, 0.0, 14.0, 0.0, 6.0, 14.0, 6.0, 0.0, 15.0, 0.0, 12.0, 0.0, 8.0, 0.0, 5.0, 0.0, 12.0, 0.0, 5.0, 12.0, 7.0, 15.0, 7.0, 0.0, 10.0, 0.0, 0.0]
B: [0.0, 24.0, 64.0, 67.14445448369, 72.47609381883, 82.10018525647, 84.97134181786, 109.70531270816, 148.21826301066, 159.50262076816, 172.68534996206, 176.73941680907, 180.43379537657, 251.0, 257.94814406874, 283.0, 323.947598037, 388.0, 410.632187455, 436.0, 439.69228939819, 469.0, 470.12168890518, 491.79746949088, 502.53879217478004, 509.82179958930004, 519.9569634262, 552.8258500669, 559.89577863797, 570.05132357657, 593.35483481417, 612.19357362547]
