Avion: 2      Iteracion: 39

Num Ruta: 40
Ingresos: 51600.0
Costos: 165.109871007
Utilidad Ruta: 51434.890129
Costo Reducido: 18.6911587818
Nodos: [102, 12, 57, 6, 51, 13, 58, 29, 74, 912]
q: [0, 14.0, -14.0, 5.0, -5.0, 15.0, -15.0, 9.0, -9.0, 0]
Q: [0, 14.0, 0.0, 5.0, 0.0, 15.0, 0.0, 9.0, 0.0, 0]
B: [0.0, 54.0, 97.347924264, 436.0, 439.69228939819, 453.10235550539, 469.98550645539, 549.0, 582.7797797802, 603.3268886036]
