Avion: 6      Iteracion: 49

Num Ruta: 51
Ingresos: 75600.0
Costos: 223.327372029
Utilidad Ruta: 75376.672628
Costo Reducido: 45.0500481815
Nodos: [106, 40, 85, 26, 71, 45, 90, 7, 20, 52, 65, 2, 47, 916]
q: [0.0, 15.0, -15.0, 13.0, -13.0, 11.0, -11.0, 5.0, 10.0, -5.0, -10.0, 9.0, -9.0, 0.0]
Q: [0.0, 15.0, 0.0, 13.0, 0.0, 11.0, 0.0, 5.0, 15.0, 10.0, 0.0, 9.0, 0.0, 0.0]
B: [0.0, 62.0, 94.5694417821, 300.0, 317.5792279694, 371.0, 380.19162363242, 517.0, 525.74295442056, 554.98896180616, 567.9526463518599, 575.2829436173199, 616.0179056647199, 629.8665960360199]
