Avion: 6      Iteracion: 42

Num Ruta: 45
Ingresos: 135600.0
Costos: 394.009858316
Utilidad Ruta: 135205.990142
Costo Reducido: 7.35360502027
Nodos: [106, 24, 75, 30, 69, 36, 81, 42, 87, 35, 26, 80, 71, 28, 73, 25, 43, 70, 88, 20, 7, 4, 52, 49, 65, 37, 82, 916]
q: [0.0, 14.0, -11.0, 11.0, -14.0, 15.0, -15.0, 5.0, -5.0, 6.0, 9.0, -6.0, -9.0, 8.0, -8.0, 10.0, 5.0, -10.0, -5.0, 10.0, 0.0, 5.0, 0.0, -5.0, -10.0, 15.0, -15.0, 0.0]
Q: [0.0, 14.0, 3.0, 14.0, 0.0, 15.0, 0.0, 5.0, 0.0, 6.0, 15.0, 9.0, 0.0, 8.0, 0.0, 10.0, 15.0, 5.0, 0.0, 10.0, 10.0, 15.0, 15.0, 10.0, 0.0, 15.0, 0.0, 0.0]
B: [0.0, 61.0, 85.7339708903, 104.4479935471, 124.716114945, 251.0, 257.94814406874, 282.45112780544, 330.50096245654004, 334.55741225902005, 345.18462685172005, 354.47763223211007, 364.2994480011001, 378.0, 414.0266187839, 417.35999740026, 451.0, 464.0372215215, 471.78639754221, 496.0, 517.0, 529.0, 548.2723609867, 549.43273506431, 561.29395831491, 572.87147627001, 593.6661297415101, 614.9654822434101]
