Avion: 6      Iteracion: 0

Num Ruta: 1
Ingresos: 80400.0
Costos: 305.020050596
Utilidad Ruta: 80094.9799494
Costo Reducido: -
Nodos: [106, 9, 54, 40, 85, 31, 76, 45, 90, 43, 88, 7, 52, 2, 47, 916]
q: [0, 11.0, -11.0, 15.0, -15.0, 6.0, -6.0, 11.0, -11.0, 5.0, -5.0, 10.0, -10.0, 9.0, -9.0, 0]
Q: [0, 11.0, 0.0, 15.0, 0.0, 6.0, 0.0, 11.0, 0.0, 5.0, 0.0, 10.0, 0.0, 9.0, 0.0, 0]
B: [0.0, 28.0, 57.5272370025, 86.4860319533, 119.0554737354, 142.3939627396, 155.6995767427, 371.0, 380.19162363242, 451.0, 468.262321107, 517.0, 545.5413118129, 555.6714802715, 596.4064423189, 610.2551326902]
