Avion: 3      Iteracion: 24

Num Ruta: 26
Ingresos: 160800.0
Costos: 506.696664136
Utilidad Ruta: 160293.303336
Costo Reducido: 211.915141308
Nodos: [103, 17, 30, 62, 16, 61, 75, 14, 59, 11, 56, 44, 89, 3, 48, 18, 34, 63, 79, 28, 73, 25, 19, 70, 64, 5, 50, 15, 60, 38, 83, 913]
q: [0.0, 5.0, 10.0, -5.0, 5.0, -5.0, -10.0, 8.0, -8.0, 8.0, -8.0, 14.0, -14.0, 15.0, -15.0, 3.0, 12.0, -3.0, -12.0, 8.0, -8.0, 8.0, 7.0, -8.0, -7.0, 12.0, -12.0, 11.0, -11.0, 8.0, -8.0, 0.0]
Q: [0.0, 5.0, 15.0, 10.0, 15.0, 10.0, 0.0, 8.0, 0.0, 8.0, 0.0, 14.0, 0.0, 15.0, 0.0, 3.0, 15.0, 12.0, 0.0, 8.0, 0.0, 8.0, 15.0, 7.0, 0.0, 12.0, 0.0, 11.0, 0.0, 8.0, 0.0, 0.0]
B: [0.0, 24.0, 64.0, 67.14445448369, 72.47609381883, 82.10018525647, 84.97134181786, 112.76728247476, 124.78899424976, 169.0, 173.05406684701, 211.0, 265.00737440390003, 287.39410424550005, 292.47838600402, 313.51739515372003, 337.23288886562005, 365.46492634082006, 380.61755598062007, 389.79773952998005, 425.82435831388005, 429.15773693024005, 438.54974417044, 455.22263585124, 472.00949228714, 479.8598055293, 480.98149443448, 514.38368891328, 530.80485552838, 534.89212124032, 567.76100788102, 577.7249832422899]
