Avion: 6      Iteracion: 70

Num Ruta: 62
Ingresos: 144000.0
Costos: 410.256405971
Utilidad Ruta: 143589.743594
Costo Reducido: 10.2890646179
Nodos: [106, 24, 75, 30, 69, 31, 11, 76, 56, 44, 36, 81, 42, 89, 87, 26, 71, 28, 73, 25, 70, 20, 7, 52, 65, 37, 82, 916]
q: [0.0, 14.0, -11.0, 11.0, -14.0, 6.0, 8.0, -6.0, -8.0, 10.0, 5.0, -5.0, 5.0, -10.0, -5.0, 13.0, -13.0, 8.0, -8.0, 10.0, -10.0, 10.0, 5.0, -5.0, -10.0, 15.0, -15.0, 0.0]
Q: [0.0, 14.0, 3.0, 14.0, 0.0, 6.0, 14.0, 8.0, 0.0, 10.0, 15.0, 10.0, 15.0, 5.0, 0.0, 13.0, 0.0, 8.0, 0.0, 10.0, 0.0, 10.0, 15.0, 10.0, 0.0, 15.0, 0.0, 0.0]
B: [0.0, 61.0, 85.7339708903, 104.4479935471, 124.716114945, 136.0004727025, 169.0, 169.478878899097, 173.173257466597, 211.0, 251.0, 257.94814406874, 282.45112780544, 319.93931017004, 337.56741673314, 344.46289532422, 362.04212329362, 378.0, 414.0266187839, 417.35999740026, 434.54497971036, 496.0, 517.0, 545.5413118129, 558.5049963585999, 570.0825143136999, 590.8771677851998, 612.1765202870998]
