Avion: 1      Iteracion: 89

Num Ruta: 73
Ingresos: 69600.0
Costos: 170.282890571
Utilidad Ruta: 69429.7171094
Costo Reducido: 4.90562746095
Nodos: [101, 16, 61, 26, 71, 28, 73, 15, 60, 7, 4, 52, 49, 911]
q: [0, 11.0, -11.0, 13.0, -13.0, 8.0, -8.0, 11.0, -11.0, 10.0, 5.0, -10.0, -5.0, 0]
Q: [0, 11.0, 0.0, 13.0, 0.0, 8.0, 0.0, 11.0, 0.0, 10.0, 15.0, 5.0, 0.0, 0]
B: [0.0, 36.0, 45.624091437640004, 300.0, 317.5792279694, 378.0, 414.0266187839, 511.0, 527.4211666151, 538.3259061809999, 548.6892794734999, 567.9616404602, 569.12201453781, 588.05708094911]
