Avion: 5      Iteracion: 43

Num Ruta: 43
Ingresos: 7200.0
Costos: 36.2411861112
Utilidad Ruta: 7163.75881389
Costo Reducido: 0.0787878919982
Nodos: [105, 27, 72, 915]
q: [0, 6.0, -6.0, 0]
Q: [0, 6.0, 0.0, 0]
B: [0.0, 538.0, 555.0308623681, 574.0255915844]
