Avion: 5      Iteracion: 59

Num Ruta: 55
Ingresos: 51600.0
Costos: 157.625418774
Utilidad Ruta: 51442.3745812
Costo Reducido: 2.7676014425
Nodos: [105, 31, 11, 56, 76, 44, 89, 37, 82, 915]
q: [0, 6.0, 8.0, -8.0, -6.0, 14.0, -14.0, 15.0, -15.0, 0]
Q: [0, 6.0, 14.0, 6.0, 0.0, 14.0, 0.0, 15.0, 0.0, 0]
B: [0.0, 130.0, 169.0, 173.05406684701, 176.74844541451, 211.0, 265.00737440390003, 562.0, 582.7946534714999, 607.8598314082]
