Avion: 1      Iteracion: 57

Num Ruta: 58
Ingresos: 81600.0
Costos: 270.35438491
Utilidad Ruta: 81329.6456151
Costo Reducido: 19.2543434727
Nodos: [101, 16, 61, 9, 54, 14, 59, 23, 18, 68, 63, 25, 21, 70, 38, 66, 83, 911]
q: [0.0, 11.0, -11.0, 11.0, -11.0, 8.0, -8.0, 10.0, 5.0, -10.0, -5.0, 8.0, 7.0, -8.0, 8.0, -7.0, -8.0, 0.0]
Q: [0.0, 11.0, 0.0, 11.0, 0.0, 8.0, 0.0, 10.0, 15.0, 5.0, 0.0, 8.0, 15.0, 7.0, 15.0, 8.0, 0.0, 0.0]
B: [0.0, 36.0, 45.624091437640004, 75.68094759394, 105.20818459644, 115.46499131194001, 127.48670308694001, 267.0, 293.0, 318.4393114097, 328.36484298237, 410.0, 477.0, 485.168713485, 489.49037624371, 523.97275662851, 531.04268519958, 551.8661191382799]
