Avion: 7      Iteracion: 27

Num Ruta: 29
Ingresos: 178800.0
Costos: 493.093454374
Utilidad Ruta: 178306.906546
Costo Reducido: 182.687792837
Nodos: [107, 9, 54, 30, 16, 61, 75, 10, 55, 1, 31, 76, 46, 3, 48, 23, 18, 63, 68, 26, 71, 13, 58, 25, 70, 20, 4, 49, 65, 37, 82, 917]
q: [0.0, 11.0, -11.0, 4.0, 11.0, -11.0, -4.0, 12.0, -12.0, 7.0, 6.0, -6.0, -7.0, 15.0, -15.0, 10.0, 5.0, -5.0, -10.0, 13.0, -13.0, 15.0, -15.0, 10.0, -10.0, 10.0, 5.0, -5.0, -10.0, 15.0, -15.0, 0.0]
Q: [0.0, 11.0, 0.0, 4.0, 15.0, 4.0, 0.0, 12.0, 0.0, 7.0, 13.0, 7.0, 0.0, 15.0, 0.0, 10.0, 15.0, 10.0, 0.0, 13.0, 0.0, 15.0, 0.0, 10.0, 0.0, 10.0, 15.0, 10.0, 0.0, 15.0, 0.0, 0.0]
B: [0.0, 28.0, 57.5272370025, 73.3151373379, 81.51772863578, 91.14182007342, 94.01297663481, 112.70602692091, 142.22553765531, 180.64487882611002, 189.53864079729001, 202.84425480039002, 236.40534252119002, 256.0, 261.08428175852, 267.0, 293.0, 316.8182362487, 326.74376782137, 346.43014059547, 364.00936856487, 423.0, 439.88315095, 463.8957169312, 481.0806992413, 496.0, 529.0, 549.4257496801999, 561.2869729308, 572.8644908859, 593.6591443574, 613.7308765447]
