Avion: 3      Iteracion: 36

Num Ruta: 34
Ingresos: 76800.0
Costos: 195.630143044
Utilidad Ruta: 76604.369857
Costo Reducido: 35.3507092105
Nodos: [103, 17, 62, 14, 59, 3, 48, 8, 53, 13, 58, 21, 66, 913]
q: [0, 5.0, -5.0, 8.0, -8.0, 15.0, -15.0, 8.0, -8.0, 15.0, -15.0, 13.0, -13.0, 0]
Q: [0, 5.0, 0.0, 8.0, 0.0, 15.0, 0.0, 8.0, 0.0, 15.0, 0.0, 13.0, 0.0, 0]
B: [0.0, 24.0, 58.8425537813, 112.0, 124.021711775, 256.0, 261.08428175852, 414.0, 434.768396616, 436.97907275691, 453.86222370691, 477.0, 517.7387906792, 534.7289915314999]
