Avion: 2      Iteracion: 3

Num Ruta: 7
Ingresos: 135600.0
Costos: 561.538188257
Utilidad Ruta: 135038.461812
Costo Reducido: 241613.412991
Nodos: [102, 30, 75, 10, 55, 1, 46, 42, 3, 48, 87, 22, 67, 28, 73, 25, 70, 5, 50, 41, 86, 7, 20, 38, 83, 65, 52, 912]
q: [0.0, 11.0, -11.0, 12.0, -12.0, 7.0, -7.0, 5.0, 10.0, -10.0, -5.0, 10.0, -10.0, 8.0, -8.0, 10.0, -10.0, 12.0, -12.0, 13.0, -13.0, 0.0, 7.0, 8.0, -8.0, -7.0, 0.0, 0.0]
Q: [0.0, 11.0, 0.0, 12.0, 0.0, 7.0, 0.0, 5.0, 15.0, 5.0, 0.0, 10.0, 0.0, 8.0, 0.0, 10.0, 0.0, 12.0, 0.0, 13.0, 0.0, 0.0, 7.0, 15.0, 7.0, 0.0, 0.0, 0.0]
B: [0.0, 64.0, 82.7140226568, 101.4070729429, 130.92658367730002, 175.0, 209.2400855285, 239.0, 257.4606418632, 262.54492362172, 302.90396841962, 333.53649141402, 355.29117755292003, 398.34234125382005, 434.36896003772006, 437.70233865408005, 454.88732096418005, 477.94955687048, 479.07124577566003, 487.89748359253, 507.93860394543003, 518.34876210943, 527.09171652999, 529.1727859666, 562.0416726073, 589.4186803328, 602.3823648785, 613.0221961742]
