Avion: 6      Iteracion: 75

Num Ruta: 67
Ingresos: 148800.0
Costos: 418.072920461
Utilidad Ruta: 148381.92708
Costo Reducido: 0.196850559383
Nodos: [106, 24, 75, 30, 69, 36, 81, 42, 18, 87, 26, 71, 63, 28, 73, 25, 43, 70, 88, 15, 60, 20, 7, 52, 65, 37, 82, 916]
q: [0.0, 14.0, -11.0, 11.0, -14.0, 15.0, -15.0, 5.0, 10.0, -5.0, 5.0, -5.0, -10.0, 8.0, -8.0, 10.0, 5.0, -10.0, -5.0, 11.0, -11.0, 10.0, 5.0, -5.0, -10.0, 15.0, -15.0, 0.0]
Q: [0.0, 14.0, 3.0, 14.0, 0.0, 15.0, 0.0, 5.0, 15.0, 10.0, 15.0, 10.0, 0.0, 8.0, 0.0, 10.0, 15.0, 5.0, 0.0, 11.0, 0.0, 10.0, 15.0, 10.0, 0.0, 15.0, 0.0, 0.0]
B: [0.0, 61.0, 85.7339708903, 104.4479935471, 124.716114945, 251.0, 257.94814406874, 282.45112780544, 294.27078317264, 331.01196580194, 337.90744439302, 355.48667236242, 366.92146182262, 378.0, 414.0266187839, 417.35999740026, 451.0, 464.0372215215, 471.78639754221, 511.0, 527.4211666151, 533.55501866744, 542.2979730879999, 570.8392849008999, 583.8029694465998, 595.3804874016998, 616.1751408731998, 637.4744933750998]
