Avion: 4      Iteracion: 35

Num Ruta: 37
Ingresos: 93600.0
Costos: 229.090380534
Utilidad Ruta: 93370.9096195
Costo Reducido: 21.2689816933
Nodos: [104, 31, 76, 14, 59, 3, 48, 18, 63, 28, 73, 19, 8, 64, 53, 13, 58, 914]
q: [0, 6.0, -6.0, 8.0, -8.0, 15.0, -15.0, 11.0, -11.0, 8.0, -8.0, 7.0, 8.0, -7.0, -8.0, 15.0, -15.0, 0]
Q: [0, 6.0, 0.0, 8.0, 0.0, 15.0, 0.0, 11.0, 0.0, 8.0, 0.0, 7.0, 15.0, 8.0, 0.0, 15.0, 0.0, 0]
B: [0.0, 130.0, 143.3056140031, 160.3516205736, 172.3733323486, 256.0, 261.08428175852, 293.0, 316.8182362487, 378.0, 414.0266187839, 426.5624120576, 449.7232936039, 467.6802530347, 470.60837222626, 472.81904836716996, 489.70219931716997, 500.51792347226996]
