Avion: 6      Iteracion: 16

Num Ruta: 20
Ingresos: 135600.0
Costos: 491.383633924
Utilidad Ruta: 135108.616366
Costo Reducido: 487.947547639
Nodos: [106, 24, 69, 10, 55, 1, 46, 23, 18, 63, 68, 22, 67, 45, 90, 8, 53, 25, 70, 15, 60, 38, 20, 83, 65, 916]
q: [0.0, 14.0, -14.0, 12.0, -12.0, 7.0, -7.0, 4.0, 11.0, -11.0, -4.0, 10.0, -10.0, 11.0, -11.0, 8.0, -8.0, 10.0, -10.0, 11.0, -11.0, 5.0, 10.0, -5.0, -10.0, 0.0]
Q: [0.0, 14.0, 0.0, 12.0, 0.0, 7.0, 0.0, 4.0, 15.0, 4.0, 0.0, 10.0, 0.0, 11.0, 0.0, 8.0, 0.0, 10.0, 0.0, 11.0, 0.0, 5.0, 15.0, 10.0, 0.0, 0.0]
B: [0.0, 61.0, 99.5129503025, 111.2988809828, 140.8183917172, 179.237732888, 213.4778184165, 267.0, 293.0, 316.8182362487, 326.74376782137, 342.50019181287, 364.25487795177, 376.01755218007, 385.20917581249, 414.0, 434.768396616, 468.12895782230004, 485.31394013240003, 511.0, 527.4211666151, 531.5084323270399, 533.58950176365, 568.21583724695, 595.5928449724499, 633.35408038655]
