Avion: 2      Iteracion: 17

Num Ruta: 21
Ingresos: 98400.0
Costos: 359.563694174
Utilidad Ruta: 98040.4363058
Costo Reducido: 233.359357566
Nodos: [102, 9, 54, 24, 69, 36, 81, 34, 79, 39, 84, 41, 86, 29, 74, 912]
q: [0, 11.0, -11.0, 14.0, -14.0, 15.0, -15.0, 12.0, -12.0, 8.0, -8.0, 13.0, -13.0, 9.0, -9.0, 0]
Q: [0, 11.0, 0.0, 14.0, 0.0, 15.0, 0.0, 12.0, 0.0, 8.0, 0.0, 13.0, 0.0, 9.0, 0.0, 0]
B: [0.0, 41.2034331094, 70.7306701119, 94.870920007, 133.3838703095, 251.0, 257.94814406874, 283.0, 323.947598037, 388.0, 410.632187455, 446.0, 466.0411203529, 549.0, 582.7797797802, 603.3268886036]
