Avion: 6      Iteracion: 0

Num Ruta: 3
Ingresos: 200400.0
Costos: 582.785661877
Utilidad Ruta: 199817.214338
Costo Reducido: -
Nodos: [106, 16, 61, 40, 85, 31, 11, 56, 76, 1, 46, 36, 81, 3, 48, 26, 71, 45, 90, 13, 58, 41, 5, 50, 86, 15, 60, 7, 52, 37, 82, 916]
q: [0.0, 11.0, -11.0, 15.0, -15.0, 6.0, 8.0, -8.0, -6.0, 7.0, -7.0, 15.0, -15.0, 15.0, -15.0, 13.0, -13.0, 11.0, -11.0, 15.0, -15.0, 3.0, 12.0, -12.0, -3.0, 11.0, -11.0, 10.0, -10.0, 15.0, -15.0, 0.0]
Q: [0.0, 11.0, 0.0, 15.0, 0.0, 6.0, 14.0, 6.0, 0.0, 7.0, 0.0, 15.0, 0.0, 15.0, 0.0, 13.0, 0.0, 11.0, 0.0, 15.0, 0.0, 3.0, 15.0, 3.0, 0.0, 11.0, 0.0, 10.0, 0.0, 15.0, 0.0, 0.0]
B: [0.0, 36.0, 45.624091437640004, 77.27284989674001, 109.84229167884001, 133.18078068304, 169.0, 173.05406684701, 176.74844541451, 195.73813951421, 229.97822504271, 263.92612867460997, 270.87427274335, 307.85431008784997, 312.93859184636995, 350.61366320666997, 368.19289117606996, 391.71904360266996, 400.91066723508993, 425.04092676538994, 441.92407771538996, 476.73002900248997, 485.13539300413, 486.25708190931, 497.57360315041, 520.16347621331, 536.58464282841, 547.4893823943099, 576.0306942072099, 583.2035057201399, 603.9981591916398, 625.2975116935398]
