Avion: 7      Iteracion: 18

Num Ruta: 20
Ingresos: 117600.0
Costos: 458.436952917
Utilidad Ruta: 117141.563047
Costo Reducido: 230.24149001
Nodos: [107, 40, 85, 30, 75, 10, 55, 1, 46, 18, 34, 63, 79, 39, 6, 51, 84, 15, 20, 60, 7, 52, 65, 917]
q: [0.0, 15.0, -15.0, 11.0, -11.0, 12.0, -12.0, 7.0, -7.0, 3.0, 12.0, -3.0, -12.0, 8.0, 5.0, -5.0, -8.0, 10.0, 5.0, -10.0, 10.0, -10.0, -5.0, 0.0]
Q: [0.0, 15.0, 0.0, 11.0, 0.0, 12.0, 0.0, 7.0, 0.0, 3.0, 15.0, 12.0, 0.0, 8.0, 13.0, 8.0, 0.0, 10.0, 15.0, 5.0, 15.0, 5.0, 0.0, 0.0]
B: [0.0, 62.0, 94.5694417821, 113.51249206450001, 132.22651472130002, 150.91956500740002, 180.43907574180002, 218.85841691260003, 253.09850244110004, 293.0, 316.7154937119, 344.9475311871, 360.10016082690004, 388.0, 436.0, 439.69228939819, 449.87740525418997, 511.0, 521.3008920973, 527.43474414964, 538.3394837155399, 566.8807955284399, 579.8444800741398, 592.7251310670398]
