Avion: 1      Iteracion: 75

Num Ruta: 68
Ingresos: 33600.0
Costos: 95.9916940878
Utilidad Ruta: 33504.0083059
Costo Reducido: 4.68164012241
Nodos: [101, 40, 85, 26, 71, 911]
q: [0, 15.0, -15.0, 13.0, -13.0, 0]
Q: [0, 15.0, 0.0, 13.0, 0.0, 0]
B: [0.0, 62.0, 94.5694417821, 300.0, 317.5792279694, 324.28490295407]
