Avion: 4      Iteracion: 16

Num Ruta: 18
Ingresos: 128400.0
Costos: 575.534759164
Utilidad Ruta: 127824.465241
Costo Reducido: 568.689942771
Nodos: [104, 24, 69, 10, 55, 1, 42, 46, 87, 35, 80, 18, 63, 45, 90, 8, 6, 51, 53, 15, 60, 38, 83, 29, 74, 914]
q: [0, 14.0, -14.0, 12.0, -12.0, 7.0, 5.0, -7.0, -5.0, 6.0, -6.0, 11.0, -11.0, 11.0, -11.0, 8.0, 5.0, -5.0, -8.0, 11.0, -11.0, 8.0, -8.0, 9.0, -9.0, 0]
Q: [0, 14.0, 0.0, 12.0, 0.0, 7.0, 12.0, 5.0, 0.0, 6.0, 0.0, 11.0, 0.0, 11.0, 0.0, 8.0, 13.0, 8.0, 0.0, 11.0, 0.0, 8.0, 0.0, 9.0, 0.0, 0]
B: [0.0, 61.0, 99.5129503025, 111.2988809828, 140.8183917172, 179.237732888, 239.0, 264.0626014013, 296.3417007227, 300.39815052518003, 320.31103391758, 343.20188730928, 367.02012355797996, 395.56850960697994, 404.7601332393999, 416.3101276116999, 444.2246255831999, 447.9169149813899, 460.78291746858986, 511.0, 527.4211666151, 531.5084323270399, 564.3773189677399, 598.77349462724, 632.55327440744, 657.3617024310399]
