Avion: 1      Iteracion: 0

Num Ruta: 3
Ingresos: 219600.0
Costos: 593.970277301
Utilidad Ruta: 219006.029723
Costo Reducido: -
Nodos: [101, 16, 61, 40, 85, 10, 55, 1, 11, 56, 46, 3, 48, 36, 81, 26, 71, 45, 90, 25, 70, 13, 58, 5, 50, 41, 86, 15, 60, 7, 4, 52, 49, 911]
q: [0, 11.0, -11.0, 15.0, -15.0, 12.0, -12.0, 7.0, 8.0, -8.0, -7.0, 15.0, -15.0, 15.0, -15.0, 13.0, -13.0, 11.0, -11.0, 10.0, -10.0, 15.0, -15.0, 12.0, -12.0, 13.0, -13.0, 11.0, -11.0, 10.0, 5.0, -10.0, -5.0, 0]
Q: [0, 11.0, 0.0, 15.0, 0.0, 12.0, 0.0, 7.0, 15.0, 7.0, 0.0, 15.0, 0.0, 15.0, 0.0, 13.0, 0.0, 11.0, 0.0, 10.0, 0.0, 15.0, 0.0, 12.0, 0.0, 13.0, 0.0, 11.0, 0.0, 10.0, 15.0, 5.0, 0.0, 0]
B: [0.0, 36.0, 45.624091437640004, 77.27284989674001, 109.84229167884001, 127.02298575674001, 156.54249649114, 194.96183766194002, 213.64266625704002, 217.69673310405003, 252.01246244205004, 259.10901435125004, 264.19329610977, 299.11276141207003, 306.06090548081005, 346.36328993881006, 363.94251790821005, 387.46867033481004, 396.66029396723, 417.68650884293004, 434.87149115303004, 450.87255161793, 467.75570256793003, 495.01998566873004, 496.14167457391005, 504.96791239078004, 525.00903274368, 547.59890580658, 564.02007242168, 574.9248119875799, 585.2881852800799, 604.56054626678, 605.7209203443899, 624.6559867556899]
