Avion: 2      Iteracion: 60

Num Ruta: 52
Ingresos: 39600.0
Costos: 101.23376386
Utilidad Ruta: 39498.7662361
Costo Reducido: 0.301488494006
Nodos: [102, 11, 56, 25, 70, 20, 4, 49, 65, 912]
q: [0, 8.0, -8.0, 10.0, -10.0, 10.0, 5.0, -5.0, -10.0, 0]
Q: [0, 8.0, 0.0, 10.0, 0.0, 10.0, 15.0, 10.0, 0.0, 0]
B: [0.0, 169.0, 173.05406684701, 410.0, 427.1849823101, 496.0, 529.0, 549.4257496801999, 561.2869729308, 582.8791933122]
