Avion: 5      Iteracion: 19

Num Ruta: 22
Ingresos: 96000.0
Costos: 315.73404136
Utilidad Ruta: 95684.2659586
Costo Reducido: 128.503606288
Nodos: [105, 17, 62, 14, 59, 31, 76, 25, 43, 70, 88, 21, 50, 5, 66, 27, 4, 72, 49, 33, 78, 915]
q: [0.0, 5.0, -5.0, 8.0, -8.0, 6.0, -6.0, 10.0, 5.0, -10.0, -5.0, 13.0, -12.0, 12.0, -13.0, 6.0, 5.0, -6.0, -5.0, 10.0, -10.0, 0.0]
Q: [0.0, 5.0, 0.0, 8.0, 0.0, 6.0, 0.0, 10.0, 15.0, 5.0, 0.0, 13.0, 1.0, 13.0, 0.0, 6.0, 11.0, 5.0, 0.0, 10.0, 0.0, 0.0]
B: [0.0, 24.0, 58.8425537813, 112.0, 124.021711775, 151.2337789879, 164.539392991, 410.0, 451.0, 464.0372215215, 471.78639754221, 479.06940495673, 507.30899533973, 508.43068424491, 530.05334506641, 543.23079326401, 560.84556780131, 576.93276845901, 582.34802699393, 590.91949244623, 614.22300368383, 630.45559562103]
