Avion: 4      Iteracion: 23

Num Ruta: 25
Ingresos: 60000.0
Costos: 236.797245746
Utilidad Ruta: 59763.2027543
Costo Reducido: 120.90940905
Nodos: [104, 34, 79, 41, 86, 37, 82, 33, 78, 914]
q: [0, 12.0, -12.0, 13.0, -13.0, 15.0, -15.0, 10.0, -10.0, 0]
Q: [0, 12.0, 0.0, 13.0, 0.0, 15.0, 0.0, 10.0, 0.0, 0]
B: [0.0, 283.0, 323.947598037, 446.0, 466.0411203529, 562.0, 582.7946534714999, 617.3784082994999, 640.6819195370999, 653.8980273604999]
