Avion: 6      Iteracion: 34

Num Ruta: 38
Ingresos: 159600.0
Costos: 529.414287723
Utilidad Ruta: 159070.585712
Costo Reducido: 105.437280917
Nodos: [106, 40, 85, 10, 55, 1, 31, 76, 42, 46, 23, 87, 26, 68, 71, 22, 67, 8, 32, 53, 6, 51, 13, 77, 58, 15, 60, 7, 4, 52, 49, 2, 47, 916]
q: [0.0, 15.0, -15.0, 12.0, -12.0, 7.0, 6.0, -6.0, 5.0, -7.0, 10.0, -5.0, 5.0, -10.0, -5.0, 10.0, -10.0, 8.0, 6.0, -8.0, 5.0, -5.0, 9.0, -6.0, -9.0, 11.0, -11.0, 10.0, 5.0, -10.0, -5.0, 9.0, -9.0, 0.0]
Q: [0.0, 15.0, 0.0, 12.0, 0.0, 7.0, 13.0, 7.0, 12.0, 5.0, 15.0, 10.0, 15.0, 5.0, 0.0, 10.0, 0.0, 8.0, 14.0, 6.0, 11.0, 6.0, 15.0, 9.0, 0.0, 11.0, 0.0, 10.0, 15.0, 5.0, 0.0, 9.0, 0.0, 0.0]
B: [0.0, 62.0, 94.5694417821, 111.75013586, 141.2696465944, 179.6889877652, 188.58274973638, 201.88836373948, 239.0, 264.0626014013, 268.8931248719, 305.908763729, 312.80424232008, 332.49061509418, 335.55768747676, 349.19186812686, 370.94655426576, 414.0, 425.4468981388, 447.8266328334, 457.01730446283, 460.70959386102, 474.11965996822, 487.96183974602, 492.03279012646004, 511.98981588186007, 528.4109824969601, 539.31572206286, 549.67909535536, 568.95145634206, 570.11183041967, 579.56629693027, 620.30125897767, 634.14994934897]
