Avion: 1      Iteracion: 20

Num Ruta: 21
Ingresos: 120000.0
Costos: 348.419539331
Utilidad Ruta: 119651.580461
Costo Reducido: 146.497930794
Nodos: [101, 17, 30, 62, 16, 61, 75, 24, 69, 31, 11, 56, 76, 36, 81, 34, 79, 39, 28, 84, 73, 25, 70, 911]
q: [0.0, 5.0, 4.0, -5.0, 11.0, -11.0, -4.0, 14.0, -14.0, 6.0, 8.0, -8.0, -6.0, 15.0, -15.0, 12.0, -12.0, 7.0, 8.0, -7.0, -8.0, 10.0, -10.0, 0.0]
Q: [0.0, 5.0, 9.0, 4.0, 15.0, 4.0, 0.0, 14.0, 0.0, 6.0, 14.0, 6.0, 0.0, 15.0, 0.0, 12.0, 0.0, 7.0, 15.0, 8.0, 0.0, 10.0, 0.0, 0.0]
B: [0.0, 32.1256095351, 65.7393211421, 68.88377562579, 74.21541496092999, 83.83950639857, 86.71066295995999, 111.44463385025999, 149.95758415275998, 161.24194191025998, 174.42467110415998, 178.47873795117, 182.17311651866999, 251.0, 257.94814406874, 283.0, 323.947598037, 388.0, 399.3210123222, 412.3114993416, 448.3244104708, 451.65778908716, 468.84277139726, 479.68317531035996]
