Avion: 3      Iteracion: 50

Num Ruta: 44
Ingresos: 40800.0
Costos: 168.162547819
Utilidad Ruta: 40631.8374522
Costo Reducido: 3.52944020982
Nodos: [103, 17, 62, 24, 69, 21, 38, 66, 83, 913]
q: [0.0, 5.0, -5.0, 14.0, -14.0, 13.0, 2.0, -13.0, -2.0, 0.0]
Q: [0.0, 5.0, 0.0, 14.0, 0.0, 13.0, 15.0, 2.0, 0.0, 0.0]
B: [0.0, 24.0, 58.8425537813, 75.400837086, 113.9137873885, 477.0, 483.82291294097, 518.30529332577, 525.37522189684, 535.33919725811]
