Avion: 6      Iteracion: 60

Num Ruta: 58
Ingresos: 124800.0
Costos: 379.186002068
Utilidad Ruta: 124420.813998
Costo Reducido: 1.10265431782
Nodos: [106, 40, 85, 1, 11, 56, 42, 46, 3, 48, 23, 87, 35, 80, 68, 13, 58, 25, 21, 70, 38, 66, 83, 27, 72, 916]
q: [0.0, 15.0, -15.0, 7.0, 8.0, -8.0, 5.0, -7.0, 10.0, -10.0, 10.0, -5.0, 5.0, -5.0, -10.0, 15.0, -15.0, 8.0, 7.0, -8.0, 8.0, -7.0, -8.0, 6.0, -6.0, 0.0]
Q: [0.0, 15.0, 0.0, 7.0, 15.0, 7.0, 12.0, 5.0, 15.0, 5.0, 15.0, 10.0, 15.0, 10.0, 0.0, 15.0, 0.0, 8.0, 15.0, 7.0, 15.0, 8.0, 0.0, 6.0, 0.0, 0.0]
B: [0.0, 62.0, 94.5694417821, 175.0, 193.6808285951, 197.73489544211, 239.0, 264.0626014013, 271.1591533105, 276.24343506902, 279.60592239242, 316.62156124951997, 320.678011052, 340.59089444439996, 353.20943992319997, 423.0, 439.88315095, 463.8957169312, 477.0, 485.168713485, 489.49037624371, 523.97275662851, 531.04268519958, 542.57841252818, 559.60927489628, 581.33798327948]
