Avion: 3      Iteracion: 67

Num Ruta: 53
Ingresos: 32400.0
Costos: 134.29439335
Utilidad Ruta: 32265.7056067
Costo Reducido: 1.06646634921
Nodos: [103, 17, 62, 14, 59, 32, 38, 77, 83, 913]
q: [0, 5.0, -5.0, 8.0, -8.0, 6.0, 8.0, -6.0, -8.0, 0]
Q: [0, 5.0, 0.0, 8.0, 0.0, 6.0, 14.0, 8.0, 0.0, 0]
B: [0.0, 24.0, 58.8425537813, 112.0, 124.021711775, 422.0, 480.0, 495.0304472322, 517.0265259964, 526.9905013576699]
