Avion: 5      Iteracion: 11

Num Ruta: 14
Ingresos: 27600.0
Costos: 131.738570525
Utilidad Ruta: 27468.2614295
Costo Reducido: 16343.8470822
Nodos: [105, 41, 86, 20, 65, 915]
q: [0, 13.0, -13.0, 10.0, -10.0, 0]
Q: [0, 13.0, 0.0, 10.0, 0.0, 0]
B: [0.0, 446.0, 466.0411203529, 496.0, 538.1771424471, 573.2530203406]
