Avion: 4      Iteracion: 19

Num Ruta: 21
Ingresos: 46800.0
Costos: 148.96144142
Utilidad Ruta: 46651.0385586
Costo Reducido: 92.4622019503
Nodos: [104, 19, 25, 70, 64, 13, 58, 29, 74, 914]
q: [0.0, 7.0, 8.0, -8.0, -7.0, 15.0, -15.0, 9.0, -9.0, 0.0]
Q: [0.0, 7.0, 15.0, 7.0, 0.0, 15.0, 0.0, 9.0, 0.0, 0.0]
B: [0.0, 402.0, 411.3920072402, 428.57698955029997, 445.3638459862, 449.59146529262, 466.47461624262, 549.0, 582.7797797802, 607.5882078038]
