Avion: 7      Iteracion: 3

Num Ruta: 7
Ingresos: 124800.0
Costos: 466.459064999
Utilidad Ruta: 124333.540935
Costo Reducido: 144387.652838
Nodos: [107, 40, 85, 10, 55, 11, 56, 44, 42, 89, 26, 87, 71, 13, 58, 32, 77, 38, 83, 37, 82, 917]
q: [0.0, 15.0, -15.0, 12.0, -12.0, 8.0, -8.0, 10.0, 5.0, -10.0, 10.0, -5.0, -10.0, 15.0, -15.0, 6.0, -6.0, 8.0, -8.0, 15.0, -15.0, 0.0]
Q: [0.0, 15.0, 0.0, 12.0, 0.0, 8.0, 0.0, 10.0, 15.0, 5.0, 15.0, 10.0, 0.0, 15.0, 0.0, 6.0, 0.0, 8.0, 0.0, 15.0, 0.0, 0.0]
B: [0.0, 62.0, 94.5694417821, 111.75013586, 141.2696465944, 193.907863177, 197.96193002401, 211.0, 239.0, 276.4881823646, 300.0, 306.89547859108, 331.29432817458, 423.0, 439.88315095, 467.2623045162, 495.1196603311, 510.1501075633, 543.018994204, 571.7716078939001, 592.5662613654001, 612.6379935527001]
