Avion: 7      Iteracion: 16

Num Ruta: 18
Ingresos: 123600.0
Costos: 505.236473354
Utilidad Ruta: 123094.763527
Costo Reducido: 512.512044342
Nodos: [107, 24, 69, 10, 55, 1, 46, 42, 18, 87, 35, 80, 63, 45, 90, 8, 6, 51, 53, 15, 7, 60, 29, 27, 74, 72, 52, 917]
q: [0.0, 14.0, -14.0, 12.0, -12.0, 7.0, -7.0, 5.0, 10.0, -5.0, 5.0, -5.0, -10.0, 11.0, -11.0, 8.0, 5.0, -5.0, -8.0, 11.0, 4.0, -11.0, 9.0, 2.0, -9.0, -2.0, -4.0, 0.0]
Q: [0.0, 14.0, 0.0, 12.0, 0.0, 7.0, 0.0, 5.0, 15.0, 10.0, 15.0, 10.0, 0.0, 11.0, 0.0, 8.0, 13.0, 8.0, 0.0, 11.0, 15.0, 4.0, 13.0, 15.0, 6.0, 4.0, 0.0, 0.0]
B: [0.0, 61.0, 99.5129503025, 111.2988809828, 140.8183917172, 179.237732888, 213.4778184165, 239.0, 293.0, 329.7411826293, 333.79763243178, 353.71051582418, 374.42975251378, 402.97813856278, 412.16976219519995, 423.7197565674999, 451.6342545389999, 455.3265439371899, 468.1925464243899, 511.0, 524.7672641436, 535.6720037094999, 550.8098805751999, 576.4116888120999, 584.6281168072799, 600.0754943840799, 604.4754149515398, 611.1648634340398]
