Avion: 2      Iteracion: 68

Num Ruta: 54
Ingresos: 66000.0
Costos: 231.64234465
Utilidad Ruta: 65768.3576553
Costo Reducido: 7.80843332286
Nodos: [102, 44, 89, 18, 63, 20, 7, 52, 65, 37, 82, 912]
q: [0.0, 14.0, -14.0, 11.0, -11.0, 10.0, 5.0, -5.0, -10.0, 15.0, -15.0, 0.0]
Q: [0.0, 14.0, 0.0, 11.0, 0.0, 10.0, 15.0, 10.0, 0.0, 15.0, 0.0, 0.0]
B: [0.0, 211.0, 265.00737440390003, 293.45392730580005, 317.2721635545, 496.0, 517.0, 545.5413118129, 558.5049963585999, 570.0825143136999, 590.8771677851998, 607.6980295942999]
