Avion: 2      Iteracion: 36

Num Ruta: 38
Ingresos: 140400.0
Costos: 374.869656592
Utilidad Ruta: 140025.130343
Costo Reducido: 22.0320801022
Nodos: [102, 30, 16, 61, 75, 24, 69, 1, 46, 3, 48, 8, 19, 64, 53, 5, 50, 2, 4, 47, 7, 52, 49, 37, 82, 912]
q: [0.0, 11.0, 4.0, -4.0, -11.0, 14.0, -14.0, 7.0, -7.0, 15.0, -15.0, 8.0, 7.0, -7.0, -8.0, 12.0, -12.0, 9.0, 5.0, -9.0, 10.0, -10.0, -5.0, 15.0, -15.0, 0.0]
Q: [0.0, 11.0, 15.0, 11.0, 0.0, 14.0, 0.0, 7.0, 0.0, 15.0, 0.0, 8.0, 15.0, 8.0, 0.0, 12.0, 0.0, 9.0, 14.0, 5.0, 15.0, 5.0, 0.0, 15.0, 0.0, 0.0]
B: [0.0, 64.0, 72.20259129788, 81.82668273552001, 84.69783929691, 109.43181018721, 147.94476048971, 175.0, 209.2400855285, 256.0, 261.08428175852, 414.0, 437.1608815463, 463.7879978378, 466.71611702935996, 476.46892790622996, 477.59061681141, 522.0, 549.3715326023, 562.8222884175, 574.3290145375, 602.8703263504, 604.0307004280099, 611.0950725161699, 631.8897259876699, 648.7105877967699]
