Avion: 5      Iteracion: 81

Num Ruta: 65
Ingresos: 30000.0
Costos: 85.3444197278
Utilidad Ruta: 29914.6555803
Costo Reducido: 2.57631863614
Nodos: [105, 10, 55, 26, 71, 915]
q: [0, 12.0, -12.0, 13.0, -13.0, 0]
Q: [0, 12.0, 0.0, 13.0, 0.0, 0]
B: [0.0, 96.0, 125.5195107344, 300.0, 317.5792279694, 335.0163952852]
