Avion: 6      Iteracion: 8

Num Ruta: 12
Ingresos: 90000.0
Costos: 417.434908874
Utilidad Ruta: 89582.5650911
Costo Reducido: 153200.914361
Nodos: [106, 17, 62, 36, 81, 34, 79, 39, 84, 8, 53, 5, 86, 41, 50, 15, 20, 60, 65, 916]
q: [0.0, 5.0, -5.0, 15.0, -15.0, 12.0, -12.0, 8.0, -8.0, 8.0, -8.0, 12.0, 0.0, 0.0, -12.0, 5.0, 10.0, -5.0, -10.0, 0.0]
Q: [0.0, 5.0, 0.0, 15.0, 0.0, 12.0, 0.0, 8.0, 0.0, 8.0, 0.0, 12.0, 12.0, 12.0, 0.0, 5.0, 15.0, 10.0, 0.0, 0.0]
B: [0.0, 49.2628851063, 84.1054388876, 251.0, 257.94814406874, 283.0, 323.947598037, 388.0, 410.632187455, 434.7301572658, 455.49855388180004, 469.0, 481.0258881169, 501.0670084698, 509.89324628667, 543.29544076547, 553.5963328627699, 559.7301849151099, 596.0979866084099, 633.8592220225099]
