Avion: 6      Iteracion: 14

Num Ruta: 18
Ingresos: 129600.0
Costos: 474.937852341
Utilidad Ruta: 129125.062148
Costo Reducido: 34845.5223625
Nodos: [106, 40, 85, 30, 75, 31, 76, 1, 46, 36, 81, 22, 67, 39, 84, 6, 51, 5, 50, 15, 60, 38, 83, 916]
q: [0, 15.0, -15.0, 11.0, -11.0, 6.0, -6.0, 7.0, -7.0, 15.0, -15.0, 10.0, -10.0, 8.0, -8.0, 5.0, -5.0, 12.0, -12.0, 11.0, -11.0, 8.0, -8.0, 0]
Q: [0, 15.0, 0.0, 11.0, 0.0, 6.0, 0.0, 7.0, 0.0, 15.0, 0.0, 10.0, 0.0, 8.0, 0.0, 5.0, 0.0, 12.0, 0.0, 11.0, 0.0, 8.0, 0.0, 0]
B: [0.0, 62.0, 94.5694417821, 113.51249206450001, 132.22651472130002, 156.12090755730003, 169.42652156040003, 188.41621566010002, 222.65630118860003, 256.6042048205, 263.55234888924, 299.0, 320.7546861389, 388.0, 410.632187455, 436.0, 439.69228939819, 469.0, 470.12168890518, 511.0, 527.4211666151, 531.5084323270399, 564.3773189677399, 602.19832588184]
