Avion: 1      Iteracion: 80

Num Ruta: 70
Ingresos: 142800.0
Costos: 437.50141314
Utilidad Ruta: 142362.498587
Costo Reducido: 4.29389339857
Nodos: [101, 16, 61, 24, 69, 1, 11, 56, 42, 46, 23, 87, 35, 26, 80, 71, 68, 28, 73, 25, 19, 70, 64, 5, 50, 2, 47, 7, 4, 52, 49, 911]
q: [0.0, 11.0, -11.0, 14.0, -14.0, 7.0, 8.0, -8.0, 5.0, -7.0, 10.0, -5.0, 5.0, 0.0, -5.0, 0.0, -10.0, 8.0, -8.0, 8.0, 7.0, -8.0, -7.0, 12.0, -12.0, 9.0, -9.0, 10.0, 5.0, -10.0, -5.0, 0.0]
Q: [0.0, 11.0, 0.0, 14.0, 0.0, 7.0, 15.0, 7.0, 12.0, 5.0, 15.0, 10.0, 15.0, 15.0, 10.0, 10.0, 0.0, 8.0, 0.0, 8.0, 15.0, 7.0, 0.0, 12.0, 0.0, 9.0, 0.0, 10.0, 15.0, 5.0, 0.0, 0.0]
B: [0.0, 36.0, 45.624091437640004, 70.85029051714, 109.36324081964, 175.0, 193.6808285951, 197.73489544211, 239.0, 264.0626014013, 268.8931248719, 305.908763729, 309.96521353148, 320.59242812418, 329.88543350457, 339.70724927356, 342.77432165614005, 378.0, 414.0266187839, 417.35999740026, 426.75200464046, 443.42489632125995, 460.21175275715996, 469.0, 470.12168890518, 522.0, 562.7349620474, 574.2416881674001, 584.6050614599001, 603.8774224466001, 605.0377965242101, 623.9728629355101]
