Avion: 4      Iteracion: 61

Num Ruta: 53
Ingresos: 121200.0
Costos: 360.163089744
Utilidad Ruta: 120839.83691
Costo Reducido: 4.31726286162
Nodos: [104, 30, 16, 61, 75, 24, 69, 36, 81, 34, 79, 39, 28, 84, 73, 25, 43, 70, 88, 21, 38, 83, 66, 914]
q: [0.0, 11.0, 4.0, -4.0, -11.0, 14.0, -14.0, 15.0, -15.0, 12.0, -12.0, 8.0, 7.0, -8.0, -7.0, 10.0, 5.0, -10.0, -5.0, 7.0, 8.0, -8.0, -7.0, 0.0]
Q: [0.0, 11.0, 15.0, 11.0, 0.0, 14.0, 0.0, 15.0, 0.0, 12.0, 0.0, 8.0, 15.0, 7.0, 0.0, 10.0, 15.0, 5.0, 0.0, 7.0, 15.0, 7.0, 0.0, 0.0]
B: [0.0, 64.0, 72.20259129788, 81.82668273552001, 84.69783929691, 109.43181018721, 147.94476048971, 251.0, 257.94814406874, 283.0, 323.947598037, 388.0, 399.3210123222, 412.3114993416, 448.3244104708, 451.65778908716, 465.71894785876, 478.75616938025996, 486.50534540097, 493.78835281549, 500.61126575646, 533.48015239716, 540.5500809682301, 567.6293296468301]
