Avion: 5      Iteracion: 57

Num Ruta: 54
Ingresos: 21600.0
Costos: 55.2530645295
Utilidad Ruta: 21544.7469355
Costo Reducido: 4.93880115687
Nodos: [105, 6, 51, 41, 86, 915]
q: [0, 5.0, -5.0, 13.0, -13.0, 0]
Q: [0, 5.0, 0.0, 13.0, 0.0, 0]
B: [0.0, 436.0, 439.69228939819, 458.80900930509, 478.85012965799, 484.69912632409]
