Avion: 7      Iteracion: 67

Num Ruta: 66
Ingresos: 79200.0
Costos: 274.362237004
Utilidad Ruta: 78925.637763
Costo Reducido: 1.00175165974
Nodos: [107, 30, 16, 61, 75, 24, 69, 1, 46, 23, 18, 63, 68, 20, 7, 52, 65, 917]
q: [0.0, 11.0, 4.0, -4.0, -11.0, 14.0, -14.0, 7.0, -7.0, 10.0, 5.0, -5.0, -10.0, 10.0, 5.0, -5.0, -10.0, 0.0]
Q: [0.0, 11.0, 15.0, 11.0, 0.0, 14.0, 0.0, 7.0, 0.0, 10.0, 15.0, 10.0, 0.0, 10.0, 15.0, 10.0, 0.0, 0.0]
B: [0.0, 64.0, 72.20259129788, 81.82668273552001, 84.69783929691, 109.43181018721, 147.94476048971, 175.0, 209.2400855285, 267.0, 293.0, 316.8182362487, 326.74376782137, 496.0, 517.0, 545.5413118129, 558.5049963585999, 571.3856473514999]
