Avion: 3      Iteracion: 74

Num Ruta: 56
Ingresos: 70800.0
Costos: 235.855608451
Utilidad Ruta: 70564.1443915
Costo Reducido: 8.36998207586
Nodos: [103, 17, 62, 40, 85, 41, 86, 32, 43, 38, 77, 88, 21, 83, 66, 913]
q: [0.0, 5.0, -5.0, 15.0, -15.0, 13.0, -13.0, 6.0, 5.0, 2.0, -6.0, -5.0, 13.0, -2.0, -13.0, 0.0]
Q: [0.0, 5.0, 0.0, 15.0, 0.0, 13.0, 0.0, 6.0, 11.0, 13.0, 7.0, 2.0, 15.0, 13.0, 0.0, 0.0]
B: [0.0, 24.0, 58.8425537813, 82.5415246028, 115.1109663849, 446.0, 466.0411203529, 474.43811338612, 481.6509489589, 490.36826437134, 505.39871160354, 519.19766641904, 526.4806738335601, 564.9924123037601, 572.0623408748302, 589.0525417271301]
