Avion: 5      Iteracion: 54

Num Ruta: 51
Ingresos: 18000.0
Costos: 86.9697638745
Utilidad Ruta: 17913.0302361
Costo Reducido: 12.1811969769
Nodos: [105, 1, 46, 8, 53, 915]
q: [0, 7.0, -7.0, 8.0, -8.0, 0]
Q: [0, 7.0, 0.0, 8.0, 0.0, 0]
B: [0.0, 175.0, 209.2400855285, 414.0, 434.768396616, 449.9396930998]
