Avion: 6      Iteracion: 18

Num Ruta: 22
Ingresos: 140400.0
Costos: 454.654827475
Utilidad Ruta: 139945.345173
Costo Reducido: 240.244799027
Nodos: [106, 40, 85, 30, 75, 14, 59, 42, 23, 68, 35, 87, 26, 80, 71, 6, 51, 5, 50, 7, 20, 52, 65, 27, 72, 37, 82, 916]
q: [0.0, 15.0, -15.0, 11.0, -11.0, 8.0, -8.0, 5.0, 10.0, -10.0, 6.0, -5.0, 9.0, -6.0, -9.0, 5.0, -5.0, 12.0, -12.0, 5.0, 10.0, -5.0, -10.0, 6.0, -6.0, 15.0, -15.0, 0.0]
Q: [0.0, 15.0, 0.0, 11.0, 0.0, 8.0, 0.0, 5.0, 15.0, 5.0, 11.0, 6.0, 15.0, 9.0, 0.0, 5.0, 0.0, 12.0, 0.0, 5.0, 15.0, 10.0, 0.0, 6.0, 0.0, 15.0, 0.0, 0.0]
B: [0.0, 62.0, 94.5694417821, 113.51249206450001, 132.22651472130002, 160.02245537820002, 172.04416715320002, 239.0, 267.0, 306.733842905, 336.2538785588, 340.31032836128, 347.20580695236004, 356.49881233275005, 366.32062810174006, 436.0, 439.69228939819, 469.0, 470.12168890518, 517.0, 525.74295442056, 554.98896180616, 567.9526463518599, 594.25340970576, 611.2842720738599, 618.12023769695, 638.9148911684499, 660.2142436703499]
