Avion: 3      Iteracion: 39

Num Ruta: 37
Ingresos: 40800.0
Costos: 178.36348072
Utilidad Ruta: 40621.6365193
Costo Reducido: 34.1582438249
Nodos: [103, 17, 62, 40, 85, 32, 38, 77, 83, 913]
q: [0, 5.0, -5.0, 15.0, -15.0, 6.0, 8.0, -6.0, -8.0, 0]
Q: [0, 5.0, 0.0, 15.0, 0.0, 6.0, 14.0, 8.0, 0.0, 0]
B: [0.0, 24.0, 58.8425537813, 82.5415246028, 115.1109663849, 422.0, 480.0, 495.0304472322, 517.0265259964, 526.9905013576699]
