Avion: 4      Iteracion: 29

Num Ruta: 31
Ingresos: 76800.0
Costos: 238.568987431
Utilidad Ruta: 76561.4310126
Costo Reducido: 56.9236129624
Nodos: [104, 16, 61, 14, 59, 19, 8, 64, 53, 13, 58, 38, 21, 66, 83, 914]
q: [0.0, 11.0, -11.0, 8.0, -8.0, 7.0, 8.0, -7.0, -8.0, 15.0, -15.0, 2.0, 13.0, -13.0, -2.0, 0.0]
Q: [0.0, 11.0, 0.0, 8.0, 0.0, 7.0, 15.0, 8.0, 0.0, 15.0, 0.0, 2.0, 15.0, 2.0, 0.0, 0.0]
B: [0.0, 36.0, 45.624091437640004, 112.0, 124.021711775, 402.0, 425.1608815463, 443.1178409771, 446.04596016866, 448.25663630956996, 465.13978725956997, 480.0, 486.82291294097, 527.56170362017, 534.63163219124, 555.67982501154]
