Avion: 1      Iteracion: 72

Num Ruta: 66
Ingresos: 99600.0
Costos: 259.208348798
Utilidad Ruta: 99340.7916512
Costo Reducido: 15.0033135936
Nodos: [101, 16, 30, 61, 75, 24, 69, 31, 11, 76, 56, 25, 43, 70, 88, 21, 38, 83, 66, 33, 78, 911]
q: [0.0, 4.0, 11.0, -4.0, -11.0, 14.0, -14.0, 6.0, 8.0, -6.0, -8.0, 10.0, 5.0, -10.0, -5.0, 13.0, 2.0, -2.0, -13.0, 10.0, -10.0, 0.0]
Q: [0.0, 4.0, 15.0, 11.0, 0.0, 14.0, 0.0, 6.0, 14.0, 8.0, 0.0, 10.0, 15.0, 5.0, 0.0, 13.0, 15.0, 13.0, 0.0, 10.0, 0.0, 0.0]
B: [0.0, 36.0, 64.0, 80.9852936389, 83.85645020029, 108.59042109059, 147.10337139309001, 158.38772915059002, 171.57045834449002, 172.04933724358702, 175.74371581108701, 410.0, 451.0, 464.0372215215, 471.78639754221, 479.06940495673, 485.8923178977, 518.7612045384001, 525.8311331094701, 562.0, 585.3035112376, 590.98027404751]
