Avion: 2      Iteracion: 33

Num Ruta: 36
Ingresos: 26400.0
Costos: 113.925659843
Utilidad Ruta: 26286.0743402
Costo Reducido: 9.00506292697
Nodos: [102, 44, 89, 8, 53, 912]
q: [0, 14.0, -14.0, 8.0, -8.0, 0]
Q: [0, 14.0, 0.0, 8.0, 0.0, 0]
B: [0.0, 211.0, 265.00737440390003, 414.0, 434.768396616, 448.0292808248]
