Avion: 1      Iteracion: 25

Num Ruta: 26
Ingresos: 145200.0
Costos: 419.591716454
Utilidad Ruta: 144780.408284
Costo Reducido: 160.116222993
Nodos: [101, 9, 54, 12, 40, 85, 57, 10, 55, 35, 26, 80, 71, 28, 39, 73, 25, 70, 84, 6, 51, 41, 50, 5, 86, 7, 4, 49, 52, 911]
q: [0.0, 11.0, -11.0, 0.0, 15.0, -15.0, 0.0, 12.0, -12.0, 6.0, 9.0, -6.0, -9.0, 8.0, 5.0, -8.0, 10.0, -10.0, -5.0, 5.0, -5.0, 13.0, -12.0, 12.0, -13.0, 10.0, 5.0, -5.0, -10.0, 0.0]
Q: [0.0, 11.0, 0.0, 0.0, 15.0, 0.0, 0.0, 12.0, 0.0, 6.0, 15.0, 9.0, 0.0, 8.0, 13.0, 5.0, 15.0, 5.0, 0.0, 5.0, 0.0, 13.0, 1.0, 13.0, 0.0, 10.0, 15.0, 10.0, 0.0, 0.0]
B: [0.0, 28.0, 57.5272370025, 68.3142737596, 88.1072362716, 120.6766780537, 141.545345117, 150.26311547415, 179.78262620855, 279.0, 300.0, 309.29300538039, 319.11482114938, 378.0, 389.3210123222, 420.750419714, 424.08379833035997, 441.26878064045997, 460.17589178945997, 466.86413595365997, 470.55642535184995, 489.67314525874997, 498.49938307561996, 499.62107198079997, 511.64696009769995, 522.0571182617, 532.4204915542, 552.8462412343999, 554.0066153120099, 571.9716230771099]
