Avion: 4      Iteracion: 0

Num Ruta: 3
Ingresos: 180000.0
Costos: 548.68938063
Utilidad Ruta: 179451.310619
Costo Reducido: -
Nodos: [104, 16, 61, 40, 85, 10, 55, 1, 11, 56, 46, 3, 48, 36, 81, 26, 71, 45, 90, 13, 58, 41, 86, 7, 4, 49, 52, 914]
q: [0, 11.0, -11.0, 15.0, -15.0, 12.0, -12.0, 7.0, 8.0, -8.0, -7.0, 15.0, -15.0, 15.0, -15.0, 13.0, -13.0, 11.0, -11.0, 15.0, -15.0, 13.0, -13.0, 10.0, 5.0, -5.0, -10.0, 0]
Q: [0, 11.0, 0.0, 15.0, 0.0, 12.0, 0.0, 7.0, 15.0, 7.0, 0.0, 15.0, 0.0, 15.0, 0.0, 13.0, 0.0, 11.0, 0.0, 15.0, 0.0, 13.0, 0.0, 10.0, 15.0, 10.0, 0.0, 0]
B: [0.0, 36.0, 45.624091437640004, 77.27284989674001, 109.84229167884001, 127.02298575674001, 156.54249649114, 194.96183766194002, 213.64266625704002, 217.69673310405003, 252.01246244205004, 259.10901435125004, 264.19329610977, 299.11276141207003, 306.06090548081005, 346.36328993881006, 363.94251790821005, 387.46867033481004, 396.66029396723, 423.0, 439.88315095, 474.68910223710003, 494.73022259000004, 517.0, 529.0, 549.4257496801999, 550.5861237578099, 583.8541792165099]
