Avion: 5      Iteracion: 28

Num Ruta: 30
Ingresos: 44400.0
Costos: 172.774005943
Utilidad Ruta: 44227.2259941
Costo Reducido: 66.8497734678
Nodos: [105, 17, 62, 24, 69, 1, 46, 45, 90, 915]
q: [0, 5.0, -5.0, 14.0, -14.0, 7.0, -7.0, 11.0, -11.0, 0]
Q: [0, 5.0, 0.0, 14.0, 0.0, 7.0, 0.0, 11.0, 0.0, 0]
B: [0.0, 24.0, 58.8425537813, 75.400837086, 113.9137873885, 175.0, 209.2400855285, 371.0, 380.19162363242, 391.84105490611995]
