Avion: 2      Iteracion: 28

Num Ruta: 31
Ingresos: 128400.0
Costos: 397.542050527
Utilidad Ruta: 128002.457949
Costo Reducido: 118.648797873
Nodos: [102, 11, 56, 36, 81, 34, 79, 22, 67, 45, 90, 19, 32, 64, 77, 21, 66, 20, 65, 37, 82, 912]
q: [0, 8.0, -8.0, 15.0, -15.0, 12.0, -12.0, 10.0, -10.0, 11.0, -11.0, 7.0, 6.0, -7.0, -6.0, 13.0, -13.0, 10.0, -10.0, 15.0, -15.0, 0]
Q: [0, 8.0, 0.0, 15.0, 0.0, 12.0, 0.0, 10.0, 0.0, 11.0, 0.0, 7.0, 13.0, 6.0, 0.0, 13.0, 0.0, 10.0, 0.0, 15.0, 0.0, 0]
B: [0.0, 169.0, 173.05406684701, 251.0, 257.94814406874, 283.0, 323.947598037, 353.69889745399996, 375.4535835929, 387.2162578212, 396.40788145361995, 408.24973570031995, 422.0, 441.5724706923, 458.69984714049997, 477.1117787339, 517.8505694131, 554.2758611346, 596.4530035816999, 608.0305215367999, 628.8251750083, 645.6460368174]
