Avion: 4      Iteracion: 31

Num Ruta: 33
Ingresos: 22800.0
Costos: 96.2411493863
Utilidad Ruta: 22703.7588506
Costo Reducido: 23.4840083601
Nodos: [104, 29, 74, 33, 78, 914]
q: [0, 9.0, -9.0, 10.0, -10.0, 0]
Q: [0, 9.0, 0.0, 10.0, 0.0, 0]
B: [0.0, 549.0, 582.7797797802, 591.6312714624, 614.9347827, 628.1508905234]
