Avion: 7      Iteracion: 88

Num Ruta: 76
Ingresos: 138000.0
Costos: 377.09575563
Utilidad Ruta: 137622.904244
Costo Reducido: 2.35548966724
Nodos: [107, 14, 59, 11, 56, 44, 42, 89, 35, 87, 26, 80, 71, 22, 67, 45, 32, 90, 19, 43, 64, 13, 77, 58, 88, 15, 60, 7, 4, 52, 49, 917]
q: [0.0, 8.0, -8.0, 8.0, -8.0, 10.0, 5.0, -10.0, 6.0, -5.0, 9.0, -6.0, -9.0, 10.0, -10.0, 11.0, 4.0, -11.0, 7.0, 4.0, -7.0, 7.0, -4.0, -7.0, -4.0, 11.0, -11.0, 10.0, 5.0, -10.0, -5.0, 0.0]
Q: [0.0, 8.0, 0.0, 8.0, 0.0, 10.0, 15.0, 5.0, 11.0, 6.0, 15.0, 9.0, 0.0, 10.0, 0.0, 11.0, 15.0, 4.0, 11.0, 15.0, 8.0, 15.0, 11.0, 4.0, 0.0, 11.0, 0.0, 10.0, 15.0, 5.0, 0.0, 0.0]
B: [0.0, 112.0, 124.021711775, 169.0, 173.05406684701, 211.0, 239.0, 276.4881823646, 296.9043957745, 300.96084557698003, 307.85632416806004, 317.14932954845005, 326.97114531744006, 340.60532596754007, 362.3600121064401, 374.1226863347401, 422.0, 423.53561095333, 435.37746520003, 451.0, 471.20454651800003, 475.43216582442005, 489.2743456022201, 493.3452959826601, 503.4008833349601, 513.6538915764601, 530.0750581915601, 540.97979775746, 551.34317104996, 570.61553203666, 571.77590611427, 578.59855611262]
