Avion: 1      Iteracion: 17

Num Ruta: 18
Ingresos: 117600.0
Costos: 422.897903581
Utilidad Ruta: 117177.102096
Costo Reducido: 253.775614956
Nodos: [101, 9, 24, 54, 12, 57, 69, 31, 76, 44, 89, 36, 81, 34, 79, 39, 28, 84, 73, 25, 70, 911]
q: [0.0, 11.0, 1.0, -11.0, 14.0, -14.0, -1.0, 6.0, -6.0, 14.0, -14.0, 15.0, -15.0, 12.0, -12.0, 8.0, 7.0, -8.0, -7.0, 10.0, -10.0, 0.0]
Q: [0.0, 11.0, 12.0, 1.0, 15.0, 1.0, 0.0, 6.0, 0.0, 14.0, 0.0, 15.0, 0.0, 12.0, 0.0, 8.0, 15.0, 7.0, 0.0, 10.0, 0.0, 0.0]
B: [0.0, 28.0, 61.0, 85.1402498951, 95.9272866522, 139.2752109162, 155.2074484866, 166.4918062441, 179.7974202472, 211.0, 265.00737440390003, 304.21876092620005, 311.16690499494007, 324.8866529882401, 365.83425102524006, 388.0, 399.3210123222, 412.3114993416, 448.3244104708, 451.65778908716, 468.84277139726, 479.68317531035996]
