Avion: 3      Iteracion: 7

Num Ruta: 9
Ingresos: 169200.0
Costos: 634.553138194
Utilidad Ruta: 168565.446862
Costo Reducido: 205436.704304
Nodos: [103, 12, 57, 30, 75, 14, 59, 36, 81, 35, 80, 26, 71, 45, 90, 25, 70, 13, 58, 43, 88, 21, 66, 4, 49, 37, 82, 913]
q: [0, 14.0, -14.0, 11.0, -11.0, 8.0, -8.0, 15.0, -15.0, 6.0, -6.0, 13.0, -13.0, 11.0, -11.0, 10.0, -10.0, 15.0, -15.0, 5.0, -5.0, 13.0, -13.0, 5.0, -5.0, 15.0, -15.0, 0]
Q: [0, 14.0, 0.0, 11.0, 0.0, 8.0, 0.0, 15.0, 0.0, 6.0, 0.0, 13.0, 0.0, 11.0, 0.0, 10.0, 0.0, 15.0, 0.0, 5.0, 0.0, 13.0, 0.0, 5.0, 0.0, 15.0, 0.0, 0]
B: [0.0, 54.0, 97.347924264, 122.72227077779999, 141.4362934346, 169.2322340915, 181.2539458665, 251.0, 257.94814406874, 308.86250452824004, 328.77538792064, 338.06839330103, 355.64762127043, 379.17377369703, 388.36539732945, 410.0, 427.1849823101, 443.186042775, 460.069193725, 482.2815133022, 499.5438344092, 506.82684182372, 547.5656325029199, 576.7354299139199, 597.1611795941199, 604.2255516822798, 625.0202051537799, 678.44546331878]
