Avion: 6      Iteracion: 13

Num Ruta: 17
Ingresos: 178800.0
Costos: 567.337977637
Utilidad Ruta: 178232.662022
Costo Reducido: 64655.3676184
Nodos: [106, 9, 54, 24, 69, 14, 59, 44, 89, 3, 48, 23, 68, 22, 67, 8, 53, 13, 58, 6, 51, 41, 5, 50, 86, 7, 4, 52, 49, 2, 47, 916]
q: [0.0, 11.0, -11.0, 14.0, -14.0, 8.0, -8.0, 14.0, -14.0, 15.0, -15.0, 10.0, -10.0, 10.0, -10.0, 8.0, -8.0, 15.0, -15.0, 5.0, -5.0, 3.0, 12.0, -12.0, -3.0, 10.0, 5.0, -10.0, -5.0, 9.0, -9.0, 0.0]
Q: [0.0, 11.0, 0.0, 14.0, 0.0, 8.0, 0.0, 14.0, 0.0, 15.0, 0.0, 10.0, 0.0, 10.0, 0.0, 8.0, 0.0, 15.0, 0.0, 5.0, 0.0, 3.0, 15.0, 3.0, 0.0, 10.0, 15.0, 5.0, 0.0, 9.0, 0.0, 0.0]
B: [0.0, 28.0, 57.5272370025, 81.6674868976, 120.1804372001, 148.8268064988, 160.8485182738, 211.0, 265.00737440390003, 287.39410424550005, 292.47838600402, 295.84087332742, 335.57471623242003, 351.33114022392004, 373.08582636282006, 414.0, 434.768396616, 436.97907275691, 453.86222370691, 478.08517233011, 481.7774617283, 500.8941816352, 509.29954563684004, 510.42123454202004, 521.7377557831201, 532.1479139471201, 542.5112872396201, 561.7836482263201, 562.9440223039301, 572.3984888145301, 613.1334508619301, 626.9821412332301]
