Avion: 7      Iteracion: 98

Num Ruta: 84
Ingresos: 129600.0
Costos: 414.792784592
Utilidad Ruta: 129185.207215
Costo Reducido: 9.05452730675
Nodos: [107, 12, 57, 31, 11, 76, 56, 44, 42, 89, 87, 26, 71, 22, 67, 32, 43, 77, 88, 21, 38, 83, 66, 33, 78, 27, 72, 917]
q: [0.0, 14.0, -14.0, 6.0, 8.0, -6.0, -8.0, 10.0, 5.0, -10.0, -5.0, 13.0, -13.0, 10.0, -10.0, 6.0, 5.0, -6.0, -5.0, 7.0, 8.0, -8.0, -7.0, 10.0, -10.0, 6.0, -6.0, 0.0]
Q: [0.0, 14.0, 0.0, 6.0, 14.0, 8.0, 0.0, 10.0, 15.0, 5.0, 0.0, 13.0, 0.0, 10.0, 0.0, 6.0, 11.0, 5.0, 0.0, 7.0, 15.0, 7.0, 0.0, 10.0, 0.0, 6.0, 0.0, 0.0]
B: [0.0, 54.0, 97.347924264, 130.0, 169.0, 169.478878899097, 173.173257466597, 211.0, 239.0, 276.4881823646, 294.1162889277, 301.01176751878, 318.59099548818, 332.22517613828, 353.97986227718, 422.0, 451.0, 474.5469186944, 488.3458735099, 495.62888092442, 502.45179386539, 535.32068050609, 542.39060907716, 562.0, 585.3035112376, 592.52226459258, 609.55312696068, 615.1305631100199]
