Avion: 6      Iteracion: 0

Num Ruta: 2
Ingresos: 186000.0
Costos: 603.360219183
Utilidad Ruta: 185396.639781
Costo Reducido: -
Nodos: [106, 9, 54, 40, 85, 31, 11, 56, 76, 1, 46, 36, 81, 3, 48, 26, 71, 45, 90, 13, 58, 41, 5, 50, 86, 43, 88, 7, 52, 2, 47, 916]
q: [0.0, 11.0, -11.0, 15.0, -15.0, 6.0, 8.0, -8.0, -6.0, 7.0, -7.0, 15.0, -15.0, 15.0, -15.0, 13.0, -13.0, 11.0, -11.0, 15.0, -15.0, 3.0, 12.0, -12.0, -3.0, 5.0, -5.0, 10.0, -10.0, 9.0, -9.0, 0.0]
Q: [0.0, 11.0, 0.0, 15.0, 0.0, 6.0, 14.0, 6.0, 0.0, 7.0, 0.0, 15.0, 0.0, 15.0, 0.0, 13.0, 0.0, 11.0, 0.0, 15.0, 0.0, 3.0, 15.0, 3.0, 0.0, 5.0, 0.0, 10.0, 0.0, 9.0, 0.0, 0.0]
B: [0.0, 28.0, 57.5272370025, 86.4860319533, 119.0554737354, 142.3939627396, 169.0, 173.05406684701, 176.74844541451, 195.73813951421, 229.97822504271, 263.92612867460997, 270.87427274335, 307.85431008784997, 312.93859184636995, 350.61366320666997, 368.19289117606996, 391.71904360266996, 400.91066723508993, 425.04092676538994, 441.92407771538996, 476.73002900248997, 485.13539300413, 486.25708190931, 497.57360315041, 507.93974848031, 525.20206958731, 542.50415558871, 571.0454674016099, 581.1756358602099, 621.9105979076099, 635.7592882789099]
