Avion: 6      Iteracion: 29

Num Ruta: 33
Ingresos: 57600.0
Costos: 178.501548577
Utilidad Ruta: 57421.4984514
Costo Reducido: 21.2283180913
Nodos: [106, 16, 61, 9, 54, 14, 59, 11, 56, 25, 70, 916]
q: [0, 11.0, -11.0, 11.0, -11.0, 8.0, -8.0, 8.0, -8.0, 10.0, -10.0, 0]
Q: [0, 11.0, 0.0, 11.0, 0.0, 8.0, 0.0, 8.0, 0.0, 10.0, 0.0, 0]
B: [0.0, 36.0, 45.624091437640004, 75.68094759394, 105.20818459644, 115.46499131194001, 127.48670308694001, 169.0, 173.05406684701, 410.0, 427.1849823101, 441.4680689513]
