Avion: 1      Iteracion: 35

Num Ruta: 36
Ingresos: 13200.0
Costos: 35.8787862054
Utilidad Ruta: 13164.1212138
Costo Reducido: 14.795039394
Nodos: [101, 16, 61, 911]
q: [0, 11.0, -11.0, 0]
Q: [0, 11.0, 0.0, 0]
B: [0.0, 36.0, 45.624091437640004, 66.56449566014001]
