Avion: 1      Iteracion: 18

Num Ruta: 19
Ingresos: 82800.0
Costos: 329.272823441
Utilidad Ruta: 82470.7271766
Costo Reducido: 184.312642283
Nodos: [101, 40, 85, 30, 75, 14, 59, 18, 34, 63, 79, 39, 19, 64, 84, 6, 51, 911]
q: [0.0, 15.0, -15.0, 11.0, -11.0, 8.0, -8.0, 3.0, 12.0, -3.0, -12.0, 8.0, 7.0, -7.0, -8.0, 5.0, -5.0, 0.0]
Q: [0.0, 15.0, 0.0, 11.0, 0.0, 8.0, 0.0, 3.0, 15.0, 12.0, 0.0, 8.0, 15.0, 8.0, 0.0, 5.0, 0.0, 0.0]
B: [0.0, 62.0, 94.5694417821, 113.51249206450001, 132.22651472130002, 160.02245537820002, 172.04416715320002, 293.0, 316.7154937119, 344.9475311871, 360.10016082690004, 388.0, 423.3907399471, 450.01785623859996, 456.33305829395994, 463.02130245815994, 466.7135918563499, 484.8316854646499]
