Avion: 2      Iteracion: 16

Num Ruta: 20
Ingresos: 126000.0
Costos: 481.878201668
Utilidad Ruta: 125518.121798
Costo Reducido: 505.583811926
Nodos: [102, 24, 69, 10, 55, 35, 80, 22, 67, 18, 63, 45, 90, 8, 6, 51, 53, 15, 60, 38, 83, 29, 74, 912]
q: [0, 14.0, -14.0, 12.0, -12.0, 6.0, -6.0, 10.0, -10.0, 11.0, -11.0, 11.0, -11.0, 8.0, 5.0, -5.0, -8.0, 11.0, -11.0, 8.0, -8.0, 9.0, -9.0, 0]
Q: [0, 14.0, 0.0, 12.0, 0.0, 6.0, 0.0, 10.0, 0.0, 11.0, 0.0, 11.0, 0.0, 8.0, 13.0, 8.0, 0.0, 11.0, 0.0, 8.0, 0.0, 9.0, 0.0, 0]
B: [0.0, 61.0, 99.5129503025, 111.2988809828, 140.8183917172, 279.0, 298.9128833924, 314.02713802169995, 335.78182416059997, 349.182260758, 373.00049700669996, 401.54888305569995, 410.7405066881199, 422.2905010604199, 450.2049990319199, 453.8972884301099, 466.76329091730986, 511.0, 527.4211666151, 531.5084323270399, 564.3773189677399, 598.77349462724, 632.55327440744, 653.10038323084]
