Avion: 4      Iteracion: 80

Num Ruta: 63
Ingresos: 55200.0
Costos: 174.269372444
Utilidad Ruta: 55025.7306276
Costo Reducido: 6.51217975344
Nodos: [104, 22, 67, 18, 63, 21, 38, 83, 66, 33, 78, 914]
q: [0.0, 10.0, -10.0, 11.0, -11.0, 13.0, 2.0, -2.0, -13.0, 10.0, -10.0, 0.0]
Q: [0.0, 10.0, 0.0, 11.0, 0.0, 13.0, 15.0, 13.0, 0.0, 10.0, 0.0, 0.0]
B: [0.0, 299.0, 320.7546861389, 334.15512273630003, 357.973358985, 477.0, 483.82291294097, 516.69179958167, 523.76172815274, 562.0, 585.3035112376, 598.519619061]
