Avion: 6      Iteracion: 22

Num Ruta: 26
Ingresos: 85200.0
Costos: 342.489697727
Utilidad Ruta: 84857.5103023
Costo Reducido: 186.311676622
Nodos: [106, 9, 54, 23, 68, 28, 73, 19, 32, 64, 13, 77, 58, 43, 20, 88, 4, 49, 65, 916]
q: [0.0, 11.0, -11.0, 10.0, -10.0, 8.0, -8.0, 7.0, 6.0, -7.0, 9.0, -6.0, -9.0, 5.0, 10.0, -5.0, 5.0, -5.0, -10.0, 0.0]
Q: [0.0, 11.0, 0.0, 10.0, 0.0, 8.0, 0.0, 7.0, 13.0, 6.0, 15.0, 9.0, 0.0, 5.0, 15.0, 10.0, 15.0, 10.0, 0.0, 0.0]
B: [0.0, 28.0, 57.5272370025, 267.0, 306.733842905, 378.0, 414.0266187839, 426.5624120576, 438.27732669659997, 457.84979738889996, 462.07741669532, 475.91959647312, 479.99054685356003, 502.20286643076, 510.89586924912004, 519.83609832896, 537.80870620876, 558.2344558889599, 570.0956791395599, 607.85691455366]
