Avion: 3      Iteracion: 53

Num Ruta: 46
Ingresos: 150000.0
Costos: 421.570395005
Utilidad Ruta: 149578.429605
Costo Reducido: 27.0374869177
Nodos: [103, 17, 30, 62, 16, 61, 75, 24, 69, 31, 76, 36, 81, 34, 79, 39, 84, 6, 51, 41, 5, 50, 86, 43, 20, 88, 4, 49, 65, 33, 78, 913]
q: [0.0, 5.0, 10.0, -5.0, 5.0, -5.0, -10.0, 14.0, -14.0, 6.0, -6.0, 15.0, -15.0, 12.0, -12.0, 8.0, -8.0, 5.0, -5.0, 13.0, 2.0, -2.0, -13.0, 5.0, 10.0, -5.0, 5.0, -5.0, -10.0, 10.0, -10.0, 0.0]
Q: [0.0, 5.0, 15.0, 10.0, 15.0, 10.0, 0.0, 14.0, 0.0, 6.0, 0.0, 15.0, 0.0, 12.0, 0.0, 8.0, 0.0, 5.0, 0.0, 13.0, 15.0, 13.0, 0.0, 5.0, 15.0, 10.0, 15.0, 10.0, 0.0, 10.0, 0.0, 0.0]
B: [0.0, 24.0, 64.0, 67.14445448369, 72.47609381883, 82.10018525647, 84.97134181786, 109.70531270816, 148.21826301066, 159.50262076816, 172.80823477126, 251.0, 257.94814406874, 283.0, 323.947598037, 388.0, 410.632187455, 436.0, 439.69228939819, 458.80900930509, 469.0, 470.12168890518, 481.43821014628, 491.80435547618004, 500.49735829454005, 509.43758737438003, 529.0, 549.4257496801999, 561.2869729308, 572.1087722729, 595.4122835105, 614.2510223218]
