Avion: 7      Iteracion: 58

Num Ruta: 59
Ingresos: 68400.0
Costos: 197.155424083
Utilidad Ruta: 68202.8445759
Costo Reducido: 12.3004243803
Nodos: [107, 14, 59, 8, 32, 53, 13, 58, 77, 15, 60, 20, 7, 52, 65, 917]
q: [0.0, 8.0, -8.0, 8.0, 6.0, -8.0, 9.0, -9.0, -6.0, 11.0, -11.0, 10.0, 5.0, -5.0, -10.0, 0.0]
Q: [0.0, 8.0, 0.0, 8.0, 14.0, 6.0, 15.0, 6.0, 0.0, 11.0, 0.0, 10.0, 15.0, 10.0, 0.0, 0.0]
B: [0.0, 112.0, 124.021711775, 414.0, 425.4468981388, 447.8266328334, 450.03730897431, 466.92045992431, 470.99141030475005, 511.0, 527.4211666151, 533.55501866744, 542.2979730879999, 570.8392849008999, 583.8029694465998, 596.6836204394998]
