Avion: 7      Iteracion: 1

Num Ruta: 5
Ingresos: 153600.0
Costos: 541.037702763
Utilidad Ruta: 153058.962297
Costo Reducido: 215461.663048
Nodos: [107, 30, 75, 16, 61, 14, 59, 31, 1, 76, 44, 46, 89, 35, 80, 26, 71, 22, 67, 28, 73, 5, 50, 41, 86, 7, 20, 52, 65, 917]
q: [0.0, 11.0, -11.0, 11.0, -11.0, 8.0, -8.0, 6.0, 1.0, -6.0, 14.0, -1.0, -14.0, 6.0, -6.0, 13.0, -13.0, 10.0, -10.0, 8.0, -8.0, 12.0, -12.0, 13.0, -13.0, 5.0, 10.0, -5.0, -10.0, 0.0]
Q: [0.0, 11.0, 0.0, 11.0, 0.0, 8.0, 0.0, 6.0, 7.0, 1.0, 15.0, 14.0, 0.0, 6.0, 0.0, 13.0, 0.0, 10.0, 0.0, 8.0, 0.0, 12.0, 0.0, 13.0, 0.0, 5.0, 15.0, 10.0, 0.0, 0.0]
B: [0.0, 64.0, 82.7140226568, 93.53069441849999, 103.15478585614, 129.94109036054, 141.96280213554, 169.17486934843998, 178.06863131961998, 197.05832541931997, 211.22948504021997, 256.62583927711995, 272.64038828732, 293.05660169722, 312.96948508962, 322.26249047001, 339.84171843941, 353.47589908951, 375.23058522841, 418.28174892931, 454.30836771321003, 491.66109185751003, 492.78278076269004, 501.60901857956003, 521.65013893246, 532.06029709646, 540.8032515170199, 570.04925890262, 583.0129434483199, 595.8935944412199]
