Avion: 6      Iteracion: 7

Num Ruta: 11
Ingresos: 166800.0
Costos: 536.504203958
Utilidad Ruta: 166263.495796
Costo Reducido: 219786.469053
Nodos: [106, 12, 57, 30, 75, 14, 59, 36, 81, 42, 26, 87, 35, 80, 71, 39, 84, 13, 58, 41, 86, 43, 20, 88, 4, 49, 65, 37, 82, 916]
q: [0.0, 14.0, -14.0, 11.0, -11.0, 8.0, -8.0, 15.0, -15.0, 5.0, 9.0, -5.0, 6.0, -6.0, -9.0, 8.0, -8.0, 15.0, -15.0, 13.0, -13.0, 5.0, 10.0, -5.0, 5.0, -5.0, -10.0, 15.0, -15.0, 0.0]
Q: [0.0, 14.0, 0.0, 11.0, 0.0, 8.0, 0.0, 15.0, 0.0, 5.0, 14.0, 9.0, 15.0, 9.0, 0.0, 8.0, 0.0, 15.0, 0.0, 13.0, 0.0, 5.0, 15.0, 10.0, 15.0, 10.0, 0.0, 15.0, 0.0, 0.0]
B: [0.0, 54.0, 97.347924264, 122.72227077779999, 141.4362934346, 169.2322340915, 181.2539458665, 251.0, 257.94814406874, 282.45112780544, 325.11284114424, 332.00831973532, 336.06476953780003, 355.9776529302, 365.79946869919, 388.0, 410.632187455, 423.0, 439.88315095, 474.68910223710003, 494.73022259000004, 505.09636791990005, 513.78937073826, 522.7295998181, 540.7022076979, 561.1279573781001, 572.9891806287001, 584.5666985838001, 605.3613520553001, 626.6607045572001]
