Avion: 4      Iteracion: 15

Num Ruta: 17
Ingresos: 32400.0
Costos: 183.425900019
Utilidad Ruta: 32216.5741
Costo Reducido: 1616.45124452
Nodos: [104, 28, 73, 20, 65, 2, 47, 914]
q: [0, 8.0, -8.0, 10.0, -10.0, 9.0, -9.0, 0]
Q: [0, 8.0, 0.0, 10.0, 0.0, 9.0, 0.0, 0]
B: [0.0, 378.0, 414.0266187839, 496.0, 538.1771424471, 545.50743971256, 586.24240175996, 609.8494286799599]
