Avion: 1      Iteracion: 19

Num Ruta: 20
Ingresos: 156000.0
Costos: 424.204697714
Utilidad Ruta: 155575.795302
Costo Reducido: 172.038201528
Nodos: [101, 9, 54, 12, 57, 10, 55, 26, 71, 22, 67, 19, 25, 70, 64, 41, 50, 5, 86, 43, 15, 88, 60, 7, 4, 49, 52, 911]
q: [0.0, 11.0, -11.0, 14.0, -14.0, 12.0, -12.0, 13.0, -13.0, 10.0, -10.0, 7.0, 8.0, -8.0, -7.0, 13.0, -12.0, 12.0, -13.0, 4.0, 11.0, -4.0, -11.0, 10.0, 5.0, -5.0, -10.0, 0.0]
Q: [0.0, 11.0, 0.0, 14.0, 0.0, 12.0, 0.0, 13.0, 0.0, 10.0, 0.0, 7.0, 15.0, 7.0, 0.0, 13.0, 1.0, 13.0, 0.0, 4.0, 15.0, 11.0, 0.0, 10.0, 15.0, 10.0, 0.0, 0.0]
B: [0.0, 28.0, 57.5272370025, 68.3142737596, 111.6621980236, 120.37996838075, 149.89947911515, 300.0, 317.5792279694, 331.2134086195, 352.9680947584, 402.0, 411.3920072402, 428.57698955029997, 445.3638459862, 460.55485628829996, 470.0, 471.12168890518, 483.14757702208, 493.51372235198, 511.0, 521.2530082415, 533.7945681525, 544.6993077184, 555.0626810109, 575.4884306910999, 576.6488047687099, 594.6138125338099]
