Avion: 3      Iteracion: 27

Num Ruta: 29
Ingresos: 76800.0
Costos: 216.965193151
Utilidad Ruta: 76583.0348068
Costo Reducido: 59.3902725486
Nodos: [103, 16, 61, 10, 55, 26, 71, 13, 58, 21, 66, 913]
q: [0, 11.0, -11.0, 12.0, -12.0, 13.0, -13.0, 15.0, -15.0, 13.0, -13.0, 0]
Q: [0, 11.0, 0.0, 12.0, 0.0, 13.0, 0.0, 15.0, 0.0, 13.0, 0.0, 0]
B: [0.0, 36.0, 45.624091437640004, 96.0, 125.5195107344, 300.0, 317.5792279694, 423.0, 439.88315095, 477.0, 517.7387906792, 534.7289915314999]
