Avion: 2      Iteracion: 13

Num Ruta: 17
Ingresos: 15600.0
Costos: 71.036807429
Utilidad Ruta: 15528.9631926
Costo Reducido: 12206.136605
Nodos: [102, 21, 66, 912]
q: [0, 13.0, -13.0, 0]
Q: [0, 13.0, 0.0, 0]
B: [0.0, 477.0, 517.7387906792, 544.2371184944]
