Avion: 4      Iteracion: 45

Num Ruta: 42
Ingresos: 33600.0
Costos: 123.771716862
Utilidad Ruta: 33476.2282831
Costo Reducido: 0.211813148591
Nodos: [104, 43, 88, 21, 66, 33, 78, 914]
q: [0, 5.0, -5.0, 13.0, -13.0, 10.0, -10.0, 0]
Q: [0, 5.0, 0.0, 13.0, 0.0, 10.0, 0.0, 0]
B: [0.0, 451.0, 468.262321107, 477.0, 517.7387906792, 562.0, 585.3035112376, 598.519619061]
