Avion: 5      Iteracion: 52

Num Ruta: 49
Ingresos: 55200.0
Costos: 163.242125
Utilidad Ruta: 55036.757875
Costo Reducido: 20.6963665144
Nodos: [105, 13, 58, 43, 88, 15, 60, 4, 49, 33, 78, 915]
q: [0, 15.0, -15.0, 5.0, -5.0, 11.0, -11.0, 5.0, -5.0, 10.0, -10.0, 0]
Q: [0, 15.0, 0.0, 5.0, 0.0, 11.0, 0.0, 5.0, 0.0, 10.0, 0.0, 0]
B: [0.0, 423.0, 439.88315095, 462.0954705272, 479.3577916342, 511.0, 527.4211666151, 532.99584588839, 553.42159556859, 562.0, 585.3035112376, 601.5361031748]
