Avion: 5      Iteracion: 7

Num Ruta: 10
Ingresos: 98400.0
Costos: 411.743849465
Utilidad Ruta: 97988.2561505
Costo Reducido: 145805.434134
Nodos: [105, 12, 57, 31, 14, 59, 76, 35, 80, 13, 58, 43, 88, 21, 66, 37, 82, 915]
q: [0, 14.0, -14.0, 6.0, 8.0, -8.0, -6.0, 6.0, -6.0, 15.0, -15.0, 5.0, -5.0, 13.0, -13.0, 15.0, -15.0, 0]
Q: [0, 14.0, 0.0, 6.0, 14.0, 6.0, 0.0, 6.0, 0.0, 15.0, 0.0, 5.0, 0.0, 13.0, 0.0, 15.0, 0.0, 0]
B: [0.0, 54.0, 97.347924264, 130.0, 147.5196824172, 159.5413941922, 188.60695116259998, 279.0, 298.9128833924, 423.0, 439.88315095, 462.0954705272, 479.3577916342, 486.64079904872, 527.37958972792, 562.0, 582.7946534714999, 607.8598314082]
