Avion: 1      Iteracion: 52

Num Ruta: 53
Ingresos: 120000.0
Costos: 287.770090987
Utilidad Ruta: 119712.229909
Costo Reducido: 27.7838420818
Nodos: [101, 30, 16, 61, 75, 40, 85, 31, 11, 76, 56, 36, 81, 25, 43, 70, 88, 15, 60, 7, 4, 52, 49, 911]
q: [0.0, 11.0, 4.0, -4.0, -11.0, 15.0, -15.0, 6.0, 8.0, -6.0, -8.0, 15.0, -15.0, 10.0, 5.0, -10.0, -5.0, 11.0, -11.0, 10.0, 5.0, -10.0, -5.0, 0.0]
Q: [0.0, 11.0, 15.0, 11.0, 0.0, 15.0, 0.0, 6.0, 14.0, 8.0, 0.0, 15.0, 0.0, 10.0, 15.0, 5.0, 0.0, 11.0, 0.0, 10.0, 15.0, 5.0, 0.0, 0.0]
B: [0.0, 64.0, 72.20259129788, 81.82668273552001, 84.69783929691, 115.50769336991, 148.07713515201, 171.41562415621, 184.59835335011, 185.077232249207, 188.77161081670698, 251.0, 257.94814406874, 410.0, 451.0, 464.0372215215, 471.78639754221, 511.0, 527.4211666151, 538.3259061809999, 548.6892794734999, 567.9616404602, 569.12201453781, 588.05708094911]
