Avion: 2      Iteracion: 12

Num Ruta: 16
Ingresos: 81600.0
Costos: 284.593141643
Utilidad Ruta: 81315.4068584
Costo Reducido: 91695.9931117
Nodos: [102, 30, 75, 16, 61, 34, 79, 13, 58, 29, 74, 33, 78, 912]
q: [0, 11.0, -11.0, 11.0, -11.0, 12.0, -12.0, 15.0, -15.0, 9.0, -9.0, 10.0, -10.0, 0]
Q: [0, 11.0, 0.0, 11.0, 0.0, 12.0, 0.0, 15.0, 0.0, 9.0, 0.0, 10.0, 0.0, 0]
B: [0.0, 64.0, 82.7140226568, 93.53069441849999, 103.15478585614, 283.0, 323.947598037, 423.0, 439.88315095, 549.0, 582.7797797802, 591.6312714624, 614.9347827, 636.4704690369]
