Avion: 4      Iteracion: 53

Num Ruta: 47
Ingresos: 34800.0
Costos: 103.256556776
Utilidad Ruta: 34696.7434432
Costo Reducido: 5.82818946619
Nodos: [104, 31, 76, 21, 66, 33, 78, 914]
q: [0, 6.0, -6.0, 13.0, -13.0, 10.0, -10.0, 0]
Q: [0, 6.0, 0.0, 13.0, 0.0, 10.0, 0.0, 0]
B: [0.0, 130.0, 143.3056140031, 477.0, 517.7387906792, 562.0, 585.3035112376, 598.519619061]
