Avion: 6      Iteracion: 79

Num Ruta: 70
Ingresos: 110400.0
Costos: 369.686386238
Utilidad Ruta: 110030.313614
Costo Reducido: 1.99744653245
Nodos: [106, 9, 54, 12, 57, 1, 46, 3, 48, 23, 18, 68, 63, 21, 20, 66, 65, 2, 33, 78, 47, 916]
q: [0.0, 11.0, -11.0, 14.0, -14.0, 7.0, -7.0, 15.0, -15.0, 10.0, 5.0, -10.0, -5.0, 5.0, 10.0, -5.0, -10.0, 9.0, 6.0, -6.0, -9.0, 0.0]
Q: [0.0, 11.0, 0.0, 14.0, 0.0, 7.0, 0.0, 15.0, 0.0, 10.0, 15.0, 5.0, 0.0, 5.0, 15.0, 10.0, 0.0, 9.0, 15.0, 9.0, 0.0, 0.0]
B: [0.0, 28.0, 57.5272370025, 68.3142737596, 111.6621980236, 175.0, 209.2400855285, 256.0, 261.08428175852, 267.0, 293.0, 318.4393114097, 328.36484298237, 477.0, 496.0, 532.4252917215, 553.0247123444, 560.35500960986, 574.14061053986, 597.4441217774599, 615.9629058088599, 629.8115961801599]
