Avion: 6      Iteracion: 66

Num Ruta: 61
Ingresos: 157200.0
Costos: 485.25533109
Utilidad Ruta: 156714.744669
Costo Reducido: 13.0579242382
Nodos: [106, 40, 85, 14, 59, 11, 56, 44, 42, 89, 35, 87, 26, 80, 71, 28, 73, 25, 19, 70, 64, 6, 51, 5, 50, 4, 20, 49, 65, 37, 82, 916]
q: [0.0, 15.0, -15.0, 8.0, -8.0, 8.0, -8.0, 10.0, 5.0, -10.0, 6.0, -5.0, 9.0, -6.0, -9.0, 8.0, -8.0, 8.0, 7.0, -8.0, -7.0, 5.0, -5.0, 12.0, -12.0, 5.0, 10.0, -5.0, -10.0, 15.0, -15.0, 0.0]
Q: [0.0, 15.0, 0.0, 8.0, 0.0, 8.0, 0.0, 10.0, 15.0, 5.0, 11.0, 6.0, 15.0, 9.0, 0.0, 8.0, 0.0, 8.0, 15.0, 7.0, 0.0, 5.0, 0.0, 12.0, 0.0, 5.0, 15.0, 10.0, 0.0, 15.0, 0.0, 0.0]
B: [0.0, 62.0, 94.5694417821, 123.1478437143, 135.1695554893, 169.0, 173.05406684701, 211.0, 239.0, 276.4881823646, 296.9043957745, 300.96084557698003, 307.85632416806004, 317.14932954845005, 326.97114531744006, 378.0, 414.0266187839, 417.35999740026, 426.75200464046, 443.42489632125995, 460.21175275715996, 472.00277175465993, 475.6950611528499, 494.0839213676499, 495.2056102728299, 529.0, 539.279151035, 569.6591407651, 581.5203640157, 593.0978819708, 613.8925354423, 635.1918879442]
