Avion: 7      Iteracion: 49

Num Ruta: 51
Ingresos: 64800.0
Costos: 176.043423504
Utilidad Ruta: 64623.9565765
Costo Reducido: 16.6068595301
Nodos: [107, 12, 57, 31, 11, 76, 56, 15, 60, 20, 4, 49, 65, 917]
q: [0, 14.0, -14.0, 6.0, 8.0, -6.0, -8.0, 11.0, -11.0, 10.0, 5.0, -5.0, -10.0, 0]
Q: [0, 14.0, 0.0, 6.0, 14.0, 8.0, 0.0, 11.0, 0.0, 10.0, 15.0, 10.0, 0.0, 0]
B: [0.0, 54.0, 97.347924264, 130.0, 169.0, 169.478878899097, 173.173257466597, 511.0, 527.4211666151, 533.55501866744, 543.83416970244, 564.25991938264, 576.12114263324, 589.0017936261399]
