Avion: 2      Iteracion: 56

Num Ruta: 50
Ingresos: 58800.0
Costos: 175.84701038
Utilidad Ruta: 58624.1529896
Costo Reducido: 5.77832229905
Nodos: [102, 44, 89, 8, 53, 5, 50, 7, 4, 49, 52, 912]
q: [0, 14.0, -14.0, 8.0, -8.0, 12.0, -12.0, 10.0, 5.0, -5.0, -10.0, 0]
Q: [0, 14.0, 0.0, 8.0, 0.0, 12.0, 0.0, 10.0, 15.0, 10.0, 0.0, 0]
B: [0.0, 211.0, 265.00737440390003, 414.0, 434.768396616, 469.0, 470.12168890518, 517.0, 529.0, 549.4257496801999, 550.5861237578099, 561.2259550535099]
