Avion: 3      Iteracion: 4

Num Ruta: 7
Ingresos: 140400.0
Costos: 465.679482693
Utilidad Ruta: 139934.320517
Costo Reducido: 339620.464691
Nodos: [103, 16, 61, 12, 57, 11, 56, 34, 79, 26, 71, 45, 90, 19, 64, 8, 53, 5, 50, 41, 86, 38, 83, 913]
q: [0, 11.0, -11.0, 14.0, -14.0, 8.0, -8.0, 12.0, -12.0, 13.0, -13.0, 11.0, -11.0, 7.0, -7.0, 8.0, -8.0, 12.0, -12.0, 13.0, -13.0, 8.0, -8.0, 0]
Q: [0, 11.0, 0.0, 14.0, 0.0, 8.0, 0.0, 12.0, 0.0, 13.0, 0.0, 11.0, 0.0, 7.0, 0.0, 8.0, 0.0, 12.0, 0.0, 13.0, 0.0, 8.0, 0.0, 0]
B: [0.0, 36.0, 45.624091437640004, 79.57799432084, 122.92591858484, 169.0, 173.05406684701, 283.0, 323.947598037, 358.0226741044, 375.6019020738, 399.12805450039997, 408.31967813281994, 420.16153237951994, 446.7886486710199, 464.7456081018199, 485.51400471781994, 495.26681559468994, 496.38850449986995, 505.21474231673994, 525.2558626696399, 537.1100950361399, 569.9789816768399, 579.9429570381099]
