Avion: 6      Iteracion: 80

Num Ruta: 71
Ingresos: 140400.0
Costos: 442.391616743
Utilidad Ruta: 139957.608383
Costo Reducido: 13.638885585
Nodos: [106, 9, 54, 12, 57, 1, 46, 3, 48, 23, 18, 68, 63, 39, 28, 84, 73, 25, 21, 70, 20, 66, 65, 2, 33, 78, 47, 916]
q: [0.0, 11.0, -11.0, 14.0, -14.0, 7.0, -7.0, 15.0, -15.0, 10.0, 5.0, -10.0, -5.0, 8.0, 7.0, -8.0, -7.0, 10.0, 5.0, -10.0, 10.0, -5.0, -10.0, 9.0, 6.0, -6.0, -9.0, 0.0]
Q: [0.0, 11.0, 0.0, 14.0, 0.0, 7.0, 0.0, 15.0, 0.0, 10.0, 15.0, 5.0, 0.0, 8.0, 15.0, 7.0, 0.0, 10.0, 15.0, 5.0, 15.0, 10.0, 0.0, 9.0, 15.0, 9.0, 0.0, 0.0]
B: [0.0, 28.0, 57.5272370025, 68.3142737596, 111.6621980236, 175.0, 209.2400855285, 256.0, 261.08428175852, 267.0, 293.0, 318.4393114097, 328.36484298237, 388.0, 399.3210123222, 412.3114993416, 448.3244104708, 451.65778908716, 477.0, 485.168713485, 496.0, 532.4252917215, 553.0247123444, 560.35500960986, 574.14061053986, 597.4441217774599, 615.9629058088599, 629.8115961801599]
