Avion: 6      Iteracion: 40

Num Ruta: 44
Ingresos: 136800.0
Costos: 426.550169978
Utilidad Ruta: 136373.44983
Costo Reducido: 70.1201365802
Nodos: [106, 40, 85, 1, 11, 56, 42, 46, 23, 87, 35, 26, 80, 71, 68, 39, 6, 51, 84, 13, 58, 21, 38, 66, 83, 27, 72, 37, 82, 916]
q: [0.0, 15.0, -15.0, 7.0, 8.0, -8.0, 5.0, -7.0, 10.0, -5.0, 5.0, 0.0, -5.0, 0.0, -10.0, 8.0, 5.0, -5.0, -8.0, 15.0, -15.0, 7.0, 8.0, -7.0, -8.0, 6.0, -6.0, 15.0, -15.0, 0.0]
Q: [0.0, 15.0, 0.0, 7.0, 15.0, 7.0, 12.0, 5.0, 15.0, 10.0, 15.0, 15.0, 10.0, 10.0, 0.0, 8.0, 13.0, 8.0, 0.0, 15.0, 0.0, 7.0, 15.0, 8.0, 0.0, 6.0, 0.0, 15.0, 0.0, 0.0]
B: [0.0, 62.0, 94.5694417821, 175.0, 193.6808285951, 197.73489544211, 239.0, 264.0626014013, 268.8931248719, 305.908763729, 309.96521353148, 320.59242812418, 329.88543350457, 339.70724927356, 342.77432165614005, 388.0, 436.0, 439.69228939819, 449.87740525418997, 453.10933904063995, 469.99248999063997, 485.50388638164, 492.32679932261, 526.80917970741, 533.87910827848, 545.41483560708, 562.44569797518, 569.28166359827, 590.0763170697701, 611.3756695716701]
