Avion: 5      Iteracion: 61

Num Ruta: 57
Ingresos: 114000.0
Costos: 335.01032178
Utilidad Ruta: 113664.989678
Costo Reducido: 6.8394065891
Nodos: [105, 17, 62, 30, 75, 16, 61, 26, 71, 18, 63, 21, 66, 33, 78, 27, 72, 37, 82, 915]
q: [0, 5.0, -5.0, 11.0, -11.0, 11.0, -11.0, 13.0, -13.0, 11.0, -11.0, 13.0, -13.0, 10.0, -10.0, 6.0, -6.0, 15.0, -15.0, 0]
Q: [0, 5.0, 0.0, 11.0, 0.0, 11.0, 0.0, 13.0, 0.0, 11.0, 0.0, 13.0, 0.0, 10.0, 0.0, 6.0, 0.0, 15.0, 0.0, 0]
B: [0.0, 24.0, 58.8425537813, 64.0, 82.7140226568, 93.53069441849999, 103.15478585614, 300.0, 317.5792279694, 340.8578987218, 364.67613497049996, 477.0, 517.7387906792, 562.0, 585.3035112376, 592.52226459258, 609.55312696068, 616.38909258377, 637.1837460552699, 662.24892399197]
