Avion: 5      Iteracion: 56

Num Ruta: 53
Ingresos: 40800.0
Costos: 184.771376241
Utilidad Ruta: 40615.2286238
Costo Reducido: 12.5972898878
Nodos: [105, 17, 62, 24, 69, 1, 46, 8, 53, 915]
q: [0, 5.0, -5.0, 14.0, -14.0, 7.0, -7.0, 8.0, -8.0, 0]
Q: [0, 5.0, 0.0, 14.0, 0.0, 7.0, 0.0, 8.0, 0.0, 0]
B: [0.0, 24.0, 58.8425537813, 75.400837086, 113.9137873885, 175.0, 209.2400855285, 414.0, 434.768396616, 449.9396930998]
