Avion: 5      Iteracion: 4

Num Ruta: 8
Ingresos: 152400.0
Costos: 573.467655919
Utilidad Ruta: 151826.532344
Costo Reducido: 351512.676518
Nodos: [105, 16, 61, 12, 57, 31, 14, 59, 76, 11, 56, 34, 79, 26, 71, 19, 64, 8, 53, 5, 50, 38, 83, 7, 52, 33, 78, 915]
q: [0, 11.0, -11.0, 14.0, -14.0, 6.0, 8.0, -8.0, -6.0, 8.0, -8.0, 12.0, -12.0, 13.0, -13.0, 7.0, -7.0, 8.0, -8.0, 12.0, -12.0, 8.0, -8.0, 10.0, -10.0, 10.0, -10.0, 0]
Q: [0, 11.0, 0.0, 14.0, 0.0, 6.0, 14.0, 6.0, 0.0, 8.0, 0.0, 12.0, 0.0, 13.0, 0.0, 7.0, 0.0, 8.0, 0.0, 12.0, 0.0, 8.0, 0.0, 10.0, 0.0, 10.0, 0.0, 0]
B: [0.0, 36.0, 45.624091437640004, 79.57799432084, 122.92591858484, 143.84325197134, 161.36293438854, 173.38464616354, 202.45020313394, 202.929082033037, 206.983148880047, 283.0, 323.947598037, 358.0226741044, 375.6019020738, 406.453776328, 433.0808926195, 451.0378520503, 471.8062486663, 481.55905954317, 482.68074844835, 504.26244115305, 537.13132779375, 576.32860352815, 604.8699153410499, 614.32994155666, 637.6334527942599, 653.86604473146]
