Avion: 1      Iteracion: 34

Num Ruta: 35
Ingresos: 90000.0
Costos: 288.143185224
Utilidad Ruta: 89711.8568148
Costo Reducido: 19.872762583
Nodos: [101, 1, 31, 76, 46, 3, 48, 42, 87, 26, 71, 28, 73, 25, 70, 15, 60, 911]
q: [0, 7.0, 6.0, -6.0, -7.0, 15.0, -15.0, 5.0, -5.0, 13.0, -13.0, 8.0, -8.0, 10.0, -10.0, 11.0, -11.0, 0]
Q: [0, 7.0, 13.0, 7.0, 0.0, 15.0, 0.0, 5.0, 0.0, 13.0, 0.0, 8.0, 0.0, 10.0, 0.0, 11.0, 0.0, 0]
B: [0.0, 175.0, 183.89376197118, 197.19937597428, 230.76046369508, 256.0, 261.08428175852, 282.70958344432, 330.75941809542, 337.6548966865, 355.2341246559, 378.0, 414.0266187839, 417.35999740026, 434.54497971036, 511.0, 527.4211666151, 535.75192030249]
