Avion: 4      Iteracion: 68

Num Ruta: 58
Ingresos: 56400.0
Costos: 129.618614425
Utilidad Ruta: 56270.3813856
Costo Reducido: 12.0184831928
Nodos: [104, 31, 11, 76, 56, 15, 21, 60, 38, 83, 66, 33, 78, 914]
q: [0.0, 6.0, 8.0, -6.0, -8.0, 8.0, 7.0, -8.0, 8.0, -8.0, -7.0, 10.0, -10.0, 0.0]
Q: [0.0, 6.0, 14.0, 8.0, 0.0, 8.0, 15.0, 7.0, 15.0, 7.0, 0.0, 10.0, 0.0, 0.0]
B: [0.0, 130.0, 169.0, 169.478878899097, 173.173257466597, 511.0, 516.67223351071, 527.47150163401, 531.55876734595, 564.42765398665, 571.49758255772, 581.6531274963199, 604.9566387339199, 618.1727465573199]
