Avion: 7      Iteracion: 31

Num Ruta: 33
Ingresos: 138000.0
Costos: 501.194065112
Utilidad Ruta: 137498.805935
Costo Reducido: 103.902400228
Nodos: [107, 9, 54, 30, 16, 61, 75, 24, 69, 31, 76, 44, 42, 89, 35, 87, 80, 22, 67, 25, 21, 70, 38, 66, 83, 29, 27, 74, 72, 917]
q: [0.0, 11.0, -11.0, 11.0, 4.0, -4.0, -11.0, 14.0, -14.0, 6.0, -6.0, 10.0, 5.0, -10.0, 6.0, -5.0, -6.0, 10.0, -10.0, 8.0, 7.0, -8.0, 8.0, -7.0, -8.0, 9.0, 6.0, -9.0, -6.0, 0.0]
Q: [0.0, 11.0, 0.0, 11.0, 15.0, 11.0, 0.0, 14.0, 0.0, 6.0, 0.0, 10.0, 15.0, 5.0, 11.0, 6.0, 0.0, 10.0, 0.0, 8.0, 15.0, 7.0, 15.0, 8.0, 0.0, 9.0, 15.0, 6.0, 0.0, 0.0]
B: [0.0, 28.0, 57.5272370025, 73.3151373379, 81.51772863578, 91.14182007342, 94.01297663481, 118.74694752511, 157.25989782761002, 168.54425558511002, 181.84986958821003, 211.0, 239.0, 276.4881823646, 296.9043957745, 300.96084557698003, 317.03505454668004, 332.14930917598, 353.90399531488004, 410.0, 477.0, 485.168713485, 489.49037624371, 523.97275662851, 531.04268519958, 565.43886085908, 591.04066909598, 599.25709709116, 614.70447466796, 620.2819108173]
