Avion: 6      Iteracion: 77

Num Ruta: 69
Ingresos: 145200.0
Costos: 411.773040543
Utilidad Ruta: 144788.226959
Costo Reducido: 4.20794620592
Nodos: [106, 40, 85, 1, 31, 76, 11, 56, 42, 46, 23, 87, 26, 71, 68, 6, 51, 13, 58, 21, 38, 83, 66, 33, 27, 78, 72, 37, 82, 916]
q: [0.0, 15.0, -15.0, 7.0, 6.0, -6.0, 8.0, -8.0, 5.0, -7.0, 10.0, -5.0, 5.0, -5.0, -10.0, 5.0, -5.0, 15.0, -15.0, 13.0, 2.0, -2.0, -13.0, 9.0, 6.0, -9.0, -6.0, 15.0, -15.0, 0.0]
Q: [0.0, 15.0, 0.0, 7.0, 13.0, 7.0, 15.0, 7.0, 12.0, 5.0, 15.0, 10.0, 15.0, 10.0, 0.0, 5.0, 0.0, 15.0, 0.0, 13.0, 15.0, 13.0, 0.0, 9.0, 15.0, 6.0, 0.0, 15.0, 0.0, 0.0]
B: [0.0, 62.0, 94.5694417821, 175.0, 183.89376197118, 197.19937597428, 197.678254873377, 201.732321720387, 239.0, 264.0626014013, 268.8931248719, 305.908763729, 312.80424232008, 330.38347028948, 333.45054267206, 436.0, 439.69228939819, 453.10235550539, 469.98550645539, 485.49690284639, 492.31981578736, 525.18870242806, 532.25863099913, 562.0, 578.4525909206, 585.6713442755799, 606.23813656318, 613.07410218627, 633.86875565777, 655.1681081596699]
