Avion: 2      Iteracion: 7

Num Ruta: 11
Ingresos: 166800.0
Costos: 542.690625442
Utilidad Ruta: 166257.309375
Costo Reducido: 202660.241836
Nodos: [102, 12, 57, 30, 75, 14, 59, 3, 48, 23, 35, 68, 80, 26, 71, 39, 84, 13, 43, 88, 58, 21, 20, 66, 65, 33, 78, 37, 82, 912]
q: [0.0, 14.0, -14.0, 11.0, -11.0, 8.0, -8.0, 15.0, -15.0, 9.0, 6.0, -9.0, -6.0, 13.0, -13.0, 8.0, -8.0, 10.0, 5.0, -5.0, -10.0, 13.0, 2.0, -13.0, -2.0, 10.0, -10.0, 15.0, -15.0, 0.0]
Q: [0.0, 14.0, 0.0, 11.0, 0.0, 8.0, 0.0, 15.0, 0.0, 9.0, 15.0, 6.0, 0.0, 13.0, 0.0, 8.0, 0.0, 10.0, 15.0, 10.0, 0.0, 13.0, 15.0, 2.0, 0.0, 10.0, 0.0, 15.0, 0.0, 0.0]
B: [0.0, 54.0, 97.347924264, 122.72227077779999, 141.4362934346, 169.2322340915, 181.2539458665, 256.0, 261.08428175852, 267.0, 307.4405515417, 336.9605871955, 349.5791326743, 358.87213805469, 376.45136602409, 396.14928421359, 418.78147166859003, 423.0, 451.0, 468.262321107, 478.3179084593, 493.8293048503, 498.57871123425997, 535.0040029557599, 555.6034235786599, 566.4252229207599, 589.7287341583599, 616.8873211797599, 637.6819746512599, 654.50283646036]
