Avion: 6      Iteracion: 27

Num Ruta: 31
Ingresos: 162000.0
Costos: 496.444678723
Utilidad Ruta: 161503.555321
Costo Reducido: 101.894747703
Nodos: [106, 40, 85, 10, 55, 1, 31, 76, 46, 3, 48, 23, 18, 68, 63, 25, 70, 19, 8, 64, 53, 41, 50, 5, 86, 7, 20, 52, 65, 916]
q: [0.0, 15.0, -15.0, 12.0, -12.0, 7.0, 6.0, -6.0, -7.0, 15.0, -15.0, 10.0, 5.0, -10.0, -5.0, 10.0, -10.0, 7.0, 8.0, -7.0, -8.0, 13.0, -12.0, 12.0, -13.0, 5.0, 10.0, -5.0, -10.0, 0.0]
Q: [0.0, 15.0, 0.0, 12.0, 0.0, 7.0, 13.0, 7.0, 0.0, 15.0, 0.0, 10.0, 15.0, 5.0, 0.0, 10.0, 0.0, 7.0, 15.0, 8.0, 0.0, 13.0, 1.0, 13.0, 0.0, 5.0, 15.0, 10.0, 0.0, 0.0]
B: [0.0, 62.0, 94.5694417821, 111.75013586, 141.2696465944, 179.6889877652, 188.58274973638, 201.88836373948, 235.44945146028002, 256.0, 261.08428175852, 267.0, 293.0, 318.4393114097, 328.36484298237, 410.0, 427.1849823101, 443.8578739909, 467.0187555372, 484.975714968, 487.90383415955995, 503.92356424465993, 512.74980206153, 513.87149096671, 525.89737908361, 536.30753724761, 545.0504916681699, 574.2964990537699, 587.2601835994699, 625.0214190135699]
