Avion: 1      Iteracion: 40

Num Ruta: 41
Ingresos: 50400.0
Costos: 121.338814799
Utilidad Ruta: 50278.6611852
Costo Reducido: 9.25203490638
Nodos: [101, 16, 30, 61, 75, 40, 85, 5, 50, 911]
q: [0.0, 4.0, 11.0, -4.0, -11.0, 15.0, -15.0, 12.0, -12.0, 0.0]
Q: [0.0, 4.0, 15.0, 11.0, 0.0, 15.0, 0.0, 12.0, 0.0, 0.0]
B: [0.0, 36.0, 64.0, 80.9852936389, 83.85645020029, 114.66630427329, 147.23574605539, 469.0, 470.12168890518, 485.16341413868]
