Avion: 7      Iteracion: 13

Num Ruta: 15
Ingresos: 170400.0
Costos: 575.027230846
Utilidad Ruta: 169824.972769
Costo Reducido: 63049.6579069
Nodos: [107, 9, 54, 24, 69, 14, 59, 44, 42, 89, 3, 48, 87, 26, 71, 19, 8, 64, 53, 6, 51, 13, 58, 15, 60, 7, 4, 52, 49, 27, 72, 917]
q: [0.0, 11.0, -11.0, 14.0, -14.0, 8.0, -8.0, 14.0, 0.0, -14.0, 15.0, -15.0, 0.0, 13.0, -13.0, 7.0, 8.0, -7.0, -8.0, 5.0, -5.0, 15.0, -15.0, 11.0, -11.0, 10.0, 5.0, -10.0, -5.0, 6.0, -6.0, 0.0]
Q: [0.0, 11.0, 0.0, 14.0, 0.0, 8.0, 0.0, 14.0, 14.0, 0.0, 15.0, 0.0, 0.0, 13.0, 0.0, 7.0, 15.0, 8.0, 0.0, 5.0, 0.0, 15.0, 0.0, 11.0, 0.0, 10.0, 15.0, 5.0, 0.0, 6.0, 0.0, 0.0]
B: [0.0, 28.0, 57.5272370025, 81.6674868976, 120.1804372001, 148.8268064988, 160.8485182738, 211.0, 239.0, 276.4881823646, 298.8749122062, 303.95919396472, 344.31823876262, 351.2137173537, 368.7929453231, 402.0, 425.1608815463, 443.1178409771, 446.04596016866, 455.23663179809, 458.92892119628, 472.33898730348, 489.22213825348, 511.0, 527.4211666151, 538.3259061809999, 548.6892794734999, 567.9616404602, 569.12201453781, 585.47282711701, 602.5036894851099, 608.0811256344499]
