Avion: 6      Iteracion: 1

Num Ruta: 5
Ingresos: 187200.0
Costos: 535.242402728
Utilidad Ruta: 186664.757597
Costo Reducido: 239463.228647
Nodos: [106, 40, 85, 10, 55, 1, 31, 76, 46, 3, 48, 36, 81, 22, 67, 45, 90, 19, 25, 70, 64, 41, 50, 5, 86, 43, 20, 88, 15, 60, 7, 52, 65, 916]
q: [0.0, 15.0, -15.0, 12.0, -12.0, 7.0, 6.0, -6.0, -7.0, 15.0, -15.0, 15.0, -15.0, 10.0, -10.0, 11.0, -11.0, 5.0, 10.0, -10.0, -5.0, 13.0, -12.0, 12.0, -13.0, 5.0, 10.0, -5.0, 5.0, -5.0, 5.0, -5.0, -10.0, 0.0]
Q: [0.0, 15.0, 0.0, 12.0, 0.0, 7.0, 13.0, 7.0, 0.0, 15.0, 0.0, 15.0, 0.0, 10.0, 0.0, 11.0, 0.0, 5.0, 15.0, 5.0, 0.0, 13.0, 1.0, 13.0, 0.0, 5.0, 15.0, 10.0, 15.0, 10.0, 15.0, 10.0, 0.0, 0.0]
B: [0.0, 62.0, 94.5694417821, 111.75013586, 141.2696465944, 179.6889877652, 188.58274973638, 201.88836373948, 235.44945146028002, 256.0, 261.08428175852, 296.00374706082, 302.95189112956, 321.35614794696, 343.11083408586, 371.0, 380.19162363242, 402.0, 411.3920072402, 428.57698955029997, 445.3638459862, 460.55485628829996, 470.0, 471.12168890518, 483.14757702208, 493.51372235198, 502.20672517034, 511.14695425018, 521.39996249168, 537.82112910678, 548.7258686726799, 577.2671804855798, 590.2308650312798, 627.9921004453798]
