Avion: 2      Iteracion: 26

Num Ruta: 29
Ingresos: 57600.0
Costos: 250.49292605
Utilidad Ruta: 57349.5070739
Costo Reducido: 79.9077424849
Nodos: [102, 44, 42, 89, 87, 28, 73, 25, 43, 70, 88, 7, 52, 912]
q: [0.0, 10.0, 5.0, -10.0, -5.0, 8.0, -8.0, 10.0, 5.0, -10.0, -5.0, 10.0, -10.0, 0.0]
Q: [0.0, 10.0, 15.0, 5.0, 0.0, 8.0, 0.0, 10.0, 15.0, 5.0, 0.0, 10.0, 0.0, 0.0]
B: [0.0, 211.0, 239.0, 276.4881823646, 294.1162889277, 378.0, 414.0266187839, 417.35999740026, 451.0, 464.0372215215, 471.78639754221, 517.0, 545.5413118129, 556.1811431085999]
