Avion: 4      Iteracion: 76

Num Ruta: 61
Ingresos: 48000.0
Costos: 117.563405783
Utilidad Ruta: 47882.4365942
Costo Reducido: 1.04059459711
Nodos: [104, 36, 81, 21, 38, 83, 66, 33, 78, 914]
q: [0.0, 15.0, -15.0, 13.0, 2.0, -2.0, -13.0, 10.0, -10.0, 0.0]
Q: [0.0, 15.0, 0.0, 13.0, 15.0, 13.0, 0.0, 10.0, 0.0, 0.0]
B: [0.0, 251.0, 257.94814406874, 477.0, 483.82291294097, 516.69179958167, 523.76172815274, 562.0, 585.3035112376, 598.519619061]
