Avion: 3      Iteracion: 0

Num Ruta: 2
Ingresos: 202800.0
Costos: 601.637799915
Utilidad Ruta: 202198.3622
Costo Reducido: -
Nodos: [103, 16, 61, 40, 85, 10, 55, 11, 56, 36, 81, 3, 48, 18, 63, 45, 90, 19, 64, 13, 58, 6, 51, 41, 86, 5, 50, 33, 78, 29, 74, 913]
q: [0, 11.0, -11.0, 15.0, -15.0, 12.0, -12.0, 8.0, -8.0, 15.0, -15.0, 15.0, -15.0, 11.0, -11.0, 11.0, -11.0, 7.0, -7.0, 15.0, -15.0, 5.0, -5.0, 13.0, -13.0, 12.0, -12.0, 10.0, -10.0, 9.0, -9.0, 0]
Q: [0, 11.0, 0.0, 15.0, 0.0, 12.0, 0.0, 8.0, 0.0, 15.0, 0.0, 15.0, 0.0, 11.0, 0.0, 11.0, 0.0, 7.0, 0.0, 15.0, 0.0, 5.0, 0.0, 13.0, 0.0, 12.0, 0.0, 10.0, 0.0, 9.0, 0.0, 0]
B: [0.0, 36.0, 45.624091437640004, 77.27284989674001, 109.84229167884001, 127.02298575674001, 156.54249649114, 209.18071307374, 213.23477992075001, 251.0, 257.94814406874, 294.92818141324, 300.01246317176, 321.05147232146, 344.86970857015996, 373.41809461915994, 382.6097182515799, 402.0, 428.6271162915, 432.85473559792, 449.73788654792, 473.96083517112004, 477.65312456931, 496.76984447621004, 516.81096482911, 528.83685294601, 529.95854185119, 562.0, 585.3035112376, 603.6868304428, 637.466610223, 656.103774841]
