Avion: 1      Iteracion: 32

Num Ruta: 33
Ingresos: 136800.0
Costos: 383.981266886
Utilidad Ruta: 136416.018733
Costo Reducido: 56.8866237686
Nodos: [101, 9, 54, 12, 57, 10, 55, 35, 26, 80, 71, 28, 39, 73, 19, 64, 84, 41, 50, 5, 86, 7, 4, 49, 52, 911]
q: [0.0, 11.0, -11.0, 14.0, -14.0, 12.0, -12.0, 6.0, 9.0, -6.0, -9.0, 7.0, 8.0, -7.0, 7.0, -7.0, -8.0, 13.0, -12.0, 12.0, -13.0, 10.0, 5.0, -5.0, -10.0, 0.0]
Q: [0.0, 11.0, 0.0, 14.0, 0.0, 12.0, 0.0, 6.0, 15.0, 9.0, 0.0, 7.0, 15.0, 8.0, 15.0, 8.0, 0.0, 13.0, 1.0, 13.0, 0.0, 10.0, 15.0, 10.0, 0.0, 0.0]
B: [0.0, 28.0, 57.5272370025, 68.3142737596, 111.6621980236, 120.37996838075, 149.89947911515, 279.0, 300.0, 309.29300538039, 319.11482114938, 378.0, 389.3210123222, 420.750419714, 433.28621298769997, 459.91332927919996, 466.22853133455993, 483.94584278405995, 492.77208060092994, 493.89376950610995, 505.9196576230099, 517.0, 529.0, 549.4257496801999, 550.5861237578099, 568.5511315229099]
