Avion: 6      Iteracion: 44

Num Ruta: 47
Ingresos: 127200.0
Costos: 444.020235317
Utilidad Ruta: 126755.979765
Costo Reducido: 21.3876469361
Nodos: [106, 40, 85, 1, 31, 76, 42, 46, 23, 87, 35, 80, 68, 39, 6, 51, 84, 13, 58, 21, 38, 66, 83, 27, 7, 52, 72, 916]
q: [0.0, 15.0, -15.0, 7.0, 6.0, -6.0, 5.0, -7.0, 10.0, -5.0, 5.0, -5.0, -10.0, 8.0, 5.0, -5.0, -8.0, 15.0, -15.0, 13.0, 2.0, -13.0, -2.0, 5.0, 10.0, -10.0, -5.0, 0.0]
Q: [0.0, 15.0, 0.0, 7.0, 13.0, 7.0, 12.0, 5.0, 15.0, 10.0, 15.0, 10.0, 0.0, 8.0, 13.0, 8.0, 0.0, 15.0, 0.0, 13.0, 15.0, 2.0, 0.0, 5.0, 15.0, 5.0, 0.0, 0.0]
B: [0.0, 62.0, 94.5694417821, 175.0, 183.89376197118, 197.19937597428, 239.0, 264.0626014013, 268.8931248719, 305.908763729, 309.96521353148, 329.87809692388, 342.49664240268, 388.0, 436.0, 439.69228939819, 449.87740525418997, 453.10933904063995, 469.99248999063997, 485.50388638164, 492.32679932261, 526.80917970741, 533.87910827848, 545.41483560708, 573.0781589793801, 601.61947079228, 606.01939135974, 627.74809974294]
