Avion: 5      Iteracion: 48

Num Ruta: 46
Ingresos: 6000.0
Costos: 58.0939305964
Utilidad Ruta: 5941.9060694
Costo Reducido: 10.0737190487
Nodos: [105, 17, 62, 915]
q: [0, 5.0, -5.0, 0]
Q: [0, 5.0, 0.0, 0]
B: [0.0, 24.0, 58.8425537813, 69.2371243833]
