Avion: 3      Iteracion: 60

Num Ruta: 51
Ingresos: 100800.0
Costos: 289.88623112
Utilidad Ruta: 100510.113769
Costo Reducido: 20.4591923469
Nodos: [103, 17, 62, 12, 57, 10, 55, 35, 26, 80, 71, 13, 58, 25, 21, 70, 38, 66, 83, 913]
q: [0.0, 5.0, -5.0, 14.0, -14.0, 12.0, -12.0, 6.0, 9.0, -6.0, -9.0, 15.0, -15.0, 8.0, 7.0, -8.0, 8.0, -7.0, -8.0, 0.0]
Q: [0.0, 5.0, 0.0, 14.0, 0.0, 12.0, 0.0, 6.0, 15.0, 9.0, 0.0, 15.0, 0.0, 8.0, 15.0, 7.0, 15.0, 8.0, 0.0, 0.0]
B: [0.0, 24.0, 58.8425537813, 78.5512475229, 121.8991717869, 130.61694214405, 160.13645287845, 279.0, 300.0, 309.29300538039, 319.11482114938, 423.0, 439.88315095, 463.8957169312, 477.0, 485.168713485, 489.49037624371, 523.97275662851, 531.04268519958, 541.0066605608499]
