Avion: 4      Iteracion: 62

Num Ruta: 54
Ingresos: 43200.0
Costos: 148.995728063
Utilidad Ruta: 43051.0042719
Costo Reducido: 3.95660984093
Nodos: [104, 18, 63, 38, 21, 83, 66, 33, 78, 914]
q: [0.0, 11.0, -11.0, 8.0, 7.0, -8.0, -7.0, 10.0, -10.0, 0.0]
Q: [0.0, 11.0, 0.0, 8.0, 15.0, 7.0, 0.0, 10.0, 0.0, 0.0]
B: [0.0, 293.0, 316.8182362487, 480.0, 486.82291294097, 525.3346514111701, 532.4045799822401, 562.0, 585.3035112376, 598.519619061]
