Avion: 3      Iteracion: 43

Num Ruta: 41
Ingresos: 120000.0
Costos: 321.341735209
Utilidad Ruta: 119678.658265
Costo Reducido: 32.2720230322
Nodos: [103, 17, 30, 62, 16, 61, 75, 14, 59, 3, 48, 23, 18, 63, 68, 22, 67, 32, 8, 53, 13, 77, 58, 29, 74, 913]
q: [0.0, 5.0, 10.0, -5.0, 5.0, -5.0, -10.0, 8.0, -8.0, 15.0, -15.0, 10.0, 5.0, -5.0, -10.0, 10.0, -10.0, 6.0, 8.0, -8.0, 9.0, -6.0, -9.0, 9.0, -9.0, 0.0]
Q: [0.0, 5.0, 15.0, 10.0, 15.0, 10.0, 0.0, 8.0, 0.0, 15.0, 0.0, 10.0, 15.0, 10.0, 0.0, 10.0, 0.0, 6.0, 14.0, 6.0, 15.0, 9.0, 0.0, 9.0, 0.0, 0.0]
B: [0.0, 24.0, 64.0, 67.14445448369, 72.47609381883, 82.10018525647, 84.97134181786, 112.76728247476, 124.78899424976, 256.0, 261.08428175852, 267.0, 293.0, 316.8182362487, 326.74376782137, 342.50019181287, 364.25487795177, 422.0, 433.4468981388, 454.2152947548, 456.42597089571, 470.26815067351004, 474.33910105395006, 549.0, 582.7797797802, 601.4169443982]
