Avion: 2      Iteracion: 6

Num Ruta: 10
Ingresos: 148800.0
Costos: 604.752716118
Utilidad Ruta: 148195.247284
Costo Reducido: 229509.406434
Nodos: [102, 17, 30, 62, 75, 40, 85, 11, 56, 44, 42, 3, 48, 89, 35, 87, 80, 18, 63, 28, 73, 19, 8, 64, 53, 43, 88, 15, 20, 60, 7, 4, 52, 49, 65, 912]
q: [0.0, 5.0, 10.0, -5.0, -10.0, 15.0, -15.0, 8.0, -8.0, 14.0, 1.0, 0.0, 0.0, -14.0, 6.0, -1.0, -6.0, 11.0, -11.0, 8.0, -8.0, 7.0, 8.0, -7.0, -8.0, 5.0, -5.0, 11.0, 0.0, -11.0, 10.0, 5.0, -10.0, -5.0, 0.0, 0.0]
Q: [0.0, 5.0, 15.0, 10.0, 0.0, 15.0, 0.0, 8.0, 0.0, 14.0, 15.0, 15.0, 15.0, 1.0, 7.0, 6.0, 0.0, 11.0, 0.0, 8.0, 0.0, 7.0, 15.0, 8.0, 0.0, 5.0, 0.0, 11.0, 11.0, 0.0, 10.0, 15.0, 5.0, 0.0, 0.0, 0.0]
B: [0.0, 36.2584976247, 69.8722092317, 73.01666371539, 89.11460923649, 119.92446330949, 152.49390509159, 188.22006900549, 192.2741358525, 211.0, 239.0, 257.4606418632, 262.54492362172, 286.70928767291997, 307.12550108282, 311.1819508853, 327.256159855, 350.1470132467, 373.9652494954, 383.09875227363, 419.12537105753, 431.66116433123, 454.82204587753, 472.77900530833, 475.70712449988997, 498.27660322669, 515.53892433369, 525.79193257519, 536.09282467249, 542.22667672483, 553.1314162907299, 563.4947895832299, 582.76715056993, 583.9275246475399, 595.78874789814, 617.38096827954]
