Avion: 7      Iteracion: 9

Num Ruta: 11
Ingresos: 141600.0
Costos: 439.850241846
Utilidad Ruta: 141160.149758
Costo Reducido: 152866.676942
Nodos: [107, 14, 59, 11, 56, 44, 42, 89, 35, 87, 80, 26, 71, 45, 90, 19, 25, 70, 43, 32, 64, 77, 88, 15, 60, 7, 4, 52, 49, 27, 72, 917]
q: [0.0, 8.0, -8.0, 8.0, -8.0, 14.0, 1.0, -14.0, 6.0, -1.0, -6.0, 13.0, -13.0, 11.0, -11.0, 5.0, 10.0, -10.0, 4.0, 6.0, -5.0, -6.0, -4.0, 11.0, -11.0, 10.0, 5.0, -10.0, -5.0, 6.0, -6.0, 0.0]
Q: [0.0, 8.0, 0.0, 8.0, 0.0, 14.0, 15.0, 1.0, 7.0, 6.0, 0.0, 13.0, 0.0, 11.0, 0.0, 5.0, 15.0, 5.0, 9.0, 15.0, 10.0, 4.0, 0.0, 11.0, 0.0, 10.0, 15.0, 5.0, 0.0, 6.0, 0.0, 0.0]
B: [0.0, 112.0, 124.021711775, 169.0, 173.05406684701, 211.0, 239.0, 276.4881823646, 296.9043957745, 300.96084557698003, 317.03505454668004, 326.32805992707006, 343.90728789647005, 371.0, 380.19162363242, 402.0, 411.3920072402, 428.57698955029997, 451.0, 458.21283557278, 477.78530626508, 494.91268271328, 508.71163752878, 518.96464577028, 535.38581238538, 546.2905519512799, 556.6539252437799, 575.92628623048, 577.0866603080899, 593.4374728872899, 610.4683352553899, 616.0457714047299]
