Avion: 2      Iteracion: 94

Num Ruta: 57
Ingresos: 86400.0
Costos: 288.659472927
Utilidad Ruta: 86111.3405271
Costo Reducido: 8.21172428875
Nodos: [102, 44, 42, 89, 26, 87, 71, 22, 67, 32, 43, 77, 88, 15, 60, 7, 4, 52, 49, 912]
q: [0.0, 10.0, 5.0, -10.0, 10.0, -5.0, -10.0, 10.0, -10.0, 6.0, 5.0, -6.0, -5.0, 11.0, -11.0, 10.0, 5.0, -10.0, -5.0, 0.0]
Q: [0.0, 10.0, 15.0, 5.0, 15.0, 10.0, 0.0, 10.0, 0.0, 6.0, 11.0, 5.0, 0.0, 11.0, 0.0, 10.0, 15.0, 5.0, 0.0, 0.0]
B: [0.0, 211.0, 239.0, 276.4881823646, 300.0, 306.89547859108, 331.29432817458, 344.92850882468, 366.68319496358004, 422.0, 451.0, 474.5469186944, 488.3458735099, 511.0, 527.4211666151, 538.3259061809999, 548.6892794734999, 567.9616404602, 569.12201453781, 580.7762148965099]
