Avion: 6      Iteracion: 33

Num Ruta: 37
Ingresos: 98400.0
Costos: 301.314896981
Utilidad Ruta: 98098.685103
Costo Reducido: 80.3831212205
Nodos: [106, 40, 85, 30, 75, 31, 11, 56, 76, 1, 46, 45, 90, 7, 4, 52, 49, 2, 47, 916]
q: [0, 15.0, -15.0, 11.0, -11.0, 6.0, 8.0, -8.0, -6.0, 7.0, -7.0, 11.0, -11.0, 10.0, 5.0, -10.0, -5.0, 9.0, -9.0, 0]
Q: [0, 15.0, 0.0, 11.0, 0.0, 6.0, 14.0, 6.0, 0.0, 7.0, 0.0, 11.0, 0.0, 10.0, 15.0, 5.0, 0.0, 9.0, 0.0, 0]
B: [0.0, 62.0, 94.5694417821, 113.51249206450001, 132.22651472130002, 156.12090755730003, 169.30363675120003, 173.35770359821004, 177.05208216571003, 196.04177626541002, 230.28186179391002, 371.0, 380.19162363242, 517.0, 529.0, 548.2723609867, 549.43273506431, 558.88720157491, 599.62216362231, 613.47085399361]
