Avion: 5      Iteracion: 22

Num Ruta: 24
Ingresos: 19200.0
Costos: 70.6297300694
Utilidad Ruta: 19129.3702699
Costo Reducido: 32.3636666783
Nodos: [105, 27, 72, 33, 78, 915]
q: [0, 6.0, -6.0, 10.0, -10.0, 0]
Q: [0, 6.0, 0.0, 10.0, 0.0, 0]
B: [0.0, 538.0, 555.0308623681, 568.8780323678, 592.1815436054, 608.4141355426]
