Avion: 6      Iteracion: 26

Num Ruta: 30
Ingresos: 144000.0
Costos: 423.175484519
Utilidad Ruta: 143576.824515
Costo Reducido: 222.31084774
Nodos: [106, 24, 75, 30, 69, 36, 81, 42, 87, 35, 26, 80, 71, 28, 13, 58, 73, 25, 70, 43, 20, 88, 7, 52, 65, 37, 82, 916]
q: [0.0, 14.0, -11.0, 11.0, -14.0, 15.0, -15.0, 5.0, -5.0, 6.0, 9.0, -6.0, -9.0, 8.0, 7.0, -7.0, -8.0, 10.0, -10.0, 5.0, 5.0, -5.0, 10.0, -10.0, -5.0, 15.0, -15.0, 0.0]
Q: [0.0, 14.0, 3.0, 14.0, 0.0, 15.0, 0.0, 5.0, 0.0, 6.0, 15.0, 9.0, 0.0, 8.0, 15.0, 8.0, 0.0, 10.0, 0.0, 5.0, 10.0, 5.0, 15.0, 5.0, 0.0, 15.0, 0.0, 0.0]
B: [0.0, 61.0, 85.7339708903, 104.4479935471, 124.716114945, 251.0, 257.94814406874, 282.45112780544, 330.50096245654004, 334.55741225902005, 345.18462685172005, 354.47763223211007, 364.2994480011001, 378.0, 423.0, 439.88315095, 462.92158097460003, 466.25495959096, 483.43994190106, 496.47716342256, 505.17016624092, 514.1103953207601, 531.41248132216, 559.95379313506, 572.9174776807599, 584.4949956358599, 605.28964910736, 626.58900160926]
