Avion: 7      Iteracion: 57

Num Ruta: 58
Ingresos: 72000.0
Costos: 199.836446936
Utilidad Ruta: 71800.1635531
Costo Reducido: 18.9822794312
Nodos: [107, 24, 69, 36, 81, 34, 79, 39, 84, 6, 51, 27, 72, 917]
q: [0, 14.0, -14.0, 15.0, -15.0, 12.0, -12.0, 8.0, -8.0, 5.0, -5.0, 6.0, -6.0, 0]
Q: [0, 14.0, 0.0, 15.0, 0.0, 12.0, 0.0, 8.0, 0.0, 5.0, 0.0, 6.0, 0.0, 0]
B: [0.0, 61.0, 99.5129503025, 251.0, 257.94814406874, 283.0, 323.947598037, 388.0, 410.632187455, 436.0, 439.69228939819, 538.0, 555.0308623681, 560.60829851744]
