Avion: 6      Iteracion: 28

Num Ruta: 32
Ingresos: 93600.0
Costos: 354.255907491
Utilidad Ruta: 93245.7440925
Costo Reducido: 170.822757674
Nodos: [106, 9, 54, 24, 69, 1, 46, 8, 45, 90, 32, 19, 64, 53, 6, 51, 77, 20, 38, 83, 65, 916]
q: [0.0, 11.0, -11.0, 14.0, -14.0, 7.0, -7.0, 2.0, 11.0, -11.0, 6.0, 7.0, -7.0, -2.0, 5.0, -5.0, -6.0, 10.0, 5.0, -5.0, -10.0, 0.0]
Q: [0.0, 11.0, 0.0, 14.0, 0.0, 7.0, 0.0, 2.0, 13.0, 2.0, 8.0, 15.0, 8.0, 6.0, 11.0, 6.0, 0.0, 10.0, 15.0, 10.0, 0.0, 0.0]
B: [0.0, 28.0, 57.5272370025, 81.6674868976, 120.1804372001, 175.0, 209.2400855285, 414.0, 417.40515271317, 426.59677634559, 428.13238729892, 439.84730193791995, 466.47441822941994, 469.4025374209799, 478.5932090504099, 482.28549844859987, 504.9428700966999, 520.9019425634999, 522.98301200011, 555.85189864081, 583.22890636631, 620.99014178041]
