Avion: 5      Iteracion: 24

Num Ruta: 26
Ingresos: 28800.0
Costos: 136.15361178
Utilidad Ruta: 28663.8463882
Costo Reducido: 60.0084120502
Nodos: [105, 21, 66, 15, 60, 915]
q: [0, 13.0, -13.0, 11.0, -11.0, 0]
Q: [0, 13.0, 0.0, 11.0, 0.0, 0]
B: [0.0, 477.0, 517.7387906792, 564.1245581623, 580.5457247774, 585.33227363853]
