Avion: 7      Iteracion: 52

Num Ruta: 54
Ingresos: 70800.0
Costos: 182.358108078
Utilidad Ruta: 70617.6418919
Costo Reducido: 61.7648818179
Nodos: [107, 9, 54, 19, 43, 64, 13, 58, 88, 15, 60, 7, 4, 49, 52, 917]
q: [0.0, 11.0, -11.0, 7.0, 5.0, -7.0, 10.0, -10.0, -5.0, 11.0, -11.0, 10.0, 5.0, -5.0, -10.0, 0.0]
Q: [0.0, 11.0, 0.0, 7.0, 12.0, 5.0, 15.0, 5.0, 0.0, 11.0, 0.0, 10.0, 15.0, 10.0, 0.0, 0.0]
B: [0.0, 28.0, 57.5272370025, 402.0, 451.0, 471.20454651800003, 475.43216582442005, 492.31531677442007, 502.37090412672006, 512.6239123682201, 529.0450789833201, 539.94981854922, 550.31319184172, 570.73894152192, 571.8993155995299, 578.5887640820299]
