Avion: 2      Iteracion: 58

Num Ruta: 51
Ingresos: 39600.0
Costos: 108.915590673
Utilidad Ruta: 39491.0844093
Costo Reducido: 26.591562473
Nodos: [102, 11, 56, 25, 70, 20, 7, 52, 65, 912]
q: [0.0, 8.0, -8.0, 10.0, -10.0, 10.0, 5.0, -5.0, -10.0, 0.0]
Q: [0.0, 8.0, 0.0, 10.0, 0.0, 10.0, 15.0, 10.0, 0.0, 0.0]
B: [0.0, 169.0, 173.05406684701, 410.0, 427.1849823101, 496.0, 517.0, 545.5413118129, 558.5049963585999, 580.0972167399999]
