Avion: 2      Iteracion: 83

Num Ruta: 55
Ingresos: 62400.0
Costos: 197.847532308
Utilidad Ruta: 62202.1524677
Costo Reducido: 0.689107717881
Nodos: [102, 44, 89, 8, 53, 13, 58, 20, 4, 49, 65, 912]
q: [0, 14.0, -14.0, 8.0, -8.0, 15.0, -15.0, 10.0, 5.0, -5.0, -10.0, 0]
Q: [0, 14.0, 0.0, 8.0, 0.0, 15.0, 0.0, 10.0, 15.0, 10.0, 0.0, 0]
B: [0.0, 211.0, 265.00737440390003, 414.0, 434.768396616, 436.97907275691, 453.86222370691, 496.0, 529.0, 549.4257496801999, 561.2869729308, 582.8791933122]
