Avion: 1      Iteracion: 9

Num Ruta: 11
Ingresos: 130800.0
Costos: 499.037991005
Utilidad Ruta: 130300.962009
Costo Reducido: 95090.6550099
Nodos: [101, 14, 59, 1, 11, 56, 44, 46, 89, 18, 63, 45, 90, 28, 73, 25, 70, 41, 86, 15, 60, 7, 4, 52, 49, 911]
q: [0.0, 8.0, -8.0, 0.0, 8.0, -8.0, 14.0, 0.0, -14.0, 11.0, -11.0, 11.0, -11.0, 8.0, -8.0, 10.0, -10.0, 13.0, -13.0, 11.0, -11.0, 10.0, 5.0, -10.0, -5.0, 0.0]
Q: [0.0, 8.0, 0.0, 0.0, 8.0, 0.0, 14.0, 14.0, 0.0, 11.0, 0.0, 11.0, 0.0, 8.0, 0.0, 10.0, 0.0, 13.0, 0.0, 11.0, 0.0, 10.0, 15.0, 5.0, 0.0, 0.0]
B: [0.0, 112.0, 124.021711775, 175.0, 193.6808285951, 197.73489544211, 211.0, 256.3963542369, 272.4109032471, 300.85745614900003, 324.6756923977, 371.0, 380.19162363242, 415.77292110732, 451.79953989122, 455.13291850758, 472.31790081767997, 503.66926539727996, 523.71038575018, 546.30025881308, 562.7214254281799, 573.6261649940799, 583.9895382865799, 603.2618992732799, 604.4222733508899, 623.3573397621899]
