Avion: 7      Iteracion: 61

Num Ruta: 61
Ingresos: 57600.0
Costos: 150.254141766
Utilidad Ruta: 57449.7458582
Costo Reducido: 5.76331958616
Nodos: [107, 14, 59, 3, 48, 32, 43, 88, 38, 77, 83, 27, 72, 917]
q: [0, 8.0, -8.0, 15.0, -15.0, 6.0, 5.0, -5.0, 8.0, -6.0, -8.0, 6.0, -6.0, 0]
Q: [0, 8.0, 0.0, 15.0, 0.0, 6.0, 11.0, 6.0, 14.0, 8.0, 0.0, 6.0, 0.0, 0]
B: [0.0, 112.0, 124.021711775, 256.0, 261.08428175852, 422.0, 451.0, 468.262321107, 480.0, 495.0304472322, 517.0265259964, 538.0, 555.0308623681, 560.60829851744]
