Avion: 2      Iteracion: 30

Num Ruta: 33
Ingresos: 43200.0
Costos: 146.725803784
Utilidad Ruta: 43053.2741962
Costo Reducido: 23.1939926258
Nodos: [102, 36, 81, 34, 79, 29, 74, 912]
q: [0, 15.0, -15.0, 12.0, -12.0, 9.0, -9.0, 0]
Q: [0, 15.0, 0.0, 12.0, 0.0, 9.0, 0.0, 0]
B: [0.0, 251.0, 257.94814406874, 283.0, 323.947598037, 549.0, 582.7797797802, 603.3268886036]
