Avion: 7      Iteracion: 28

Num Ruta: 30
Ingresos: 98400.0
Costos: 370.683782676
Utilidad Ruta: 98029.3162173
Costo Reducido: 154.429514534
Nodos: [107, 9, 54, 14, 59, 1, 46, 22, 67, 8, 45, 90, 19, 32, 64, 53, 6, 51, 77, 20, 7, 4, 52, 49, 65, 917]
q: [0.0, 11.0, -11.0, 8.0, -8.0, 7.0, -7.0, 10.0, -10.0, 2.0, 11.0, -11.0, 7.0, 6.0, -7.0, -2.0, 5.0, -5.0, -6.0, 10.0, 5.0, 0.0, -5.0, 0.0, -10.0, 0.0]
Q: [0.0, 11.0, 0.0, 8.0, 0.0, 7.0, 0.0, 10.0, 0.0, 2.0, 13.0, 2.0, 9.0, 15.0, 8.0, 6.0, 11.0, 6.0, 0.0, 10.0, 15.0, 15.0, 10.0, 10.0, 0.0, 0.0]
B: [0.0, 28.0, 57.5272370025, 112.0, 124.021711775, 175.0, 209.2400855285, 299.0, 320.7546861389, 414.0, 417.40515271317, 426.59677634559, 438.43863059229, 450.15354523128997, 469.72601592358996, 472.6541351151499, 481.84480674457996, 485.53709614276994, 508.19446779086996, 524.15354025767, 532.8964946782299, 543.2598679707299, 562.53222895743, 563.69260303504, 575.55382628564, 588.4344772785399]
