Avion: 1      Iteracion: 39

Num Ruta: 40
Ingresos: 76800.0
Costos: 233.481719992
Utilidad Ruta: 76566.51828
Costo Reducido: 1.1208793258
Nodos: [101, 16, 30, 61, 75, 40, 85, 11, 56, 44, 89, 5, 50, 911]
q: [0.0, 4.0, 11.0, -4.0, -11.0, 15.0, -15.0, 8.0, -8.0, 14.0, -14.0, 12.0, -12.0, 0.0]
Q: [0.0, 4.0, 15.0, 11.0, 0.0, 15.0, 0.0, 8.0, 0.0, 14.0, 0.0, 12.0, 0.0, 0.0]
B: [0.0, 36.0, 64.0, 80.9852936389, 83.85645020029, 114.66630427329, 147.23574605539, 182.96190996929, 187.0159768163, 211.0, 265.00737440390003, 469.0, 470.12168890518, 485.16341413868]
