Avion: 7      Iteracion: 89

Num Ruta: 77
Ingresos: 45600.0
Costos: 133.933852402
Utilidad Ruta: 45466.0661476
Costo Reducido: 2.68487518643
Nodos: [107, 14, 59, 18, 63, 39, 84, 6, 51, 27, 72, 917]
q: [0, 8.0, -8.0, 11.0, -11.0, 8.0, -8.0, 5.0, -5.0, 6.0, -6.0, 0]
Q: [0, 8.0, 0.0, 11.0, 0.0, 8.0, 0.0, 5.0, 0.0, 6.0, 0.0, 0]
B: [0.0, 112.0, 124.021711775, 293.0, 316.8182362487, 388.0, 410.632187455, 436.0, 439.69228939819, 538.0, 555.0308623681, 560.60829851744]
