Avion: 4      Iteracion: 3

Num Ruta: 6
Ingresos: 154800.0
Costos: 528.61170147
Utilidad Ruta: 154271.388299
Costo Reducido: 312354.668778
Nodos: [104, 40, 85, 10, 55, 1, 31, 76, 11, 56, 46, 3, 48, 42, 18, 87, 26, 71, 63, 39, 84, 13, 58, 32, 43, 21, 88, 77, 38, 66, 83, 914]
q: [0.0, 15.0, -15.0, 12.0, -12.0, 7.0, 6.0, -6.0, 8.0, -8.0, -7.0, 15.0, -15.0, 5.0, 2.0, -5.0, 13.0, -13.0, -2.0, 8.0, -8.0, 15.0, -15.0, 6.0, 5.0, 4.0, -5.0, -6.0, 8.0, -4.0, -8.0, 0.0]
Q: [0.0, 15.0, 0.0, 12.0, 0.0, 7.0, 13.0, 7.0, 15.0, 7.0, 0.0, 15.0, 0.0, 5.0, 7.0, 2.0, 15.0, 2.0, 0.0, 8.0, 0.0, 15.0, 0.0, 6.0, 11.0, 15.0, 10.0, 4.0, 12.0, 8.0, 0.0, 0.0]
B: [0.0, 62.0, 94.5694417821, 111.75013586, 141.2696465944, 179.6889877652, 188.58274973638, 201.88836373948, 202.367242638577, 206.42130948558702, 240.737038823587, 256.0, 261.08428175852, 282.70958344432, 294.52923881152003, 331.27042144082003, 338.16590003190004, 355.74512800130003, 367.17991746150005, 388.0, 410.632187455, 423.0, 439.88315095, 467.2623045162, 474.47514008898, 485.21646277288005, 492.49947018740005, 506.29842500290005, 521.3288722351, 555.8112526199, 562.88118119097, 583.9293740112699]
