Avion: 5      Iteracion: 1

Num Ruta: 5
Ingresos: 186000.0
Costos: 604.62806994
Utilidad Ruta: 185395.37193
Costo Reducido: 238193.84298
Nodos: [105, 17, 62, 16, 61, 40, 85, 10, 55, 1, 46, 3, 48, 36, 81, 22, 67, 45, 90, 25, 70, 41, 86, 43, 20, 88, 65, 33, 78, 27, 72, 915]
q: [0, 5.0, -5.0, 11.0, -11.0, 15.0, -15.0, 12.0, -12.0, 7.0, -7.0, 15.0, -15.0, 15.0, -15.0, 10.0, -10.0, 11.0, -11.0, 10.0, -10.0, 13.0, -13.0, 5.0, 10.0, -5.0, -10.0, 10.0, -10.0, 6.0, -6.0, 0]
Q: [0, 5.0, 0.0, 11.0, 0.0, 15.0, 0.0, 12.0, 0.0, 7.0, 0.0, 15.0, 0.0, 15.0, 0.0, 10.0, 0.0, 11.0, 0.0, 10.0, 0.0, 13.0, 0.0, 5.0, 15.0, 10.0, 0.0, 10.0, 0.0, 6.0, 0.0, 0]
B: [0.0, 24.0, 58.8425537813, 64.17419311644, 73.79828455408, 105.44704301318001, 138.01648479528, 155.19717887318, 184.71668960758, 223.13603077838002, 257.37611630688, 264.47266821608, 269.5569499746, 304.4764152769, 311.42455934564003, 329.82881616304, 351.58350230194003, 371.0, 380.19162363242, 410.0, 427.1849823101, 458.5363468897, 478.5774672426, 488.9436125725, 497.63661539086, 506.5768444707, 554.8375931698, 565.6593925119, 588.9629037495, 596.18165710448, 613.21251947258, 632.20724868888]
