Avion: 1      Iteracion: 7

Num Ruta: 9
Ingresos: 129600.0
Costos: 448.314390473
Utilidad Ruta: 129151.68561
Costo Reducido: 111602.947218
Nodos: [101, 12, 30, 75, 57, 31, 14, 59, 76, 36, 81, 34, 79, 26, 71, 28, 73, 25, 70, 8, 53, 41, 86, 911]
q: [0.0, 4.0, 11.0, -11.0, -4.0, 6.0, 8.0, -8.0, -6.0, 15.0, -15.0, 12.0, -12.0, 13.0, -13.0, 8.0, -8.0, 10.0, -10.0, 8.0, -8.0, 13.0, -13.0, 0.0]
Q: [0.0, 4.0, 15.0, 4.0, 0.0, 6.0, 14.0, 6.0, 0.0, 15.0, 0.0, 12.0, 0.0, 13.0, 0.0, 8.0, 0.0, 10.0, 0.0, 8.0, 0.0, 13.0, 0.0, 0.0]
B: [0.0, 54.0, 72.5310629215, 91.24508557829999, 114.04094364509999, 134.95827703159998, 152.47795944879996, 164.49967122379996, 193.56522819419996, 251.0, 257.94814406874, 283.0, 323.947598037, 358.0226741044, 375.6019020738, 386.0098191084, 422.0364378923, 425.36981650866, 442.55479881876, 468.37539867626, 489.14379529226, 505.16352537736, 525.2046457302599, 537.90900029866]
