Avion: 1      Iteracion: 24

Num Ruta: 25
Ingresos: 150000.0
Costos: 426.564420855
Utilidad Ruta: 149573.435579
Costo Reducido: 190.291461655
Nodos: [101, 16, 30, 61, 75, 24, 69, 1, 11, 56, 44, 46, 89, 3, 48, 8, 53, 5, 50, 41, 86, 15, 60, 29, 4, 74, 49, 911]
q: [0.0, 4.0, 11.0, -4.0, -11.0, 14.0, -14.0, 1.0, 8.0, -8.0, 14.0, -1.0, -14.0, 15.0, -15.0, 8.0, -8.0, 12.0, -12.0, 13.0, -13.0, 11.0, -11.0, 9.0, 5.0, -9.0, -5.0, 0.0]
Q: [0.0, 4.0, 15.0, 11.0, 0.0, 14.0, 0.0, 1.0, 9.0, 1.0, 15.0, 14.0, 0.0, 15.0, 0.0, 8.0, 0.0, 12.0, 0.0, 13.0, 0.0, 11.0, 0.0, 9.0, 14.0, 5.0, 0.0, 0.0]
B: [0.0, 36.0, 64.0, 80.9852936389, 83.85645020029, 108.59042109059, 147.10337139309001, 175.0, 193.6808285951, 197.73489544211, 211.0, 256.3963542369, 272.4109032471, 294.7976330887, 299.88191484722, 414.0, 434.768396616, 469.0, 470.12168890518, 478.94792672205, 498.98904707495, 521.57892013785, 538.00008675295, 553.13796361865, 573.84796625025, 596.72137039135, 608.94044142805, 627.87550783935]
