Avion: 6      Iteracion: 46

Num Ruta: 49
Ingresos: 162000.0
Costos: 524.172553382
Utilidad Ruta: 161475.827447
Costo Reducido: 40.3073505128
Nodos: [106, 9, 54, 12, 57, 31, 76, 44, 89, 3, 48, 18, 63, 22, 67, 45, 90, 32, 8, 53, 6, 51, 77, 20, 7, 4, 52, 49, 65, 2, 47, 916]
q: [0.0, 11.0, -11.0, 14.0, -14.0, 6.0, -6.0, 14.0, -14.0, 15.0, -15.0, 11.0, -11.0, 10.0, -10.0, 11.0, -11.0, 6.0, 8.0, -8.0, 5.0, -5.0, -6.0, 10.0, 0.0, 5.0, 0.0, -5.0, -10.0, 9.0, -9.0, 0.0]
Q: [0.0, 11.0, 0.0, 14.0, 0.0, 6.0, 0.0, 14.0, 0.0, 15.0, 0.0, 11.0, 0.0, 10.0, 0.0, 11.0, 0.0, 6.0, 14.0, 6.0, 11.0, 6.0, 0.0, 10.0, 10.0, 15.0, 15.0, 10.0, 0.0, 9.0, 0.0, 0.0]
B: [0.0, 28.0, 57.5272370025, 68.3142737596, 111.6621980236, 132.5795314101, 145.8851454132, 211.0, 265.00737440390003, 287.39410424550005, 292.47838600402, 313.51739515372003, 337.33563140242, 352.81847881492, 374.57316495382, 386.33583918212, 395.52746281454, 422.0, 433.4468981388, 454.2152947548, 463.40596638423006, 467.09825578242004, 489.75562743052006, 505.7146998973201, 517.0, 529.0, 548.2723609867, 549.43273506431, 561.29395831491, 568.62425558037, 609.35921762777, 623.20790799907]
