Avion: 2      Iteracion: 23

Num Ruta: 26
Ingresos: 57600.0
Costos: 192.687955271
Utilidad Ruta: 57407.3120447
Costo Reducido: 123.21182247
Nodos: [102, 44, 89, 35, 80, 41, 86, 37, 82, 912]
q: [0, 14.0, -14.0, 6.0, -6.0, 13.0, -13.0, 15.0, -15.0, 0]
Q: [0, 14.0, 0.0, 6.0, 0.0, 13.0, 0.0, 15.0, 0.0, 0]
B: [0.0, 211.0, 265.00737440390003, 285.42358781380005, 305.33647120620003, 446.0, 466.0411203529, 562.0, 582.7946534714999, 599.6155152806]
