Avion: 3      Iteracion: 13

Num Ruta: 15
Ingresos: 170400.0
Costos: 654.211215043
Utilidad Ruta: 169745.788785
Costo Reducido: 60186.6044303
Nodos: [103, 9, 54, 24, 69, 1, 44, 46, 89, 3, 48, 23, 26, 71, 68, 39, 84, 8, 6, 51, 53, 13, 58, 38, 21, 7, 4, 83, 66, 27, 52, 49, 72, 37, 82, 913]
q: [0.0, 11.0, -11.0, 14.0, -14.0, 1.0, 14.0, -1.0, -14.0, 15.0, -15.0, 10.0, 5.0, -5.0, -10.0, 8.0, -8.0, 8.0, 5.0, -5.0, -8.0, 15.0, -15.0, 0.0, 6.0, 9.0, 0.0, 0.0, -6.0, 6.0, -9.0, 0.0, -6.0, 15.0, -15.0, 0.0]
Q: [0.0, 11.0, 0.0, 14.0, 0.0, 1.0, 15.0, 14.0, 0.0, 15.0, 0.0, 10.0, 15.0, 10.0, 0.0, 8.0, 0.0, 8.0, 13.0, 8.0, 0.0, 15.0, 0.0, 0.0, 6.0, 15.0, 15.0, 15.0, 9.0, 15.0, 6.0, 6.0, 0.0, 15.0, 0.0, 0.0]
B: [0.0, 58.0169348553, 87.5441718578, 111.6844217529, 150.1973720554, 175.0, 211.0, 256.3963542369, 272.4109032471, 294.7976330887, 299.88191484722, 303.24440217062, 337.68574571292, 355.26497368232, 358.3320460649, 388.0, 410.632187455, 434.7301572658, 462.6446552373, 466.33694463549, 479.20294712269, 481.41362326359996, 498.2967742136, 511.7918334947, 518.61474643567, 529.38220783567, 539.74558112817, 568.86528045697, 575.93520902804, 589.1126572256401, 604.95243209774, 606.11280617535, 611.52806471027, 618.36403033336, 639.15868380486, 692.58394196986]
