Avion: 2      Iteracion: 11

Num Ruta: 15
Ingresos: 82800.0
Costos: 394.822037238
Utilidad Ruta: 82405.1779628
Costo Reducido: 91753.7136494
Nodos: [102, 17, 62, 24, 69, 23, 68, 41, 86, 32, 77, 15, 60, 20, 65, 912]
q: [0, 5.0, -5.0, 14.0, -14.0, 10.0, -10.0, 13.0, -13.0, 6.0, -6.0, 11.0, -11.0, 10.0, -10.0, 0]
Q: [0, 5.0, 0.0, 14.0, 0.0, 10.0, 0.0, 13.0, 0.0, 6.0, 0.0, 11.0, 0.0, 10.0, 0.0, 0]
B: [0.0, 36.2584976247, 71.101051406, 87.6593347107, 126.1722850132, 267.0, 306.733842905, 446.0, 466.0411203529, 474.43811338612, 502.29546920102, 525.59090875472, 542.01207536982, 548.14592742216, 590.3230698692599, 611.91529025066]
