Avion: 3      Iteracion: 38

Num Ruta: 36
Ingresos: 68400.0
Costos: 210.21502108
Utilidad Ruta: 68189.7849789
Costo Reducido: 21.2391165854
Nodos: [103, 17, 62, 24, 69, 36, 81, 25, 70, 21, 66, 913]
q: [0, 5.0, -5.0, 14.0, -14.0, 15.0, -15.0, 10.0, -10.0, 13.0, -13.0, 0]
Q: [0, 5.0, 0.0, 14.0, 0.0, 15.0, 0.0, 10.0, 0.0, 13.0, 0.0, 0]
B: [0.0, 24.0, 58.8425537813, 75.400837086, 113.9137873885, 251.0, 257.94814406874, 410.0, 427.1849823101, 477.0, 517.7387906792, 534.7289915314999]
