Avion: 7      Iteracion: 64

Num Ruta: 63
Ingresos: 81600.0
Costos: 225.725963626
Utilidad Ruta: 81374.2740364
Costo Reducido: 12.8359949802
Nodos: [107, 14, 59, 18, 63, 39, 6, 51, 84, 5, 50, 2, 4, 47, 7, 52, 49, 917]
q: [0, 8.0, -8.0, 11.0, -11.0, 8.0, 5.0, -5.0, -8.0, 12.0, -12.0, 9.0, 5.0, -9.0, 10.0, -10.0, -5.0, 0]
Q: [0, 8.0, 0.0, 11.0, 0.0, 8.0, 13.0, 8.0, 0.0, 12.0, 0.0, 9.0, 14.0, 5.0, 15.0, 5.0, 0.0, 0]
B: [0.0, 112.0, 124.021711775, 293.0, 316.8182362487, 388.0, 436.0, 439.69228939819, 449.87740525418997, 469.0, 470.12168890518, 522.0, 549.3715326023, 562.8222884175, 574.3290145375, 602.8703263504, 604.0307004280099, 610.85335042636]
