Avion: 1      Iteracion: 58

Num Ruta: 59
Ingresos: 145200.0
Costos: 497.23984443
Utilidad Ruta: 144702.760156
Costo Reducido: 52.0285544985
Nodos: [101, 9, 24, 54, 12, 57, 69, 11, 56, 44, 42, 89, 87, 26, 71, 18, 63, 39, 28, 84, 13, 58, 73, 25, 70, 20, 7, 4, 52, 65, 49, 911]
q: [0.0, 11.0, 1.0, -11.0, 14.0, -14.0, -1.0, 8.0, -8.0, 10.0, 5.0, -10.0, -5.0, 13.0, -13.0, 11.0, -11.0, 8.0, 7.0, -8.0, 8.0, -8.0, -7.0, 10.0, -10.0, 10.0, 5.0, 0.0, -5.0, -10.0, 0.0, 0.0]
Q: [0.0, 11.0, 12.0, 1.0, 15.0, 1.0, 0.0, 8.0, 0.0, 10.0, 15.0, 5.0, 0.0, 13.0, 0.0, 11.0, 0.0, 8.0, 15.0, 7.0, 15.0, 7.0, 0.0, 10.0, 0.0, 10.0, 15.0, 15.0, 10.0, 0.0, 0.0, 0.0]
B: [0.0, 28.0, 61.0, 85.1402498951, 95.9272866522, 139.2752109162, 155.2074484866, 174.01987717089997, 178.07394401790998, 211.0, 239.0, 276.4881823646, 294.1162889277, 301.01176751878, 318.59099548818, 341.86966624058, 365.68790248927996, 388.0, 399.3210123222, 412.3114993416, 423.0, 439.88315095, 462.92158097460003, 466.25495959096, 483.43994190106, 496.0, 517.0, 529.0, 548.2723609867, 561.2360455324, 573.097268783, 592.0323351943]
