Avion: 1      Iteracion: 53

Num Ruta: 54
Ingresos: 54000.0
Costos: 117.080992497
Utilidad Ruta: 53882.9190075
Costo Reducido: 19.7194132894
Nodos: [101, 16, 61, 14, 59, 3, 48, 18, 63, 911]
q: [0, 11.0, -11.0, 8.0, -8.0, 15.0, -15.0, 11.0, -11.0, 0]
Q: [0, 11.0, 0.0, 8.0, 0.0, 15.0, 0.0, 11.0, 0.0, 0]
B: [0.0, 36.0, 45.624091437640004, 112.0, 124.021711775, 256.0, 261.08428175852, 293.0, 316.8182362487, 326.29970390935]
