Avion: 4      Iteracion: 2

Num Ruta: 5
Ingresos: 142800.0
Costos: 527.739787888
Utilidad Ruta: 142272.260212
Costo Reducido: 203700.864949
Nodos: [104, 24, 69, 10, 55, 44, 89, 36, 81, 26, 71, 45, 90, 13, 58, 5, 50, 38, 4, 49, 83, 914]
q: [0, 14.0, -14.0, 12.0, -12.0, 14.0, -14.0, 15.0, -15.0, 13.0, -13.0, 11.0, -11.0, 15.0, -15.0, 12.0, -12.0, 8.0, 5.0, -5.0, -8.0, 0]
Q: [0, 14.0, 0.0, 12.0, 0.0, 14.0, 0.0, 15.0, 0.0, 13.0, 0.0, 11.0, 0.0, 15.0, 0.0, 12.0, 0.0, 8.0, 13.0, 8.0, 0.0, 0]
B: [0.0, 61.0, 99.5129503025, 111.2988809828, 140.8183917172, 211.0, 265.00737440390003, 304.21876092620005, 311.16690499494007, 351.4692894529401, 369.04851742234007, 392.57466984894006, 401.76629348136004, 425.89655301166005, 442.77970396166006, 470.0439870624601, 471.1656759676401, 492.7473686723401, 529.0, 549.4257496801999, 571.1282847624999, 592.1764775827999]
