Avion: 2      Iteracion: 34

Num Ruta: 37
Ingresos: 13200.0
Costos: 38.6582414016
Utilidad Ruta: 13161.3417586
Costo Reducido: 7.47188938994
Nodos: [102, 15, 60, 912]
q: [0, 11.0, -11.0, 0]
Q: [0, 11.0, 0.0, 0]
B: [0.0, 511.0, 527.4211666151, 545.3677932898]
