Avion: 5      Iteracion: 62

Num Ruta: 58
Ingresos: 50400.0
Costos: 137.693495552
Utilidad Ruta: 50262.3065044
Costo Reducido: 4.52235603234
Nodos: [105, 1, 46, 8, 53, 5, 50, 37, 82, 915]
q: [0, 7.0, -7.0, 8.0, -8.0, 12.0, -12.0, 15.0, -15.0, 0]
Q: [0, 7.0, 0.0, 8.0, 0.0, 12.0, 0.0, 15.0, 0.0, 0]
B: [0.0, 175.0, 209.2400855285, 414.0, 434.768396616, 469.0, 470.12168890518, 562.0, 582.7946534714999, 607.8598314082]
