Avion: 1      Iteracion: 55

Num Ruta: 56
Ingresos: 79200.0
Costos: 264.975072973
Utilidad Ruta: 78935.024927
Costo Reducido: 28.0531449149
Nodos: [101, 16, 61, 24, 69, 22, 67, 18, 63, 43, 21, 88, 38, 66, 83, 911]
q: [0.0, 11.0, -11.0, 14.0, -14.0, 10.0, -10.0, 11.0, -11.0, 5.0, 7.0, -5.0, 8.0, -7.0, -8.0, 0.0]
Q: [0.0, 11.0, 0.0, 14.0, 0.0, 10.0, 0.0, 11.0, 0.0, 5.0, 12.0, 7.0, 15.0, 8.0, 0.0, 0.0]
B: [0.0, 36.0, 45.624091437640004, 70.85029051714, 109.36324081964, 299.0, 320.7546861389, 334.15512273630003, 357.973358985, 451.0, 477.0, 484.28300741452, 494.41817125142, 528.90055163622, 535.97048020729, 556.79391414599]
