Avion: 5      Iteracion: 13

Num Ruta: 16
Ingresos: 103200.0
Costos: 374.364188745
Utilidad Ruta: 102825.635811
Costo Reducido: 44722.6615437
Nodos: [105, 9, 54, 3, 23, 48, 68, 6, 51, 21, 50, 5, 66, 27, 7, 52, 72, 37, 82, 915]
q: [0.0, 11.0, -11.0, 15.0, 0.0, -15.0, 0.0, 5.0, -5.0, 13.0, -12.0, 12.0, -13.0, 5.0, 10.0, -10.0, -5.0, 15.0, -15.0, 0.0]
Q: [0.0, 11.0, 0.0, 15.0, 15.0, 0.0, 0.0, 5.0, 0.0, 13.0, 1.0, 13.0, 0.0, 5.0, 15.0, 5.0, 0.0, 15.0, 0.0, 0.0]
B: [0.0, 44.8876461401, 74.4148831426, 256.0, 267.0, 270.3624873234, 312.4873638811, 436.0, 439.69228939819, 477.0, 505.239590383, 506.36127928818, 527.98394010968, 541.16138830728, 568.8247116795801, 597.36602349248, 601.76594405994, 608.60190968303, 629.39656315453, 654.46174109123]
