Avion: 1      Iteracion: 45

Num Ruta: 46
Ingresos: 67200.0
Costos: 182.731250741
Utilidad Ruta: 67017.2687493
Costo Reducido: 5.92104510157
Nodos: [101, 16, 61, 9, 54, 14, 59, 45, 90, 19, 8, 64, 53, 911]
q: [0, 11.0, -11.0, 11.0, -11.0, 8.0, -8.0, 11.0, -11.0, 7.0, 8.0, -7.0, -8.0, 0]
Q: [0, 11.0, 0.0, 11.0, 0.0, 8.0, 0.0, 11.0, 0.0, 7.0, 15.0, 8.0, 0.0, 0]
B: [0.0, 36.0, 45.624091437640004, 75.68094759394, 105.20818459644, 115.46499131194001, 127.48670308694001, 371.0, 380.19162363242, 402.0, 425.1608815463, 443.1178409771, 446.04596016866, 453.01867327046]
