Avion: 3      Iteracion: 23

Num Ruta: 25
Ingresos: 63600.0
Costos: 264.534287453
Utilidad Ruta: 63335.4657125
Costo Reducido: 128.620110953
Nodos: [103, 17, 62, 11, 56, 34, 79, 41, 86, 37, 82, 913]
q: [0, 5.0, -5.0, 8.0, -8.0, 12.0, -12.0, 13.0, -13.0, 15.0, -15.0, 0]
Q: [0, 5.0, 0.0, 8.0, 0.0, 12.0, 0.0, 13.0, 0.0, 15.0, 0.0, 0]
B: [0.0, 24.0, 58.8425537813, 169.0, 173.05406684701, 283.0, 323.947598037, 446.0, 466.0411203529, 562.0, 582.7946534714999, 636.2199116365]
