Avion: 5      Iteracion: 25

Num Ruta: 27
Ingresos: 62400.0
Costos: 194.942238382
Utilidad Ruta: 62205.0577616
Costo Reducido: 122.186915223
Nodos: [105, 40, 85, 45, 90, 8, 53, 6, 51, 41, 86, 915]
q: [0, 15.0, -15.0, 11.0, -11.0, 8.0, -8.0, 5.0, -5.0, 13.0, -13.0, 0]
Q: [0, 15.0, 0.0, 11.0, 0.0, 8.0, 0.0, 5.0, 0.0, 13.0, 0.0, 0]
B: [0.0, 62.0, 94.5694417821, 371.0, 380.19162363242, 414.0, 434.768396616, 443.95906824543, 447.65135764362, 466.76807755052, 486.80919790342, 492.65819456952]
