Avion: 7      Iteracion: 8

Num Ruta: 10
Ingresos: 117600.0
Costos: 480.077252125
Utilidad Ruta: 117119.922748
Costo Reducido: 185847.394852
Nodos: [107, 17, 62, 10, 55, 36, 18, 81, 34, 63, 79, 39, 84, 8, 53, 5, 50, 15, 60, 20, 27, 72, 65, 917]
q: [0.0, 5.0, -5.0, 12.0, -12.0, 15.0, 0.0, -15.0, 12.0, 0.0, -12.0, 8.0, -8.0, 8.0, -8.0, 12.0, -12.0, 11.0, -11.0, 10.0, 5.0, -5.0, -10.0, 0.0]
Q: [0.0, 5.0, 0.0, 12.0, 0.0, 15.0, 15.0, 0.0, 12.0, 12.0, 0.0, 8.0, 0.0, 8.0, 0.0, 12.0, 0.0, 11.0, 0.0, 10.0, 15.0, 10.0, 0.0, 0.0]
B: [0.0, 42.7570493018, 77.59960308309999, 96.0, 125.5195107344, 251.0, 293.0, 313.88286026870003, 327.60260826200005, 355.83464573720005, 370.98727537700006, 388.0, 410.632187455, 434.7301572658, 455.49855388180004, 469.0, 470.12168890518, 511.0, 527.4211666151, 533.55501866744, 557.04922254844, 574.0800849165399, 590.2378507274399, 603.1185017203399]
