Avion: 4      Iteracion: 39

Num Ruta: 40
Ingresos: 14400.0
Costos: 72.4220844933
Utilidad Ruta: 14327.5779155
Costo Reducido: 10.2786959579
Nodos: [104, 34, 79, 914]
q: [0, 12.0, -12.0, 0]
Q: [0, 12.0, 0.0, 0]
B: [0.0, 283.0, 323.947598037, 330.83298560778996]
