Avion: 4      Iteracion: 49

Num Ruta: 45
Ingresos: 42000.0
Costos: 94.9508709515
Utilidad Ruta: 41905.049129
Costo Reducido: 10.9876338646
Nodos: [104, 30, 75, 16, 61, 26, 71, 914]
q: [0, 11.0, -11.0, 11.0, -11.0, 13.0, -13.0, 0]
Q: [0, 11.0, 0.0, 11.0, 0.0, 13.0, 0.0, 0]
B: [0.0, 64.0, 82.7140226568, 93.53069441849999, 103.15478585614, 300.0, 317.5792279694, 335.15237102919997]
