Avion: 7      Iteracion: 32

Num Ruta: 34
Ingresos: 96000.0
Costos: 260.907345545
Utilidad Ruta: 95739.0926545
Costo Reducido: 88.6633898826
Nodos: [107, 24, 69, 31, 11, 76, 56, 36, 81, 19, 43, 32, 64, 13, 58, 77, 88, 20, 7, 4, 52, 65, 49, 917]
q: [0.0, 14.0, -14.0, 6.0, 8.0, -6.0, -8.0, 15.0, -15.0, 7.0, 0.0, 6.0, -7.0, 9.0, -9.0, -6.0, 0.0, 10.0, 0.0, 5.0, 0.0, -10.0, -5.0, 0.0]
Q: [0.0, 14.0, 0.0, 6.0, 14.0, 8.0, 0.0, 15.0, 0.0, 7.0, 7.0, 13.0, 6.0, 15.0, 6.0, 0.0, 0.0, 10.0, 10.0, 15.0, 15.0, 5.0, 0.0, 0.0]
B: [0.0, 61.0, 99.5129503025, 130.0, 169.0, 169.478878899097, 173.173257466597, 251.0, 257.94814406874, 402.0, 451.0, 458.21283557278, 477.78530626508, 482.01292557150003, 498.89607652150005, 502.9670269019401, 516.7659817174401, 525.7062107972802, 534.4491652178401, 544.8125385103401, 564.0848994970402, 577.0485840427401, 588.9098072933401, 595.7324572916901]
