Avion: 6      Iteracion: 52

Num Ruta: 53
Ingresos: 135600.0
Costos: 427.228499769
Utilidad Ruta: 135172.7715
Costo Reducido: 25.5623126237
Nodos: [106, 40, 85, 1, 42, 46, 3, 48, 23, 87, 35, 80, 68, 13, 58, 43, 21, 88, 38, 66, 83, 27, 4, 72, 49, 37, 82, 916]
q: [0.0, 15.0, -15.0, 7.0, 5.0, -7.0, 10.0, -10.0, 9.0, -5.0, 6.0, -6.0, -9.0, 15.0, -15.0, 5.0, 7.0, -5.0, 8.0, -7.0, -8.0, 6.0, 5.0, -6.0, -5.0, 15.0, -15.0, 0.0]
Q: [0.0, 15.0, 0.0, 7.0, 12.0, 5.0, 15.0, 5.0, 14.0, 9.0, 15.0, 9.0, 0.0, 15.0, 0.0, 5.0, 12.0, 7.0, 15.0, 8.0, 0.0, 6.0, 11.0, 5.0, 0.0, 15.0, 0.0, 0.0]
B: [0.0, 62.0, 94.5694417821, 175.0, 239.0, 264.0626014013, 271.1591533105, 276.24343506902, 279.60592239242, 316.62156124951997, 320.678011052, 340.59089444439996, 353.20943992319997, 423.0, 439.88315095, 462.0954705272, 477.0, 484.28300741452, 494.41817125142, 528.90055163622, 535.97048020729, 547.5062075358901, 565.1209820731901, 581.2081827308901, 586.6234412658101, 593.6878133539701, 614.48246682547, 635.78181932737]
