Avion: 6      Iteracion: 43

Num Ruta: 46
Ingresos: 142800.0
Costos: 438.278628118
Utilidad Ruta: 142361.721372
Costo Reducido: 21.2218921538
Nodos: [106, 40, 85, 1, 31, 76, 11, 56, 42, 46, 3, 48, 23, 87, 35, 80, 68, 13, 58, 25, 21, 70, 38, 66, 83, 29, 27, 74, 72, 916]
q: [0.0, 15.0, -15.0, 7.0, 6.0, -6.0, 8.0, -8.0, 5.0, -7.0, 10.0, -10.0, 9.0, -5.0, 6.0, -6.0, -9.0, 15.0, -15.0, 8.0, 7.0, -8.0, 8.0, -7.0, -8.0, 9.0, 6.0, -9.0, -6.0, 0.0]
Q: [0.0, 15.0, 0.0, 7.0, 13.0, 7.0, 15.0, 7.0, 12.0, 5.0, 15.0, 5.0, 14.0, 9.0, 15.0, 9.0, 0.0, 15.0, 0.0, 8.0, 15.0, 7.0, 15.0, 8.0, 0.0, 9.0, 15.0, 6.0, 0.0, 0.0]
B: [0.0, 62.0, 94.5694417821, 175.0, 183.89376197118, 197.19937597428, 197.678254873377, 201.732321720387, 239.0, 264.0626014013, 271.1591533105, 276.24343506902, 279.60592239242, 316.62156124951997, 320.678011052, 340.59089444439996, 353.20943992319997, 423.0, 439.88315095, 463.8957169312, 477.0, 485.168713485, 489.49037624371, 523.97275662851, 531.04268519958, 565.43886085908, 591.04066909598, 599.25709709116, 614.70447466796, 636.43318305116]
