Avion: 7      Iteracion: 0

Num Ruta: 3
Ingresos: 156000.0
Costos: 494.864390732
Utilidad Ruta: 155505.135609
Costo Reducido: -
Nodos: [107, 9, 54, 16, 61, 30, 75, 10, 55, 11, 56, 44, 42, 89, 35, 87, 80, 26, 71, 13, 58, 41, 86, 37, 82, 917]
q: [0.0, 11.0, -11.0, 11.0, -11.0, 11.0, -11.0, 12.0, -12.0, 8.0, -8.0, 14.0, 1.0, -14.0, 6.0, -1.0, -6.0, 13.0, -13.0, 15.0, -15.0, 13.0, -13.0, 15.0, -15.0, 0.0]
Q: [0.0, 11.0, 0.0, 11.0, 0.0, 11.0, 0.0, 12.0, 0.0, 8.0, 0.0, 14.0, 15.0, 1.0, 7.0, 6.0, 0.0, 13.0, 0.0, 15.0, 0.0, 13.0, 0.0, 15.0, 0.0, 0.0]
B: [0.0, 28.0, 57.5272370025, 81.2570211777, 90.88111261534, 107.86640625424, 126.58042891104, 145.27347919714, 174.79298993154, 227.43120651414, 231.48527336115, 243.16257381975, 265.58288534745003, 303.07106771205, 323.48728112195005, 327.54373092443006, 343.6179398941301, 352.9109452745201, 370.4901732439201, 423.0, 439.88315095, 474.68910223710003, 494.73022259000004, 562.0, 582.7946534714999, 602.8663856587999]
