Avion: 3      Iteracion: 56

Num Ruta: 48
Ingresos: 92400.0
Costos: 278.328567374
Utilidad Ruta: 92121.6714326
Costo Reducido: 19.1231780128
Nodos: [103, 17, 62, 9, 54, 14, 59, 3, 48, 23, 18, 68, 63, 25, 21, 70, 38, 66, 83, 913]
q: [0.0, 5.0, -5.0, 11.0, -11.0, 8.0, -8.0, 15.0, -15.0, 10.0, 5.0, -10.0, -5.0, 8.0, 7.0, -8.0, 8.0, -7.0, -8.0, 0.0]
Q: [0.0, 5.0, 0.0, 11.0, 0.0, 8.0, 0.0, 15.0, 0.0, 10.0, 15.0, 5.0, 0.0, 8.0, 15.0, 7.0, 15.0, 8.0, 0.0, 0.0]
B: [0.0, 24.0, 58.8425537813, 81.72911018459999, 111.25634718709999, 121.5131539026, 133.5348656776, 256.0, 261.08428175852, 267.0, 293.0, 318.4393114097, 328.36484298237, 410.0, 477.0, 485.168713485, 489.49037624371, 523.97275662851, 531.04268519958, 541.0066605608499]
