Avion: 7      Iteracion: 0

Num Ruta: 2
Ingresos: 126000.0
Costos: 496.965515133
Utilidad Ruta: 125503.034485
Costo Reducido: -
Nodos: [107, 9, 54, 16, 61, 30, 75, 14, 59, 11, 56, 44, 42, 89, 35, 87, 80, 26, 71, 39, 84, 8, 53, 32, 77, 917]
q: [0.0, 11.0, -11.0, 11.0, -11.0, 11.0, -11.0, 8.0, -8.0, 8.0, -8.0, 14.0, 1.0, -14.0, 6.0, -1.0, -6.0, 13.0, -13.0, 8.0, -8.0, 8.0, -8.0, 6.0, -6.0, 0.0]
Q: [0.0, 11.0, 0.0, 11.0, 0.0, 11.0, 0.0, 8.0, 0.0, 8.0, 0.0, 14.0, 15.0, 1.0, 7.0, 6.0, 0.0, 13.0, 0.0, 8.0, 0.0, 8.0, 0.0, 6.0, 0.0, 0.0]
B: [0.0, 28.0, 57.5272370025, 81.2570211777, 90.88111261534, 107.86640625424, 126.58042891104, 154.37636956794, 166.39808134294, 195.84651045214, 199.90057729915, 211.57787775775, 239.0, 276.4881823646, 296.9043957745, 300.96084557698003, 317.03505454668004, 326.32805992707006, 343.90728789647005, 388.0, 410.632187455, 434.7301572658, 455.49855388180004, 477.87828857640005, 505.73564439130007, 538.1122593008]
