Avion: 6      Iteracion: 32

Num Ruta: 36
Ingresos: 142800.0
Costos: 500.595918973
Utilidad Ruta: 142299.404081
Costo Reducido: 49.7753005811
Nodos: [106, 9, 54, 12, 57, 10, 55, 1, 46, 3, 48, 23, 18, 63, 68, 22, 67, 32, 43, 88, 77, 21, 20, 66, 65, 2, 47, 916]
q: [0.0, 11.0, -11.0, 14.0, -14.0, 12.0, -12.0, 7.0, -7.0, 15.0, -15.0, 10.0, 5.0, -5.0, -10.0, 10.0, -10.0, 6.0, 5.0, -5.0, -6.0, 5.0, 10.0, -5.0, -10.0, 9.0, -9.0, 0.0]
Q: [0.0, 11.0, 0.0, 14.0, 0.0, 12.0, 0.0, 7.0, 0.0, 15.0, 0.0, 10.0, 15.0, 10.0, 0.0, 10.0, 0.0, 6.0, 11.0, 6.0, 0.0, 5.0, 15.0, 10.0, 0.0, 9.0, 0.0, 0.0]
B: [0.0, 28.0, 57.5272370025, 68.3142737596, 111.6621980236, 120.37996838075, 149.89947911515, 188.31882028595, 222.55890581445001, 256.0, 261.08428175852, 267.0, 293.0, 316.8182362487, 326.74376782137, 342.50019181287, 364.25487795177, 422.0, 451.0, 468.262321107, 482.0612759225, 500.47320751589996, 505.22261389985994, 541.64790562136, 562.24732624426, 569.57762350972, 610.31258555712, 624.16127592842]
