Avion: 5      Iteracion: 0

Num Ruta: 1
Ingresos: 60000.0
Costos: 244.301228966
Utilidad Ruta: 59755.698771
Costo Reducido: -
Nodos: [105, 17, 62, 24, 69, 22, 67, 27, 72, 37, 82, 915]
q: [0, 5.0, -5.0, 14.0, -14.0, 10.0, -10.0, 6.0, -6.0, 15.0, -15.0, 0]
Q: [0, 5.0, 0.0, 14.0, 0.0, 10.0, 0.0, 6.0, 0.0, 15.0, 0.0, 0]
B: [0.0, 24.0, 58.8425537813, 75.400837086, 113.9137873885, 299.0, 320.7546861389, 538.0, 555.0308623681, 562.0, 582.7946534714999, 607.8598314082]
