Avion: 1      Iteracion: 76

Num Ruta: 69
Ingresos: 94800.0
Costos: 241.265626926
Utilidad Ruta: 94558.7343731
Costo Reducido: 1.0405945971
Nodos: [101, 16, 61, 24, 69, 31, 11, 76, 56, 25, 43, 70, 88, 21, 38, 83, 66, 33, 78, 911]
q: [0.0, 11.0, -11.0, 14.0, -14.0, 6.0, 8.0, -6.0, -8.0, 10.0, 5.0, -10.0, -5.0, 13.0, 2.0, -2.0, -13.0, 10.0, -10.0, 0.0]
Q: [0.0, 11.0, 0.0, 14.0, 0.0, 6.0, 14.0, 8.0, 0.0, 10.0, 15.0, 5.0, 0.0, 13.0, 15.0, 13.0, 0.0, 10.0, 0.0, 0.0]
B: [0.0, 36.0, 45.624091437640004, 70.85029051714, 109.36324081964, 130.0, 169.0, 169.478878899097, 173.173257466597, 410.0, 451.0, 464.0372215215, 471.78639754221, 479.06940495673, 485.8923178977, 518.7612045384001, 525.8311331094701, 562.0, 585.3035112376, 590.98027404751]
