Avion: 1      Iteracion: 56

Num Ruta: 57
Ingresos: 72000.0
Costos: 178.714963949
Utilidad Ruta: 71821.2850361
Costo Reducido: 5.51292581853
Nodos: [101, 30, 16, 61, 75, 40, 85, 41, 5, 50, 86, 7, 4, 52, 49, 911]
q: [0.0, 11.0, 4.0, -4.0, -11.0, 15.0, -15.0, 13.0, 2.0, -2.0, -13.0, 10.0, 5.0, -10.0, -5.0, 0.0]
Q: [0.0, 11.0, 15.0, 11.0, 0.0, 15.0, 0.0, 13.0, 15.0, 13.0, 0.0, 10.0, 15.0, 5.0, 0.0, 0.0]
B: [0.0, 64.0, 72.20259129788, 81.82668273552001, 84.69783929691, 115.50769336991, 148.07713515201, 446.0, 469.0, 470.12168890518, 481.43821014628, 517.0, 529.0, 548.2723609867, 549.43273506431, 568.36780147561]
