Avion: 4      Iteracion: 20

Num Ruta: 22
Ingresos: 13200.0
Costos: 44.6270097689
Utilidad Ruta: 13155.3729902
Costo Reducido: 37.9679534948
Nodos: [104, 18, 63, 914]
q: [0, 11.0, -11.0, 0]
Q: [0, 11.0, 0.0, 0]
B: [0.0, 293.0, 316.8182362487, 326.40195520326]
