Avion: 6      Iteracion: 10

Num Ruta: 14
Ingresos: 121200.0
Costos: 531.303614374
Utilidad Ruta: 120668.696386
Costo Reducido: 209578.602484
Nodos: [106, 9, 54, 12, 57, 1, 46, 36, 81, 35, 80, 18, 63, 28, 32, 43, 73, 88, 77, 21, 66, 2, 47, 916]
q: [0.0, 11.0, -11.0, 14.0, -14.0, 7.0, -7.0, 15.0, -15.0, 6.0, -6.0, 11.0, -11.0, 8.0, 6.0, 1.0, -8.0, -1.0, -6.0, 13.0, -13.0, 9.0, -9.0, 0.0]
Q: [0.0, 11.0, 0.0, 14.0, 0.0, 7.0, 0.0, 15.0, 0.0, 6.0, 0.0, 11.0, 0.0, 8.0, 14.0, 15.0, 7.0, 6.0, 0.0, 13.0, 0.0, 9.0, 0.0, 0.0]
B: [0.0, 28.0, 57.5272370025, 68.3142737596, 111.6621980236, 175.0, 209.2400855285, 251.0, 257.94814406874, 308.86250452824004, 328.77538792064, 351.66624131234, 375.48447756103997, 384.61798033927, 422.0, 451.0, 467.5718045185, 480.63640114450004, 494.43535596000004, 512.8472875534001, 553.5860782326, 577.4370919637, 618.1720540111, 632.0207443824]
