Avion: 6      Iteracion: 47

Num Ruta: 50
Ingresos: 171600.0
Costos: 498.876300842
Utilidad Ruta: 171101.123699
Costo Reducido: 17.2885372782
Nodos: [106, 40, 85, 30, 75, 1, 31, 76, 11, 56, 42, 46, 3, 48, 18, 87, 26, 71, 63, 39, 28, 84, 13, 58, 73, 15, 21, 60, 38, 83, 66, 27, 72, 37, 82, 916]
q: [0.0, 15.0, -15.0, 11.0, -11.0, 7.0, 6.0, -6.0, 8.0, -8.0, 5.0, -7.0, 10.0, -10.0, 10.0, -5.0, 5.0, -5.0, -10.0, 7.0, 8.0, -7.0, 7.0, -7.0, -8.0, 8.0, 7.0, -8.0, 8.0, -8.0, -7.0, 6.0, -6.0, 15.0, -15.0, 0.0]
Q: [0.0, 15.0, 0.0, 11.0, 0.0, 7.0, 13.0, 7.0, 15.0, 7.0, 12.0, 5.0, 15.0, 5.0, 15.0, 10.0, 15.0, 10.0, 0.0, 7.0, 15.0, 8.0, 15.0, 8.0, 0.0, 8.0, 15.0, 7.0, 15.0, 7.0, 0.0, 6.0, 0.0, 15.0, 0.0, 0.0]
B: [0.0, 62.0, 94.5694417821, 113.51249206450001, 132.22651472130002, 175.0, 183.89376197118, 197.19937597428, 197.678254873377, 201.732321720387, 239.0, 264.0626014013, 271.1591533105, 276.24343506902, 297.28244421872, 334.02362684802, 340.9191054391, 358.4983334085, 369.9331228687, 388.0, 399.3210123222, 412.3114993416, 423.0, 439.88315095, 462.92158097460003, 511.0, 516.67223351071, 527.47150163401, 531.55876734595, 564.42765398665, 571.49758255772, 584.67503075532, 601.70589312342, 608.54185874651, 629.3365122180101, 650.63586471991]
