Avion: 5      Iteracion: 47

Num Ruta: 45
Ingresos: 22800.0
Costos: 124.961406099
Utilidad Ruta: 22675.0385939
Costo Reducido: 4.93461951274
Nodos: [105, 20, 65, 2, 47, 915]
q: [0, 10.0, -10.0, 9.0, -9.0, 0]
Q: [0, 10.0, 0.0, 9.0, 0.0, 0]
B: [0.0, 496.0, 538.1771424471, 545.50743971256, 586.24240175996, 597.29848537936]
