Avion: 7      Iteracion: 62

Num Ruta: 62
Ingresos: 117600.0
Costos: 363.69801637
Utilidad Ruta: 117236.301984
Costo Reducido: 15.4423017266
Nodos: [107, 12, 57, 1, 31, 76, 11, 56, 42, 46, 23, 87, 26, 68, 71, 8, 45, 90, 19, 64, 53, 6, 51, 33, 78, 27, 72, 917]
q: [0.0, 14.0, -14.0, 7.0, 6.0, -6.0, 8.0, -8.0, 5.0, -7.0, 10.0, -5.0, 5.0, -10.0, -5.0, 8.0, 7.0, -7.0, 7.0, -7.0, -8.0, 5.0, -5.0, 10.0, -10.0, 6.0, -6.0, 0.0]
Q: [0.0, 14.0, 0.0, 7.0, 13.0, 7.0, 15.0, 7.0, 12.0, 5.0, 15.0, 10.0, 15.0, 5.0, 0.0, 8.0, 15.0, 8.0, 15.0, 8.0, 0.0, 5.0, 0.0, 10.0, 0.0, 6.0, 0.0, 0.0]
B: [0.0, 54.0, 97.347924264, 175.0, 183.89376197118, 197.19937597428, 197.678254873377, 201.732321720387, 239.0, 264.0626014013, 268.8931248719, 305.908763729, 312.80424232008, 332.49061509418, 335.55768747676, 414.0, 417.40515271317, 426.59677634559, 438.43863059229, 465.06574688379, 467.99386607534996, 477.1845377047799, 480.8768271029699, 562.0, 585.3035112376, 592.52226459258, 609.55312696068, 615.1305631100199]
