Avion: 7      Iteracion: 22

Num Ruta: 24
Ingresos: 157200.0
Costos: 491.064355759
Utilidad Ruta: 156708.935644
Costo Reducido: 221.001438484
Nodos: [107, 9, 54, 30, 16, 61, 75, 24, 69, 1, 11, 56, 42, 46, 23, 87, 68, 22, 67, 8, 45, 90, 32, 77, 53, 13, 58, 29, 27, 72, 74, 917]
q: [0.0, 11.0, -11.0, 11.0, 4.0, -4.0, -11.0, 14.0, -14.0, 7.0, 8.0, -8.0, 5.0, -7.0, 10.0, -5.0, -10.0, 10.0, -10.0, 4.0, 11.0, -11.0, 6.0, -6.0, -4.0, 15.0, -15.0, 9.0, 6.0, -6.0, -9.0, 0.0]
Q: [0.0, 11.0, 0.0, 11.0, 15.0, 11.0, 0.0, 14.0, 0.0, 7.0, 15.0, 7.0, 12.0, 5.0, 15.0, 10.0, 0.0, 10.0, 0.0, 4.0, 15.0, 4.0, 10.0, 4.0, 0.0, 15.0, 0.0, 9.0, 15.0, 9.0, 0.0, 0.0]
B: [0.0, 28.0, 57.5272370025, 73.3151373379, 81.51772863578, 91.14182007342, 94.01297663481, 118.74694752511, 157.25989782761002, 175.0, 193.6808285951, 197.73489544211, 239.0, 264.0626014013, 268.8931248719, 305.908763729, 332.2691197205, 348.025543712, 369.7802298509, 414.0, 417.40515271317, 426.59677634559, 428.13238729892, 455.98974311382, 472.03884184241997, 474.24951798332995, 491.13266893332997, 549.0, 574.6018082369, 591.6326706049999, 607.0800481818, 626.0506519677]
