Avion: 4      Iteracion: 51

Num Ruta: 46
Ingresos: 39600.0
Costos: 106.316149237
Utilidad Ruta: 39493.6838508
Costo Reducido: 0.315724733344
Nodos: [104, 30, 75, 16, 61, 18, 63, 914]
q: [0, 11.0, -11.0, 11.0, -11.0, 11.0, -11.0, 0]
Q: [0, 11.0, 0.0, 11.0, 0.0, 11.0, 0.0, 0]
B: [0.0, 64.0, 82.7140226568, 93.53069441849999, 103.15478585614, 293.0, 316.8182362487, 326.40195520326]
