Avion: 1      Iteracion: 41

Num Ruta: 42
Ingresos: 105600.0
Costos: 270.302455775
Utilidad Ruta: 105329.697544
Costo Reducido: 22.3109614467
Nodos: [101, 30, 16, 61, 75, 24, 69, 31, 11, 56, 76, 36, 81, 34, 79, 28, 73, 25, 70, 911]
q: [0.0, 11.0, 4.0, -4.0, -11.0, 14.0, -14.0, 6.0, 8.0, -8.0, -6.0, 15.0, -15.0, 12.0, -12.0, 8.0, -8.0, 10.0, -10.0, 0.0]
Q: [0.0, 11.0, 15.0, 11.0, 0.0, 14.0, 0.0, 6.0, 14.0, 6.0, 0.0, 15.0, 0.0, 12.0, 0.0, 8.0, 0.0, 10.0, 0.0, 0.0]
B: [0.0, 64.0, 72.20259129788, 81.82668273552001, 84.69783929691, 109.43181018721, 147.94476048971, 159.22911824721, 172.41184744111, 176.46591428812002, 180.16029285562, 251.0, 257.94814406874, 283.0, 323.947598037, 378.0, 414.0266187839, 417.35999740026, 434.54497971036, 445.38538362346]
