Avion: 7      Iteracion: 44

Num Ruta: 46
Ingresos: 97200.0
Costos: 304.149923862
Utilidad Ruta: 96895.8500761
Costo Reducido: 42.2380649987
Nodos: [107, 9, 54, 44, 42, 89, 87, 35, 26, 80, 71, 13, 58, 25, 70, 20, 7, 52, 65, 917]
q: [0.0, 11.0, -11.0, 10.0, 5.0, -10.0, -5.0, 6.0, 9.0, -6.0, -9.0, 15.0, -15.0, 10.0, -10.0, 10.0, 5.0, -5.0, -10.0, 0.0]
Q: [0.0, 11.0, 0.0, 10.0, 15.0, 5.0, 0.0, 6.0, 15.0, 9.0, 0.0, 15.0, 0.0, 10.0, 0.0, 10.0, 15.0, 10.0, 0.0, 0.0]
B: [0.0, 28.0, 57.5272370025, 211.0, 239.0, 276.4881823646, 294.1162889277, 298.17273873018, 308.79995332288, 318.09295870327, 327.91477447226004, 423.0, 439.88315095, 463.8957169312, 481.0806992413, 496.0, 517.0, 545.5413118129, 558.5049963585999, 571.3856473514999]
