Avion: 5      Iteracion: 89

Num Ruta: 68
Ingresos: 39600.0
Costos: 122.041365418
Utilidad Ruta: 39477.9586346
Costo Reducido: 9.0475262834
Nodos: [105, 10, 55, 35, 80, 6, 51, 33, 78, 915]
q: [0, 12.0, -12.0, 6.0, -6.0, 5.0, -5.0, 10.0, -10.0, 0]
Q: [0, 12.0, 0.0, 6.0, 0.0, 5.0, 0.0, 10.0, 0.0, 0]
B: [0.0, 96.0, 125.5195107344, 279.0, 298.9128833924, 436.0, 439.69228939819, 562.0, 585.3035112376, 601.5361031748]
