Avion: 4      Iteracion: 10

Num Ruta: 12
Ingresos: 140400.0
Costos: 599.955888425
Utilidad Ruta: 139800.044112
Costo Reducido: 202724.556961
Nodos: [104, 9, 16, 61, 54, 12, 57, 1, 46, 36, 81, 35, 80, 26, 71, 28, 32, 73, 25, 43, 70, 77, 88, 7, 27, 52, 2, 72, 47, 914]
q: [0.0, 11.0, 4.0, -4.0, -11.0, 14.0, -14.0, 7.0, -7.0, 15.0, -15.0, 6.0, -6.0, 13.0, -13.0, 8.0, 6.0, -8.0, 4.0, 5.0, -4.0, -6.0, -5.0, 9.0, 6.0, -9.0, 9.0, -6.0, -9.0, 0.0]
Q: [0.0, 11.0, 15.0, 11.0, 0.0, 14.0, 0.0, 7.0, 0.0, 15.0, 0.0, 6.0, 0.0, 13.0, 0.0, 8.0, 14.0, 6.0, 10.0, 15.0, 11.0, 5.0, 0.0, 9.0, 15.0, 6.0, 15.0, 9.0, 0.0, 0.0]
B: [0.0, 34.2318085996, 57.5989241683, 67.22301560594, 99.99389842894001, 110.78093518604001, 154.12885945004, 175.0, 209.2400855285, 251.0, 257.94814406874, 308.86250452824004, 328.77538792064, 338.06839330103, 355.64762127043, 378.0, 422.0, 445.4551085267, 448.78848714305997, 462.84964591465996, 475.88686743615995, 486.87193571085993, 500.6708905263599, 517.9729765277599, 545.6362999000598, 561.4760747721598, 571.6062432307598, 583.0583163181598, 612.3988466644598, 636.0058735844598]
