Avion: 2      Iteracion: 47

Num Ruta: 44
Ingresos: 96000.0
Costos: 334.888392187
Utilidad Ruta: 95665.1116078
Costo Reducido: 8.12346213192
Nodos: [102, 30, 16, 61, 75, 24, 69, 1, 46, 8, 19, 64, 53, 6, 51, 2, 4, 47, 7, 52, 49, 912]
q: [0.0, 11.0, 4.0, -4.0, -11.0, 14.0, -14.0, 7.0, -7.0, 8.0, 7.0, -7.0, -8.0, 5.0, -5.0, 9.0, 5.0, -9.0, 10.0, -10.0, -5.0, 0.0]
Q: [0.0, 11.0, 15.0, 11.0, 0.0, 14.0, 0.0, 7.0, 0.0, 8.0, 15.0, 8.0, 0.0, 5.0, 0.0, 9.0, 14.0, 5.0, 15.0, 5.0, 0.0, 0.0]
B: [0.0, 64.0, 72.20259129788, 81.82668273552001, 84.69783929691, 109.43181018721, 147.94476048971, 175.0, 209.2400855285, 414.0, 437.1608815463, 463.7879978378, 466.71611702935996, 475.90678865879, 479.59907805698, 522.0, 549.3715326023, 562.8222884175, 574.3290145375, 602.8703263504, 604.0307004280099, 615.6849007867099]
