Avion: 3      Iteracion: 16

Num Ruta: 18
Ingresos: 144000.0
Costos: 620.713200369
Utilidad Ruta: 143379.2868
Costo Reducido: 478.616061616
Nodos: [103, 24, 69, 10, 55, 1, 46, 42, 23, 68, 35, 87, 26, 80, 71, 45, 90, 8, 53, 25, 70, 15, 60, 38, 83, 29, 74, 913]
q: [0.0, 14.0, -14.0, 12.0, -12.0, 7.0, -7.0, 5.0, 10.0, -10.0, 6.0, -5.0, 9.0, -6.0, -9.0, 11.0, -11.0, 8.0, -8.0, 10.0, -10.0, 11.0, -11.0, 8.0, -8.0, 9.0, -9.0, 0.0]
Q: [0.0, 14.0, 0.0, 12.0, 0.0, 7.0, 0.0, 5.0, 15.0, 5.0, 11.0, 6.0, 15.0, 9.0, 0.0, 11.0, 0.0, 8.0, 0.0, 10.0, 0.0, 11.0, 0.0, 8.0, 0.0, 9.0, 0.0, 0.0]
B: [0.0, 61.0, 99.5129503025, 111.2988809828, 140.8183917172, 179.237732888, 213.4778184165, 239.0, 267.0, 306.733842905, 336.2538785588, 340.31032836128, 347.20580695236004, 356.49881233275005, 366.32062810174006, 389.84678052834005, 399.03840416076, 414.0, 434.768396616, 468.12895782230004, 485.31394013240003, 511.0, 527.4211666151, 531.5084323270399, 564.3773189677399, 598.77349462724, 632.55327440744, 651.19043902544]
