Avion: 2      Iteracion: 4

Num Ruta: 8
Ingresos: 177600.0
Costos: 562.61996831
Utilidad Ruta: 177037.380032
Costo Reducido: 376723.524205
Nodos: [102, 16, 61, 12, 57, 31, 14, 59, 76, 11, 56, 34, 79, 22, 67, 45, 90, 19, 8, 64, 53, 6, 51, 5, 50, 41, 86, 7, 38, 83, 33, 52, 78, 912]
q: [0.0, 11.0, -11.0, 14.0, -14.0, 6.0, 8.0, -8.0, -6.0, 8.0, -8.0, 12.0, -12.0, 10.0, -10.0, 11.0, -11.0, 7.0, 8.0, -7.0, -8.0, 5.0, -5.0, 12.0, -12.0, 13.0, -13.0, 5.0, 8.0, -8.0, 10.0, -5.0, -10.0, 0.0]
Q: [0.0, 11.0, 0.0, 14.0, 0.0, 6.0, 14.0, 6.0, 0.0, 8.0, 0.0, 12.0, 0.0, 10.0, 0.0, 11.0, 0.0, 7.0, 15.0, 8.0, 0.0, 5.0, 0.0, 12.0, 0.0, 13.0, 0.0, 5.0, 13.0, 5.0, 15.0, 10.0, 0.0, 0.0]
B: [0.0, 36.0, 45.624091437640004, 79.57799432084, 122.92591858484, 143.84325197134, 161.36293438854, 173.38464616354, 202.45020313394, 202.929082033037, 206.983148880047, 283.0, 323.947598037, 353.69889745399996, 375.4535835929, 387.2162578212, 396.40788145361995, 408.24973570031995, 431.41061724661995, 449.36757667741995, 452.2956958689799, 461.4863674984099, 465.1786568965999, 483.56751711139987, 484.6892060165799, 493.51544383344986, 513.5565641863499, 523.9667223503499, 532.7429243762799, 565.6118110169799, 582.2550114603799, 591.71503767599, 612.47365429659, 634.00934063349]
