Avion: 1      Iteracion: 26

Num Ruta: 27
Ingresos: 108000.0
Costos: 340.922211339
Utilidad Ruta: 107659.077789
Costo Reducido: 230.847416094
Nodos: [101, 30, 75, 24, 69, 36, 81, 34, 79, 28, 73, 25, 43, 70, 88, 21, 7, 52, 66, 911]
q: [0.0, 11.0, -11.0, 14.0, -14.0, 15.0, -15.0, 12.0, -12.0, 8.0, -8.0, 10.0, 5.0, -10.0, -5.0, 5.0, 10.0, -10.0, -5.0, 0.0]
Q: [0.0, 11.0, 0.0, 14.0, 0.0, 15.0, 0.0, 12.0, 0.0, 8.0, 0.0, 10.0, 15.0, 5.0, 0.0, 5.0, 15.0, 5.0, 0.0, 0.0]
B: [0.0, 64.0, 82.7140226568, 107.4479935471, 145.9609438496, 251.0, 257.94814406874, 283.0, 323.947598037, 378.0, 414.0266187839, 417.35999740026, 451.0, 464.0372215215, 471.78639754221, 479.06940495673, 517.0, 545.5413118129, 562.7541341555999, 584.952294192]
