Avion: 6      Iteracion: 35

Num Ruta: 39
Ingresos: 166800.0
Costos: 509.639884343
Utilidad Ruta: 166290.360116
Costo Reducido: 26.4112500194
Nodos: [106, 40, 85, 31, 11, 56, 76, 1, 46, 3, 48, 42, 18, 87, 26, 71, 63, 39, 84, 13, 58, 21, 38, 83, 66, 29, 27, 74, 72, 37, 82, 916]
q: [0.0, 15.0, -15.0, 6.0, 8.0, -8.0, -6.0, 7.0, -7.0, 15.0, -15.0, 5.0, 10.0, -5.0, 5.0, -5.0, -10.0, 8.0, -8.0, 15.0, -15.0, 13.0, 2.0, -2.0, -13.0, 9.0, 6.0, -9.0, -6.0, 15.0, -15.0, 0.0]
Q: [0.0, 15.0, 0.0, 6.0, 14.0, 6.0, 0.0, 7.0, 0.0, 15.0, 0.0, 5.0, 15.0, 10.0, 15.0, 10.0, 0.0, 8.0, 0.0, 15.0, 0.0, 13.0, 15.0, 13.0, 0.0, 9.0, 15.0, 6.0, 0.0, 15.0, 0.0, 0.0]
B: [0.0, 62.0, 94.5694417821, 130.0, 169.0, 173.05406684701, 176.74844541451, 195.73813951421, 229.97822504271, 256.0, 261.08428175852, 282.70958344432, 294.52923881152003, 331.27042144082003, 338.16590003190004, 355.74512800130003, 367.17991746150005, 388.0, 410.632187455, 423.0, 439.88315095, 477.0, 483.82291294097, 516.69179958167, 523.76172815274, 562.21502463044, 587.8168328673399, 596.0332608625199, 611.4806384393199, 618.31660406241, 639.11125753391, 660.41061003581]
