Avion: 4      Iteracion: 17

Num Ruta: 19
Ingresos: 153600.0
Costos: 509.346448178
Utilidad Ruta: 153090.653552
Costo Reducido: 315.706040225
Nodos: [104, 9, 24, 54, 12, 57, 69, 1, 46, 3, 48, 36, 81, 34, 79, 39, 84, 8, 53, 41, 86, 29, 27, 74, 33, 72, 78, 914]
q: [0.0, 11.0, 1.0, -11.0, 14.0, -14.0, -1.0, 7.0, -7.0, 15.0, -15.0, 15.0, -15.0, 12.0, -12.0, 8.0, -8.0, 8.0, -8.0, 13.0, -13.0, 9.0, 5.0, -9.0, 10.0, -5.0, -10.0, 0.0]
Q: [0.0, 11.0, 12.0, 1.0, 15.0, 1.0, 0.0, 7.0, 0.0, 15.0, 0.0, 15.0, 0.0, 12.0, 0.0, 8.0, 0.0, 8.0, 0.0, 13.0, 0.0, 9.0, 14.0, 5.0, 15.0, 10.0, 0.0, 0.0]
B: [0.0, 34.2318085996, 61.0, 85.1402498951, 95.9272866522, 139.2752109162, 155.2074484866, 175.0, 209.2400855285, 256.0, 261.08428175852, 296.00374706082, 302.95189112956, 316.67163912286003, 357.61923715986, 388.0, 410.632187455, 434.7301572658, 455.49855388180004, 471.5182839669, 491.5594043198, 549.0, 574.6018082369, 582.8182362320799, 591.66972791428, 605.51689791398, 626.08369020158, 639.29979802498]
