Avion: 5      Iteracion: 3

Num Ruta: 7
Ingresos: 34800.0
Costos: 179.103272949
Utilidad Ruta: 34620.8967271
Costo Reducido: 155737.538576
Nodos: [105, 32, 77, 38, 83, 37, 82, 915]
q: [0, 6.0, -6.0, 8.0, -8.0, 15.0, -15.0, 0]
Q: [0, 6.0, 0.0, 8.0, 0.0, 15.0, 0.0, 0]
B: [0.0, 422.0, 449.8573558149, 480.0, 512.8688866407, 562.0, 582.7946534714999, 607.8598314082]
