Avion: 4      Iteracion: 18

Num Ruta: 20
Ingresos: 99600.0
Costos: 384.928970539
Utilidad Ruta: 99215.0710295
Costo Reducido: 144.192277107
Nodos: [104, 30, 75, 40, 85, 31, 76, 11, 56, 42, 18, 87, 35, 80, 63, 32, 43, 21, 88, 77, 38, 66, 83, 914]
q: [0.0, 11.0, -11.0, 15.0, -15.0, 6.0, -6.0, 8.0, -8.0, 5.0, 10.0, -5.0, 5.0, -5.0, -10.0, 6.0, 2.0, 7.0, -2.0, -6.0, 8.0, -7.0, -8.0, 0.0]
Q: [0.0, 11.0, 0.0, 15.0, 0.0, 6.0, 0.0, 8.0, 0.0, 5.0, 15.0, 10.0, 15.0, 10.0, 0.0, 6.0, 8.0, 15.0, 13.0, 7.0, 15.0, 8.0, 0.0, 0.0]
B: [0.0, 64.0, 82.7140226568, 113.5238767298, 146.0933185119, 169.4318075161, 182.7374215192, 183.216300418297, 187.27036726530702, 239.0, 293.0, 329.7411826293, 333.79763243178, 353.71051582418, 374.42975251378, 422.0, 451.0, 477.0, 484.28300741452, 498.08196223002, 513.11240946222, 547.5947898470199, 554.6647184180899, 575.7129112383899]
