Avion: 5      Iteracion: 8

Num Ruta: 11
Ingresos: 76800.0
Costos: 281.765907247
Utilidad Ruta: 76518.2340928
Costo Reducido: 99813.5483944
Nodos: [105, 17, 62, 36, 81, 8, 53, 15, 60, 20, 65, 37, 82, 915]
q: [0, 5.0, -5.0, 15.0, -15.0, 8.0, -8.0, 11.0, -11.0, 10.0, -10.0, 15.0, -15.0, 0]
Q: [0, 5.0, 0.0, 15.0, 0.0, 8.0, 0.0, 11.0, 0.0, 10.0, 0.0, 15.0, 0.0, 0]
B: [0.0, 24.0, 58.8425537813, 251.0, 257.94814406874, 414.0, 434.768396616, 511.0, 527.4211666151, 533.55501866744, 575.73216111454, 587.30967906964, 608.1043325411399, 633.1695104778399]
