Avion: 6      Iteracion: 37

Num Ruta: 41
Ingresos: 92400.0
Costos: 233.281476851
Utilidad Ruta: 92166.7185231
Costo Reducido: 1.74112580437
Nodos: [106, 40, 85, 31, 76, 36, 81, 18, 63, 22, 67, 8, 53, 5, 50, 916]
q: [0, 15.0, -15.0, 6.0, -6.0, 15.0, -15.0, 11.0, -11.0, 10.0, -10.0, 8.0, -8.0, 12.0, -12.0, 0]
Q: [0, 15.0, 0.0, 6.0, 0.0, 15.0, 0.0, 11.0, 0.0, 10.0, 0.0, 8.0, 0.0, 12.0, 0.0, 0]
B: [0.0, 62.0, 94.5694417821, 130.0, 143.3056140031, 251.0, 257.94814406874, 293.0, 316.8182362487, 332.3010836612, 354.0557698001, 414.0, 434.768396616, 469.0, 470.12168890518, 488.83880473538]
