Avion: 1      Iteracion: 29

Num Ruta: 30
Ingresos: 152400.0
Costos: 454.039118408
Utilidad Ruta: 151945.960882
Costo Reducido: 139.731792841
Nodos: [101, 16, 61, 40, 85, 14, 59, 3, 48, 18, 34, 63, 79, 39, 28, 84, 32, 73, 25, 70, 77, 15, 21, 60, 38, 83, 66, 33, 78, 911]
q: [0.0, 11.0, -11.0, 15.0, -15.0, 8.0, -8.0, 15.0, -15.0, 3.0, 12.0, -3.0, -12.0, 8.0, 7.0, -8.0, 6.0, -7.0, 9.0, -9.0, -6.0, 8.0, 7.0, -8.0, 8.0, -8.0, -7.0, 10.0, -10.0, 0.0]
Q: [0.0, 11.0, 0.0, 15.0, 0.0, 8.0, 0.0, 15.0, 0.0, 3.0, 15.0, 12.0, 0.0, 8.0, 15.0, 7.0, 13.0, 6.0, 15.0, 6.0, 0.0, 8.0, 15.0, 7.0, 15.0, 7.0, 0.0, 10.0, 0.0, 0.0]
B: [0.0, 36.0, 45.624091437640004, 77.27284989674001, 109.84229167884001, 138.42069361104, 150.44240538604, 256.0, 261.08428175852, 293.0, 316.7154937119, 344.9475311871, 360.10016082690004, 388.0, 399.3210123222, 412.3114993416, 437.92334074359997, 461.37844927029994, 464.71182788665993, 481.89681019675993, 492.8818784714599, 516.1773180251599, 521.84955153587, 532.6488196591699, 536.7360853711099, 569.6049720118099, 576.6749005828799, 586.8304455214799, 610.1339567590799, 615.8107195689898]
