Avion: 4      Iteracion: 54

Num Ruta: 48
Ingresos: 43200.0
Costos: 106.40298106
Utilidad Ruta: 43093.5970189
Costo Reducido: 21.1333453896
Nodos: [104, 31, 76, 36, 81, 21, 38, 83, 66, 914]
q: [0.0, 6.0, -6.0, 15.0, -15.0, 7.0, 8.0, -8.0, -7.0, 0.0]
Q: [0.0, 6.0, 0.0, 15.0, 0.0, 7.0, 15.0, 7.0, 0.0, 0.0]
B: [0.0, 130.0, 143.3056140031, 251.0, 257.94814406874, 477.0, 483.82291294097, 516.69179958167, 523.76172815274, 550.8409768313401]
