Avion: 1      Iteracion: 66

Num Ruta: 63
Ingresos: 16800.0
Costos: 67.3829947339
Utilidad Ruta: 16732.6170053
Costo Reducido: 0.684417938446
Nodos: [101, 24, 69, 911]
q: [0, 14.0, -14.0, 0]
Q: [0, 14.0, 0.0, 0]
B: [0.0, 61.0, 99.5129503025, 106.13627227867]
