Avion: 6      Iteracion: 2

Num Ruta: 6
Ingresos: 166800.0
Costos: 576.731149401
Utilidad Ruta: 166223.268851
Costo Reducido: 205028.984017
Nodos: [106, 24, 69, 10, 55, 1, 31, 76, 46, 36, 81, 18, 63, 26, 71, 45, 90, 19, 25, 70, 64, 13, 58, 43, 20, 88, 38, 4, 83, 49, 65, 916]
q: [0.0, 14.0, -14.0, 12.0, -12.0, 7.0, 6.0, -6.0, -7.0, 15.0, -15.0, 11.0, -11.0, 13.0, -13.0, 11.0, -11.0, 5.0, 10.0, -10.0, -5.0, 15.0, -15.0, 5.0, 2.0, -5.0, 8.0, 5.0, -8.0, -5.0, -2.0, 0.0]
Q: [0.0, 14.0, 0.0, 12.0, 0.0, 7.0, 13.0, 7.0, 0.0, 15.0, 0.0, 11.0, 0.0, 13.0, 0.0, 11.0, 0.0, 5.0, 15.0, 5.0, 0.0, 15.0, 0.0, 5.0, 7.0, 2.0, 10.0, 15.0, 7.0, 2.0, 0.0, 0.0]
B: [0.0, 61.0, 99.5129503025, 111.2988809828, 140.8183917172, 179.237732888, 188.13149485918, 201.43710886228, 234.99819658308002, 268.94610021498, 275.89424428372, 296.77710455242004, 320.59534080112, 349.59685762352, 367.17608559292, 390.70223801952, 399.89386165194, 411.73571589863997, 421.12772313883994, 438.31270544893994, 455.09956188483994, 459.32718119125997, 476.21033214126, 498.42265171846, 507.11565453682, 516.05588361666, 526.19104745356, 534.5249478609301, 563.6446471897301, 585.3471822720301, 597.2084055226301, 634.9696409367301]
