Avion: 7      Iteracion: 94

Num Ruta: 80
Ingresos: 80400.0
Costos: 212.804472411
Utilidad Ruta: 80187.1955276
Costo Reducido: 2.25666970125
Nodos: [107, 14, 59, 8, 45, 90, 32, 19, 43, 64, 53, 13, 77, 58, 88, 15, 60, 20, 7, 52, 65, 917]
q: [0.0, 8.0, -8.0, 0.0, 11.0, -11.0, 6.0, 7.0, 2.0, -7.0, 0.0, 7.0, -6.0, -7.0, -2.0, 11.0, -11.0, 10.0, 5.0, -5.0, -10.0, 0.0]
Q: [0.0, 8.0, 0.0, 0.0, 11.0, 0.0, 6.0, 13.0, 15.0, 8.0, 8.0, 15.0, 9.0, 2.0, 0.0, 11.0, 0.0, 10.0, 15.0, 10.0, 0.0, 0.0]
B: [0.0, 112.0, 124.021711775, 414.0, 417.40515271317, 426.59677634559, 428.13238729892, 439.84730193791995, 451.0, 471.20454651800003, 474.13266570956, 476.34334185047, 490.18552162827, 494.25647200871003, 504.31205936101003, 514.56506760251, 530.98623421761, 537.12008626995, 545.8630406905099, 574.4043525034099, 587.3680370491098, 600.2486880420098]
