Avion: 7      Iteracion: 37

Num Ruta: 39
Ingresos: 102000.0
Costos: 324.177131966
Utilidad Ruta: 101675.822868
Costo Reducido: 77.5540592124
Nodos: [107, 24, 16, 61, 69, 1, 46, 23, 18, 63, 68, 28, 73, 25, 70, 20, 4, 49, 65, 37, 82, 917]
q: [0.0, 14.0, 1.0, -1.0, -14.0, 7.0, -7.0, 10.0, 5.0, -5.0, -10.0, 8.0, -8.0, 10.0, -10.0, 10.0, 5.0, -5.0, -10.0, 15.0, -15.0, 0.0]
Q: [0.0, 14.0, 15.0, 14.0, 0.0, 7.0, 0.0, 10.0, 15.0, 10.0, 0.0, 8.0, 0.0, 10.0, 0.0, 10.0, 15.0, 10.0, 0.0, 15.0, 0.0, 0.0]
B: [0.0, 61.0, 78.5726369108, 88.19672834844, 114.98601226944001, 175.0, 209.2400855285, 267.0, 293.0, 316.8182362487, 326.74376782137, 378.0, 414.0266187839, 417.35999740026, 434.54497971036, 496.0, 529.0, 549.4257496801999, 561.2869729308, 572.8644908859, 593.6591443574, 613.7308765447]
