Avion: 1      Iteracion: 12

Num Ruta: 13
Ingresos: 94800.0
Costos: 289.4731867
Utilidad Ruta: 94510.5268133
Costo Reducido: 87167.9997583
Nodos: [101, 16, 61, 10, 55, 1, 11, 56, 46, 45, 90, 13, 58, 7, 4, 52, 49, 911]
q: [0, 11.0, -11.0, 12.0, -12.0, 7.0, 8.0, -8.0, -7.0, 11.0, -11.0, 15.0, -15.0, 10.0, 5.0, -10.0, -5.0, 0]
Q: [0, 11.0, 0.0, 12.0, 0.0, 7.0, 15.0, 7.0, 0.0, 11.0, 0.0, 15.0, 0.0, 10.0, 15.0, 5.0, 0.0, 0]
B: [0.0, 36.0, 45.624091437640004, 96.0, 125.5195107344, 175.0, 193.6808285951, 197.73489544211, 232.05062478011, 371.0, 380.19162363242, 423.0, 439.88315095, 517.0, 529.0, 548.2723609867, 549.43273506431, 568.36780147561]
