Avion: 1      Iteracion: 36

Num Ruta: 37
Ingresos: 39600.0
Costos: 117.075129986
Utilidad Ruta: 39482.92487
Costo Reducido: 25.629417022
Nodos: [101, 16, 61, 9, 54, 18, 63, 911]
q: [0, 11.0, -11.0, 11.0, -11.0, 11.0, -11.0, 0]
Q: [0, 11.0, 0.0, 11.0, 0.0, 11.0, 0.0, 0]
B: [0.0, 36.0, 45.624091437640004, 75.68094759394, 105.20818459644, 293.0, 316.8182362487, 326.29970390935]
