Avion: 5      Iteracion: 31

Num Ruta: 33
Ingresos: 91200.0
Costos: 351.608116936
Utilidad Ruta: 90848.3918831
Costo Reducido: 57.6983410682
Nodos: [105, 17, 62, 24, 69, 10, 55, 41, 86, 21, 66, 33, 78, 29, 74, 915]
q: [0, 5.0, -5.0, 14.0, -14.0, 12.0, -12.0, 13.0, -13.0, 13.0, -13.0, 10.0, -10.0, 9.0, -9.0, 0]
Q: [0, 5.0, 0.0, 14.0, 0.0, 12.0, 0.0, 13.0, 0.0, 13.0, 0.0, 10.0, 0.0, 9.0, 0.0, 0]
B: [0.0, 24.0, 58.8425537813, 75.400837086, 113.9137873885, 125.6997180688, 155.2192288032, 446.0, 466.0411203529, 483.9041773141, 524.6429679933, 562.0, 585.3035112376, 603.6868304428, 637.466610223, 663.2485961822]
