Avion: 5      Iteracion: 49

Num Ruta: 47
Ingresos: 46800.0
Costos: 178.07789917
Utilidad Ruta: 46621.9221008
Costo Reducido: 4.21286994602
Nodos: [105, 17, 62, 31, 76, 11, 56, 34, 79, 39, 84, 915]
q: [0, 5.0, -5.0, 6.0, -6.0, 8.0, -8.0, 12.0, -12.0, 8.0, -8.0, 0]
Q: [0, 5.0, 0.0, 6.0, 0.0, 8.0, 0.0, 12.0, 0.0, 8.0, 0.0, 0]
B: [0.0, 24.0, 58.8425537813, 130.0, 143.3056140031, 169.0, 173.05406684701, 283.0, 323.947598037, 388.0, 410.632187455, 428.4964042584]
