Avion: 2      Iteracion: 2

Num Ruta: 6
Ingresos: 158400.0
Costos: 558.233739343
Utilidad Ruta: 157841.766261
Costo Reducido: 219247.985825
Nodos: [102, 9, 54, 24, 69, 10, 55, 36, 18, 81, 63, 26, 71, 45, 90, 25, 70, 13, 58, 5, 50, 38, 4, 83, 27, 72, 49, 912]
q: [0.0, 11.0, -11.0, 14.0, -14.0, 12.0, -12.0, 15.0, 0.0, -15.0, 0.0, 13.0, -13.0, 11.0, -11.0, 10.0, -10.0, 15.0, -15.0, 12.0, -12.0, 8.0, 5.0, -8.0, 6.0, -6.0, -5.0, 0.0]
Q: [0.0, 11.0, 0.0, 14.0, 0.0, 12.0, 0.0, 15.0, 15.0, 0.0, 0.0, 13.0, 0.0, 11.0, 0.0, 10.0, 0.0, 15.0, 0.0, 12.0, 0.0, 8.0, 13.0, 5.0, 11.0, 5.0, 0.0, 0.0]
B: [0.0, 41.2034331094, 70.7306701119, 94.870920007, 133.3838703095, 145.1698009898, 174.6893117242, 251.0, 293.0, 313.88286026870003, 328.61352301690005, 357.61503983930004, 375.19426780870003, 398.7204202353, 407.91204386772, 428.93825874342, 446.12324105352, 462.12430151842, 479.00745246842, 506.27173556922, 507.39342447440004, 528.9751171791, 537.3090175864701, 566.4287169152701, 577.9644442438702, 594.9953066119701, 600.4105651468901, 612.0647655055901]
