Avion: 2      Iteracion: 53

Num Ruta: 48
Ingresos: 60000.0
Costos: 202.66819548
Utilidad Ruta: 59797.3318045
Costo Reducido: 16.0705868384
Nodos: [102, 34, 79, 28, 73, 25, 43, 70, 88, 29, 74, 27, 72, 912]
q: [0, 12.0, -12.0, 8.0, -8.0, 10.0, 5.0, -10.0, -5.0, 9.0, -9.0, 6.0, -6.0, 0]
Q: [0, 12.0, 0.0, 8.0, 0.0, 10.0, 15.0, 5.0, 0.0, 9.0, 0.0, 6.0, 0.0, 0]
B: [0.0, 283.0, 323.947598037, 378.0, 414.0266187839, 417.35999740026, 451.0, 464.0372215215, 471.78639754221, 549.0, 582.7797797802, 590.99620777538, 608.0270701434799, 614.27105356755]
