Avion: 5      Iteracion: 36

Num Ruta: 37
Ingresos: 31200.0
Costos: 86.7399883552
Utilidad Ruta: 31113.2600116
Costo Reducido: 8.86565816733
Nodos: [105, 30, 75, 37, 82, 915]
q: [0, 11.0, -11.0, 15.0, -15.0, 0]
Q: [0, 11.0, 0.0, 15.0, 0.0, 0]
B: [0.0, 64.0, 82.7140226568, 562.0, 582.7946534714999, 607.8598314082]
