Avion: 1      Iteracion: 73

Num Ruta: 67
Ingresos: 92400.0
Costos: 235.242689453
Utilidad Ruta: 92164.7573105
Costo Reducido: 0.371926850072
Nodos: [101, 16, 61, 24, 69, 31, 11, 76, 56, 25, 43, 70, 88, 21, 66, 33, 78, 911]
q: [0, 11.0, -11.0, 14.0, -14.0, 6.0, 8.0, -6.0, -8.0, 10.0, 5.0, -10.0, -5.0, 13.0, -13.0, 10.0, -10.0, 0]
Q: [0, 11.0, 0.0, 14.0, 0.0, 6.0, 14.0, 8.0, 0.0, 10.0, 15.0, 5.0, 0.0, 13.0, 0.0, 10.0, 0.0, 0]
B: [0.0, 36.0, 45.624091437640004, 70.85029051714, 109.36324081964, 130.0, 169.0, 169.478878899097, 173.173257466597, 410.0, 451.0, 464.0372215215, 471.78639754221, 479.06940495673, 519.80819563593, 562.0, 585.3035112376, 590.98027404751]
