Avion: 7      Iteracion: 23

Num Ruta: 25
Ingresos: 128400.0
Costos: 399.473081316
Utilidad Ruta: 128000.526919
Costo Reducido: 309.34567905
Nodos: [107, 12, 57, 1, 11, 56, 42, 46, 23, 87, 35, 68, 80, 41, 86, 43, 15, 88, 60, 20, 4, 49, 65, 37, 82, 917]
q: [0.0, 14.0, -14.0, 7.0, 8.0, -8.0, 5.0, -7.0, 9.0, -5.0, 6.0, -9.0, -6.0, 13.0, -13.0, 5.0, 10.0, -5.0, -10.0, 10.0, 5.0, -5.0, -10.0, 15.0, -15.0, 0.0]
Q: [0.0, 14.0, 0.0, 7.0, 15.0, 7.0, 12.0, 5.0, 14.0, 9.0, 15.0, 6.0, 0.0, 13.0, 0.0, 5.0, 15.0, 10.0, 0.0, 10.0, 15.0, 10.0, 0.0, 15.0, 0.0, 0.0]
B: [0.0, 54.0, 97.347924264, 175.0, 193.6808285951, 197.73489544211, 239.0, 264.0626014013, 268.8931248719, 305.908763729, 309.96521353148, 339.48524918528, 352.10379466408, 446.0, 466.0411203529, 476.4072656828, 511.0, 521.2530082415, 533.7945681525, 539.92842020484, 550.20757123984, 570.63332092004, 582.49454417064, 594.07206212574, 614.86671559724, 634.93844778454]
