Avion: 7      Iteracion: 36

Num Ruta: 38
Ingresos: 82800.0
Costos: 172.561129369
Utilidad Ruta: 82627.4388706
Costo Reducido: 40.8809561818
Nodos: [107, 9, 54, 14, 59, 3, 48, 8, 53, 5, 50, 37, 82, 917]
q: [0, 11.0, -11.0, 8.0, -8.0, 15.0, -15.0, 8.0, -8.0, 12.0, -12.0, 15.0, -15.0, 0]
Q: [0, 11.0, 0.0, 8.0, 0.0, 15.0, 0.0, 8.0, 0.0, 12.0, 0.0, 15.0, 0.0, 0]
B: [0.0, 28.0, 57.5272370025, 112.0, 124.021711775, 256.0, 261.08428175852, 414.0, 434.768396616, 469.0, 470.12168890518, 562.0, 582.7946534714999, 602.8663856587999]
