Avion: 3      Iteracion: 17

Num Ruta: 19
Ingresos: 162000.0
Costos: 571.681537106
Utilidad Ruta: 161428.318463
Costo Reducido: 323.210401021
Nodos: [103, 17, 30, 62, 75, 24, 69, 31, 76, 44, 89, 36, 81, 34, 79, 39, 19, 64, 84, 41, 86, 20, 38, 83, 27, 72, 65, 33, 78, 913]
q: [0.0, 5.0, 10.0, -5.0, -10.0, 14.0, -14.0, 6.0, -6.0, 14.0, -14.0, 15.0, -15.0, 12.0, -12.0, 8.0, 7.0, -7.0, -8.0, 13.0, -13.0, 7.0, 8.0, -8.0, 6.0, -6.0, -7.0, 10.0, -10.0, 0.0]
Q: [0.0, 5.0, 15.0, 10.0, 0.0, 14.0, 0.0, 6.0, 0.0, 14.0, 0.0, 15.0, 0.0, 12.0, 0.0, 8.0, 15.0, 8.0, 0.0, 13.0, 0.0, 7.0, 15.0, 7.0, 13.0, 7.0, 0.0, 10.0, 0.0, 0.0]
B: [0.0, 24.0, 64.0, 67.14445448369, 83.24240000479, 107.97637089509, 146.48932119759002, 157.77367895509002, 171.07929295819002, 211.0, 265.00737440390003, 304.21876092620005, 311.16690499494007, 324.8866529882401, 365.83425102524006, 388.0, 423.3907399471, 450.01785623859996, 456.33305829395994, 474.05036974345995, 494.09149009635996, 507.61893054165995, 509.69999997826994, 542.5688866189699, 554.10461394757, 571.13547631567, 587.2932421265699, 598.1150414686699, 621.4185527062699, 640.2572915175699]
