Avion: 3      Iteracion: 82

Num Ruta: 59
Ingresos: 105600.0
Costos: 293.117772876
Utilidad Ruta: 105306.882227
Costo Reducido: 8.53045147416
Nodos: [103, 17, 30, 62, 16, 61, 75, 40, 85, 26, 71, 6, 51, 13, 58, 38, 43, 88, 21, 66, 83, 913]
q: [0.0, 5.0, 10.0, -5.0, 5.0, -5.0, -10.0, 15.0, -15.0, 13.0, -13.0, 5.0, -5.0, 15.0, -15.0, 2.0, 5.0, -5.0, 13.0, -13.0, -2.0, 0.0]
Q: [0.0, 5.0, 15.0, 10.0, 15.0, 10.0, 0.0, 15.0, 0.0, 13.0, 0.0, 5.0, 0.0, 15.0, 0.0, 2.0, 7.0, 2.0, 15.0, 2.0, 0.0, 0.0]
B: [0.0, 24.0, 64.0, 67.14445448369, 72.47609381883, 82.10018525647, 84.97134181786, 115.78119589085999, 148.35063767295998, 300.0, 317.5792279694, 436.0, 439.69228939819, 453.10235550539, 469.98550645539, 483.48056573649, 492.19788114893, 509.46020225592997, 516.7432096704499, 557.4820003496499, 564.5519289207199, 574.5159042819898]
