Avion: 7      Iteracion: 34

Num Ruta: 36
Ingresos: 60000.0
Costos: 243.682588921
Utilidad Ruta: 59756.3174111
Costo Reducido: 34.9462328574
Nodos: [107, 24, 69, 31, 1, 76, 44, 42, 46, 23, 89, 87, 26, 68, 71, 917]
q: [0.0, 14.0, -14.0, 6.0, 7.0, -6.0, 3.0, 5.0, -7.0, 7.0, -3.0, -5.0, 8.0, -7.0, -8.0, 0.0]
Q: [0.0, 14.0, 0.0, 6.0, 13.0, 7.0, 10.0, 15.0, 8.0, 15.0, 12.0, 7.0, 15.0, 8.0, 0.0, 0.0]
B: [0.0, 61.0, 99.5129503025, 130.0, 175.0, 193.9896940997, 211.0, 239.0, 264.0626014013, 268.8931248719, 289.7237159581, 307.3518225212, 314.24730111228, 333.93367388638, 337.00074626896003, 358.50908781356003]
