Avion: 4      Iteracion: 26

Num Ruta: 28
Ingresos: 108000.0
Costos: 343.484880614
Utilidad Ruta: 107656.515119
Costo Reducido: 192.403858879
Nodos: [104, 30, 75, 24, 69, 36, 81, 34, 79, 28, 73, 25, 43, 70, 88, 21, 7, 52, 66, 914]
q: [0.0, 11.0, -11.0, 14.0, -14.0, 15.0, -15.0, 12.0, -12.0, 8.0, -8.0, 10.0, 5.0, -10.0, -5.0, 5.0, 10.0, -10.0, -5.0, 0.0]
Q: [0.0, 11.0, 0.0, 14.0, 0.0, 15.0, 0.0, 12.0, 0.0, 8.0, 0.0, 10.0, 15.0, 5.0, 0.0, 5.0, 15.0, 5.0, 0.0, 0.0]
B: [0.0, 64.0, 82.7140226568, 107.4479935471, 145.9609438496, 251.0, 257.94814406874, 283.0, 323.947598037, 378.0, 414.0266187839, 417.35999740026, 451.0, 464.0372215215, 471.78639754221, 479.06940495673, 517.0, 545.5413118129, 562.7541341555999, 589.8333828341999]
