Avion: 1      Iteracion: 4

Num Ruta: 7
Ingresos: 144000.0
Costos: 434.035631473
Utilidad Ruta: 143565.964369
Costo Reducido: 317477.066696
Nodos: [101, 16, 61, 12, 57, 31, 14, 59, 76, 11, 56, 34, 79, 26, 71, 28, 73, 19, 8, 64, 53, 5, 50, 41, 86, 911]
q: [0, 11.0, -11.0, 14.0, -14.0, 6.0, 8.0, -8.0, -6.0, 8.0, -8.0, 12.0, -12.0, 13.0, -13.0, 8.0, -8.0, 7.0, 8.0, -7.0, -8.0, 12.0, -12.0, 13.0, -13.0, 0]
Q: [0, 11.0, 0.0, 14.0, 0.0, 6.0, 14.0, 6.0, 0.0, 8.0, 0.0, 12.0, 0.0, 13.0, 0.0, 8.0, 0.0, 7.0, 15.0, 8.0, 0.0, 12.0, 0.0, 13.0, 0.0, 0]
B: [0.0, 36.0, 45.624091437640004, 79.57799432084, 122.92591858484, 143.84325197134, 161.36293438854, 173.38464616354, 202.45020313394, 202.929082033037, 206.983148880047, 283.0, 323.947598037, 358.0226741044, 375.6019020738, 386.0098191084, 422.0364378923, 434.572231166, 457.7331127123, 475.6900721431, 478.61819133465997, 488.37100221152997, 489.49269111671, 498.31892893357997, 518.3600492864799, 531.06440385488]
