Avion: 5      Iteracion: 41

Num Ruta: 41
Ingresos: 61200.0
Costos: 272.90374916
Utilidad Ruta: 60927.0962508
Costo Reducido: 36.3847559148
Nodos: [105, 17, 62, 9, 54, 44, 89, 35, 80, 6, 51, 33, 78, 915]
q: [0, 5.0, -5.0, 11.0, -11.0, 14.0, -14.0, 6.0, -6.0, 5.0, -5.0, 10.0, -10.0, 0]
Q: [0, 5.0, 0.0, 11.0, 0.0, 14.0, 0.0, 6.0, 0.0, 5.0, 0.0, 10.0, 0.0, 0]
B: [0.0, 24.0, 58.8425537813, 81.72911018459999, 111.25634718709999, 211.0, 265.00737440390003, 285.42358781380005, 305.33647120620003, 436.0, 439.69228939819, 562.0, 585.3035112376, 601.5361031748]
