Avion: 7      Iteracion: 12

Num Ruta: 14
Ingresos: 128400.0
Costos: 550.699939337
Utilidad Ruta: 127849.300061
Costo Reducido: 126344.213225
Nodos: [107, 16, 61, 17, 62, 30, 75, 10, 55, 1, 46, 23, 34, 68, 79, 28, 73, 39, 84, 13, 58, 7, 29, 27, 74, 52, 72, 917]
q: [0.0, 11.0, -11.0, 5.0, -5.0, 11.0, -11.0, 12.0, -12.0, 7.0, -7.0, 3.0, 12.0, -3.0, -12.0, 8.0, -8.0, 8.0, -8.0, 15.0, -15.0, 6.0, 9.0, 0.0, -9.0, -6.0, 0.0, 0.0]
Q: [0.0, 11.0, 0.0, 5.0, 0.0, 11.0, 0.0, 12.0, 0.0, 7.0, 0.0, 3.0, 15.0, 12.0, 0.0, 8.0, 0.0, 8.0, 0.0, 15.0, 0.0, 6.0, 15.0, 15.0, 6.0, 0.0, 0.0, 0.0]
B: [0.0, 36.0, 45.624091437640004, 78.34191948294, 113.18447326424, 116.32892774793, 135.04295040473, 153.73600069083, 183.25551142523, 221.67485259603, 255.91493812453, 267.0, 308.6968644505, 345.192375421, 361.7120311075, 378.0, 414.0266187839, 445.4560261757, 468.0882136307, 471.32014741715, 488.20329836715, 517.0, 549.0, 574.6018082369, 582.8182362320799, 595.11504008508, 599.5149606525399, 605.0923968018799]
