Avion: 4      Iteracion: 38

Num Ruta: 39
Ingresos: 45600.0
Costos: 111.540468309
Utilidad Ruta: 45488.4595317
Costo Reducido: 30.7715887858
Nodos: [104, 36, 81, 21, 66, 33, 78, 914]
q: [0, 15.0, -15.0, 13.0, -13.0, 10.0, -10.0, 0]
Q: [0, 15.0, 0.0, 13.0, 0.0, 10.0, 0.0, 0]
B: [0.0, 251.0, 257.94814406874, 477.0, 517.7387906792, 562.0, 585.3035112376, 598.519619061]
