Avion: 2      Iteracion: 55

Num Ruta: 49
Ingresos: 78000.0
Costos: 253.98688655
Utilidad Ruta: 77746.0131135
Costo Reducido: 20.3177040957
Nodos: [102, 12, 57, 22, 67, 18, 63, 20, 4, 49, 65, 37, 82, 912]
q: [0, 14.0, -14.0, 10.0, -10.0, 11.0, -11.0, 10.0, 5.0, -5.0, -10.0, 15.0, -15.0, 0]
Q: [0, 14.0, 0.0, 10.0, 0.0, 11.0, 0.0, 10.0, 15.0, 10.0, 0.0, 15.0, 0.0, 0]
B: [0.0, 54.0, 97.347924264, 299.0, 320.7546861389, 334.15512273630003, 357.973358985, 496.0, 529.0, 549.4257496801999, 561.2869729308, 572.8644908859, 593.6591443574, 610.4800061665001]
