Avion: 4      Iteracion: 21

Num Ruta: 23
Ingresos: 22800.0
Costos: 121.035540456
Utilidad Ruta: 22678.9644595
Costo Reducido: 43.6697872817
Nodos: [104, 22, 67, 2, 47, 914]
q: [0, 10.0, -10.0, 9.0, -9.0, 0]
Q: [0, 10.0, 0.0, 9.0, 0.0, 0]
B: [0.0, 299.0, 320.7546861389, 522.0, 562.7349620474, 586.3419889674]
