Avion: 3      Iteracion: 31

Num Ruta: 32
Ingresos: 152400.0
Costos: 458.429038673
Utilidad Ruta: 151941.570961
Costo Reducido: 94.7327379893
Nodos: [103, 17, 30, 62, 16, 61, 75, 24, 69, 31, 76, 36, 81, 34, 79, 39, 84, 6, 51, 41, 86, 21, 38, 83, 66, 33, 78, 29, 74, 913]
q: [0.0, 5.0, 10.0, -5.0, 5.0, -5.0, -10.0, 14.0, -14.0, 6.0, -6.0, 15.0, -15.0, 12.0, -12.0, 8.0, -8.0, 5.0, -5.0, 13.0, -13.0, 7.0, 8.0, -8.0, -7.0, 10.0, -10.0, 9.0, -9.0, 0.0]
Q: [0.0, 5.0, 15.0, 10.0, 15.0, 10.0, 0.0, 14.0, 0.0, 6.0, 0.0, 15.0, 0.0, 12.0, 0.0, 8.0, 0.0, 5.0, 0.0, 13.0, 0.0, 7.0, 15.0, 7.0, 0.0, 10.0, 0.0, 9.0, 0.0, 0.0]
B: [0.0, 24.0, 64.0, 67.14445448369, 72.47609381883, 82.10018525647, 84.97134181786, 109.70531270816, 148.21826301066, 159.50262076816, 172.80823477126, 251.0, 257.94814406874, 283.0, 323.947598037, 388.0, 410.632187455, 436.0, 439.69228939819, 458.80900930509, 478.85012965799, 496.71318661919, 503.53609956016004, 536.4049862008601, 543.4749147719301, 562.0, 585.3035112376, 603.6868304428, 637.466610223, 656.103774841]
