Avion: 5      Iteracion: 51

Num Ruta: 48
Ingresos: 28800.0
Costos: 59.9739048376
Utilidad Ruta: 28740.0260952
Costo Reducido: 11.8213119013
Nodos: [105, 16, 61, 41, 86, 915]
q: [0, 11.0, -11.0, 13.0, -13.0, 0]
Q: [0, 11.0, 0.0, 13.0, 0.0, 0]
B: [0.0, 36.0, 45.624091437640004, 446.0, 466.0411203529, 471.890117019]
