Avion: 3      Iteracion: 93

Num Ruta: 63
Ingresos: 146400.0
Costos: 448.213555194
Utilidad Ruta: 145951.786445
Costo Reducido: 37.9973650342
Nodos: [103, 17, 30, 62, 16, 61, 75, 24, 69, 31, 11, 76, 56, 44, 42, 89, 35, 87, 26, 80, 71, 18, 63, 28, 73, 25, 70, 21, 38, 66, 83, 913]
q: [0.0, 5.0, 10.0, -5.0, 5.0, -5.0, -10.0, 14.0, -14.0, 6.0, 8.0, -6.0, -8.0, 10.0, 5.0, -10.0, 6.0, -5.0, 9.0, -6.0, -9.0, 11.0, -11.0, 8.0, -8.0, 10.0, -10.0, 13.0, 2.0, -13.0, -2.0, 0.0]
Q: [0.0, 5.0, 15.0, 10.0, 15.0, 10.0, 0.0, 14.0, 0.0, 6.0, 14.0, 8.0, 0.0, 10.0, 15.0, 5.0, 11.0, 6.0, 15.0, 9.0, 0.0, 11.0, 0.0, 8.0, 0.0, 10.0, 0.0, 13.0, 15.0, 2.0, 0.0, 0.0]
B: [0.0, 24.0, 64.0, 67.14445448369, 72.47609381883, 82.10018525647, 84.97134181786, 109.70531270816, 148.21826301066, 159.50262076816, 172.68534996206, 173.164228861157, 176.858607428657, 211.0, 239.0, 276.4881823646, 296.9043957745, 300.96084557698003, 307.85632416806004, 317.14932954845005, 326.97114531744006, 350.24981606984005, 374.06805231854, 383.20155509677005, 419.22817388067006, 422.56155249703005, 439.74653480713005, 477.0, 483.82291294097, 518.30529332577, 525.37522189684, 535.33919725811]
