Avion: 3      Iteracion: 0

Num Ruta: 3
Ingresos: 213600.0
Costos: 647.863899463
Utilidad Ruta: 212952.136101
Costo Reducido: -
Nodos: [103, 16, 61, 40, 85, 10, 55, 11, 56, 36, 81, 3, 48, 26, 71, 45, 90, 19, 64, 13, 58, 6, 51, 41, 86, 5, 50, 15, 60, 37, 82, 913]
q: [0, 11.0, -11.0, 15.0, -15.0, 12.0, -12.0, 8.0, -8.0, 15.0, -15.0, 15.0, -15.0, 13.0, -13.0, 11.0, -11.0, 7.0, -7.0, 15.0, -15.0, 5.0, -5.0, 13.0, -13.0, 12.0, -12.0, 11.0, -11.0, 15.0, -15.0, 0]
Q: [0, 11.0, 0.0, 15.0, 0.0, 12.0, 0.0, 8.0, 0.0, 15.0, 0.0, 15.0, 0.0, 13.0, 0.0, 11.0, 0.0, 7.0, 0.0, 15.0, 0.0, 5.0, 0.0, 13.0, 0.0, 12.0, 0.0, 11.0, 0.0, 15.0, 0.0, 0]
B: [0.0, 36.0, 45.624091437640004, 77.27284989674001, 109.84229167884001, 127.02298575674001, 156.54249649114, 209.18071307374, 213.23477992075001, 251.0, 257.94814406874, 294.92818141324, 300.01246317176, 337.68753453206, 355.26676250146, 378.79291492806, 387.98453856047996, 402.0, 428.6271162915, 432.85473559792, 449.73788654792, 473.96083517112004, 477.65312456931, 496.76984447621004, 516.81096482911, 528.83685294601, 529.95854185119, 563.36073632999, 579.78190294509, 607.15859759579, 627.95325106729, 681.3785092322901]
