Avion: 4      Iteracion: 56

Num Ruta: 50
Ingresos: 34800.0
Costos: 83.8017209316
Utilidad Ruta: 34716.1982791
Costo Reducido: 5.78832912216
Nodos: [104, 31, 11, 76, 56, 25, 32, 70, 77, 914]
q: [0.0, 6.0, 8.0, -6.0, -8.0, 9.0, 6.0, -9.0, -6.0, 0.0]
Q: [0.0, 6.0, 14.0, 8.0, 0.0, 9.0, 15.0, 6.0, 0.0, 0.0]
B: [0.0, 130.0, 169.0, 169.478878899097, 173.173257466597, 410.0, 430.6664482919, 449.2113777337, 460.19644600839996, 469.31359863407994]
