Avion: 5      Iteracion: 33

Num Ruta: 34
Ingresos: 54000.0
Costos: 177.236380322
Utilidad Ruta: 53822.7636197
Costo Reducido: 33.2149189183
Nodos: [105, 30, 75, 40, 85, 45, 90, 8, 53, 915]
q: [0, 11.0, -11.0, 15.0, -15.0, 11.0, -11.0, 8.0, -8.0, 0]
Q: [0, 11.0, 0.0, 15.0, 0.0, 11.0, 0.0, 8.0, 0.0, 0]
B: [0.0, 64.0, 82.7140226568, 113.5238767298, 146.0933185119, 371.0, 380.19162363242, 414.0, 434.768396616, 449.9396930998]
