Avion: 6      Iteracion: 51

Num Ruta: 52
Ingresos: 177600.0
Costos: 478.184997728
Utilidad Ruta: 177121.815002
Costo Reducido: 20.1472290713
Nodos: [106, 40, 85, 31, 11, 76, 56, 44, 42, 89, 35, 87, 26, 80, 71, 28, 73, 25, 19, 70, 64, 5, 50, 41, 86, 7, 15, 60, 20, 4, 52, 49, 65, 37, 82, 916]
q: [0.0, 15.0, -15.0, 6.0, 8.0, -6.0, -8.0, 10.0, 5.0, -10.0, 6.0, -5.0, 9.0, -6.0, -9.0, 8.0, -8.0, 8.0, 7.0, -8.0, -7.0, 12.0, -12.0, 13.0, -13.0, 4.0, 11.0, -11.0, 10.0, 1.0, -4.0, -1.0, -10.0, 15.0, -15.0, 0.0]
Q: [0.0, 15.0, 0.0, 6.0, 14.0, 8.0, 0.0, 10.0, 15.0, 5.0, 11.0, 6.0, 15.0, 9.0, 0.0, 8.0, 0.0, 8.0, 15.0, 7.0, 0.0, 12.0, 0.0, 13.0, 0.0, 4.0, 15.0, 4.0, 14.0, 15.0, 11.0, 10.0, 0.0, 15.0, 0.0, 0.0]
B: [0.0, 62.0, 94.5694417821, 130.0, 169.0, 169.478878899097, 173.173257466597, 211.0, 239.0, 276.4881823646, 296.9043957745, 300.96084557698003, 307.85632416806004, 317.14932954845005, 326.97114531744006, 378.0, 414.0266187839, 417.35999740026, 426.75200464046, 443.42489632125995, 460.21175275715996, 469.0, 470.12168890518, 478.94792672205, 498.98904707495, 517.0, 530.7672641436, 547.1884307587, 553.3222828110399, 563.60143384604, 582.87379483274, 584.03416891035, 595.89539216095, 607.47291011605, 628.2675635875501, 649.56691608945]
