Avion: 4      Iteracion: 27

Num Ruta: 29
Ingresos: 168000.0
Costos: 475.478829173
Utilidad Ruta: 167524.521171
Costo Reducido: 139.224385041
Nodos: [104, 30, 75, 16, 61, 10, 55, 31, 76, 36, 81, 34, 79, 39, 28, 84, 13, 58, 73, 25, 21, 70, 20, 66, 65, 37, 82, 33, 78, 914]
q: [0.0, 11.0, -11.0, 11.0, -11.0, 12.0, -12.0, 6.0, -6.0, 15.0, -15.0, 12.0, -12.0, 8.0, 7.0, -8.0, 8.0, -8.0, -7.0, 10.0, 5.0, -10.0, 10.0, -5.0, -10.0, 15.0, -15.0, 10.0, -10.0, 0.0]
Q: [0.0, 11.0, 0.0, 11.0, 0.0, 12.0, 0.0, 6.0, 0.0, 15.0, 0.0, 12.0, 0.0, 8.0, 15.0, 7.0, 15.0, 7.0, 0.0, 10.0, 15.0, 5.0, 15.0, 10.0, 0.0, 15.0, 0.0, 10.0, 0.0, 0.0]
B: [0.0, 64.0, 82.7140226568, 93.53069441849999, 103.15478585614, 118.98406306644, 148.50357380084, 188.11172813804, 201.41734214114, 251.0, 257.94814406874, 283.0, 323.947598037, 388.0, 399.3210123222, 412.3114993416, 423.0, 439.88315095, 462.92158097460003, 466.25495959096, 477.0, 485.168713485, 496.0, 532.4252917215, 553.0247123444, 564.6022302995, 585.3968837709999, 619.9806385989999, 643.2841498365999, 656.5002576599999]
