Avion: 4      Iteracion: 43

Num Ruta: 41
Ingresos: 40800.0
Costos: 99.8237937361
Utilidad Ruta: 40700.1762063
Costo Reducido: 15.8640286182
Nodos: [104, 36, 81, 29, 74, 33, 78, 914]
q: [0, 15.0, -15.0, 9.0, -9.0, 10.0, -10.0, 0]
Q: [0, 15.0, 0.0, 9.0, 0.0, 10.0, 0.0, 0]
B: [0.0, 251.0, 257.94814406874, 549.0, 582.7797797802, 591.6312714624, 614.9347827, 628.1508905234]
