Avion: 1      Iteracion: 15

Num Ruta: 16
Ingresos: 104400.0
Costos: 469.006835172
Utilidad Ruta: 103930.993165
Costo Reducido: 2020.47845915
Nodos: [101, 16, 61, 10, 55, 31, 11, 76, 56, 23, 22, 67, 68, 28, 8, 53, 43, 73, 88, 20, 38, 7, 83, 65, 52, 911]
q: [0.0, 11.0, -11.0, 12.0, -12.0, 6.0, 8.0, -6.0, -8.0, 10.0, 5.0, -5.0, -10.0, 8.0, 7.0, -7.0, 5.0, -8.0, -5.0, 7.0, 8.0, 0.0, -8.0, -7.0, 0.0, 0.0]
Q: [0.0, 11.0, 0.0, 12.0, 0.0, 6.0, 14.0, 8.0, 0.0, 10.0, 15.0, 10.0, 0.0, 8.0, 15.0, 8.0, 13.0, 5.0, 0.0, 7.0, 15.0, 15.0, 7.0, 0.0, 0.0, 0.0]
B: [0.0, 36.0, 45.624091437640004, 96.0, 125.5195107344, 165.1276650716, 178.3103942655, 178.789273164597, 182.483651732097, 267.0, 299.0, 320.7546861389, 357.63094628010003, 378.0, 414.0, 434.768396616, 457.33787534280003, 473.90967986130005, 486.9742764873001, 496.0, 498.08106943661, 517.0, 556.1972757344, 583.5742834599, 596.5379680056, 614.5029757707]
