Avion: 3      Iteracion: 59

Num Ruta: 50
Ingresos: 138000.0
Costos: 396.191910874
Utilidad Ruta: 137603.808089
Costo Reducido: 21.3245295931
Nodos: [103, 17, 30, 62, 16, 75, 61, 31, 11, 76, 56, 44, 42, 89, 87, 26, 71, 28, 73, 25, 19, 70, 64, 13, 58, 21, 38, 66, 83, 913]
q: [0.0, 5.0, 10.0, -5.0, 5.0, -10.0, -5.0, 6.0, 8.0, -6.0, -8.0, 10.0, 5.0, -10.0, -5.0, 13.0, -13.0, 8.0, -8.0, 8.0, 7.0, -8.0, -7.0, 15.0, -15.0, 7.0, 8.0, -7.0, -8.0, 0.0]
Q: [0.0, 5.0, 15.0, 10.0, 15.0, 5.0, 0.0, 6.0, 14.0, 8.0, 0.0, 10.0, 15.0, 5.0, 0.0, 13.0, 0.0, 8.0, 0.0, 8.0, 15.0, 7.0, 0.0, 15.0, 0.0, 7.0, 15.0, 8.0, 0.0, 0.0]
B: [0.0, 24.0, 64.0, 67.14445448369, 72.47609381883, 83.29276558052999, 86.16392214191998, 130.0, 169.0, 169.478878899097, 173.173257466597, 211.0, 239.0, 276.4881823646, 294.1162889277, 301.01176751878, 318.59099548818, 378.0, 414.0266187839, 417.35999740026, 426.75200464046, 443.42489632125995, 460.21175275715996, 464.43937206358, 481.32252301358, 496.83391940458, 503.65683234555, 538.13921273035, 545.20914130142, 555.17311666269]
