Avion: 7      Iteracion: 24

Num Ruta: 26
Ingresos: 104400.0
Costos: 327.541680941
Utilidad Ruta: 104072.458319
Costo Reducido: 180.563800891
Nodos: [107, 14, 59, 44, 11, 56, 42, 89, 87, 35, 80, 5, 50, 15, 60, 20, 4, 49, 65, 37, 82, 917]
q: [0.0, 8.0, -8.0, 10.0, 5.0, -5.0, 5.0, -10.0, -5.0, 6.0, -6.0, 12.0, -12.0, 11.0, -11.0, 10.0, 5.0, -5.0, -10.0, 15.0, -15.0, 0.0]
Q: [0.0, 8.0, 0.0, 10.0, 15.0, 10.0, 15.0, 5.0, 0.0, 6.0, 0.0, 12.0, 0.0, 11.0, 0.0, 10.0, 15.0, 10.0, 0.0, 15.0, 0.0, 0.0]
B: [0.0, 112.0, 124.021711775, 211.0, 225.2170432932, 229.27111014021, 243.57965657231, 281.06783893691, 298.69594550001, 302.75239530249, 322.66527869489, 469.0, 470.12168890518, 511.0, 527.4211666151, 533.55501866744, 543.83416970244, 564.25991938264, 576.12114263324, 587.69866058834, 608.49331405984, 628.56504624714]
