Avion: 4      Iteracion: 4

Num Ruta: 7
Ingresos: 142800.0
Costos: 490.589643161
Utilidad Ruta: 142309.410357
Costo Reducido: 342625.25399
Nodos: [104, 16, 61, 12, 40, 85, 57, 31, 11, 76, 56, 34, 79, 26, 71, 45, 90, 19, 8, 64, 53, 41, 86, 38, 7, 52, 83, 914]
q: [0.0, 11.0, -11.0, 14.0, 1.0, -1.0, -14.0, 6.0, 8.0, -6.0, -8.0, 12.0, -12.0, 13.0, -13.0, 11.0, -11.0, 7.0, 8.0, -7.0, -8.0, 13.0, -13.0, 8.0, 7.0, -7.0, -8.0, 0.0]
Q: [0.0, 11.0, 0.0, 14.0, 15.0, 14.0, 0.0, 6.0, 14.0, 8.0, 0.0, 12.0, 0.0, 13.0, 0.0, 11.0, 0.0, 7.0, 15.0, 8.0, 0.0, 13.0, 0.0, 8.0, 15.0, 8.0, 0.0, 0.0]
B: [0.0, 36.0, 45.624091437640004, 79.57799432084, 99.37095683284001, 131.94039861494002, 152.80906567824002, 173.72639906474, 186.90912825864, 187.388007157737, 191.082385725237, 283.0, 323.947598037, 358.0226741044, 375.6019020738, 399.12805450039997, 408.31967813281994, 420.16153237951994, 443.32241392581994, 461.27937335661994, 464.2074925481799, 480.2272226332799, 500.2683429861799, 512.1225753526799, 520.8987773786099, 549.4400891915099, 571.2443825531099, 592.2925753734098]
