Avion: 6      Iteracion: 88

Num Ruta: 74
Ingresos: 126000.0
Costos: 327.650282322
Utilidad Ruta: 125672.349718
Costo Reducido: 5.22166586304
Nodos: [106, 40, 85, 14, 59, 3, 48, 23, 42, 87, 26, 71, 68, 6, 51, 5, 50, 7, 4, 52, 49, 37, 82, 916]
q: [0.0, 15.0, -15.0, 8.0, -8.0, 15.0, -15.0, 10.0, 5.0, -5.0, 5.0, -5.0, -10.0, 5.0, -5.0, 12.0, -12.0, 10.0, 5.0, -10.0, -5.0, 15.0, -15.0, 0.0]
Q: [0.0, 15.0, 0.0, 8.0, 0.0, 15.0, 0.0, 10.0, 15.0, 10.0, 15.0, 10.0, 0.0, 5.0, 0.0, 12.0, 0.0, 10.0, 15.0, 5.0, 0.0, 15.0, 0.0, 0.0]
B: [0.0, 62.0, 94.5694417821, 123.1478437143, 135.1695554893, 256.0, 261.08428175852, 267.0, 289.6110683074, 337.6609029585, 344.55638154958, 362.13560951898, 365.20268190156, 436.0, 439.69228939819, 469.0, 470.12168890518, 517.0, 529.0, 548.2723609867, 549.43273506431, 562.0, 582.7946534714999, 604.0940059733999]
