Avion: 5      Iteracion: 30

Num Ruta: 32
Ingresos: 42000.0
Costos: 162.369795269
Utilidad Ruta: 41837.6302047
Costo Reducido: 31.9785604052
Nodos: [105, 22, 67, 20, 65, 37, 82, 915]
q: [0, 10.0, -10.0, 10.0, -10.0, 15.0, -15.0, 0]
Q: [0, 10.0, 0.0, 10.0, 0.0, 15.0, 0.0, 0]
B: [0.0, 299.0, 320.7546861389, 496.0, 538.1771424471, 562.0, 582.7946534714999, 607.8598314082]
