Avion: 4      Iteracion: 0

Num Ruta: 4
Ingresos: 0
Costos: 22.3851721682
Utilidad Ruta: -22.3851721682
Costo Reducido: -
Nodos: [104, 914]
q: [0, 0]
Q: [0, 0]
B: [0, 0]
