Avion: 7      Iteracion: 35

Num Ruta: 37
Ingresos: 97200.0
Costos: 209.329064678
Utilidad Ruta: 96990.6709353
Costo Reducido: 41.2869863894
Nodos: [107, 30, 75, 16, 61, 31, 11, 56, 76, 36, 81, 25, 43, 70, 88, 29, 27, 74, 72, 917]
q: [0, 11.0, -11.0, 11.0, -11.0, 6.0, 8.0, -8.0, -6.0, 15.0, -15.0, 10.0, 5.0, -10.0, -5.0, 9.0, 6.0, -9.0, -6.0, 0]
Q: [0, 11.0, 0.0, 11.0, 0.0, 6.0, 14.0, 6.0, 0.0, 15.0, 0.0, 10.0, 15.0, 5.0, 0.0, 9.0, 15.0, 6.0, 0.0, 0]
B: [0.0, 64.0, 82.7140226568, 93.53069441849999, 103.15478585614, 130.0, 169.0, 173.05406684701, 176.74844541451, 251.0, 257.94814406874, 410.0, 451.0, 464.0372215215, 471.78639754221, 549.0, 574.6018082369, 582.8182362320799, 598.26561380888, 603.8430499582199]
