Avion: 7      Iteracion: 39

Num Ruta: 41
Ingresos: 68400.0
Costos: 205.323843751
Utilidad Ruta: 68194.6761562
Costo Reducido: 42.3347643615
Nodos: [107, 40, 85, 41, 86, 32, 38, 77, 83, 27, 7, 72, 52, 917]
q: [0.0, 15.0, -15.0, 13.0, -13.0, 6.0, 8.0, -6.0, -8.0, 5.0, 10.0, -5.0, -10.0, 0.0]
Q: [0.0, 15.0, 0.0, 13.0, 0.0, 6.0, 14.0, 8.0, 0.0, 5.0, 15.0, 10.0, 0.0, 0.0]
B: [0.0, 62.0, 94.5694417821, 446.0, 466.0411203529, 474.43811338612, 488.87509108232, 503.90553831452, 525.90161707872, 538.0, 565.6633233723, 590.3878382715001, 594.78775883896, 601.47720732146]
