Avion: 6      Iteracion: 73

Num Ruta: 65
Ingresos: 153600.0
Costos: 469.362343238
Utilidad Ruta: 153130.637657
Costo Reducido: 23.9355237979
Nodos: [106, 9, 54, 12, 57, 10, 55, 35, 26, 80, 71, 18, 63, 39, 28, 84, 73, 25, 43, 70, 88, 15, 21, 60, 20, 66, 65, 33, 78, 916]
q: [0.0, 11.0, -11.0, 14.0, -14.0, 12.0, -12.0, 2.0, 13.0, -2.0, -13.0, 11.0, -11.0, 8.0, 7.0, -8.0, -7.0, 10.0, 5.0, -10.0, -5.0, 10.0, 5.0, -10.0, 10.0, -5.0, -10.0, 10.0, -10.0, 0.0]
Q: [0.0, 11.0, 0.0, 14.0, 0.0, 12.0, 0.0, 2.0, 15.0, 13.0, 0.0, 11.0, 0.0, 8.0, 15.0, 7.0, 0.0, 10.0, 15.0, 5.0, 0.0, 10.0, 15.0, 5.0, 15.0, 10.0, 0.0, 10.0, 0.0, 0.0]
B: [0.0, 28.0, 57.5272370025, 68.3142737596, 111.6621980236, 120.37996838075, 149.89947911515, 279.0, 300.0, 309.29300538039, 319.11482114938, 342.39349190178, 366.21172815048, 388.0, 399.3210123222, 412.3114993416, 448.3244104708, 451.65778908716, 465.71894785876, 478.75616938025996, 486.50534540097, 511.0, 516.67223351071, 527.47150163401, 533.60535368635, 570.03064540785, 590.63006603075, 601.45186537285, 624.75537661045, 647.58315024255]
