Avion: 3      Iteracion: 52

Num Ruta: 45
Ingresos: 74400.0
Costos: 234.454012852
Utilidad Ruta: 74165.5459871
Costo Reducido: 15.6394914123
Nodos: [103, 17, 62, 30, 75, 40, 85, 41, 86, 43, 88, 21, 66, 913]
q: [0, 5.0, -5.0, 11.0, -11.0, 15.0, -15.0, 13.0, -13.0, 5.0, -5.0, 13.0, -13.0, 0]
Q: [0, 5.0, 0.0, 11.0, 0.0, 15.0, 0.0, 13.0, 0.0, 5.0, 0.0, 13.0, 0.0, 0]
B: [0.0, 24.0, 58.8425537813, 64.0, 82.7140226568, 113.5238767298, 146.0933185119, 446.0, 466.0411203529, 476.4072656828, 493.6695867898, 500.95259420432, 541.69138488352, 558.6815857358199]
