Avion: 2      Iteracion: 15

Num Ruta: 19
Ingresos: 38400.0
Costos: 259.573224324
Utilidad Ruta: 38140.4267757
Costo Reducido: 1814.57886602
Nodos: [102, 28, 73, 6, 51, 20, 65, 2, 47, 912]
q: [0, 8.0, -8.0, 5.0, -5.0, 10.0, -10.0, 9.0, -9.0, 0]
Q: [0, 8.0, 0.0, 5.0, 0.0, 10.0, 0.0, 9.0, 0.0, 0]
B: [0.0, 378.0, 414.0266187839, 456.7028030791, 460.39509247729, 496.0, 538.1771424471, 545.50743971256, 586.24240175996, 612.1732454793599]
