Avion: 2      Iteracion: 31

Num Ruta: 34
Ingresos: 10800.0
Costos: 64.0892243897
Utilidad Ruta: 10735.9107756
Costo Reducido: 2.9080681003
Nodos: [102, 29, 74, 912]
q: [0, 9.0, -9.0, 0]
Q: [0, 9.0, 0.0, 0]
B: [0.0, 549.0, 582.7797797802, 603.3268886036]
