Avion: 6      Iteracion: 91

Num Ruta: 75
Ingresos: 136800.0
Costos: 372.255614326
Utilidad Ruta: 136427.744386
Costo Reducido: 1.97085582072
Nodos: [106, 40, 85, 14, 59, 3, 48, 23, 42, 87, 26, 71, 68, 6, 51, 5, 50, 2, 47, 7, 4, 52, 49, 37, 82, 916]
q: [0.0, 15.0, -15.0, 8.0, -8.0, 15.0, -15.0, 10.0, 5.0, -5.0, 5.0, -5.0, -10.0, 5.0, -5.0, 12.0, -12.0, 9.0, -9.0, 10.0, 5.0, -10.0, -5.0, 15.0, -15.0, 0.0]
Q: [0.0, 15.0, 0.0, 8.0, 0.0, 15.0, 0.0, 10.0, 15.0, 10.0, 15.0, 10.0, 0.0, 5.0, 0.0, 12.0, 0.0, 9.0, 0.0, 10.0, 15.0, 5.0, 0.0, 15.0, 0.0, 0.0]
B: [0.0, 62.0, 94.5694417821, 123.1478437143, 135.1695554893, 256.0, 261.08428175852, 267.0, 289.6110683074, 337.6609029585, 344.55638154958, 362.13560951898, 365.20268190156, 436.0, 439.69228939819, 469.0, 470.12168890518, 522.0, 562.7349620474, 574.2416881674001, 584.6050614599001, 603.8774224466001, 605.0377965242101, 612.1021686123701, 632.8968220838701, 654.1961745857701]
