Avion: 6      Iteracion: 31

Num Ruta: 35
Ingresos: 144000.0
Costos: 521.002754457
Utilidad Ruta: 143478.997246
Costo Reducido: 56.3635317533
Nodos: [106, 40, 85, 10, 55, 31, 76, 1, 46, 3, 48, 23, 42, 18, 87, 26, 71, 68, 63, 21, 38, 83, 66, 29, 27, 74, 72, 37, 82, 916]
q: [0.0, 15.0, -15.0, 12.0, -12.0, 6.0, -6.0, 7.0, -7.0, 15.0, -15.0, 10.0, 5.0, 0.0, -5.0, 5.0, -5.0, -10.0, 0.0, 7.0, 8.0, -8.0, -7.0, 9.0, 6.0, -9.0, -6.0, 15.0, -15.0, 0.0]
Q: [0.0, 15.0, 0.0, 12.0, 0.0, 6.0, 0.0, 7.0, 0.0, 15.0, 0.0, 10.0, 15.0, 15.0, 10.0, 15.0, 10.0, 0.0, 0.0, 7.0, 15.0, 7.0, 0.0, 9.0, 15.0, 6.0, 0.0, 15.0, 0.0, 0.0]
B: [0.0, 62.0, 94.5694417821, 111.75013586, 141.2696465944, 180.8778009316, 194.1834149347, 213.1731090344, 247.4131945629, 256.0, 261.08428175852, 267.0, 289.6110683074, 301.4307236746, 338.1719063039, 345.06738489498, 362.64661286438, 365.71368524696004, 375.63921681963006, 477.0, 483.82291294097, 516.69179958167, 523.76172815274, 562.21502463044, 587.8168328673399, 596.0332608625199, 611.4806384393199, 618.31660406241, 639.11125753391, 660.41061003581]
