Avion: 3      Iteracion: 40

Num Ruta: 38
Ingresos: 126000.0
Costos: 412.827391442
Utilidad Ruta: 125587.172609
Costo Reducido: 19.924816118
Nodos: [103, 1, 31, 76, 11, 56, 44, 46, 89, 3, 48, 23, 18, 63, 68, 28, 73, 25, 21, 70, 38, 27, 83, 66, 33, 2, 72, 47, 78, 913]
q: [0.0, 7.0, 6.0, -6.0, 8.0, -8.0, 8.0, -7.0, -8.0, 15.0, -15.0, 10.0, 5.0, -5.0, -10.0, 8.0, -8.0, 8.0, 7.0, -8.0, 8.0, 0.0, -8.0, -7.0, 6.0, 9.0, 0.0, -9.0, -6.0, 0.0]
Q: [0.0, 7.0, 13.0, 7.0, 15.0, 7.0, 15.0, 8.0, 0.0, 15.0, 0.0, 10.0, 15.0, 10.0, 0.0, 8.0, 0.0, 8.0, 15.0, 7.0, 15.0, 15.0, 7.0, 0.0, 6.0, 15.0, 15.0, 6.0, 0.0, 0.0]
B: [0.0, 175.0, 183.89376197118, 197.19937597428, 197.678254873377, 201.732321720387, 213.409622178987, 258.805976415887, 274.820525426087, 297.207255267687, 302.291537026207, 305.65402434960697, 325.832974495707, 349.65121074440697, 359.576742317077, 378.0, 414.0266187839, 417.35999740026, 477.0, 485.168713485, 489.49037624371, 538.0, 549.5357273286, 556.6056558996701, 566.76120083827, 580.54680176827, 591.99887485567, 621.3394052019701, 639.85818923337, 658.69692804467]
