Avion: 3      Iteracion: 8

Num Ruta: 10
Ingresos: 112800.0
Costos: 459.4095819
Utilidad Ruta: 112340.590418
Costo Reducido: 153286.912199
Nodos: [103, 17, 62, 9, 54, 10, 55, 36, 81, 34, 79, 45, 90, 39, 84, 8, 53, 5, 50, 913]
q: [0, 5.0, -5.0, 11.0, -11.0, 12.0, -12.0, 15.0, -15.0, 12.0, -12.0, 11.0, -11.0, 8.0, -8.0, 8.0, -8.0, 12.0, -12.0, 0]
Q: [0, 5.0, 0.0, 11.0, 0.0, 12.0, 0.0, 15.0, 0.0, 12.0, 0.0, 11.0, 0.0, 8.0, 0.0, 8.0, 0.0, 12.0, 0.0, 0]
B: [0.0, 24.0, 58.8425537813, 81.72911018459999, 111.25634718709999, 139.7984606337, 169.3179713681, 251.0, 257.94814406874, 283.0, 323.947598037, 371.0, 380.19162363242, 418.73969909671996, 441.37188655171997, 465.46985636252, 486.23825297852, 495.99106385539, 497.11275276057, 530.51140258357]
