Avion: 2      Iteracion: 29

Num Ruta: 32
Ingresos: 97200.0
Costos: 323.370449314
Utilidad Ruta: 96876.6295507
Costo Reducido: 37.2440980951
Nodos: [102, 12, 57, 10, 55, 35, 80, 22, 67, 18, 63, 39, 84, 6, 51, 27, 7, 52, 72, 912]
q: [0.0, 14.0, -14.0, 12.0, -12.0, 6.0, -6.0, 10.0, -10.0, 11.0, -11.0, 8.0, -8.0, 5.0, -5.0, 5.0, 10.0, -10.0, -5.0, 0.0]
Q: [0.0, 14.0, 0.0, 12.0, 0.0, 6.0, 0.0, 10.0, 0.0, 11.0, 0.0, 8.0, 0.0, 5.0, 0.0, 5.0, 15.0, 5.0, 0.0, 0.0]
B: [0.0, 54.0, 97.347924264, 106.06569462115, 135.58520535555, 279.0, 298.9128833924, 314.02713802169995, 335.78182416059997, 349.182260758, 373.00049700669996, 388.0, 410.632187455, 436.0, 439.69228939819, 538.0, 565.6633233723, 594.2046351852, 598.60455575266, 604.84853917673]
