Avion: 3      Iteracion: 25

Num Ruta: 27
Ingresos: 63600.0
Costos: 229.380715866
Utilidad Ruta: 63370.6192841
Costo Reducido: 71.7588028756
Nodos: [103, 40, 85, 41, 86, 38, 21, 83, 66, 33, 78, 913]
q: [0.0, 15.0, -15.0, 13.0, -13.0, 8.0, 7.0, -8.0, -7.0, 10.0, -10.0, 0.0]
Q: [0.0, 15.0, 0.0, 13.0, 0.0, 8.0, 15.0, 7.0, 0.0, 10.0, 0.0, 0.0]
B: [0.0, 62.0, 94.5694417821, 446.0, 466.0411203529, 480.0, 486.82291294097, 525.3346514111701, 532.4045799822401, 562.0, 585.3035112376, 604.1422500489]
