Avion: 7      Iteracion: 45

Num Ruta: 47
Ingresos: 24000.0
Costos: 97.8666672883
Utilidad Ruta: 23902.1333327
Costo Reducido: 1.59549439355
Nodos: [107, 18, 63, 29, 74, 917]
q: [0, 11.0, -11.0, 9.0, -9.0, 0]
Q: [0, 11.0, 0.0, 9.0, 0.0, 0]
B: [0.0, 293.0, 316.8182362487, 549.0, 582.7797797802, 601.7503835661]
