Avion: 6      Iteracion: 25

Num Ruta: 29
Ingresos: 79200.0
Costos: 154.579697076
Utilidad Ruta: 79045.4203029
Costo Reducido: 87.9686450273
Nodos: [106, 40, 85, 3, 48, 45, 90, 5, 50, 41, 86, 916]
q: [0, 15.0, -15.0, 15.0, -15.0, 11.0, -11.0, 12.0, -12.0, 13.0, -13.0, 0]
Q: [0, 15.0, 0.0, 15.0, 0.0, 11.0, 0.0, 12.0, 0.0, 13.0, 0.0, 0]
B: [0.0, 62.0, 94.5694417821, 256.0, 261.08428175852, 371.0, 380.19162363242, 469.0, 470.12168890518, 478.94792672205, 498.98904707495, 506.5444980873]
