Avion: 1      Iteracion: 62

Num Ruta: 60
Ingresos: 92400.0
Costos: 266.0136864
Utilidad Ruta: 92133.9863136
Costo Reducido: 10.1277913345
Nodos: [101, 16, 61, 24, 69, 1, 46, 3, 48, 23, 18, 68, 63, 19, 8, 64, 53, 911]
q: [0.0, 11.0, -11.0, 14.0, -14.0, 7.0, -7.0, 15.0, -15.0, 10.0, 5.0, -10.0, -5.0, 7.0, 8.0, -7.0, -8.0, 0.0]
Q: [0.0, 11.0, 0.0, 14.0, 0.0, 7.0, 0.0, 15.0, 0.0, 10.0, 15.0, 5.0, 0.0, 7.0, 15.0, 8.0, 0.0, 0.0]
B: [0.0, 36.0, 45.624091437640004, 70.85029051714, 109.36324081964, 175.0, 209.2400855285, 256.0, 261.08428175852, 267.0, 293.0, 318.4393114097, 328.36484298237, 402.0, 425.1608815463, 443.1178409771, 446.04596016866, 453.01867327046]
