Avion: 5      Iteracion: 9

Num Ruta: 12
Ingresos: 73200.0
Costos: 337.113625102
Utilidad Ruta: 72862.8863749
Costo Reducido: 104656.053956
Nodos: [105, 34, 79, 26, 71, 39, 84, 41, 86, 32, 77, 2, 47, 915]
q: [0, 12.0, -12.0, 13.0, -13.0, 8.0, -8.0, 13.0, -13.0, 6.0, -6.0, 9.0, -9.0, 0]
Q: [0, 12.0, 0.0, 13.0, 0.0, 8.0, 0.0, 13.0, 0.0, 6.0, 0.0, 9.0, 0.0, 0]
B: [0.0, 283.0, 323.947598037, 358.0226741044, 375.6019020738, 395.2998202633, 417.9320077183, 446.0, 466.0411203529, 474.43811338612, 502.29546920102, 539.79465432552, 580.52961637292, 591.5856999923201]
