Avion: 3      Iteracion: 3

Num Ruta: 6
Ingresos: 146400.0
Costos: 579.819461631
Utilidad Ruta: 145820.180538
Costo Reducido: 303881.075846
Nodos: [103, 40, 85, 10, 55, 11, 56, 3, 48, 42, 87, 26, 71, 32, 77, 5, 50, 41, 86, 38, 83, 37, 82, 913]
q: [0, 15.0, -15.0, 12.0, -12.0, 8.0, -8.0, 15.0, -15.0, 5.0, -5.0, 13.0, -13.0, 6.0, -6.0, 12.0, -12.0, 13.0, -13.0, 8.0, -8.0, 15.0, -15.0, 0]
Q: [0, 15.0, 0.0, 12.0, 0.0, 8.0, 0.0, 15.0, 0.0, 5.0, 0.0, 13.0, 0.0, 6.0, 0.0, 12.0, 0.0, 13.0, 0.0, 8.0, 0.0, 15.0, 0.0, 0]
B: [0.0, 62.0, 94.5694417821, 111.75013586, 141.2696465944, 193.907863177, 197.96193002401, 256.0, 261.08428175852, 282.70958344432, 330.75941809542, 337.6548966865, 355.2341246559, 422.0, 449.8573558149, 474.79959087910004, 475.92127978428005, 484.74751760115004, 504.78863795405005, 516.6428703205501, 549.5117569612501, 578.2643706511501, 599.05902412265, 652.4842822876501]
