Avion: 7      Iteracion: 2

Num Ruta: 6
Ingresos: 180000.0
Costos: 554.51167035
Utilidad Ruta: 179445.48833
Costo Reducido: 239454.743151
Nodos: [107, 9, 54, 30, 75, 24, 69, 31, 76, 44, 42, 89, 35, 87, 80, 26, 71, 45, 90, 19, 25, 70, 64, 13, 58, 5, 50, 7, 38, 4, 83, 27, 52, 49, 72, 917]
q: [0.0, 11.0, -11.0, 11.0, -11.0, 14.0, -14.0, 6.0, -6.0, 14.0, 1.0, -14.0, 6.0, -1.0, -6.0, 13.0, -13.0, 11.0, -11.0, 5.0, 10.0, -10.0, -5.0, 15.0, -15.0, 12.0, -12.0, 2.0, 8.0, 5.0, -8.0, 6.0, -2.0, -5.0, -6.0, 0.0]
Q: [0.0, 11.0, 0.0, 11.0, 0.0, 14.0, 0.0, 6.0, 0.0, 14.0, 15.0, 1.0, 7.0, 6.0, 0.0, 13.0, 0.0, 11.0, 0.0, 5.0, 15.0, 5.0, 0.0, 15.0, 0.0, 12.0, 0.0, 2.0, 10.0, 15.0, 7.0, 13.0, 11.0, 6.0, 0.0, 0.0]
B: [0.0, 28.0, 57.5272370025, 73.3151373379, 92.0291599947, 116.763130885, 155.27608118749998, 166.560438945, 179.8660529481, 211.0, 239.0, 276.4881823646, 296.9043957745, 300.96084557698003, 317.03505454668004, 326.32805992707006, 343.90728789647005, 371.0, 380.19162363242, 402.0, 411.3920072402, 428.57698955029997, 445.3638459862, 449.59146529262, 466.47461624262, 493.73889934342003, 494.86058824860004, 517.0, 525.77620202593, 534.1101024333001, 563.2298017621001, 574.7655290907002, 590.6053039628001, 591.7656780404101, 597.1809365753301, 602.75837272467]
