Avion: 1      Iteracion: 1

Num Ruta: 5
Ingresos: 199200.0
Costos: 539.618668003
Utilidad Ruta: 198660.381332
Costo Reducido: 251476.628585
Nodos: [101, 16, 61, 40, 85, 10, 55, 1, 46, 3, 48, 36, 81, 22, 67, 45, 90, 19, 25, 70, 64, 41, 50, 5, 86, 43, 15, 88, 60, 20, 7, 65, 52, 911]
q: [0.0, 11.0, -11.0, 15.0, -15.0, 12.0, -12.0, 7.0, -7.0, 15.0, -15.0, 15.0, -15.0, 10.0, -10.0, 11.0, -11.0, 5.0, 10.0, -10.0, -5.0, 13.0, -12.0, 12.0, -13.0, 4.0, 11.0, -4.0, -11.0, 10.0, 5.0, -10.0, -5.0, 0.0]
Q: [0.0, 11.0, 0.0, 15.0, 0.0, 12.0, 0.0, 7.0, 0.0, 15.0, 0.0, 15.0, 0.0, 10.0, 0.0, 11.0, 0.0, 5.0, 15.0, 5.0, 0.0, 13.0, 1.0, 13.0, 0.0, 4.0, 15.0, 11.0, 0.0, 10.0, 15.0, 5.0, 0.0, 0.0]
B: [0.0, 36.0, 45.624091437640004, 77.27284989674001, 109.84229167884001, 127.02298575674001, 156.54249649114, 194.96183766194002, 229.20192319044003, 256.0, 261.08428175852, 296.00374706082, 302.95189112956, 321.35614794696, 343.11083408586, 371.0, 380.19162363242, 402.0, 411.3920072402, 428.57698955029997, 445.3638459862, 460.55485628829996, 470.0, 471.12168890518, 483.14757702208, 493.51372235198, 511.0, 521.2530082415, 533.7945681525, 539.92842020484, 548.6713746254, 589.5086054448, 602.4722899904999, 620.4372977556]
