Avion: 1      Iteracion: 49

Num Ruta: 50
Ingresos: 124800.0
Costos: 314.083825209
Utilidad Ruta: 124485.916175
Costo Reducido: 9.65543481735
Nodos: [101, 30, 16, 61, 75, 40, 85, 31, 11, 56, 76, 36, 81, 34, 79, 39, 28, 84, 13, 58, 73, 25, 70, 911]
q: [0.0, 11.0, 4.0, -4.0, -11.0, 15.0, -15.0, 6.0, 8.0, -8.0, -6.0, 15.0, -15.0, 12.0, -12.0, 8.0, 7.0, -8.0, 8.0, -8.0, -7.0, 10.0, -10.0, 0.0]
Q: [0.0, 11.0, 15.0, 11.0, 0.0, 15.0, 0.0, 6.0, 14.0, 6.0, 0.0, 15.0, 0.0, 12.0, 0.0, 8.0, 15.0, 7.0, 15.0, 7.0, 0.0, 10.0, 0.0, 0.0]
B: [0.0, 64.0, 72.20259129788, 81.82668273552001, 84.69783929691, 115.50769336991, 148.07713515201, 171.41562415621, 184.59835335011, 188.65242019712, 192.34679876462, 251.0, 257.94814406874, 283.0, 323.947598037, 388.0, 399.3210123222, 412.3114993416, 423.0, 439.88315095, 462.92158097460003, 466.25495959096, 483.43994190106, 494.28034581416]
