Avion: 2      Iteracion: 0

Num Ruta: 2
Ingresos: 170400.0
Costos: 583.087176192
Utilidad Ruta: 169816.912824
Costo Reducido: -
Nodos: [102, 16, 61, 24, 12, 69, 57, 10, 55, 11, 56, 42, 3, 48, 23, 87, 68, 26, 71, 45, 90, 41, 86, 13, 58, 15, 60, 38, 83, 912]
q: [0.0, 11.0, -11.0, 1.0, 14.0, -1.0, -14.0, 12.0, -12.0, 8.0, -8.0, 0.0, 15.0, -15.0, 10.0, 0.0, -10.0, 13.0, -13.0, 11.0, -11.0, 13.0, -13.0, 15.0, -15.0, 11.0, -11.0, 8.0, -8.0, 0.0]
Q: [0.0, 11.0, 0.0, 1.0, 15.0, 14.0, 0.0, 12.0, 0.0, 8.0, 0.0, 0.0, 15.0, 0.0, 10.0, 10.0, 0.0, 13.0, 0.0, 11.0, 0.0, 13.0, 0.0, 15.0, 0.0, 11.0, 0.0, 8.0, 0.0, 0.0]
B: [0.0, 36.0, 45.624091437640004, 70.85029051714, 87.69811794384, 121.74428718504001, 137.67652475544, 146.39429511259, 175.91380584699, 228.55202242958998, 232.6060892766, 246.9146357087, 265.37527757189997, 270.45955933041995, 273.82204665381994, 310.8376855109199, 337.1980415024199, 356.8844142765199, 374.4636422459199, 397.9897946725199, 407.1814183049399, 446.0, 466.0411203529, 480.3821530912, 497.2653040412, 517.2223297966, 533.6434964117, 537.7307621236399, 570.5996487643399, 600.0688028241399]
