Avion: 4      Iteracion: 24

Num Ruta: 26
Ingresos: 44400.0
Costos: 209.135902972
Utilidad Ruta: 44190.864097
Costo Reducido: 85.362963147
Nodos: [104, 44, 89, 21, 66, 33, 78, 914]
q: [0, 14.0, -14.0, 13.0, -13.0, 10.0, -10.0, 0]
Q: [0, 14.0, 0.0, 13.0, 0.0, 10.0, 0.0, 0]
B: [0.0, 211.0, 265.00737440390003, 477.0, 517.7387906792, 562.0, 585.3035112376, 598.519619061]
