Avion: 4      Iteracion: 7

Num Ruta: 10
Ingresos: 140400.0
Costos: 495.980040389
Utilidad Ruta: 139904.01996
Costo Reducido: 143736.816341
Nodos: [104, 12, 57, 30, 75, 31, 76, 3, 48, 23, 42, 18, 87, 26, 71, 68, 63, 39, 84, 13, 58, 41, 86, 43, 21, 88, 66, 914]
q: [0.0, 14.0, -14.0, 11.0, -11.0, 6.0, -6.0, 15.0, -15.0, 10.0, 5.0, 0.0, -5.0, 5.0, -5.0, -10.0, 0.0, 8.0, -8.0, 15.0, -15.0, 13.0, -13.0, 5.0, 10.0, -5.0, -10.0, 0.0]
Q: [0.0, 14.0, 0.0, 11.0, 0.0, 6.0, 0.0, 15.0, 0.0, 10.0, 15.0, 15.0, 10.0, 15.0, 10.0, 0.0, 0.0, 8.0, 0.0, 15.0, 0.0, 13.0, 0.0, 5.0, 15.0, 10.0, 0.0, 0.0]
B: [0.0, 54.0, 97.347924264, 122.72227077779999, 141.4362934346, 165.3306862706, 178.63630027370002, 256.0, 261.08428175852, 267.0, 289.6110683074, 301.4307236746, 338.1719063039, 345.06738489498, 362.64661286438, 365.71368524696004, 375.63921681963006, 388.0, 410.632187455, 423.0, 439.88315095, 474.68910223710003, 494.73022259000004, 505.09636791990005, 515.8376906038001, 523.1206980183201, 562.0116831562201, 589.0909318348201]
