Avion: 6      Iteracion: 12

Num Ruta: 16
Ingresos: 97200.0
Costos: 392.91077235
Utilidad Ruta: 96807.0892277
Costo Reducido: 123209.056886
Nodos: [106, 30, 75, 16, 61, 34, 79, 28, 73, 13, 58, 7, 4, 52, 49, 29, 74, 916]
q: [0, 11.0, -11.0, 11.0, -11.0, 12.0, -12.0, 8.0, -8.0, 15.0, -15.0, 10.0, 5.0, -10.0, -5.0, 9.0, -9.0, 0]
Q: [0, 11.0, 0.0, 11.0, 0.0, 12.0, 0.0, 8.0, 0.0, 15.0, 0.0, 10.0, 15.0, 5.0, 0.0, 9.0, 0.0, 0]
B: [0.0, 64.0, 82.7140226568, 93.53069441849999, 103.15478585614, 283.0, 323.947598037, 378.0, 414.0266187839, 446.9799880805, 463.8631390305, 517.0, 529.0, 548.2723609867, 549.43273506431, 587.25058070631, 621.03036048651, 652.29359464421]
