Avion: 7      Iteracion: 41

Num Ruta: 43
Ingresos: 136800.0
Costos: 424.177827855
Utilidad Ruta: 136375.822172
Costo Reducido: 35.4282549598
Nodos: [107, 9, 54, 11, 56, 44, 42, 89, 35, 87, 26, 80, 71, 22, 67, 45, 90, 19, 43, 32, 64, 77, 88, 21, 66, 33, 78, 27, 72, 917]
q: [0.0, 11.0, -11.0, 8.0, -8.0, 10.0, 5.0, -10.0, 6.0, -5.0, 9.0, -6.0, -9.0, 10.0, -10.0, 11.0, -11.0, 7.0, 2.0, 6.0, -7.0, -6.0, -2.0, 13.0, -13.0, 10.0, -10.0, 6.0, -6.0, 0.0]
Q: [0.0, 11.0, 0.0, 8.0, 0.0, 10.0, 15.0, 5.0, 11.0, 6.0, 15.0, 9.0, 0.0, 10.0, 0.0, 11.0, 0.0, 7.0, 9.0, 15.0, 8.0, 2.0, 0.0, 13.0, 0.0, 10.0, 0.0, 6.0, 0.0, 0.0]
B: [0.0, 28.0, 57.5272370025, 169.0, 173.05406684701, 211.0, 239.0, 276.4881823646, 296.9043957745, 300.96084557698003, 307.85632416806004, 317.14932954845005, 326.97114531744006, 340.60532596754007, 362.3600121064401, 374.1226863347401, 383.31430996716006, 402.0, 451.0, 458.21283557278, 477.78530626508, 494.91268271328, 508.71163752878, 515.9946449433, 556.7334356225, 566.8889805611, 590.1924917987, 597.4112451536799, 614.4421075217799, 620.0195436711199]
