Avion: 5      Iteracion: 0

Num Ruta: 2
Ingresos: 206400.0
Costos: 609.641417241
Utilidad Ruta: 205790.358583
Costo Reducido: -
Nodos: [105, 17, 62, 16, 61, 24, 69, 10, 55, 36, 81, 3, 48, 22, 67, 45, 90, 19, 64, 41, 86, 13, 58, 21, 66, 33, 78, 27, 72, 37, 82, 915]
q: [0, 5.0, -5.0, 11.0, -11.0, 14.0, -14.0, 12.0, -12.0, 15.0, -15.0, 15.0, -15.0, 10.0, -10.0, 11.0, -11.0, 7.0, -7.0, 13.0, -13.0, 15.0, -15.0, 13.0, -13.0, 10.0, -10.0, 6.0, -6.0, 15.0, -15.0, 0]
Q: [0, 5.0, 0.0, 11.0, 0.0, 14.0, 0.0, 12.0, 0.0, 15.0, 0.0, 15.0, 0.0, 10.0, 0.0, 11.0, 0.0, 7.0, 0.0, 13.0, 0.0, 15.0, 0.0, 13.0, 0.0, 10.0, 0.0, 6.0, 0.0, 15.0, 0.0, 0]
B: [0.0, 24.0, 58.8425537813, 64.17419311644, 73.79828455408, 99.02448363357999, 137.53743393608, 149.32336461638, 178.84287535078, 251.0, 257.94814406874, 294.92818141324, 300.01246317176, 328.14017932506, 349.89486546396, 371.0, 380.19162363242, 402.0, 428.6271162915, 446.0, 466.0411203529, 480.3821530912, 497.2653040412, 512.7767004322, 553.5154911113999, 563.6710360499999, 586.9745472875999, 594.1933006425799, 611.2241630106798, 618.0601286337699, 638.8547821052698, 663.9199600419698]
