Avion: 1      Iteracion: 51

Num Ruta: 52
Ingresos: 69600.0
Costos: 199.89203995
Utilidad Ruta: 69400.10796
Costo Reducido: 5.8713562019
Nodos: [101, 16, 61, 24, 69, 1, 46, 45, 90, 19, 8, 64, 53, 911]
q: [0, 11.0, -11.0, 14.0, -14.0, 7.0, -7.0, 11.0, -11.0, 7.0, 8.0, -7.0, -8.0, 0]
Q: [0, 11.0, 0.0, 14.0, 0.0, 7.0, 0.0, 11.0, 0.0, 7.0, 15.0, 8.0, 0.0, 0]
B: [0.0, 36.0, 45.624091437640004, 70.85029051714, 109.36324081964, 175.0, 209.2400855285, 371.0, 380.19162363242, 402.0, 425.1608815463, 443.1178409771, 446.04596016866, 453.01867327046]
