Avion: 6      Iteracion: 36

Num Ruta: 40
Ingresos: 168000.0
Costos: 511.897263064
Utilidad Ruta: 167488.102737
Costo Reducido: 22.6740844365
Nodos: [106, 9, 54, 40, 85, 1, 31, 76, 11, 56, 42, 46, 3, 48, 18, 87, 26, 71, 63, 39, 84, 13, 58, 25, 70, 21, 38, 83, 66, 37, 82, 916]
q: [0.0, 11.0, -11.0, 15.0, -15.0, 7.0, 6.0, -6.0, 8.0, -8.0, 5.0, -7.0, 10.0, -10.0, 10.0, -5.0, 5.0, -5.0, -10.0, 8.0, -8.0, 15.0, -15.0, 10.0, -10.0, 13.0, 2.0, -2.0, -13.0, 15.0, -15.0, 0.0]
Q: [0.0, 11.0, 0.0, 15.0, 0.0, 7.0, 13.0, 7.0, 15.0, 7.0, 12.0, 5.0, 15.0, 5.0, 15.0, 10.0, 15.0, 10.0, 0.0, 8.0, 0.0, 15.0, 0.0, 10.0, 0.0, 13.0, 15.0, 13.0, 0.0, 15.0, 0.0, 0.0]
B: [0.0, 28.0, 57.5272370025, 86.4860319533, 119.0554737354, 175.0, 183.89376197118, 197.19937597428, 197.678254873377, 201.732321720387, 239.0, 264.0626014013, 271.1591533105, 276.24343506902, 297.28244421872, 334.02362684802, 340.9191054391, 358.4983334085, 369.9331228687, 388.0, 410.632187455, 423.0, 439.88315095, 463.8957169312, 481.0806992413, 489.2494127263, 496.07232566727004, 528.9412123079701, 536.0111408790401, 562.0, 582.7946534714999, 604.0940059733999]
