Avion: 6      Iteracion: 58

Num Ruta: 57
Ingresos: 97200.0
Costos: 290.862839051
Utilidad Ruta: 96909.1371609
Costo Reducido: 28.477932916
Nodos: [106, 9, 54, 12, 57, 6, 51, 13, 58, 15, 60, 38, 20, 83, 65, 33, 78, 916]
q: [0.0, 11.0, -11.0, 14.0, -14.0, 5.0, -5.0, 15.0, -15.0, 11.0, -11.0, 5.0, 10.0, -5.0, -10.0, 10.0, -10.0, 0.0]
Q: [0.0, 11.0, 0.0, 14.0, 0.0, 5.0, 0.0, 15.0, 0.0, 11.0, 0.0, 5.0, 15.0, 10.0, 0.0, 10.0, 0.0, 0.0]
B: [0.0, 28.0, 57.5272370025, 68.3142737596, 111.6621980236, 436.0, 439.69228939819, 453.10235550539, 469.98550645539, 511.0, 527.4211666151, 531.5084323270399, 533.58950176365, 568.21583724695, 595.5928449724499, 606.41464431455, 629.7181555521499, 652.54592918425]
