Avion: 7      Iteracion: 96

Num Ruta: 82
Ingresos: 163200.0
Costos: 451.314524922
Utilidad Ruta: 162748.685475
Costo Reducido: 3.35334834288
Nodos: [107, 30, 16, 61, 75, 24, 69, 1, 31, 76, 11, 56, 42, 46, 23, 87, 26, 68, 71, 22, 67, 8, 45, 90, 32, 43, 53, 13, 77, 58, 88, 15, 60, 20, 7, 52, 65, 917]
q: [0.0, 11.0, 4.0, -4.0, -11.0, 14.0, -14.0, 7.0, 6.0, -6.0, 8.0, -8.0, 5.0, -7.0, 10.0, -5.0, 5.0, -10.0, -5.0, 10.0, -10.0, 4.0, 11.0, -11.0, 6.0, 5.0, -4.0, 4.0, -6.0, -4.0, -5.0, 11.0, -11.0, 10.0, 5.0, -5.0, -10.0, 0.0]
Q: [0.0, 11.0, 15.0, 11.0, 0.0, 14.0, 0.0, 7.0, 13.0, 7.0, 15.0, 7.0, 12.0, 5.0, 15.0, 10.0, 15.0, 5.0, 0.0, 10.0, 0.0, 4.0, 15.0, 4.0, 10.0, 15.0, 11.0, 15.0, 9.0, 5.0, 0.0, 11.0, 0.0, 10.0, 15.0, 10.0, 0.0, 0.0]
B: [0.0, 64.0, 72.20259129788, 81.82668273552001, 84.69783929691, 109.43181018721, 147.94476048971, 175.0, 183.89376197118, 197.19937597428, 197.678254873377, 201.732321720387, 239.0, 264.0626014013, 268.8931248719, 305.908763729, 312.80424232008, 332.49061509418, 335.55768747676, 349.19186812686, 370.94655426576, 414.0, 417.40515271317, 426.59677634559, 428.13238729892, 451.0, 473.5694787268, 475.78015486771, 489.62233464551, 493.69328502595005, 503.74887237825004, 514.0018806197501, 530.4230472348501, 536.55689928719, 545.29985370775, 573.84116552065, 586.8048500663499, 599.6855010592499]
