Avion: 1      Iteracion: 6

Num Ruta: 8
Ingresos: 165600.0
Costos: 620.170404752
Utilidad Ruta: 164979.829595
Costo Reducido: 181215.811827
Nodos: [101, 17, 62, 30, 75, 40, 85, 1, 11, 56, 44, 46, 89, 3, 48, 18, 63, 45, 90, 28, 73, 41, 86, 15, 60, 7, 4, 52, 49, 911]
q: [0.0, 5.0, -5.0, 11.0, -11.0, 15.0, -15.0, 1.0, 8.0, -8.0, 14.0, -1.0, -14.0, 15.0, -15.0, 11.0, -11.0, 11.0, -11.0, 8.0, -8.0, 13.0, -13.0, 11.0, -11.0, 10.0, 5.0, -10.0, -5.0, 0.0]
Q: [0.0, 5.0, 0.0, 11.0, 0.0, 15.0, 0.0, 1.0, 9.0, 1.0, 15.0, 14.0, 0.0, 15.0, 0.0, 11.0, 0.0, 11.0, 0.0, 8.0, 0.0, 13.0, 0.0, 11.0, 0.0, 10.0, 15.0, 5.0, 0.0, 0.0]
B: [0.0, 32.1256095351, 66.9681633164, 70.11261780008999, 88.82664045688999, 119.63649452988999, 152.20593631199, 177.29189527309, 195.97272386819, 200.0267907152, 211.7040911738, 257.1004454107, 273.11499442089996, 295.5017242625, 300.58600602101995, 321.62501517071996, 345.44325141941994, 373.9916374684199, 383.1832611008399, 418.7645585757399, 454.7911773596399, 500.4823303873399, 520.5234507402399, 543.1133238031399, 559.5344904182399, 570.4392299841398, 580.8026032766398, 600.0749642633399, 601.2353383409499, 620.1704047522499]
