Avion: 5      Iteracion: 37

Num Ruta: 38
Ingresos: 32400.0
Costos: 72.4392110259
Utilidad Ruta: 32327.560789
Costo Reducido: 10.4121908852
Nodos: [105, 5, 50, 37, 82, 915]
q: [0, 12.0, -12.0, 15.0, -15.0, 0]
Q: [0, 12.0, 0.0, 15.0, 0.0, 0]
B: [0.0, 469.0, 470.12168890518, 562.0, 582.7946534714999, 607.8598314082]
