Avion: 3      Iteracion: 99

Num Ruta: 65
Ingresos: 118800.0
Costos: 322.22336605
Utilidad Ruta: 118477.776634
Costo Reducido: 2.12256968883
Nodos: [103, 17, 30, 62, 16, 61, 75, 14, 59, 3, 48, 23, 18, 63, 68, 22, 67, 45, 90, 32, 43, 77, 88, 29, 74, 913]
q: [0.0, 5.0, 10.0, -5.0, 5.0, -5.0, -10.0, 8.0, -8.0, 15.0, -15.0, 10.0, 5.0, -5.0, -10.0, 10.0, -10.0, 11.0, -11.0, 6.0, 5.0, -6.0, -5.0, 9.0, -9.0, 0.0]
Q: [0.0, 5.0, 15.0, 10.0, 15.0, 10.0, 0.0, 8.0, 0.0, 15.0, 0.0, 10.0, 15.0, 10.0, 0.0, 10.0, 0.0, 11.0, 0.0, 6.0, 11.0, 5.0, 0.0, 9.0, 0.0, 0.0]
B: [0.0, 24.0, 64.0, 67.14445448369, 72.47609381883, 82.10018525647, 84.97134181786, 112.76728247476, 124.78899424976, 256.0, 261.08428175852, 267.0, 293.0, 316.8182362487, 326.74376782137, 342.50019181287, 364.25487795177, 376.01755218007, 385.20917581249, 422.0, 451.0, 474.5469186944, 488.3458735099, 549.0, 582.7797797802, 601.4169443982]
