Avion: 2      Iteracion: 1

Num Ruta: 5
Ingresos: 184800.0
Costos: 569.662478158
Utilidad Ruta: 184230.337522
Costo Reducido: 246633.038273
Nodos: [102, 16, 61, 24, 30, 69, 10, 75, 55, 1, 46, 3, 48, 36, 81, 22, 67, 45, 90, 28, 73, 25, 70, 5, 50, 41, 86, 7, 20, 52, 65, 912]
q: [0.0, 11.0, -11.0, 12.0, 3.0, -12.0, 12.0, -3.0, -12.0, 7.0, -7.0, 15.0, -15.0, 15.0, -15.0, 10.0, -10.0, 11.0, -11.0, 8.0, -8.0, 10.0, -10.0, 12.0, -12.0, 13.0, -13.0, 5.0, 10.0, -5.0, -10.0, 0.0]
Q: [0.0, 11.0, 0.0, 12.0, 15.0, 3.0, 15.0, 12.0, 0.0, 7.0, 0.0, 15.0, 0.0, 15.0, 0.0, 10.0, 0.0, 11.0, 0.0, 8.0, 0.0, 10.0, 0.0, 12.0, 0.0, 13.0, 0.0, 5.0, 15.0, 10.0, 0.0, 0.0]
B: [0.0, 36.0, 45.624091437640004, 70.85029051714, 89.10719167804, 109.37531307594, 121.16124375624, 139.85429404234, 158.75509193554, 197.17443310634002, 231.41451863484002, 256.0, 261.08428175852, 296.00374706082, 302.95189112956, 321.35614794696, 343.11083408586, 371.0, 380.19162363242, 415.77292110732, 451.79953989122, 455.13291850758, 472.31790081767997, 495.38013672397994, 496.50182562915995, 505.32806344602994, 525.36918379893, 535.77934196293, 544.5222963834899, 573.7683037690899, 586.7319883147899, 608.3242086961899]
