Avion: 1      Iteracion: 44

Num Ruta: 45
Ingresos: 74400.0
Costos: 217.509269075
Utilidad Ruta: 74182.4907309
Costo Reducido: 5.68335667715
Nodos: [101, 30, 16, 61, 75, 24, 69, 1, 46, 45, 90, 19, 8, 64, 53, 911]
q: [0.0, 11.0, 4.0, -4.0, -11.0, 14.0, -14.0, 7.0, -7.0, 11.0, -11.0, 7.0, 8.0, -7.0, -8.0, 0.0]
Q: [0.0, 11.0, 15.0, 11.0, 0.0, 14.0, 0.0, 7.0, 0.0, 11.0, 0.0, 7.0, 15.0, 8.0, 0.0, 0.0]
B: [0.0, 64.0, 72.20259129788, 81.82668273552001, 84.69783929691, 109.43181018721, 147.94476048971, 175.0, 209.2400855285, 371.0, 380.19162363242, 402.0, 425.1608815463, 443.1178409771, 446.04596016866, 453.01867327046]
