Avion: 7      Iteracion: 29

Num Ruta: 31
Ingresos: 57600.0
Costos: 251.432889687
Utilidad Ruta: 57348.5671103
Costo Reducido: 12.2392657275
Nodos: [107, 16, 61, 14, 59, 42, 44, 89, 35, 87, 80, 8, 53, 917]
q: [0.0, 11.0, -11.0, 8.0, -8.0, 5.0, 10.0, -10.0, 6.0, -5.0, -6.0, 8.0, -8.0, 0.0]
Q: [0.0, 11.0, 0.0, 8.0, 0.0, 5.0, 15.0, 5.0, 11.0, 6.0, 0.0, 8.0, 0.0, 0.0]
B: [0.0, 36.0, 45.624091437640004, 112.0, 124.021711775, 239.0, 261.4203115277, 315.42768593159997, 335.8438993415, 339.90034914398, 355.97455811368, 414.0, 434.768396616, 451.3695073319]
