Avion: 6      Iteracion: 15

Num Ruta: 19
Ingresos: 121200.0
Costos: 533.480779761
Utilidad Ruta: 120666.51922
Costo Reducido: 2681.78375133
Nodos: [106, 16, 61, 10, 55, 31, 11, 76, 56, 35, 80, 22, 67, 28, 39, 73, 25, 70, 84, 6, 51, 43, 20, 88, 38, 83, 65, 916]
q: [0.0, 11.0, -11.0, 12.0, -12.0, 6.0, 8.0, -6.0, -8.0, 6.0, -6.0, 10.0, -10.0, 8.0, 7.0, -8.0, 8.0, -8.0, -7.0, 5.0, -5.0, 5.0, 7.0, -5.0, 8.0, -8.0, -7.0, 0.0]
Q: [0.0, 11.0, 0.0, 12.0, 0.0, 6.0, 14.0, 8.0, 0.0, 6.0, 0.0, 10.0, 0.0, 8.0, 15.0, 7.0, 15.0, 7.0, 0.0, 5.0, 0.0, 5.0, 12.0, 7.0, 15.0, 7.0, 0.0, 0.0]
B: [0.0, 36.0, 45.624091437640004, 96.0, 125.5195107344, 165.1276650716, 178.3103942655, 178.789273164597, 182.483651732097, 279.0, 298.9128833924, 314.02713802169995, 335.78182416059997, 378.8329878615, 390.15400018369996, 421.58340757549996, 424.91678619185996, 442.10176850195995, 461.00887965095995, 467.69712381515996, 471.38941321334994, 506.80035629594994, 515.4933591143099, 524.4335881941499, 534.5687520310499, 567.4376386717499, 594.8146463972499, 632.57588181135]
