Avion: 3      Iteracion: 41

Num Ruta: 39
Ingresos: 106800.0
Costos: 342.052994401
Utilidad Ruta: 106457.947006
Costo Reducido: 30.9934854515
Nodos: [103, 17, 30, 62, 16, 61, 75, 24, 69, 1, 46, 42, 3, 48, 23, 68, 35, 87, 80, 5, 50, 6, 51, 913]
q: [0.0, 5.0, 10.0, -5.0, 5.0, -5.0, -10.0, 14.0, -14.0, 7.0, -7.0, 5.0, 10.0, -10.0, 10.0, -10.0, 6.0, -5.0, -6.0, 12.0, -12.0, 5.0, -5.0, 0.0]
Q: [0.0, 5.0, 15.0, 10.0, 15.0, 10.0, 0.0, 14.0, 0.0, 7.0, 0.0, 5.0, 15.0, 5.0, 15.0, 5.0, 11.0, 6.0, 0.0, 12.0, 0.0, 5.0, 0.0, 0.0]
B: [0.0, 24.0, 64.0, 67.14445448369, 72.47609381883, 82.10018525647, 84.97134181786, 109.70531270816, 148.21826301066, 175.0, 209.2400855285, 239.0, 257.4606418632, 262.54492362172, 267.0, 306.733842905, 336.2538785588, 340.31032836128, 356.38453733098004, 469.0, 470.12168890518, 486.34528175638, 490.03757115457, 506.76270959947]
