Avion: 1      Iteracion: 47

Num Ruta: 48
Ingresos: 105600.0
Costos: 281.675958407
Utilidad Ruta: 105318.324042
Costo Reducido: 1.21562872178
Nodos: [101, 30, 16, 61, 75, 24, 69, 36, 81, 34, 79, 39, 28, 84, 13, 58, 73, 25, 70, 911]
q: [0.0, 11.0, 4.0, -4.0, -11.0, 14.0, -14.0, 15.0, -15.0, 12.0, -12.0, 7.0, 8.0, -7.0, 7.0, -7.0, -8.0, 10.0, -10.0, 0.0]
Q: [0.0, 11.0, 15.0, 11.0, 0.0, 14.0, 0.0, 15.0, 0.0, 12.0, 0.0, 7.0, 15.0, 8.0, 15.0, 8.0, 0.0, 10.0, 0.0, 0.0]
B: [0.0, 64.0, 72.20259129788, 81.82668273552001, 84.69783929691, 109.43181018721, 147.94476048971, 251.0, 257.94814406874, 283.0, 323.947598037, 388.0, 399.3210123222, 412.3114993416, 423.0, 439.88315095, 462.92158097460003, 466.25495959096, 483.43994190106, 494.28034581416]
