Avion: 6      Iteracion: 57

Num Ruta: 56
Ingresos: 36000.0
Costos: 71.6876072738
Utilidad Ruta: 35928.3123927
Costo Reducido: 11.8001122109
Nodos: [106, 40, 85, 41, 5, 50, 86, 916]
q: [0.0, 15.0, -15.0, 13.0, 2.0, -2.0, -13.0, 0.0]
Q: [0.0, 15.0, 0.0, 13.0, 15.0, 13.0, 0.0, 0.0]
B: [0.0, 62.0, 94.5694417821, 446.0, 469.0, 470.12168890518, 481.43821014628, 488.99366115863]
