Avion: 1      Iteracion: 10

Num Ruta: 12
Ingresos: 122400.0
Costos: 489.489352631
Utilidad Ruta: 121910.510647
Costo Reducido: 170153.799661
Nodos: [101, 9, 54, 12, 16, 61, 57, 10, 55, 36, 81, 35, 80, 18, 63, 28, 32, 25, 73, 70, 77, 6, 51, 5, 50, 911]
q: [0.0, 11.0, -11.0, 14.0, 1.0, -1.0, -14.0, 12.0, -12.0, 15.0, -15.0, 6.0, -6.0, 11.0, -11.0, 8.0, 6.0, 1.0, -8.0, -1.0, -6.0, 5.0, -5.0, 12.0, -12.0, 0.0]
Q: [0.0, 11.0, 0.0, 14.0, 15.0, 14.0, 0.0, 12.0, 0.0, 15.0, 0.0, 6.0, 0.0, 11.0, 0.0, 8.0, 14.0, 15.0, 7.0, 6.0, 0.0, 5.0, 0.0, 12.0, 0.0, 0.0]
B: [0.0, 28.0, 57.5272370025, 68.3142737596, 92.64912302970001, 102.27321446734001, 122.50949735234002, 131.22726770949, 160.74677844389, 251.0, 257.94814406874, 308.86250452824004, 328.77538792064, 351.66624131234, 375.48447756103997, 384.61798033927, 422.0, 442.6664482919, 445.99982690826, 463.30591566336, 474.29098393806, 494.68295571616, 498.37524511435, 516.76410532915, 517.88579423433, 532.9275194678299]
