Avion: 7      Iteracion: 76

Num Ruta: 71
Ingresos: 84000.0
Costos: 231.043767101
Utilidad Ruta: 83768.9562329
Costo Reducido: 6.41227017356
Nodos: [107, 24, 69, 36, 81, 34, 79, 39, 84, 6, 51, 33, 78, 27, 72, 917]
q: [0, 14.0, -14.0, 15.0, -15.0, 12.0, -12.0, 8.0, -8.0, 5.0, -5.0, 10.0, -10.0, 6.0, -6.0, 0]
Q: [0, 14.0, 0.0, 15.0, 0.0, 12.0, 0.0, 8.0, 0.0, 5.0, 0.0, 10.0, 0.0, 6.0, 0.0, 0]
B: [0.0, 61.0, 99.5129503025, 251.0, 257.94814406874, 283.0, 323.947598037, 388.0, 410.632187455, 436.0, 439.69228939819, 562.0, 585.3035112376, 592.52226459258, 609.55312696068, 615.1305631100199]
