Avion: 5      Iteracion: 42

Num Ruta: 42
Ingresos: 6000.0
Costos: 38.2106271323
Utilidad Ruta: 5961.78937287
Costo Reducido: 5.88117692537
Nodos: [105, 6, 51, 915]
q: [0, 5.0, -5.0, 0]
Q: [0, 5.0, 0.0, 0]
B: [0.0, 436.0, 439.69228939819, 467.65668892688996]
