Avion: 5      Iteracion: 38

Num Ruta: 39
Ingresos: 31200.0
Costos: 80.0288830986
Utilidad Ruta: 31119.9711169
Costo Reducido: 8.1446456788
Nodos: [105, 16, 61, 37, 82, 915]
q: [0, 11.0, -11.0, 15.0, -15.0, 0]
Q: [0, 11.0, 0.0, 15.0, 0.0, 0]
B: [0.0, 36.0, 45.624091437640004, 562.0, 582.7946534714999, 607.8598314082]
