Avion: 7      Iteracion: 55

Num Ruta: 56
Ingresos: 81600.0
Costos: 246.770904456
Utilidad Ruta: 81353.2290955
Costo Reducido: 6.4520637626
Nodos: [107, 40, 16, 61, 85, 14, 59, 23, 18, 63, 68, 13, 58, 20, 4, 49, 65, 917]
q: [0.0, 15.0, 0.0, 0.0, -15.0, 8.0, -8.0, 4.0, 11.0, -11.0, -4.0, 15.0, -15.0, 10.0, 5.0, -5.0, -10.0, 0.0]
Q: [0.0, 15.0, 15.0, 15.0, 0.0, 8.0, 0.0, 4.0, 15.0, 4.0, 0.0, 15.0, 0.0, 10.0, 15.0, 10.0, 0.0, 0.0]
B: [0.0, 62.0, 86.5836396004, 96.20773103804001, 98.20027965727002, 126.77868158947001, 138.80039336447, 267.0, 293.0, 316.8182362487, 326.74376782137, 423.0, 439.88315095, 496.0, 529.0, 549.4257496801999, 561.2869729308, 574.1676239236999]
