Avion: 4      Iteracion: 36

Num Ruta: 38
Ingresos: 39600.0
Costos: 118.612454343
Utilidad Ruta: 39481.3875457
Costo Reducido: 0.193736061985
Nodos: [104, 31, 76, 34, 79, 13, 58, 914]
q: [0, 6.0, -6.0, 12.0, -12.0, 15.0, -15.0, 0]
Q: [0, 6.0, 0.0, 12.0, 0.0, 15.0, 0.0, 0]
B: [0.0, 130.0, 143.3056140031, 283.0, 323.947598037, 423.0, 439.88315095, 450.6988751051]
