Avion: 6      Iteracion: 4

Num Ruta: 8
Ingresos: 168000.0
Costos: 520.145800457
Utilidad Ruta: 167479.8542
Costo Reducido: 367181.977603
Nodos: [106, 16, 61, 12, 57, 31, 14, 59, 76, 11, 56, 34, 79, 22, 67, 45, 90, 19, 8, 64, 53, 41, 50, 5, 86, 43, 21, 88, 38, 83, 66, 916]
q: [0.0, 11.0, -11.0, 14.0, -14.0, 6.0, 8.0, -8.0, -6.0, 8.0, -8.0, 12.0, -12.0, 10.0, -10.0, 11.0, -11.0, 7.0, 8.0, -7.0, -8.0, 13.0, -12.0, 12.0, -13.0, 5.0, 7.0, -5.0, 8.0, -8.0, -7.0, 0.0]
Q: [0.0, 11.0, 0.0, 14.0, 0.0, 6.0, 14.0, 6.0, 0.0, 8.0, 0.0, 12.0, 0.0, 10.0, 0.0, 11.0, 0.0, 7.0, 15.0, 8.0, 0.0, 13.0, 1.0, 13.0, 0.0, 5.0, 12.0, 7.0, 15.0, 7.0, 0.0, 0.0]
B: [0.0, 36.0, 45.624091437640004, 79.57799432084, 122.92591858484, 143.84325197134, 161.36293438854, 173.38464616354, 202.45020313394, 202.929082033037, 206.983148880047, 283.0, 323.947598037, 353.69889745399996, 375.4535835929, 387.2162578212, 396.40788145361995, 408.24973570031995, 431.41061724661995, 449.36757667741995, 452.2956958689799, 468.3154259540799, 477.1416637709499, 478.2633526761299, 490.2892407930299, 500.6553861229299, 511.3967088068299, 518.67971622135, 528.81488005825, 561.68376669895, 568.75369527002, 606.36422307802]
