Avion: 5      Iteracion: 21

Num Ruta: 23
Ingresos: 18000.0
Costos: 80.4895756491
Utilidad Ruta: 17919.5104244
Costo Reducido: 80.5560236133
Nodos: [105, 27, 72, 2, 47, 915]
q: [0, 6.0, -6.0, 9.0, -9.0, 0]
Q: [0, 6.0, 0.0, 9.0, 0.0, 0]
B: [0.0, 538.0, 555.0308623681, 566.4829354555, 607.2178975029, 618.2739811223]
