Avion: 7      Iteracion: 20

Num Ruta: 22
Ingresos: 142800.0
Costos: 385.926468886
Utilidad Ruta: 142414.073531
Costo Reducido: 223.958621811
Nodos: [107, 30, 16, 61, 75, 24, 69, 1, 11, 56, 46, 3, 48, 23, 18, 63, 68, 26, 71, 5, 50, 6, 51, 27, 29, 74, 72, 917]
q: [0.0, 4.0, 11.0, -11.0, -4.0, 14.0, -14.0, 7.0, 8.0, -8.0, -7.0, 15.0, -15.0, 10.0, 5.0, -5.0, -10.0, 13.0, -13.0, 12.0, -12.0, 5.0, -5.0, 6.0, 9.0, -9.0, -6.0, 0.0]
Q: [0.0, 4.0, 15.0, 4.0, 0.0, 14.0, 0.0, 7.0, 15.0, 7.0, 0.0, 15.0, 0.0, 10.0, 15.0, 10.0, 0.0, 13.0, 0.0, 12.0, 0.0, 5.0, 0.0, 6.0, 15.0, 6.0, 0.0, 0.0]
B: [0.0, 64.0, 72.20259129788, 81.82668273552001, 84.69783929691, 109.43181018721, 147.94476048971, 175.0, 193.6808285951, 197.73489544211, 232.05062478011, 256.0, 261.08428175852, 267.0, 293.0, 316.8182362487, 326.74376782137, 346.43014059547, 364.00936856487, 469.0, 470.12168890518, 486.34528175638, 490.03757115457, 538.0, 563.6018082369, 597.3815880171, 612.8289655939, 618.4064017432399]
