Avion: 4      Iteracion: 59

Num Ruta: 52
Ingresos: 117600.0
Costos: 333.965799551
Utilidad Ruta: 117266.0342
Costo Reducido: 16.3231718871
Nodos: [104, 30, 75, 16, 61, 11, 56, 34, 79, 39, 28, 84, 13, 58, 73, 25, 21, 70, 38, 66, 83, 33, 78, 914]
q: [0.0, 11.0, -11.0, 11.0, -11.0, 8.0, -8.0, 12.0, -12.0, 8.0, 7.0, -8.0, 8.0, -8.0, -7.0, 8.0, 7.0, -8.0, 8.0, -7.0, -8.0, 10.0, -10.0, 0.0]
Q: [0.0, 11.0, 0.0, 11.0, 0.0, 8.0, 0.0, 12.0, 0.0, 8.0, 15.0, 7.0, 15.0, 7.0, 0.0, 8.0, 15.0, 7.0, 15.0, 8.0, 0.0, 10.0, 0.0, 0.0]
B: [0.0, 64.0, 82.7140226568, 93.53069441849999, 103.15478585614, 169.0, 173.05406684701, 283.0, 323.947598037, 388.0, 399.3210123222, 412.3114993416, 423.0, 439.88315095, 462.92158097460003, 466.25495959096, 477.0, 485.168713485, 489.49037624371, 523.97275662851, 531.04268519958, 562.0, 585.3035112376, 598.519619061]
