Avion: 2      Iteracion: 20

Num Ruta: 23
Ingresos: 205200.0
Costos: 596.692273366
Utilidad Ruta: 204603.307727
Costo Reducido: 341.3621856
Nodos: [102, 17, 30, 62, 16, 61, 75, 24, 69, 31, 11, 76, 56, 1, 46, 3, 48, 23, 18, 68, 63, 26, 71, 45, 90, 32, 43, 88, 77, 5, 50, 2, 4, 47, 7, 52, 49, 37, 82, 912]
q: [0.0, 5.0, 4.0, -5.0, 11.0, -11.0, -4.0, 14.0, -14.0, 6.0, 8.0, -6.0, -8.0, 7.0, -7.0, 15.0, -15.0, 10.0, 5.0, -10.0, -5.0, 13.0, -13.0, 11.0, -11.0, 6.0, 5.0, -5.0, -6.0, 12.0, -12.0, 9.0, 5.0, -9.0, 10.0, -10.0, -5.0, 15.0, -15.0, 0.0]
Q: [0.0, 5.0, 9.0, 4.0, 15.0, 4.0, 0.0, 14.0, 0.0, 6.0, 14.0, 8.0, 0.0, 7.0, 0.0, 15.0, 0.0, 10.0, 15.0, 5.0, 0.0, 13.0, 0.0, 11.0, 0.0, 6.0, 11.0, 6.0, 0.0, 12.0, 0.0, 9.0, 14.0, 5.0, 15.0, 5.0, 0.0, 15.0, 0.0, 0.0]
B: [0.0, 36.2584976247, 69.8722092317, 73.01666371539, 78.34830305052999, 87.97239448817, 90.84355104955999, 115.57752193985999, 154.09047224236, 165.37482999986, 178.55755919376, 179.036438092857, 182.730816660357, 205.400268197657, 239.640353726157, 256.0, 261.08428175852, 267.0, 293.0, 318.4393114097, 328.36484298237, 357.36635980477, 374.94558777417, 398.47174020077, 407.66336383319, 422.0, 451.0, 468.262321107, 482.0612759225, 507.0035109867, 508.12519989188, 522.20725034628, 549.57878294858, 563.02953876378, 574.5362648837801, 603.07757669668, 604.23795077429, 611.30232286245, 632.0969763339499, 648.91783814305]
