Avion: 3      Iteracion: 21

Num Ruta: 23
Ingresos: 48000.0
Costos: 170.301722016
Utilidad Ruta: 47829.698278
Costo Reducido: 74.5634629411
Nodos: [103, 17, 62, 16, 61, 2, 4, 47, 7, 52, 49, 913]
q: [0, 5.0, -5.0, 11.0, -11.0, 9.0, 5.0, -9.0, 10.0, -10.0, -5.0, 0]
Q: [0, 5.0, 0.0, 11.0, 0.0, 9.0, 14.0, 5.0, 15.0, 5.0, 0.0, 0]
B: [0.0, 24.0, 58.8425537813, 64.17419311644, 73.79828455408, 522.0, 549.3715326023, 562.8222884175, 574.3290145375, 602.8703263504, 604.0307004280099, 634.7302490892099]
