Avion: 6      Iteracion: 9

Num Ruta: 13
Ingresos: 142800.0
Costos: 417.684213316
Utilidad Ruta: 142382.315787
Costo Reducido: 140379.812066
Nodos: [106, 14, 59, 11, 56, 36, 81, 34, 79, 26, 71, 45, 90, 32, 25, 70, 77, 41, 86, 7, 4, 52, 49, 2, 47, 916]
q: [0.0, 8.0, -8.0, 8.0, -8.0, 15.0, -15.0, 12.0, -12.0, 13.0, -13.0, 11.0, -11.0, 6.0, 9.0, -9.0, -6.0, 13.0, -13.0, 10.0, 5.0, -10.0, -5.0, 9.0, -9.0, 0.0]
Q: [0.0, 8.0, 0.0, 8.0, 0.0, 15.0, 0.0, 12.0, 0.0, 13.0, 0.0, 11.0, 0.0, 6.0, 15.0, 6.0, 0.0, 13.0, 0.0, 10.0, 15.0, 5.0, 0.0, 9.0, 0.0, 0.0]
B: [0.0, 112.0, 124.021711775, 169.0, 173.05406684701, 251.0, 257.94814406874, 283.0, 323.947598037, 358.0226741044, 375.6019020738, 399.12805450039997, 408.31967813281994, 422.0, 442.6664482919, 459.851430602, 470.8364988767, 502.878190249, 522.9193106019, 533.3294687659, 543.6928420584, 562.9652030451, 564.12557712271, 573.58004363331, 614.31500568071, 628.16369605201]
