Avion: 5      Iteracion: 40

Num Ruta: 40
Ingresos: 20400.0
Costos: 106.488218042
Utilidad Ruta: 20293.511782
Costo Reducido: 30.9179986863
Nodos: [105, 1, 46, 23, 68, 915]
q: [0, 7.0, -7.0, 10.0, -10.0, 0]
Q: [0, 7.0, 0.0, 10.0, 0.0, 0]
B: [0.0, 175.0, 209.2400855285, 267.0, 306.733842905, 326.03493948010004]
