Avion: 1      Iteracion: 22

Num Ruta: 23
Ingresos: 103200.0
Costos: 329.256018615
Utilidad Ruta: 102870.743981
Costo Reducido: 173.998503628
Nodos: [101, 9, 54, 40, 85, 14, 59, 3, 48, 23, 18, 63, 68, 28, 39, 73, 19, 64, 84, 911]
q: [0.0, 11.0, -11.0, 15.0, -15.0, 8.0, -8.0, 15.0, -15.0, 10.0, 5.0, -5.0, -10.0, 8.0, 7.0, -8.0, 7.0, -7.0, -7.0, 0.0]
Q: [0.0, 11.0, 0.0, 15.0, 0.0, 8.0, 0.0, 15.0, 0.0, 10.0, 15.0, 10.0, 0.0, 8.0, 15.0, 7.0, 14.0, 7.0, 0.0, 0.0]
B: [0.0, 28.0, 57.5272370025, 86.4860319533, 119.0554737354, 147.6338756676, 159.6555874426, 256.0, 261.08428175852, 267.0, 293.0, 316.8182362487, 326.74376782137, 378.0, 389.3210123222, 420.750419714, 433.28621298769997, 459.91332927919996, 466.22853133455993, 474.3272144991199]
