Avion: 3      Iteracion: 28

Num Ruta: 30
Ingresos: 18000.0
Costos: 93.9369015942
Utilidad Ruta: 17906.0630984
Costo Reducido: 1.40467965212
Nodos: [103, 21, 38, 66, 83, 913]
q: [0.0, 13.0, 2.0, -13.0, -2.0, 0.0]
Q: [0.0, 13.0, 15.0, 2.0, 0.0, 0.0]
B: [0.0, 477.0, 483.82291294097, 518.30529332577, 525.37522189684, 535.33919725811]
