Avion: 1      Iteracion: 33

Num Ruta: 34
Ingresos: 44400.0
Costos: 114.309668766
Utilidad Ruta: 44285.6903312
Costo Reducido: 48.7441996497
Nodos: [101, 30, 75, 45, 90, 7, 4, 52, 49, 911]
q: [0, 11.0, -11.0, 11.0, -11.0, 10.0, 5.0, -10.0, -5.0, 0]
Q: [0, 11.0, 0.0, 11.0, 0.0, 10.0, 15.0, 5.0, 0.0, 0]
B: [0.0, 64.0, 82.7140226568, 371.0, 380.19162363242, 517.0, 529.0, 548.2723609867, 549.43273506431, 568.36780147561]
