Avion: 3      Iteracion: 44

Num Ruta: 42
Ingresos: 73200.0
Costos: 238.195860816
Utilidad Ruta: 72961.8041392
Costo Reducido: 27.5985752781
Nodos: [103, 17, 30, 62, 16, 61, 75, 40, 85, 8, 45, 90, 32, 19, 5, 50, 64, 53, 77, 913]
q: [0.0, 5.0, 10.0, -5.0, 5.0, -5.0, -10.0, 15.0, -15.0, 2.0, 11.0, -11.0, 6.0, 7.0, 0.0, 0.0, -7.0, -2.0, -6.0, 0.0]
Q: [0.0, 5.0, 15.0, 10.0, 15.0, 10.0, 0.0, 15.0, 0.0, 2.0, 13.0, 2.0, 8.0, 15.0, 15.0, 15.0, 8.0, 6.0, 0.0, 0.0]
B: [0.0, 24.0, 64.0, 67.14445448369, 72.47609381883, 82.10018525647, 84.97134181786, 115.78119589085999, 148.35063767295998, 414.0, 417.40515271317, 426.59677634559, 428.13238729892, 439.84730193791995, 469.0, 470.12168890518, 478.47762499876, 481.40574419032, 497.45484291892, 518.06473612582]
