Avion: 1      Iteracion: 71

Num Ruta: 65
Ingresos: 97200.0
Costos: 247.928343669
Utilidad Ruta: 96952.0716563
Costo Reducido: 2.32057751618
Nodos: [101, 16, 61, 40, 85, 31, 11, 76, 56, 25, 43, 70, 88, 15, 60, 7, 4, 52, 49, 911]
q: [0, 11.0, -11.0, 15.0, -15.0, 6.0, 8.0, -6.0, -8.0, 10.0, 5.0, -10.0, -5.0, 11.0, -11.0, 10.0, 5.0, -10.0, -5.0, 0]
Q: [0, 11.0, 0.0, 15.0, 0.0, 6.0, 14.0, 8.0, 0.0, 10.0, 15.0, 5.0, 0.0, 11.0, 0.0, 10.0, 15.0, 5.0, 0.0, 0]
B: [0.0, 36.0, 45.624091437640004, 77.27284989674001, 109.84229167884001, 133.18078068304, 169.0, 169.478878899097, 173.173257466597, 410.0, 451.0, 464.0372215215, 471.78639754221, 511.0, 527.4211666151, 538.3259061809999, 548.6892794734999, 567.9616404602, 569.12201453781, 588.05708094911]
