Avion: 1      Iteracion: 21

Num Ruta: 22
Ingresos: 97200.0
Costos: 300.451021144
Utilidad Ruta: 96899.5489789
Costo Reducido: 127.431096559
Nodos: [101, 16, 61, 12, 57, 31, 76, 36, 81, 34, 79, 28, 73, 19, 8, 64, 53, 911]
q: [0, 11.0, -11.0, 14.0, -14.0, 6.0, -6.0, 15.0, -15.0, 12.0, -12.0, 8.0, -8.0, 7.0, 8.0, -7.0, -8.0, 0]
Q: [0, 11.0, 0.0, 14.0, 0.0, 6.0, 0.0, 15.0, 0.0, 12.0, 0.0, 8.0, 0.0, 7.0, 15.0, 8.0, 0.0, 0]
B: [0.0, 36.0, 45.624091437640004, 79.57799432084, 122.92591858484, 143.84325197134, 157.14886597444, 251.0, 257.94814406874, 283.0, 323.947598037, 378.0, 414.0266187839, 426.5624120576, 449.7232936039, 467.6802530347, 470.60837222626, 477.58108532806]
