Avion: 1      Iteracion: 14

Num Ruta: 15
Ingresos: 126000.0
Costos: 512.996238019
Utilidad Ruta: 125487.003762
Costo Reducido: 29411.807254
Nodos: [101, 9, 54, 40, 85, 31, 14, 59, 76, 1, 46, 36, 81, 22, 67, 28, 73, 39, 84, 6, 51, 5, 50, 911]
q: [0, 11.0, -11.0, 15.0, -15.0, 6.0, 8.0, -8.0, -6.0, 7.0, -7.0, 15.0, -15.0, 10.0, -10.0, 8.0, -8.0, 8.0, -8.0, 5.0, -5.0, 12.0, -12.0, 0]
Q: [0, 11.0, 0.0, 15.0, 0.0, 6.0, 14.0, 6.0, 0.0, 7.0, 0.0, 15.0, 0.0, 10.0, 0.0, 8.0, 0.0, 8.0, 0.0, 5.0, 0.0, 12.0, 0.0, 0]
B: [0.0, 28.0, 57.5272370025, 86.4860319533, 119.0554737354, 142.3939627396, 159.9136451568, 171.9353569318, 201.00091390219998, 219.99060800189997, 254.23069353039998, 288.1785971623, 295.12674123104, 313.53099804844, 335.28568418734, 378.33684788824, 414.36346667214, 445.79287406394, 468.42506151894, 475.11330568314, 478.80559508133, 497.19445529613, 498.31614420131, 513.35786943481]
