Avion: 1      Iteracion: 65

Num Ruta: 62
Ingresos: 118800.0
Costos: 304.40084031
Utilidad Ruta: 118495.59916
Costo Reducido: 5.23255749833
Nodos: [101, 16, 61, 9, 54, 14, 59, 11, 56, 36, 81, 34, 79, 39, 28, 84, 13, 58, 73, 15, 60, 911]
q: [0.0, 11.0, -11.0, 11.0, -11.0, 8.0, -8.0, 8.0, -8.0, 15.0, -15.0, 12.0, -12.0, 8.0, 7.0, -8.0, 8.0, -8.0, -7.0, 11.0, -11.0, 0.0]
Q: [0.0, 11.0, 0.0, 11.0, 0.0, 8.0, 0.0, 8.0, 0.0, 15.0, 0.0, 12.0, 0.0, 8.0, 15.0, 7.0, 15.0, 7.0, 0.0, 11.0, 0.0, 0.0]
B: [0.0, 36.0, 45.624091437640004, 75.68094759394, 105.20818459644, 115.46499131194001, 127.48670308694001, 169.0, 173.05406684701, 251.0, 257.94814406874, 283.0, 323.947598037, 388.0, 399.3210123222, 412.3114993416, 423.0, 439.88315095, 462.92158097460003, 511.0, 527.4211666151, 535.75192030249]
