Avion: 7      Iteracion: 69

Num Ruta: 68
Ingresos: 40800.0
Costos: 137.696938242
Utilidad Ruta: 40662.3030618
Costo Reducido: 3.28898894546
Nodos: [107, 12, 57, 6, 51, 27, 7, 52, 72, 917]
q: [0.0, 14.0, -14.0, 5.0, -5.0, 5.0, 10.0, -10.0, -5.0, 0.0]
Q: [0.0, 14.0, 0.0, 5.0, 0.0, 5.0, 15.0, 5.0, 0.0, 0.0]
B: [0.0, 54.0, 97.347924264, 436.0, 439.69228939819, 538.0, 565.6633233723, 594.2046351852, 598.60455575266, 604.1819919019999]
