Avion: 7      Iteracion: 48

Num Ruta: 50
Ingresos: 94800.0
Costos: 303.788969997
Utilidad Ruta: 94496.21103
Costo Reducido: 48.5061660661
Nodos: [107, 9, 54, 42, 3, 48, 23, 87, 35, 80, 68, 28, 43, 73, 15, 88, 20, 60, 7, 52, 65, 917]
q: [0.0, 11.0, -11.0, 5.0, 10.0, -10.0, 10.0, -5.0, 5.0, -5.0, -10.0, 8.0, 5.0, -8.0, 10.0, -5.0, 5.0, -10.0, 10.0, -10.0, -5.0, 0.0]
Q: [0.0, 11.0, 0.0, 5.0, 15.0, 5.0, 15.0, 10.0, 15.0, 10.0, 0.0, 8.0, 13.0, 5.0, 15.0, 10.0, 15.0, 5.0, 15.0, 5.0, 0.0, 0.0]
B: [0.0, 28.0, 57.5272370025, 239.0, 257.4606418632, 262.54492362172, 267.0, 304.0156388571, 308.07208865958, 327.98497205198, 340.60351753078, 378.0, 451.0, 467.5718045185, 511.0, 521.2530082415, 530.19323732134, 536.32708937368, 547.2318289395799, 575.7731407524799, 588.7368252981798, 601.6174762910798]
