Avion: 6      Iteracion: 23

Num Ruta: 27
Ingresos: 55200.0
Costos: 201.958780227
Utilidad Ruta: 54998.0412198
Costo Reducido: 88.9430824055
Nodos: [106, 9, 54, 11, 56, 34, 79, 28, 25, 70, 73, 916]
q: [0.0, 11.0, -11.0, 8.0, -8.0, 12.0, -12.0, 5.0, 10.0, -10.0, -5.0, 0.0]
Q: [0.0, 11.0, 0.0, 8.0, 0.0, 12.0, 0.0, 5.0, 15.0, 5.0, 0.0, 0.0]
B: [0.0, 28.0, 57.5272370025, 169.0, 173.05406684701, 283.0, 323.947598037, 378.0, 414.5748134377, 431.7597957478, 449.0658845029, 469.0018526008]
