Avion: 7      Iteracion: 60

Num Ruta: 60
Ingresos: 132000.0
Costos: 351.707081115
Utilidad Ruta: 131648.292919
Costo Reducido: 11.865482057
Nodos: [107, 12, 16, 61, 57, 1, 46, 3, 48, 23, 18, 63, 68, 26, 71, 13, 58, 20, 4, 49, 65, 37, 82, 917]
q: [0.0, 14.0, 1.0, -1.0, -14.0, 7.0, -7.0, 15.0, -15.0, 10.0, 5.0, -5.0, -10.0, 13.0, -13.0, 15.0, -15.0, 10.0, 5.0, -5.0, -10.0, 15.0, -15.0, 0.0]
Q: [0.0, 14.0, 15.0, 14.0, 0.0, 7.0, 0.0, 15.0, 0.0, 10.0, 15.0, 10.0, 0.0, 13.0, 0.0, 15.0, 0.0, 10.0, 15.0, 10.0, 0.0, 15.0, 0.0, 0.0]
B: [0.0, 54.0, 78.3348492701, 87.95894070774, 108.19522359274, 175.0, 209.2400855285, 256.0, 261.08428175852, 267.0, 293.0, 316.8182362487, 326.74376782137, 346.43014059547, 364.00936856487, 423.0, 439.88315095, 496.0, 529.0, 549.4257496801999, 561.2869729308, 572.8644908859, 593.6591443574, 613.7308765447]
