Avion: 2      Iteracion: 14

Num Ruta: 18
Ingresos: 121200.0
Costos: 483.450685572
Utilidad Ruta: 120716.549314
Costo Reducido: 37637.4809189
Nodos: [102, 30, 75, 40, 85, 1, 46, 36, 81, 22, 67, 39, 6, 51, 84, 15, 60, 29, 74, 33, 78, 912]
q: [0, 11.0, -11.0, 15.0, -15.0, 7.0, -7.0, 15.0, -15.0, 10.0, -10.0, 8.0, 5.0, -5.0, -8.0, 11.0, -11.0, 9.0, -9.0, 10.0, -10.0, 0]
Q: [0, 11.0, 0.0, 15.0, 0.0, 7.0, 0.0, 15.0, 0.0, 10.0, 0.0, 8.0, 13.0, 8.0, 0.0, 11.0, 0.0, 9.0, 0.0, 10.0, 0.0, 0]
B: [0.0, 64.0, 82.7140226568, 113.5238767298, 146.0933185119, 175.0, 209.2400855285, 251.0, 257.94814406874, 299.0, 320.7546861389, 388.0, 436.0, 439.69228939819, 449.87740525418997, 511.0, 527.4211666151, 549.0, 582.7797797802, 591.6312714624, 614.9347827, 636.4704690369]
