Avion: 1      Iteracion: 69

Num Ruta: 64
Ingresos: 63600.0
Costos: 216.954666574
Utilidad Ruta: 63383.0453334
Costo Reducido: 5.44150021255
Nodos: [101, 16, 61, 9, 54, 11, 56, 44, 89, 2, 47, 911]
q: [0, 11.0, -11.0, 11.0, -11.0, 8.0, -8.0, 14.0, -14.0, 9.0, -9.0, 0]
Q: [0, 11.0, 0.0, 11.0, 0.0, 8.0, 0.0, 14.0, 0.0, 9.0, 0.0, 0]
B: [0.0, 36.0, 45.624091437640004, 75.68094759394, 105.20818459644, 169.0, 173.05406684701, 211.0, 265.00737440390003, 522.0, 562.7349620474, 578.7787686406]
