Avion: 3      Iteracion: 65

Num Ruta: 52
Ingresos: 102000.0
Costos: 285.004585468
Utilidad Ruta: 101714.995415
Costo Reducido: 5.81364602374
Nodos: [103, 17, 30, 62, 16, 61, 75, 40, 85, 35, 26, 80, 71, 6, 51, 13, 58, 38, 21, 66, 83, 913]
q: [0.0, 5.0, 10.0, -5.0, 5.0, -5.0, -10.0, 15.0, -15.0, 6.0, 9.0, -6.0, -9.0, 5.0, -5.0, 15.0, -15.0, 8.0, 7.0, -7.0, -8.0, 0.0]
Q: [0.0, 5.0, 15.0, 10.0, 15.0, 10.0, 0.0, 15.0, 0.0, 6.0, 15.0, 9.0, 0.0, 5.0, 0.0, 15.0, 0.0, 8.0, 15.0, 8.0, 0.0, 0.0]
B: [0.0, 24.0, 64.0, 67.14445448369, 72.47609381883, 82.10018525647, 84.97134181786, 115.78119589085999, 148.35063767295998, 279.0, 300.0, 309.29300538039, 319.11482114938, 436.0, 439.69228939819, 453.10235550539, 469.98550645539, 483.48056573649, 490.30347867746, 531.04226935666, 538.11219792773, 548.0761732889999]
