Avion: 2      Iteracion: 9

Num Ruta: 13
Ingresos: 129600.0
Costos: 430.980077681
Utilidad Ruta: 129169.019922
Costo Reducido: 144732.873171
Nodos: [102, 14, 59, 11, 56, 44, 42, 89, 35, 87, 80, 26, 71, 39, 84, 41, 86, 32, 43, 77, 88, 15, 60, 7, 27, 52, 72, 912]
q: [0.0, 8.0, -8.0, 8.0, -8.0, 14.0, 1.0, -14.0, 6.0, -1.0, -6.0, 13.0, -13.0, 8.0, -8.0, 13.0, -13.0, 6.0, 5.0, -6.0, -5.0, 11.0, -11.0, 9.0, 6.0, -9.0, -6.0, 0.0]
Q: [0.0, 8.0, 0.0, 8.0, 0.0, 14.0, 15.0, 1.0, 7.0, 6.0, 0.0, 13.0, 0.0, 8.0, 0.0, 13.0, 0.0, 6.0, 11.0, 5.0, 0.0, 11.0, 0.0, 9.0, 15.0, 6.0, 0.0, 0.0]
B: [0.0, 112.0, 124.021711775, 169.0, 173.05406684701, 211.0, 239.0, 276.4881823646, 296.9043957745, 300.96084557698003, 317.03505454668004, 326.32805992707006, 343.90728789647005, 388.0, 410.632187455, 446.0, 466.0411203529, 474.43811338612, 481.6509489589, 505.1978676533, 518.9968224688, 529.2498307103, 545.6709973254, 556.5757368912999, 584.2390602635999, 600.0788351356998, 604.4787557031598, 610.7227391272298]
