Avion: 3      Iteracion: 86

Num Ruta: 61
Ingresos: 140400.0
Costos: 414.421700817
Utilidad Ruta: 139985.578299
Costo Reducido: 0.41923478563
Nodos: [103, 17, 30, 62, 16, 61, 75, 24, 31, 69, 11, 76, 56, 44, 89, 8, 45, 90, 32, 53, 6, 51, 13, 77, 58, 29, 7, 52, 33, 74, 78, 913]
q: [0.0, 5.0, 10.0, -5.0, 5.0, -5.0, -10.0, 14.0, 1.0, -14.0, 8.0, -1.0, -8.0, 14.0, -14.0, 8.0, 7.0, -7.0, 6.0, -8.0, 5.0, -5.0, 9.0, -6.0, -9.0, 5.0, 10.0, -10.0, 10.0, -5.0, -10.0, 0.0]
Q: [0.0, 5.0, 15.0, 10.0, 15.0, 10.0, 0.0, 14.0, 15.0, 1.0, 9.0, 8.0, 0.0, 14.0, 0.0, 8.0, 15.0, 8.0, 14.0, 6.0, 11.0, 6.0, 15.0, 9.0, 0.0, 5.0, 15.0, 5.0, 15.0, 10.0, 0.0, 0.0]
B: [0.0, 24.0, 64.0, 67.14445448369, 72.47609381883, 82.10018525647, 84.97134181786, 109.70531270816, 137.15193918576, 148.43629694326, 169.0, 169.478878899097, 173.173257466597, 211.0, 265.00737440390003, 414.0, 417.40515271317, 426.59677634559, 428.13238729892, 450.51212199352, 459.70279362295, 463.39508302114, 476.80514912834, 490.64732890614005, 494.71827928658007, 549.0, 570.2768523283, 598.8181641412, 608.27819035681, 617.12968203901, 632.54409792151, 651.38283673281]
