Avion: 3      Iteracion: 19

Num Ruta: 21
Ingresos: 111600.0
Costos: 410.364928958
Utilidad Ruta: 111189.635071
Costo Reducido: 250.457020947
Nodos: [103, 17, 62, 9, 54, 31, 76, 14, 59, 23, 18, 63, 68, 6, 51, 13, 58, 15, 60, 38, 83, 29, 74, 913]
q: [0.0, 5.0, -5.0, 11.0, -11.0, 6.0, -6.0, 8.0, -8.0, 10.0, 5.0, -5.0, -10.0, 5.0, -5.0, 15.0, -15.0, 11.0, -11.0, 8.0, -8.0, 9.0, -9.0, 0.0]
Q: [0.0, 5.0, 0.0, 11.0, 0.0, 6.0, 0.0, 8.0, 0.0, 10.0, 15.0, 10.0, 0.0, 5.0, 0.0, 15.0, 0.0, 11.0, 0.0, 8.0, 0.0, 9.0, 0.0, 0.0]
B: [0.0, 24.0, 58.8425537813, 81.72911018459999, 111.25634718709999, 130.0, 143.3056140031, 160.3516205736, 172.3733323486, 267.0, 293.0, 316.8182362487, 326.74376782137, 436.0, 439.69228939819, 453.10235550539, 469.98550645539, 511.0, 527.4211666151, 531.5084323270399, 564.3773189677399, 598.77349462724, 632.55327440744, 651.19043902544]
