Avion: 2      Iteracion: 43

Num Ruta: 42
Ingresos: 49200.0
Costos: 158.357576053
Utilidad Ruta: 49041.6424239
Costo Reducido: 5.64401946372
Nodos: [102, 12, 57, 1, 46, 8, 53, 5, 50, 912]
q: [0, 14.0, -14.0, 7.0, -7.0, 8.0, -8.0, 12.0, -12.0, 0]
Q: [0, 14.0, 0.0, 7.0, 0.0, 8.0, 0.0, 12.0, 0.0, 0]
B: [0.0, 54.0, 97.347924264, 175.0, 209.2400855285, 414.0, 434.768396616, 469.0, 470.12168890518, 473.88797354657]
