Avion: 5      Iteracion: 26

Num Ruta: 28
Ingresos: 33600.0
Costos: 141.526359484
Utilidad Ruta: 33458.4736405
Costo Reducido: 42.0275467313
Nodos: [105, 21, 88, 43, 66, 33, 78, 915]
q: [0.0, 13.0, -5.0, 5.0, -13.0, 10.0, -10.0, 0.0]
Q: [0.0, 13.0, 8.0, 13.0, 0.0, 10.0, 0.0, 0.0]
B: [0.0, 477.0, 484.28300741452, 501.54532852152, 541.01337322862, 562.0, 585.3035112376, 601.5361031748]
