Avion: 4      Iteracion: 0

Num Ruta: 1
Ingresos: 98400.0
Costos: 409.20559956
Utilidad Ruta: 97990.7944004
Costo Reducido: -
Nodos: [104, 1, 46, 36, 81, 34, 79, 25, 70, 13, 58, 21, 66, 20, 65, 914]
q: [0, 7.0, -7.0, 15.0, -15.0, 12.0, -12.0, 10.0, -10.0, 15.0, -15.0, 13.0, -13.0, 10.0, -10.0, 0]
Q: [0, 7.0, 0.0, 15.0, 0.0, 12.0, 0.0, 10.0, 0.0, 15.0, 0.0, 13.0, 0.0, 10.0, 0.0, 0]
B: [0.0, 175.0, 209.2400855285, 251.0, 257.94814406874, 283.0, 323.947598037, 410.0, 427.1849823101, 443.186042775, 460.069193725, 477.0, 517.7387906792, 554.1640824007, 596.3412248477999, 640.2328293410999]
