Avion: 6      Iteracion: 24

Num Ruta: 28
Ingresos: 193200.0
Costos: 546.873208761
Utilidad Ruta: 192653.126791
Costo Reducido: 226.385180244
Nodos: [106, 40, 85, 30, 75, 14, 59, 11, 56, 44, 42, 89, 35, 87, 26, 80, 71, 28, 73, 25, 19, 70, 64, 5, 50, 41, 86, 15, 60, 20, 4, 49, 65, 37, 82, 916]
q: [0.0, 15.0, -15.0, 11.0, -11.0, 8.0, -8.0, 8.0, -8.0, 10.0, 5.0, -10.0, 6.0, -5.0, 9.0, -6.0, -9.0, 8.0, -8.0, 8.0, 7.0, -8.0, -7.0, 12.0, -12.0, 13.0, -13.0, 11.0, -11.0, 10.0, 5.0, -5.0, -10.0, 15.0, -15.0, 0.0]
Q: [0.0, 15.0, 0.0, 11.0, 0.0, 8.0, 0.0, 8.0, 0.0, 10.0, 15.0, 5.0, 11.0, 6.0, 15.0, 9.0, 0.0, 8.0, 0.0, 8.0, 15.0, 7.0, 0.0, 12.0, 0.0, 13.0, 0.0, 11.0, 0.0, 10.0, 15.0, 10.0, 0.0, 15.0, 0.0, 0.0]
B: [0.0, 62.0, 94.5694417821, 113.51249206450001, 132.22651472130002, 160.02245537820002, 172.04416715320002, 201.4925962624, 205.54666310941002, 217.22396356801002, 239.64427509571001, 277.13245746031004, 297.54867087021006, 301.6051206726901, 308.5005992637701, 317.7936046441601, 327.6154204131501, 378.0, 414.0266187839, 417.35999740026, 426.75200464046, 443.42489632125995, 460.21175275715996, 469.0, 470.12168890518, 478.94792672205, 498.98904707495, 521.57892013785, 538.00008675295, 544.13393880529, 554.41308984029, 574.83883952049, 586.70006277109, 598.27758072619, 619.07223419769, 640.37158669959]
