Avion: 6      Iteracion: 82

Num Ruta: 72
Ingresos: 151200.0
Costos: 484.478430349
Utilidad Ruta: 150715.52157
Costo Reducido: 3.69025643921
Nodos: [106, 40, 85, 14, 59, 44, 42, 89, 35, 87, 26, 80, 71, 28, 73, 25, 19, 70, 8, 64, 53, 5, 50, 4, 20, 49, 65, 37, 82, 916]
q: [0.0, 15.0, -15.0, 8.0, -8.0, 10.0, 5.0, -10.0, 6.0, -5.0, 9.0, -6.0, -9.0, 8.0, -8.0, 8.0, 7.0, -8.0, 8.0, -7.0, -8.0, 12.0, -12.0, 5.0, 10.0, -5.0, -10.0, 15.0, -15.0, 0.0]
Q: [0.0, 15.0, 0.0, 8.0, 0.0, 10.0, 15.0, 5.0, 11.0, 6.0, 15.0, 9.0, 0.0, 8.0, 0.0, 8.0, 15.0, 7.0, 15.0, 8.0, 0.0, 12.0, 0.0, 5.0, 15.0, 10.0, 0.0, 15.0, 0.0, 0.0]
B: [0.0, 62.0, 94.5694417821, 123.1478437143, 135.1695554893, 211.0, 239.0, 276.4881823646, 296.9043957745, 300.96084557698003, 307.85632416806004, 317.14932954845005, 326.97114531744006, 378.0, 414.0266187839, 417.35999740026, 426.75200464046, 443.42489632125995, 469.24549617875994, 487.20245560955993, 490.1305748011199, 499.8833856779899, 501.0050745831699, 529.0, 539.279151035, 569.6591407651, 581.5203640157, 593.0978819708, 613.8925354423, 635.1918879442]
