Avion: 7      Iteracion: 78

Num Ruta: 72
Ingresos: 127200.0
Costos: 339.981145632
Utilidad Ruta: 126860.018854
Costo Reducido: 5.32631642481
Nodos: [107, 24, 69, 1, 31, 76, 11, 56, 42, 46, 23, 87, 26, 68, 71, 22, 67, 45, 90, 43, 15, 88, 60, 7, 4, 49, 52, 917]
q: [0.0, 14.0, -14.0, 7.0, 6.0, -6.0, 8.0, -8.0, 5.0, -7.0, 10.0, -5.0, 5.0, -10.0, -5.0, 10.0, -10.0, 11.0, -11.0, 5.0, 10.0, -5.0, -10.0, 10.0, 5.0, -5.0, -10.0, 0.0]
Q: [0.0, 14.0, 0.0, 7.0, 13.0, 7.0, 15.0, 7.0, 12.0, 5.0, 15.0, 10.0, 15.0, 5.0, 0.0, 10.0, 0.0, 11.0, 0.0, 5.0, 15.0, 10.0, 0.0, 10.0, 15.0, 10.0, 0.0, 0.0]
B: [0.0, 61.0, 99.5129503025, 175.0, 183.89376197118, 197.19937597428, 197.678254873377, 201.732321720387, 239.0, 264.0626014013, 268.8931248719, 305.908763729, 312.80424232008, 332.49061509418, 335.55768747676, 349.19186812686, 370.94655426576, 382.70922849406, 391.90085212648, 451.0, 511.0, 521.2530082415, 533.7945681525, 544.6993077184, 555.0626810109, 575.4884306910999, 576.6488047687099, 583.3382532512098]
