Avion: 6      Iteracion: 76

Num Ruta: 68
Ingresos: 123600.0
Costos: 303.123943643
Utilidad Ruta: 123296.876056
Costo Reducido: 11.8601934773
Nodos: [106, 40, 85, 10, 55, 35, 26, 80, 71, 13, 58, 7, 4, 52, 49, 33, 78, 27, 72, 37, 82, 916]
q: [0.0, 15.0, -15.0, 12.0, -12.0, 6.0, 9.0, -6.0, -9.0, 15.0, -15.0, 10.0, 5.0, -10.0, -5.0, 10.0, -10.0, 6.0, -6.0, 15.0, -15.0, 0.0]
Q: [0.0, 15.0, 0.0, 12.0, 0.0, 6.0, 15.0, 9.0, 0.0, 15.0, 0.0, 10.0, 15.0, 5.0, 0.0, 10.0, 0.0, 6.0, 0.0, 15.0, 0.0, 0.0]
B: [0.0, 62.0, 94.5694417821, 111.75013586, 141.2696465944, 279.0, 300.0, 309.29300538039, 319.11482114938, 423.0, 439.88315095, 517.0, 529.0, 548.2723609867, 549.43273506431, 562.0, 585.3035112376, 592.52226459258, 609.55312696068, 616.38909258377, 637.1837460552699, 658.4830985571699]
