Avion: 6      Iteracion: 5

Num Ruta: 9
Ingresos: 190800.0
Costos: 596.14691983
Utilidad Ruta: 190203.85308
Costo Reducido: 292116.059086
Nodos: [106, 16, 61, 30, 75, 40, 85, 31, 76, 42, 23, 68, 35, 87, 26, 80, 71, 45, 90, 25, 70, 19, 64, 41, 5, 50, 86, 7, 4, 52, 49, 33, 78, 27, 72, 37, 82, 916]
q: [0.0, 11.0, -11.0, 11.0, -11.0, 15.0, -15.0, 6.0, -6.0, 5.0, 10.0, -10.0, 2.0, -5.0, 13.0, -2.0, -13.0, 11.0, -11.0, 10.0, -10.0, 7.0, -7.0, 0.0, 12.0, -12.0, 0.0, 10.0, 5.0, -10.0, -5.0, 10.0, -10.0, 6.0, -6.0, 15.0, -15.0, 0.0]
Q: [0.0, 11.0, 0.0, 11.0, 0.0, 15.0, 0.0, 6.0, 0.0, 5.0, 15.0, 5.0, 7.0, 2.0, 15.0, 13.0, 0.0, 11.0, 0.0, 10.0, 0.0, 7.0, 0.0, 0.0, 12.0, 0.0, 0.0, 10.0, 15.0, 5.0, 0.0, 10.0, 0.0, 6.0, 0.0, 15.0, 0.0, 0.0]
B: [0.0, 36.0, 45.624091437640004, 64.0, 82.7140226568, 113.5238767298, 146.0933185119, 169.4318075161, 182.7374215192, 239.0, 267.0, 306.733842905, 336.2538785588, 340.31032836128, 347.20580695236004, 356.49881233275005, 366.32062810174006, 389.84678052834005, 399.03840416076, 420.06461903646004, 437.24960134656004, 453.92249302736, 480.54960931886, 495.74061962096, 504.1459836226, 505.26767252778, 516.58419376888, 526.99435193288, 537.35772522538, 556.6300862120801, 557.79046028969, 566.36192574199, 589.66543697959, 596.88419033457, 613.91505270267, 620.75101832576, 641.54567179726, 662.84502429916]
