Avion: 3      Iteracion: 98

Num Ruta: 64
Ingresos: 46800.0
Costos: 177.348162351
Utilidad Ruta: 46622.6518376
Costo Reducido: 1.37332916765
Nodos: [103, 17, 62, 14, 59, 18, 63, 21, 38, 66, 83, 913]
q: [0.0, 5.0, -5.0, 8.0, -8.0, 11.0, -11.0, 7.0, 8.0, -7.0, -8.0, 0.0]
Q: [0.0, 5.0, 0.0, 8.0, 0.0, 11.0, 0.0, 7.0, 15.0, 8.0, 0.0, 0.0]
B: [0.0, 24.0, 58.8425537813, 112.0, 124.021711775, 293.0, 316.8182362487, 477.0, 483.82291294097, 518.30529332577, 525.37522189684, 535.33919725811]
