Avion: 1      Iteracion: 54

Num Ruta: 55
Ingresos: 109200.0
Costos: 295.514174651
Utilidad Ruta: 108904.485825
Costo Reducido: 18.198429913
Nodos: [101, 30, 16, 61, 75, 24, 69, 31, 76, 36, 81, 25, 43, 70, 88, 15, 60, 20, 7, 4, 52, 65, 49, 911]
q: [0.0, 11.0, 4.0, -4.0, -11.0, 14.0, -14.0, 6.0, -6.0, 15.0, -15.0, 10.0, 5.0, -10.0, -5.0, 11.0, -11.0, 10.0, 5.0, 0.0, -5.0, -10.0, 0.0, 0.0]
Q: [0.0, 11.0, 15.0, 11.0, 0.0, 14.0, 0.0, 6.0, 0.0, 15.0, 0.0, 10.0, 15.0, 5.0, 0.0, 11.0, 0.0, 10.0, 15.0, 15.0, 10.0, 0.0, 0.0, 0.0]
B: [0.0, 64.0, 72.20259129788, 81.82668273552001, 84.69783929691, 109.43181018721, 147.94476048971, 159.22911824721, 172.53473225031001, 251.0, 257.94814406874, 410.0, 451.0, 464.0372215215, 471.78639754221, 511.0, 527.4211666151, 533.55501866744, 542.2979730879999, 552.6613463804999, 571.9337073672, 584.8973919128999, 596.7586151634999, 615.6936815747999]
