Avion: 4      Iteracion: 28

Num Ruta: 30
Ingresos: 88800.0
Costos: 317.344135982
Utilidad Ruta: 88482.655864
Costo Reducido: 56.9148461768
Nodos: [104, 9, 54, 14, 59, 36, 81, 34, 79, 28, 73, 19, 8, 64, 53, 6, 51, 914]
q: [0, 11.0, -11.0, 8.0, -8.0, 15.0, -15.0, 12.0, -12.0, 8.0, -8.0, 7.0, 8.0, -7.0, -8.0, 5.0, -5.0, 0]
Q: [0, 11.0, 0.0, 8.0, 0.0, 15.0, 0.0, 12.0, 0.0, 8.0, 0.0, 7.0, 15.0, 8.0, 0.0, 5.0, 0.0, 0]
B: [0.0, 34.2318085996, 63.7590456021, 112.0, 124.021711775, 251.0, 257.94814406874, 283.0, 323.947598037, 378.0, 414.0266187839, 426.5624120576, 449.7232936039, 467.6802530347, 470.60837222626, 479.79904385569, 483.49133325388, 507.97026023198]
