Avion: 6      Iteracion: 64

Num Ruta: 60
Ingresos: 81600.0
Costos: 211.847656685
Utilidad Ruta: 81388.1523433
Costo Reducido: 5.47785513087
Nodos: [106, 24, 69, 31, 11, 56, 76, 36, 81, 34, 79, 39, 6, 51, 84, 916]
q: [0, 14.0, -14.0, 6.0, 8.0, -8.0, -6.0, 15.0, -15.0, 12.0, -12.0, 8.0, 5.0, -5.0, -8.0, 0]
Q: [0, 14.0, 0.0, 6.0, 14.0, 6.0, 0.0, 15.0, 0.0, 12.0, 0.0, 8.0, 13.0, 8.0, 0.0, 0]
B: [0.0, 61.0, 99.5129503025, 130.0, 169.0, 173.05406684701, 176.74844541451, 251.0, 257.94814406874, 283.0, 323.947598037, 388.0, 436.0, 439.69228939819, 449.87740525418997, 473.63652476648997]
