Avion: 2      Iteracion: 0

Num Ruta: 3
Ingresos: 181200.0
Costos: 597.728679326
Utilidad Ruta: 180602.271321
Costo Reducido: -
Nodos: [102, 16, 61, 24, 12, 69, 57, 10, 55, 11, 56, 42, 3, 48, 23, 87, 68, 26, 71, 45, 90, 41, 86, 13, 58, 21, 66, 37, 82, 912]
q: [0.0, 11.0, -11.0, 14.0, 1.0, -14.0, -1.0, 12.0, -12.0, 8.0, -8.0, 0.0, 15.0, -15.0, 10.0, 0.0, -10.0, 13.0, -13.0, 11.0, -11.0, 13.0, -13.0, 15.0, -15.0, 13.0, -13.0, 15.0, -15.0, 0.0]
Q: [0.0, 11.0, 0.0, 14.0, 15.0, 1.0, 0.0, 12.0, 0.0, 8.0, 0.0, 0.0, 15.0, 0.0, 10.0, 10.0, 0.0, 13.0, 0.0, 11.0, 0.0, 13.0, 0.0, 15.0, 0.0, 13.0, 0.0, 15.0, 0.0, 0.0]
B: [0.0, 36.0, 45.624091437640004, 70.85029051714, 87.69811794384, 121.74428718504001, 137.67652475544, 146.39429511259, 175.91380584699, 228.55202242958998, 232.6060892766, 246.9146357087, 265.37527757189997, 270.45955933041995, 273.82204665381994, 310.8376855109199, 337.1980415024199, 356.8844142765199, 374.4636422459199, 397.9897946725199, 407.1814183049399, 446.0, 466.0411203529, 480.3821530912, 497.2653040412, 512.7767004322, 553.5154911113999, 577.0947906769, 597.8894441483999, 614.7103059574999]
