Avion: 7      Iteracion: 40

Num Ruta: 42
Ingresos: 70800.0
Costos: 300.6905911
Utilidad Ruta: 70499.3094089
Costo Reducido: 10.6976254062
Nodos: [107, 40, 85, 1, 46, 8, 53, 32, 38, 77, 83, 29, 27, 74, 72, 917]
q: [0, 15.0, -15.0, 7.0, -7.0, 8.0, -8.0, 6.0, 8.0, -6.0, -8.0, 9.0, 6.0, -9.0, -6.0, 0]
Q: [0, 15.0, 0.0, 7.0, 0.0, 8.0, 0.0, 6.0, 14.0, 8.0, 0.0, 9.0, 15.0, 6.0, 0.0, 0]
B: [0.0, 62.0, 94.5694417821, 175.0, 209.2400855285, 414.0, 434.768396616, 457.14813131060004, 480.0, 495.0304472322, 517.0265259964, 551.4227016559, 577.0245098928, 585.24093788798, 600.68831546478, 606.26575161412]
