Avion: 2      Iteracion: 0

Num Ruta: 1
Ingresos: 67200.0
Costos: 317.093503927
Utilidad Ruta: 66882.9064961
Costo Reducido: -
Nodos: [102, 12, 57, 11, 56, 42, 23, 87, 68, 15, 60, 38, 83, 912]
q: [0, 14.0, -14.0, 8.0, -8.0, 5.0, 10.0, -5.0, -10.0, 11.0, -11.0, 8.0, -8.0, 0]
Q: [0, 14.0, 0.0, 8.0, 0.0, 5.0, 15.0, 10.0, 0.0, 11.0, 0.0, 8.0, 0.0, 0]
B: [0.0, 54.0, 97.347924264, 169.0, 173.05406684701, 239.0, 267.0, 304.0156388571, 330.3759948486, 511.0, 527.4211666151, 531.5084323270399, 564.3773189677399, 593.8464730275399]
