Avion: 3      Iteracion: 26

Num Ruta: 28
Ingresos: 51600.0
Costos: 159.805251704
Utilidad Ruta: 51440.1947483
Costo Reducido: 85.7912141389
Nodos: [103, 17, 62, 36, 81, 25, 70, 21, 66, 913]
q: [0, 5.0, -5.0, 15.0, -15.0, 10.0, -10.0, 13.0, -13.0, 0]
Q: [0, 5.0, 0.0, 15.0, 0.0, 10.0, 0.0, 13.0, 0.0, 0]
B: [0.0, 24.0, 58.8425537813, 251.0, 257.94814406874, 410.0, 427.1849823101, 477.0, 517.7387906792, 534.7289915314999]
