Avion: 7      Iteracion: 90

Num Ruta: 78
Ingresos: 138000.0
Costos: 409.273148298
Utilidad Ruta: 137590.726852
Costo Reducido: 18.0026010275
Nodos: [107, 9, 54, 12, 57, 1, 11, 56, 42, 46, 35, 87, 26, 80, 71, 22, 67, 8, 45, 90, 32, 53, 13, 77, 58, 29, 27, 74, 72, 917]
q: [0.0, 11.0, -11.0, 14.0, -14.0, 7.0, 8.0, -8.0, 5.0, -7.0, 6.0, -5.0, 9.0, -6.0, -9.0, 10.0, -10.0, 8.0, 7.0, -7.0, 6.0, -8.0, 9.0, -6.0, -9.0, 9.0, 6.0, -9.0, -6.0, 0.0]
Q: [0.0, 11.0, 0.0, 14.0, 0.0, 7.0, 15.0, 7.0, 12.0, 5.0, 11.0, 6.0, 15.0, 9.0, 0.0, 10.0, 0.0, 8.0, 15.0, 8.0, 14.0, 6.0, 15.0, 9.0, 0.0, 9.0, 15.0, 6.0, 0.0, 0.0]
B: [0.0, 28.0, 57.5272370025, 68.3142737596, 111.6621980236, 175.0, 193.6808285951, 197.73489544211, 239.0, 264.0626014013, 299.7175832411, 303.77403304358, 310.66951163466, 319.96251701505, 329.78433278404003, 343.41851343414004, 365.17319957304005, 414.0, 417.40515271317, 426.59677634559, 428.13238729892, 450.51212199352, 452.72279813443, 466.56497791223, 470.63592829267003, 549.0, 574.6018082369, 582.8182362320799, 598.26561380888, 603.8430499582199]
