Avion: 3      Iteracion: 10

Num Ruta: 12
Ingresos: 145200.0
Costos: 624.058298792
Utilidad Ruta: 144575.941701
Costo Reducido: 206577.071282
Nodos: [103, 9, 24, 54, 12, 57, 69, 44, 89, 36, 81, 26, 71, 28, 73, 25, 70, 43, 32, 77, 88, 7, 27, 52, 2, 72, 47, 913]
q: [0.0, 11.0, 1.0, -11.0, 14.0, -14.0, -1.0, 14.0, -14.0, 15.0, -15.0, 13.0, -13.0, 8.0, -8.0, 10.0, -10.0, 5.0, 6.0, -6.0, -5.0, 9.0, 6.0, -9.0, 9.0, -6.0, -9.0, 0.0]
Q: [0.0, 11.0, 12.0, 1.0, 15.0, 1.0, 0.0, 14.0, 0.0, 15.0, 0.0, 13.0, 0.0, 8.0, 0.0, 10.0, 0.0, 5.0, 11.0, 5.0, 0.0, 9.0, 15.0, 6.0, 15.0, 9.0, 0.0, 0.0]
B: [0.0, 58.0169348553, 64.45381189312, 88.59406178822, 99.38109854532, 142.72902280931999, 158.66126037971998, 211.0, 265.00737440390003, 304.21876092620005, 311.16690499494007, 351.4692894529401, 369.04851742234007, 379.4564344569401, 415.4830532408401, 418.8164318572001, 436.0014141673001, 451.0, 458.21283557278, 486.07019138768004, 499.86914620318004, 517.1712322045801, 544.8345555768801, 560.6743304489801, 570.8044989075801, 582.25657199498, 611.5971023412801, 647.6420389898801]
