Avion: 4      Iteracion: 14

Num Ruta: 16
Ingresos: 139200.0
Costos: 542.072020266
Utilidad Ruta: 138657.92798
Costo Reducido: 40861.8918964
Nodos: [104, 30, 75, 40, 85, 1, 31, 76, 46, 36, 81, 22, 67, 39, 6, 51, 84, 21, 66, 15, 60, 4, 49, 33, 78, 914]
q: [0, 11.0, -11.0, 15.0, -15.0, 7.0, 6.0, -6.0, -7.0, 15.0, -15.0, 10.0, -10.0, 8.0, 5.0, -5.0, -8.0, 13.0, -13.0, 11.0, -11.0, 5.0, -5.0, 10.0, -10.0, 0]
Q: [0, 11.0, 0.0, 15.0, 0.0, 7.0, 13.0, 7.0, 0.0, 15.0, 0.0, 10.0, 0.0, 8.0, 13.0, 8.0, 0.0, 13.0, 0.0, 11.0, 0.0, 5.0, 0.0, 10.0, 0.0, 0]
B: [0.0, 64.0, 82.7140226568, 113.5238767298, 146.0933185119, 175.0, 183.89376197118, 197.19937597428, 230.76046369508, 264.70836732698, 271.65651139572003, 299.0, 320.7546861389, 388.0, 436.0, 439.69228939819, 449.87740525418997, 477.0, 517.7387906792, 564.1245581623, 580.5457247774, 586.12040405069, 606.54615373089, 615.11761918319, 638.42113042079, 651.6372382441899]
