Avion: 4      Iteracion: 58

Num Ruta: 51
Ingresos: 27600.0
Costos: 93.4275867897
Utilidad Ruta: 27506.5724132
Costo Reducido: 8.39974820848
Nodos: [104, 11, 56, 21, 38, 83, 66, 914]
q: [0.0, 8.0, -8.0, 7.0, 8.0, -8.0, -7.0, 0.0]
Q: [0.0, 8.0, 0.0, 7.0, 15.0, 7.0, 0.0, 0.0]
B: [0.0, 169.0, 173.05406684701, 477.0, 483.82291294097, 516.69179958167, 523.76172815274, 550.8409768313401]
