Avion: 7      Iteracion: 92

Num Ruta: 79
Ingresos: 74400.0
Costos: 195.558123688
Utilidad Ruta: 74204.4418763
Costo Reducido: 9.09653860112
Nodos: [107, 14, 59, 18, 63, 39, 84, 6, 51, 13, 58, 29, 27, 74, 72, 917]
q: [0, 8.0, -8.0, 11.0, -11.0, 8.0, -8.0, 5.0, -5.0, 15.0, -15.0, 9.0, 6.0, -9.0, -6.0, 0]
Q: [0, 8.0, 0.0, 11.0, 0.0, 8.0, 0.0, 5.0, 0.0, 15.0, 0.0, 9.0, 15.0, 6.0, 0.0, 0]
B: [0.0, 112.0, 124.021711775, 293.0, 316.8182362487, 388.0, 410.632187455, 436.0, 439.69228939819, 453.10235550539, 469.98550645539, 549.0, 574.6018082369, 582.8182362320799, 598.26561380888, 603.8430499582199]
