Avion: 1      Iteracion: 0

Num Ruta: 1
Ingresos: 60000.0
Costos: 231.737944329
Utilidad Ruta: 59768.2620557
Costo Reducido: -
Nodos: [101, 10, 55, 28, 73, 5, 50, 41, 86, 4, 49, 911]
q: [0, 12.0, -12.0, 8.0, -8.0, 12.0, -12.0, 13.0, -13.0, 5.0, -5.0, 0]
Q: [0, 12.0, 0.0, 8.0, 0.0, 12.0, 0.0, 13.0, 0.0, 5.0, 0.0, 0]
B: [0.0, 96.0, 125.5195107344, 378.0, 414.0266187839, 469.0, 470.12168890518, 478.94792672205, 498.98904707495, 529.0, 549.4257496801999, 568.3608160914999]
