Avion: 6      Iteracion: 39

Num Ruta: 43
Ingresos: 129600.0
Costos: 371.228789645
Utilidad Ruta: 129228.77121
Costo Reducido: 18.8707499753
Nodos: [106, 24, 75, 30, 69, 36, 81, 42, 87, 35, 26, 80, 71, 28, 73, 25, 70, 20, 7, 52, 65, 37, 82, 916]
q: [0.0, 14.0, -11.0, 11.0, -14.0, 15.0, -15.0, 5.0, -5.0, 6.0, 9.0, -6.0, -9.0, 8.0, -8.0, 10.0, -10.0, 10.0, 5.0, -5.0, -10.0, 15.0, -15.0, 0.0]
Q: [0.0, 14.0, 3.0, 14.0, 0.0, 15.0, 0.0, 5.0, 0.0, 6.0, 15.0, 9.0, 0.0, 8.0, 0.0, 10.0, 0.0, 10.0, 15.0, 10.0, 0.0, 15.0, 0.0, 0.0]
B: [0.0, 61.0, 85.7339708903, 104.4479935471, 124.716114945, 251.0, 257.94814406874, 282.45112780544, 330.50096245654004, 334.55741225902005, 345.18462685172005, 354.47763223211007, 364.2994480011001, 378.0, 414.0266187839, 417.35999740026, 434.54497971036, 496.0, 517.0, 545.5413118129, 558.5049963585999, 570.0825143136999, 590.8771677851998, 612.1765202870998]
