Avion: 7      Iteracion: 66

Num Ruta: 65
Ingresos: 102000.0
Costos: 314.637348629
Utilidad Ruta: 101685.362651
Costo Reducido: 23.8327411766
Nodos: [107, 24, 69, 1, 46, 23, 18, 63, 68, 28, 73, 25, 43, 70, 88, 15, 60, 20, 4, 49, 65, 917]
q: [0.0, 14.0, -14.0, 7.0, -7.0, 10.0, 5.0, -5.0, -10.0, 8.0, -8.0, 10.0, 5.0, -10.0, -5.0, 11.0, -11.0, 10.0, 5.0, -5.0, -10.0, 0.0]
Q: [0.0, 14.0, 0.0, 7.0, 0.0, 10.0, 15.0, 10.0, 0.0, 8.0, 0.0, 10.0, 15.0, 5.0, 0.0, 11.0, 0.0, 10.0, 15.0, 10.0, 0.0, 0.0]
B: [0.0, 61.0, 99.5129503025, 175.0, 209.2400855285, 267.0, 293.0, 316.8182362487, 326.74376782137, 378.0, 414.0266187839, 417.35999740026, 451.0, 464.0372215215, 471.78639754221, 511.0, 527.4211666151, 533.55501866744, 543.83416970244, 564.25991938264, 576.12114263324, 589.0017936261399]
