Avion: 7      Iteracion: 10

Num Ruta: 12
Ingresos: 147600.0
Costos: 562.64152989
Utilidad Ruta: 147037.35847
Costo Reducido: 209514.597115
Nodos: [107, 9, 16, 61, 54, 12, 57, 44, 42, 89, 35, 87, 80, 26, 71, 22, 67, 25, 70, 43, 32, 77, 88, 21, 66, 33, 78, 27, 72, 917]
q: [0.0, 11.0, 4.0, -4.0, -11.0, 14.0, -14.0, 14.0, 1.0, -14.0, 6.0, -1.0, -6.0, 13.0, -13.0, 10.0, -10.0, 10.0, -10.0, 5.0, 6.0, -6.0, -5.0, 13.0, -13.0, 10.0, -10.0, 6.0, -6.0, 0.0]
Q: [0.0, 11.0, 15.0, 11.0, 0.0, 14.0, 0.0, 14.0, 15.0, 1.0, 7.0, 6.0, 0.0, 13.0, 0.0, 10.0, 0.0, 10.0, 0.0, 5.0, 11.0, 5.0, 0.0, 13.0, 0.0, 10.0, 0.0, 6.0, 0.0, 0.0]
B: [0.0, 28.0, 51.3671155687, 60.991207006340005, 93.76208982934, 104.54912658644, 147.89705085044, 211.0, 239.0, 276.4881823646, 296.9043957745, 300.96084557698003, 317.03505454668004, 326.32805992707006, 343.90728789647005, 357.54146854657006, 379.29615468547007, 410.0, 427.1849823101, 451.0, 458.21283557278, 486.07019138768004, 499.86914620318004, 507.15215361770004, 547.8909442969, 562.0, 585.3035112376, 592.52226459258, 609.55312696068, 615.1305631100199]
