Avion: 1      Iteracion: 82

Num Ruta: 72
Ingresos: 142800.0
Costos: 376.700851428
Utilidad Ruta: 142423.299149
Costo Reducido: 5.83524380811
Nodos: [101, 16, 61, 12, 57, 10, 55, 35, 26, 80, 71, 28, 39, 73, 19, 64, 84, 6, 51, 41, 50, 5, 86, 7, 4, 49, 52, 911]
q: [0.0, 11.0, -11.0, 14.0, -14.0, 12.0, -12.0, 6.0, 9.0, -6.0, -9.0, 7.0, 8.0, -7.0, 7.0, -7.0, -8.0, 5.0, -5.0, 13.0, -12.0, 12.0, -13.0, 10.0, 5.0, -5.0, -10.0, 0.0]
Q: [0.0, 11.0, 0.0, 14.0, 0.0, 12.0, 0.0, 6.0, 15.0, 9.0, 0.0, 7.0, 15.0, 8.0, 15.0, 8.0, 0.0, 5.0, 0.0, 13.0, 1.0, 13.0, 0.0, 10.0, 15.0, 10.0, 0.0, 0.0]
B: [0.0, 36.0, 45.624091437640004, 79.57799432084, 122.92591858484, 131.64368894199, 161.16319967639, 279.0, 300.0, 309.29300538039, 319.11482114938, 378.0, 389.3210123222, 420.750419714, 433.28621298769997, 459.91332927919996, 466.22853133455993, 472.91677549875993, 476.6090648969499, 495.72578480384993, 504.5520226207199, 505.67371152589993, 517.6995996428, 528.1097578068, 538.4731310993, 558.8988807794999, 560.0592548571099, 578.0242626222099]
