Avion: 2      Iteracion: 38

Num Ruta: 39
Ingresos: 38400.0
Costos: 81.5695387112
Utilidad Ruta: 38318.4304613
Costo Reducido: 14.4624344533
Nodos: [102, 11, 56, 36, 81, 29, 74, 912]
q: [0, 8.0, -8.0, 15.0, -15.0, 9.0, -9.0, 0]
Q: [0, 8.0, 0.0, 15.0, 0.0, 9.0, 0.0, 0]
B: [0.0, 169.0, 173.05406684701, 251.0, 257.94814406874, 549.0, 582.7797797802, 603.3268886036]
