Avion: 7      Iteracion: 83

Num Ruta: 75
Ingresos: 103200.0
Costos: 220.139635684
Utilidad Ruta: 102979.860364
Costo Reducido: 17.3760255593
Nodos: [107, 14, 59, 3, 48, 8, 45, 90, 19, 43, 64, 53, 13, 58, 88, 15, 60, 20, 7, 52, 65, 917]
q: [0.0, 8.0, -8.0, 15.0, -15.0, 4.0, 11.0, -11.0, 7.0, 4.0, -7.0, -4.0, 11.0, -11.0, -4.0, 11.0, -11.0, 10.0, 5.0, -5.0, -10.0, 0.0]
Q: [0.0, 8.0, 0.0, 15.0, 0.0, 4.0, 15.0, 4.0, 11.0, 15.0, 8.0, 4.0, 15.0, 4.0, 0.0, 11.0, 0.0, 10.0, 15.0, 10.0, 0.0, 0.0]
B: [0.0, 112.0, 124.021711775, 256.0, 261.08428175852, 414.0, 417.40515271317, 426.59677634559, 438.43863059229, 451.0, 471.20454651800003, 474.13266570956, 476.34334185047, 493.22649280047, 503.28208015277, 513.53508839427, 529.95625500937, 536.09010706171, 544.83306148227, 573.3743732951699, 586.3380578408699, 599.2187088337698]
