Avion: 1      Iteracion: 8

Num Ruta: 10
Ingresos: 148800.0
Costos: 552.240613141
Utilidad Ruta: 148247.759387
Costo Reducido: 204272.752525
Nodos: [101, 17, 62, 10, 55, 31, 76, 44, 89, 36, 81, 22, 67, 45, 90, 8, 53, 41, 5, 50, 86, 43, 88, 15, 60, 20, 7, 65, 52, 911]
q: [0.0, 5.0, -5.0, 12.0, -12.0, 6.0, -6.0, 14.0, -14.0, 15.0, -15.0, 10.0, -10.0, 11.0, -11.0, 8.0, -8.0, 0.0, 12.0, -12.0, 0.0, 5.0, -5.0, 11.0, -11.0, 10.0, 5.0, -10.0, -5.0, 0.0]
Q: [0.0, 5.0, 0.0, 12.0, 0.0, 6.0, 0.0, 14.0, 0.0, 15.0, 0.0, 10.0, 0.0, 11.0, 0.0, 8.0, 0.0, 0.0, 12.0, 0.0, 0.0, 5.0, 0.0, 11.0, 0.0, 10.0, 15.0, 5.0, 0.0, 0.0]
B: [0.0, 32.1256095351, 66.9681633164, 96.0, 125.5195107344, 165.1276650716, 178.4332790747, 211.0, 265.00737440390003, 304.21876092620005, 311.16690499494007, 329.57116181234005, 351.32584795124006, 371.0, 380.19162363242, 414.0, 434.768396616, 450.7881267011, 469.0, 470.12168890518, 481.43821014628, 491.80435547618004, 509.06667658318, 519.31968482468, 535.74085143978, 541.87470349212, 550.61765791268, 591.45488873208, 604.41857327778, 622.38358104288]
