Avion: 4      Iteracion: 64

Num Ruta: 56
Ingresos: 62400.0
Costos: 130.390690147
Utilidad Ruta: 62269.6093099
Costo Reducido: 0.0858347974718
Nodos: [104, 31, 11, 56, 76, 36, 81, 15, 21, 60, 38, 83, 66, 914]
q: [0.0, 6.0, 8.0, -8.0, -6.0, 15.0, -15.0, 8.0, 7.0, -8.0, 8.0, -8.0, -7.0, 0.0]
Q: [0.0, 6.0, 14.0, 6.0, 0.0, 15.0, 0.0, 8.0, 15.0, 7.0, 15.0, 7.0, 0.0, 0.0]
B: [0.0, 130.0, 169.0, 173.05406684701, 176.74844541451, 251.0, 257.94814406874, 511.0, 516.67223351071, 527.47150163401, 531.55876734595, 564.42765398665, 571.49758255772, 598.57683123632]
