Avion: 7      Iteracion: 56

Num Ruta: 57
Ingresos: 100800.0
Costos: 260.4600917
Utilidad Ruta: 100539.539908
Costo Reducido: 20.878412638
Nodos: [107, 9, 54, 12, 57, 31, 11, 56, 76, 36, 81, 25, 43, 70, 88, 29, 27, 74, 72, 917]
q: [0, 11.0, -11.0, 14.0, -14.0, 6.0, 8.0, -8.0, -6.0, 15.0, -15.0, 10.0, 5.0, -10.0, -5.0, 9.0, 6.0, -9.0, -6.0, 0]
Q: [0, 11.0, 0.0, 14.0, 0.0, 6.0, 14.0, 6.0, 0.0, 15.0, 0.0, 10.0, 15.0, 5.0, 0.0, 9.0, 15.0, 6.0, 0.0, 0]
B: [0.0, 28.0, 57.5272370025, 68.3142737596, 111.6621980236, 132.5795314101, 169.0, 173.05406684701, 176.74844541451, 251.0, 257.94814406874, 410.0, 451.0, 464.0372215215, 471.78639754221, 549.0, 574.6018082369, 582.8182362320799, 598.26561380888, 603.8430499582199]
