Avion: 6      Iteracion: 84

Num Ruta: 73
Ingresos: 69600.0
Costos: 226.604481806
Utilidad Ruta: 69373.3955182
Costo Reducido: 4.33924443716
Nodos: [106, 40, 85, 14, 59, 45, 90, 7, 20, 52, 65, 2, 47, 916]
q: [0.0, 15.0, -15.0, 8.0, -8.0, 11.0, -11.0, 5.0, 10.0, -5.0, -10.0, 9.0, -9.0, 0.0]
Q: [0.0, 15.0, 0.0, 8.0, 0.0, 11.0, 0.0, 5.0, 15.0, 10.0, 0.0, 9.0, 0.0, 0.0]
B: [0.0, 62.0, 94.5694417821, 123.1478437143, 135.1695554893, 371.0, 380.19162363242, 517.0, 525.74295442056, 554.98896180616, 567.9526463518599, 575.2829436173199, 616.0179056647199, 629.8665960360199]
