Avion: 1      Iteracion: 13

Num Ruta: 14
Ingresos: 127200.0
Costos: 509.140547966
Utilidad Ruta: 126690.859452
Costo Reducido: 40147.899121
Nodos: [101, 9, 12, 54, 30, 75, 57, 14, 59, 44, 89, 3, 48, 23, 26, 71, 68, 28, 73, 19, 8, 64, 53, 6, 51, 41, 5, 50, 86, 911]
q: [0.0, 11.0, 0.0, -11.0, 0.0, 0.0, 0.0, 8.0, -8.0, 14.0, -14.0, 15.0, -15.0, 10.0, 5.0, -5.0, -10.0, 8.0, -8.0, 7.0, 8.0, -7.0, -8.0, 5.0, -5.0, 3.0, 12.0, -12.0, -3.0, 0.0]
Q: [0.0, 11.0, 11.0, 0.0, 0.0, 0.0, 0.0, 8.0, 0.0, 14.0, 0.0, 15.0, 0.0, 10.0, 15.0, 10.0, 0.0, 8.0, 0.0, 7.0, 15.0, 8.0, 0.0, 5.0, 0.0, 3.0, 15.0, 3.0, 0.0, 0.0]
B: [0.0, 28.0, 54.0, 64.7870367571, 80.5749370925, 99.28895974929999, 122.08481781609999, 158.60405159779998, 170.62576337279998, 211.0, 265.00737440390003, 287.39410424550005, 292.47838600402, 295.84087332742, 330.28221686972, 347.86144483912, 350.9285172217, 378.0, 414.0266187839, 426.5624120576, 449.7232936039, 467.6802530347, 470.60837222626, 479.79904385569, 483.49133325388, 502.60805316078, 511.01341716242, 512.1351060676, 523.4516273086999, 536.1559818771]
