Avion: 2      Iteracion: 49

Num Ruta: 46
Ingresos: 72000.0
Costos: 233.533823996
Utilidad Ruta: 71766.466176
Costo Reducido: 15.4985501018
Nodos: [102, 34, 79, 28, 73, 25, 43, 70, 88, 20, 65, 37, 82, 912]
q: [0, 12.0, -12.0, 8.0, -8.0, 10.0, 5.0, -10.0, -5.0, 10.0, -10.0, 15.0, -15.0, 0]
Q: [0, 12.0, 0.0, 8.0, 0.0, 10.0, 15.0, 5.0, 0.0, 10.0, 0.0, 15.0, 0.0, 0]
B: [0.0, 283.0, 323.947598037, 378.0, 414.0266187839, 417.35999740026, 451.0, 464.0372215215, 471.78639754221, 496.0, 538.1771424471, 562.0, 582.7946534714999, 599.6155152806]
