Avion: 3      Iteracion: 90

Num Ruta: 62
Ingresos: 70800.0
Costos: 201.779185123
Utilidad Ruta: 70598.2208149
Costo Reducido: 7.33192893461
Nodos: [103, 10, 55, 35, 26, 80, 71, 6, 51, 5, 50, 38, 21, 66, 83, 913]
q: [0.0, 12.0, -12.0, 6.0, 9.0, -6.0, -9.0, 5.0, -5.0, 12.0, -12.0, 2.0, 13.0, -13.0, -2.0, 0.0]
Q: [0.0, 12.0, 0.0, 6.0, 15.0, 9.0, 0.0, 5.0, 0.0, 12.0, 0.0, 2.0, 15.0, 2.0, 0.0, 0.0]
B: [0.0, 96.0, 125.5195107344, 279.0, 300.0, 309.29300538039, 319.11482114938, 436.0, 439.69228939819, 469.0, 470.12168890518, 491.70338160988, 498.52629455085, 539.26508523005, 546.33501380112, 556.29898916239]
