Avion: 7      Iteracion: 68

Num Ruta: 67
Ingresos: 156000.0
Costos: 433.869331718
Utilidad Ruta: 155566.130668
Costo Reducido: 13.0113030206
Nodos: [107, 30, 16, 61, 75, 24, 69, 1, 31, 76, 11, 56, 42, 46, 23, 87, 26, 68, 71, 22, 67, 8, 45, 90, 32, 19, 64, 53, 13, 77, 58, 20, 7, 52, 65, 917]
q: [0.0, 11.0, 4.0, -4.0, -11.0, 14.0, -14.0, 7.0, 6.0, -6.0, 8.0, -8.0, 5.0, -7.0, 10.0, -5.0, 5.0, -10.0, -5.0, 10.0, -10.0, 2.0, 11.0, -11.0, 6.0, 7.0, -7.0, -2.0, 9.0, -6.0, -9.0, 10.0, 5.0, -5.0, -10.0, 0.0]
Q: [0.0, 11.0, 15.0, 11.0, 0.0, 14.0, 0.0, 7.0, 13.0, 7.0, 15.0, 7.0, 12.0, 5.0, 15.0, 10.0, 15.0, 5.0, 0.0, 10.0, 0.0, 2.0, 13.0, 2.0, 8.0, 15.0, 8.0, 6.0, 15.0, 9.0, 0.0, 10.0, 15.0, 10.0, 0.0, 0.0]
B: [0.0, 64.0, 72.20259129788, 81.82668273552001, 84.69783929691, 109.43181018721, 147.94476048971, 175.0, 183.89376197118, 197.19937597428, 197.678254873377, 201.732321720387, 239.0, 264.0626014013, 268.8931248719, 305.908763729, 312.80424232008, 332.49061509418, 335.55768747676, 349.19186812686, 370.94655426576, 414.0, 417.40515271317, 426.59677634559, 428.13238729892, 439.84730193791995, 466.47441822941994, 469.4025374209799, 471.6132135618899, 485.4553933396899, 489.52634372012994, 503.4569289555299, 517.0, 545.5413118129, 558.5049963585999, 571.3856473514999]
