Avion: 6      Iteracion: 71

Num Ruta: 63
Ingresos: 139200.0
Costos: 380.262711993
Utilidad Ruta: 138819.737288
Costo Reducido: 21.7264486133
Nodos: [106, 40, 85, 14, 59, 3, 48, 23, 42, 87, 26, 71, 68, 6, 51, 5, 50, 7, 15, 60, 20, 4, 52, 49, 65, 37, 82, 916]
q: [0.0, 15.0, -15.0, 8.0, -8.0, 15.0, -15.0, 10.0, 5.0, -5.0, 5.0, -5.0, -10.0, 5.0, -5.0, 12.0, -12.0, 4.0, 11.0, -11.0, 10.0, 1.0, -4.0, -1.0, -10.0, 15.0, -15.0, 0.0]
Q: [0.0, 15.0, 0.0, 8.0, 0.0, 15.0, 0.0, 10.0, 15.0, 10.0, 15.0, 10.0, 0.0, 5.0, 0.0, 12.0, 0.0, 4.0, 15.0, 4.0, 14.0, 15.0, 11.0, 10.0, 0.0, 15.0, 0.0, 0.0]
B: [0.0, 62.0, 94.5694417821, 123.1478437143, 135.1695554893, 256.0, 261.08428175852, 267.0, 289.6110683074, 337.6609029585, 344.55638154958, 362.13560951898, 365.20268190156, 436.0, 439.69228939819, 469.0, 470.12168890518, 517.0, 530.7672641436, 547.1884307587, 553.3222828110399, 563.60143384604, 582.87379483274, 584.03416891035, 595.89539216095, 607.47291011605, 628.2675635875501, 649.56691608945]
