Avion: 3      Iteracion: 37

Num Ruta: 35
Ingresos: 44400.0
Costos: 142.644451046
Utilidad Ruta: 44257.355549
Costo Reducido: 22.6633341893
Nodos: [103, 17, 62, 8, 53, 13, 58, 29, 74, 913]
q: [0, 5.0, -5.0, 8.0, -8.0, 15.0, -15.0, 9.0, -9.0, 0]
Q: [0, 5.0, 0.0, 8.0, 0.0, 15.0, 0.0, 9.0, 0.0, 0]
B: [0.0, 24.0, 58.8425537813, 414.0, 434.768396616, 436.97907275691, 453.86222370691, 549.0, 582.7797797802, 601.4169443982]
