Avion: 5      Iteracion: 44

Num Ruta: 44
Ingresos: 21600.0
Costos: 103.95177189
Utilidad Ruta: 21496.0482281
Costo Reducido: 7.96060102106
Nodos: [105, 1, 46, 18, 63, 915]
q: [0, 7.0, -7.0, 11.0, -11.0, 0]
Q: [0, 7.0, 0.0, 11.0, 0.0, 0]
B: [0.0, 175.0, 209.2400855285, 293.0, 316.8182362487, 334.0823262044]
