Avion: 1      Iteracion: 23

Num Ruta: 24
Ingresos: 115200.0
Costos: 369.042072839
Utilidad Ruta: 114830.957927
Costo Reducido: 167.70294445
Nodos: [101, 1, 11, 56, 46, 3, 48, 34, 79, 45, 90, 19, 25, 70, 64, 41, 86, 43, 15, 88, 60, 911]
q: [0.0, 7.0, 8.0, -8.0, -7.0, 15.0, -15.0, 12.0, -12.0, 11.0, -11.0, 5.0, 10.0, -10.0, -5.0, 13.0, -13.0, 5.0, 10.0, -5.0, -10.0, 0.0]
Q: [0.0, 7.0, 15.0, 7.0, 0.0, 15.0, 0.0, 12.0, 0.0, 11.0, 0.0, 5.0, 15.0, 5.0, 0.0, 13.0, 0.0, 5.0, 15.0, 10.0, 0.0, 0.0]
B: [0.0, 175.0, 193.6808285951, 197.73489544211, 232.05062478011, 256.0, 261.08428175852, 302.35708151811997, 343.30467955511995, 385.36758731241997, 394.55921094483995, 406.40106519153994, 415.7930724317399, 432.9780547418399, 449.7649111777399, 464.9559214798399, 484.9970418327399, 495.3631871626399, 511.0, 521.2530082415, 533.7945681525, 542.12532183989]
