Avion: 1      Iteracion: 0

Num Ruta: 2
Ingresos: 216000.0
Costos: 589.994200801
Utilidad Ruta: 215410.005799
Costo Reducido: -
Nodos: [101, 16, 61, 40, 85, 10, 55, 1, 11, 56, 46, 3, 48, 36, 81, 26, 71, 28, 73, 25, 70, 13, 58, 5, 50, 41, 86, 15, 60, 7, 4, 52, 49, 911]
q: [0, 11.0, -11.0, 15.0, -15.0, 12.0, -12.0, 7.0, 8.0, -8.0, -7.0, 15.0, -15.0, 15.0, -15.0, 13.0, -13.0, 8.0, -8.0, 10.0, -10.0, 15.0, -15.0, 12.0, -12.0, 13.0, -13.0, 11.0, -11.0, 10.0, 5.0, -10.0, -5.0, 0]
Q: [0, 11.0, 0.0, 15.0, 0.0, 12.0, 0.0, 7.0, 15.0, 7.0, 0.0, 15.0, 0.0, 15.0, 0.0, 13.0, 0.0, 8.0, 0.0, 10.0, 0.0, 15.0, 0.0, 12.0, 0.0, 13.0, 0.0, 11.0, 0.0, 10.0, 15.0, 5.0, 0.0, 0]
B: [0.0, 36.0, 45.624091437640004, 77.27284989674001, 109.84229167884001, 127.02298575674001, 156.54249649114, 194.96183766194002, 213.64266625704002, 217.69673310405003, 252.01246244205004, 259.10901435125004, 264.19329610977, 299.11276141207003, 306.06090548081005, 346.36328993881006, 363.94251790821005, 378.0, 414.0266187839, 417.35999740026, 434.54497971036, 450.54604017526, 467.42919112526, 494.69347422606, 495.81516313124, 504.64140094811, 524.68252130101, 547.2723943639099, 563.6935609790099, 574.5983005449099, 584.9616738374099, 604.2340348241099, 605.3944089017199, 624.3294753130199]
