Avion: 7      Iteracion: 5

Num Ruta: 8
Ingresos: 96000.0
Costos: 419.2907664
Utilidad Ruta: 95580.7092336
Costo Reducido: 143488.883361
Nodos: [107, 16, 61, 17, 62, 30, 75, 14, 59, 44, 42, 89, 23, 87, 68, 4, 49, 37, 82, 917]
q: [0.0, 11.0, -11.0, 5.0, -5.0, 11.0, -11.0, 8.0, -8.0, 10.0, 5.0, -10.0, 10.0, -5.0, -10.0, 5.0, -5.0, 15.0, -15.0, 0.0]
Q: [0.0, 11.0, 0.0, 5.0, 0.0, 11.0, 0.0, 8.0, 0.0, 10.0, 15.0, 5.0, 15.0, 10.0, 0.0, 5.0, 0.0, 15.0, 0.0, 0.0]
B: [0.0, 36.0, 45.624091437640004, 78.34191948294, 113.18447326424, 116.32892774793, 135.04295040473, 162.83889106163, 174.86060283663, 213.46403419963, 239.0, 276.4881823646, 297.3187734508, 334.3344123079, 360.6947682994, 529.0, 549.4257496801999, 562.0, 582.7946534714999, 602.8663856587999]
