Avion: 7      Iteracion: 42

Num Ruta: 44
Ingresos: 80400.0
Costos: 223.453763929
Utilidad Ruta: 80176.5462361
Costo Reducido: 28.0244443708
Nodos: [107, 14, 59, 36, 81, 34, 79, 39, 84, 13, 58, 29, 74, 917]
q: [0, 8.0, -8.0, 15.0, -15.0, 12.0, -12.0, 8.0, -8.0, 15.0, -15.0, 9.0, -9.0, 0]
Q: [0, 8.0, 0.0, 15.0, 0.0, 12.0, 0.0, 8.0, 0.0, 15.0, 0.0, 9.0, 0.0, 0]
B: [0.0, 112.0, 124.021711775, 251.0, 257.94814406874, 283.0, 323.947598037, 388.0, 410.632187455, 423.0, 439.88315095, 549.0, 582.7797797802, 601.7503835661]
