Avion: 3      Iteracion: 9

Num Ruta: 11
Ingresos: 130800.0
Costos: 526.770110282
Utilidad Ruta: 130273.22989
Costo Reducido: 108180.30773
Nodos: [103, 14, 59, 11, 56, 44, 89, 36, 81, 26, 71, 45, 90, 25, 70, 32, 77, 2, 4, 47, 7, 52, 49, 913]
q: [0, 8.0, -8.0, 8.0, -8.0, 14.0, -14.0, 15.0, -15.0, 13.0, -13.0, 11.0, -11.0, 10.0, -10.0, 6.0, -6.0, 9.0, 5.0, -9.0, 10.0, -10.0, -5.0, 0]
Q: [0, 8.0, 0.0, 8.0, 0.0, 14.0, 0.0, 15.0, 0.0, 13.0, 0.0, 11.0, 0.0, 10.0, 0.0, 6.0, 0.0, 9.0, 14.0, 5.0, 15.0, 5.0, 0.0, 0]
B: [0.0, 112.0, 124.021711775, 169.0, 173.05406684701, 211.0, 265.00737440390003, 304.21876092620005, 311.16690499494007, 351.4692894529401, 369.04851742234007, 392.57466984894006, 401.76629348136004, 422.79250835706006, 439.97749066716005, 458.52242010896003, 486.37977592386005, 523.87896104836, 551.25049365066, 564.70124946586, 576.20797558586, 604.74928739876, 605.9096614763699, 636.6092101375699]
