Avion: 4      Iteracion: 25

Num Ruta: 27
Ingresos: 79200.0
Costos: 286.557712668
Utilidad Ruta: 78913.4422873
Costo Reducido: 161.963881628
Nodos: [104, 40, 85, 10, 55, 35, 80, 45, 90, 32, 8, 53, 77, 38, 83, 914]
q: [0, 15.0, -15.0, 12.0, -12.0, 6.0, -6.0, 11.0, -11.0, 6.0, 8.0, -8.0, -6.0, 8.0, -8.0, 0]
Q: [0, 15.0, 0.0, 12.0, 0.0, 6.0, 0.0, 11.0, 0.0, 6.0, 14.0, 6.0, 0.0, 8.0, 0.0, 0]
B: [0.0, 62.0, 94.5694417821, 111.75013586, 141.2696465944, 279.0, 298.9128833924, 371.0, 380.19162363242, 422.0, 433.4468981388, 454.2152947548, 470.2643934834, 485.2948407156, 518.1637273563, 539.2119201766]
