Avion: 5      Iteracion: 18

Num Ruta: 21
Ingresos: 13200.0
Costos: 67.164943136
Utilidad Ruta: 13132.8350569
Costo Reducido: 50.8657138377
Nodos: [105, 18, 63, 915]
q: [0, 11.0, -11.0, 0]
Q: [0, 11.0, 0.0, 0]
B: [0.0, 293.0, 316.8182362487, 334.0823262044]
