Avion: 6      Iteracion: 21

Num Ruta: 25
Ingresos: 75600.0
Costos: 237.946034567
Utilidad Ruta: 75362.0539654
Costo Reducido: 133.71299367
Nodos: [106, 40, 85, 31, 76, 36, 81, 22, 67, 8, 53, 2, 47, 916]
q: [0, 15.0, -15.0, 6.0, -6.0, 15.0, -15.0, 10.0, -10.0, 8.0, -8.0, 9.0, -9.0, 0]
Q: [0, 15.0, 0.0, 6.0, 0.0, 15.0, 0.0, 10.0, 0.0, 8.0, 0.0, 9.0, 0.0, 0]
B: [0.0, 62.0, 94.5694417821, 130.0, 143.3056140031, 251.0, 257.94814406874, 299.0, 320.7546861389, 414.0, 434.768396616, 522.0, 562.7349620474, 576.5836524187]
