Avion: 7      Iteracion: 17

Num Ruta: 19
Ingresos: 136800.0
Costos: 542.682798656
Utilidad Ruta: 136257.317201
Costo Reducido: 253.214642677
Nodos: [107, 9, 54, 30, 75, 24, 69, 31, 76, 44, 42, 89, 87, 18, 63, 25, 70, 39, 84, 41, 86, 21, 20, 38, 83, 66, 65, 917]
q: [0.0, 11.0, -11.0, 11.0, -11.0, 14.0, -14.0, 6.0, -6.0, 10.0, 5.0, -10.0, -5.0, 11.0, -11.0, 10.0, -10.0, 8.0, -8.0, 13.0, -13.0, 0.0, 7.0, 8.0, -8.0, 0.0, -7.0, 0.0]
Q: [0.0, 11.0, 0.0, 11.0, 0.0, 14.0, 0.0, 6.0, 0.0, 10.0, 15.0, 5.0, 0.0, 11.0, 0.0, 10.0, 0.0, 8.0, 0.0, 13.0, 0.0, 0.0, 7.0, 15.0, 7.0, 7.0, 0.0, 0.0]
B: [0.0, 28.0, 57.5272370025, 73.3151373379, 92.0291599947, 116.763130885, 155.27608118749998, 166.560438945, 179.8660529481, 211.0, 239.0, 276.4881823646, 294.1162889277, 330.857471557, 354.6757078057, 410.0, 427.1849823101, 446.3261919114, 468.9583793664, 486.6756908159, 506.7168111688, 524.57986813, 529.3292745139601, 531.4103439505701, 564.2792305912701, 571.3491591623401, 591.9485797852401, 604.8292307781401]
