Avion: 4      Iteracion: 0

Num Ruta: 2
Ingresos: 177600.0
Costos: 611.853707731
Utilidad Ruta: 176988.146292
Costo Reducido: -
Nodos: [104, 16, 61, 40, 85, 10, 55, 1, 11, 56, 46, 3, 48, 36, 81, 34, 79, 25, 70, 13, 58, 21, 66, 20, 4, 49, 65, 914]
q: [0, 11.0, -11.0, 15.0, -15.0, 12.0, -12.0, 7.0, 8.0, -8.0, -7.0, 15.0, -15.0, 15.0, -15.0, 12.0, -12.0, 10.0, -10.0, 15.0, -15.0, 13.0, -13.0, 10.0, 5.0, -5.0, -10.0, 0]
Q: [0, 11.0, 0.0, 15.0, 0.0, 12.0, 0.0, 7.0, 15.0, 7.0, 0.0, 15.0, 0.0, 15.0, 0.0, 12.0, 0.0, 10.0, 0.0, 15.0, 0.0, 13.0, 0.0, 10.0, 15.0, 10.0, 0.0, 0]
B: [0.0, 36.0, 45.624091437640004, 77.27284989674001, 109.84229167884001, 127.02298575674001, 156.54249649114, 194.96183766194002, 213.64266625704002, 217.69673310405003, 252.01246244205004, 259.10901435125004, 264.19329610977, 299.11276141207003, 306.06090548081005, 319.78065347411007, 360.72825151111005, 410.0, 427.1849823101, 443.186042775, 460.069193725, 477.0, 517.7387906792, 554.1640824007, 564.4432334357, 584.8689831158999, 596.7302063664999, 640.6218108597999]
