Avion: 6      Iteracion: 63

Num Ruta: 59
Ingresos: 104400.0
Costos: 286.188153984
Utilidad Ruta: 104113.811846
Costo Reducido: 22.6633025809
Nodos: [106, 24, 69, 1, 46, 3, 48, 8, 45, 90, 32, 53, 13, 77, 58, 20, 38, 83, 27, 65, 72, 916]
q: [0.0, 14.0, -14.0, 7.0, -7.0, 15.0, -15.0, 8.0, 7.0, -7.0, 6.0, -8.0, 9.0, -6.0, -9.0, 9.0, 6.0, -6.0, 6.0, -9.0, -6.0, 0.0]
Q: [0.0, 14.0, 0.0, 7.0, 0.0, 15.0, 0.0, 8.0, 15.0, 8.0, 14.0, 6.0, 15.0, 9.0, 0.0, 9.0, 15.0, 9.0, 15.0, 6.0, 0.0, 0.0]
B: [0.0, 61.0, 99.5129503025, 175.0, 209.2400855285, 256.0, 261.08428175852, 414.0, 417.40515271317, 426.59677634559, 428.13238729892, 450.51212199352, 452.72279813443, 466.56497791223, 470.63592829267003, 496.0, 498.08106943661, 530.9499560773099, 542.48568340591, 568.78644675981, 584.94421257071, 606.67292095391]
