Avion: 2      Iteracion: 48

Num Ruta: 45
Ingresos: 81600.0
Costos: 255.667779694
Utilidad Ruta: 81344.3322203
Costo Reducido: 5.97755688122
Nodos: [102, 44, 89, 3, 48, 18, 63, 39, 84, 6, 51, 27, 7, 52, 72, 912]
q: [0.0, 14.0, -14.0, 15.0, -15.0, 11.0, -11.0, 8.0, -8.0, 5.0, -5.0, 5.0, 10.0, -10.0, -5.0, 0.0]
Q: [0.0, 14.0, 0.0, 15.0, 0.0, 11.0, 0.0, 8.0, 0.0, 5.0, 0.0, 5.0, 15.0, 5.0, 0.0, 0.0]
B: [0.0, 211.0, 265.00737440390003, 287.39410424550005, 292.47838600402, 313.51739515372003, 337.33563140242, 388.0, 410.632187455, 436.0, 439.69228939819, 538.0, 565.6633233723, 594.2046351852, 598.60455575266, 604.84853917673]
