Avion: 7      Iteracion: 53

Num Ruta: 55
Ingresos: 92400.0
Costos: 270.184532133
Utilidad Ruta: 92129.8154679
Costo Reducido: 14.5859474545
Nodos: [107, 30, 16, 61, 75, 24, 69, 1, 46, 3, 48, 23, 42, 87, 26, 71, 68, 27, 72, 917]
q: [0.0, 11.0, 4.0, -4.0, -11.0, 14.0, -14.0, 7.0, -7.0, 15.0, -15.0, 10.0, 5.0, -5.0, 5.0, -5.0, -10.0, 6.0, -6.0, 0.0]
Q: [0.0, 11.0, 15.0, 11.0, 0.0, 14.0, 0.0, 7.0, 0.0, 15.0, 0.0, 10.0, 15.0, 10.0, 15.0, 10.0, 0.0, 6.0, 0.0, 0.0]
B: [0.0, 64.0, 72.20259129788, 81.82668273552001, 84.69783929691, 109.43181018721, 147.94476048971, 175.0, 209.2400855285, 256.0, 261.08428175852, 267.0, 289.6110683074, 337.6609029585, 344.55638154958, 362.13560951898, 365.20268190156, 538.0, 555.0308623681, 560.60829851744]
