Avion: 5      Iteracion: 5

Num Ruta: 9
Ingresos: 174000.0
Costos: 623.162680635
Utilidad Ruta: 173376.837319
Costo Reducido: 242994.625235
Nodos: [105, 17, 62, 16, 61, 40, 85, 14, 59, 44, 42, 89, 23, 87, 68, 45, 90, 25, 43, 70, 88, 21, 50, 5, 66, 7, 4, 52, 49, 37, 82, 915]
q: [0.0, 5.0, -5.0, 11.0, -11.0, 15.0, -15.0, 8.0, -8.0, 10.0, 5.0, -10.0, 10.0, -5.0, -10.0, 11.0, -11.0, 10.0, 5.0, -10.0, -5.0, 13.0, -12.0, 12.0, -13.0, 10.0, 5.0, -10.0, -5.0, 15.0, -15.0, 0.0]
Q: [0.0, 5.0, 0.0, 11.0, 0.0, 15.0, 0.0, 8.0, 0.0, 10.0, 15.0, 5.0, 15.0, 10.0, 0.0, 11.0, 0.0, 10.0, 15.0, 5.0, 0.0, 13.0, 1.0, 13.0, 0.0, 10.0, 15.0, 5.0, 0.0, 15.0, 0.0, 0.0]
B: [0.0, 24.0, 58.8425537813, 64.17419311644, 73.79828455408, 105.44704301318001, 138.01648479528, 166.59488672748, 178.61659850248, 217.22002986548, 239.64034139318, 277.12852375778, 297.95911484398, 334.97475370108, 361.33510969258, 387.72364206938, 396.91526570179997, 417.9414805775, 451.0, 464.0372215215, 471.78639754221, 479.06940495673, 507.30899533973, 508.43068424491, 530.05334506641, 569.58292322001, 579.94629651251, 599.21865749921, 600.37903157682, 607.44340366498, 628.2380571364799, 653.30323507318]
