Avion: 5      Iteracion: 16

Num Ruta: 19
Ingresos: 79200.0
Costos: 297.128998161
Utilidad Ruta: 78902.8710018
Costo Reducido: 380.139332554
Nodos: [105, 10, 55, 18, 63, 45, 90, 8, 53, 29, 74, 37, 82, 915]
q: [0, 12.0, -12.0, 11.0, -11.0, 11.0, -11.0, 8.0, -8.0, 9.0, -9.0, 15.0, -15.0, 0]
Q: [0, 12.0, 0.0, 11.0, 0.0, 11.0, 0.0, 8.0, 0.0, 9.0, 0.0, 15.0, 0.0, 0]
B: [0.0, 96.0, 125.5195107344, 293.0, 316.8182362487, 371.0, 380.19162363242, 414.0, 434.768396616, 549.0, 582.7797797802, 602.0609649098, 622.8556183813, 647.920796318]
