Avion: 7      Iteracion: 26

Num Ruta: 28
Ingresos: 142800.0
Costos: 440.334463617
Utilidad Ruta: 142359.665536
Costo Reducido: 204.223863948
Nodos: [107, 30, 75, 24, 69, 1, 42, 46, 3, 48, 23, 87, 26, 68, 71, 8, 45, 90, 19, 25, 70, 53, 64, 5, 50, 2, 47, 7, 52, 917]
q: [0.0, 11.0, -11.0, 14.0, -14.0, 7.0, 5.0, -7.0, 10.0, -10.0, 10.0, -5.0, 5.0, -10.0, -5.0, 0.0, 11.0, -11.0, 5.0, 10.0, -10.0, 0.0, -5.0, 12.0, -12.0, 9.0, -9.0, 10.0, -10.0, 0.0]
Q: [0.0, 11.0, 0.0, 14.0, 0.0, 7.0, 12.0, 5.0, 15.0, 5.0, 15.0, 10.0, 15.0, 5.0, 0.0, 0.0, 11.0, 0.0, 5.0, 15.0, 5.0, 5.0, 0.0, 12.0, 0.0, 9.0, 0.0, 10.0, 0.0, 0.0]
B: [0.0, 64.0, 82.7140226568, 107.4479935471, 145.9609438496, 175.0, 239.0, 264.0626014013, 271.1591533105, 276.24343506902, 279.60592239242, 316.62156124951997, 323.5170398406, 343.20341261469997, 346.27048499728, 414.0, 417.40515271317, 426.59677634559, 438.43863059229, 447.83063783248997, 465.01562014258997, 482.62362017098997, 485.55173936254994, 493.4020526047099, 494.52374150988993, 522.0, 562.7349620474, 574.2416881674001, 602.7829999803, 609.4724484628]
