Avion: 5      Iteracion: 12

Num Ruta: 15
Ingresos: 115200.0
Costos: 499.603365686
Utilidad Ruta: 114700.396634
Costo Reducido: 137360.10332
Nodos: [105, 30, 75, 16, 61, 10, 55, 23, 68, 22, 67, 28, 73, 13, 58, 7, 52, 29, 74, 915]
q: [0, 11.0, -11.0, 11.0, -11.0, 12.0, -12.0, 10.0, -10.0, 10.0, -10.0, 8.0, -8.0, 15.0, -15.0, 10.0, -10.0, 9.0, -9.0, 0]
Q: [0, 11.0, 0.0, 11.0, 0.0, 12.0, 0.0, 10.0, 0.0, 10.0, 0.0, 8.0, 0.0, 15.0, 0.0, 10.0, 0.0, 9.0, 0.0, 0]
B: [0.0, 64.0, 82.7140226568, 93.53069441849999, 103.15478585614, 118.98406306644, 148.50357380084, 267.0, 306.733842905, 322.49026689650003, 344.24495303540004, 387.29611673630006, 423.32273552020007, 456.27610481680006, 473.1592557668001, 517.0, 545.5413118129, 582.3531320477, 616.1329118279, 641.9148977871]
