Avion: 3      Iteracion: 70

Num Ruta: 54
Ingresos: 86400.0
Costos: 241.017774368
Utilidad Ruta: 86158.9822256
Costo Reducido: 12.0485252465
Nodos: [103, 1, 46, 3, 48, 45, 8, 90, 32, 53, 6, 51, 13, 77, 58, 38, 21, 66, 83, 913]
q: [0.0, 7.0, -7.0, 15.0, -15.0, 7.0, 8.0, -7.0, 6.0, -8.0, 5.0, -5.0, 9.0, -6.0, -9.0, 2.0, 13.0, -13.0, -2.0, 0.0]
Q: [0.0, 7.0, 0.0, 15.0, 0.0, 7.0, 15.0, 8.0, 14.0, 6.0, 11.0, 6.0, 15.0, 9.0, 0.0, 2.0, 15.0, 2.0, 0.0, 0.0]
B: [0.0, 175.0, 209.2400855285, 256.0, 261.08428175852, 371.0, 414.0, 425.5499943723, 427.08560532562996, 449.46534002023, 458.65601164965994, 462.34830104784993, 475.75836715504994, 489.60054693284997, 493.67149731329, 507.16655659439, 513.98946953536, 554.7282602145599, 561.7981887856299, 571.7621641468999]
