Avion: 6      Iteracion: 72

Num Ruta: 64
Ingresos: 157200.0
Costos: 458.859358286
Utilidad Ruta: 156741.140642
Costo Reducido: 4.72569743346
Nodos: [106, 40, 85, 1, 46, 3, 48, 42, 18, 87, 26, 71, 63, 39, 6, 51, 84, 13, 58, 21, 38, 83, 66, 33, 78, 27, 72, 37, 82, 916]
q: [0.0, 15.0, -15.0, 7.0, -7.0, 15.0, -15.0, 5.0, 10.0, -5.0, 5.0, -5.0, -10.0, 8.0, 5.0, -5.0, -8.0, 15.0, -15.0, 13.0, 2.0, -2.0, -13.0, 10.0, -10.0, 6.0, -6.0, 15.0, -15.0, 0.0]
Q: [0.0, 15.0, 0.0, 7.0, 0.0, 15.0, 0.0, 5.0, 15.0, 10.0, 15.0, 10.0, 0.0, 8.0, 13.0, 8.0, 0.0, 15.0, 0.0, 13.0, 15.0, 13.0, 0.0, 10.0, 0.0, 6.0, 0.0, 15.0, 0.0, 0.0]
B: [0.0, 62.0, 94.5694417821, 175.0, 209.2400855285, 256.0, 261.08428175852, 282.70958344432, 294.52923881152003, 331.27042144082003, 338.16590003190004, 355.74512800130003, 367.17991746150005, 388.0, 436.0, 439.69228939819, 449.87740525418997, 453.10933904063995, 469.99248999063997, 485.50388638164, 492.32679932261, 525.19568596331, 532.26561453438, 562.0, 585.3035112376, 592.52226459258, 609.55312696068, 616.38909258377, 637.1837460552699, 658.4830985571699]
