Avion: 6      Iteracion: 95

Num Ruta: 76
Ingresos: 87600.0
Costos: 342.664198961
Utilidad Ruta: 87257.335801
Costo Reducido: 0.690924870694
Nodos: [106, 9, 54, 12, 57, 1, 46, 18, 63, 21, 20, 66, 65, 2, 33, 78, 47, 916]
q: [0.0, 11.0, -11.0, 14.0, -14.0, 7.0, -7.0, 11.0, -11.0, 5.0, 10.0, -5.0, -10.0, 9.0, 6.0, -6.0, -9.0, 0.0]
Q: [0.0, 11.0, 0.0, 14.0, 0.0, 7.0, 0.0, 11.0, 0.0, 5.0, 15.0, 10.0, 0.0, 9.0, 15.0, 9.0, 0.0, 0.0]
B: [0.0, 28.0, 57.5272370025, 68.3142737596, 111.6621980236, 175.0, 209.2400855285, 293.0, 316.8182362487, 477.0, 496.0, 532.4252917215, 553.0247123444, 560.35500960986, 574.14061053986, 597.4441217774599, 615.9629058088599, 629.8115961801599]
