Avion: 7      Iteracion: 50

Num Ruta: 52
Ingresos: 58800.0
Costos: 170.494971439
Utilidad Ruta: 58629.5050286
Costo Reducido: 19.4583281924
Nodos: [107, 40, 85, 41, 86, 38, 21, 83, 66, 27, 72, 917]
q: [0.0, 15.0, -15.0, 13.0, -13.0, 2.0, 13.0, -2.0, -13.0, 6.0, -6.0, 0.0]
Q: [0.0, 15.0, 0.0, 13.0, 0.0, 2.0, 15.0, 13.0, 0.0, 6.0, 0.0, 0.0]
B: [0.0, 62.0, 94.5694417821, 446.0, 466.0411203529, 480.0, 486.82291294097, 525.3346514111701, 532.4045799822401, 545.5820281798401, 562.6128905479401, 568.19032669728]
