Avion: 4      Iteracion: 11

Num Ruta: 13
Ingresos: 130800.0
Costos: 578.817733779
Utilidad Ruta: 130221.182266
Costo Reducido: 147305.56384
Nodos: [104, 17, 62, 24, 69, 31, 14, 59, 76, 1, 46, 23, 68, 35, 80, 8, 53, 41, 86, 32, 77, 15, 60, 20, 4, 49, 65, 914]
q: [0, 5.0, -5.0, 14.0, -14.0, 6.0, 8.0, -8.0, -6.0, 7.0, -7.0, 10.0, -10.0, 6.0, -6.0, 8.0, -8.0, 13.0, -13.0, 6.0, -6.0, 11.0, -11.0, 10.0, 5.0, -5.0, -10.0, 0]
Q: [0, 5.0, 0.0, 14.0, 0.0, 6.0, 14.0, 6.0, 0.0, 7.0, 0.0, 10.0, 0.0, 6.0, 0.0, 8.0, 0.0, 13.0, 0.0, 6.0, 0.0, 11.0, 0.0, 10.0, 15.0, 10.0, 0.0, 0]
B: [0.0, 26.5094038032, 61.3519575845, 77.9102408892, 116.4231911917, 130.0, 147.5196824172, 159.5413941922, 188.60695116259998, 207.59664526229997, 241.83673079079998, 267.0, 306.733842905, 336.2538785588, 356.1667619512, 414.0, 434.768396616, 450.7881267011, 470.829247054, 479.22624008722, 507.08359590212, 530.37903545582, 546.80020207092, 552.93405412326, 563.21320515826, 583.63895483846, 595.50017808906, 639.39178258236]
