Avion: 7      Iteracion: 65

Num Ruta: 64
Ingresos: 68400.0
Costos: 254.908403159
Utilidad Ruta: 68145.0915968
Costo Reducido: 2.87119442844
Nodos: [107, 24, 69, 1, 46, 23, 18, 68, 63, 20, 38, 83, 27, 72, 65, 917]
q: [0.0, 14.0, -14.0, 7.0, -7.0, 10.0, 5.0, -10.0, -5.0, 9.0, 6.0, -6.0, 6.0, -6.0, -9.0, 0.0]
Q: [0.0, 14.0, 0.0, 7.0, 0.0, 10.0, 15.0, 5.0, 0.0, 9.0, 15.0, 9.0, 15.0, 9.0, 0.0, 0.0]
B: [0.0, 61.0, 99.5129503025, 175.0, 209.2400855285, 267.0, 293.0, 318.4393114097, 328.36484298237, 496.0, 498.08106943661, 530.9499560773099, 542.48568340591, 559.51654577401, 575.6743115849099, 588.5549625778099]
