Avion: 7      Iteracion: 11

Num Ruta: 13
Ingresos: 133200.0
Costos: 545.464056627
Utilidad Ruta: 132654.535943
Costo Reducido: 144246.077427
Nodos: [107, 17, 30, 62, 75, 24, 69, 31, 1, 76, 46, 23, 68, 35, 80, 8, 53, 41, 86, 32, 77, 15, 60, 20, 4, 65, 49, 917]
q: [0.0, 5.0, 10.0, -5.0, -10.0, 14.0, -14.0, 6.0, 7.0, -6.0, -7.0, 10.0, -10.0, 6.0, -6.0, 8.0, -8.0, 13.0, -13.0, 6.0, -6.0, 11.0, -11.0, 10.0, 5.0, -10.0, -5.0, 0.0]
Q: [0.0, 5.0, 15.0, 10.0, 0.0, 14.0, 0.0, 6.0, 13.0, 7.0, 0.0, 10.0, 0.0, 6.0, 0.0, 8.0, 0.0, 13.0, 0.0, 6.0, 0.0, 11.0, 0.0, 10.0, 15.0, 5.0, 0.0, 0.0]
B: [0.0, 42.7570493018, 76.37076090880001, 79.51521539249, 95.61316091359001, 120.34713180389001, 158.86008210639, 170.14443986389, 179.03820183507, 198.02789593477, 231.58898365557, 267.0, 306.733842905, 336.2538785588, 356.1667619512, 414.0, 434.768396616, 450.7881267011, 470.829247054, 479.22624008722, 507.08359590212, 530.37903545582, 546.80020207092, 552.93405412326, 563.21320515826, 595.30952826546, 607.17075151606, 613.99340151441]
