Avion: 5      Iteracion: 15

Num Ruta: 18
Ingresos: 73200.0
Costos: 307.662593593
Utilidad Ruta: 72892.3374064
Costo Reducido: 2138.6884999
Nodos: [105, 10, 55, 31, 11, 56, 76, 39, 84, 28, 73, 20, 65, 2, 47, 915]
q: [0, 12.0, -12.0, 6.0, 8.0, -8.0, -6.0, 8.0, -8.0, 8.0, -8.0, 10.0, -10.0, 9.0, -9.0, 0]
Q: [0, 12.0, 0.0, 6.0, 14.0, 6.0, 0.0, 8.0, 0.0, 8.0, 0.0, 10.0, 0.0, 9.0, 0.0, 0]
B: [0.0, 96.0, 125.5195107344, 165.1276650716, 178.3103942655, 182.36446111251, 186.05883968001, 388.0, 410.632187455, 423.6226744744, 459.6492932583, 496.0, 538.1771424471, 545.50743971256, 586.24240175996, 597.29848537936]
