Avion: 3      Iteracion: 76

Num Ruta: 57
Ingresos: 133200.0
Costos: 349.254274084
Utilidad Ruta: 132850.745726
Costo Reducido: 45.2672625078
Nodos: [103, 17, 30, 62, 16, 61, 75, 24, 69, 1, 46, 3, 48, 8, 45, 90, 32, 53, 13, 77, 58, 29, 7, 52, 33, 74, 78, 913]
q: [0.0, 5.0, 10.0, -5.0, 5.0, -5.0, -10.0, 14.0, -14.0, 7.0, -7.0, 15.0, -15.0, 8.0, 7.0, -7.0, 6.0, -8.0, 9.0, -6.0, -9.0, 5.0, 10.0, -10.0, 10.0, -5.0, -10.0, 0.0]
Q: [0.0, 5.0, 15.0, 10.0, 15.0, 10.0, 0.0, 14.0, 0.0, 7.0, 0.0, 15.0, 0.0, 8.0, 15.0, 8.0, 14.0, 6.0, 15.0, 9.0, 0.0, 5.0, 15.0, 5.0, 15.0, 10.0, 0.0, 0.0]
B: [0.0, 24.0, 64.0, 67.14445448369, 72.47609381883, 82.10018525647, 84.97134181786, 109.70531270816, 148.21826301066, 175.0, 209.2400855285, 256.0, 261.08428175852, 414.0, 417.40515271317, 426.59677634559, 428.13238729892, 450.51212199352, 452.72279813443, 466.56497791223, 470.63592829267003, 549.0, 570.2768523283, 598.8181641412, 608.27819035681, 617.12968203901, 632.54409792151, 651.38283673281]
