Avion: 5      Iteracion: 17

Num Ruta: 20
Ingresos: 97200.0
Costos: 331.22362802
Utilidad Ruta: 96868.776372
Costo Reducido: 223.274510318
Nodos: [105, 24, 69, 36, 81, 34, 79, 39, 84, 41, 86, 29, 74, 33, 78, 915]
q: [0, 14.0, -14.0, 15.0, -15.0, 12.0, -12.0, 8.0, -8.0, 13.0, -13.0, 9.0, -9.0, 10.0, -10.0, 0]
Q: [0, 14.0, 0.0, 15.0, 0.0, 12.0, 0.0, 8.0, 0.0, 13.0, 0.0, 9.0, 0.0, 10.0, 0.0, 0]
B: [0.0, 61.0, 99.5129503025, 251.0, 257.94814406874, 283.0, 323.947598037, 388.0, 410.632187455, 446.0, 466.0411203529, 549.0, 582.7797797802, 591.6312714624, 614.9347827, 631.1673746372]
