Avion: 2      Iteracion: 25

Num Ruta: 28
Ingresos: 18000.0
Costos: 83.8168771415
Utilidad Ruta: 17916.1831229
Costo Reducido: 22.6539849955
Nodos: [102, 40, 85, 912]
q: [0, 15.0, -15.0, 0]
Q: [0, 15.0, 0.0, 0]
B: [0.0, 62.0, 94.5694417821, 105.0740450112]
