Avion: 3      Iteracion: 73

Num Ruta: 55
Ingresos: 140400.0
Costos: 358.470398827
Utilidad Ruta: 140041.529601
Costo Reducido: 14.9358791073
Nodos: [103, 17, 30, 62, 16, 61, 75, 14, 59, 3, 48, 23, 18, 63, 68, 22, 67, 45, 90, 32, 8, 53, 13, 77, 58, 29, 27, 72, 74, 913]
q: [0.0, 5.0, 10.0, -5.0, 5.0, -5.0, -10.0, 8.0, -8.0, 15.0, -15.0, 4.0, 11.0, -11.0, -4.0, 10.0, -10.0, 11.0, -11.0, 6.0, 8.0, -8.0, 9.0, -6.0, -9.0, 9.0, 6.0, -6.0, -9.0, 0.0]
Q: [0.0, 5.0, 15.0, 10.0, 15.0, 10.0, 0.0, 8.0, 0.0, 15.0, 0.0, 4.0, 15.0, 4.0, 0.0, 10.0, 0.0, 11.0, 0.0, 6.0, 14.0, 6.0, 15.0, 9.0, 0.0, 9.0, 15.0, 9.0, 0.0, 0.0]
B: [0.0, 24.0, 64.0, 67.14445448369, 72.47609381883, 82.10018525647, 84.97134181786, 112.76728247476, 124.78899424976, 256.0, 261.08428175852, 267.0, 293.0, 316.8182362487, 326.74376782137, 342.50019181287, 364.25487795177, 376.01755218007, 385.20917581249, 422.0, 433.4468981388, 454.2152947548, 456.42597089571, 470.26815067351004, 474.33910105395006, 549.0, 574.6018082369, 591.6326706049999, 607.0800481818, 625.7172127998]
