Avion: 7      Iteracion: 79

Num Ruta: 73
Ingresos: 121200.0
Costos: 390.525765489
Utilidad Ruta: 120809.474235
Costo Reducido: 6.06591494374
Nodos: [107, 24, 69, 44, 42, 89, 35, 87, 26, 80, 71, 22, 67, 45, 90, 43, 25, 70, 88, 21, 38, 4, 66, 83, 27, 49, 72, 917]
q: [0.0, 14.0, -14.0, 10.0, 5.0, -10.0, 6.0, -5.0, 9.0, -6.0, -9.0, 10.0, -10.0, 11.0, -11.0, 5.0, 10.0, -10.0, -5.0, 13.0, 2.0, 0.0, -13.0, -2.0, 6.0, 0.0, -6.0, 0.0]
Q: [0.0, 14.0, 0.0, 10.0, 15.0, 5.0, 11.0, 6.0, 15.0, 9.0, 0.0, 10.0, 0.0, 11.0, 0.0, 5.0, 15.0, 5.0, 0.0, 13.0, 15.0, 15.0, 2.0, 0.0, 6.0, 6.0, 0.0, 0.0]
B: [0.0, 61.0, 99.5129503025, 211.0, 239.0, 276.4881823646, 296.9043957745, 300.96084557698003, 307.85632416806004, 317.14932954845005, 326.97114531744006, 340.60532596754007, 362.3600121064401, 374.1226863347401, 383.31430996716006, 451.0, 465.0611587716, 482.2461410817, 489.99531710241, 497.27832451693, 504.1012374579, 529.0, 558.169797411, 565.23972598207, 576.7754533106701, 593.1262658898701, 598.54152442479, 604.11896057413]
