Avion: 4      Iteracion: 47

Num Ruta: 43
Ingresos: 66000.0
Costos: 220.086685965
Utilidad Ruta: 65779.913314
Costo Reducido: 21.8446261129
Nodos: [104, 22, 67, 18, 63, 28, 73, 15, 60, 20, 4, 49, 65, 914]
q: [0, 10.0, -10.0, 11.0, -11.0, 8.0, -8.0, 11.0, -11.0, 10.0, 5.0, -5.0, -10.0, 0]
Q: [0, 10.0, 0.0, 11.0, 0.0, 8.0, 0.0, 11.0, 0.0, 10.0, 15.0, 10.0, 0.0, 0]
B: [0.0, 299.0, 320.7546861389, 334.15512273630003, 357.973358985, 378.0, 414.0266187839, 511.0, 527.4211666151, 533.55501866744, 543.83416970244, 564.25991938264, 576.12114263324, 620.0127471265399]
