Avion: 4      Iteracion: 12

Num Ruta: 14
Ingresos: 129600.0
Costos: 462.296211742
Utilidad Ruta: 129137.703788
Costo Reducido: 86193.3298347
Nodos: [104, 30, 75, 16, 61, 10, 55, 1, 11, 56, 46, 34, 79, 22, 67, 45, 90, 13, 58, 32, 43, 88, 77, 914]
q: [0, 11.0, -11.0, 11.0, -11.0, 12.0, -12.0, 7.0, 8.0, -8.0, -7.0, 12.0, -12.0, 10.0, -10.0, 11.0, -11.0, 15.0, -15.0, 6.0, 5.0, -5.0, -6.0, 0]
Q: [0, 11.0, 0.0, 11.0, 0.0, 12.0, 0.0, 7.0, 15.0, 7.0, 0.0, 12.0, 0.0, 10.0, 0.0, 11.0, 0.0, 15.0, 0.0, 6.0, 11.0, 6.0, 0.0, 0]
B: [0.0, 64.0, 82.7140226568, 93.53069441849999, 103.15478585614, 118.98406306644, 148.50357380084, 186.92291497164, 205.60374356674, 209.65781041375, 243.97353975175002, 287.07292148745, 328.02051952445, 357.77181894144996, 379.52650508035, 391.28917930865, 400.48080294106995, 424.61106247136996, 441.49421342137, 468.87336698756997, 476.08620256035, 493.34852366735, 507.14747848285, 516.26463110853]
