Avion: 5      Iteracion: 76

Num Ruta: 63
Ingresos: 44400.0
Costos: 201.753384256
Utilidad Ruta: 44198.2466157
Costo Reducido: 1.72022473298
Nodos: [105, 17, 62, 24, 69, 1, 46, 18, 63, 915]
q: [0, 5.0, -5.0, 14.0, -14.0, 7.0, -7.0, 11.0, -11.0, 0]
Q: [0, 5.0, 0.0, 14.0, 0.0, 7.0, 0.0, 11.0, 0.0, 0]
B: [0.0, 24.0, 58.8425537813, 75.400837086, 113.9137873885, 175.0, 209.2400855285, 293.0, 316.8182362487, 334.0823262044]
