Avion: 7      Iteracion: 6

Num Ruta: 9
Ingresos: 75600.0
Costos: 364.963555795
Utilidad Ruta: 75235.0364442
Costo Reducido: 129372.538118
Nodos: [107, 40, 85, 30, 75, 44, 42, 89, 35, 87, 80, 28, 73, 8, 53, 917]
q: [0.0, 15.0, -15.0, 11.0, -11.0, 14.0, 1.0, -14.0, 6.0, -1.0, -6.0, 8.0, -8.0, 8.0, -8.0, 0.0]
Q: [0.0, 15.0, 0.0, 11.0, 0.0, 14.0, 15.0, 1.0, 7.0, 6.0, 0.0, 8.0, 0.0, 8.0, 0.0, 0.0]
B: [0.0, 62.0, 94.5694417821, 113.51249206450001, 132.22651472130002, 211.0, 239.0, 276.4881823646, 296.9043957745, 300.96084557698003, 317.03505454668004, 378.0, 414.0266187839, 448.6194490382, 469.3878456542, 485.9889563701]
