Avion: 7      Iteracion: 33

Num Ruta: 35
Ingresos: 110400.0
Costos: 290.675523344
Utilidad Ruta: 110109.324477
Costo Reducido: 104.03491144
Nodos: [107, 40, 85, 30, 75, 31, 11, 76, 56, 19, 45, 90, 32, 8, 64, 53, 13, 77, 58, 29, 4, 74, 49, 917]
q: [0.0, 15.0, -15.0, 11.0, -11.0, 6.0, 8.0, -6.0, -8.0, 4.0, 11.0, -11.0, 3.0, 8.0, -4.0, -8.0, 12.0, -3.0, -12.0, 9.0, 5.0, -9.0, -5.0, 0.0]
Q: [0.0, 15.0, 0.0, 11.0, 0.0, 6.0, 14.0, 8.0, 0.0, 4.0, 15.0, 4.0, 7.0, 15.0, 11.0, 3.0, 15.0, 12.0, 0.0, 9.0, 14.0, 5.0, 0.0, 0.0]
B: [0.0, 62.0, 94.5694417821, 113.51249206450001, 132.22651472130002, 156.12090755730003, 169.30363675120003, 169.78251565029703, 173.47689421779702, 402.0, 422.3372579518, 431.52888158421996, 433.06449253754994, 444.51139067634995, 462.46835010714994, 465.3964692987099, 467.6071454396199, 481.4493252174199, 485.52027559785995, 549.0, 569.7100026316, 592.5834067727, 604.8024778094, 611.62512780775]
