Avion: 4      Iteracion: 6

Num Ruta: 9
Ingresos: 148800.0
Costos: 625.224160684
Utilidad Ruta: 148174.775839
Costo Reducido: 190493.559602
Nodos: [104, 17, 62, 30, 75, 40, 85, 1, 11, 56, 44, 46, 89, 3, 48, 34, 79, 28, 73, 43, 32, 88, 21, 77, 66, 4, 7, 52, 49, 914]
q: [0.0, 5.0, -5.0, 11.0, -11.0, 15.0, -15.0, 1.0, 8.0, -8.0, 14.0, -1.0, -14.0, 15.0, -15.0, 12.0, -12.0, 8.0, -8.0, 5.0, 2.0, -5.0, 13.0, -2.0, -13.0, 5.0, 10.0, -10.0, -5.0, 0.0]
Q: [0.0, 5.0, 0.0, 11.0, 0.0, 15.0, 0.0, 1.0, 9.0, 1.0, 15.0, 14.0, 0.0, 15.0, 0.0, 12.0, 0.0, 8.0, 0.0, 5.0, 7.0, 2.0, 15.0, 13.0, 0.0, 5.0, 15.0, 5.0, 0.0, 0.0]
B: [0.0, 26.5094038032, 61.3519575845, 64.49641206819, 83.21043472499, 114.02028879798999, 146.58973058009, 175.0, 193.6808285951, 197.73489544211, 211.0, 256.3963542369, 272.4109032471, 294.7976330887, 299.88191484722, 341.15471460682, 382.10231264381997, 391.28249619317995, 427.30911497707996, 451.0, 458.21283557278, 482.22254338028, 489.5055507948, 507.9174823882, 534.1281812915, 563.2979787025, 573.661351995, 602.2026638079, 603.3630378855099, 637.2553557466099]
