Avion: 4      Iteracion: 71

Num Ruta: 60
Ingresos: 87600.0
Costos: 235.560362378
Utilidad Ruta: 87364.4396376
Costo Reducido: 6.80151787134
Nodos: [104, 36, 81, 34, 79, 39, 28, 84, 13, 58, 73, 25, 21, 70, 38, 66, 83, 914]
q: [0.0, 15.0, -15.0, 12.0, -12.0, 8.0, 7.0, -8.0, 8.0, -8.0, -7.0, 8.0, 7.0, -8.0, 8.0, -7.0, -8.0, 0.0]
Q: [0.0, 15.0, 0.0, 12.0, 0.0, 8.0, 15.0, 7.0, 15.0, 7.0, 0.0, 8.0, 15.0, 7.0, 15.0, 8.0, 0.0, 0.0]
B: [0.0, 251.0, 257.94814406874, 283.0, 323.947598037, 388.0, 399.3210123222, 412.3114993416, 423.0, 439.88315095, 462.92158097460003, 466.25495959096, 477.0, 485.168713485, 489.49037624371, 523.97275662851, 531.04268519958, 552.0908780198799]
