Avion: 1      Iteracion: 92

Num Ruta: 74
Ingresos: 49200.0
Costos: 136.058018059
Utilidad Ruta: 49063.9419819
Costo Reducido: 0.847603547016
Nodos: [101, 16, 61, 18, 63, 28, 73, 15, 60, 911]
q: [0, 11.0, -11.0, 11.0, -11.0, 8.0, -8.0, 11.0, -11.0, 0]
Q: [0, 11.0, 0.0, 11.0, 0.0, 8.0, 0.0, 11.0, 0.0, 0]
B: [0.0, 36.0, 45.624091437640004, 293.0, 316.8182362487, 378.0, 414.0266187839, 511.0, 527.4211666151, 535.75192030249]
