Avion: 7      Iteracion: 15

Num Ruta: 17
Ingresos: 127200.0
Costos: 496.045454181
Utilidad Ruta: 126703.954546
Costo Reducido: 2656.29423814
Nodos: [107, 16, 61, 10, 55, 31, 11, 76, 56, 44, 42, 23, 89, 35, 87, 80, 68, 28, 39, 84, 73, 25, 70, 38, 83, 20, 27, 65, 72, 917]
q: [0.0, 11.0, -11.0, 12.0, -12.0, 6.0, 8.0, -6.0, -8.0, 6.0, 0.0, 9.0, -6.0, 6.0, 0.0, -6.0, -9.0, 8.0, 7.0, -7.0, -8.0, 10.0, -10.0, 8.0, -8.0, 10.0, 5.0, -10.0, -5.0, 0.0]
Q: [0.0, 11.0, 0.0, 12.0, 0.0, 6.0, 14.0, 8.0, 0.0, 6.0, 6.0, 15.0, 9.0, 15.0, 15.0, 9.0, 0.0, 8.0, 15.0, 8.0, 0.0, 10.0, 0.0, 8.0, 0.0, 10.0, 15.0, 5.0, 0.0, 0.0]
B: [0.0, 36.0, 45.624091437640004, 96.0, 125.5195107344, 165.1276650716, 178.3103942655, 178.789273164597, 182.483651732097, 211.0, 239.0, 267.0, 287.8305910862, 308.2468044961, 312.30325429858004, 328.37746326828005, 340.99600874708005, 378.0, 389.3210123222, 411.9531997772, 447.9661109064, 451.29948952276, 468.48447183286, 480.0, 512.8688866407, 547.495222124, 570.9894260049999, 597.2901893589, 613.4479551697999, 619.0253913191399]
