Avion: 7      Iteracion: 47

Num Ruta: 49
Ingresos: 69600.0
Costos: 264.106533408
Utilidad Ruta: 69335.8934666
Costo Reducido: 31.4245437926
Nodos: [107, 9, 54, 12, 57, 1, 46, 18, 63, 20, 4, 49, 65, 917]
q: [0, 11.0, -11.0, 14.0, -14.0, 7.0, -7.0, 11.0, -11.0, 10.0, 5.0, -5.0, -10.0, 0]
Q: [0, 11.0, 0.0, 14.0, 0.0, 7.0, 0.0, 11.0, 0.0, 10.0, 15.0, 10.0, 0.0, 0]
B: [0.0, 28.0, 57.5272370025, 68.3142737596, 111.6621980236, 175.0, 209.2400855285, 293.0, 316.8182362487, 496.0, 529.0, 549.4257496801999, 561.2869729308, 574.1676239236999]
