Avion: 5      Iteracion: 2

Num Ruta: 6
Ingresos: 40800.0
Costos: 165.318283591
Utilidad Ruta: 40634.6817164
Costo Reducido: 92775.7508849
Nodos: [105, 24, 69, 4, 49, 37, 82, 915]
q: [0, 14.0, -14.0, 5.0, -5.0, 15.0, -15.0, 0]
Q: [0, 14.0, 0.0, 5.0, 0.0, 15.0, 0.0, 0]
B: [0.0, 61.0, 99.5129503025, 529.0, 549.4257496801999, 562.0, 582.7946534714999, 607.8598314082]
