Avion: 5      Iteracion: 87

Num Ruta: 67
Ingresos: 40800.0
Costos: 117.015404624
Utilidad Ruta: 40682.9845954
Costo Reducido: 5.69077075094
Nodos: [105, 36, 81, 29, 74, 33, 78, 915]
q: [0, 15.0, -15.0, 9.0, -9.0, 10.0, -10.0, 0]
Q: [0, 15.0, 0.0, 9.0, 0.0, 10.0, 0.0, 0]
B: [0.0, 251.0, 257.94814406874, 549.0, 582.7797797802, 591.6312714624, 614.9347827, 631.1673746372]
