Avion: 5      Iteracion: 23

Num Ruta: 25
Ingresos: 48000.0
Costos: 205.04855685
Utilidad Ruta: 47794.9514431
Costo Reducido: 96.4608461921
Nodos: [105, 34, 79, 41, 86, 37, 82, 915]
q: [0, 12.0, -12.0, 13.0, -13.0, 15.0, -15.0, 0]
Q: [0, 12.0, 0.0, 13.0, 0.0, 15.0, 0.0, 0]
B: [0.0, 283.0, 323.947598037, 446.0, 466.0411203529, 562.0, 582.7946534714999, 607.8598314082]
