Avion: 2      Iteracion: 27

Num Ruta: 30
Ingresos: 12000.0
Costos: 71.9994525607
Utilidad Ruta: 11928.0005474
Costo Reducido: 6.54634657703
Nodos: [102, 20, 65, 912]
q: [0, 10.0, -10.0, 0]
Q: [0, 10.0, 0.0, 0]
B: [0.0, 496.0, 538.1771424471, 559.7693628285]
