Avion: 4      Iteracion: 93

Num Ruta: 65
Ingresos: 52800.0
Costos: 182.135911072
Utilidad Ruta: 52617.8640889
Costo Reducido: 2.8715947256
Nodos: [104, 14, 59, 18, 63, 21, 38, 83, 66, 33, 78, 914]
q: [0.0, 8.0, -8.0, 11.0, -11.0, 13.0, 2.0, -2.0, -13.0, 10.0, -10.0, 0.0]
Q: [0.0, 8.0, 0.0, 11.0, 0.0, 13.0, 15.0, 13.0, 0.0, 10.0, 0.0, 0.0]
B: [0.0, 112.0, 124.021711775, 293.0, 316.8182362487, 477.0, 483.82291294097, 516.69179958167, 523.76172815274, 562.0, 585.3035112376, 598.519619061]
