Avion: 3      Iteracion: 42

Num Ruta: 40
Ingresos: 112800.0
Costos: 297.162478952
Utilidad Ruta: 112502.837521
Costo Reducido: 33.6357795201
Nodos: [103, 17, 62, 14, 59, 3, 48, 23, 18, 63, 68, 22, 67, 45, 90, 43, 25, 70, 88, 21, 38, 66, 83, 913]
q: [0.0, 5.0, -5.0, 8.0, -8.0, 15.0, -15.0, 10.0, 5.0, -5.0, -10.0, 10.0, -10.0, 11.0, -11.0, 5.0, 10.0, -10.0, -5.0, 7.0, 8.0, -7.0, -8.0, 0.0]
Q: [0.0, 5.0, 0.0, 8.0, 0.0, 15.0, 0.0, 10.0, 15.0, 10.0, 0.0, 10.0, 0.0, 11.0, 0.0, 5.0, 15.0, 5.0, 0.0, 7.0, 15.0, 8.0, 0.0, 0.0]
B: [0.0, 24.0, 58.8425537813, 112.0, 124.021711775, 256.0, 261.08428175852, 267.0, 293.0, 316.8182362487, 326.74376782137, 342.50019181287, 364.25487795177, 376.01755218007, 385.20917581249, 451.0, 465.0611587716, 482.2461410817, 489.99531710241, 497.27832451693, 504.1012374579, 538.5836178427, 545.6535464137701, 555.61752177504]
