Avion: 1      Iteracion: 81

Num Ruta: 71
Ingresos: 88800.0
Costos: 204.498312174
Utilidad Ruta: 88595.5016878
Costo Reducido: 0.460459401918
Nodos: [101, 16, 61, 8, 45, 90, 19, 43, 53, 64, 13, 58, 88, 15, 60, 7, 4, 52, 49, 911]
q: [0.0, 11.0, -11.0, 4.0, 11.0, -11.0, 7.0, 4.0, -4.0, -7.0, 11.0, -11.0, -4.0, 11.0, -11.0, 10.0, 5.0, -10.0, -5.0, 0.0]
Q: [0.0, 11.0, 0.0, 4.0, 15.0, 4.0, 11.0, 15.0, 11.0, 4.0, 15.0, 4.0, 0.0, 11.0, 0.0, 10.0, 15.0, 5.0, 0.0, 0.0]
B: [0.0, 36.0, 45.624091437640004, 414.0, 417.40515271317, 426.59677634559, 438.43863059229, 451.0, 473.5694787268, 476.49759791836, 480.72521722478, 497.60836817478, 507.66395552708, 517.91696376858, 534.33813038368, 545.2428699495799, 555.6062432420799, 574.87860422878, 576.0389783063899, 594.9740447176899]
