Avion: 5      Iteracion: 10

Num Ruta: 13
Ingresos: 16800.0
Costos: 107.459468126
Utilidad Ruta: 16692.5405319
Costo Reducido: 29075.3690272
Nodos: [105, 12, 57, 915]
q: [0, 14.0, -14.0, 0]
Q: [0, 14.0, 0.0, 0]
B: [0.0, 54.0, 97.347924264, 122.944522495]
