Avion: 6      Iteracion: 19

Num Ruta: 23
Ingresos: 127200.0
Costos: 368.686862926
Utilidad Ruta: 126831.313137
Costo Reducido: 233.03987496
Nodos: [106, 9, 54, 12, 57, 10, 55, 26, 71, 6, 51, 13, 58, 15, 21, 60, 20, 38, 83, 66, 65, 33, 78, 916]
q: [0.0, 11.0, -11.0, 14.0, -14.0, 12.0, -12.0, 13.0, -13.0, 5.0, -5.0, 15.0, -15.0, 11.0, 4.0, -11.0, 3.0, 8.0, -8.0, -4.0, -3.0, 10.0, -10.0, 0.0]
Q: [0.0, 11.0, 0.0, 14.0, 0.0, 12.0, 0.0, 13.0, 0.0, 5.0, 0.0, 15.0, 0.0, 11.0, 15.0, 4.0, 7.0, 15.0, 7.0, 3.0, 0.0, 10.0, 0.0, 0.0]
B: [0.0, 28.0, 57.5272370025, 68.3142737596, 111.6621980236, 120.37996838075, 149.89947911515, 300.0, 317.5792279694, 436.0, 439.69228939819, 453.10235550539, 469.98550645539, 511.0, 516.67223351071, 527.47150163401, 533.60535368635, 535.68642312296, 568.55530976366, 575.62523833473, 596.22465895763, 607.04645829973, 630.34996953733, 653.1777431694301]
