Avion: 7      Iteracion: 14

Num Ruta: 16
Ingresos: 122400.0
Costos: 571.383486177
Utilidad Ruta: 121828.616514
Costo Reducido: 34988.2257278
Nodos: [107, 17, 30, 62, 75, 14, 59, 31, 1, 76, 46, 36, 81, 22, 67, 39, 32, 84, 6, 51, 77, 15, 60, 4, 33, 78, 49, 917]
q: [0.0, 0.0, 11.0, 0.0, -11.0, 8.0, -8.0, 6.0, 7.0, -6.0, -7.0, 15.0, -15.0, 10.0, -10.0, 8.0, 6.0, -8.0, 5.0, -5.0, -6.0, 11.0, -11.0, 5.0, 10.0, -10.0, -5.0, 0.0]
Q: [0.0, 0.0, 11.0, 11.0, 0.0, 8.0, 0.0, 6.0, 13.0, 7.0, 0.0, 15.0, 0.0, 10.0, 0.0, 8.0, 14.0, 6.0, 11.0, 6.0, 0.0, 11.0, 0.0, 5.0, 15.0, 5.0, 0.0, 0.0]
B: [0.0, 42.7570493018, 76.37076090880001, 79.51521539249, 95.61316091359001, 123.40910157049001, 135.43081334549, 162.64288055839, 175.0, 193.9896940997, 227.5507818205, 261.49868545239997, 268.44682952114, 299.0, 320.7546861389, 388.0, 425.0721191868, 450.6839605888, 457.372204753, 461.06449415119, 483.72186579929, 511.0, 527.4211666151, 532.99584588839, 562.0, 585.3035112376, 606.8414253427, 613.66407534105]
