Avion: 4      Iteracion: 87

Num Ruta: 64
Ingresos: 57600.0
Costos: 133.925554264
Utilidad Ruta: 57466.0744457
Costo Reducido: 4.07641375998
Nodos: [104, 36, 81, 15, 21, 60, 38, 83, 66, 33, 78, 914]
q: [0.0, 15.0, -15.0, 8.0, 7.0, -8.0, 8.0, -8.0, -7.0, 10.0, -10.0, 0.0]
Q: [0.0, 15.0, 0.0, 8.0, 15.0, 7.0, 15.0, 7.0, 0.0, 10.0, 0.0, 0.0]
B: [0.0, 251.0, 257.94814406874, 511.0, 516.67223351071, 527.47150163401, 531.55876734595, 564.42765398665, 571.49758255772, 581.6531274963199, 604.9566387339199, 618.1727465573199]
