Avion: 1      Iteracion: 16

Num Ruta: 17
Ingresos: 98400.0
Costos: 364.120894735
Utilidad Ruta: 98035.8791053
Costo Reducido: 296.802087021
Nodos: [101, 24, 69, 30, 75, 14, 59, 34, 79, 26, 71, 45, 90, 8, 6, 51, 53, 911]
q: [0, 14.0, -14.0, 11.0, -11.0, 8.0, -8.0, 12.0, -12.0, 13.0, -13.0, 11.0, -11.0, 8.0, 5.0, -5.0, -8.0, 0]
Q: [0, 14.0, 0.0, 11.0, 0.0, 8.0, 0.0, 12.0, 0.0, 13.0, 0.0, 11.0, 0.0, 8.0, 13.0, 8.0, 0.0, 0]
B: [0.0, 61.0, 99.5129503025, 119.7810717004, 138.4950943572, 166.2910350141, 178.3127467891, 283.0, 323.947598037, 358.0226741044, 375.6019020738, 399.12805450039997, 408.31967813281994, 419.8696725051199, 447.7841704766199, 451.4764598748099, 464.3424623620099, 471.3151754638099]
