Avion: 4      Iteracion: 33

Num Ruta: 35
Ingresos: 88800.0
Costos: 202.85178393
Utilidad Ruta: 88597.1482161
Costo Reducido: 16.2287217975
Nodos: [104, 14, 59, 3, 48, 23, 68, 45, 90, 19, 8, 64, 53, 13, 58, 914]
q: [0, 8.0, -8.0, 15.0, -15.0, 10.0, -10.0, 11.0, -11.0, 7.0, 8.0, -7.0, -8.0, 15.0, -15.0, 0]
Q: [0, 8.0, 0.0, 15.0, 0.0, 10.0, 0.0, 11.0, 0.0, 7.0, 15.0, 8.0, 0.0, 15.0, 0.0, 0]
B: [0.0, 112.0, 124.021711775, 256.0, 261.08428175852, 267.0, 306.733842905, 371.0, 380.19162363242, 402.0, 425.1608815463, 443.1178409771, 446.04596016866, 448.25663630956996, 465.13978725956997, 475.95551141466996]
