Avion: 4      Iteracion: 13

Num Ruta: 15
Ingresos: 158400.0
Costos: 572.037029529
Utilidad Ruta: 157827.96297
Costo Reducido: 61787.8124143
Nodos: [104, 9, 54, 24, 69, 14, 59, 44, 89, 3, 48, 23, 68, 22, 67, 19, 8, 64, 53, 6, 51, 13, 58, 21, 7, 52, 66, 914]
q: [0.0, 11.0, -11.0, 14.0, -14.0, 8.0, -8.0, 14.0, -14.0, 15.0, -15.0, 10.0, -10.0, 10.0, -10.0, 7.0, 8.0, -7.0, -8.0, 5.0, -5.0, 15.0, -15.0, 5.0, 10.0, -10.0, -5.0, 0.0]
Q: [0.0, 11.0, 0.0, 14.0, 0.0, 8.0, 0.0, 14.0, 0.0, 15.0, 0.0, 10.0, 0.0, 10.0, 0.0, 7.0, 15.0, 8.0, 0.0, 5.0, 0.0, 15.0, 0.0, 5.0, 15.0, 5.0, 0.0, 0.0]
B: [0.0, 34.2318085996, 63.7590456021, 87.8992954972, 126.4122457997, 155.0586150984, 167.0803268734, 211.0, 265.00737440390003, 287.39410424550005, 292.47838600402, 295.84087332742, 335.57471623242003, 351.33114022392004, 373.08582636282006, 402.0, 425.1608815463, 443.1178409771, 446.04596016866, 455.23663179809, 458.92892119628, 472.33898730348, 489.22213825348, 504.73353464448, 517.0, 545.5413118129, 562.7541341555999, 589.8333828341999]
