Avion: 7      Iteracion: 0

Num Ruta: 3
Ingresos: 145200.0
Costos: 460.862302496
Utilidad Ruta: 144739.137698
Costo Reducido: -
Nodos: [107, 9, 44, 16, 51, 30, 65, 10, 45, 3, 38, 23, 18, 58, 53, 26, 61, 28, 63, 25, 60, 8, 5, 40, 43, 717]
q: [0.0, 11.0, -11.0, 11.0, -11.0, 11.0, -11.0, 12.0, -12.0, 15.0, -15.0, 4.0, 11.0, -4.0, -11.0, 13.0, -13.0, 8.0, -8.0, 10.0, -10.0, 3.0, 12.0, -12.0, -3.0, 0.0]
Q: [0.0, 11.0, 0.0, 11.0, 0.0, 11.0, 0.0, 12.0, 0.0, 15.0, 0.0, 4.0, 15.0, 11.0, 0.0, 13.0, 0.0, 8.0, 0.0, 10.0, 0.0, 3.0, 15.0, 3.0, 0.0, 0.0]
B: [0.0, 32.6028927091, 62.1301297116, 85.8599138868, 95.48400532444, 112.46929896334001, 131.18332162014002, 149.87637190624002, 179.39588264064002, 256.0, 261.08428175852, 267.0, 293.0, 318.4393114097, 328.36484298237, 357.36635980477, 374.94558777417, 385.35350480877, 421.38012359267003, 424.71350220903, 441.89848451913, 467.71908437663, 480.64745357003, 481.76914247521, 492.24711947461003, 504.22884777231]
