Avion: 5      Iteracion: 1

Num Ruta: 5
Ingresos: 168000.0
Costos: 581.129958173
Utilidad Ruta: 167418.870042
Costo Reducido: 125914.147019
Nodos: [105, 16, 51, 24, 65, 30, 59, 14, 49, 34, 69, 26, 61, 28, 63, 25, 60, 13, 48, 21, 56, 4, 7, 42, 39, 33, 68, 715]
q: [0.0, 11.0, -11.0, 14.0, -11.0, 11.0, -14.0, 8.0, -8.0, 12.0, -12.0, 13.0, -13.0, 8.0, -8.0, 10.0, -10.0, 15.0, -15.0, 13.0, -13.0, 5.0, 10.0, -10.0, -5.0, 10.0, -10.0, 0.0]
Q: [0.0, 11.0, 0.0, 14.0, 3.0, 14.0, 0.0, 8.0, 0.0, 12.0, 0.0, 13.0, 0.0, 8.0, 0.0, 10.0, 0.0, 15.0, 0.0, 13.0, 0.0, 5.0, 15.0, 5.0, 0.0, 10.0, 0.0, 0.0]
B: [0.0, 36.0, 45.624091437640004, 70.85029051714, 95.58426140744, 114.29828406424, 134.56640546213998, 163.21277476083998, 175.23448653583998, 283.0, 323.947598037, 358.0226741044, 375.6019020738, 386.0098191084, 422.0364378923, 425.36981650866, 442.55479881876, 458.55585928365997, 475.43901023366, 490.95040662466, 531.6891973038599, 560.8589947148599, 571.2223680073599, 599.7636798202599, 600.9240538978698, 609.4955193501698, 632.7990305877698, 656.4216179142699]
