Avion: 6      Iteracion: 2

Num Ruta: 6
Ingresos: 166800.0
Costos: 642.818644759
Utilidad Ruta: 166157.181355
Costo Reducido: 119205.975022
Nodos: [106, 16, 51, 30, 12, 65, 47, 10, 45, 1, 36, 3, 38, 23, 35, 70, 58, 22, 57, 19, 8, 54, 43, 21, 56, 15, 50, 4, 39, 33, 68, 716]
q: [0.0, 11.0, -11.0, 11.0, 4.0, -11.0, -4.0, 12.0, -12.0, 7.0, -7.0, 15.0, -15.0, 9.0, 6.0, -6.0, -9.0, 10.0, -10.0, 7.0, 8.0, -7.0, -8.0, 13.0, -13.0, 11.0, -11.0, 5.0, -5.0, 10.0, -10.0, 0.0]
Q: [0.0, 11.0, 0.0, 11.0, 15.0, 4.0, 0.0, 12.0, 0.0, 7.0, 0.0, 15.0, 0.0, 9.0, 15.0, 9.0, 0.0, 10.0, 0.0, 7.0, 15.0, 8.0, 0.0, 13.0, 0.0, 11.0, 0.0, 5.0, 0.0, 10.0, 0.0, 0.0]
B: [0.0, 36.0, 45.624091437640004, 64.0, 82.5310629215, 117.3578093817, 140.1536674485, 148.87143780564998, 178.39094854004998, 216.81028971085, 251.05037523935, 258.14692714855, 263.23120890706997, 267.0, 307.4405515417, 327.3534349341, 339.9719804129, 355.7284044044, 377.4830905433, 402.0, 425.1608815463, 443.1178409771, 446.04596016866, 477.0, 517.7387906792, 564.1245581623, 580.5457247774, 586.12040405069, 606.54615373089, 615.11761918319, 638.42113042079, 674.47462692249]
