Avion: 7      Iteracion: 0

Num Ruta: 1
Ingresos: 82800.0
Costos: 277.740795046
Utilidad Ruta: 82522.259205
Costo Reducido: -
Nodos: [107, 16, 51, 30, 65, 10, 45, 35, 70, 26, 61, 28, 63, 8, 43, 717]
q: [0, 11.0, -11.0, 11.0, -11.0, 12.0, -12.0, 6.0, -6.0, 13.0, -13.0, 8.0, -8.0, 8.0, -8.0, 0]
Q: [0, 11.0, 0.0, 11.0, 0.0, 12.0, 0.0, 6.0, 0.0, 13.0, 0.0, 8.0, 0.0, 8.0, 0.0, 0]
B: [0.0, 36.0, 45.624091437640004, 64.0, 82.7140226568, 101.4070729429, 130.92658367730002, 279.0, 298.9128833924, 308.20588877279, 325.78511674219, 378.0, 414.0266187839, 448.6194490382, 469.3878456542, 481.3695739519]
