Avion: 6      Iteracion: 1

Num Ruta: 5
Ingresos: 48000.0
Costos: 212.819857932
Utilidad Ruta: 47787.1801421
Costo Reducido: 28959.45801
Nodos: [106, 12, 47, 26, 61, 21, 56, 716]
q: [0, 14.0, -14.0, 13.0, -13.0, 13.0, -13.0, 0]
Q: [0, 14.0, 0.0, 13.0, 0.0, 13.0, 0.0, 0]
B: [0.0, 54.0, 97.347924264, 300.0, 317.5792279694, 477.0, 517.7387906792, 556.1844126535999]
