Avion: 4      Iteracion: 0

Num Ruta: 2
Ingresos: 151200.0
Costos: 576.854841606
Utilidad Ruta: 150623.145158
Costo Reducido: -
Nodos: [104, 24, 59, 10, 45, 1, 31, 66, 11, 46, 36, 3, 38, 18, 34, 53, 69, 28, 63, 25, 60, 32, 67, 5, 40, 21, 56, 714]
q: [0.0, 14.0, -14.0, 12.0, -12.0, 7.0, 6.0, -6.0, 8.0, -8.0, -7.0, 15.0, -15.0, 11.0, 4.0, -11.0, -4.0, 8.0, -8.0, 10.0, -10.0, 6.0, -6.0, 12.0, -12.0, 13.0, -13.0, 0.0]
Q: [0.0, 14.0, 0.0, 12.0, 0.0, 7.0, 13.0, 7.0, 15.0, 7.0, 0.0, 15.0, 0.0, 11.0, 15.0, 4.0, 0.0, 8.0, 0.0, 10.0, 0.0, 6.0, 0.0, 12.0, 0.0, 13.0, 0.0, 0.0]
B: [0.0, 61.0, 99.5129503025, 111.2988809828, 140.8183917172, 179.237732888, 188.13149485918, 201.43710886228, 201.915987761377, 205.97005460838702, 240.28578394638703, 256.0, 261.08428175852, 293.0, 316.7154937119, 344.9475311871, 360.10016082690004, 378.0, 414.0266187839, 417.35999740026, 434.54497971036, 453.08990915216, 480.94726496706, 505.88950003126, 507.01118893644, 535.25077931944, 575.9895699986399, 629.2982473410399]
