Avion: 2      Iteracion: 0

Num Ruta: 3
Ingresos: 178800.0
Costos: 598.942163322
Utilidad Ruta: 178201.057837
Costo Reducido: -
Nodos: [102, 9, 44, 12, 24, 59, 10, 47, 45, 1, 11, 46, 36, 3, 38, 23, 18, 53, 58, 26, 61, 25, 60, 13, 48, 21, 56, 7, 4, 39, 42, 712]
q: [0.0, 11.0, -11.0, 1.0, 14.0, -14.0, 12.0, -1.0, -12.0, 7.0, 8.0, -8.0, -7.0, 15.0, -15.0, 4.0, 11.0, -11.0, -4.0, 13.0, -13.0, 10.0, -10.0, 15.0, -15.0, 13.0, -13.0, 10.0, 5.0, -5.0, -10.0, 0.0]
Q: [0.0, 11.0, 0.0, 1.0, 15.0, 1.0, 13.0, 12.0, 0.0, 7.0, 15.0, 7.0, 0.0, 15.0, 0.0, 4.0, 15.0, 4.0, 0.0, 13.0, 0.0, 10.0, 0.0, 15.0, 0.0, 13.0, 0.0, 10.0, 15.0, 10.0, 0.0, 0.0]
B: [0.0, 28.0, 57.5272370025, 68.3142737596, 85.16210118629999, 123.6750514888, 135.4609821691, 144.17875252624998, 171.69328501364998, 210.11262618445, 228.79345477955, 232.84752162656, 267.16325096456, 274.25980287376, 279.34408463228, 282.70657195568, 302.88552210178, 326.70375835048, 336.62928992315, 356.31566269725, 373.89489066665, 410.0, 427.1849823101, 443.186042775, 460.069193725, 477.0, 517.7387906792, 557.2683688328, 567.6317421253, 588.0574918054999, 589.2178658831099, 619.6976803182099]
