Avion: 5      Iteracion: 0

Num Ruta: 2
Ingresos: 174000.0
Costos: 622.550452317
Utilidad Ruta: 173377.449548
Costo Reducido: -
Nodos: [105, 16, 51, 24, 30, 59, 10, 65, 45, 1, 11, 46, 36, 3, 38, 22, 57, 26, 61, 25, 60, 13, 48, 21, 56, 15, 50, 4, 39, 715]
q: [0.0, 11.0, -11.0, 12.0, 3.0, -12.0, 12.0, -3.0, -12.0, 7.0, 8.0, -8.0, -7.0, 15.0, -15.0, 10.0, -10.0, 13.0, -13.0, 10.0, -10.0, 15.0, -15.0, 13.0, -13.0, 11.0, -11.0, 5.0, -5.0, 0.0]
Q: [0.0, 11.0, 0.0, 12.0, 15.0, 3.0, 15.0, 12.0, 0.0, 7.0, 15.0, 7.0, 0.0, 15.0, 0.0, 10.0, 0.0, 13.0, 0.0, 10.0, 0.0, 15.0, 0.0, 13.0, 0.0, 11.0, 0.0, 5.0, 0.0, 0.0]
B: [0.0, 36.0, 45.624091437640004, 70.85029051714, 89.10719167804, 109.37531307594, 121.16124375624, 139.85429404234, 158.75509193554, 197.17443310634002, 215.85526170144, 219.90932854845002, 254.22505788645003, 261.32160979565003, 266.40589155417, 299.0, 320.7546861389, 357.0876895518, 374.6669175212, 410.0, 427.1849823101, 443.186042775, 460.069193725, 477.0, 517.7387906792, 564.1245581623, 580.5457247774, 586.12040405069, 606.54615373089, 633.59336652629]
