Avion: 3      Iteracion: 0

Num Ruta: 2
Ingresos: 186000.0
Costos: 557.244420662
Utilidad Ruta: 185442.755579
Costo Reducido: -
Nodos: [103, 17, 52, 16, 51, 24, 59, 10, 45, 1, 36, 3, 38, 23, 18, 53, 58, 26, 61, 13, 48, 25, 60, 5, 40, 15, 50, 7, 4, 39, 42, 713]
q: [0.0, 5.0, -5.0, 11.0, -11.0, 14.0, -14.0, 12.0, -12.0, 7.0, -7.0, 15.0, -15.0, 4.0, 11.0, -11.0, -4.0, 13.0, -13.0, 15.0, -15.0, 10.0, -10.0, 12.0, -12.0, 11.0, -11.0, 10.0, 5.0, -5.0, -10.0, 0.0]
Q: [0.0, 5.0, 0.0, 11.0, 0.0, 14.0, 0.0, 12.0, 0.0, 7.0, 0.0, 15.0, 0.0, 4.0, 15.0, 4.0, 0.0, 13.0, 0.0, 15.0, 0.0, 10.0, 0.0, 12.0, 0.0, 11.0, 0.0, 10.0, 15.0, 10.0, 0.0, 0.0]
B: [0.0, 29.0037544639, 63.84630824519999, 69.17794758033999, 78.80203901798, 104.02823809748, 142.54118839998, 154.32711908028, 183.84662981468, 222.26597098548, 256.50605651398, 263.60260842318, 268.6868901817, 272.0493775051, 293.0, 316.8182362487, 326.74376782137, 346.43014059547, 364.00936856487, 423.0, 439.88315095, 463.8957169312, 481.0806992413, 504.1429351476, 505.26462405278, 538.66681853158, 555.08798514668, 565.99272471258, 576.35609800508, 596.7818476852799, 597.9422217628899, 613.3649092394899]
