Avion: 7      Iteracion: 0

Num Ruta: 2
Ingresos: 145200.0
Costos: 468.189130599
Utilidad Ruta: 144731.810869
Costo Reducido: -
Nodos: [107, 9, 44, 16, 51, 30, 65, 10, 45, 3, 38, 23, 35, 58, 70, 26, 61, 28, 63, 25, 60, 8, 5, 40, 43, 717]
q: [0.0, 11.0, -11.0, 11.0, -11.0, 11.0, -11.0, 12.0, -12.0, 15.0, -15.0, 10.0, 5.0, -10.0, -5.0, 13.0, -13.0, 8.0, -8.0, 10.0, -10.0, 3.0, 12.0, -12.0, -3.0, 0.0]
Q: [0.0, 11.0, 0.0, 11.0, 0.0, 11.0, 0.0, 12.0, 0.0, 15.0, 0.0, 10.0, 15.0, 5.0, 0.0, 13.0, 0.0, 8.0, 0.0, 10.0, 0.0, 3.0, 15.0, 3.0, 0.0, 0.0]
B: [0.0, 32.6028927091, 62.1301297116, 85.8599138868, 95.48400532444, 112.46929896334001, 131.18332162014002, 149.87637190624002, 179.39588264064002, 256.0, 261.08428175852, 267.0, 307.4405515417, 336.9605871955, 349.5791326743, 358.87213805469, 376.45136602409, 386.85928305869004, 422.88590184259004, 426.21928045895004, 443.40426276905004, 469.22486262655, 482.15323181995, 483.27492072513, 493.75289772453004, 505.73462602223003]
