Avion: 5      Iteracion: 2

Num Ruta: 6
Ingresos: 169200.0
Costos: 598.907442079
Utilidad Ruta: 168601.092558
Costo Reducido: 125479.342204
Nodos: [105, 16, 51, 30, 65, 10, 45, 1, 31, 66, 36, 3, 38, 23, 18, 53, 58, 22, 57, 19, 8, 54, 43, 21, 56, 15, 50, 4, 39, 33, 68, 715]
q: [0.0, 11.0, -11.0, 11.0, -11.0, 12.0, -12.0, 7.0, 6.0, -6.0, -7.0, 15.0, -15.0, 4.0, 11.0, -11.0, -4.0, 10.0, -10.0, 7.0, 8.0, -7.0, -8.0, 13.0, -13.0, 11.0, -11.0, 5.0, -5.0, 10.0, -10.0, 0.0]
Q: [0.0, 11.0, 0.0, 11.0, 0.0, 12.0, 0.0, 7.0, 13.0, 7.0, 0.0, 15.0, 0.0, 4.0, 15.0, 4.0, 0.0, 10.0, 0.0, 7.0, 15.0, 8.0, 0.0, 13.0, 0.0, 11.0, 0.0, 5.0, 0.0, 10.0, 0.0, 0.0]
B: [0.0, 36.0, 45.624091437640004, 64.0, 82.7140226568, 101.4070729429, 130.92658367730002, 175.0, 183.89376197118, 197.19937597428, 230.76046369508, 256.0, 261.08428175852, 267.0, 293.0, 316.8182362487, 326.74376782137, 342.50019181287, 364.25487795177, 402.0, 425.1608815463, 443.1178409771, 446.04596016866, 477.0, 517.7387906792, 564.1245581623, 580.5457247774, 586.12040405069, 606.54615373089, 615.11761918319, 638.42113042079, 662.04371774729]
