Avion: 4      Iteracion: 2

Num Ruta: 6
Ingresos: 152400.0
Costos: 590.55072166
Utilidad Ruta: 151809.449278
Costo Reducido: 72379.9905824
Nodos: [104, 12, 47, 10, 45, 1, 31, 66, 36, 3, 38, 18, 34, 53, 69, 19, 8, 43, 6, 41, 54, 5, 40, 15, 50, 7, 27, 62, 42, 714]
q: [0.0, 14.0, -14.0, 12.0, -12.0, 7.0, 6.0, -6.0, -7.0, 15.0, -15.0, 3.0, 12.0, -3.0, -12.0, 7.0, 8.0, -8.0, 5.0, -5.0, -7.0, 12.0, -12.0, 11.0, -11.0, 10.0, 5.0, -5.0, -10.0, 0.0]
Q: [0.0, 14.0, 0.0, 12.0, 0.0, 7.0, 13.0, 7.0, 0.0, 15.0, 0.0, 3.0, 15.0, 12.0, 0.0, 7.0, 15.0, 7.0, 12.0, 7.0, 0.0, 12.0, 0.0, 11.0, 0.0, 10.0, 15.0, 10.0, 0.0, 0.0]
B: [0.0, 54.0, 97.347924264, 106.06569462115, 135.58520535555, 175.0, 183.89376197118, 197.19937597428, 230.76046369508, 256.0, 261.08428175852, 293.0, 316.7154937119, 344.9475311871, 360.10016082690004, 402.69968429840003, 425.86056584470003, 446.62896246070005, 455.8196340901301, 459.51192348832006, 474.99487624292004, 482.84518948508, 483.96687839026004, 517.36907286906, 533.79023948416, 544.6949790500599, 572.3583024223599, 589.3891647904599, 593.7890853579198, 642.0534244190198]
