Avion: 4      Iteracion: 0

Num Ruta: 3
Ingresos: 162000.0
Costos: 563.167450516
Utilidad Ruta: 161436.832549
Costo Reducido: -
Nodos: [104, 12, 47, 10, 45, 1, 31, 66, 11, 46, 36, 3, 38, 18, 34, 53, 69, 28, 63, 25, 60, 13, 48, 5, 40, 21, 56, 714]
q: [0.0, 14.0, -14.0, 12.0, -12.0, 7.0, 6.0, -6.0, 8.0, -8.0, -7.0, 15.0, -15.0, 3.0, 12.0, -3.0, -12.0, 8.0, -8.0, 10.0, -10.0, 15.0, -15.0, 12.0, -12.0, 13.0, -13.0, 0.0]
Q: [0.0, 14.0, 0.0, 12.0, 0.0, 7.0, 13.0, 7.0, 15.0, 7.0, 0.0, 15.0, 0.0, 3.0, 15.0, 12.0, 0.0, 8.0, 0.0, 10.0, 0.0, 15.0, 0.0, 12.0, 0.0, 13.0, 0.0, 0.0]
B: [0.0, 54.0, 97.347924264, 106.06569462115, 135.58520535555, 175.0, 183.89376197118, 197.19937597428, 197.678254873377, 201.732321720387, 236.048051058387, 256.0, 261.08428175852, 293.0, 316.7154937119, 344.9475311871, 360.10016082690004, 378.0, 414.0266187839, 417.35999740026, 434.54497971036, 450.54604017526, 467.42919112526, 494.69347422606, 495.81516313124, 524.05475351424, 564.79354419344, 618.1022215358399]
