Avion: 2      Iteracion: 1

Num Ruta: 5
Ingresos: 157200.0
Costos: 529.957163459
Utilidad Ruta: 156670.042837
Costo Reducido: 115158.217644
Nodos: [102, 16, 51, 30, 65, 24, 59, 31, 66, 23, 18, 53, 58, 26, 61, 28, 63, 25, 60, 13, 48, 21, 56, 4, 7, 42, 39, 712]
q: [0.0, 11.0, -11.0, 11.0, -11.0, 14.0, -14.0, 6.0, -6.0, 4.0, 11.0, -11.0, -4.0, 13.0, -13.0, 8.0, -8.0, 10.0, -10.0, 15.0, -15.0, 13.0, -13.0, 5.0, 10.0, -10.0, -5.0, 0.0]
Q: [0.0, 11.0, 0.0, 11.0, 0.0, 14.0, 0.0, 6.0, 0.0, 4.0, 15.0, 4.0, 0.0, 13.0, 0.0, 8.0, 0.0, 10.0, 0.0, 15.0, 0.0, 13.0, 0.0, 5.0, 15.0, 5.0, 0.0, 0.0]
B: [0.0, 36.0, 45.624091437640004, 64.0, 82.7140226568, 107.4479935471, 145.9609438496, 157.2453016071, 170.5509156102, 267.0, 293.0, 316.8182362487, 326.74376782137, 346.43014059547, 364.00936856487, 378.0, 414.0266187839, 417.35999740026, 434.54497971036, 450.54604017526, 467.42919112526, 482.94058751626, 523.67937819546, 552.84917560646, 563.21254889896, 591.7538607118599, 592.9142347894699, 624.5313962686699]
