Avion: 6      Iteracion: 0

Num Ruta: 2
Ingresos: 186000.0
Costos: 621.100389496
Utilidad Ruta: 185378.899611
Costo Reducido: -
Nodos: [106, 16, 51, 24, 59, 10, 45, 1, 11, 46, 36, 3, 38, 23, 58, 26, 61, 22, 57, 13, 48, 5, 40, 21, 56, 27, 62, 2, 37, 716]
q: [0, 11.0, -11.0, 14.0, -14.0, 12.0, -12.0, 7.0, 8.0, -8.0, -7.0, 15.0, -15.0, 10.0, -10.0, 13.0, -13.0, 10.0, -10.0, 15.0, -15.0, 12.0, -12.0, 13.0, -13.0, 6.0, -6.0, 9.0, -9.0, 0]
Q: [0, 11.0, 0.0, 14.0, 0.0, 12.0, 0.0, 7.0, 15.0, 7.0, 0.0, 15.0, 0.0, 10.0, 0.0, 13.0, 0.0, 10.0, 0.0, 15.0, 0.0, 12.0, 0.0, 13.0, 0.0, 6.0, 0.0, 9.0, 0.0, 0]
B: [0.0, 36.0, 45.624091437640004, 70.85029051714, 109.36324081964, 121.14917149994, 150.66868223434, 189.08802340514, 207.76885200024, 211.82291884725, 246.13864818525002, 256.0, 261.08428175852, 267.0, 306.733842905, 326.4202156791, 343.9994436485, 357.6336242986, 379.3883104375, 423.0, 439.88315095, 469.0, 470.12168890518, 498.36127928818, 539.10006996738, 552.27751816498, 569.30838053308, 580.76045362048, 621.49541566788, 658.48261258788]
