Avion: 1      Iteracion: 2

Num Ruta: 5
Ingresos: 147600.0
Costos: 585.383118062
Utilidad Ruta: 147014.616882
Costo Reducido: 76843.1185591
Nodos: [101, 16, 51, 30, 12, 65, 47, 1, 31, 66, 36, 3, 38, 18, 34, 69, 53, 19, 8, 43, 54, 21, 56, 15, 50, 4, 39, 33, 68, 711]
q: [0.0, 11.0, -11.0, 11.0, 4.0, -11.0, -4.0, 7.0, 6.0, -6.0, -7.0, 15.0, -15.0, 3.0, 12.0, -12.0, -3.0, 7.0, 8.0, -8.0, -7.0, 13.0, -13.0, 11.0, -11.0, 5.0, -5.0, 10.0, -10.0, 0.0]
Q: [0.0, 11.0, 0.0, 11.0, 15.0, 4.0, 0.0, 7.0, 13.0, 7.0, 0.0, 15.0, 0.0, 3.0, 15.0, 3.0, 0.0, 7.0, 15.0, 7.0, 0.0, 13.0, 0.0, 11.0, 0.0, 5.0, 0.0, 10.0, 0.0, 0.0]
B: [0.0, 36.0, 45.624091437640004, 64.0, 82.5310629215, 117.3578093817, 140.1536674485, 175.0, 183.89376197118, 197.19937597428, 230.76046369508, 256.0, 261.08428175852, 293.0, 316.7154937119, 357.6630917489, 372.8157213887, 402.0, 425.1608815463, 445.9292781623, 448.85739735386, 477.0, 517.7387906792, 564.1245581623, 580.5457247774, 586.12040405069, 606.54615373089, 615.11761918319, 638.42113042079, 657.19111893969]
