Avion: 7      Iteracion: 1

Num Ruta: 5
Ingresos: 139200.0
Costos: 488.338538498
Utilidad Ruta: 138711.661462
Costo Reducido: 79945.758517
Nodos: [107, 16, 51, 17, 52, 30, 65, 14, 49, 23, 18, 53, 58, 26, 61, 28, 63, 25, 60, 32, 8, 43, 67, 4, 7, 42, 27, 62, 39, 717]
q: [0.0, 11.0, -11.0, 5.0, -5.0, 11.0, -11.0, 8.0, -8.0, 10.0, 5.0, -5.0, -10.0, 13.0, -13.0, 8.0, -8.0, 10.0, -10.0, 6.0, 8.0, -8.0, -6.0, 5.0, 10.0, -10.0, 6.0, -6.0, -5.0, 0.0]
Q: [0.0, 11.0, 0.0, 5.0, 0.0, 11.0, 0.0, 8.0, 0.0, 10.0, 15.0, 10.0, 0.0, 13.0, 0.0, 8.0, 0.0, 10.0, 0.0, 6.0, 14.0, 6.0, 0.0, 5.0, 15.0, 5.0, 11.0, 5.0, 0.0, 0.0]
B: [0.0, 36.0, 45.624091437640004, 78.34191948294, 113.18447326424, 116.32892774793, 135.04295040473, 162.83889106163, 174.86060283663, 267.0, 293.0, 316.8182362487, 326.74376782137, 346.43014059547, 364.00936856487, 378.0, 414.0266187839, 417.35999740026, 434.54497971036, 453.08990915216, 464.53680729096, 485.30520390696, 501.35430263556, 529.0, 539.3633732925, 567.9046851054, 583.7444599774999, 600.7753223455999, 606.1905808805199, 612.0721984301399]
