Avion: 7      Iteracion: 2

Num Ruta: 6
Ingresos: 130800.0
Costos: 416.641757409
Utilidad Ruta: 130383.358243
Costo Reducido: 97154.7792559
Nodos: [107, 30, 65, 16, 51, 10, 45, 31, 66, 1, 36, 3, 38, 23, 35, 70, 58, 19, 8, 54, 43, 6, 41, 5, 40, 717]
q: [0.0, 11.0, -11.0, 11.0, -11.0, 12.0, -12.0, 6.0, -6.0, 7.0, -7.0, 15.0, -15.0, 9.0, 6.0, -6.0, -9.0, 7.0, 8.0, -7.0, -8.0, 5.0, -5.0, 12.0, -12.0, 0.0]
Q: [0.0, 11.0, 0.0, 11.0, 0.0, 12.0, 0.0, 6.0, 0.0, 7.0, 0.0, 15.0, 0.0, 9.0, 15.0, 9.0, 0.0, 7.0, 15.0, 8.0, 0.0, 5.0, 0.0, 12.0, 0.0, 0.0]
B: [0.0, 64.0, 82.7140226568, 93.53069441849999, 103.15478585614, 118.98406306644, 148.50357380084, 188.11172813804, 201.41734214114, 220.40703624084, 254.64712176934, 261.74367367854, 266.82795543706, 270.19044276046, 310.63099430216, 330.54387769455997, 343.16242317335997, 402.0, 425.1608815463, 443.1178409771, 446.04596016866, 455.23663179809, 458.92892119628, 477.31778141108, 478.43947031626, 481.51750816528]
