Avion: 1      Iteracion: 0

Num Ruta: 3
Ingresos: 193200.0
Costos: 575.891502471
Utilidad Ruta: 192624.108498
Costo Reducido: -
Nodos: [101, 16, 51, 24, 59, 31, 14, 49, 66, 11, 46, 1, 36, 3, 38, 23, 18, 53, 58, 26, 61, 13, 48, 6, 41, 5, 40, 21, 56, 33, 68, 29, 64, 711]
q: [0.0, 11.0, -11.0, 14.0, -14.0, 6.0, 8.0, -8.0, -6.0, 8.0, -8.0, 7.0, -7.0, 15.0, -15.0, 4.0, 11.0, -11.0, -4.0, 13.0, -13.0, 15.0, -15.0, 5.0, -5.0, 12.0, -12.0, 13.0, -13.0, 10.0, -10.0, 9.0, -9.0, 0.0]
Q: [0.0, 11.0, 0.0, 14.0, 0.0, 6.0, 14.0, 6.0, 0.0, 8.0, 0.0, 7.0, 0.0, 15.0, 0.0, 4.0, 15.0, 4.0, 0.0, 13.0, 0.0, 15.0, 0.0, 5.0, 0.0, 12.0, 0.0, 13.0, 0.0, 10.0, 0.0, 9.0, 0.0, 0.0]
B: [0.0, 36.0, 45.624091437640004, 70.85029051714, 109.36324081964, 130.0, 147.5196824172, 159.5413941922, 188.60695116259998, 189.08583006169698, 193.139896908707, 215.809348446007, 250.049433974507, 257.145985883707, 262.230267642227, 267.0, 293.0, 316.8182362487, 326.74376782137, 346.43014059547, 364.00936856487, 423.0, 439.88315095, 464.1060995732, 467.79838897139, 486.18724918619, 487.30893809137, 515.54852847437, 556.2873191535699, 566.4428640921699, 589.7463753297699, 608.1296945349699, 641.9094743151699, 662.7605014361699]
