Avion: 3      Iteracion: 0

Num Ruta: 1
Ingresos: 45600.0
Costos: 187.713430434
Utilidad Ruta: 45412.2865696
Costo Reducido: -
Nodos: [103, 17, 52, 18, 53, 5, 40, 7, 42, 713]
q: [0, 5.0, -5.0, 11.0, -11.0, 12.0, -12.0, 10.0, -10.0, 0]
Q: [0, 5.0, 0.0, 11.0, 0.0, 12.0, 0.0, 10.0, 0.0, 0]
B: [0.0, 29.0037544639, 63.84630824519999, 293.0, 316.8182362487, 469.0, 470.12168890518, 517.0, 545.5413118129, 560.9639992895]
