Avion: 2      Iteracion: 2

Num Ruta: 6
Ingresos: 110400.0
Costos: 490.475005248
Utilidad Ruta: 109909.524995
Costo Reducido: 108312.580464
Nodos: [102, 30, 65, 16, 51, 10, 45, 1, 36, 18, 34, 69, 53, 8, 43, 21, 56, 4, 7, 42, 39, 712]
q: [0.0, 11.0, -11.0, 11.0, -11.0, 12.0, -12.0, 7.0, -7.0, 3.0, 12.0, -12.0, -3.0, 8.0, -8.0, 13.0, -13.0, 5.0, 10.0, -10.0, -5.0, 0.0]
Q: [0.0, 11.0, 0.0, 11.0, 0.0, 12.0, 0.0, 7.0, 0.0, 3.0, 15.0, 3.0, 0.0, 8.0, 0.0, 13.0, 0.0, 5.0, 15.0, 5.0, 0.0, 0.0]
B: [0.0, 64.0, 82.7140226568, 93.53069441849999, 103.15478585614, 118.98406306644, 148.50357380084, 186.92291497164, 221.16300050014001, 293.0, 316.7154937119, 357.6630917489, 372.8157213887, 414.0, 434.768396616, 477.0, 517.7387906792, 546.9085880901999, 557.2719613826999, 585.8132731955999, 586.9736472732098, 618.5908087524099]
