Avion: 2      Iteracion: 0

Num Ruta: 1
Ingresos: 61200.0
Costos: 208.371875693
Utilidad Ruta: 60991.6281243
Costo Reducido: -
Nodos: [102, 9, 44, 11, 46, 19, 54, 13, 48, 20, 55, 712]
q: [0, 11.0, -11.0, 8.0, -8.0, 7.0, -7.0, 15.0, -15.0, 10.0, -10.0, 0]
Q: [0, 11.0, 0.0, 8.0, 0.0, 7.0, 0.0, 15.0, 0.0, 10.0, 0.0, 0]
B: [0.0, 28.0, 57.5272370025, 169.0, 173.05406684701, 402.0, 428.6271162915, 432.85473559792, 449.73788654792, 496.0, 538.1771424471, 581.5754474486]
