Avion: 5      Iteracion: 0

Num Ruta: 1
Ingresos: 48000.0
Costos: 217.76060753
Utilidad Ruta: 47782.2393925
Costo Reducido: -
Nodos: [105, 24, 59, 22, 57, 15, 50, 4, 39, 715]
q: [0, 14.0, -14.0, 10.0, -10.0, 11.0, -11.0, 5.0, -5.0, 0]
Q: [0, 14.0, 0.0, 10.0, 0.0, 11.0, 0.0, 5.0, 0.0, 0]
B: [0.0, 61.0, 99.5129503025, 299.0, 320.7546861389, 511.0, 527.4211666151, 532.99584588839, 553.42159556859, 580.46880836399]
