Avion: 1      Iteracion: 3

Num Ruta: 6
Ingresos: 120000.0
Costos: 575.388458051
Utilidad Ruta: 119424.611542
Costo Reducido: 100779.361819
Nodos: [101, 9, 12, 44, 47, 10, 45, 31, 66, 23, 58, 35, 70, 32, 8, 43, 6, 41, 67, 21, 56, 33, 68, 29, 64, 711]
q: [0.0, 11.0, 4.0, -11.0, -4.0, 12.0, -12.0, 6.0, -6.0, 10.0, -10.0, 6.0, -6.0, 6.0, 8.0, -8.0, 5.0, -5.0, -6.0, 13.0, -13.0, 10.0, -10.0, 9.0, -9.0, 0.0]
Q: [0.0, 11.0, 15.0, 4.0, 0.0, 12.0, 0.0, 6.0, 0.0, 10.0, 0.0, 6.0, 0.0, 6.0, 14.0, 6.0, 11.0, 6.0, 0.0, 13.0, 0.0, 10.0, 0.0, 9.0, 0.0, 0.0]
B: [0.0, 35.5033292242, 56.3380531485, 67.1250899056, 104.0551741189, 112.77294447605, 142.29245521045, 181.90060954765, 195.20622355075, 267.0, 306.733842905, 336.2538785588, 356.1667619512, 422.0, 433.4468981388, 454.2152947548, 463.40596638423006, 467.09825578242004, 489.75562743052006, 508.16755902392003, 548.90634970312, 562.0, 585.3035112376, 603.6868304428, 637.466610223, 658.317637344]
