Avion: 1      Iteracion: 0

Num Ruta: 2
Ingresos: 193200.0
Costos: 599.087155865
Utilidad Ruta: 192600.912844
Costo Reducido: -
Nodos: [101, 16, 51, 12, 47, 31, 14, 49, 66, 11, 46, 1, 36, 3, 38, 23, 18, 53, 58, 26, 61, 13, 48, 6, 41, 5, 40, 21, 56, 33, 68, 29, 64, 711]
q: [0.0, 11.0, -11.0, 14.0, -14.0, 6.0, 8.0, -8.0, -6.0, 8.0, -8.0, 7.0, -7.0, 15.0, -15.0, 4.0, 11.0, -11.0, -4.0, 13.0, -13.0, 15.0, -15.0, 5.0, -5.0, 12.0, -12.0, 13.0, -13.0, 10.0, -10.0, 9.0, -9.0, 0.0]
Q: [0.0, 11.0, 0.0, 14.0, 0.0, 6.0, 14.0, 6.0, 0.0, 8.0, 0.0, 7.0, 0.0, 15.0, 0.0, 4.0, 15.0, 4.0, 0.0, 13.0, 0.0, 15.0, 0.0, 5.0, 0.0, 12.0, 0.0, 13.0, 0.0, 10.0, 0.0, 9.0, 0.0, 0.0]
B: [0.0, 36.0, 45.624091437640004, 79.57799432084, 122.92591858484, 143.84325197134, 161.36293438854, 173.38464616354, 202.45020313394, 202.929082033037, 206.983148880047, 229.652600417347, 263.892685945847, 270.989237855047, 276.073519613567, 279.436006936967, 299.614957083067, 323.433193331767, 333.358724904437, 353.045097678537, 370.624325647937, 423.0, 439.88315095, 464.1060995732, 467.79838897139, 486.18724918619, 487.30893809137, 515.54852847437, 556.2873191535699, 566.4428640921699, 589.7463753297699, 608.1296945349699, 641.9094743151699, 662.7605014361699]
