Avion: 4      Iteracion: 0

Num Ruta: 1
Ingresos: 64800.0
Costos: 359.27531886
Utilidad Ruta: 64440.7246811
Costo Reducido: -
Nodos: [104, 1, 31, 66, 36, 34, 69, 25, 60, 32, 67, 21, 56, 714]
q: [0, 7.0, 6.0, -6.0, -7.0, 12.0, -12.0, 10.0, -10.0, 6.0, -6.0, 13.0, -13.0, 0]
Q: [0, 7.0, 13.0, 7.0, 0.0, 12.0, 0.0, 10.0, 0.0, 6.0, 0.0, 13.0, 0.0, 0]
B: [0.0, 175.0, 183.89376197118, 197.19937597428, 230.76046369508, 283.0, 323.947598037, 410.0, 427.1849823101, 445.7299117519, 473.5872675668, 491.99919916019996, 532.7379898393999, 586.0466671817999]
