Avion: 4      Iteracion: 1

Num Ruta: 5
Ingresos: 122400.0
Costos: 491.919550635
Utilidad Ruta: 121908.080449
Costo Reducido: 121938.573524
Nodos: [104, 17, 16, 51, 30, 52, 65, 31, 14, 49, 66, 34, 18, 53, 69, 28, 63, 25, 60, 32, 8, 43, 67, 7, 4, 39, 42, 714]
q: [0.0, 4.0, 11.0, -11.0, 11.0, -4.0, -11.0, 6.0, 8.0, -8.0, -6.0, 4.0, 11.0, -11.0, -4.0, 8.0, -8.0, 10.0, -10.0, 6.0, 8.0, -8.0, -6.0, 10.0, 5.0, -5.0, -10.0, 0.0]
Q: [0.0, 4.0, 15.0, 4.0, 15.0, 11.0, 0.0, 6.0, 14.0, 6.0, 0.0, 4.0, 15.0, 4.0, 0.0, 8.0, 0.0, 10.0, 0.0, 6.0, 14.0, 6.0, 0.0, 10.0, 15.0, 10.0, 0.0, 0.0]
B: [0.0, 24.0, 58.8014769802, 68.42556841784, 85.41086205674, 88.55531654043, 104.65326206153, 130.0, 147.5196824172, 159.5413941922, 188.60695116259998, 283.0, 306.7154937119, 330.5337299606, 345.6863596004, 378.0, 414.0266187839, 417.35999740026, 434.54497971036, 453.08990915216, 464.53680729096, 485.30520390696, 501.35430263556, 524.96444880196, 535.32782209446, 555.75357177466, 556.91394585227, 605.17828491337]
