Avion: 6      Iteracion: 0

Num Ruta: 1
Ingresos: 48000.0
Costos: 190.422171608
Utilidad Ruta: 47809.5778284
Costo Reducido: -
Nodos: [106, 3, 38, 23, 58, 27, 62, 2, 37, 716]
q: [0, 15.0, -15.0, 10.0, -10.0, 6.0, -6.0, 9.0, -9.0, 0]
Q: [0, 15.0, 0.0, 10.0, 0.0, 6.0, 0.0, 9.0, 0.0, 0]
B: [0.0, 256.0, 261.08428175852, 267.0, 306.733842905, 538.0, 555.0308623681, 566.4829354555, 607.2178975029, 644.2050944229]
