Avion: 1      Iteracion: 0

Num Ruta: 1
Ingresos: 55200.0
Costos: 286.860865927
Utilidad Ruta: 54913.1391341
Costo Reducido: -
Nodos: [101, 12, 47, 14, 49, 6, 41, 33, 68, 29, 64, 711]
q: [0, 14.0, -14.0, 8.0, -8.0, 5.0, -5.0, 10.0, -10.0, 9.0, -9.0, 0]
Q: [0, 14.0, 0.0, 8.0, 0.0, 5.0, 0.0, 10.0, 0.0, 9.0, 0.0, 0]
B: [0.0, 54.0, 97.347924264, 133.8671580457, 145.8888698207, 436.0, 439.69228939819, 562.0, 585.3035112376, 603.6868304428, 637.466610223, 658.317637344]
