Avion: 3      Iteracion: 2

Num Ruta: 4
Ingresos: 152400.0
Costos: 510.803761984
Utilidad Ruta: 151889.196238
Costo Reducido: 129724.989354
Nodos: [103, 16, 51, 12, 47, 10, 45, 1, 36, 3, 38, 18, 53, 22, 57, 19, 8, 54, 43, 32, 67, 15, 50, 7, 4, 39, 42, 713]
q: [0, 11.0, -11.0, 14.0, -14.0, 12.0, -12.0, 7.0, -7.0, 15.0, -15.0, 11.0, -11.0, 10.0, -10.0, 7.0, 8.0, -7.0, -8.0, 6.0, -6.0, 11.0, -11.0, 10.0, 5.0, -5.0, -10.0, 0]
Q: [0, 11.0, 0.0, 14.0, 0.0, 12.0, 0.0, 7.0, 0.0, 15.0, 0.0, 11.0, 0.0, 10.0, 0.0, 7.0, 15.0, 8.0, 0.0, 6.0, 0.0, 11.0, 0.0, 10.0, 15.0, 10.0, 0.0, 0]
B: [0.0, 36.0, 45.624091437640004, 79.57799432084, 122.92591858484, 131.64368894199, 161.16319967639, 199.58254084719002, 233.82262637569002, 256.0, 261.08428175852, 293.0, 316.8182362487, 332.3010836612, 354.0557698001, 402.0, 425.1608815463, 443.1178409771, 446.04596016866, 468.42569486326, 496.28305067816, 519.57849023186, 535.99965684696, 546.9043964128599, 557.2677697053599, 577.69351938556, 578.8538934631699, 594.2765809397699]
