Avion: 7      Iteracion: 44

Num Ruta: 42
Ingresos: 96000.0
Costos: 367.17902196
Utilidad Ruta: 95632.820978
Costo Reducido: 20.5094072619
Nodos: [107, 12, 52, 1, 41, 18, 58, 28, 68, 25, 65, 21, 38, 78, 61, 27, 29, 69, 67, 817]
q: [0.0, 14.0, -14.0, 7.0, -7.0, 11.0, -11.0, 8.0, -8.0, 10.0, -10.0, 7.0, 8.0, -8.0, -7.0, 6.0, 9.0, -9.0, -6.0, 0.0]
Q: [0.0, 14.0, 0.0, 7.0, 0.0, 11.0, 0.0, 8.0, 0.0, 10.0, 0.0, 7.0, 15.0, 7.0, 0.0, 6.0, 15.0, 6.0, 0.0, 0.0]
B: [0.0, 54.0, 97.347924264, 175.0, 209.2400855285, 293.0, 316.8182362487, 378.0, 414.0266187839, 417.35999740026, 434.54497971036, 477.0, 483.82291294097, 516.69179958167, 523.76172815274, 538.0, 563.6018082369, 597.3815880171, 612.8289655939, 619.5336603669699]
