Avion: 4      Iteracion: 8

Num Ruta: 10
Ingresos: 90000.0
Costos: 391.6679813
Utilidad Ruta: 89608.3320187
Costo Reducido: 207536.671434
Nodos: [104, 40, 80, 10, 50, 35, 75, 19, 6, 59, 46, 13, 53, 7, 2, 47, 42, 814]
q: [0.0, 15.0, -15.0, 12.0, -12.0, 6.0, -6.0, 7.0, 5.0, -7.0, -5.0, 15.0, -15.0, 6.0, 9.0, -6.0, -9.0, 0.0]
Q: [0.0, 15.0, 0.0, 12.0, 0.0, 6.0, 0.0, 7.0, 12.0, 5.0, 0.0, 15.0, 0.0, 6.0, 15.0, 9.0, 0.0, 0.0]
B: [0.0, 62.0, 94.5694417821, 111.75013586, 141.2696465944, 279.0, 298.9128833924, 402.0, 440.0404359202, 451.8314549177, 467.3144076723, 480.7244737795, 497.6076247295, 519.8788830909, 555.0366564134999, 565.1668248720999, 597.2429880154999, 606.0406286651299]
