Avion: 4      Iteracion: 46

Num Ruta: 40
Ingresos: 9600.0
Costos: 46.8102143036
Utilidad Ruta: 9553.1897857
Costo Reducido: 8.31843799006
Nodos: [104, 28, 68, 814]
q: [0, 8.0, -8.0, 0]
Q: [0, 8.0, 0.0, 0]
B: [0.0, 378.0, 414.0266187839, 420.28509463669]
