Avion: 3      Iteracion: 39

Num Ruta: 40
Ingresos: 66000.0
Costos: 226.309802577
Utilidad Ruta: 65773.6901974
Costo Reducido: 1.64280283745
Nodos: [103, 12, 52, 1, 31, 71, 11, 51, 41, 23, 63, 22, 62, 813]
q: [0, 14.0, -14.0, 7.0, 6.0, -6.0, 8.0, -8.0, -7.0, 10.0, -10.0, 10.0, -10.0, 0]
Q: [0, 14.0, 0.0, 7.0, 13.0, 7.0, 15.0, 7.0, 0.0, 10.0, 0.0, 10.0, 0.0, 0]
B: [0.0, 54.0, 97.347924264, 175.0, 183.89376197118, 197.19937597428, 197.678254873377, 201.732321720387, 236.048051058387, 267.0, 306.733842905, 322.49026689650003, 344.24495303540004, 357.48837449660004]
