Avion: 7      Iteracion: 54

Num Ruta: 52
Ingresos: 58800.0
Costos: 169.767730416
Utilidad Ruta: 58630.2322696
Costo Reducido: 13.4874485694
Nodos: [107, 12, 52, 6, 46, 13, 53, 29, 69, 27, 67, 817]
q: [0, 14.0, -14.0, 5.0, -5.0, 15.0, -15.0, 9.0, -9.0, 6.0, -6.0, 0]
Q: [0, 14.0, 0.0, 5.0, 0.0, 15.0, 0.0, 9.0, 0.0, 6.0, 0.0, 0]
B: [0.0, 54.0, 97.347924264, 436.0, 439.69228939819, 453.10235550539, 469.98550645539, 549.0, 582.7797797802, 590.99620777538, 608.0270701434799, 614.7317649165499]
