Avion: 7      Iteracion: 31

Num Ruta: 32
Ingresos: 147600.0
Costos: 437.442180025
Utilidad Ruta: 147162.55782
Costo Reducido: 27.7177239142
Nodos: [107, 9, 40, 49, 30, 80, 70, 1, 41, 3, 43, 18, 36, 76, 34, 58, 74, 28, 68, 15, 7, 55, 20, 47, 60, 37, 77, 817]
q: [0.0, 11.0, 4.0, -11.0, 11.0, -4.0, -11.0, 7.0, -7.0, 15.0, -15.0, 3.0, 12.0, -12.0, 12.0, -3.0, -12.0, 8.0, -8.0, 10.0, 5.0, -10.0, 10.0, -5.0, -10.0, 15.0, -15.0, 0.0]
Q: [0.0, 11.0, 15.0, 4.0, 15.0, 11.0, 0.0, 7.0, 0.0, 15.0, 0.0, 3.0, 15.0, 3.0, 15.0, 12.0, 0.0, 8.0, 0.0, 10.0, 15.0, 5.0, 15.0, 10.0, 0.0, 15.0, 0.0, 0.0]
B: [0.0, 28.0348110926, 62.0, 90.9587949508, 106.7466952862, 125.68974556859999, 127.73504505766999, 175.0, 209.2400855285, 256.0, 261.08428175852, 293.0, 306.9670306436, 313.91517471234005, 327.63492270564007, 355.86696018084007, 371.0195898206401, 380.19977337000006, 416.22639215390006, 511.0, 524.7672641436, 535.6720037094999, 541.8058557618399, 571.0518631474399, 584.0155476931399, 595.5930656482399, 616.3877191197398, 631.9621074865398]
