Avion: 7      Iteracion: 39

Num Ruta: 38
Ingresos: 78000.0
Costos: 180.411967614
Utilidad Ruta: 77819.5880324
Costo Reducido: 18.5097175721
Nodos: [107, 30, 70, 16, 56, 26, 66, 13, 53, 20, 7, 47, 60, 817]
q: [0.0, 11.0, -11.0, 11.0, -11.0, 13.0, -13.0, 15.0, -15.0, 10.0, 5.0, -5.0, -10.0, 0.0]
Q: [0.0, 11.0, 0.0, 11.0, 0.0, 13.0, 0.0, 15.0, 0.0, 10.0, 15.0, 10.0, 0.0, 0.0]
B: [0.0, 64.0, 82.7140226568, 93.53069441849999, 103.15478585614, 300.0, 317.5792279694, 423.0, 439.88315095, 496.0, 517.0, 545.5413118129, 558.5049963585999, 579.7808403136999]
