Avion: 4      Iteracion: 26

Num Ruta: 27
Ingresos: 94800.0
Costos: 336.429883711
Utilidad Ruta: 94463.5701163
Costo Reducido: 91.118959884
Nodos: [104, 17, 30, 57, 16, 56, 70, 24, 64, 1, 41, 23, 18, 58, 63, 8, 32, 48, 13, 53, 72, 814]
q: [0.0, 5.0, 4.0, -5.0, 11.0, -11.0, -4.0, 14.0, -14.0, 7.0, -7.0, 10.0, 5.0, -5.0, -10.0, 8.0, 6.0, -8.0, 9.0, -9.0, -6.0, 0.0]
Q: [0.0, 5.0, 9.0, 4.0, 15.0, 4.0, 0.0, 14.0, 0.0, 7.0, 0.0, 10.0, 15.0, 10.0, 0.0, 8.0, 14.0, 6.0, 15.0, 6.0, 0.0, 0.0]
B: [0.0, 24.0, 64.0, 67.14445448369, 72.47609381883, 82.10018525647, 84.97134181786, 109.70531270816, 148.21826301066, 175.0, 209.2400855285, 267.0, 293.0, 316.8182362487, 326.74376782137, 414.0, 425.4468981388, 447.8266328334, 450.03730897431, 466.92045992431, 470.99141030475005, 495.3575558554501]
