Avion: 7      Iteracion: 83

Num Ruta: 60
Ingresos: 37200.0
Costos: 89.6527177494
Utilidad Ruta: 37110.3472823
Costo Reducido: 13.1100659817
Nodos: [107, 12, 52, 6, 46, 5, 45, 817]
q: [0, 14.0, -14.0, 5.0, -5.0, 12.0, -12.0, 0]
Q: [0, 14.0, 0.0, 5.0, 0.0, 12.0, 0.0, 0]
B: [0.0, 54.0, 97.347924264, 436.0, 439.69228939819, 469.0, 470.12168890518, 474.86120417575]
