Avion: 5      Iteracion: 24

Num Ruta: 25
Ingresos: 48000.0
Costos: 105.906407039
Utilidad Ruta: 47894.093593
Costo Reducido: 100.980927016
Nodos: [105, 26, 66, 5, 45, 6, 46, 33, 73, 815]
q: [0, 13.0, -13.0, 12.0, -12.0, 5.0, -5.0, 10.0, -10.0, 0]
Q: [0, 13.0, 0.0, 12.0, 0.0, 5.0, 0.0, 10.0, 0.0, 0]
B: [0.0, 300.0, 317.5792279694, 469.0, 470.12168890518, 486.34528175638, 490.03757115457, 562.0, 585.3035112376, 603.0256129753]
