Avion: 5      Iteracion: 43

Num Ruta: 43
Ingresos: 43200.0
Costos: 135.975494501
Utilidad Ruta: 43064.0245055
Costo Reducido: 16.4858146104
Nodos: [105, 26, 66, 21, 61, 33, 73, 815]
q: [0, 13.0, -13.0, 13.0, -13.0, 10.0, -10.0, 0]
Q: [0, 13.0, 0.0, 13.0, 0.0, 10.0, 0.0, 0]
B: [0.0, 300.0, 317.5792279694, 477.0, 517.7387906792, 562.0, 585.3035112376, 603.0256129753]
