Avion: 6      Iteracion: 5

Num Ruta: 8
Ingresos: 116400.0
Costos: 401.07080439
Utilidad Ruta: 115998.929196
Costo Reducido: 175383.121452
Nodos: [106, 16, 56, 40, 80, 31, 14, 54, 11, 51, 71, 8, 48, 15, 55, 4, 44, 37, 77, 33, 73, 816]
q: [0, 11.0, -11.0, 15.0, -15.0, 6.0, 8.0, -8.0, 8.0, -8.0, -6.0, 8.0, -8.0, 11.0, -11.0, 5.0, -5.0, 15.0, -15.0, 10.0, -10.0, 0]
Q: [0, 11.0, 0.0, 15.0, 0.0, 6.0, 14.0, 6.0, 14.0, 6.0, 0.0, 8.0, 0.0, 11.0, 0.0, 5.0, 0.0, 15.0, 0.0, 10.0, 0.0, 0]
B: [0.0, 36.0, 45.624091437640004, 77.27284989674001, 109.84229167884001, 133.18078068304, 150.70046310024, 162.72217487524, 192.17060398444, 196.22467083145, 199.91904939895, 414.0, 434.768396616, 511.0, 527.4211666151, 532.99584588839, 553.42159556859, 562.0, 582.7946534714999, 617.3784082994999, 640.6819195370999, 654.5228767655999]
