Avion: 3      Iteracion: 24

Num Ruta: 26
Ingresos: 138000.0
Costos: 380.970498841
Utilidad Ruta: 137619.029501
Costo Reducido: 185.164896956
Nodos: [103, 9, 49, 12, 52, 10, 50, 26, 66, 22, 62, 8, 48, 5, 45, 6, 46, 27, 4, 7, 67, 47, 44, 37, 77, 813]
q: [0.0, 11.0, -11.0, 14.0, -14.0, 12.0, -12.0, 13.0, -13.0, 10.0, -10.0, 8.0, -8.0, 12.0, -12.0, 5.0, -5.0, 6.0, 5.0, 4.0, -6.0, -4.0, -5.0, 15.0, -15.0, 0.0]
Q: [0.0, 11.0, 0.0, 14.0, 0.0, 12.0, 0.0, 13.0, 0.0, 10.0, 0.0, 8.0, 0.0, 12.0, 0.0, 5.0, 0.0, 6.0, 11.0, 15.0, 9.0, 5.0, 0.0, 15.0, 0.0, 0.0]
B: [0.0, 28.0, 57.5272370025, 68.3142737596, 111.6621980236, 120.37996838075, 149.89947911515, 300.0, 317.5792279694, 331.2134086195, 352.9680947584, 414.0, 434.768396616, 469.0, 470.12168890518, 486.34528175638, 490.03757115457, 538.0, 555.6147745373, 565.9781478298, 590.702662729, 595.10258329646, 596.26295737407, 603.32732946223, 624.1219829337299, 645.1237783808299]
