Avion: 4      Iteracion: 18

Num Ruta: 19
Ingresos: 102000.0
Costos: 420.468149219
Utilidad Ruta: 101579.531851
Costo Reducido: 199.059454465
Nodos: [104, 17, 57, 40, 80, 31, 71, 14, 54, 23, 18, 58, 63, 25, 65, 15, 21, 55, 4, 61, 27, 67, 44, 814]
q: [0.0, 5.0, -5.0, 15.0, -15.0, 6.0, -6.0, 8.0, -8.0, 10.0, 5.0, -5.0, -10.0, 10.0, -10.0, 5.0, 10.0, -5.0, 5.0, -10.0, 6.0, -6.0, -5.0, 0.0]
Q: [0.0, 5.0, 0.0, 15.0, 0.0, 6.0, 0.0, 8.0, 0.0, 10.0, 15.0, 10.0, 0.0, 10.0, 0.0, 5.0, 15.0, 10.0, 15.0, 5.0, 11.0, 5.0, 0.0, 0.0]
B: [0.0, 24.0, 58.8425537813, 82.5415246028, 115.1109663849, 138.4494553891, 151.7550693922, 168.8010759627, 180.8227877377, 267.0, 293.0, 316.8182362487, 326.74376782137, 410.0, 427.1849823101, 511.0, 516.67223351071, 527.47150163401, 533.0461809073, 562.2159783183, 575.3934265159, 592.424288884, 597.83954741892, 636.39854824882]
