Avion: 6      Iteracion: 48

Num Ruta: 48
Ingresos: 93600.0
Costos: 229.3488985
Utilidad Ruta: 93370.6511015
Costo Reducido: 15.8633714842
Nodos: [106, 16, 56, 14, 54, 3, 43, 23, 63, 13, 53, 29, 69, 33, 73, 816]
q: [0, 11.0, -11.0, 8.0, -8.0, 15.0, -15.0, 10.0, -10.0, 15.0, -15.0, 9.0, -9.0, 10.0, -10.0, 0]
Q: [0, 11.0, 0.0, 8.0, 0.0, 15.0, 0.0, 10.0, 0.0, 15.0, 0.0, 9.0, 0.0, 10.0, 0.0, 0]
B: [0.0, 36.0, 45.624091437640004, 112.0, 124.021711775, 256.0, 261.08428175852, 267.0, 306.733842905, 423.0, 439.88315095, 549.0, 582.7797797802, 591.6312714624, 614.9347827, 628.7757399285]
