Avion: 7      Iteracion: 24

Num Ruta: 27
Ingresos: 14400.0
Costos: 23.6890070128
Utilidad Ruta: 14376.310993
Costo Reducido: 31.9301230285
Nodos: [107, 5, 45, 817]
q: [0, 12.0, -12.0, 0]
Q: [0, 12.0, 0.0, 0]
B: [0.0, 469.0, 470.12168890518, 474.86120417575]
