Avion: 6      Iteracion: 19

Num Ruta: 22
Ingresos: 78000.0
Costos: 312.54716868
Utilidad Ruta: 77687.4528313
Costo Reducido: 108.753740837
Nodos: [106, 30, 70, 18, 34, 58, 74, 28, 68, 19, 59, 13, 53, 29, 69, 816]
q: [0.0, 11.0, -11.0, 3.0, 12.0, -3.0, -12.0, 8.0, -8.0, 7.0, -7.0, 15.0, -15.0, 9.0, -9.0, 0.0]
Q: [0.0, 11.0, 0.0, 3.0, 15.0, 12.0, 0.0, 8.0, 0.0, 7.0, 0.0, 15.0, 0.0, 9.0, 0.0, 0.0]
B: [0.0, 64.0, 82.7140226568, 293.0, 316.7154937119, 344.9475311871, 360.10016082690004, 378.0, 414.0266187839, 426.5624120576, 453.1895283491, 457.41714765552, 474.30029860552, 549.0, 582.7797797802, 612.0199550533]
