Avion: 6      Iteracion: 8

Num Ruta: 11
Ingresos: 164400.0
Costos: 665.544568901
Utilidad Ruta: 163734.455431
Costo Reducido: 267782.507892
Nodos: [106, 9, 49, 40, 80, 10, 50, 1, 41, 35, 75, 22, 62, 18, 58, 19, 8, 59, 48, 13, 53, 6, 46, 2, 7, 42, 47, 37, 77, 816]
q: [0.0, 11.0, -11.0, 15.0, -15.0, 12.0, -12.0, 7.0, -7.0, 6.0, -6.0, 10.0, -10.0, 11.0, -11.0, 7.0, 8.0, -7.0, -8.0, 15.0, -15.0, 5.0, -5.0, 9.0, 6.0, -9.0, -6.0, 15.0, -15.0, 0.0]
Q: [0.0, 11.0, 0.0, 15.0, 0.0, 12.0, 0.0, 7.0, 0.0, 6.0, 0.0, 10.0, 0.0, 11.0, 0.0, 7.0, 15.0, 8.0, 0.0, 15.0, 0.0, 5.0, 0.0, 9.0, 15.0, 6.0, 0.0, 15.0, 0.0, 0.0]
B: [0.0, 35.5829922575, 65.11022926000001, 94.06902421080001, 126.63846599290001, 143.81916007080002, 173.33867080520002, 211.75801197600003, 245.99809750450004, 281.65307934430007, 301.56596273670004, 316.680217366, 338.43490350490003, 351.83534010230005, 375.653576351, 403.2301701399, 426.3910516862, 444.348011117, 447.27613030855997, 449.48680644946995, 466.36995739946997, 490.59290602267, 494.28519542085996, 522.0, 557.1577733226, 568.6644994426, 600.740662586, 607.91347409893, 628.70812757043, 670.52819047093]
