Avion: 7      Iteracion: 49

Num Ruta: 47
Ingresos: 93600.0
Costos: 248.624258609
Utilidad Ruta: 93351.3757414
Costo Reducido: 21.0893838961
Nodos: [107, 12, 52, 10, 50, 26, 66, 13, 53, 29, 69, 37, 77, 817]
q: [0, 14.0, -14.0, 12.0, -12.0, 13.0, -13.0, 15.0, -15.0, 9.0, -9.0, 15.0, -15.0, 0]
Q: [0, 14.0, 0.0, 12.0, 0.0, 13.0, 0.0, 15.0, 0.0, 9.0, 0.0, 15.0, 0.0, 0]
B: [0.0, 54.0, 97.347924264, 106.06569462115, 135.58520535555, 300.0, 317.5792279694, 423.0, 439.88315095, 549.0, 582.7797797802, 602.0609649098, 622.8556183813, 638.4300067481]
