Avion: 3      Iteracion: 49

Num Ruta: 48
Ingresos: 111600.0
Costos: 324.672075379
Utilidad Ruta: 111275.327925
Costo Reducido: 16.0139966064
Nodos: [103, 40, 80, 10, 50, 26, 66, 22, 62, 32, 8, 48, 6, 46, 13, 72, 53, 29, 27, 69, 67, 813]
q: [0.0, 15.0, -15.0, 12.0, -12.0, 13.0, -13.0, 10.0, -10.0, 6.0, 8.0, -8.0, 5.0, -5.0, 9.0, -6.0, -9.0, 9.0, 6.0, -9.0, -6.0, 0.0]
Q: [0.0, 15.0, 0.0, 12.0, 0.0, 13.0, 0.0, 10.0, 0.0, 6.0, 14.0, 6.0, 11.0, 6.0, 15.0, 9.0, 0.0, 9.0, 15.0, 6.0, 0.0, 0.0]
B: [0.0, 62.0, 94.5694417821, 111.75013586, 141.2696465944, 300.0, 317.5792279694, 331.2134086195, 352.9680947584, 422.0, 433.4468981388, 454.2152947548, 463.40596638423006, 467.09825578242004, 480.50832188962005, 494.3505016674201, 498.4214520478601, 549.0, 574.6018082369, 582.8182362320799, 598.26561380888, 620.66352757338]
