Avion: 2      Iteracion: 56

Num Ruta: 50
Ingresos: 57600.0
Costos: 197.77674583
Utilidad Ruta: 57402.2232542
Costo Reducido: 14.7671387029
Nodos: [102, 22, 62, 32, 25, 72, 65, 15, 21, 55, 38, 78, 61, 812]
q: [0.0, 10.0, -10.0, 6.0, 9.0, -6.0, -9.0, 8.0, 7.0, -8.0, 8.0, -8.0, -7.0, 0.0]
Q: [0.0, 10.0, 0.0, 6.0, 15.0, 9.0, 0.0, 8.0, 15.0, 7.0, 15.0, 7.0, 0.0, 0.0]
B: [0.0, 299.0, 320.7546861389, 422.0, 442.6664482919, 469.8986961242, 480.8837643989, 511.0, 516.67223351071, 527.47150163401, 531.55876734595, 564.42765398665, 571.49758255772, 601.9693995203199]
