Avion: 5      Iteracion: 30

Num Ruta: 31
Ingresos: 36000.0
Costos: 89.6320311123
Utilidad Ruta: 35910.3679689
Costo Reducido: 45.9767578882
Nodos: [105, 10, 50, 35, 75, 5, 45, 815]
q: [0, 12.0, -12.0, 6.0, -6.0, 12.0, -12.0, 0]
Q: [0, 12.0, 0.0, 6.0, 0.0, 12.0, 0.0, 0]
B: [0.0, 96.0, 125.5195107344, 279.0, 298.9128833924, 469.0, 470.12168890518, 483.34589368278]
