Avion: 3      Iteracion: 25

Num Ruta: 27
Ingresos: 152400.0
Costos: 457.001874781
Utilidad Ruta: 151942.998125
Costo Reducido: 109.833950705
Nodos: [103, 9, 49, 12, 52, 10, 50, 35, 75, 18, 58, 39, 6, 46, 79, 13, 53, 21, 38, 61, 78, 27, 7, 67, 47, 37, 77, 813]
q: [0.0, 11.0, -11.0, 14.0, -14.0, 12.0, -12.0, 6.0, -6.0, 11.0, -11.0, 8.0, 5.0, -5.0, -8.0, 15.0, -15.0, 7.0, 8.0, -7.0, -8.0, 5.0, 10.0, -5.0, -10.0, 15.0, -15.0, 0.0]
Q: [0.0, 11.0, 0.0, 14.0, 0.0, 12.0, 0.0, 6.0, 0.0, 11.0, 0.0, 8.0, 13.0, 8.0, 0.0, 15.0, 0.0, 7.0, 15.0, 8.0, 0.0, 5.0, 15.0, 10.0, 0.0, 15.0, 0.0, 0.0]
B: [0.0, 28.0, 57.5272370025, 68.3142737596, 111.6621980236, 120.37996838075, 149.89947911515, 279.0, 298.9128833924, 321.80373678409995, 345.62197303279993, 388.0, 436.0, 439.69228939819, 449.87740525418997, 453.10933904063995, 469.99248999063997, 485.50388638164, 492.32679932261, 526.80917970741, 533.87910827848, 545.41483560708, 573.0781589793801, 597.8026738785801, 602.20259444604, 609.3754059589701, 630.17005943047, 651.17185487757]
