Avion: 4      Iteracion: 32

Num Ruta: 30
Ingresos: 74400.0
Costos: 303.039538968
Utilidad Ruta: 74096.960461
Costo Reducido: 7.32429793729
Nodos: [104, 17, 57, 40, 80, 8, 19, 48, 59, 5, 45, 38, 21, 78, 61, 814]
q: [0.0, 5.0, -5.0, 15.0, -15.0, 8.0, 7.0, -8.0, -7.0, 12.0, -12.0, 8.0, 7.0, -8.0, -7.0, 0.0]
Q: [0.0, 5.0, 0.0, 15.0, 0.0, 8.0, 15.0, 7.0, 0.0, 12.0, 0.0, 8.0, 15.0, 7.0, 0.0, 0.0]
B: [0.0, 24.0, 58.8425537813, 82.5415246028, 115.1109663849, 414.0, 437.1608815463, 466.0513395558, 468.97945874735996, 476.82977198951994, 477.95146089469995, 499.53315359939995, 506.35606654036997, 544.86780501057, 551.93773358164, 597.71620810844]
