Avion: 6      Iteracion: 24

Num Ruta: 27
Ingresos: 93600.0
Costos: 261.671803688
Utilidad Ruta: 93338.3281963
Costo Reducido: 60.8146495763
Nodos: [106, 30, 16, 56, 70, 14, 54, 3, 43, 18, 58, 22, 62, 32, 8, 48, 6, 46, 72, 816]
q: [0.0, 4.0, 11.0, -11.0, -4.0, 8.0, -8.0, 15.0, -15.0, 11.0, -11.0, 10.0, -10.0, 6.0, 8.0, -8.0, 5.0, -5.0, -6.0, 0.0]
Q: [0.0, 4.0, 15.0, 4.0, 0.0, 8.0, 0.0, 15.0, 0.0, 11.0, 0.0, 10.0, 0.0, 6.0, 14.0, 6.0, 11.0, 6.0, 0.0, 0.0]
B: [0.0, 64.0, 72.20259129788, 81.82668273552001, 84.69783929691, 112.49377995381, 124.51549172881, 256.0, 261.08428175852, 293.0, 316.8182362487, 332.3010836612, 354.0557698001, 422.0, 433.4468981388, 454.2152947548, 463.40596638423006, 467.09825578242004, 489.75562743052006, 497.79250375158006]
