Avion: 2      Iteracion: 29

Num Ruta: 30
Ingresos: 49200.0
Costos: 130.667545412
Utilidad Ruta: 49069.3324546
Costo Reducido: 28.0930245985
Nodos: [102, 31, 71, 36, 76, 34, 74, 39, 79, 812]
q: [0, 6.0, -6.0, 15.0, -15.0, 12.0, -12.0, 8.0, -8.0, 0]
Q: [0, 6.0, 0.0, 15.0, 0.0, 12.0, 0.0, 8.0, 0.0, 0]
B: [0.0, 130.0, 143.3056140031, 251.0, 257.94814406874, 283.0, 323.947598037, 388.0, 410.632187455, 428.1376491456]
