Avion: 2      Iteracion: 23

Num Ruta: 24
Ingresos: 128400.0
Costos: 399.540635939
Utilidad Ruta: 128000.459364
Costo Reducido: 159.771125754
Nodos: [102, 30, 70, 16, 56, 31, 71, 14, 54, 3, 43, 18, 58, 39, 28, 79, 32, 68, 21, 38, 72, 78, 61, 27, 4, 7, 67, 47, 44, 812]
q: [0.0, 11.0, -11.0, 11.0, -11.0, 6.0, -6.0, 8.0, -8.0, 15.0, -15.0, 11.0, -11.0, 7.0, 8.0, -7.0, 6.0, -8.0, 9.0, 0.0, -6.0, 0.0, -9.0, 6.0, 5.0, 4.0, -6.0, -4.0, -5.0, 0.0]
Q: [0.0, 11.0, 0.0, 11.0, 0.0, 6.0, 0.0, 8.0, 0.0, 15.0, 0.0, 11.0, 0.0, 7.0, 15.0, 8.0, 14.0, 6.0, 15.0, 15.0, 9.0, 9.0, 0.0, 6.0, 11.0, 15.0, 9.0, 5.0, 0.0, 0.0]
B: [0.0, 64.0, 82.7140226568, 93.53069441849999, 103.15478585614, 130.0, 143.3056140031, 160.3516205736, 172.3733323486, 256.0, 261.08428175852, 293.0, 316.8182362487, 388.0, 399.3210123222, 412.3114993416, 437.92334074359997, 461.37844927029994, 477.0, 483.82291294097, 498.85336017317, 520.84943893737, 527.91936750844, 541.09681570604, 558.7115902433401, 569.0749635358401, 593.7994784350401, 598.1993990025001, 599.35977308011, 617.9096729720101]
