Avion: 2      Iteracion: 70

Num Ruta: 59
Ingresos: 138000.0
Costos: 451.789647339
Utilidad Ruta: 137548.210353
Costo Reducido: 4.21886676675
Nodos: [102, 30, 16, 56, 70, 40, 80, 18, 36, 76, 34, 58, 74, 39, 28, 79, 68, 25, 65, 20, 5, 45, 60, 2, 42, 29, 69, 812]
q: [0.0, 11.0, 4.0, -4.0, -11.0, 15.0, -15.0, 3.0, 12.0, -12.0, 12.0, -3.0, -12.0, 8.0, 7.0, -8.0, -7.0, 10.0, -10.0, 10.0, 5.0, -5.0, -10.0, 9.0, -9.0, 9.0, -9.0, 0.0]
Q: [0.0, 11.0, 15.0, 11.0, 0.0, 15.0, 0.0, 3.0, 15.0, 3.0, 15.0, 12.0, 0.0, 8.0, 15.0, 7.0, 0.0, 10.0, 0.0, 10.0, 15.0, 10.0, 0.0, 9.0, 0.0, 9.0, 0.0, 0.0]
B: [0.0, 64.0, 72.20259129788, 81.82668273552001, 84.69783929691, 115.50769336991, 148.07713515201, 293.0, 306.9670306436, 313.91517471234005, 327.63492270564007, 355.86696018084007, 371.0195898206401, 388.0, 399.3210123222, 412.3114993416, 448.3244104708, 451.65778908716, 468.84277139726, 496.0, 519.9123369832, 521.03402588838, 540.17366112528, 547.50395839074, 588.23892043814, 598.04366097525, 631.82344075545, 655.94832096245]
