Avion: 1      Iteracion: 30

Num Ruta: 29
Ingresos: 124800.0
Costos: 437.351237885
Utilidad Ruta: 124362.648762
Costo Reducido: 33.1559927638
Nodos: [101, 40, 16, 56, 80, 31, 71, 36, 76, 34, 74, 28, 68, 25, 19, 32, 59, 72, 65, 20, 5, 45, 60, 2, 42, 29, 69, 811]
q: [0.0, 15.0, 0.0, 0.0, -15.0, 6.0, -6.0, 15.0, -15.0, 12.0, -12.0, 8.0, -8.0, 2.0, 7.0, 6.0, -7.0, -6.0, -2.0, 10.0, 5.0, -5.0, -10.0, 9.0, -9.0, 9.0, -9.0, 0.0]
Q: [0.0, 15.0, 15.0, 15.0, 0.0, 6.0, 0.0, 15.0, 0.0, 12.0, 0.0, 8.0, 0.0, 2.0, 9.0, 15.0, 8.0, 2.0, 0.0, 10.0, 15.0, 10.0, 0.0, 9.0, 0.0, 9.0, 0.0, 0.0]
B: [0.0, 62.0, 86.5836396004, 96.20773103804001, 98.20027965727002, 130.0, 143.3056140031, 251.0, 257.94814406874, 283.0, 323.947598037, 378.0, 414.0266187839, 417.35999740026, 426.75200464046, 438.46691927945994, 458.03938997175993, 475.1667664199599, 486.1518346946599, 496.0, 519.9123369832, 521.03402588838, 540.17366112528, 547.50395839074, 588.23892043814, 598.04366097525, 631.82344075545, 647.84161558905]
