Avion: 2      Iteracion: 86

Num Ruta: 65
Ingresos: 31200.0
Costos: 112.061435012
Utilidad Ruta: 31087.938565
Costo Reducido: 4.53235580251
Nodos: [102, 18, 58, 29, 27, 69, 67, 812]
q: [0, 11.0, -11.0, 9.0, 6.0, -9.0, -6.0, 0]
Q: [0, 11.0, 0.0, 9.0, 15.0, 6.0, 0.0, 0]
B: [0.0, 293.0, 316.8182362487, 549.0, 574.6018082369, 582.8182362320799, 598.26561380888, 611.68202007138]
