Avion: 6      Iteracion: 0

Num Ruta: 2
Ingresos: 200400.0
Costos: 613.701923856
Utilidad Ruta: 199786.298076
Costo Reducido: -
Nodos: [106, 16, 56, 24, 64, 31, 14, 54, 11, 51, 71, 1, 41, 3, 43, 36, 76, 26, 66, 39, 79, 13, 53, 5, 45, 15, 55, 4, 44, 33, 73, 29, 69, 816]
q: [0, 11.0, -11.0, 14.0, -14.0, 6.0, 8.0, -8.0, 8.0, -8.0, -6.0, 7.0, -7.0, 15.0, -15.0, 15.0, -15.0, 13.0, -13.0, 8.0, -8.0, 15.0, -15.0, 12.0, -12.0, 11.0, -11.0, 5.0, -5.0, 10.0, -10.0, 9.0, -9.0, 0]
Q: [0, 11.0, 0.0, 14.0, 0.0, 6.0, 14.0, 6.0, 14.0, 6.0, 0.0, 7.0, 0.0, 15.0, 0.0, 15.0, 0.0, 13.0, 0.0, 8.0, 0.0, 15.0, 0.0, 12.0, 0.0, 11.0, 0.0, 5.0, 0.0, 10.0, 0.0, 9.0, 0.0, 0]
B: [0.0, 36.0, 45.624091437640004, 70.85029051714, 109.36324081964, 130.0, 147.5196824172, 159.5413941922, 188.98982330139998, 193.04389014841, 196.73826871590998, 215.72796281560997, 249.96804834410997, 257.06460025330995, 262.1488820118299, 297.06834731412994, 304.01649138286996, 344.31887584086996, 361.89810381026996, 388.0, 410.632187455, 423.0, 439.88315095, 469.0, 470.12168890518, 511.0, 527.4211666151, 532.99584588839, 553.42159556859, 562.0, 585.3035112376, 603.6868304428, 637.466610223, 666.7067854961]
