Avion: 7      Iteracion: 3

Num Ruta: 7
Ingresos: 68400.0
Costos: 372.118775977
Utilidad Ruta: 68027.881224
Costo Reducido: 220418.341657
Nodos: [107, 16, 56, 12, 52, 31, 14, 54, 71, 35, 75, 34, 74, 817]
q: [0, 11.0, -11.0, 14.0, -14.0, 6.0, 8.0, -8.0, -6.0, 6.0, -6.0, 12.0, -12.0, 0]
Q: [0, 11.0, 0.0, 14.0, 0.0, 6.0, 14.0, 6.0, 0.0, 6.0, 0.0, 12.0, 0.0, 0]
B: [0.0, 36.0, 45.624091437640004, 79.57799432084, 122.92591858484, 143.84325197134, 161.36293438854, 173.38464616354, 202.45020313394, 279.0, 298.9128833924, 340.34711220139997, 381.29471023839994, 420.63385645439996]
