Avion: 4      Iteracion: 45

Num Ruta: 39
Ingresos: 33600.0
Costos: 121.587331276
Utilidad Ruta: 33478.4126687
Costo Reducido: 13.5518457827
Nodos: [104, 17, 57, 14, 54, 36, 76, 814]
q: [0, 5.0, -5.0, 8.0, -8.0, 15.0, -15.0, 0]
Q: [0, 5.0, 0.0, 8.0, 0.0, 15.0, 0.0, 0]
B: [0.0, 24.0, 58.8425537813, 112.0, 124.021711775, 251.0, 257.94814406874, 270.60759812494]
