Avion: 7      Iteracion: 40

Num Ruta: 39
Ingresos: 72000.0
Costos: 166.015121397
Utilidad Ruta: 71833.9848786
Costo Reducido: 22.7768259153
Nodos: [107, 30, 70, 16, 56, 8, 48, 13, 53, 7, 4, 44, 47, 817]
q: [0, 11.0, -11.0, 11.0, -11.0, 8.0, -8.0, 15.0, -15.0, 10.0, 5.0, -5.0, -10.0, 0]
Q: [0, 11.0, 0.0, 11.0, 0.0, 8.0, 0.0, 15.0, 0.0, 10.0, 15.0, 10.0, 0.0, 0]
B: [0.0, 64.0, 82.7140226568, 93.53069441849999, 103.15478585614, 414.0, 434.768396616, 436.97907275691, 453.86222370691, 517.0, 529.0, 549.4257496801999, 550.5861237578099, 561.6532797159099]
