Avion: 5      Iteracion: 45

Num Ruta: 44
Ingresos: 108000.0
Costos: 333.302999858
Utilidad Ruta: 107666.697
Costo Reducido: 12.3097565809
Nodos: [105, 16, 56, 24, 64, 36, 76, 34, 74, 28, 68, 15, 55, 29, 69, 33, 73, 815]
q: [0, 11.0, -11.0, 14.0, -14.0, 15.0, -15.0, 12.0, -12.0, 8.0, -8.0, 11.0, -11.0, 9.0, -9.0, 10.0, -10.0, 0]
Q: [0, 11.0, 0.0, 14.0, 0.0, 15.0, 0.0, 12.0, 0.0, 8.0, 0.0, 11.0, 0.0, 9.0, 0.0, 10.0, 0.0, 0]
B: [0.0, 36.0, 45.624091437640004, 70.85029051714, 109.36324081964, 251.0, 257.94814406874, 283.0, 323.947598037, 378.0, 414.0266187839, 511.0, 527.4211666151, 549.0, 582.7797797802, 591.6312714624, 614.9347827, 632.6568844377]
