Avion: 5      Iteracion: 10

Num Ruta: 12
Ingresos: 172800.0
Costos: 619.535003901
Utilidad Ruta: 172180.464996
Costo Reducido: 246995.328963
Nodos: [105, 17, 57, 16, 56, 40, 80, 14, 54, 1, 41, 3, 43, 22, 62, 26, 66, 28, 68, 19, 59, 13, 53, 20, 38, 78, 60, 33, 27, 73, 67, 815]
q: [0.0, 5.0, -5.0, 11.0, -11.0, 15.0, -15.0, 8.0, -8.0, 7.0, -7.0, 15.0, -15.0, 10.0, -10.0, 13.0, -13.0, 8.0, -8.0, 7.0, -7.0, 15.0, -15.0, 10.0, 5.0, -5.0, -10.0, 9.0, 6.0, -9.0, -6.0, 0.0]
Q: [0.0, 5.0, 0.0, 11.0, 0.0, 15.0, 0.0, 8.0, 0.0, 7.0, 0.0, 15.0, 0.0, 10.0, 0.0, 13.0, 0.0, 8.0, 0.0, 7.0, 0.0, 15.0, 0.0, 10.0, 15.0, 10.0, 0.0, 9.0, 15.0, 6.0, 0.0, 0.0]
B: [0.0, 24.8000597782, 59.6426135595, 64.97425289464, 74.59834433228, 106.24710279138, 138.81654457348, 167.39494650568, 179.41665828068, 215.09838749888, 249.33847302738, 256.43502493657996, 261.51930669509994, 299.0, 320.7546861389, 357.0876895518, 374.6669175212, 385.0748345558, 421.1014533397, 433.6372466134, 460.2643629049, 464.49198221132, 481.37513316132004, 496.0, 498.08106943661, 530.9499560773099, 558.3269638028099, 569.1487631449099, 585.6013540655099, 592.8201074204899, 613.3868997080899, 629.58226265559]
