Avion: 4      Iteracion: 62

Num Ruta: 47
Ingresos: 98400.0
Costos: 347.537311231
Utilidad Ruta: 98052.4626888
Costo Reducido: 9.631597147
Nodos: [104, 17, 57, 40, 80, 26, 66, 22, 62, 19, 25, 65, 59, 20, 5, 45, 60, 2, 42, 814]
q: [0.0, 5.0, -5.0, 15.0, -15.0, 13.0, -13.0, 10.0, -10.0, 7.0, 8.0, -8.0, -7.0, 10.0, 5.0, -5.0, -10.0, 9.0, -9.0, 0.0]
Q: [0.0, 5.0, 0.0, 15.0, 0.0, 13.0, 0.0, 10.0, 0.0, 7.0, 15.0, 7.0, 0.0, 10.0, 15.0, 10.0, 0.0, 9.0, 0.0, 0.0]
B: [0.0, 24.0, 58.8425537813, 82.5415246028, 115.1109663849, 300.0, 317.5792279694, 331.2134086195, 352.9680947584, 402.0, 411.3920072402, 428.57698955029997, 445.3638459862, 496.0, 519.9123369832, 521.03402588838, 540.17366112528, 547.50395839074, 588.23892043814, 597.03656108777]
