Avion: 3      Iteracion: 81

Num Ruta: 64
Ingresos: 84000.0
Costos: 203.68832041
Utilidad Ruta: 83796.3116796
Costo Reducido: 3.35033701555
Nodos: [103, 24, 64, 36, 76, 15, 55, 20, 7, 4, 47, 44, 60, 37, 77, 813]
q: [0.0, 14.0, -14.0, 15.0, -15.0, 11.0, -11.0, 10.0, 5.0, 0.0, -5.0, 0.0, -10.0, 15.0, -15.0, 0.0]
Q: [0.0, 14.0, 0.0, 15.0, 0.0, 11.0, 0.0, 10.0, 15.0, 15.0, 10.0, 10.0, 0.0, 15.0, 0.0, 0.0]
B: [0.0, 61.0, 99.5129503025, 251.0, 257.94814406874, 511.0, 527.4211666151, 533.55501866744, 542.2979730879999, 552.6613463804999, 571.9337073672, 573.09408144481, 584.95530469541, 596.53282265051, 617.32747612201, 638.32927156911]
