Avion: 1      Iteracion: 2

Num Ruta: 5
Ingresos: 166800.0
Costos: 585.522491835
Utilidad Ruta: 166214.477508
Costo Reducido: 202961.673751
Nodos: [101, 17, 30, 57, 70, 24, 64, 1, 31, 71, 41, 36, 76, 3, 43, 23, 18, 63, 58, 39, 79, 28, 68, 25, 65, 15, 55, 4, 37, 77, 44, 811]
q: [0.0, 5.0, 10.0, -5.0, -10.0, 14.0, -14.0, 7.0, 6.0, -6.0, -7.0, 15.0, -15.0, 15.0, -15.0, 10.0, 5.0, -10.0, -5.0, 8.0, -8.0, 8.0, -8.0, 10.0, -10.0, 11.0, -11.0, 0.0, 15.0, -15.0, 0.0, 0.0]
Q: [0.0, 5.0, 15.0, 10.0, 0.0, 14.0, 0.0, 7.0, 13.0, 7.0, 0.0, 15.0, 0.0, 15.0, 0.0, 10.0, 15.0, 5.0, 0.0, 8.0, 0.0, 8.0, 0.0, 10.0, 0.0, 11.0, 0.0, 0.0, 15.0, 0.0, 0.0, 0.0]
B: [0.0, 36.0038629316, 69.6175745386, 72.76202902229, 88.85997454339, 113.59394543369, 152.10689573618998, 175.0, 183.89376197118, 197.19937597428, 230.76046369508, 264.70836732698, 271.65651139572003, 308.63654874022, 313.72083049874, 317.08331782214, 337.26226796824, 362.70157937794, 372.62711095061, 388.0, 410.632187455, 423.6226744744, 459.6492932583, 462.98267187466, 480.16765418476, 511.0, 527.4211666151, 532.99584588839, 562.0, 582.7946534714999, 608.9792769364, 633.9052949897999]
