Avion: 5      Iteracion: 31

Num Ruta: 32
Ingresos: 25200.0
Costos: 86.9416627393
Utilidad Ruta: 25113.0583373
Costo Reducido: 23.5864279935
Nodos: [105, 35, 75, 37, 77, 815]
q: [0, 6.0, -6.0, 15.0, -15.0, 0]
Q: [0, 6.0, 0.0, 15.0, 0.0, 0]
B: [0.0, 279.0, 298.9128833924, 562.0, 582.7946534714999, 604.4220983506]
