Avion: 2      Iteracion: 9

Num Ruta: 12
Ingresos: 97200.0
Costos: 362.221335417
Utilidad Ruta: 96837.7786646
Costo Reducido: 110810.356919
Nodos: [102, 30, 70, 16, 56, 10, 50, 22, 62, 32, 72, 5, 45, 7, 47, 29, 69, 812]
q: [0, 11.0, -11.0, 11.0, -11.0, 12.0, -12.0, 10.0, -10.0, 6.0, -6.0, 12.0, -12.0, 10.0, -10.0, 9.0, -9.0, 0]
Q: [0, 11.0, 0.0, 11.0, 0.0, 12.0, 0.0, 10.0, 0.0, 6.0, 0.0, 12.0, 0.0, 10.0, 0.0, 9.0, 0.0, 0]
B: [0.0, 64.0, 82.7140226568, 93.53069441849999, 103.15478585614, 118.98406306644, 148.50357380084, 299.0, 320.7546861389, 422.0, 449.8573558149, 474.79959087910004, 475.92127978428005, 517.0, 545.5413118129, 582.3531320477, 616.1329118279, 640.2577920349]
