Avion: 4      Iteracion: 75

Num Ruta: 53
Ingresos: 15600.0
Costos: 99.4827661746
Utilidad Ruta: 15500.5172338
Costo Reducido: 0.435432970989
Nodos: [104, 17, 57, 14, 54, 814]
q: [0, 5.0, -5.0, 8.0, -8.0, 0]
Q: [0, 5.0, 0.0, 8.0, 0.0, 0]
B: [0.0, 24.0, 58.8425537813, 112.0, 124.021711775, 152.0653828079]
