Avion: 1      Iteracion: 10

Num Ruta: 12
Ingresos: 141600.0
Costos: 580.126849686
Utilidad Ruta: 141019.87315
Costo Reducido: 210453.207152
Nodos: [101, 17, 57, 40, 80, 14, 54, 1, 41, 3, 43, 18, 22, 58, 62, 19, 8, 59, 48, 13, 53, 38, 78, 20, 7, 47, 60, 811]
q: [0.0, 5.0, -5.0, 15.0, -15.0, 8.0, -8.0, 7.0, -7.0, 15.0, -15.0, 5.0, 10.0, -5.0, -10.0, 7.0, 8.0, -7.0, -8.0, 15.0, -15.0, 8.0, -8.0, 10.0, 5.0, -5.0, -10.0, 0.0]
Q: [0.0, 5.0, 0.0, 15.0, 0.0, 8.0, 0.0, 7.0, 0.0, 15.0, 0.0, 5.0, 15.0, 10.0, 0.0, 7.0, 15.0, 8.0, 0.0, 15.0, 0.0, 8.0, 0.0, 10.0, 15.0, 10.0, 0.0, 0.0]
B: [0.0, 36.0038629316, 70.8464167129, 94.54538753439999, 127.11482931649999, 155.6932312487, 167.7149430237, 203.39667224189998, 237.63675777039998, 256.0, 261.08428175852, 293.0, 302.68569016643, 318.16853757893, 355.06934587633, 402.0, 425.1608815463, 443.1178409771, 446.04596016866, 448.25663630956996, 465.13978725956997, 480.0, 512.8688866407, 547.495222124, 556.2381765445599, 584.7794883574599, 597.7431729031598, 632.6329906298598]
