Avion: 1      Iteracion: 13

Num Ruta: 14
Ingresos: 154800.0
Costos: 516.307237159
Utilidad Ruta: 154283.692763
Costo Reducido: 1487.15969771
Nodos: [101, 9, 49, 12, 16, 56, 52, 31, 71, 3, 43, 36, 76, 34, 74, 28, 68, 19, 32, 59, 13, 72, 53, 15, 55, 7, 27, 67, 47, 811]
q: [0.0, 11.0, -11.0, 14.0, 0.0, 0.0, -14.0, 6.0, -6.0, 15.0, -15.0, 15.0, -15.0, 12.0, -12.0, 8.0, -8.0, 7.0, 6.0, -7.0, 9.0, -6.0, -9.0, 11.0, -11.0, 9.0, 6.0, -6.0, -9.0, 0.0]
Q: [0.0, 11.0, 0.0, 14.0, 14.0, 14.0, 0.0, 6.0, 0.0, 15.0, 0.0, 15.0, 0.0, 12.0, 0.0, 8.0, 0.0, 7.0, 13.0, 6.0, 15.0, 9.0, 0.0, 11.0, 0.0, 9.0, 15.0, 9.0, 0.0, 0.0]
B: [0.0, 28.0, 57.5272370025, 68.3142737596, 92.64912302970001, 102.27321446734001, 122.50949735234002, 143.42683073884, 156.73244474194001, 256.0, 261.08428175852, 296.00374706082, 302.95189112956, 316.67163912286003, 357.61923715986, 378.0, 414.0266187839, 426.5624120576, 438.27732669659997, 457.84979738889996, 462.07741669532, 475.91959647312, 479.99054685356003, 511.0, 527.4211666151, 538.3259061809999, 565.9892295533, 583.0200919214, 587.4200124888599, 611.76302832506]
