Avion: 4      Iteracion: 52

Num Ruta: 44
Ingresos: 25200.0
Costos: 107.394211329
Utilidad Ruta: 25092.6057887
Costo Reducido: 2.12579764607
Nodos: [104, 17, 57, 14, 54, 11, 51, 814]
q: [0, 5.0, -5.0, 8.0, -8.0, 8.0, -8.0, 0]
Q: [0, 5.0, 0.0, 8.0, 0.0, 8.0, 0.0, 0]
B: [0.0, 24.0, 58.8425537813, 112.0, 124.021711775, 169.0, 173.05406684701, 175.50668707852]
