Avion: 3      Iteracion: 31

Num Ruta: 32
Ingresos: 108000.0
Costos: 362.387737139
Utilidad Ruta: 107637.612263
Costo Reducido: 38.7250637549
Nodos: [103, 40, 80, 1, 41, 3, 43, 19, 25, 65, 8, 59, 48, 20, 7, 47, 60, 2, 33, 73, 42, 813]
q: [0.0, 15.0, -15.0, 7.0, -7.0, 15.0, -15.0, 7.0, 8.0, -8.0, 8.0, -7.0, -8.0, 10.0, 5.0, -5.0, -10.0, 9.0, 6.0, -6.0, -9.0, 0.0]
Q: [0.0, 15.0, 0.0, 7.0, 0.0, 15.0, 0.0, 7.0, 15.0, 7.0, 15.0, 8.0, 0.0, 10.0, 15.0, 10.0, 0.0, 9.0, 15.0, 9.0, 0.0, 0.0]
B: [0.0, 62.0, 94.5694417821, 175.0, 209.2400855285, 256.0, 261.08428175852, 402.0, 411.3920072402, 428.57698955029997, 454.39758940779996, 472.35454883859995, 475.2826680301599, 496.0, 517.0, 545.5413118129, 558.5049963585999, 565.8352936240599, 579.6208945540599, 602.9244057916599, 621.4431898230598, 635.8009585912598]
