Avion: 6      Iteracion: 50

Num Ruta: 49
Ingresos: 97200.0
Costos: 297.853861461
Utilidad Ruta: 96902.1461385
Costo Reducido: 4.60548931629
Nodos: [106, 30, 16, 56, 70, 40, 80, 31, 11, 71, 51, 34, 74, 39, 28, 79, 68, 25, 65, 816]
q: [0.0, 11.0, 4.0, -4.0, -11.0, 15.0, -15.0, 6.0, 8.0, -6.0, -8.0, 12.0, -12.0, 8.0, 7.0, -8.0, -7.0, 10.0, -10.0, 0.0]
Q: [0.0, 11.0, 15.0, 11.0, 0.0, 15.0, 0.0, 6.0, 14.0, 8.0, 0.0, 12.0, 0.0, 8.0, 15.0, 7.0, 0.0, 10.0, 0.0, 0.0]
B: [0.0, 64.0, 72.20259129788, 81.82668273552001, 84.69783929691, 115.50769336991, 148.07713515201, 171.41562415621, 184.59835335011, 185.077232249207, 188.77161081670698, 283.0, 323.947598037, 388.0, 399.3210123222, 412.3114993416, 448.3244104708, 451.65778908716, 468.84277139726, 476.51257817449]
