Avion: 3      Iteracion: 74

Num Ruta: 62
Ingresos: 28800.0
Costos: 103.92160508
Utilidad Ruta: 28696.0783949
Costo Reducido: 1.0372498328
Nodos: [103, 40, 80, 2, 42, 813]
q: [0, 15.0, -15.0, 9.0, -9.0, 0]
Q: [0, 15.0, 0.0, 9.0, 0.0, 0]
B: [0.0, 62.0, 94.5694417821, 522.0, 562.7349620474, 577.0927308156]
