Avion: 3      Iteracion: 37

Num Ruta: 38
Ingresos: 84000.0
Costos: 306.889790867
Utilidad Ruta: 83693.1102091
Costo Reducido: 32.8741785326
Nodos: [103, 9, 49, 40, 80, 22, 62, 32, 8, 48, 6, 46, 72, 29, 27, 69, 67, 813]
q: [0, 11.0, -11.0, 15.0, -15.0, 10.0, -10.0, 6.0, 8.0, -8.0, 5.0, -5.0, -6.0, 9.0, 6.0, -9.0, -6.0, 0]
Q: [0, 11.0, 0.0, 15.0, 0.0, 10.0, 0.0, 6.0, 14.0, 6.0, 11.0, 6.0, 0.0, 9.0, 15.0, 6.0, 0.0, 0]
B: [0.0, 28.0, 57.5272370025, 86.4860319533, 119.0554737354, 299.0, 320.7546861389, 422.0, 433.4468981388, 454.2152947548, 463.40596638423006, 467.09825578242004, 489.75562743052006, 549.0, 574.6018082369, 582.8182362320799, 598.26561380888, 620.66352757338]
