Avion: 5      Iteracion: 19

Num Ruta: 21
Ingresos: 153600.0
Costos: 443.527472865
Utilidad Ruta: 153156.472527
Costo Reducido: 180.168395703
Nodos: [105, 30, 16, 56, 70, 24, 64, 11, 51, 34, 74, 28, 39, 68, 19, 59, 79, 13, 53, 20, 38, 45, 5, 78, 60, 37, 77, 815]
q: [0.0, 11.0, 4.0, -4.0, -11.0, 14.0, -14.0, 8.0, -8.0, 12.0, -12.0, 8.0, 7.0, -8.0, 7.0, -7.0, -7.0, 15.0, -15.0, 7.0, 8.0, -12.0, 12.0, -8.0, -7.0, 15.0, -15.0, 0.0]
Q: [0.0, 11.0, 15.0, 11.0, 0.0, 14.0, 0.0, 8.0, 0.0, 12.0, 0.0, 8.0, 15.0, 7.0, 14.0, 7.0, 0.0, 15.0, 0.0, 7.0, 15.0, 3.0, 15.0, 7.0, 0.0, 15.0, 0.0, 0.0]
B: [0.0, 64.0, 72.20259129788, 81.82668273552001, 84.69783929691, 109.43181018721, 147.94476048971, 169.0, 173.05406684701, 283.0, 323.947598037, 378.0, 389.3210123222, 420.750419714, 433.28621298769997, 459.91332927919996, 466.22853133455993, 469.4604651210099, 486.34361607100993, 500.2742013064099, 502.3552707430199, 523.9369634477199, 525.0586523528999, 549.8892011385999, 577.2662088640999, 588.8437268191999, 609.6383802906998, 631.2658251697999]
