Avion: 4      Iteracion: 24

Num Ruta: 25
Ingresos: 120000.0
Costos: 405.81205694
Utilidad Ruta: 119594.187943
Costo Reducido: 173.696995276
Nodos: [104, 17, 57, 24, 64, 10, 50, 26, 66, 22, 62, 8, 48, 6, 46, 5, 45, 4, 7, 47, 27, 67, 44, 814]
q: [0, 5.0, -5.0, 14.0, -14.0, 12.0, -12.0, 13.0, -13.0, 10.0, -10.0, 8.0, -8.0, 5.0, -5.0, 12.0, -12.0, 5.0, 10.0, -10.0, 6.0, -6.0, -5.0, 0]
Q: [0, 5.0, 0.0, 14.0, 0.0, 12.0, 0.0, 13.0, 0.0, 10.0, 0.0, 8.0, 0.0, 5.0, 0.0, 12.0, 0.0, 5.0, 15.0, 5.0, 11.0, 5.0, 0.0, 0]
B: [0.0, 24.0, 58.8425537813, 75.400837086, 113.9137873885, 125.6997180688, 155.2192288032, 300.0, 317.5792279694, 331.2134086195, 352.9680947584, 414.0, 434.768396616, 443.95906824543, 447.65135764362, 469.0, 470.12168890518, 529.0, 539.3633732925, 567.9046851054, 583.7444599774999, 600.7753223455999, 606.1905808805199, 644.7495817104199]
