Avion: 4      Iteracion: 41

Num Ruta: 36
Ingresos: 42000.0
Costos: 212.137540099
Utilidad Ruta: 41787.8624599
Costo Reducido: 17.4938499362
Nodos: [104, 1, 41, 8, 48, 6, 46, 38, 21, 78, 61, 814]
q: [0.0, 7.0, -7.0, 8.0, -8.0, 5.0, -5.0, 8.0, 7.0, -8.0, -7.0, 0.0]
Q: [0.0, 7.0, 0.0, 8.0, 0.0, 5.0, 0.0, 8.0, 15.0, 7.0, 0.0, 0.0]
B: [0.0, 175.0, 209.2400855285, 414.0, 434.768396616, 443.95906824543, 447.65135764362, 480.0, 486.82291294097, 525.3346514111701, 532.4045799822401, 578.1830545090401]
