Avion: 7      Iteracion: 17

Num Ruta: 21
Ingresos: 165600.0
Costos: 451.75604177
Utilidad Ruta: 165148.243958
Costo Reducido: 194.407658859
Nodos: [107, 9, 40, 49, 30, 80, 70, 14, 54, 3, 43, 18, 36, 76, 34, 58, 74, 39, 28, 79, 13, 53, 68, 15, 21, 55, 20, 61, 60, 37, 77, 817]
q: [0.0, 11.0, 4.0, -11.0, 11.0, -4.0, -11.0, 8.0, -8.0, 15.0, -15.0, 3.0, 12.0, -12.0, 12.0, -3.0, -12.0, 7.0, 8.0, -7.0, 7.0, -7.0, -8.0, 10.0, 5.0, -10.0, 10.0, -5.0, -10.0, 15.0, -15.0, 0.0]
Q: [0.0, 11.0, 15.0, 4.0, 15.0, 11.0, 0.0, 8.0, 0.0, 15.0, 0.0, 3.0, 15.0, 3.0, 15.0, 12.0, 0.0, 7.0, 15.0, 8.0, 15.0, 8.0, 0.0, 10.0, 15.0, 5.0, 15.0, 10.0, 0.0, 15.0, 0.0, 0.0]
B: [0.0, 28.0348110926, 62.0, 90.9587949508, 106.7466952862, 125.68974556859999, 127.73504505766999, 155.53098571457, 167.55269748957, 256.0, 261.08428175852, 293.0, 306.9670306436, 313.91517471234005, 327.63492270564007, 355.86696018084007, 371.0195898206401, 388.0, 399.3210123222, 412.3114993416, 423.0, 439.88315095, 462.92158097460003, 511.0, 516.67223351071, 527.47150163401, 533.60535368635, 570.03064540785, 590.63006603075, 602.20758398585, 623.00223745735, 638.57662582415]
