Avion: 3      Iteracion: 21

Num Ruta: 23
Ingresos: 97200.0
Costos: 357.674729051
Utilidad Ruta: 96842.3252709
Costo Reducido: 155.349002101
Nodos: [103, 40, 80, 30, 70, 23, 18, 58, 63, 22, 62, 32, 25, 72, 65, 20, 7, 47, 60, 813]
q: [0.0, 15.0, -15.0, 11.0, -11.0, 10.0, 5.0, -5.0, -10.0, 10.0, -10.0, 6.0, 9.0, -6.0, -9.0, 10.0, 5.0, -5.0, -10.0, 0.0]
Q: [0.0, 15.0, 0.0, 11.0, 0.0, 10.0, 15.0, 10.0, 0.0, 10.0, 0.0, 6.0, 15.0, 9.0, 0.0, 10.0, 15.0, 10.0, 0.0, 0.0]
B: [0.0, 62.0, 94.5694417821, 113.51249206450001, 132.22651472130002, 267.0, 293.0, 316.8182362487, 326.74376782137, 342.50019181287, 364.25487795177, 422.0, 442.6664482919, 469.8986961242, 480.8837643989, 496.0, 517.0, 545.5413118129, 558.5049963585999, 596.8778676219999]
