Avion: 7      Iteracion: 46

Num Ruta: 44
Ingresos: 75600.0
Costos: 207.455047516
Utilidad Ruta: 75392.5449525
Costo Reducido: 5.27264138318
Nodos: [107, 14, 54, 3, 43, 22, 62, 19, 8, 59, 48, 4, 7, 44, 47, 817]
q: [0, 8.0, -8.0, 15.0, -15.0, 10.0, -10.0, 7.0, 8.0, -7.0, -8.0, 5.0, 10.0, -5.0, -10.0, 0]
Q: [0, 8.0, 0.0, 15.0, 0.0, 10.0, 0.0, 7.0, 15.0, 8.0, 0.0, 5.0, 15.0, 10.0, 0.0, 0]
B: [0.0, 112.0, 124.021711775, 256.0, 261.08428175852, 299.0, 320.7546861389, 402.0, 425.1608815463, 443.1178409771, 446.04596016866, 529.0, 539.3633732925, 569.0610398002, 570.2214138778099, 581.2885698359099]
