Avion: 7      Iteracion: 13

Num Ruta: 17
Ingresos: 40800.0
Costos: 186.414981554
Utilidad Ruta: 40613.5850184
Costo Reducido: 622.791786444
Nodos: [107, 9, 49, 34, 74, 15, 55, 817]
q: [0, 11.0, -11.0, 12.0, -12.0, 11.0, -11.0, 0]
Q: [0, 11.0, 0.0, 12.0, 0.0, 11.0, 0.0, 0]
B: [0.0, 28.0348110926, 57.562048095099996, 283.0, 323.947598037, 511.0, 527.4211666151, 546.7033011441999]
