Avion: 4      Iteracion: 16

Num Ruta: 17
Ingresos: 82800.0
Costos: 366.302356276
Utilidad Ruta: 82433.6976437
Costo Reducido: 188.837105347
Nodos: [104, 17, 57, 24, 64, 34, 74, 39, 79, 19, 8, 59, 48, 2, 33, 73, 42, 814]
q: [0.0, 5.0, -5.0, 14.0, -14.0, 12.0, -12.0, 8.0, -8.0, 7.0, 8.0, -7.0, -8.0, 9.0, 6.0, -6.0, -9.0, 0.0]
Q: [0.0, 5.0, 0.0, 14.0, 0.0, 12.0, 0.0, 8.0, 0.0, 7.0, 15.0, 8.0, 0.0, 9.0, 15.0, 9.0, 0.0, 0.0]
B: [0.0, 24.0, 58.8425537813, 75.400837086, 113.9137873885, 283.0, 323.947598037, 388.0, 410.632187455, 442.163332772, 465.3242143183, 483.2811737491, 486.20929294065996, 522.0, 562.0, 585.3035112376, 603.8222952689999, 612.61993591863]
