Avion: 1      Iteracion: 23

Num Ruta: 23
Ingresos: 109200.0
Costos: 316.052173748
Utilidad Ruta: 108883.947826
Costo Reducido: 89.8012604935
Nodos: [101, 30, 16, 56, 70, 14, 54, 3, 43, 18, 58, 28, 68, 21, 61, 27, 67, 37, 77, 811]
q: [0.0, 4.0, 11.0, -11.0, -4.0, 8.0, -8.0, 15.0, -15.0, 11.0, -11.0, 8.0, -8.0, 13.0, -13.0, 6.0, -6.0, 15.0, -15.0, 0.0]
Q: [0.0, 4.0, 15.0, 4.0, 0.0, 8.0, 0.0, 15.0, 0.0, 11.0, 0.0, 8.0, 0.0, 13.0, 0.0, 6.0, 0.0, 15.0, 0.0, 0.0]
B: [0.0, 64.0, 72.20259129788, 81.82668273552001, 84.69783929691, 112.49377995381, 124.51549172881, 256.0, 261.08428175852, 293.0, 316.8182362487, 378.0, 414.0266187839, 477.0, 517.7387906792, 538.0, 555.0308623681, 562.0, 582.7946534714999, 625.7592471969999]
