Avion: 2      Iteracion: 62

Num Ruta: 55
Ingresos: 52800.0
Costos: 100.864513888
Utilidad Ruta: 52699.1354861
Costo Reducido: 3.87184519321
Nodos: [102, 31, 11, 51, 71, 36, 76, 29, 27, 69, 67, 812]
q: [0, 6.0, 8.0, -8.0, -6.0, 15.0, -15.0, 9.0, 6.0, -9.0, -6.0, 0]
Q: [0, 6.0, 14.0, 6.0, 0.0, 15.0, 0.0, 9.0, 15.0, 6.0, 0.0, 0]
B: [0.0, 130.0, 169.0, 173.05406684701, 176.74844541451, 251.0, 257.94814406874, 549.0, 574.6018082369, 582.8182362320799, 598.26561380888, 611.68202007138]
