Avion: 4      Iteracion: 71

Num Ruta: 52
Ingresos: 64800.0
Costos: 222.207199869
Utilidad Ruta: 64577.7928001
Costo Reducido: 2.9436330934
Nodos: [104, 17, 57, 40, 80, 14, 54, 3, 43, 18, 58, 814]
q: [0, 5.0, -5.0, 15.0, -15.0, 8.0, -8.0, 15.0, -15.0, 11.0, -11.0, 0]
Q: [0, 5.0, 0.0, 15.0, 0.0, 8.0, 0.0, 15.0, 0.0, 11.0, 0.0, 0]
B: [0.0, 24.0, 58.8425537813, 82.5415246028, 115.1109663849, 143.6893683171, 155.7110800921, 256.0, 261.08428175852, 293.0, 316.8182362487, 341.32495271579995]
