Avion: 5      Iteracion: 64

Num Ruta: 55
Ingresos: 45600.0
Costos: 141.523190712
Utilidad Ruta: 45458.4768093
Costo Reducido: 5.02139882487
Nodos: [105, 26, 66, 38, 21, 78, 61, 33, 73, 815]
q: [0.0, 13.0, -13.0, 2.0, 13.0, -2.0, -13.0, 10.0, -10.0, 0.0]
Q: [0.0, 13.0, 0.0, 2.0, 15.0, 13.0, 0.0, 10.0, 0.0, 0.0]
B: [0.0, 300.0, 317.5792279694, 480.0, 486.82291294097, 525.3346514111701, 532.4045799822401, 562.0, 585.3035112376, 603.0256129753]
