Avion: 5      Iteracion: 3

Num Ruta: 7
Ingresos: 186000.0
Costos: 552.645145372
Utilidad Ruta: 185447.354855
Costo Reducido: 337837.815288
Nodos: [105, 16, 56, 12, 52, 31, 14, 54, 71, 36, 76, 34, 74, 26, 66, 28, 68, 25, 65, 13, 53, 21, 38, 45, 5, 78, 61, 33, 73, 27, 67, 815]
q: [0.0, 11.0, -11.0, 14.0, -14.0, 6.0, 8.0, -8.0, -6.0, 15.0, -15.0, 12.0, -12.0, 13.0, -13.0, 8.0, -8.0, 10.0, -10.0, 15.0, -15.0, 13.0, 2.0, -12.0, 12.0, -2.0, -13.0, 10.0, -10.0, 6.0, -6.0, 0.0]
Q: [0.0, 11.0, 0.0, 14.0, 0.0, 6.0, 14.0, 6.0, 0.0, 15.0, 0.0, 12.0, 0.0, 13.0, 0.0, 8.0, 0.0, 10.0, 0.0, 15.0, 0.0, 13.0, 15.0, 3.0, 15.0, 13.0, 0.0, 10.0, 0.0, 6.0, 0.0, 0.0]
B: [0.0, 36.0, 45.624091437640004, 79.57799432084, 122.92591858484, 143.84325197134, 161.36293438854, 173.38464616354, 202.45020313394, 251.0, 257.94814406874, 283.0, 323.947598037, 358.0226741044, 375.6019020738, 386.0098191084, 422.0364378923, 425.36981650866, 442.55479881876, 458.55585928365997, 475.43901023366, 490.95040662466, 497.77331956563, 519.35501227033, 520.47670117551, 545.30724996121, 552.37717853228, 562.53272347088, 585.83623470848, 593.05498806346, 610.08585043156, 626.28121337906]
