Avion: 7      Iteracion: 6

Num Ruta: 10
Ingresos: 164400.0
Costos: 589.235727831
Utilidad Ruta: 163810.764272
Costo Reducido: 168488.327692
Nodos: [107, 9, 49, 24, 64, 14, 54, 1, 41, 3, 43, 23, 26, 66, 63, 18, 58, 39, 79, 28, 68, 25, 65, 21, 38, 78, 61, 4, 7, 47, 44, 817]
q: [0.0, 11.0, -11.0, 14.0, -14.0, 8.0, -8.0, 7.0, -7.0, 15.0, -15.0, 10.0, 5.0, -5.0, -10.0, 11.0, -11.0, 8.0, -8.0, 8.0, -8.0, 10.0, -10.0, 13.0, 2.0, -2.0, -13.0, 5.0, 10.0, -10.0, -5.0, 0.0]
Q: [0.0, 11.0, 0.0, 14.0, 0.0, 8.0, 0.0, 7.0, 0.0, 15.0, 0.0, 10.0, 15.0, 10.0, 0.0, 11.0, 0.0, 8.0, 0.0, 8.0, 0.0, 10.0, 0.0, 13.0, 15.0, 13.0, 0.0, 5.0, 15.0, 5.0, 0.0, 0.0]
B: [0.0, 28.0348110926, 57.562048095099996, 81.7022979902, 120.2152482927, 148.8616175914, 160.8833293664, 196.5650585846, 230.8051441131, 256.0, 261.08428175852, 267.0, 301.4413435423, 319.0205715117, 322.08764389428, 347.52695530398, 371.34519155268, 388.0, 410.632187455, 423.6226744744, 459.6492932583, 462.98267187466, 480.16765418476, 488.33636766976, 495.15928061073004, 528.02816725143, 535.0980958225, 564.2678932335, 574.631266526, 603.1725783388999, 604.3329524165099, 616.3330384579099]
