Avion: 4      Iteracion: 14

Num Ruta: 15
Ingresos: 50400.0
Costos: 278.889918887
Utilidad Ruta: 50121.1100811
Costo Reducido: 124.495340778
Nodos: [104, 17, 57, 1, 41, 8, 19, 48, 59, 38, 21, 78, 61, 814]
q: [0.0, 5.0, -5.0, 7.0, -7.0, 8.0, 7.0, -8.0, -7.0, 8.0, 7.0, -8.0, -7.0, 0.0]
Q: [0.0, 5.0, 0.0, 7.0, 0.0, 8.0, 15.0, 7.0, 0.0, 8.0, 15.0, 7.0, 0.0, 0.0]
B: [0.0, 24.0, 58.8425537813, 175.0, 209.2400855285, 414.0, 437.1608815463, 466.0513395558, 468.97945874735996, 485.79252913915997, 492.61544208013, 531.12718055033, 538.1971091214, 583.9755836482]
