Avion: 2      Iteracion: 18

Num Ruta: 20
Ingresos: 66000.0
Costos: 291.619248277
Utilidad Ruta: 65708.3807517
Costo Reducido: 168.53154468
Nodos: [102, 40, 80, 35, 23, 75, 63, 25, 65, 29, 27, 69, 67, 812]
q: [0.0, 15.0, -15.0, 6.0, 9.0, -6.0, -9.0, 10.0, -10.0, 9.0, 6.0, -9.0, -6.0, 0.0]
Q: [0.0, 15.0, 0.0, 6.0, 15.0, 9.0, 0.0, 10.0, 0.0, 9.0, 15.0, 6.0, 0.0, 0.0]
B: [0.0, 62.0, 94.5694417821, 279.0, 319.4405515417, 350.23031182010004, 362.84885729890004, 410.0, 427.1849823101, 549.0, 574.6018082369, 582.8182362320799, 598.26561380888, 611.68202007138]
