Avion: 6      Iteracion: 55

Num Ruta: 54
Ingresos: 111600.0
Costos: 348.580532824
Utilidad Ruta: 111251.419467
Costo Reducido: 10.4906053799
Nodos: [106, 16, 56, 24, 64, 31, 11, 71, 51, 34, 74, 28, 68, 25, 65, 20, 7, 47, 60, 2, 42, 816]
q: [0.0, 11.0, -11.0, 14.0, -14.0, 6.0, 8.0, -6.0, -8.0, 12.0, -12.0, 8.0, -8.0, 10.0, -10.0, 10.0, 5.0, -5.0, -10.0, 9.0, -9.0, 0.0]
Q: [0.0, 11.0, 0.0, 14.0, 0.0, 6.0, 14.0, 8.0, 0.0, 12.0, 0.0, 8.0, 0.0, 10.0, 0.0, 10.0, 15.0, 10.0, 0.0, 9.0, 0.0, 0.0]
B: [0.0, 36.0, 45.624091437640004, 70.85029051714, 109.36324081964, 130.0, 169.0, 169.478878899097, 173.173257466597, 283.0, 323.947598037, 378.0, 414.0266187839, 417.35999740026, 434.54497971036, 496.0, 517.0, 545.5413118129, 558.5049963585999, 565.8352936240599, 606.5702556714599, 616.2903559281399]
