Avion: 1      Iteracion: 29

Num Ruta: 28
Ingresos: 58800.0
Costos: 191.037219063
Utilidad Ruta: 58608.9627809
Costo Reducido: 23.5446965014
Nodos: [101, 18, 58, 28, 68, 15, 55, 38, 4, 78, 27, 67, 44, 811]
q: [0, 11.0, -11.0, 8.0, -8.0, 11.0, -11.0, 8.0, 5.0, -8.0, 6.0, -6.0, -5.0, 0]
Q: [0, 11.0, 0.0, 8.0, 0.0, 11.0, 0.0, 8.0, 13.0, 5.0, 11.0, 5.0, 0.0, 0]
B: [0.0, 293.0, 316.8182362487, 378.0, 414.0266187839, 511.0, 527.4211666151, 531.5084323270399, 539.84233273441, 568.96203206321, 580.4977593918101, 597.52862175991, 602.94388029483, 627.86989834823]
