Avion: 1      Iteracion: 39

Num Ruta: 38
Ingresos: 62400.0
Costos: 216.744915949
Utilidad Ruta: 62183.2550841
Costo Reducido: 2.31265651746
Nodos: [101, 30, 16, 56, 70, 40, 80, 1, 41, 23, 18, 63, 58, 811]
q: [0.0, 4.0, 11.0, -11.0, -4.0, 15.0, -15.0, 7.0, -7.0, 10.0, 5.0, -10.0, -5.0, 0.0]
Q: [0.0, 4.0, 15.0, 4.0, 0.0, 15.0, 0.0, 7.0, 0.0, 10.0, 15.0, 5.0, 0.0, 0.0]
B: [0.0, 64.0, 72.20259129788, 81.82668273552001, 84.69783929691, 115.50769336991, 148.07713515201, 175.0, 209.2400855285, 267.0, 293.0, 318.4393114097, 328.36484298237, 335.68291848075]
