Avion: 2      Iteracion: 7

Num Ruta: 10
Ingresos: 147600.0
Costos: 544.381995084
Utilidad Ruta: 147055.618005
Costo Reducido: 299261.707752
Nodos: [102, 12, 52, 30, 70, 14, 54, 11, 51, 36, 76, 34, 74, 22, 62, 32, 25, 72, 65, 38, 5, 45, 78, 29, 27, 67, 69, 812]
q: [0.0, 14.0, -14.0, 11.0, -11.0, 8.0, -8.0, 8.0, -8.0, 15.0, -15.0, 12.0, -12.0, 10.0, -10.0, 5.0, 10.0, -5.0, -10.0, 8.0, 7.0, -7.0, -8.0, 9.0, 6.0, -6.0, -9.0, 0.0]
Q: [0.0, 14.0, 0.0, 11.0, 0.0, 8.0, 0.0, 8.0, 0.0, 15.0, 0.0, 12.0, 0.0, 10.0, 0.0, 5.0, 15.0, 10.0, 0.0, 8.0, 15.0, 8.0, 0.0, 9.0, 15.0, 9.0, 0.0, 0.0]
B: [0.0, 54.0, 97.347924264, 122.72227077779999, 141.4362934346, 169.2322340915, 181.2539458665, 210.7023749757, 214.75644182271, 251.0, 257.94814406874, 283.0, 323.947598037, 353.69889745399996, 375.4535835929, 422.0, 442.6664482919, 469.8986961242, 480.8837643989, 485.20542715760996, 507.10784643040995, 508.22953533558996, 534.1240666694899, 568.52024232899, 594.1220505658899, 611.1529129339899, 626.6002905107899, 650.72517071779]
