Avion: 1      Iteracion: 53

Num Ruta: 45
Ingresos: 106800.0
Costos: 352.207426075
Utilidad Ruta: 106447.792574
Costo Reducido: 6.33402071762
Nodos: [101, 24, 64, 1, 41, 3, 43, 23, 18, 58, 63, 28, 68, 25, 19, 59, 65, 29, 7, 47, 69, 811]
q: [0.0, 14.0, -14.0, 7.0, -7.0, 15.0, -15.0, 10.0, 5.0, -5.0, -10.0, 8.0, -8.0, 8.0, 7.0, -7.0, -8.0, 9.0, 6.0, -6.0, -9.0, 0.0]
Q: [0.0, 14.0, 0.0, 7.0, 0.0, 15.0, 0.0, 10.0, 15.0, 10.0, 0.0, 8.0, 0.0, 8.0, 15.0, 8.0, 0.0, 9.0, 15.0, 9.0, 0.0, 0.0]
B: [0.0, 61.0, 99.5129503025, 175.0, 209.2400855285, 256.0, 261.08428175852, 267.0, 293.0, 316.8182362487, 326.74376782137, 378.0, 414.0266187839, 417.35999740026, 426.75200464046, 453.37912093195996, 470.16597736785997, 549.0, 570.2768523283, 598.8181641412, 611.1149679942, 627.1331428278]
