Avion: 6      Iteracion: 21

Num Ruta: 24
Ingresos: 90000.0
Costos: 344.673335015
Utilidad Ruta: 89655.326665
Costo Reducido: 161.239312241
Nodos: [106, 17, 30, 57, 16, 56, 70, 40, 80, 23, 18, 58, 63, 22, 62, 32, 25, 72, 65, 816]
q: [0.0, 5.0, 10.0, -5.0, 5.0, -5.0, -10.0, 15.0, -15.0, 10.0, 5.0, -5.0, -10.0, 10.0, -10.0, 6.0, 9.0, -6.0, -9.0, 0.0]
Q: [0.0, 5.0, 15.0, 10.0, 15.0, 10.0, 0.0, 15.0, 0.0, 10.0, 15.0, 10.0, 0.0, 10.0, 0.0, 6.0, 15.0, 9.0, 0.0, 0.0]
B: [0.0, 34.2933399948, 67.90705160179999, 71.05150608548999, 76.38314542062999, 86.00723685826999, 88.87839341965999, 119.68824749265998, 152.25768927475997, 267.0, 293.0, 316.8182362487, 326.74376782137, 342.50019181287, 364.25487795177, 422.0, 442.6664482919, 469.8986961242, 480.8837643989, 488.55357117613]
