Avion: 7      Iteracion: 32

Num Ruta: 33
Ingresos: 67200.0
Costos: 232.941492707
Utilidad Ruta: 66967.0585073
Costo Reducido: 12.7569077219
Nodos: [107, 14, 54, 23, 63, 28, 68, 19, 8, 59, 48, 4, 7, 44, 47, 817]
q: [0, 8.0, -8.0, 10.0, -10.0, 8.0, -8.0, 7.0, 8.0, -7.0, -8.0, 5.0, 10.0, -5.0, -10.0, 0]
Q: [0, 8.0, 0.0, 10.0, 0.0, 8.0, 0.0, 7.0, 15.0, 8.0, 0.0, 5.0, 15.0, 10.0, 0.0, 0]
B: [0.0, 112.0, 124.021711775, 267.0, 306.733842905, 378.0, 414.0266187839, 426.5624120576, 449.7232936039, 467.6802530347, 470.60837222626, 529.0, 539.3633732925, 569.0610398002, 570.2214138778099, 581.2885698359099]
