Avion: 5      Iteracion: 28

Num Ruta: 29
Ingresos: 111600.0
Costos: 366.838273515
Utilidad Ruta: 111233.161726
Costo Reducido: 94.0171012864
Nodos: [105, 17, 57, 40, 80, 31, 71, 36, 76, 34, 74, 22, 62, 7, 4, 44, 47, 37, 77, 815]
q: [0, 5.0, -5.0, 15.0, -15.0, 6.0, -6.0, 15.0, -15.0, 12.0, -12.0, 10.0, -10.0, 10.0, 5.0, -5.0, -10.0, 15.0, -15.0, 0]
Q: [0, 5.0, 0.0, 15.0, 0.0, 6.0, 0.0, 15.0, 0.0, 12.0, 0.0, 10.0, 0.0, 10.0, 15.0, 10.0, 0.0, 15.0, 0.0, 0]
B: [0.0, 24.8000597782, 59.6426135595, 83.341584381, 115.9110261631, 139.2495151673, 152.5551291704, 251.0, 257.94814406874, 283.0, 323.947598037, 353.69889745399996, 375.4535835929, 517.0, 529.0, 549.4257496801999, 550.5861237578099, 562.0, 582.7946534714999, 604.4220983506]
