Avion: 7      Iteracion: 19

Num Ruta: 23
Ingresos: 86400.0
Costos: 295.433706348
Utilidad Ruta: 86104.5662937
Costo Reducido: 140.029709961
Nodos: [107, 34, 74, 39, 79, 13, 53, 38, 78, 29, 4, 69, 44, 37, 77, 817]
q: [0, 12.0, -12.0, 8.0, -8.0, 15.0, -15.0, 8.0, -8.0, 9.0, 5.0, -9.0, -5.0, 15.0, -15.0, 0]
Q: [0, 12.0, 0.0, 8.0, 0.0, 15.0, 0.0, 8.0, 0.0, 9.0, 14.0, 5.0, 0.0, 15.0, 0.0, 0]
B: [0.0, 283.0, 323.947598037, 388.0, 410.632187455, 423.0, 439.88315095, 480.0, 512.8688866407, 549.0, 569.7100026316, 592.5834067727, 604.8024778094, 611.86684989756, 632.66150336906, 648.23589173586]
