Avion: 1      Iteracion: 18

Num Ruta: 19
Ingresos: 114000.0
Costos: 429.342715314
Utilidad Ruta: 113570.657285
Costo Reducido: 218.257226659
Nodos: [101, 40, 80, 31, 71, 36, 76, 34, 74, 25, 65, 39, 79, 6, 46, 21, 61, 27, 4, 44, 67, 811]
q: [0, 15.0, -15.0, 6.0, -6.0, 15.0, -15.0, 12.0, -12.0, 10.0, -10.0, 8.0, -8.0, 5.0, -5.0, 13.0, -13.0, 6.0, 5.0, -5.0, -6.0, 0]
Q: [0, 15.0, 0.0, 6.0, 0.0, 15.0, 0.0, 12.0, 0.0, 10.0, 0.0, 8.0, 0.0, 5.0, 0.0, 13.0, 0.0, 6.0, 11.0, 6.0, 0.0, 0]
B: [0.0, 62.0, 94.5694417821, 130.0, 143.3056140031, 251.0, 257.94814406874, 283.0, 323.947598037, 410.0, 427.1849823101, 446.3261919114, 468.9583793664, 475.6466235306, 479.33891292878997, 516.02016183069, 556.7589525098899, 569.93640070749, 587.55117524479, 607.97692492499, 613.39218345991, 638.38785742561]
