Avion: 4      Iteracion: 21

Num Ruta: 22
Ingresos: 112800.0
Costos: 355.604261492
Utilidad Ruta: 112444.395739
Costo Reducido: 181.87034092
Nodos: [104, 17, 30, 57, 16, 56, 70, 24, 64, 11, 51, 36, 76, 34, 74, 22, 62, 32, 25, 72, 65, 814]
q: [0.0, 5.0, 10.0, -5.0, 5.0, -5.0, -10.0, 14.0, -14.0, 8.0, -8.0, 15.0, -15.0, 12.0, -12.0, 10.0, -10.0, 6.0, 9.0, -6.0, -9.0, 0.0]
Q: [0.0, 5.0, 15.0, 10.0, 15.0, 10.0, 0.0, 14.0, 0.0, 8.0, 0.0, 15.0, 0.0, 12.0, 0.0, 10.0, 0.0, 6.0, 15.0, 9.0, 0.0, 0.0]
B: [0.0, 24.0, 64.0, 67.14445448369, 72.47609381883, 82.10018525647, 84.97134181786, 109.70531270816, 148.21826301066, 169.0, 173.05406684701, 251.0, 257.94814406874, 283.0, 323.947598037, 353.69889745399996, 375.4535835929, 422.0, 442.6664482919, 469.8986961242, 480.8837643989, 494.7197813113]
