Avion: 7      Iteracion: 2

Num Ruta: 6
Ingresos: 162000.0
Costos: 564.439491146
Utilidad Ruta: 161435.560509
Costo Reducido: 198199.187776
Nodos: [107, 17, 57, 30, 70, 24, 64, 1, 31, 71, 41, 3, 43, 36, 76, 26, 66, 19, 25, 65, 8, 48, 59, 15, 55, 4, 37, 77, 44, 817]
q: [0.0, 5.0, -5.0, 11.0, -11.0, 14.0, -14.0, 7.0, 6.0, -6.0, -7.0, 15.0, -15.0, 15.0, -15.0, 13.0, -13.0, 5.0, 10.0, -10.0, 8.0, -8.0, -5.0, 11.0, -11.0, 0.0, 15.0, -15.0, 0.0, 0.0]
Q: [0.0, 5.0, 0.0, 11.0, 0.0, 14.0, 0.0, 7.0, 13.0, 7.0, 0.0, 15.0, 0.0, 15.0, 0.0, 13.0, 0.0, 5.0, 15.0, 5.0, 13.0, 5.0, 0.0, 11.0, 0.0, 0.0, 15.0, 0.0, 0.0, 0.0]
B: [0.0, 33.8861846923, 68.7287384736, 71.87319295729, 90.58721561409, 115.32118650439, 153.83413680689, 175.0, 183.89376197118, 197.19937597428, 230.76046369508, 256.0, 261.08428175852, 296.00374706082, 302.95189112956, 343.25427558756, 360.83350355696, 402.0, 411.3920072402, 428.57698955029997, 454.39758940779996, 475.1659860238, 478.09410521535995, 511.0, 527.4211666151, 532.99584588839, 562.0, 582.7946534714999, 608.9792769364, 620.9793629778]
