Avion: 6      Iteracion: 87

Num Ruta: 67
Ingresos: 99600.0
Costos: 311.526525258
Utilidad Ruta: 99288.4734747
Costo Reducido: 1.36226374978
Nodos: [106, 16, 56, 40, 80, 10, 50, 35, 26, 75, 66, 20, 7, 47, 2, 60, 33, 73, 42, 816]
q: [0.0, 11.0, -11.0, 15.0, -15.0, 12.0, -12.0, 6.0, 9.0, -6.0, -9.0, 6.0, 9.0, -9.0, 9.0, -6.0, 6.0, -6.0, -9.0, 0.0]
Q: [0.0, 11.0, 0.0, 15.0, 0.0, 12.0, 0.0, 6.0, 15.0, 9.0, 0.0, 6.0, 15.0, 6.0, 15.0, 9.0, 15.0, 9.0, 0.0, 0.0]
B: [0.0, 36.0, 45.624091437640004, 77.27284989674001, 109.84229167884001, 127.02298575674001, 156.54249649114, 279.0, 300.0, 309.29300538039, 319.11482114938, 496.0, 517.0, 545.5413118129, 555.6714802715, 563.0017775369599, 573.8235768790599, 597.1270881166599, 615.6458721480599, 625.3659724047399]
