Avion: 2      Iteracion: 37

Num Ruta: 38
Ingresos: 76800.0
Costos: 253.539529077
Utilidad Ruta: 76546.4604709
Costo Reducido: 47.3883880219
Nodos: [102, 30, 16, 56, 70, 40, 80, 8, 32, 48, 6, 46, 72, 29, 27, 69, 67, 812]
q: [0.0, 11.0, 4.0, -4.0, -11.0, 15.0, -15.0, 8.0, 6.0, -8.0, 5.0, -5.0, -6.0, 9.0, 6.0, -9.0, -6.0, 0.0]
Q: [0.0, 11.0, 15.0, 11.0, 0.0, 15.0, 0.0, 8.0, 14.0, 6.0, 11.0, 6.0, 0.0, 9.0, 15.0, 6.0, 0.0, 0.0]
B: [0.0, 64.0, 72.20259129788, 81.82668273552001, 84.69783929691, 115.50769336991, 148.07713515201, 414.0, 425.4468981388, 447.8266328334, 457.01730446283, 460.70959386102, 483.36696550912, 549.0, 574.6018082369, 582.8182362320799, 598.26561380888, 611.68202007138]
