Avion: 4      Iteracion: 80

Num Ruta: 54
Ingresos: 87600.0
Costos: 275.545745176
Utilidad Ruta: 87324.4542548
Costo Reducido: 5.33200778937
Nodos: [104, 17, 30, 57, 16, 56, 70, 40, 80, 26, 66, 22, 62, 32, 25, 72, 65, 814]
q: [0.0, 5.0, 10.0, -5.0, 5.0, -5.0, -10.0, 15.0, -15.0, 13.0, -13.0, 10.0, -10.0, 6.0, 9.0, -6.0, -9.0, 0.0]
Q: [0.0, 5.0, 15.0, 10.0, 15.0, 10.0, 0.0, 15.0, 0.0, 13.0, 0.0, 10.0, 0.0, 6.0, 15.0, 9.0, 0.0, 0.0]
B: [0.0, 24.0, 64.0, 67.14445448369, 72.47609381883, 82.10018525647, 84.97134181786, 115.78119589085999, 148.35063767295998, 300.0, 317.5792279694, 331.2134086195, 352.9680947584, 422.0, 442.6664482919, 469.8986961242, 480.8837643989, 494.7197813113]
