Avion: 6      Iteracion: 10

Num Ruta: 13
Ingresos: 136800.0
Costos: 603.188325396
Utilidad Ruta: 136196.811675
Costo Reducido: 81184.487165
Nodos: [106, 17, 57, 16, 56, 40, 80, 1, 41, 3, 43, 18, 34, 58, 74, 28, 68, 19, 32, 72, 59, 6, 46, 2, 15, 42, 55, 29, 69, 816]
q: [0.0, 5.0, -5.0, 11.0, -11.0, 15.0, -15.0, 7.0, -7.0, 15.0, -15.0, 3.0, 12.0, -3.0, -12.0, 8.0, -8.0, 7.0, 6.0, -6.0, -7.0, 5.0, -5.0, 0.0, 11.0, 0.0, -11.0, 9.0, -9.0, 0.0]
Q: [0.0, 5.0, 0.0, 11.0, 0.0, 15.0, 0.0, 7.0, 0.0, 15.0, 0.0, 3.0, 15.0, 12.0, 0.0, 8.0, 0.0, 7.0, 13.0, 7.0, 0.0, 5.0, 0.0, 0.0, 11.0, 11.0, 0.0, 9.0, 0.0, 0.0]
B: [0.0, 34.2933399948, 69.1358937761, 74.46753311124, 84.09162454888, 115.74038300798, 148.30982479008, 175.0, 209.2400855285, 256.0, 261.08428175852, 293.0, 316.7154937119, 344.9475311871, 360.10016082690004, 378.0, 414.0266187839, 426.5624120576, 438.27732669659997, 466.1346825115, 483.26205895969997, 495.05307795719995, 498.74536735538993, 522.0, 569.4160147313, 577.7418838150701, 586.4178866389501, 601.5557635046501, 635.3355432848501, 664.5757185579502]
