Avion: 7      Iteracion: 50

Num Ruta: 48
Ingresos: 76800.0
Costos: 181.58745753
Utilidad Ruta: 76618.4125425
Costo Reducido: 9.07344802523
Nodos: [107, 18, 58, 39, 79, 13, 53, 29, 27, 69, 67, 37, 77, 817]
q: [0, 11.0, -11.0, 8.0, -8.0, 15.0, -15.0, 9.0, 6.0, -9.0, -6.0, 15.0, -15.0, 0]
Q: [0, 11.0, 0.0, 8.0, 0.0, 15.0, 0.0, 9.0, 15.0, 6.0, 0.0, 15.0, 0.0, 0]
B: [0.0, 293.0, 316.8182362487, 388.0, 410.632187455, 423.0, 439.88315095, 549.0, 574.6018082369, 582.8182362320799, 598.26561380888, 605.10157943197, 625.89623290347, 641.47062127027]
