Avion: 1      Iteracion: 26

Num Ruta: 26
Ingresos: 87600.0
Costos: 298.20147903
Utilidad Ruta: 87301.798521
Costo Reducido: 81.2159871249
Nodos: [101, 1, 41, 23, 63, 32, 8, 48, 13, 72, 53, 15, 21, 55, 38, 78, 61, 33, 73, 811]
q: [0.0, 7.0, -7.0, 10.0, -10.0, 6.0, 8.0, -8.0, 9.0, -6.0, -9.0, 8.0, 7.0, -8.0, 8.0, -8.0, -7.0, 10.0, -10.0, 0.0]
Q: [0.0, 7.0, 0.0, 10.0, 0.0, 6.0, 14.0, 6.0, 15.0, 9.0, 0.0, 8.0, 15.0, 7.0, 15.0, 7.0, 0.0, 10.0, 0.0, 0.0]
B: [0.0, 175.0, 209.2400855285, 267.0, 306.733842905, 422.0, 433.4468981388, 454.2152947548, 456.42597089571, 470.26815067351004, 474.33910105395006, 511.0, 516.67223351071, 527.47150163401, 531.55876734595, 564.42765398665, 571.49758255772, 581.6531274963199, 604.9566387339199, 610.87561499675]
