Avion: 7      Iteracion: 84

Num Ruta: 61
Ingresos: 46800.0
Costos: 181.850528945
Utilidad Ruta: 46618.1494711
Costo Reducido: 4.17115984674
Nodos: [107, 18, 58, 21, 61, 27, 29, 69, 67, 817]
q: [0, 11.0, -11.0, 13.0, -13.0, 6.0, 9.0, -9.0, -6.0, 0]
Q: [0, 11.0, 0.0, 13.0, 0.0, 6.0, 15.0, 6.0, 0.0, 0]
B: [0.0, 293.0, 316.8182362487, 477.0, 517.7387906792, 538.0, 563.6018082369, 597.3815880171, 612.8289655939, 619.5336603669699]
