Avion: 1      Iteracion: 0

Num Ruta: 2
Ingresos: 159600.0
Costos: 524.396146909
Utilidad Ruta: 159075.603853
Costo Reducido: -
Nodos: [101, 16, 56, 30, 70, 40, 80, 31, 11, 51, 71, 36, 76, 3, 43, 23, 18, 63, 58, 39, 79, 32, 72, 38, 78, 20, 4, 44, 60, 811]
q: [0.0, 11.0, -11.0, 11.0, -11.0, 15.0, -15.0, 6.0, 8.0, -8.0, -6.0, 15.0, -15.0, 15.0, -15.0, 4.0, 11.0, -4.0, -11.0, 8.0, -8.0, 6.0, -6.0, 8.0, -8.0, 10.0, 5.0, -5.0, -10.0, 0.0]
Q: [0.0, 11.0, 0.0, 11.0, 0.0, 15.0, 0.0, 6.0, 14.0, 6.0, 0.0, 15.0, 0.0, 15.0, 0.0, 4.0, 15.0, 11.0, 0.0, 8.0, 0.0, 6.0, 0.0, 8.0, 0.0, 10.0, 15.0, 10.0, 0.0, 0.0]
B: [0.0, 36.0, 45.624091437640004, 64.0, 82.7140226568, 113.5238767298, 146.0933185119, 169.4318075161, 182.61453671, 186.66860355701002, 190.36298212451, 251.0, 257.94814406874, 294.92818141324, 300.01246317176, 303.37495049515996, 323.55390064126, 348.99321205096, 358.91874362363, 388.0, 410.632187455, 436.244028857, 464.1013846719, 480.0, 512.8688866407, 547.495222124, 557.774373159, 578.2001228392, 590.0613460898, 624.9511638165001]
