Avion: 1      Iteracion: 36

Num Ruta: 35
Ingresos: 40800.0
Costos: 144.120447937
Utilidad Ruta: 40655.8795521
Costo Reducido: 40.5018076916
Nodos: [101, 14, 54, 18, 58, 38, 21, 61, 78, 811]
q: [0.0, 8.0, -8.0, 11.0, -11.0, 2.0, 13.0, -13.0, -2.0, 0.0]
Q: [0.0, 8.0, 0.0, 11.0, 0.0, 2.0, 15.0, 2.0, 0.0, 0.0]
B: [0.0, 112.0, 124.021711775, 293.0, 316.8182362487, 480.0, 486.82291294097, 527.56170362017, 534.63163219124, 548.92105572754]
