Avion: 2      Iteracion: 24

Num Ruta: 25
Ingresos: 87600.0
Costos: 214.246674057
Utilidad Ruta: 87385.7533259
Costo Reducido: 98.7144418772
Nodos: [102, 16, 56, 24, 64, 14, 54, 3, 43, 8, 48, 6, 46, 5, 45, 812]
q: [0, 11.0, -11.0, 14.0, -14.0, 8.0, -8.0, 15.0, -15.0, 8.0, -8.0, 5.0, -5.0, 12.0, -12.0, 0]
Q: [0, 11.0, 0.0, 14.0, 0.0, 8.0, 0.0, 15.0, 0.0, 8.0, 0.0, 5.0, 0.0, 12.0, 0.0, 0]
B: [0.0, 36.0, 45.624091437640004, 70.85029051714, 109.36324081964, 138.00961011834, 150.03132189334, 256.0, 261.08428175852, 414.0, 434.768396616, 443.95906824543, 447.65135764362, 469.0, 470.12168890518, 480.52640879568]
