Avion: 1      Iteracion: 61

Num Ruta: 48
Ingresos: 80400.0
Costos: 213.69792941
Utilidad Ruta: 80186.3020706
Costo Reducido: 20.1257972504
Nodos: [101, 30, 16, 56, 70, 40, 80, 31, 11, 71, 51, 25, 21, 65, 38, 61, 78, 811]
q: [0.0, 11.0, 4.0, -4.0, -11.0, 15.0, -15.0, 6.0, 8.0, -6.0, -8.0, 8.0, 7.0, -8.0, 8.0, -7.0, -8.0, 0.0]
Q: [0.0, 11.0, 15.0, 11.0, 0.0, 15.0, 0.0, 6.0, 14.0, 8.0, 0.0, 8.0, 15.0, 7.0, 15.0, 8.0, 0.0, 0.0]
B: [0.0, 64.0, 72.20259129788, 81.82668273552001, 84.69783929691, 115.50769336991, 148.07713515201, 171.41562415621, 184.59835335011, 185.077232249207, 188.77161081670698, 410.0, 477.0, 485.168713485, 489.49037624371, 523.97275662851, 531.04268519958, 545.33210873588]
