Avion: 3      Iteracion: 23

Num Ruta: 25
Ingresos: 108000.0
Costos: 404.961854674
Utilidad Ruta: 107595.038145
Costo Reducido: 138.012431291
Nodos: [103, 9, 49, 12, 52, 26, 66, 18, 58, 28, 39, 79, 32, 68, 21, 38, 72, 4, 61, 78, 27, 44, 67, 813]
q: [0.0, 11.0, -11.0, 14.0, -14.0, 13.0, -13.0, 11.0, -11.0, 8.0, 7.0, -7.0, 6.0, -8.0, 9.0, 0.0, -6.0, 5.0, -9.0, 0.0, 6.0, -5.0, -6.0, 0.0]
Q: [0.0, 11.0, 0.0, 14.0, 0.0, 13.0, 0.0, 11.0, 0.0, 8.0, 15.0, 8.0, 14.0, 6.0, 15.0, 15.0, 9.0, 14.0, 5.0, 5.0, 11.0, 6.0, 0.0, 0.0]
B: [0.0, 28.0, 57.5272370025, 68.3142737596, 111.6621980236, 300.0, 317.5792279694, 340.8578987218, 364.67613497049996, 378.0, 389.3210123222, 411.9531997772, 437.56504117919997, 461.02014970589994, 477.0, 483.82291294097, 498.85336017317, 529.0, 558.169797411, 565.23972598207, 576.7754533106701, 593.1262658898701, 598.54152442479, 620.9394381892901]
