Avion: 4      Iteracion: 0

Num Ruta: 3
Ingresos: 175200.0
Costos: 559.050673685
Utilidad Ruta: 174640.949326
Costo Reducido: -
Nodos: [104, 16, 56, 40, 80, 10, 50, 11, 51, 36, 76, 3, 43, 26, 66, 19, 8, 59, 48, 13, 53, 5, 45, 38, 21, 78, 61, 814]
q: [0.0, 11.0, -11.0, 15.0, -15.0, 12.0, -12.0, 8.0, -8.0, 15.0, -15.0, 15.0, -15.0, 13.0, -13.0, 7.0, 8.0, -7.0, -8.0, 15.0, -15.0, 12.0, -12.0, 2.0, 13.0, -2.0, -13.0, 0.0]
Q: [0.0, 11.0, 0.0, 15.0, 0.0, 12.0, 0.0, 8.0, 0.0, 15.0, 0.0, 15.0, 0.0, 13.0, 0.0, 7.0, 15.0, 8.0, 0.0, 15.0, 0.0, 12.0, 0.0, 2.0, 15.0, 13.0, 0.0, 0.0]
B: [0.0, 36.0, 45.624091437640004, 77.27284989674001, 109.84229167884001, 127.02298575674001, 156.54249649114, 209.18071307374, 213.23477992075001, 251.0, 257.94814406874, 294.92818141324, 300.01246317176, 337.68753453206, 355.26676250146, 402.0, 425.1608815463, 443.1178409771, 446.04596016866, 448.25663630956996, 465.13978725956997, 492.40407036037, 493.52575926555, 515.1074519702499, 521.93036491122, 560.44210338142, 567.51203195249, 613.29050647929]
