Avion: 7      Iteracion: 47

Num Ruta: 45
Ingresos: 74400.0
Costos: 220.68321613
Utilidad Ruta: 74179.3167839
Costo Reducido: 1.07684973598
Nodos: [107, 30, 70, 24, 64, 1, 41, 3, 43, 19, 25, 65, 59, 817]
q: [0.0, 11.0, -11.0, 14.0, -14.0, 7.0, -7.0, 15.0, -15.0, 7.0, 8.0, -8.0, -7.0, 0.0]
Q: [0.0, 11.0, 0.0, 14.0, 0.0, 7.0, 0.0, 15.0, 0.0, 7.0, 15.0, 7.0, 0.0, 0.0]
B: [0.0, 64.0, 82.7140226568, 107.4479935471, 145.9609438496, 175.0, 209.2400855285, 256.0, 261.08428175852, 402.0, 411.3920072402, 428.57698955029997, 445.3638459862, 457.52447907]
