Avion: 2      Iteracion: 28

Num Ruta: 29
Ingresos: 104400.0
Costos: 315.063035217
Utilidad Ruta: 104084.936965
Costo Reducido: 66.2106796083
Nodos: [102, 1, 41, 3, 43, 23, 18, 58, 63, 22, 62, 19, 8, 59, 48, 4, 7, 47, 44, 33, 73, 812]
q: [0.0, 7.0, -7.0, 15.0, -15.0, 10.0, 5.0, -5.0, -10.0, 10.0, -10.0, 7.0, 8.0, -7.0, -8.0, 5.0, 10.0, -10.0, -5.0, 10.0, -10.0, 0.0]
Q: [0.0, 7.0, 0.0, 15.0, 0.0, 10.0, 15.0, 10.0, 0.0, 10.0, 0.0, 7.0, 15.0, 8.0, 0.0, 5.0, 15.0, 5.0, 0.0, 10.0, 0.0, 0.0]
B: [0.0, 175.0, 209.2400855285, 256.0, 261.08428175852, 267.0, 293.0, 316.8182362487, 326.74376782137, 342.50019181287, 364.25487795177, 402.0, 425.1608815463, 443.1178409771, 446.04596016866, 529.0, 539.3633732925, 567.9046851054, 569.0650591830099, 577.6365246353099, 600.9400358729099, 620.1862430317099]
