Avion: 6      Iteracion: 38

Num Ruta: 41
Ingresos: 80400.0
Costos: 229.316687008
Utilidad Ruta: 80170.683313
Costo Reducido: 34.2451574906
Nodos: [106, 16, 56, 40, 80, 22, 62, 18, 58, 6, 46, 13, 53, 816]
q: [0, 11.0, -11.0, 15.0, -15.0, 10.0, -10.0, 11.0, -11.0, 5.0, -5.0, 15.0, -15.0, 0]
Q: [0, 11.0, 0.0, 15.0, 0.0, 10.0, 0.0, 11.0, 0.0, 5.0, 0.0, 15.0, 0.0, 0]
B: [0.0, 36.0, 45.624091437640004, 77.27284989674001, 109.84229167884001, 299.0, 320.7546861389, 334.15512273630003, 357.973358985, 436.0, 439.69228939819, 453.10235550539, 469.98550645539, 474.06044081069]
