Avion: 6      Iteracion: 35

Num Ruta: 38
Ingresos: 96000.0
Costos: 296.605708531
Utilidad Ruta: 95703.3942915
Costo Reducido: 54.4170222596
Nodos: [106, 9, 49, 24, 64, 36, 76, 25, 65, 20, 4, 44, 2, 60, 33, 73, 42, 816]
q: [0.0, 11.0, -11.0, 14.0, -14.0, 15.0, -15.0, 10.0, -10.0, 10.0, 5.0, -5.0, 5.0, -10.0, 10.0, -10.0, -5.0, 0.0]
Q: [0.0, 11.0, 0.0, 14.0, 0.0, 15.0, 0.0, 10.0, 0.0, 10.0, 15.0, 10.0, 15.0, 5.0, 15.0, 5.0, 0.0, 0.0]
B: [0.0, 35.5829922575, 65.11022926000001, 89.25047915510001, 127.76342945760001, 251.0, 257.94814406874, 410.0, 427.1849823101, 496.0, 529.0, 549.4257496801999, 558.8802161908, 566.21051345626, 577.03231279836, 600.33582403596, 618.8546080673599, 628.5747083240399]
