Avion: 2      Iteracion: 30

Num Ruta: 31
Ingresos: 110400.0
Costos: 342.899830384
Utilidad Ruta: 110057.10017
Costo Reducido: 1.25602433893
Nodos: [102, 30, 16, 56, 70, 24, 64, 1, 41, 3, 43, 18, 58, 21, 38, 78, 61, 27, 4, 7, 67, 47, 44, 812]
q: [0.0, 11.0, 4.0, -4.0, -11.0, 14.0, -14.0, 7.0, -7.0, 15.0, -15.0, 11.0, -11.0, 7.0, 8.0, -8.0, -7.0, 5.0, 0.0, 10.0, -5.0, -10.0, 0.0, 0.0]
Q: [0.0, 11.0, 15.0, 11.0, 0.0, 14.0, 0.0, 7.0, 0.0, 15.0, 0.0, 11.0, 0.0, 7.0, 15.0, 7.0, 0.0, 5.0, 5.0, 15.0, 10.0, 0.0, 0.0, 0.0]
B: [0.0, 64.0, 72.20259129788, 81.82668273552001, 84.69783929691, 109.43181018721, 147.94476048971, 175.0, 209.2400855285, 256.0, 261.08428175852, 293.0, 316.8182362487, 477.0, 483.82291294097, 516.69179958167, 523.76172815274, 538.0, 555.6147745373, 565.9781478298, 590.702662729, 595.10258329646, 596.26295737407, 614.81285726597]
