Avion: 3      Iteracion: 27

Num Ruta: 29
Ingresos: 112800.0
Costos: 331.372091011
Utilidad Ruta: 112468.627909
Costo Reducido: 30.1366663454
Nodos: [103, 9, 49, 12, 52, 1, 31, 71, 11, 51, 41, 3, 43, 23, 18, 58, 63, 22, 62, 8, 48, 813]
q: [0.0, 11.0, -11.0, 14.0, -14.0, 7.0, 6.0, -6.0, 8.0, -8.0, -7.0, 15.0, -15.0, 10.0, 5.0, -5.0, -10.0, 10.0, -10.0, 8.0, -8.0, 0.0]
Q: [0.0, 11.0, 0.0, 14.0, 0.0, 7.0, 13.0, 7.0, 15.0, 7.0, 0.0, 15.0, 0.0, 10.0, 15.0, 10.0, 0.0, 10.0, 0.0, 8.0, 0.0, 0.0]
B: [0.0, 28.0, 57.5272370025, 68.3142737596, 111.6621980236, 175.0, 183.89376197118, 197.19937597428, 197.678254873377, 201.732321720387, 236.048051058387, 256.0, 261.08428175852, 267.0, 293.0, 316.8182362487, 326.74376782137, 342.50019181287, 364.25487795177, 414.0, 434.768396616, 456.4668218584]
