Avion: 6      Iteracion: 40

Num Ruta: 42
Ingresos: 96000.0
Costos: 231.903084372
Utilidad Ruta: 95768.0969156
Costo Reducido: 24.2823081915
Nodos: [106, 16, 56, 14, 54, 3, 43, 8, 48, 13, 53, 21, 61, 33, 73, 816]
q: [0, 11.0, -11.0, 8.0, -8.0, 15.0, -15.0, 8.0, -8.0, 15.0, -15.0, 13.0, -13.0, 10.0, -10.0, 0]
Q: [0, 11.0, 0.0, 8.0, 0.0, 15.0, 0.0, 8.0, 0.0, 15.0, 0.0, 13.0, 0.0, 10.0, 0.0, 0]
B: [0.0, 36.0, 45.624091437640004, 112.0, 124.021711775, 256.0, 261.08428175852, 414.0, 434.768396616, 436.97907275691, 453.86222370691, 477.0, 517.7387906792, 562.0, 585.3035112376, 599.1444684661]
