Avion: 6      Iteracion: 18

Num Ruta: 21
Ingresos: 62400.0
Costos: 255.240493807
Utilidad Ruta: 62144.7595062
Costo Reducido: 195.759101798
Nodos: [106, 40, 80, 31, 71, 25, 65, 20, 4, 44, 60, 27, 67, 816]
q: [0, 15.0, -15.0, 6.0, -6.0, 10.0, -10.0, 10.0, 5.0, -5.0, -10.0, 6.0, -6.0, 0]
Q: [0, 15.0, 0.0, 6.0, 0.0, 10.0, 0.0, 10.0, 15.0, 10.0, 0.0, 6.0, 0.0, 0]
B: [0.0, 62.0, 94.5694417821, 130.0, 143.3056140031, 410.0, 427.1849823101, 496.0, 529.0, 549.4257496801999, 561.2869729308, 587.5877362847, 604.6185986528, 635.6872568793999]
