Avion: 2      Iteracion: 83

Num Ruta: 64
Ingresos: 68400.0
Costos: 207.010676391
Utilidad Ruta: 68192.9893236
Costo Reducido: 1.66859704343
Nodos: [102, 30, 16, 56, 70, 40, 80, 5, 45, 38, 21, 78, 61, 812]
q: [0.0, 11.0, 4.0, -4.0, -11.0, 15.0, -15.0, 12.0, -12.0, 2.0, 13.0, -2.0, -13.0, 0.0]
Q: [0.0, 11.0, 15.0, 11.0, 0.0, 15.0, 0.0, 12.0, 0.0, 2.0, 15.0, 13.0, 0.0, 0.0]
B: [0.0, 64.0, 72.20259129788, 81.82668273552001, 84.69783929691, 115.50769336991, 148.07713515201, 469.0, 470.12168890518, 491.70338160988, 498.52629455085, 537.0380330210501, 544.1079615921201, 574.5797785547201]
