Avion: 4      Iteracion: 42

Num Ruta: 37
Ingresos: 55200.0
Costos: 171.585556221
Utilidad Ruta: 55028.4144438
Costo Reducido: 4.86650279432
Nodos: [104, 31, 71, 36, 76, 25, 65, 21, 38, 61, 78, 814]
q: [0.0, 6.0, -6.0, 15.0, -15.0, 10.0, -10.0, 7.0, 8.0, -7.0, -8.0, 0.0]
Q: [0.0, 6.0, 0.0, 15.0, 0.0, 10.0, 0.0, 7.0, 15.0, 8.0, 0.0, 0.0]
B: [0.0, 130.0, 143.3056140031, 251.0, 257.94814406874, 410.0, 427.1849823101, 477.0, 483.82291294097, 518.30529332577, 525.37522189684, 569.37635301864]
