Avion: 2      Iteracion: 58

Num Ruta: 51
Ingresos: 36000.0
Costos: 107.552491785
Utilidad Ruta: 35892.4475082
Costo Reducido: 0.0203719046258
Nodos: [102, 40, 80, 37, 77, 812]
q: [0, 15.0, -15.0, 15.0, -15.0, 0]
Q: [0, 15.0, 0.0, 15.0, 0.0, 0]
B: [0.0, 62.0, 94.5694417821, 562.0, 582.7946534714999, 601.4938883222]
