Avion: 6      Iteracion: 9

Num Ruta: 12
Ingresos: 144000.0
Costos: 560.764337466
Utilidad Ruta: 143439.235663
Costo Reducido: 130328.003731
Nodos: [106, 30, 70, 16, 56, 10, 50, 1, 41, 35, 75, 22, 62, 18, 58, 39, 32, 72, 79, 5, 45, 15, 55, 29, 27, 69, 67, 816]
q: [0, 11.0, -11.0, 11.0, -11.0, 12.0, -12.0, 7.0, -7.0, 6.0, -6.0, 10.0, -10.0, 11.0, -11.0, 8.0, 6.0, -6.0, -8.0, 12.0, -12.0, 11.0, -11.0, 9.0, 6.0, -9.0, -6.0, 0]
Q: [0, 11.0, 0.0, 11.0, 0.0, 12.0, 0.0, 7.0, 0.0, 6.0, 0.0, 10.0, 0.0, 11.0, 0.0, 8.0, 14.0, 8.0, 0.0, 12.0, 0.0, 11.0, 0.0, 9.0, 15.0, 6.0, 0.0, 0]
B: [0.0, 64.0, 82.7140226568, 93.53069441849999, 103.15478585614, 118.98406306644, 148.50357380084, 186.92291497164, 221.16300050014001, 279.0, 298.9128833924, 314.02713802169995, 335.78182416059997, 349.182260758, 373.00049700669996, 388.0, 425.0721191868, 452.92947500170004, 468.1434572877, 480.70799201840003, 481.82968092358004, 515.2318754023801, 531.6530420174801, 549.0, 574.6018082369, 582.8182362320799, 598.26561380888, 629.3342720354799]
