Avion: 1      Iteracion: 55

Num Ruta: 46
Ingresos: 109200.0
Costos: 281.442093349
Utilidad Ruta: 108918.557907
Costo Reducido: 12.5937243117
Nodos: [101, 14, 54, 3, 43, 23, 18, 58, 63, 22, 62, 25, 65, 15, 21, 55, 38, 78, 61, 33, 73, 811]
q: [0.0, 8.0, -8.0, 15.0, -15.0, 4.0, 11.0, -11.0, -4.0, 10.0, -10.0, 10.0, -10.0, 8.0, 7.0, -8.0, 8.0, -8.0, -7.0, 10.0, -10.0, 0.0]
Q: [0.0, 8.0, 0.0, 15.0, 0.0, 4.0, 15.0, 4.0, 0.0, 10.0, 0.0, 10.0, 0.0, 8.0, 15.0, 7.0, 15.0, 7.0, 0.0, 10.0, 0.0, 0.0]
B: [0.0, 112.0, 124.021711775, 256.0, 261.08428175852, 267.0, 293.0, 316.8182362487, 326.74376782137, 342.50019181287, 364.25487795177, 410.0, 427.1849823101, 511.0, 516.67223351071, 527.47150163401, 531.55876734595, 564.42765398665, 571.49758255772, 581.6531274963199, 604.9566387339199, 610.87561499675]
