Avion: 6      Iteracion: 53

Num Ruta: 52
Ingresos: 80400.0
Costos: 222.234098601
Utilidad Ruta: 80177.7659014
Costo Reducido: 2.2284018912
Nodos: [106, 16, 56, 40, 80, 31, 71, 11, 51, 36, 76, 34, 74, 816]
q: [0, 11.0, -11.0, 15.0, -15.0, 6.0, -6.0, 8.0, -8.0, 15.0, -15.0, 12.0, -12.0, 0]
Q: [0, 11.0, 0.0, 15.0, 0.0, 6.0, 0.0, 8.0, 0.0, 15.0, 0.0, 12.0, 0.0, 0]
B: [0.0, 36.0, 45.624091437640004, 77.27284989674001, 109.84229167884001, 133.18078068304, 146.48639468614002, 169.0, 173.05406684701, 251.0, 257.94814406874, 283.0, 323.947598037, 345.05710397629997]
