Avion: 4      Iteracion: 39

Num Ruta: 35
Ingresos: 22800.0
Costos: 79.3555476804
Utilidad Ruta: 22720.6444523
Costo Reducido: 14.4929174312
Nodos: [104, 17, 57, 31, 71, 11, 51, 814]
q: [0, 5.0, -5.0, 6.0, -6.0, 8.0, -8.0, 0]
Q: [0, 5.0, 0.0, 6.0, 0.0, 8.0, 0.0, 0]
B: [0.0, 24.0, 58.8425537813, 130.0, 143.3056140031, 169.0, 173.05406684701, 175.50668707852]
