Avion: 3      Iteracion: 52

Num Ruta: 49
Ingresos: 120000.0
Costos: 336.1659004
Utilidad Ruta: 119663.8341
Costo Reducido: 3.33530156343
Nodos: [103, 24, 64, 1, 41, 3, 43, 23, 18, 58, 63, 28, 68, 15, 21, 55, 38, 20, 78, 61, 60, 37, 77, 813]
q: [0.0, 14.0, -14.0, 7.0, -7.0, 15.0, -15.0, 10.0, 5.0, -5.0, -10.0, 8.0, -8.0, 11.0, 4.0, -11.0, 8.0, 3.0, -8.0, -4.0, -3.0, 15.0, -15.0, 0.0]
Q: [0.0, 14.0, 0.0, 7.0, 0.0, 15.0, 0.0, 10.0, 15.0, 10.0, 0.0, 8.0, 0.0, 11.0, 15.0, 4.0, 12.0, 15.0, 7.0, 3.0, 0.0, 15.0, 0.0, 0.0]
B: [0.0, 61.0, 99.5129503025, 175.0, 209.2400855285, 256.0, 261.08428175852, 267.0, 293.0, 316.8182362487, 326.74376782137, 378.0, 414.0266187839, 511.0, 516.67223351071, 527.47150163401, 531.55876734595, 533.63983678256, 568.26617226586, 575.33610083693, 595.9355214598299, 607.51303941493, 628.30769288643, 649.30948833353]
