Avion: 5      Iteracion: 9

Num Ruta: 11
Ingresos: 122400.0
Costos: 619.462883782
Utilidad Ruta: 121780.537116
Costo Reducido: 140723.773492
Nodos: [105, 12, 52, 10, 30, 70, 50, 1, 41, 35, 75, 22, 62, 39, 32, 72, 79, 5, 45, 7, 4, 27, 44, 47, 67, 29, 69, 815]
q: [0.0, 14.0, -14.0, 4.0, 11.0, -11.0, -4.0, 7.0, -7.0, 6.0, -6.0, 10.0, -10.0, 8.0, 6.0, -6.0, -8.0, 12.0, -12.0, 4.0, 5.0, 6.0, -5.0, -4.0, -6.0, 9.0, -9.0, 0.0]
Q: [0.0, 14.0, 0.0, 4.0, 15.0, 4.0, 0.0, 7.0, 0.0, 6.0, 0.0, 10.0, 0.0, 8.0, 14.0, 8.0, 0.0, 12.0, 0.0, 4.0, 9.0, 15.0, 10.0, 6.0, 0.0, 9.0, 0.0, 0.0]
B: [0.0, 54.0, 97.347924264, 106.06569462115, 122.80459819935, 141.51862085615, 160.41941874935, 198.83875992015, 233.07884544865001, 279.0, 298.9128833924, 314.02713802169995, 335.78182416059997, 388.0, 425.0721191868, 452.92947500170004, 468.1434572877, 480.70799201840003, 481.82968092358004, 517.0, 529.0, 546.6147745373, 562.9655871165, 564.12596119411, 568.52588176157, 603.54302727627, 637.32280705647, 662.30874071927]
