Avion: 4      Iteracion: 3

Num Ruta: 6
Ingresos: 132000.0
Costos: 461.740739116
Utilidad Ruta: 131538.259261
Costo Reducido: 322524.429917
Nodos: [104, 16, 56, 12, 52, 31, 71, 36, 76, 34, 74, 22, 62, 13, 53, 5, 45, 38, 21, 78, 61, 814]
q: [0.0, 11.0, -11.0, 14.0, -14.0, 6.0, -6.0, 15.0, -15.0, 12.0, -12.0, 10.0, -10.0, 15.0, -15.0, 12.0, -12.0, 2.0, 13.0, -2.0, -13.0, 0.0]
Q: [0.0, 11.0, 0.0, 14.0, 0.0, 6.0, 0.0, 15.0, 0.0, 12.0, 0.0, 10.0, 0.0, 15.0, 0.0, 12.0, 0.0, 2.0, 15.0, 13.0, 0.0, 0.0]
B: [0.0, 36.0, 45.624091437640004, 79.57799432084, 122.92591858484, 143.84325197134, 157.14886597444, 251.0, 257.94814406874, 283.0, 323.947598037, 353.69889745399996, 375.4535835929, 423.0, 439.88315095, 469.0, 470.12168890518, 491.70338160988, 498.52629455085, 537.0380330210501, 544.1079615921201, 589.8864361189201]
