Avion: 2      Iteracion: 12

Num Ruta: 14
Ingresos: 104400.0
Costos: 466.762590352
Utilidad Ruta: 103933.23741
Costo Reducido: 79589.9876522
Nodos: [102, 17, 57, 30, 70, 40, 80, 35, 23, 75, 63, 19, 8, 59, 48, 21, 38, 61, 78, 15, 55, 812]
q: [0.0, 5.0, -5.0, 11.0, -11.0, 15.0, -15.0, 6.0, 9.0, -6.0, -9.0, 7.0, 8.0, -7.0, -8.0, 13.0, 2.0, -13.0, -2.0, 11.0, -11.0, 0.0]
Q: [0.0, 5.0, 0.0, 11.0, 0.0, 15.0, 0.0, 6.0, 15.0, 9.0, 0.0, 7.0, 15.0, 8.0, 0.0, 13.0, 15.0, 2.0, 0.0, 11.0, 0.0, 0.0]
B: [0.0, 25.145167826, 59.9877216073, 64.0, 82.7140226568, 113.5238767298, 146.0933185119, 279.0, 319.4405515417, 350.23031182010004, 362.84885729890004, 402.0, 425.1608815463, 443.1178409771, 446.04596016866, 477.0, 483.82291294097, 518.30529332577, 525.37522189684, 569.37923472524, 585.80040134034, 597.08546957234]
