Avion: 6      Iteracion: 22

Num Ruta: 25
Ingresos: 105600.0
Costos: 279.473943572
Utilidad Ruta: 105320.526056
Costo Reducido: 75.5061453878
Nodos: [106, 30, 16, 56, 70, 24, 64, 31, 11, 71, 51, 36, 76, 34, 74, 28, 68, 25, 65, 816]
q: [0.0, 11.0, 4.0, -4.0, -11.0, 14.0, -14.0, 6.0, 8.0, -6.0, -8.0, 15.0, -15.0, 12.0, -12.0, 8.0, -8.0, 10.0, -10.0, 0.0]
Q: [0.0, 11.0, 15.0, 11.0, 0.0, 14.0, 0.0, 6.0, 14.0, 8.0, 0.0, 15.0, 0.0, 12.0, 0.0, 8.0, 0.0, 10.0, 0.0, 0.0]
B: [0.0, 64.0, 72.20259129788, 81.82668273552001, 84.69783929691, 109.43181018721, 147.94476048971, 159.22911824721, 172.41184744111, 172.890726340207, 176.585104907707, 251.0, 257.94814406874, 283.0, 323.947598037, 378.0, 414.0266187839, 417.35999740026, 434.54497971036, 442.21478648759]
