Avion: 4      Iteracion: 15

Num Ruta: 16
Ingresos: 123600.0
Costos: 431.606395297
Utilidad Ruta: 123168.393605
Costo Reducido: 159.705831583
Nodos: [104, 9, 40, 49, 30, 70, 80, 11, 51, 36, 76, 35, 26, 75, 66, 22, 62, 32, 38, 72, 78, 37, 77, 814]
q: [0.0, 11.0, 4.0, -11.0, 11.0, -11.0, -4.0, 8.0, -8.0, 15.0, -15.0, 6.0, 9.0, -6.0, -9.0, 10.0, -10.0, 6.0, 8.0, -6.0, -8.0, 15.0, -15.0, 0.0]
Q: [0.0, 11.0, 15.0, 4.0, 15.0, 4.0, 0.0, 8.0, 0.0, 15.0, 0.0, 6.0, 15.0, 9.0, 0.0, 10.0, 0.0, 6.0, 14.0, 8.0, 0.0, 15.0, 0.0, 0.0]
B: [0.0, 49.232321223, 62.0, 90.9587949508, 106.7466952862, 125.46071794299999, 127.50601743207, 169.0, 173.05406684701, 251.0, 257.94814406874, 308.86250452824004, 319.48971912094004, 328.78272450133005, 338.60454027032006, 352.23872092042006, 373.9934070593201, 422.0, 480.0, 495.0304472322, 517.0265259964, 562.0, 582.7946534714999, 616.8758128561]
