Avion: 7      Iteracion: 21

Num Ruta: 25
Ingresos: 7200.0
Costos: 63.8977824835
Utilidad Ruta: 7136.10221752
Costo Reducido: 37.2930914388
Nodos: [107, 32, 72, 817]
q: [0, 6.0, -6.0, 0]
Q: [0, 6.0, 0.0, 0]
B: [0.0, 422.0, 449.8573558149, 478.1905447812]
