Avion: 7      Iteracion: 41

Num Ruta: 40
Ingresos: 66000.0
Costos: 179.069905294
Utilidad Ruta: 65820.9300947
Costo Reducido: 4.04457352443
Nodos: [107, 30, 16, 56, 70, 31, 11, 71, 51, 15, 55, 20, 38, 78, 60, 817]
q: [0.0, 11.0, 4.0, -4.0, -11.0, 6.0, 8.0, -6.0, -8.0, 11.0, -11.0, 7.0, 8.0, -8.0, -7.0, 0.0]
Q: [0.0, 11.0, 15.0, 11.0, 0.0, 6.0, 14.0, 8.0, 0.0, 11.0, 0.0, 7.0, 15.0, 7.0, 0.0, 0.0]
B: [0.0, 64.0, 72.20259129788, 81.82668273552001, 84.69783929691, 130.0, 169.0, 169.478878899097, 173.173257466597, 511.0, 527.4211666151, 533.55501866744, 535.63608810405, 568.50497474475, 595.88198247025, 617.15782642535]
