Avion: 2      Iteracion: 59

Num Ruta: 52
Ingresos: 56400.0
Costos: 113.321095293
Utilidad Ruta: 56286.6789047
Costo Reducido: 1.83125157219
Nodos: [102, 31, 71, 36, 76, 15, 55, 7, 4, 44, 47, 812]
q: [0, 6.0, -6.0, 15.0, -15.0, 11.0, -11.0, 10.0, 5.0, -5.0, -10.0, 0]
Q: [0, 6.0, 0.0, 15.0, 0.0, 11.0, 0.0, 10.0, 15.0, 10.0, 0.0, 0]
B: [0.0, 130.0, 143.3056140031, 251.0, 257.94814406874, 511.0, 527.4211666151, 538.3259061809999, 548.6892794734999, 569.1150291536999, 570.2754032313098, 587.6842575876099]
