Avion: 1      Iteracion: 50

Num Ruta: 44
Ingresos: 67200.0
Costos: 204.772395006
Utilidad Ruta: 66995.227605
Costo Reducido: 2.96493616117
Nodos: [101, 14, 54, 32, 25, 65, 72, 15, 21, 55, 38, 78, 61, 33, 73, 811]
q: [0.0, 8.0, -8.0, 6.0, 9.0, -9.0, -6.0, 8.0, 7.0, -8.0, 8.0, -8.0, -7.0, 10.0, -10.0, 0.0]
Q: [0.0, 8.0, 0.0, 6.0, 15.0, 6.0, 0.0, 8.0, 15.0, 7.0, 15.0, 7.0, 0.0, 10.0, 0.0, 0.0]
B: [0.0, 112.0, 124.021711775, 422.0, 442.6664482919, 459.851430602, 470.8364988767, 511.0, 516.67223351071, 527.47150163401, 531.55876734595, 564.42765398665, 571.49758255772, 581.6531274963199, 604.9566387339199, 610.87561499675]
