Avion: 4      Iteracion: 7

Num Ruta: 9
Ingresos: 160800.0
Costos: 563.038081271
Utilidad Ruta: 160236.961919
Costo Reducido: 234368.813564
Nodos: [104, 9, 40, 49, 30, 70, 80, 14, 54, 11, 51, 36, 76, 35, 26, 75, 66, 22, 62, 25, 65, 19, 8, 59, 48, 5, 45, 27, 29, 69, 67, 814]
q: [0.0, 11.0, 4.0, -11.0, 11.0, -11.0, -4.0, 8.0, -8.0, 8.0, -8.0, 15.0, -15.0, 2.0, 13.0, -2.0, -13.0, 10.0, -10.0, 10.0, -10.0, 7.0, 8.0, -7.0, -8.0, 12.0, -12.0, 6.0, 9.0, -9.0, -6.0, 0.0]
Q: [0.0, 11.0, 15.0, 4.0, 15.0, 4.0, 0.0, 8.0, 0.0, 8.0, 0.0, 15.0, 0.0, 2.0, 15.0, 13.0, 0.0, 10.0, 0.0, 10.0, 0.0, 7.0, 15.0, 8.0, 0.0, 12.0, 0.0, 6.0, 15.0, 6.0, 0.0, 0.0]
B: [0.0, 49.232321223, 62.0, 90.9587949508, 106.7466952862, 125.46071794299999, 127.50601743207, 156.08441936427, 168.10613113927, 197.55456024846998, 201.60862709548, 251.0, 257.94814406874, 308.86250452824004, 319.48971912094004, 328.78272450133005, 338.60454027032006, 352.23872092042006, 373.9934070593201, 410.0, 427.1849823101, 443.8578739909, 467.0187555372, 484.975714968, 487.90383415955995, 497.65664503642995, 498.77833394160996, 538.0, 563.6018082369, 597.3815880171, 612.8289655939, 646.8103487323]
