Avion: 5      Iteracion: 20

Num Ruta: 22
Ingresos: 111600.0
Costos: 338.520741686
Utilidad Ruta: 111261.479258
Costo Reducido: 95.8222513039
Nodos: [105, 16, 56, 40, 80, 10, 50, 35, 75, 26, 66, 6, 46, 5, 45, 2, 42, 7, 47, 815]
q: [0, 11.0, -11.0, 15.0, -15.0, 12.0, -12.0, 6.0, -6.0, 13.0, -13.0, 5.0, -5.0, 12.0, -12.0, 9.0, -9.0, 10.0, -10.0, 0]
Q: [0, 11.0, 0.0, 15.0, 0.0, 12.0, 0.0, 6.0, 0.0, 13.0, 0.0, 5.0, 0.0, 12.0, 0.0, 9.0, 0.0, 10.0, 0.0, 0]
B: [0.0, 36.0, 45.624091437640004, 77.27284989674001, 109.84229167884001, 127.02298575674001, 156.54249649114, 279.0, 298.9128833924, 308.20588877279, 325.78511674219, 436.0, 439.69228939819, 469.0, 470.12168890518, 522.0, 562.7349620474, 574.2416881674001, 602.7829999803, 622.6509792938]
