Avion: 3      Iteracion: 10

Num Ruta: 12
Ingresos: 139200.0
Costos: 546.865774536
Utilidad Ruta: 138653.134225
Costo Reducido: 143908.927038
Nodos: [103, 16, 56, 17, 57, 14, 54, 1, 41, 3, 43, 23, 18, 58, 63, 26, 66, 19, 59, 6, 46, 38, 21, 78, 61, 27, 7, 47, 67, 813]
q: [0.0, 11.0, -11.0, 5.0, -5.0, 8.0, -8.0, 7.0, -7.0, 15.0, -15.0, 4.0, 11.0, -11.0, -4.0, 13.0, -13.0, 7.0, -7.0, 5.0, -5.0, 8.0, 7.0, -8.0, -7.0, 6.0, 9.0, -9.0, -6.0, 0.0]
Q: [0.0, 11.0, 0.0, 5.0, 0.0, 8.0, 0.0, 7.0, 0.0, 15.0, 0.0, 4.0, 15.0, 4.0, 0.0, 13.0, 0.0, 7.0, 0.0, 5.0, 0.0, 8.0, 15.0, 7.0, 0.0, 6.0, 15.0, 6.0, 0.0, 0.0]
B: [0.0, 36.0, 45.624091437640004, 78.34191948294, 113.18447326424, 125.62302611414, 137.64473788914, 175.0, 209.2400855285, 256.0, 261.08428175852, 267.0, 293.0, 316.8182362487, 326.74376782137, 346.43014059547, 364.00936856487, 402.0, 428.6271162915, 440.41813528899996, 444.11042468718995, 480.0, 486.82291294097, 525.3346514111701, 532.4045799822401, 545.5820281798401, 573.2453515521402, 601.7866633650401, 606.1865839325001, 628.5844976970001]
