Avion: 6      Iteracion: 41

Num Ruta: 43
Ingresos: 68400.0
Costos: 189.026824639
Utilidad Ruta: 68210.9731754
Costo Reducido: 5.6160246732
Nodos: [106, 16, 56, 9, 49, 11, 51, 36, 76, 34, 74, 816]
q: [0, 11.0, -11.0, 11.0, -11.0, 8.0, -8.0, 15.0, -15.0, 12.0, -12.0, 0]
Q: [0, 11.0, 0.0, 11.0, 0.0, 8.0, 0.0, 15.0, 0.0, 12.0, 0.0, 0]
B: [0.0, 36.0, 45.624091437640004, 75.68094759394, 105.20818459644, 169.0, 173.05406684701, 251.0, 257.94814406874, 283.0, 323.947598037, 345.05710397629997]
