Avion: 5      Iteracion: 29

Num Ruta: 30
Ingresos: 57600.0
Costos: 172.706493575
Utilidad Ruta: 57427.2935064
Costo Reducido: 63.2303177919
Nodos: [105, 26, 66, 15, 55, 7, 4, 47, 44, 2, 42, 815]
q: [0, 13.0, -13.0, 11.0, -11.0, 10.0, 5.0, -10.0, -5.0, 9.0, -9.0, 0]
Q: [0, 13.0, 0.0, 11.0, 0.0, 10.0, 15.0, 5.0, 0.0, 9.0, 0.0, 0]
B: [0.0, 300.0, 317.5792279694, 511.0, 527.4211666151, 538.3259061809999, 548.6892794734999, 567.9616404602, 569.12201453781, 578.57648104841, 619.31144309581, 634.01162010151]
