Avion: 2      Iteracion: 75

Num Ruta: 60
Ingresos: 94800.0
Costos: 271.938151237
Utilidad Ruta: 94528.0618488
Costo Reducido: 4.19784087405
Nodos: [102, 16, 56, 40, 80, 14, 54, 3, 43, 23, 18, 63, 58, 29, 27, 69, 67, 812]
q: [0.0, 11.0, -11.0, 15.0, -15.0, 8.0, -8.0, 15.0, -15.0, 10.0, 5.0, -10.0, -5.0, 9.0, 6.0, -9.0, -6.0, 0.0]
Q: [0.0, 11.0, 0.0, 15.0, 0.0, 8.0, 0.0, 15.0, 0.0, 10.0, 15.0, 5.0, 0.0, 9.0, 15.0, 6.0, 0.0, 0.0]
B: [0.0, 36.0, 45.624091437640004, 77.27284989674001, 109.84229167884001, 138.42069361104, 150.44240538604, 256.0, 261.08428175852, 267.0, 293.0, 318.4393114097, 328.36484298237, 549.0, 574.6018082369, 582.8182362320799, 598.26561380888, 611.68202007138]
