Avion: 5      Iteracion: 1

Num Ruta: 5
Ingresos: 187200.0
Costos: 582.394131538
Utilidad Ruta: 186617.605868
Costo Reducido: 267971.066552
Nodos: [105, 30, 70, 16, 56, 14, 54, 31, 11, 51, 71, 1, 41, 3, 43, 18, 58, 26, 66, 28, 68, 25, 65, 19, 59, 6, 46, 15, 55, 7, 4, 47, 44, 33, 73, 815]
q: [0, 11.0, -11.0, 11.0, -11.0, 8.0, -8.0, 6.0, 8.0, -8.0, -6.0, 7.0, -7.0, 15.0, -15.0, 11.0, -11.0, 13.0, -13.0, 8.0, -8.0, 10.0, -10.0, 7.0, -7.0, 5.0, -5.0, 11.0, -11.0, 10.0, 5.0, -10.0, -5.0, 10.0, -10.0, 0]
Q: [0, 11.0, 0.0, 11.0, 0.0, 8.0, 0.0, 6.0, 14.0, 6.0, 0.0, 7.0, 0.0, 15.0, 0.0, 11.0, 0.0, 13.0, 0.0, 8.0, 0.0, 10.0, 0.0, 7.0, 0.0, 5.0, 0.0, 11.0, 0.0, 10.0, 15.0, 5.0, 0.0, 10.0, 0.0, 0]
B: [0.0, 64.0, 82.7140226568, 93.53069441849999, 103.15478585614, 129.94109036054, 141.96280213554, 169.17486934843998, 182.35759854233999, 186.41166538935, 190.10604395685, 209.09573805654998, 243.33582358504998, 256.0, 261.08428175852, 293.0, 316.8182362487, 345.81975307109997, 363.39898104049996, 378.0, 414.0266187839, 417.35999740026, 434.54497971036, 451.21787139116, 477.84498768265996, 489.63600668015994, 493.3282960783499, 535.66365220065, 552.0848188157499, 562.9895583816499, 573.3529316741499, 592.6252926608499, 593.7856667384599, 602.3571321907599, 625.6606434283599, 643.3827451660599]
