Avion: 1      Iteracion: 43

Num Ruta: 41
Ingresos: 115200.0
Costos: 287.033892543
Utilidad Ruta: 114912.966107
Costo Reducido: 47.7438276578
Nodos: [101, 14, 54, 3, 43, 23, 18, 58, 63, 22, 62, 32, 8, 48, 13, 72, 53, 21, 38, 78, 61, 33, 73, 811]
q: [0.0, 8.0, -8.0, 15.0, -15.0, 10.0, 5.0, -5.0, -10.0, 10.0, -10.0, 6.0, 8.0, -8.0, 9.0, -6.0, -9.0, 13.0, 2.0, -2.0, -13.0, 10.0, -10.0, 0.0]
Q: [0.0, 8.0, 0.0, 15.0, 0.0, 10.0, 15.0, 10.0, 0.0, 10.0, 0.0, 6.0, 14.0, 6.0, 15.0, 9.0, 0.0, 13.0, 15.0, 13.0, 0.0, 10.0, 0.0, 0.0]
B: [0.0, 112.0, 124.021711775, 256.0, 261.08428175852, 267.0, 293.0, 316.8182362487, 326.74376782137, 342.50019181287, 364.25487795177, 422.0, 433.4468981388, 454.2152947548, 456.42597089571, 470.26815067351004, 474.33910105395006, 489.85049744495007, 496.6734103859201, 529.5422970266201, 536.6122255976901, 562.0, 585.3035112376, 591.22248750043]
