Avion: 6      Iteracion: 14

Num Ruta: 17
Ingresos: 150000.0
Costos: 564.671750769
Utilidad Ruta: 149435.328249
Costo Reducido: 249.090980932
Nodos: [106, 17, 57, 12, 52, 1, 31, 71, 11, 51, 41, 18, 36, 76, 34, 58, 74, 28, 68, 19, 8, 59, 13, 48, 53, 21, 61, 33, 27, 67, 73, 816]
q: [0.0, 5.0, -5.0, 14.0, -14.0, 7.0, 6.0, -6.0, 8.0, -8.0, -7.0, 3.0, 12.0, -12.0, 12.0, -3.0, -12.0, 8.0, -8.0, 7.0, 8.0, -7.0, 7.0, -8.0, -7.0, 13.0, -13.0, 10.0, 5.0, -5.0, -10.0, 0.0]
Q: [0.0, 5.0, 0.0, 14.0, 0.0, 7.0, 13.0, 7.0, 15.0, 7.0, 0.0, 3.0, 15.0, 3.0, 15.0, 12.0, 0.0, 8.0, 0.0, 7.0, 15.0, 8.0, 15.0, 7.0, 0.0, 13.0, 0.0, 10.0, 15.0, 10.0, 0.0, 0.0]
B: [0.0, 34.2933399948, 69.1358937761, 88.8445875177, 132.1925117817, 175.0, 183.89376197118, 197.19937597428, 197.678254873377, 201.732321720387, 236.048051058387, 293.0, 306.9670306436, 313.91517471234005, 327.63492270564007, 355.86696018084007, 371.0195898206401, 380.19977337000006, 416.22639215390006, 428.76218542760006, 451.92306697390006, 469.88002640470006, 474.1076457111201, 476.31832185203007, 495.35600892273004, 510.86740531373005, 551.60619599293, 562.0, 578.4525909206, 595.4834532886999, 616.0502455763, 629.8912028048]
