Avion: 1      Iteracion: 8

Num Ruta: 10
Ingresos: 132000.0
Costos: 563.973438311
Utilidad Ruta: 131436.026562
Costo Reducido: 206001.599648
Nodos: [101, 9, 49, 40, 80, 14, 54, 31, 71, 1, 41, 35, 75, 18, 58, 39, 79, 8, 48, 13, 6, 46, 53, 21, 7, 47, 61, 811]
q: [0.0, 11.0, -11.0, 15.0, -15.0, 8.0, -8.0, 6.0, -6.0, 7.0, -7.0, 6.0, -6.0, 11.0, -11.0, 8.0, -8.0, 8.0, -8.0, 10.0, 5.0, -5.0, -10.0, 5.0, 10.0, -10.0, -5.0, 0.0]
Q: [0.0, 11.0, 0.0, 15.0, 0.0, 8.0, 0.0, 6.0, 0.0, 7.0, 0.0, 6.0, 0.0, 11.0, 0.0, 8.0, 0.0, 8.0, 0.0, 10.0, 15.0, 10.0, 0.0, 5.0, 15.0, 5.0, 0.0, 0.0]
B: [0.0, 28.0, 57.5272370025, 86.4860319533, 119.0554737354, 147.6338756676, 159.6555874426, 186.8676546555, 200.1732686586, 219.16296275829998, 253.4030482868, 289.0580301266, 308.97091351899996, 331.86176691069994, 355.6800031593999, 388.0, 410.632187455, 434.7301572658, 455.49855388180004, 457.70923002271, 467.57713446084, 471.26942385903, 497.89729882123, 513.40869521223, 524.17615661223, 552.7174684251299, 569.9302907678299, 589.0892053769298]
