Avion: 6      Iteracion: 28

Num Ruta: 31
Ingresos: 78000.0
Costos: 263.033347377
Utilidad Ruta: 77736.9666526
Costo Reducido: 70.580490541
Nodos: [106, 40, 80, 18, 36, 76, 34, 58, 74, 39, 79, 6, 46, 33, 73, 816]
q: [0.0, 15.0, -15.0, 3.0, 12.0, -12.0, 12.0, -3.0, -12.0, 8.0, -8.0, 5.0, -5.0, 10.0, -10.0, 0.0]
Q: [0.0, 15.0, 0.0, 3.0, 15.0, 3.0, 15.0, 12.0, 0.0, 8.0, 0.0, 5.0, 0.0, 10.0, 0.0, 0.0]
B: [0.0, 62.0, 94.5694417821, 293.0, 306.9670306436, 313.91517471234005, 327.63492270564007, 355.86696018084007, 371.0195898206401, 388.0, 410.632187455, 436.0, 439.69228939819, 562.0, 585.3035112376, 599.1444684661]
