Avion: 5      Iteracion: 36

Num Ruta: 36
Ingresos: 38400.0
Costos: 84.3586722814
Utilidad Ruta: 38315.6413277
Costo Reducido: 11.4647266451
Nodos: [105, 6, 46, 5, 45, 37, 77, 815]
q: [0, 5.0, -5.0, 12.0, -12.0, 15.0, -15.0, 0]
Q: [0, 5.0, 0.0, 12.0, 0.0, 15.0, 0.0, 0]
B: [0.0, 436.0, 439.69228939819, 469.0, 470.12168890518, 562.0, 582.7946534714999, 604.4220983506]
