Avion: 4      Iteracion: 50

Num Ruta: 42
Ingresos: 18000.0
Costos: 38.9258589679
Utilidad Ruta: 17961.074141
Costo Reducido: 4.68473771591
Nodos: [104, 36, 76, 814]
q: [0, 15.0, -15.0, 0]
Q: [0, 15.0, 0.0, 0]
B: [0.0, 251.0, 257.94814406874, 270.60759812494]
