Avion: 1      Iteracion: 20

Num Ruta: 21
Ingresos: 124800.0
Costos: 349.239476503
Utilidad Ruta: 124450.760523
Costo Reducido: 190.728478245
Nodos: [101, 40, 80, 31, 71, 14, 54, 3, 43, 23, 18, 58, 63, 26, 66, 6, 46, 5, 45, 38, 21, 61, 78, 811]
q: [0.0, 15.0, -15.0, 6.0, -6.0, 8.0, -8.0, 15.0, -15.0, 10.0, 5.0, -5.0, -10.0, 13.0, -13.0, 5.0, -5.0, 12.0, -12.0, 8.0, 7.0, -7.0, -8.0, 0.0]
Q: [0.0, 15.0, 0.0, 6.0, 0.0, 8.0, 0.0, 15.0, 0.0, 10.0, 15.0, 10.0, 0.0, 13.0, 0.0, 5.0, 0.0, 12.0, 0.0, 8.0, 15.0, 8.0, 0.0, 0.0]
B: [0.0, 62.0, 94.5694417821, 130.0, 143.3056140031, 160.3516205736, 172.3733323486, 256.0, 261.08428175852, 267.0, 293.0, 316.8182362487, 326.74376782137, 346.43014059547, 364.00936856487, 436.0, 439.69228939819, 469.0, 470.12168890518, 491.70338160988, 498.52629455085, 539.26508523005, 546.33501380112, 560.62443733742]
