Avion: 7      Iteracion: 27

Num Ruta: 30
Ingresos: 84000.0
Costos: 222.13245748
Utilidad Ruta: 83777.8675425
Costo Reducido: 107.041321632
Nodos: [107, 30, 16, 56, 70, 40, 80, 31, 11, 71, 51, 15, 55, 20, 4, 44, 60, 817]
q: [0.0, 11.0, 4.0, -4.0, -11.0, 15.0, -15.0, 6.0, 8.0, -6.0, -8.0, 11.0, -11.0, 10.0, 5.0, -5.0, -10.0, 0.0]
Q: [0.0, 11.0, 15.0, 11.0, 0.0, 15.0, 0.0, 6.0, 14.0, 8.0, 0.0, 11.0, 0.0, 10.0, 15.0, 10.0, 0.0, 0.0]
B: [0.0, 64.0, 72.20259129788, 81.82668273552001, 84.69783929691, 115.50769336991, 148.07713515201, 171.41562415621, 184.59835335011, 185.077232249207, 188.77161081670698, 511.0, 527.4211666151, 533.55501866744, 543.83416970244, 564.25991938264, 576.12114263324, 597.3969865883399]
