Avion: 7      Iteracion: 66

Num Ruta: 57
Ingresos: 80400.0
Costos: 272.459203008
Utilidad Ruta: 80127.540797
Costo Reducido: 3.24367087282
Nodos: [107, 12, 52, 10, 50, 35, 75, 18, 58, 29, 69, 37, 77, 817]
q: [0, 14.0, -14.0, 12.0, -12.0, 6.0, -6.0, 11.0, -11.0, 9.0, -9.0, 15.0, -15.0, 0]
Q: [0, 14.0, 0.0, 12.0, 0.0, 6.0, 0.0, 11.0, 0.0, 9.0, 0.0, 15.0, 0.0, 0]
B: [0.0, 54.0, 97.347924264, 106.06569462115, 135.58520535555, 279.0, 298.9128833924, 321.80373678409995, 345.62197303279993, 549.0, 582.7797797802, 602.0609649098, 622.8556183813, 638.4300067481]
