Avion: 4      Iteracion: 9

Num Ruta: 11
Ingresos: 74400.0
Costos: 310.866468586
Utilidad Ruta: 74089.1335314
Costo Reducido: 88903.6066763
Nodos: [104, 12, 52, 30, 70, 22, 62, 5, 45, 29, 27, 69, 67, 814]
q: [0, 14.0, -14.0, 11.0, -11.0, 10.0, -10.0, 12.0, -12.0, 9.0, 6.0, -9.0, -6.0, 0]
Q: [0, 14.0, 0.0, 11.0, 0.0, 10.0, 0.0, 12.0, 0.0, 9.0, 15.0, 6.0, 0.0, 0]
B: [0.0, 54.0, 97.347924264, 122.72227077779999, 141.4362934346, 299.0, 320.7546861389, 469.0, 470.12168890518, 549.0, 574.6018082369, 582.8182362320799, 598.26561380888, 632.24699694728]
