Avion: 3      Iteracion: 36

Num Ruta: 37
Ingresos: 74400.0
Costos: 237.264613961
Utilidad Ruta: 74162.735386
Costo Reducido: 54.1042074743
Nodos: [103, 24, 64, 1, 41, 18, 58, 20, 4, 44, 60, 37, 77, 813]
q: [0, 14.0, -14.0, 7.0, -7.0, 11.0, -11.0, 10.0, 5.0, -5.0, -10.0, 15.0, -15.0, 0]
Q: [0, 14.0, 0.0, 7.0, 0.0, 11.0, 0.0, 10.0, 15.0, 10.0, 0.0, 15.0, 0.0, 0]
B: [0.0, 61.0, 99.5129503025, 175.0, 209.2400855285, 293.0, 316.8182362487, 496.0, 529.0, 549.4257496801999, 561.2869729308, 572.8644908859, 593.6591443574, 614.6609398045]
