Avion: 3      Iteracion: 0

Num Ruta: 2
Ingresos: 170400.0
Costos: 591.16073201
Utilidad Ruta: 169808.839268
Costo Reducido: -
Nodos: [103, 9, 49, 12, 30, 52, 10, 70, 50, 1, 11, 51, 41, 3, 43, 36, 76, 26, 66, 8, 48, 25, 65, 21, 61, 27, 7, 67, 47, 813]
q: [0.0, 11.0, -11.0, 12.0, 3.0, -12.0, 12.0, -3.0, -12.0, 7.0, 8.0, -8.0, -7.0, 15.0, -15.0, 15.0, -15.0, 13.0, -13.0, 8.0, -8.0, 10.0, -10.0, 13.0, -13.0, 5.0, 10.0, -5.0, -10.0, 0.0]
Q: [0.0, 11.0, 0.0, 12.0, 15.0, 3.0, 15.0, 12.0, 0.0, 7.0, 15.0, 7.0, 0.0, 15.0, 0.0, 15.0, 0.0, 13.0, 0.0, 8.0, 0.0, 10.0, 0.0, 13.0, 0.0, 5.0, 15.0, 10.0, 0.0, 0.0]
B: [0.0, 28.0, 57.5272370025, 68.3142737596, 86.8453366811, 112.2196831949, 120.93745355205, 139.63050383815, 158.53130173135, 196.95064290215, 215.63147149725, 219.68553834426, 254.00126768226, 261.09781959146, 266.18210134998, 301.10156665228, 308.04971072102, 348.35209517902, 365.93132314842, 414.0, 434.768396616, 468.12895782230004, 485.31394013240003, 493.48265361740005, 534.2214442966, 547.3988924942, 575.0622158665001, 599.7867307657001, 604.1866513331601, 630.59616783766]
