Avion: 7      Iteracion: 9

Num Ruta: 13
Ingresos: 40800.0
Costos: 119.746535968
Utilidad Ruta: 40680.253464
Costo Reducido: 57622.1536553
Nodos: [107, 30, 70, 16, 56, 10, 50, 817]
q: [0, 11.0, -11.0, 11.0, -11.0, 12.0, -12.0, 0]
Q: [0, 11.0, 0.0, 11.0, 0.0, 12.0, 0.0, 0]
B: [0.0, 64.0, 82.7140226568, 93.53069441849999, 103.15478585614, 118.98406306644, 148.50357380084, 176.66006173884]
