Avion: 4      Iteracion: 33

Num Ruta: 31
Ingresos: 92400.0
Costos: 326.853409505
Utilidad Ruta: 92073.1465905
Costo Reducido: 35.7743983894
Nodos: [104, 17, 16, 56, 57, 12, 52, 11, 51, 36, 76, 25, 21, 65, 38, 7, 47, 61, 78, 814]
q: [0.0, 5.0, 10.0, -10.0, -5.0, 14.0, -14.0, 8.0, -8.0, 15.0, -15.0, 10.0, 0.0, -10.0, 5.0, 10.0, -10.0, 0.0, -5.0, 0.0]
Q: [0.0, 5.0, 15.0, 5.0, 0.0, 14.0, 0.0, 8.0, 0.0, 15.0, 0.0, 10.0, 10.0, 0.0, 5.0, 15.0, 5.0, 5.0, 0.0, 0.0]
B: [0.0, 24.0, 58.8014769802, 68.42556841784, 83.07333718993999, 102.78203093153999, 146.12995519554, 179.05523376684, 183.10930061385, 251.0, 257.94814406874, 410.0, 477.0, 485.168713485, 489.49037624371, 517.0, 545.5413118129, 562.7541341555999, 569.8240627266699, 613.8251938484699]
