Avion: 3      Iteracion: 62

Num Ruta: 54
Ingresos: 87600.0
Costos: 288.080901879
Utilidad Ruta: 87311.9190981
Costo Reducido: 0.352966769919
Nodos: [103, 40, 80, 26, 66, 22, 62, 19, 32, 8, 59, 48, 6, 46, 72, 29, 27, 69, 67, 813]
q: [0.0, 15.0, -15.0, 13.0, -13.0, 10.0, -10.0, 7.0, 6.0, 2.0, -7.0, -2.0, 5.0, -5.0, -6.0, 9.0, 6.0, -9.0, -6.0, 0.0]
Q: [0.0, 15.0, 0.0, 13.0, 0.0, 10.0, 0.0, 7.0, 13.0, 15.0, 8.0, 6.0, 11.0, 6.0, 0.0, 9.0, 15.0, 6.0, 0.0, 0.0]
B: [0.0, 62.0, 94.5694417821, 300.0, 317.5792279694, 331.2134086195, 352.9680947584, 402.0, 422.0, 433.4468981388, 451.4038575696, 454.33197676116, 463.52264839059, 467.21493778878, 489.87230943688, 549.0, 574.6018082369, 582.8182362320799, 598.26561380888, 620.66352757338]
