Avion: 3      Iteracion: 9

Num Ruta: 11
Ingresos: 124800.0
Costos: 541.072450482
Utilidad Ruta: 124258.92755
Costo Reducido: 132069.783575
Nodos: [103, 12, 52, 10, 30, 70, 50, 1, 41, 35, 75, 22, 62, 18, 58, 39, 32, 72, 79, 5, 45, 4, 29, 27, 69, 67, 44, 813]
q: [0.0, 14.0, -14.0, 4.0, 11.0, -11.0, -4.0, 7.0, -7.0, 6.0, -6.0, 10.0, -10.0, 11.0, -11.0, 8.0, 6.0, -6.0, -8.0, 12.0, -12.0, 0.0, 9.0, 6.0, -9.0, -6.0, 0.0, 0.0]
Q: [0.0, 14.0, 0.0, 4.0, 15.0, 4.0, 0.0, 7.0, 0.0, 6.0, 0.0, 10.0, 0.0, 11.0, 0.0, 8.0, 14.0, 8.0, 0.0, 12.0, 0.0, 0.0, 9.0, 15.0, 6.0, 0.0, 0.0, 0.0]
B: [0.0, 54.0, 97.347924264, 106.06569462115, 122.80459819935, 141.51862085615, 160.41941874935, 198.83875992015, 233.07884544865001, 279.0, 298.9128833924, 314.02713802169995, 335.78182416059997, 349.182260758, 373.00049700669996, 388.0, 425.0721191868, 452.92947500170004, 468.1434572877, 480.70799201840003, 481.82968092358004, 529.0, 549.7100026316, 575.3118108685, 583.5282388636799, 598.9756164404799, 604.3908749753999, 631.9431483842999]
