Avion: 1      Iteracion: 79

Num Ruta: 52
Ingresos: 88800.0
Costos: 218.599661537
Utilidad Ruta: 88581.4003385
Costo Reducido: 11.8868466896
Nodos: [101, 14, 54, 3, 43, 23, 63, 28, 68, 15, 21, 55, 38, 78, 61, 33, 73, 811]
q: [0.0, 8.0, -8.0, 15.0, -15.0, 10.0, -10.0, 8.0, -8.0, 8.0, 7.0, -8.0, 8.0, -8.0, -7.0, 10.0, -10.0, 0.0]
Q: [0.0, 8.0, 0.0, 15.0, 0.0, 10.0, 0.0, 8.0, 0.0, 8.0, 15.0, 7.0, 15.0, 7.0, 0.0, 10.0, 0.0, 0.0]
B: [0.0, 112.0, 124.021711775, 256.0, 261.08428175852, 267.0, 306.733842905, 378.0, 414.0266187839, 511.0, 516.67223351071, 527.47150163401, 531.55876734595, 564.42765398665, 571.49758255772, 581.6531274963199, 604.9566387339199, 610.87561499675]
