Avion: 6      Iteracion: 0

Num Ruta: 4
Ingresos: 0
Costos: 41.3226767042
Utilidad Ruta: -41.3226767042
Costo Reducido: -
Nodos: [106, 816]
q: [0, 0]
Q: [0, 0]
B: [0, 0]
