Avion: 2      Iteracion: 47

Num Ruta: 44
Ingresos: 139200.0
Costos: 424.192615609
Utilidad Ruta: 138775.807384
Costo Reducido: 24.7236565667
Nodos: [102, 30, 16, 56, 70, 24, 64, 1, 41, 23, 18, 63, 58, 22, 62, 19, 8, 59, 48, 13, 53, 21, 38, 78, 61, 33, 73, 812]
q: [0.0, 11.0, 4.0, -4.0, -11.0, 14.0, -14.0, 7.0, -7.0, 10.0, 5.0, -10.0, -5.0, 10.0, -10.0, 7.0, 8.0, -7.0, -8.0, 15.0, -15.0, 13.0, 2.0, -2.0, -13.0, 10.0, -10.0, 0.0]
Q: [0.0, 11.0, 15.0, 11.0, 0.0, 14.0, 0.0, 7.0, 0.0, 10.0, 15.0, 5.0, 0.0, 10.0, 0.0, 7.0, 15.0, 8.0, 0.0, 15.0, 0.0, 13.0, 15.0, 13.0, 0.0, 10.0, 0.0, 0.0]
B: [0.0, 64.0, 72.20259129788, 81.82668273552001, 84.69783929691, 109.43181018721, 147.94476048971, 175.0, 209.2400855285, 267.0, 293.0, 318.4393114097, 328.36484298237, 343.84769039487, 365.60237653377004, 402.0, 425.1608815463, 443.1178409771, 446.04596016866, 448.25663630956996, 465.13978725956997, 480.65118365057, 487.47409659154, 520.3429832322399, 527.41291180331, 562.0, 585.3035112376, 604.5497183964]
