Avion: 4      Iteracion: 13

Num Ruta: 14
Ingresos: 150000.0
Costos: 529.552319275
Utilidad Ruta: 149470.447681
Costo Reducido: 1318.80983887
Nodos: [104, 9, 24, 49, 12, 52, 64, 31, 71, 3, 43, 36, 76, 34, 74, 28, 68, 19, 32, 59, 13, 72, 53, 15, 55, 7, 47, 814]
q: [0.0, 11.0, 1.0, -11.0, 14.0, -14.0, -1.0, 6.0, -6.0, 15.0, -15.0, 15.0, -15.0, 12.0, -12.0, 8.0, -8.0, 7.0, 6.0, -7.0, 9.0, -6.0, -9.0, 11.0, -11.0, 10.0, -10.0, 0.0]
Q: [0.0, 11.0, 12.0, 1.0, 15.0, 1.0, 0.0, 6.0, 0.0, 15.0, 0.0, 15.0, 0.0, 12.0, 0.0, 8.0, 0.0, 7.0, 13.0, 6.0, 15.0, 9.0, 0.0, 11.0, 0.0, 10.0, 0.0, 0.0]
B: [0.0, 49.232321223, 61.0, 85.1402498951, 95.9272866522, 139.2752109162, 155.2074484866, 166.4918062441, 179.7974202472, 256.0, 261.08428175852, 296.00374706082, 302.95189112956, 316.67163912286003, 357.61923715986, 378.0, 414.0266187839, 426.5624120576, 438.27732669659997, 457.84979738889996, 462.07741669532, 475.91959647312, 479.99054685356003, 511.0, 527.4211666151, 538.3259061809999, 566.8672179938999, 604.2691337335999]
