Avion: 4      Iteracion: 37

Num Ruta: 34
Ingresos: 19200.0
Costos: 105.568822187
Utilidad Ruta: 19094.4311778
Costo Reducido: 19.3292479944
Nodos: [104, 17, 57, 9, 49, 814]
q: [0, 5.0, -5.0, 11.0, -11.0, 0]
Q: [0, 5.0, 0.0, 11.0, 0.0, 0]
B: [0.0, 24.0, 58.8425537813, 81.72911018459999, 111.25634718709999, 117.43254545139999]
