Avion: 3      Iteracion: 43

Num Ruta: 42
Ingresos: 122400.0
Costos: 321.405377933
Utilidad Ruta: 122078.594622
Costo Reducido: 40.1262705587
Nodos: [103, 9, 49, 11, 51, 36, 76, 34, 74, 39, 28, 79, 68, 15, 55, 20, 7, 47, 60, 37, 77, 813]
q: [0.0, 11.0, -11.0, 8.0, -8.0, 15.0, -15.0, 12.0, -12.0, 7.0, 8.0, -7.0, -8.0, 11.0, -11.0, 10.0, 5.0, -5.0, -10.0, 15.0, -15.0, 0.0]
Q: [0.0, 11.0, 0.0, 8.0, 0.0, 15.0, 0.0, 12.0, 0.0, 7.0, 15.0, 8.0, 0.0, 11.0, 0.0, 10.0, 15.0, 10.0, 0.0, 15.0, 0.0, 0.0]
B: [0.0, 28.0, 57.5272370025, 169.0, 173.05406684701, 251.0, 257.94814406874, 283.0, 323.947598037, 388.0, 399.3210123222, 412.3114993416, 448.3244104708, 511.0, 527.4211666151, 533.55501866744, 542.2979730879999, 570.8392849008999, 583.8029694465998, 595.3804874016998, 616.1751408731998, 637.1769363202998]
