Avion: 3      Iteracion: 0

Num Ruta: 3
Ingresos: 181200.0
Costos: 552.246342523
Utilidad Ruta: 180647.753657
Costo Reducido: -
Nodos: [103, 9, 49, 12, 30, 52, 10, 70, 50, 1, 11, 51, 41, 3, 43, 36, 76, 26, 66, 13, 53, 5, 45, 21, 61, 27, 37, 67, 77, 813]
q: [0.0, 11.0, -11.0, 14.0, 1.0, -14.0, 12.0, -1.0, -12.0, 7.0, 8.0, -8.0, -7.0, 15.0, -15.0, 15.0, -15.0, 13.0, -13.0, 15.0, -15.0, 12.0, -12.0, 13.0, -13.0, 0.0, 15.0, 0.0, -15.0, 0.0]
Q: [0.0, 11.0, 0.0, 14.0, 15.0, 1.0, 13.0, 12.0, 0.0, 7.0, 15.0, 7.0, 0.0, 15.0, 0.0, 15.0, 0.0, 13.0, 0.0, 15.0, 0.0, 12.0, 0.0, 13.0, 0.0, 0.0, 15.0, 15.0, 0.0, 0.0]
B: [0.0, 28.0, 57.5272370025, 68.3142737596, 86.8453366811, 112.2196831949, 120.93745355205, 139.63050383815, 158.53130173135, 196.95064290215, 215.63147149725, 219.68553834426, 254.00126768226, 261.09781959146, 266.18210134998, 301.10156665228, 308.04971072102, 348.35209517902, 365.93132314842, 423.0, 439.88315095, 469.0, 470.12168890518, 498.36127928818, 539.10006996738, 552.27751816498, 575.1374488953801, 581.9734145184701, 603.6314787209701, 624.6332741680701]
