Avion: 6      Iteracion: 77

Num Ruta: 62
Ingresos: 99600.0
Costos: 339.261669376
Utilidad Ruta: 99260.7383306
Costo Reducido: 3.91804874917
Nodos: [106, 40, 80, 10, 50, 35, 26, 75, 66, 28, 79, 39, 68, 25, 65, 21, 38, 78, 61, 816]
q: [0.0, 15.0, -15.0, 12.0, -12.0, 6.0, 9.0, -6.0, -9.0, 8.0, -8.0, 8.0, -8.0, 10.0, -10.0, 13.0, 2.0, -2.0, -13.0, 0.0]
Q: [0.0, 15.0, 0.0, 12.0, 0.0, 6.0, 15.0, 9.0, 0.0, 8.0, 0.0, 8.0, 0.0, 10.0, 0.0, 13.0, 15.0, 13.0, 0.0, 0.0]
B: [0.0, 62.0, 94.5694417821, 111.75013586, 141.2696465944, 279.0, 300.0, 309.29300538039, 319.11482114938, 378.0, 410.0, 432.632187455, 464.0615948468, 467.39497346316, 484.57995577326, 492.74866925826, 499.57158219923, 532.44046883993, 539.510397411, 573.4409291781]
