Avion: 5      Iteracion: 32

Num Ruta: 33
Ingresos: 15600.0
Costos: 36.7583155608
Utilidad Ruta: 15563.2416844
Costo Reducido: 18.2100269788
Nodos: [105, 26, 66, 815]
q: [0, 13.0, -13.0, 0]
Q: [0, 13.0, 0.0, 0]
B: [0.0, 300.0, 317.5792279694, 335.3770505609]
