Avion: 1      Iteracion: 33

Num Ruta: 32
Ingresos: 102000.0
Costos: 281.651369442
Utilidad Ruta: 101718.348631
Costo Reducido: 17.8386070161
Nodos: [101, 30, 16, 56, 70, 24, 64, 1, 41, 3, 43, 23, 18, 63, 58, 28, 68, 15, 55, 811]
q: [0.0, 4.0, 11.0, -11.0, -4.0, 14.0, -14.0, 7.0, -7.0, 15.0, -15.0, 10.0, 5.0, -10.0, -5.0, 8.0, -8.0, 11.0, -11.0, 0.0]
Q: [0.0, 4.0, 15.0, 4.0, 0.0, 14.0, 0.0, 7.0, 0.0, 15.0, 0.0, 10.0, 15.0, 5.0, 0.0, 8.0, 0.0, 11.0, 0.0, 0.0]
B: [0.0, 64.0, 72.20259129788, 81.82668273552001, 84.69783929691, 109.43181018721, 147.94476048971, 175.0, 209.2400855285, 256.0, 261.08428175852, 267.0, 293.0, 318.4393114097, 328.36484298237, 378.0, 414.0266187839, 511.0, 527.4211666151, 545.4947247872]
