Avion: 2      Iteracion: 20

Num Ruta: 21
Ingresos: 96000.0
Costos: 311.118580103
Utilidad Ruta: 95688.8814199
Costo Reducido: 114.695249976
Nodos: [102, 17, 57, 30, 16, 56, 70, 40, 80, 26, 66, 6, 46, 5, 45, 38, 21, 78, 61, 812]
q: [0.0, 5.0, -5.0, 11.0, 4.0, -4.0, -11.0, 15.0, -15.0, 13.0, -13.0, 5.0, -5.0, 12.0, -12.0, 8.0, 7.0, -8.0, -7.0, 0.0]
Q: [0.0, 5.0, 0.0, 11.0, 15.0, 11.0, 0.0, 15.0, 0.0, 13.0, 0.0, 5.0, 0.0, 12.0, 0.0, 8.0, 15.0, 7.0, 0.0, 0.0]
B: [0.0, 25.145167826, 59.9877216073, 64.0, 72.20259129788, 81.82668273552001, 84.69783929691, 115.50769336991, 148.07713515201, 300.0, 317.5792279694, 436.0, 439.69228939819, 469.0, 470.12168890518, 491.70338160988, 498.52629455085, 537.0380330210501, 544.1079615921201, 574.5797785547201]
