Avion: 3      Iteracion: 4

Num Ruta: 8
Ingresos: 187200.0
Costos: 603.236529713
Utilidad Ruta: 186596.76347
Costo Reducido: 236777.911622
Nodos: [103, 9, 49, 30, 16, 56, 10, 70, 50, 31, 11, 71, 51, 3, 43, 36, 76, 34, 74, 28, 68, 25, 32, 72, 65, 21, 45, 5, 61, 2, 37, 42, 77, 813]
q: [0.0, 11.0, -11.0, 4.0, 11.0, -11.0, 11.0, -4.0, -11.0, 6.0, 8.0, -6.0, -8.0, 15.0, -15.0, 15.0, -15.0, 12.0, -12.0, 8.0, -8.0, 9.0, 6.0, -6.0, -9.0, 13.0, -12.0, 12.0, -13.0, 9.0, 6.0, -9.0, -6.0, 0.0]
Q: [0.0, 11.0, 0.0, 4.0, 15.0, 4.0, 15.0, 11.0, 0.0, 6.0, 14.0, 8.0, 0.0, 15.0, 0.0, 15.0, 0.0, 12.0, 0.0, 8.0, 0.0, 9.0, 15.0, 9.0, 0.0, 13.0, 1.0, 13.0, 0.0, 9.0, 15.0, 6.0, 0.0, 0.0]
B: [0.0, 28.0, 57.5272370025, 73.3151373379, 81.51772863578, 91.14182007342, 106.97109728372001, 125.66414756982002, 144.56494546302002, 184.17309980022003, 197.35582899412003, 197.83470789321703, 201.52908646071702, 256.0, 261.08428175852, 296.00374706082, 302.95189112956, 316.67163912286003, 357.61923715986, 378.0, 414.0266187839, 417.35999740026, 438.02644569216, 465.88380150706, 476.86886978176, 485.03758326676, 513.27717364976, 514.39886255494, 536.02152337644, 559.87253710754, 564.9862958034499, 600.7903290539499, 635.7985018140499, 656.8002972611499]
