Avion: 1      Iteracion: 5

Num Ruta: 7
Ingresos: 129600.0
Costos: 508.10452077
Utilidad Ruta: 129091.895479
Costo Reducido: 216909.459874
Nodos: [101, 16, 56, 40, 80, 10, 50, 11, 51, 18, 34, 58, 74, 28, 68, 25, 65, 32, 8, 48, 72, 4, 15, 55, 44, 811]
q: [0.0, 11.0, -11.0, 15.0, -15.0, 12.0, -12.0, 8.0, -8.0, 3.0, 12.0, -3.0, -12.0, 8.0, -8.0, 10.0, -10.0, 6.0, 8.0, -8.0, -6.0, 5.0, 10.0, -10.0, -5.0, 0.0]
Q: [0.0, 11.0, 0.0, 15.0, 0.0, 12.0, 0.0, 8.0, 0.0, 3.0, 15.0, 12.0, 0.0, 8.0, 0.0, 10.0, 0.0, 6.0, 14.0, 6.0, 0.0, 5.0, 15.0, 5.0, 0.0, 0.0]
B: [0.0, 36.0, 45.624091437640004, 77.27284989674001, 109.84229167884001, 127.02298575674001, 156.54249649114, 209.18071307374, 213.23477992075001, 293.0, 316.7154937119, 344.9475311871, 360.10016082690004, 378.0, 414.0266187839, 417.35999740026, 434.54497971036, 453.08990915216, 464.53680729096, 485.30520390696, 501.35430263556, 529.0, 549.1904234725, 565.6115900876, 590.1308214989, 615.0568395523]
