Avion: 2      Iteracion: 36

Num Ruta: 37
Ingresos: 120000.0
Costos: 391.641193439
Utilidad Ruta: 119608.358807
Costo Reducido: 45.0757296223
Nodos: [102, 30, 16, 56, 70, 24, 64, 1, 41, 18, 58, 28, 68, 21, 38, 78, 61, 4, 7, 47, 44, 37, 77, 812]
q: [0.0, 11.0, 4.0, -4.0, -11.0, 14.0, -14.0, 7.0, -7.0, 11.0, -11.0, 8.0, -8.0, 13.0, 2.0, -2.0, -13.0, 5.0, 10.0, -10.0, -5.0, 15.0, -15.0, 0.0]
Q: [0.0, 11.0, 15.0, 11.0, 0.0, 14.0, 0.0, 7.0, 0.0, 11.0, 0.0, 8.0, 0.0, 13.0, 15.0, 13.0, 0.0, 5.0, 15.0, 5.0, 0.0, 15.0, 0.0, 0.0]
B: [0.0, 64.0, 72.20259129788, 81.82668273552001, 84.69783929691, 109.43181018721, 147.94476048971, 175.0, 209.2400855285, 293.0, 316.8182362487, 378.0, 414.0266187839, 477.0, 483.82291294097, 516.69179958167, 523.76172815274, 552.93152556374, 563.29489885624, 591.83621066914, 592.9965847467499, 600.0609568349099, 620.85561030641, 639.55484515711]
