Avion: 5      Iteracion: 11

Num Ruta: 13
Ingresos: 134400.0
Costos: 460.677987277
Utilidad Ruta: 133939.322013
Costo Reducido: 167220.584075
Nodos: [105, 17, 57, 16, 56, 24, 64, 11, 51, 18, 58, 28, 39, 68, 25, 65, 79, 6, 46, 5, 45, 38, 27, 78, 2, 67, 42, 815]
q: [0.0, 5.0, -5.0, 11.0, -11.0, 14.0, -14.0, 8.0, -8.0, 11.0, -11.0, 8.0, 5.0, -8.0, 10.0, -10.0, -5.0, 5.0, -5.0, 12.0, -12.0, 8.0, 6.0, -8.0, 9.0, -6.0, -9.0, 0.0]
Q: [0.0, 5.0, 0.0, 11.0, 0.0, 14.0, 0.0, 8.0, 0.0, 11.0, 0.0, 8.0, 13.0, 5.0, 15.0, 5.0, 0.0, 5.0, 0.0, 12.0, 0.0, 8.0, 14.0, 6.0, 15.0, 9.0, 0.0, 0.0]
B: [0.0, 24.8000597782, 59.6426135595, 64.97425289464, 74.59834433228, 99.82454341178001, 138.33749371428001, 169.0, 173.05406684701, 293.0, 316.8182362487, 378.0, 389.3210123222, 420.750419714, 424.08379833035997, 441.26878064045997, 460.17589178945997, 466.86413595365997, 470.55642535184995, 488.94528556664994, 490.06697447182995, 511.64866717652995, 538.0, 549.5357273286, 579.3866008502, 590.8386739376, 620.1792042838999, 634.8793812895999]
