Avion: 1      Iteracion: 11

Num Ruta: 13
Ingresos: 98400.0
Costos: 414.803002907
Utilidad Ruta: 97985.1969971
Costo Reducido: 134611.051431
Nodos: [101, 9, 49, 16, 56, 24, 64, 11, 51, 25, 65, 6, 46, 38, 78, 2, 27, 67, 42, 811]
q: [0, 11.0, -11.0, 11.0, -11.0, 14.0, -14.0, 8.0, -8.0, 10.0, -10.0, 5.0, -5.0, 8.0, -8.0, 9.0, 6.0, -6.0, -9.0, 0]
Q: [0, 11.0, 0.0, 11.0, 0.0, 14.0, 0.0, 8.0, 0.0, 10.0, 0.0, 5.0, 0.0, 8.0, 0.0, 9.0, 15.0, 9.0, 0.0, 0]
B: [0.0, 28.0, 57.5272370025, 81.2570211777, 90.88111261534, 116.10731169484, 154.62026199734, 173.43269068164, 177.48675752865, 410.0, 427.1849823101, 452.6867527977, 456.37904219589, 486.77208485369, 519.64097149439, 549.49184501599, 575.27581338779, 592.30667575589, 621.64720610219, 644.4014080437901]
