Avion: 7      Iteracion: 57

Num Ruta: 53
Ingresos: 78000.0
Costos: 198.412287625
Utilidad Ruta: 77801.5877124
Costo Reducido: 2.94763611488
Nodos: [107, 36, 76, 34, 74, 39, 79, 13, 53, 29, 69, 27, 67, 817]
q: [0, 15.0, -15.0, 12.0, -12.0, 8.0, -8.0, 15.0, -15.0, 9.0, -9.0, 6.0, -6.0, 0]
Q: [0, 15.0, 0.0, 12.0, 0.0, 8.0, 0.0, 15.0, 0.0, 9.0, 0.0, 6.0, 0.0, 0]
B: [0.0, 251.0, 257.94814406874, 283.0, 323.947598037, 388.0, 410.632187455, 423.0, 439.88315095, 549.0, 582.7797797802, 590.99620777538, 608.0270701434799, 614.7317649165499]
