Avion: 3      Iteracion: 46

Num Ruta: 45
Ingresos: 110400.0
Costos: 252.490680092
Utilidad Ruta: 110147.50932
Costo Reducido: 14.540833732
Nodos: [103, 24, 64, 1, 41, 3, 43, 36, 76, 15, 55, 7, 4, 47, 44, 37, 77, 813]
q: [0, 14.0, -14.0, 7.0, -7.0, 15.0, -15.0, 15.0, -15.0, 11.0, -11.0, 10.0, 5.0, -10.0, -5.0, 15.0, -15.0, 0]
Q: [0, 14.0, 0.0, 7.0, 0.0, 15.0, 0.0, 15.0, 0.0, 11.0, 0.0, 10.0, 15.0, 5.0, 0.0, 15.0, 0.0, 0]
B: [0.0, 61.0, 99.5129503025, 175.0, 209.2400855285, 256.0, 261.08428175852, 296.00374706082, 302.95189112956, 511.0, 527.4211666151, 538.3259061809999, 548.6892794734999, 567.9616404602, 569.12201453781, 576.1863866259699, 596.98104009747, 617.98283554457]
