Avion: 3      Iteracion: 20

Num Ruta: 22
Ingresos: 106800.0
Costos: 293.821379982
Utilidad Ruta: 106506.17862
Costo Reducido: 134.259531212
Nodos: [103, 40, 80, 26, 66, 22, 62, 19, 25, 65, 59, 5, 45, 7, 4, 47, 44, 2, 42, 813]
q: [0.0, 15.0, -15.0, 13.0, -13.0, 10.0, -10.0, 7.0, 8.0, -8.0, -7.0, 12.0, -12.0, 10.0, 5.0, -10.0, -5.0, 9.0, -9.0, 0.0]
Q: [0.0, 15.0, 0.0, 13.0, 0.0, 10.0, 0.0, 7.0, 15.0, 7.0, 0.0, 12.0, 0.0, 10.0, 15.0, 5.0, 0.0, 9.0, 0.0, 0.0]
B: [0.0, 62.0, 94.5694417821, 300.0, 317.5792279694, 331.2134086195, 352.9680947584, 402.0, 411.3920072402, 428.57698955029997, 445.3638459862, 469.0, 470.12168890518, 517.0, 529.0, 548.2723609867, 549.43273506431, 558.88720157491, 599.62216362231, 613.97993239051]
