Avion: 5      Iteracion: 5

Num Ruta: 8
Ingresos: 150000.0
Costos: 535.144358248
Utilidad Ruta: 149464.855642
Costo Reducido: 189230.709178
Nodos: [105, 16, 56, 40, 80, 10, 50, 11, 51, 34, 18, 58, 74, 28, 39, 68, 25, 65, 79, 15, 55, 4, 33, 73, 44, 37, 77, 815]
q: [0.0, 11.0, -11.0, 15.0, -15.0, 12.0, -12.0, 8.0, -8.0, 12.0, 3.0, -3.0, -12.0, 8.0, 7.0, -8.0, 8.0, -8.0, -7.0, 11.0, -11.0, 5.0, 10.0, -10.0, -5.0, 15.0, -15.0, 0.0]
Q: [0.0, 11.0, 0.0, 15.0, 0.0, 12.0, 0.0, 8.0, 0.0, 12.0, 15.0, 12.0, 0.0, 8.0, 15.0, 7.0, 15.0, 7.0, 0.0, 11.0, 0.0, 5.0, 15.0, 5.0, 0.0, 15.0, 0.0, 0.0]
B: [0.0, 36.0, 45.624091437640004, 77.27284989674001, 109.84229167884001, 127.02298575674001, 156.54249649114, 209.18071307374, 213.23477992075001, 283.0, 306.7154937119, 330.5337299606, 345.6863596004, 378.0, 389.3210123222, 420.750419714, 424.08379833035997, 441.26878064045997, 460.17589178945997, 511.0, 527.4211666151, 532.99584588839, 562.0, 585.3035112376, 606.8414253427, 613.9057974308599, 634.70045090236, 656.32789578146]
