Avion: 2      Iteracion: 15

Num Ruta: 17
Ingresos: 50400.0
Costos: 145.389976986
Utilidad Ruta: 50254.610023
Costo Reducido: 185.791515564
Nodos: [102, 11, 51, 15, 55, 38, 78, 37, 77, 812]
q: [0, 8.0, -8.0, 11.0, -11.0, 8.0, -8.0, 15.0, -15.0, 0]
Q: [0, 8.0, 0.0, 11.0, 0.0, 8.0, 0.0, 15.0, 0.0, 0]
B: [0.0, 169.0, 173.05406684701, 511.0, 527.4211666151, 531.5084323270399, 564.3773189677399, 593.12993265764, 613.9245861291399, 632.6238209798399]
