Avion: 2      Iteracion: 61

Num Ruta: 54
Ingresos: 96000.0
Costos: 309.796390529
Utilidad Ruta: 95690.2036095
Costo Reducido: 5.04402176995
Nodos: [102, 30, 16, 56, 70, 40, 80, 1, 41, 8, 32, 48, 6, 46, 13, 72, 53, 29, 27, 69, 67, 812]
q: [0.0, 11.0, 4.0, -4.0, -11.0, 15.0, -15.0, 7.0, -7.0, 8.0, 6.0, -8.0, 5.0, -5.0, 9.0, -6.0, -9.0, 9.0, 6.0, -9.0, -6.0, 0.0]
Q: [0.0, 11.0, 15.0, 11.0, 0.0, 15.0, 0.0, 7.0, 0.0, 8.0, 14.0, 6.0, 11.0, 6.0, 15.0, 9.0, 0.0, 9.0, 15.0, 6.0, 0.0, 0.0]
B: [0.0, 64.0, 72.20259129788, 81.82668273552001, 84.69783929691, 115.50769336991, 148.07713515201, 175.0, 209.2400855285, 414.0, 425.4468981388, 447.8266328334, 457.01730446283, 460.70959386102, 474.11965996822, 487.96183974602, 492.03279012646004, 549.0, 574.6018082369, 582.8182362320799, 598.26561380888, 611.68202007138]
