Avion: 3      Iteracion: 65

Num Ruta: 57
Ingresos: 36000.0
Costos: 118.794539232
Utilidad Ruta: 35881.2054608
Costo Reducido: 3.65830201666
Nodos: [103, 40, 80, 2, 33, 73, 42, 813]
q: [0.0, 15.0, -15.0, 9.0, 6.0, -6.0, -9.0, 0.0]
Q: [0.0, 15.0, 0.0, 9.0, 15.0, 9.0, 0.0, 0.0]
B: [0.0, 62.0, 94.5694417821, 522.0, 562.0, 585.3035112376, 603.8222952689999, 618.1800640371999]
