Avion: 7      Iteracion: 34

Num Ruta: 35
Ingresos: 63600.0
Costos: 135.496143043
Utilidad Ruta: 63464.503857
Costo Reducido: 55.3779769189
Nodos: [107, 11, 51, 36, 76, 29, 69, 27, 67, 37, 77, 817]
q: [0, 8.0, -8.0, 15.0, -15.0, 9.0, -9.0, 6.0, -6.0, 15.0, -15.0, 0]
Q: [0, 8.0, 0.0, 15.0, 0.0, 9.0, 0.0, 6.0, 0.0, 15.0, 0.0, 0]
B: [0.0, 169.0, 173.05406684701, 251.0, 257.94814406874, 549.0, 582.7797797802, 590.99620777538, 608.0270701434799, 614.86303576657, 635.6576892380699, 651.2320776048699]
