Avion: 7      Iteracion: 15

Num Ruta: 19
Ingresos: 18000.0
Costos: 62.2879705392
Utilidad Ruta: 17937.7120295
Costo Reducido: 31.1345211967
Nodos: [107, 37, 77, 817]
q: [0, 15.0, -15.0, 0]
Q: [0, 15.0, 0.0, 0]
B: [0.0, 562.0, 582.7946534714999, 598.3690418383]
