Avion: 7      Iteracion: 25

Num Ruta: 28
Ingresos: 91200.0
Costos: 253.834813849
Utilidad Ruta: 90946.1651862
Costo Reducido: 74.7173951391
Nodos: [107, 11, 51, 34, 74, 39, 79, 6, 46, 5, 45, 7, 47, 27, 67, 37, 77, 817]
q: [0, 8.0, -8.0, 12.0, -12.0, 8.0, -8.0, 5.0, -5.0, 12.0, -12.0, 10.0, -10.0, 6.0, -6.0, 15.0, -15.0, 0]
Q: [0, 8.0, 0.0, 12.0, 0.0, 8.0, 0.0, 5.0, 0.0, 12.0, 0.0, 10.0, 0.0, 6.0, 0.0, 15.0, 0.0, 0]
B: [0.0, 169.0, 173.05406684701, 283.0, 323.947598037, 388.0, 410.632187455, 436.0, 439.69228939819, 469.0, 470.12168890518, 517.0, 545.5413118129, 561.3810866849999, 578.4119490530999, 585.2479146761899, 606.04256814769, 621.61695651449]
