Avion: 2      Iteracion: 42

Num Ruta: 42
Ingresos: 122400.0
Costos: 329.714875234
Utilidad Ruta: 122070.285125
Costo Reducido: 3.3367929337
Nodos: [102, 30, 16, 70, 56, 10, 50, 35, 26, 75, 66, 13, 53, 6, 46, 5, 45, 2, 42, 29, 69, 33, 73, 812]
q: [0.0, 11.0, 4.0, -11.0, -4.0, 12.0, -12.0, 6.0, 9.0, -6.0, -9.0, 15.0, -15.0, 5.0, -5.0, 12.0, -12.0, 9.0, -9.0, 9.0, -9.0, 10.0, -10.0, 0.0]
Q: [0.0, 11.0, 15.0, 4.0, 0.0, 12.0, 0.0, 6.0, 15.0, 9.0, 0.0, 15.0, 0.0, 5.0, 0.0, 12.0, 0.0, 9.0, 0.0, 9.0, 0.0, 10.0, 0.0, 0.0]
B: [0.0, 64.0, 72.20259129788, 83.01926305958, 85.89041962097, 101.71969683127, 131.23920756567, 279.0, 300.0, 309.29300538039, 319.11482114938, 423.0, 439.88315095, 464.1060995732, 467.79838897139, 486.18724918619, 487.30893809137, 522.0, 562.7349620474, 572.53970258451, 606.31948236471, 615.17097404691, 638.47448528451, 657.72069244331]
