Avion: 4      Iteracion: 11

Num Ruta: 13
Ingresos: 133200.0
Costos: 489.930460638
Utilidad Ruta: 132710.069539
Costo Reducido: 145225.409242
Nodos: [104, 16, 56, 24, 12, 52, 64, 31, 11, 71, 51, 22, 62, 18, 58, 28, 68, 25, 65, 6, 46, 5, 45, 38, 2, 78, 42, 814]
q: [0.0, 11.0, -11.0, 1.0, 14.0, -14.0, -1.0, 6.0, 8.0, -6.0, -8.0, 10.0, -10.0, 11.0, -11.0, 8.0, -8.0, 10.0, -10.0, 5.0, -5.0, 12.0, -12.0, 6.0, 9.0, -6.0, -9.0, 0.0]
Q: [0.0, 11.0, 0.0, 1.0, 15.0, 1.0, 0.0, 6.0, 14.0, 8.0, 0.0, 10.0, 0.0, 11.0, 0.0, 8.0, 0.0, 10.0, 0.0, 5.0, 0.0, 12.0, 0.0, 6.0, 15.0, 9.0, 0.0, 0.0]
B: [0.0, 36.0, 45.624091437640004, 70.85029051714, 87.69811794384, 131.04604220784, 146.97827977824, 158.26263753574, 171.44536672964, 171.924245628737, 175.618624196237, 299.0, 320.7546861389, 334.15512273630003, 357.973358985, 378.0, 414.0266187839, 417.35999740026, 434.54497971036, 460.04675019796, 463.73903959615, 482.12789981095, 483.24958871613, 504.83128142083, 540.49339466443, 570.3442681860299, 606.05219135443, 614.84983200406]
