Avion: 5      Iteracion: 40

Num Ruta: 40
Ingresos: 31200.0
Costos: 73.2812070754
Utilidad Ruta: 31126.7187929
Costo Reducido: 11.5898462481
Nodos: [105, 16, 56, 37, 77, 815]
q: [0, 11.0, -11.0, 15.0, -15.0, 0]
Q: [0, 11.0, 0.0, 15.0, 0.0, 0]
B: [0.0, 36.0, 45.624091437640004, 562.0, 582.7946534714999, 604.4220983506]
