Avion: 4      Iteracion: 10

Num Ruta: 12
Ingresos: 112800.0
Costos: 391.107867335
Utilidad Ruta: 112408.892133
Costo Reducido: 213900.158871
Nodos: [104, 17, 57, 40, 80, 26, 66, 22, 62, 19, 8, 59, 48, 13, 53, 20, 38, 78, 27, 67, 60, 814]
q: [0.0, 5.0, -5.0, 15.0, -15.0, 13.0, -13.0, 10.0, -10.0, 7.0, 8.0, -7.0, -8.0, 15.0, -15.0, 9.0, 6.0, -6.0, 6.0, -6.0, -9.0, 0.0]
Q: [0.0, 5.0, 0.0, 15.0, 0.0, 13.0, 0.0, 10.0, 0.0, 7.0, 15.0, 8.0, 0.0, 15.0, 0.0, 9.0, 15.0, 9.0, 15.0, 9.0, 0.0, 0.0]
B: [0.0, 24.0, 58.8425537813, 82.5415246028, 115.1109663849, 300.0, 317.5792279694, 331.2134086195, 352.9680947584, 402.0, 425.1608815463, 443.1178409771, 446.04596016866, 448.25663630956996, 465.13978725956997, 496.0, 498.08106943661, 530.9499560773099, 542.48568340591, 559.51654577401, 575.6743115849099, 625.79336141631]
