Avion: 7      Iteracion: 67

Num Ruta: 58
Ingresos: 60000.0
Costos: 179.748096696
Utilidad Ruta: 59820.2519033
Costo Reducido: 1.14605748939
Nodos: [107, 34, 74, 39, 79, 13, 53, 29, 27, 69, 67, 817]
q: [0, 12.0, -12.0, 8.0, -8.0, 15.0, -15.0, 9.0, 6.0, -9.0, -6.0, 0]
Q: [0, 12.0, 0.0, 8.0, 0.0, 15.0, 0.0, 9.0, 15.0, 6.0, 0.0, 0]
B: [0.0, 283.0, 323.947598037, 388.0, 410.632187455, 423.0, 439.88315095, 549.0, 574.6018082369, 582.8182362320799, 598.26561380888, 604.9703085819499]
