Avion: 7      Iteracion: 45

Num Ruta: 43
Ingresos: 66000.0
Costos: 143.254638058
Utilidad Ruta: 65856.7453619
Costo Reducido: 7.25765072083
Nodos: [107, 30, 16, 56, 70, 31, 11, 71, 51, 15, 55, 7, 4, 44, 47, 817]
q: [0.0, 11.0, 4.0, -4.0, -11.0, 6.0, 8.0, -6.0, -8.0, 11.0, -11.0, 10.0, 5.0, -5.0, -10.0, 0.0]
Q: [0.0, 11.0, 15.0, 11.0, 0.0, 6.0, 14.0, 8.0, 0.0, 11.0, 0.0, 10.0, 15.0, 10.0, 0.0, 0.0]
B: [0.0, 64.0, 72.20259129788, 81.82668273552001, 84.69783929691, 130.0, 169.0, 169.478878899097, 173.173257466597, 511.0, 527.4211666151, 538.3259061809999, 548.6892794734999, 569.1150291536999, 570.2754032313098, 581.3425591894098]
