Avion: 2      Iteracion: 16

Num Ruta: 18
Ingresos: 82800.0
Costos: 278.316137797
Utilidad Ruta: 82521.6838622
Costo Reducido: 164.378171915
Nodos: [102, 16, 56, 24, 64, 36, 76, 34, 74, 39, 79, 2, 42, 812]
q: [0, 11.0, -11.0, 14.0, -14.0, 15.0, -15.0, 12.0, -12.0, 8.0, -8.0, 9.0, -9.0, 0]
Q: [0, 11.0, 0.0, 14.0, 0.0, 15.0, 0.0, 12.0, 0.0, 8.0, 0.0, 9.0, 0.0, 0]
B: [0.0, 36.0, 45.624091437640004, 70.85029051714, 109.36324081964, 251.0, 257.94814406874, 283.0, 323.947598037, 388.0, 410.632187455, 522.0, 562.7349620474, 581.0400994684001]
