Avion: 5      Iteracion: 33

Num Ruta: 34
Ingresos: 19200.0
Costos: 94.3390070618
Utilidad Ruta: 19105.6609929
Costo Reducido: 15.6273340241
Nodos: [105, 17, 57, 16, 56, 815]
q: [0, 5.0, -5.0, 11.0, -11.0, 0]
Q: [0, 5.0, 0.0, 11.0, 0.0, 0]
B: [0.0, 24.8000597782, 59.6426135595, 64.97425289464, 74.59834433228, 94.33900706178001]
