Avion: 1      Iteracion: 31

Num Ruta: 30
Ingresos: 70800.0
Costos: 219.910738467
Utilidad Ruta: 70580.0892615
Costo Reducido: 9.71388861457
Nodos: [101, 18, 36, 76, 34, 58, 74, 28, 68, 25, 65, 32, 8, 48, 72, 811]
q: [0.0, 3.0, 12.0, -12.0, 12.0, -3.0, -12.0, 8.0, -8.0, 10.0, -10.0, 6.0, 8.0, -8.0, -6.0, 0.0]
Q: [0.0, 3.0, 15.0, 3.0, 15.0, 12.0, 0.0, 8.0, 0.0, 10.0, 0.0, 6.0, 14.0, 6.0, 0.0, 0.0]
B: [0.0, 293.0, 306.9670306436, 313.91517471234005, 327.63492270564007, 355.86696018084007, 371.0195898206401, 380.19977337000006, 416.22639215390006, 419.55977077026006, 436.74475308036006, 455.28968252216004, 466.73658066096004, 487.50497727696006, 503.5540760055601, 511.3833059804701]
