Avion: 3      Iteracion: 11

Num Ruta: 13
Ingresos: 160800.0
Costos: 511.76239374
Utilidad Ruta: 160288.237606
Costo Reducido: 156202.495784
Nodos: [103, 9, 16, 56, 49, 12, 52, 31, 11, 71, 51, 22, 62, 18, 58, 28, 39, 68, 25, 65, 79, 6, 46, 5, 45, 20, 7, 47, 2, 60, 33, 73, 42, 813]
q: [0.0, 4.0, 11.0, -11.0, -4.0, 14.0, -14.0, 6.0, 8.0, -6.0, -8.0, 10.0, -10.0, 11.0, -11.0, 8.0, 5.0, -8.0, 10.0, -10.0, -5.0, 5.0, -5.0, 12.0, -12.0, 5.0, 10.0, -10.0, 9.0, -5.0, 6.0, -6.0, -9.0, 0.0]
Q: [0.0, 4.0, 15.0, 4.0, 0.0, 14.0, 0.0, 6.0, 14.0, 8.0, 0.0, 10.0, 0.0, 11.0, 0.0, 8.0, 13.0, 5.0, 15.0, 5.0, 0.0, 5.0, 0.0, 12.0, 0.0, 5.0, 15.0, 5.0, 14.0, 9.0, 15.0, 9.0, 0.0, 0.0]
B: [0.0, 28.0, 51.3671155687, 60.991207006340005, 93.76208982934, 104.54912658644, 147.89705085044, 168.81438423694, 181.99711343084, 182.475992329937, 186.17037089743698, 299.0, 320.7546861389, 334.15512273630003, 357.973358985, 378.0, 389.3210123222, 420.750419714, 424.08379833035997, 441.26878064045997, 460.17589178945997, 466.86413595365997, 470.55642535184995, 488.94528556664994, 490.06697447182995, 513.6309336043299, 522.3738880248899, 550.9151998377898, 561.0453682963898, 568.3756655618498, 579.1974649039498, 602.5009761415498, 621.0197601729498, 635.3775289411498]
