Avion: 6      Iteracion: 16

Num Ruta: 19
Ingresos: 142800.0
Costos: 495.473205669
Utilidad Ruta: 142304.526794
Costo Reducido: 291.490514194
Nodos: [106, 16, 56, 24, 64, 31, 14, 54, 71, 36, 76, 34, 74, 22, 62, 32, 19, 59, 72, 21, 20, 61, 2, 60, 33, 73, 42, 816]
q: [0.0, 11.0, -11.0, 14.0, -14.0, 6.0, 8.0, -8.0, -6.0, 15.0, -15.0, 12.0, -12.0, 10.0, -10.0, 6.0, 7.0, -7.0, -6.0, 9.0, 6.0, -9.0, 9.0, -6.0, 6.0, -6.0, -9.0, 0.0]
Q: [0.0, 11.0, 0.0, 14.0, 0.0, 6.0, 14.0, 6.0, 0.0, 15.0, 0.0, 12.0, 0.0, 10.0, 0.0, 6.0, 13.0, 6.0, 0.0, 9.0, 15.0, 6.0, 15.0, 9.0, 15.0, 9.0, 0.0, 0.0]
B: [0.0, 36.0, 45.624091437640004, 70.85029051714, 109.36324081964, 130.0, 147.5196824172, 159.5413941922, 188.60695116259998, 251.0, 257.94814406874, 283.0, 323.947598037, 353.69889745399996, 375.4535835929, 422.0, 433.71491463899997, 460.34203093049996, 477.46940737869994, 495.8813389720999, 500.6307453560599, 537.05603707756, 560.90705080866, 568.23734807412, 579.05914741622, 602.36265865382, 620.8814426852199, 630.6015429418999]
