Avion: 5      Iteracion: 74

Num Ruta: 61
Ingresos: 81600.0
Costos: 236.286553929
Utilidad Ruta: 81363.7134461
Costo Reducido: 4.46773200194
Nodos: [105, 26, 66, 22, 62, 32, 19, 59, 13, 72, 53, 15, 21, 55, 38, 78, 61, 815]
q: [0.0, 13.0, -13.0, 10.0, -10.0, 6.0, 7.0, -7.0, 9.0, -6.0, -9.0, 8.0, 7.0, -8.0, 8.0, -8.0, -7.0, 0.0]
Q: [0.0, 13.0, 0.0, 10.0, 0.0, 6.0, 13.0, 6.0, 15.0, 9.0, 0.0, 8.0, 15.0, 7.0, 15.0, 7.0, 0.0, 0.0]
B: [0.0, 300.0, 317.5792279694, 331.2134086195, 352.9680947584, 422.0, 433.71491463899997, 460.34203093049996, 464.56965023692, 478.41183001472, 482.48278039516003, 511.0, 516.67223351071, 527.47150163401, 531.55876734595, 564.42765398665, 571.49758255772, 602.8358744224199]
