Avion: 3      Iteracion: 22

Num Ruta: 24
Ingresos: 80400.0
Costos: 213.210539351
Utilidad Ruta: 80186.7894606
Costo Reducido: 74.7825758936
Nodos: [103, 9, 49, 12, 52, 10, 50, 35, 26, 75, 66, 13, 53, 813]
q: [0.0, 11.0, -11.0, 14.0, -14.0, 12.0, -12.0, 6.0, 9.0, -6.0, -9.0, 15.0, -15.0, 0.0]
Q: [0.0, 11.0, 0.0, 14.0, 0.0, 12.0, 0.0, 6.0, 15.0, 9.0, 0.0, 15.0, 0.0, 0.0]
B: [0.0, 28.0, 57.5272370025, 68.3142737596, 111.6621980236, 120.37996838075, 149.89947911515, 279.0, 300.0, 309.29300538039, 319.11482114938, 423.0, 439.88315095, 463.9855675301]
