Avion: 1      Iteracion: 0

Num Ruta: 1
Ingresos: 72000.0
Costos: 344.599272939
Utilidad Ruta: 71655.4007271
Costo Reducido: -
Nodos: [101, 30, 70, 31, 71, 18, 58, 39, 79, 32, 72, 38, 78, 20, 60, 811]
q: [0, 11.0, -11.0, 6.0, -6.0, 11.0, -11.0, 8.0, -8.0, 6.0, -6.0, 8.0, -8.0, 10.0, -10.0, 0]
Q: [0, 11.0, 0.0, 6.0, 0.0, 11.0, 0.0, 8.0, 0.0, 6.0, 0.0, 8.0, 0.0, 10.0, 0.0, 0]
B: [0.0, 64.0, 82.7140226568, 130.0, 143.3056140031, 293.0, 316.8182362487, 388.0, 410.632187455, 436.244028857, 464.1013846719, 480.0, 512.8688866407, 547.495222124, 589.6723645710999, 624.5621822978]
