Avion: 4      Iteracion: 51

Num Ruta: 43
Ingresos: 66000.0
Costos: 208.860065363
Utilidad Ruta: 65791.1399346
Costo Reducido: 1.04299137265
Nodos: [104, 31, 71, 36, 76, 34, 74, 39, 79, 6, 46, 2, 42, 814]
q: [0, 6.0, -6.0, 15.0, -15.0, 12.0, -12.0, 8.0, -8.0, 5.0, -5.0, 9.0, -9.0, 0]
Q: [0, 6.0, 0.0, 15.0, 0.0, 12.0, 0.0, 8.0, 0.0, 5.0, 0.0, 9.0, 0.0, 0]
B: [0.0, 130.0, 143.3056140031, 251.0, 257.94814406874, 283.0, 323.947598037, 388.0, 410.632187455, 436.0, 439.69228939819, 522.0, 562.7349620474, 571.53260269703]
