Avion: 2      Iteracion: 26

Num Ruta: 27
Ingresos: 76800.0
Costos: 284.753787673
Utilidad Ruta: 76515.2462123
Costo Reducido: 42.9273007091
Nodos: [102, 30, 16, 56, 70, 24, 64, 1, 41, 18, 34, 58, 74, 39, 6, 46, 79, 812]
q: [0.0, 4.0, 11.0, -11.0, -4.0, 14.0, -14.0, 7.0, -7.0, 3.0, 12.0, -3.0, -12.0, 8.0, 5.0, -5.0, -8.0, 0.0]
Q: [0.0, 4.0, 15.0, 4.0, 0.0, 14.0, 0.0, 7.0, 0.0, 3.0, 15.0, 12.0, 0.0, 8.0, 13.0, 8.0, 0.0, 0.0]
B: [0.0, 64.0, 72.20259129788, 81.82668273552001, 84.69783929691, 109.43181018721, 147.94476048971, 175.0, 209.2400855285, 293.0, 316.7154937119, 344.9475311871, 360.10016082690004, 388.0, 436.0, 439.69228939819, 449.87740525418997, 467.38286694478995]
