Avion: 6      Iteracion: 31

Num Ruta: 34
Ingresos: 16800.0
Costos: 92.9341791667
Utilidad Ruta: 16707.0658208
Costo Reducido: 31.4273202329
Nodos: [106, 35, 75, 8, 48, 816]
q: [0, 6.0, -6.0, 8.0, -8.0, 0]
Q: [0, 6.0, 0.0, 8.0, 0.0, 0]
B: [0.0, 279.0, 298.9128833924, 414.0, 434.768396616, 456.28823009580003]
