Avion: 5      Iteracion: 23

Num Ruta: 24
Ingresos: 42000.0
Costos: 185.90747324
Utilidad Ruta: 41814.0925268
Costo Reducido: 80.4089978418
Nodos: [105, 16, 56, 8, 48, 32, 72, 7, 47, 815]
q: [0, 11.0, -11.0, 8.0, -8.0, 6.0, -6.0, 10.0, -10.0, 0]
Q: [0, 11.0, 0.0, 8.0, 0.0, 6.0, 0.0, 10.0, 0.0, 0]
B: [0.0, 36.0, 45.624091437640004, 414.0, 434.768396616, 457.14813131060004, 485.00548712550005, 517.0, 545.5413118129, 565.4092911263999]
