Avion: 4      Iteracion: 31

Num Ruta: 29
Ingresos: 90000.0
Costos: 294.017198367
Utilidad Ruta: 89705.9828016
Costo Reducido: 51.2370227022
Nodos: [104, 17, 10, 57, 30, 70, 50, 35, 26, 75, 66, 22, 62, 19, 8, 59, 48, 37, 77, 814]
q: [0.0, 5.0, 4.0, -5.0, 11.0, -11.0, -4.0, 6.0, 9.0, -6.0, -9.0, 10.0, -10.0, 7.0, 8.0, -7.0, -8.0, 15.0, -15.0, 0.0]
Q: [0.0, 5.0, 9.0, 4.0, 15.0, 4.0, 0.0, 6.0, 15.0, 9.0, 0.0, 10.0, 0.0, 7.0, 15.0, 8.0, 0.0, 15.0, 0.0, 0.0]
B: [0.0, 24.0, 96.0, 113.2607991993, 116.40525368299, 135.11927633979, 154.02007423299, 279.0, 300.0, 309.29300538039, 319.11482114938, 332.74900179948, 354.50368793838004, 402.0, 425.1608815463, 443.1178409771, 446.04596016866, 562.0, 582.7946534714999, 616.8758128561]
