Avion: 6      Iteracion: 62

Num Ruta: 58
Ingresos: 61200.0
Costos: 207.379478185
Utilidad Ruta: 60992.6205218
Costo Reducido: 6.06918129054
Nodos: [106, 40, 80, 26, 66, 22, 62, 19, 32, 59, 72, 816]
q: [0, 15.0, -15.0, 13.0, -13.0, 10.0, -10.0, 7.0, 6.0, -7.0, -6.0, 0]
Q: [0, 15.0, 0.0, 13.0, 0.0, 10.0, 0.0, 7.0, 13.0, 6.0, 0.0, 0]
B: [0.0, 62.0, 94.5694417821, 300.0, 317.5792279694, 331.2134086195, 352.9680947584, 402.0, 422.0, 441.5724706923, 458.69984714049997, 466.73672346155996]
