Avion: 6      Iteracion: 69

Num Ruta: 60
Ingresos: 61200.0
Costos: 206.648158596
Utilidad Ruta: 60993.3518414
Costo Reducido: 0.0615222648921
Nodos: [106, 9, 49, 25, 65, 20, 4, 44, 2, 60, 33, 73, 42, 816]
q: [0.0, 11.0, -11.0, 10.0, -10.0, 10.0, 5.0, -5.0, 5.0, -10.0, 10.0, -10.0, -5.0, 0.0]
Q: [0.0, 11.0, 0.0, 10.0, 0.0, 10.0, 15.0, 10.0, 15.0, 5.0, 15.0, 5.0, 0.0, 0.0]
B: [0.0, 35.5829922575, 65.11022926000001, 410.0, 427.1849823101, 496.0, 529.0, 549.4257496801999, 558.8802161908, 566.21051345626, 577.03231279836, 600.33582403596, 618.8546080673599, 628.5747083240399]
