Avion: 6      Iteracion: 33

Num Ruta: 36
Ingresos: 130800.0
Costos: 466.179338232
Utilidad Ruta: 130333.820662
Costo Reducido: 47.3383312264
Nodos: [106, 17, 30, 57, 16, 56, 70, 40, 80, 35, 26, 75, 66, 28, 68, 19, 8, 48, 59, 15, 21, 55, 38, 20, 78, 61, 60, 33, 73, 816]
q: [0.0, 5.0, 4.0, -5.0, 11.0, -11.0, -4.0, 15.0, -15.0, 6.0, 9.0, -6.0, -9.0, 8.0, -8.0, 7.0, 8.0, -8.0, -7.0, 11.0, 0.0, -11.0, 5.0, 10.0, -5.0, 0.0, -10.0, 10.0, -10.0, 0.0]
Q: [0.0, 5.0, 9.0, 4.0, 15.0, 4.0, 0.0, 15.0, 0.0, 6.0, 15.0, 9.0, 0.0, 8.0, 0.0, 7.0, 15.0, 7.0, 0.0, 11.0, 11.0, 0.0, 5.0, 15.0, 10.0, 10.0, 0.0, 10.0, 0.0, 0.0]
B: [0.0, 34.2933399948, 67.90705160179999, 71.05150608548999, 76.38314542062999, 86.00723685826999, 88.87839341965999, 119.68824749265998, 152.25768927475997, 279.0, 300.0, 309.29300538039, 319.11482114938, 378.0, 414.0266187839, 426.5624120576, 449.7232936039, 470.4916902199, 473.41980941146, 511.0, 516.67223351071, 527.47150163401, 531.55876734595, 533.63983678256, 568.26617226586, 575.33610083693, 595.9355214598299, 606.75732080193, 630.0608320395299, 643.9017892680299]
