Avion: 3      Iteracion: 44

Num Ruta: 43
Ingresos: 67200.0
Costos: 174.06714533
Utilidad Ruta: 67025.9328547
Costo Reducido: 3.58809701895
Nodos: [103, 12, 52, 10, 50, 35, 26, 75, 66, 13, 53, 813]
q: [0.0, 14.0, -14.0, 12.0, -12.0, 6.0, 9.0, -6.0, -9.0, 15.0, -15.0, 0.0]
Q: [0.0, 14.0, 0.0, 12.0, 0.0, 6.0, 15.0, 9.0, 0.0, 15.0, 0.0, 0.0]
B: [0.0, 54.0, 97.347924264, 106.06569462115, 135.58520535555, 279.0, 300.0, 309.29300538039, 319.11482114938, 423.0, 439.88315095, 463.9855675301]
