Avion: 5      Iteracion: 26

Num Ruta: 27
Ingresos: 85200.0
Costos: 304.402615014
Utilidad Ruta: 84895.597385
Costo Reducido: 74.6291649733
Nodos: [105, 1, 41, 23, 63, 28, 68, 25, 65, 15, 55, 4, 20, 44, 60, 33, 73, 815]
q: [0, 7.0, -7.0, 10.0, -10.0, 8.0, -8.0, 10.0, -10.0, 11.0, -11.0, 5.0, 10.0, -5.0, -10.0, 10.0, -10.0, 0]
Q: [0, 7.0, 0.0, 10.0, 0.0, 8.0, 0.0, 10.0, 0.0, 11.0, 0.0, 5.0, 15.0, 10.0, 0.0, 10.0, 0.0, 0]
B: [0.0, 175.0, 209.2400855285, 267.0, 306.733842905, 378.0, 414.0266187839, 417.35999740026, 434.54497971036, 511.0, 527.4211666151, 532.99584588839, 543.2749969233901, 573.65498665349, 585.51620990409, 596.33800924619, 619.64152048379, 637.36362222149]
