Avion: 7      Iteracion: 77

Num Ruta: 59
Ingresos: 49200.0
Costos: 114.097083461
Utilidad Ruta: 49085.9029165
Costo Reducido: 4.16242251728
Nodos: [107, 36, 76, 15, 55, 20, 4, 44, 60, 817]
q: [0, 15.0, -15.0, 11.0, -11.0, 10.0, 5.0, -5.0, -10.0, 0]
Q: [0, 15.0, 0.0, 11.0, 0.0, 10.0, 15.0, 10.0, 0.0, 0]
B: [0.0, 251.0, 257.94814406874, 511.0, 527.4211666151, 533.55501866744, 543.83416970244, 564.25991938264, 576.12114263324, 597.3969865883399]
