Avion: 3      Iteracion: 13

Num Ruta: 15
Ingresos: 140400.0
Costos: 514.848187262
Utilidad Ruta: 139885.151813
Costo Reducido: 1315.63048567
Nodos: [103, 9, 49, 12, 52, 31, 71, 3, 43, 36, 76, 34, 74, 28, 68, 32, 19, 59, 38, 72, 78, 27, 7, 47, 67, 813]
q: [0.0, 11.0, -11.0, 14.0, -14.0, 6.0, -6.0, 15.0, -15.0, 15.0, -15.0, 12.0, -12.0, 8.0, -8.0, 6.0, 7.0, -7.0, 8.0, -6.0, -8.0, 6.0, 9.0, -9.0, -6.0, 0.0]
Q: [0.0, 11.0, 0.0, 14.0, 0.0, 6.0, 0.0, 15.0, 0.0, 15.0, 0.0, 12.0, 0.0, 8.0, 0.0, 6.0, 13.0, 6.0, 14.0, 8.0, 0.0, 6.0, 15.0, 6.0, 0.0, 0.0]
B: [0.0, 28.0, 57.5272370025, 68.3142737596, 111.6621980236, 132.5795314101, 145.8851454132, 256.0, 261.08428175852, 296.00374706082, 302.95189112956, 316.67163912286003, 357.61923715986, 378.0, 414.0266187839, 437.4817273106, 449.1966419496, 475.8237582411, 492.6368286329, 507.6672758651, 529.6633546293, 541.1990819579, 568.8624053302001, 597.4037171431, 601.80363771056, 624.20155147506]
