Avion: 6      Iteracion: 65

Num Ruta: 59
Ingresos: 91200.0
Costos: 282.113360214
Utilidad Ruta: 90917.8866398
Costo Reducido: 11.3959139497
Nodos: [106, 16, 56, 40, 80, 10, 50, 35, 26, 75, 66, 22, 62, 32, 19, 59, 72, 816]
q: [0.0, 11.0, -11.0, 15.0, -15.0, 12.0, -12.0, 6.0, 9.0, -6.0, -9.0, 10.0, -10.0, 6.0, 7.0, -7.0, -6.0, 0.0]
Q: [0.0, 11.0, 0.0, 15.0, 0.0, 12.0, 0.0, 6.0, 15.0, 9.0, 0.0, 10.0, 0.0, 6.0, 13.0, 6.0, 0.0, 0.0]
B: [0.0, 36.0, 45.624091437640004, 77.27284989674001, 109.84229167884001, 127.02298575674001, 156.54249649114, 279.0, 300.0, 309.29300538039, 319.11482114938, 332.74900179948, 354.50368793838004, 422.0, 433.71491463899997, 460.34203093049996, 477.46940737869994, 485.50628369975993]
