Avion: 3      Iteracion: 40

Num Ruta: 41
Ingresos: 140400.0
Costos: 387.190698817
Utilidad Ruta: 140012.809301
Costo Reducido: 3.71095271848
Nodos: [103, 40, 24, 80, 31, 64, 1, 71, 41, 3, 43, 23, 18, 58, 63, 13, 53, 15, 21, 55, 38, 78, 61, 27, 67, 37, 77, 813]
q: [0.0, 15.0, 0.0, -15.0, 6.0, 0.0, 7.0, -6.0, -7.0, 15.0, -15.0, 10.0, 5.0, -5.0, -10.0, 15.0, -15.0, 8.0, 7.0, -8.0, 8.0, -8.0, -7.0, 6.0, -6.0, 15.0, -15.0, 0.0]
Q: [0.0, 15.0, 15.0, 0.0, 6.0, 6.0, 13.0, 7.0, 0.0, 15.0, 0.0, 10.0, 15.0, 10.0, 0.0, 15.0, 0.0, 8.0, 15.0, 7.0, 15.0, 7.0, 0.0, 6.0, 0.0, 15.0, 0.0, 0.0]
B: [0.0, 62.0, 69.15335166198, 95.49879578427999, 130.0, 141.2843577575, 175.0, 193.9896940997, 227.5507818205, 256.0, 261.08428175852, 267.0, 293.0, 316.8182362487, 326.74376782137, 423.0, 439.88315095, 511.0, 516.67223351071, 527.47150163401, 531.55876734595, 564.42765398665, 571.49758255772, 584.67503075532, 601.70589312342, 608.54185874651, 629.3365122180101, 650.33830766511]
