Avion: 6      Iteracion: 71

Num Ruta: 61
Ingresos: 84000.0
Costos: 273.371823917
Utilidad Ruta: 83726.6281761
Costo Reducido: 7.37353218152
Nodos: [106, 30, 16, 56, 70, 40, 80, 35, 26, 75, 66, 38, 21, 78, 61, 33, 73, 816]
q: [0.0, 11.0, 4.0, -4.0, -11.0, 15.0, -15.0, 6.0, 9.0, -6.0, -9.0, 2.0, 13.0, -2.0, -13.0, 10.0, -10.0, 0.0]
Q: [0.0, 11.0, 15.0, 11.0, 0.0, 15.0, 0.0, 6.0, 15.0, 9.0, 0.0, 2.0, 15.0, 13.0, 0.0, 10.0, 0.0, 0.0]
B: [0.0, 64.0, 72.20259129788, 81.82668273552001, 84.69783929691, 115.50769336991, 148.07713515201, 279.0, 300.0, 309.29300538039, 319.11482114938, 480.0, 486.82291294097, 525.3346514111701, 532.4045799822401, 562.0, 585.3035112376, 599.1444684661]
