Avion: 3      Iteracion: 32

Num Ruta: 33
Ingresos: 98400.0
Costos: 329.877502177
Utilidad Ruta: 98070.1224978
Costo Reducido: 3.77204708473
Nodos: [103, 9, 49, 12, 52, 1, 41, 3, 43, 8, 19, 59, 48, 6, 46, 27, 4, 7, 67, 44, 47, 813]
q: [0.0, 11.0, -11.0, 14.0, -14.0, 7.0, -7.0, 15.0, -15.0, 8.0, 7.0, -7.0, -8.0, 5.0, -5.0, 0.0, 5.0, 10.0, 0.0, -5.0, -10.0, 0.0]
Q: [0.0, 11.0, 0.0, 14.0, 0.0, 7.0, 0.0, 15.0, 0.0, 8.0, 15.0, 8.0, 0.0, 5.0, 0.0, 0.0, 5.0, 15.0, 15.0, 10.0, 0.0, 0.0]
B: [0.0, 28.0, 57.5272370025, 68.3142737596, 111.6621980236, 175.0, 209.2400855285, 256.0, 261.08428175852, 414.0, 437.1608815463, 463.7879978378, 466.71611702935996, 475.90678865879, 479.59907805698, 538.0, 555.6147745373, 565.9781478298, 590.702662729, 596.11792126392, 597.27829534153, 623.68781184603]
