Avion: 1      Iteracion: 78

Num Ruta: 51
Ingresos: 63600.0
Costos: 174.791443346
Utilidad Ruta: 63425.2085567
Costo Reducido: 0.461630635036
Nodos: [101, 14, 54, 3, 43, 23, 18, 58, 63, 38, 21, 61, 78, 811]
q: [0.0, 8.0, -8.0, 15.0, -15.0, 10.0, 5.0, -5.0, -10.0, 2.0, 13.0, -13.0, -2.0, 0.0]
Q: [0.0, 8.0, 0.0, 15.0, 0.0, 10.0, 15.0, 10.0, 0.0, 2.0, 15.0, 2.0, 0.0, 0.0]
B: [0.0, 112.0, 124.021711775, 256.0, 261.08428175852, 267.0, 293.0, 316.8182362487, 326.74376782137, 480.0, 486.82291294097, 527.56170362017, 534.63163219124, 548.92105572754]
