Avion: 2      Iteracion: 41

Num Ruta: 41
Ingresos: 109200.0
Costos: 335.181831419
Utilidad Ruta: 108864.818169
Costo Reducido: 18.7354389625
Nodos: [102, 30, 70, 16, 56, 22, 62, 18, 58, 28, 68, 25, 65, 21, 38, 78, 61, 4, 7, 47, 44, 812]
q: [0.0, 11.0, -11.0, 11.0, -11.0, 10.0, -10.0, 11.0, -11.0, 8.0, -8.0, 10.0, -10.0, 7.0, 8.0, -8.0, -7.0, 5.0, 10.0, -10.0, -5.0, 0.0]
Q: [0.0, 11.0, 0.0, 11.0, 0.0, 10.0, 0.0, 11.0, 0.0, 8.0, 0.0, 10.0, 0.0, 7.0, 15.0, 7.0, 0.0, 5.0, 15.0, 5.0, 0.0, 0.0]
B: [0.0, 64.0, 82.7140226568, 93.53069441849999, 103.15478585614, 299.0, 320.7546861389, 334.15512273630003, 357.973358985, 378.0, 414.0266187839, 417.35999740026, 434.54497971036, 477.0, 483.82291294097, 516.69179958167, 523.76172815274, 552.93152556374, 563.29489885624, 591.83621066914, 592.9965847467499, 611.54648463865]
