Avion: 3      Iteracion: 18

Num Ruta: 20
Ingresos: 124800.0
Costos: 382.631996828
Utilidad Ruta: 124417.368003
Costo Reducido: 119.752278651
Nodos: [103, 40, 24, 80, 64, 10, 50, 35, 26, 75, 66, 18, 58, 25, 65, 15, 55, 20, 7, 4, 47, 44, 60, 37, 77, 813]
q: [0.0, 15.0, 0.0, -15.0, 0.0, 12.0, -12.0, 6.0, 9.0, -6.0, -9.0, 11.0, -11.0, 10.0, -10.0, 11.0, -11.0, 10.0, 0.0, 5.0, 0.0, -5.0, -10.0, 15.0, -15.0, 0.0]
Q: [0.0, 15.0, 15.0, 0.0, 0.0, 12.0, 0.0, 6.0, 15.0, 9.0, 0.0, 11.0, 0.0, 10.0, 0.0, 11.0, 0.0, 10.0, 10.0, 15.0, 15.0, 10.0, 0.0, 15.0, 0.0, 0.0]
B: [0.0, 62.0, 69.15335166198, 95.49879578427999, 123.88860728417998, 135.67453796447998, 165.19404869887998, 279.0, 300.0, 309.29300538039, 319.11482114938, 342.39349190178, 366.21172815048, 410.0, 427.1849823101, 511.0, 527.4211666151, 533.55501866744, 542.2979730879999, 552.6613463804999, 571.9337073672, 573.09408144481, 584.95530469541, 596.53282265051, 617.32747612201, 638.32927156911]
