Avion: 2      Iteracion: 51

Num Ruta: 47
Ingresos: 112800.0
Costos: 304.851598919
Utilidad Ruta: 112495.148401
Costo Reducido: 6.77421095937
Nodos: [102, 16, 56, 40, 80, 14, 54, 3, 43, 23, 18, 63, 58, 29, 27, 69, 67, 37, 77, 812]
q: [0.0, 11.0, -11.0, 15.0, -15.0, 8.0, -8.0, 15.0, -15.0, 10.0, 5.0, -10.0, -5.0, 9.0, 6.0, -9.0, -6.0, 15.0, -15.0, 0.0]
Q: [0.0, 11.0, 0.0, 15.0, 0.0, 8.0, 0.0, 15.0, 0.0, 10.0, 15.0, 5.0, 0.0, 9.0, 15.0, 6.0, 0.0, 15.0, 0.0, 0.0]
B: [0.0, 36.0, 45.624091437640004, 77.27284989674001, 109.84229167884001, 138.42069361104, 150.44240538604, 256.0, 261.08428175852, 267.0, 293.0, 318.4393114097, 328.36484298237, 549.0, 574.6018082369, 582.8182362320799, 598.26561380888, 605.10157943197, 625.89623290347, 644.59546775417]
