Avion: 7      Iteracion: 60

Num Ruta: 55
Ingresos: 44400.0
Costos: 129.953206248
Utilidad Ruta: 44270.0467938
Costo Reducido: 4.34031212422
Nodos: [107, 34, 74, 39, 79, 6, 46, 5, 45, 817]
q: [0, 12.0, -12.0, 8.0, -8.0, 5.0, -5.0, 12.0, -12.0, 0]
Q: [0, 12.0, 0.0, 8.0, 0.0, 5.0, 0.0, 12.0, 0.0, 0]
B: [0.0, 283.0, 323.947598037, 388.0, 410.632187455, 436.0, 439.69228939819, 469.0, 470.12168890518, 474.86120417575]
