Avion: 2      Iteracion: 39

Num Ruta: 39
Ingresos: 78000.0
Costos: 257.408783767
Utilidad Ruta: 77742.5912162
Costo Reducido: 38.1145014111
Nodos: [102, 1, 41, 23, 63, 28, 68, 25, 65, 20, 7, 47, 60, 37, 77, 812]
q: [0.0, 7.0, -7.0, 10.0, -10.0, 8.0, -8.0, 10.0, -10.0, 10.0, 5.0, -5.0, -10.0, 15.0, -15.0, 0.0]
Q: [0.0, 7.0, 0.0, 10.0, 0.0, 8.0, 0.0, 10.0, 0.0, 10.0, 15.0, 10.0, 0.0, 15.0, 0.0, 0.0]
B: [0.0, 175.0, 209.2400855285, 267.0, 306.733842905, 378.0, 414.0266187839, 417.35999740026, 434.54497971036, 496.0, 517.0, 545.5413118129, 558.5049963585999, 570.0825143136999, 590.8771677851998, 609.5764026358999]
