Avion: 3      Iteracion: 0

Num Ruta: 1
Ingresos: 76800.0
Costos: 269.563926423
Utilidad Ruta: 76530.4360736
Costo Reducido: -
Nodos: [103, 12, 52, 1, 41, 3, 43, 8, 48, 25, 65, 7, 47, 813]
q: [0, 14.0, -14.0, 7.0, -7.0, 15.0, -15.0, 8.0, -8.0, 10.0, -10.0, 10.0, -10.0, 0]
Q: [0, 14.0, 0.0, 7.0, 0.0, 15.0, 0.0, 8.0, 0.0, 10.0, 0.0, 10.0, 0.0, 0]
B: [0.0, 54.0, 97.347924264, 175.0, 209.2400855285, 256.0, 261.08428175852, 414.0, 434.768396616, 468.12895782230004, 485.31394013240003, 517.0, 545.5413118129, 571.9508283173999]
