Avion: 4      Iteracion: 35

Num Ruta: 33
Ingresos: 37200.0
Costos: 200.730299444
Utilidad Ruta: 36999.2697006
Costo Reducido: 30.1122031768
Nodos: [104, 17, 57, 9, 49, 21, 38, 61, 78, 814]
q: [0.0, 5.0, -5.0, 11.0, -11.0, 7.0, 8.0, -7.0, -8.0, 0.0]
Q: [0.0, 5.0, 0.0, 11.0, 0.0, 7.0, 15.0, 8.0, 0.0, 0.0]
B: [0.0, 24.0, 58.8425537813, 81.72911018459999, 111.25634718709999, 477.0, 483.82291294097, 518.30529332577, 525.37522189684, 569.37635301864]
