Avion: 2      Iteracion: 14

Num Ruta: 16
Ingresos: 69600.0
Costos: 314.524921271
Utilidad Ruta: 69285.4750787
Costo Reducido: 214.43506768
Nodos: [102, 12, 52, 10, 50, 1, 41, 38, 21, 78, 61, 33, 73, 812]
q: [0.0, 14.0, -14.0, 12.0, -12.0, 7.0, -7.0, 8.0, 7.0, -8.0, -7.0, 10.0, -10.0, 0.0]
Q: [0.0, 14.0, 0.0, 12.0, 0.0, 7.0, 0.0, 8.0, 15.0, 7.0, 0.0, 10.0, 0.0, 0.0]
B: [0.0, 54.0, 97.347924264, 106.06569462115, 135.58520535555, 175.0, 209.2400855285, 480.0, 486.82291294097, 525.3346514111701, 532.4045799822401, 562.0, 585.3035112376, 604.5497183964]
