Avion: 5      Iteracion: 49

Num Ruta: 47
Ingresos: 30000.0
Costos: 93.1306090243
Utilidad Ruta: 29906.869391
Costo Reducido: 4.98029559972
Nodos: [105, 10, 50, 26, 66, 815]
q: [0, 12.0, -12.0, 13.0, -13.0, 0]
Q: [0, 12.0, 0.0, 13.0, 0.0, 0]
B: [0.0, 96.0, 125.5195107344, 300.0, 317.5792279694, 335.3770505609]
