Avion: 1      Iteracion: 7

Num Ruta: 9
Ingresos: 150000.0
Costos: 523.429582331
Utilidad Ruta: 149476.570418
Costo Reducido: 254311.430494
Nodos: [101, 30, 70, 40, 80, 1, 11, 51, 41, 36, 76, 22, 18, 62, 58, 25, 65, 39, 79, 6, 46, 5, 45, 38, 4, 78, 27, 67, 44, 811]
q: [0.0, 11.0, -11.0, 15.0, -15.0, 7.0, 8.0, -8.0, -7.0, 15.0, -15.0, 10.0, 5.0, -10.0, -5.0, 10.0, -10.0, 8.0, -8.0, 5.0, -5.0, 12.0, -12.0, 8.0, 5.0, -8.0, 6.0, -6.0, -5.0, 0.0]
Q: [0.0, 11.0, 0.0, 15.0, 0.0, 7.0, 15.0, 7.0, 0.0, 15.0, 0.0, 10.0, 15.0, 5.0, 0.0, 10.0, 0.0, 8.0, 0.0, 5.0, 0.0, 12.0, 0.0, 8.0, 13.0, 5.0, 11.0, 5.0, 0.0, 0.0]
B: [0.0, 64.0, 82.7140226568, 113.5238767298, 146.0933185119, 175.0, 193.6808285951, 197.73489544211, 232.05062478011, 265.99852841201, 272.94667248075, 299.0, 308.68569016643, 322.08612676383, 358.98693506123, 410.0, 427.1849823101, 446.3261919114, 468.9583793664, 475.6466235306, 479.33891292878997, 497.72777314358996, 498.84946204876996, 520.43115475347, 529.0, 558.1196993288, 569.6554266574001, 586.6862890255001, 592.10154756042, 617.02756561382]
