Avion: 3      Iteracion: 63

Num Ruta: 55
Ingresos: 91200.0
Costos: 248.494990805
Utilidad Ruta: 90951.5050092
Costo Reducido: 6.38444858178
Nodos: [103, 40, 80, 26, 66, 22, 62, 32, 8, 48, 13, 72, 53, 29, 27, 69, 67, 813]
q: [0.0, 15.0, -15.0, 13.0, -13.0, 10.0, -10.0, 6.0, 8.0, -8.0, 9.0, -6.0, -9.0, 9.0, 6.0, -9.0, -6.0, 0.0]
Q: [0.0, 15.0, 0.0, 13.0, 0.0, 10.0, 0.0, 6.0, 14.0, 6.0, 15.0, 9.0, 0.0, 9.0, 15.0, 6.0, 0.0, 0.0]
B: [0.0, 62.0, 94.5694417821, 300.0, 317.5792279694, 331.2134086195, 352.9680947584, 422.0, 433.4468981388, 454.2152947548, 456.42597089571, 470.26815067351004, 474.33910105395006, 549.0, 574.6018082369, 582.8182362320799, 598.26561380888, 620.66352757338]
