Avion: 6      Iteracion: 37

Num Ruta: 40
Ingresos: 82800.0
Costos: 246.104686946
Utilidad Ruta: 82553.8953131
Costo Reducido: 16.6353206969
Nodos: [106, 24, 64, 36, 76, 25, 65, 20, 7, 47, 2, 60, 33, 73, 42, 816]
q: [0.0, 14.0, -14.0, 15.0, -15.0, 10.0, -10.0, 6.0, 9.0, -9.0, 9.0, -6.0, 6.0, -6.0, -9.0, 0.0]
Q: [0.0, 14.0, 0.0, 15.0, 0.0, 10.0, 0.0, 6.0, 15.0, 6.0, 15.0, 9.0, 15.0, 9.0, 0.0, 0.0]
B: [0.0, 61.0, 99.5129503025, 251.0, 257.94814406874, 410.0, 427.1849823101, 496.0, 517.0, 545.5413118129, 555.6714802715, 563.0017775369599, 573.8235768790599, 597.1270881166599, 615.6458721480599, 625.3659724047399]
