Avion: 6      Iteracion: 29

Num Ruta: 32
Ingresos: 135600.0
Costos: 392.957414984
Utilidad Ruta: 135207.042585
Costo Reducido: 92.722933371
Nodos: [106, 16, 56, 24, 64, 31, 11, 71, 51, 34, 74, 39, 28, 79, 13, 53, 68, 25, 65, 15, 20, 55, 4, 44, 60, 2, 42, 816]
q: [0.0, 11.0, -11.0, 14.0, -14.0, 6.0, 8.0, -6.0, -8.0, 12.0, -12.0, 8.0, 7.0, -8.0, 8.0, -8.0, -7.0, 10.0, -10.0, 5.0, 10.0, -5.0, 5.0, -5.0, -10.0, 9.0, -9.0, 0.0]
Q: [0.0, 11.0, 0.0, 14.0, 0.0, 6.0, 14.0, 8.0, 0.0, 12.0, 0.0, 8.0, 15.0, 7.0, 15.0, 7.0, 0.0, 10.0, 0.0, 5.0, 15.0, 10.0, 15.0, 10.0, 0.0, 9.0, 0.0, 0.0]
B: [0.0, 36.0, 45.624091437640004, 70.85029051714, 109.36324081964, 130.0, 169.0, 169.478878899097, 173.173257466597, 283.0, 323.947598037, 388.0, 399.3210123222, 412.3114993416, 423.0, 439.88315095, 462.92158097460003, 466.25495959096, 483.43994190106, 511.0, 521.3008920973, 527.43474414964, 533.00942342293, 553.43517310313, 565.29639635373, 572.62669361919, 613.36165566659, 623.08175592327]
