Avion: 5      Iteracion: 62

Num Ruta: 53
Ingresos: 56400.0
Costos: 148.205725001
Utilidad Ruta: 56251.794275
Costo Reducido: 1.46573470533
Nodos: [105, 26, 66, 28, 68, 15, 55, 7, 4, 47, 44, 815]
q: [0, 13.0, -13.0, 8.0, -8.0, 11.0, -11.0, 10.0, 5.0, -10.0, -5.0, 0]
Q: [0, 13.0, 0.0, 8.0, 0.0, 11.0, 0.0, 10.0, 15.0, 5.0, 0.0, 0]
B: [0.0, 300.0, 317.5792279694, 378.0, 414.0266187839, 511.0, 527.4211666151, 538.3259061809999, 548.6892794734999, 567.9616404602, 569.12201453781, 590.1491657952099]
