Avion: 2      Iteracion: 55

Num Ruta: 49
Ingresos: 66000.0
Costos: 120.946655898
Utilidad Ruta: 65879.0533441
Costo Reducido: 11.0023737097
Nodos: [102, 31, 11, 51, 71, 36, 76, 15, 55, 7, 4, 44, 47, 812]
q: [0, 6.0, 8.0, -8.0, -6.0, 15.0, -15.0, 11.0, -11.0, 10.0, 5.0, -5.0, -10.0, 0]
Q: [0, 6.0, 14.0, 6.0, 0.0, 15.0, 0.0, 11.0, 0.0, 10.0, 15.0, 10.0, 0.0, 0]
B: [0.0, 130.0, 169.0, 173.05406684701, 176.74844541451, 251.0, 257.94814406874, 511.0, 527.4211666151, 538.3259061809999, 548.6892794734999, 569.1150291536999, 570.2754032313098, 587.6842575876099]
