Avion: 3      Iteracion: 3

Num Ruta: 7
Ingresos: 162000.0
Costos: 541.964827686
Utilidad Ruta: 161458.035172
Costo Reducido: 258450.933387
Nodos: [103, 9, 49, 30, 16, 56, 70, 24, 64, 31, 71, 23, 18, 58, 63, 22, 62, 25, 65, 8, 48, 13, 53, 21, 38, 78, 61, 33, 73, 27, 67, 813]
q: [0.0, 11.0, -11.0, 11.0, 4.0, -4.0, -11.0, 14.0, -14.0, 6.0, -6.0, 10.0, 5.0, -5.0, -10.0, 10.0, -10.0, 10.0, -10.0, 8.0, -8.0, 15.0, -15.0, 13.0, 2.0, -2.0, -13.0, 10.0, -10.0, 6.0, -6.0, 0.0]
Q: [0.0, 11.0, 0.0, 11.0, 15.0, 11.0, 0.0, 14.0, 0.0, 6.0, 0.0, 10.0, 15.0, 10.0, 0.0, 10.0, 0.0, 10.0, 0.0, 8.0, 0.0, 15.0, 0.0, 13.0, 15.0, 13.0, 0.0, 10.0, 0.0, 6.0, 0.0, 0.0]
B: [0.0, 28.0, 57.5272370025, 73.3151373379, 81.51772863578, 91.14182007342, 94.01297663481, 118.74694752511, 157.25989782761002, 168.54425558511002, 181.84986958821003, 267.0, 293.0, 316.8182362487, 326.74376782137, 342.50019181287, 364.25487795177, 410.0, 427.1849823101, 453.0055821676, 473.7739787836, 475.98465492451, 492.86780587451, 508.37920226551, 515.20211520648, 548.07100184718, 555.14093041825, 565.29647535685, 588.59998659445, 595.81873994943, 612.84960231753, 635.24751608203]
