Avion: 1      Iteracion: 0

Num Ruta: 3
Ingresos: 180000.0
Costos: 575.919783934
Utilidad Ruta: 179424.080216
Costo Reducido: -
Nodos: [101, 16, 56, 30, 70, 40, 80, 1, 11, 51, 41, 36, 76, 3, 43, 23, 18, 63, 58, 25, 65, 13, 53, 21, 61, 7, 4, 44, 47, 811]
q: [0.0, 11.0, -11.0, 11.0, -11.0, 15.0, -15.0, 7.0, 8.0, -8.0, -7.0, 15.0, -15.0, 15.0, -15.0, 4.0, 11.0, -4.0, -11.0, 10.0, -10.0, 15.0, -15.0, 13.0, -13.0, 10.0, 5.0, -5.0, -10.0, 0.0]
Q: [0.0, 11.0, 0.0, 11.0, 0.0, 15.0, 0.0, 7.0, 15.0, 7.0, 0.0, 15.0, 0.0, 15.0, 0.0, 4.0, 15.0, 11.0, 0.0, 10.0, 0.0, 15.0, 0.0, 13.0, 0.0, 10.0, 15.0, 10.0, 0.0, 0.0]
B: [0.0, 36.0, 45.624091437640004, 64.0, 82.7140226568, 113.5238767298, 146.0933185119, 175.0, 193.6808285951, 197.73489544211, 232.05062478011, 265.99852841201, 272.94667248075, 309.92670982525, 315.01099158376996, 318.37347890716995, 338.55242905327, 363.99174046297, 373.91727203564, 410.0, 427.1849823101, 443.186042775, 460.069193725, 477.0, 517.7387906792, 557.2683688328, 567.6317421253, 588.0574918054999, 589.2178658831099, 613.5608817193099]
