Avion: 2      Iteracion: 11

Num Ruta: 13
Ingresos: 66000.0
Costos: 286.027775515
Utilidad Ruta: 65713.9722245
Costo Reducido: 99686.8104928
Nodos: [102, 12, 52, 6, 46, 32, 72, 5, 45, 2, 42, 29, 69, 812]
q: [0, 14.0, -14.0, 5.0, -5.0, 6.0, -6.0, 12.0, -12.0, 9.0, -9.0, 9.0, -9.0, 0]
Q: [0, 14.0, 0.0, 5.0, 0.0, 6.0, 0.0, 12.0, 0.0, 9.0, 0.0, 9.0, 0.0, 0]
B: [0.0, 54.0, 97.347924264, 436.0, 439.69228939819, 474.69356853198997, 502.55092434689, 527.49315941109, 528.61484831627, 542.69689877067, 583.43186081807, 593.23660135518, 627.01638113538, 651.1412613423801]
