Avion: 5      Iteracion: 12

Num Ruta: 14
Ingresos: 116400.0
Costos: 488.991621156
Utilidad Ruta: 115911.008379
Costo Reducido: 77175.8327845
Nodos: [105, 17, 30, 57, 24, 40, 70, 80, 64, 36, 76, 35, 75, 26, 66, 28, 19, 68, 8, 48, 59, 15, 55, 7, 47, 815]
q: [0.0, 4.0, 11.0, -4.0, 0.0, 4.0, -11.0, -4.0, 0.0, 15.0, -15.0, 6.0, -6.0, 13.0, -13.0, 8.0, 7.0, -8.0, 8.0, -8.0, -7.0, 11.0, -11.0, 10.0, -10.0, 0.0]
Q: [0.0, 4.0, 15.0, 11.0, 11.0, 15.0, 4.0, 0.0, 0.0, 15.0, 0.0, 6.0, 0.0, 13.0, 0.0, 8.0, 15.0, 7.0, 15.0, 7.0, 0.0, 11.0, 0.0, 10.0, 0.0, 0.0]
B: [0.0, 24.8000597782, 64.0, 67.14445448369, 83.70273778839, 90.85608945036999, 121.66594352336999, 123.71124301244, 152.10105451234, 251.0, 257.94814406874, 308.86250452824004, 328.77538792064, 338.06839330103, 355.64762127043, 378.0, 414.065010994, 426.60080426769997, 461.19363452199997, 481.962031138, 484.89015032955996, 514.0807825255599, 530.5019491406599, 541.4066887065599, 569.9480005194598, 589.8159798329598]
