Avion: 3      Iteracion: 73

Num Ruta: 61
Ingresos: 98400.0
Costos: 272.504235802
Utilidad Ruta: 98127.4957642
Costo Reducido: 11.4970179575
Nodos: [103, 9, 49, 12, 52, 10, 50, 35, 26, 75, 66, 4, 7, 47, 44, 37, 77, 813]
q: [0.0, 11.0, -11.0, 14.0, -14.0, 12.0, -12.0, 6.0, 9.0, -6.0, -9.0, 5.0, 10.0, -10.0, -5.0, 15.0, -15.0, 0.0]
Q: [0.0, 11.0, 0.0, 14.0, 0.0, 12.0, 0.0, 6.0, 15.0, 9.0, 0.0, 5.0, 15.0, 5.0, 0.0, 15.0, 0.0, 0.0]
B: [0.0, 28.0, 57.5272370025, 68.3142737596, 111.6621980236, 120.37996838075, 149.89947911515, 279.0, 300.0, 309.29300538039, 319.11482114938, 529.0, 539.3633732925, 567.9046851054, 569.0650591830099, 576.1294312711699, 596.92408474267, 617.9258801897699]
