Avion: 2      Iteracion: 17

Num Ruta: 19
Ingresos: 40800.0
Costos: 187.848243173
Utilidad Ruta: 40612.1517568
Costo Reducido: 58.1564651104
Nodos: [102, 12, 52, 6, 46, 38, 21, 78, 61, 812]
q: [0.0, 14.0, -14.0, 5.0, -5.0, 2.0, 13.0, -2.0, -13.0, 0.0]
Q: [0.0, 14.0, 0.0, 5.0, 0.0, 2.0, 15.0, 13.0, 0.0, 0.0]
B: [0.0, 54.0, 97.347924264, 436.0, 439.69228939819, 480.0, 486.82291294097, 525.3346514111701, 532.4045799822401, 562.87639694484]
