Avion: 7      Iteracion: 22

Num Ruta: 26
Ingresos: 80400.0
Costos: 277.900371255
Utilidad Ruta: 80122.0996287
Costo Reducido: 57.4516335269
Nodos: [107, 12, 52, 31, 71, 34, 74, 6, 46, 13, 53, 29, 69, 27, 67, 817]
q: [0, 14.0, -14.0, 6.0, -6.0, 12.0, -12.0, 5.0, -5.0, 15.0, -15.0, 9.0, -9.0, 6.0, -6.0, 0]
Q: [0, 14.0, 0.0, 6.0, 0.0, 12.0, 0.0, 5.0, 0.0, 15.0, 0.0, 9.0, 0.0, 6.0, 0.0, 0]
B: [0.0, 54.0, 97.347924264, 130.0, 143.3056140031, 283.0, 323.947598037, 436.0, 439.69228939819, 453.10235550539, 469.98550645539, 549.0, 582.7797797802, 590.99620777538, 608.0270701434799, 614.7317649165499]
