Avion: 2      Iteracion: 25

Num Ruta: 26
Ingresos: 60000.0
Costos: 258.037230651
Utilidad Ruta: 59741.9627693
Costo Reducido: 15.2098269762
Nodos: [102, 17, 57, 40, 80, 8, 5, 45, 48, 38, 21, 78, 61, 812]
q: [0.0, 5.0, -5.0, 15.0, -15.0, 8.0, 7.0, -7.0, -8.0, 8.0, 7.0, -8.0, -7.0, 0.0]
Q: [0.0, 5.0, 0.0, 15.0, 0.0, 8.0, 15.0, 8.0, 0.0, 8.0, 15.0, 7.0, 0.0, 0.0]
B: [0.0, 25.145167826, 59.9877216073, 83.6866924288, 116.2561342109, 414.0, 469.0, 470.12168890518, 480.59966590458, 498.90024256218, 505.72315550315, 544.23489397335, 551.3048225444201, 581.77663950702]
