Avion: 4      Iteracion: 54

Num Ruta: 45
Ingresos: 85200.0
Costos: 269.316364936
Utilidad Ruta: 84930.6836351
Costo Reducido: 20.8750411503
Nodos: [104, 17, 30, 57, 16, 56, 70, 24, 64, 1, 41, 8, 19, 59, 48, 13, 53, 814]
q: [0.0, 5.0, 10.0, -5.0, 5.0, -5.0, -10.0, 14.0, -14.0, 7.0, -7.0, 8.0, 7.0, -7.0, -8.0, 15.0, -15.0, 0.0]
Q: [0.0, 5.0, 15.0, 10.0, 15.0, 10.0, 0.0, 14.0, 0.0, 7.0, 0.0, 8.0, 15.0, 8.0, 0.0, 15.0, 0.0, 0.0]
B: [0.0, 24.0, 64.0, 67.14445448369, 72.47609381883, 82.10018525647, 84.97134181786, 109.70531270816, 148.21826301066, 175.0, 209.2400855285, 414.0, 437.1608815463, 463.7879978378, 466.71611702935996, 468.92679317026995, 485.80994412026996, 507.28702404287]
