Avion: 6      Iteracion: 51

Num Ruta: 50
Ingresos: 39600.0
Costos: 188.892552439
Utilidad Ruta: 39411.1074476
Costo Reducido: 6.49457717068
Nodos: [106, 40, 80, 2, 42, 29, 69, 816]
q: [0, 15.0, -15.0, 9.0, -9.0, 9.0, -9.0, 0]
Q: [0, 15.0, 0.0, 9.0, 0.0, 9.0, 0.0, 0]
B: [0.0, 62.0, 94.5694417821, 522.0, 562.7349620474, 572.53970258451, 606.31948236471, 635.55965763781]
