Avion: 7      Iteracion: 16

Num Ruta: 20
Ingresos: 98400.0
Costos: 388.788448466
Utilidad Ruta: 98011.2115515
Costo Reducido: 147.280450241
Nodos: [107, 24, 64, 14, 54, 23, 18, 58, 63, 26, 66, 39, 79, 20, 7, 47, 60, 2, 42, 817]
q: [0.0, 14.0, -14.0, 8.0, -8.0, 10.0, 5.0, -5.0, -10.0, 13.0, -13.0, 8.0, -8.0, 10.0, 5.0, -5.0, -10.0, 9.0, -9.0, 0.0]
Q: [0.0, 14.0, 0.0, 8.0, 0.0, 10.0, 15.0, 10.0, 0.0, 13.0, 0.0, 8.0, 0.0, 10.0, 15.0, 10.0, 0.0, 9.0, 0.0, 0.0]
B: [0.0, 61.0, 99.5129503025, 128.1593196012, 140.1810313762, 267.0, 293.0, 316.8182362487, 326.74376782137, 346.43014059547, 364.00936856487, 388.0, 410.632187455, 496.0, 517.0, 545.5413118129, 558.5049963585999, 565.8352936240599, 606.5702556714599, 633.7045782353599]
