Avion: 6      Iteracion: 11

Num Ruta: 14
Ingresos: 163200.0
Costos: 583.371768071
Utilidad Ruta: 162616.628232
Costo Reducido: 152423.137546
Nodos: [106, 17, 57, 16, 56, 24, 64, 31, 11, 71, 51, 35, 75, 22, 62, 18, 58, 25, 65, 39, 79, 6, 46, 5, 45, 15, 55, 29, 69, 33, 73, 816]
q: [0, 5.0, -5.0, 11.0, -11.0, 14.0, -14.0, 6.0, 8.0, -6.0, -8.0, 6.0, -6.0, 10.0, -10.0, 11.0, -11.0, 10.0, -10.0, 8.0, -8.0, 5.0, -5.0, 12.0, -12.0, 11.0, -11.0, 9.0, -9.0, 10.0, -10.0, 0]
Q: [0, 5.0, 0.0, 11.0, 0.0, 14.0, 0.0, 6.0, 14.0, 8.0, 0.0, 6.0, 0.0, 10.0, 0.0, 11.0, 0.0, 10.0, 0.0, 8.0, 0.0, 5.0, 0.0, 12.0, 0.0, 11.0, 0.0, 9.0, 0.0, 10.0, 0.0, 0]
B: [0.0, 34.2933399948, 69.1358937761, 74.46753311124, 84.09162454888, 109.31782362838001, 147.83077393088, 159.11513168838002, 172.29786088228002, 172.77673978137702, 176.471118348877, 279.0, 298.9128833924, 314.02713802169995, 335.78182416059997, 349.182260758, 373.00049700669996, 410.0, 427.1849823101, 446.3261919114, 468.9583793664, 475.6466235306, 479.33891292878997, 497.72777314358996, 498.84946204876996, 532.2516565275699, 548.6728231426699, 563.81070000837, 597.59047978857, 606.44197147077, 629.74548270837, 643.58643993687]
