Avion: 6      Iteracion: 12

Num Ruta: 15
Ingresos: 144000.0
Costos: 532.011540626
Utilidad Ruta: 143467.988459
Costo Reducido: 86533.5241498
Nodos: [106, 17, 30, 57, 70, 40, 80, 36, 76, 35, 75, 26, 66, 28, 68, 19, 8, 48, 59, 15, 21, 55, 38, 78, 61, 33, 73, 816]
q: [0.0, 4.0, 11.0, -4.0, -11.0, 15.0, -15.0, 15.0, -15.0, 6.0, -6.0, 13.0, -13.0, 8.0, -8.0, 7.0, 8.0, -8.0, -7.0, 8.0, 7.0, -8.0, 8.0, -8.0, -7.0, 10.0, -10.0, 0.0]
Q: [0.0, 4.0, 15.0, 11.0, 0.0, 15.0, 0.0, 15.0, 0.0, 6.0, 0.0, 13.0, 0.0, 8.0, 0.0, 7.0, 15.0, 7.0, 0.0, 8.0, 15.0, 7.0, 15.0, 7.0, 0.0, 10.0, 0.0, 0.0]
B: [0.0, 34.2933399948, 67.90705160179999, 71.05150608548999, 87.14945160658999, 117.95930567958999, 150.52874746169, 251.0, 257.94814406874, 308.86250452824004, 328.77538792064, 338.06839330103, 355.64762127043, 378.0, 414.0266187839, 426.5624120576, 449.7232936039, 470.4916902199, 473.41980941146, 511.0, 516.67223351071, 527.47150163401, 531.55876734595, 564.42765398665, 571.49758255772, 581.6531274963199, 604.9566387339199, 618.7975959624199]
