Avion: 5      Iteracion: 25

Num Ruta: 26
Ingresos: 13200.0
Costos: 55.7353454505
Utilidad Ruta: 13144.2646545
Costo Reducido: 26.8329739054
Nodos: [105, 6, 46, 27, 67, 815]
q: [0, 5.0, -5.0, 6.0, -6.0, 0]
Q: [0, 5.0, 0.0, 6.0, 0.0, 0]
B: [0.0, 436.0, 439.69228939819, 538.0, 555.0308623681, 571.2262253156]
