Avion: 3      Iteracion: 45

Num Ruta: 44
Ingresos: 49200.0
Costos: 154.119432141
Utilidad Ruta: 49045.8805679
Costo Reducido: 0.642735391615
Nodos: [103, 12, 52, 10, 50, 35, 26, 75, 66, 813]
q: [0.0, 14.0, -14.0, 12.0, -12.0, 6.0, 9.0, -6.0, -9.0, 0.0]
Q: [0.0, 14.0, 0.0, 12.0, 0.0, 6.0, 15.0, 9.0, 0.0, 0.0]
B: [0.0, 54.0, 97.347924264, 106.06569462115, 135.58520535555, 279.0, 300.0, 309.29300538039, 319.11482114938, 343.79449069738]
