Avion: 5      Iteracion: 0

Num Ruta: 1
Ingresos: 57600.0
Costos: 242.585762354
Utilidad Ruta: 57357.4142376
Costo Reducido: -
Nodos: [105, 10, 50, 26, 66, 28, 68, 27, 67, 2, 42, 815]
q: [0, 12.0, -12.0, 13.0, -13.0, 8.0, -8.0, 6.0, -6.0, 9.0, -9.0, 0]
Q: [0, 12.0, 0.0, 13.0, 0.0, 8.0, 0.0, 6.0, 0.0, 9.0, 0.0, 0]
B: [0.0, 96.0, 125.5195107344, 300.0, 317.5792279694, 378.0, 414.0266187839, 538.0, 555.0308623681, 566.4829354555, 607.2178975029, 621.9180745086]
