Avion: 5      Iteracion: 52

Num Ruta: 49
Ingresos: 81600.0
Costos: 216.318555519
Utilidad Ruta: 81383.6814445
Costo Reducido: 7.66429366244
Nodos: [105, 35, 75, 26, 66, 28, 68, 15, 55, 7, 4, 47, 44, 37, 77, 815]
q: [0, 6.0, -6.0, 13.0, -13.0, 8.0, -8.0, 11.0, -11.0, 10.0, 5.0, -10.0, -5.0, 15.0, -15.0, 0]
Q: [0, 6.0, 0.0, 13.0, 0.0, 8.0, 0.0, 11.0, 0.0, 10.0, 15.0, 5.0, 0.0, 15.0, 0.0, 0]
B: [0.0, 279.0, 298.9128833924, 308.20588877279, 325.78511674219, 378.0, 414.0266187839, 511.0, 527.4211666151, 538.3259061809999, 548.6892794734999, 567.9616404602, 569.12201453781, 576.1863866259699, 596.98104009747, 618.60848497657]
