Avion: 4      Iteracion: 66

Num Ruta: 49
Ingresos: 86400.0
Costos: 298.290598679
Utilidad Ruta: 86101.7094013
Costo Reducido: 5.15732090257
Nodos: [104, 17, 30, 57, 16, 56, 70, 40, 80, 26, 66, 22, 62, 32, 38, 72, 78, 814]
q: [0.0, 5.0, 10.0, -5.0, 5.0, -5.0, -10.0, 15.0, -15.0, 13.0, -13.0, 10.0, -10.0, 6.0, 8.0, -6.0, -8.0, 0.0]
Q: [0.0, 5.0, 15.0, 10.0, 15.0, 10.0, 0.0, 15.0, 0.0, 13.0, 0.0, 10.0, 0.0, 6.0, 14.0, 8.0, 0.0, 0.0]
B: [0.0, 24.0, 64.0, 67.14445448369, 72.47609381883, 82.10018525647, 84.97134181786, 115.78119589085999, 148.35063767295998, 300.0, 317.5792279694, 331.2134086195, 352.9680947584, 422.0, 480.0, 495.0304472322, 517.0265259964, 561.0276571182]
