Avion: 7      Iteracion: 43

Num Ruta: 41
Ingresos: 84000.0
Costos: 308.349372368
Utilidad Ruta: 83691.6506276
Costo Reducido: 21.5960232694
Nodos: [107, 9, 49, 11, 51, 34, 74, 39, 79, 28, 68, 21, 61, 33, 73, 817]
q: [0, 11.0, -11.0, 8.0, -8.0, 12.0, -12.0, 8.0, -8.0, 8.0, -8.0, 13.0, -13.0, 10.0, -10.0, 0]
Q: [0, 11.0, 0.0, 8.0, 0.0, 12.0, 0.0, 8.0, 0.0, 8.0, 0.0, 13.0, 0.0, 10.0, 0.0, 0]
B: [0.0, 28.0348110926, 57.562048095099996, 169.0, 173.05406684701, 283.0, 323.947598037, 388.0, 410.632187455, 423.6226744744, 459.6492932583, 477.0, 517.7387906792, 562.0, 585.3035112376, 608.3499999288999]
