Avion: 7      Iteracion: 7

Num Ruta: 11
Ingresos: 159600.0
Costos: 567.117756361
Utilidad Ruta: 159032.882244
Costo Reducido: 289234.718707
Nodos: [107, 12, 52, 30, 70, 14, 54, 36, 76, 34, 74, 22, 62, 39, 79, 6, 46, 5, 45, 38, 78, 29, 27, 69, 67, 37, 77, 817]
q: [0, 14.0, -14.0, 11.0, -11.0, 8.0, -8.0, 15.0, -15.0, 12.0, -12.0, 10.0, -10.0, 8.0, -8.0, 5.0, -5.0, 12.0, -12.0, 8.0, -8.0, 9.0, 6.0, -9.0, -6.0, 15.0, -15.0, 0]
Q: [0, 14.0, 0.0, 11.0, 0.0, 8.0, 0.0, 15.0, 0.0, 12.0, 0.0, 10.0, 0.0, 8.0, 0.0, 5.0, 0.0, 12.0, 0.0, 8.0, 0.0, 9.0, 15.0, 6.0, 0.0, 15.0, 0.0, 0]
B: [0.0, 54.0, 97.347924264, 122.72227077779999, 141.4362934346, 169.2322340915, 181.2539458665, 251.0, 257.94814406874, 283.0, 323.947598037, 353.69889745399996, 375.4535835929, 422.14013497549996, 444.77232243049997, 451.46056659469997, 455.15285599288995, 473.54171620768994, 474.66340511286995, 496.24509781756996, 529.1139844582699, 563.5101601177699, 589.1119683546699, 597.3283963498499, 612.7757739266499, 619.6117395497399, 640.4063930212399, 655.9807813880399]
