Avion: 5      Iteracion: 63

Num Ruta: 54
Ingresos: 32400.0
Costos: 95.8523043432
Utilidad Ruta: 32304.1476957
Costo Reducido: 0.656767680233
Nodos: [105, 10, 50, 35, 26, 75, 66, 815]
q: [0.0, 12.0, -12.0, 6.0, 9.0, -6.0, -9.0, 0.0]
Q: [0.0, 12.0, 0.0, 6.0, 15.0, 9.0, 0.0, 0.0]
B: [0.0, 96.0, 125.5195107344, 279.0, 300.0, 309.29300538039, 319.11482114938, 336.91264374088]
