Avion: 5      Iteracion: 82

Num Ruta: 64
Ingresos: 122400.0
Costos: 365.509761892
Utilidad Ruta: 122034.490238
Costo Reducido: 9.50146066256
Nodos: [105, 16, 56, 24, 64, 36, 76, 34, 74, 39, 28, 79, 68, 25, 65, 21, 38, 78, 61, 33, 73, 815]
q: [0.0, 11.0, -11.0, 14.0, -14.0, 15.0, -15.0, 12.0, -12.0, 8.0, 7.0, -8.0, -7.0, 10.0, -10.0, 13.0, 2.0, -2.0, -13.0, 10.0, -10.0, 0.0]
Q: [0.0, 11.0, 0.0, 14.0, 0.0, 15.0, 0.0, 12.0, 0.0, 8.0, 15.0, 7.0, 0.0, 10.0, 0.0, 13.0, 15.0, 13.0, 0.0, 10.0, 0.0, 0.0]
B: [0.0, 36.0, 45.624091437640004, 70.85029051714, 109.36324081964, 251.0, 257.94814406874, 283.0, 323.947598037, 388.0, 399.3210123222, 412.3114993416, 448.3244104708, 451.65778908716, 468.84277139726, 477.01148488226, 483.83439782323, 516.70328446393, 523.773213035, 562.0, 585.3035112376, 603.0256129753]
