Avion: 1      Iteracion: 15

Num Ruta: 16
Ingresos: 144000.0
Costos: 403.384236482
Utilidad Ruta: 143596.615764
Costo Reducido: 350.379973647
Nodos: [101, 31, 11, 51, 71, 1, 41, 3, 43, 23, 35, 75, 63, 22, 62, 32, 8, 48, 13, 72, 53, 15, 21, 55, 38, 4, 78, 61, 33, 44, 73, 811]
q: [0.0, 6.0, 8.0, -8.0, -6.0, 7.0, -7.0, 15.0, -15.0, 9.0, 6.0, -6.0, -9.0, 10.0, -10.0, 6.0, 8.0, -8.0, 9.0, -6.0, -9.0, 11.0, 2.0, -11.0, 8.0, 5.0, -8.0, -2.0, 10.0, -5.0, -10.0, 0.0]
Q: [0.0, 6.0, 14.0, 6.0, 0.0, 7.0, 0.0, 15.0, 0.0, 9.0, 15.0, 9.0, 0.0, 10.0, 0.0, 6.0, 14.0, 6.0, 15.0, 9.0, 0.0, 11.0, 13.0, 2.0, 10.0, 15.0, 7.0, 5.0, 15.0, 10.0, 0.0, 0.0]
B: [0.0, 130.0, 169.0, 173.05406684701, 176.74844541451, 195.73813951421, 229.97822504271, 256.0, 261.08428175852, 267.0, 307.4405515417, 327.3534349341, 339.9719804129, 355.7284044044, 377.4830905433, 422.0, 433.4468981388, 454.2152947548, 456.42597089571, 470.26815067351004, 474.33910105395006, 511.0, 516.67223351071, 527.47150163401, 531.55876734595, 539.89266775332, 569.01236708212, 576.08229565319, 586.23784059179, 594.80930604409, 616.34722014919, 622.26619641202]
