Avion: 6      Iteracion: 32

Num Ruta: 35
Ingresos: 66000.0
Costos: 184.402959542
Utilidad Ruta: 65815.5970405
Costo Reducido: 49.9136777419
Nodos: [106, 26, 66, 22, 62, 8, 48, 13, 53, 29, 69, 816]
q: [0, 13.0, -13.0, 10.0, -10.0, 8.0, -8.0, 15.0, -15.0, 9.0, -9.0, 0]
Q: [0, 13.0, 0.0, 10.0, 0.0, 8.0, 0.0, 15.0, 0.0, 9.0, 0.0, 0]
B: [0.0, 300.0, 317.5792279694, 331.2134086195, 352.9680947584, 414.0, 434.768396616, 436.97907275691, 453.86222370691, 549.0, 582.7797797802, 612.0199550533]
