Avion: 6      Iteracion: 54

Num Ruta: 53
Ingresos: 74400.0
Costos: 227.969132019
Utilidad Ruta: 74172.030868
Costo Reducido: 1.73937103986
Nodos: [106, 16, 56, 9, 49, 25, 65, 20, 4, 44, 2, 60, 33, 73, 42, 816]
q: [0.0, 11.0, -11.0, 11.0, -11.0, 10.0, -10.0, 10.0, 5.0, -5.0, 5.0, -10.0, 10.0, -10.0, -5.0, 0.0]
Q: [0.0, 11.0, 0.0, 11.0, 0.0, 10.0, 0.0, 10.0, 15.0, 10.0, 15.0, 5.0, 15.0, 5.0, 0.0, 0.0]
B: [0.0, 36.0, 45.624091437640004, 75.68094759394, 105.20818459644, 410.0, 427.1849823101, 496.0, 529.0, 549.4257496801999, 558.8802161908, 566.21051345626, 577.03231279836, 600.33582403596, 618.8546080673599, 628.5747083240399]
