Avion: 6      Iteracion: 44

Num Ruta: 46
Ingresos: 128400.0
Costos: 360.343043107
Utilidad Ruta: 128039.656957
Costo Reducido: 16.6403387834
Nodos: [106, 16, 30, 70, 56, 10, 50, 35, 26, 75, 66, 22, 62, 8, 19, 59, 48, 13, 53, 38, 21, 78, 61, 33, 73, 816]
q: [0.0, 4.0, 11.0, -11.0, -4.0, 12.0, -12.0, 6.0, 9.0, -6.0, -9.0, 10.0, -10.0, 8.0, 7.0, -7.0, -8.0, 15.0, -15.0, 8.0, 7.0, -8.0, -7.0, 10.0, -10.0, 0.0]
Q: [0.0, 4.0, 15.0, 4.0, 0.0, 12.0, 0.0, 6.0, 15.0, 9.0, 0.0, 10.0, 0.0, 8.0, 15.0, 8.0, 0.0, 15.0, 0.0, 8.0, 15.0, 7.0, 0.0, 10.0, 0.0, 0.0]
B: [0.0, 36.0, 64.0, 82.7140226568, 85.58517921818999, 101.41445642849, 130.93396716288999, 279.0, 300.0, 309.29300538039, 319.11482114938, 332.74900179948, 354.50368793838004, 414.0, 437.1608815463, 463.7879978378, 466.71611702935996, 468.92679317026995, 485.80994412026996, 499.30500340136996, 506.12791634234, 544.63965481254, 551.70958338361, 562.0, 585.3035112376, 599.1444684661]
