Avion: 2      Iteracion: 63

Num Ruta: 56
Ingresos: 142800.0
Costos: 442.018196502
Utilidad Ruta: 142357.981803
Costo Reducido: 12.2725020058
Nodos: [102, 30, 16, 56, 70, 24, 64, 1, 41, 23, 18, 63, 58, 39, 28, 79, 68, 25, 21, 65, 38, 78, 61, 4, 7, 47, 44, 37, 77, 812]
q: [0.0, 11.0, 4.0, -4.0, -11.0, 14.0, -14.0, 7.0, -7.0, 10.0, 5.0, -10.0, -5.0, 8.0, 7.0, -8.0, -7.0, 8.0, 7.0, -8.0, 8.0, -8.0, -7.0, 5.0, 10.0, -10.0, -5.0, 15.0, -15.0, 0.0]
Q: [0.0, 11.0, 15.0, 11.0, 0.0, 14.0, 0.0, 7.0, 0.0, 10.0, 15.0, 5.0, 0.0, 8.0, 15.0, 7.0, 0.0, 8.0, 15.0, 7.0, 15.0, 7.0, 0.0, 5.0, 15.0, 5.0, 0.0, 15.0, 0.0, 0.0]
B: [0.0, 64.0, 72.20259129788, 81.82668273552001, 84.69783929691, 109.43181018721, 147.94476048971, 175.0, 209.2400855285, 267.0, 293.0, 318.4393114097, 328.36484298237, 388.0, 399.3210123222, 412.3114993416, 448.3244104708, 451.65778908716, 477.0, 485.168713485, 489.49037624371, 522.35926288441, 529.42919145548, 558.59898886648, 568.96236215898, 597.50367397188, 598.6640480494899, 605.7284201376499, 626.5230736091498, 645.2223084598498]
