Avion: 5      Iteracion: 38

Num Ruta: 38
Ingresos: 110400.0
Costos: 306.817851565
Utilidad Ruta: 110093.182148
Costo Reducido: 43.996906864
Nodos: [105, 16, 56, 36, 76, 34, 74, 28, 68, 25, 65, 15, 55, 7, 47, 37, 77, 815]
q: [0, 11.0, -11.0, 15.0, -15.0, 12.0, -12.0, 8.0, -8.0, 10.0, -10.0, 11.0, -11.0, 10.0, -10.0, 15.0, -15.0, 0]
Q: [0, 11.0, 0.0, 15.0, 0.0, 12.0, 0.0, 8.0, 0.0, 10.0, 0.0, 11.0, 0.0, 10.0, 0.0, 15.0, 0.0, 0]
B: [0.0, 36.0, 45.624091437640004, 251.0, 257.94814406874, 283.0, 323.947598037, 378.0, 414.0266187839, 417.35999740026, 434.54497971036, 511.0, 527.4211666151, 538.3259061809999, 566.8672179938999, 574.0400295068299, 594.83468297833, 616.46212785743]
