Avion: 3      Iteracion: 35

Num Ruta: 36
Ingresos: 96000.0
Costos: 308.572863638
Utilidad Ruta: 95691.4271364
Costo Reducido: 5.16660822317
Nodos: [103, 9, 49, 18, 58, 25, 65, 32, 8, 48, 13, 72, 53, 21, 38, 78, 61, 33, 73, 813]
q: [0.0, 11.0, -11.0, 11.0, -11.0, 10.0, -10.0, 6.0, 8.0, -8.0, 9.0, -6.0, -9.0, 7.0, 8.0, -8.0, -7.0, 10.0, -10.0, 0.0]
Q: [0.0, 11.0, 0.0, 11.0, 0.0, 10.0, 0.0, 6.0, 14.0, 6.0, 15.0, 9.0, 0.0, 7.0, 15.0, 7.0, 0.0, 10.0, 0.0, 0.0]
B: [0.0, 28.0, 57.5272370025, 293.0, 316.8182362487, 410.0, 427.1849823101, 445.7299117519, 457.1768098907, 477.9452065067, 480.15588264761, 493.99806242541, 498.06901280585004, 513.58040919685, 520.40332213782, 553.27220877852, 560.3421373495901, 570.49768228819, 593.80119352579, 617.61146798869]
