Avion: 2      Iteracion: 5

Num Ruta: 8
Ingresos: 144000.0
Costos: 589.225384773
Utilidad Ruta: 143410.774615
Costo Reducido: 223097.812298
Nodos: [102, 16, 56, 40, 80, 10, 50, 11, 51, 23, 34, 63, 74, 8, 48, 25, 65, 15, 55, 4, 33, 73, 44, 37, 77, 812]
q: [0.0, 11.0, -11.0, 15.0, -15.0, 12.0, -12.0, 8.0, -8.0, 3.0, 12.0, -3.0, -12.0, 8.0, -8.0, 10.0, -10.0, 11.0, -11.0, 5.0, 10.0, -10.0, -5.0, 15.0, -15.0, 0.0]
Q: [0.0, 11.0, 0.0, 15.0, 0.0, 12.0, 0.0, 8.0, 0.0, 3.0, 15.0, 12.0, 0.0, 8.0, 0.0, 10.0, 0.0, 11.0, 0.0, 5.0, 15.0, 5.0, 0.0, 15.0, 0.0, 0.0]
B: [0.0, 36.0, 45.624091437640004, 77.27284989674001, 109.84229167884001, 127.02298575674001, 156.54249649114, 209.18071307374, 213.23477992075001, 267.0, 308.6968644505, 345.192375421, 361.7120311075, 414.0, 434.768396616, 468.12895782230004, 485.31394013240003, 511.0, 527.4211666151, 532.99584588839, 562.0, 585.3035112376, 606.8414253427, 613.9057974308599, 634.70045090236, 653.39968575306]
