Avion: 7      Iteracion: 38

Num Ruta: 37
Ingresos: 42000.0
Costos: 130.348816045
Utilidad Ruta: 41869.651184
Costo Reducido: 21.6514120457
Nodos: [107, 18, 58, 29, 69, 37, 77, 817]
q: [0, 11.0, -11.0, 9.0, -9.0, 15.0, -15.0, 0]
Q: [0, 11.0, 0.0, 9.0, 0.0, 15.0, 0.0, 0]
B: [0.0, 293.0, 316.8182362487, 549.0, 582.7797797802, 602.0609649098, 622.8556183813, 638.4300067481]
