Avion: 6      Iteracion: 25

Num Ruta: 28
Ingresos: 103200.0
Costos: 341.422781099
Utilidad Ruta: 102858.577219
Costo Reducido: 57.0076053278
Nodos: [106, 17, 30, 57, 16, 56, 70, 40, 80, 31, 11, 71, 51, 34, 74, 39, 28, 79, 68, 25, 65, 816]
q: [0.0, 5.0, 10.0, -5.0, 5.0, -5.0, -10.0, 15.0, -15.0, 6.0, 8.0, -6.0, -8.0, 12.0, -12.0, 8.0, 7.0, -8.0, -7.0, 10.0, -10.0, 0.0]
Q: [0.0, 5.0, 15.0, 10.0, 15.0, 10.0, 0.0, 15.0, 0.0, 6.0, 14.0, 8.0, 0.0, 12.0, 0.0, 8.0, 15.0, 7.0, 0.0, 10.0, 0.0, 0.0]
B: [0.0, 34.2933399948, 67.90705160179999, 71.05150608548999, 76.38314542062999, 86.00723685826999, 88.87839341965999, 119.68824749265998, 152.25768927475997, 175.59617827895997, 188.77890747285997, 189.25778637195697, 192.95216493945696, 283.0, 323.947598037, 388.0, 399.3210123222, 412.3114993416, 448.3244104708, 451.65778908716, 468.84277139726, 476.51257817449]
