Avion: 3      Iteracion: 19

Num Ruta: 21
Ingresos: 135600.0
Costos: 464.277815568
Utilidad Ruta: 135135.722184
Costo Reducido: 165.807407495
Nodos: [103, 9, 49, 12, 52, 10, 50, 11, 51, 34, 74, 28, 39, 68, 19, 59, 79, 13, 53, 38, 4, 78, 27, 44, 67, 813]
q: [0.0, 11.0, -11.0, 14.0, -14.0, 12.0, -12.0, 8.0, -8.0, 12.0, -12.0, 8.0, 7.0, -8.0, 7.0, -7.0, -7.0, 15.0, -15.0, 8.0, 5.0, -8.0, 6.0, -5.0, -6.0, 0.0]
Q: [0.0, 11.0, 0.0, 14.0, 0.0, 12.0, 0.0, 8.0, 0.0, 12.0, 0.0, 8.0, 15.0, 7.0, 14.0, 7.0, 0.0, 15.0, 0.0, 8.0, 13.0, 5.0, 11.0, 6.0, 0.0, 0.0]
B: [0.0, 28.0, 57.5272370025, 68.3142737596, 111.6621980236, 120.37996838075, 149.89947911515, 202.53769569775, 206.59176254476, 283.0, 323.947598037, 378.0, 389.3210123222, 420.750419714, 433.28621298769997, 459.91332927919996, 466.22853133455993, 469.4604651210099, 486.34361607100993, 499.83867535210993, 529.0, 558.1196993288, 569.6554266574001, 586.0062392366001, 591.4214977715201, 613.8194115360201]
