Avion: 6      Iteracion: 0

Num Ruta: 3
Ingresos: 208800.0
Costos: 634.605135097
Utilidad Ruta: 208165.394865
Costo Reducido: -
Nodos: [106, 16, 56, 40, 80, 31, 14, 54, 11, 51, 71, 1, 41, 3, 43, 36, 76, 26, 66, 39, 79, 13, 53, 5, 45, 15, 55, 4, 44, 33, 73, 37, 77, 816]
q: [0, 11.0, -11.0, 15.0, -15.0, 6.0, 8.0, -8.0, 8.0, -8.0, -6.0, 7.0, -7.0, 15.0, -15.0, 15.0, -15.0, 13.0, -13.0, 8.0, -8.0, 15.0, -15.0, 12.0, -12.0, 11.0, -11.0, 5.0, -5.0, 10.0, -10.0, 15.0, -15.0, 0]
Q: [0, 11.0, 0.0, 15.0, 0.0, 6.0, 14.0, 6.0, 14.0, 6.0, 0.0, 7.0, 0.0, 15.0, 0.0, 15.0, 0.0, 13.0, 0.0, 8.0, 0.0, 15.0, 0.0, 12.0, 0.0, 11.0, 0.0, 5.0, 0.0, 10.0, 0.0, 15.0, 0.0, 0]
B: [0.0, 36.0, 45.624091437640004, 77.27284989674001, 109.84229167884001, 133.18078068304, 150.70046310024, 162.72217487524, 192.17060398444, 196.22467083145, 199.91904939895, 218.90874349864998, 253.14882902715, 260.24538093635, 265.32966269486997, 300.24912799717, 307.19727206591, 347.49965652391, 365.07888449331, 388.0, 410.632187455, 423.0, 439.88315095, 469.0, 470.12168890518, 511.0, 527.4211666151, 532.99584588839, 553.42159556859, 562.0, 585.3035112376, 612.462098259, 633.2567517304999, 675.0768146309999]
