Avion: 4      Iteracion: 65

Num Ruta: 48
Ingresos: 9600.0
Costos: 29.0332861338
Utilidad Ruta: 9570.96671387
Costo Reducido: 0.902773915021
Nodos: [104, 11, 51, 814]
q: [0, 8.0, -8.0, 0]
Q: [0, 8.0, 0.0, 0]
B: [0.0, 169.0, 173.05406684701, 175.50668707852]
