Avion: 2      Iteracion: 77

Num Ruta: 61
Ingresos: 43200.0
Costos: 93.2389532829
Utilidad Ruta: 43106.7610467
Costo Reducido: 3.63932584959
Nodos: [102, 31, 71, 36, 76, 29, 27, 69, 67, 812]
q: [0, 6.0, -6.0, 15.0, -15.0, 9.0, 6.0, -9.0, -6.0, 0]
Q: [0, 6.0, 0.0, 15.0, 0.0, 9.0, 15.0, 6.0, 0.0, 0]
B: [0.0, 130.0, 143.3056140031, 251.0, 257.94814406874, 549.0, 574.6018082369, 582.8182362320799, 598.26561380888, 611.68202007138]
