Avion: 5      Iteracion: 27

Num Ruta: 28
Ingresos: 27600.0
Costos: 114.351558122
Utilidad Ruta: 27485.6484419
Costo Reducido: 22.2496644674
Nodos: [105, 26, 66, 20, 60, 815]
q: [0, 13.0, -13.0, 10.0, -10.0, 0]
Q: [0, 13.0, 0.0, 10.0, 0.0, 0]
B: [0.0, 300.0, 317.5792279694, 496.0, 538.1771424471, 570.5301628471]
