Avion: 4      Iteracion: 67

Num Ruta: 50
Ingresos: 87600.0
Costos: 284.598212354
Utilidad Ruta: 87315.4017876
Costo Reducido: 5.06844261524
Nodos: [104, 17, 30, 57, 16, 56, 70, 40, 80, 26, 66, 22, 62, 19, 8, 59, 48, 814]
q: [0.0, 5.0, 10.0, -5.0, 5.0, -5.0, -10.0, 15.0, -15.0, 13.0, -13.0, 10.0, -10.0, 7.0, 8.0, -7.0, -8.0, 0.0]
Q: [0.0, 5.0, 15.0, 10.0, 15.0, 10.0, 0.0, 15.0, 0.0, 13.0, 0.0, 10.0, 0.0, 7.0, 15.0, 8.0, 0.0, 0.0]
B: [0.0, 24.0, 64.0, 67.14445448369, 72.47609381883, 82.10018525647, 84.97134181786, 115.78119589085999, 148.35063767295998, 300.0, 317.5792279694, 331.2134086195, 352.9680947584, 402.0, 425.1608815463, 443.1178409771, 446.04596016866, 475.50069603576]
