Avion: 2      Iteracion: 0

Num Ruta: 2
Ingresos: 205200.0
Costos: 578.75307982
Utilidad Ruta: 204621.24692
Costo Reducido: -
Nodos: [102, 16, 56, 40, 80, 10, 50, 11, 51, 36, 76, 3, 43, 23, 18, 63, 58, 39, 79, 13, 53, 5, 45, 6, 46, 7, 4, 47, 44, 37, 77, 33, 73, 812]
q: [0.0, 11.0, -11.0, 15.0, -15.0, 12.0, -12.0, 8.0, -8.0, 15.0, -15.0, 15.0, -15.0, 4.0, 11.0, -4.0, -11.0, 8.0, -8.0, 15.0, -15.0, 12.0, -12.0, 5.0, -5.0, 10.0, 5.0, -10.0, -5.0, 15.0, -15.0, 10.0, -10.0, 0.0]
Q: [0.0, 11.0, 0.0, 15.0, 0.0, 12.0, 0.0, 8.0, 0.0, 15.0, 0.0, 15.0, 0.0, 4.0, 15.0, 11.0, 0.0, 8.0, 0.0, 15.0, 0.0, 12.0, 0.0, 5.0, 0.0, 10.0, 15.0, 5.0, 0.0, 15.0, 0.0, 10.0, 0.0, 0.0]
B: [0.0, 36.0, 45.624091437640004, 77.27284989674001, 109.84229167884001, 127.02298575674001, 156.54249649114, 209.18071307374, 213.23477992075001, 251.0, 257.94814406874, 294.92818141324, 300.01246317176, 303.37495049515996, 323.55390064126, 348.99321205096, 358.91874362363, 388.0, 410.632187455, 423.0, 439.88315095, 469.0, 470.12168890518, 486.34528175638, 490.03757115457, 525.51042595937, 535.87379925187, 555.14616023857, 556.30653431618, 563.37090640434, 584.16555987584, 618.74931470384, 642.05282594144, 661.29903310024]
