Avion: 7      Iteracion: 58

Num Ruta: 54
Ingresos: 75600.0
Costos: 268.42137443
Utilidad Ruta: 75331.5786256
Costo Reducido: 4.05041230941
Nodos: [107, 14, 54, 18, 58, 22, 62, 19, 32, 59, 72, 21, 38, 61, 78, 27, 67, 817]
q: [0.0, 8.0, -8.0, 11.0, -11.0, 10.0, -10.0, 7.0, 6.0, -7.0, -6.0, 7.0, 8.0, -7.0, -8.0, 6.0, -6.0, 0.0]
Q: [0.0, 8.0, 0.0, 11.0, 0.0, 10.0, 0.0, 7.0, 13.0, 6.0, 0.0, 7.0, 15.0, 8.0, 0.0, 6.0, 0.0, 0.0]
B: [0.0, 112.0, 124.021711775, 293.0, 316.8182362487, 332.3010836612, 354.0557698001, 402.0, 422.0, 441.5724706923, 458.69984714049997, 477.1117787339, 483.93469167487, 518.41707205967, 525.48700063074, 538.0, 555.0308623681, 561.7355571411699]
