Avion: 6      Iteracion: 17

Num Ruta: 20
Ingresos: 13200.0
Costos: 85.5857756752
Utilidad Ruta: 13114.4142243
Costo Reducido: 38.6530389685
Nodos: [106, 9, 49, 816]
q: [0, 11.0, -11.0, 0]
Q: [0, 11.0, 0.0, 0]
B: [0.0, 35.5829922575, 65.11022926000001, 85.58577567520001]
