Avion: 3      Iteracion: 14

Num Ruta: 16
Ingresos: 56400.0
Costos: 214.169401711
Utilidad Ruta: 56185.8305983
Costo Reducido: 144.122669387
Nodos: [103, 12, 52, 10, 50, 1, 31, 71, 11, 51, 41, 813]
q: [0, 14.0, -14.0, 12.0, -12.0, 7.0, 6.0, -6.0, 8.0, -8.0, -7.0, 0]
Q: [0, 14.0, 0.0, 12.0, 0.0, 7.0, 13.0, 7.0, 15.0, 7.0, 0.0, 0]
B: [0.0, 54.0, 97.347924264, 106.06569462115, 135.58520535555, 175.0, 183.89376197118, 197.19937597428, 197.678254873377, 201.732321720387, 236.048051058387, 257.101479496487]
