Avion: 1      Iteracion: 60

Num Ruta: 47
Ingresos: 96000.0
Costos: 280.806363886
Utilidad Ruta: 95719.1936361
Costo Reducido: 4.40186373526
Nodos: [101, 30, 16, 56, 70, 24, 64, 1, 41, 3, 43, 23, 18, 63, 58, 29, 4, 44, 69, 811]
q: [0.0, 11.0, 4.0, -4.0, -11.0, 14.0, -14.0, 7.0, -7.0, 15.0, -15.0, 10.0, 5.0, -10.0, -5.0, 9.0, 5.0, -5.0, -9.0, 0.0]
Q: [0.0, 11.0, 15.0, 11.0, 0.0, 14.0, 0.0, 7.0, 0.0, 15.0, 0.0, 10.0, 15.0, 5.0, 0.0, 9.0, 14.0, 9.0, 0.0, 0.0]
B: [0.0, 64.0, 72.20259129788, 81.82668273552001, 84.69783929691, 109.43181018721, 147.94476048971, 175.0, 209.2400855285, 256.0, 261.08428175852, 267.0, 293.0, 318.4393114097, 328.36484298237, 549.0, 569.7100026316, 590.1357523117999, 602.3548233485, 618.3729981821]
