Avion: 5      Iteracion: 65

Num Ruta: 56
Ingresos: 136800.0
Costos: 410.554230803
Utilidad Ruta: 136389.445769
Costo Reducido: 0.831180187757
Nodos: [105, 16, 56, 40, 80, 1, 41, 3, 43, 23, 18, 58, 63, 28, 68, 25, 65, 15, 21, 55, 38, 78, 61, 33, 73, 815]
q: [0.0, 11.0, -11.0, 15.0, -15.0, 7.0, -7.0, 15.0, -15.0, 10.0, 5.0, -5.0, -10.0, 8.0, -8.0, 10.0, -10.0, 8.0, 7.0, -8.0, 8.0, -8.0, -7.0, 10.0, -10.0, 0.0]
Q: [0.0, 11.0, 0.0, 15.0, 0.0, 7.0, 0.0, 15.0, 0.0, 10.0, 15.0, 10.0, 0.0, 8.0, 0.0, 10.0, 0.0, 8.0, 15.0, 7.0, 15.0, 7.0, 0.0, 10.0, 0.0, 0.0]
B: [0.0, 36.0, 45.624091437640004, 77.27284989674001, 109.84229167884001, 175.0, 209.2400855285, 256.0, 261.08428175852, 267.0, 293.0, 316.8182362487, 326.74376782137, 378.0, 414.0266187839, 417.35999740026, 434.54497971036, 511.0, 516.67223351071, 527.47150163401, 531.55876734595, 564.42765398665, 571.49758255772, 581.6531274963199, 604.9566387339199, 622.6787404716199]
