Avion: 5      Iteracion: 18

Num Ruta: 20
Ingresos: 110400.0
Costos: 426.810693676
Utilidad Ruta: 109973.189306
Costo Reducido: 185.575934422
Nodos: [105, 17, 57, 40, 80, 10, 50, 35, 26, 75, 66, 18, 58, 25, 65, 21, 61, 27, 67, 4, 44, 815]
q: [0.0, 5.0, -5.0, 15.0, -15.0, 12.0, -12.0, 6.0, 9.0, -6.0, -9.0, 11.0, -11.0, 10.0, -10.0, 13.0, -13.0, 6.0, -6.0, 5.0, -5.0, 0.0]
Q: [0.0, 5.0, 0.0, 15.0, 0.0, 12.0, 0.0, 6.0, 15.0, 9.0, 0.0, 11.0, 0.0, 10.0, 0.0, 13.0, 0.0, 6.0, 0.0, 5.0, 0.0, 0.0]
B: [0.0, 24.8000597782, 59.6426135595, 83.341584381, 115.9110261631, 133.09172024100002, 162.61123097540002, 279.0, 300.0, 309.29300538039, 319.11482114938, 342.39349190178, 366.21172815048, 410.0, 427.1849823101, 477.0, 517.7387906792, 538.0, 555.0308623681, 571.1180630258, 591.5438127059999, 612.5709639633999]
