Avion: 6      Iteracion: 26

Num Ruta: 29
Ingresos: 96000.0
Costos: 340.309314565
Utilidad Ruta: 95659.6906854
Costo Reducido: 122.169817728
Nodos: [106, 16, 56, 40, 80, 1, 41, 23, 18, 58, 63, 28, 68, 19, 32, 8, 59, 48, 13, 53, 72, 816]
q: [0.0, 11.0, -11.0, 15.0, -15.0, 7.0, -7.0, 10.0, 5.0, -5.0, -10.0, 8.0, -8.0, 1.0, 6.0, 8.0, -1.0, -8.0, 9.0, -9.0, -6.0, 0.0]
Q: [0.0, 11.0, 0.0, 15.0, 0.0, 7.0, 0.0, 10.0, 15.0, 10.0, 0.0, 8.0, 0.0, 1.0, 7.0, 15.0, 14.0, 6.0, 15.0, 6.0, 0.0, 0.0]
B: [0.0, 36.0, 45.624091437640004, 77.27284989674001, 109.84229167884001, 175.0, 209.2400855285, 267.0, 293.0, 316.8182362487, 326.74376782137, 378.0, 414.0266187839, 426.5624120576, 438.27732669659997, 449.7242248354, 467.6811842662, 470.60930345775995, 472.81997959866993, 489.70313054866995, 493.77408092910997, 501.81095725016996]
