Avion: 7      Iteracion: 4

Num Ruta: 8
Ingresos: 182400.0
Costos: 567.807826641
Utilidad Ruta: 181832.192173
Costo Reducido: 280254.954124
Nodos: [107, 30, 70, 16, 56, 10, 50, 31, 11, 71, 51, 3, 43, 36, 76, 34, 74, 28, 68, 25, 32, 72, 65, 21, 38, 61, 78, 29, 69, 37, 77, 817]
q: [0.0, 11.0, -11.0, 11.0, -11.0, 12.0, -12.0, 6.0, 8.0, -6.0, -8.0, 15.0, -15.0, 15.0, -15.0, 12.0, -12.0, 8.0, -8.0, 9.0, 6.0, -6.0, -9.0, 13.0, 2.0, -13.0, -2.0, 9.0, -9.0, 15.0, -15.0, 0.0]
Q: [0.0, 11.0, 0.0, 11.0, 0.0, 12.0, 0.0, 6.0, 14.0, 8.0, 0.0, 15.0, 0.0, 15.0, 0.0, 12.0, 0.0, 8.0, 0.0, 9.0, 15.0, 9.0, 0.0, 13.0, 15.0, 2.0, 0.0, 9.0, 0.0, 15.0, 0.0, 0.0]
B: [0.0, 64.0, 82.7140226568, 93.53069441849999, 103.15478585614, 118.98406306644, 148.50357380084, 188.11172813804, 201.29445733194, 201.773336231037, 205.467714798537, 256.0, 261.08428175852, 296.00374706082, 302.95189112956, 316.67163912286003, 357.61923715986, 378.0, 414.0266187839, 417.35999740026, 438.02644569216, 465.88380150706, 476.86886978176, 485.03758326676, 491.86049620773, 526.34287659253, 533.4128051636001, 567.8089808231001, 601.5887606033001, 620.8699457329001, 641.6645992044, 657.2389875712]
