Avion: 1      Iteracion: 19

Num Ruta: 20
Ingresos: 90000.0
Costos: 259.025805365
Utilidad Ruta: 89740.9741946
Costo Reducido: 186.761782999
Nodos: [101, 30, 16, 56, 70, 14, 54, 23, 18, 63, 58, 39, 79, 13, 53, 29, 4, 44, 69, 811]
q: [0.0, 11.0, 4.0, -4.0, -11.0, 8.0, -8.0, 10.0, 5.0, -10.0, -5.0, 8.0, -8.0, 15.0, -15.0, 9.0, 5.0, -5.0, -9.0, 0.0]
Q: [0.0, 11.0, 15.0, 11.0, 0.0, 8.0, 0.0, 10.0, 15.0, 5.0, 0.0, 8.0, 0.0, 15.0, 0.0, 9.0, 14.0, 9.0, 0.0, 0.0]
B: [0.0, 64.0, 72.20259129788, 81.82668273552001, 84.69783929691, 112.49377995381, 124.51549172881, 267.0, 293.0, 318.4393114097, 328.36484298237, 388.0, 410.632187455, 423.0, 439.88315095, 549.0, 569.7100026316, 590.1357523117999, 602.3548233485, 618.3729981821]
