Avion: 7      Iteracion: 88

Num Ruta: 62
Ingresos: 24000.0
Costos: 96.2721240221
Utilidad Ruta: 23903.727876
Costo Reducido: 4.08358005077
Nodos: [107, 18, 58, 29, 69, 817]
q: [0, 11.0, -11.0, 9.0, -9.0, 0]
Q: [0, 11.0, 0.0, 9.0, 0.0, 0]
B: [0.0, 293.0, 316.8182362487, 549.0, 582.7797797802, 604.3533147247]
