Avion: 4      Iteracion: 70

Num Ruta: 51
Ingresos: 55200.0
Costos: 226.246320008
Utilidad Ruta: 54973.75368
Costo Reducido: 16.7633833828
Nodos: [104, 17, 57, 12, 52, 10, 50, 2, 33, 73, 42, 814]
q: [0.0, 5.0, -5.0, 14.0, -14.0, 12.0, -12.0, 9.0, 6.0, -6.0, -9.0, 0.0]
Q: [0.0, 5.0, 0.0, 14.0, 0.0, 12.0, 0.0, 9.0, 15.0, 9.0, 0.0, 0.0]
B: [0.0, 24.0, 58.8425537813, 78.5512475229, 121.8991717869, 130.61694214405, 160.13645287845, 522.0, 562.0, 585.3035112376, 603.8222952689999, 612.61993591863]
