Avion: 5      Iteracion: 47

Num Ruta: 45
Ingresos: 14400.0
Costos: 26.6928551714
Utilidad Ruta: 14373.3071448
Costo Reducido: 4.30791668167
Nodos: [105, 5, 45, 815]
q: [0, 12.0, -12.0, 0]
Q: [0, 12.0, 0.0, 0]
B: [0.0, 469.0, 470.12168890518, 483.34589368278]
