Avion: 6      Iteracion: 43

Num Ruta: 45
Ingresos: 74400.0
Costos: 242.193940767
Utilidad Ruta: 74157.8060592
Costo Reducido: 6.73642236034
Nodos: [106, 16, 56, 9, 49, 18, 58, 22, 62, 32, 8, 48, 6, 46, 72, 816]
q: [0, 11.0, -11.0, 11.0, -11.0, 11.0, -11.0, 10.0, -10.0, 6.0, 8.0, -8.0, 5.0, -5.0, -6.0, 0]
Q: [0, 11.0, 0.0, 11.0, 0.0, 11.0, 0.0, 10.0, 0.0, 6.0, 14.0, 6.0, 11.0, 6.0, 0.0, 0]
B: [0.0, 36.0, 45.624091437640004, 75.68094759394, 105.20818459644, 293.0, 316.8182362487, 332.3010836612, 354.0557698001, 422.0, 433.4468981388, 454.2152947548, 463.40596638423006, 467.09825578242004, 489.75562743052006, 497.79250375158006]
