Avion: 2      Iteracion: 21

Num Ruta: 22
Ingresos: 99600.0
Costos: 341.711442852
Utilidad Ruta: 99258.2885571
Costo Reducido: 121.952917533
Nodos: [102, 17, 30, 57, 16, 56, 70, 24, 64, 11, 51, 36, 76, 34, 74, 39, 32, 72, 79, 812]
q: [0.0, 5.0, 10.0, -5.0, 5.0, -5.0, -10.0, 14.0, -14.0, 8.0, -8.0, 15.0, -15.0, 12.0, -12.0, 8.0, 6.0, -6.0, -8.0, 0.0]
Q: [0.0, 5.0, 15.0, 10.0, 15.0, 10.0, 0.0, 14.0, 0.0, 8.0, 0.0, 15.0, 0.0, 12.0, 0.0, 8.0, 14.0, 8.0, 0.0, 0.0]
B: [0.0, 25.145167826, 64.0, 67.14445448369, 72.47609381883, 82.10018525647, 84.97134181786, 109.70531270816, 148.21826301066, 169.0, 173.05406684701, 251.0, 257.94814406874, 283.0, 323.947598037, 388.0, 425.0721191868, 452.92947500170004, 468.1434572877, 485.6489189783]
