Avion: 4      Iteracion: 0

Num Ruta: 1
Ingresos: 82800.0
Costos: 321.054644795
Utilidad Ruta: 82478.9453552
Costo Reducido: -
Nodos: [104, 17, 57, 9, 49, 11, 51, 36, 76, 22, 62, 19, 59, 21, 61, 814]
q: [0, 5.0, -5.0, 11.0, -11.0, 8.0, -8.0, 15.0, -15.0, 10.0, -10.0, 7.0, -7.0, 13.0, -13.0, 0]
Q: [0, 5.0, 0.0, 11.0, 0.0, 8.0, 0.0, 15.0, 0.0, 10.0, 0.0, 7.0, 0.0, 13.0, 0.0, 0]
B: [0.0, 24.0, 58.8425537813, 81.72911018459999, 111.25634718709999, 169.0, 173.05406684701, 251.0, 257.94814406874, 299.0, 320.7546861389, 402.0, 428.6271162915, 477.0, 517.7387906792, 563.5172652059999]
