Avion: 6      Iteracion: 4

Num Ruta: 7
Ingresos: 180000.0
Costos: 591.762957274
Utilidad Ruta: 179408.237043
Costo Reducido: 311486.578299
Nodos: [106, 30, 70, 16, 56, 10, 50, 31, 11, 71, 51, 3, 43, 36, 76, 34, 74, 28, 68, 25, 65, 32, 72, 5, 45, 2, 15, 42, 55, 29, 69, 816]
q: [0.0, 11.0, -11.0, 11.0, -11.0, 12.0, -12.0, 6.0, 8.0, -6.0, -8.0, 15.0, -15.0, 15.0, -15.0, 12.0, -12.0, 8.0, -8.0, 10.0, -10.0, 6.0, -6.0, 12.0, -12.0, 9.0, 6.0, -9.0, -6.0, 9.0, -9.0, 0.0]
Q: [0.0, 11.0, 0.0, 11.0, 0.0, 12.0, 0.0, 6.0, 14.0, 8.0, 0.0, 15.0, 0.0, 15.0, 0.0, 12.0, 0.0, 8.0, 0.0, 10.0, 0.0, 6.0, 0.0, 12.0, 0.0, 9.0, 15.0, 6.0, 0.0, 9.0, 0.0, 0.0]
B: [0.0, 64.0, 82.7140226568, 93.53069441849999, 103.15478585614, 118.98406306644, 148.50357380084, 188.11172813804, 201.29445733194, 201.773336231037, 205.467714798537, 256.0, 261.08428175852, 296.00374706082, 302.95189112956, 316.67163912286003, 357.61923715986, 378.0, 414.0266187839, 417.35999740026, 434.54497971036, 453.08990915216, 480.94726496706, 505.88950003126, 507.01118893644, 522.0, 569.4160147313, 577.7418838150701, 586.4178866389501, 601.5557635046501, 635.3355432848501, 664.5757185579502]
