Avion: 7      Iteracion: 33

Num Ruta: 34
Ingresos: 40800.0
Costos: 141.95569618
Utilidad Ruta: 40658.0443038
Costo Reducido: 42.38326212
Nodos: [107, 12, 52, 6, 46, 27, 7, 47, 67, 817]
q: [0.0, 14.0, -14.0, 5.0, -5.0, 5.0, 10.0, -10.0, -5.0, 0.0]
Q: [0.0, 14.0, 0.0, 5.0, 0.0, 5.0, 15.0, 5.0, 0.0, 0.0]
B: [0.0, 54.0, 97.347924264, 436.0, 439.69228939819, 538.0, 565.6633233723, 594.2046351852, 598.60455575266, 605.3092505257299]
