Avion: 2      Iteracion: 22

Num Ruta: 23
Ingresos: 85200.0
Costos: 253.490958155
Utilidad Ruta: 84946.5090418
Costo Reducido: 42.6432509382
Nodos: [102, 12, 52, 31, 71, 36, 76, 25, 65, 15, 55, 20, 4, 60, 44, 812]
q: [0, 14.0, -14.0, 6.0, -6.0, 15.0, -15.0, 10.0, -10.0, 11.0, -11.0, 10.0, 5.0, -10.0, -5.0, 0]
Q: [0, 14.0, 0.0, 6.0, 0.0, 15.0, 0.0, 10.0, 0.0, 11.0, 0.0, 10.0, 15.0, 5.0, 0.0, 0]
B: [0.0, 54.0, 97.347924264, 130.0, 143.3056140031, 251.0, 257.94814406874, 410.0, 427.1849823101, 511.0, 527.4211666151, 533.55501866744, 543.83416970244, 575.93049280964, 587.79171606024, 606.34161595214]
