Avion: 6      Iteracion: 20

Num Ruta: 23
Ingresos: 116400.0
Costos: 405.471556386
Utilidad Ruta: 115994.528444
Costo Reducido: 127.793007556
Nodos: [106, 17, 30, 57, 16, 56, 70, 40, 80, 31, 11, 71, 51, 34, 74, 26, 66, 28, 68, 25, 19, 59, 65, 816]
q: [0.0, 5.0, 10.0, -5.0, 5.0, -5.0, -10.0, 15.0, -15.0, 6.0, 8.0, -6.0, -8.0, 12.0, -12.0, 13.0, -13.0, 8.0, -8.0, 8.0, 7.0, -7.0, -8.0, 0.0]
Q: [0.0, 5.0, 15.0, 10.0, 15.0, 10.0, 0.0, 15.0, 0.0, 6.0, 14.0, 8.0, 0.0, 12.0, 0.0, 13.0, 0.0, 8.0, 0.0, 8.0, 15.0, 8.0, 0.0, 0.0]
B: [0.0, 34.2933399948, 67.90705160179999, 71.05150608548999, 76.38314542062999, 86.00723685826999, 88.87839341965999, 119.68824749265998, 152.25768927475997, 175.59617827895997, 188.77890747285997, 189.25778637195697, 192.95216493945696, 283.0, 323.947598037, 358.0226741044, 375.6019020738, 386.0098191084, 422.0364378923, 425.36981650866, 434.76182374885997, 461.38894004035996, 478.17579647625996, 485.84560325348997]
