Avion: 3      Iteracion: 64

Num Ruta: 56
Ingresos: 76800.0
Costos: 248.989137551
Utilidad Ruta: 76551.0108624
Costo Reducido: 1.73610286029
Nodos: [103, 40, 80, 22, 62, 19, 32, 8, 59, 48, 13, 72, 53, 29, 27, 69, 67, 813]
q: [0.0, 15.0, -15.0, 10.0, -10.0, 7.0, 6.0, 2.0, -7.0, -2.0, 9.0, -6.0, -9.0, 9.0, 6.0, -9.0, -6.0, 0.0]
Q: [0.0, 15.0, 0.0, 10.0, 0.0, 7.0, 13.0, 15.0, 8.0, 6.0, 15.0, 9.0, 0.0, 9.0, 15.0, 6.0, 0.0, 0.0]
B: [0.0, 62.0, 94.5694417821, 299.0, 320.7546861389, 402.0, 422.0, 433.4468981388, 451.4038575696, 454.33197676116, 456.54265290206996, 470.38483267987, 474.45578306031, 549.0, 574.6018082369, 582.8182362320799, 598.26561380888, 620.66352757338]
