Avion: 5      Iteracion: 60

Num Ruta: 52
Ingresos: 115200.0
Costos: 379.124860475
Utilidad Ruta: 114820.87514
Costo Reducido: 5.20711153037
Nodos: [105, 17, 30, 57, 16, 56, 70, 40, 80, 26, 66, 28, 68, 25, 19, 59, 65, 21, 38, 78, 61, 33, 73, 815]
q: [0.0, 5.0, 10.0, -5.0, 5.0, -5.0, -10.0, 15.0, -15.0, 13.0, -13.0, 8.0, -8.0, 8.0, 7.0, -7.0, -8.0, 7.0, 8.0, -8.0, -7.0, 10.0, -10.0, 0.0]
Q: [0.0, 5.0, 15.0, 10.0, 15.0, 10.0, 0.0, 15.0, 0.0, 13.0, 0.0, 8.0, 0.0, 8.0, 15.0, 8.0, 0.0, 7.0, 15.0, 7.0, 0.0, 10.0, 0.0, 0.0]
B: [0.0, 24.8000597782, 64.0, 67.14445448369, 72.47609381883, 82.10018525647, 84.97134181786, 115.78119589085999, 148.35063767295998, 300.0, 317.5792279694, 378.0, 414.0266187839, 417.35999740026, 426.75200464046, 453.37912093195996, 470.16597736785997, 478.33469085286, 485.15760379383, 518.0264904345299, 525.0964190056, 562.0, 585.3035112376, 603.0256129753]
