Avion: 7      Iteracion: 18

Num Ruta: 22
Ingresos: 51600.0
Costos: 160.523702041
Utilidad Ruta: 51439.476298
Costo Reducido: 189.739097054
Nodos: [107, 36, 76, 21, 61, 27, 29, 69, 67, 817]
q: [0, 15.0, -15.0, 13.0, -13.0, 6.0, 9.0, -9.0, -6.0, 0]
Q: [0, 15.0, 0.0, 13.0, 0.0, 6.0, 15.0, 6.0, 0.0, 0]
B: [0.0, 251.0, 257.94814406874, 477.0, 517.7387906792, 538.0, 563.6018082369, 597.3815880171, 612.8289655939, 619.5336603669699]
