Avion: 6      Iteracion: 61

Num Ruta: 57
Ingresos: 85200.0
Costos: 265.933694781
Utilidad Ruta: 84934.0663052
Costo Reducido: 4.49298618076
Nodos: [106, 30, 16, 56, 70, 40, 80, 26, 66, 22, 62, 32, 19, 59, 6, 46, 72, 816]
q: [0.0, 11.0, 4.0, -4.0, -11.0, 15.0, -15.0, 13.0, -13.0, 10.0, -10.0, 6.0, 7.0, -7.0, 5.0, -5.0, -6.0, 0.0]
Q: [0.0, 11.0, 15.0, 11.0, 0.0, 15.0, 0.0, 13.0, 0.0, 10.0, 0.0, 6.0, 13.0, 6.0, 11.0, 6.0, 0.0, 0.0]
B: [0.0, 64.0, 72.20259129788, 81.82668273552001, 84.69783929691, 115.50769336991, 148.07713515201, 300.0, 317.5792279694, 331.2134086195, 352.9680947584, 422.0, 433.71491463899997, 460.34203093049996, 472.13304992799993, 475.8253393261899, 498.48271097428994, 506.51958729534994]
