Avion: 5      Iteracion: 39

Num Ruta: 39
Ingresos: 99600.0
Costos: 354.836962609
Utilidad Ruta: 99245.1630374
Costo Reducido: 20.7523013224
Nodos: [105, 16, 56, 40, 80, 1, 41, 23, 63, 22, 62, 7, 20, 47, 60, 37, 77, 815]
q: [0.0, 11.0, -11.0, 15.0, -15.0, 7.0, -7.0, 10.0, -10.0, 10.0, -10.0, 5.0, 10.0, -5.0, -10.0, 15.0, -15.0, 0.0]
Q: [0.0, 11.0, 0.0, 15.0, 0.0, 7.0, 0.0, 10.0, 0.0, 10.0, 0.0, 5.0, 15.0, 10.0, 0.0, 15.0, 0.0, 0.0]
B: [0.0, 36.0, 45.624091437640004, 77.27284989674001, 109.84229167884001, 175.0, 209.2400855285, 267.0, 306.733842905, 322.49026689650003, 344.24495303540004, 517.0, 525.74295442056, 554.98896180616, 567.9526463518599, 579.5301643069599, 600.3248177784599, 621.9522626575599]
