Avion: 7      Iteracion: 51

Num Ruta: 49
Ingresos: 46800.0
Costos: 111.050199127
Utilidad Ruta: 46688.9498009
Costo Reducido: 4.51884792408
Nodos: [107, 36, 76, 29, 69, 37, 77, 817]
q: [0, 15.0, -15.0, 9.0, -9.0, 15.0, -15.0, 0]
Q: [0, 15.0, 0.0, 9.0, 0.0, 15.0, 0.0, 0]
B: [0.0, 251.0, 257.94814406874, 549.0, 582.7797797802, 602.0609649098, 622.8556183813, 638.4300067481]
