Avion: 5      Iteracion: 54

Num Ruta: 50
Ingresos: 18000.0
Costos: 59.3687458975
Utilidad Ruta: 17940.6312541
Costo Reducido: 3.47332463272
Nodos: [105, 35, 26, 75, 66, 815]
q: [0.0, 6.0, 9.0, -6.0, -9.0, 0.0]
Q: [0.0, 6.0, 15.0, 9.0, 0.0, 0.0]
B: [0.0, 279.0, 300.0, 309.29300538039, 319.11482114938, 336.91264374088]
