Avion: 1      Iteracion: 76

Num Ruta: 50
Ingresos: 62400.0
Costos: 183.786334314
Utilidad Ruta: 62216.2136657
Costo Reducido: 6.08844312098
Nodos: [101, 14, 54, 18, 58, 15, 21, 55, 38, 78, 61, 33, 73, 811]
q: [0.0, 8.0, -8.0, 11.0, -11.0, 8.0, 7.0, -8.0, 8.0, -8.0, -7.0, 10.0, -10.0, 0.0]
Q: [0.0, 8.0, 0.0, 11.0, 0.0, 8.0, 15.0, 7.0, 15.0, 7.0, 0.0, 10.0, 0.0, 0.0]
B: [0.0, 112.0, 124.021711775, 293.0, 316.8182362487, 511.0, 516.67223351071, 527.47150163401, 531.55876734595, 564.42765398665, 571.49758255772, 581.6531274963199, 604.9566387339199, 610.87561499675]
