Avion: 6      Iteracion: 3

Num Ruta: 6
Ingresos: 180000.0
Costos: 531.526997041
Utilidad Ruta: 179468.473003
Costo Reducido: 284449.231227
Nodos: [106, 17, 57, 30, 16, 56, 70, 24, 64, 31, 71, 36, 76, 34, 74, 26, 66, 28, 68, 25, 65, 13, 53, 5, 45, 4, 7, 47, 33, 44, 73, 816]
q: [0.0, 5.0, -5.0, 11.0, 4.0, -4.0, -11.0, 14.0, -14.0, 6.0, -6.0, 15.0, -15.0, 12.0, -12.0, 13.0, -13.0, 8.0, -8.0, 10.0, -10.0, 15.0, -15.0, 12.0, -12.0, 5.0, 10.0, -10.0, 10.0, -5.0, -10.0, 0.0]
Q: [0.0, 5.0, 0.0, 11.0, 15.0, 11.0, 0.0, 14.0, 0.0, 6.0, 0.0, 15.0, 0.0, 12.0, 0.0, 13.0, 0.0, 8.0, 0.0, 10.0, 0.0, 15.0, 0.0, 12.0, 0.0, 5.0, 15.0, 5.0, 15.0, 10.0, 0.0, 0.0]
B: [0.0, 34.2933399948, 69.1358937761, 72.28034825979, 80.48293955767001, 90.10703099531001, 92.97818755670001, 117.71215844700001, 156.2251087495, 167.509466507, 180.81508051010002, 251.0, 257.94814406874, 283.0, 323.947598037, 358.0226741044, 375.6019020738, 386.0098191084, 422.0364378923, 425.36981650866, 442.55479881876, 458.55585928365997, 475.43901023366, 502.70329333446, 503.82498223964, 529.0, 539.3633732925, 567.9046851054, 577.36471132101, 585.93617677331, 607.4740908784099, 621.3150481069099]
