Avion: 5      Iteracion: 42

Num Ruta: 42
Ingresos: 62400.0
Costos: 201.336458505
Utilidad Ruta: 62198.6635415
Costo Reducido: 8.60277920131
Nodos: [105, 17, 30, 57, 16, 70, 56, 10, 50, 35, 26, 75, 66, 6, 46, 815]
q: [0.0, 5.0, 10.0, -5.0, 5.0, -10.0, -5.0, 12.0, -12.0, 6.0, 9.0, -6.0, -9.0, 5.0, -5.0, 0.0]
Q: [0.0, 5.0, 15.0, 10.0, 15.0, 5.0, 0.0, 12.0, 0.0, 6.0, 15.0, 9.0, 0.0, 5.0, 0.0, 0.0]
B: [0.0, 24.8000597782, 64.0, 67.14445448369, 72.47609381883, 83.29276558052999, 86.16392214191998, 101.99319935221999, 131.51271008662, 279.0, 300.0, 309.29300538039, 319.11482114938, 436.0, 439.69228939819, 467.04541225458996]
