Avion: 5      Iteracion: 17

Num Ruta: 19
Ingresos: 93600.0
Costos: 346.49023473
Utilidad Ruta: 93253.5097653
Costo Reducido: 171.185841683
Nodos: [105, 17, 57, 9, 49, 14, 54, 23, 63, 28, 68, 15, 55, 20, 60, 37, 77, 815]
q: [0, 5.0, -5.0, 11.0, -11.0, 8.0, -8.0, 10.0, -10.0, 8.0, -8.0, 11.0, -11.0, 10.0, -10.0, 15.0, -15.0, 0]
Q: [0, 5.0, 0.0, 11.0, 0.0, 8.0, 0.0, 10.0, 0.0, 8.0, 0.0, 11.0, 0.0, 10.0, 0.0, 15.0, 0.0, 0]
B: [0.0, 24.8000597782, 59.6426135595, 82.5291699628, 112.0564069653, 122.3132136808, 134.3349254558, 267.0, 306.733842905, 378.0, 414.0266187839, 511.0, 527.4211666151, 533.55501866744, 575.73216111454, 587.30967906964, 608.1043325411399, 629.73177742024]
