Avion: 6      Iteracion: 6

Num Ruta: 9
Ingresos: 48000.0
Costos: 311.436864952
Utilidad Ruta: 47688.563135
Costo Reducido: 112272.596345
Nodos: [106, 24, 64, 23, 63, 35, 75, 20, 60, 816]
q: [0, 14.0, -14.0, 10.0, -10.0, 6.0, -6.0, 10.0, -10.0, 0]
Q: [0, 14.0, 0.0, 10.0, 0.0, 6.0, 0.0, 10.0, 0.0, 0]
B: [0.0, 61.0, 99.5129503025, 267.0, 306.733842905, 336.2538785588, 356.1667619512, 496.0, 538.1771424471, 583.4076257963]
