Avion: 1      Iteracion: 24

Num Ruta: 24
Ingresos: 100800.0
Costos: 274.868497564
Utilidad Ruta: 100525.131502
Costo Reducido: 143.381094757
Nodos: [101, 24, 64, 1, 11, 51, 41, 3, 43, 8, 48, 6, 46, 5, 45, 7, 4, 44, 47, 811]
q: [0, 14.0, -14.0, 7.0, 8.0, -8.0, -7.0, 15.0, -15.0, 8.0, -8.0, 5.0, -5.0, 12.0, -12.0, 10.0, 5.0, -5.0, -10.0, 0]
Q: [0, 14.0, 0.0, 7.0, 15.0, 7.0, 0.0, 15.0, 0.0, 8.0, 0.0, 5.0, 0.0, 12.0, 0.0, 10.0, 15.0, 10.0, 0.0, 0]
B: [0.0, 61.0, 99.5129503025, 175.0, 193.6808285951, 197.73489544211, 232.05062478011, 256.0, 261.08428175852, 414.0, 434.768396616, 443.95906824543, 447.65135764362, 469.0, 470.12168890518, 517.0, 529.0, 549.4257496801999, 550.5861237578099, 574.9291395940099]
