Avion: 6      Iteracion: 27

Num Ruta: 30
Ingresos: 34800.0
Costos: 119.779507209
Utilidad Ruta: 34680.2204928
Costo Reducido: 27.986263849
Nodos: [106, 16, 30, 56, 70, 24, 64, 816]
q: [0.0, 4.0, 11.0, -4.0, -11.0, 14.0, -14.0, 0.0]
Q: [0.0, 4.0, 15.0, 11.0, 0.0, 14.0, 0.0, 0.0]
B: [0.0, 36.0, 64.0, 80.9852936389, 83.85645020029, 108.59042109059, 147.10337139309001, 158.35389782519002]
