Avion: 4      Iteracion: 19

Num Ruta: 20
Ingresos: 121200.0
Costos: 405.567692522
Utilidad Ruta: 120794.432307
Costo Reducido: 165.734419401
Nodos: [104, 30, 16, 56, 70, 24, 64, 11, 51, 34, 74, 28, 68, 19, 8, 59, 48, 13, 53, 29, 4, 69, 44, 814]
q: [0.0, 11.0, 4.0, -4.0, -11.0, 14.0, -14.0, 8.0, -8.0, 12.0, -12.0, 8.0, -8.0, 7.0, 8.0, -7.0, -8.0, 15.0, -15.0, 9.0, 5.0, -9.0, -5.0, 0.0]
Q: [0.0, 11.0, 15.0, 11.0, 0.0, 14.0, 0.0, 8.0, 0.0, 12.0, 0.0, 8.0, 0.0, 7.0, 15.0, 8.0, 0.0, 15.0, 0.0, 9.0, 14.0, 5.0, 0.0, 0.0]
B: [0.0, 64.0, 72.20259129788, 81.82668273552001, 84.69783929691, 109.43181018721, 147.94476048971, 169.0, 173.05406684701, 283.0, 323.947598037, 378.0, 414.0266187839, 426.5624120576, 449.7232936039, 467.6802530347, 470.60837222626, 472.81904836716996, 489.70219931716997, 549.0, 569.7100026316, 592.5834067727, 604.8024778094, 643.3614786393]
