Avion: 6      Iteracion: 30

Num Ruta: 33
Ingresos: 103200.0
Costos: 344.776008957
Utilidad Ruta: 102855.223991
Costo Reducido: 51.0701658258
Nodos: [106, 24, 64, 1, 41, 3, 43, 18, 36, 76, 34, 58, 74, 28, 68, 19, 32, 8, 59, 48, 72, 816]
q: [0.0, 14.0, -14.0, 7.0, -7.0, 15.0, -15.0, 3.0, 12.0, -12.0, 12.0, -3.0, -12.0, 8.0, -8.0, 1.0, 6.0, 8.0, -1.0, -8.0, -6.0, 0.0]
Q: [0.0, 14.0, 0.0, 7.0, 0.0, 15.0, 0.0, 3.0, 15.0, 3.0, 15.0, 12.0, 0.0, 8.0, 0.0, 1.0, 7.0, 15.0, 14.0, 6.0, 0.0, 0.0]
B: [0.0, 61.0, 99.5129503025, 175.0, 209.2400855285, 256.0, 261.08428175852, 293.0, 306.9670306436, 313.91517471234005, 327.63492270564007, 355.86696018084007, 371.0195898206401, 380.19977337000006, 416.22639215390006, 428.76218542760006, 440.4771000666001, 451.9239982054001, 469.8809576362001, 472.80907682776007, 488.85817555636004, 496.89505187742003]
