Avion: 3      Iteracion: 59

Num Ruta: 53
Ingresos: 146400.0
Costos: 476.055609348
Utilidad Ruta: 145923.944391
Costo Reducido: 12.4490817904
Nodos: [103, 9, 49, 12, 52, 10, 50, 35, 75, 22, 62, 18, 58, 39, 6, 46, 79, 38, 21, 78, 61, 27, 4, 7, 67, 47, 44, 37, 77, 813]
q: [0.0, 11.0, -11.0, 14.0, -14.0, 12.0, -12.0, 6.0, -6.0, 10.0, -10.0, 11.0, -11.0, 8.0, 5.0, -5.0, -8.0, 8.0, 7.0, -8.0, -7.0, 0.0, 5.0, 10.0, 0.0, -10.0, -5.0, 15.0, -15.0, 0.0]
Q: [0.0, 11.0, 0.0, 14.0, 0.0, 12.0, 0.0, 6.0, 0.0, 10.0, 0.0, 11.0, 0.0, 8.0, 13.0, 8.0, 0.0, 8.0, 15.0, 7.0, 0.0, 0.0, 5.0, 15.0, 15.0, 5.0, 0.0, 15.0, 0.0, 0.0]
B: [0.0, 28.0, 57.5272370025, 68.3142737596, 111.6621980236, 120.37996838075, 149.89947911515, 279.0, 298.9128833924, 314.02713802169995, 335.78182416059997, 349.182260758, 373.00049700669996, 388.0, 436.0, 439.69228939819, 449.87740525418997, 480.0, 486.82291294097, 525.3346514111701, 532.4045799822401, 545.5820281798401, 563.1968027171401, 573.5601760096401, 598.2846909088402, 602.6846114763001, 603.8449855539101, 610.9093576420701, 631.70401111357, 652.70580656067]
