Avion: 1      Iteracion: 22

Num Ruta: 22
Ingresos: 124800.0
Costos: 356.561165305
Utilidad Ruta: 124443.438835
Costo Reducido: 88.1840161923
Nodos: [101, 30, 16, 56, 70, 14, 54, 3, 43, 23, 18, 63, 58, 28, 68, 25, 65, 20, 5, 45, 60, 2, 42, 29, 69, 811]
q: [0.0, 11.0, 4.0, -4.0, -11.0, 8.0, -8.0, 15.0, -15.0, 10.0, 5.0, -10.0, -5.0, 8.0, -8.0, 10.0, -10.0, 10.0, 5.0, -5.0, -10.0, 9.0, -9.0, 9.0, -9.0, 0.0]
Q: [0.0, 11.0, 15.0, 11.0, 0.0, 8.0, 0.0, 15.0, 0.0, 10.0, 15.0, 5.0, 0.0, 8.0, 0.0, 10.0, 0.0, 10.0, 15.0, 10.0, 0.0, 9.0, 0.0, 9.0, 0.0, 0.0]
B: [0.0, 64.0, 72.20259129788, 81.82668273552001, 84.69783929691, 112.49377995381, 124.51549172881, 256.0, 261.08428175852, 267.0, 293.0, 318.4393114097, 328.36484298237, 378.0, 414.0266187839, 417.35999740026, 434.54497971036, 496.0, 519.9123369832, 521.03402588838, 540.17366112528, 547.50395839074, 588.23892043814, 598.04366097525, 631.82344075545, 647.84161558905]
