Avion: 1      Iteracion: 0

Num Ruta: 4
Ingresos: 0
Costos: 27.1329086719
Utilidad Ruta: -27.1329086719
Costo Reducido: -
Nodos: [101, 811]
q: [0, 0]
Q: [0, 0]
B: [0, 0]
