Avion: 4      Iteracion: 20

Num Ruta: 21
Ingresos: 85200.0
Costos: 283.457905014
Utilidad Ruta: 84916.542095
Costo Reducido: 142.129028587
Nodos: [104, 17, 57, 40, 80, 26, 66, 22, 62, 19, 59, 5, 45, 2, 42, 814]
q: [0, 5.0, -5.0, 15.0, -15.0, 13.0, -13.0, 10.0, -10.0, 7.0, -7.0, 12.0, -12.0, 9.0, -9.0, 0]
Q: [0, 5.0, 0.0, 15.0, 0.0, 13.0, 0.0, 10.0, 0.0, 7.0, 0.0, 12.0, 0.0, 9.0, 0.0, 0]
B: [0.0, 24.0, 58.8425537813, 82.5415246028, 115.1109663849, 300.0, 317.5792279694, 331.2134086195, 352.9680947584, 402.0, 428.6271162915, 469.0, 470.12168890518, 522.0, 562.7349620474, 571.53260269703]
