Avion: 6      Iteracion: 78

Num Ruta: 63
Ingresos: 108000.0
Costos: 356.751788026
Utilidad Ruta: 107643.248212
Costo Reducido: 11.0256112549
Nodos: [106, 40, 80, 31, 11, 71, 51, 34, 74, 39, 28, 79, 68, 25, 65, 20, 4, 44, 60, 2, 42, 816]
q: [0.0, 15.0, -15.0, 6.0, 8.0, -6.0, -8.0, 12.0, -12.0, 8.0, 7.0, -8.0, -7.0, 10.0, -10.0, 10.0, 5.0, -5.0, -10.0, 9.0, -9.0, 0.0]
Q: [0.0, 15.0, 0.0, 6.0, 14.0, 8.0, 0.0, 12.0, 0.0, 8.0, 15.0, 7.0, 0.0, 10.0, 0.0, 10.0, 15.0, 10.0, 0.0, 9.0, 0.0, 0.0]
B: [0.0, 62.0, 94.5694417821, 130.0, 169.0, 169.478878899097, 173.173257466597, 283.0, 323.947598037, 388.0, 399.3210123222, 412.3114993416, 448.3244104708, 451.65778908716, 468.84277139726, 496.0, 529.0, 549.4257496801999, 561.2869729308, 568.6172701962599, 609.35223224366, 619.0723325003399]
