Avion: 7      Iteracion: 0

Num Ruta: 1
Ingresos: 52800.0
Costos: 222.948396222
Utilidad Ruta: 52577.0516038
Costo Reducido: -
Nodos: [107, 16, 56, 35, 75, 34, 74, 37, 77, 817]
q: [0, 11.0, -11.0, 6.0, -6.0, 12.0, -12.0, 15.0, -15.0, 0]
Q: [0, 11.0, 0.0, 6.0, 0.0, 12.0, 0.0, 15.0, 0.0, 0]
B: [0.0, 36.0, 45.624091437640004, 279.0, 298.9128833924, 340.34711220139997, 381.29471023839994, 562.0, 582.7946534714999, 598.3690418383]
