Avion: 6      Iteracion: 56

Num Ruta: 55
Ingresos: 15600.0
Costos: 45.1095952634
Utilidad Ruta: 15554.8904047
Costo Reducido: 3.55163736364
Nodos: [106, 26, 66, 816]
q: [0, 13.0, -13.0, 0]
Q: [0, 13.0, 0.0, 0]
B: [0.0, 300.0, 317.5792279694, 336.6908257571]
