Avion: 7      Iteracion: 5

Num Ruta: 9
Ingresos: 124800.0
Costos: 482.03725524
Utilidad Ruta: 124317.962745
Costo Reducido: 197591.912258
Nodos: [107, 24, 64, 10, 50, 31, 11, 71, 51, 34, 18, 74, 58, 19, 25, 65, 8, 48, 59, 15, 55, 4, 37, 77, 44, 817]
q: [0.0, 14.0, -14.0, 12.0, -12.0, 6.0, 8.0, -6.0, -8.0, 12.0, 3.0, -12.0, -3.0, 5.0, 10.0, -10.0, 8.0, -8.0, -5.0, 11.0, -11.0, 5.0, 10.0, -10.0, -5.0, 0.0]
Q: [0.0, 14.0, 0.0, 12.0, 0.0, 6.0, 14.0, 8.0, 0.0, 12.0, 15.0, 3.0, 0.0, 5.0, 15.0, 5.0, 13.0, 5.0, 0.0, 11.0, 0.0, 5.0, 15.0, 5.0, 0.0, 0.0]
B: [0.0, 61.0, 99.5129503025, 111.2988809828, 140.8183917172, 180.4265460544, 193.6092752483, 194.088154147397, 197.782532714897, 283.0, 306.7154937119, 345.4540647361, 360.6066943759, 402.0, 411.3920072402, 428.57698955029997, 454.39758940779996, 475.1659860238, 478.09410521535995, 511.0, 527.4211666151, 532.99584588839, 562.0, 582.7946534714999, 608.9792769364, 620.9793629778]
