Avion: 7      Iteracion: 11

Num Ruta: 15
Ingresos: 127200.0
Costos: 468.628582217
Utilidad Ruta: 126731.371418
Costo Reducido: 158434.345872
Nodos: [107, 9, 49, 16, 56, 24, 64, 11, 51, 18, 58, 39, 79, 6, 46, 5, 45, 38, 78, 2, 42, 29, 69, 817]
q: [0, 11.0, -11.0, 11.0, -11.0, 14.0, -14.0, 8.0, -8.0, 11.0, -11.0, 8.0, -8.0, 5.0, -5.0, 12.0, -12.0, 8.0, -8.0, 9.0, -9.0, 9.0, -9.0, 0]
Q: [0, 11.0, 0.0, 11.0, 0.0, 14.0, 0.0, 8.0, 0.0, 11.0, 0.0, 8.0, 0.0, 5.0, 0.0, 12.0, 0.0, 8.0, 0.0, 9.0, 0.0, 9.0, 0.0, 0]
B: [0.0, 28.0348110926, 57.562048095099996, 81.29183227029999, 90.91592370794, 116.14212278744, 154.65507308994, 173.46750177424, 177.52156862125, 293.0, 316.8182362487, 388.0, 410.632187455, 436.0, 439.69228939819, 469.0, 470.12168890518, 491.70338160988, 524.57226825058, 554.42314177218, 595.15810381958, 604.96284435669, 638.74262413689, 660.31615908139]
