Avion: 4      Iteracion: 29

Num Ruta: 28
Ingresos: 103200.0
Costos: 335.631639919
Utilidad Ruta: 102864.36836
Costo Reducido: 44.1428328735
Nodos: [104, 17, 57, 31, 71, 14, 54, 3, 43, 23, 18, 58, 63, 28, 68, 25, 65, 20, 60, 2, 42, 814]
q: [0.0, 5.0, -5.0, 6.0, -6.0, 8.0, -8.0, 15.0, -15.0, 4.0, 11.0, -11.0, -4.0, 8.0, -8.0, 10.0, -10.0, 10.0, -10.0, 9.0, -9.0, 0.0]
Q: [0.0, 5.0, 0.0, 6.0, 0.0, 8.0, 0.0, 15.0, 0.0, 4.0, 15.0, 4.0, 0.0, 8.0, 0.0, 10.0, 0.0, 10.0, 0.0, 9.0, 0.0, 0.0]
B: [0.0, 24.0, 58.8425537813, 130.0, 143.3056140031, 160.3516205736, 172.3733323486, 256.0, 261.08428175852, 267.0, 293.0, 316.8182362487, 326.74376782137, 378.0, 414.0266187839, 417.35999740026, 434.54497971036, 496.0, 538.1771424471, 545.50743971256, 586.24240175996, 595.04004240959]
