Avion: 7      Iteracion: 52

Num Ruta: 50
Ingresos: 43200.0
Costos: 95.2922543928
Utilidad Ruta: 43104.7077456
Costo Reducido: 6.82847607799
Nodos: [107, 18, 58, 39, 79, 6, 46, 5, 45, 817]
q: [0, 11.0, -11.0, 8.0, -8.0, 5.0, -5.0, 12.0, -12.0, 0]
Q: [0, 11.0, 0.0, 8.0, 0.0, 5.0, 0.0, 12.0, 0.0, 0]
B: [0.0, 293.0, 316.8182362487, 388.0, 410.632187455, 436.0, 439.69228939819, 469.0, 470.12168890518, 474.86120417575]
