Avion: 3      Iteracion: 2

Num Ruta: 6
Ingresos: 152400.0
Costos: 534.110705215
Utilidad Ruta: 151865.889295
Costo Reducido: 188613.085537
Nodos: [103, 17, 57, 24, 64, 10, 50, 1, 41, 3, 43, 36, 76, 26, 66, 25, 65, 15, 55, 7, 47, 37, 77, 813]
q: [0, 5.0, -5.0, 14.0, -14.0, 12.0, -12.0, 7.0, -7.0, 15.0, -15.0, 15.0, -15.0, 13.0, -13.0, 10.0, -10.0, 11.0, -11.0, 10.0, -10.0, 15.0, -15.0, 0]
Q: [0, 5.0, 0.0, 14.0, 0.0, 12.0, 0.0, 7.0, 0.0, 15.0, 0.0, 15.0, 0.0, 13.0, 0.0, 10.0, 0.0, 11.0, 0.0, 10.0, 0.0, 15.0, 0.0, 0]
B: [0.0, 48.6245240388, 83.4670778201, 100.0253611248, 138.53831142730002, 150.3242421076, 179.84375284200001, 218.26309401280002, 252.50317954130003, 259.59973145050003, 264.68401320902, 299.60347851132, 306.55162258006004, 346.85400703806005, 364.43323500746004, 410.0, 427.1849823101, 511.0, 527.4211666151, 538.3259061809999, 566.8672179938999, 574.0400295068299, 594.83468297833, 615.83647842543]
