Avion: 1      Iteracion: 42

Num Ruta: 40
Ingresos: 88800.0
Costos: 280.451857454
Utilidad Ruta: 88519.5481425
Costo Reducido: 23.6127578982
Nodos: [101, 12, 52, 1, 41, 3, 43, 23, 18, 63, 58, 15, 21, 55, 38, 78, 61, 811]
q: [0.0, 14.0, -14.0, 7.0, -7.0, 15.0, -15.0, 10.0, 5.0, -10.0, -5.0, 8.0, 7.0, -8.0, 8.0, -8.0, -7.0, 0.0]
Q: [0.0, 14.0, 0.0, 7.0, 0.0, 15.0, 0.0, 10.0, 15.0, 5.0, 0.0, 8.0, 15.0, 7.0, 15.0, 7.0, 0.0, 0.0]
B: [0.0, 54.0, 97.347924264, 175.0, 209.2400855285, 256.0, 261.08428175852, 267.0, 293.0, 318.4393114097, 328.36484298237, 511.0, 516.67223351071, 527.47150163401, 531.55876734595, 564.42765398665, 571.49758255772, 590.6564971668199]
