Avion: 3      Iteracion: 72

Num Ruta: 60
Ingresos: 140400.0
Costos: 395.397721289
Utilidad Ruta: 140004.602279
Costo Reducido: 8.50618934919
Nodos: [103, 9, 24, 49, 12, 52, 64, 36, 76, 34, 74, 39, 28, 79, 13, 53, 68, 15, 55, 20, 7, 47, 60, 37, 77, 813]
q: [0.0, 11.0, 1.0, -11.0, 14.0, -14.0, -1.0, 15.0, -15.0, 12.0, -12.0, 8.0, 7.0, -8.0, 8.0, -8.0, -7.0, 11.0, -11.0, 10.0, 5.0, -5.0, -10.0, 15.0, -15.0, 0.0]
Q: [0.0, 11.0, 12.0, 1.0, 15.0, 1.0, 0.0, 15.0, 0.0, 12.0, 0.0, 8.0, 15.0, 7.0, 15.0, 7.0, 0.0, 11.0, 0.0, 10.0, 15.0, 10.0, 0.0, 15.0, 0.0, 0.0]
B: [0.0, 28.0, 61.0, 85.1402498951, 95.9272866522, 139.2752109162, 155.2074484866, 251.0, 257.94814406874, 283.0, 323.947598037, 388.0, 399.3210123222, 412.3114993416, 423.0, 439.88315095, 462.92158097460003, 511.0, 527.4211666151, 533.55501866744, 542.2979730879999, 570.8392849008999, 583.8029694465998, 595.3804874016998, 616.1751408731998, 637.1769363202998]
