Avion: 5      Iteracion: 0

Num Ruta: 2
Ingresos: 194400.0
Costos: 612.621852394
Utilidad Ruta: 193787.378148
Costo Reducido: -
Nodos: [105, 16, 56, 40, 80, 10, 50, 1, 11, 51, 41, 3, 43, 36, 76, 26, 66, 28, 39, 68, 25, 65, 79, 13, 53, 21, 61, 27, 67, 2, 42, 815]
q: [0.0, 11.0, -11.0, 15.0, -15.0, 12.0, -12.0, 7.0, 8.0, -8.0, -7.0, 15.0, -15.0, 15.0, -15.0, 13.0, -13.0, 8.0, 5.0, -8.0, 10.0, -10.0, -5.0, 15.0, -15.0, 13.0, -13.0, 6.0, -6.0, 9.0, -9.0, 0.0]
Q: [0.0, 11.0, 0.0, 15.0, 0.0, 12.0, 0.0, 7.0, 15.0, 7.0, 0.0, 15.0, 0.0, 15.0, 0.0, 13.0, 0.0, 8.0, 13.0, 5.0, 15.0, 5.0, 0.0, 15.0, 0.0, 13.0, 0.0, 6.0, 0.0, 9.0, 0.0, 0.0]
B: [0.0, 36.0, 45.624091437640004, 77.27284989674001, 109.84229167884001, 127.02298575674001, 156.54249649114, 194.96183766194002, 213.64266625704002, 217.69673310405003, 252.01246244205004, 259.10901435125004, 264.19329610977, 299.11276141207003, 306.06090548081005, 346.36328993881006, 363.94251790821005, 378.0, 389.3210123222, 420.750419714, 424.08379833035997, 441.26878064045997, 460.17589178945997, 463.40782557590995, 480.29097652590997, 495.80237291691, 536.54116359611, 549.71861179371, 566.74947416181, 578.20154724921, 618.93650929661, 633.63668630231]
