Avion: 5      Iteracion: 7

Num Ruta: 9
Ingresos: 158400.0
Costos: 624.735191794
Utilidad Ruta: 157775.264808
Costo Reducido: 280339.02986
Nodos: [105, 12, 52, 30, 70, 1, 11, 51, 41, 36, 76, 22, 62, 26, 66, 39, 25, 65, 79, 6, 46, 38, 78, 27, 67, 4, 44, 37, 77, 815]
q: [0.0, 14.0, -14.0, 11.0, -11.0, 7.0, 8.0, -8.0, -7.0, 15.0, -15.0, 10.0, -10.0, 13.0, -13.0, 8.0, 7.0, -7.0, -8.0, 5.0, -5.0, 8.0, -8.0, 6.0, -6.0, 5.0, -5.0, 15.0, -15.0, 0.0]
Q: [0.0, 14.0, 0.0, 11.0, 0.0, 7.0, 15.0, 7.0, 0.0, 15.0, 0.0, 10.0, 0.0, 13.0, 0.0, 8.0, 15.0, 8.0, 0.0, 5.0, 0.0, 8.0, 0.0, 6.0, 0.0, 5.0, 0.0, 15.0, 0.0, 0.0]
B: [0.0, 54.0, 97.347924264, 122.72227077779999, 141.4362934346, 175.0, 193.6808285951, 197.73489544211, 232.05062478011, 265.99852841201, 272.94667248075, 299.0, 320.7546861389, 357.0876895518, 374.6669175212, 394.3648357107, 427.3187883416, 444.5037706517, 463.4108818007, 470.0991259649, 473.79141536309, 504.18445802088996, 537.05334466159, 548.5890719901901, 565.61993435829, 581.70713501599, 602.1328846961901, 609.1972567843501, 629.9919102558501, 651.6193551349502]
