Avion: 1      Iteracion: 47

Num Ruta: 43
Ingresos: 87600.0
Costos: 210.91628265
Utilidad Ruta: 87389.0837174
Costo Reducido: 15.0864057893
Nodos: [101, 14, 54, 3, 43, 23, 18, 58, 63, 6, 46, 13, 53, 21, 38, 78, 61, 811]
q: [0.0, 8.0, -8.0, 15.0, -15.0, 10.0, 5.0, -5.0, -10.0, 5.0, -5.0, 15.0, -15.0, 13.0, 2.0, -2.0, -13.0, 0.0]
Q: [0.0, 8.0, 0.0, 15.0, 0.0, 10.0, 15.0, 10.0, 0.0, 5.0, 0.0, 15.0, 0.0, 13.0, 15.0, 13.0, 0.0, 0.0]
B: [0.0, 112.0, 124.021711775, 256.0, 261.08428175852, 267.0, 293.0, 316.8182362487, 326.74376782137, 436.0, 439.69228939819, 453.10235550539, 469.98550645539, 485.49690284639, 492.31981578736, 525.18870242806, 532.25863099913, 551.41754560823]
