Avion: 7      Iteracion: 65

Num Ruta: 56
Ingresos: 58800.0
Costos: 145.087144842
Utilidad Ruta: 58654.9128552
Costo Reducido: 2.04883140442
Nodos: [107, 18, 58, 39, 79, 13, 53, 29, 27, 69, 67, 817]
q: [0, 11.0, -11.0, 8.0, -8.0, 15.0, -15.0, 9.0, 6.0, -9.0, -6.0, 0]
Q: [0, 11.0, 0.0, 8.0, 0.0, 15.0, 0.0, 9.0, 15.0, 6.0, 0.0, 0]
B: [0.0, 293.0, 316.8182362487, 388.0, 410.632187455, 423.0, 439.88315095, 549.0, 574.6018082369, 582.8182362320799, 598.26561380888, 604.9703085819499]
