Avion: 1      Iteracion: 44

Num Ruta: 42
Ingresos: 62400.0
Costos: 213.667266121
Utilidad Ruta: 62186.3327339
Costo Reducido: 8.04244081087
Nodos: [101, 30, 16, 56, 70, 40, 80, 1, 41, 23, 18, 58, 63, 811]
q: [0.0, 11.0, 4.0, -4.0, -11.0, 15.0, -15.0, 7.0, -7.0, 4.0, 11.0, -11.0, -4.0, 0.0]
Q: [0.0, 11.0, 15.0, 11.0, 0.0, 15.0, 0.0, 7.0, 0.0, 4.0, 15.0, 4.0, 0.0, 0.0]
B: [0.0, 64.0, 72.20259129788, 81.82668273552001, 84.69783929691, 115.50769336991, 148.07713515201, 175.0, 209.2400855285, 267.0, 293.0, 316.8182362487, 326.74376782137, 332.60526865307]
