Avion: 2      Iteracion: 1

Num Ruta: 4
Ingresos: 182400.0
Costos: 580.555328684
Utilidad Ruta: 181819.444671
Costo Reducido: 263172.905355
Nodos: [102, 30, 70, 16, 56, 14, 54, 31, 11, 51, 71, 1, 41, 3, 43, 23, 18, 58, 63, 26, 66, 19, 8, 59, 48, 6, 46, 21, 61, 4, 7, 47, 44, 33, 73, 812]
q: [0.0, 11.0, -11.0, 11.0, -11.0, 8.0, -8.0, 6.0, 8.0, -8.0, -6.0, 7.0, -7.0, 15.0, -15.0, 10.0, 5.0, -5.0, -10.0, 13.0, -13.0, 7.0, 8.0, -7.0, -8.0, 5.0, -5.0, 13.0, -13.0, 5.0, 10.0, -10.0, -5.0, 10.0, -10.0, 0.0]
Q: [0.0, 11.0, 0.0, 11.0, 0.0, 8.0, 0.0, 6.0, 14.0, 6.0, 0.0, 7.0, 0.0, 15.0, 0.0, 10.0, 15.0, 10.0, 0.0, 13.0, 0.0, 7.0, 15.0, 8.0, 0.0, 5.0, 0.0, 13.0, 0.0, 5.0, 15.0, 5.0, 0.0, 10.0, 0.0, 0.0]
B: [0.0, 64.0, 82.7140226568, 93.53069441849999, 103.15478585614, 129.94109036054, 141.96280213554, 169.17486934843998, 182.35759854233999, 186.41166538935, 190.10604395685, 209.09573805654998, 243.33582358504998, 256.0, 261.08428175852, 267.0, 293.0, 316.8182362487, 326.74376782137, 346.43014059547, 364.00936856487, 402.0, 425.1608815463, 443.1178409771, 446.04596016866, 455.23663179809, 458.92892119628, 495.61017009818, 536.34896077738, 565.5187581883799, 575.8821314808799, 604.4234432937799, 605.5838173713898, 614.1552828236898, 637.4587940612898, 656.7050012200898]
