Avion: 5      Iteracion: 37

Num Ruta: 37
Ingresos: 48000.0
Costos: 190.027940769
Utilidad Ruta: 47809.9720592
Costo Reducido: 20.8841015898
Nodos: [105, 10, 50, 2, 42, 29, 69, 33, 73, 815]
q: [0, 12.0, -12.0, 9.0, -9.0, 9.0, -9.0, 10.0, -10.0, 0]
Q: [0, 12.0, 0.0, 9.0, 0.0, 9.0, 0.0, 10.0, 0.0, 0]
B: [0.0, 96.0, 125.5195107344, 522.0, 562.7349620474, 572.53970258451, 606.31948236471, 615.17097404691, 638.47448528451, 656.19658702221]
