Avion: 1      Iteracion: 28

Num Ruta: 27
Ingresos: 58800.0
Costos: 246.471684521
Utilidad Ruta: 58553.5283155
Costo Reducido: 56.2729340032
Nodos: [101, 40, 80, 18, 34, 58, 74, 29, 69, 33, 73, 811]
q: [0.0, 15.0, -15.0, 3.0, 12.0, -3.0, -12.0, 9.0, -9.0, 10.0, -10.0, 0.0]
Q: [0.0, 15.0, 0.0, 3.0, 15.0, 12.0, 0.0, 9.0, 0.0, 10.0, 0.0, 0.0]
B: [0.0, 62.0, 94.5694417821, 293.0, 316.7154937119, 344.9475311871, 360.10016082690004, 549.0, 582.7797797802, 591.6312714624, 614.9347827, 620.85375896283]
