Avion: 2      Iteracion: 4

Num Ruta: 7
Ingresos: 177600.0
Costos: 523.593267952
Utilidad Ruta: 177076.406732
Costo Reducido: 310133.634532
Nodos: [102, 30, 70, 16, 56, 14, 54, 31, 11, 51, 71, 36, 76, 23, 3, 43, 18, 58, 63, 28, 68, 25, 32, 65, 72, 5, 45, 2, 42, 29, 69, 33, 73, 812]
q: [0.0, 11.0, -11.0, 11.0, -11.0, 8.0, -8.0, 6.0, 8.0, -8.0, -6.0, 15.0, -15.0, 4.0, 11.0, -11.0, 11.0, -11.0, -4.0, 8.0, -8.0, 9.0, 6.0, -9.0, -6.0, 12.0, -12.0, 9.0, -9.0, 9.0, -9.0, 10.0, -10.0, 0.0]
Q: [0.0, 11.0, 0.0, 11.0, 0.0, 8.0, 0.0, 6.0, 14.0, 6.0, 0.0, 15.0, 0.0, 4.0, 15.0, 4.0, 15.0, 4.0, 0.0, 8.0, 0.0, 9.0, 15.0, 6.0, 0.0, 12.0, 0.0, 9.0, 0.0, 9.0, 0.0, 10.0, 0.0, 0.0]
B: [0.0, 64.0, 82.7140226568, 93.53069441849999, 103.15478585614, 129.94109036054, 141.96280213554, 169.17486934843998, 182.35759854233999, 186.41166538935, 190.10604395685, 251.0, 257.94814406874, 299.00676745044, 303.30119779683, 308.38547955535, 329.42448870505, 353.24272495375, 363.16825652642, 378.0, 414.0266187839, 417.35999740026, 438.02644569216, 456.57137513396, 467.55644340865996, 492.49867847286, 493.62036737804, 522.0, 562.7349620474, 572.53970258451, 606.31948236471, 615.17097404691, 638.47448528451, 657.72069244331]
