Avion: 2      Iteracion: 67

Num Ruta: 58
Ingresos: 49200.0
Costos: 107.299175418
Utilidad Ruta: 49092.7008246
Costo Reducido: 3.4053341416
Nodos: [102, 36, 76, 15, 55, 7, 4, 44, 47, 812]
q: [0, 15.0, -15.0, 11.0, -11.0, 10.0, 5.0, -5.0, -10.0, 0]
Q: [0, 15.0, 0.0, 11.0, 0.0, 10.0, 15.0, 10.0, 0.0, 0]
B: [0.0, 251.0, 257.94814406874, 511.0, 527.4211666151, 538.3259061809999, 548.6892794734999, 569.1150291536999, 570.2754032313098, 587.6842575876099]
