Avion: 7      Iteracion: 20

Num Ruta: 24
Ingresos: 18000.0
Costos: 88.7300654848
Utilidad Ruta: 17911.2699345
Costo Reducido: 45.0309229315
Nodos: [107, 31, 71, 29, 69, 817]
q: [0, 6.0, -6.0, 9.0, -9.0, 0]
Q: [0, 6.0, 0.0, 9.0, 0.0, 0]
B: [0.0, 130.0, 143.3056140031, 549.0, 582.7797797802, 604.3533147247]
