Avion: 5      Iteracion: 21

Num Ruta: 23
Ingresos: 142800.0
Costos: 477.127613816
Utilidad Ruta: 142322.872386
Costo Reducido: 218.802610924
Nodos: [105, 17, 30, 57, 16, 56, 70, 24, 64, 1, 11, 51, 41, 23, 18, 58, 63, 22, 62, 32, 25, 72, 65, 20, 7, 47, 60, 37, 77, 815]
q: [0.0, 5.0, 10.0, -5.0, 5.0, -5.0, -10.0, 14.0, -14.0, 7.0, 8.0, -8.0, -7.0, 10.0, 5.0, -5.0, -10.0, 10.0, -10.0, 6.0, 9.0, -6.0, -9.0, 10.0, 5.0, -5.0, -10.0, 15.0, -15.0, 0.0]
Q: [0.0, 5.0, 15.0, 10.0, 15.0, 10.0, 0.0, 14.0, 0.0, 7.0, 15.0, 7.0, 0.0, 10.0, 15.0, 10.0, 0.0, 10.0, 0.0, 6.0, 15.0, 9.0, 0.0, 10.0, 15.0, 10.0, 0.0, 15.0, 0.0, 0.0]
B: [0.0, 24.8000597782, 64.0, 67.14445448369, 72.47609381883, 82.10018525647, 84.97134181786, 109.70531270816, 148.21826301066, 175.0, 193.6808285951, 197.73489544211, 232.05062478011, 267.0, 293.0, 316.8182362487, 326.74376782137, 342.50019181287, 364.25487795177, 422.0, 442.6664482919, 469.8986961242, 480.8837643989, 496.0, 517.0, 545.5413118129, 558.5049963585999, 570.0825143136999, 590.8771677851998, 612.5046126642999]
