Avion: 1      Iteracion: 9

Num Ruta: 11
Ingresos: 144000.0
Costos: 616.460112971
Utilidad Ruta: 143383.539887
Costo Reducido: 152608.611074
Nodos: [101, 9, 49, 16, 56, 30, 70, 10, 50, 1, 41, 35, 75, 22, 62, 39, 32, 72, 79, 5, 45, 15, 55, 29, 27, 67, 69, 811]
q: [0, 11.0, -11.0, 11.0, -11.0, 11.0, -11.0, 12.0, -12.0, 7.0, -7.0, 6.0, -6.0, 10.0, -10.0, 8.0, 6.0, -6.0, -8.0, 12.0, -12.0, 11.0, -11.0, 9.0, 6.0, -6.0, -9.0, 0]
Q: [0, 11.0, 0.0, 11.0, 0.0, 11.0, 0.0, 12.0, 0.0, 7.0, 0.0, 6.0, 0.0, 10.0, 0.0, 8.0, 14.0, 8.0, 0.0, 12.0, 0.0, 11.0, 0.0, 9.0, 15.0, 9.0, 0.0, 0]
B: [0.0, 28.0, 57.5272370025, 81.2570211777, 90.88111261534, 107.86640625424, 126.58042891104, 145.27347919714, 174.79298993154, 213.21233110234002, 247.45241663084002, 283.10739847064, 303.02028186304, 318.13453649234, 339.88922263124, 388.0, 425.0721191868, 452.92947500170004, 468.1434572877, 480.70799201840003, 481.82968092358004, 515.2318754023801, 531.6530420174801, 549.0, 574.6018082369, 591.6326706049999, 607.0800481818, 623.0982230154]
