Avion: 1      Iteracion: 37

Num Ruta: 36
Ingresos: 90000.0
Costos: 269.844881515
Utilidad Ruta: 89730.1551185
Costo Reducido: 15.7958724462
Nodos: [101, 30, 16, 56, 70, 40, 80, 3, 43, 23, 18, 63, 58, 29, 7, 47, 69, 811]
q: [0.0, 11.0, 4.0, -4.0, -11.0, 15.0, -15.0, 15.0, -15.0, 10.0, 5.0, -10.0, -5.0, 9.0, 6.0, -6.0, -9.0, 0.0]
Q: [0.0, 11.0, 15.0, 11.0, 0.0, 15.0, 0.0, 15.0, 0.0, 10.0, 15.0, 5.0, 0.0, 9.0, 15.0, 9.0, 0.0, 0.0]
B: [0.0, 64.0, 72.20259129788, 81.82668273552001, 84.69783929691, 115.50769336991, 148.07713515201, 256.0, 261.08428175852, 267.0, 293.0, 318.4393114097, 328.36484298237, 549.0, 570.2768523283, 598.8181641412, 611.1149679942, 627.1331428278]
