Avion: 5      Iteracion: 56

Num Ruta: 51
Ingresos: 108000.0
Costos: 324.646612039
Utilidad Ruta: 107675.353388
Costo Reducido: 8.68269996042
Nodos: [105, 16, 56, 9, 49, 34, 74, 39, 28, 79, 68, 15, 55, 7, 4, 47, 44, 37, 77, 815]
q: [0.0, 11.0, -11.0, 11.0, -11.0, 12.0, -12.0, 8.0, 7.0, -8.0, -7.0, 11.0, -11.0, 10.0, 5.0, -10.0, -5.0, 15.0, -15.0, 0.0]
Q: [0.0, 11.0, 0.0, 11.0, 0.0, 12.0, 0.0, 8.0, 15.0, 7.0, 0.0, 11.0, 0.0, 10.0, 15.0, 5.0, 0.0, 15.0, 0.0, 0.0]
B: [0.0, 36.0, 45.624091437640004, 75.68094759394, 105.20818459644, 283.0, 323.947598037, 388.0, 399.3210123222, 412.3114993416, 448.3244104708, 511.0, 527.4211666151, 538.3259061809999, 548.6892794734999, 567.9616404602, 569.12201453781, 576.1863866259699, 596.98104009747, 618.60848497657]
