Avion: 1      Iteracion: 17

Num Ruta: 18
Ingresos: 123600.0
Costos: 384.923373901
Utilidad Ruta: 123215.076626
Costo Reducido: 224.531819879
Nodos: [101, 9, 40, 49, 30, 80, 70, 14, 54, 3, 43, 18, 36, 76, 34, 58, 74, 28, 68, 32, 8, 48, 6, 46, 72, 811]
q: [0.0, 11.0, 4.0, -11.0, 11.0, -4.0, -11.0, 8.0, -8.0, 15.0, -15.0, 3.0, 12.0, -12.0, 12.0, -3.0, -12.0, 8.0, -8.0, 6.0, 8.0, -8.0, 5.0, -5.0, -6.0, 0.0]
Q: [0.0, 11.0, 15.0, 4.0, 15.0, 11.0, 0.0, 8.0, 0.0, 15.0, 0.0, 3.0, 15.0, 3.0, 15.0, 12.0, 0.0, 8.0, 0.0, 6.0, 14.0, 6.0, 11.0, 6.0, 0.0, 0.0]
B: [0.0, 28.0, 62.0, 90.9587949508, 106.7466952862, 125.68974556859999, 127.73504505766999, 155.53098571457, 167.55269748957, 256.0, 261.08428175852, 293.0, 306.9670306436, 313.91517471234005, 327.63492270564007, 355.86696018084007, 371.0195898206401, 380.19977337000006, 416.22639215390006, 439.68150068060004, 451.12839881940005, 471.89679543540007, 481.0874670648301, 484.7797564630201, 507.4371281111201, 515.2663580860301]
