Avion: 7      Iteracion: 12

Num Ruta: 16
Ingresos: 138000.0
Costos: 569.672808925
Utilidad Ruta: 137430.327191
Costo Reducido: 85448.6395083
Nodos: [107, 17, 57, 30, 40, 70, 80, 14, 54, 36, 76, 35, 26, 75, 66, 28, 68, 19, 8, 59, 48, 38, 21, 78, 61, 33, 73, 29, 69, 817]
q: [0.0, 5.0, -5.0, 11.0, 4.0, -11.0, -4.0, 8.0, -8.0, 15.0, -15.0, 6.0, 9.0, -6.0, -9.0, 8.0, -8.0, 7.0, 8.0, -7.0, -8.0, 2.0, 13.0, -2.0, -13.0, 10.0, -10.0, 9.0, -9.0, 0.0]
Q: [0.0, 5.0, 0.0, 11.0, 15.0, 4.0, 0.0, 8.0, 0.0, 15.0, 0.0, 6.0, 15.0, 9.0, 0.0, 8.0, 0.0, 7.0, 15.0, 8.0, 0.0, 2.0, 15.0, 13.0, 0.0, 10.0, 0.0, 9.0, 0.0, 0.0]
B: [0.0, 33.8861846923, 68.7287384736, 71.87319295729, 97.15522736909, 127.96508144209, 130.01038093116, 158.58878286336, 170.61049463836, 251.0, 257.94814406874, 308.86250452824004, 319.48971912094004, 328.78272450133005, 338.60454027032006, 378.0, 414.0266187839, 426.5624120576, 449.7232936039, 467.6802530347, 470.60837222626, 488.90894888386, 495.73186182483, 534.24360029503, 541.3135288661, 562.0, 585.3035112376, 603.6868304428, 637.466610223, 659.0401451675]
