Avion: 1      Iteracion: 4

Num Ruta: 6
Ingresos: 152400.0
Costos: 541.187200724
Utilidad Ruta: 151858.812799
Costo Reducido: 169352.312346
Nodos: [101, 16, 56, 10, 50, 11, 51, 36, 76, 3, 43, 23, 18, 63, 58, 39, 79, 32, 72, 21, 61, 29, 69, 37, 77, 811]
q: [0.0, 11.0, -11.0, 12.0, -12.0, 8.0, -8.0, 15.0, -15.0, 15.0, -15.0, 4.0, 11.0, -4.0, -11.0, 8.0, -8.0, 6.0, -6.0, 13.0, -13.0, 9.0, -9.0, 15.0, -15.0, 0.0]
Q: [0.0, 11.0, 0.0, 12.0, 0.0, 8.0, 0.0, 15.0, 0.0, 15.0, 0.0, 4.0, 15.0, 11.0, 0.0, 8.0, 0.0, 6.0, 0.0, 13.0, 0.0, 9.0, 0.0, 15.0, 0.0, 0.0]
B: [0.0, 36.0, 45.624091437640004, 96.0, 125.5195107344, 178.157727317, 182.21179416401, 251.0, 257.94814406874, 294.92818141324, 300.01246317176, 303.37495049515996, 323.55390064126, 348.99321205096, 358.91874362363, 388.0, 410.632187455, 436.244028857, 464.1013846719, 482.5133162653, 523.2521069444999, 561.7054034221999, 595.4851832023999, 614.7663683319998, 635.5610218034999, 678.5256155289999]
