Avion: 6      Iteracion: 60

Num Ruta: 56
Ingresos: 57600.0
Costos: 222.95269353
Utilidad Ruta: 57377.0473065
Costo Reducido: 3.87998788025
Nodos: [106, 9, 49, 19, 59, 20, 4, 44, 2, 60, 33, 73, 42, 816]
q: [0.0, 11.0, -11.0, 7.0, -7.0, 10.0, 5.0, -5.0, 5.0, -10.0, 10.0, -10.0, -5.0, 0.0]
Q: [0.0, 11.0, 0.0, 7.0, 0.0, 10.0, 15.0, 10.0, 15.0, 5.0, 15.0, 5.0, 0.0, 0.0]
B: [0.0, 35.5829922575, 65.11022926000001, 402.0, 428.6271162915, 496.0, 529.0, 549.4257496801999, 558.8802161908, 566.21051345626, 577.03231279836, 600.33582403596, 618.8546080673599, 628.5747083240399]
