Avion: 5      Iteracion: 8

Num Ruta: 10
Ingresos: 157200.0
Costos: 616.275156569
Utilidad Ruta: 156583.724843
Costo Reducido: 202134.995577
Nodos: [105, 40, 80, 14, 54, 31, 1, 71, 41, 36, 76, 34, 18, 74, 58, 19, 25, 65, 59, 6, 46, 13, 53, 21, 38, 78, 61, 33, 2, 42, 73, 815]
q: [0.0, 15.0, -15.0, 8.0, -8.0, 6.0, 7.0, -6.0, -7.0, 15.0, -15.0, 4.0, 11.0, -4.0, -11.0, 7.0, 8.0, -8.0, -7.0, 5.0, -5.0, 15.0, -15.0, 13.0, 2.0, -2.0, -13.0, 6.0, 9.0, -9.0, -6.0, 0.0]
Q: [0.0, 15.0, 0.0, 8.0, 0.0, 6.0, 13.0, 7.0, 0.0, 15.0, 0.0, 4.0, 15.0, 11.0, 0.0, 7.0, 15.0, 7.0, 0.0, 5.0, 0.0, 15.0, 0.0, 13.0, 15.0, 13.0, 0.0, 6.0, 15.0, 6.0, 0.0, 0.0]
B: [0.0, 62.0, 94.5694417821, 123.1478437143, 135.1695554893, 162.3816227022, 175.0, 193.9896940997, 227.5507818205, 261.49868545239997, 268.44682952114, 283.0, 306.7154937119, 345.4540647361, 360.6066943759, 402.0, 411.3920072402, 428.57698955029997, 445.3638459862, 457.15486498369995, 460.84715438188994, 474.25722048908995, 491.14037143908996, 506.65176783008997, 513.47468077106, 546.34356741176, 553.41349598283, 563.56904092143, 577.35464185143, 618.08960389883, 636.6083879302299, 654.3304896679299]
