Avion: 3      Iteracion: 26

Num Ruta: 28
Ingresos: 108000.0
Costos: 421.279594658
Utilidad Ruta: 107578.720405
Costo Reducido: 94.7384023128
Nodos: [103, 24, 12, 52, 64, 1, 41, 23, 18, 58, 63, 8, 32, 48, 13, 72, 53, 21, 38, 61, 78, 27, 4, 7, 47, 44, 67, 813]
q: [0.0, 14.0, 1.0, -1.0, -14.0, 7.0, -7.0, 10.0, 5.0, -5.0, -10.0, 8.0, 6.0, -8.0, 9.0, -6.0, -9.0, 13.0, 2.0, -13.0, -2.0, 0.0, 5.0, 10.0, -10.0, -5.0, 0.0, 0.0]
Q: [0.0, 14.0, 15.0, 14.0, 0.0, 7.0, 0.0, 10.0, 15.0, 10.0, 0.0, 8.0, 14.0, 6.0, 15.0, 9.0, 0.0, 13.0, 15.0, 2.0, 0.0, 0.0, 5.0, 15.0, 5.0, 0.0, 0.0, 0.0]
B: [0.0, 61.0, 77.84782742670001, 121.1957516907, 137.1279892611, 175.0, 209.2400855285, 267.0, 293.0, 316.8182362487, 326.74376782137, 414.0, 425.4468981388, 447.8266328334, 450.03730897431, 463.87948875211003, 467.95043913255006, 483.46183552355006, 490.2847484645201, 524.7671288493201, 531.8370574203901, 543.3727847489902, 560.9875592862902, 571.3509325787902, 599.8922443916902, 601.0526184693001, 606.4678770042201, 628.8657907687201]
