Avion: 2      Iteracion: 13

Num Ruta: 15
Ingresos: 157200.0
Costos: 545.756411585
Utilidad Ruta: 156654.243588
Costo Reducido: 1668.56200871
Nodos: [102, 9, 49, 12, 30, 70, 52, 3, 43, 36, 76, 34, 74, 32, 19, 59, 13, 72, 53, 15, 55, 7, 4, 47, 44, 27, 67, 33, 73, 812]
q: [0.0, 11.0, -11.0, 14.0, 0.0, 0.0, -14.0, 15.0, -15.0, 15.0, -15.0, 12.0, -12.0, 6.0, 7.0, -7.0, 9.0, -6.0, -9.0, 11.0, -11.0, 10.0, 5.0, -10.0, -5.0, 6.0, -6.0, 10.0, -10.0, 0.0]
Q: [0.0, 11.0, 0.0, 14.0, 14.0, 14.0, 0.0, 15.0, 0.0, 15.0, 0.0, 12.0, 0.0, 6.0, 13.0, 6.0, 15.0, 9.0, 0.0, 11.0, 0.0, 10.0, 15.0, 5.0, 0.0, 6.0, 0.0, 10.0, 0.0, 0.0]
B: [0.0, 33.6128854013, 63.1401224038, 73.9271591609, 92.4582220824, 111.1722447392, 133.968102806, 256.0, 261.08428175852, 296.00374706082, 302.95189112956, 316.67163912286003, 357.61923715986, 422.0, 433.71491463899997, 460.34203093049996, 464.56965023692, 478.41183001472, 482.48278039516003, 511.0, 527.4211666151, 538.3259061809999, 548.6892794734999, 567.9616404602, 569.12201453781, 585.47282711701, 602.5036894851099, 616.3508594848099, 639.6543707224099, 658.9005778812099]
