Avion: 6      Iteracion: 36

Num Ruta: 39
Ingresos: 103200.0
Costos: 305.982425973
Utilidad Ruta: 102894.017574
Costo Reducido: 41.8398990033
Nodos: [106, 16, 30, 56, 70, 24, 64, 1, 41, 8, 48, 6, 46, 5, 45, 7, 4, 47, 44, 33, 73, 816]
q: [0.0, 4.0, 11.0, -4.0, -11.0, 14.0, -14.0, 7.0, -7.0, 8.0, -8.0, 5.0, -5.0, 12.0, -12.0, 10.0, 5.0, -10.0, -5.0, 10.0, -10.0, 0.0]
Q: [0.0, 4.0, 15.0, 11.0, 0.0, 14.0, 0.0, 7.0, 0.0, 8.0, 0.0, 5.0, 0.0, 12.0, 0.0, 10.0, 15.0, 5.0, 0.0, 10.0, 0.0, 0.0]
B: [0.0, 36.0, 64.0, 80.9852936389, 83.85645020029, 108.59042109059, 147.10337139309001, 175.0, 209.2400855285, 414.0, 434.768396616, 443.95906824543, 447.65135764362, 469.0, 470.12168890518, 517.0, 529.0, 548.2723609867, 549.43273506431, 562.0, 585.3035112376, 599.1444684661]
