Avion: 1      Iteracion: 34

Num Ruta: 33
Ingresos: 63600.0
Costos: 170.447593938
Utilidad Ruta: 63429.5524061
Costo Reducido: 37.3805413463
Nodos: [101, 9, 49, 11, 51, 36, 76, 18, 58, 39, 79, 811]
q: [0, 11.0, -11.0, 8.0, -8.0, 15.0, -15.0, 11.0, -11.0, 8.0, -8.0, 0]
Q: [0, 11.0, 0.0, 8.0, 0.0, 15.0, 0.0, 11.0, 0.0, 8.0, 0.0, 0]
B: [0.0, 28.0, 57.5272370025, 169.0, 173.05406684701, 251.0, 257.94814406874, 293.0, 316.8182362487, 388.0, 410.632187455, 422.1962606561]
