Avion: 3      Iteracion: 16

Num Ruta: 18
Ingresos: 129600.0
Costos: 404.964834895
Utilidad Ruta: 129195.035165
Costo Reducido: 226.737713435
Nodos: [103, 24, 64, 10, 50, 35, 26, 75, 66, 18, 58, 39, 19, 59, 79, 15, 55, 20, 7, 47, 60, 37, 77, 813]
q: [0.0, 14.0, -14.0, 12.0, -12.0, 6.0, 9.0, -6.0, -9.0, 11.0, -11.0, 8.0, 7.0, -7.0, -8.0, 11.0, -11.0, 10.0, 5.0, -5.0, -10.0, 15.0, -15.0, 0.0]
Q: [0.0, 14.0, 0.0, 12.0, 0.0, 6.0, 15.0, 9.0, 0.0, 11.0, 0.0, 8.0, 15.0, 8.0, 0.0, 11.0, 0.0, 10.0, 15.0, 10.0, 0.0, 15.0, 0.0, 0.0]
B: [0.0, 61.0, 99.5129503025, 111.2988809828, 140.8183917172, 279.0, 300.0, 309.29300538039, 319.11482114938, 342.39349190178, 366.21172815048, 388.0, 423.3907399471, 450.01785623859996, 456.33305829395994, 511.0, 527.4211666151, 533.55501866744, 542.2979730879999, 570.8392849008999, 583.8029694465998, 595.3804874016998, 616.1751408731998, 637.1769363202998]
