Avion: 3      Iteracion: 15

Num Ruta: 17
Ingresos: 168000.0
Costos: 495.090679277
Utilidad Ruta: 167504.909321
Costo Reducido: 358.094157224
Nodos: [103, 24, 9, 49, 31, 64, 1, 71, 11, 51, 41, 3, 43, 23, 63, 35, 26, 75, 66, 39, 79, 13, 32, 72, 53, 15, 21, 55, 38, 4, 78, 61, 44, 37, 77, 813]
q: [0.0, 4.0, 11.0, -11.0, 6.0, -4.0, 7.0, -6.0, 8.0, -8.0, -7.0, 15.0, -15.0, 10.0, -10.0, 6.0, 9.0, -6.0, -9.0, 8.0, -8.0, 9.0, 6.0, -6.0, -9.0, 11.0, 2.0, -11.0, 8.0, 5.0, -8.0, -2.0, -5.0, 15.0, -15.0, 0.0]
Q: [0.0, 4.0, 15.0, 4.0, 10.0, 6.0, 13.0, 7.0, 15.0, 7.0, 0.0, 15.0, 0.0, 10.0, 0.0, 6.0, 15.0, 9.0, 0.0, 8.0, 0.0, 9.0, 15.0, 9.0, 0.0, 11.0, 13.0, 2.0, 10.0, 15.0, 7.0, 5.0, 0.0, 15.0, 0.0, 0.0]
B: [0.0, 61.0, 67.43687703782, 96.96411404032, 130.0, 141.2843577575, 175.0, 193.9896940997, 194.468572998797, 198.522639845807, 232.838369183807, 256.0, 261.08428175852, 267.0, 306.733842905, 336.2538785588, 346.8810931515, 356.17409853189, 365.99591430088003, 388.0, 410.632187455, 423.0, 445.6608668854, 473.51822270030004, 477.58917308074007, 511.0, 516.67223351071, 527.47150163401, 531.55876734595, 539.89266775332, 569.01236708212, 576.08229565319, 592.88524006779, 599.94961215595, 620.74426562745, 641.74606107455]
