Avion: 6      Iteracion: 2

Num Ruta: 5
Ingresos: 183600.0
Costos: 599.198764217
Utilidad Ruta: 183000.801236
Costo Reducido: 219789.320155
Nodos: [106, 17, 57, 30, 70, 24, 64, 1, 31, 71, 41, 3, 43, 36, 76, 26, 66, 28, 79, 39, 68, 25, 65, 15, 55, 4, 7, 27, 47, 67, 37, 44, 77, 816]
q: [0.0, 5.0, -5.0, 11.0, -11.0, 14.0, -14.0, 7.0, 6.0, -6.0, -7.0, 15.0, -15.0, 15.0, -15.0, 13.0, -13.0, 8.0, -8.0, 8.0, -8.0, 10.0, -10.0, 11.0, -11.0, 0.0, 10.0, 5.0, -10.0, -5.0, 15.0, 0.0, -15.0, 0.0]
Q: [0.0, 5.0, 0.0, 11.0, 0.0, 14.0, 0.0, 7.0, 13.0, 7.0, 0.0, 15.0, 0.0, 15.0, 0.0, 13.0, 0.0, 8.0, 0.0, 8.0, 0.0, 10.0, 0.0, 11.0, 0.0, 0.0, 10.0, 15.0, 5.0, 0.0, 15.0, 15.0, 0.0, 0.0]
B: [0.0, 34.2933399948, 69.1358937761, 72.28034825979, 90.99437091659, 115.72834180689, 154.24129210939, 175.0, 183.89376197118, 197.19937597428, 230.76046369508, 256.0, 261.08428175852, 296.00374706082, 302.95189112956, 343.25427558756, 360.83350355696, 378.0, 410.0, 432.632187455, 464.0615948468, 467.39497346316, 484.57995577326, 511.0, 527.4211666151, 532.99584588839, 543.35921918089, 571.0225425531901, 586.86231742529, 591.26223799275, 598.09820361584, 605.162575704, 631.3471991689, 673.1672620694001]
