Avion: 7      Iteracion: 8

Num Ruta: 12
Ingresos: 99600.0
Costos: 352.379473259
Utilidad Ruta: 99247.6205267
Costo Reducido: 182343.101288
Nodos: [107, 40, 80, 10, 50, 35, 75, 18, 58, 13, 53, 6, 46, 2, 42, 7, 47, 817]
q: [0, 15.0, -15.0, 12.0, -12.0, 6.0, -6.0, 11.0, -11.0, 15.0, -15.0, 5.0, -5.0, 9.0, -9.0, 10.0, -10.0, 0]
Q: [0, 15.0, 0.0, 12.0, 0.0, 6.0, 0.0, 11.0, 0.0, 15.0, 0.0, 5.0, 0.0, 9.0, 0.0, 10.0, 0.0, 0]
B: [0.0, 62.0, 94.5694417821, 111.75013586, 141.2696465944, 279.0, 298.9128833924, 321.80373678409995, 345.62197303279993, 423.0, 439.88315095, 464.1060995732, 467.79838897139, 522.0, 562.7349620474, 574.2416881674001, 602.7829999803, 613.8501559384]
