Avion: 2      Iteracion: 52

Num Ruta: 48
Ingresos: 78000.0
Costos: 166.27735274
Utilidad Ruta: 77833.7226473
Costo Reducido: 8.14176333373
Nodos: [102, 30, 16, 56, 70, 14, 54, 3, 43, 8, 19, 59, 48, 5, 45, 812]
q: [0.0, 11.0, 4.0, -4.0, -11.0, 8.0, -8.0, 15.0, -15.0, 8.0, 7.0, -7.0, -8.0, 12.0, -12.0, 0.0]
Q: [0.0, 11.0, 15.0, 11.0, 0.0, 8.0, 0.0, 15.0, 0.0, 8.0, 15.0, 8.0, 0.0, 12.0, 0.0, 0.0]
B: [0.0, 64.0, 72.20259129788, 81.82668273552001, 84.69783929691, 112.49377995381, 124.51549172881, 256.0, 261.08428175852, 414.0, 437.1608815463, 463.7879978378, 466.71611702935996, 476.46892790622996, 477.59061681141, 487.99533670191]
