Avion: 5      Iteracion: 2

Num Ruta: 6
Ingresos: 188400.0
Costos: 644.444416527
Utilidad Ruta: 187755.555583
Costo Reducido: 172838.201655
Nodos: [105, 17, 30, 57, 24, 70, 64, 10, 50, 1, 41, 3, 43, 36, 76, 26, 66, 28, 39, 68, 25, 65, 79, 6, 46, 15, 55, 7, 4, 47, 44, 27, 67, 37, 77, 815]
q: [0.0, 5.0, 1.0, -5.0, 14.0, -1.0, -14.0, 12.0, -12.0, 7.0, -7.0, 15.0, -15.0, 15.0, -15.0, 13.0, -13.0, 8.0, 5.0, -8.0, 10.0, -10.0, -5.0, 5.0, -5.0, 11.0, -11.0, 10.0, 5.0, -10.0, -5.0, 6.0, -6.0, 15.0, -15.0, 0.0]
Q: [0.0, 5.0, 6.0, 1.0, 15.0, 14.0, 0.0, 12.0, 0.0, 7.0, 0.0, 15.0, 0.0, 15.0, 0.0, 13.0, 0.0, 8.0, 13.0, 5.0, 15.0, 5.0, 0.0, 5.0, 0.0, 11.0, 0.0, 10.0, 15.0, 5.0, 0.0, 6.0, 0.0, 15.0, 0.0, 0.0]
B: [0.0, 24.8000597782, 64.0, 67.14445448369, 83.70273778839, 108.43670867869, 138.07426959389, 149.86020027419, 179.37971100859, 217.79905217939, 252.03913770789, 259.13568961709, 264.21997137561, 299.13943667791, 306.08758074665, 346.38996520465, 363.96919317405, 378.0, 389.3210123222, 420.750419714, 424.08379833035997, 441.26878064045997, 460.17589178945997, 466.86413595365997, 470.55642535184995, 512.89178147415, 529.31294808925, 540.2176876551499, 550.5810609476499, 569.85342193435, 571.0137960119599, 587.3646085911599, 604.3954709592599, 611.2314365823499, 632.0260900538499, 653.6535349329499]
