Avion: 1      Iteracion: 75

Num Ruta: 49
Ingresos: 75600.0
Costos: 213.080262726
Utilidad Ruta: 75386.9197373
Costo Reducido: 3.7599336079
Nodos: [101, 14, 54, 32, 19, 59, 13, 72, 53, 15, 21, 55, 38, 78, 61, 33, 73, 811]
q: [0.0, 8.0, -8.0, 6.0, 7.0, -7.0, 9.0, -6.0, -9.0, 8.0, 7.0, -8.0, 8.0, -8.0, -7.0, 10.0, -10.0, 0.0]
Q: [0.0, 8.0, 0.0, 6.0, 13.0, 6.0, 15.0, 9.0, 0.0, 8.0, 15.0, 7.0, 15.0, 7.0, 0.0, 10.0, 0.0, 0.0]
B: [0.0, 112.0, 124.021711775, 422.0, 433.71491463899997, 460.34203093049996, 464.56965023692, 478.41183001472, 482.48278039516003, 511.0, 516.67223351071, 527.47150163401, 531.55876734595, 564.42765398665, 571.49758255772, 581.6531274963199, 604.9566387339199, 610.87561499675]
