Avion: 2      Iteracion: 6

Num Ruta: 9
Ingresos: 172800.0
Costos: 593.330686112
Utilidad Ruta: 172206.669314
Costo Reducido: 210004.866567
Nodos: [102, 9, 49, 40, 80, 14, 54, 1, 41, 3, 43, 23, 63, 35, 26, 75, 66, 28, 68, 25, 65, 8, 48, 5, 45, 4, 20, 44, 60, 33, 73, 812]
q: [0.0, 11.0, -11.0, 15.0, -15.0, 8.0, -8.0, 7.0, -7.0, 15.0, -15.0, 10.0, -10.0, 6.0, 9.0, -6.0, -9.0, 8.0, -8.0, 10.0, -10.0, 8.0, -8.0, 12.0, -12.0, 5.0, 10.0, -5.0, -10.0, 10.0, -10.0, 0.0]
Q: [0.0, 11.0, 0.0, 15.0, 0.0, 8.0, 0.0, 7.0, 0.0, 15.0, 0.0, 10.0, 0.0, 6.0, 15.0, 9.0, 0.0, 8.0, 0.0, 10.0, 0.0, 8.0, 0.0, 12.0, 0.0, 5.0, 15.0, 10.0, 0.0, 10.0, 0.0, 0.0]
B: [0.0, 33.6128854013, 63.1401224038, 92.0989173546, 124.6683591367, 153.2467610689, 165.2684728439, 200.9502020621, 235.1902875906, 256.0, 261.08428175852, 267.0, 306.733842905, 336.2538785588, 346.8810931515, 356.17409853189, 365.99591430088003, 378.0, 414.0266187839, 417.35999740026, 434.54497971036, 460.36557956786, 481.13397618386, 490.88678706073, 492.00847596591, 529.0, 539.279151035, 569.6591407651, 581.5203640157, 592.3421633578, 615.6456745954, 634.8918817542]
