Avion: 4      Iteracion: 43

Num Ruta: 38
Ingresos: 78000.0
Costos: 208.540414984
Utilidad Ruta: 77791.459585
Costo Reducido: 14.0011942236
Nodos: [104, 31, 71, 11, 51, 34, 74, 39, 79, 6, 46, 13, 53, 15, 55, 814]
q: [0, 6.0, -6.0, 8.0, -8.0, 12.0, -12.0, 8.0, -8.0, 5.0, -5.0, 15.0, -15.0, 11.0, -11.0, 0]
Q: [0, 6.0, 0.0, 8.0, 0.0, 12.0, 0.0, 8.0, 0.0, 5.0, 0.0, 15.0, 0.0, 11.0, 0.0, 0]
B: [0.0, 130.0, 143.3056140031, 169.0, 173.05406684701, 283.0, 323.947598037, 388.0, 410.632187455, 436.0, 439.69228939819, 453.10235550539, 469.98550645539, 511.0, 527.4211666151, 542.766156286]
