Avion: 6      Iteracion: 23

Num Ruta: 26
Ingresos: 26400.0
Costos: 106.906749098
Utilidad Ruta: 26293.0932509
Costo Reducido: 30.2382668069
Nodos: [106, 16, 56, 9, 49, 816]
q: [0, 11.0, -11.0, 11.0, -11.0, 0]
Q: [0, 11.0, 0.0, 11.0, 0.0, 0]
B: [0.0, 36.0, 45.624091437640004, 75.68094759394, 105.20818459644, 125.68373101164]
