Avion: 6      Iteracion: 0

Num Ruta: 1
Ingresos: 74400.0
Costos: 324.208178937
Utilidad Ruta: 74075.7918211
Costo Reducido: -
Nodos: [106, 24, 64, 14, 54, 13, 53, 15, 55, 4, 44, 29, 69, 816]
q: [0, 14.0, -14.0, 8.0, -8.0, 15.0, -15.0, 11.0, -11.0, 5.0, -5.0, 9.0, -9.0, 0]
Q: [0, 14.0, 0.0, 8.0, 0.0, 15.0, 0.0, 11.0, 0.0, 5.0, 0.0, 9.0, 0.0, 0]
B: [0.0, 61.0, 99.5129503025, 128.1593196012, 140.1810313762, 423.0, 439.88315095, 511.0, 527.4211666151, 532.99584588839, 553.42159556859, 591.2394412105899, 625.0192209907899, 654.2593962638899]
