Avion: 5      Iteracion: 80

Num Ruta: 63
Ingresos: 36000.0
Costos: 63.9609194946
Utilidad Ruta: 35936.0390805
Costo Reducido: 4.45711671124
Nodos: [105, 26, 66, 6, 46, 5, 45, 815]
q: [0, 13.0, -13.0, 5.0, -5.0, 12.0, -12.0, 0]
Q: [0, 13.0, 0.0, 5.0, 0.0, 12.0, 0.0, 0]
B: [0.0, 300.0, 317.5792279694, 436.0, 439.69228939819, 469.0, 470.12168890518, 483.34589368278]
