Avion: 2      Iteracion: 49

Num Ruta: 46
Ingresos: 102000.0
Costos: 338.512428581
Utilidad Ruta: 101661.487571
Costo Reducido: 4.16543975114
Nodos: [102, 12, 52, 10, 50, 26, 66, 28, 68, 25, 21, 65, 38, 78, 61, 4, 7, 47, 44, 812]
q: [0.0, 14.0, -14.0, 12.0, -12.0, 13.0, -13.0, 8.0, -8.0, 8.0, 7.0, -8.0, 8.0, -8.0, -7.0, 5.0, 10.0, -10.0, -5.0, 0.0]
Q: [0.0, 14.0, 0.0, 12.0, 0.0, 13.0, 0.0, 8.0, 0.0, 8.0, 15.0, 7.0, 15.0, 7.0, 0.0, 5.0, 15.0, 5.0, 0.0, 0.0]
B: [0.0, 54.0, 97.347924264, 106.06569462115, 135.58520535555, 300.0, 317.5792279694, 378.0, 414.0266187839, 417.35999740026, 477.0, 485.168713485, 489.49037624371, 522.35926288441, 529.42919145548, 558.59898886648, 568.96236215898, 597.50367397188, 598.6640480494899, 617.21394794139]
