Avion: 1      Iteracion: 35

Num Ruta: 34
Ingresos: 74400.0
Costos: 247.471885804
Utilidad Ruta: 74152.5281142
Costo Reducido: 10.8409744163
Nodos: [101, 9, 49, 18, 58, 39, 79, 6, 46, 5, 45, 38, 7, 4, 47, 44, 78, 811]
q: [0.0, 11.0, -11.0, 11.0, -11.0, 8.0, -8.0, 5.0, -5.0, 12.0, -12.0, 8.0, 2.0, 5.0, -2.0, -5.0, -8.0, 0.0]
Q: [0.0, 11.0, 0.0, 11.0, 0.0, 8.0, 0.0, 5.0, 0.0, 12.0, 0.0, 8.0, 10.0, 15.0, 13.0, 8.0, 0.0, 0.0]
B: [0.0, 28.0, 57.5272370025, 293.0, 316.8182362487, 388.0, 410.632187455, 436.0, 439.69228939819, 469.0, 470.12168890518, 491.70338160988, 517.0, 529.0, 548.2723609867, 549.43273506431, 571.13527014661, 585.42469368291]
