Avion: 3      Iteracion: 12

Num Ruta: 14
Ingresos: 114000.0
Costos: 474.546132294
Utilidad Ruta: 113525.453868
Costo Reducido: 70592.7262968
Nodos: [103, 12, 30, 52, 70, 14, 54, 36, 76, 35, 75, 26, 66, 28, 68, 19, 8, 59, 48, 7, 21, 61, 47, 813]
q: [0.0, 4.0, 11.0, -4.0, -11.0, 8.0, -8.0, 15.0, -15.0, 6.0, -6.0, 13.0, -13.0, 8.0, -8.0, 7.0, 8.0, -7.0, -8.0, 2.0, 13.0, -13.0, -2.0, 0.0]
Q: [0.0, 4.0, 15.0, 11.0, 0.0, 8.0, 0.0, 15.0, 0.0, 6.0, 0.0, 13.0, 0.0, 8.0, 0.0, 7.0, 15.0, 8.0, 0.0, 2.0, 15.0, 2.0, 0.0, 0.0]
B: [0.0, 54.0, 72.5310629215, 97.90540943529999, 120.7012675021, 148.497208159, 160.518919934, 251.0, 257.94814406874, 308.86250452824004, 328.77538792064, 338.06839330103, 355.64762127043, 378.0, 414.0266187839, 426.5624120576, 449.7232936039, 467.6802530347, 470.60837222626, 517.0, 527.7674614, 568.5062520792, 585.7190744218999, 612.1285909263999]
