Avion: 3      Iteracion: 30

Num Ruta: 31
Ingresos: 105600.0
Costos: 341.833654587
Utilidad Ruta: 105258.166345
Costo Reducido: 14.3086284166
Nodos: [103, 9, 49, 24, 64, 1, 41, 3, 43, 18, 58, 38, 21, 78, 61, 33, 27, 73, 67, 813]
q: [0.0, 11.0, -11.0, 14.0, -14.0, 7.0, -7.0, 15.0, -15.0, 11.0, -11.0, 8.0, 7.0, -8.0, -7.0, 10.0, 5.0, -10.0, -5.0, 0.0]
Q: [0.0, 11.0, 0.0, 14.0, 0.0, 7.0, 0.0, 15.0, 0.0, 11.0, 0.0, 8.0, 15.0, 7.0, 0.0, 10.0, 15.0, 5.0, 0.0, 0.0]
B: [0.0, 28.0, 57.5272370025, 81.6674868976, 120.1804372001, 175.0, 209.2400855285, 256.0, 261.08428175852, 293.0, 316.8182362487, 480.0, 486.82291294097, 525.3346514111701, 532.4045799822401, 562.0, 578.4525909206, 585.6713442755799, 606.23813656318, 628.63605032768]
