Avion: 2      Iteracion: 33

Num Ruta: 34
Ingresos: 105600.0
Costos: 316.635640253
Utilidad Ruta: 105283.36436
Costo Reducido: 32.2714904684
Nodos: [102, 17, 30, 57, 16, 56, 70, 24, 64, 11, 51, 36, 76, 25, 65, 7, 38, 78, 27, 67, 47, 812]
q: [0.0, 5.0, 4.0, -5.0, 11.0, -11.0, -4.0, 14.0, -14.0, 8.0, -8.0, 15.0, -15.0, 10.0, -10.0, 9.0, 6.0, -6.0, 6.0, -6.0, -9.0, 0.0]
Q: [0.0, 5.0, 9.0, 4.0, 15.0, 4.0, 0.0, 14.0, 0.0, 8.0, 0.0, 15.0, 0.0, 10.0, 0.0, 9.0, 15.0, 9.0, 15.0, 9.0, 0.0, 0.0]
B: [0.0, 25.145167826, 64.0, 67.14445448369, 72.47609381883, 82.10018525647, 84.97134181786, 109.70531270816, 148.21826301066, 169.0, 173.05406684701, 251.0, 257.94814406874, 410.0, 427.1849823101, 517.0, 525.77620202593, 558.64508866663, 570.1808159952301, 587.2116783633301, 591.61159893079, 609.02045328709]
