Avion: 3      Iteracion: 48

Num Ruta: 47
Ingresos: 142800.0
Costos: 443.266895387
Utilidad Ruta: 142356.733105
Costo Reducido: 3.92162601903
Nodos: [103, 9, 49, 12, 52, 31, 71, 36, 76, 34, 74, 39, 28, 79, 13, 53, 68, 25, 21, 65, 38, 61, 78, 29, 27, 69, 67, 813]
q: [0.0, 11.0, -11.0, 14.0, -14.0, 6.0, -6.0, 15.0, -15.0, 12.0, -12.0, 8.0, 7.0, -8.0, 8.0, -8.0, -7.0, 8.0, 7.0, -8.0, 8.0, -7.0, -8.0, 9.0, 6.0, -9.0, -6.0, 0.0]
Q: [0.0, 11.0, 0.0, 14.0, 0.0, 6.0, 0.0, 15.0, 0.0, 12.0, 0.0, 8.0, 15.0, 7.0, 15.0, 7.0, 0.0, 8.0, 15.0, 7.0, 15.0, 8.0, 0.0, 9.0, 15.0, 6.0, 0.0, 0.0]
B: [0.0, 28.0, 57.5272370025, 68.3142737596, 111.6621980236, 132.5795314101, 145.8851454132, 251.0, 257.94814406874, 283.0, 323.947598037, 388.0, 399.3210123222, 412.3114993416, 423.0, 439.88315095, 462.92158097460003, 466.25495959096, 477.0, 485.168713485, 489.49037624371, 523.97275662851, 531.04268519958, 565.43886085908, 591.04066909598, 599.25709709116, 614.70447466796, 637.10238843246]
