Avion: 7      Iteracion: 1

Num Ruta: 5
Ingresos: 148800.0
Costos: 515.048600243
Utilidad Ruta: 148284.9514
Costo Reducido: 229638.412083
Nodos: [107, 30, 70, 16, 56, 14, 54, 1, 11, 51, 41, 3, 43, 18, 58, 26, 66, 19, 6, 46, 59, 21, 61, 4, 7, 47, 44, 817]
q: [0, 11.0, -11.0, 11.0, -11.0, 8.0, -8.0, 7.0, 8.0, -8.0, -7.0, 15.0, -15.0, 11.0, -11.0, 13.0, -13.0, 7.0, 5.0, -5.0, -7.0, 13.0, -13.0, 5.0, 10.0, -10.0, -5.0, 0]
Q: [0, 11.0, 0.0, 11.0, 0.0, 8.0, 0.0, 7.0, 15.0, 7.0, 0.0, 15.0, 0.0, 11.0, 0.0, 13.0, 0.0, 7.0, 12.0, 7.0, 0.0, 13.0, 0.0, 5.0, 15.0, 5.0, 0.0, 0]
B: [0.0, 64.0, 82.7140226568, 93.53069441849999, 103.15478585614, 129.94109036054, 141.96280213554, 177.64453135373998, 196.32535994883997, 200.37942679584998, 234.69515613385, 256.0, 261.08428175852, 293.0, 316.8182362487, 345.81975307109997, 363.39898104049996, 402.0, 440.0404359202, 443.73272531839, 459.21567807299, 482.82253845299, 523.5613291321899, 552.7311265431899, 563.0944998356899, 591.6358116485899, 592.7961857261998, 604.7962717675998]
