Avion: 1      Iteracion: 6

Num Ruta: 8
Ingresos: 147600.0
Costos: 598.975882252
Utilidad Ruta: 147001.024118
Costo Reducido: 211448.664217
Nodos: [101, 9, 49, 24, 64, 14, 54, 1, 41, 3, 43, 23, 35, 63, 75, 28, 39, 79, 68, 25, 65, 21, 61, 20, 4, 44, 60, 811]
q: [0.0, 11.0, -11.0, 14.0, -14.0, 8.0, -8.0, 7.0, -7.0, 15.0, -15.0, 9.0, 6.0, -9.0, -6.0, 7.0, 8.0, -8.0, -7.0, 10.0, -10.0, 13.0, -13.0, 10.0, 5.0, -5.0, -10.0, 0.0]
Q: [0.0, 11.0, 0.0, 14.0, 0.0, 8.0, 0.0, 7.0, 0.0, 15.0, 0.0, 9.0, 15.0, 6.0, 0.0, 7.0, 15.0, 7.0, 0.0, 10.0, 0.0, 13.0, 0.0, 10.0, 15.0, 10.0, 0.0, 0.0]
B: [0.0, 28.0, 57.5272370025, 81.6674868976, 120.1804372001, 148.8268064988, 160.8485182738, 196.530247492, 230.7703330205, 256.0, 261.08428175852, 267.0, 307.4405515417, 336.9605871955, 349.5791326743, 378.0, 389.3210123222, 411.9531997772, 447.9661109064, 451.29948952276, 468.48447183286, 477.0, 517.7387906792, 554.1640824007, 564.4432334357, 584.8689831158999, 596.7302063664999, 631.6200240932]
