Avion: 2      Iteracion: 31

Num Ruta: 32
Ingresos: 91200.0
Costos: 256.264615169
Utilidad Ruta: 90943.7353848
Costo Reducido: 53.5571005223
Nodos: [102, 1, 41, 3, 43, 8, 5, 45, 48, 6, 46, 2, 42, 7, 47, 37, 77, 812]
q: [0.0, 7.0, -7.0, 15.0, -15.0, 8.0, 7.0, -7.0, -8.0, 5.0, -5.0, 9.0, -9.0, 10.0, -10.0, 15.0, -15.0, 0.0]
Q: [0.0, 7.0, 0.0, 15.0, 0.0, 8.0, 15.0, 8.0, 0.0, 5.0, 0.0, 9.0, 0.0, 10.0, 0.0, 15.0, 0.0, 0.0]
B: [0.0, 175.0, 209.2400855285, 256.0, 261.08428175852, 414.0, 469.0, 470.12168890518, 480.59966590458, 489.79033753400995, 493.48262693219993, 522.0, 562.7349620474, 574.2416881674001, 602.7829999803, 609.95581149323, 630.7504649647301, 649.4496998154301]
