Avion: 1      Iteracion: 14

Num Ruta: 15
Ingresos: 99600.0
Costos: 440.640747472
Utilidad Ruta: 99159.3592525
Costo Reducido: 313.251694739
Nodos: [101, 17, 57, 12, 52, 10, 50, 1, 41, 23, 18, 63, 58, 21, 38, 78, 61, 33, 27, 67, 73, 811]
q: [0.0, 5.0, -5.0, 14.0, -14.0, 12.0, -12.0, 7.0, -7.0, 4.0, 11.0, -4.0, -11.0, 7.0, 8.0, -8.0, -7.0, 10.0, 5.0, -5.0, -10.0, 0.0]
Q: [0.0, 5.0, 0.0, 14.0, 0.0, 12.0, 0.0, 7.0, 0.0, 4.0, 15.0, 11.0, 0.0, 7.0, 15.0, 7.0, 0.0, 10.0, 15.0, 10.0, 0.0, 0.0]
B: [0.0, 36.0038629316, 70.8464167129, 90.5551104545, 133.9030347185, 142.62080507565, 172.14031581005, 210.55965698085, 244.79974250935, 267.0, 293.0, 318.4393114097, 328.36484298237, 477.0, 483.82291294097, 516.69179958167, 523.76172815274, 562.0, 578.4525909206, 595.4834532886999, 616.0502455763, 621.96922183913]
