Avion: 3      Iteracion: 76

Num Ruta: 63
Ingresos: 70800.0
Costos: 249.003514387
Utilidad Ruta: 70550.9964856
Costo Reducido: 1.08958823301
Nodos: [103, 40, 80, 22, 62, 25, 65, 20, 7, 47, 60, 2, 42, 813]
q: [0.0, 15.0, -15.0, 10.0, -10.0, 10.0, -10.0, 10.0, 5.0, -5.0, -10.0, 9.0, -9.0, 0.0]
Q: [0.0, 15.0, 0.0, 10.0, 0.0, 10.0, 0.0, 10.0, 15.0, 10.0, 0.0, 9.0, 0.0, 0.0]
B: [0.0, 62.0, 94.5694417821, 299.0, 320.7546861389, 410.0, 427.1849823101, 496.0, 517.0, 545.5413118129, 558.5049963585999, 565.8352936240599, 606.5702556714599, 620.9280244396599]
