Avion: 7      Iteracion: 48

Num Ruta: 46
Ingresos: 48000.0
Costos: 138.658154532
Utilidad Ruta: 47861.3418455
Costo Reducido: 1.88686864166
Nodos: [107, 14, 54, 8, 48, 13, 53, 29, 69, 817]
q: [0, 8.0, -8.0, 8.0, -8.0, 15.0, -15.0, 9.0, -9.0, 0]
Q: [0, 8.0, 0.0, 8.0, 0.0, 15.0, 0.0, 9.0, 0.0, 0]
B: [0.0, 112.0, 124.021711775, 414.0, 434.768396616, 436.97907275691, 453.86222370691, 549.0, 582.7797797802, 604.3533147247]
