Avion: 7      Iteracion: 36

Num Ruta: 36
Ingresos: 52800.0
Costos: 158.621996905
Utilidad Ruta: 52641.3780031
Costo Reducido: 15.3227756356
Nodos: [107, 14, 54, 8, 48, 13, 53, 21, 61, 817]
q: [0, 8.0, -8.0, 8.0, -8.0, 15.0, -15.0, 13.0, -13.0, 0]
Q: [0, 8.0, 0.0, 8.0, 0.0, 15.0, 0.0, 13.0, 0.0, 0]
B: [0.0, 112.0, 124.021711775, 414.0, 434.768396616, 436.97907275691, 453.86222370691, 477.0, 517.7387906792, 545.1458557901999]
