Avion: 2      Iteracion: 40

Num Ruta: 40
Ingresos: 76800.0
Costos: 267.750214771
Utilidad Ruta: 76532.2497852
Costo Reducido: 8.82773933141
Nodos: [102, 30, 16, 56, 70, 40, 80, 8, 19, 48, 59, 4, 38, 78, 27, 67, 44, 812]
q: [0.0, 11.0, 4.0, -4.0, -11.0, 15.0, -15.0, 8.0, 7.0, -8.0, -7.0, 5.0, 8.0, -8.0, 6.0, -6.0, -5.0, 0.0]
Q: [0.0, 11.0, 15.0, 11.0, 0.0, 15.0, 0.0, 8.0, 15.0, 7.0, 0.0, 5.0, 13.0, 5.0, 11.0, 5.0, 0.0, 0.0]
B: [0.0, 64.0, 72.20259129788, 81.82668273552001, 84.69783929691, 115.50769336991, 148.07713515201, 414.0, 437.1608815463, 466.0513395558, 468.97945874735996, 529.0, 537.33390040737, 570.20278704807, 581.7385143766701, 598.76937674477, 604.18463527969, 622.7345351715901]
