Avion: 6      Iteracion: 80

Num Ruta: 64
Ingresos: 121200.0
Costos: 405.643948233
Utilidad Ruta: 120794.356052
Costo Reducido: 2.88211459095
Nodos: [106, 16, 56, 40, 80, 14, 54, 18, 36, 76, 34, 58, 74, 39, 28, 79, 68, 25, 65, 21, 38, 78, 61, 816]
q: [0.0, 11.0, -11.0, 15.0, -15.0, 8.0, -8.0, 3.0, 12.0, -12.0, 12.0, -3.0, -12.0, 8.0, 7.0, -8.0, -7.0, 10.0, -10.0, 13.0, 2.0, -2.0, -13.0, 0.0]
Q: [0.0, 11.0, 0.0, 15.0, 0.0, 8.0, 0.0, 3.0, 15.0, 3.0, 15.0, 12.0, 0.0, 8.0, 15.0, 7.0, 0.0, 10.0, 0.0, 13.0, 15.0, 13.0, 0.0, 0.0]
B: [0.0, 36.0, 45.624091437640004, 77.27284989674001, 109.84229167884001, 138.42069361104, 150.44240538604, 293.0, 306.9670306436, 313.91517471234005, 327.63492270564007, 355.86696018084007, 371.0195898206401, 388.0, 399.3210123222, 412.3114993416, 448.3244104708, 451.65778908716, 468.84277139726, 477.01148488226, 483.83439782323, 516.70328446393, 523.773213035, 557.7037448021]
