Avion: 4      Iteracion: 0

Num Ruta: 2
Ingresos: 159600.0
Costos: 549.531713572
Utilidad Ruta: 159050.468286
Costo Reducido: -
Nodos: [104, 17, 57, 9, 49, 10, 50, 11, 51, 36, 76, 3, 43, 22, 62, 19, 8, 59, 48, 13, 53, 5, 45, 38, 21, 78, 61, 814]
q: [0.0, 5.0, -5.0, 11.0, -11.0, 12.0, -12.0, 8.0, -8.0, 15.0, -15.0, 15.0, -15.0, 10.0, -10.0, 7.0, 8.0, -7.0, -8.0, 15.0, -15.0, 12.0, -12.0, 2.0, 13.0, -2.0, -13.0, 0.0]
Q: [0.0, 5.0, 0.0, 11.0, 0.0, 12.0, 0.0, 8.0, 0.0, 15.0, 0.0, 15.0, 0.0, 10.0, 0.0, 7.0, 15.0, 8.0, 0.0, 15.0, 0.0, 12.0, 0.0, 2.0, 15.0, 13.0, 0.0, 0.0]
B: [0.0, 24.0, 58.8425537813, 81.72911018459999, 111.25634718709999, 139.7984606337, 169.3179713681, 221.95618795069998, 226.01025479771, 251.0, 257.94814406874, 294.92818141324, 300.01246317176, 328.14017932506, 349.89486546396, 402.0, 425.1608815463, 443.1178409771, 446.04596016866, 448.25663630956996, 465.13978725956997, 492.40407036037, 493.52575926555, 515.1074519702499, 521.93036491122, 560.44210338142, 567.51203195249, 613.29050647929]
