Avion: 1      Iteracion: 40

Num Ruta: 39
Ingresos: 110400.0
Costos: 371.4470498
Utilidad Ruta: 110028.55295
Costo Reducido: 4.51969205841
Nodos: [101, 12, 52, 36, 76, 34, 74, 28, 68, 25, 65, 20, 5, 45, 60, 2, 42, 29, 69, 811]
q: [0.0, 14.0, -14.0, 15.0, -15.0, 12.0, -12.0, 8.0, -8.0, 10.0, -10.0, 10.0, 5.0, -5.0, -10.0, 9.0, -9.0, 9.0, -9.0, 0.0]
Q: [0.0, 14.0, 0.0, 15.0, 0.0, 12.0, 0.0, 8.0, 0.0, 10.0, 0.0, 10.0, 15.0, 10.0, 0.0, 9.0, 0.0, 9.0, 0.0, 0.0]
B: [0.0, 54.0, 97.347924264, 251.0, 257.94814406874, 283.0, 323.947598037, 378.0, 414.0266187839, 417.35999740026, 434.54497971036, 496.0, 519.9123369832, 521.03402588838, 540.17366112528, 547.50395839074, 588.23892043814, 598.04366097525, 631.82344075545, 647.84161558905]
