Avion: 4      Iteracion: 22

Num Ruta: 23
Ingresos: 158400.0
Costos: 478.007627751
Utilidad Ruta: 157921.992372
Costo Reducido: 95.7922865332
Nodos: [104, 9, 40, 49, 30, 70, 80, 14, 54, 3, 43, 23, 18, 58, 63, 28, 68, 25, 19, 65, 59, 13, 53, 20, 38, 78, 27, 60, 2, 67, 42, 814]
q: [0.0, 11.0, 4.0, -11.0, 11.0, -11.0, -4.0, 8.0, -8.0, 15.0, -15.0, 10.0, 5.0, -5.0, -10.0, 8.0, -8.0, 10.0, 5.0, -10.0, -5.0, 15.0, -15.0, 9.0, 6.0, -6.0, 6.0, -9.0, 9.0, -6.0, -9.0, 0.0]
Q: [0.0, 11.0, 15.0, 4.0, 15.0, 4.0, 0.0, 8.0, 0.0, 15.0, 0.0, 10.0, 15.0, 10.0, 0.0, 8.0, 0.0, 10.0, 15.0, 5.0, 0.0, 15.0, 0.0, 9.0, 15.0, 9.0, 15.0, 6.0, 15.0, 9.0, 0.0, 0.0]
B: [0.0, 49.232321223, 62.0, 90.9587949508, 106.7466952862, 125.46071794299999, 127.50601743207, 156.08441936427, 168.10613113927, 256.0, 261.08428175852, 267.0, 293.0, 316.8182362487, 326.74376782137, 378.0, 414.0266187839, 417.35999740026, 426.75200464046, 443.42489632125995, 460.21175275715996, 464.43937206358, 481.32252301358, 496.0, 498.08106943661, 530.9499560773099, 542.48568340591, 568.78644675981, 576.11674402527, 587.56881711267, 616.9093474589699, 625.7069881086]
