Avion: 5      Iteracion: 35

Num Ruta: 35
Ingresos: 12000.0
Costos: 44.100942226
Utilidad Ruta: 11955.8990578
Costo Reducido: 2.15507521719
Nodos: [105, 33, 73, 815]
q: [0, 10.0, -10.0, 0]
Q: [0, 10.0, 0.0, 0]
B: [0.0, 562.0, 585.3035112376, 603.0256129753]
