Avion: 4      Iteracion: 6

Num Ruta: 8
Ingresos: 46800.0
Costos: 229.226777499
Utilidad Ruta: 46570.7732225
Costo Reducido: 24003.7581314
Nodos: [104, 34, 74, 5, 45, 38, 21, 78, 61, 814]
q: [0.0, 12.0, -12.0, 12.0, -12.0, 2.0, 13.0, -2.0, -13.0, 0.0]
Q: [0.0, 12.0, 0.0, 12.0, 0.0, 2.0, 15.0, 13.0, 0.0, 0.0]
B: [0.0, 283.0, 323.947598037, 469.0, 470.12168890518, 491.70338160988, 498.52629455085, 537.0380330210501, 544.1079615921201, 589.8864361189201]
