Avion: 6      Iteracion: 7

Num Ruta: 10
Ingresos: 121200.0
Costos: 532.952357743
Utilidad Ruta: 120667.047642
Costo Reducido: 262454.405191
Nodos: [106, 40, 80, 30, 70, 11, 51, 1, 41, 36, 76, 34, 74, 22, 62, 38, 78, 29, 69, 27, 67, 816]
q: [0, 15.0, -15.0, 11.0, -11.0, 8.0, -8.0, 7.0, -7.0, 15.0, -15.0, 12.0, -12.0, 10.0, -10.0, 8.0, -8.0, 9.0, -9.0, 6.0, -6.0, 0]
Q: [0, 15.0, 0.0, 11.0, 0.0, 8.0, 0.0, 7.0, 0.0, 15.0, 0.0, 12.0, 0.0, 10.0, 0.0, 8.0, 0.0, 9.0, 0.0, 6.0, 0.0, 0]
B: [0.0, 62.0, 94.5694417821, 113.51249206450001, 132.22651472130002, 169.0, 173.05406684701, 195.72351838431, 229.96360391281002, 263.91150754471, 270.85965161345, 284.57939960675003, 325.52699764375, 355.27829706075, 377.03298319965, 480.0, 512.8688866407, 549.0, 582.7797797802, 590.99620777538, 608.0270701434799, 639.0957283700799]
