Avion: 5      Iteracion: 72

Num Ruta: 59
Ingresos: 154800.0
Costos: 427.506639908
Utilidad Ruta: 154372.49336
Costo Reducido: 10.9380263982
Nodos: [105, 17, 30, 57, 16, 56, 70, 24, 64, 36, 76, 34, 74, 39, 28, 79, 13, 53, 68, 25, 65, 21, 45, 5, 61, 33, 73, 815]
q: [0.0, 5.0, 10.0, -5.0, 5.0, -5.0, -10.0, 14.0, -14.0, 15.0, -15.0, 12.0, -12.0, 8.0, 7.0, -8.0, 8.0, -8.0, -7.0, 10.0, -10.0, 13.0, -12.0, 12.0, -13.0, 10.0, -10.0, 0.0]
Q: [0.0, 5.0, 15.0, 10.0, 15.0, 10.0, 0.0, 14.0, 0.0, 15.0, 0.0, 12.0, 0.0, 8.0, 15.0, 7.0, 15.0, 7.0, 0.0, 10.0, 0.0, 13.0, 1.0, 13.0, 0.0, 10.0, 0.0, 0.0]
B: [0.0, 24.8000597782, 64.0, 67.14445448369, 72.47609381883, 82.10018525647, 84.97134181786, 109.70531270816, 148.21826301066, 251.0, 257.94814406874, 283.0, 323.947598037, 388.0, 399.3210123222, 412.3114993416, 423.0, 439.88315095, 462.92158097460003, 466.25495959096, 483.43994190106, 491.60865538606004, 519.84824576906, 520.96993467424, 542.5925954957399, 562.0, 585.3035112376, 603.0256129753]
