Avion: 4      Iteracion: 1

Num Ruta: 5
Ingresos: 153600.0
Costos: 589.083229295
Utilidad Ruta: 153010.916771
Costo Reducido: 234393.376894
Nodos: [104, 16, 56, 9, 49, 30, 70, 14, 54, 11, 51, 3, 43, 18, 58, 26, 66, 19, 59, 6, 46, 21, 61, 4, 7, 44, 47, 814]
q: [0, 11.0, -11.0, 11.0, -11.0, 11.0, -11.0, 8.0, -8.0, 8.0, -8.0, 15.0, -15.0, 11.0, -11.0, 13.0, -13.0, 7.0, -7.0, 5.0, -5.0, 13.0, -13.0, 5.0, 10.0, -5.0, -10.0, 0]
Q: [0, 11.0, 0.0, 11.0, 0.0, 11.0, 0.0, 8.0, 0.0, 8.0, 0.0, 15.0, 0.0, 11.0, 0.0, 13.0, 0.0, 7.0, 0.0, 5.0, 0.0, 13.0, 0.0, 5.0, 15.0, 10.0, 0.0, 0]
B: [0.0, 36.0, 45.624091437640004, 75.68094759394, 105.20818459644, 120.99608493184, 139.71010758864, 167.50604824554, 179.52776002054, 208.97618912974, 213.03025597675, 256.0, 261.08428175852, 293.0, 316.8182362487, 345.81975307109997, 363.39898104049996, 402.0, 428.6271162915, 440.41813528899996, 444.11042468718995, 480.79167358908995, 521.53046426829, 550.70026167929, 561.06363497179, 590.7613014794899, 591.9216755570999, 629.3235912967999]
