Avion: 5      Iteracion: 51

Num Ruta: 48
Ingresos: 126000.0
Costos: 394.951273609
Utilidad Ruta: 125605.048726
Costo Reducido: 11.1666688925
Nodos: [105, 17, 30, 57, 16, 56, 70, 24, 64, 1, 41, 23, 18, 58, 63, 28, 68, 15, 55, 7, 4, 44, 47, 37, 77, 815]
q: [0.0, 5.0, 10.0, -5.0, 5.0, -5.0, -10.0, 14.0, -14.0, 7.0, -7.0, 10.0, 5.0, -5.0, -10.0, 8.0, -8.0, 11.0, -11.0, 10.0, 5.0, -5.0, -10.0, 15.0, -15.0, 0.0]
Q: [0.0, 5.0, 15.0, 10.0, 15.0, 10.0, 0.0, 14.0, 0.0, 7.0, 0.0, 10.0, 15.0, 10.0, 0.0, 8.0, 0.0, 11.0, 0.0, 10.0, 15.0, 10.0, 0.0, 15.0, 0.0, 0.0]
B: [0.0, 24.8000597782, 64.0, 67.14445448369, 72.47609381883, 82.10018525647, 84.97134181786, 109.70531270816, 148.21826301066, 175.0, 209.2400855285, 267.0, 293.0, 316.8182362487, 326.74376782137, 378.0, 414.0266187839, 511.0, 527.4211666151, 538.3259061809999, 548.6892794734999, 569.1150291536999, 570.2754032313098, 577.4482147442399, 598.2428682157399, 619.87031309484]
