Avion: 7      Iteracion: 10

Num Ruta: 14
Ingresos: 172800.0
Costos: 616.797993534
Utilidad Ruta: 172183.202006
Costo Reducido: 248041.755235
Nodos: [107, 17, 57, 40, 80, 14, 54, 1, 41, 3, 43, 23, 63, 26, 66, 22, 62, 19, 8, 59, 48, 13, 53, 20, 38, 60, 78, 27, 67, 33, 73, 817]
q: [0.0, 5.0, -5.0, 15.0, -15.0, 8.0, -8.0, 7.0, -7.0, 15.0, -15.0, 10.0, -10.0, 13.0, -13.0, 10.0, -10.0, 7.0, 8.0, -7.0, -8.0, 15.0, -15.0, 10.0, 5.0, -10.0, -5.0, 6.0, -6.0, 10.0, -10.0, 0.0]
Q: [0.0, 5.0, 0.0, 15.0, 0.0, 8.0, 0.0, 7.0, 0.0, 15.0, 0.0, 10.0, 0.0, 13.0, 0.0, 10.0, 0.0, 7.0, 15.0, 8.0, 0.0, 15.0, 0.0, 10.0, 15.0, 5.0, 0.0, 6.0, 0.0, 10.0, 0.0, 0.0]
B: [0.0, 33.8861846923, 68.7287384736, 92.4277092951, 124.9971510772, 153.5755530094, 165.5972647844, 201.2789940026, 235.5190795311, 256.0, 261.08428175852, 267.0, 306.733842905, 326.4202156791, 343.9994436485, 357.6336242986, 379.3883104375, 402.0, 425.1608815463, 443.1178409771, 446.04596016866, 448.25663630956996, 465.13978725956997, 496.0, 498.08106943661, 538.20307667701, 565.58008440251, 577.11581173111, 594.14667409921, 607.99384409891, 631.29735533651, 654.3438440278101]
