Avion: 1      Iteracion: 38

Num Ruta: 37
Ingresos: 70800.0
Costos: 184.72730481
Utilidad Ruta: 70615.2726952
Costo Reducido: 25.8386230061
Nodos: [101, 18, 58, 22, 62, 19, 25, 65, 8, 59, 48, 13, 53, 811]
q: [0.0, 11.0, -11.0, 10.0, -10.0, 7.0, 8.0, -8.0, 8.0, -7.0, -8.0, 15.0, -15.0, 0.0]
Q: [0.0, 11.0, 0.0, 10.0, 0.0, 7.0, 15.0, 7.0, 15.0, 8.0, 0.0, 15.0, 0.0, 0.0]
B: [0.0, 293.0, 316.8182362487, 332.3010836612, 354.0557698001, 402.0, 411.3920072402, 428.57698955029997, 454.39758940779996, 472.35454883859995, 475.2826680301599, 477.4933441710699, 494.3764951210699, 506.2110364725699]
