Avion: 4      Iteracion: 59

Num Ruta: 46
Ingresos: 54000.0
Costos: 184.115646002
Utilidad Ruta: 53815.884354
Costo Reducido: 16.8071817324
Nodos: [104, 17, 10, 57, 30, 70, 50, 35, 26, 75, 66, 22, 62, 814]
q: [0.0, 5.0, 10.0, -5.0, 5.0, -5.0, -10.0, 6.0, 9.0, -6.0, -9.0, 10.0, -10.0, 0.0]
Q: [0.0, 5.0, 15.0, 10.0, 15.0, 10.0, 0.0, 6.0, 15.0, 9.0, 0.0, 10.0, 0.0, 0.0]
B: [0.0, 24.0, 96.0, 113.2607991993, 116.40525368299, 135.11927633979, 154.02007423299, 279.0, 300.0, 309.29300538039, 319.11482114938, 332.74900179948, 354.50368793838004, 379.12054974078006]
