Avion: 2      Iteracion: 43

Num Ruta: 43
Ingresos: 92400.0
Costos: 251.50189207
Utilidad Ruta: 92148.4981079
Costo Reducido: 16.6157048925
Nodos: [102, 30, 16, 56, 70, 24, 64, 11, 51, 36, 76, 34, 74, 39, 6, 46, 79, 812]
q: [0.0, 11.0, 4.0, -4.0, -11.0, 14.0, -14.0, 8.0, -8.0, 15.0, -15.0, 12.0, -12.0, 8.0, 5.0, -5.0, -8.0, 0.0]
Q: [0.0, 11.0, 15.0, 11.0, 0.0, 14.0, 0.0, 8.0, 0.0, 15.0, 0.0, 12.0, 0.0, 8.0, 13.0, 8.0, 0.0, 0.0]
B: [0.0, 64.0, 72.20259129788, 81.82668273552001, 84.69783929691, 109.43181018721, 147.94476048971, 169.0, 173.05406684701, 251.0, 257.94814406874, 283.0, 323.947598037, 388.0, 436.0, 439.69228939819, 449.87740525418997, 467.38286694478995]
