Avion: 5      Iteracion: 13

Num Ruta: 15
Ingresos: 106800.0
Costos: 451.101232731
Utilidad Ruta: 106348.898767
Costo Reducido: 1375.76779382
Nodos: [105, 9, 49, 12, 52, 3, 43, 34, 74, 32, 72, 15, 55, 7, 47, 33, 73, 815]
q: [0, 11.0, -11.0, 14.0, -14.0, 15.0, -15.0, 12.0, -12.0, 6.0, -6.0, 11.0, -11.0, 10.0, -10.0, 10.0, -10.0, 0]
Q: [0, 11.0, 0.0, 14.0, 0.0, 15.0, 0.0, 12.0, 0.0, 6.0, 0.0, 11.0, 0.0, 10.0, 0.0, 10.0, 0.0, 0]
B: [0.0, 40.8000150123, 70.3272520148, 81.1142887719, 124.46221303589999, 256.0, 261.08428175852, 302.35708151811997, 343.30467955511995, 422.0, 449.8573558149, 511.0, 527.4211666151, 538.3259061809999, 566.8672179938999, 576.3272442095099, 599.6307554471099, 617.3528571848099]
