Avion: 3      Iteracion: 7

Num Ruta: 9
Ingresos: 90000.0
Costos: 334.504875231
Utilidad Ruta: 89665.4951248
Costo Reducido: 197949.64541
Nodos: [103, 9, 49, 30, 16, 56, 70, 18, 58, 22, 62, 8, 48, 25, 65, 38, 78, 27, 67, 813]
q: [0.0, 11.0, -11.0, 11.0, 0.0, 0.0, -11.0, 11.0, -11.0, 10.0, -10.0, 8.0, -8.0, 10.0, -10.0, 8.0, -8.0, 6.0, -6.0, 0.0]
Q: [0.0, 11.0, 0.0, 11.0, 11.0, 11.0, 0.0, 11.0, 0.0, 10.0, 0.0, 8.0, 0.0, 10.0, 0.0, 8.0, 0.0, 6.0, 0.0, 0.0]
B: [0.0, 28.0, 57.5272370025, 73.3151373379, 81.51772863578, 91.14182007342, 94.01297663481, 293.0, 316.8182362487, 332.3010836612, 354.0557698001, 414.0, 434.768396616, 468.12895782230004, 485.31394013240003, 489.63560289111, 522.50448953181, 538.0, 555.0308623681, 577.4287761326]
