Avion: 2      Iteracion: 2

Num Ruta: 5
Ingresos: 169200.0
Costos: 631.97301945
Utilidad Ruta: 168568.026981
Costo Reducido: 159701.126995
Nodos: [102, 17, 57, 40, 80, 10, 50, 1, 41, 36, 76, 3, 43, 23, 63, 25, 6, 46, 65, 15, 55, 4, 33, 73, 27, 44, 67, 37, 77, 812]
q: [0, 5.0, -5.0, 15.0, -15.0, 12.0, -12.0, 7.0, -7.0, 15.0, -15.0, 15.0, -15.0, 10.0, -10.0, 10.0, 5.0, -5.0, -10.0, 11.0, -11.0, 5.0, 10.0, -10.0, 6.0, -5.0, -6.0, 15.0, -15.0, 0]
Q: [0, 5.0, 0.0, 15.0, 0.0, 12.0, 0.0, 7.0, 0.0, 15.0, 0.0, 15.0, 0.0, 10.0, 0.0, 10.0, 15.0, 10.0, 0.0, 11.0, 0.0, 5.0, 15.0, 5.0, 11.0, 6.0, 0.0, 15.0, 0.0, 0]
B: [0.0, 25.145167826, 59.9877216073, 83.6866924288, 116.2561342109, 133.4368282888, 162.9563390232, 201.375680194, 235.61576572250002, 269.5636693544, 276.51181342314004, 313.49185076764, 318.57613252616, 321.93861984956, 361.67246275456, 410.0, 452.0477350757, 455.74002447389, 484.45416985559, 511.0, 527.4211666151, 532.99584588839, 562.0, 585.3035112376, 592.52226459258, 608.87307717178, 614.2883357067, 621.12430132979, 641.91895480129, 660.6181896519901]
