Avion: 6      Iteracion: 84

Num Ruta: 65
Ingresos: 74400.0
Costos: 235.224199485
Utilidad Ruta: 74164.7758005
Costo Reducido: 5.57950699393
Nodos: [106, 16, 56, 9, 49, 25, 65, 20, 7, 47, 2, 60, 33, 73, 42, 816]
q: [0.0, 11.0, -11.0, 11.0, -11.0, 10.0, -10.0, 6.0, 9.0, -9.0, 9.0, -6.0, 6.0, -6.0, -9.0, 0.0]
Q: [0.0, 11.0, 0.0, 11.0, 0.0, 10.0, 0.0, 6.0, 15.0, 6.0, 15.0, 9.0, 15.0, 9.0, 0.0, 0.0]
B: [0.0, 36.0, 45.624091437640004, 75.68094759394, 105.20818459644, 410.0, 427.1849823101, 496.0, 517.0, 545.5413118129, 555.6714802715, 563.0017775369599, 573.8235768790599, 597.1270881166599, 615.6458721480599, 625.3659724047399]
