Avion: 1      Iteracion: 25

Num Ruta: 25
Ingresos: 56400.0
Costos: 212.320684948
Utilidad Ruta: 56187.6793151
Costo Reducido: 91.420331979
Nodos: [101, 18, 58, 39, 79, 6, 46, 8, 48, 38, 7, 47, 78, 811]
q: [0.0, 11.0, -11.0, 8.0, -8.0, 5.0, -5.0, 8.0, -8.0, 8.0, 7.0, -7.0, -8.0, 0.0]
Q: [0.0, 11.0, 0.0, 8.0, 0.0, 5.0, 0.0, 8.0, 0.0, 8.0, 15.0, 8.0, 0.0, 0.0]
B: [0.0, 293.0, 316.8182362487, 388.0, 410.632187455, 436.0, 439.69228939819, 470.96534786709, 491.73374448309, 510.03432114069, 518.81052316662, 547.3518349795199, 569.1561283411199, 583.4455518774199]
