Avion: 7      Iteracion: 26

Num Ruta: 29
Ingresos: 73200.0
Costos: 302.987077809
Utilidad Ruta: 72897.0129222
Costo Reducido: 66.3966016288
Nodos: [107, 1, 41, 23, 63, 28, 68, 19, 8, 59, 48, 38, 21, 78, 61, 27, 67, 817]
q: [0.0, 7.0, -7.0, 10.0, -10.0, 8.0, -8.0, 7.0, 8.0, -7.0, -8.0, 2.0, 13.0, -2.0, -13.0, 6.0, -6.0, 0.0]
Q: [0.0, 7.0, 0.0, 10.0, 0.0, 8.0, 0.0, 7.0, 15.0, 8.0, 0.0, 2.0, 15.0, 13.0, 0.0, 6.0, 0.0, 0.0]
B: [0.0, 175.0, 209.2400855285, 267.0, 306.733842905, 378.0, 414.0266187839, 426.5624120576, 449.7232936039, 467.6802530347, 470.60837222626, 488.90894888386, 495.73186182483, 534.24360029503, 541.3135288661, 554.4909770637, 571.5218394318, 578.22653420487]
