Avion: 2      Iteracion: 34

Num Ruta: 35
Ingresos: 66000.0
Costos: 148.570913366
Utilidad Ruta: 65851.4290866
Costo Reducido: 22.498580147
Nodos: [102, 31, 11, 51, 71, 36, 76, 15, 55, 20, 7, 4, 47, 60, 44, 812]
q: [0.0, 6.0, 8.0, -8.0, -6.0, 15.0, -15.0, 11.0, -11.0, 5.0, 10.0, 0.0, -10.0, -5.0, 0.0, 0.0]
Q: [0.0, 6.0, 14.0, 6.0, 0.0, 15.0, 0.0, 11.0, 0.0, 5.0, 15.0, 15.0, 5.0, 0.0, 0.0, 0.0]
B: [0.0, 130.0, 169.0, 173.05406684701, 176.74844541451, 251.0, 257.94814406874, 511.0, 527.4211666151, 533.55501866744, 542.2979730879999, 552.6613463804999, 571.9337073672, 584.8973919128999, 596.7586151634999, 615.3085150554]
