Avion: 2      Iteracion: 8

Num Ruta: 11
Ingresos: 154800.0
Costos: 632.900269243
Utilidad Ruta: 154167.099731
Costo Reducido: 281023.165007
Nodos: [102, 9, 49, 40, 80, 10, 50, 1, 41, 35, 18, 75, 58, 19, 8, 59, 48, 13, 53, 6, 46, 2, 42, 7, 47, 37, 77, 812]
q: [0.0, 11.0, -11.0, 15.0, -15.0, 12.0, -12.0, 7.0, -7.0, 6.0, 9.0, -6.0, -9.0, 7.0, 8.0, -7.0, -8.0, 15.0, -15.0, 5.0, -5.0, 9.0, -9.0, 10.0, -10.0, 15.0, -15.0, 0.0]
Q: [0.0, 11.0, 0.0, 15.0, 0.0, 12.0, 0.0, 7.0, 0.0, 6.0, 15.0, 9.0, 0.0, 7.0, 15.0, 8.0, 0.0, 15.0, 0.0, 5.0, 0.0, 9.0, 0.0, 10.0, 0.0, 15.0, 0.0, 0.0]
B: [0.0, 33.6128854013, 63.1401224038, 92.0989173546, 124.6683591367, 141.84905321460002, 171.36856394900002, 209.78790511980003, 244.02799064830003, 279.68297248810006, 320.47767726700005, 343.3685306587, 364.0877673483, 402.0, 425.1608815463, 443.1178409771, 446.04596016866, 448.25663630956996, 465.13978725956997, 489.36273588277, 493.05502528095997, 522.0, 562.7349620474, 574.2416881674001, 602.7829999803, 609.95581149323, 630.7504649647301, 649.4496998154301]
