Avion: 5      Iteracion: 16

Num Ruta: 18
Ingresos: 74400.0
Costos: 275.936034513
Utilidad Ruta: 74124.0639655
Costo Reducido: 160.851570705
Nodos: [105, 16, 56, 24, 64, 10, 50, 35, 75, 2, 42, 7, 47, 815]
q: [0, 11.0, -11.0, 14.0, -14.0, 12.0, -12.0, 6.0, -6.0, 9.0, -9.0, 10.0, -10.0, 0]
Q: [0, 11.0, 0.0, 14.0, 0.0, 12.0, 0.0, 6.0, 0.0, 9.0, 0.0, 10.0, 0.0, 0]
B: [0.0, 36.0, 45.624091437640004, 70.85029051714, 109.36324081964, 121.14917149994, 150.66868223434, 279.0, 298.9128833924, 522.0, 562.7349620474, 574.2416881674001, 602.7829999803, 622.6509792938]
