Avion: 2      Iteracion: 27

Num Ruta: 28
Ingresos: 110400.0
Costos: 321.461424727
Utilidad Ruta: 110078.538575
Costo Reducido: 49.9949415444
Nodos: [102, 30, 70, 16, 56, 3, 43, 23, 18, 63, 58, 21, 38, 78, 61, 4, 7, 47, 44, 33, 73, 812]
q: [0.0, 11.0, -11.0, 11.0, -11.0, 15.0, -15.0, 10.0, 5.0, -10.0, -5.0, 7.0, 8.0, -8.0, -7.0, 5.0, 10.0, -10.0, -5.0, 10.0, -10.0, 0.0]
Q: [0.0, 11.0, 0.0, 11.0, 0.0, 15.0, 0.0, 10.0, 15.0, 5.0, 0.0, 7.0, 15.0, 7.0, 0.0, 5.0, 15.0, 5.0, 0.0, 10.0, 0.0, 0.0]
B: [0.0, 64.0, 82.7140226568, 93.53069441849999, 103.15478585614, 256.0, 261.08428175852, 267.0, 293.0, 318.4393114097, 328.36484298237, 477.0, 483.82291294097, 516.69179958167, 523.76172815274, 552.93152556374, 563.29489885624, 591.83621066914, 592.9965847467499, 601.5680501990499, 624.8715614366499, 644.1177685954499]
