Avion: 3      Iteracion: 56

Num Ruta: 52
Ingresos: 74400.0
Costos: 273.382494986
Utilidad Ruta: 74126.617505
Costo Reducido: 0.0438797931565
Nodos: [103, 40, 80, 1, 41, 23, 18, 58, 63, 22, 62, 7, 4, 44, 47, 813]
q: [0.0, 15.0, -15.0, 7.0, -7.0, 10.0, 5.0, -5.0, -10.0, 10.0, -10.0, 10.0, 5.0, -5.0, -10.0, 0.0]
Q: [0.0, 15.0, 0.0, 7.0, 0.0, 10.0, 15.0, 10.0, 0.0, 10.0, 0.0, 10.0, 15.0, 10.0, 0.0, 0.0]
B: [0.0, 62.0, 94.5694417821, 175.0, 209.2400855285, 267.0, 293.0, 316.8182362487, 326.74376782137, 342.50019181287, 364.25487795177, 517.0, 529.0, 549.4257496801999, 550.5861237578099, 576.9956402623098]
