Avion: 3      Iteracion: 17

Num Ruta: 19
Ingresos: 171600.0
Costos: 513.131932279
Utilidad Ruta: 171086.868068
Costo Reducido: 166.664126465
Nodos: [103, 9, 49, 12, 24, 64, 52, 10, 50, 3, 43, 18, 36, 76, 34, 58, 74, 39, 28, 79, 13, 53, 68, 15, 55, 20, 7, 47, 60, 37, 77, 813]
q: [0.0, 11.0, -11.0, 14.0, 1.0, -1.0, -14.0, 12.0, -12.0, 15.0, -15.0, 3.0, 12.0, -12.0, 12.0, -3.0, -12.0, 7.0, 8.0, -7.0, 7.0, -7.0, -8.0, 11.0, -11.0, 10.0, 5.0, -5.0, -10.0, 15.0, -15.0, 0.0]
Q: [0.0, 11.0, 0.0, 14.0, 15.0, 14.0, 0.0, 12.0, 0.0, 15.0, 0.0, 3.0, 15.0, 3.0, 15.0, 12.0, 0.0, 7.0, 15.0, 8.0, 15.0, 8.0, 0.0, 11.0, 0.0, 10.0, 15.0, 10.0, 0.0, 15.0, 0.0, 0.0]
B: [0.0, 28.0, 57.5272370025, 68.3142737596, 85.16210118629999, 123.6750514888, 139.60728905919999, 148.32505941634997, 177.84457015074997, 256.0, 261.08428175852, 293.0, 306.9670306436, 313.91517471234005, 327.63492270564007, 355.86696018084007, 371.0195898206401, 388.0, 399.3210123222, 412.3114993416, 423.0, 439.88315095, 462.92158097460003, 511.0, 527.4211666151, 533.55501866744, 542.2979730879999, 570.8392849008999, 583.8029694465998, 595.3804874016998, 616.1751408731998, 637.1769363202998]
