Avion: 5      Iteracion: 15

Num Ruta: 17
Ingresos: 91200.0
Costos: 296.961636081
Utilidad Ruta: 90903.0383639
Costo Reducido: 265.241737913
Nodos: [105, 1, 11, 51, 41, 23, 63, 22, 62, 15, 55, 7, 4, 47, 44, 37, 77, 815]
q: [0, 7.0, 8.0, -8.0, -7.0, 10.0, -10.0, 10.0, -10.0, 11.0, -11.0, 10.0, 5.0, -10.0, -5.0, 15.0, -15.0, 0]
Q: [0, 7.0, 15.0, 7.0, 0.0, 10.0, 0.0, 10.0, 0.0, 11.0, 0.0, 10.0, 15.0, 5.0, 0.0, 15.0, 0.0, 0]
B: [0.0, 175.0, 193.6808285951, 197.73489544211, 232.05062478011, 267.0, 306.733842905, 322.49026689650003, 344.24495303540004, 511.0, 527.4211666151, 538.3259061809999, 548.6892794734999, 567.9616404602, 569.12201453781, 576.1863866259699, 596.98104009747, 618.60848497657]
