Avion: 7      Iteracion: 0

Num Ruta: 2
Ingresos: 171600.0
Costos: 606.515614905
Utilidad Ruta: 170993.484385
Costo Reducido: -
Nodos: [107, 16, 56, 40, 80, 10, 50, 11, 51, 35, 75, 34, 74, 39, 79, 13, 53, 25, 65, 5, 45, 21, 61, 27, 67, 37, 77, 817]
q: [0, 11.0, -11.0, 15.0, -15.0, 12.0, -12.0, 8.0, -8.0, 6.0, -6.0, 12.0, -12.0, 8.0, -8.0, 15.0, -15.0, 10.0, -10.0, 12.0, -12.0, 13.0, -13.0, 6.0, -6.0, 15.0, -15.0, 0]
Q: [0, 11.0, 0.0, 15.0, 0.0, 12.0, 0.0, 8.0, 0.0, 6.0, 0.0, 12.0, 0.0, 8.0, 0.0, 15.0, 0.0, 10.0, 0.0, 12.0, 0.0, 13.0, 0.0, 6.0, 0.0, 15.0, 0.0, 0]
B: [0.0, 36.0, 45.624091437640004, 77.27284989674001, 109.84229167884001, 127.02298575674001, 156.54249649114, 209.18071307374, 213.23477992075001, 279.0, 298.9128833924, 340.34711220139997, 381.29471023839994, 390.63136199370996, 413.26354944870997, 423.0, 439.88315095, 463.8957169312, 481.0806992413, 504.1429351476, 505.26462405278, 533.50421443578, 574.24300511498, 587.42045331258, 604.45131568068, 611.28728130377, 632.0819347752699, 647.6563231420699]
