Avion: 4      Iteracion: 4

Num Ruta: 7
Ingresos: 190800.0
Costos: 616.329893512
Utilidad Ruta: 190183.670106
Costo Reducido: 318526.126437
Nodos: [104, 16, 56, 9, 40, 49, 30, 70, 80, 14, 54, 11, 51, 36, 76, 3, 43, 23, 18, 58, 63, 28, 68, 25, 65, 19, 32, 59, 72, 5, 45, 2, 42, 29, 69, 814]
q: [0.0, 11.0, -11.0, 11.0, 4.0, -11.0, 11.0, -11.0, -4.0, 8.0, -8.0, 8.0, -8.0, 15.0, -15.0, 15.0, -15.0, 10.0, 5.0, -5.0, -10.0, 8.0, -8.0, 10.0, -10.0, 7.0, 6.0, -7.0, -6.0, 12.0, -12.0, 9.0, -9.0, 9.0, -9.0, 0.0]
Q: [0.0, 11.0, 0.0, 11.0, 15.0, 4.0, 15.0, 4.0, 0.0, 8.0, 0.0, 8.0, 0.0, 15.0, 0.0, 15.0, 0.0, 10.0, 15.0, 10.0, 0.0, 8.0, 0.0, 10.0, 0.0, 7.0, 13.0, 6.0, 0.0, 12.0, 0.0, 9.0, 0.0, 9.0, 0.0, 0.0]
B: [0.0, 36.0, 45.624091437640004, 75.68094759394, 77.75517853576001, 106.71397348656001, 122.50187382196, 141.21589647876002, 143.26119596783002, 171.83959790003001, 183.86130967503001, 213.30973878423, 217.36380563124, 251.0, 257.94814406874, 294.92818141324, 300.01246317176, 303.37495049515996, 323.55390064126, 347.37213688995996, 357.29766846263, 378.0, 414.0266187839, 417.35999740026, 434.54497971036, 451.21787139116, 462.93278603015995, 482.50525672245993, 499.6326331706599, 524.5748682348599, 525.6965571400399, 539.7786075944399, 580.5135696418399, 590.3183101789499, 624.0980899591499, 663.9079072659499]
