Avion: 3      Iteracion: 47

Num Ruta: 46
Ingresos: 109200.0
Costos: 332.286699197
Utilidad Ruta: 108867.713301
Costo Reducido: 11.0980713641
Nodos: [103, 40, 80, 1, 41, 3, 43, 19, 25, 65, 59, 13, 53, 20, 7, 47, 60, 2, 42, 813]
q: [0.0, 15.0, -15.0, 7.0, -7.0, 15.0, -15.0, 7.0, 8.0, -8.0, -7.0, 15.0, -15.0, 10.0, 5.0, -5.0, -10.0, 9.0, -9.0, 0.0]
Q: [0.0, 15.0, 0.0, 7.0, 0.0, 15.0, 0.0, 7.0, 15.0, 7.0, 0.0, 15.0, 0.0, 10.0, 15.0, 10.0, 0.0, 9.0, 0.0, 0.0]
B: [0.0, 62.0, 94.5694417821, 175.0, 209.2400855285, 256.0, 261.08428175852, 402.0, 411.3920072402, 428.57698955029997, 445.3638459862, 449.59146529262, 466.47461624262, 496.0, 517.0, 545.5413118129, 558.5049963585999, 565.8352936240599, 606.5702556714599, 620.9280244396599]
