Avion: 2      Iteracion: 3

Num Ruta: 6
Ingresos: 157200.0
Costos: 524.131462312
Utilidad Ruta: 156675.868538
Costo Reducido: 205105.18395
Nodos: [102, 17, 57, 30, 70, 16, 56, 31, 71, 14, 54, 23, 18, 58, 63, 22, 62, 25, 65, 13, 53, 21, 38, 78, 61, 4, 7, 47, 44, 33, 73, 812]
q: [0.0, 5.0, -5.0, 11.0, -11.0, 11.0, -11.0, 6.0, -6.0, 8.0, -8.0, 10.0, 5.0, -5.0, -10.0, 10.0, -10.0, 10.0, -10.0, 15.0, -15.0, 13.0, 2.0, -2.0, -13.0, 5.0, 10.0, -10.0, -5.0, 10.0, -10.0, 0.0]
Q: [0.0, 5.0, 0.0, 11.0, 0.0, 11.0, 0.0, 6.0, 0.0, 8.0, 0.0, 10.0, 15.0, 10.0, 0.0, 10.0, 0.0, 10.0, 0.0, 15.0, 0.0, 13.0, 15.0, 13.0, 0.0, 5.0, 15.0, 5.0, 0.0, 10.0, 0.0, 0.0]
B: [0.0, 25.145167826, 59.9877216073, 64.0, 82.7140226568, 93.53069441849999, 103.15478585614, 130.0, 143.3056140031, 160.3516205736, 172.3733323486, 267.0, 293.0, 316.8182362487, 326.74376782137, 342.50019181287, 364.25487795177, 410.0, 427.1849823101, 443.186042775, 460.069193725, 477.0, 483.82291294097, 516.69179958167, 523.76172815274, 552.93152556374, 563.29489885624, 591.83621066914, 592.9965847467499, 601.5680501990499, 624.8715614366499, 644.1177685954499]
