Avion: 7      Iteracion: 30

Num Ruta: 31
Ingresos: 18000.0
Costos: 70.7941975254
Utilidad Ruta: 17929.2058025
Costo Reducido: 0.825738917527
Nodos: [107, 40, 80, 817]
q: [0, 15.0, -15.0, 0]
Q: [0, 15.0, 0.0, 0]
B: [0.0, 62.0, 94.5694417821, 104.6526367123]
