Avion: 3      Iteracion: 8

Num Ruta: 10
Ingresos: 146400.0
Costos: 613.793272667
Utilidad Ruta: 145786.206727
Costo Reducido: 242947.375372
Nodos: [103, 9, 49, 30, 40, 70, 80, 10, 50, 1, 41, 35, 75, 18, 58, 19, 25, 65, 6, 46, 59, 13, 53, 7, 47, 2, 37, 42, 77, 813]
q: [0.0, 11.0, -11.0, 0.0, 15.0, 0.0, -15.0, 12.0, -12.0, 7.0, -7.0, 6.0, -6.0, 11.0, -11.0, 7.0, 8.0, -8.0, 5.0, -5.0, -7.0, 15.0, -15.0, 10.0, -10.0, 9.0, 6.0, -9.0, -6.0, 0.0]
Q: [0.0, 11.0, 0.0, 0.0, 15.0, 15.0, 0.0, 12.0, 0.0, 7.0, 0.0, 6.0, 0.0, 11.0, 0.0, 7.0, 15.0, 7.0, 12.0, 7.0, 0.0, 15.0, 0.0, 10.0, 0.0, 9.0, 15.0, 6.0, 0.0, 0.0]
B: [0.0, 28.0, 57.5272370025, 73.3151373379, 98.5971717497, 129.4070258227, 131.45232531177, 148.63301938967, 178.15253012407, 216.57187129487002, 250.81195682337002, 286.46693866317, 306.37982205557, 329.27067544727, 353.08891169596995, 402.0, 411.3920072402, 428.57698955029997, 454.0787600379, 457.77104943609, 473.25400219068996, 477.48162149711, 494.36477244711, 517.0, 545.5413118129, 555.6714802715, 562.0, 597.8040332505, 632.8122060106, 653.8140014577]
