Avion: 7      Iteracion: 14

Num Ruta: 18
Ingresos: 43200.0
Costos: 163.31813598
Utilidad Ruta: 43036.681864
Costo Reducido: 139.329073168
Nodos: [107, 12, 52, 1, 41, 37, 77, 817]
q: [0, 14.0, -14.0, 7.0, -7.0, 15.0, -15.0, 0]
Q: [0, 14.0, 0.0, 7.0, 0.0, 15.0, 0.0, 0]
B: [0.0, 54.0, 97.347924264, 175.0, 209.2400855285, 562.0, 582.7946534714999, 598.3690418383]
