Avion: 4      Iteracion: 17

Num Ruta: 18
Ingresos: 128400.0
Costos: 408.711526801
Utilidad Ruta: 127991.288473
Costo Reducido: 215.419625801
Nodos: [104, 17, 57, 9, 49, 14, 54, 3, 43, 23, 18, 58, 63, 22, 62, 8, 6, 46, 48, 13, 53, 21, 38, 61, 78, 814]
q: [0.0, 5.0, -5.0, 11.0, -11.0, 8.0, -8.0, 15.0, -15.0, 10.0, 5.0, -5.0, -10.0, 10.0, -10.0, 8.0, 5.0, -5.0, -8.0, 15.0, -15.0, 13.0, 2.0, -13.0, -2.0, 0.0]
Q: [0.0, 5.0, 0.0, 11.0, 0.0, 8.0, 0.0, 15.0, 0.0, 10.0, 15.0, 10.0, 0.0, 10.0, 0.0, 8.0, 13.0, 8.0, 0.0, 15.0, 0.0, 13.0, 15.0, 2.0, 0.0, 0.0]
B: [0.0, 24.0, 58.8425537813, 81.72911018459999, 111.25634718709999, 121.5131539026, 133.5348656776, 256.0, 261.08428175852, 267.0, 293.0, 316.8182362487, 326.74376782137, 342.50019181287, 364.25487795177, 414.0, 441.9144979715, 445.60678736969, 458.47278985688996, 460.68346599779994, 477.56661694779996, 493.07801333879996, 499.90092627977, 534.38330666457, 541.45323523564, 585.45436635744]
