Avion: 6      Iteracion: 45

Num Ruta: 47
Ingresos: 24000.0
Costos: 84.6861815788
Utilidad Ruta: 23915.3138184
Costo Reducido: 3.52951782421
Nodos: [106, 16, 56, 2, 42, 816]
q: [0, 11.0, -11.0, 9.0, -9.0, 0]
Q: [0, 11.0, 0.0, 9.0, 0.0, 0]
B: [0.0, 36.0, 45.624091437640004, 522.0, 562.7349620474, 572.45506230408]
