Avion: 4      Iteracion: 47

Num Ruta: 41
Ingresos: 28800.0
Costos: 136.68258624
Utilidad Ruta: 28663.3174138
Costo Reducido: 1.68036850083
Nodos: [104, 17, 57, 14, 54, 18, 58, 814]
q: [0, 5.0, -5.0, 8.0, -8.0, 11.0, -11.0, 0]
Q: [0, 5.0, 0.0, 8.0, 0.0, 11.0, 0.0, 0]
B: [0.0, 24.0, 58.8425537813, 112.0, 124.021711775, 293.0, 316.8182362487, 341.32495271579995]
