Avion: 5      Iteracion: 14

Num Ruta: 16
Ingresos: 67200.0
Costos: 312.291055002
Utilidad Ruta: 66887.708945
Costo Reducido: 272.749318009
Nodos: [105, 17, 57, 12, 52, 1, 41, 18, 58, 29, 69, 33, 73, 815]
q: [0, 5.0, -5.0, 14.0, -14.0, 7.0, -7.0, 11.0, -11.0, 9.0, -9.0, 10.0, -10.0, 0]
Q: [0, 5.0, 0.0, 14.0, 0.0, 7.0, 0.0, 11.0, 0.0, 9.0, 0.0, 10.0, 0.0, 0]
B: [0.0, 24.8000597782, 59.6426135595, 79.35130730110001, 122.6992315651, 175.0, 209.2400855285, 293.0, 316.8182362487, 549.0, 582.7797797802, 591.6312714624, 614.9347827, 632.6568844377]
