Avion: 4      Iteracion: 23

Num Ruta: 24
Ingresos: 98400.0
Costos: 342.923920795
Utilidad Ruta: 98057.0760792
Costo Reducido: 147.276227666
Nodos: [104, 17, 30, 57, 16, 56, 70, 24, 64, 31, 71, 18, 58, 39, 79, 32, 8, 48, 5, 45, 72, 814]
q: [0.0, 5.0, 4.0, -5.0, 11.0, -11.0, -4.0, 14.0, -14.0, 6.0, -6.0, 11.0, -11.0, 8.0, -8.0, 6.0, 8.0, -8.0, 9.0, -9.0, -6.0, 0.0]
Q: [0.0, 5.0, 9.0, 4.0, 15.0, 4.0, 0.0, 14.0, 0.0, 6.0, 0.0, 11.0, 0.0, 8.0, 0.0, 6.0, 14.0, 6.0, 15.0, 6.0, 0.0, 0.0]
B: [0.0, 24.0, 64.0, 67.14445448369, 72.47609381883, 82.10018525647, 84.97134181786, 109.70531270816, 148.21826301066, 159.50262076816, 172.80823477126, 293.0, 316.8182362487, 388.0, 410.632187455, 436.244028857, 447.6909269958, 468.4593236118, 478.21213448867, 479.33382339385, 504.65766709895, 529.02381264965]
