Avion: 6      Iteracion: 34

Num Ruta: 37
Ingresos: 54000.0
Costos: 119.637902303
Utilidad Ruta: 53880.3620977
Costo Reducido: 39.6890487811
Nodos: [106, 16, 56, 9, 49, 11, 51, 36, 76, 816]
q: [0, 11.0, -11.0, 11.0, -11.0, 8.0, -8.0, 15.0, -15.0, 0]
Q: [0, 11.0, 0.0, 11.0, 0.0, 8.0, 0.0, 15.0, 0.0, 0]
B: [0.0, 36.0, 45.624091437640004, 75.68094759394, 105.20818459644, 169.0, 173.05406684701, 251.0, 257.94814406874, 264.33607370204004]
