Avion: 7      Iteracion: 0

Num Ruta: 3
Ingresos: 192000.0
Costos: 552.492006819
Utilidad Ruta: 191447.507993
Costo Reducido: -
Nodos: [107, 16, 56, 40, 80, 10, 50, 3, 43, 36, 76, 26, 66, 39, 79, 13, 53, 25, 65, 5, 45, 21, 61, 27, 67, 37, 77, 817]
q: [0, 11.0, -11.0, 15.0, -15.0, 12.0, -12.0, 15.0, -15.0, 15.0, -15.0, 13.0, -13.0, 8.0, -8.0, 15.0, -15.0, 10.0, -10.0, 12.0, -12.0, 13.0, -13.0, 6.0, -6.0, 15.0, -15.0, 0]
Q: [0, 11.0, 0.0, 15.0, 0.0, 12.0, 0.0, 15.0, 0.0, 15.0, 0.0, 13.0, 0.0, 8.0, 0.0, 15.0, 0.0, 10.0, 0.0, 12.0, 0.0, 13.0, 0.0, 6.0, 0.0, 15.0, 0.0, 0]
B: [0.0, 36.0, 45.624091437640004, 77.27284989674001, 109.84229167884001, 127.02298575674001, 156.54249649114, 256.0, 261.08428175852, 296.00374706082, 302.95189112956, 343.25427558756, 360.83350355696, 388.0, 410.632187455, 423.0, 439.88315095, 463.8957169312, 481.0806992413, 504.1429351476, 505.26462405278, 533.50421443578, 574.24300511498, 587.42045331258, 604.45131568068, 611.28728130377, 632.0819347752699, 647.6563231420699]
