Avion: 4      Iteracion: 25

Num Ruta: 26
Ingresos: 60000.0
Costos: 264.221435951
Utilidad Ruta: 59735.778564
Costo Reducido: 89.0627508644
Nodos: [104, 17, 57, 18, 58, 39, 6, 46, 79, 38, 7, 78, 27, 47, 67, 814]
q: [0.0, 5.0, -5.0, 11.0, -11.0, 8.0, 5.0, -5.0, -8.0, 8.0, 7.0, -8.0, 6.0, -7.0, -6.0, 0.0]
Q: [0.0, 5.0, 0.0, 11.0, 0.0, 8.0, 13.0, 8.0, 0.0, 8.0, 15.0, 7.0, 13.0, 6.0, 0.0, 0.0]
B: [0.0, 24.0, 58.8425537813, 293.0, 316.8182362487, 388.0, 436.0, 439.69228939819, 449.87740525418997, 480.0, 517.0, 556.1972757344, 567.7330030630001, 583.5727779351, 587.97269850256, 621.95408164096]
