Avion: 2      Iteracion: 0

Num Ruta: 1
Ingresos: 62400.0
Costos: 222.802119237
Utilidad Ruta: 62177.1978808
Costo Reducido: -
Nodos: [102, 40, 80, 23, 63, 5, 45, 6, 46, 33, 73, 812]
q: [0, 15.0, -15.0, 10.0, -10.0, 12.0, -12.0, 5.0, -5.0, 10.0, -10.0, 0]
Q: [0, 15.0, 0.0, 10.0, 0.0, 12.0, 0.0, 5.0, 0.0, 10.0, 0.0, 0]
B: [0.0, 62.0, 94.5694417821, 267.0, 306.733842905, 469.0, 470.12168890518, 486.34528175638, 490.03757115457, 562.0, 585.3035112376, 604.5497183964]
