Avion: 6      Iteracion: 15

Num Ruta: 18
Ingresos: 132000.0
Costos: 416.497476593
Utilidad Ruta: 131583.502523
Costo Reducido: 307.067347648
Nodos: [106, 31, 11, 71, 51, 1, 41, 23, 63, 35, 26, 75, 66, 39, 79, 13, 53, 15, 55, 7, 4, 47, 44, 37, 77, 816]
q: [0.0, 6.0, 8.0, -6.0, -8.0, 7.0, -7.0, 10.0, -10.0, 6.0, 9.0, -6.0, -9.0, 8.0, -8.0, 15.0, -15.0, 11.0, -11.0, 10.0, 5.0, -10.0, -5.0, 15.0, -15.0, 0.0]
Q: [0.0, 6.0, 14.0, 8.0, 0.0, 7.0, 0.0, 10.0, 0.0, 6.0, 15.0, 9.0, 0.0, 8.0, 0.0, 15.0, 0.0, 11.0, 0.0, 10.0, 15.0, 5.0, 0.0, 15.0, 0.0, 0.0]
B: [0.0, 130.0, 169.0, 169.478878899097, 173.173257466597, 195.842709003897, 230.082794532397, 267.0, 306.733842905, 336.2538785588, 346.8810931515, 356.17409853189, 365.99591430088003, 388.0, 410.632187455, 423.0, 439.88315095, 511.0, 527.4211666151, 538.3259061809999, 548.6892794734999, 567.9616404602, 569.12201453781, 576.1863866259699, 596.98104009747, 638.80110299797]
