Avion: 3      Iteracion: 1

Num Ruta: 5
Ingresos: 169200.0
Costos: 600.864625815
Utilidad Ruta: 168599.135374
Costo Reducido: 249952.596057
Nodos: [103, 9, 49, 16, 56, 30, 70, 14, 54, 11, 51, 1, 41, 3, 43, 23, 18, 58, 63, 26, 66, 19, 59, 6, 46, 38, 21, 78, 61, 27, 4, 7, 47, 44, 67, 813]
q: [0.0, 11.0, -11.0, 11.0, -11.0, 11.0, -11.0, 8.0, -8.0, 8.0, -8.0, 7.0, -7.0, 15.0, -15.0, 10.0, 5.0, -5.0, -10.0, 13.0, -13.0, 7.0, -7.0, 5.0, -5.0, 8.0, 7.0, -8.0, -7.0, 0.0, 5.0, 10.0, -10.0, -5.0, 0.0, 0.0]
Q: [0.0, 11.0, 0.0, 11.0, 0.0, 11.0, 0.0, 8.0, 0.0, 8.0, 0.0, 7.0, 0.0, 15.0, 0.0, 10.0, 15.0, 10.0, 0.0, 13.0, 0.0, 7.0, 0.0, 5.0, 0.0, 8.0, 15.0, 7.0, 0.0, 0.0, 5.0, 15.0, 5.0, 0.0, 0.0, 0.0]
B: [0.0, 28.0, 57.5272370025, 81.2570211777, 90.88111261534, 107.86640625424, 126.58042891104, 154.37636956794, 166.39808134294, 195.84651045214, 199.90057729915, 222.57002883645, 256.81011436495, 263.90666627415, 268.99094803266996, 272.35343535606995, 293.0, 316.8182362487, 326.74376782137, 346.43014059547, 364.00936856487, 402.0, 428.6271162915, 440.41813528899996, 444.11042468718995, 480.0, 486.82291294097, 525.3346514111701, 532.4045799822401, 545.5820281798401, 563.1968027171401, 573.5601760096401, 602.1014878225401, 603.26186190015, 608.67712043507, 631.07503419957]
