Avion: 6      Iteracion: 42

Num Ruta: 44
Ingresos: 110400.0
Costos: 293.985357879
Utilidad Ruta: 110106.014642
Costo Reducido: 42.1785299942
Nodos: [106, 30, 16, 70, 56, 10, 50, 35, 26, 75, 66, 6, 46, 13, 53, 20, 4, 44, 2, 60, 33, 73, 42, 816]
q: [0.0, 11.0, 4.0, -11.0, -4.0, 12.0, -12.0, 6.0, 9.0, -6.0, -9.0, 5.0, -5.0, 15.0, -15.0, 10.0, 5.0, -5.0, 5.0, -10.0, 10.0, -10.0, -5.0, 0.0]
Q: [0.0, 11.0, 15.0, 4.0, 0.0, 12.0, 0.0, 6.0, 15.0, 9.0, 0.0, 5.0, 0.0, 15.0, 0.0, 10.0, 15.0, 10.0, 15.0, 5.0, 15.0, 5.0, 0.0, 0.0]
B: [0.0, 64.0, 72.20259129788, 83.01926305958, 85.89041962097, 101.71969683127, 131.23920756567, 279.0, 300.0, 309.29300538039, 319.11482114938, 436.0, 439.69228939819, 453.10235550539, 469.98550645539, 496.0, 529.0, 549.4257496801999, 558.8802161908, 566.21051345626, 577.03231279836, 600.33582403596, 618.8546080673599, 628.5747083240399]
