Avion: 2      Iteracion: 60

Num Ruta: 53
Ingresos: 105600.0
Costos: 281.49119982
Utilidad Ruta: 105318.5088
Costo Reducido: 9.27934357541
Nodos: [102, 31, 11, 51, 71, 36, 76, 34, 74, 22, 62, 32, 19, 59, 13, 72, 53, 29, 27, 69, 67, 812]
q: [0.0, 6.0, 8.0, -8.0, -6.0, 15.0, -15.0, 12.0, -12.0, 10.0, -10.0, 6.0, 7.0, -7.0, 9.0, -6.0, -9.0, 9.0, 6.0, -9.0, -6.0, 0.0]
Q: [0.0, 6.0, 14.0, 6.0, 0.0, 15.0, 0.0, 12.0, 0.0, 10.0, 0.0, 6.0, 13.0, 6.0, 15.0, 9.0, 0.0, 9.0, 15.0, 6.0, 0.0, 0.0]
B: [0.0, 130.0, 169.0, 173.05406684701, 176.74844541451, 251.0, 257.94814406874, 283.0, 323.947598037, 353.69889745399996, 375.4535835929, 422.0, 433.71491463899997, 460.34203093049996, 464.56965023692, 478.41183001472, 482.48278039516003, 549.0, 574.6018082369, 582.8182362320799, 598.26561380888, 611.68202007138]
