Avion: 7      Iteracion: 30

Num Ruta: 33
Ingresos: 1185.463
Costos: 346.996546632
Utilidad Ruta: 838.466453368
Costo Reducido: 43.0557350334
Nodos: [107, 14, 49, 3, 38, 23, 35, 70, 32, 67, 26, 34, 58, 61, 28, 69, 31, 63, 66, 717]
q: [0.0, 8.0, -8.0, 0.0, 0.0, 0.0, 8.0, -8.0, 11.0, -11.0, 7.0, 8.0, 0.0, -7.0, 6.0, -8.0, 9.0, -6.0, -9.0, 0.0]
Q: [0.0, 8.0, 0.0, 0.0, 0.0, 0.0, 8.0, 0.0, 11.0, 0.0, 7.0, 15.0, 15.0, 8.0, 14.0, 6.0, 15.0, 9.0, 0.0, 0.0]
B: [0.0, 112.0, 124.021711775, 256.0, 261.08428175852, 267.0, 277.4634044651, 289.38614345409997, 309.0, 319.4016530417, 332.1221722921, 348.0493993263, 362.3083463421, 365.37541872468, 378.0, 412.6152135628, 439.7359576713, 460.232837629, 488.6472693319, 492.28199132952]
