Avion: 6      Iteracion: 77

Num Ruta: 70
Ingresos: 662.876
Costos: 208.07799631
Utilidad Ruta: 454.79800369
Costo Reducido: 26.9353151232
Nodos: [106, 32, 67, 2, 37, 716]
q: [0, 11.0, -11.0, 10.0, -10.0, 0]
Q: [0, 11.0, 0.0, 10.0, 0.0, 0]
B: [0.0, 309.0, 319.4016530417, 522.0, 562.7349620474, 583.160599516]
