Avion: 6      Iteracion: 88

Num Ruta: 76
Ingresos: 2344.795
Costos: 517.727234475
Utilidad Ruta: 1827.06776553
Costo Reducido: 33.1521589374
Nodos: [106, 16, 51, 9, 44, 11, 46, 3, 38, 23, 35, 70, 18, 53, 58, 34, 69, 8, 33, 6, 41, 43, 13, 48, 68, 29, 4, 27, 64, 39, 62, 716]
q: [0.0, 9.0, -9.0, 11.0, -11.0, 6.0, -6.0, 13.0, -13.0, 5.0, 8.0, -8.0, 10.0, -10.0, -5.0, 8.0, -8.0, 8.0, 5.0, 2.0, -2.0, -8.0, 10.0, -10.0, -5.0, 9.0, 3.0, 3.0, -9.0, -3.0, -3.0, 0.0]
Q: [0.0, 9.0, 0.0, 11.0, 0.0, 6.0, 0.0, 13.0, 0.0, 5.0, 13.0, 5.0, 15.0, 5.0, 0.0, 8.0, 0.0, 8.0, 13.0, 15.0, 13.0, 5.0, 15.0, 5.0, 0.0, 9.0, 12.0, 15.0, 6.0, 3.0, 0.0, 0.0]
B: [0.0, 36.0, 45.624091437640004, 75.68094759394, 105.20818459644, 169.0, 173.05406684701, 256.0, 261.08428175852, 267.0, 277.4634044651, 289.38614345409997, 309.80429657819997, 333.62253282689994, 343.54806439956997, 357.80701141536997, 394.24714162916996, 414.0, 437.0, 463.1548069196, 466.84709631779, 479.71309880498995, 481.92377494589994, 498.80692589589995, 504.15497619483995, 549.0, 569.7100026316, 587.3247771689, 595.54120516408, 607.76027620078, 613.1755347357, 622.8812050886401]
