Avion: 6      Iteracion: 67

Num Ruta: 60
Ingresos: 1463.585
Costos: 342.231142455
Utilidad Ruta: 1121.35385754
Costo Reducido: 121.193798313
Nodos: [106, 17, 52, 9, 44, 14, 49, 3, 38, 19, 8, 33, 5, 40, 54, 43, 6, 41, 68, 716]
q: [0.0, 5.0, -5.0, 11.0, -11.0, 8.0, -8.0, 13.0, -13.0, 7.0, 3.0, 5.0, 0.0, 0.0, -7.0, -3.0, 4.0, -4.0, -5.0, 0.0]
Q: [0.0, 5.0, 0.0, 11.0, 0.0, 8.0, 0.0, 13.0, 0.0, 7.0, 10.0, 15.0, 15.0, 15.0, 8.0, 5.0, 9.0, 5.0, 0.0, 0.0]
B: [0.0, 24.0, 58.8425537813, 81.72911018459999, 111.25634718709999, 121.5131539026, 133.5348656776, 256.0, 261.08428175852, 402.0, 425.1608815463, 438.92553635490003, 469.0, 470.12168890518, 478.47762499876, 481.40574419032, 490.59641581974995, 494.28870521793993, 525.3665660355399, 549.25900996664]
