Avion: 4      Iteracion: 67

Num Ruta: 47
Ingresos: 1956.726
Costos: 443.701315753
Utilidad Ruta: 1513.02468425
Costo Reducido: 69.3563718877
Nodos: [104, 17, 52, 24, 9, 44, 59, 31, 19, 66, 54, 33, 68, 29, 4, 39, 64, 714]
q: [0.0, 5.0, -5.0, 4.0, 11.0, -11.0, -4.0, 8.0, 7.0, -8.0, -7.0, 5.0, -5.0, 9.0, 3.0, -3.0, -9.0, 0.0]
Q: [0.0, 5.0, 0.0, 4.0, 15.0, 4.0, 0.0, 8.0, 15.0, 7.0, 0.0, 5.0, 0.0, 9.0, 12.0, 9.0, 0.0, 0.0]
B: [0.0, 24.0, 58.8425537813, 75.400837086, 81.83771412381999, 111.36495112632, 136.42051454042, 406.0, 427.4250045741, 443.5262214225, 465.9443857095, 487.4927794779, 529.4454445303, 549.0, 569.7100026316, 590.1357523117999, 602.3548233485, 629.1252533973]
