Avion: 7      Iteracion: 26

Num Ruta: 29
Ingresos: 1533.962
Costos: 491.075728759
Utilidad Ruta: 1042.88627124
Costo Reducido: 174.792597634
Nodos: [107, 9, 44, 14, 49, 3, 38, 23, 35, 70, 26, 34, 58, 61, 69, 31, 28, 63, 66, 4, 27, 39, 62, 717]
q: [0.0, 11.0, -11.0, 8.0, -8.0, 0.0, 0.0, 0.0, 8.0, -8.0, 7.0, 8.0, 0.0, -7.0, -8.0, 9.0, 6.0, -6.0, -9.0, 3.0, 6.0, -3.0, -6.0, 0.0]
Q: [0.0, 11.0, 0.0, 8.0, 0.0, 0.0, 0.0, 0.0, 8.0, 0.0, 7.0, 15.0, 15.0, 8.0, 0.0, 9.0, 15.0, 9.0, 0.0, 3.0, 9.0, 6.0, 0.0, 0.0]
B: [0.0, 46.0648734938, 75.5921104963, 112.0, 124.021711775, 256.0, 261.08428175852, 267.0, 277.4634044651, 289.38614345409997, 303.7370056233, 322.0, 336.2589470158, 339.32601939838, 364.31277334918, 406.0, 421.6162195489, 457.6428383328, 486.0572700357, 529.0, 546.6147745373, 562.9655871165, 568.38084565142, 591.82583396452]
