Avion: 2      Iteracion: 29

Num Ruta: 27
Ingresos: 1204.184
Costos: 503.164227514
Utilidad Ruta: 701.019772486
Costo Reducido: 74.3270411691
Nodos: [102, 16, 51, 24, 59, 10, 45, 26, 61, 34, 69, 33, 13, 48, 68, 712]
q: [0.0, 0.0, 0.0, 11.0, -11.0, 12.0, -12.0, 10.0, -10.0, 8.0, -8.0, 5.0, 0.0, 0.0, -5.0, 0.0]
Q: [0.0, 0.0, 0.0, 11.0, 0.0, 12.0, 0.0, 10.0, 0.0, 8.0, 0.0, 5.0, 5.0, 5.0, 0.0, 0.0]
B: [0.0, 36.0, 45.624091437640004, 70.85029051714, 109.36324081964, 121.14917149994, 150.66868223434, 300.0, 317.5792279694, 332.4924740614, 368.9326042752, 437.0, 462.372931896, 479.256082846, 484.60413314494, 494.93341317794]
