Avion: 1      Iteracion: 21

Num Ruta: 15
Ingresos: 572.094
Costos: 406.335978124
Utilidad Ruta: 165.758021876
Costo Reducido: 93.3203024457
Nodos: [101, 10, 45, 35, 70, 32, 67, 34, 69, 711]
q: [0, 12.0, -12.0, 8.0, -8.0, 11.0, -11.0, 8.0, -8.0, 0]
Q: [0, 12.0, 0.0, 8.0, 0.0, 11.0, 0.0, 8.0, 0.0, 0]
B: [0.0, 96.0, 125.5195107344, 270.0, 281.922738989, 309.0, 319.4016530417, 346.1750898215, 382.6152200353, 401.05948038910003]
