Avion: 6      Iteracion: 100

Num Ruta: 85
Ingresos: 1387.244
Costos: 301.362049601
Utilidad Ruta: 1085.8819504
Costo Reducido: 10.1127677015
Nodos: [106, 22, 57, 18, 53, 34, 69, 8, 33, 43, 13, 48, 68, 5, 40, 716]
q: [0.0, 10.0, -10.0, 10.0, -10.0, 8.0, -8.0, 8.0, 5.0, -8.0, 10.0, -10.0, -5.0, 9.0, -9.0, 0.0]
Q: [0.0, 10.0, 0.0, 10.0, 0.0, 8.0, 0.0, 8.0, 13.0, 5.0, 15.0, 5.0, 0.0, 9.0, 0.0, 0.0]
B: [0.0, 299.0, 320.7546861389, 334.15512273630003, 357.973358985, 381.4440699457, 417.8842001595, 420.53037513481996, 437.0, 460.2743670161, 462.48504315700995, 479.36819410700997, 484.71624440594996, 513.68766199295, 514.80935089813, 521.5327049718]
