Avion: 2      Iteracion: 47

Num Ruta: 40
Ingresos: 2410.61
Costos: 676.946977053
Utilidad Ruta: 1733.66302295
Costo Reducido: 1.02842308968
Nodos: [102, 9, 12, 44, 30, 16, 51, 65, 47, 10, 45, 23, 58, 34, 22, 69, 57, 8, 43, 13, 48, 31, 66, 712]
q: [0.0, 11.0, 0.0, -11.0, 6.0, 9.0, -9.0, -6.0, 0.0, 12.0, -12.0, 10.0, -10.0, 8.0, 7.0, -8.0, -7.0, 8.0, -8.0, 15.0, -15.0, 9.0, -9.0, 0.0]
Q: [0.0, 11.0, 11.0, 0.0, 6.0, 15.0, 6.0, 0.0, 0.0, 12.0, 0.0, 10.0, 0.0, 8.0, 15.0, 7.0, 0.0, 8.0, 0.0, 15.0, 0.0, 9.0, 0.0, 0.0]
B: [0.0, 29.8362865317, 54.0, 64.7870367571, 80.5749370925, 88.77752839038, 98.40161982802, 101.27277638941, 124.06863445620999, 132.78640481335998, 162.30591554775998, 267.0, 306.733842905, 322.0, 350.0636833826, 364.6328500369, 375.22310036439995, 414.0, 434.768396616, 436.97907275691, 453.86222370691, 458.31973713931, 486.64521621731, 512.53827592451]
