Avion: 1      Iteracion: 32

Num Ruta: 23
Ingresos: 940.035
Costos: 206.85981783
Utilidad Ruta: 733.175182171
Costo Reducido: 49.1742984476
Nodos: [101, 1, 36, 8, 19, 54, 43, 711]
q: [0, 7.0, -7.0, 8.0, 7.0, -7.0, -8.0, 0]
Q: [0, 7.0, 0.0, 8.0, 15.0, 8.0, 0.0, 0]
B: [0.0, 175.0, 209.2400855285, 414.0, 437.1608815463, 463.7879978378, 466.71611702935996, 472.42524831178997]
