Avion: 4      Iteracion: 22

Num Ruta: 20
Ingresos: 1039.275
Costos: 406.553942151
Utilidad Ruta: 632.721057849
Costo Reducido: 112.975163189
Nodos: [104, 17, 52, 30, 16, 65, 51, 35, 70, 26, 61, 34, 28, 69, 63, 714]
q: [0.0, 0.0, 0.0, 6.0, 9.0, -6.0, -9.0, 8.0, -8.0, 10.0, -10.0, 8.0, 6.0, -8.0, -6.0, 0.0]
Q: [0.0, 0.0, 0.0, 6.0, 15.0, 9.0, 0.0, 8.0, 0.0, 10.0, 0.0, 8.0, 14.0, 6.0, 0.0, 0.0]
B: [0.0, 24.0, 58.8425537813, 64.0, 72.20259129788, 83.01926305958, 85.89041962097, 270.0, 281.922738989, 300.0, 317.5792279694, 332.4924740614, 378.0, 412.6152135628, 444.56576931700005, 478.12071770020003]
