Avion: 7      Iteracion: 75

Num Ruta: 58
Ingresos: 1782.359
Costos: 460.077817208
Utilidad Ruta: 1322.28118279
Costo Reducido: 63.830725782
Nodos: [107, 14, 49, 3, 38, 23, 35, 70, 32, 67, 58, 31, 66, 8, 33, 43, 6, 41, 68, 27, 62, 2, 37, 717]
q: [0.0, 8.0, -8.0, 13.0, -13.0, 0.0, 8.0, -8.0, 11.0, -11.0, 0.0, 9.0, -9.0, 8.0, 5.0, -8.0, 4.0, -4.0, -5.0, 6.0, -6.0, 10.0, -10.0, 0.0]
Q: [0.0, 8.0, 0.0, 13.0, 0.0, 0.0, 8.0, 0.0, 11.0, 0.0, 0.0, 9.0, 0.0, 8.0, 13.0, 5.0, 9.0, 5.0, 0.0, 6.0, 0.0, 10.0, 0.0, 0.0]
B: [0.0, 112.0, 124.021711775, 256.0, 261.08428175852, 267.0, 277.4634044651, 289.38614345409997, 309.0, 319.4016530417, 351.7919881588, 406.0, 434.325479078, 443.10832519984, 456.87298000844, 480.14734702453995, 489.3380186539699, 493.0303080521599, 524.1081688697599, 545.9890005038599, 563.0198628719598, 574.4719359593598, 615.2068980067598, 642.5670322534598]
