Avion: 3      Iteracion: 42

Num Ruta: 30
Ingresos: 1232.999
Costos: 303.851868354
Utilidad Ruta: 929.147131646
Costo Reducido: 83.6112136218
Nodos: [103, 11, 46, 18, 53, 26, 61, 28, 31, 66, 63, 25, 60, 713]
q: [0, 6.0, -6.0, 10.0, -10.0, 10.0, -10.0, 6.0, 9.0, -9.0, -6.0, 10.0, -10.0, 0]
Q: [0, 6.0, 0.0, 10.0, 0.0, 10.0, 0.0, 6.0, 15.0, 6.0, 0.0, 10.0, 0.0, 0]
B: [0.0, 169.0, 173.05406684701, 293.0, 316.8182362487, 345.81975307109997, 363.39898104049996, 378.0, 406.0, 434.325479078, 462.7399107809, 466.07328939726, 483.25827170736, 489.71444495472997]
