Avion: 7      Iteracion: 10

Num Ruta: 14
Ingresos: 1525.009
Costos: 386.820316972
Utilidad Ruta: 1138.18868303
Costo Reducido: 154.104481807
Nodos: [107, 30, 65, 14, 49, 3, 38, 18, 53, 28, 63, 25, 19, 60, 31, 54, 66, 717]
q: [0.0, 11.0, -11.0, 8.0, -8.0, 13.0, -13.0, 10.0, -10.0, 6.0, -6.0, 9.0, 6.0, -9.0, 9.0, -6.0, -9.0, 0.0]
Q: [0.0, 11.0, 0.0, 8.0, 0.0, 13.0, 0.0, 10.0, 0.0, 6.0, 0.0, 9.0, 15.0, 6.0, 15.0, 9.0, 0.0, 0.0]
B: [0.0, 64.0, 82.7140226568, 112.0, 124.021711775, 256.0, 261.08428175852, 293.0, 316.8182362487, 378.0, 414.0266187839, 417.35999740026, 426.75200464046, 443.42489632125995, 448.2465429279699, 465.3525823585699, 487.77074664556994, 491.4054686431899]
