Avion: 4      Iteracion: 20

Num Ruta: 18
Ingresos: 777.606
Costos: 256.650407844
Utilidad Ruta: 520.955592156
Costo Reducido: 92.8380446287
Nodos: [104, 31, 66, 25, 60, 29, 64, 714]
q: [0, 9.0, -9.0, 10.0, -10.0, 9.0, -9.0, 0]
Q: [0, 9.0, 0.0, 10.0, 0.0, 9.0, 0.0, 0]
B: [0.0, 406.0, 434.325479078, 459.752616235, 476.9375985451, 549.0, 582.7797797802, 609.550209829]
