Avion: 6      Iteracion: 0

Num Ruta: 1
Ingresos: 429.807
Costos: 243.095667857
Utilidad Ruta: 186.711332143
Costo Reducido: -
Nodos: [106, 10, 45, 27, 62, 4, 39, 716]
q: [0, 12.0, -12.0, 6.0, -6.0, 3.0, -3.0, 0]
Q: [0, 12.0, 0.0, 6.0, 0.0, 3.0, 0.0, 0]
B: [0.0, 96.0, 125.5195107344, 538.0, 555.0308623681, 571.1180630258, 591.5438127059999, 606.2209275450999]
