Avion: 3      Iteracion: 76

Num Ruta: 45
Ingresos: 237.906
Costos: 138.913097292
Utilidad Ruta: 98.9929027076
Costo Reducido: 2.89603408182
Nodos: [103, 11, 46, 25, 60, 713]
q: [0, 6.0, -6.0, 10.0, -10.0, 0]
Q: [0, 6.0, 0.0, 10.0, 0.0, 0]
B: [0.0, 169.0, 173.05406684701, 410.0, 427.1849823101, 433.64115555747]
