Avion: 3      Iteracion: 7

Num Ruta: 9
Ingresos: 205.726
Costos: 263.345661222
Utilidad Ruta: -57.6196612223
Costo Reducido: 35.4805644558
Nodos: [103, 9, 16, 51, 44, 713]
q: [0.0, 11.0, 4.0, -4.0, -11.0, 0.0]
Q: [0.0, 11.0, 15.0, 11.0, 0.0, 0.0]
B: [0.0, 37.2069129329, 60.574028501600004, 70.19811993924, 102.96900276224, 123.34566122234]
