Avion: 7      Iteracion: 29

Num Ruta: 32
Ingresos: 646.296
Costos: 222.696933345
Utilidad Ruta: 423.599066655
Costo Reducido: 80.2530613181
Nodos: [107, 14, 49, 3, 38, 23, 35, 70, 26, 34, 58, 61, 22, 69, 57, 717]
q: [0.0, 8.0, -8.0, 13.0, -13.0, 0.0, 8.0, -8.0, 7.0, 8.0, 0.0, -7.0, 0.0, -8.0, 0.0, 0.0]
Q: [0.0, 8.0, 0.0, 13.0, 0.0, 0.0, 8.0, 0.0, 7.0, 15.0, 15.0, 8.0, 8.0, 0.0, 0.0, 0.0]
B: [0.0, 112.0, 124.021711775, 256.0, 261.08428175852, 267.0, 277.4634044651, 289.38614345409997, 303.7370056233, 322.0, 336.2589470158, 339.32601939838, 352.96020004848003, 367.52936670278, 378.11961703028, 380.08640578355]
