Avion: 3      Iteracion: 3

Num Ruta: 6
Ingresos: 3052.482
Costos: 666.50569814
Utilidad Ruta: 2385.97630186
Costo Reducido: 2529.84564051
Nodos: [103, 9, 44, 16, 51, 10, 45, 1, 36, 35, 70, 22, 57, 26, 61, 28, 31, 66, 63, 25, 60, 21, 4, 39, 56, 713]
q: [0, 11.0, -11.0, 9.0, -9.0, 12.0, -12.0, 7.0, -7.0, 8.0, -8.0, 10.0, -10.0, 10.0, -10.0, 6.0, 9.0, -9.0, -6.0, 10.0, -10.0, 12.0, 3.0, -3.0, -12.0, 0]
Q: [0, 11.0, 0.0, 9.0, 0.0, 12.0, 0.0, 7.0, 0.0, 8.0, 0.0, 10.0, 0.0, 10.0, 0.0, 6.0, 15.0, 6.0, 0.0, 10.0, 0.0, 12.0, 15.0, 12.0, 0.0, 0]
B: [0.0, 37.2069129329, 66.73414993540001, 90.46393411060001, 100.08802554824001, 115.91730275854002, 145.43681349294002, 183.85615466374003, 218.09624019224003, 270.0, 281.922738989, 299.64604976889996, 321.40073590779997, 357.73373932069995, 375.31296729009995, 385.72088432469997, 406.0, 434.325479078, 462.7399107809, 466.07328939726, 483.25827170736, 491.42698519236, 529.0, 549.4257496801999, 566.2286940948, 597.3864399214999]
