Avion: 1      Iteracion: 44

Num Ruta: 28
Ingresos: 1833.139
Costos: 364.53665972
Utilidad Ruta: 1468.60234028
Costo Reducido: 101.037656498
Nodos: [101, 30, 65, 24, 59, 1, 36, 3, 38, 23, 58, 34, 69, 711]
q: [0, 11.0, -11.0, 11.0, -11.0, 7.0, -7.0, 13.0, -13.0, 10.0, -10.0, 8.0, -8.0, 0]
Q: [0, 11.0, 0.0, 11.0, 0.0, 7.0, 0.0, 13.0, 0.0, 10.0, 0.0, 8.0, 0.0, 0]
B: [0.0, 64.0, 82.7140226568, 107.4479935471, 145.9609438496, 175.0, 209.2400855285, 256.0, 261.08428175852, 267.0, 306.733842905, 322.0, 358.4401302138, 376.8843905676]
