Avion: 2      Iteracion: 34

Num Ruta: 30
Ingresos: 1145.055
Costos: 527.417773299
Utilidad Ruta: 617.637226701
Costo Reducido: 4.36365632273
Nodos: [102, 9, 12, 44, 16, 51, 47, 10, 45, 26, 34, 61, 22, 69, 57, 712]
q: [0.0, 11.0, 0.0, -11.0, 0.0, 0.0, 0.0, 12.0, -12.0, 10.0, 5.0, -10.0, 10.0, -5.0, -10.0, 0.0]
Q: [0.0, 11.0, 11.0, 0.0, 0.0, 0.0, 0.0, 12.0, 0.0, 10.0, 15.0, 5.0, 15.0, 10.0, 0.0, 0.0]
B: [0.0, 29.8362865317, 54.0, 64.7870367571, 88.51682093229999, 98.14091236994, 118.37719525494, 127.09496561209001, 156.61447634649, 300.0, 322.0, 336.913246092, 350.5474267421, 365.1165933964, 375.70684372389996, 404.7148012011]
