Avion: 2      Iteracion: 28

Num Ruta: 26
Ingresos: 2656.705
Costos: 750.378054935
Utilidad Ruta: 1906.32694506
Costo Reducido: 130.703739987
Nodos: [102, 16, 51, 9, 24, 44, 59, 1, 36, 3, 38, 35, 70, 26, 61, 34, 32, 67, 69, 19, 33, 5, 40, 54, 6, 41, 68, 27, 62, 2, 37, 712]
q: [0.0, 0.0, 0.0, 11.0, 4.0, -11.0, -4.0, 7.0, -7.0, 13.0, -13.0, 8.0, -8.0, 10.0, -10.0, 8.0, 7.0, -7.0, -8.0, 7.0, 5.0, 3.0, -3.0, -7.0, 4.0, -4.0, -5.0, 6.0, -6.0, 10.0, -10.0, 0.0]
Q: [0.0, 0.0, 0.0, 11.0, 15.0, 4.0, 0.0, 7.0, 0.0, 13.0, 0.0, 8.0, 0.0, 10.0, 0.0, 8.0, 15.0, 8.0, 0.0, 7.0, 12.0, 15.0, 12.0, 5.0, 9.0, 5.0, 0.0, 6.0, 0.0, 10.0, 0.0, 0.0]
B: [0.0, 36.0, 45.624091437640004, 75.68094759394, 82.11782463176, 106.25807452686, 131.31363794096, 175.0, 209.2400855285, 256.0, 261.08428175852, 274.08526633661995, 286.00800532561993, 300.35886749481995, 317.93809546421994, 332.85134155621995, 352.87425945051996, 363.27591249221996, 394.31819734692, 414.85801360702, 451.45157396942, 469.0, 470.12168890518, 478.47762499876, 490.26864399626, 493.96093339444997, 525.03879421205, 546.91962584615, 563.95048821425, 575.4025613016499, 616.13752334905, 620.2532698184]
