Avion: 6      Iteracion: 23

Num Ruta: 26
Ingresos: 2080.26
Costos: 387.663596359
Utilidad Ruta: 1692.59640364
Costo Reducido: 28.9950553026
Nodos: [106, 1, 36, 26, 61, 19, 8, 33, 54, 43, 13, 48, 68, 21, 56, 716]
q: [0.0, 7.0, -7.0, 10.0, -10.0, 7.0, 3.0, 5.0, -7.0, -3.0, 10.0, -10.0, -5.0, 12.0, -12.0, 0.0]
Q: [0.0, 7.0, 0.0, 10.0, 0.0, 7.0, 10.0, 15.0, 8.0, 5.0, 15.0, 5.0, 0.0, 12.0, 0.0, 0.0]
B: [0.0, 175.0, 209.2400855285, 300.0, 317.5792279694, 402.0, 425.1608815463, 438.92553635490003, 460.4739301233, 463.40204931486, 465.61272545577, 482.49587640577, 487.84392670471, 498.72340408190996, 539.4621947611099, 566.17408449211]
