Avion: 5      Iteracion: 97

Num Ruta: 56
Ingresos: 1650.224
Costos: 377.161283621
Utilidad Ruta: 1273.06271638
Costo Reducido: 27.3253297048
Nodos: [105, 18, 53, 28, 63, 19, 54, 5, 40, 33, 21, 68, 56, 715]
q: [0.0, 10.0, -10.0, 6.0, -6.0, 7.0, -7.0, 9.0, -9.0, 5.0, 10.0, -5.0, -10.0, 0.0]
Q: [0.0, 10.0, 0.0, 6.0, 0.0, 7.0, 0.0, 9.0, 0.0, 5.0, 15.0, 10.0, 0.0, 0.0]
B: [0.0, 293.0, 316.8182362487, 378.0, 414.0266187839, 426.5624120576, 453.1895283491, 469.0, 470.12168890518, 483.41186760978, 523.00507557528, 533.88455295248, 568.73659177378, 622.06833620428]
