Avion: 3      Iteracion: 27

Num Ruta: 22
Ingresos: 707.087
Costos: 300.551912267
Utilidad Ruta: 406.535087733
Costo Reducido: 0.93387486049
Nodos: [103, 16, 51, 24, 65, 30, 59, 11, 46, 25, 60, 713]
q: [0.0, 9.0, -9.0, 11.0, -11.0, 11.0, -11.0, 6.0, -6.0, 10.0, -10.0, 0.0]
Q: [0.0, 9.0, 0.0, 11.0, 0.0, 11.0, 0.0, 6.0, 0.0, 10.0, 0.0, 0.0]
B: [0.0, 36.0, 45.624091437640004, 70.85029051714, 95.58426140744, 114.29828406424, 134.56640546213998, 169.0, 173.05406684701, 410.0, 427.1849823101, 433.64115555747]
