Avion: 6      Iteracion: 69

Num Ruta: 62
Ingresos: 2518.809
Costos: 424.477852565
Utilidad Ruta: 2094.33114743
Costo Reducido: 44.9842296605
Nodos: [106, 17, 16, 51, 52, 3, 38, 19, 33, 54, 13, 48, 68, 21, 5, 40, 56, 2, 37, 716]
q: [0.0, 5.0, 9.0, -9.0, -5.0, 13.0, -13.0, 7.0, 5.0, -7.0, 10.0, -10.0, -5.0, 12.0, 0.0, 0.0, -12.0, 10.0, -10.0, 0.0]
Q: [0.0, 5.0, 14.0, 5.0, 0.0, 13.0, 0.0, 7.0, 12.0, 5.0, 15.0, 5.0, 0.0, 12.0, 12.0, 12.0, 0.0, 10.0, 0.0, 0.0]
B: [0.0, 24.0, 58.8014769802, 68.42556841784, 83.07333718993999, 256.0, 261.08428175852, 402.0, 438.5935603624, 460.1419541308, 464.36957343722, 481.25272438722004, 486.60077468616004, 497.48025206336, 526.09837528976, 527.22006419494, 549.96271287534, 573.81372660644, 614.54868865384, 634.9743261224401]
