Avion: 4      Iteracion: 26

Num Ruta: 24
Ingresos: 612.78
Costos: 246.170951035
Utilidad Ruta: 366.609048965
Costo Reducido: 76.5978748369
Nodos: [104, 17, 52, 9, 44, 11, 46, 714]
q: [0, 5.0, -5.0, 11.0, -11.0, 6.0, -6.0, 0]
Q: [0, 5.0, 0.0, 11.0, 0.0, 6.0, 0.0, 0]
B: [0.0, 24.0, 58.8425537813, 81.72911018459999, 111.25634718709999, 169.0, 173.05406684701, 203.51860060351]
