Avion: 6      Iteracion: 0

Num Ruta: 3
Ingresos: 4849.92
Costos: 714.341695372
Utilidad Ruta: 4135.57830463
Costo Reducido: -
Nodos: [106, 17, 30, 52, 24, 65, 59, 10, 45, 1, 36, 3, 38, 23, 58, 26, 61, 22, 57, 19, 8, 33, 54, 43, 13, 48, 68, 21, 56, 27, 62, 2, 37, 716]
q: [0.0, 5.0, 4.0, -5.0, 11.0, -4.0, -11.0, 12.0, -12.0, 7.0, -7.0, 13.0, -13.0, 10.0, -10.0, 10.0, -10.0, 10.0, -10.0, 7.0, 3.0, 5.0, -7.0, -3.0, 10.0, -10.0, -5.0, 12.0, -12.0, 6.0, -6.0, 10.0, -10.0, 0.0]
Q: [0.0, 5.0, 9.0, 4.0, 15.0, 11.0, 0.0, 12.0, 0.0, 7.0, 0.0, 13.0, 0.0, 10.0, 0.0, 10.0, 0.0, 10.0, 0.0, 7.0, 10.0, 15.0, 8.0, 5.0, 15.0, 5.0, 0.0, 12.0, 0.0, 6.0, 0.0, 10.0, 0.0, 0.0]
B: [0.0, 24.0, 64.0, 67.14445448369, 83.70273778839, 108.43670867869, 138.07426959389, 149.86020027419, 179.37971100859, 217.79905217939, 252.03913770789, 259.13568961709, 264.21997137561, 267.58245869901, 307.31630160401, 327.00267437811, 344.58190234751, 358.21608299761, 379.97076913651, 402.0, 425.1608815463, 438.92553635490003, 460.4739301233, 463.40204931486, 465.61272545577, 482.49587640577, 487.84392670471, 498.72340408190996, 539.4621947611099, 552.6396429587099, 569.6705053268099, 581.1225784142099, 621.8575404616099, 642.28317793021]
