Avion: 4      Iteracion: 69

Num Ruta: 49
Ingresos: 1696.702
Costos: 456.497543849
Utilidad Ruta: 1240.20445615
Costo Reducido: 23.5027080428
Nodos: [104, 17, 52, 24, 9, 44, 59, 32, 67, 26, 34, 61, 69, 19, 25, 60, 54, 6, 41, 13, 48, 714]
q: [0.0, 5.0, -5.0, 11.0, 4.0, -4.0, -11.0, 11.0, -11.0, 7.0, 8.0, -7.0, -8.0, 7.0, 0.0, 0.0, -7.0, 4.0, -4.0, 15.0, -15.0, 0.0]
Q: [0.0, 5.0, 0.0, 11.0, 15.0, 11.0, 0.0, 11.0, 0.0, 7.0, 15.0, 8.0, 0.0, 7.0, 7.0, 7.0, 0.0, 4.0, 0.0, 15.0, 0.0, 0.0]
B: [0.0, 24.0, 58.8425537813, 75.400837086, 81.83771412381999, 111.36495112632, 136.42051454042, 309.0, 319.4016530417, 332.1221722921, 348.0493993263, 362.9626454183, 387.9493993691, 408.4892156292, 417.88122286939995, 435.06620517949995, 451.85306161539995, 463.6440806128999, 467.3363700110899, 480.7464361182899, 497.62958706828994, 509.30888777508994]
