Avion: 4      Iteracion: 0

Num Ruta: 2
Ingresos: 4335.658
Costos: 733.077954056
Utilidad Ruta: 3602.58004594
Costo Reducido: -
Nodos: [104, 17, 52, 24, 9, 44, 59, 10, 45, 1, 36, 3, 38, 23, 58, 26, 61, 22, 57, 19, 54, 6, 41, 33, 5, 40, 68, 21, 56, 29, 64, 714]
q: [0.0, 5.0, -5.0, 11.0, 4.0, -4.0, -11.0, 12.0, -12.0, 7.0, -7.0, 13.0, -13.0, 10.0, -10.0, 10.0, -10.0, 10.0, -10.0, 7.0, -7.0, 4.0, -4.0, 5.0, 9.0, -9.0, -5.0, 12.0, -12.0, 9.0, -9.0, 0.0]
Q: [0.0, 5.0, 0.0, 11.0, 15.0, 11.0, 0.0, 12.0, 0.0, 7.0, 0.0, 13.0, 0.0, 10.0, 0.0, 10.0, 0.0, 10.0, 0.0, 7.0, 0.0, 4.0, 0.0, 5.0, 14.0, 5.0, 0.0, 12.0, 0.0, 9.0, 0.0, 0.0]
B: [0.0, 24.0, 58.8425537813, 75.400837086, 81.83771412381999, 111.36495112632, 136.42051454042, 148.20644522071998, 177.72595595511999, 216.14529712592, 250.38538265442, 257.48193456362, 262.56621632213995, 267.0, 306.733842905, 326.4202156791, 343.9994436485, 357.6336242986, 379.3883104375, 402.0, 428.6271162915, 440.41813528899996, 444.11042468718995, 472.52768064198995, 486.22584781868994, 487.34753672386995, 516.3599113422699, 527.23938871947, 567.9781793986699, 606.4314758763699, 640.2112556565698, 666.9816857053698]
