Avion: 6      Iteracion: 61

Num Ruta: 55
Ingresos: 626.29
Costos: 233.600901384
Utilidad Ruta: 392.689098616
Costo Reducido: 33.3004357707
Nodos: [106, 22, 57, 33, 68, 716]
q: [0, 10.0, -10.0, 5.0, -5.0, 0]
Q: [0, 10.0, 0.0, 5.0, 0.0, 0]
B: [0.0, 299.0, 320.7546861389, 437.0, 478.9526650524, 502.8451089835]
