Avion: 5      Iteracion: 56

Num Ruta: 38
Ingresos: 869.114
Costos: 471.144640171
Utilidad Ruta: 397.969359829
Costo Reducido: 34.5531959201
Nodos: [105, 24, 59, 30, 65, 14, 49, 35, 70, 32, 67, 33, 68, 715]
q: [0, 11.0, -11.0, 11.0, -11.0, 8.0, -8.0, 8.0, -8.0, 11.0, -11.0, 5.0, -5.0, 0]
Q: [0, 11.0, 0.0, 11.0, 0.0, 8.0, 0.0, 8.0, 0.0, 11.0, 0.0, 5.0, 0.0, 0]
B: [0.0, 61.0, 99.5129503025, 119.7810717004, 138.4950943572, 166.2910350141, 178.3127467891, 270.0, 281.922738989, 309.0, 319.4016530417, 437.0, 478.9526650524, 522.7129914909]
