Avion: 3      Iteracion: 83

Num Ruta: 46
Ingresos: 575.758
Costos: 336.893014859
Utilidad Ruta: 238.864985141
Costo Reducido: 65.8270609875
Nodos: [103, 9, 44, 14, 49, 32, 67, 33, 68, 713]
q: [0, 11.0, -11.0, 8.0, -8.0, 11.0, -11.0, 5.0, -5.0, 0]
Q: [0, 11.0, 0.0, 8.0, 0.0, 11.0, 0.0, 5.0, 0.0, 0]
B: [0.0, 37.2069129329, 66.73414993540001, 112.0, 124.021711775, 309.0, 319.4016530417, 437.0, 478.9526650524, 482.64754055775]
