Avion: 5      Iteracion: 6

Num Ruta: 10
Ingresos: 1406.224
Costos: 493.265705848
Utilidad Ruta: 912.958294152
Costo Reducido: 690.508324106
Nodos: [105, 17, 16, 51, 52, 30, 65, 14, 49, 18, 53, 25, 60, 29, 64, 715]
q: [0, 5.0, 9.0, -9.0, -5.0, 11.0, -11.0, 8.0, -8.0, 10.0, -10.0, 10.0, -10.0, 9.0, -9.0, 0]
Q: [0, 5.0, 14.0, 5.0, 0.0, 11.0, 0.0, 8.0, 0.0, 10.0, 0.0, 10.0, 0.0, 9.0, 0.0, 0]
B: [0.0, 35.8094227823, 70.6108997625, 80.23499120014, 94.88275997224, 98.02721445593, 116.74123711272999, 144.53717776962998, 156.55888954462998, 293.0, 316.8182362487, 410.0, 427.1849823101, 549.0, 582.7797797802, 630.090723715]
