Avion: 2      Iteracion: 7

Num Ruta: 6
Ingresos: 2489.899
Costos: 712.288416579
Utilidad Ruta: 1777.61058342
Costo Reducido: 586.729531639
Nodos: [102, 9, 12, 44, 30, 16, 51, 65, 47, 10, 45, 3, 38, 23, 58, 34, 22, 69, 57, 25, 60, 13, 48, 31, 66, 712]
q: [0.0, 11.0, 0.0, -11.0, 11.0, 4.0, -4.0, -11.0, 0.0, 12.0, -12.0, 13.0, -13.0, 10.0, -10.0, 8.0, 7.0, -8.0, -7.0, 10.0, -10.0, 15.0, -15.0, 9.0, -9.0, 0.0]
Q: [0.0, 11.0, 11.0, 0.0, 11.0, 15.0, 11.0, 0.0, 0.0, 12.0, 0.0, 13.0, 0.0, 10.0, 0.0, 8.0, 15.0, 7.0, 0.0, 10.0, 0.0, 15.0, 0.0, 9.0, 0.0, 0.0]
B: [0.0, 29.8362865317, 54.0, 64.7870367571, 80.5749370925, 88.77752839038, 98.40161982802, 101.27277638941, 124.06863445620999, 132.78640481335998, 162.30591554775998, 256.0, 261.08428175852, 267.0, 306.733842905, 322.0, 350.0636833826, 364.6328500369, 375.22310036439995, 410.0, 427.1849823101, 443.186042775, 460.069193725, 464.5267071574, 492.8521862354, 518.7452459426]
