Avion: 7      Iteracion: 94

Num Ruta: 71
Ingresos: 1427.934
Costos: 209.440739275
Utilidad Ruta: 1218.49326073
Costo Reducido: 6.96178762463
Nodos: [107, 9, 44, 14, 49, 3, 38, 23, 58, 22, 57, 717]
q: [0, 11.0, -11.0, 8.0, -8.0, 13.0, -13.0, 10.0, -10.0, 10.0, -10.0, 0]
Q: [0, 11.0, 0.0, 8.0, 0.0, 13.0, 0.0, 10.0, 0.0, 10.0, 0.0, 0]
B: [0.0, 46.0648734938, 75.5921104963, 112.0, 124.021711775, 256.0, 261.08428175852, 267.0, 306.733842905, 322.49026689650003, 344.24495303540004, 346.21174178867005]
