Avion: 3      Iteracion: 45

Num Ruta: 32
Ingresos: 588.639
Costos: 233.535585117
Utilidad Ruta: 355.103414883
Costo Reducido: 8.46248908689
Nodos: [103, 11, 46, 28, 31, 66, 63, 713]
q: [0, 6.0, -6.0, 6.0, 9.0, -9.0, -6.0, 0]
Q: [0, 6.0, 0.0, 6.0, 15.0, 6.0, 0.0, 0]
B: [0.0, 169.0, 173.05406684701, 378.0, 406.0, 434.325479078, 462.7399107809, 483.489863576]
