Avion: 6      Iteracion: 39

Num Ruta: 39
Ingresos: 2541.153
Costos: 409.989201116
Utilidad Ruta: 2131.16379888
Costo Reducido: 119.028511461
Nodos: [106, 9, 44, 24, 59, 1, 36, 35, 70, 3, 38, 23, 57, 22, 58, 34, 69, 8, 43, 6, 41, 5, 40, 716]
q: [0.0, 11.0, -11.0, 11.0, -11.0, 7.0, -7.0, 8.0, -8.0, 13.0, -13.0, 10.0, -10.0, 10.0, -10.0, 8.0, -8.0, 8.0, -8.0, 4.0, -4.0, 0.0, 0.0, 0.0]
Q: [0.0, 11.0, 0.0, 11.0, 0.0, 7.0, 0.0, 8.0, 0.0, 13.0, 0.0, 10.0, 0.0, 10.0, 0.0, 8.0, 0.0, 8.0, 0.0, 4.0, 0.0, 0.0, 0.0, 0.0]
B: [0.0, 51.9831585901, 81.51039559259999, 105.65064548769999, 144.1635957902, 175.0, 209.2400855285, 270.0, 281.922738989, 301.6759641434, 306.76024590192, 310.12273322531996, 320.0, 341.7546861389, 357.5111101304, 371.77005714620003, 408.21018736, 414.0, 434.768396616, 443.95906824543, 447.65135764362, 469.0, 470.12168890518, 476.84504297885]
