Avion: 1      Iteracion: 23

Num Ruta: 17
Ingresos: 976.403
Costos: 252.183672368
Utilidad Ruta: 724.219327632
Costo Reducido: 107.266604578
Nodos: [101, 1, 36, 8, 19, 54, 43, 6, 41, 711]
q: [0, 7.0, -7.0, 8.0, 7.0, -7.0, -8.0, 4.0, -4.0, 0]
Q: [0, 7.0, 0.0, 8.0, 15.0, 8.0, 0.0, 4.0, 0.0, 0]
B: [0.0, 175.0, 209.2400855285, 414.0, 437.1608815463, 463.7879978378, 466.71611702935996, 475.90678865879, 479.59907805698, 497.74910285038]
