Avion: 6      Iteracion: 54

Num Ruta: 50
Ingresos: 771.001
Costos: 258.274967196
Utilidad Ruta: 512.726032804
Costo Reducido: 54.046681622
Nodos: [106, 32, 67, 33, 6, 41, 13, 48, 68, 29, 64, 716]
q: [0.0, 11.0, -11.0, 5.0, 4.0, -4.0, 10.0, -10.0, -5.0, 9.0, -9.0, 0.0]
Q: [0.0, 11.0, 0.0, 5.0, 9.0, 5.0, 15.0, 5.0, 0.0, 9.0, 0.0, 0.0]
B: [0.0, 309.0, 319.4016530417, 437.0, 463.1548069196, 466.84709631779, 480.25716242499, 497.14031337499, 502.48836367393, 549.0, 582.7797797802, 603.1769870644999]
