Avion: 6      Iteracion: 28

Num Ruta: 31
Ingresos: 1245.416
Costos: 337.831667906
Utilidad Ruta: 907.584332094
Costo Reducido: 118.427502936
Nodos: [106, 32, 67, 26, 34, 61, 69, 19, 33, 54, 6, 41, 5, 40, 68, 27, 62, 716]
q: [0.0, 11.0, -11.0, 7.0, 8.0, -7.0, -8.0, 7.0, 5.0, -7.0, 4.0, -4.0, 9.0, -9.0, -5.0, 6.0, -6.0, 0.0]
Q: [0.0, 11.0, 0.0, 7.0, 15.0, 8.0, 0.0, 7.0, 12.0, 5.0, 9.0, 5.0, 14.0, 5.0, 0.0, 6.0, 0.0, 0.0]
B: [0.0, 309.0, 319.4016530417, 332.1221722921, 348.0493993263, 362.9626454183, 387.9493993691, 408.4892156292, 445.0827759916, 466.63116976, 478.42218875749995, 482.11447815568994, 500.5033383704899, 501.62502727566994, 530.63740189407, 552.51823352817, 569.5490958962699, 579.25476624921]
