Avion: 1      Iteracion: 63

Num Ruta: 41
Ingresos: 1525.562
Costos: 340.162148754
Utilidad Ruta: 1185.39985125
Costo Reducido: 28.0629255328
Nodos: [101, 1, 36, 8, 19, 54, 43, 33, 68, 29, 64, 711]
q: [0, 7.0, -7.0, 8.0, 7.0, -7.0, -8.0, 5.0, -5.0, 9.0, -9.0, 0]
Q: [0, 7.0, 0.0, 8.0, 15.0, 8.0, 0.0, 5.0, 0.0, 9.0, 0.0, 0]
B: [0.0, 175.0, 209.2400855285, 414.0, 437.1608815463, 463.7879978378, 466.71611702935996, 489.99048404546, 531.94314909786, 549.0, 582.7797797802, 598.8802887473]
