Avion: 6      Iteracion: 31

Num Ruta: 33
Ingresos: 1453.347
Costos: 278.81452549
Utilidad Ruta: 1174.53247451
Costo Reducido: 99.8797718315
Nodos: [106, 1, 36, 35, 70, 18, 57, 22, 53, 34, 69, 8, 43, 6, 41, 5, 40, 716]
q: [0.0, 7.0, -7.0, 8.0, -8.0, 10.0, -10.0, 10.0, -10.0, 8.0, -8.0, 8.0, -8.0, 0.0, 0.0, 9.0, -9.0, 0.0]
Q: [0.0, 7.0, 0.0, 8.0, 0.0, 10.0, 0.0, 10.0, 0.0, 8.0, 0.0, 8.0, 0.0, 0.0, 0.0, 9.0, 0.0, 0.0]
B: [0.0, 175.0, 209.2400855285, 270.0, 281.922738989, 302.3408921131, 320.0, 341.7546861389, 357.2375335514, 380.7082445121, 417.1483747259, 419.79454970122, 440.56294631722, 449.75361794665, 453.44590734484, 471.83476755964, 472.95645646482, 479.67981053849]
