Avion: 2      Iteracion: 78

Num Ruta: 61
Ingresos: 2954.108
Costos: 666.670763646
Utilidad Ruta: 2287.43723635
Costo Reducido: 43.6928130117
Nodos: [102, 16, 51, 9, 44, 14, 49, 3, 38, 35, 70, 26, 34, 61, 22, 69, 57, 19, 33, 54, 13, 48, 68, 21, 20, 56, 55, 2, 37, 712]
q: [0.0, 0.0, 0.0, 11.0, -11.0, 8.0, -8.0, 13.0, -13.0, 8.0, -8.0, 7.0, 8.0, -7.0, 7.0, -8.0, -7.0, 7.0, 5.0, -7.0, 0.0, 0.0, -5.0, 12.0, 0.0, -12.0, 0.0, 10.0, -10.0, 0.0]
Q: [0.0, 0.0, 0.0, 11.0, 0.0, 8.0, 0.0, 13.0, 0.0, 8.0, 0.0, 7.0, 15.0, 8.0, 15.0, 7.0, 0.0, 7.0, 12.0, 5.0, 5.0, 5.0, 0.0, 12.0, 12.0, 0.0, 0.0, 10.0, 0.0, 0.0]
B: [0.0, 36.0, 45.624091437640004, 75.68094759394, 105.20818459644, 115.46499131194001, 127.48670308694001, 256.0, 261.08428175852, 274.08526633661995, 286.00800532561993, 300.35886749481995, 322.0, 336.913246092, 350.5474267421, 365.1165933964, 375.70684372389996, 402.0, 438.5935603624, 460.1419541308, 464.36957343722, 481.25272438722004, 486.60077468616004, 497.48025206336, 502.22965844732, 538.65495016882, 559.25437079172, 566.58466805718, 607.31963010458, 611.4353765739301]
