Avion: 7      Iteracion: 18

Num Ruta: 22
Ingresos: 3320.88
Costos: 593.097225305
Utilidad Ruta: 2727.78277469
Costo Reducido: 72.0343007074
Nodos: [107, 24, 59, 30, 65, 14, 49, 3, 38, 23, 58, 34, 22, 57, 69, 19, 8, 54, 43, 13, 48, 6, 41, 2, 27, 37, 4, 39, 62, 717]
q: [0.0, 11.0, -11.0, 11.0, -11.0, 8.0, -8.0, 13.0, -13.0, 10.0, -10.0, 8.0, 7.0, -7.0, -8.0, 7.0, 8.0, -7.0, -8.0, 15.0, -15.0, 4.0, -4.0, 9.0, 6.0, -9.0, 3.0, -3.0, -6.0, 0.0]
Q: [0.0, 11.0, 0.0, 11.0, 0.0, 8.0, 0.0, 13.0, 0.0, 10.0, 0.0, 8.0, 15.0, 8.0, 0.0, 7.0, 15.0, 8.0, 0.0, 15.0, 0.0, 4.0, 0.0, 9.0, 15.0, 6.0, 9.0, 6.0, 0.0, 0.0]
B: [0.0, 61.0, 99.5129503025, 119.7810717004, 138.4950943572, 166.2910350141, 178.3127467891, 256.0, 261.08428175852, 267.0, 306.733842905, 322.0, 350.0636833826, 371.8183695215, 382.408619849, 402.9484361091, 426.1093176554, 444.0662770862, 446.99439627775996, 449.20507241866994, 466.08822336866996, 490.31117199186997, 494.00346139005995, 522.0, 547.7839683718, 572.749620336, 586.2003761512, 606.6261258314, 612.04138436632, 635.48637267942]
