Avion: 4      Iteracion: 78

Num Ruta: 55
Ingresos: 1684.541
Costos: 425.388739168
Utilidad Ruta: 1259.15226083
Costo Reducido: 61.1806030602
Nodos: [104, 17, 52, 9, 44, 14, 49, 11, 46, 22, 57, 32, 67, 33, 68, 29, 64, 714]
q: [0, 5.0, -5.0, 11.0, -11.0, 8.0, -8.0, 6.0, -6.0, 10.0, -10.0, 11.0, -11.0, 5.0, -5.0, 9.0, -9.0, 0]
Q: [0, 5.0, 0.0, 11.0, 0.0, 8.0, 0.0, 6.0, 0.0, 10.0, 0.0, 11.0, 0.0, 5.0, 0.0, 9.0, 0.0, 0]
B: [0.0, 24.0, 58.8425537813, 81.72911018459999, 111.25634718709999, 121.5131539026, 133.5348656776, 169.0, 173.05406684701, 299.0, 320.7546861389, 354.75446344700003, 365.15611648870004, 437.0, 478.9526650524, 549.0, 582.7797797802, 609.550209829]
