Avion: 6      Iteracion: 29

Num Ruta: 32
Ingresos: 1482.801
Costos: 297.161677643
Utilidad Ruta: 1185.63932236
Costo Reducido: 98.7702530172
Nodos: [106, 26, 61, 34, 69, 8, 33, 43, 6, 41, 5, 40, 68, 29, 27, 64, 62, 716]
q: [0, 10.0, -10.0, 8.0, -8.0, 8.0, 5.0, -8.0, 4.0, -4.0, 9.0, -9.0, -5.0, 9.0, 6.0, -9.0, -6.0, 0]
Q: [0, 10.0, 0.0, 8.0, 0.0, 8.0, 13.0, 5.0, 9.0, 5.0, 14.0, 5.0, 0.0, 9.0, 15.0, 6.0, 0.0, 0]
B: [0.0, 300.0, 317.5792279694, 332.4924740614, 368.9326042752, 414.0, 437.0, 460.2743670161, 469.46503864552994, 473.15732804371993, 491.5461882585199, 492.6678771636999, 521.6802517821, 549.0, 574.6018082369, 582.8182362320799, 598.26561380888, 607.97128416182]
