Avion: 3      Iteracion: 28

Num Ruta: 23
Ingresos: 1152.324
Costos: 236.163870686
Utilidad Ruta: 916.160129314
Costo Reducido: 45.803634704
Nodos: [103, 9, 65, 30, 44, 11, 46, 21, 56, 27, 62, 713]
q: [0.0, 11.0, -11.0, 11.0, -11.0, 6.0, -6.0, 12.0, -12.0, 6.0, -6.0, 0.0]
Q: [0.0, 11.0, 0.0, 11.0, 0.0, 6.0, 0.0, 12.0, 0.0, 6.0, 0.0, 0.0]
B: [0.0, 37.2069129329, 82.0, 100.7140226568, 116.5019229922, 169.0, 173.05406684701, 477.0, 517.7387906792, 538.0, 555.0308623681, 583.3015826454]
