Avion: 6      Iteracion: 96

Num Ruta: 82
Ingresos: 609.956
Costos: 211.132580553
Utilidad Ruta: 398.823419447
Costo Reducido: 11.5766859811
Nodos: [106, 34, 69, 33, 13, 48, 68, 5, 40, 716]
q: [0.0, 8.0, -8.0, 5.0, 10.0, -10.0, -5.0, 9.0, -9.0, 0.0]
Q: [0.0, 8.0, 0.0, 5.0, 15.0, 5.0, 0.0, 9.0, 0.0, 0.0]
B: [0.0, 322.0, 358.4401302138, 437.0, 462.372931896, 479.256082846, 484.60413314494, 513.57555073194, 514.69723963712, 521.42059371079]
