Avion: 2      Iteracion: 106

Num Ruta: 73
Ingresos: 2053.177
Costos: 477.880041606
Utilidad Ruta: 1575.29695839
Costo Reducido: 23.2815007497
Nodos: [102, 16, 51, 10, 45, 26, 34, 61, 22, 69, 57, 19, 33, 54, 13, 48, 68, 20, 4, 39, 55, 2, 37, 712]
q: [0.0, 9.0, -9.0, 12.0, -12.0, 0.0, 8.0, 0.0, 7.0, -8.0, -7.0, 7.0, 5.0, -7.0, 10.0, -10.0, -5.0, 0.0, 0.0, 0.0, 0.0, 10.0, -10.0, 0.0]
Q: [0.0, 9.0, 0.0, 12.0, 0.0, 0.0, 8.0, 8.0, 15.0, 7.0, 0.0, 7.0, 12.0, 5.0, 15.0, 5.0, 0.0, 0.0, 0.0, 0.0, 0.0, 10.0, 0.0, 0.0]
B: [0.0, 36.0, 45.624091437640004, 96.0, 125.5195107344, 300.0, 322.0, 336.913246092, 350.5474267421, 365.1165933964, 375.70684372389996, 402.0, 438.5935603624, 460.1419541308, 464.36957343722, 481.25272438722004, 486.60077468616004, 497.19155714076004, 529.0, 549.4257496801999, 561.2869729308, 568.6172701962599, 609.35223224366, 613.46797871301]
