Avion: 4      Iteracion: 59

Num Ruta: 42
Ingresos: 1328.131
Costos: 408.91813352
Utilidad Ruta: 919.21286648
Costo Reducido: 71.7952725586
Nodos: [104, 17, 52, 24, 9, 44, 59, 28, 63, 25, 60, 31, 66, 33, 5, 40, 68, 714]
q: [0.0, 0.0, 0.0, 11.0, 4.0, -4.0, -11.0, 6.0, -6.0, 10.0, -10.0, 9.0, -9.0, 5.0, 9.0, -9.0, -5.0, 0.0]
Q: [0.0, 0.0, 0.0, 11.0, 15.0, 11.0, 0.0, 6.0, 0.0, 10.0, 0.0, 9.0, 0.0, 5.0, 14.0, 5.0, 0.0, 0.0]
B: [0.0, 24.0, 58.8425537813, 75.400837086, 81.83771412381999, 111.36495112632, 136.42051454042, 378.0, 414.0266187839, 417.35999740026, 434.54497971036, 439.36662631707, 467.69210539507, 490.09026683747, 503.78843401417, 504.91012291935, 533.92249753775, 550.0969145287501]
