Avion: 1      Iteracion: 48

Num Ruta: 31
Ingresos: 779.214
Costos: 267.863879008
Utilidad Ruta: 511.350120992
Costo Reducido: 9.11147468018
Nodos: [101, 10, 45, 8, 19, 54, 43, 711]
q: [0, 12.0, -12.0, 8.0, 7.0, -7.0, -8.0, 0]
Q: [0, 12.0, 0.0, 8.0, 15.0, 8.0, 0.0, 0]
B: [0.0, 96.0, 125.5195107344, 414.0, 437.1608815463, 463.7879978378, 466.71611702935996, 472.42524831178997]
