Avion: 6      Iteracion: 7

Num Ruta: 11
Ingresos: 2101.575
Costos: 369.004232436
Utilidad Ruta: 1732.57076756
Costo Reducido: 513.975973186
Nodos: [106, 30, 16, 51, 65, 14, 49, 3, 38, 23, 58, 34, 22, 69, 57, 25, 60, 31, 66, 6, 41, 5, 40, 716]
q: [0.0, 11.0, 4.0, -4.0, -11.0, 8.0, -8.0, 13.0, -13.0, 10.0, -10.0, 8.0, 7.0, -8.0, -7.0, 10.0, -10.0, 9.0, -9.0, 4.0, -4.0, 9.0, -9.0, 0.0]
Q: [0.0, 11.0, 15.0, 11.0, 0.0, 8.0, 0.0, 13.0, 0.0, 10.0, 0.0, 8.0, 15.0, 7.0, 0.0, 10.0, 0.0, 9.0, 0.0, 4.0, 0.0, 9.0, 0.0, 0.0]
B: [0.0, 64.0, 72.20259129788, 81.82668273552001, 84.69783929691, 112.49377995381, 124.51549172881, 256.0, 261.08428175852, 267.0, 306.733842905, 322.0, 350.0636833826, 364.6328500369, 375.22310036439995, 410.0, 427.1849823101, 432.00662891681, 460.33210799481, 494.08848844350996, 497.78077784169994, 516.1696380564999, 517.2913269616799, 524.0146810353499]
