Avion: 4      Iteracion: 64

Num Ruta: 45
Ingresos: 1572.42
Costos: 394.365041282
Utilidad Ruta: 1178.05495872
Costo Reducido: 56.9689603452
Nodos: [104, 17, 52, 24, 9, 44, 59, 11, 46, 25, 60, 31, 33, 66, 68, 29, 64, 714]
q: [0.0, 5.0, -5.0, 11.0, 4.0, -4.0, -11.0, 6.0, -6.0, 0.0, 0.0, 9.0, 5.0, -9.0, -5.0, 9.0, -9.0, 0.0]
Q: [0.0, 5.0, 0.0, 11.0, 15.0, 11.0, 0.0, 6.0, 0.0, 0.0, 0.0, 9.0, 14.0, 5.0, 0.0, 9.0, 0.0, 0.0]
B: [0.0, 24.0, 58.8425537813, 75.400837086, 81.83771412381999, 111.36495112632, 136.42051454042, 169.0, 173.05406684701, 410.0, 427.1849823101, 432.00662891681, 469.50789920201, 491.90606064441, 522.85785149731, 549.0, 582.7797797802, 609.550209829]
