Avion: 4      Iteracion: 46

Num Ruta: 36
Ingresos: 763.078
Costos: 264.322875078
Utilidad Ruta: 498.755124922
Costo Reducido: 23.4098789039
Nodos: [104, 16, 51, 9, 44, 25, 60, 29, 64, 714]
q: [0, 9.0, -9.0, 11.0, -11.0, 10.0, -10.0, 9.0, -9.0, 0]
Q: [0, 9.0, 0.0, 11.0, 0.0, 10.0, 0.0, 9.0, 0.0, 0]
B: [0.0, 37.6306202048, 47.25471164244, 77.31156779874, 106.83880480124, 410.0, 427.1849823101, 549.0, 582.7797797802, 609.550209829]
