Avion: 6      Iteracion: 62

Num Ruta: 56
Ingresos: 2840.643
Costos: 467.858866172
Utilidad Ruta: 2372.78413383
Costo Reducido: 71.6645588531
Nodos: [106, 1, 36, 35, 70, 32, 67, 26, 34, 61, 69, 33, 8, 43, 13, 48, 68, 21, 27, 56, 2, 62, 37, 716]
q: [0.0, 7.0, -7.0, 8.0, -8.0, 11.0, -11.0, 7.0, 8.0, -7.0, -8.0, 5.0, 8.0, -8.0, 10.0, -10.0, -5.0, 12.0, 3.0, -12.0, 10.0, -3.0, -10.0, 0.0]
Q: [0.0, 7.0, 0.0, 8.0, 0.0, 11.0, 0.0, 7.0, 15.0, 8.0, 0.0, 5.0, 13.0, 5.0, 15.0, 5.0, 0.0, 12.0, 15.0, 3.0, 13.0, 10.0, 0.0, 0.0]
B: [0.0, 175.0, 209.2400855285, 270.0, 281.922738989, 309.0, 319.4016530417, 332.1221722921, 348.0493993263, 362.9626454183, 387.9493993691, 437.0, 450.76465480859997, 471.5330514246, 473.74372756550997, 490.62687851551, 495.97492881445, 506.85440619164996, 538.0, 551.1774481976, 575.0284619287, 586.4805350161, 615.8210653624001, 636.2467028310001]
