Avion: 6      Iteracion: 99

Num Ruta: 84
Ingresos: 2222.084
Costos: 464.939127024
Utilidad Ruta: 1757.14487298
Costo Reducido: 45.4455137365
Nodos: [106, 17, 52, 24, 59, 22, 57, 18, 53, 34, 69, 33, 6, 41, 13, 48, 68, 29, 4, 64, 39, 716]
q: [0.0, 5.0, -5.0, 11.0, -11.0, 10.0, -10.0, 10.0, -10.0, 8.0, -8.0, 5.0, 0.0, 0.0, 10.0, -10.0, -5.0, 9.0, 3.0, -9.0, -3.0, 0.0]
Q: [0.0, 5.0, 0.0, 11.0, 0.0, 10.0, 0.0, 10.0, 0.0, 8.0, 0.0, 5.0, 5.0, 5.0, 15.0, 5.0, 0.0, 9.0, 12.0, 3.0, 0.0, 0.0]
B: [0.0, 24.0, 58.8425537813, 75.400837086, 113.9137873885, 299.0, 320.7546861389, 334.15512273630003, 357.973358985, 381.4440699457, 417.8842001595, 437.0, 463.1548069196, 466.84709631779, 480.25716242499, 497.14031337499, 502.48836367393, 549.0, 569.7100026316, 592.5834067727, 604.8024778094, 619.4795926485]
