Avion: 6      Iteracion: 19

Num Ruta: 22
Ingresos: 3162.226
Costos: 544.957005346
Utilidad Ruta: 2617.26899465
Costo Reducido: 114.832290386
Nodos: [106, 9, 44, 14, 49, 3, 38, 23, 35, 70, 32, 67, 26, 61, 58, 34, 69, 8, 33, 6, 41, 43, 13, 48, 68, 21, 27, 56, 2, 62, 37, 716]
q: [0.0, 11.0, -11.0, 8.0, -8.0, 13.0, -13.0, 4.0, 8.0, -8.0, 11.0, -11.0, 10.0, -10.0, -4.0, 8.0, -8.0, 6.0, 5.0, 4.0, -4.0, -6.0, 10.0, -10.0, -5.0, 12.0, 3.0, -12.0, 10.0, -3.0, -10.0, 0.0]
Q: [0.0, 11.0, 0.0, 8.0, 0.0, 13.0, 0.0, 4.0, 12.0, 4.0, 15.0, 4.0, 14.0, 4.0, 0.0, 8.0, 0.0, 6.0, 11.0, 15.0, 11.0, 5.0, 15.0, 5.0, 0.0, 12.0, 15.0, 3.0, 13.0, 10.0, 0.0, 0.0]
B: [0.0, 51.9831585901, 81.51039559259999, 112.0, 124.021711775, 256.0, 261.08428175852, 267.0, 277.4634044651, 289.38614345409997, 309.0, 319.4016530417, 332.1221722921, 349.7014002615, 352.76847264408, 367.02741965988, 403.46754987368, 414.0, 437.0, 463.1548069196, 466.84709631779, 479.71309880498995, 481.92377494589994, 498.80692589589995, 504.15497619483995, 515.03445357204, 542.69971563474, 555.87716383234, 579.72817756344, 591.18025065084, 620.52078099714, 640.9464184657401]
