Avion: 6      Iteracion: 70

Num Ruta: 63
Ingresos: 1035.399
Costos: 280.759984437
Utilidad Ruta: 754.639015563
Costo Reducido: 20.7053317783
Nodos: [106, 34, 69, 19, 8, 33, 54, 43, 13, 48, 68, 716]
q: [0.0, 8.0, -8.0, 7.0, 3.0, 5.0, -7.0, -3.0, 10.0, -10.0, -5.0, 0.0]
Q: [0.0, 8.0, 0.0, 7.0, 10.0, 15.0, 8.0, 5.0, 15.0, 5.0, 0.0, 0.0]
B: [0.0, 322.0, 358.4401302138, 402.0, 425.1608815463, 438.92553635490003, 460.4739301233, 463.40204931486, 465.61272545577, 482.49587640577, 487.84392670471, 511.73637063581]
