Avion: 1      Iteracion: 29

Num Ruta: 21
Ingresos: 401.654
Costos: 251.968309379
Utilidad Ruta: 149.685690621
Costo Reducido: 37.0949478703
Nodos: [101, 30, 65, 24, 59, 711]
q: [0, 11.0, -11.0, 11.0, -11.0, 0]
Q: [0, 11.0, 0.0, 11.0, 0.0, 0]
B: [0.0, 64.0, 82.7140226568, 107.4479935471, 145.9609438496, 155.46686884404]
