Avion: 6      Iteracion: 11

Num Ruta: 14
Ingresos: 470.948
Costos: 258.725846406
Utilidad Ruta: 212.222153594
Costo Reducido: 200.821156955
Nodos: [106, 16, 51, 35, 70, 32, 67, 6, 41, 27, 4, 39, 62, 716]
q: [0, 9.0, -9.0, 8.0, -8.0, 11.0, -11.0, 4.0, -4.0, 6.0, 3.0, -3.0, -6.0, 0]
Q: [0, 9.0, 0.0, 8.0, 0.0, 11.0, 0.0, 4.0, 0.0, 6.0, 9.0, 6.0, 0.0, 0]
B: [0.0, 36.0, 45.624091437640004, 270.0, 281.922738989, 309.0, 319.4016530417, 436.0, 439.69228939819, 538.0, 555.6147745373, 576.0405242175, 581.45578275242, 591.16145310536]
