Avion: 2      Iteracion: 52

Num Ruta: 44
Ingresos: 2297.737
Costos: 623.540243622
Utilidad Ruta: 1674.19675638
Costo Reducido: 26.0401592773
Nodos: [102, 16, 51, 24, 59, 14, 49, 23, 35, 70, 26, 61, 58, 32, 67, 19, 54, 13, 48, 2, 37, 712]
q: [0.0, 9.0, -9.0, 11.0, -11.0, 8.0, -8.0, 7.0, 8.0, -8.0, 8.0, -8.0, -7.0, 11.0, -11.0, 7.0, -7.0, 15.0, -15.0, 10.0, -10.0, 0.0]
Q: [0.0, 9.0, 0.0, 11.0, 0.0, 8.0, 0.0, 7.0, 15.0, 7.0, 15.0, 7.0, 0.0, 11.0, 0.0, 7.0, 0.0, 15.0, 0.0, 10.0, 0.0, 0.0]
B: [0.0, 36.0, 45.624091437640004, 70.85029051714, 109.36324081964, 138.00961011834, 150.03132189334, 267.0, 277.4634044651, 289.38614345409997, 303.7370056233, 321.3162335927, 324.38330597528, 346.86761181288, 357.26926485458, 407.03450771548, 433.66162400698, 437.8892433134, 454.77239426340003, 522.0, 562.7349620474, 566.85070851675]
