Avion: 5      Iteracion: 103

Num Ruta: 58
Ingresos: 2568.067
Costos: 549.236827991
Utilidad Ruta: 2018.83017201
Costo Reducido: 17.9012783954
Nodos: [105, 9, 44, 30, 16, 65, 51, 22, 57, 18, 53, 28, 63, 13, 48, 21, 56, 2, 37, 715]
q: [0.0, 11.0, -11.0, 6.0, 9.0, -6.0, -9.0, 10.0, -10.0, 10.0, -10.0, 6.0, -6.0, 15.0, -15.0, 12.0, -12.0, 10.0, -10.0, 0.0]
Q: [0.0, 11.0, 0.0, 6.0, 15.0, 9.0, 0.0, 10.0, 0.0, 10.0, 0.0, 6.0, 0.0, 15.0, 0.0, 12.0, 0.0, 10.0, 0.0, 0.0]
B: [0.0, 31.4915482312, 61.0187852337, 76.8066855691, 85.00927686698, 95.82594862868001, 98.69710519007, 299.0, 320.7546861389, 334.15512273630003, 357.973358985, 378.0, 414.0266187839, 446.9799880805, 463.8631390305, 479.3745354215, 520.1133261007, 543.9643398318, 584.6993018792, 620.7038449953]
