Avion: 7      Iteracion: 4

Num Ruta: 8
Ingresos: 3306.608
Costos: 610.956429141
Utilidad Ruta: 2695.65157086
Costo Reducido: 2174.81048894
Nodos: [107, 14, 49, 11, 46, 1, 36, 3, 38, 23, 35, 70, 26, 58, 61, 18, 53, 28, 31, 63, 66, 8, 43, 6, 41, 4, 27, 62, 39, 2, 37, 717]
q: [0.0, 8.0, -8.0, 6.0, -6.0, 7.0, -7.0, 13.0, -13.0, 10.0, 5.0, -5.0, 5.0, -10.0, -5.0, 10.0, -10.0, 6.0, 9.0, -6.0, -9.0, 8.0, -8.0, 4.0, -4.0, 3.0, 6.0, -6.0, -3.0, 10.0, -10.0, 0.0]
Q: [0.0, 8.0, 0.0, 6.0, 0.0, 7.0, 0.0, 13.0, 0.0, 10.0, 15.0, 10.0, 15.0, 5.0, 0.0, 10.0, 0.0, 6.0, 15.0, 9.0, 0.0, 8.0, 0.0, 4.0, 0.0, 3.0, 9.0, 3.0, 0.0, 10.0, 0.0, 0.0]
B: [0.0, 112.0, 124.021711775, 169.0, 173.05406684701, 195.72351838431, 229.96360391281002, 256.0, 261.08428175852, 267.0, 277.4634044651, 289.38614345409997, 303.7370056233, 323.4233783974, 326.49045077998, 349.76912153238, 373.58735778107996, 382.72086055931, 406.0, 426.4968799577, 454.9113116606, 463.69415778244, 484.46255439844003, 493.65322602787, 497.34551542606, 529.0, 546.6147745373, 563.6456369054, 569.06089544032, 578.51536195092, 619.25032399832, 646.61045824502]
