Avion: 7      Iteracion: 27

Num Ruta: 30
Ingresos: 2101.11
Costos: 523.206362746
Utilidad Ruta: 1577.90363725
Costo Reducido: 76.6683983246
Nodos: [107, 14, 49, 11, 46, 1, 36, 3, 38, 23, 35, 70, 26, 58, 61, 34, 69, 25, 60, 31, 66, 6, 41, 27, 62, 717]
q: [0.0, 8.0, -8.0, 6.0, -6.0, 7.0, -7.0, 0.0, 0.0, 7.0, 8.0, -8.0, 8.0, -7.0, -8.0, 8.0, -8.0, 10.0, -10.0, 9.0, -9.0, 4.0, -4.0, 6.0, -6.0, 0.0]
Q: [0.0, 8.0, 0.0, 6.0, 0.0, 7.0, 0.0, 0.0, 0.0, 7.0, 15.0, 7.0, 15.0, 8.0, 0.0, 8.0, 0.0, 10.0, 0.0, 9.0, 0.0, 4.0, 0.0, 6.0, 0.0, 0.0]
B: [0.0, 112.0, 124.021711775, 169.0, 173.05406684701, 195.72351838431, 229.96360391281002, 256.0, 261.08428175852, 267.0, 277.4634044651, 289.38614345409997, 303.7370056233, 323.4233783974, 326.49045077998, 341.40369687198, 377.84382708578, 410.0, 427.1849823101, 432.00662891681, 460.33210799481, 494.08848844350996, 497.78077784169994, 538.0, 555.0308623681, 578.4758506812]
