Avion: 4      Iteracion: 108

Num Ruta: 73
Ingresos: 1420.223
Costos: 384.018074239
Utilidad Ruta: 1036.20492576
Costo Reducido: 1.79153617109
Nodos: [104, 17, 52, 9, 44, 1, 36, 35, 70, 32, 67, 33, 13, 48, 68, 714]
q: [0.0, 5.0, -5.0, 11.0, -11.0, 7.0, -7.0, 8.0, -8.0, 11.0, -11.0, 5.0, 10.0, -10.0, -5.0, 0.0]
Q: [0.0, 5.0, 0.0, 11.0, 0.0, 7.0, 0.0, 8.0, 0.0, 11.0, 0.0, 5.0, 15.0, 5.0, 0.0, 0.0]
B: [0.0, 24.0, 58.8425537813, 81.72911018459999, 111.25634718709999, 175.0, 209.2400855285, 270.0, 281.922738989, 309.0, 319.4016530417, 437.0, 462.372931896, 479.256082846, 484.60413314494, 500.77855013594]
