Avion: 2      Iteracion: 0

Num Ruta: 1
Ingresos: 1287.831
Costos: 549.176387598
Utilidad Ruta: 738.654612402
Costo Reducido: -
Nodos: [102, 24, 59, 13, 48, 31, 66, 21, 56, 712]
q: [0, 11.0, -11.0, 15.0, -15.0, 9.0, -9.0, 12.0, -12.0, 0]
Q: [0, 11.0, 0.0, 15.0, 0.0, 9.0, 0.0, 12.0, 0.0, 0]
B: [0.0, 61.0, 99.5129503025, 423.0, 439.88315095, 444.3406643824, 472.6661434604, 496.1319821413, 536.8707728205, 578.9675685655]
