Avion: 5      Iteracion: 1

Num Ruta: 5
Ingresos: 2080.414
Costos: 572.992701465
Utilidad Ruta: 1507.42129853
Costo Reducido: 1471.63271515
Nodos: [105, 17, 52, 30, 65, 10, 45, 23, 35, 70, 32, 67, 26, 61, 58, 34, 28, 69, 63, 715]
q: [0.0, 5.0, -5.0, 11.0, -11.0, 12.0, -12.0, 5.0, 8.0, -8.0, 10.0, -10.0, 10.0, -10.0, -5.0, 8.0, 6.0, -8.0, -6.0, 0.0]
Q: [0.0, 5.0, 0.0, 11.0, 0.0, 12.0, 0.0, 5.0, 13.0, 5.0, 15.0, 5.0, 15.0, 5.0, 0.0, 8.0, 14.0, 6.0, 0.0, 0.0]
B: [0.0, 35.8094227823, 70.65197656359999, 73.79643104728999, 92.51045370408998, 111.20350399018999, 140.72301472458997, 267.0, 277.4634044651, 289.38614345409997, 309.0, 319.4016530417, 332.1221722921, 349.7014002615, 352.76847264408, 367.02741965988, 383.06030748458005, 417.6755210473801, 449.6260768015801, 486.8626986945801]
