Avion: 4      Iteracion: 21

Num Ruta: 19
Ingresos: 1265.919
Costos: 475.362529718
Utilidad Ruta: 790.556470282
Costo Reducido: 77.59406454
Nodos: [104, 9, 44, 10, 45, 32, 67, 34, 69, 33, 68, 29, 64, 714]
q: [0, 11.0, -11.0, 12.0, -12.0, 11.0, -11.0, 8.0, -8.0, 5.0, -5.0, 9.0, -9.0, 0]
Q: [0, 11.0, 0.0, 12.0, 0.0, 11.0, 0.0, 8.0, 0.0, 5.0, 0.0, 9.0, 0.0, 0]
B: [0.0, 57.4296024799, 86.9568394824, 115.498952929, 145.01846366339998, 309.0, 319.4016530417, 346.1750898215, 382.6152200353, 437.0, 478.9526650524, 549.0, 582.7797797802, 609.550209829]
