Avion: 1      Iteracion: 13

Num Ruta: 10
Ingresos: 1356.674
Costos: 341.456533733
Utilidad Ruta: 1015.21746627
Costo Reducido: 139.945277552
Nodos: [101, 1, 36, 8, 19, 54, 43, 5, 33, 40, 68, 4, 39, 711]
q: [0, 7.0, -7.0, 8.0, 7.0, -7.0, -8.0, 9.0, 5.0, -9.0, -5.0, 3.0, -3.0, 0]
Q: [0, 7.0, 0.0, 8.0, 15.0, 8.0, 0.0, 9.0, 14.0, 5.0, 0.0, 3.0, 0.0, 0]
B: [0.0, 175.0, 209.2400855285, 414.0, 437.1608815463, 463.7879978378, 466.71611702935996, 476.46892790622996, 490.16709508292996, 503.45727378752997, 532.46964840593, 549.78718243943, 570.2129321196301, 587.02196421553]
