Avion: 2      Iteracion: 6

Num Ruta: 5
Ingresos: 2788.696
Costos: 707.020094584
Utilidad Ruta: 2081.67590542
Costo Reducido: 880.406016288
Nodos: [102, 17, 52, 30, 16, 51, 65, 24, 59, 11, 46, 23, 18, 53, 58, 26, 61, 13, 48, 25, 60, 21, 4, 39, 56, 712]
q: [0.0, 5.0, -5.0, 6.0, 9.0, -9.0, -6.0, 11.0, -11.0, 6.0, -6.0, 5.0, 10.0, -10.0, -5.0, 10.0, -10.0, 15.0, -15.0, 10.0, -10.0, 12.0, 3.0, -3.0, -12.0, 0.0]
Q: [0.0, 5.0, 0.0, 6.0, 15.0, 6.0, 0.0, 11.0, 0.0, 6.0, 0.0, 5.0, 15.0, 5.0, 0.0, 10.0, 0.0, 15.0, 0.0, 10.0, 0.0, 12.0, 15.0, 12.0, 0.0, 0.0]
B: [0.0, 33.3868157212, 68.22936950249999, 71.37382398618999, 79.57641528407, 89.20050672171, 92.0716632831, 116.8056341734, 155.3185844759, 174.13101316019998, 178.18508000721, 267.0, 293.0, 316.8182362487, 326.74376782137, 346.43014059547, 364.00936856487, 423.0, 439.88315095, 463.8957169312, 481.0806992413, 489.2494127263, 529.0, 549.4257496801999, 566.2286940948, 608.3254898398]
