Avion: 5      Iteracion: 12

Num Ruta: 15
Ingresos: 819.066
Costos: 351.803353978
Utilidad Ruta: 467.262646023
Costo Reducido: 149.639065315
Nodos: [105, 10, 45, 32, 67, 26, 61, 28, 63, 715]
q: [0, 12.0, -12.0, 11.0, -11.0, 10.0, -10.0, 6.0, -6.0, 0]
Q: [0, 12.0, 0.0, 11.0, 0.0, 10.0, 0.0, 6.0, 0.0, 0]
B: [0.0, 96.0, 125.5195107344, 309.0, 319.4016530417, 332.1221722921, 349.7014002615, 378.0, 414.0266187839, 451.2632406769]
