Avion: 1      Iteracion: 35

Num Ruta: 24
Ingresos: 850.338
Costos: 260.848345289
Utilidad Ruta: 589.489654711
Costo Reducido: 27.3034921477
Nodos: [101, 26, 61, 8, 19, 54, 43, 711]
q: [0, 10.0, -10.0, 8.0, 7.0, -7.0, -8.0, 0]
Q: [0, 10.0, 0.0, 8.0, 15.0, 8.0, 0.0, 0]
B: [0.0, 300.0, 317.5792279694, 414.0, 437.1608815463, 463.7879978378, 466.71611702935996, 472.42524831178997]
