Avion: 2      Iteracion: 51

Num Ruta: 43
Ingresos: 2575.657
Costos: 679.15116323
Utilidad Ruta: 1896.50583677
Costo Reducido: 90.853508399
Nodos: [102, 16, 51, 9, 24, 44, 59, 14, 49, 23, 35, 70, 32, 67, 26, 61, 58, 28, 63, 25, 19, 60, 54, 13, 48, 29, 4, 39, 64, 712]
q: [0.0, 9.0, -9.0, 4.0, 11.0, -4.0, -11.0, 8.0, -8.0, 5.0, 8.0, -8.0, 10.0, -10.0, 10.0, -10.0, -5.0, 6.0, -6.0, 8.0, 7.0, -8.0, -7.0, 15.0, -15.0, 9.0, 3.0, -3.0, -9.0, 0.0]
Q: [0.0, 9.0, 0.0, 4.0, 15.0, 11.0, 0.0, 8.0, 0.0, 5.0, 13.0, 5.0, 15.0, 5.0, 15.0, 5.0, 0.0, 6.0, 0.0, 8.0, 15.0, 7.0, 0.0, 15.0, 0.0, 9.0, 12.0, 9.0, 0.0, 0.0]
B: [0.0, 36.0, 45.624091437640004, 75.68094759394, 82.11782463176, 106.25807452686, 131.31363794096, 159.96000723966, 171.98171901466, 267.0, 277.4634044651, 289.38614345409997, 309.0, 319.4016530417, 332.1221722921, 349.7014002615, 352.76847264408, 378.0, 414.0266187839, 417.35999740026, 426.75200464046, 443.42489632125995, 460.21175275715996, 464.43937206358, 481.32252301358, 549.0, 569.7100026316, 590.1357523117999, 602.3548233485, 638.8408088223999]
