Avion: 1      Iteracion: 111

Num Ruta: 62
Ingresos: 2008.238
Costos: 392.400192964
Utilidad Ruta: 1615.83780704
Costo Reducido: 7.56003313508
Nodos: [101, 30, 65, 24, 59, 1, 36, 8, 19, 54, 43, 5, 33, 40, 68, 27, 2, 62, 37, 711]
q: [0.0, 11.0, -11.0, 11.0, -11.0, 7.0, -7.0, 0.0, 7.0, -7.0, 0.0, 9.0, 5.0, -9.0, -5.0, 6.0, 9.0, -6.0, -9.0, 0.0]
Q: [0.0, 11.0, 0.0, 11.0, 0.0, 7.0, 0.0, 0.0, 7.0, 0.0, 0.0, 9.0, 14.0, 5.0, 0.0, 6.0, 15.0, 9.0, 0.0, 0.0]
B: [0.0, 64.0, 82.7140226568, 107.4479935471, 145.9609438496, 175.0, 209.2400855285, 414.0, 437.1608815463, 463.7879978378, 466.71611702935996, 476.46892790622996, 490.16709508292996, 503.45727378752997, 532.46964840593, 554.35048004003, 580.13444841183, 591.58652149923, 620.9270518455301, 637.8767190399301]
