Avion: 2      Iteracion: 38

Num Ruta: 34
Ingresos: 1939.768
Costos: 607.829284984
Utilidad Ruta: 1331.93871502
Costo Reducido: 20.0952956006
Nodos: [102, 9, 44, 30, 16, 51, 65, 23, 35, 70, 58, 26, 61, 34, 28, 69, 63, 712]
q: [0.0, 11.0, -11.0, 6.0, 9.0, -9.0, -6.0, 10.0, 5.0, -5.0, -10.0, 10.0, -10.0, 8.0, 6.0, -8.0, -6.0, 0.0]
Q: [0.0, 11.0, 0.0, 6.0, 15.0, 6.0, 0.0, 10.0, 15.0, 10.0, 0.0, 10.0, 0.0, 8.0, 14.0, 6.0, 0.0, 0.0]
B: [0.0, 29.8362865317, 59.3635235342, 75.1514238696, 83.35401516748, 92.97810660512, 95.84926316651, 267.0, 277.4634044651, 289.38614345409997, 313.15284696969997, 332.83921974379996, 350.41844771319995, 365.33169380519996, 381.3645816299, 415.9797951927, 447.93035094690003, 455.96329274925006]
