Avion: 6      Iteracion: 32

Num Ruta: 34
Ingresos: 1911.982
Costos: 436.045497048
Utilidad Ruta: 1475.93650295
Costo Reducido: 81.3012607517
Nodos: [106, 30, 16, 51, 65, 1, 36, 3, 38, 23, 35, 70, 32, 67, 26, 61, 58, 34, 69, 33, 6, 41, 5, 40, 68, 27, 62, 716]
q: [0.0, 6.0, 9.0, -9.0, -6.0, 7.0, -7.0, 13.0, -13.0, 4.0, 8.0, -8.0, 11.0, -11.0, 10.0, -10.0, -4.0, 8.0, -8.0, 5.0, 0.0, 0.0, 9.0, -9.0, -5.0, 6.0, -6.0, 0.0]
Q: [0.0, 6.0, 15.0, 6.0, 0.0, 7.0, 0.0, 13.0, 0.0, 4.0, 12.0, 4.0, 15.0, 4.0, 14.0, 4.0, 0.0, 8.0, 0.0, 5.0, 5.0, 5.0, 14.0, 5.0, 0.0, 6.0, 0.0, 0.0]
B: [0.0, 64.0, 72.20259129788, 81.82668273552001, 84.69783929691, 175.0, 209.2400855285, 256.0, 261.08428175852, 267.0, 277.4634044651, 289.38614345409997, 309.0, 319.4016530417, 332.1221722921, 349.7014002615, 352.76847264408, 367.02741965988, 403.46754987368, 437.0, 463.1548069196, 466.84709631779, 485.23595653258997, 486.35764543777, 515.37002005617, 538.0, 555.0308623681, 564.73653272104]
