Avion: 7      Iteracion: 5

Num Ruta: 9
Ingresos: 2204.03
Costos: 552.243307681
Utilidad Ruta: 1651.78669232
Costo Reducido: 1437.12579639
Nodos: [107, 17, 52, 16, 51, 10, 45, 3, 38, 23, 58, 22, 57, 8, 43, 31, 66, 27, 2, 62, 37, 717]
q: [0.0, 5.0, -5.0, 9.0, -9.0, 12.0, -12.0, 0.0, 0.0, 0.0, 0.0, 10.0, -10.0, 8.0, -8.0, 9.0, -9.0, 5.0, 10.0, -5.0, -10.0, 0.0]
Q: [0.0, 5.0, 0.0, 9.0, 0.0, 12.0, 0.0, 0.0, 0.0, 0.0, 0.0, 10.0, 0.0, 8.0, 0.0, 9.0, 0.0, 5.0, 15.0, 10.0, 0.0, 0.0]
B: [0.0, 45.942580685, 80.78513446630001, 86.11677380144, 95.74086523908001, 111.57014244938001, 141.08965318378, 256.0, 261.08428175852, 267.0, 306.733842905, 322.49026689650003, 344.24495303540004, 414.0, 434.768396616, 451.8810179523, 480.2064970303, 538.0, 563.7839683718, 575.2360414592, 604.5765718055, 631.9367060522]
