Avion: 5      Iteracion: 96

Num Ruta: 55
Ingresos: 2958.37
Costos: 597.009206557
Utilidad Ruta: 2361.36079344
Costo Reducido: 114.593505768
Nodos: [105, 9, 44, 11, 46, 35, 70, 22, 57, 18, 53, 28, 63, 19, 33, 5, 40, 54, 21, 68, 27, 56, 2, 62, 37, 715]
q: [0.0, 11.0, -11.0, 6.0, -6.0, 8.0, -8.0, 10.0, -10.0, 10.0, -10.0, 6.0, -6.0, 7.0, 5.0, 3.0, -3.0, -7.0, 10.0, -5.0, 5.0, -10.0, 10.0, -5.0, -10.0, 0.0]
Q: [0.0, 11.0, 0.0, 6.0, 0.0, 8.0, 0.0, 10.0, 0.0, 10.0, 0.0, 6.0, 0.0, 7.0, 12.0, 15.0, 12.0, 5.0, 15.0, 10.0, 15.0, 5.0, 15.0, 10.0, 0.0, 0.0]
B: [0.0, 31.4915482312, 61.0187852337, 169.0, 173.05406684701, 270.0, 281.922738989, 299.64604976889996, 321.40073590779997, 334.8011725052, 358.61940875389996, 378.0, 414.0266187839, 426.5624120576, 463.15597242, 476.8541395967, 477.97582850188, 486.33176459546, 509.93862497546, 520.81810235266, 542.69893398676, 555.8763821843601, 579.7273959154601, 591.1794690028601, 620.5199993491601, 656.5245424652601]
