Avion: 7      Iteracion: 33

Num Ruta: 35
Ingresos: 1929.787
Costos: 371.083749092
Utilidad Ruta: 1558.70325091
Costo Reducido: 9.80591128977
Nodos: [107, 30, 65, 24, 59, 1, 36, 35, 70, 23, 58, 22, 57, 717]
q: [0, 11.0, -11.0, 11.0, -11.0, 7.0, -7.0, 8.0, -8.0, 10.0, -10.0, 10.0, -10.0, 0]
Q: [0, 11.0, 0.0, 11.0, 0.0, 7.0, 0.0, 8.0, 0.0, 10.0, 0.0, 10.0, 0.0, 0]
B: [0.0, 64.0, 82.7140226568, 107.4479935471, 145.9609438496, 175.0, 209.2400855285, 270.0, 281.922738989, 302.04960511369995, 341.78344801869997, 357.5398720102, 379.2945581491, 381.26134690237]
