Avion: 6      Iteracion: 3

Num Ruta: 7
Ingresos: 3551.138
Costos: 660.40743375
Utilidad Ruta: 2890.73056625
Costo Reducido: 2252.63983317
Nodos: [106, 16, 51, 9, 44, 10, 45, 1, 36, 35, 70, 26, 34, 61, 22, 57, 69, 28, 63, 25, 60, 21, 5, 40, 56, 2, 39, 4, 37, 716]
q: [0.0, 9.0, -9.0, 11.0, -11.0, 12.0, -12.0, 7.0, -7.0, 8.0, -8.0, 10.0, 5.0, -10.0, 10.0, -10.0, -5.0, 6.0, -6.0, 10.0, -10.0, 12.0, 3.0, -3.0, -12.0, 10.0, -3.0, 3.0, -10.0, 0.0]
Q: [0.0, 9.0, 0.0, 11.0, 0.0, 12.0, 0.0, 7.0, 0.0, 8.0, 0.0, 10.0, 15.0, 5.0, 15.0, 5.0, 0.0, 6.0, 0.0, 10.0, 0.0, 12.0, 15.0, 12.0, 0.0, 10.0, 7.0, 10.0, 0.0, 0.0]
B: [0.0, 36.0, 45.624091437640004, 75.68094759394, 105.20818459644, 133.75029804304, 163.26980877744, 201.68914994824001, 235.92923547674002, 270.0, 281.922738989, 300.0, 322.0, 336.913246092, 350.5474267421, 372.302112881, 382.8923632085, 417.5075767713, 453.53419555520003, 456.86757417156, 474.05255648166, 482.22126996666003, 510.83939319306, 511.96108209824, 534.70373077864, 558.55474450974, 568.00921102034, 588.4349607005399, 601.8857165157399, 622.3113539843399]
