Avion: 2      Iteracion: 103

Num Ruta: 72
Ingresos: 2006.313
Costos: 527.862946972
Utilidad Ruta: 1478.45005303
Costo Reducido: 9.52109453502
Nodos: [102, 16, 51, 9, 24, 44, 59, 10, 45, 32, 67, 26, 61, 28, 31, 63, 66, 13, 48, 20, 4, 39, 55, 2, 37, 712]
q: [0.0, 9.0, -9.0, 11.0, 4.0, -11.0, -4.0, 12.0, -12.0, 11.0, -11.0, 0.0, 0.0, 6.0, 9.0, -6.0, -9.0, 15.0, -15.0, 0.0, 3.0, -3.0, 0.0, 10.0, -10.0, 0.0]
Q: [0.0, 9.0, 0.0, 11.0, 15.0, 4.0, 0.0, 12.0, 0.0, 11.0, 0.0, 0.0, 0.0, 6.0, 15.0, 9.0, 0.0, 15.0, 0.0, 0.0, 3.0, 0.0, 0.0, 10.0, 0.0, 0.0]
B: [0.0, 36.0, 45.624091437640004, 75.68094759394, 82.11782463176, 106.25807452686, 131.31363794096, 143.09956862126, 172.61907935566, 309.0, 319.4016530417, 332.1221722921, 349.7014002615, 378.0, 406.0, 426.4968799577, 454.9113116606, 480.9527441289, 497.8358950789, 511.7664803143, 529.0, 549.4257496801999, 561.2869729308, 568.6172701962599, 609.35223224366, 613.46797871301]
