Avion: 6      Iteracion: 24

Num Ruta: 27
Ingresos: 3177.846
Costos: 486.651374838
Utilidad Ruta: 2691.19462516
Costo Reducido: 165.939370149
Nodos: [106, 30, 65, 3, 38, 23, 35, 70, 26, 61, 58, 34, 69, 8, 33, 43, 6, 41, 68, 21, 27, 56, 2, 62, 37, 716]
q: [0.0, 11.0, -11.0, 13.0, -13.0, 7.0, 8.0, -8.0, 8.0, -8.0, -7.0, 8.0, -8.0, 8.0, 5.0, -8.0, 4.0, -4.0, -5.0, 12.0, 3.0, -12.0, 10.0, -3.0, -10.0, 0.0]
Q: [0.0, 11.0, 0.0, 13.0, 0.0, 7.0, 15.0, 7.0, 15.0, 7.0, 0.0, 8.0, 0.0, 8.0, 13.0, 5.0, 9.0, 5.0, 0.0, 12.0, 15.0, 3.0, 13.0, 10.0, 0.0, 0.0]
B: [0.0, 64.0, 82.7140226568, 256.0, 261.08428175852, 267.0, 277.4634044651, 289.38614345409997, 303.7370056233, 321.3162335927, 324.38330597528, 338.64225299108, 375.08238320488, 414.0, 437.0, 460.2743670161, 469.46503864552994, 473.15732804371993, 504.23518886131995, 515.1146662385199, 542.7799283012199, 555.9573764988199, 579.80839022992, 591.2604633173199, 620.6009936636199, 641.0266311322199]
