Avion: 4      Iteracion: 0

Num Ruta: 1
Ingresos: 1547.669
Costos: 421.828672949
Utilidad Ruta: 1125.84032705
Costo Reducido: -
Nodos: [104, 9, 44, 23, 58, 6, 41, 33, 68, 29, 64, 714]
q: [0, 11.0, -11.0, 10.0, -10.0, 4.0, -4.0, 5.0, -5.0, 9.0, -9.0, 0]
Q: [0, 11.0, 0.0, 10.0, 0.0, 4.0, 0.0, 5.0, 0.0, 9.0, 0.0, 0]
B: [0.0, 57.4296024799, 86.9568394824, 267.0, 306.733842905, 436.0, 439.69228939819, 468.10954535299, 510.06221040539, 549.0, 582.7797797802, 609.550209829]
