Avion: 4      Iteracion: 27

Num Ruta: 25
Ingresos: 479.91
Costos: 314.859960002
Utilidad Ruta: 165.050039998
Costo Reducido: 6.9567517854
Nodos: [104, 30, 65, 33, 6, 41, 68, 714]
q: [0, 11.0, -11.0, 5.0, 4.0, -4.0, -5.0, 0]
Q: [0, 11.0, 0.0, 5.0, 9.0, 5.0, 0.0, 0]
B: [0.0, 64.0, 82.7140226568, 437.0, 463.1548069196, 466.84709631779, 497.92495713539, 514.09937412639]
