Avion: 1      Iteracion: 94

Num Ruta: 58
Ingresos: 1404.619
Costos: 420.937060599
Utilidad Ruta: 983.681939401
Costo Reducido: 3.58828681206
Nodos: [101, 30, 65, 24, 59, 1, 36, 35, 70, 32, 67, 34, 69, 33, 68, 711]
q: [0, 11.0, -11.0, 11.0, -11.0, 7.0, -7.0, 8.0, -8.0, 11.0, -11.0, 8.0, -8.0, 5.0, -5.0, 0]
Q: [0, 11.0, 0.0, 11.0, 0.0, 7.0, 0.0, 8.0, 0.0, 11.0, 0.0, 8.0, 0.0, 5.0, 0.0, 0]
B: [0.0, 64.0, 82.7140226568, 107.4479935471, 145.9609438496, 175.0, 209.2400855285, 270.0, 281.922738989, 309.0, 319.4016530417, 346.1750898215, 382.6152200353, 437.0, 478.9526650524, 496.1448322514]
