Avion: 7      Iteracion: 3

Num Ruta: 7
Ingresos: 3002.907
Costos: 692.718715047
Utilidad Ruta: 2310.18828495
Costo Reducido: 1936.93548879
Nodos: [107, 16, 51, 9, 44, 10, 45, 1, 36, 3, 38, 23, 35, 70, 26, 34, 61, 58, 22, 57, 69, 28, 31, 63, 66, 21, 4, 39, 56, 717]
q: [0.0, 9.0, -9.0, 11.0, -11.0, 12.0, -12.0, 7.0, -7.0, 0.0, 0.0, 0.0, 8.0, -8.0, 10.0, 5.0, -10.0, 0.0, 10.0, -10.0, -5.0, 6.0, 9.0, -6.0, -9.0, 12.0, 3.0, -3.0, -12.0, 0.0]
Q: [0.0, 9.0, 0.0, 11.0, 0.0, 12.0, 0.0, 7.0, 0.0, 0.0, 0.0, 0.0, 8.0, 0.0, 10.0, 15.0, 5.0, 5.0, 15.0, 5.0, 0.0, 6.0, 15.0, 9.0, 0.0, 12.0, 15.0, 12.0, 0.0, 0.0]
B: [0.0, 40.0989101099, 49.723001547539994, 79.77985770384, 109.30709470634, 137.84920815293998, 167.36871888733998, 205.78806005814, 240.02814558664, 256.0, 261.08428175852, 267.0, 277.4634044651, 289.38614345409997, 303.7370056233, 322.0, 336.913246092, 339.98031847458003, 355.73674246608005, 377.49142860498006, 388.08167893248003, 422.69689249528005, 438.31311204418006, 458.80999200188006, 487.22442370478007, 510.69026238568006, 529.0, 549.4257496801999, 566.2286940948, 609.8449650609999]
