Avion: 2      Iteracion: 0

Num Ruta: 2
Ingresos: 4213.059
Costos: 819.907591008
Utilidad Ruta: 3393.15140899
Costo Reducido: -
Nodos: [102, 17, 52, 30, 16, 51, 65, 24, 59, 1, 11, 46, 36, 3, 38, 23, 58, 26, 61, 22, 57, 19, 54, 13, 48, 31, 66, 21, 4, 39, 56, 712]
q: [0.0, 5.0, -5.0, 11.0, 4.0, -4.0, -11.0, 11.0, -11.0, 7.0, 6.0, -6.0, -7.0, 13.0, -13.0, 10.0, -10.0, 10.0, -10.0, 10.0, -10.0, 7.0, -7.0, 15.0, -15.0, 9.0, -9.0, 12.0, 3.0, -3.0, -12.0, 0.0]
Q: [0.0, 5.0, 0.0, 11.0, 15.0, 11.0, 0.0, 11.0, 0.0, 7.0, 13.0, 7.0, 0.0, 13.0, 0.0, 10.0, 0.0, 10.0, 0.0, 10.0, 0.0, 7.0, 0.0, 15.0, 0.0, 9.0, 0.0, 12.0, 15.0, 12.0, 0.0, 0.0]
B: [0.0, 33.3868157212, 68.22936950249999, 71.37382398618999, 79.57641528407, 89.20050672171, 92.0716632831, 116.8056341734, 155.3185844759, 175.0, 193.6808285951, 197.73489544211, 232.05062478011, 256.0, 261.08428175852, 267.0, 306.733842905, 326.4202156791, 343.9994436485, 357.6336242986, 379.3883104375, 402.0, 428.6271162915, 432.85473559792, 449.73788654792, 454.19539998032, 482.52087905832, 505.98671773922, 529.0, 549.4257496801999, 566.2286940948, 608.3254898398]
