Avion: 3      Iteracion: 38

Num Ruta: 28
Ingresos: 1048.326
Costos: 236.023731777
Utilidad Ruta: 812.302268223
Costo Reducido: 56.2980295374
Nodos: [103, 11, 46, 23, 58, 26, 61, 713]
q: [0, 6.0, -6.0, 10.0, -10.0, 10.0, -10.0, 0]
Q: [0, 6.0, 0.0, 10.0, 0.0, 10.0, 0.0, 0]
B: [0.0, 169.0, 173.05406684701, 267.0, 306.733842905, 326.4202156791, 343.9994436485, 360.1892405898]
