Avion: 4      Iteracion: 7

Num Ruta: 9
Ingresos: 1714.911
Costos: 467.375096868
Utilidad Ruta: 1247.53590313
Costo Reducido: 394.677932005
Nodos: [104, 9, 44, 3, 38, 23, 58, 34, 69, 31, 66, 25, 60, 714]
q: [0, 11.0, -11.0, 13.0, -13.0, 10.0, -10.0, 8.0, -8.0, 9.0, -9.0, 10.0, -10.0, 0]
Q: [0, 11.0, 0.0, 13.0, 0.0, 10.0, 0.0, 8.0, 0.0, 9.0, 0.0, 10.0, 0.0, 0]
B: [0.0, 57.4296024799, 86.9568394824, 256.0, 261.08428175852, 267.0, 306.733842905, 322.0, 358.4401302138, 406.0, 434.325479078, 459.752616235, 476.9375985451, 497.7133183401]
