Avion: 4      Iteracion: 83

Num Ruta: 56
Ingresos: 1435.116
Costos: 444.206817715
Utilidad Ruta: 990.909182285
Costo Reducido: 103.392486822
Nodos: [104, 17, 52, 9, 44, 14, 49, 1, 36, 35, 70, 32, 67, 33, 6, 41, 13, 48, 68, 29, 64, 714]
q: [0.0, 0.0, 0.0, 11.0, -11.0, 8.0, -8.0, 7.0, -7.0, 8.0, -8.0, 11.0, -11.0, 5.0, 4.0, -4.0, 10.0, -10.0, -5.0, 9.0, -9.0, 0.0]
Q: [0.0, 0.0, 0.0, 11.0, 0.0, 8.0, 0.0, 7.0, 0.0, 8.0, 0.0, 11.0, 0.0, 5.0, 9.0, 5.0, 15.0, 5.0, 0.0, 9.0, 0.0, 0.0]
B: [0.0, 24.0, 58.8425537813, 81.72911018459999, 111.25634718709999, 121.5131539026, 133.5348656776, 175.0, 209.2400855285, 270.0, 281.922738989, 309.0, 319.4016530417, 437.0, 463.1548069196, 466.84709631779, 480.25716242499, 497.14031337499, 502.48836367393, 549.0, 582.7797797802, 609.550209829]
