Avion: 4      Iteracion: 104

Num Ruta: 71
Ingresos: 1191.986
Costos: 366.164923576
Utilidad Ruta: 825.821076424
Costo Reducido: 3.35535562208
Nodos: [104, 17, 52, 9, 44, 10, 45, 32, 67, 33, 13, 48, 68, 714]
q: [0.0, 5.0, -5.0, 11.0, -11.0, 12.0, -12.0, 11.0, -11.0, 5.0, 10.0, -10.0, -5.0, 0.0]
Q: [0.0, 5.0, 0.0, 11.0, 0.0, 12.0, 0.0, 11.0, 0.0, 5.0, 15.0, 5.0, 0.0, 0.0]
B: [0.0, 24.0, 58.8425537813, 81.72911018459999, 111.25634718709999, 139.7984606337, 169.3179713681, 309.0, 319.4016530417, 437.0, 462.372931896, 479.256082846, 484.60413314494, 500.77855013594]
