Avion: 7      Iteracion: 9

Num Ruta: 13
Ingresos: 1830.467
Costos: 383.102138393
Utilidad Ruta: 1447.36486161
Costo Reducido: 286.791760894
Nodos: [107, 24, 59, 14, 49, 3, 38, 23, 35, 70, 34, 58, 22, 57, 69, 8, 31, 43, 66, 717]
q: [0.0, 11.0, -11.0, 8.0, -8.0, 0.0, 0.0, 7.0, 8.0, -8.0, 8.0, -7.0, 7.0, -7.0, -8.0, 8.0, 7.0, -8.0, -7.0, 0.0]
Q: [0.0, 11.0, 0.0, 8.0, 0.0, 0.0, 0.0, 7.0, 15.0, 7.0, 15.0, 8.0, 15.0, 8.0, 0.0, 8.0, 15.0, 7.0, 0.0, 0.0]
B: [0.0, 61.0, 99.5129503025, 128.1593196012, 140.1810313762, 256.0, 261.08428175852, 267.0, 277.4634044651, 289.38614345409997, 322.0, 336.2589470158, 352.0153710073, 373.77005714620003, 384.3603074737, 414.0, 443.118175166, 460.2307965023, 485.5699675227, 489.20468952031996]
