Avion: 5      Iteracion: 3

Num Ruta: 7
Ingresos: 2741.825
Costos: 623.346215571
Utilidad Ruta: 2118.47878443
Costo Reducido: 2309.76709144
Nodos: [105, 10, 45, 1, 36, 22, 57, 26, 61, 28, 31, 66, 63, 25, 60, 21, 4, 39, 56, 715]
q: [0, 12.0, -12.0, 7.0, -7.0, 10.0, -10.0, 10.0, -10.0, 6.0, 9.0, -9.0, -6.0, 10.0, -10.0, 12.0, 3.0, -3.0, -12.0, 0]
Q: [0, 12.0, 0.0, 7.0, 0.0, 10.0, 0.0, 10.0, 0.0, 6.0, 15.0, 6.0, 0.0, 10.0, 0.0, 12.0, 15.0, 12.0, 0.0, 0]
B: [0.0, 96.0, 125.5195107344, 175.0, 209.2400855285, 299.0, 320.7546861389, 357.0876895518, 374.6669175212, 385.0748345558, 406.0, 434.325479078, 462.7399107809, 466.07328939726, 483.25827170736, 491.42698519236, 529.0, 549.4257496801999, 566.2286940948, 619.5604385252999]
