Avion: 6      Iteracion: 71

Num Ruta: 64
Ingresos: 1328.134
Costos: 379.855214777
Utilidad Ruta: 948.278785223
Costo Reducido: 51.0203307179
Nodos: [106, 14, 49, 3, 38, 35, 70, 32, 67, 33, 13, 68, 48, 27, 62, 2, 37, 716]
q: [0.0, 8.0, -8.0, 13.0, -13.0, 8.0, -8.0, 11.0, -11.0, 5.0, 10.0, -5.0, -10.0, 6.0, -6.0, 10.0, -10.0, 0.0]
Q: [0.0, 8.0, 0.0, 13.0, 0.0, 8.0, 0.0, 11.0, 0.0, 5.0, 15.0, 10.0, 0.0, 6.0, 0.0, 10.0, 0.0, 0.0]
B: [0.0, 112.0, 124.021711775, 256.0, 261.08428175852, 274.08526633661995, 286.00800532561993, 309.0, 319.4016530417, 437.0, 462.372931896, 482.3437615232, 487.69181182214, 538.0, 555.0308623681, 566.4829354555, 607.2178975029, 627.6435349715]
