Avion: 1      Iteracion: 39

Num Ruta: 26
Ingresos: 1807.386
Costos: 499.290728965
Utilidad Ruta: 1308.09527103
Costo Reducido: 33.1244684424
Nodos: [101, 24, 59, 23, 35, 70, 26, 58, 61, 22, 57, 8, 33, 43, 68, 711]
q: [0.0, 11.0, -11.0, 5.0, 8.0, -8.0, 10.0, -5.0, -10.0, 10.0, -10.0, 8.0, 5.0, -8.0, -5.0, 0.0]
Q: [0.0, 11.0, 0.0, 5.0, 13.0, 5.0, 15.0, 10.0, 0.0, 10.0, 0.0, 8.0, 13.0, 5.0, 0.0, 0.0]
B: [0.0, 61.0, 99.5129503025, 267.0, 277.4634044651, 289.38614345409997, 303.7370056233, 323.4233783974, 326.49045077998, 340.12463143008, 361.87931756898, 414.0, 437.0, 460.2743670161, 482.23124805599997, 499.42341525499995]
