Avion: 4      Iteracion: 45

Num Ruta: 35
Ingresos: 376.176
Costos: 293.110141563
Utilidad Ruta: 83.0658584374
Costo Reducido: 31.4686008395
Nodos: [104, 34, 69, 13, 48, 714]
q: [0, 8.0, -8.0, 15.0, -15.0, 0]
Q: [0, 8.0, 0.0, 15.0, 0.0, 0]
B: [0.0, 322.0, 358.4401302138, 423.0, 439.88315095, 451.5624516568]
