Avion: 2      Iteracion: 27

Num Ruta: 25
Ingresos: 1771.684
Costos: 377.960249106
Utilidad Ruta: 1393.72375089
Costo Reducido: 180.273180052
Nodos: [102, 16, 51, 30, 65, 10, 45, 26, 61, 13, 48, 25, 60, 20, 4, 39, 55, 2, 37, 712]
q: [0, 9.0, -9.0, 11.0, -11.0, 12.0, -12.0, 10.0, -10.0, 15.0, -15.0, 10.0, -10.0, 0.0, 3.0, -3.0, -0.0, 10.0, -10.0, 0]
Q: [0, 9.0, 0.0, 11.0, 0.0, 12.0, 0.0, 10.0, 0.0, 15.0, 0.0, 10.0, 0.0, 0.0, 3.0, 0.0, 0.0, 10.0, 0.0, 0]
B: [0.0, 36.0, 45.624091437640004, 64.0, 82.7140226568, 101.4070729429, 130.92658367730002, 300.0, 317.5792279694, 423.0, 439.88315095, 463.8957169312, 481.0806992413, 496.0, 529.0, 549.4257496801999, 561.2869729308, 568.6172701962599, 609.35223224366, 613.46797871301]
