Avion: 6      Iteracion: 53

Num Ruta: 49
Ingresos: 1263.589
Costos: 408.603843111
Utilidad Ruta: 854.985156889
Costo Reducido: 68.8569126769
Nodos: [106, 16, 51, 24, 59, 32, 67, 26, 61, 34, 69, 33, 6, 41, 13, 48, 68, 716]
q: [0.0, 9.0, -9.0, 11.0, -11.0, 11.0, -11.0, 10.0, -10.0, 8.0, -8.0, 5.0, 4.0, -4.0, 10.0, -10.0, -5.0, 0.0]
Q: [0.0, 9.0, 0.0, 11.0, 0.0, 11.0, 0.0, 10.0, 0.0, 8.0, 0.0, 5.0, 9.0, 5.0, 15.0, 5.0, 0.0, 0.0]
B: [0.0, 36.0, 45.624091437640004, 70.85029051714, 109.36324081964, 309.0, 319.4016530417, 332.1221722921, 349.7014002615, 364.6146463535, 401.0547765673, 437.0, 463.1548069196, 466.84709631779, 480.25716242499, 497.14031337499, 502.48836367393, 526.38080760503]
