Avion: 4      Iteracion: 25

Num Ruta: 23
Ingresos: 350.994
Costos: 291.171679792
Utilidad Ruta: 59.8223202079
Costo Reducido: 12.6696398526
Nodos: [104, 9, 44, 18, 53, 714]
q: [0, 11.0, -11.0, 10.0, -10.0, 0]
Q: [0, 11.0, 0.0, 10.0, 0.0, 0]
B: [0.0, 57.4296024799, 86.9568394824, 293.0, 316.8182362487, 327.961889375]
