Avion: 3      Iteracion: 26

Num Ruta: 21
Ingresos: 959.667
Costos: 272.019116614
Utilidad Ruta: 687.647883386
Costo Reducido: 24.8071144663
Nodos: [103, 17, 30, 52, 16, 51, 65, 26, 61, 27, 62, 713]
q: [0.0, 5.0, 10.0, -5.0, 5.0, -5.0, -10.0, 10.0, -10.0, 6.0, -6.0, 0.0]
Q: [0.0, 5.0, 15.0, 10.0, 15.0, 10.0, 0.0, 10.0, 0.0, 6.0, 0.0, 0.0]
B: [0.0, 39.7453305433, 73.3590421503, 76.50349663399, 81.83513596913, 91.45922740677, 94.33038396815999, 300.0, 317.5792279694, 538.0, 555.0308623681, 583.3015826454]
