Avion: 2      Iteracion: 18

Num Ruta: 16
Ingresos: 586.836
Costos: 355.06423375
Utilidad Ruta: 231.77176625
Costo Reducido: 69.0159822279
Nodos: [102, 10, 45, 26, 61, 13, 48, 712]
q: [0, 12.0, -12.0, 10.0, -10.0, 15.0, -15.0, 0]
Q: [0, 12.0, 0.0, 10.0, 0.0, 15.0, 0.0, 0]
B: [0.0, 96.0, 125.5195107344, 300.0, 317.5792279694, 423.0, 439.88315095, 455.2736272259]
