Avion: 3      Iteracion: 11

Num Ruta: 11
Ingresos: 1049.865
Costos: 435.481127546
Utilidad Ruta: 614.383872454
Costo Reducido: 171.551904791
Nodos: [103, 9, 44, 16, 51, 35, 70, 3, 38, 25, 60, 29, 4, 39, 64, 713]
q: [0, 11.0, -11.0, 9.0, -9.0, 8.0, -8.0, 13.0, -13.0, 10.0, -10.0, 9.0, 3.0, -3.0, -9.0, 0]
Q: [0, 11.0, 0.0, 9.0, 0.0, 8.0, 0.0, 13.0, 0.0, 10.0, 0.0, 9.0, 12.0, 9.0, 0.0, 0]
B: [0.0, 37.2069129329, 66.73414993540001, 90.46393411060001, 100.08802554824001, 270.0, 281.922738989, 301.6759641434, 306.76024590192, 410.0, 427.1849823101, 549.0, 569.7100026316, 590.1357523117999, 602.3548233485, 628.7057429719]
