Avion: 6      Iteracion: 14

Num Ruta: 17
Ingresos: 1233.218
Costos: 297.709635951
Utilidad Ruta: 935.508364049
Costo Reducido: 117.571244851
Nodos: [106, 10, 45, 33, 68, 21, 56, 27, 62, 716]
q: [0, 12.0, -12.0, 5.0, -5.0, 12.0, -12.0, 6.0, -6.0, 0]
Q: [0, 12.0, 0.0, 5.0, 0.0, 12.0, 0.0, 6.0, 0.0, 0]
B: [0.0, 96.0, 125.5195107344, 437.0, 478.9526650524, 489.83214242959997, 530.5709331088, 543.7483813064, 560.7792436745, 570.48491402744]
