Avion: 5      Iteracion: 37

Num Ruta: 32
Ingresos: 794.452
Costos: 287.799560579
Utilidad Ruta: 506.652439421
Costo Reducido: 14.426544137
Nodos: [105, 30, 16, 65, 51, 26, 61, 22, 57, 715]
q: [0.0, 11.0, 0.0, -11.0, 0.0, 10.0, -10.0, 10.0, -10.0, 0.0]
Q: [0.0, 11.0, 11.0, 0.0, 0.0, 10.0, 0.0, 10.0, 0.0, 0.0]
B: [0.0, 64.0, 72.20259129788, 83.01926305958, 85.89041962097, 300.0, 317.5792279694, 331.2134086195, 352.9680947584, 362.12122367697003]
