Avion: 3      Iteracion: 17

Num Ruta: 15
Ingresos: 485.931
Costos: 276.885858767
Utilidad Ruta: 209.045141233
Costo Reducido: 58.0511089237
Nodos: [103, 24, 59, 31, 66, 713]
q: [0, 11.0, -11.0, 9.0, -9.0, 0]
Q: [0, 11.0, 0.0, 9.0, 0.0, 0]
B: [0.0, 61.0, 99.5129503025, 406.0, 434.325479078, 464.5879803956]
