Avion: 4      Iteracion: 61

Num Ruta: 43
Ingresos: 2114.867
Costos: 503.371533198
Utilidad Ruta: 1611.4954668
Costo Reducido: 45.8831373669
Nodos: [104, 17, 52, 24, 9, 44, 59, 11, 46, 22, 57, 28, 63, 25, 60, 31, 66, 33, 68, 714]
q: [0.0, 5.0, -5.0, 11.0, 4.0, -4.0, -11.0, 6.0, -6.0, 10.0, -10.0, 6.0, -6.0, 10.0, -10.0, 9.0, -9.0, 5.0, -5.0, 0.0]
Q: [0.0, 5.0, 0.0, 11.0, 15.0, 11.0, 0.0, 6.0, 0.0, 10.0, 0.0, 6.0, 0.0, 10.0, 0.0, 9.0, 0.0, 5.0, 0.0, 0.0]
B: [0.0, 24.0, 58.8425537813, 75.400837086, 81.83771412381999, 111.36495112632, 136.42051454042, 169.0, 173.05406684701, 299.0, 320.7546861389, 378.0, 414.0266187839, 417.35999740026, 434.54497971036, 439.36662631707, 467.69210539507, 490.09026683747, 532.04293188987, 548.2173488808701]
