Avion: 7      Iteracion: 87

Num Ruta: 68
Ingresos: 1632.689
Costos: 285.468790109
Utilidad Ruta: 1347.22020989
Costo Reducido: 3.39998129956
Nodos: [107, 14, 49, 3, 38, 23, 18, 53, 58, 22, 57, 19, 54, 13, 48, 31, 66, 717]
q: [0.0, 0.0, 0.0, 0.0, 0.0, 5.0, 10.0, -10.0, -5.0, 10.0, -10.0, 7.0, -7.0, 15.0, -15.0, 9.0, -9.0, 0.0]
Q: [0.0, 0.0, 0.0, 0.0, 0.0, 5.0, 15.0, 5.0, 0.0, 10.0, 0.0, 7.0, 0.0, 15.0, 0.0, 9.0, 0.0, 0.0]
B: [0.0, 112.0, 124.021711775, 256.0, 261.08428175852, 267.0, 293.0, 316.8182362487, 326.74376782137, 342.50019181287, 364.25487795177, 402.0, 428.6271162915, 432.85473559792, 449.73788654792, 454.19539998032, 482.52087905832, 486.15560105594]
