Avion: 6      Iteracion: 83

Num Ruta: 73
Ingresos: 1629.242
Costos: 344.129312655
Utilidad Ruta: 1285.11268735
Costo Reducido: 40.6764121229
Nodos: [106, 1, 36, 35, 70, 32, 67, 22, 57, 19, 8, 33, 54, 43, 13, 48, 68, 5, 40, 716]
q: [0.0, 7.0, -7.0, 8.0, -8.0, 11.0, -11.0, 10.0, -10.0, 7.0, 3.0, 5.0, -7.0, -3.0, 10.0, -10.0, -5.0, 0.0, 0.0, 0.0]
Q: [0.0, 7.0, 0.0, 8.0, 0.0, 11.0, 0.0, 10.0, 0.0, 7.0, 10.0, 15.0, 8.0, 5.0, 15.0, 5.0, 0.0, 0.0, 0.0, 0.0]
B: [0.0, 175.0, 209.2400855285, 270.0, 281.922738989, 309.0, 319.4016530417, 353.8662667781, 375.620952917, 402.0, 425.1608815463, 438.92553635490003, 460.4739301233, 463.40204931486, 465.61272545577, 482.49587640577, 487.84392670471, 516.81534429171, 517.93703319689, 524.6603872705599]
