Avion: 6      Iteracion: 5

Num Ruta: 9
Ingresos: 2138.025
Costos: 433.657954407
Utilidad Ruta: 1704.36704559
Costo Reducido: 1490.57780498
Nodos: [106, 17, 30, 52, 16, 65, 51, 10, 45, 32, 67, 8, 33, 6, 41, 43, 13, 48, 68, 27, 62, 2, 37, 716]
q: [0.0, 5.0, 6.0, -5.0, 9.0, -6.0, -9.0, 12.0, -12.0, 11.0, -11.0, 8.0, 5.0, 2.0, -2.0, -8.0, 10.0, -10.0, -5.0, 6.0, -6.0, 10.0, -10.0, 0.0]
Q: [0.0, 5.0, 11.0, 6.0, 15.0, 9.0, 0.0, 12.0, 0.0, 11.0, 0.0, 8.0, 13.0, 15.0, 13.0, 5.0, 15.0, 5.0, 0.0, 6.0, 0.0, 10.0, 0.0, 0.0]
B: [0.0, 24.0, 64.0, 67.14445448369, 72.47609381883, 83.29276558052999, 86.16392214191998, 101.99319935221999, 131.51271008662, 309.0, 319.4016530417, 414.0, 437.0, 463.1548069196, 466.84709631779, 479.71309880498995, 481.92377494589994, 498.80692589589995, 504.15497619483995, 538.0, 555.0308623681, 566.4829354555, 607.2178975029, 627.6435349715]
