Avion: 2      Iteracion: 15

Num Ruta: 13
Ingresos: 1025.294
Costos: 481.975988485
Utilidad Ruta: 543.318011515
Costo Reducido: 100.428883526
Nodos: [102, 28, 63, 13, 48, 2, 37, 712]
q: [0, 6.0, -6.0, 15.0, -15.0, 10.0, -10.0, 0]
Q: [0, 6.0, 0.0, 15.0, 0.0, 10.0, 0.0, 0]
B: [0.0, 378.0, 414.0266187839, 446.9799880805, 463.8631390305, 522.0, 562.7349620474, 566.85070851675]
