Avion: 7      Iteracion: 41

Num Ruta: 39
Ingresos: 1126.546
Costos: 369.843553648
Utilidad Ruta: 756.702446352
Costo Reducido: 10.8006608735
Nodos: [107, 9, 44, 14, 49, 3, 38, 23, 26, 58, 61, 32, 67, 34, 69, 717]
q: [0.0, 11.0, -11.0, 0.0, 0.0, 0.0, 0.0, 5.0, 10.0, -5.0, -10.0, 11.0, -11.0, 8.0, -8.0, 0.0]
Q: [0.0, 11.0, 0.0, 0.0, 0.0, 0.0, 0.0, 5.0, 15.0, 10.0, 0.0, 11.0, 0.0, 8.0, 0.0, 0.0]
B: [0.0, 46.0648734938, 75.5921104963, 112.0, 124.021711775, 256.0, 261.08428175852, 267.0, 301.4413435423, 321.1277163164, 324.19478869898, 344.24597380108, 354.64762684278, 381.42106362258005, 417.86119383638004, 426.6145561618]
