Avion: 5      Iteracion: 71

Num Ruta: 45
Ingresos: 1222.714
Costos: 443.61530672
Utilidad Ruta: 779.09869328
Costo Reducido: 105.60612772
Nodos: [105, 10, 45, 32, 67, 33, 68, 27, 62, 2, 37, 715]
q: [0, 12.0, -12.0, 11.0, -11.0, 5.0, -5.0, 6.0, -6.0, 10.0, -10.0, 0]
Q: [0, 12.0, 0.0, 11.0, 0.0, 5.0, 0.0, 6.0, 0.0, 10.0, 0.0, 0]
B: [0.0, 96.0, 125.5195107344, 309.0, 319.4016530417, 437.0, 478.9526650524, 538.0, 555.0308623681, 566.4829354555, 607.2178975029, 643.2224406189999]
