Avion: 6      Iteracion: 66

Num Ruta: 59
Ingresos: 3123.739
Costos: 567.461028315
Utilidad Ruta: 2556.27797169
Costo Reducido: 92.3589773336
Nodos: [106, 24, 30, 59, 10, 65, 45, 1, 36, 23, 35, 70, 18, 53, 58, 28, 31, 63, 19, 66, 8, 5, 40, 54, 43, 4, 29, 64, 39, 716]
q: [0.0, 11.0, 3.0, -11.0, 12.0, -3.0, -12.0, 7.0, -7.0, 7.0, 8.0, -8.0, 8.0, -8.0, -7.0, 6.0, 8.0, -6.0, 7.0, -8.0, 8.0, 0.0, 0.0, -7.0, -8.0, 3.0, 9.0, -9.0, -3.0, 0.0]
Q: [0.0, 11.0, 14.0, 3.0, 15.0, 12.0, 0.0, 7.0, 0.0, 7.0, 15.0, 7.0, 15.0, 7.0, 0.0, 6.0, 14.0, 8.0, 15.0, 7.0, 15.0, 15.0, 15.0, 8.0, 0.0, 3.0, 12.0, 3.0, 0.0, 0.0]
B: [0.0, 61.0, 79.2569011609, 99.5250225588, 111.3109532391, 130.0040035252, 148.9048014184, 187.32414258920002, 221.56422811770003, 267.0, 277.4634044651, 289.38614345409997, 309.80429657819997, 333.62253282689994, 343.54806439956997, 378.0, 406.0, 426.4968799577, 439.0326732314, 455.1338900798, 463.91673620164, 476.84510539504, 477.96679430022, 486.3227303938, 489.25084958535996, 529.0, 549.7100026316, 583.4897824118, 595.7088534485, 610.3859682876]
