Avion: 6      Iteracion: 20

Num Ruta: 23
Ingresos: 2653.536
Costos: 527.09743481
Utilidad Ruta: 2126.43856519
Costo Reducido: 128.016341834
Nodos: [106, 30, 65, 24, 59, 1, 11, 46, 36, 23, 32, 67, 26, 61, 58, 34, 69, 8, 33, 6, 41, 43, 13, 48, 68, 29, 27, 64, 62, 716]
q: [0.0, 11.0, -11.0, 11.0, -11.0, 7.0, 6.0, -6.0, -7.0, 4.0, 11.0, -11.0, 10.0, -10.0, -4.0, 8.0, -8.0, 6.0, 5.0, 4.0, -4.0, -6.0, 10.0, -10.0, -5.0, 9.0, 6.0, -9.0, -6.0, 0.0]
Q: [0.0, 11.0, 0.0, 11.0, 0.0, 7.0, 13.0, 7.0, 0.0, 4.0, 15.0, 4.0, 14.0, 4.0, 0.0, 8.0, 0.0, 6.0, 11.0, 15.0, 11.0, 5.0, 15.0, 5.0, 0.0, 9.0, 15.0, 6.0, 0.0, 0.0]
B: [0.0, 64.0, 82.7140226568, 107.4479935471, 145.9609438496, 175.0, 193.6808285951, 197.73489544211, 232.05062478011, 267.0, 309.0, 319.4016530417, 332.1221722921, 349.7014002615, 352.76847264408, 367.02741965988, 403.46754987368, 414.0, 437.0, 463.1548069196, 466.84709631779, 479.71309880498995, 481.92377494589994, 498.80692589589995, 504.15497619483995, 549.0, 574.6018082369, 582.8182362320799, 598.26561380888, 607.97128416182]
