Avion: 4      Iteracion: 77

Num Ruta: 54
Ingresos: 765.725
Costos: 326.414135764
Utilidad Ruta: 439.310864236
Costo Reducido: 7.65909382974
Nodos: [104, 11, 46, 25, 60, 31, 66, 33, 68, 714]
q: [0, 6.0, -6.0, 10.0, -10.0, 9.0, -9.0, 5.0, -5.0, 0]
Q: [0, 6.0, 0.0, 10.0, 0.0, 9.0, 0.0, 5.0, 0.0, 0]
B: [0.0, 169.0, 173.05406684701, 410.0, 427.1849823101, 432.00662891681, 460.33210799481, 482.73026943721, 524.68293448961, 540.8573514806101]
