Avion: 3      Iteracion: 34

Num Ruta: 25
Ingresos: 1546.508
Costos: 423.910861761
Utilidad Ruta: 1122.59713824
Costo Reducido: 117.324377198
Nodos: [103, 24, 9, 44, 59, 35, 70, 26, 61, 22, 57, 2, 37, 713]
q: [0.0, 4.0, 11.0, -11.0, -4.0, 8.0, -8.0, 10.0, -10.0, 10.0, -10.0, 10.0, -10.0, 0.0]
Q: [0.0, 4.0, 15.0, 4.0, 0.0, 8.0, 0.0, 10.0, 0.0, 10.0, 0.0, 10.0, 0.0, 0.0]
B: [0.0, 61.0, 67.43687703782, 96.96411404032, 122.01967745441999, 270.0, 281.922738989, 300.0, 317.5792279694, 331.2134086195, 352.9680947584, 522.0, 562.7349620474, 572.8298631366]
