Avion: 2      Iteracion: 19

Num Ruta: 17
Ingresos: 1168.27
Costos: 515.602388861
Utilidad Ruta: 652.667611139
Costo Reducido: 131.091682754
Nodos: [102, 16, 51, 9, 24, 44, 59, 14, 49, 3, 38, 35, 70, 32, 67, 2, 37, 712]
q: [0.0, 0.0, 0.0, 4.0, 11.0, -4.0, -11.0, 8.0, -8.0, 13.0, -13.0, 8.0, -8.0, 11.0, -11.0, 10.0, -10.0, 0.0]
Q: [0.0, 0.0, 0.0, 4.0, 15.0, 11.0, 0.0, 8.0, 0.0, 13.0, 0.0, 8.0, 0.0, 11.0, 0.0, 10.0, 0.0, 0.0]
B: [0.0, 36.0, 45.624091437640004, 75.68094759394, 82.11782463176, 106.25807452686, 131.31363794096, 159.96000723966, 171.98171901466, 256.0, 261.08428175852, 274.08526633661995, 286.00800532561993, 309.0, 319.4016530417, 522.0, 562.7349620474, 566.85070851675]
