Avion: 6      Iteracion: 35

Num Ruta: 36
Ingresos: 2131.507
Costos: 426.703140789
Utilidad Ruta: 1704.80385921
Costo Reducido: 169.174431122
Nodos: [106, 14, 49, 23, 35, 70, 32, 67, 26, 61, 58, 34, 69, 33, 6, 41, 5, 40, 68, 4, 2, 39, 37, 716]
q: [0.0, 8.0, -8.0, 5.0, 8.0, -8.0, 10.0, -10.0, 10.0, -10.0, -5.0, 8.0, -8.0, 5.0, 4.0, -4.0, 9.0, -9.0, -5.0, 3.0, 10.0, -3.0, -10.0, 0.0]
Q: [0.0, 8.0, 0.0, 5.0, 13.0, 5.0, 15.0, 5.0, 15.0, 5.0, 0.0, 8.0, 0.0, 5.0, 9.0, 5.0, 14.0, 5.0, 0.0, 3.0, 13.0, 10.0, 0.0, 0.0]
B: [0.0, 112.0, 124.021711775, 267.0, 277.4634044651, 289.38614345409997, 309.0, 319.4016530417, 332.1221722921, 349.7014002615, 352.76847264408, 367.02741965988, 403.46754987368, 437.0, 463.1548069196, 466.84709631779, 485.23595653258997, 486.35764543777, 515.37002005617, 532.68755408967, 560.05908669197, 569.51355320257, 602.7067639842701, 623.1324014528701]
