Avion: 5      Iteracion: 8

Num Ruta: 12
Ingresos: 1459.937
Costos: 429.859496978
Utilidad Ruta: 1030.07750302
Costo Reducido: 458.627805887
Nodos: [105, 9, 44, 11, 46, 1, 36, 35, 70, 22, 57, 18, 53, 28, 63, 715]
q: [0, 11.0, -11.0, 6.0, -6.0, 7.0, -7.0, 8.0, -8.0, 10.0, -10.0, 10.0, -10.0, 6.0, -6.0, 0]
Q: [0, 11.0, 0.0, 6.0, 0.0, 7.0, 0.0, 8.0, 0.0, 10.0, 0.0, 10.0, 0.0, 6.0, 0.0, 0]
B: [0.0, 31.4915482312, 61.0187852337, 169.0, 173.05406684701, 195.72351838431, 229.96360391281002, 270.0, 281.922738989, 299.64604976889996, 321.40073590779997, 334.8011725052, 358.61940875389996, 378.0, 414.0266187839, 451.2632406769]
