Avion: 1      Iteracion: 41

Num Ruta: 27
Ingresos: 501.638
Costos: 276.041221516
Utilidad Ruta: 225.596778484
Costo Reducido: 32.0074519083
Nodos: [101, 30, 65, 32, 67, 26, 61, 711]
q: [0, 11.0, -11.0, 11.0, -11.0, 10.0, -10.0, 0]
Q: [0, 11.0, 0.0, 11.0, 0.0, 10.0, 0.0, 0]
B: [0.0, 64.0, 82.7140226568, 309.0, 319.4016530417, 332.1221722921, 349.7014002615, 357.35516802646]
