Avion: 3      Iteracion: 94

Num Ruta: 47
Ingresos: 561.365
Costos: 221.275786611
Utilidad Ruta: 340.08921339
Costo Reducido: 3.43129341398
Nodos: [103, 11, 46, 31, 66, 33, 68, 713]
q: [0, 6.0, -6.0, 9.0, -9.0, 5.0, -5.0, 0]
Q: [0, 6.0, 0.0, 9.0, 0.0, 5.0, 0.0, 0]
B: [0.0, 169.0, 173.05406684701, 406.0, 434.325479078, 456.7236405204, 498.6763055728, 502.37118107815]
