Avion: 6      Iteracion: 90

Num Ruta: 78
Ingresos: 839.753
Costos: 248.625345998
Utilidad Ruta: 591.127654002
Costo Reducido: 37.3565705226
Nodos: [106, 34, 69, 33, 5, 40, 68, 29, 64, 716]
q: [0, 8.0, -8.0, 5.0, 9.0, -9.0, -5.0, 9.0, -9.0, 0]
Q: [0, 8.0, 0.0, 5.0, 14.0, 5.0, 0.0, 9.0, 0.0, 0]
B: [0.0, 322.0, 358.4401302138, 437.0, 469.0, 470.12168890518, 499.13406352358, 549.0, 582.7797797802, 603.1769870644999]
