Avion: 5      Iteracion: 95

Num Ruta: 54
Ingresos: 2467.364
Costos: 546.242730892
Utilidad Ruta: 1921.12126911
Costo Reducido: 2.02906599237
Nodos: [105, 30, 16, 65, 51, 35, 70, 22, 57, 18, 53, 28, 63, 33, 68, 21, 56, 2, 37, 715]
q: [0.0, 11.0, 4.0, -11.0, -4.0, 8.0, -8.0, 10.0, -10.0, 0.0, 0.0, 6.0, -6.0, 5.0, -5.0, 12.0, -12.0, 10.0, -10.0, 0.0]
Q: [0.0, 11.0, 15.0, 4.0, 0.0, 8.0, 0.0, 10.0, 0.0, 0.0, 0.0, 6.0, 0.0, 5.0, 0.0, 12.0, 0.0, 10.0, 0.0, 0.0]
B: [0.0, 64.0, 72.20259129788, 83.01926305958, 85.89041962097, 270.0, 281.922738989, 299.64604976889996, 321.40073590779997, 334.8011725052, 358.61940875389996, 378.0, 414.0266187839, 461.3515185831, 503.3041836355, 514.1836610127, 554.9224516918999, 578.773465423, 619.5084274704, 655.5129705864999]
