Avion: 3      Iteracion: 53

Num Ruta: 37
Ingresos: 716.48
Costos: 319.921765962
Utilidad Ruta: 396.558234038
Costo Reducido: 57.1210652272
Nodos: [103, 16, 51, 32, 67, 33, 68, 29, 64, 713]
q: [0, 9.0, -9.0, 11.0, -11.0, 5.0, -5.0, 9.0, -9.0, 0]
Q: [0, 9.0, 0.0, 11.0, 0.0, 5.0, 0.0, 9.0, 0.0, 0]
B: [0.0, 36.0, 45.624091437640004, 309.0, 319.4016530417, 437.0, 478.9526650524, 549.0, 582.7797797802, 609.1306994036]
