Avion: 2      Iteracion: 65

Num Ruta: 54
Ingresos: 1494.357
Costos: 503.173036791
Utilidad Ruta: 991.183963209
Costo Reducido: 21.488141673
Nodos: [102, 16, 30, 65, 51, 10, 45, 26, 61, 13, 48, 31, 66, 33, 68, 2, 37, 712]
q: [0.0, 0.0, 11.0, -11.0, 0.0, 12.0, -12.0, 0.0, 0.0, 0.0, 0.0, 9.0, -9.0, 5.0, -5.0, 10.0, -10.0, 0.0]
Q: [0.0, 0.0, 11.0, 0.0, 0.0, 12.0, 0.0, 0.0, 0.0, 0.0, 0.0, 9.0, 0.0, 5.0, 0.0, 10.0, 0.0, 0.0]
B: [0.0, 36.0, 64.0, 82.7140226568, 85.58517921818999, 101.41445642849, 130.93396716288999, 300.0, 317.5792279694, 423.0, 439.88315095, 444.3406643824, 472.6661434604, 495.0643049028, 537.0169699552, 579.5633881123, 620.2983501597, 624.41409662905]
