Avion: 1      Iteracion: 75

Num Ruta: 46
Ingresos: 1745.209
Costos: 257.551890356
Utilidad Ruta: 1487.65710964
Costo Reducido: 111.798509764
Nodos: [101, 17, 52, 30, 65, 24, 59, 1, 36, 8, 19, 54, 43, 711]
q: [0, 5.0, -5.0, 11.0, -11.0, 11.0, -11.0, 7.0, -7.0, 8.0, 7.0, -7.0, -8.0, 0]
Q: [0, 5.0, 0.0, 11.0, 0.0, 11.0, 0.0, 7.0, 0.0, 8.0, 15.0, 8.0, 0.0, 0]
B: [0.0, 24.0, 58.8425537813, 64.0, 82.7140226568, 107.4479935471, 145.9609438496, 175.0, 209.2400855285, 414.0, 437.1608815463, 463.7879978378, 466.71611702935996, 472.42524831178997]
