Avion: 4      Iteracion: 56

Num Ruta: 39
Ingresos: 1941.306
Costos: 488.80961936
Utilidad Ruta: 1452.49638064
Costo Reducido: 52.0026412018
Nodos: [104, 17, 52, 24, 9, 44, 59, 14, 49, 35, 70, 32, 67, 34, 28, 69, 19, 63, 25, 60, 54, 714]
q: [0.0, 5.0, -5.0, 11.0, 4.0, -4.0, -11.0, 8.0, -8.0, 8.0, -8.0, 11.0, -11.0, 8.0, 6.0, -8.0, 7.0, -6.0, 8.0, -8.0, -7.0, 0.0]
Q: [0.0, 5.0, 0.0, 11.0, 15.0, 11.0, 0.0, 8.0, 0.0, 8.0, 0.0, 11.0, 0.0, 8.0, 14.0, 6.0, 13.0, 7.0, 15.0, 7.0, 0.0, 0.0]
B: [0.0, 24.0, 58.8425537813, 75.400837086, 81.83771412381999, 111.36495112632, 136.42051454042, 165.06688383911998, 177.08859561411998, 270.0, 281.922738989, 309.0, 319.4016530417, 346.1750898215, 378.0, 412.6152135628, 433.1550298229, 445.6908230966, 449.02420171296, 466.20918402306, 482.99604045896, 509.24423418726]
