Avion: 2      Iteracion: 100

Num Ruta: 71
Ingresos: 1356.322
Costos: 362.946623314
Utilidad Ruta: 993.375376686
Costo Reducido: 22.4716961759
Nodos: [102, 16, 51, 10, 45, 26, 61, 13, 33, 68, 48, 20, 4, 39, 55, 2, 37, 712]
q: [0.0, 9.0, -9.0, 12.0, -12.0, 0.0, 0.0, 10.0, 5.0, -5.0, -10.0, 0.0, 3.0, -3.0, 0.0, 10.0, -10.0, 0.0]
Q: [0.0, 9.0, 0.0, 12.0, 0.0, 0.0, 0.0, 10.0, 15.0, 10.0, 0.0, 0.0, 3.0, 0.0, 0.0, 10.0, 0.0, 0.0]
B: [0.0, 36.0, 45.624091437640004, 96.0, 125.5195107344, 300.0, 317.5792279694, 423.0, 448.372931896, 490.3255969484, 495.67364724734, 509.60423248274, 529.0, 549.4257496801999, 561.2869729308, 568.6172701962599, 609.35223224366, 613.46797871301]
