Avion: 3      Iteracion: 39

Num Ruta: 29
Ingresos: 492.882
Costos: 269.780333631
Utilidad Ruta: 223.101666369
Costo Reducido: 19.3971329374
Nodos: [103, 24, 59, 26, 61, 713]
q: [0, 11.0, -11.0, 10.0, -10.0, 0]
Q: [0, 11.0, 0.0, 10.0, 0.0, 0]
B: [0.0, 61.0, 99.5129503025, 300.0, 317.5792279694, 333.7690249107]
