Avion: 7      Iteracion: 17

Num Ruta: 21
Ingresos: 1517.751
Costos: 395.509558945
Utilidad Ruta: 1122.24144105
Costo Reducido: 121.084747103
Nodos: [107, 30, 65, 24, 59, 1, 36, 3, 38, 23, 26, 34, 58, 61, 22, 69, 57, 717]
q: [0.0, 11.0, -11.0, 11.0, -11.0, 7.0, -7.0, 13.0, -13.0, 0.0, 7.0, 8.0, 0.0, -7.0, 7.0, -8.0, -7.0, 0.0]
Q: [0.0, 11.0, 0.0, 11.0, 0.0, 7.0, 0.0, 13.0, 0.0, 0.0, 7.0, 15.0, 15.0, 8.0, 15.0, 7.0, 0.0, 0.0]
B: [0.0, 64.0, 82.7140226568, 107.4479935471, 145.9609438496, 175.0, 209.2400855285, 256.0, 261.08428175852, 267.0, 301.4413435423, 322.0, 336.2589470158, 339.32601939838, 352.96020004848003, 367.52936670278, 378.11961703028, 380.08640578355]
