Avion: 3      Iteracion: 35

Num Ruta: 26
Ingresos: 934.084
Costos: 254.136372374
Utilidad Ruta: 679.947627626
Costo Reducido: 102.845106302
Nodos: [103, 11, 46, 26, 61, 6, 41, 2, 37, 713]
q: [0, 6.0, -6.0, 10.0, -10.0, 4.0, -4.0, 10.0, -10.0, 0]
Q: [0, 6.0, 0.0, 10.0, 0.0, 4.0, 0.0, 10.0, 0.0, 0]
B: [0.0, 169.0, 173.05406684701, 300.0, 317.5792279694, 436.0, 439.69228939819, 522.0, 562.7349620474, 572.8298631366]
