Avion: 2      Iteracion: 49

Num Ruta: 42
Ingresos: 1753.311
Costos: 468.059653305
Utilidad Ruta: 1285.25134669
Costo Reducido: 77.6723445517
Nodos: [102, 16, 51, 10, 45, 26, 34, 61, 22, 69, 57, 8, 33, 6, 41, 43, 13, 48, 68, 20, 4, 39, 55, 2, 37, 712]
q: [0.0, 9.0, -9.0, 12.0, -12.0, 10.0, 5.0, -10.0, 10.0, -5.0, -10.0, 6.0, 5.0, 4.0, -4.0, -6.0, 10.0, -10.0, -5.0, 0.0, 3.0, -3.0, 0.0, 0.0, 0.0, 0.0]
Q: [0.0, 9.0, 0.0, 12.0, 0.0, 10.0, 15.0, 5.0, 15.0, 10.0, 0.0, 6.0, 11.0, 15.0, 11.0, 5.0, 15.0, 5.0, 0.0, 0.0, 3.0, 0.0, 0.0, 0.0, 0.0, 0.0]
B: [0.0, 36.0, 45.624091437640004, 96.0, 125.5195107344, 300.0, 322.0, 336.913246092, 350.5474267421, 365.1165933964, 375.70684372389996, 414.0, 437.0, 463.1548069196, 466.84709631779, 479.71309880498995, 481.92377494589994, 498.80692589589995, 504.15497619483995, 514.74575864944, 529.0, 549.4257496801999, 561.2869729308, 568.6172701962599, 609.35223224366, 613.46797871301]
