Avion: 6      Iteracion: 2

Num Ruta: 6
Ingresos: 2601.288
Costos: 570.149640953
Utilidad Ruta: 2031.13835905
Costo Reducido: 2022.43474592
Nodos: [106, 16, 51, 24, 30, 59, 10, 65, 45, 3, 38, 22, 57, 26, 61, 28, 31, 63, 19, 66, 54, 6, 41, 5, 40, 4, 29, 64, 39, 716]
q: [0.0, 9.0, -9.0, 11.0, 4.0, -11.0, 11.0, -4.0, -11.0, 13.0, -13.0, 10.0, -10.0, 10.0, -10.0, 6.0, 8.0, -6.0, 7.0, -8.0, -7.0, 4.0, -4.0, 9.0, -9.0, 3.0, 9.0, -9.0, -3.0, 0.0]
Q: [0.0, 9.0, 0.0, 11.0, 15.0, 4.0, 15.0, 11.0, 0.0, 13.0, 0.0, 10.0, 0.0, 10.0, 0.0, 6.0, 14.0, 8.0, 15.0, 7.0, 0.0, 4.0, 0.0, 9.0, 0.0, 3.0, 12.0, 3.0, 0.0, 0.0]
B: [0.0, 36.0, 45.624091437640004, 70.85029051714, 89.10719167804, 109.37531307594, 121.16124375624, 139.85429404234, 158.75509193554, 256.0, 261.08428175852, 299.0, 320.7546861389, 357.0876895518, 374.6669175212, 385.0748345558, 406.0, 426.4968799577, 439.0326732314, 455.1338900798, 477.5520543668, 489.3430733643, 493.03536276248997, 511.42422297728996, 512.5459118824699, 529.0, 549.7100026316, 583.4897824118, 595.7088534485, 610.3859682876]
