Avion: 5      Iteracion: 33

Num Ruta: 30
Ingresos: 240.06
Costos: 257.790541132
Utilidad Ruta: -17.7305411321
Costo Reducido: 10.9878137451
Nodos: [105, 30, 65, 14, 49, 715]
q: [0, 11.0, -11.0, 8.0, -8.0, 0]
Q: [0, 11.0, 0.0, 8.0, 0.0, 0]
B: [0.0, 64.0, 82.7140226568, 112.0, 124.021711775, 130.10479397073]
