Avion: 1      Iteracion: 79

Num Ruta: 48
Ingresos: 1258.069
Costos: 382.721773472
Utilidad Ruta: 875.347226528
Costo Reducido: 9.07783122078
Nodos: [101, 1, 36, 35, 70, 32, 67, 26, 34, 61, 69, 19, 54, 711]
q: [0.0, 7.0, -7.0, 8.0, -8.0, 11.0, -11.0, 7.0, 8.0, -7.0, -8.0, 7.0, -7.0, 0.0]
Q: [0.0, 7.0, 0.0, 8.0, 0.0, 11.0, 0.0, 7.0, 15.0, 8.0, 0.0, 7.0, 0.0, 0.0]
B: [0.0, 175.0, 209.2400855285, 270.0, 281.922738989, 309.0, 319.4016530417, 332.1221722921, 348.0493993263, 362.9626454183, 387.9493993691, 408.4892156292, 435.11633192069996, 439.86185886719994]
