Avion: 2      Iteracion: 17

Num Ruta: 15
Ingresos: 1611.419
Costos: 590.345873374
Utilidad Ruta: 1021.07312663
Costo Reducido: 119.630928004
Nodos: [102, 9, 12, 44, 30, 16, 51, 65, 47, 10, 45, 26, 34, 61, 22, 69, 57, 13, 48, 31, 66, 712]
q: [0.0, 11.0, 0.0, -11.0, 11.0, 0.0, 0.0, -11.0, 0.0, 12.0, -12.0, 7.0, 8.0, -7.0, 7.0, -8.0, -7.0, 15.0, -15.0, 9.0, -9.0, 0.0]
Q: [0.0, 11.0, 11.0, 0.0, 11.0, 11.0, 11.0, 0.0, 0.0, 12.0, 0.0, 7.0, 15.0, 8.0, 15.0, 7.0, 0.0, 15.0, 0.0, 9.0, 0.0, 0.0]
B: [0.0, 29.8362865317, 54.0, 64.7870367571, 80.5749370925, 88.77752839038, 98.40161982802, 101.27277638941, 124.06863445620999, 132.78640481335998, 162.30591554775998, 300.0, 322.0, 336.913246092, 350.5474267421, 365.1165933964, 375.70684372389996, 423.0, 439.88315095, 444.3406643824, 472.6661434604, 498.5592031676]
