Avion: 6      Iteracion: 87

Num Ruta: 75
Ingresos: 864.442
Costos: 262.968773028
Utilidad Ruta: 601.473226972
Costo Reducido: 0.612623289087
Nodos: [106, 34, 32, 67, 69, 8, 33, 6, 41, 43, 13, 48, 68, 716]
q: [0.0, 8.0, 7.0, -7.0, -8.0, 6.0, 5.0, 4.0, -4.0, -6.0, 10.0, -10.0, -5.0, 0.0]
Q: [0.0, 8.0, 15.0, 8.0, 0.0, 6.0, 11.0, 15.0, 11.0, 5.0, 15.0, 5.0, 0.0, 0.0]
B: [0.0, 322.0, 342.0229178943, 352.424570936, 383.46685579070004, 414.0, 437.0, 463.1548069196, 466.84709631779, 479.71309880498995, 481.92377494589994, 498.80692589589995, 504.15497619483995, 528.04742012594]
