Avion: 3      Iteracion: 75

Num Ruta: 44
Ingresos: 204.36
Costos: 168.180717761
Utilidad Ruta: 36.179282239
Costo Reducido: 7.56299668518
Nodos: [103, 25, 60, 713]
q: [0, 10.0, -10.0, 0]
Q: [0, 10.0, 0.0, 0]
B: [0.0, 410.0, 427.1849823101, 433.64115555747]
