Avion: 4      Iteracion: 57

Num Ruta: 40
Ingresos: 1308.33
Costos: 394.572908163
Utilidad Ruta: 913.757091837
Costo Reducido: 47.1972387266
Nodos: [104, 17, 52, 24, 9, 44, 59, 10, 45, 32, 67, 33, 13, 48, 68, 714]
q: [0.0, 5.0, -5.0, 11.0, 4.0, -4.0, -11.0, 12.0, -12.0, 11.0, -11.0, 5.0, 10.0, -10.0, -5.0, 0.0]
Q: [0.0, 5.0, 0.0, 11.0, 15.0, 11.0, 0.0, 12.0, 0.0, 11.0, 0.0, 5.0, 15.0, 5.0, 0.0, 0.0]
B: [0.0, 24.0, 58.8425537813, 75.400837086, 81.83771412381999, 111.36495112632, 136.42051454042, 148.20644522071998, 177.72595595511999, 309.0, 319.4016530417, 437.0, 462.372931896, 479.256082846, 484.60413314494, 500.77855013594]
