Avion: 6      Iteracion: 97

Num Ruta: 83
Ingresos: 735.696
Costos: 221.835807833
Utilidad Ruta: 513.860192167
Costo Reducido: 6.26826062337
Nodos: [106, 11, 46, 19, 33, 54, 13, 48, 68, 5, 40, 716]
q: [0.0, 6.0, -6.0, 7.0, 5.0, -7.0, 10.0, -10.0, -5.0, 9.0, -9.0, 0.0]
Q: [0.0, 6.0, 0.0, 7.0, 12.0, 5.0, 15.0, 5.0, 0.0, 9.0, 0.0, 0.0]
B: [0.0, 169.0, 173.05406684701, 402.0, 438.5935603624, 460.1419541308, 464.36957343722, 481.25272438722004, 486.60077468616004, 515.57219227316, 516.69388117834, 523.41723525201]
