Avion: 7      Iteracion: 47

Num Ruta: 43
Ingresos: 1240.284
Costos: 222.750376827
Utilidad Ruta: 1017.53362317
Costo Reducido: 2.71127675644
Nodos: [107, 14, 49, 35, 70, 23, 58, 22, 57, 717]
q: [0, 8.0, -8.0, 8.0, -8.0, 10.0, -10.0, 10.0, -10.0, 0]
Q: [0, 8.0, 0.0, 8.0, 0.0, 10.0, 0.0, 10.0, 0.0, 0]
B: [0.0, 112.0, 124.021711775, 270.0, 281.922738989, 302.04960511369995, 341.78344801869997, 357.5398720102, 379.2945581491, 381.26134690237]
