Avion: 7      Iteracion: 13

Num Ruta: 17
Ingresos: 2006.934
Costos: 288.929378116
Utilidad Ruta: 1718.00462188
Costo Reducido: 260.718520296
Nodos: [107, 14, 49, 3, 38, 23, 35, 70, 26, 61, 58, 22, 57, 19, 54, 13, 48, 31, 66, 717]
q: [0.0, 0.0, 0.0, 0.0, 0.0, 10.0, 5.0, -5.0, 5.0, -5.0, -10.0, 10.0, -10.0, 7.0, -7.0, 15.0, -15.0, 9.0, -9.0, 0.0]
Q: [0.0, 0.0, 0.0, 0.0, 0.0, 10.0, 15.0, 10.0, 15.0, 10.0, 0.0, 10.0, 0.0, 7.0, 0.0, 15.0, 0.0, 9.0, 0.0, 0.0]
B: [0.0, 112.0, 124.021711775, 256.0, 261.08428175852, 267.0, 277.4634044651, 289.38614345409997, 303.7370056233, 321.3162335927, 324.38330597528, 340.13972996678, 361.89441610568, 402.0, 428.6271162915, 432.85473559792, 449.73788654792, 454.19539998032, 482.52087905832, 486.15560105594]
