Avion: 3      Iteracion: 65

Num Ruta: 43
Ingresos: 643.446
Costos: 211.35155419
Utilidad Ruta: 432.09444581
Costo Reducido: 0.0643914008566
Nodos: [103, 11, 46, 19, 54, 33, 68, 713]
q: [0, 6.0, -6.0, 7.0, -7.0, 5.0, -5.0, 0]
Q: [0, 6.0, 0.0, 7.0, 0.0, 5.0, 0.0, 0]
B: [0.0, 169.0, 173.05406684701, 402.0, 428.6271162915, 450.1755100599, 492.12817511229997, 495.82305061765]
