Avion: 3      Iteracion: 6

Num Ruta: 8
Ingresos: 565.679
Costos: 269.555569688
Utilidad Ruta: 296.123430312
Costo Reducido: 92.886200046
Nodos: [103, 17, 30, 52, 16, 51, 65, 713]
q: [0.0, 5.0, 6.0, -5.0, 9.0, -9.0, -6.0, 0.0]
Q: [0.0, 5.0, 11.0, 6.0, 15.0, 6.0, 0.0, 0.0]
B: [0.0, 39.7453305433, 73.3590421503, 76.50349663399, 81.83513596913, 91.45922740677, 94.33038396815999, 129.55556968806]
