Avion: 2      Iteracion: 24

Num Ruta: 22
Ingresos: 1892.588
Costos: 575.840938013
Utilidad Ruta: 1316.74706199
Costo Reducido: 147.367823077
Nodos: [102, 30, 16, 51, 65, 3, 38, 35, 70, 18, 53, 26, 61, 13, 48, 31, 66, 5, 40, 2, 4, 39, 37, 712]
q: [0.0, 11.0, 0.0, 0.0, -11.0, 13.0, -13.0, 8.0, -8.0, 10.0, -10.0, 10.0, -10.0, 15.0, -15.0, 9.0, -9.0, 9.0, -9.0, 10.0, 3.0, -3.0, -10.0, 0.0]
Q: [0.0, 11.0, 11.0, 11.0, 0.0, 13.0, 0.0, 8.0, 0.0, 10.0, 0.0, 10.0, 0.0, 15.0, 0.0, 9.0, 0.0, 9.0, 0.0, 10.0, 13.0, 10.0, 0.0, 0.0]
B: [0.0, 64.0, 72.20259129788, 81.82668273552001, 84.69783929691, 256.0, 261.08428175852, 274.08526633661995, 286.00800532561993, 306.42615844971994, 330.2443946984199, 359.2459115208199, 376.8251394902199, 423.0, 439.88315095, 444.3406643824, 472.6661434604, 492.5626276724, 493.68431657758003, 522.0, 549.3715326023, 569.7972822825, 602.9904930642, 607.10623953355]
