Avion: 4      Iteracion: 90

Num Ruta: 62
Ingresos: 1384.425
Costos: 329.240726693
Utilidad Ruta: 1055.18427331
Costo Reducido: 84.3760674184
Nodos: [104, 17, 52, 9, 44, 14, 49, 35, 70, 33, 13, 48, 68, 29, 64, 714]
q: [0.0, 5.0, -5.0, 11.0, -11.0, 8.0, -8.0, 8.0, -8.0, 5.0, 10.0, -10.0, -5.0, 9.0, -9.0, 0.0]
Q: [0.0, 5.0, 0.0, 11.0, 0.0, 8.0, 0.0, 8.0, 0.0, 5.0, 15.0, 5.0, 0.0, 9.0, 0.0, 0.0]
B: [0.0, 24.0, 58.8425537813, 81.72911018459999, 111.25634718709999, 121.5131539026, 133.5348656776, 270.0, 281.922738989, 437.0, 462.372931896, 479.256082846, 484.60413314494, 549.0, 582.7797797802, 609.550209829]
