Avion: 3      Iteracion: 99

Num Ruta: 48
Ingresos: 659.836
Costos: 218.43645592
Utilidad Ruta: 441.39954408
Costo Reducido: 3.56767116588
Nodos: [103, 11, 46, 22, 57, 33, 68, 713]
q: [0, 6.0, -6.0, 10.0, -10.0, 5.0, -5.0, 0]
Q: [0, 6.0, 0.0, 10.0, 0.0, 5.0, 0.0, 0]
B: [0.0, 169.0, 173.05406684701, 299.0, 320.7546861389, 437.0, 478.9526650524, 482.64754055775]
