Avion: 7      Iteracion: 82

Num Ruta: 63
Ingresos: 2485.34
Costos: 509.457570281
Utilidad Ruta: 1975.88242972
Costo Reducido: 11.865192033
Nodos: [107, 9, 44, 14, 49, 3, 38, 23, 22, 57, 18, 58, 53, 28, 63, 25, 19, 60, 54, 13, 48, 21, 56, 27, 62, 717]
q: [0.0, 11.0, -11.0, 0.0, 0.0, 13.0, -13.0, 0.0, 10.0, -10.0, 10.0, 0.0, -10.0, 6.0, -6.0, 8.0, 7.0, -8.0, -7.0, 15.0, -15.0, 12.0, -12.0, 6.0, -6.0, 0.0]
Q: [0.0, 11.0, 0.0, 0.0, 0.0, 13.0, 0.0, 0.0, 10.0, 0.0, 10.0, 10.0, 0.0, 6.0, 0.0, 8.0, 15.0, 7.0, 0.0, 15.0, 0.0, 12.0, 0.0, 6.0, 0.0, 0.0]
B: [0.0, 46.0648734938, 75.5921104963, 112.0, 124.021711775, 256.0, 261.08428175852, 267.0, 299.0, 320.7546861389, 334.15512273630003, 359.594434146, 369.51996571867005, 378.6534684969001, 414.6800872808001, 418.0134658971601, 427.40547313736005, 444.07836481816, 460.86522125406003, 465.09284056048006, 481.97599151048007, 497.4873879014801, 538.2261785806801, 551.4036267782801, 568.4344891463801, 591.8794774594801]
