Avion: 2      Iteracion: 64

Num Ruta: 53
Ingresos: 2709.081
Costos: 675.154823568
Utilidad Ruta: 2033.92617643
Costo Reducido: 33.9920750399
Nodos: [102, 30, 16, 51, 65, 24, 59, 1, 11, 46, 36, 23, 35, 70, 58, 26, 61, 13, 48, 31, 66, 33, 68, 2, 37, 712]
q: [0.0, 11.0, 0.0, 0.0, -11.0, 11.0, -11.0, 7.0, 6.0, -6.0, -7.0, 10.0, 5.0, -5.0, -10.0, 0.0, 0.0, 0.0, 0.0, 9.0, -9.0, 5.0, -5.0, 10.0, -10.0, 0.0]
Q: [0.0, 11.0, 11.0, 11.0, 0.0, 11.0, 0.0, 7.0, 13.0, 7.0, 0.0, 10.0, 15.0, 10.0, 0.0, 0.0, 0.0, 0.0, 0.0, 9.0, 0.0, 5.0, 0.0, 10.0, 0.0, 0.0]
B: [0.0, 64.0, 72.20259129788, 81.82668273552001, 84.69783929691, 109.43181018721, 147.94476048971, 175.0, 193.6808285951, 197.73489544211, 232.05062478011, 267.0, 277.4634044651, 289.38614345409997, 313.15284696969997, 332.83921974379996, 350.41844771319995, 423.0, 439.88315095, 444.3406643824, 472.6661434604, 495.0643049028, 537.0169699552, 579.5633881123, 620.2983501597, 624.41409662905]
