Avion: 1      Iteracion: 50

Num Ruta: 32
Ingresos: 539.905
Costos: 302.007698904
Utilidad Ruta: 237.897301096
Costo Reducido: 1.85259924899
Nodos: [101, 31, 66, 8, 6, 41, 43, 711]
q: [0, 9.0, -9.0, 8.0, 4.0, -4.0, -8.0, 0]
Q: [0, 9.0, 0.0, 8.0, 12.0, 8.0, 0.0, 0]
B: [0.0, 406.0, 434.325479078, 443.10832519984, 471.02282317134, 474.71511256953, 487.58111505672997, 493.29024633916]
