Avion: 4      Iteracion: 41

Num Ruta: 34
Ingresos: 1497.298
Costos: 522.063360238
Utilidad Ruta: 975.234639762
Costo Reducido: 81.7639545178
Nodos: [104, 9, 44, 10, 45, 32, 67, 26, 61, 34, 69, 33, 8, 43, 6, 41, 68, 714]
q: [0, 11.0, -11.0, 12.0, -12.0, 11.0, -11.0, 10.0, -10.0, 8.0, -8.0, 5.0, 8.0, -8.0, 4.0, -4.0, -5.0, 0]
Q: [0, 11.0, 0.0, 12.0, 0.0, 11.0, 0.0, 10.0, 0.0, 8.0, 0.0, 5.0, 13.0, 5.0, 9.0, 5.0, 0.0, 0]
B: [0.0, 57.4296024799, 86.9568394824, 115.498952929, 145.01846366339998, 309.0, 319.4016530417, 332.1221722921, 349.7014002615, 364.6146463535, 401.0547765673, 437.0, 450.76465480859997, 471.5330514246, 480.72372305402996, 484.41601245221995, 515.4938732698199, 531.66829026082]
