Avion: 6      Iteracion: 89

Num Ruta: 77
Ingresos: 306.418
Costos: 171.329674224
Utilidad Ruta: 135.088325776
Costo Reducido: 2.44486847702
Nodos: [106, 6, 41, 33, 68, 716]
q: [0, 4.0, -4.0, 5.0, -5.0, 0]
Q: [0, 4.0, 0.0, 5.0, 0.0, 0]
B: [0.0, 436.0, 439.69228939819, 468.10954535299, 510.06221040539, 533.95465433649]
