Avion: 6      Iteracion: 59

Num Ruta: 53
Ingresos: 585.814
Costos: 208.011868097
Utilidad Ruta: 377.802131903
Costo Reducido: 18.8591891132
Nodos: [106, 32, 67, 33, 8, 43, 68, 5, 40, 716]
q: [0, 11.0, -11.0, 5.0, 8.0, -8.0, -5.0, 9.0, -9.0, 0]
Q: [0, 11.0, 0.0, 5.0, 13.0, 5.0, 0.0, 9.0, 0.0, 0]
B: [0.0, 309.0, 319.4016530417, 437.0, 450.76465480859997, 471.5330514246, 493.4899324645, 522.4613500515, 523.58303895668, 530.3063930303499]
