Avion: 7      Iteracion: 51

Num Ruta: 46
Ingresos: 1354.03
Costos: 328.132965126
Utilidad Ruta: 1025.89703487
Costo Reducido: 53.901904209
Nodos: [107, 9, 44, 24, 59, 14, 49, 3, 38, 23, 35, 70, 26, 61, 58, 22, 57, 717]
q: [0.0, 11.0, -11.0, 11.0, -11.0, 8.0, -8.0, 13.0, -13.0, 7.0, 8.0, -8.0, 8.0, -8.0, -7.0, 0.0, 0.0, 0.0]
Q: [0.0, 11.0, 0.0, 11.0, 0.0, 8.0, 0.0, 13.0, 0.0, 7.0, 15.0, 7.0, 15.0, 7.0, 0.0, 0.0, 0.0, 0.0]
B: [0.0, 46.0648734938, 75.5921104963, 99.7323603914, 138.2453106939, 166.8916799926, 178.9133917676, 256.0, 261.08428175852, 267.0, 277.4634044651, 289.38614345409997, 303.7370056233, 321.3162335927, 324.38330597528, 340.13972996678, 361.89441610568, 363.86120485895003]
