Avion: 2      Iteracion: 80

Num Ruta: 62
Ingresos: 1531.261
Costos: 404.672177791
Utilidad Ruta: 1126.58882221
Costo Reducido: 48.8743578453
Nodos: [102, 16, 51, 10, 45, 32, 67, 26, 61, 13, 33, 68, 48, 20, 4, 39, 55, 2, 37, 712]
q: [0.0, 0.0, 0.0, 12.0, -12.0, 11.0, -11.0, 10.0, -10.0, 0.0, 5.0, -5.0, 0.0, 0.0, 3.0, -3.0, 0.0, 10.0, -10.0, 0.0]
Q: [0.0, 0.0, 0.0, 12.0, 0.0, 11.0, 0.0, 10.0, 0.0, 0.0, 5.0, 0.0, 0.0, 0.0, 3.0, 0.0, 0.0, 10.0, 0.0, 0.0]
B: [0.0, 36.0, 45.624091437640004, 96.0, 125.5195107344, 309.0, 319.4016530417, 332.1221722921, 349.7014002615, 423.0, 448.372931896, 490.3255969484, 495.67364724734, 509.60423248274, 529.0, 549.4257496801999, 561.2869729308, 568.6172701962599, 609.35223224366, 613.46797871301]
