Avion: 5      Iteracion: 7

Num Ruta: 11
Ingresos: 1772.222
Costos: 462.616333814
Utilidad Ruta: 1309.60566619
Costo Reducido: 396.666551616
Nodos: [105, 9, 44, 30, 16, 51, 65, 14, 49, 3, 38, 23, 58, 34, 22, 57, 69, 715]
q: [0.0, 11.0, -11.0, 11.0, 4.0, -4.0, -11.0, 8.0, -8.0, 13.0, -13.0, 10.0, -10.0, 8.0, 7.0, -7.0, -8.0, 0.0]
Q: [0.0, 11.0, 0.0, 11.0, 15.0, 11.0, 0.0, 8.0, 0.0, 13.0, 0.0, 10.0, 0.0, 8.0, 15.0, 8.0, 0.0, 0.0]
B: [0.0, 31.4915482312, 61.0187852337, 76.8066855691, 85.00927686698, 94.63336830462, 97.50452486601, 125.30046552291, 137.32217729791, 256.0, 261.08428175852, 267.0, 306.733842905, 322.0, 350.0636833826, 371.8183695215, 382.408619849, 400.9429980959]
