Avion: 6      Iteracion: 65

Num Ruta: 58
Ingresos: 2376.25
Costos: 499.004803948
Utilidad Ruta: 1877.24519605
Costo Reducido: 84.6974007458
Nodos: [106, 24, 30, 59, 10, 65, 45, 35, 70, 23, 18, 53, 58, 6, 41, 5, 40, 33, 68, 2, 62, 27, 37, 716]
q: [0.0, 11.0, 3.0, -11.0, 12.0, -3.0, -12.0, 8.0, -8.0, 10.0, 5.0, -5.0, -10.0, 4.0, -4.0, 0.0, 0.0, 5.0, -5.0, 10.0, -6.0, 6.0, -10.0, 0.0]
Q: [0.0, 11.0, 14.0, 3.0, 15.0, 12.0, 0.0, 8.0, 0.0, 10.0, 15.0, 10.0, 0.0, 4.0, 0.0, 0.0, 0.0, 5.0, 0.0, 10.0, 4.0, 10.0, 0.0, 0.0]
B: [0.0, 61.0, 79.2569011609, 99.5250225588, 111.3109532391, 130.0040035252, 148.9048014184, 270.0, 281.922738989, 302.04960511369995, 322.2285552598, 346.04679150849995, 355.97232308117, 436.0, 439.69228939819, 469.0, 470.12168890518, 483.41186760978, 525.3645326621801, 567.9109508192801, 579.36302390668, 596.39388627478, 621.35953823898, 641.78517570758]
