Avion: 7      Iteracion: 65

Num Ruta: 53
Ingresos: 858.763
Costos: 157.577040757
Utilidad Ruta: 701.185959243
Costo Reducido: 2.46940176254
Nodos: [107, 14, 49, 3, 38, 23, 35, 70, 58, 22, 57, 717]
q: [0.0, 8.0, -8.0, 0.0, 0.0, 10.0, 5.0, -5.0, -10.0, 0.0, 0.0, 0.0]
Q: [0.0, 8.0, 0.0, 0.0, 0.0, 10.0, 15.0, 10.0, 0.0, 0.0, 0.0, 0.0]
B: [0.0, 112.0, 124.021711775, 256.0, 261.08428175852, 267.0, 277.4634044651, 289.38614345409997, 313.15284696969997, 328.9092709612, 350.6639571001, 352.63074585337]
