Avion: 1      Iteracion: 89

Num Ruta: 56
Ingresos: 2742.981
Costos: 441.523353709
Utilidad Ruta: 2301.45764629
Costo Reducido: 18.2908398735
Nodos: [101, 30, 65, 24, 59, 1, 36, 3, 38, 23, 35, 70, 26, 61, 58, 34, 69, 8, 19, 54, 43, 33, 68, 711]
q: [0.0, 11.0, -11.0, 11.0, -11.0, 7.0, -7.0, 13.0, -13.0, 7.0, 8.0, -8.0, 8.0, -8.0, -7.0, 8.0, -8.0, 8.0, 7.0, -7.0, -8.0, 5.0, -5.0, 0.0]
Q: [0.0, 11.0, 0.0, 11.0, 0.0, 7.0, 0.0, 13.0, 0.0, 7.0, 15.0, 7.0, 15.0, 7.0, 0.0, 8.0, 0.0, 8.0, 15.0, 8.0, 0.0, 5.0, 0.0, 0.0]
B: [0.0, 64.0, 82.7140226568, 107.4479935471, 145.9609438496, 175.0, 209.2400855285, 256.0, 261.08428175852, 267.0, 277.4634044651, 289.38614345409997, 303.7370056233, 321.3162335927, 324.38330597528, 338.64225299108, 375.08238320488, 414.0, 437.1608815463, 463.7879978378, 466.71611702935996, 489.99048404546, 531.94314909786, 549.13531629686]
