Avion: 4      Iteracion: 97

Num Ruta: 66
Ingresos: 1871.744
Costos: 454.495445298
Utilidad Ruta: 1417.2485547
Costo Reducido: 1.23426593801
Nodos: [104, 17, 52, 30, 16, 51, 65, 35, 70, 32, 67, 34, 69, 19, 33, 5, 40, 54, 68, 29, 64, 714]
q: [0.0, 5.0, -5.0, 6.0, 9.0, -9.0, -6.0, 8.0, -8.0, 11.0, -11.0, 8.0, -8.0, 7.0, 5.0, 3.0, -3.0, -7.0, -5.0, 9.0, -9.0, 0.0]
Q: [0.0, 5.0, 0.0, 6.0, 15.0, 6.0, 0.0, 8.0, 0.0, 11.0, 0.0, 8.0, 0.0, 7.0, 12.0, 15.0, 12.0, 5.0, 0.0, 9.0, 0.0, 0.0]
B: [0.0, 24.0, 58.8425537813, 64.0, 72.20259129788, 81.82668273552001, 84.69783929691, 270.0, 281.922738989, 309.0, 319.4016530417, 346.1750898215, 382.6152200353, 403.1550362954, 439.7485966578, 469.0, 470.12168890518, 478.47762499876, 500.38306982416003, 549.0, 582.7797797802, 609.550209829]
