Avion: 1      Iteracion: 103

Num Ruta: 59
Ingresos: 2343.005
Costos: 340.419514768
Utilidad Ruta: 2002.58548523
Costo Reducido: 17.8998085038
Nodos: [101, 30, 65, 24, 59, 1, 36, 23, 58, 34, 22, 57, 69, 8, 19, 54, 43, 711]
q: [0.0, 11.0, -11.0, 11.0, -11.0, 7.0, -7.0, 10.0, -10.0, 8.0, 7.0, -7.0, -8.0, 0.0, 7.0, -7.0, 0.0, 0.0]
Q: [0.0, 11.0, 0.0, 11.0, 0.0, 7.0, 0.0, 10.0, 0.0, 8.0, 15.0, 8.0, 0.0, 0.0, 7.0, 0.0, 0.0, 0.0]
B: [0.0, 64.0, 82.7140226568, 107.4479935471, 145.9609438496, 175.0, 209.2400855285, 267.0, 306.733842905, 322.0, 350.0636833826, 371.8183695215, 382.408619849, 414.0, 437.1608815463, 463.7879978378, 466.71611702935996, 472.42524831178997]
