Avion: 3      Iteracion: 10

Num Ruta: 10
Ingresos: 910.43
Costos: 237.475008755
Utilidad Ruta: 672.954991245
Costo Reducido: 125.926313385
Nodos: [103, 30, 16, 51, 65, 11, 46, 21, 56, 713]
q: [0.0, 11.0, 4.0, -4.0, -11.0, 6.0, -6.0, 12.0, -12.0, 0.0]
Q: [0.0, 11.0, 15.0, 11.0, 0.0, 6.0, 0.0, 12.0, 0.0, 0.0]
B: [0.0, 64.0, 72.20259129788, 81.82668273552001, 84.69783929691, 169.0, 173.05406684701, 477.0, 517.7387906792, 548.8965365058999]
