Avion: 6      Iteracion: 17

Num Ruta: 20
Ingresos: 2682.809
Costos: 497.910887824
Utilidad Ruta: 2184.89811218
Costo Reducido: 324.532115012
Nodos: [106, 17, 30, 52, 65, 24, 59, 1, 36, 32, 67, 26, 34, 61, 69, 31, 6, 41, 5, 40, 66, 21, 4, 56, 39, 716]
q: [0.0, 4.0, 11.0, -4.0, -11.0, 11.0, -11.0, 7.0, -7.0, 11.0, -11.0, 7.0, 8.0, -7.0, -8.0, 9.0, 4.0, -4.0, 0.0, 0.0, -9.0, 12.0, 3.0, -12.0, -3.0, 0.0]
Q: [0.0, 4.0, 15.0, 11.0, 0.0, 11.0, 0.0, 7.0, 0.0, 11.0, 0.0, 7.0, 15.0, 8.0, 0.0, 9.0, 13.0, 9.0, 9.0, 9.0, 0.0, 12.0, 15.0, 3.0, 0.0, 0.0]
B: [0.0, 24.0, 64.0, 67.14445448369, 83.24240000479, 107.97637089509, 146.48932119759002, 175.0, 209.2400855285, 309.0, 319.4016530417, 332.1221722921, 348.0493993263, 362.9626454183, 387.9493993691, 415.07014347759997, 438.8130611163, 442.50535051449, 469.0, 470.12168890518, 488.93639618428, 512.40223486518, 529.0, 558.169797411, 574.9727418256, 589.6498566647]
