Avion: 6      Iteracion: 55

Num Ruta: 51
Ingresos: 1263.478
Costos: 414.675823084
Utilidad Ruta: 848.802176916
Costo Reducido: 35.6121699596
Nodos: [106, 24, 59, 35, 70, 32, 67, 26, 61, 34, 69, 33, 6, 41, 13, 48, 68, 716]
q: [0.0, 11.0, -11.0, 8.0, -8.0, 11.0, -11.0, 10.0, -10.0, 8.0, -8.0, 5.0, 4.0, -4.0, 10.0, -10.0, -5.0, 0.0]
Q: [0.0, 11.0, 0.0, 8.0, 0.0, 11.0, 0.0, 10.0, 0.0, 8.0, 0.0, 5.0, 9.0, 5.0, 15.0, 5.0, 0.0, 0.0]
B: [0.0, 61.0, 99.5129503025, 270.0, 281.922738989, 309.0, 319.4016530417, 332.1221722921, 349.7014002615, 364.6146463535, 401.0547765673, 437.0, 463.1548069196, 466.84709631779, 480.25716242499, 497.14031337499, 502.48836367393, 526.38080760503]
