Avion: 6      Iteracion: 1

Num Ruta: 5
Ingresos: 3974.685
Costos: 620.712350827
Utilidad Ruta: 3353.97264917
Costo Reducido: 1908.80839856
Nodos: [106, 17, 52, 30, 65, 10, 45, 23, 35, 70, 58, 34, 26, 61, 69, 19, 33, 54, 68, 21, 56, 2, 62, 27, 37, 716]
q: [0.0, 5.0, -5.0, 11.0, -11.0, 12.0, -12.0, 10.0, 5.0, -5.0, -10.0, 8.0, 7.0, -7.0, -8.0, 7.0, 5.0, -7.0, -5.0, 12.0, -12.0, 10.0, -6.0, 6.0, -10.0, 0.0]
Q: [0.0, 5.0, 0.0, 11.0, 0.0, 12.0, 0.0, 10.0, 15.0, 10.0, 0.0, 8.0, 15.0, 8.0, 0.0, 7.0, 12.0, 5.0, 0.0, 12.0, 0.0, 10.0, 4.0, 10.0, 0.0, 0.0]
B: [0.0, 24.0, 58.8425537813, 64.0, 82.7140226568, 101.4070729429, 130.92658367730002, 267.0, 277.4634044651, 289.38614345409997, 313.15284696969997, 327.41179398549997, 343.33902101969994, 360.91824898909994, 385.90500293989993, 406.4448191999999, 443.03837956239994, 464.58677333079993, 486.49221815619995, 497.37169553339993, 538.1104862125999, 561.9614999436999, 573.4135730310999, 590.4444353991998, 615.4100873633998, 635.8357248319999]
