Avion: 5      Iteracion: 11

Num Ruta: 14
Ingresos: 146.768
Costos: 243.949633356
Utilidad Ruta: -97.1816333564
Costo Reducido: 82.1469083999
Nodos: [105, 35, 70, 3, 38, 715]
q: [0, 8.0, -8.0, 13.0, -13.0, 0]
Q: [0, 8.0, 0.0, 13.0, 0.0, 0]
B: [0.0, 270.0, 281.922738989, 301.6759641434, 306.76024590192, 313.16381256434]
