Avion: 5      Iteracion: 55

Num Ruta: 37
Ingresos: 700.766
Costos: 312.811151064
Utilidad Ruta: 387.954848936
Costo Reducido: 1.16221874511
Nodos: [105, 24, 59, 18, 53, 28, 63, 715]
q: [0, 11.0, -11.0, 10.0, -10.0, 6.0, -6.0, 0]
Q: [0, 11.0, 0.0, 10.0, 0.0, 6.0, 0.0, 0]
B: [0.0, 61.0, 99.5129503025, 293.0, 316.8182362487, 378.0, 414.0266187839, 451.2632406769]
