Avion: 4      Iteracion: 87

Num Ruta: 59
Ingresos: 1205.569
Costos: 320.324694631
Utilidad Ruta: 885.244305369
Costo Reducido: 49.4495791882
Nodos: [104, 17, 52, 35, 70, 32, 67, 33, 13, 48, 68, 29, 64, 714]
q: [0.0, 5.0, -5.0, 8.0, -8.0, 11.0, -11.0, 5.0, 10.0, -10.0, -5.0, 9.0, -9.0, 0.0]
Q: [0.0, 5.0, 0.0, 8.0, 0.0, 11.0, 0.0, 5.0, 15.0, 5.0, 0.0, 9.0, 0.0, 0.0]
B: [0.0, 24.0, 58.8425537813, 270.0, 281.922738989, 309.0, 319.4016530417, 437.0, 462.372931896, 479.256082846, 484.60413314494, 549.0, 582.7797797802, 609.550209829]
