Avion: 4      Iteracion: 36

Num Ruta: 31
Ingresos: 654.506
Costos: 322.097150241
Utilidad Ruta: 332.408849759
Costo Reducido: 22.5532894008
Nodos: [104, 11, 46, 22, 57, 26, 61, 714]
q: [0, 6.0, -6.0, 10.0, -10.0, 10.0, -10.0, 0]
Q: [0, 6.0, 0.0, 10.0, 0.0, 10.0, 0.0, 0]
B: [0.0, 169.0, 173.05406684701, 299.0, 320.7546861389, 357.0876895518, 374.6669175212, 394.2448700444]
