Avion: 1      Iteracion: 6

Num Ruta: 6
Ingresos: 315.477
Costos: 292.76477856
Utilidad Ruta: 22.7122214397
Costo Reducido: 251.84418492
Nodos: [101, 29, 64, 711]
q: [0, 9.0, -9.0, 0]
Q: [0, 9.0, 0.0, 0]
B: [0.0, 549.0, 582.7797797802, 598.8802887473]
