Avion: 7      Iteracion: 8

Num Ruta: 12
Ingresos: 1394.392
Costos: 458.903781321
Utilidad Ruta: 935.488218679
Costo Reducido: 387.24282007
Nodos: [107, 9, 44, 14, 49, 3, 38, 23, 35, 70, 18, 53, 58, 28, 63, 19, 33, 5, 40, 54, 68, 717]
q: [0.0, 11.0, -11.0, 8.0, -8.0, 0.0, 0.0, 0.0, 8.0, -8.0, 10.0, -10.0, 0.0, 6.0, -6.0, 7.0, 5.0, 3.0, -3.0, -7.0, -5.0, 0.0]
Q: [0.0, 11.0, 0.0, 8.0, 0.0, 0.0, 0.0, 0.0, 8.0, 0.0, 10.0, 0.0, 0.0, 6.0, 0.0, 7.0, 12.0, 15.0, 12.0, 5.0, 0.0, 0.0]
B: [0.0, 46.0648734938, 75.5921104963, 112.0, 124.021711775, 256.0, 261.08428175852, 267.0, 277.4634044651, 289.38614345409997, 309.80429657819997, 333.62253282689994, 343.54806439956997, 378.0, 414.0266187839, 426.5624120576, 463.15597242, 476.8541395967, 477.97582850188, 486.33176459546, 508.23720942086004, 542.77295781296]
