Avion: 6      Iteracion: 47

Num Ruta: 45
Ingresos: 1566.276
Costos: 371.471844503
Utilidad Ruta: 1194.8041555
Costo Reducido: 9.38036486032
Nodos: [106, 16, 51, 10, 45, 23, 58, 28, 63, 31, 66, 716]
q: [0, 9.0, -9.0, 12.0, -12.0, 10.0, -10.0, 6.0, -6.0, 9.0, -9.0, 0]
Q: [0, 9.0, 0.0, 12.0, 0.0, 10.0, 0.0, 6.0, 0.0, 9.0, 0.0, 0]
B: [0.0, 36.0, 45.624091437640004, 96.0, 125.5195107344, 267.0, 306.733842905, 378.0, 414.0266187839, 434.5234987416, 462.8489778196, 477.3344216858]
