Avion: 2      Iteracion: 95

Num Ruta: 68
Ingresos: 1968.492
Costos: 478.086841837
Utilidad Ruta: 1490.40515816
Costo Reducido: 30.5922016465
Nodos: [102, 16, 51, 10, 45, 32, 67, 26, 61, 34, 69, 33, 6, 41, 13, 48, 68, 20, 4, 39, 55, 2, 37, 712]
q: [0.0, 9.0, -9.0, 12.0, -12.0, 11.0, -11.0, 10.0, -10.0, 8.0, -8.0, 5.0, 4.0, -4.0, 10.0, -10.0, -5.0, 0.0, 3.0, -3.0, 0.0, 10.0, -10.0, 0.0]
Q: [0.0, 9.0, 0.0, 12.0, 0.0, 11.0, 0.0, 10.0, 0.0, 8.0, 0.0, 5.0, 9.0, 5.0, 15.0, 5.0, 0.0, 0.0, 3.0, 0.0, 0.0, 10.0, 0.0, 0.0]
B: [0.0, 36.0, 45.624091437640004, 96.0, 125.5195107344, 309.0, 319.4016530417, 332.1221722921, 349.7014002615, 364.6146463535, 401.0547765673, 437.0, 463.1548069196, 466.84709631779, 480.25716242499, 497.14031337499, 502.48836367393, 513.0791461285299, 529.0, 549.4257496801999, 561.2869729308, 568.6172701962599, 609.35223224366, 613.46797871301]
