Avion: 2      Iteracion: 31

Num Ruta: 28
Ingresos: 1806.404
Costos: 476.411453898
Utilidad Ruta: 1329.9925461
Costo Reducido: 118.45089668
Nodos: [102, 16, 51, 24, 59, 1, 36, 35, 70, 26, 61, 13, 48, 20, 27, 62, 55, 2, 37, 712]
q: [0, 9.0, -9.0, 11.0, -11.0, 7.0, -7.0, 8.0, -8.0, 10.0, -10.0, 15.0, -15.0, 0.0, 6.0, -6.0, -0.0, 10.0, -10.0, 0]
Q: [0, 9.0, 0.0, 11.0, 0.0, 7.0, 0.0, 8.0, 0.0, 10.0, 0.0, 15.0, 0.0, 0.0, 6.0, 0.0, 0.0, 10.0, 0.0, 0]
B: [0.0, 36.0, 45.624091437640004, 70.85029051714, 109.36324081964, 175.0, 209.2400855285, 270.0, 281.922738989, 300.0, 317.5792279694, 423.0, 439.88315095, 496.0, 538.0, 555.0308623681, 571.1886281789999, 578.5189254444599, 619.2538874918599, 623.36963396121]
