Avion: 1      Iteracion: 37

Num Ruta: 25
Ingresos: 833.274
Costos: 252.024697371
Utilidad Ruta: 581.249302629
Costo Reducido: 24.5817984281
Nodos: [101, 34, 69, 8, 19, 54, 43, 711]
q: [0, 8.0, -8.0, 8.0, 7.0, -7.0, -8.0, 0]
Q: [0, 8.0, 0.0, 8.0, 15.0, 8.0, 0.0, 0]
B: [0.0, 322.0, 358.4401302138, 414.0, 437.1608815463, 463.7879978378, 466.71611702935996, 472.42524831178997]
