Avion: 4      Iteracion: 15

Num Ruta: 16
Ingresos: 630.204
Costos: 272.164191991
Utilidad Ruta: 358.039808009
Costo Reducido: 169.492653418
Nodos: [104, 28, 63, 25, 60, 13, 48, 714]
q: [0, 6.0, -6.0, 10.0, -10.0, 15.0, -15.0, 0]
Q: [0, 6.0, 0.0, 10.0, 0.0, 15.0, 0.0, 0]
B: [0.0, 378.0, 414.0266187839, 417.35999740026, 434.54497971036, 450.54604017526, 467.42919112526, 479.10849183206]
