Avion: 2      Iteracion: 32

Num Ruta: 29
Ingresos: 1783.198
Costos: 528.869375243
Utilidad Ruta: 1254.32862476
Costo Reducido: 63.9735561319
Nodos: [102, 16, 51, 1, 36, 35, 70, 32, 67, 26, 61, 13, 33, 68, 48, 20, 27, 62, 55, 2, 37, 712]
q: [0.0, 9.0, -9.0, 7.0, -7.0, 8.0, -8.0, 11.0, -11.0, 10.0, -10.0, 0.0, 5.0, -5.0, 0.0, 0.0, 6.0, -6.0, 0.0, 10.0, -10.0, 0.0]
Q: [0.0, 9.0, 0.0, 7.0, 0.0, 8.0, 0.0, 11.0, 0.0, 10.0, 0.0, 0.0, 5.0, 0.0, 0.0, 0.0, 6.0, 0.0, 0.0, 10.0, 0.0, 0.0]
B: [0.0, 36.0, 45.624091437640004, 175.0, 209.2400855285, 270.0, 281.922738989, 309.0, 319.4016530417, 332.1221722921, 349.7014002615, 423.0, 448.372931896, 490.3255969484, 495.67364724734, 509.60423248274, 538.0, 555.0308623681, 571.1886281789999, 578.5189254444599, 619.2538874918599, 623.36963396121]
