Avion: 1      Iteracion: 16

Num Ruta: 12
Ingresos: 482.937
Costos: 272.174719847
Utilidad Ruta: 210.762280153
Costo Reducido: 56.405944138
Nodos: [101, 1, 36, 8, 13, 48, 43, 711]
q: [0.0, 7.0, -7.0, 0.0, 15.0, -15.0, 0.0, 0.0]
Q: [0.0, 7.0, 0.0, 0.0, 15.0, 0.0, 0.0, 0.0]
B: [0.0, 175.0, 209.2400855285, 414.0, 436.1101810259, 452.9933319759, 472.03101904659997, 477.74015032903]
