Avion: 4      Iteracion: 75

Num Ruta: 53
Ingresos: 1812.375
Costos: 456.420678705
Utilidad Ruta: 1355.9543213
Costo Reducido: 0.963912892467
Nodos: [104, 17, 52, 24, 9, 44, 59, 1, 36, 3, 38, 35, 70, 32, 67, 33, 8, 43, 6, 41, 68, 714]
q: [0.0, 5.0, -5.0, 11.0, 4.0, -4.0, -11.0, 7.0, -7.0, 13.0, -13.0, 8.0, -8.0, 11.0, -11.0, 5.0, 8.0, -8.0, 4.0, -4.0, -5.0, 0.0]
Q: [0.0, 5.0, 0.0, 11.0, 15.0, 11.0, 0.0, 7.0, 0.0, 13.0, 0.0, 8.0, 0.0, 11.0, 0.0, 5.0, 13.0, 5.0, 9.0, 5.0, 0.0, 0.0]
B: [0.0, 24.0, 58.8425537813, 75.400837086, 81.83771412381999, 111.36495112632, 136.42051454042, 175.0, 209.2400855285, 256.0, 261.08428175852, 274.08526633661995, 286.00800532561993, 309.0, 319.4016530417, 437.0, 450.76465480859997, 471.5330514246, 480.72372305402996, 484.41601245221995, 515.4938732698199, 531.66829026082]
