Avion: 7      Iteracion: 39

Num Ruta: 38
Ingresos: 1901.051
Costos: 388.288511864
Utilidad Ruta: 1512.76248814
Costo Reducido: 30.2327225733
Nodos: [107, 9, 44, 24, 59, 1, 36, 3, 38, 23, 35, 70, 26, 58, 61, 22, 57, 717]
q: [0.0, 11.0, -11.0, 11.0, -11.0, 7.0, -7.0, 13.0, -13.0, 5.0, 8.0, -8.0, 10.0, -5.0, -10.0, 10.0, -10.0, 0.0]
Q: [0.0, 11.0, 0.0, 11.0, 0.0, 7.0, 0.0, 13.0, 0.0, 5.0, 13.0, 5.0, 15.0, 10.0, 0.0, 10.0, 0.0, 0.0]
B: [0.0, 46.0648734938, 75.5921104963, 99.7323603914, 138.2453106939, 175.0, 209.2400855285, 256.0, 261.08428175852, 267.0, 277.4634044651, 289.38614345409997, 303.7370056233, 323.4233783974, 326.49045077998, 340.12463143008, 361.87931756898, 363.84610632225]
