Avion: 4      Iteracion: 14

Num Ruta: 15
Ingresos: 997.209
Costos: 457.091061953
Utilidad Ruta: 540.117938047
Costo Reducido: 114.465416105
Nodos: [104, 10, 45, 1, 36, 3, 38, 32, 67, 33, 6, 41, 68, 714]
q: [0, 12.0, -12.0, 7.0, -7.0, 13.0, -13.0, 11.0, -11.0, 5.0, 4.0, -4.0, -5.0, 0]
Q: [0, 12.0, 0.0, 7.0, 0.0, 13.0, 0.0, 11.0, 0.0, 5.0, 9.0, 5.0, 0.0, 0]
B: [0.0, 96.0, 125.5195107344, 175.0, 209.2400855285, 256.0, 261.08428175852, 309.0, 319.4016530417, 437.0, 463.1548069196, 466.84709631779, 497.92495713539, 514.09937412639]
