Avion: 3      Iteracion: 105

Num Ruta: 49
Ingresos: 626.29
Costos: 250.647065721
Utilidad Ruta: 375.642934279
Costo Reducido: 6.13352624771
Nodos: [103, 22, 57, 33, 68, 713]
q: [0, 10.0, -10.0, 5.0, -5.0, 0]
Q: [0, 10.0, 0.0, 5.0, 0.0, 0]
B: [0.0, 299.0, 320.7546861389, 437.0, 478.9526650524, 482.64754055775]
