Avion: 4      Iteracion: 72

Num Ruta: 50
Ingresos: 1446.156
Costos: 441.820910377
Utilidad Ruta: 1004.33508962
Costo Reducido: 29.9314760085
Nodos: [104, 17, 52, 16, 51, 10, 45, 32, 67, 6, 41, 33, 68, 29, 27, 62, 64, 714]
q: [0, 5.0, -5.0, 9.0, -9.0, 12.0, -12.0, 11.0, -11.0, 4.0, -4.0, 5.0, -5.0, 9.0, 6.0, -6.0, -9.0, 0]
Q: [0, 5.0, 0.0, 9.0, 0.0, 12.0, 0.0, 11.0, 0.0, 4.0, 0.0, 5.0, 0.0, 9.0, 15.0, 9.0, 0.0, 0]
B: [0.0, 24.0, 58.8425537813, 64.17419311644, 73.79828455408, 96.0, 125.5195107344, 309.0, 319.4016530417, 436.0, 439.69228939819, 468.10954535299, 510.06221040539, 549.0, 574.6018082369, 591.6326706049999, 607.0800481818, 633.8504782306]
