Avion: 5      Iteracion: 76

Num Ruta: 48
Ingresos: 502.16
Costos: 272.086219898
Utilidad Ruta: 230.073780102
Costo Reducido: 13.3040729218
Nodos: [105, 14, 49, 3, 38, 22, 57, 715]
q: [0, 8.0, -8.0, 13.0, -13.0, 10.0, -10.0, 0]
Q: [0, 8.0, 0.0, 13.0, 0.0, 10.0, 0.0, 0]
B: [0.0, 112.0, 124.021711775, 256.0, 261.08428175852, 299.0, 320.7546861389, 329.90781505747003]
