Avion: 7      Iteracion: 45

Num Ruta: 42
Ingresos: 1088.634
Costos: 196.289717055
Utilidad Ruta: 892.344282945
Costo Reducido: 57.1194968934
Nodos: [107, 14, 49, 3, 38, 23, 34, 58, 22, 69, 57, 717]
q: [0.0, 8.0, -8.0, 0.0, 0.0, 7.0, 8.0, -7.0, 7.0, -8.0, -7.0, 0.0]
Q: [0.0, 8.0, 0.0, 0.0, 0.0, 7.0, 15.0, 8.0, 15.0, 7.0, 0.0, 0.0]
B: [0.0, 112.0, 124.021711775, 256.0, 261.08428175852, 267.0, 322.0, 336.2589470158, 352.0153710073, 366.5845376616, 377.17478798909997, 379.14157674237]
