Avion: 5      Iteracion: 23

Num Ruta: 26
Ingresos: 1097.749
Costos: 436.888656118
Utilidad Ruta: 660.860343882
Costo Reducido: 42.9416486496
Nodos: [105, 14, 49, 11, 46, 1, 36, 35, 70, 32, 67, 26, 61, 34, 69, 715]
q: [0, 8.0, -8.0, 6.0, -6.0, 7.0, -7.0, 8.0, -8.0, 11.0, -11.0, 10.0, -10.0, 8.0, -8.0, 0]
Q: [0, 8.0, 0.0, 6.0, 0.0, 7.0, 0.0, 8.0, 0.0, 11.0, 0.0, 10.0, 0.0, 8.0, 0.0, 0]
B: [0.0, 112.0, 124.021711775, 169.0, 173.05406684701, 195.72351838431, 229.96360391281002, 270.0, 281.922738989, 309.0, 319.4016530417, 332.1221722921, 349.7014002615, 364.6146463535, 401.0547765673, 419.5891548142]
