Avion: 2      Iteracion: 11

Num Ruta: 10
Ingresos: 666.977
Costos: 331.769889969
Utilidad Ruta: 335.207110031
Costo Reducido: 174.502300985
Nodos: [102, 16, 51, 2, 37, 712]
q: [0, 9.0, -9.0, 10.0, -10.0, 0]
Q: [0, 9.0, 0.0, 10.0, 0.0, 0]
B: [0.0, 36.0, 45.624091437640004, 522.0, 562.7349620474, 566.85070851675]
