Avion: 5      Iteracion: 63

Num Ruta: 41
Ingresos: 1162.037
Costos: 301.491103697
Utilidad Ruta: 860.545896303
Costo Reducido: 53.1676820518
Nodos: [105, 14, 49, 23, 18, 53, 58, 31, 66, 715]
q: [0.0, 8.0, -8.0, 10.0, 5.0, -5.0, -10.0, 9.0, -9.0, 0.0]
Q: [0.0, 8.0, 0.0, 10.0, 15.0, 10.0, 0.0, 9.0, 0.0, 0.0]
B: [0.0, 112.0, 124.021711775, 267.0, 293.0, 316.8182362487, 326.74376782137, 406.0, 434.325479078, 448.0782228406]
