Avion: 2      Iteracion: 75

Num Ruta: 59
Ingresos: 1963.053
Costos: 530.160410496
Utilidad Ruta: 1432.8925895
Costo Reducido: 111.122072043
Nodos: [102, 16, 51, 24, 59, 10, 45, 26, 32, 67, 34, 61, 69, 8, 33, 6, 41, 43, 13, 48, 68, 20, 4, 39, 55, 2, 37, 712]
q: [0.0, 0.0, 0.0, 11.0, -11.0, 12.0, -12.0, 0.0, 11.0, -11.0, 8.0, 0.0, -8.0, 6.0, 5.0, 4.0, -4.0, -6.0, 0.0, 0.0, -5.0, 0.0, 3.0, -3.0, 0.0, 10.0, -10.0, 0.0]
Q: [0.0, 0.0, 0.0, 11.0, 0.0, 12.0, 0.0, 0.0, 11.0, 0.0, 8.0, 8.0, 0.0, 6.0, 11.0, 15.0, 11.0, 5.0, 5.0, 5.0, 0.0, 0.0, 3.0, 0.0, 0.0, 10.0, 0.0, 0.0]
B: [0.0, 36.0, 45.624091437640004, 70.85029051714, 109.36324081964, 121.14917149994, 150.66868223434, 300.0, 309.0, 319.4016530417, 346.1750898215, 361.08833591350003, 386.0750898643, 414.0, 437.0, 463.1548069196, 466.84709631779, 479.71309880498995, 481.92377494589994, 498.80692589589995, 504.15497619483995, 514.74575864944, 529.0, 549.4257496801999, 561.2869729308, 568.6172701962599, 609.35223224366, 613.46797871301]
