Avion: 1      Iteracion: 25

Num Ruta: 19
Ingresos: 759.11
Costos: 212.482542826
Utilidad Ruta: 546.627457174
Costo Reducido: 64.1738976874
Nodos: [101, 30, 65, 8, 19, 54, 43, 711]
q: [0, 11.0, -11.0, 8.0, 7.0, -7.0, -8.0, 0]
Q: [0, 11.0, 0.0, 8.0, 15.0, 8.0, 0.0, 0]
B: [0.0, 64.0, 82.7140226568, 414.0, 437.1608815463, 463.7879978378, 466.71611702935996, 472.42524831178997]
