Avion: 2      Iteracion: 35

Num Ruta: 31
Ingresos: 814.998
Costos: 409.39513789
Utilidad Ruta: 405.60286211
Costo Reducido: 0.0201107703988
Nodos: [102, 24, 16, 51, 59, 10, 45, 26, 61, 13, 48, 712]
q: [0.0, 11.0, 0.0, 0.0, -11.0, 12.0, -12.0, 10.0, -10.0, 15.0, -15.0, 0.0]
Q: [0.0, 11.0, 11.0, 11.0, 0.0, 12.0, 0.0, 10.0, 0.0, 15.0, 0.0, 0.0]
B: [0.0, 61.0, 78.5726369108, 88.19672834844, 114.98601226944001, 126.77194294974001, 156.29145368414, 300.0, 317.5792279694, 423.0, 439.88315095, 455.2736272259]
