Avion: 4      Iteracion: 68

Num Ruta: 48
Ingresos: 1553.294
Costos: 379.982684257
Utilidad Ruta: 1173.31131574
Costo Reducido: 33.6978693651
Nodos: [104, 17, 52, 30, 16, 51, 65, 24, 59, 28, 31, 66, 63, 25, 60, 714]
q: [0.0, 5.0, -5.0, 6.0, 9.0, -9.0, -6.0, 11.0, -11.0, 6.0, 9.0, -9.0, -6.0, 10.0, -10.0, 0.0]
Q: [0.0, 5.0, 0.0, 6.0, 15.0, 6.0, 0.0, 11.0, 0.0, 6.0, 15.0, 6.0, 0.0, 10.0, 0.0, 0.0]
B: [0.0, 24.0, 58.8425537813, 64.0, 72.20259129788, 81.82668273552001, 84.69783929691, 109.43181018721, 147.94476048971, 378.0, 406.0, 434.325479078, 462.7399107809, 466.07328939726, 483.25827170736, 504.03399150236]
