Avion: 6      Iteracion: 26

Num Ruta: 29
Ingresos: 1411.838
Costos: 280.992138331
Utilidad Ruta: 1130.84586167
Costo Reducido: 178.757810787
Nodos: [106, 17, 30, 52, 16, 65, 51, 26, 61, 34, 69, 31, 66, 6, 41, 5, 40, 716]
q: [0.0, 5.0, 10.0, -5.0, 5.0, -10.0, -5.0, 10.0, -10.0, 8.0, -8.0, 9.0, -9.0, 4.0, -4.0, 9.0, -9.0, 0.0]
Q: [0.0, 5.0, 15.0, 10.0, 15.0, 5.0, 0.0, 10.0, 0.0, 8.0, 0.0, 9.0, 0.0, 4.0, 0.0, 9.0, 0.0, 0.0]
B: [0.0, 24.0, 64.0, 67.14445448369, 72.47609381883, 83.29276558052999, 86.16392214191998, 300.0, 317.5792279694, 332.4924740614, 368.9326042752, 406.0, 434.325479078, 468.0818595267, 471.77414892488997, 490.16300913968996, 491.28469804486997, 498.00805211854]
