Avion: 6      Iteracion: 85

Num Ruta: 74
Ingresos: 773.587
Costos: 236.928935666
Utilidad Ruta: 536.658064334
Costo Reducido: 34.3613240324
Nodos: [106, 31, 66, 8, 33, 43, 68, 716]
q: [0, 9.0, -9.0, 8.0, 5.0, -8.0, -5.0, 0]
Q: [0, 9.0, 0.0, 8.0, 13.0, 5.0, 0.0, 0]
B: [0.0, 406.0, 434.325479078, 443.10832519984, 456.87298000844, 480.14734702453995, 502.10422806443995, 525.9966719955399]
