Avion: 2      Iteracion: 96

Num Ruta: 69
Ingresos: 1464.509
Costos: 434.443817512
Utilidad Ruta: 1030.06518249
Costo Reducido: 31.0423705748
Nodos: [102, 16, 51, 9, 12, 44, 47, 10, 45, 26, 61, 13, 33, 68, 48, 20, 4, 39, 55, 2, 37, 712]
q: [0.0, 0.0, 0.0, 11.0, 0.0, -11.0, 0.0, 12.0, -12.0, 0.0, 0.0, 10.0, 5.0, -5.0, -10.0, 0.0, 3.0, -3.0, 0.0, 10.0, -10.0, 0.0]
Q: [0.0, 0.0, 0.0, 11.0, 11.0, 0.0, 0.0, 12.0, 0.0, 0.0, 0.0, 10.0, 15.0, 10.0, 0.0, 0.0, 3.0, 0.0, 0.0, 10.0, 0.0, 0.0]
B: [0.0, 36.0, 45.624091437640004, 75.68094759394, 96.51567151824, 107.30270827534, 144.23279248864, 152.95056284579, 182.47007358019, 300.0, 317.5792279694, 423.0, 448.372931896, 490.3255969484, 495.67364724734, 509.60423248274, 529.0, 549.4257496801999, 561.2869729308, 568.6172701962599, 609.35223224366, 613.46797871301]
