Avion: 1      Iteracion: 26

Num Ruta: 20
Ingresos: 554.074
Costos: 365.29858772
Utilidad Ruta: 188.77541228
Costo Reducido: 70.8841432115
Nodos: [101, 34, 69, 33, 6, 41, 68, 711]
q: [0, 8.0, -8.0, 5.0, 4.0, -4.0, -5.0, 0]
Q: [0, 8.0, 0.0, 5.0, 9.0, 5.0, 0.0, 0]
B: [0.0, 322.0, 358.4401302138, 437.0, 463.1548069196, 466.84709631779, 497.92495713539, 515.11712433439]
