Avion: 7      Iteracion: 68

Num Ruta: 55
Ingresos: 989.307
Costos: 267.979301618
Utilidad Ruta: 721.327698382
Costo Reducido: 41.0912578513
Nodos: [107, 14, 49, 3, 38, 19, 8, 54, 43, 31, 66, 717]
q: [0, 8.0, -8.0, 13.0, -13.0, 7.0, 8.0, -7.0, -8.0, 9.0, -9.0, 0]
Q: [0, 8.0, 0.0, 13.0, 0.0, 7.0, 15.0, 8.0, 0.0, 9.0, 0.0, 0]
B: [0.0, 112.0, 124.021711775, 256.0, 261.08428175852, 402.0, 425.1608815463, 443.1178409771, 446.04596016866, 463.15858150495995, 491.48406058295996, 495.11878258057993]
