Avion: 2      Iteracion: 63

Num Ruta: 52
Ingresos: 2373.222
Costos: 497.490945497
Utilidad Ruta: 1875.7310545
Costo Reducido: 138.376921734
Nodos: [102, 16, 51, 30, 65, 14, 49, 23, 35, 58, 70, 33, 8, 43, 13, 48, 68, 20, 4, 39, 55, 2, 37, 712]
q: [0.0, 0.0, 0.0, 11.0, -11.0, 8.0, -8.0, 10.0, 5.0, -10.0, -5.0, 5.0, 8.0, -8.0, 10.0, -10.0, -5.0, 0.0, 3.0, -3.0, 0.0, 10.0, -10.0, 0.0]
Q: [0.0, 0.0, 0.0, 11.0, 0.0, 8.0, 0.0, 10.0, 15.0, 5.0, 0.0, 5.0, 13.0, 5.0, 15.0, 5.0, 0.0, 0.0, 3.0, 0.0, 0.0, 10.0, 0.0, 0.0]
B: [0.0, 36.0, 45.624091437640004, 64.0, 82.7140226568, 112.0, 124.021711775, 267.0, 277.4634044651, 306.7341364853, 330.5008400009, 437.0, 450.76465480859997, 471.5330514246, 473.74372756550997, 490.62687851551, 495.97492881445, 506.56571126905, 529.0, 549.4257496801999, 561.2869729308, 568.6172701962599, 609.35223224366, 613.46797871301]
