Avion: 4      Iteracion: 23

Num Ruta: 21
Ingresos: 2632.81
Costos: 588.166914626
Utilidad Ruta: 2044.64308537
Costo Reducido: 111.094014816
Nodos: [104, 17, 52, 24, 9, 44, 59, 1, 11, 46, 36, 35, 70, 26, 61, 34, 69, 19, 25, 60, 31, 66, 54, 21, 56, 714]
q: [0.0, 0.0, 0.0, 4.0, 11.0, -11.0, -4.0, 7.0, 6.0, -6.0, -7.0, 8.0, -8.0, 10.0, -10.0, 8.0, -8.0, 6.0, 9.0, -9.0, 9.0, -9.0, -6.0, 12.0, -12.0, 0.0]
Q: [0.0, 0.0, 0.0, 4.0, 15.0, 4.0, 0.0, 7.0, 13.0, 7.0, 0.0, 8.0, 0.0, 10.0, 0.0, 8.0, 0.0, 6.0, 15.0, 6.0, 15.0, 6.0, 0.0, 12.0, 0.0, 0.0]
B: [0.0, 24.0, 58.8425537813, 75.400837086, 81.83771412381999, 111.36495112632, 136.42051454042, 175.0, 193.6808285951, 197.73489544211, 232.05062478011, 270.0, 281.922738989, 300.0, 317.5792279694, 332.4924740614, 368.9326042752, 402.0, 411.3920072402, 428.57698955029997, 433.39863615700995, 461.72411523500995, 484.14227952200997, 507.74913990201, 548.48793058121, 577.37873647171]
