Avion: 6      Iteracion: 60

Num Ruta: 54
Ingresos: 2335.858
Costos: 432.663752765
Utilidad Ruta: 1903.19424723
Costo Reducido: 73.8581446976
Nodos: [106, 1, 36, 23, 35, 70, 32, 67, 34, 58, 69, 33, 6, 41, 13, 48, 68, 4, 2, 39, 37, 716]
q: [0.0, 7.0, -7.0, 7.0, 8.0, -8.0, 8.0, -8.0, 8.0, -7.0, -8.0, 5.0, 0.0, 0.0, 10.0, -10.0, -5.0, 3.0, 10.0, -3.0, -10.0, 0.0]
Q: [0.0, 7.0, 0.0, 7.0, 15.0, 7.0, 15.0, 7.0, 15.0, 8.0, 0.0, 5.0, 5.0, 5.0, 15.0, 5.0, 0.0, 3.0, 13.0, 10.0, 0.0, 0.0]
B: [0.0, 175.0, 209.2400855285, 267.0, 277.4634044651, 289.38614345409997, 309.0, 319.4016530417, 346.1750898215, 360.4340368373, 388.28712463740004, 437.0, 463.1548069196, 466.84709631779, 480.25716242499, 497.14031337499, 502.48836367393, 529.0, 556.3715326023, 565.8259991129, 599.0192098946001, 619.4448473632001]
