Avion: 4      Iteracion: 94

Num Ruta: 64
Ingresos: 1730.934
Costos: 404.097383105
Utilidad Ruta: 1326.8366169
Costo Reducido: 41.0268036118
Nodos: [104, 17, 52, 9, 44, 11, 46, 22, 57, 33, 6, 41, 68, 29, 4, 39, 64, 714]
q: [0, 5.0, -5.0, 11.0, -11.0, 6.0, -6.0, 10.0, -10.0, 5.0, 4.0, -4.0, -5.0, 9.0, 3.0, -3.0, -9.0, 0]
Q: [0, 5.0, 0.0, 11.0, 0.0, 6.0, 0.0, 10.0, 0.0, 5.0, 9.0, 5.0, 0.0, 9.0, 12.0, 9.0, 0.0, 0]
B: [0.0, 24.0, 58.8425537813, 81.72911018459999, 111.25634718709999, 169.0, 173.05406684701, 299.0, 320.7546861389, 437.0, 463.1548069196, 466.84709631779, 497.92495713539, 549.0, 569.7100026316, 590.1357523117999, 602.3548233485, 629.1252533973]
