Avion: 7      Iteracion: 35

Num Ruta: 36
Ingresos: 1137.891
Costos: 323.502341334
Utilidad Ruta: 814.388658666
Costo Reducido: 14.4305050019
Nodos: [107, 24, 59, 14, 49, 3, 38, 23, 35, 70, 26, 34, 58, 61, 22, 69, 57, 717]
q: [0.0, 11.0, -11.0, 8.0, -8.0, 0.0, 0.0, 0.0, 8.0, -8.0, 10.0, 5.0, 0.0, -10.0, 10.0, -5.0, -10.0, 0.0]
Q: [0.0, 11.0, 0.0, 8.0, 0.0, 0.0, 0.0, 0.0, 8.0, 0.0, 10.0, 15.0, 15.0, 5.0, 15.0, 10.0, 0.0, 0.0]
B: [0.0, 61.0, 99.5129503025, 128.1593196012, 140.1810313762, 256.0, 261.08428175852, 267.0, 277.4634044651, 289.38614345409997, 303.7370056233, 322.0, 336.2589470158, 339.32601939838, 352.96020004848003, 367.52936670278, 378.11961703028, 380.08640578355]
