Avion: 5      Iteracion: 30

Num Ruta: 28
Ingresos: 691.883
Costos: 346.963058471
Utilidad Ruta: 344.919941529
Costo Reducido: 27.3055441815
Nodos: [105, 1, 36, 35, 70, 33, 68, 715]
q: [0, 7.0, -7.0, 8.0, -8.0, 5.0, -5.0, 0]
Q: [0, 7.0, 0.0, 8.0, 0.0, 5.0, 0.0, 0]
B: [0.0, 175.0, 209.2400855285, 270.0, 281.922738989, 437.0, 478.9526650524, 522.7129914909]
