Avion: 6      Iteracion: 63

Num Ruta: 57
Ingresos: 517.706
Costos: 232.557095826
Utilidad Ruta: 285.148904174
Costo Reducido: 31.8982748665
Nodos: [106, 34, 69, 33, 68, 716]
q: [0, 8.0, -8.0, 5.0, -5.0, 0]
Q: [0, 8.0, 0.0, 5.0, 0.0, 0]
B: [0.0, 322.0, 358.4401302138, 437.0, 478.9526650524, 502.8451089835]
