Avion: 6      Iteracion: 33

Num Ruta: 35
Ingresos: 734.821
Costos: 211.034888856
Utilidad Ruta: 523.786111144
Costo Reducido: 168.115784449
Nodos: [106, 1, 36, 35, 70, 33, 6, 41, 68, 5, 40, 716]
q: [0, 7.0, -7.0, 8.0, -8.0, 5.0, 4.0, -4.0, -5.0, 9.0, -9.0, 0]
Q: [0, 7.0, 0.0, 8.0, 0.0, 5.0, 9.0, 5.0, 0.0, 9.0, 0.0, 0]
B: [0.0, 175.0, 209.2400855285, 270.0, 281.922738989, 437.0, 463.1548069196, 466.84709631779, 497.92495713539, 526.89637472239, 528.01806362757, 534.7414177012399]
