Avion: 2      Iteracion: 9

Num Ruta: 8
Ingresos: 3019.076
Costos: 755.390827941
Utilidad Ruta: 2263.68517206
Costo Reducido: 432.714418481
Nodos: [102, 16, 51, 9, 24, 44, 59, 14, 49, 23, 35, 70, 26, 58, 34, 61, 69, 19, 31, 54, 66, 8, 43, 5, 40, 2, 27, 62, 37, 712]
q: [0.0, 9.0, -9.0, 4.0, 11.0, -4.0, -11.0, 8.0, -8.0, 8.0, 7.0, -7.0, 7.0, -8.0, 8.0, -7.0, -8.0, 7.0, 8.0, -7.0, -8.0, 8.0, -8.0, 9.0, -9.0, 10.0, 5.0, -5.0, -10.0, 0.0]
Q: [0.0, 9.0, 0.0, 4.0, 15.0, 11.0, 0.0, 8.0, 0.0, 8.0, 15.0, 8.0, 15.0, 7.0, 15.0, 8.0, 0.0, 7.0, 15.0, 8.0, 0.0, 8.0, 0.0, 9.0, 0.0, 10.0, 15.0, 10.0, 0.0, 0.0]
B: [0.0, 36.0, 45.624091437640004, 75.68094759394, 82.11782463176, 106.25807452686, 131.31363794096, 159.96000723966, 171.98171901466, 267.0, 277.4634044651, 289.38614345409997, 303.7370056233, 323.4233783974, 337.6823254132, 352.5955715052, 377.582325456, 402.0, 423.4250045741, 440.5310440047, 462.9492082917, 471.73205441354, 492.50045102954005, 502.25326190641005, 503.37495081159005, 522.0, 547.7839683718, 564.8148307399, 594.1553610862, 598.27110755555]
