Avion: 5      Iteracion: 18

Num Ruta: 21
Ingresos: 294.73
Costos: 290.831818357
Utilidad Ruta: 3.89818164257
Costo Reducido: 55.5073457614
Nodos: [105, 24, 59, 14, 49, 715]
q: [0, 11.0, -11.0, 8.0, -8.0, 0]
Q: [0, 11.0, 0.0, 8.0, 0.0, 0]
B: [0.0, 61.0, 99.5129503025, 128.1593196012, 140.1810313762, 146.26411357193]
