Avion: 7      Iteracion: 7

Num Ruta: 11
Ingresos: 2190.512
Costos: 523.694013914
Utilidad Ruta: 1666.81798609
Costo Reducido: 525.117596377
Nodos: [107, 9, 44, 30, 65, 14, 49, 3, 38, 23, 58, 32, 67, 34, 28, 69, 63, 25, 60, 6, 41, 27, 62, 717]
q: [0, 11.0, -11.0, 11.0, -11.0, 8.0, -8.0, 13.0, -13.0, 10.0, -10.0, 11.0, -11.0, 8.0, 6.0, -8.0, -6.0, 10.0, -10.0, 4.0, -4.0, 6.0, -6.0, 0]
Q: [0, 11.0, 0.0, 11.0, 0.0, 8.0, 0.0, 13.0, 0.0, 10.0, 0.0, 11.0, 0.0, 8.0, 14.0, 6.0, 0.0, 10.0, 0.0, 4.0, 0.0, 6.0, 0.0, 0]
B: [0.0, 46.0648734938, 75.5921104963, 91.38001083169999, 110.09403348849999, 137.8899741454, 149.9116859204, 256.0, 261.08428175852, 267.0, 306.733842905, 329.2181487426, 339.6198017843, 366.39323856410005, 382.42612638880007, 417.0413399516001, 448.9918957058001, 452.3252743221601, 469.5102566322601, 495.01202711986014, 498.7043165180501, 538.0, 555.0308623681, 578.4758506812]
