Avion: 2      Iteracion: 22

Num Ruta: 20
Ingresos: 1681.019
Costos: 594.256656751
Utilidad Ruta: 1086.76234325
Costo Reducido: 128.995390404
Nodos: [102, 9, 12, 44, 30, 16, 51, 65, 47, 10, 45, 26, 61, 34, 28, 69, 63, 19, 54, 712]
q: [0.0, 11.0, 0.0, -11.0, 6.0, 9.0, -9.0, -6.0, 0.0, 12.0, -12.0, 10.0, -10.0, 8.0, 6.0, -8.0, -6.0, 7.0, -7.0, 0.0]
Q: [0.0, 11.0, 11.0, 0.0, 6.0, 15.0, 6.0, 0.0, 0.0, 12.0, 0.0, 10.0, 0.0, 8.0, 14.0, 6.0, 0.0, 7.0, 0.0, 0.0]
B: [0.0, 29.8362865317, 54.0, 64.7870367571, 80.5749370925, 88.77752839038, 98.40161982802, 101.27277638941, 124.06863445620999, 132.78640481335998, 162.30591554775998, 300.0, 317.5792279694, 332.4924740614, 378.0, 412.6152135628, 444.56576931700005, 457.10156259070004, 483.72867888220003, 509.2641105997]
