Avion: 5      Iteracion: 68

Num Ruta: 43
Ingresos: 1764.063
Costos: 505.603256647
Utilidad Ruta: 1258.45974335
Costo Reducido: 76.2016449038
Nodos: [105, 16, 51, 24, 59, 18, 53, 28, 63, 19, 54, 33, 21, 68, 56, 715]
q: [0.0, 9.0, -9.0, 11.0, -11.0, 0.0, 0.0, 6.0, -6.0, 7.0, -7.0, 5.0, 10.0, -5.0, -10.0, 0.0]
Q: [0.0, 9.0, 0.0, 11.0, 0.0, 0.0, 0.0, 6.0, 0.0, 7.0, 0.0, 5.0, 15.0, 10.0, 0.0, 0.0]
B: [0.0, 36.0, 45.624091437640004, 70.85029051714, 109.36324081964, 293.0, 316.8182362487, 378.0, 414.0266187839, 426.5624120576, 453.1895283491, 474.7379221175, 514.331130083, 525.2106074602, 560.0626462815, 613.3943907119999]
