Avion: 1      Iteracion: 72

Num Ruta: 44
Ingresos: 1249.035
Costos: 390.522027798
Utilidad Ruta: 858.512972202
Costo Reducido: 79.8786928163
Nodos: [101, 30, 65, 16, 51, 10, 45, 32, 67, 34, 69, 8, 19, 25, 60, 54, 43, 711]
q: [0.0, 11.0, -11.0, 9.0, -9.0, 12.0, -12.0, 11.0, -11.0, 8.0, -8.0, 0.0, 7.0, 8.0, -8.0, -7.0, 0.0, 0.0]
Q: [0.0, 11.0, 0.0, 9.0, 0.0, 12.0, 0.0, 11.0, 0.0, 8.0, 0.0, 0.0, 7.0, 15.0, 7.0, 0.0, 0.0, 0.0]
B: [0.0, 64.0, 82.7140226568, 93.53069441849999, 103.15478585614, 118.98406306644, 148.50357380084, 309.0, 319.4016530417, 346.1750898215, 382.6152200353, 414.0, 437.1608815463, 446.5528887865, 463.7378710966, 480.5247275325, 483.45284672405995, 489.16197800648996]
