Avion: 1      Iteracion: 5

Num Ruta: 5
Ingresos: 2414.485
Costos: 656.32066447
Utilidad Ruta: 1758.16433553
Costo Reducido: 1005.37132339
Nodos: [101, 17, 16, 52, 30, 65, 51, 10, 45, 11, 46, 22, 57, 32, 67, 8, 19, 54, 43, 5, 33, 40, 68, 27, 2, 62, 37, 711]
q: [0.0, 5.0, 9.0, -5.0, 6.0, -6.0, -9.0, 12.0, -12.0, 6.0, -6.0, 10.0, -10.0, 11.0, -11.0, 8.0, 0.0, 0.0, -8.0, 9.0, 5.0, -9.0, -5.0, 5.0, 10.0, -5.0, -10.0, 0.0]
Q: [0.0, 5.0, 14.0, 9.0, 15.0, 9.0, 0.0, 12.0, 0.0, 6.0, 0.0, 10.0, 0.0, 11.0, 0.0, 8.0, 8.0, 8.0, 0.0, 9.0, 14.0, 5.0, 0.0, 5.0, 15.0, 10.0, 0.0, 0.0]
B: [0.0, 24.0, 58.8014769802, 64.13311631534, 67.27757079903, 85.99159345583, 88.86275001722, 104.69202722752, 134.21153796192, 186.84975454451998, 190.90382139153, 299.0, 320.7546861389, 354.75446344700003, 365.15611648870004, 414.0, 437.1608815463, 463.7879978378, 466.71611702935996, 476.46892790622996, 490.16709508292996, 503.45727378752997, 532.46964840593, 554.35048004003, 580.13444841183, 591.58652149923, 620.9270518455301, 637.8767190399301]
