Avion: 5      Iteracion: 19

Num Ruta: 22
Ingresos: 487.082
Costos: 300.081422803
Utilidad Ruta: 187.000577197
Costo Reducido: 35.16593373
Nodos: [105, 35, 70, 32, 67, 22, 57, 715]
q: [0, 8.0, -8.0, 11.0, -11.0, 10.0, -10.0, 0]
Q: [0, 8.0, 0.0, 11.0, 0.0, 10.0, 0.0, 0]
B: [0.0, 270.0, 281.922738989, 309.0, 319.4016530417, 353.8662667781, 375.620952917, 384.77408183557003]
