Avion: 3      Iteracion: 57

Num Ruta: 39
Ingresos: 900.036
Costos: 323.337958719
Utilidad Ruta: 576.698041281
Costo Reducido: 24.4081008883
Nodos: [103, 30, 16, 51, 65, 24, 59, 19, 54, 13, 48, 713]
q: [0.0, 11.0, 4.0, -4.0, -11.0, 11.0, -11.0, 7.0, -7.0, 15.0, -15.0, 0.0]
Q: [0.0, 11.0, 15.0, 11.0, 0.0, 11.0, 0.0, 7.0, 0.0, 15.0, 0.0, 0.0]
B: [0.0, 64.0, 72.20259129788, 81.82668273552001, 84.69783929691, 109.43181018721, 147.94476048971, 402.0, 428.6271162915, 432.85473559792, 449.73788654792, 452.51237478902004]
