Avion: 6      Iteracion: 94

Num Ruta: 81
Ingresos: 2353.165
Costos: 521.560437886
Utilidad Ruta: 1831.60456211
Costo Reducido: 5.47831587406
Nodos: [106, 9, 44, 11, 46, 23, 35, 70, 32, 67, 26, 61, 58, 34, 69, 33, 6, 41, 68, 4, 39, 2, 37, 716]
q: [0.0, 11.0, -11.0, 6.0, -6.0, 7.0, 8.0, -8.0, 8.0, -8.0, 8.0, -8.0, -7.0, 8.0, -8.0, 5.0, 4.0, -4.0, -5.0, 3.0, -3.0, 10.0, -10.0, 0.0]
Q: [0.0, 11.0, 0.0, 6.0, 0.0, 7.0, 15.0, 7.0, 15.0, 7.0, 15.0, 7.0, 0.0, 8.0, 0.0, 5.0, 9.0, 5.0, 0.0, 3.0, 0.0, 10.0, 0.0, 0.0]
B: [0.0, 51.9831585901, 81.51039559259999, 169.0, 173.05406684701, 267.0, 277.4634044651, 289.38614345409997, 309.0, 319.4016530417, 332.1221722921, 349.7014002615, 352.76847264408, 367.02741965988, 403.46754987368, 437.0, 463.1548069196, 466.84709631779, 497.92495713539, 529.0, 549.4257496801999, 558.8802161908, 599.6151782382, 620.0408157068]
