Avion: 2      Iteracion: 39

Num Ruta: 35
Ingresos: 2382.26
Costos: 640.769373578
Utilidad Ruta: 1741.49062642
Costo Reducido: 54.8283680893
Nodos: [102, 16, 51, 9, 24, 44, 59, 1, 36, 3, 38, 23, 35, 70, 32, 67, 26, 61, 58, 34, 69, 8, 33, 6, 41, 43, 13, 48, 68, 712]
q: [0.0, 9.0, -9.0, 4.0, 11.0, -4.0, -11.0, 7.0, -7.0, 13.0, -13.0, 5.0, 8.0, -8.0, 10.0, -10.0, 10.0, -10.0, -5.0, 8.0, -8.0, 6.0, 5.0, 4.0, -4.0, -6.0, 10.0, -10.0, -5.0, 0.0]
Q: [0.0, 9.0, 0.0, 4.0, 15.0, 11.0, 0.0, 7.0, 0.0, 13.0, 0.0, 5.0, 13.0, 5.0, 15.0, 5.0, 15.0, 5.0, 0.0, 8.0, 0.0, 6.0, 11.0, 15.0, 11.0, 5.0, 15.0, 5.0, 0.0, 0.0]
B: [0.0, 36.0, 45.624091437640004, 75.68094759394, 82.11782463176, 106.25807452686, 131.31363794096, 175.0, 209.2400855285, 256.0, 261.08428175852, 267.0, 277.4634044651, 289.38614345409997, 309.0, 319.4016530417, 332.1221722921, 349.7014002615, 352.76847264408, 367.02741965988, 403.46754987368, 414.0, 437.0, 463.1548069196, 466.84709631779, 479.71309880498995, 481.92377494589994, 498.80692589589995, 504.15497619483995, 514.48425622784]
