Avion: 7      Iteracion: 0

Num Ruta: 1
Ingresos: 777.288
Costos: 308.258228907
Utilidad Ruta: 469.029771093
Costo Reducido: -
Nodos: [107, 18, 53, 22, 57, 8, 43, 717]
q: [0, 10.0, -10.0, 10.0, -10.0, 8.0, -8.0, 0]
Q: [0, 10.0, 0.0, 10.0, 0.0, 8.0, 0.0, 0]
B: [0.0, 293.0, 316.8182362487, 332.3010836612, 354.0557698001, 414.0, 434.768396616, 463.180604274]
