Avion: 4      Iteracion: 91

Num Ruta: 63
Ingresos: 2277.887
Costos: 435.645919967
Utilidad Ruta: 1842.24108003
Costo Reducido: 38.7194641241
Nodos: [104, 17, 52, 9, 44, 3, 38, 23, 35, 70, 34, 58, 22, 57, 69, 33, 8, 43, 68, 714]
q: [0.0, 5.0, -5.0, 11.0, -11.0, 13.0, -13.0, 7.0, 8.0, -8.0, 5.0, -7.0, 10.0, -10.0, -5.0, 5.0, 8.0, -8.0, -5.0, 0.0]
Q: [0.0, 5.0, 0.0, 11.0, 0.0, 13.0, 0.0, 7.0, 15.0, 7.0, 12.0, 5.0, 15.0, 5.0, 0.0, 5.0, 13.0, 5.0, 0.0, 0.0]
B: [0.0, 24.0, 58.8425537813, 81.72911018459999, 111.25634718709999, 256.0, 261.08428175852, 267.0, 277.4634044651, 289.38614345409997, 322.0, 336.2589470158, 352.0153710073, 373.77005714620003, 384.3603074737, 437.0, 450.76465480859997, 471.5330514246, 493.4899324645, 509.6643494555]
