Avion: 6      Iteracion: 73

Num Ruta: 66
Ingresos: 570.01
Costos: 221.915299303
Utilidad Ruta: 348.094700697
Costo Reducido: 57.0386983533
Nodos: [106, 10, 45, 32, 67, 33, 6, 41, 68, 5, 40, 716]
q: [0, 12.0, -12.0, 11.0, -11.0, 5.0, 4.0, -4.0, -5.0, 9.0, -9.0, 0]
Q: [0, 12.0, 0.0, 11.0, 0.0, 5.0, 9.0, 5.0, 0.0, 9.0, 0.0, 0]
B: [0.0, 96.0, 125.5195107344, 309.0, 319.4016530417, 437.0, 463.1548069196, 466.84709631779, 497.92495713539, 526.89637472239, 528.01806362757, 534.7414177012399]
