Avion: 4      Iteracion: 103

Num Ruta: 70
Ingresos: 1379.172
Costos: 339.79841994
Utilidad Ruta: 1039.37358006
Costo Reducido: 41.7167500167
Nodos: [104, 17, 52, 30, 65, 16, 51, 32, 67, 33, 13, 48, 68, 29, 64, 714]
q: [0.0, 5.0, -5.0, 11.0, -11.0, 9.0, -9.0, 11.0, -11.0, 5.0, 10.0, -10.0, -5.0, 9.0, -9.0, 0.0]
Q: [0.0, 5.0, 0.0, 11.0, 0.0, 9.0, 0.0, 11.0, 0.0, 5.0, 15.0, 5.0, 0.0, 9.0, 0.0, 0.0]
B: [0.0, 24.0, 58.8425537813, 64.0, 82.7140226568, 93.53069441849999, 103.15478585614, 309.0, 319.4016530417, 437.0, 462.372931896, 479.256082846, 484.60413314494, 549.0, 582.7797797802, 609.550209829]
