Avion: 6      Iteracion: 16

Num Ruta: 19
Ingresos: 3557.175
Costos: 646.220488163
Utilidad Ruta: 2910.95451184
Costo Reducido: 224.385772316
Nodos: [106, 17, 52, 24, 59, 14, 49, 11, 46, 1, 36, 23, 35, 70, 32, 67, 26, 34, 58, 61, 69, 33, 6, 41, 13, 48, 68, 21, 27, 56, 2, 62, 37, 716]
q: [0.0, 5.0, -5.0, 11.0, -11.0, 8.0, -8.0, 6.0, -6.0, 7.0, -7.0, 4.0, 8.0, -8.0, 11.0, -11.0, 3.0, 8.0, -4.0, -3.0, -8.0, 5.0, 4.0, -4.0, 10.0, -10.0, -5.0, 12.0, 3.0, -12.0, 10.0, -3.0, -10.0, 0.0]
Q: [0.0, 5.0, 0.0, 11.0, 0.0, 8.0, 0.0, 6.0, 0.0, 7.0, 0.0, 4.0, 12.0, 4.0, 15.0, 4.0, 7.0, 15.0, 11.0, 8.0, 0.0, 5.0, 9.0, 5.0, 15.0, 5.0, 0.0, 12.0, 15.0, 3.0, 13.0, 10.0, 0.0, 0.0]
B: [0.0, 24.0, 58.8425537813, 75.400837086, 113.9137873885, 142.5601566872, 154.5818684622, 184.03029757139998, 188.08436441841, 210.75381595571, 244.99390148421, 267.0, 277.4634044651, 289.38614345409997, 309.0, 319.4016530417, 332.1221722921, 348.0493993263, 362.3083463421, 365.37541872468, 390.36217267548, 437.0, 463.1548069196, 466.84709631779, 480.25716242499, 497.14031337499, 502.48836367393, 513.36784105113, 541.03310311383, 554.21055131143, 578.06156504253, 589.51363812993, 618.8541684762299, 639.27980594483]
