Avion: 5      Iteracion: 4

Num Ruta: 8
Ingresos: 3002.939
Costos: 614.424160268
Utilidad Ruta: 2388.51483973
Costo Reducido: 2009.63027167
Nodos: [105, 16, 51, 1, 36, 3, 38, 23, 35, 70, 58, 18, 53, 28, 31, 66, 63, 25, 60, 2, 29, 37, 64, 715]
q: [0.0, 9.0, -9.0, 7.0, -7.0, 13.0, -13.0, 10.0, 5.0, -5.0, -10.0, 10.0, -10.0, 6.0, 9.0, -9.0, -6.0, 10.0, -10.0, 10.0, 5.0, -10.0, -5.0, 0.0]
Q: [0.0, 9.0, 0.0, 7.0, 0.0, 13.0, 0.0, 10.0, 15.0, 10.0, 0.0, 10.0, 0.0, 6.0, 15.0, 6.0, 0.0, 10.0, 0.0, 10.0, 15.0, 5.0, 0.0, 0.0]
B: [0.0, 36.0, 45.624091437640004, 175.0, 209.2400855285, 256.0, 261.08428175852, 267.0, 277.4634044651, 289.38614345409997, 313.15284696969997, 338.59215837939996, 362.41039462809994, 378.0, 406.0, 434.325479078, 462.7399107809, 466.07328939726, 483.25827170736, 522.0, 568.3943954589, 578.19913599601, 610.61353787231, 657.9244818071099]
