Avion: 3      Iteracion: 59

Num Ruta: 40
Ingresos: 507.956
Costos: 213.621869815
Utilidad Ruta: 294.334130185
Costo Reducido: 30.1769040339
Nodos: [103, 11, 46, 25, 60, 33, 68, 713]
q: [0, 6.0, -6.0, 10.0, -10.0, 5.0, -5.0, 0]
Q: [0, 6.0, 0.0, 10.0, 0.0, 5.0, 0.0, 0]
B: [0.0, 169.0, 173.05406684701, 410.0, 427.1849823101, 462.7023875222, 504.6550525746, 508.34992807995]
