Avion: 6      Iteracion: 91

Num Ruta: 79
Ingresos: 1938.008
Costos: 360.459678593
Utilidad Ruta: 1577.54832141
Costo Reducido: 46.955355303
Nodos: [106, 17, 30, 52, 16, 65, 51, 22, 57, 33, 5, 40, 68, 4, 39, 2, 37, 716]
q: [0.0, 5.0, 6.0, -5.0, 9.0, -6.0, -9.0, 10.0, -10.0, 5.0, 9.0, -9.0, -5.0, 3.0, -3.0, 10.0, -10.0, 0.0]
Q: [0.0, 5.0, 11.0, 6.0, 15.0, 9.0, 0.0, 10.0, 0.0, 5.0, 14.0, 5.0, 0.0, 3.0, 0.0, 10.0, 0.0, 0.0]
B: [0.0, 24.0, 64.0, 67.14445448369, 72.47609381883, 83.29276558052999, 86.16392214191998, 299.0, 320.7546861389, 437.0, 469.0, 470.12168890518, 499.13406352358, 529.0, 549.4257496801999, 558.8802161908, 599.6151782382, 620.0408157068]
