Avion: 6      Iteracion: 57

Num Ruta: 52
Ingresos: 1343.89
Costos: 366.137414722
Utilidad Ruta: 977.752585278
Costo Reducido: 71.9837639914
Nodos: [106, 17, 30, 52, 24, 65, 59, 10, 45, 32, 67, 33, 6, 41, 13, 48, 68, 716]
q: [0.0, 5.0, 4.0, -5.0, 11.0, -4.0, -11.0, 12.0, -12.0, 11.0, -11.0, 5.0, 4.0, -4.0, 10.0, -10.0, -5.0, 0.0]
Q: [0.0, 5.0, 9.0, 4.0, 15.0, 11.0, 0.0, 12.0, 0.0, 11.0, 0.0, 5.0, 9.0, 5.0, 15.0, 5.0, 0.0, 0.0]
B: [0.0, 24.0, 64.0, 67.14445448369, 83.70273778839, 108.43670867869, 138.07426959389, 149.86020027419, 179.37971100859, 309.0, 319.4016530417, 437.0, 463.1548069196, 466.84709631779, 480.25716242499, 497.14031337499, 502.48836367393, 526.38080760503]
