Avion: 7      Iteracion: 84

Num Ruta: 65
Ingresos: 1415.54
Costos: 247.090202345
Utilidad Ruta: 1168.44979766
Costo Reducido: 38.7214885483
Nodos: [107, 9, 44, 14, 49, 3, 38, 23, 35, 70, 26, 61, 58, 22, 57, 717]
q: [0.0, 11.0, -11.0, 0.0, 0.0, 13.0, -13.0, 7.0, 8.0, -8.0, 8.0, -8.0, -7.0, 10.0, -10.0, 0.0]
Q: [0.0, 11.0, 0.0, 0.0, 0.0, 13.0, 0.0, 7.0, 15.0, 7.0, 15.0, 7.0, 0.0, 10.0, 0.0, 0.0]
B: [0.0, 46.0648734938, 75.5921104963, 112.0, 124.021711775, 256.0, 261.08428175852, 267.0, 277.4634044651, 289.38614345409997, 303.7370056233, 321.3162335927, 324.38330597528, 340.13972996678, 361.89441610568, 363.86120485895003]
