Avion: 3      Iteracion: 0

Num Ruta: 1
Ingresos: 932.173
Costos: 283.105604047
Utilidad Ruta: 649.067395953
Costo Reducido: -
Nodos: [103, 11, 46, 1, 36, 25, 60, 19, 54, 713]
q: [0, 6.0, -6.0, 7.0, -7.0, 10.0, -10.0, 7.0, -7.0, 0]
Q: [0, 6.0, 0.0, 7.0, 0.0, 10.0, 0.0, 7.0, 0.0, 0]
B: [0.0, 169.0, 173.05406684701, 195.72351838431, 229.96360391281002, 410.0, 427.1849823101, 443.8578739909, 470.48499028239996, 489.2620487315]
