Avion: 3      Iteracion: 15

Num Ruta: 13
Ingresos: 827.498
Costos: 340.51001307
Utilidad Ruta: 486.98798693
Costo Reducido: 142.132423634
Nodos: [103, 30, 65, 24, 59, 28, 63, 13, 48, 713]
q: [0, 11.0, -11.0, 11.0, -11.0, 6.0, -6.0, 15.0, -15.0, 0]
Q: [0, 11.0, 0.0, 11.0, 0.0, 6.0, 0.0, 15.0, 0.0, 0]
B: [0.0, 64.0, 82.7140226568, 107.4479935471, 145.9609438496, 378.0, 414.0266187839, 446.9799880805, 463.8631390305, 466.6376272716]
