Avion: 7      Iteracion: 43

Num Ruta: 41
Ingresos: 1262.372
Costos: 233.185656104
Utilidad Ruta: 1029.1863439
Costo Reducido: 60.5245519974
Nodos: [107, 14, 49, 3, 38, 23, 58, 34, 26, 61, 69, 717]
q: [0.0, 0.0, 0.0, 13.0, -13.0, 10.0, -10.0, 8.0, 7.0, -7.0, -8.0, 0.0]
Q: [0.0, 0.0, 0.0, 13.0, 0.0, 10.0, 0.0, 8.0, 15.0, 8.0, 0.0, 0.0]
B: [0.0, 112.0, 124.021711775, 256.0, 261.08428175852, 267.0, 306.733842905, 322.0, 337.9272270342, 355.50645500359997, 380.49320895439996, 389.24657127981993]
