Avion: 5      Iteracion: 75

Num Ruta: 47
Ingresos: 1427.797
Costos: 409.101854429
Utilidad Ruta: 1018.69514557
Costo Reducido: 22.5224800045
Nodos: [105, 24, 59, 1, 36, 8, 43, 2, 37, 715]
q: [0, 11.0, -11.0, 7.0, -7.0, 8.0, -8.0, 10.0, -10.0, 0]
Q: [0, 11.0, 0.0, 7.0, 0.0, 8.0, 0.0, 10.0, 0.0, 0]
B: [0.0, 61.0, 99.5129503025, 175.0, 209.2400855285, 414.0, 434.768396616, 522.0, 562.7349620474, 598.7395051635]
