Avion: 1      Iteracion: 53

Num Ruta: 34
Ingresos: 295.689
Costos: 305.035085601
Utilidad Ruta: -9.34608560098
Costo Reducido: 0.912243348605
Nodos: [101, 16, 51, 24, 59, 711]
q: [0, 9.0, -9.0, 11.0, -11.0, 0]
Q: [0, 9.0, 0.0, 11.0, 0.0, 0]
B: [0.0, 36.0, 45.624091437640004, 70.85029051714, 109.36324081964, 118.86916581407999]
