Avion: 4      Iteracion: 107

Num Ruta: 72
Ingresos: 1065.806
Costos: 339.057582099
Utilidad Ruta: 726.748417901
Costo Reducido: 12.6829632708
Nodos: [104, 17, 52, 9, 44, 35, 70, 32, 67, 33, 13, 48, 68, 714]
q: [0.0, 5.0, -5.0, 11.0, -11.0, 8.0, -8.0, 11.0, -11.0, 5.0, 10.0, -10.0, -5.0, 0.0]
Q: [0.0, 5.0, 0.0, 11.0, 0.0, 8.0, 0.0, 11.0, 0.0, 5.0, 15.0, 5.0, 0.0, 0.0]
B: [0.0, 24.0, 58.8425537813, 81.72911018459999, 111.25634718709999, 270.0, 281.922738989, 309.0, 319.4016530417, 437.0, 462.372931896, 479.256082846, 484.60413314494, 500.77855013594]
