Avion: 6      Iteracion: 9

Num Ruta: 13
Ingresos: 2416.813
Costos: 488.134449365
Utilidad Ruta: 1928.67855064
Costo Reducido: 424.693747232
Nodos: [106, 16, 51, 9, 24, 44, 59, 10, 45, 32, 67, 26, 61, 34, 69, 8, 19, 54, 43, 6, 41, 5, 40, 2, 62, 27, 37, 716]
q: [0.0, 9.0, -9.0, 4.0, 11.0, -4.0, -11.0, 12.0, -12.0, 11.0, -11.0, 10.0, -10.0, 8.0, -8.0, 8.0, 7.0, -7.0, -8.0, 0.0, 0.0, 9.0, -9.0, 10.0, -6.0, 6.0, -10.0, 0.0]
Q: [0.0, 9.0, 0.0, 4.0, 15.0, 11.0, 0.0, 12.0, 0.0, 11.0, 0.0, 10.0, 0.0, 8.0, 0.0, 8.0, 15.0, 8.0, 0.0, 0.0, 0.0, 9.0, 0.0, 10.0, 4.0, 10.0, 0.0, 0.0]
B: [0.0, 36.0, 45.624091437640004, 75.68094759394, 82.11782463176, 106.25807452686, 131.31363794096, 143.09956862126, 172.61907935566, 309.0, 319.4016530417, 332.1221722921, 349.7014002615, 364.6146463535, 401.0547765673, 414.0, 437.1608815463, 463.7879978378, 466.71611702935996, 475.90678865879, 479.59907805698, 497.98793827177997, 499.10962717696, 522.0, 555.0, 572.0308623681, 596.9965143323, 617.4221518009]
