Avion: 4      Iteracion: 32

Num Ruta: 28
Ingresos: 1047.428
Costos: 447.143856545
Utilidad Ruta: 600.284143455
Costo Reducido: 54.1661766047
Nodos: [104, 17, 52, 16, 51, 1, 36, 35, 70, 34, 32, 67, 69, 33, 68, 714]
q: [0.0, 0.0, 0.0, 9.0, -9.0, 7.0, -7.0, 8.0, -8.0, 8.0, 7.0, -7.0, -8.0, 5.0, -5.0, 0.0]
Q: [0.0, 0.0, 0.0, 9.0, 0.0, 7.0, 0.0, 8.0, 0.0, 8.0, 15.0, 8.0, 0.0, 5.0, 0.0, 0.0]
B: [0.0, 24.0, 58.8425537813, 64.17419311644, 73.79828455408, 175.0, 209.2400855285, 270.0, 281.922738989, 322.0, 342.0229178943, 352.424570936, 383.46685579070004, 437.0, 478.9526650524, 495.1270820434]
