Avion: 3      Iteracion: 54

Num Ruta: 38
Ingresos: 1120.245
Costos: 455.359482951
Utilidad Ruta: 664.885517049
Costo Reducido: 46.7354284768
Nodos: [103, 9, 44, 24, 59, 35, 70, 32, 67, 33, 68, 29, 64, 713]
q: [0, 11.0, -11.0, 11.0, -11.0, 8.0, -8.0, 11.0, -11.0, 5.0, -5.0, 9.0, -9.0, 0]
Q: [0, 11.0, 0.0, 11.0, 0.0, 8.0, 0.0, 11.0, 0.0, 5.0, 0.0, 9.0, 0.0, 0]
B: [0.0, 37.2069129329, 66.73414993540001, 90.87439983050001, 129.387350133, 270.0, 281.922738989, 309.0, 319.4016530417, 437.0, 478.9526650524, 549.0, 582.7797797802, 609.1306994036]
