Avion: 7      Iteracion: 6

Num Ruta: 10
Ingresos: 2799.084
Costos: 486.425744494
Utilidad Ruta: 2312.65825551
Costo Reducido: 1122.58992596
Nodos: [107, 14, 49, 3, 38, 23, 58, 18, 53, 28, 63, 25, 60, 13, 48, 21, 56, 27, 29, 4, 62, 39, 64, 717]
q: [0.0, 8.0, -8.0, 0.0, 0.0, 10.0, -10.0, 10.0, -10.0, 6.0, -6.0, 10.0, -10.0, 15.0, -15.0, 12.0, -12.0, 3.0, 9.0, 3.0, -3.0, -3.0, -9.0, 0.0]
Q: [0.0, 8.0, 0.0, 0.0, 0.0, 10.0, 0.0, 10.0, 0.0, 6.0, 0.0, 10.0, 0.0, 15.0, 0.0, 12.0, 0.0, 3.0, 12.0, 15.0, 12.0, 9.0, 0.0, 0.0]
B: [0.0, 112.0, 124.021711775, 256.0, 261.08428175852, 267.0, 306.733842905, 332.1731543147, 355.9913905634, 378.0, 414.0266187839, 417.35999740026, 434.54497971036, 450.54604017526, 467.42919112526, 482.94058751626, 523.67937819546, 538.0, 563.6018082369, 584.3118108685, 600.3990115262, 605.8142700611199, 618.03334109782, 655.49772985572]
