Avion: 5      Iteracion: 50

Num Ruta: 35
Ingresos: 730.373
Costos: 247.065522242
Utilidad Ruta: 483.307477758
Costo Reducido: 41.3028913366
Nodos: [105, 18, 53, 28, 31, 66, 63, 15, 50, 715]
q: [0, 10.0, -10.0, 6.0, 9.0, -9.0, -6.0, 0.0, -0.0, 0]
Q: [0, 10.0, 0.0, 6.0, 15.0, 6.0, 0.0, 0.0, 0.0, 0]
B: [0.0, 293.0, 316.8182362487, 378.0, 406.0, 434.325479078, 462.7399107809, 511.0, 527.4211666151, 560.9947556696]
