Avion: 2      Iteracion: 57

Num Ruta: 47
Ingresos: 1836.507
Costos: 486.318377764
Utilidad Ruta: 1350.18862224
Costo Reducido: 84.9499707187
Nodos: [102, 16, 51, 9, 24, 44, 59, 10, 45, 32, 67, 26, 61, 13, 33, 68, 48, 20, 4, 39, 55, 2, 37, 712]
q: [0.0, 9.0, -9.0, 4.0, 11.0, -4.0, -11.0, 12.0, -12.0, 11.0, -11.0, 10.0, -10.0, 10.0, 5.0, -5.0, -10.0, 0.0, 0.0, 0.0, 0.0, 10.0, -10.0, 0.0]
Q: [0.0, 9.0, 0.0, 4.0, 15.0, 11.0, 0.0, 12.0, 0.0, 11.0, 0.0, 10.0, 0.0, 10.0, 15.0, 10.0, 0.0, 0.0, 0.0, 0.0, 0.0, 10.0, 0.0, 0.0]
B: [0.0, 36.0, 45.624091437640004, 75.68094759394, 82.11782463176, 106.25807452686, 131.31363794096, 143.09956862126, 172.61907935566, 309.0, 319.4016530417, 332.1221722921, 349.7014002615, 423.0, 448.372931896, 490.3255969484, 495.67364724734, 509.60423248274, 529.0, 549.4257496801999, 561.2869729308, 568.6172701962599, 609.35223224366, 613.46797871301]
