Avion: 5      Iteracion: 20

Num Ruta: 23
Ingresos: 485.931
Costos: 294.118651606
Utilidad Ruta: 191.812348394
Costo Reducido: 50.6610083873
Nodos: [105, 24, 59, 31, 66, 715]
q: [0, 11.0, -11.0, 9.0, -9.0, 0]
Q: [0, 11.0, 0.0, 9.0, 0.0, 0]
B: [0.0, 61.0, 99.5129503025, 406.0, 434.325479078, 448.0782228406]
