Avion: 1      Iteracion: 61

Num Ruta: 39
Ingresos: 2550.432
Costos: 455.081605751
Utilidad Ruta: 2095.35039425
Costo Reducido: 95.2795967217
Nodos: [101, 30, 65, 24, 59, 1, 36, 23, 35, 70, 34, 58, 22, 69, 57, 19, 25, 60, 31, 66, 54, 711]
q: [0.0, 11.0, -11.0, 11.0, -11.0, 7.0, -7.0, 7.0, 8.0, -8.0, 8.0, -7.0, 7.0, -8.0, -7.0, 5.0, 10.0, -10.0, 9.0, -9.0, -5.0, 0.0]
Q: [0.0, 11.0, 0.0, 11.0, 0.0, 7.0, 0.0, 7.0, 15.0, 7.0, 15.0, 8.0, 15.0, 7.0, 0.0, 5.0, 15.0, 5.0, 14.0, 5.0, 0.0, 0.0]
B: [0.0, 64.0, 82.7140226568, 107.4479935471, 145.9609438496, 175.0, 209.2400855285, 267.0, 277.4634044651, 289.38614345409997, 322.0, 336.2589470158, 352.0153710073, 366.5845376616, 377.17478798909997, 402.0, 411.3920072402, 428.57698955029997, 433.39863615700995, 461.72411523500995, 484.14227952200997, 488.88780646850995]
