Avion: 5      Iteracion: 39

Num Ruta: 33
Ingresos: 921.048
Costos: 401.309266622
Utilidad Ruta: 519.738733378
Costo Reducido: 27.4682290578
Nodos: [105, 24, 59, 35, 70, 32, 67, 26, 61, 28, 63, 715]
q: [0, 11.0, -11.0, 8.0, -8.0, 11.0, -11.0, 10.0, -10.0, 6.0, -6.0, 0]
Q: [0, 11.0, 0.0, 8.0, 0.0, 11.0, 0.0, 10.0, 0.0, 6.0, 0.0, 0]
B: [0.0, 61.0, 99.5129503025, 270.0, 281.922738989, 309.0, 319.4016530417, 332.1221722921, 349.7014002615, 378.0, 414.0266187839, 451.2632406769]
