Avion: 4      Iteracion: 10

Num Ruta: 12
Ingresos: 1076.9
Costos: 282.527252094
Utilidad Ruta: 794.372747906
Costo Reducido: 42.1015853483
Nodos: [104, 17, 52, 21, 56, 714]
q: [0, 5.0, -5.0, 12.0, -12.0, 0]
Q: [0, 5.0, 0.0, 12.0, 0.0, 0]
B: [0.0, 24.0, 58.8425537813, 477.0, 517.7387906792, 546.6295965697]
