Avion: 5      Iteracion: 43

Num Ruta: 34
Ingresos: 749.294
Costos: 330.949551617
Utilidad Ruta: 418.344448383
Costo Reducido: 25.2000420075
Nodos: [105, 30, 65, 32, 67, 26, 61, 34, 69, 715]
q: [0, 11.0, -11.0, 11.0, -11.0, 10.0, -10.0, 8.0, -8.0, 0]
Q: [0, 11.0, 0.0, 11.0, 0.0, 10.0, 0.0, 8.0, 0.0, 0]
B: [0.0, 64.0, 82.7140226568, 309.0, 319.4016530417, 332.1221722921, 349.7014002615, 364.6146463535, 401.0547765673, 419.5891548142]
