Avion: 4      Iteracion: 4

Num Ruta: 6
Ingresos: 2929.16
Costos: 666.090749155
Utilidad Ruta: 2263.06925084
Costo Reducido: 1009.44943634
Nodos: [104, 17, 52, 16, 51, 14, 49, 11, 46, 1, 36, 3, 38, 23, 35, 70, 26, 58, 61, 18, 53, 6, 41, 33, 5, 40, 68, 2, 37, 29, 64, 714]
q: [0.0, 0.0, 0.0, 9.0, -9.0, 8.0, -8.0, 6.0, -6.0, 7.0, -7.0, 13.0, -13.0, 10.0, 5.0, -5.0, 5.0, -10.0, -5.0, 10.0, -10.0, 4.0, -4.0, 5.0, 9.0, -9.0, -5.0, 10.0, -10.0, 9.0, -9.0, 0.0]
Q: [0.0, 0.0, 0.0, 9.0, 0.0, 8.0, 0.0, 6.0, 0.0, 7.0, 0.0, 13.0, 0.0, 10.0, 15.0, 10.0, 15.0, 5.0, 0.0, 10.0, 0.0, 4.0, 0.0, 5.0, 14.0, 5.0, 0.0, 10.0, 0.0, 9.0, 0.0, 0.0]
B: [0.0, 24.0, 58.8425537813, 64.17419311644, 73.79828455408, 112.0, 124.021711775, 169.0, 173.05406684701, 195.72351838431, 229.96360391281002, 256.0, 261.08428175852, 267.0, 277.4634044651, 289.38614345409997, 303.7370056233, 323.4233783974, 326.49045077998, 349.76912153238, 373.58735778107996, 436.0, 439.69228939819, 468.10954535299, 481.80771252969, 482.92940143487, 511.94177605326996, 554.48819421037, 595.22315625777, 605.02789679488, 638.80767657508, 665.57810662388]
