Avion: 1      Iteracion: 9

Num Ruta: 7
Ingresos: 228.162
Costos: 286.342300614
Utilidad Ruta: -58.1803006135
Costo Reducido: 60.8928061624
Nodos: [101, 24, 59, 711]
q: [0, 11.0, -11.0, 0]
Q: [0, 11.0, 0.0, 0]
B: [0.0, 61.0, 99.5129503025, 109.01887529694]
