Avion: 6      Iteracion: 41

Num Ruta: 41
Ingresos: 307.658
Costos: 100.34137004
Utilidad Ruta: 207.31662996
Costo Reducido: 78.0774578451
Nodos: [106, 26, 61, 6, 41, 5, 40, 716]
q: [0, 10.0, -10.0, 4.0, -4.0, 9.0, -9.0, 0]
Q: [0, 10.0, 0.0, 4.0, 0.0, 9.0, 0.0, 0]
B: [0.0, 300.0, 317.5792279694, 436.0, 439.69228939819, 469.0, 470.12168890518, 476.84504297885]
