Avion: 7      Iteracion: 0

Num Ruta: 2
Ingresos: 3267.733
Costos: 582.562067382
Utilidad Ruta: 2685.17093262
Costo Reducido: -
Nodos: [107, 17, 52, 24, 59, 10, 45, 1, 36, 3, 38, 23, 18, 53, 58, 22, 57, 19, 31, 66, 8, 54, 43, 717]
q: [0.0, 5.0, -5.0, 11.0, -11.0, 12.0, -12.0, 7.0, -7.0, 13.0, -13.0, 10.0, 5.0, -5.0, -10.0, 10.0, -10.0, 7.0, 8.0, -8.0, 8.0, -7.0, -8.0, 0.0]
Q: [0.0, 5.0, 0.0, 11.0, 0.0, 12.0, 0.0, 7.0, 0.0, 13.0, 0.0, 10.0, 15.0, 10.0, 0.0, 10.0, 0.0, 7.0, 15.0, 7.0, 15.0, 8.0, 0.0, 0.0]
B: [0.0, 45.942580685, 80.78513446630001, 97.343417771, 135.8563680735, 147.6422987538, 177.1618094882, 215.581150659, 249.8212361875, 256.9177880967, 262.00206985522, 267.0, 293.0, 316.8182362487, 326.74376782137, 342.50019181287, 364.25487795177, 402.0, 423.4250045741, 451.7504836521, 460.53332977394, 478.49028920474, 481.4184083963, 509.8306160543]
