Avion: 5      Iteracion: 17

Num Ruta: 20
Ingresos: 733.587
Costos: 370.771768781
Utilidad Ruta: 362.815231219
Costo Reducido: 85.3060646178
Nodos: [105, 24, 59, 34, 69, 31, 66, 715]
q: [0, 11.0, -11.0, 8.0, -8.0, 9.0, -9.0, 0]
Q: [0, 11.0, 0.0, 8.0, 0.0, 9.0, 0.0, 0]
B: [0.0, 61.0, 99.5129503025, 322.0, 358.4401302138, 406.0, 434.325479078, 448.0782228406]
