Avion: 3      Iteracion: 18

Num Ruta: 16
Ingresos: 1585.483
Costos: 351.693603787
Utilidad Ruta: 1233.78939621
Costo Reducido: 29.6778147072
Nodos: [103, 30, 65, 24, 59, 1, 36, 3, 38, 23, 58, 713]
q: [0, 11.0, -11.0, 11.0, -11.0, 7.0, -7.0, 13.0, -13.0, 10.0, -10.0, 0]
Q: [0, 11.0, 0.0, 11.0, 0.0, 7.0, 0.0, 13.0, 0.0, 10.0, 0.0, 0]
B: [0.0, 64.0, 82.7140226568, 107.4479935471, 145.9609438496, 175.0, 209.2400855285, 256.0, 261.08428175852, 267.0, 306.733842905, 322.178639375]
