Avion: 4      Iteracion: 19

Num Ruta: 17
Ingresos: 1841.365
Costos: 523.392957932
Utilidad Ruta: 1317.97204207
Costo Reducido: 86.4567315149
Nodos: [104, 24, 9, 44, 59, 35, 70, 32, 67, 26, 61, 6, 41, 13, 48, 21, 56, 29, 64, 714]
q: [0.0, 11.0, 4.0, -4.0, -11.0, 8.0, -8.0, 11.0, -11.0, 10.0, -10.0, 4.0, -4.0, 15.0, -15.0, 12.0, -12.0, 9.0, -9.0, 0.0]
Q: [0.0, 11.0, 15.0, 11.0, 0.0, 8.0, 0.0, 11.0, 0.0, 10.0, 0.0, 4.0, 0.0, 15.0, 0.0, 12.0, 0.0, 9.0, 0.0, 0.0]
B: [0.0, 61.0, 67.43687703782, 96.96411404032, 122.01967745441999, 270.0, 281.922738989, 309.0, 319.4016530417, 332.1221722921, 349.7014002615, 436.0, 439.69228939819, 453.10235550539, 469.98550645539, 485.49690284639, 526.23569352559, 564.68899000329, 598.46876978349, 625.23919983229]
