Avion: 5      Iteracion: 16

Num Ruta: 19
Ingresos: 1814.7
Costos: 420.476516552
Utilidad Ruta: 1394.22348345
Costo Reducido: 69.8324346611
Nodos: [105, 14, 49, 18, 53, 28, 31, 66, 63, 25, 60, 21, 4, 39, 56, 715]
q: [0, 8.0, -8.0, 10.0, -10.0, 6.0, 9.0, -9.0, -6.0, 10.0, -10.0, 12.0, 3.0, -3.0, -12.0, 0]
Q: [0, 8.0, 0.0, 10.0, 0.0, 6.0, 15.0, 6.0, 0.0, 10.0, 0.0, 12.0, 15.0, 12.0, 0.0, 0]
B: [0.0, 112.0, 124.021711775, 293.0, 316.8182362487, 378.0, 406.0, 434.325479078, 462.7399107809, 466.07328939726, 483.25827170736, 491.42698519236, 529.0, 549.4257496801999, 566.2286940948, 619.5604385252999]
