Avion: 1      Iteracion: 85

Num Ruta: 53
Ingresos: 1352.692
Costos: 372.703254991
Utilidad Ruta: 979.988745009
Costo Reducido: 25.2125905808
Nodos: [101, 34, 22, 57, 69, 8, 19, 54, 43, 33, 68, 711]
q: [0.0, 8.0, 7.0, -7.0, -8.0, 8.0, 7.0, -7.0, -8.0, 5.0, -5.0, 0.0]
Q: [0.0, 8.0, 15.0, 8.0, 0.0, 8.0, 15.0, 8.0, 0.0, 5.0, 0.0, 0.0]
B: [0.0, 322.0, 350.0636833826, 371.8183695215, 382.408619849, 414.0, 437.1608815463, 463.7879978378, 466.71611702935996, 489.99048404546, 531.94314909786, 549.13531629686]
