Avion: 1      Iteracion: 0

Num Ruta: 1
Ingresos: 779.512
Costos: 301.211079511
Utilidad Ruta: 478.300920489
Costo Reducido: -
Nodos: [101, 30, 65, 5, 40, 2, 37, 711]
q: [0, 11.0, -11.0, 9.0, -9.0, 10.0, -10.0, 0]
Q: [0, 11.0, 0.0, 9.0, 0.0, 10.0, 0.0, 0]
B: [0.0, 64.0, 82.7140226568, 469.0, 470.12168890518, 522.0, 562.7349620474, 579.6846292418]
