Avion: 7      Iteracion: 16

Num Ruta: 20
Ingresos: 1788.993
Costos: 367.962734943
Utilidad Ruta: 1421.03026506
Costo Reducido: 40.1451610927
Nodos: [107, 24, 59, 14, 49, 11, 46, 1, 3, 36, 38, 23, 58, 22, 57, 717]
q: [0.0, 11.0, -11.0, 8.0, -8.0, 6.0, -6.0, 7.0, 0.0, -7.0, 0.0, 10.0, -10.0, 10.0, -10.0, 0.0]
Q: [0.0, 11.0, 0.0, 8.0, 0.0, 6.0, 0.0, 7.0, 7.0, 0.0, 0.0, 10.0, 0.0, 10.0, 0.0, 0.0]
B: [0.0, 61.0, 99.5129503025, 128.1593196012, 140.1810313762, 169.6294604854, 173.68352733241, 196.35297886971, 256.0, 263.0965519092, 271.28427747861, 274.64676480201, 314.38060770701003, 330.13703169851004, 351.89171783741006, 353.85850659068007]
