Avion: 4      Iteracion: 65

Num Ruta: 46
Ingresos: 1472.408
Costos: 417.127160659
Utilidad Ruta: 1055.28083934
Costo Reducido: 46.6909450927
Nodos: [104, 17, 52, 24, 9, 44, 59, 10, 45, 35, 70, 33, 8, 43, 68, 714]
q: [0.0, 5.0, -5.0, 11.0, 4.0, -4.0, -11.0, 12.0, -12.0, 8.0, -8.0, 5.0, 8.0, -8.0, -5.0, 0.0]
Q: [0.0, 5.0, 0.0, 11.0, 15.0, 11.0, 0.0, 12.0, 0.0, 8.0, 0.0, 5.0, 13.0, 5.0, 0.0, 0.0]
B: [0.0, 24.0, 58.8425537813, 75.400837086, 81.83771412381999, 111.36495112632, 136.42051454042, 148.20644522071998, 177.72595595511999, 270.0, 281.922738989, 437.0, 450.76465480859997, 471.5330514246, 493.4899324645, 509.6643494555]
