Avion: 3      Iteracion: 22

Num Ruta: 19
Ingresos: 703.035
Costos: 279.822591209
Utilidad Ruta: 423.212408791
Costo Reducido: 30.9242374093
Nodos: [103, 11, 46, 1, 36, 35, 70, 34, 69, 713]
q: [0, 6.0, -6.0, 7.0, -7.0, 8.0, -8.0, 8.0, -8.0, 0]
Q: [0, 6.0, 0.0, 7.0, 0.0, 8.0, 0.0, 8.0, 0.0, 0]
B: [0.0, 169.0, 173.05406684701, 195.72351838431, 229.96360391281002, 270.0, 281.922738989, 322.0, 358.4401302138, 387.57375302319997]
