Avion: 1      Iteracion: 60

Num Ruta: 38
Ingresos: 1621.453
Costos: 390.638083694
Utilidad Ruta: 1230.81491631
Costo Reducido: 46.1801024123
Nodos: [101, 30, 65, 24, 59, 1, 36, 23, 35, 70, 18, 53, 58, 34, 69, 711]
q: [0.0, 11.0, -11.0, 11.0, -11.0, 7.0, -7.0, 5.0, 8.0, -8.0, 10.0, -10.0, -5.0, 8.0, -8.0, 0.0]
Q: [0.0, 11.0, 0.0, 11.0, 0.0, 7.0, 0.0, 5.0, 13.0, 5.0, 15.0, 5.0, 0.0, 8.0, 0.0, 0.0]
B: [0.0, 64.0, 82.7140226568, 107.4479935471, 145.9609438496, 175.0, 209.2400855285, 267.0, 277.4634044651, 289.38614345409997, 309.80429657819997, 333.62253282689994, 343.54806439956997, 357.80701141536997, 394.24714162916996, 412.69140198297]
