Avion: 1      Iteracion: 11

Num Ruta: 9
Ingresos: 1017.19
Costos: 427.248948877
Utilidad Ruta: 589.941051123
Costo Reducido: 187.35310235
Nodos: [101, 16, 51, 3, 38, 35, 70, 32, 67, 2, 4, 37, 39, 711]
q: [0, 9.0, -9.0, 13.0, -13.0, 8.0, -8.0, 11.0, -11.0, 10.0, 3.0, -10.0, -3.0, 0]
Q: [0, 9.0, 0.0, 13.0, 0.0, 8.0, 0.0, 11.0, 0.0, 10.0, 13.0, 3.0, 0.0, 0]
B: [0.0, 36.0, 45.624091437640004, 256.0, 261.08428175852, 274.08526633661995, 286.00800532561993, 309.0, 319.4016530417, 522.0, 549.3715326023, 562.8222884175, 596.0154991992, 612.8245312951]
