Avion: 6      Iteracion: 74

Num Ruta: 67
Ingresos: 2327.602
Costos: 473.587815544
Utilidad Ruta: 1854.01418446
Costo Reducido: 109.601185073
Nodos: [106, 9, 44, 24, 59, 1, 11, 46, 36, 35, 70, 8, 33, 43, 6, 41, 5, 40, 68, 21, 4, 56, 27, 39, 62, 716]
q: [0, 11.0, -11.0, 11.0, -11.0, 7.0, 6.0, -6.0, -7.0, 8.0, -8.0, 8.0, 5.0, -8.0, 4.0, -4.0, 9.0, -9.0, -5.0, 12.0, 3.0, -12.0, 6.0, -3.0, -6.0, 0]
Q: [0, 11.0, 0.0, 11.0, 0.0, 7.0, 13.0, 7.0, 0.0, 8.0, 0.0, 8.0, 13.0, 5.0, 9.0, 5.0, 14.0, 5.0, 0.0, 12.0, 15.0, 3.0, 9.0, 6.0, 0.0, 0]
B: [0.0, 51.9831585901, 81.51039559259999, 105.65064548769999, 144.1635957902, 175.0, 193.6808285951, 197.73489544211, 232.05062478011, 270.0, 281.922738989, 414.0, 437.0, 460.2743670161, 469.46503864552994, 473.15732804371993, 491.5461882585199, 492.6678771636999, 521.6802517821, 532.5597291593, 547.5075175241, 576.6773149351, 589.8547631327, 606.2055757119, 611.62083424682, 621.32650459976]
