Avion: 6      Iteracion: 6

Num Ruta: 10
Ingresos: 1674.763
Costos: 418.201564777
Utilidad Ruta: 1256.56143522
Costo Reducido: 821.112184062
Nodos: [106, 17, 52, 30, 65, 16, 51, 14, 49, 18, 53, 13, 48, 25, 60, 29, 4, 39, 64, 716]
q: [0, 5.0, -5.0, 11.0, -11.0, 9.0, -9.0, 8.0, -8.0, 10.0, -10.0, 15.0, -15.0, 10.0, -10.0, 9.0, 3.0, -3.0, -9.0, 0]
Q: [0, 5.0, 0.0, 11.0, 0.0, 9.0, 0.0, 8.0, 0.0, 10.0, 0.0, 15.0, 0.0, 10.0, 0.0, 9.0, 12.0, 9.0, 0.0, 0]
B: [0.0, 24.0, 58.8425537813, 64.0, 82.7140226568, 93.53069441849999, 103.15478585614, 129.94109036054, 141.96280213554, 293.0, 316.8182362487, 423.0, 439.88315095, 463.8957169312, 481.0806992413, 549.0, 569.7100026316, 590.1357523117999, 602.3548233485, 622.7520306327999]
