Avion: 2      Iteracion: 13

Num Ruta: 12
Ingresos: 555.399
Costos: 363.747216834
Utilidad Ruta: 191.651783166
Costo Reducido: 67.477426682
Nodos: [102, 30, 16, 51, 65, 26, 61, 13, 48, 712]
q: [0.0, 6.0, 9.0, -9.0, -6.0, 10.0, -10.0, 15.0, -15.0, 0.0]
Q: [0.0, 6.0, 15.0, 6.0, 0.0, 10.0, 0.0, 15.0, 0.0, 0.0]
B: [0.0, 64.0, 72.20259129788, 81.82668273552001, 84.69783929691, 300.0, 317.5792279694, 423.0, 439.88315095, 455.2736272259]
