Avion: 4      Iteracion: 48

Num Ruta: 37
Ingresos: 1767.45
Costos: 568.707434224
Utilidad Ruta: 1198.74256578
Costo Reducido: 49.4103150222
Nodos: [104, 24, 9, 44, 59, 10, 45, 35, 70, 32, 67, 26, 61, 31, 66, 33, 5, 40, 6, 41, 68, 29, 64, 714]
q: [0.0, 11.0, 4.0, -4.0, -11.0, 12.0, -12.0, 8.0, -8.0, 11.0, -11.0, 10.0, -10.0, 9.0, -9.0, 5.0, 9.0, -9.0, 4.0, -4.0, -5.0, 9.0, -9.0, 0.0]
Q: [0.0, 11.0, 15.0, 11.0, 0.0, 12.0, 0.0, 8.0, 0.0, 11.0, 0.0, 10.0, 0.0, 9.0, 0.0, 5.0, 14.0, 5.0, 9.0, 5.0, 0.0, 9.0, 0.0, 0.0]
B: [0.0, 61.0, 67.43687703782, 96.96411404032, 122.01967745441999, 133.80560813472, 163.32511886912, 270.0, 281.922738989, 309.0, 319.4016530417, 332.1221722921, 349.7014002615, 406.0, 434.325479078, 456.7236405204, 470.4218076971, 471.54349660228, 487.76708945348, 491.45937885167, 522.53723966927, 549.0, 582.7797797802, 609.550209829]
