Avion: 5      Iteracion: 2

Num Ruta: 6
Ingresos: 1488.116
Costos: 569.228818161
Utilidad Ruta: 918.887181839
Costo Reducido: 1127.80584827
Nodos: [105, 24, 59, 30, 65, 14, 49, 3, 38, 35, 70, 32, 67, 26, 61, 34, 69, 13, 28, 48, 63, 715]
q: [0.0, 11.0, -11.0, 11.0, -11.0, 8.0, -8.0, 13.0, -13.0, 8.0, -8.0, 11.0, -11.0, 10.0, -10.0, 8.0, -8.0, 0.0, 6.0, 0.0, -6.0, 0.0]
Q: [0.0, 11.0, 0.0, 11.0, 0.0, 8.0, 0.0, 13.0, 0.0, 8.0, 0.0, 11.0, 0.0, 10.0, 0.0, 8.0, 0.0, 0.0, 6.0, 6.0, 0.0, 0.0]
B: [0.0, 61.0, 99.5129503025, 119.7810717004, 138.4950943572, 166.2910350141, 178.3127467891, 256.0, 261.08428175852, 274.08526633661995, 286.00800532561993, 309.0, 319.4016530417, 332.1221722921, 349.7014002615, 364.6146463535, 401.0547765673, 423.0, 436.7962173439, 450.1536367429, 473.1920667675, 510.42868866050003]
