Avion: 4      Iteracion: 50

Num Ruta: 38
Ingresos: 527.819
Costos: 303.789461901
Utilidad Ruta: 224.029538098
Costo Reducido: 12.1412753026
Nodos: [104, 31, 66, 33, 68, 714]
q: [0, 9.0, -9.0, 5.0, -5.0, 0]
Q: [0, 9.0, 0.0, 5.0, 0.0, 0]
B: [0.0, 406.0, 434.325479078, 456.7236405204, 498.6763055728, 514.8507225638]
