Avion: 2      Iteracion: 74

Num Ruta: 58
Ingresos: 2147.843
Costos: 585.949387268
Utilidad Ruta: 1561.89361273
Costo Reducido: 85.6830963393
Nodos: [102, 16, 51, 9, 24, 44, 59, 10, 45, 32, 67, 26, 61, 28, 31, 63, 66, 33, 68, 20, 4, 39, 55, 2, 37, 712]
q: [0.0, 9.0, -9.0, 11.0, 4.0, -11.0, -4.0, 12.0, -12.0, 11.0, -11.0, 0.0, 0.0, 6.0, 9.0, -6.0, -9.0, 5.0, -5.0, 0.0, 3.0, -3.0, 0.0, 10.0, -10.0, 0.0]
Q: [0.0, 9.0, 0.0, 11.0, 15.0, 4.0, 0.0, 12.0, 0.0, 11.0, 0.0, 0.0, 0.0, 6.0, 15.0, 9.0, 0.0, 5.0, 0.0, 0.0, 3.0, 0.0, 0.0, 10.0, 0.0, 0.0]
B: [0.0, 36.0, 45.624091437640004, 75.68094759394, 82.11782463176, 106.25807452686, 131.31363794096, 143.09956862126, 172.61907935566, 309.0, 319.4016530417, 332.1221722921, 349.7014002615, 378.0, 406.0, 426.4968799577, 454.9113116606, 477.309473103, 519.2621381554001, 529.8529206100001, 540.1320716450001, 560.5578213252002, 572.4190445758002, 579.7493418412602, 620.4843038886602, 624.6000503580102]
