Avion: 6      Iteracion: 21

Num Ruta: 24
Ingresos: 1710.175
Costos: 378.854203609
Utilidad Ruta: 1331.32079639
Costo Reducido: 144.789790556
Nodos: [106, 10, 45, 32, 67, 34, 69, 33, 6, 41, 13, 48, 68, 21, 4, 56, 39, 716]
q: [0.0, 12.0, -12.0, 11.0, -11.0, 8.0, -8.0, 5.0, 4.0, -4.0, 10.0, -10.0, -5.0, 12.0, 3.0, -12.0, -3.0, 0.0]
Q: [0.0, 12.0, 0.0, 11.0, 0.0, 8.0, 0.0, 5.0, 9.0, 5.0, 15.0, 5.0, 0.0, 12.0, 15.0, 3.0, 0.0, 0.0]
B: [0.0, 96.0, 125.5195107344, 309.0, 319.4016530417, 346.1750898215, 382.6152200353, 437.0, 463.1548069196, 466.84709631779, 480.25716242499, 497.14031337499, 502.48836367393, 513.36784105113, 529.0, 558.169797411, 574.9727418256, 589.6498566647]
