Avion: 4      Iteracion: 8

Num Ruta: 10
Ingresos: 828.844
Costos: 343.698519684
Utilidad Ruta: 485.145480316
Costo Reducido: 255.080590411
Nodos: [104, 22, 57, 18, 53, 28, 63, 714]
q: [0, 10.0, -10.0, 10.0, -10.0, 6.0, -6.0, 0]
Q: [0, 10.0, 0.0, 10.0, 0.0, 6.0, 0.0, 0]
B: [0.0, 299.0, 320.7546861389, 334.15512273630003, 357.973358985, 378.0, 414.0266187839, 447.5815671671]
