Avion: 4      Iteracion: 28

Num Ruta: 26
Ingresos: 1573.466
Costos: 525.028884342
Utilidad Ruta: 1048.43711566
Costo Reducido: 87.0628182346
Nodos: [104, 9, 44, 30, 65, 32, 67, 26, 61, 34, 69, 19, 33, 5, 40, 54, 6, 41, 68, 714]
q: [0.0, 11.0, -11.0, 11.0, -11.0, 11.0, -11.0, 10.0, -10.0, 8.0, -8.0, 7.0, 5.0, 3.0, -3.0, -7.0, 4.0, -4.0, -5.0, 0.0]
Q: [0.0, 11.0, 0.0, 11.0, 0.0, 11.0, 0.0, 10.0, 0.0, 8.0, 0.0, 7.0, 12.0, 15.0, 12.0, 5.0, 9.0, 5.0, 0.0, 0.0]
B: [0.0, 57.4296024799, 86.9568394824, 102.7447398178, 121.4587624746, 309.0, 319.4016530417, 332.1221722921, 349.7014002615, 364.6146463535, 401.0547765673, 421.5945928274, 458.1881531898, 471.8863203665, 473.00800927168, 481.36394536526, 493.15496436276, 496.84725376094997, 527.9251145785499, 544.09953156955]
