Avion: 4      Iteracion: 100

Num Ruta: 68
Ingresos: 2146.827
Costos: 438.934771921
Utilidad Ruta: 1707.89222808
Costo Reducido: 29.1683646053
Nodos: [104, 17, 52, 9, 44, 22, 57, 18, 53, 28, 63, 25, 60, 31, 66, 33, 5, 40, 68, 714]
q: [0, 5.0, -5.0, 11.0, -11.0, 10.0, -10.0, 10.0, -10.0, 6.0, -6.0, 10.0, -10.0, 9.0, -9.0, 5.0, 9.0, -9.0, -5.0, 0]
Q: [0, 5.0, 0.0, 11.0, 0.0, 10.0, 0.0, 10.0, 0.0, 6.0, 0.0, 10.0, 0.0, 9.0, 0.0, 5.0, 14.0, 5.0, 0.0, 0]
B: [0.0, 24.0, 58.8425537813, 81.72911018459999, 111.25634718709999, 299.0, 320.7546861389, 334.15512273630003, 357.973358985, 378.0, 414.0266187839, 417.35999740026, 434.54497971036, 439.36662631707, 467.69210539507, 490.09026683747, 503.78843401417, 504.91012291935, 533.92249753775, 550.0969145287501]
