Avion: 6      Iteracion: 93

Num Ruta: 80
Ingresos: 1195.704
Costos: 255.209064747
Utilidad Ruta: 940.494935253
Costo Reducido: 42.8647303709
Nodos: [106, 17, 52, 16, 51, 6, 41, 5, 40, 33, 68, 29, 27, 64, 62, 716]
q: [0, 5.0, -5.0, 9.0, -9.0, 4.0, -4.0, 9.0, -9.0, 5.0, -5.0, 9.0, 6.0, -9.0, -6.0, 0]
Q: [0, 5.0, 0.0, 9.0, 0.0, 4.0, 0.0, 9.0, 0.0, 5.0, 0.0, 9.0, 15.0, 6.0, 0.0, 0]
B: [0.0, 24.0, 58.8425537813, 64.17419311644, 73.79828455408, 436.0, 439.69228939819, 469.0, 470.12168890518, 483.41186760978, 525.3645326621801, 549.0, 574.6018082369, 582.8182362320799, 598.26561380888, 607.97128416182]
