Avion: 6      Iteracion: 27

Num Ruta: 30
Ingresos: 3094.098
Costos: 519.174510925
Utilidad Ruta: 2574.92348908
Costo Reducido: 192.168976896
Nodos: [106, 30, 16, 51, 65, 24, 59, 1, 11, 46, 36, 23, 35, 70, 26, 61, 58, 34, 69, 33, 6, 41, 5, 40, 68, 21, 4, 56, 27, 39, 62, 716]
q: [0.0, 11.0, 4.0, -4.0, -11.0, 11.0, -11.0, 7.0, 6.0, -6.0, -7.0, 7.0, 8.0, -8.0, 8.0, -8.0, -7.0, 8.0, -8.0, 5.0, 4.0, -4.0, 9.0, -9.0, -5.0, 12.0, 3.0, -12.0, 6.0, -3.0, -6.0, 0.0]
Q: [0.0, 11.0, 15.0, 11.0, 0.0, 11.0, 0.0, 7.0, 13.0, 7.0, 0.0, 7.0, 15.0, 7.0, 15.0, 7.0, 0.0, 8.0, 0.0, 5.0, 9.0, 5.0, 14.0, 5.0, 0.0, 12.0, 15.0, 3.0, 9.0, 6.0, 0.0, 0.0]
B: [0.0, 64.0, 72.20259129788, 81.82668273552001, 84.69783929691, 109.43181018721, 147.94476048971, 175.0, 193.6808285951, 197.73489544211, 232.05062478011, 267.0, 277.4634044651, 289.38614345409997, 303.7370056233, 321.3162335927, 324.38330597528, 338.64225299108, 375.08238320488, 437.0, 463.1548069196, 466.84709631779, 485.23595653258997, 486.35764543777, 515.37002005617, 526.24949743337, 541.19728579817, 570.36708320917, 583.54453140677, 599.89534398597, 605.31060252089, 615.0162728738301]
