Avion: 5      Iteracion: 9

Num Ruta: 13
Ingresos: 717.666
Costos: 383.930730214
Utilidad Ruta: 333.735269786
Costo Reducido: 175.437440556
Nodos: [105, 24, 59, 14, 49, 18, 53, 34, 69, 715]
q: [0, 11.0, -11.0, 8.0, -8.0, 10.0, -10.0, 8.0, -8.0, 0]
Q: [0, 11.0, 0.0, 8.0, 0.0, 10.0, 0.0, 8.0, 0.0, 0]
B: [0.0, 61.0, 99.5129503025, 128.1593196012, 140.1810313762, 293.0, 316.8182362487, 340.28894720939996, 376.72907742319995, 395.2634556701]
