Avion: 7      Iteracion: 1

Num Ruta: 5
Ingresos: 2903.345
Costos: 555.916498953
Utilidad Ruta: 2347.42850105
Costo Reducido: 2074.17895507
Nodos: [107, 17, 52, 30, 65, 10, 45, 3, 38, 23, 18, 53, 58, 26, 61, 28, 63, 25, 19, 60, 31, 54, 66, 717]
q: [0.0, 5.0, -5.0, 11.0, -11.0, 12.0, -12.0, 0.0, 0.0, 10.0, 5.0, -5.0, -10.0, 10.0, -10.0, 6.0, -6.0, 9.0, 6.0, -9.0, 9.0, -6.0, -9.0, 0.0]
Q: [0.0, 5.0, 0.0, 11.0, 0.0, 12.0, 0.0, 0.0, 0.0, 10.0, 15.0, 10.0, 0.0, 10.0, 0.0, 6.0, 0.0, 9.0, 15.0, 6.0, 15.0, 9.0, 0.0, 0.0]
B: [0.0, 45.942580685, 80.78513446630001, 83.92958894999, 102.64361160679, 121.33666189289, 150.85617262729, 256.0, 261.08428175852, 267.0, 293.0, 316.8182362487, 326.74376782137, 346.43014059547, 364.00936856487, 378.0, 414.0266187839, 417.35999740026, 426.75200464046, 443.42489632125995, 448.2465429279699, 465.3525823585699, 487.77074664556994, 491.4054686431899]
