Avion: 7      Iteracion: 28

Num Ruta: 31
Ingresos: 1900.804
Costos: 408.226297155
Utilidad Ruta: 1492.57770284
Costo Reducido: 113.881097099
Nodos: [107, 14, 49, 3, 38, 23, 35, 70, 26, 34, 61, 58, 22, 57, 69, 33, 6, 41, 13, 48, 68, 27, 2, 62, 37, 717]
q: [0.0, 0.0, 0.0, 13.0, -13.0, 0.0, 8.0, -8.0, 7.0, 8.0, -7.0, 0.0, 7.0, -7.0, -8.0, 5.0, 4.0, -4.0, 10.0, -10.0, -5.0, 5.0, 10.0, -5.0, -10.0, 0.0]
Q: [0.0, 0.0, 0.0, 13.0, 0.0, 0.0, 8.0, 0.0, 7.0, 15.0, 8.0, 8.0, 15.0, 8.0, 0.0, 5.0, 9.0, 5.0, 15.0, 5.0, 0.0, 5.0, 15.0, 10.0, 0.0, 0.0]
B: [0.0, 112.0, 124.021711775, 256.0, 261.08428175852, 267.0, 277.4634044651, 289.38614345409997, 303.7370056233, 322.0, 336.913246092, 339.98031847458003, 355.73674246608005, 377.49142860498006, 388.08167893248003, 437.0, 463.1548069196, 466.84709631779, 480.25716242499, 497.14031337499, 502.48836367393, 538.0, 563.7839683718, 575.2360414592, 604.5765718055, 631.9367060522]
