Avion: 7      Iteracion: 11

Num Ruta: 15
Ingresos: 746.249
Costos: 269.574727549
Utilidad Ruta: 476.674272451
Costo Reducido: 235.853401518
Nodos: [107, 16, 51, 9, 44, 14, 49, 3, 38, 23, 35, 70, 58, 22, 57, 717]
q: [0.0, 9.0, -9.0, 11.0, -11.0, 0.0, 0.0, 13.0, -13.0, 0.0, 8.0, -8.0, 0.0, 10.0, -10.0, 0.0]
Q: [0.0, 9.0, 0.0, 11.0, 0.0, 0.0, 0.0, 13.0, 0.0, 0.0, 8.0, 0.0, 0.0, 10.0, 0.0, 0.0]
B: [0.0, 40.0989101099, 49.723001547539994, 79.77985770384, 109.30709470634, 119.56390142184, 131.58561319684, 256.0, 261.08428175852, 267.0, 277.4634044651, 289.38614345409997, 313.15284696969997, 328.9092709612, 350.6639571001, 352.63074585337]
