Avion: 4      Iteracion: 6

Num Ruta: 8
Ingresos: 826.0
Costos: 286.867415987
Utilidad Ruta: 539.132584013
Costo Reducido: 367.27641711
Nodos: [104, 17, 52, 18, 53, 13, 25, 60, 48, 714]
q: [0.0, 5.0, -5.0, 10.0, -10.0, 5.0, 10.0, -10.0, -5.0, 0.0]
Q: [0.0, 5.0, 0.0, 10.0, 0.0, 5.0, 15.0, 5.0, 0.0, 0.0]
B: [0.0, 24.0, 58.8425537813, 293.0, 316.8182362487, 423.0, 455.2144973731, 472.3994796832, 481.57781733225, 493.25711803905]
