Avion: 3      Iteracion: 60

Num Ruta: 41
Ingresos: 703.099
Costos: 282.49301192
Utilidad Ruta: 420.60598808
Costo Reducido: 37.713180995
Nodos: [103, 18, 53, 31, 66, 33, 68, 713]
q: [0, 10.0, -10.0, 9.0, -9.0, 5.0, -5.0, 0]
Q: [0, 10.0, 0.0, 9.0, 0.0, 5.0, 0.0, 0]
B: [0.0, 293.0, 316.8182362487, 406.0, 434.325479078, 456.7236405204, 498.6763055728, 502.37118107815]
