Avion: 1      Iteracion: 106

Num Ruta: 61
Ingresos: 2045.581
Costos: 391.873693656
Utilidad Ruta: 1653.70730634
Costo Reducido: 3.25693766755
Nodos: [101, 30, 65, 24, 59, 1, 36, 8, 19, 54, 43, 33, 68, 27, 2, 62, 37, 711]
q: [0.0, 11.0, -11.0, 11.0, -11.0, 7.0, -7.0, 0.0, 7.0, -7.0, 0.0, 5.0, -5.0, 5.0, 10.0, -5.0, -10.0, 0.0]
Q: [0.0, 11.0, 0.0, 11.0, 0.0, 7.0, 0.0, 0.0, 7.0, 0.0, 0.0, 5.0, 0.0, 5.0, 15.0, 10.0, 0.0, 0.0]
B: [0.0, 64.0, 82.7140226568, 107.4479935471, 145.9609438496, 175.0, 209.2400855285, 414.0, 437.1608815463, 463.7879978378, 466.71611702935996, 489.99048404546, 531.94314909786, 553.82398073196, 579.60794910376, 591.06002219116, 620.40055253746, 637.3502197318601]
