Avion: 6      Iteracion: 38

Num Ruta: 38
Ingresos: 1785.461
Costos: 284.815921059
Utilidad Ruta: 1500.64507894
Costo Reducido: 132.685935254
Nodos: [106, 30, 16, 51, 65, 23, 58, 34, 22, 69, 57, 19, 54, 6, 41, 5, 40, 716]
q: [0.0, 6.0, 9.0, -9.0, -6.0, 10.0, -10.0, 8.0, 7.0, -8.0, -7.0, 7.0, -7.0, 4.0, -4.0, 0.0, 0.0, 0.0]
Q: [0.0, 6.0, 15.0, 6.0, 0.0, 10.0, 0.0, 8.0, 15.0, 7.0, 0.0, 7.0, 0.0, 4.0, 0.0, 0.0, 0.0, 0.0]
B: [0.0, 64.0, 72.20259129788, 81.82668273552001, 84.69783929691, 267.0, 306.733842905, 322.0, 350.0636833826, 364.6328500369, 375.22310036439995, 402.0, 428.6271162915, 440.41813528899996, 444.11042468718995, 469.0, 470.12168890518, 476.84504297885]
