Avion: 5      Iteracion: 28

Num Ruta: 27
Ingresos: 611.756
Costos: 329.508092547
Utilidad Ruta: 282.247907453
Costo Reducido: 26.3922965695
Nodos: [105, 9, 44, 19, 54, 27, 62, 715]
q: [0, 11.0, -11.0, 7.0, -7.0, 6.0, -6.0, 0]
Q: [0, 11.0, 0.0, 7.0, 0.0, 6.0, 0.0, 0]
B: [0.0, 31.4915482312, 61.0187852337, 402.0, 428.6271162915, 538.0, 555.0308623681, 587.6857874177999]
