Avion: 2      Iteracion: 2

Num Ruta: 4
Ingresos: 2607.338
Costos: 812.563505634
Utilidad Ruta: 1794.77449437
Costo Reducido: 2040.5637985
Nodos: [102, 24, 59, 30, 65, 14, 49, 3, 38, 35, 70, 26, 34, 61, 22, 69, 57, 19, 25, 54, 60, 31, 66, 29, 4, 39, 64, 712]
q: [0.0, 11.0, -11.0, 11.0, -11.0, 8.0, -8.0, 13.0, -13.0, 8.0, -8.0, 10.0, 5.0, -10.0, 10.0, -5.0, -10.0, 7.0, 8.0, -7.0, -8.0, 9.0, -9.0, 9.0, 3.0, -3.0, -9.0, 0.0]
Q: [0.0, 11.0, 0.0, 11.0, 0.0, 8.0, 0.0, 13.0, 0.0, 8.0, 0.0, 10.0, 15.0, 5.0, 15.0, 10.0, 0.0, 7.0, 15.0, 8.0, 0.0, 9.0, 0.0, 9.0, 12.0, 9.0, 0.0, 0.0]
B: [0.0, 61.0, 99.5129503025, 119.7810717004, 138.4950943572, 166.2910350141, 178.3127467891, 256.0, 261.08428175852, 274.08526633661995, 286.00800532561993, 300.35886749481995, 322.0, 336.913246092, 350.5474267421, 365.1165933964, 375.70684372389996, 402.0, 411.3920072402, 443.0677203656, 459.8545768015, 464.67622340821, 493.00170248621, 549.0, 569.7100026316, 590.1357523117999, 602.3548233485, 638.8408088223999]
