Avion: 3      Iteracion: 19

Num Ruta: 17
Ingresos: 1128.759
Costos: 270.899074776
Utilidad Ruta: 857.859925224
Costo Reducido: 58.2427899998
Nodos: [103, 11, 46, 1, 36, 35, 70, 21, 56, 713]
q: [0, 6.0, -6.0, 7.0, -7.0, 8.0, -8.0, 12.0, -12.0, 0]
Q: [0, 6.0, 0.0, 7.0, 0.0, 8.0, 0.0, 12.0, 0.0, 0]
B: [0.0, 169.0, 173.05406684701, 195.72351838431, 229.96360391281002, 270.0, 281.922738989, 477.0, 517.7387906792, 548.8965365058999]
