Avion: 2      Iteracion: 37

Num Ruta: 33
Ingresos: 1559.801
Costos: 417.843224877
Utilidad Ruta: 1141.95777512
Costo Reducido: 111.535074485
Nodos: [102, 16, 51, 32, 67, 26, 61, 28, 13, 48, 31, 63, 66, 20, 4, 39, 55, 2, 37, 712]
q: [0.0, 0.0, 0.0, 11.0, -11.0, 10.0, -10.0, 6.0, 9.0, -9.0, 9.0, -6.0, -9.0, 0.0, 0.0, 0.0, 0.0, 10.0, -10.0, 0.0]
Q: [0.0, 0.0, 0.0, 11.0, 0.0, 10.0, 0.0, 6.0, 15.0, 6.0, 15.0, 9.0, 0.0, 0.0, 0.0, 0.0, 0.0, 10.0, 0.0, 0.0]
B: [0.0, 36.0, 45.624091437640004, 309.0, 319.4016530417, 332.1221722921, 349.7014002615, 378.0, 423.0, 439.88315095, 444.3406643824, 464.8375443401, 493.251976043, 514.0320089592, 529.0, 549.4257496801999, 561.2869729308, 568.6172701962599, 609.35223224366, 613.46797871301]
