Avion: 5      Iteracion: 22

Num Ruta: 25
Ingresos: 555.093
Costos: 267.944148154
Utilidad Ruta: 287.148851846
Costo Reducido: 44.3243180271
Nodos: [105, 31, 28, 63, 66, 715]
q: [0, 9.0, 6.0, -6.0, -9.0, 0]
Q: [0, 9.0, 15.0, 9.0, 0.0, 0]
B: [0.0, 406.0, 421.6162195489, 457.6428383328, 486.0572700357, 499.8100137983]
