Avion: 1      Iteracion: 15

Num Ruta: 11
Ingresos: 128.52
Costos: 257.79595302
Utilidad Ruta: -129.27595302
Costo Reducido: 51.2811440048
Nodos: [101, 13, 48, 711]
q: [0, 15.0, -15.0, 0]
Q: [0, 15.0, 0.0, 0]
B: [0.0, 423.0, 439.88315095, 455.1345530167]
