Avion: 6      Iteracion: 8

Num Ruta: 12
Ingresos: 1959.212
Costos: 416.567263839
Utilidad Ruta: 1542.64473616
Costo Reducido: 625.792700552
Nodos: [106, 1, 11, 46, 36, 35, 70, 18, 57, 22, 53, 34, 69, 33, 6, 41, 5, 40, 68, 29, 27, 64, 62, 716]
q: [0.0, 7.0, 6.0, -6.0, -7.0, 8.0, -8.0, 10.0, -10.0, 10.0, -10.0, 8.0, -8.0, 5.0, 4.0, -4.0, 9.0, -9.0, -5.0, 9.0, 6.0, -9.0, -6.0, 0.0]
Q: [0.0, 7.0, 13.0, 7.0, 0.0, 8.0, 0.0, 10.0, 0.0, 10.0, 0.0, 8.0, 0.0, 5.0, 9.0, 5.0, 14.0, 5.0, 0.0, 9.0, 15.0, 6.0, 0.0, 0.0]
B: [0.0, 175.0, 193.6808285951, 197.73489544211, 232.05062478011, 270.0, 281.922738989, 302.3408921131, 320.0, 341.7546861389, 357.2375335514, 380.7082445121, 417.1483747259, 437.0, 463.1548069196, 466.84709631779, 485.23595653258997, 486.35764543777, 515.37002005617, 549.0, 574.6018082369, 582.8182362320799, 598.26561380888, 607.97128416182]
