Avion: 7      Iteracion: 49

Num Ruta: 45
Ingresos: 1711.143
Costos: 307.223332678
Utilidad Ruta: 1403.91966732
Costo Reducido: 43.8807464266
Nodos: [107, 14, 49, 3, 38, 23, 35, 70, 34, 58, 22, 57, 69, 28, 31, 63, 66, 717]
q: [0.0, 8.0, -8.0, 0.0, 0.0, 7.0, 8.0, -8.0, 8.0, -7.0, 7.0, -7.0, -8.0, 6.0, 9.0, -6.0, -9.0, 0.0]
Q: [0.0, 8.0, 0.0, 0.0, 0.0, 7.0, 15.0, 7.0, 15.0, 8.0, 15.0, 8.0, 0.0, 6.0, 15.0, 9.0, 0.0, 0.0]
B: [0.0, 112.0, 124.021711775, 256.0, 261.08428175852, 267.0, 277.4634044651, 289.38614345409997, 322.0, 336.2589470158, 352.0153710073, 373.77005714620003, 384.3603074737, 418.9755210365, 434.59174058540003, 455.08862054310003, 483.50305224600004, 487.13777424362]
