Avion: 3      Iteracion: 0

Num Ruta: 3
Ingresos: 3711.086
Costos: 643.88570072
Utilidad Ruta: 3067.20029928
Costo Reducido: -
Nodos: [103, 17, 30, 52, 16, 51, 65, 24, 59, 11, 46, 1, 36, 3, 38, 23, 58, 22, 57, 28, 63, 19, 54, 21, 56, 713]
q: [0.0, 5.0, 10.0, -5.0, 5.0, -5.0, -10.0, 11.0, -11.0, 6.0, -6.0, 7.0, -7.0, 13.0, -13.0, 10.0, -10.0, 10.0, -10.0, 6.0, -6.0, 7.0, -7.0, 12.0, -12.0, 0.0]
Q: [0.0, 5.0, 15.0, 10.0, 15.0, 10.0, 0.0, 11.0, 0.0, 6.0, 0.0, 7.0, 0.0, 13.0, 0.0, 10.0, 0.0, 10.0, 0.0, 6.0, 0.0, 7.0, 0.0, 12.0, 0.0, 0.0]
B: [0.0, 39.7453305433, 73.3590421503, 76.50349663399, 81.83513596913, 91.45922740677, 94.33038396815999, 119.06435485845999, 157.57730516096, 176.38973384526, 180.44380069227, 203.11325222957, 237.35333775807, 256.0, 261.08428175852, 267.0, 306.733842905, 322.49026689650003, 344.24495303540004, 387.29611673630006, 423.32273552020007, 435.85852879390006, 462.48564508540005, 486.09250546540005, 526.8312961446001, 557.9890419713]
