Avion: 6      Iteracion: 72

Num Ruta: 65
Ingresos: 1077.496
Costos: 328.869603273
Utilidad Ruta: 748.626396727
Costo Reducido: 118.993571331
Nodos: [106, 16, 51, 10, 45, 32, 67, 6, 41, 5, 40, 33, 68, 29, 4, 27, 64, 39, 62, 716]
q: [0.0, 9.0, -9.0, 12.0, -12.0, 11.0, -11.0, 4.0, -4.0, 0.0, 0.0, 5.0, -5.0, 6.0, 3.0, 6.0, -6.0, -3.0, -6.0, 0.0]
Q: [0.0, 9.0, 0.0, 12.0, 0.0, 11.0, 0.0, 4.0, 0.0, 0.0, 0.0, 5.0, 0.0, 6.0, 9.0, 15.0, 9.0, 6.0, 0.0, 0.0]
B: [0.0, 36.0, 45.624091437640004, 96.0, 125.5195107344, 309.0, 319.4016530417, 436.0, 439.69228939819, 469.0, 470.12168890518, 483.41186760978, 525.3645326621801, 549.0, 569.7100026316, 587.3247771689, 595.54120516408, 607.76027620078, 613.1755347357, 622.8812050886401]
