Avion: 5      Iteracion: 67

Num Ruta: 42
Ingresos: 597.619
Costos: 273.43606013
Utilidad Ruta: 324.18293987
Costo Reducido: 2.88012811868
Nodos: [105, 19, 54, 31, 66, 715]
q: [0, 7.0, -7.0, 9.0, -9.0, 0]
Q: [0, 7.0, 0.0, 9.0, 0.0, 0]
B: [0.0, 402.0, 428.6271162915, 445.7331557221, 474.0586348001, 487.8113785627]
