Avion: 6      Iteracion: 76

Num Ruta: 69
Ingresos: 1607.104
Costos: 357.089348308
Utilidad Ruta: 1250.01465169
Costo Reducido: 75.0535396826
Nodos: [106, 1, 36, 3, 38, 35, 70, 32, 67, 34, 69, 31, 19, 66, 8, 5, 40, 54, 43, 716]
q: [0.0, 7.0, -7.0, 13.0, -13.0, 8.0, -8.0, 11.0, -11.0, 8.0, -8.0, 9.0, 6.0, -9.0, 8.0, 0.0, 0.0, -6.0, -8.0, 0.0]
Q: [0.0, 7.0, 0.0, 13.0, 0.0, 8.0, 0.0, 11.0, 0.0, 8.0, 0.0, 9.0, 15.0, 6.0, 14.0, 14.0, 14.0, 8.0, 0.0, 0.0]
B: [0.0, 175.0, 209.2400855285, 256.0, 261.08428175852, 274.08526633661995, 286.00800532561993, 309.0, 319.4016530417, 346.1750898215, 382.6152200353, 409.7359641438, 431.1609687179, 447.2621855663, 456.04503168814, 469.0, 470.12168890518, 478.47762499876, 481.40574419032, 492.33036335992]
