Avion: 4      Iteracion: 31

Num Ruta: 27
Ingresos: 1789.757
Costos: 447.765237975
Utilidad Ruta: 1341.99176202
Costo Reducido: 90.9661866468
Nodos: [104, 17, 52, 9, 44, 1, 36, 35, 70, 34, 26, 61, 69, 33, 13, 48, 68, 714]
q: [0.0, 5.0, -5.0, 11.0, -11.0, 7.0, -7.0, 8.0, -8.0, 8.0, 7.0, -7.0, -8.0, 5.0, 10.0, -10.0, -5.0, 0.0]
Q: [0.0, 5.0, 0.0, 11.0, 0.0, 7.0, 0.0, 8.0, 0.0, 8.0, 15.0, 8.0, 0.0, 5.0, 15.0, 5.0, 0.0, 0.0]
B: [0.0, 24.0, 58.8425537813, 81.72911018459999, 111.25634718709999, 175.0, 209.2400855285, 270.0, 281.922738989, 322.0, 337.9272270342, 355.50645500359997, 380.49320895439996, 437.0, 462.372931896, 479.256082846, 484.60413314494, 500.77855013594]
