Avion: 2      Iteracion: 12

Num Ruta: 11
Ingresos: 1404.12
Costos: 507.773594832
Utilidad Ruta: 896.346405168
Costo Reducido: 227.37454692
Nodos: [102, 16, 51, 10, 45, 32, 67, 26, 34, 61, 69, 8, 19, 54, 43, 13, 48, 712]
q: [0.0, 0.0, 0.0, 12.0, -12.0, 11.0, -11.0, 7.0, 8.0, -7.0, -8.0, 8.0, 7.0, -7.0, -8.0, 15.0, -15.0, 0.0]
Q: [0.0, 0.0, 0.0, 12.0, 0.0, 11.0, 0.0, 7.0, 15.0, 8.0, 0.0, 8.0, 15.0, 8.0, 0.0, 15.0, 0.0, 0.0]
B: [0.0, 36.0, 45.624091437640004, 96.0, 125.5195107344, 309.0, 319.4016530417, 332.1221722921, 348.0493993263, 362.9626454183, 387.9493993691, 414.0, 437.1608815463, 463.7879978378, 466.71611702935996, 468.92679317026995, 485.80994412026996, 501.20042039617]
