Avion: 6      Iteracion: 75

Num Ruta: 68
Ingresos: 1387.539
Costos: 307.346065459
Utilidad Ruta: 1080.19293454
Costo Reducido: 77.7307722528
Nodos: [106, 17, 52, 24, 59, 10, 45, 32, 67, 34, 8, 69, 43, 6, 41, 5, 40, 716]
q: [0.0, 5.0, -5.0, 11.0, -11.0, 12.0, -12.0, 11.0, -11.0, 7.0, 8.0, -7.0, -8.0, 4.0, -4.0, 0.0, 0.0, 0.0]
Q: [0.0, 5.0, 0.0, 11.0, 0.0, 12.0, 0.0, 11.0, 0.0, 7.0, 15.0, 8.0, 0.0, 4.0, 0.0, 0.0, 0.0, 0.0]
B: [0.0, 24.0, 58.8425537813, 75.400837086, 113.9137873885, 125.6997180688, 155.2192288032, 309.0, 319.4016530417, 346.1750898215, 414.0, 416.64617497532, 436.87392818722, 446.06459981665, 449.75688921484, 469.0, 470.12168890518, 476.84504297885]
