Avion: 4      Iteracion: 5

Num Ruta: 7
Ingresos: 2037.204
Costos: 469.00398657
Utilidad Ruta: 1568.20001343
Costo Reducido: 1539.0662615
Nodos: [104, 17, 52, 9, 44, 10, 45, 32, 67, 33, 8, 43, 13, 48, 68, 2, 37, 714]
q: [0.0, 5.0, -5.0, 11.0, -11.0, 12.0, -12.0, 11.0, -11.0, 5.0, 8.0, -8.0, 10.0, -10.0, -5.0, 10.0, -10.0, 0.0]
Q: [0.0, 5.0, 0.0, 11.0, 0.0, 12.0, 0.0, 11.0, 0.0, 5.0, 13.0, 5.0, 15.0, 5.0, 0.0, 10.0, 0.0, 0.0]
B: [0.0, 24.0, 58.8425537813, 81.72911018459999, 111.25634718709999, 139.7984606337, 169.3179713681, 309.0, 319.4016530417, 437.0, 450.76465480859997, 471.5330514246, 473.74372756550997, 490.62687851551, 495.97492881445, 538.52134697155, 579.25630901895, 603.61761313015]
