Avion: 4      Iteracion: 86

Num Ruta: 58
Ingresos: 1931.455
Costos: 461.688554624
Utilidad Ruta: 1469.76644538
Costo Reducido: 12.1543492183
Nodos: [104, 17, 52, 9, 44, 10, 45, 32, 67, 33, 13, 48, 68, 4, 2, 39, 37, 714]
q: [0.0, 5.0, -5.0, 11.0, -11.0, 12.0, -12.0, 11.0, -11.0, 5.0, 10.0, -10.0, -5.0, 3.0, 10.0, -3.0, -10.0, 0.0]
Q: [0.0, 5.0, 0.0, 11.0, 0.0, 12.0, 0.0, 11.0, 0.0, 5.0, 15.0, 5.0, 0.0, 3.0, 13.0, 10.0, 0.0, 0.0]
B: [0.0, 24.0, 58.8425537813, 81.72911018459999, 111.25634718709999, 139.7984606337, 169.3179713681, 309.0, 319.4016530417, 437.0, 462.372931896, 479.256082846, 484.60413314494, 529.0, 556.3715326023, 565.8259991129, 599.0192098946001, 623.3805140058]
