Avion: 2      Iteracion: 20

Num Ruta: 18
Ingresos: 2176.331
Costos: 633.949650497
Utilidad Ruta: 1542.3813495
Costo Reducido: 208.997249172
Nodos: [102, 30, 16, 51, 65, 24, 59, 1, 11, 46, 36, 32, 67, 26, 61, 13, 48, 31, 66, 5, 40, 2, 27, 62, 37, 712]
q: [0.0, 11.0, 4.0, -4.0, -11.0, 11.0, -11.0, 7.0, 6.0, -6.0, -7.0, 11.0, -11.0, 10.0, -10.0, 15.0, -15.0, 9.0, -9.0, 9.0, -9.0, 9.0, 6.0, -6.0, -9.0, 0.0]
Q: [0.0, 11.0, 15.0, 11.0, 0.0, 11.0, 0.0, 7.0, 13.0, 7.0, 0.0, 11.0, 0.0, 10.0, 0.0, 15.0, 0.0, 9.0, 0.0, 9.0, 0.0, 9.0, 15.0, 9.0, 0.0, 0.0]
B: [0.0, 64.0, 72.20259129788, 81.82668273552001, 84.69783929691, 109.43181018721, 147.94476048971, 175.0, 193.6808285951, 197.73489544211, 232.05062478011, 309.0, 319.4016530417, 332.1221722921, 349.7014002615, 423.0, 439.88315095, 444.3406643824, 472.6661434604, 492.5626276724, 493.68431657758003, 522.0, 547.7839683718, 564.8148307399, 594.1553610862, 598.27110755555]
