Avion: 6      Iteracion: 110

Num Ruta: 91
Ingresos: 1468.021
Costos: 334.84115067
Utilidad Ruta: 1133.17984933
Costo Reducido: 28.4999410914
Nodos: [106, 1, 36, 3, 38, 23, 35, 70, 32, 67, 34, 58, 69, 8, 33, 43, 13, 48, 68, 5, 40, 716]
q: [0.0, 7.0, -7.0, 13.0, -13.0, 4.0, 8.0, -8.0, 11.0, -11.0, 8.0, -4.0, -8.0, 0.0, 5.0, 0.0, 10.0, -10.0, -5.0, 0.0, 0.0, 0.0]
Q: [0.0, 7.0, 0.0, 13.0, 0.0, 4.0, 12.0, 4.0, 15.0, 4.0, 12.0, 8.0, 0.0, 0.0, 5.0, 5.0, 15.0, 5.0, 0.0, 0.0, 0.0, 0.0]
B: [0.0, 175.0, 209.2400855285, 256.0, 261.08428175852, 267.0, 277.4634044651, 289.38614345409997, 309.0, 319.4016530417, 346.1750898215, 360.4340368373, 388.28712463740004, 414.0, 437.0, 460.2743670161, 462.48504315700995, 479.36819410700997, 484.71624440594996, 513.68766199295, 514.80935089813, 521.5327049718]
