Avion: 1      Iteracion: 57

Num Ruta: 35
Ingresos: 1095.921
Costos: 279.767941087
Utilidad Ruta: 816.153058913
Costo Reducido: 75.4739234045
Nodos: [101, 30, 65, 24, 59, 1, 36, 19, 54, 711]
q: [0, 11.0, -11.0, 11.0, -11.0, 7.0, -7.0, 7.0, -7.0, 0]
Q: [0, 11.0, 0.0, 11.0, 0.0, 7.0, 0.0, 7.0, 0.0, 0]
B: [0.0, 64.0, 82.7140226568, 107.4479935471, 145.9609438496, 175.0, 209.2400855285, 402.0, 428.6271162915, 433.37264323799997]
