Avion: 2      Iteracion: 8

Num Ruta: 7
Ingresos: 2027.748
Costos: 717.878928134
Utilidad Ruta: 1309.86907187
Costo Reducido: 373.444823844
Nodos: [102, 9, 12, 44, 30, 16, 51, 65, 47, 1, 11, 46, 36, 35, 70, 34, 22, 69, 57, 19, 54, 13, 48, 31, 66, 712]
q: [0.0, 11.0, 0.0, -11.0, 11.0, 0.0, 0.0, -11.0, 0.0, 7.0, 6.0, -6.0, -7.0, 8.0, -8.0, 8.0, 7.0, -8.0, -7.0, 7.0, -7.0, 15.0, -15.0, 9.0, -9.0, 0.0]
Q: [0.0, 11.0, 11.0, 0.0, 11.0, 11.0, 11.0, 0.0, 0.0, 7.0, 13.0, 7.0, 0.0, 8.0, 0.0, 8.0, 15.0, 7.0, 0.0, 7.0, 0.0, 15.0, 0.0, 9.0, 0.0, 0.0]
B: [0.0, 29.8362865317, 54.0, 64.7870367571, 80.5749370925, 88.77752839038, 98.40161982802, 101.27277638941, 124.06863445620999, 175.0, 193.6808285951, 197.73489544211, 232.05062478011, 270.0, 281.922738989, 322.0, 350.0636833826, 364.6328500369, 375.22310036439995, 402.0, 428.6271162915, 432.85473559792, 449.73788654792, 454.19539998032, 482.52087905832, 508.41393876552]
