Avion: 3      Iteracion: 13

Num Ruta: 12
Ingresos: 1881.087
Costos: 414.051046546
Utilidad Ruta: 1467.03595345
Costo Reducido: 145.643212316
Nodos: [103, 30, 16, 51, 65, 24, 59, 1, 36, 23, 58, 13, 48, 31, 66, 713]
q: [0.0, 6.0, 9.0, -9.0, -6.0, 11.0, -11.0, 7.0, -7.0, 10.0, -10.0, 15.0, -15.0, 9.0, -9.0, 0.0]
Q: [0.0, 6.0, 15.0, 6.0, 0.0, 11.0, 0.0, 7.0, 0.0, 10.0, 0.0, 15.0, 0.0, 9.0, 0.0, 0.0]
B: [0.0, 64.0, 72.20259129788, 81.82668273552001, 84.69783929691, 109.43181018721, 147.94476048971, 175.0, 209.2400855285, 267.0, 306.733842905, 423.0, 439.88315095, 444.3406643824, 472.6661434604, 502.92864477800003]
