Avion: 7      Iteracion: 36

Num Ruta: 37
Ingresos: 1620.011
Costos: 355.23945965
Utilidad Ruta: 1264.77154035
Costo Reducido: 31.8744634
Nodos: [107, 14, 49, 3, 38, 23, 35, 70, 26, 34, 61, 58, 22, 57, 69, 31, 19, 66, 54, 13, 48, 717]
q: [0.0, 0.0, 0.0, 13.0, -13.0, 0.0, 8.0, -8.0, 10.0, 5.0, -10.0, 0.0, 10.0, -10.0, -5.0, 8.0, 7.0, -8.0, -7.0, 15.0, -15.0, 0.0]
Q: [0.0, 0.0, 0.0, 13.0, 0.0, 0.0, 8.0, 0.0, 10.0, 15.0, 5.0, 5.0, 15.0, 5.0, 0.0, 8.0, 15.0, 7.0, 0.0, 15.0, 0.0, 0.0]
B: [0.0, 112.0, 124.021711775, 256.0, 261.08428175852, 267.0, 277.4634044651, 289.38614345409997, 303.7370056233, 322.0, 336.913246092, 339.98031847458003, 355.73674246608005, 377.49142860498006, 388.08167893248003, 415.20242304098, 436.62742761508, 452.72864446348, 475.14680875048003, 479.37442805690006, 496.2575790069001, 532.6289320887]
