Avion: 6      Iteracion: 25

Num Ruta: 28
Ingresos: 1906.729
Costos: 401.198663478
Utilidad Ruta: 1505.53033652
Costo Reducido: 144.291775878
Nodos: [106, 30, 65, 35, 70, 32, 67, 26, 61, 34, 69, 33, 6, 41, 5, 40, 68, 21, 4, 27, 56, 39, 62, 716]
q: [0.0, 11.0, -11.0, 8.0, -8.0, 11.0, -11.0, 10.0, -10.0, 8.0, -8.0, 5.0, 0.0, 0.0, 9.0, -9.0, -5.0, 12.0, 3.0, 0.0, -12.0, -3.0, 0.0, 0.0]
Q: [0.0, 11.0, 0.0, 8.0, 0.0, 11.0, 0.0, 10.0, 0.0, 8.0, 0.0, 5.0, 5.0, 5.0, 14.0, 5.0, 0.0, 12.0, 15.0, 15.0, 3.0, 0.0, 0.0, 0.0]
B: [0.0, 64.0, 82.7140226568, 270.0, 281.922738989, 309.0, 319.4016530417, 332.1221722921, 349.7014002615, 364.6146463535, 401.0547765673, 437.0, 463.1548069196, 466.84709631779, 485.23595653258997, 486.35764543777, 515.37002005617, 526.24949743337, 541.19728579817, 558.81206033547, 571.9895085330701, 588.7924529476701, 594.2077114825901, 603.9133818355301]
