Avion: 3      Iteracion: 5

Num Ruta: 7
Ingresos: 1410.897
Costos: 342.222683065
Utilidad Ruta: 1068.67431694
Costo Reducido: 1057.65904386
Nodos: [103, 17, 30, 52, 16, 51, 65, 8, 43, 2, 37, 713]
q: [0.0, 5.0, 6.0, -5.0, 9.0, -9.0, -6.0, 8.0, -8.0, 10.0, -10.0, 0.0]
Q: [0.0, 5.0, 11.0, 6.0, 15.0, 6.0, 0.0, 8.0, 0.0, 10.0, 0.0, 0.0]
B: [0.0, 39.7453305433, 73.3590421503, 76.50349663399, 81.83513596913, 91.45922740677, 94.33038396815999, 414.0, 434.768396616, 522.0, 562.7349620474, 572.8298631366]
