Avion: 4      Iteracion: 96

Num Ruta: 65
Ingresos: 1779.492
Costos: 470.188028003
Utilidad Ruta: 1309.303972
Costo Reducido: 10.7419634165
Nodos: [104, 17, 52, 9, 44, 10, 45, 32, 67, 34, 69, 19, 33, 54, 13, 48, 68, 714]
q: [0.0, 5.0, -5.0, 11.0, -11.0, 12.0, -12.0, 11.0, -11.0, 8.0, -8.0, 7.0, 5.0, -7.0, 10.0, -10.0, -5.0, 0.0]
Q: [0.0, 5.0, 0.0, 11.0, 0.0, 12.0, 0.0, 11.0, 0.0, 8.0, 0.0, 7.0, 12.0, 5.0, 15.0, 5.0, 0.0, 0.0]
B: [0.0, 24.0, 58.8425537813, 81.72911018459999, 111.25634718709999, 139.7984606337, 169.3179713681, 309.0, 319.4016530417, 346.1750898215, 382.6152200353, 403.1550362954, 439.7485966578, 461.2969904262, 465.52460973262004, 482.40776068262005, 487.75581098156005, 503.93022797256003]
