Avion: 5      Iteracion: 5

Num Ruta: 9
Ingresos: 2291.93
Costos: 623.701697072
Utilidad Ruta: 1668.22830293
Costo Reducido: 1703.29822978
Nodos: [105, 17, 52, 30, 16, 65, 51, 10, 45, 32, 67, 31, 66, 33, 8, 43, 68, 27, 62, 2, 37, 715]
q: [0.0, 5.0, -5.0, 6.0, 9.0, -6.0, -9.0, 12.0, -12.0, 11.0, -11.0, 9.0, -9.0, 5.0, 8.0, -8.0, -5.0, 6.0, -6.0, 10.0, -10.0, 0.0]
Q: [0.0, 5.0, 0.0, 6.0, 15.0, 9.0, 0.0, 12.0, 0.0, 11.0, 0.0, 9.0, 0.0, 5.0, 13.0, 5.0, 0.0, 6.0, 0.0, 10.0, 0.0, 0.0]
B: [0.0, 35.8094227823, 70.65197656359999, 73.79643104728999, 81.99902234516999, 92.81569410686998, 95.68685066825998, 111.51612787855998, 141.03563861295999, 309.0, 319.4016530417, 406.0, 434.325479078, 456.7236405204, 470.48829532900004, 491.25669194500006, 513.2135729849001, 538.0, 555.0308623681, 566.4829354555, 607.2178975029, 643.2224406189999]
