Avion: 4      Iteracion: 9

Num Ruta: 11
Ingresos: 1311.325
Costos: 467.08160972
Utilidad Ruta: 844.24339028
Costo Reducido: 260.803072594
Nodos: [104, 16, 51, 24, 9, 44, 59, 10, 45, 26, 61, 34, 69, 8, 43, 714]
q: [0.0, 9.0, -9.0, 11.0, 4.0, -4.0, -11.0, 12.0, -12.0, 10.0, -10.0, 8.0, -8.0, 8.0, -8.0, 0.0]
Q: [0.0, 9.0, 0.0, 11.0, 15.0, 11.0, 0.0, 12.0, 0.0, 10.0, 0.0, 8.0, 0.0, 8.0, 0.0, 0.0]
B: [0.0, 37.6306202048, 47.25471164244, 72.48091072194, 78.91778775976, 108.44502476226, 133.50058817636, 145.28651885666, 174.80602959106, 300.0, 317.5792279694, 332.4924740614, 368.9326042752, 414.0, 434.768396616, 459.2065426177]
