Avion: 4      Iteracion: 38

Num Ruta: 32
Ingresos: 1474.259
Costos: 429.373698143
Utilidad Ruta: 1044.88530186
Costo Reducido: 118.091873399
Nodos: [104, 17, 52, 9, 44, 35, 70, 32, 67, 26, 61, 34, 69, 19, 25, 54, 60, 29, 64, 714]
q: [0.0, 0.0, 0.0, 11.0, -11.0, 8.0, -8.0, 11.0, -11.0, 10.0, -10.0, 8.0, -8.0, 7.0, 0.0, -7.0, 0.0, 9.0, -9.0, 0.0]
Q: [0.0, 0.0, 0.0, 11.0, 0.0, 8.0, 0.0, 11.0, 0.0, 10.0, 0.0, 8.0, 0.0, 7.0, 7.0, 0.0, 0.0, 9.0, 0.0, 0.0]
B: [0.0, 24.0, 58.8425537813, 81.72911018459999, 111.25634718709999, 270.0, 281.922738989, 309.0, 319.4016530417, 332.1221722921, 349.7014002615, 364.6146463535, 401.0547765673, 421.5945928274, 430.98660006759997, 462.662313193, 479.4491696289, 549.0, 582.7797797802, 609.550209829]
