Avion: 2      Iteracion: 43

Num Ruta: 38
Ingresos: 2517.923
Costos: 656.474001206
Utilidad Ruta: 1861.44899879
Costo Reducido: 44.2529641776
Nodos: [102, 16, 51, 9, 24, 44, 59, 10, 45, 26, 34, 61, 69, 31, 19, 66, 33, 54, 5, 40, 68, 4, 39, 2, 37, 712]
q: [0.0, 9.0, -9.0, 11.0, 4.0, -11.0, -4.0, 12.0, -12.0, 7.0, 8.0, -7.0, -8.0, 9.0, 6.0, -9.0, 5.0, -6.0, 9.0, -9.0, -5.0, 3.0, -3.0, 10.0, -10.0, 0.0]
Q: [0.0, 9.0, 0.0, 11.0, 15.0, 4.0, 0.0, 12.0, 0.0, 7.0, 15.0, 8.0, 0.0, 9.0, 15.0, 6.0, 11.0, 5.0, 14.0, 5.0, 0.0, 3.0, 0.0, 10.0, 0.0, 0.0]
B: [0.0, 36.0, 45.624091437640004, 75.68094759394, 82.11782463176, 106.25807452686, 131.31363794096, 143.09956862126, 172.61907935566, 300.0, 322.0, 336.913246092, 361.9000000428, 406.0, 427.4250045741, 443.5262214225, 465.9243828649, 487.4727766333, 495.32308987545997, 496.44477878064, 525.45715339904, 542.77468743254, 563.20043711274, 572.65490362334, 613.38986567074, 617.5056121400901]
