Avion: 1      Iteracion: 58

Num Ruta: 36
Ingresos: 2373.164
Costos: 545.051104143
Utilidad Ruta: 1828.11289586
Costo Reducido: 70.9343359024
Nodos: [101, 30, 65, 24, 59, 23, 35, 70, 26, 58, 61, 18, 53, 31, 66, 8, 33, 43, 68, 29, 64, 711]
q: [0.0, 11.0, -11.0, 11.0, -11.0, 5.0, 8.0, -8.0, 10.0, -5.0, -10.0, 10.0, -10.0, 9.0, -9.0, 8.0, 5.0, -8.0, -5.0, 9.0, -9.0, 0.0]
Q: [0.0, 11.0, 0.0, 11.0, 0.0, 5.0, 13.0, 5.0, 15.0, 10.0, 0.0, 10.0, 0.0, 9.0, 0.0, 8.0, 13.0, 5.0, 0.0, 9.0, 0.0, 0.0]
B: [0.0, 64.0, 82.7140226568, 107.4479935471, 145.9609438496, 267.0, 277.4634044651, 289.38614345409997, 303.7370056233, 323.4233783974, 326.49045077998, 349.76912153238, 373.58735778107996, 406.0, 434.325479078, 443.10832519984, 456.87298000844, 480.14734702453995, 502.10422806443995, 549.0, 582.7797797802, 598.8802887473]
