Avion: 2      Iteracion: 26

Num Ruta: 24
Ingresos: 2706.413
Costos: 571.93510453
Utilidad Ruta: 2134.47789547
Costo Reducido: 208.390548919
Nodos: [102, 16, 51, 17, 30, 52, 65, 10, 45, 26, 61, 34, 69, 28, 13, 48, 31, 63, 66, 20, 4, 39, 55, 2, 37, 712]
q: [0.0, 9.0, -9.0, 5.0, 10.0, -5.0, -10.0, 12.0, -12.0, 10.0, -10.0, 8.0, -8.0, 6.0, 9.0, -9.0, 9.0, -6.0, -9.0, 0.0, 3.0, -3.0, 0.0, 10.0, -10.0, 0.0]
Q: [0.0, 9.0, 0.0, 5.0, 15.0, 10.0, 0.0, 12.0, 0.0, 10.0, 0.0, 8.0, 0.0, 6.0, 15.0, 6.0, 15.0, 9.0, 0.0, 0.0, 3.0, 0.0, 0.0, 10.0, 0.0, 0.0]
B: [0.0, 36.0, 45.624091437640004, 78.34191948294, 111.95563108994, 115.10008557363, 131.19803109473, 149.89108138083, 179.41059211523, 300.0, 317.5792279694, 332.4924740614, 368.9326042752, 403.547817838, 423.0, 439.88315095, 444.3406643824, 464.8375443401, 493.251976043, 514.0320089592, 529.0, 549.4257496801999, 561.2869729308, 568.6172701962599, 609.35223224366, 613.46797871301]
