Avion: 2      Iteracion: 23

Num Ruta: 21
Ingresos: 2895.697
Costos: 640.620291106
Utilidad Ruta: 2255.07670889
Costo Reducido: 117.423657725
Nodos: [102, 16, 51, 9, 44, 14, 49, 35, 70, 26, 34, 61, 22, 69, 57, 19, 25, 54, 13, 48, 60, 21, 20, 56, 55, 2, 37, 712]
q: [0.0, 9.0, -9.0, 11.0, -11.0, 8.0, -8.0, 8.0, -8.0, 7.0, 8.0, -7.0, 7.0, -8.0, -7.0, 7.0, 8.0, -7.0, 7.0, -7.0, -8.0, 12.0, 0.0, -12.0, 0.0, 10.0, -10.0, 0.0]
Q: [0.0, 9.0, 0.0, 11.0, 0.0, 8.0, 0.0, 8.0, 0.0, 7.0, 15.0, 8.0, 15.0, 7.0, 0.0, 7.0, 15.0, 8.0, 15.0, 8.0, 0.0, 12.0, 12.0, 0.0, 0.0, 10.0, 0.0, 0.0]
B: [0.0, 36.0, 45.624091437640004, 75.68094759394, 105.20818459644, 115.46499131194001, 127.48670308694001, 270.0, 281.922738989, 300.0, 322.0, 336.913246092, 350.5474267421, 365.1165933964, 375.70684372389996, 402.0, 411.3920072402, 443.0677203656, 447.29533967202, 464.17849062202004, 473.35682827107, 481.52554175607, 496.0, 532.4252917215, 553.0247123444, 560.35500960986, 601.08997165726, 605.20571812661]
