Avion: 4      Iteracion: 63

Num Ruta: 44
Ingresos: 1483.502
Costos: 298.716278274
Utilidad Ruta: 1184.78572173
Costo Reducido: 11.4035761891
Nodos: [104, 17, 52, 9, 44, 14, 49, 23, 18, 58, 53, 714]
q: [0.0, 5.0, -5.0, 11.0, -11.0, 8.0, -8.0, 10.0, 5.0, -10.0, -5.0, 0.0]
Q: [0.0, 5.0, 0.0, 11.0, 0.0, 8.0, 0.0, 10.0, 15.0, 5.0, 0.0, 0.0]
B: [0.0, 24.0, 58.8425537813, 81.72911018459999, 111.25634718709999, 121.5131539026, 133.5348656776, 267.0, 293.0, 318.4393114097, 328.36484298237, 339.50849610867004]
