Avion: 6      Iteracion: 36

Num Ruta: 37
Ingresos: 2006.056
Costos: 425.200829421
Utilidad Ruta: 1580.85517058
Costo Reducido: 142.588939624
Nodos: [106, 1, 11, 46, 36, 3, 38, 35, 70, 26, 34, 61, 22, 57, 69, 19, 33, 54, 13, 48, 68, 716]
q: [0.0, 7.0, 6.0, -6.0, -7.0, 13.0, -13.0, 8.0, -8.0, 10.0, 5.0, -10.0, 10.0, -10.0, -5.0, 7.0, 5.0, -7.0, 10.0, -10.0, -5.0, 0.0]
Q: [0.0, 7.0, 13.0, 7.0, 0.0, 13.0, 0.0, 8.0, 0.0, 10.0, 15.0, 5.0, 15.0, 5.0, 0.0, 7.0, 12.0, 5.0, 15.0, 5.0, 0.0, 0.0]
B: [0.0, 175.0, 193.6808285951, 197.73489544211, 232.05062478011, 256.0, 261.08428175852, 274.08526633661995, 286.00800532561993, 300.35886749481995, 322.0, 336.913246092, 350.5474267421, 372.302112881, 382.8923632085, 403.4321794686, 440.025739831, 461.5741335994, 465.80175290582, 482.68490385582004, 488.03295415476003, 511.92539808586]
