Avion: 4      Iteracion: 89

Num Ruta: 61
Ingresos: 1311.413
Costos: 303.48490489
Utilidad Ruta: 1007.92809511
Costo Reducido: 18.0696220732
Nodos: [104, 17, 52, 9, 44, 25, 60, 31, 66, 33, 68, 714]
q: [0, 5.0, -5.0, 11.0, -11.0, 10.0, -10.0, 9.0, -9.0, 5.0, -5.0, 0]
Q: [0, 5.0, 0.0, 11.0, 0.0, 10.0, 0.0, 9.0, 0.0, 5.0, 0.0, 0]
B: [0.0, 24.0, 58.8425537813, 81.72911018459999, 111.25634718709999, 410.0, 427.1849823101, 432.00662891681, 460.33210799481, 482.73026943721, 524.68293448961, 540.8573514806101]
