Avion: 7      Iteracion: 12

Num Ruta: 16
Ingresos: 2116.815
Costos: 419.521193285
Utilidad Ruta: 1697.29380671
Costo Reducido: 228.262259266
Nodos: [107, 14, 49, 3, 38, 23, 58, 32, 67, 34, 28, 69, 19, 63, 54, 6, 41, 27, 4, 39, 62, 717]
q: [0, 8.0, -8.0, 13.0, -13.0, 10.0, -10.0, 11.0, -11.0, 8.0, 6.0, -8.0, 7.0, -6.0, -7.0, 4.0, -4.0, 6.0, 3.0, -3.0, -6.0, 0]
Q: [0, 8.0, 0.0, 13.0, 0.0, 10.0, 0.0, 11.0, 0.0, 8.0, 14.0, 6.0, 13.0, 7.0, 0.0, 4.0, 0.0, 6.0, 9.0, 6.0, 0.0, 0]
B: [0.0, 112.0, 124.021711775, 256.0, 261.08428175852, 267.0, 306.733842905, 329.2181487426, 339.6198017843, 366.39323856410005, 382.42612638880007, 417.0413399516001, 437.5811562117001, 450.1169494854001, 482.9470266251001, 494.73804562260005, 498.43033502079004, 538.0, 555.6147745373, 576.0405242175, 581.45578275242, 604.90077106552]
