Avion: 4      Iteracion: 98

Num Ruta: 67
Ingresos: 1949.782
Costos: 403.776552558
Utilidad Ruta: 1546.00544744
Costo Reducido: 35.6748747245
Nodos: [104, 17, 52, 9, 44, 22, 57, 18, 53, 31, 19, 66, 33, 54, 68, 714]
q: [0.0, 5.0, -5.0, 11.0, -11.0, 10.0, -10.0, 10.0, -10.0, 8.0, 7.0, -8.0, 5.0, -7.0, -5.0, 0.0]
Q: [0.0, 5.0, 0.0, 11.0, 0.0, 10.0, 0.0, 10.0, 0.0, 8.0, 15.0, 7.0, 12.0, 5.0, 0.0, 0.0]
B: [0.0, 24.0, 58.8425537813, 81.72911018459999, 111.25634718709999, 299.0, 320.7546861389, 334.15512273630003, 357.973358985, 406.0, 427.4250045741, 443.5262214225, 465.9243828649, 487.4727766333, 509.3782214587, 525.5526384497]
