Avion: 3      Iteracion: 52

Num Ruta: 36
Ingresos: 1277.666
Costos: 389.448511878
Utilidad Ruta: 888.217488122
Costo Reducido: 48.3467144281
Nodos: [103, 30, 16, 51, 65, 24, 59, 11, 46, 18, 53, 28, 63, 19, 54, 713]
q: [0.0, 11.0, 4.0, -4.0, -11.0, 11.0, -11.0, 6.0, -6.0, 10.0, -10.0, 6.0, -6.0, 7.0, -7.0, 0.0]
Q: [0.0, 11.0, 15.0, 11.0, 0.0, 11.0, 0.0, 6.0, 0.0, 10.0, 0.0, 6.0, 0.0, 7.0, 0.0, 0.0]
B: [0.0, 64.0, 72.20259129788, 81.82668273552001, 84.69783929691, 109.43181018721, 147.94476048971, 169.0, 173.05406684701, 293.0, 316.8182362487, 378.0, 414.0266187839, 426.5624120576, 453.1895283491, 471.9665867982]
