Avion: 6      Iteracion: 4

Num Ruta: 8
Ingresos: 3178.019
Costos: 607.992421912
Utilidad Ruta: 2570.02657809
Costo Reducido: 2179.02951915
Nodos: [106, 16, 51, 14, 49, 1, 36, 3, 38, 23, 58, 18, 53, 34, 69, 8, 33, 43, 13, 68, 48, 4, 27, 62, 39, 2, 37, 716]
q: [0.0, 9.0, -9.0, 8.0, -8.0, 7.0, -7.0, 13.0, -13.0, 10.0, -10.0, 10.0, -10.0, 8.0, -8.0, 8.0, 5.0, -8.0, 10.0, -5.0, -10.0, 3.0, 6.0, -6.0, -3.0, 10.0, -10.0, 0.0]
Q: [0.0, 9.0, 0.0, 8.0, 0.0, 7.0, 0.0, 13.0, 0.0, 10.0, 0.0, 10.0, 0.0, 8.0, 0.0, 8.0, 13.0, 5.0, 15.0, 10.0, 0.0, 3.0, 9.0, 3.0, 0.0, 10.0, 0.0, 0.0]
B: [0.0, 36.0, 45.624091437640004, 112.0, 124.021711775, 175.0, 209.2400855285, 256.0, 261.08428175852, 267.0, 306.733842905, 332.1731543147, 355.9913905634, 379.4621015241, 415.90223173789997, 418.54840671321995, 437.0, 460.2743670161, 462.48504315700995, 482.45587278420993, 487.8039230831499, 529.0, 546.6147745373, 563.6456369054, 569.06089544032, 578.51536195092, 619.25032399832, 639.6759614669201]
