Avion: 5      Iteracion: 77

Num Ruta: 49
Ingresos: 934.733
Costos: 244.497954983
Utilidad Ruta: 690.235045017
Costo Reducido: 32.0492964711
Nodos: [105, 18, 53, 28, 63, 25, 60, 31, 66, 715]
q: [0, 10.0, -10.0, 6.0, -6.0, 10.0, -10.0, 9.0, -9.0, 0]
Q: [0, 10.0, 0.0, 6.0, 0.0, 10.0, 0.0, 9.0, 0.0, 0]
B: [0.0, 293.0, 316.8182362487, 378.0, 414.0266187839, 417.35999740026, 434.54497971036, 439.36662631707, 467.69210539507, 481.44484915767]
