Avion: 4      Iteracion: 88

Num Ruta: 60
Ingresos: 1035.926
Costos: 326.494137779
Utilidad Ruta: 709.431862221
Costo Reducido: 28.2522122374
Nodos: [104, 17, 52, 9, 44, 11, 46, 35, 70, 33, 13, 48, 68, 714]
q: [0.0, 5.0, -5.0, 11.0, -11.0, 6.0, -6.0, 8.0, -8.0, 5.0, 10.0, -10.0, -5.0, 0.0]
Q: [0.0, 5.0, 0.0, 11.0, 0.0, 6.0, 0.0, 8.0, 0.0, 5.0, 15.0, 5.0, 0.0, 0.0]
B: [0.0, 24.0, 58.8425537813, 81.72911018459999, 111.25634718709999, 169.0, 173.05406684701, 270.0, 281.922738989, 437.0, 462.372931896, 479.256082846, 484.60413314494, 500.77855013594]
