Avion: 6      Iteracion: 18

Num Ruta: 21
Ingresos: 2297.763
Costos: 486.677779555
Utilidad Ruta: 1811.08522045
Costo Reducido: 150.908903777
Nodos: [106, 24, 30, 59, 10, 65, 45, 32, 67, 26, 61, 34, 69, 8, 43, 13, 48, 6, 41, 5, 40, 4, 39, 2, 62, 27, 37, 716]
q: [0.0, 11.0, 3.0, -11.0, 12.0, -3.0, -12.0, 11.0, -11.0, 10.0, -10.0, 8.0, -8.0, 8.0, -8.0, 15.0, -15.0, 4.0, -4.0, 9.0, -9.0, 3.0, -3.0, 10.0, -6.0, 6.0, -10.0, 0.0]
Q: [0.0, 11.0, 14.0, 3.0, 15.0, 12.0, 0.0, 11.0, 0.0, 10.0, 0.0, 8.0, 0.0, 8.0, 0.0, 15.0, 0.0, 4.0, 0.0, 9.0, 0.0, 3.0, 0.0, 10.0, 4.0, 10.0, 0.0, 0.0]
B: [0.0, 61.0, 79.2569011609, 99.5250225588, 111.3109532391, 130.0040035252, 148.9048014184, 309.0, 319.4016530417, 332.1221722921, 349.7014002615, 364.6146463535, 401.0547765673, 414.0, 434.768396616, 436.97907275691, 453.86222370691, 478.08517233011, 481.7774617283, 500.1663219431, 501.28801084828, 529.0, 549.4257496801999, 558.8802161908, 570.3322892781999, 587.3631516462999, 612.3288036104999, 632.7544410790999]
