Avion: 6      Iteracion: 104

Num Ruta: 87
Ingresos: 964.597
Costos: 287.743373731
Utilidad Ruta: 676.853626269
Costo Reducido: 14.2379458232
Nodos: [106, 10, 45, 32, 67, 33, 6, 41, 13, 48, 68, 29, 64, 716]
q: [0.0, 12.0, -12.0, 11.0, -11.0, 5.0, 4.0, -4.0, 10.0, -10.0, -5.0, 9.0, -9.0, 0.0]
Q: [0.0, 12.0, 0.0, 11.0, 0.0, 5.0, 9.0, 5.0, 15.0, 5.0, 0.0, 9.0, 0.0, 0.0]
B: [0.0, 96.0, 125.5195107344, 309.0, 319.4016530417, 437.0, 463.1548069196, 466.84709631779, 480.25716242499, 497.14031337499, 502.48836367393, 549.0, 582.7797797802, 603.1769870644999]
