Avion: 7      Iteracion: 25

Num Ruta: 28
Ingresos: 1757.816
Costos: 311.496631807
Utilidad Ruta: 1446.31936819
Costo Reducido: 48.8075124183
Nodos: [107, 14, 49, 3, 38, 23, 58, 32, 67, 26, 61, 27, 2, 62, 37, 717]
q: [0.0, 0.0, 0.0, 0.0, 0.0, 10.0, -10.0, 11.0, -11.0, 10.0, -10.0, 5.0, 10.0, -5.0, -10.0, 0.0]
Q: [0.0, 0.0, 0.0, 0.0, 0.0, 10.0, 0.0, 11.0, 0.0, 10.0, 0.0, 5.0, 15.0, 10.0, 0.0, 0.0]
B: [0.0, 112.0, 124.021711775, 256.0, 261.08428175852, 267.0, 306.733842905, 329.2181487426, 339.6198017843, 352.3403210347, 369.9195490041, 538.0, 563.7839683718, 575.2360414592, 604.5765718055, 631.9367060522]
