Avion: 4      Iteracion: 1

Num Ruta: 4
Ingresos: 3680.513
Costos: 688.001708418
Utilidad Ruta: 2992.51129158
Costo Reducido: 1483.77844018
Nodos: [104, 17, 52, 24, 9, 44, 59, 10, 45, 23, 58, 34, 26, 61, 69, 19, 54, 6, 41, 33, 5, 40, 68, 21, 56, 29, 64, 714]
q: [0.0, 5.0, -5.0, 4.0, 11.0, -11.0, -4.0, 12.0, -12.0, 10.0, -10.0, 8.0, 7.0, -7.0, -8.0, 7.0, -7.0, 4.0, -4.0, 5.0, 9.0, -9.0, -5.0, 12.0, -12.0, 9.0, -9.0, 0.0]
Q: [0.0, 5.0, 0.0, 4.0, 15.0, 4.0, 0.0, 12.0, 0.0, 10.0, 0.0, 8.0, 15.0, 8.0, 0.0, 7.0, 0.0, 4.0, 0.0, 5.0, 14.0, 5.0, 0.0, 12.0, 0.0, 9.0, 0.0, 0.0]
B: [0.0, 24.0, 58.8425537813, 75.400837086, 81.83771412381999, 111.36495112632, 136.42051454042, 148.20644522071998, 177.72595595511999, 267.0, 306.733842905, 322.0, 337.9272270342, 355.50645500359997, 380.49320895439996, 402.0, 428.6271162915, 440.41813528899996, 444.11042468718995, 472.52768064198995, 486.22584781868994, 487.34753672386995, 516.3599113422699, 527.23938871947, 567.9781793986699, 606.4314758763699, 640.2112556565698, 666.9816857053698]
