Avion: 5      Iteracion: 78

Num Ruta: 50
Ingresos: 598.088
Costos: 271.182244612
Utilidad Ruta: 326.905755388
Costo Reducido: 1.07878664625
Nodos: [105, 14, 49, 18, 53, 22, 57, 715]
q: [0, 8.0, -8.0, 10.0, -10.0, 10.0, -10.0, 0]
Q: [0, 8.0, 0.0, 10.0, 0.0, 10.0, 0.0, 0]
B: [0.0, 112.0, 124.021711775, 293.0, 316.8182362487, 332.3010836612, 354.0557698001, 363.20889871867]
