Avion: 5      Iteracion: 13

Num Ruta: 16
Ingresos: 677.545
Costos: 284.73930292
Utilidad Ruta: 392.80569708
Costo Reducido: 99.1878819596
Nodos: [105, 18, 35, 70, 26, 61, 53, 31, 66, 715]
q: [0.0, 5.0, 8.0, -8.0, 10.0, -10.0, -5.0, 9.0, -9.0, 0.0]
Q: [0.0, 5.0, 13.0, 5.0, 15.0, 5.0, 0.0, 9.0, 0.0, 0.0]
B: [0.0, 293.0, 305.7525351989, 317.67527418789996, 332.0261363571, 349.60536432649997, 361.0401537867, 406.0, 434.325479078, 448.0782228406]
