Avion: 6      Iteracion: 46

Num Ruta: 44
Ingresos: 171.458
Costos: 102.469852423
Utilidad Ruta: 68.9881475772
Costo Reducido: 39.1293957812
Nodos: [106, 6, 41, 13, 48, 5, 40, 716]
q: [0, 4.0, -4.0, 15.0, -15.0, 9.0, -9.0, 0]
Q: [0, 4.0, 0.0, 15.0, 0.0, 9.0, 0.0, 0]
B: [0.0, 436.0, 439.69228939819, 453.10235550539, 469.98550645539, 497.24978955619, 498.37147846137003, 505.09483253504004]
