Avion: 6      Iteracion: 103

Num Ruta: 86
Ingresos: 1185.001
Costos: 294.981392658
Utilidad Ruta: 890.019607342
Costo Reducido: 63.7699198922
Nodos: [106, 17, 30, 52, 16, 51, 65, 10, 45, 32, 67, 33, 13, 48, 68, 5, 40, 716]
q: [0.0, 5.0, 6.0, -5.0, 9.0, -9.0, -6.0, 12.0, -12.0, 11.0, -11.0, 5.0, 10.0, -10.0, -5.0, 9.0, -9.0, 0.0]
Q: [0.0, 5.0, 11.0, 6.0, 15.0, 6.0, 0.0, 12.0, 0.0, 11.0, 0.0, 5.0, 15.0, 5.0, 0.0, 9.0, 0.0, 0.0]
B: [0.0, 24.0, 64.0, 67.14445448369, 72.47609381883, 82.10018525647, 84.97134181786, 103.66439210396, 133.18390283835998, 309.0, 319.4016530417, 437.0, 462.372931896, 479.256082846, 484.60413314494, 513.57555073194, 514.69723963712, 521.42059371079]
