Avion: 2      Iteracion: 58

Num Ruta: 48
Ingresos: 1986.349
Costos: 599.209599393
Utilidad Ruta: 1387.13940061
Costo Reducido: 61.5196805811
Nodos: [102, 16, 51, 24, 59, 14, 49, 3, 38, 23, 35, 70, 32, 67, 26, 61, 58, 34, 69, 8, 33, 43, 13, 48, 68, 712]
q: [0.0, 9.0, -9.0, 11.0, -11.0, 8.0, -8.0, 13.0, -13.0, 4.0, 8.0, -8.0, 11.0, -11.0, 10.0, -10.0, -4.0, 8.0, -8.0, 8.0, 5.0, -8.0, 10.0, -10.0, -5.0, 0.0]
Q: [0.0, 9.0, 0.0, 11.0, 0.0, 8.0, 0.0, 13.0, 0.0, 4.0, 12.0, 4.0, 15.0, 4.0, 14.0, 4.0, 0.0, 8.0, 0.0, 8.0, 13.0, 5.0, 15.0, 5.0, 0.0, 0.0]
B: [0.0, 36.0, 45.624091437640004, 70.85029051714, 109.36324081964, 138.00961011834, 150.03132189334, 256.0, 261.08428175852, 267.0, 277.4634044651, 289.38614345409997, 309.0, 319.4016530417, 332.1221722921, 349.7014002615, 352.76847264408, 367.02741965988, 403.46754987368, 414.0, 437.0, 460.2743670161, 462.48504315700995, 479.36819410700997, 484.71624440594996, 495.04552443894994]
