Avion: 2      Iteracion: 25

Num Ruta: 23
Ingresos: 1906.738
Costos: 567.334695612
Utilidad Ruta: 1339.40330439
Costo Reducido: 91.8640829568
Nodos: [102, 16, 30, 65, 51, 1, 11, 46, 36, 32, 67, 26, 61, 34, 69, 4, 39, 2, 37, 712]
q: [0.0, 4.0, 11.0, -11.0, -4.0, 7.0, 6.0, -6.0, -7.0, 11.0, -11.0, 10.0, -10.0, 8.0, -8.0, 3.0, -3.0, 10.0, -10.0, 0.0]
Q: [0.0, 4.0, 15.0, 4.0, 0.0, 7.0, 13.0, 7.0, 0.0, 11.0, 0.0, 10.0, 0.0, 8.0, 0.0, 3.0, 0.0, 10.0, 0.0, 0.0]
B: [0.0, 36.0, 64.0, 82.7140226568, 85.58517921818999, 175.0, 193.6808285951, 197.73489544211, 232.05062478011, 309.0, 319.4016530417, 332.1221722921, 349.7014002615, 364.6146463535, 401.0547765673, 529.0, 549.4257496801999, 558.8802161908, 599.6151782382, 603.73092470755]
