Avion: 6      Iteracion: 22

Num Ruta: 25
Ingresos: 162.159
Costos: 162.769641514
Utilidad Ruta: -0.61064151367
Costo Reducido: 11.4001903382
Nodos: [106, 30, 16, 65, 51, 716]
q: [0.0, 6.0, 9.0, -6.0, -9.0, 0.0]
Q: [0.0, 6.0, 15.0, 9.0, 0.0, 0.0]
B: [0.0, 64.0, 72.20259129788, 83.01926305958, 85.89041962097, 99.16157303726999]
