Avion: 4      Iteracion: 58

Num Ruta: 41
Ingresos: 2094.011
Costos: 526.678714661
Utilidad Ruta: 1567.33228534
Costo Reducido: 86.3426421062
Nodos: [104, 17, 52, 24, 9, 44, 59, 14, 49, 3, 38, 23, 35, 70, 26, 58, 61, 18, 53, 31, 66, 8, 33, 43, 68, 714]
q: [0.0, 0.0, 0.0, 11.0, 4.0, -4.0, -11.0, 8.0, -8.0, 13.0, -13.0, 5.0, 8.0, -8.0, 10.0, -5.0, -10.0, 10.0, -10.0, 9.0, -9.0, 8.0, 5.0, -8.0, -5.0, 0.0]
Q: [0.0, 0.0, 0.0, 11.0, 15.0, 11.0, 0.0, 8.0, 0.0, 13.0, 0.0, 5.0, 13.0, 5.0, 15.0, 10.0, 0.0, 10.0, 0.0, 9.0, 0.0, 8.0, 13.0, 5.0, 0.0, 0.0]
B: [0.0, 24.0, 58.8425537813, 75.400837086, 81.83771412381999, 111.36495112632, 136.42051454042, 165.06688383911998, 177.08859561411998, 256.0, 261.08428175852, 267.0, 277.4634044651, 289.38614345409997, 303.7370056233, 323.4233783974, 326.49045077998, 349.76912153238, 373.58735778107996, 406.0, 434.325479078, 443.10832519984, 456.87298000844, 480.14734702453995, 502.10422806443995, 518.2786450554399]
