Avion: 4      Iteracion: 13

Num Ruta: 14
Ingresos: 2068.185
Costos: 455.275433147
Utilidad Ruta: 1612.90956685
Costo Reducido: 186.306119221
Nodos: [104, 17, 52, 9, 44, 1, 36, 23, 35, 70, 26, 58, 61, 31, 66, 33, 13, 48, 68, 714]
q: [0.0, 0.0, 0.0, 11.0, -11.0, 7.0, -7.0, 10.0, 5.0, -5.0, 5.0, -10.0, -5.0, 9.0, -9.0, 5.0, 10.0, -10.0, -5.0, 0.0]
Q: [0.0, 0.0, 0.0, 11.0, 0.0, 7.0, 0.0, 10.0, 15.0, 10.0, 15.0, 5.0, 0.0, 9.0, 0.0, 5.0, 15.0, 5.0, 0.0, 0.0]
B: [0.0, 24.0, 58.8425537813, 81.72911018459999, 111.25634718709999, 175.0, 209.2400855285, 267.0, 277.4634044651, 289.38614345409997, 303.7370056233, 323.4233783974, 326.49045077998, 406.0, 434.325479078, 456.7236405204, 482.0965724164, 498.97972336640004, 504.32777366534003, 520.5021906563401]
