Avion: 1      Iteracion: 84

Num Ruta: 52
Ingresos: 887.679
Costos: 379.899064944
Utilidad Ruta: 507.779935056
Costo Reducido: 3.99482890426
Nodos: [101, 30, 65, 16, 51, 35, 70, 32, 67, 33, 8, 43, 68, 711]
q: [0, 11.0, -11.0, 9.0, -9.0, 8.0, -8.0, 11.0, -11.0, 5.0, 8.0, -8.0, -5.0, 0]
Q: [0, 11.0, 0.0, 9.0, 0.0, 8.0, 0.0, 11.0, 0.0, 5.0, 13.0, 5.0, 0.0, 0]
B: [0.0, 64.0, 82.7140226568, 93.53069441849999, 103.15478585614, 270.0, 281.922738989, 309.0, 319.4016530417, 437.0, 450.76465480859997, 471.5330514246, 493.4899324645, 510.68209966349997]
