Avion: 7      Iteracion: 111

Num Ruta: 77
Ingresos: 2327.761
Costos: 350.773385486
Utilidad Ruta: 1976.98761451
Costo Reducido: 41.7983113489
Nodos: [107, 14, 49, 3, 38, 23, 58, 22, 57, 19, 33, 54, 13, 68, 48, 29, 4, 27, 64, 39, 62, 717]
q: [0.0, 0.0, 0.0, 13.0, -13.0, 10.0, -10.0, 10.0, -10.0, 7.0, 5.0, -7.0, 10.0, -5.0, -10.0, 6.0, 3.0, 6.0, -6.0, -3.0, -6.0, 0.0]
Q: [0.0, 0.0, 0.0, 13.0, 0.0, 10.0, 0.0, 10.0, 0.0, 7.0, 12.0, 5.0, 15.0, 10.0, 0.0, 6.0, 9.0, 15.0, 9.0, 6.0, 0.0, 0.0]
B: [0.0, 112.0, 124.021711775, 256.0, 261.08428175852, 267.0, 306.733842905, 322.49026689650003, 344.24495303540004, 402.0, 438.5935603624, 460.1419541308, 464.36957343722, 484.34040306442, 489.68845336336, 549.0, 569.7100026316, 587.3247771689, 595.54120516408, 607.76027620078, 613.1755347357, 636.6205230488]
