Avion: 2      Iteracion: 54

Num Ruta: 45
Ingresos: 2827.318
Costos: 643.394719483
Utilidad Ruta: 2183.92328052
Costo Reducido: 35.0112686033
Nodos: [102, 16, 51, 24, 59, 14, 49, 23, 35, 70, 26, 61, 58, 32, 67, 33, 6, 41, 13, 48, 68, 21, 56, 2, 37, 712]
q: [0.0, 0.0, 0.0, 11.0, -11.0, 8.0, -8.0, 7.0, 8.0, -8.0, 8.0, -8.0, -7.0, 11.0, -11.0, 5.0, 4.0, -4.0, 10.0, -10.0, -5.0, 12.0, -12.0, 10.0, -10.0, 0.0]
Q: [0.0, 0.0, 0.0, 11.0, 0.0, 8.0, 0.0, 7.0, 15.0, 7.0, 15.0, 7.0, 0.0, 11.0, 0.0, 5.0, 9.0, 5.0, 15.0, 5.0, 0.0, 12.0, 0.0, 10.0, 0.0, 0.0]
B: [0.0, 36.0, 45.624091437640004, 70.85029051714, 109.36324081964, 138.00961011834, 150.03132189334, 267.0, 277.4634044651, 289.38614345409997, 303.7370056233, 321.3162335927, 324.38330597528, 346.86761181288, 357.26926485458, 437.0, 463.1548069196, 466.84709631779, 480.25716242499, 497.14031337499, 502.48836367393, 513.36784105113, 554.1066317303299, 577.9576454614299, 618.69260750883, 622.80835397818]
