Avion: 4      Iteracion: 24

Num Ruta: 22
Ingresos: 2424.718
Costos: 574.882179674
Utilidad Ruta: 1849.83582033
Costo Reducido: 56.9176002318
Nodos: [104, 17, 52, 30, 16, 51, 65, 1, 11, 46, 36, 3, 38, 35, 23, 70, 58, 34, 26, 61, 69, 8, 43, 6, 41, 33, 5, 40, 68, 714]
q: [0.0, 0.0, 0.0, 11.0, 0.0, 0.0, -11.0, 7.0, 6.0, -6.0, -7.0, 13.0, -13.0, 5.0, 10.0, -5.0, -10.0, 8.0, 7.0, -7.0, -8.0, 8.0, -8.0, 4.0, -4.0, 5.0, 9.0, -9.0, -5.0, 0.0]
Q: [0.0, 0.0, 0.0, 11.0, 11.0, 11.0, 0.0, 7.0, 13.0, 7.0, 0.0, 13.0, 0.0, 5.0, 15.0, 10.0, 0.0, 8.0, 15.0, 8.0, 0.0, 8.0, 0.0, 4.0, 0.0, 5.0, 14.0, 5.0, 0.0, 0.0]
B: [0.0, 24.0, 58.8425537813, 64.0, 72.20259129788, 81.82668273552001, 84.69783929691, 175.0, 193.6808285951, 197.73489544211, 232.05062478011, 256.0, 261.08428175852, 274.08526633661995, 284.54867080171994, 304.6755369264199, 328.4422404420199, 342.7011874578199, 358.6284144920199, 376.2076424614199, 401.1943964122199, 414.0, 434.768396616, 443.95906824543, 447.65135764362, 476.06861359842, 489.76678077511997, 490.8884696803, 519.9008442987, 536.0752612897]
