Avion: 4      Iteracion: 85

Num Ruta: 57
Ingresos: 822.374
Costos: 350.428377768
Utilidad Ruta: 471.945622232
Costo Reducido: 37.0904512141
Nodos: [104, 17, 52, 9, 44, 35, 70, 32, 67, 33, 8, 43, 13, 48, 68, 714]
q: [0.0, 0.0, 0.0, 11.0, -11.0, 8.0, -8.0, 11.0, -11.0, 5.0, 8.0, -8.0, 0.0, 0.0, -5.0, 0.0]
Q: [0.0, 0.0, 0.0, 11.0, 0.0, 8.0, 0.0, 11.0, 0.0, 5.0, 13.0, 5.0, 5.0, 5.0, 0.0, 0.0]
B: [0.0, 24.0, 58.8425537813, 81.72911018459999, 111.25634718709999, 270.0, 281.922738989, 309.0, 319.4016530417, 437.0, 450.76465480859997, 471.5330514246, 473.74372756550997, 490.62687851551, 495.97492881445, 512.14934580545]
