Avion: 3      Iteracion: 44

Num Ruta: 31
Ingresos: 443.542
Costos: 231.797675471
Utilidad Ruta: 211.744324529
Costo Reducido: 46.3526134381
Nodos: [103, 30, 65, 33, 68, 713]
q: [0, 11.0, -11.0, 5.0, -5.0, 0]
Q: [0, 11.0, 0.0, 5.0, 0.0, 0]
B: [0.0, 64.0, 82.7140226568, 437.0, 478.9526650524, 482.64754055775]
