Avion: 4      Iteracion: 34

Num Ruta: 29
Ingresos: 523.402
Costos: 334.853305567
Utilidad Ruta: 188.548694433
Costo Reducido: 40.982682844
Nodos: [104, 24, 9, 44, 59, 26, 61, 714]
q: [0.0, 4.0, 11.0, -11.0, -4.0, 10.0, -10.0, 0.0]
Q: [0.0, 4.0, 15.0, 4.0, 0.0, 10.0, 0.0, 0.0]
B: [0.0, 61.0, 67.43687703782, 96.96411404032, 122.01967745441999, 300.0, 317.5792279694, 337.1571804926]
