Avion: 1      Iteracion: 46

Num Ruta: 30
Ingresos: 1218.478
Costos: 344.199559649
Utilidad Ruta: 874.278440351
Costo Reducido: 15.3459034857
Nodos: [101, 22, 57, 8, 19, 54, 43, 5, 33, 40, 68, 711]
q: [0, 10.0, -10.0, 8.0, 7.0, -7.0, -8.0, 9.0, 5.0, -9.0, -5.0, 0]
Q: [0, 10.0, 0.0, 8.0, 15.0, 8.0, 0.0, 9.0, 14.0, 5.0, 0.0, 0]
B: [0.0, 299.0, 320.7546861389, 414.0, 437.1608815463, 463.7879978378, 466.71611702935996, 476.46892790622996, 490.16709508292996, 503.45727378752997, 532.46964840593, 549.66181560493]
