Avion: 7      Iteracion: 74

Num Ruta: 57
Ingresos: 2111.403
Costos: 546.656560976
Utilidad Ruta: 1564.74643902
Costo Reducido: 74.6233848303
Nodos: [107, 9, 44, 14, 49, 3, 38, 23, 35, 70, 32, 67, 34, 58, 28, 69, 8, 19, 63, 54, 43, 2, 27, 37, 4, 39, 62, 717]
q: [0.0, 11.0, -11.0, 8.0, -8.0, 13.0, -13.0, 0.0, 8.0, -8.0, 11.0, -11.0, 8.0, 0.0, 6.0, -8.0, 8.0, 1.0, -6.0, -1.0, -8.0, 10.0, 5.0, -10.0, 3.0, -3.0, -5.0, 0.0]
Q: [0.0, 11.0, 0.0, 8.0, 0.0, 13.0, 0.0, 0.0, 8.0, 0.0, 11.0, 0.0, 8.0, 8.0, 14.0, 6.0, 14.0, 15.0, 9.0, 8.0, 0.0, 10.0, 15.0, 5.0, 8.0, 5.0, 0.0, 0.0]
B: [0.0, 46.0648734938, 75.5921104963, 112.0, 124.021711775, 256.0, 261.08428175852, 267.0, 277.4634044651, 289.38614345409997, 309.0, 319.4016530417, 346.1750898215, 360.4340368373, 378.0, 412.6152135628, 415.26138853812, 438.42227008442, 450.95806335812, 483.78814049782, 486.71625968937997, 522.0, 547.7839683718, 572.749620336, 586.2003761512, 606.6261258314, 612.04138436632, 635.48637267942]
