Avion: 1      Iteracion: 22

Num Ruta: 16
Ingresos: 1831.705
Costos: 431.65934451
Utilidad Ruta: 1400.04565549
Costo Reducido: 167.087352123
Nodos: [101, 1, 36, 23, 35, 70, 34, 58, 69, 28, 63, 19, 54, 711]
q: [0.0, 7.0, -7.0, 7.0, 8.0, -8.0, 8.0, -7.0, -8.0, 6.0, -6.0, 7.0, -7.0, 0.0]
Q: [0.0, 7.0, 0.0, 7.0, 15.0, 7.0, 15.0, 8.0, 0.0, 6.0, 0.0, 7.0, 0.0, 0.0]
B: [0.0, 175.0, 209.2400855285, 267.0, 277.4634044651, 289.38614345409997, 322.0, 336.2589470158, 364.1120348159, 398.72724837870004, 434.75386716260005, 447.28966043630004, 473.9167767278, 478.6623036743]
