Avion: 6      Iteracion: 107

Num Ruta: 88
Ingresos: 1001.762
Costos: 216.879131199
Utilidad Ruta: 784.882868801
Costo Reducido: 12.2640121513
Nodos: [106, 34, 22, 57, 69, 19, 54, 13, 48, 6, 41, 5, 40, 716]
q: [0.0, 8.0, 7.0, -7.0, -8.0, 7.0, -7.0, 15.0, -15.0, 4.0, -4.0, 0.0, 0.0, 0.0]
Q: [0.0, 8.0, 15.0, 8.0, 0.0, 7.0, 0.0, 15.0, 0.0, 4.0, 0.0, 0.0, 0.0, 0.0]
B: [0.0, 322.0, 350.0636833826, 371.8183695215, 382.408619849, 402.9484361091, 429.5755524006, 433.80317170702, 450.68632265702, 474.90927128022, 478.60156067841, 496.99042089321, 498.11210979839, 504.83546387206]
