Avion: 1      Iteracion: 51

Num Ruta: 33
Ingresos: 813.78
Costos: 284.322191097
Utilidad Ruta: 529.457808903
Costo Reducido: 21.1203250294
Nodos: [101, 24, 59, 8, 19, 54, 43, 711]
q: [0, 11.0, -11.0, 8.0, 7.0, -7.0, -8.0, 0]
Q: [0, 11.0, 0.0, 8.0, 15.0, 8.0, 0.0, 0]
B: [0.0, 61.0, 99.5129503025, 414.0, 437.1608815463, 463.7879978378, 466.71611702935996, 472.42524831178997]
