Avion: 6      Iteracion: 109

Num Ruta: 90
Ingresos: 312.988
Costos: 135.713146094
Utilidad Ruta: 177.274853906
Costo Reducido: 6.07504382761
Nodos: [106, 6, 41, 5, 40, 33, 68, 716]
q: [0, 4.0, -4.0, 9.0, -9.0, 5.0, -5.0, 0]
Q: [0, 4.0, 0.0, 9.0, 0.0, 5.0, 0.0, 0]
B: [0.0, 436.0, 439.69228939819, 469.0, 470.12168890518, 483.41186760978, 525.3645326621801, 549.2569765932801]
