Avion: 4      Iteracion: 2

Num Ruta: 5
Ingresos: 2379.705
Costos: 700.979178324
Utilidad Ruta: 1678.72582168
Costo Reducido: 1149.06729359
Nodos: [104, 16, 51, 24, 9, 44, 59, 10, 45, 3, 38, 35, 70, 32, 67, 26, 61, 34, 69, 19, 33, 5, 40, 54, 6, 41, 68, 29, 4, 39, 64, 714]
q: [0.0, 9.0, -9.0, 11.0, 4.0, -4.0, -11.0, 12.0, -12.0, 13.0, -13.0, 8.0, -8.0, 11.0, -11.0, 10.0, -10.0, 8.0, -8.0, 7.0, 5.0, 3.0, -3.0, -7.0, 4.0, -4.0, -5.0, 9.0, 3.0, -3.0, -9.0, 0.0]
Q: [0.0, 9.0, 0.0, 11.0, 15.0, 11.0, 0.0, 12.0, 0.0, 13.0, 0.0, 8.0, 0.0, 11.0, 0.0, 10.0, 0.0, 8.0, 0.0, 7.0, 12.0, 15.0, 12.0, 5.0, 9.0, 5.0, 0.0, 9.0, 12.0, 9.0, 0.0, 0.0]
B: [0.0, 37.6306202048, 47.25471164244, 72.48091072194, 78.91778775976, 108.44502476226, 133.50058817636, 145.28651885666, 174.80602959106, 256.0, 261.08428175852, 274.08526633661995, 286.00800532561993, 309.0, 319.4016530417, 332.1221722921, 349.7014002615, 364.6146463535, 401.0547765673, 421.5945928274, 458.1881531898, 471.8863203665, 473.00800927168, 481.36394536526, 493.15496436276, 496.84725376094997, 527.9251145785499, 549.0, 569.7100026316, 590.1357523117999, 602.3548233485, 629.1252533973]
