Avion: 6      Iteracion: 12

Num Ruta: 15
Ingresos: 1832.781
Costos: 427.017906243
Utilidad Ruta: 1405.76309376
Costo Reducido: 195.160862493
Nodos: [106, 10, 45, 1, 11, 46, 36, 3, 38, 35, 70, 32, 67, 26, 34, 61, 69, 8, 33, 43, 13, 48, 68, 5, 40, 716]
q: [0.0, 12.0, -12.0, 7.0, 6.0, -6.0, -7.0, 13.0, -13.0, 8.0, -8.0, 11.0, -11.0, 7.0, 8.0, -7.0, -8.0, 8.0, 5.0, -8.0, 10.0, -10.0, -5.0, 9.0, -9.0, 0.0]
Q: [0.0, 12.0, 0.0, 7.0, 13.0, 7.0, 0.0, 13.0, 0.0, 8.0, 0.0, 11.0, 0.0, 7.0, 15.0, 8.0, 0.0, 8.0, 13.0, 5.0, 15.0, 5.0, 0.0, 9.0, 0.0, 0.0]
B: [0.0, 96.0, 125.5195107344, 175.0, 193.6808285951, 197.73489544211, 232.05062478011, 256.0, 261.08428175852, 274.08526633661995, 286.00800532561993, 309.0, 319.4016530417, 332.1221722921, 348.0493993263, 362.9626454183, 387.9493993691, 414.0, 437.0, 460.2743670161, 462.48504315700995, 479.36819410700997, 484.71624440594996, 513.68766199295, 514.80935089813, 521.5327049718]
