Avion: 6      Iteracion: 79

Num Ruta: 71
Ingresos: 532.754
Costos: 184.418377352
Utilidad Ruta: 348.335622648
Costo Reducido: 9.53010663169
Nodos: [106, 32, 67, 26, 34, 61, 69, 6, 41, 5, 40, 716]
q: [0.0, 11.0, -11.0, 7.0, 8.0, -7.0, -8.0, 4.0, -4.0, 0.0, 0.0, 0.0]
Q: [0.0, 11.0, 0.0, 7.0, 15.0, 8.0, 0.0, 4.0, 0.0, 0.0, 0.0, 0.0]
B: [0.0, 309.0, 319.4016530417, 332.1221722921, 348.0493993263, 362.9626454183, 387.9493993691, 436.0, 439.69228939819, 469.0, 470.12168890518, 476.84504297885]
