Avion: 6      Iteracion: 49

Num Ruta: 46
Ingresos: 1575.39
Costos: 311.725353411
Utilidad Ruta: 1263.66464659
Costo Reducido: 55.8170991398
Nodos: [106, 17, 52, 35, 70, 32, 67, 26, 34, 61, 69, 8, 33, 43, 13, 48, 68, 5, 40, 716]
q: [0.0, 5.0, -5.0, 8.0, -8.0, 11.0, -11.0, 7.0, 8.0, -7.0, -8.0, 8.0, 5.0, -8.0, 10.0, -10.0, -5.0, 9.0, -9.0, 0.0]
Q: [0.0, 5.0, 0.0, 8.0, 0.0, 11.0, 0.0, 7.0, 15.0, 8.0, 0.0, 8.0, 13.0, 5.0, 15.0, 5.0, 0.0, 9.0, 0.0, 0.0]
B: [0.0, 24.0, 58.8425537813, 270.0, 281.922738989, 309.0, 319.4016530417, 332.1221722921, 348.0493993263, 362.9626454183, 387.9493993691, 414.0, 437.0, 460.2743670161, 462.48504315700995, 479.36819410700997, 484.71624440594996, 513.68766199295, 514.80935089813, 521.5327049718]
