Avion: 7      Iteracion: 21

Num Ruta: 25
Ingresos: 684.294
Costos: 244.030013117
Utilidad Ruta: 440.263986883
Costo Reducido: 38.6626110887
Nodos: [107, 14, 49, 3, 38, 23, 35, 70, 18, 53, 58, 717]
q: [0.0, 8.0, -8.0, 0.0, 0.0, 5.0, 8.0, -8.0, 10.0, -10.0, -5.0, 0.0]
Q: [0.0, 8.0, 0.0, 0.0, 0.0, 5.0, 13.0, 5.0, 15.0, 5.0, 0.0, 0.0]
B: [0.0, 112.0, 124.021711775, 256.0, 261.08428175852, 267.0, 277.4634044651, 289.38614345409997, 309.80429657819997, 333.62253282689994, 343.54806439956997, 379.08371821377]
