Avion: 3      Iteracion: 47

Num Ruta: 33
Ingresos: 1022.403
Costos: 212.203296913
Utilidad Ruta: 810.199703087
Costo Reducido: 2.84599950949
Nodos: [103, 11, 46, 21, 56, 29, 64, 713]
q: [0, 6.0, -6.0, 12.0, -12.0, 9.0, -9.0, 0]
Q: [0, 6.0, 0.0, 12.0, 0.0, 9.0, 0.0, 0]
B: [0.0, 169.0, 173.05406684701, 477.0, 517.7387906792, 556.1920871568999, 589.9718669370999, 616.3227865604999]
