Avion: 5      Iteracion: 21

Num Ruta: 24
Ingresos: 572.094
Costos: 383.998856135
Utilidad Ruta: 188.095143865
Costo Reducido: 45.4354850371
Nodos: [105, 10, 45, 35, 70, 32, 67, 34, 69, 715]
q: [0, 12.0, -12.0, 8.0, -8.0, 11.0, -11.0, 8.0, -8.0, 0]
Q: [0, 12.0, 0.0, 8.0, 0.0, 11.0, 0.0, 8.0, 0.0, 0]
B: [0.0, 96.0, 125.5195107344, 270.0, 281.922738989, 309.0, 319.4016530417, 346.1750898215, 382.6152200353, 401.14959828220003]
