Avion: 4      Iteracion: 40

Num Ruta: 33
Ingresos: 517.706
Costos: 317.556445821
Utilidad Ruta: 200.149554179
Costo Reducido: 22.6833124157
Nodos: [104, 34, 69, 33, 68, 714]
q: [0, 8.0, -8.0, 5.0, -5.0, 0]
Q: [0, 8.0, 0.0, 5.0, 0.0, 0]
B: [0.0, 322.0, 358.4401302138, 437.0, 478.9526650524, 495.1270820434]
