Avion: 6      Iteracion: 50

Num Ruta: 47
Ingresos: 42.938
Costos: 43.3012124796
Utilidad Ruta: -0.36321247964
Costo Reducido: 42.9809519416
Nodos: [106, 6, 41, 5, 40, 716]
q: [0, 4.0, -4.0, 9.0, -9.0, 0]
Q: [0, 4.0, 0.0, 9.0, 0.0, 0]
B: [0.0, 436.0, 439.69228939819, 469.0, 470.12168890518, 476.84504297885]
