Avion: 6      Iteracion: 13

Num Ruta: 16
Ingresos: 820.616
Costos: 247.445942511
Utilidad Ruta: 573.170057489
Costo Reducido: 147.224711255
Nodos: [106, 10, 45, 26, 61, 13, 33, 68, 48, 5, 40, 716]
q: [0.0, 12.0, -12.0, 10.0, -10.0, 10.0, 5.0, -5.0, -10.0, 9.0, -9.0, 0.0]
Q: [0.0, 12.0, 0.0, 10.0, 0.0, 10.0, 15.0, 10.0, 0.0, 9.0, 0.0, 0.0]
B: [0.0, 96.0, 125.5195107344, 300.0, 317.5792279694, 423.0, 448.372931896, 490.3255969484, 495.67364724734, 522.93793034814, 524.05961925332, 530.7829733269899]
