Avion: 5      Iteracion: 54

Num Ruta: 36
Ingresos: 1106.661
Costos: 420.882386518
Utilidad Ruta: 685.778613482
Costo Reducido: 8.10705217091
Nodos: [105, 24, 59, 1, 36, 35, 70, 32, 67, 26, 61, 13, 48, 715]
q: [0, 11.0, -11.0, 7.0, -7.0, 8.0, -8.0, 11.0, -11.0, 10.0, -10.0, 15.0, -15.0, 0]
Q: [0, 11.0, 0.0, 7.0, 0.0, 8.0, 0.0, 11.0, 0.0, 10.0, 0.0, 15.0, 0.0, 0]
B: [0.0, 61.0, 99.5129503025, 175.0, 209.2400855285, 270.0, 281.922738989, 309.0, 319.4016530417, 332.1221722921, 349.7014002615, 423.0, 439.88315095, 485.97208133460003]
