Avion: 7      Iteracion: 24

Num Ruta: 27
Ingresos: 2901.402
Costos: 541.331593098
Utilidad Ruta: 2360.0704069
Costo Reducido: 118.594077811
Nodos: [107, 30, 65, 14, 49, 3, 38, 23, 35, 70, 26, 58, 61, 18, 53, 28, 31, 66, 63, 25, 60, 21, 56, 27, 4, 62, 39, 717]
q: [0.0, 11.0, -11.0, 0.0, 0.0, 13.0, -13.0, 7.0, 8.0, -8.0, 8.0, -7.0, -8.0, 10.0, -10.0, 6.0, 9.0, -9.0, -6.0, 10.0, -10.0, 12.0, -12.0, 6.0, 3.0, -6.0, -3.0, 0.0]
Q: [0.0, 11.0, 0.0, 0.0, 0.0, 13.0, 0.0, 7.0, 15.0, 7.0, 15.0, 8.0, 0.0, 10.0, 0.0, 6.0, 15.0, 6.0, 0.0, 10.0, 0.0, 12.0, 0.0, 6.0, 9.0, 3.0, 0.0, 0.0]
B: [0.0, 64.0, 82.7140226568, 112.0, 124.021711775, 256.0, 261.08428175852, 267.0, 277.4634044651, 289.38614345409997, 303.7370056233, 323.4233783974, 326.49045077998, 349.76912153238, 373.58735778107996, 382.72086055931, 406.0, 434.325479078, 462.7399107809, 466.07328939726, 483.25827170736, 491.42698519236, 532.16577587156, 545.34322406916, 562.95799860646, 579.04519926416, 584.46045779908, 613.20792551368]
