Avion: 1      Iteracion: 73

Num Ruta: 45
Ingresos: 1821.92
Costos: 422.587932584
Utilidad Ruta: 1399.33206742
Costo Reducido: 20.2407467214
Nodos: [101, 10, 45, 1, 36, 8, 19, 54, 43, 5, 33, 40, 68, 29, 27, 64, 62, 711]
q: [0, 12.0, -12.0, 7.0, -7.0, 8.0, 7.0, -7.0, -8.0, 9.0, 5.0, -9.0, -5.0, 9.0, 6.0, -9.0, -6.0, 0]
Q: [0, 12.0, 0.0, 7.0, 0.0, 8.0, 15.0, 8.0, 0.0, 9.0, 14.0, 5.0, 0.0, 9.0, 15.0, 6.0, 0.0, 0]
B: [0.0, 96.0, 125.5195107344, 175.0, 209.2400855285, 414.0, 437.1608815463, 463.7879978378, 466.71611702935996, 476.46892790622996, 490.16709508292996, 503.45727378752997, 532.46964840593, 549.0, 574.6018082369, 582.8182362320799, 598.26561380888, 612.38300496308]
