Avion: 1      Iteracion: 91

Num Ruta: 57
Ingresos: 2524.524
Costos: 349.230473524
Utilidad Ruta: 2175.29352648
Costo Reducido: 51.6472177055
Nodos: [101, 30, 65, 24, 59, 1, 36, 3, 38, 23, 35, 70, 34, 58, 22, 57, 69, 8, 19, 54, 43, 711]
q: [0.0, 11.0, -11.0, 11.0, -11.0, 7.0, -7.0, 13.0, -13.0, 7.0, 8.0, -8.0, 5.0, -7.0, 10.0, -10.0, -5.0, 8.0, 7.0, -7.0, -8.0, 0.0]
Q: [0.0, 11.0, 0.0, 11.0, 0.0, 7.0, 0.0, 13.0, 0.0, 7.0, 15.0, 7.0, 12.0, 5.0, 15.0, 5.0, 0.0, 8.0, 15.0, 8.0, 0.0, 0.0]
B: [0.0, 64.0, 82.7140226568, 107.4479935471, 145.9609438496, 175.0, 209.2400855285, 256.0, 261.08428175852, 267.0, 277.4634044651, 289.38614345409997, 322.0, 336.2589470158, 352.0153710073, 373.77005714620003, 384.3603074737, 414.0, 437.1608815463, 463.7879978378, 466.71611702935996, 472.42524831178997]
