Avion: 2      Iteracion: 36

Num Ruta: 32
Ingresos: 1236.018
Costos: 540.404717006
Utilidad Ruta: 695.613282994
Costo Reducido: 42.8920605645
Nodos: [102, 9, 44, 30, 16, 51, 65, 26, 61, 34, 28, 69, 13, 48, 63, 712]
q: [0.0, 11.0, -11.0, 11.0, 0.0, 0.0, -11.0, 10.0, -10.0, 8.0, 6.0, -8.0, 9.0, -9.0, -6.0, 0.0]
Q: [0.0, 11.0, 0.0, 11.0, 11.0, 11.0, 0.0, 10.0, 0.0, 8.0, 14.0, 6.0, 15.0, 6.0, 0.0, 0.0]
B: [0.0, 29.8362865317, 59.3635235342, 75.1514238696, 83.35401516748, 92.97810660512, 95.84926316651, 300.0, 317.5792279694, 332.4924740614, 378.0, 412.6152135628, 433.96172899270005, 450.84487994270006, 473.8833099673001, 481.9162517696501]
