Avion: 1      Iteracion: 20

Num Ruta: 14
Ingresos: 1360.084
Costos: 383.021685113
Utilidad Ruta: 977.062314887
Costo Reducido: 127.680502219
Nodos: [101, 30, 65, 24, 59, 8, 19, 54, 43, 5, 33, 40, 68, 27, 62, 711]
q: [0, 11.0, -11.0, 11.0, -11.0, 8.0, 7.0, -7.0, -8.0, 9.0, 5.0, -9.0, -5.0, 6.0, -6.0, 0]
Q: [0, 11.0, 0.0, 11.0, 0.0, 8.0, 15.0, 8.0, 0.0, 9.0, 14.0, 5.0, 0.0, 6.0, 0.0, 0]
B: [0.0, 64.0, 82.7140226568, 107.4479935471, 145.9609438496, 414.0, 437.1608815463, 463.7879978378, 466.71611702935996, 476.46892790622996, 490.16709508292996, 503.45727378752997, 532.46964840593, 554.35048004003, 571.38134240813, 585.49873356233]
