Avion: 4      Iteracion: 35

Num Ruta: 30
Ingresos: 668.24
Costos: 250.73559514
Utilidad Ruta: 417.50440486
Costo Reducido: 31.4862017607
Nodos: [104, 17, 52, 26, 61, 714]
q: [0, 5.0, -5.0, 10.0, -10.0, 0]
Q: [0, 5.0, 0.0, 10.0, 0.0, 0]
B: [0.0, 24.0, 58.8425537813, 300.0, 317.5792279694, 337.1571804926]
