Avion: 1      Iteracion: 45

Num Ruta: 29
Ingresos: 549.668
Costos: 336.340023795
Utilidad Ruta: 213.327976205
Costo Reducido: 40.5235959252
Nodos: [101, 30, 65, 34, 69, 13, 48, 711]
q: [0, 11.0, -11.0, 8.0, -8.0, 15.0, -15.0, 0]
Q: [0, 11.0, 0.0, 8.0, 0.0, 15.0, 0.0, 0]
B: [0.0, 64.0, 82.7140226568, 322.0, 358.4401302138, 423.0, 439.88315095, 455.1345530167]
