Avion: 6      Iteracion: 45

Num Ruta: 43
Ingresos: 503.594
Costos: 155.717906894
Utilidad Ruta: 347.876093106
Costo Reducido: 54.3756142115
Nodos: [106, 34, 22, 57, 69, 5, 40, 716]
q: [0.0, 8.0, 7.0, -7.0, -8.0, 9.0, -9.0, 0.0]
Q: [0.0, 8.0, 15.0, 8.0, 0.0, 9.0, 0.0, 0.0]
B: [0.0, 322.0, 350.0636833826, 371.8183695215, 382.408619849, 469.0, 470.12168890518, 476.84504297885]
