Avion: 7      Iteracion: 15

Num Ruta: 19
Ingresos: 1993.664
Costos: 434.692149613
Utilidad Ruta: 1558.97185039
Costo Reducido: 158.557571711
Nodos: [107, 14, 49, 3, 38, 23, 35, 70, 58, 34, 28, 69, 19, 63, 25, 60, 54, 6, 41, 27, 62, 2, 37, 717]
q: [0.0, 8.0, -8.0, 13.0, -13.0, 0.0, 8.0, -8.0, 0.0, 8.0, 6.0, -8.0, 7.0, -6.0, 8.0, -8.0, -7.0, 4.0, -4.0, 6.0, -6.0, 10.0, -10.0, 0.0]
Q: [0.0, 8.0, 0.0, 13.0, 0.0, 0.0, 8.0, 0.0, 0.0, 8.0, 14.0, 6.0, 13.0, 7.0, 15.0, 7.0, 0.0, 4.0, 0.0, 6.0, 0.0, 10.0, 0.0, 0.0]
B: [0.0, 112.0, 124.021711775, 256.0, 261.08428175852, 267.0, 277.4634044651, 289.38614345409997, 313.15284696969997, 327.41179398549997, 378.0, 412.6152135628, 433.1550298229, 445.6908230966, 449.02420171296, 466.20918402306, 482.99604045896, 494.78705945646, 498.47934885464997, 538.0, 555.0308623681, 566.4829354555, 607.2178975029, 634.5780317496]
