Avion: 3      Iteracion: 2

Num Ruta: 5
Ingresos: 2036.723
Costos: 530.613284476
Utilidad Ruta: 1506.10971552
Costo Reducido: 1531.32934805
Nodos: [103, 16, 51, 24, 65, 30, 59, 14, 49, 3, 38, 22, 57, 26, 61, 28, 63, 25, 19, 54, 60, 713]
q: [0.0, 9.0, -9.0, 11.0, -11.0, 11.0, -11.0, 8.0, -8.0, 13.0, -13.0, 10.0, -10.0, 10.0, -10.0, 6.0, -6.0, 8.0, 7.0, -7.0, -8.0, 0.0]
Q: [0.0, 9.0, 0.0, 11.0, 0.0, 11.0, 0.0, 8.0, 0.0, 13.0, 0.0, 10.0, 0.0, 10.0, 0.0, 6.0, 0.0, 8.0, 15.0, 8.0, 0.0, 0.0]
B: [0.0, 36.0, 45.624091437640004, 70.85029051714, 95.58426140744, 114.29828406424, 134.56640546213998, 163.21277476083998, 175.23448653583998, 256.0, 261.08428175852, 299.0, 320.7546861389, 357.0876895518, 374.6669175212, 385.0748345558, 421.1014533397, 424.43483195606, 433.82683919626, 460.45395548775997, 477.24081192366, 483.69698517102995]
