Avion: 5      Iteracion: 94

Num Ruta: 53
Ingresos: 2240.465
Costos: 605.332571786
Utilidad Ruta: 1635.13242821
Costo Reducido: 58.3165560892
Nodos: [105, 9, 44, 30, 16, 65, 51, 35, 70, 22, 57, 18, 53, 31, 66, 33, 6, 41, 68, 4, 39, 2, 37, 715]
q: [0.0, 11.0, -11.0, 6.0, 9.0, -6.0, -9.0, 8.0, -8.0, 10.0, -10.0, 10.0, -10.0, 9.0, -9.0, 5.0, 4.0, -4.0, -5.0, 3.0, -3.0, 10.0, -10.0, 0.0]
Q: [0.0, 11.0, 0.0, 6.0, 15.0, 9.0, 0.0, 8.0, 0.0, 10.0, 0.0, 10.0, 0.0, 9.0, 0.0, 5.0, 9.0, 5.0, 0.0, 3.0, 0.0, 10.0, 0.0, 0.0]
B: [0.0, 31.4915482312, 61.0187852337, 76.8066855691, 85.00927686698, 95.82594862868001, 98.69710519007, 270.0, 281.922738989, 299.64604976889996, 321.40073590779997, 334.8011725052, 358.61940875389996, 406.0, 434.325479078, 456.7236405204, 482.87844744, 486.57073683819, 517.64859765579, 534.96613168929, 555.39188136949, 564.84634788009, 605.58130992749, 641.58585304359]
