Avion: 6      Iteracion: 42

Num Ruta: 42
Ingresos: 1736.636
Costos: 351.642655225
Utilidad Ruta: 1384.99334478
Costo Reducido: 17.0038771539
Nodos: [106, 3, 38, 23, 58, 28, 63, 19, 33, 54, 68, 716]
q: [0, 13.0, -13.0, 10.0, -10.0, 6.0, -6.0, 7.0, 5.0, -7.0, -5.0, 0]
Q: [0, 13.0, 0.0, 10.0, 0.0, 6.0, 0.0, 7.0, 12.0, 5.0, 0.0, 0]
B: [0.0, 256.0, 261.08428175852, 267.0, 306.733842905, 378.0, 414.0266187839, 426.5624120576, 463.15597242, 484.7043661884, 506.6098110138, 530.5022549449001]
