Avion: 7      Iteracion: 23

Num Ruta: 26
Ingresos: 1549.305
Costos: 305.789584626
Utilidad Ruta: 1243.51541537
Costo Reducido: 173.362937147
Nodos: [107, 14, 49, 3, 38, 23, 35, 70, 26, 34, 61, 58, 22, 57, 69, 19, 25, 60, 31, 54, 66, 717]
q: [0.0, 8.0, -8.0, 0.0, 0.0, 0.0, 8.0, -8.0, 7.0, 8.0, -7.0, 0.0, 7.0, -7.0, -8.0, 6.0, 9.0, -9.0, 9.0, -6.0, -9.0, 0.0]
Q: [0.0, 8.0, 0.0, 0.0, 0.0, 0.0, 8.0, 0.0, 7.0, 15.0, 8.0, 8.0, 15.0, 8.0, 0.0, 6.0, 15.0, 6.0, 15.0, 9.0, 0.0, 0.0]
B: [0.0, 112.0, 124.021711775, 256.0, 261.08428175852, 267.0, 277.4634044651, 289.38614345409997, 303.7370056233, 322.0, 336.913246092, 339.98031847458003, 355.73674246608005, 377.49142860498006, 388.08167893248003, 408.62149519258, 418.01350243278, 435.19848474288, 440.02013134959, 457.12617078018997, 479.54433506719, 483.17905706480997]
