Avion: 2      Iteracion: 55

Num Ruta: 46
Ingresos: 2184.953
Costos: 520.165364348
Utilidad Ruta: 1664.78763565
Costo Reducido: 55.4220853831
Nodos: [102, 16, 51, 24, 59, 10, 45, 32, 67, 26, 61, 19, 33, 54, 13, 48, 68, 20, 4, 39, 55, 2, 37, 712]
q: [0.0, 0.0, 0.0, 11.0, -11.0, 12.0, -12.0, 11.0, -11.0, 10.0, -10.0, 7.0, 5.0, -7.0, 10.0, -10.0, -5.0, 0.0, 3.0, -3.0, 0.0, 10.0, -10.0, 0.0]
Q: [0.0, 0.0, 0.0, 11.0, 0.0, 12.0, 0.0, 11.0, 0.0, 10.0, 0.0, 7.0, 12.0, 5.0, 15.0, 5.0, 0.0, 0.0, 3.0, 0.0, 0.0, 10.0, 0.0, 0.0]
B: [0.0, 36.0, 45.624091437640004, 70.85029051714, 109.36324081964, 121.14917149994, 150.66868223434, 309.0, 319.4016530417, 332.1221722921, 349.7014002615, 402.0, 438.5935603624, 460.1419541308, 464.36957343722, 481.25272438722004, 486.60077468616004, 497.19155714076004, 529.0, 549.4257496801999, 561.2869729308, 568.6172701962599, 609.35223224366, 613.46797871301]
