Avion: 7      Iteracion: 2

Num Ruta: 6
Ingresos: 620.96
Costos: 247.707203832
Utilidad Ruta: 373.252796168
Costo Reducido: 193.197497507
Nodos: [107, 26, 61, 22, 57, 717]
q: [0, 10.0, -10.0, 10.0, -10.0, 0]
Q: [0, 10.0, 0.0, 10.0, 0.0, 0]
B: [0.0, 300.0, 317.5792279694, 331.2134086195, 352.9680947584, 354.93488351167]
