Avion: 1      Iteracion: 24

Num Ruta: 18
Ingresos: 912.961
Costos: 315.560474538
Utilidad Ruta: 597.400525462
Costo Reducido: 34.6797717632
Nodos: [101, 30, 65, 2, 4, 37, 39, 711]
q: [0, 11.0, -11.0, 10.0, 3.0, -10.0, -3.0, 0]
Q: [0, 11.0, 0.0, 10.0, 13.0, 3.0, 0.0, 0]
B: [0.0, 64.0, 82.7140226568, 522.0, 549.3715326023, 562.8222884175, 596.0154991992, 612.8245312951]
