Avion: 1      Iteracion: 4

Num Ruta: 4
Ingresos: 3187.325
Costos: 687.490713065
Utilidad Ruta: 2499.83428694
Costo Reducido: 2173.93315526
Nodos: [101, 16, 51, 14, 49, 1, 36, 3, 38, 23, 35, 70, 26, 58, 61, 18, 53, 31, 66, 8, 33, 43, 5, 40, 68, 4, 2, 39, 37, 711]
q: [0.0, 9.0, -9.0, 8.0, -8.0, 7.0, -7.0, 13.0, -13.0, 10.0, 5.0, -5.0, 5.0, -10.0, -5.0, 10.0, -10.0, 9.0, -9.0, 8.0, 5.0, -8.0, 9.0, -9.0, -5.0, 3.0, 10.0, -3.0, -10.0, 0.0]
Q: [0.0, 9.0, 0.0, 8.0, 0.0, 7.0, 0.0, 13.0, 0.0, 10.0, 15.0, 10.0, 15.0, 5.0, 0.0, 10.0, 0.0, 9.0, 0.0, 8.0, 13.0, 5.0, 14.0, 5.0, 0.0, 3.0, 13.0, 10.0, 0.0, 0.0]
B: [0.0, 36.0, 45.624091437640004, 112.0, 124.021711775, 175.0, 209.2400855285, 256.0, 261.08428175852, 267.0, 277.4634044651, 289.38614345409997, 303.7370056233, 323.4233783974, 326.49045077998, 349.76912153238, 373.58735778107996, 406.0, 434.325479078, 443.10832519984, 456.87298000844, 480.14734702453995, 489.90015790140995, 491.02184680658996, 520.0342214249899, 537.35175545849, 564.72328806079, 574.17775457139, 607.37096535309, 624.32063254749]
