Avion: 2      Iteracion: 66

Num Ruta: 55
Ingresos: 1525.18
Costos: 474.399891155
Utilidad Ruta: 1050.78010885
Costo Reducido: 7.97060798016
Nodos: [102, 30, 16, 51, 65, 10, 45, 35, 70, 32, 67, 26, 61, 13, 48, 31, 66, 20, 4, 39, 55, 2, 37, 712]
q: [0.0, 11.0, 4.0, -4.0, -11.0, 12.0, -12.0, 8.0, -8.0, 11.0, -11.0, 0.0, 0.0, 0.0, 0.0, 9.0, -9.0, 0.0, 3.0, -3.0, 0.0, 10.0, -10.0, 0.0]
Q: [0.0, 11.0, 15.0, 11.0, 0.0, 12.0, 0.0, 8.0, 0.0, 11.0, 0.0, 0.0, 0.0, 0.0, 0.0, 9.0, 0.0, 0.0, 3.0, 0.0, 0.0, 10.0, 0.0, 0.0]
B: [0.0, 64.0, 72.20259129788, 81.82668273552001, 84.69783929691, 103.39088958301001, 132.91040031741, 270.0, 281.922738989, 309.0, 319.4016530417, 332.1221722921, 349.7014002615, 423.0, 439.88315095, 444.3406643824, 472.6661434604, 496.0, 529.0, 549.4257496801999, 561.2869729308, 568.6172701962599, 609.35223224366, 613.46797871301]
