Avion: 5      Iteracion: 72

Num Ruta: 46
Ingresos: 337.577
Costos: 305.36494273
Utilidad Ruta: 32.2120572703
Costo Reducido: 0.317805546976
Nodos: [105, 16, 51, 33, 68, 715]
q: [0, 9.0, -9.0, 5.0, -5.0, 0]
Q: [0, 9.0, 0.0, 5.0, 0.0, 0]
B: [0.0, 36.0, 45.624091437640004, 437.0, 478.9526650524, 522.7129914909]
