Avion: 5      Iteracion: 93

Num Ruta: 52
Ingresos: 2649.395
Costos: 546.404291859
Utilidad Ruta: 2102.99070814
Costo Reducido: 8.75236382488
Nodos: [105, 30, 16, 65, 51, 35, 70, 22, 57, 18, 53, 28, 63, 33, 68, 21, 27, 56, 2, 62, 37, 715]
q: [0.0, 6.0, 9.0, -6.0, -9.0, 8.0, -8.0, 10.0, -10.0, 10.0, -10.0, 6.0, -6.0, 5.0, -5.0, 12.0, 3.0, -12.0, 10.0, -3.0, -10.0, 0.0]
Q: [0.0, 6.0, 15.0, 9.0, 0.0, 8.0, 0.0, 10.0, 0.0, 10.0, 0.0, 6.0, 0.0, 5.0, 0.0, 12.0, 15.0, 3.0, 13.0, 10.0, 0.0, 0.0]
B: [0.0, 64.0, 72.20259129788, 83.01926305958, 85.89041962097, 270.0, 281.922738989, 299.64604976889996, 321.40073590779997, 334.8011725052, 358.61940875389996, 378.0, 414.0266187839, 461.3515185831, 503.3041836355, 514.1836610127, 541.8489230754, 555.026371273, 578.8773850041, 590.3294580915, 619.6699884377999, 655.6745315538999]
