Avion: 6      Iteracion: 27

Num Ruta: 25
Ingresos: 635.818
Costos: 160.959091811
Utilidad Ruta: 474.858908189
Costo Reducido: 1.66669948776
Nodos: [106, 6, 41, 2, 37, 716]
q: [0, 4.0, -4.0, 10.0, -10.0, 0]
Q: [0, 4.0, 0.0, 10.0, 0.0, 0]
B: [0.0, 436.0, 439.69228939819, 522.0, 562.7349620474, 583.160599516]
