Avion: 4      Iteracion: 54

Num Ruta: 51
Ingresos: 1969.804
Costos: 473.089153344
Utilidad Ruta: 1496.71484666
Costo Reducido: 40.1720825081
Nodos: [104, 17, 52, 16, 51, 32, 67, 34, 69, 25, 60, 31, 33, 66, 68, 29, 4, 39, 64, 714]
q: [0, 5.0, -5.0, 9.0, -9.0, 11.0, -11.0, 8.0, -8.0, 10.0, -10.0, 9.0, 5.0, -9.0, -5.0, 9.0, 3.0, -3.0, -9.0, 0]
Q: [0, 5.0, 0.0, 9.0, 0.0, 11.0, 0.0, 8.0, 0.0, 10.0, 0.0, 9.0, 14.0, 5.0, 0.0, 9.0, 12.0, 9.0, 0.0, 0]
B: [0.0, 24.0, 58.8425537813, 64.17419311644, 73.79828455408, 309.0, 319.4016530417, 346.1750898215, 382.6152200353, 411.9340544596, 429.1190367697, 433.94068337641, 471.44195366161, 493.84011510401, 524.79190595691, 549.0, 569.7100026316, 590.1357523117999, 602.3548233485, 629.1252533973]
