Avion: 7      Iteracion: 11

Num Ruta: 14
Ingresos: 2467.904
Costos: 598.383163579
Utilidad Ruta: 1869.52083642
Costo Reducido: 342.888697768
Nodos: [107, 9, 44, 30, 65, 14, 49, 3, 38, 23, 18, 53, 58, 26, 61, 28, 63, 25, 19, 60, 54, 5, 33, 40, 68, 29, 4, 64, 39, 717]
q: [0.0, 11.0, -11.0, 11.0, -11.0, 8.0, -8.0, 13.0, -13.0, 0.0, 10.0, -10.0, 0.0, 10.0, -10.0, 6.0, -6.0, 8.0, 7.0, -8.0, -7.0, 9.0, 5.0, -9.0, -5.0, 9.0, 3.0, -9.0, -3.0, 0.0]
Q: [0.0, 11.0, 0.0, 11.0, 0.0, 8.0, 0.0, 13.0, 0.0, 0.0, 10.0, 0.0, 0.0, 10.0, 0.0, 6.0, 0.0, 8.0, 15.0, 7.0, 0.0, 9.0, 14.0, 5.0, 0.0, 9.0, 12.0, 3.0, 0.0, 0.0]
B: [0.0, 46.0648734938, 75.5921104963, 91.38001083169999, 110.09403348849999, 137.8899741454, 149.9116859204, 256.0, 261.08428175852, 267.0, 293.0, 316.8182362487, 326.74376782137, 346.43014059547, 364.00936856487, 378.0, 414.0266187839, 417.35999740026, 426.75200464046, 443.42489632125995, 460.21175275715996, 469.0, 482.6981671767, 495.9883458813, 525.0007204997, 549.0, 569.7100026316, 592.5834067727, 604.8024778094, 633.549945524]
