Avion: 5      Iteracion: 54

Num Ruta: 44
Ingresos: 1416.433
Costos: 314.110990133
Utilidad Ruta: 1102.32200987
Costo Reducido: 89.0891328063
Nodos: [105, 18, 53, 28, 63, 25, 60, 4, 2, 39, 37, 715]
q: [0, 10.0, -10.0, 6.0, -6.0, 10.0, -10.0, 3.0, 10.0, -3.0, -10.0, 0]
Q: [0, 10.0, 0.0, 6.0, 0.0, 10.0, 0.0, 3.0, 13.0, 10.0, 0.0, 0]
B: [0.0, 293.0, 316.8182362487, 378.0, 414.0266187839, 417.35999740026, 434.54497971036, 529.0, 556.3715326023, 565.8259991129, 599.0192098946001, 635.0237530107]
