Avion: 6      Iteracion: 16

Num Ruta: 17
Ingresos: 193.596
Costos: 175.795581916
Utilidad Ruta: 17.8004180835
Costo Reducido: 45.2499239954
Nodos: [106, 10, 45, 716]
q: [0, 12.0, -12.0, 0]
Q: [0, 12.0, 0.0, 0]
B: [0.0, 96.0, 125.5195107344, 158.36342490430002]
