Avion: 7      Iteracion: 40

Num Ruta: 40
Ingresos: 1336.443
Costos: 248.379426348
Utilidad Ruta: 1088.06357365
Costo Reducido: 62.6630554256
Nodos: [107, 14, 49, 3, 38, 23, 35, 70, 26, 58, 61, 13, 48, 31, 66, 717]
q: [0.0, 8.0, -8.0, 13.0, -13.0, 7.0, 8.0, -8.0, 8.0, -7.0, -8.0, 15.0, -15.0, 9.0, -9.0, 0.0]
Q: [0.0, 8.0, 0.0, 13.0, 0.0, 7.0, 15.0, 7.0, 15.0, 8.0, 0.0, 15.0, 0.0, 9.0, 0.0, 0.0]
B: [0.0, 112.0, 124.021711775, 256.0, 261.08428175852, 267.0, 277.4634044651, 289.38614345409997, 303.7370056233, 323.4233783974, 326.49045077998, 423.0, 439.88315095, 444.3406643824, 472.6661434604, 476.30086545802]
