Avion: 4      Iteracion: 15

Num Ruta: 15
Ingresos: 2363.904
Costos: 521.225029644
Utilidad Ruta: 1842.67897036
Costo Reducido: 286.186602928
Nodos: [104, 17, 52, 9, 44, 1, 36, 18, 53, 32, 67, 33, 5, 40, 68, 2, 37, 29, 64, 714]
q: [0, 5.0, -5.0, 11.0, -11.0, 7.0, -7.0, 10.0, -10.0, 11.0, -11.0, 5.0, 9.0, -9.0, -5.0, 10.0, -10.0, 9.0, -9.0, 0]
Q: [0, 5.0, 0.0, 11.0, 0.0, 7.0, 0.0, 10.0, 0.0, 11.0, 0.0, 5.0, 14.0, 5.0, 0.0, 10.0, 0.0, 9.0, 0.0, 0]
B: [0.0, 24.0, 58.8425537813, 81.72911018459999, 111.25634718709999, 175.0, 209.2400855285, 293.0, 316.8182362487, 348.1029144475, 358.5045674892, 437.0, 469.0, 470.12168890518, 499.13406352358, 541.68048168068, 582.41544372808, 592.22018426519, 625.99996404539, 652.77039409419]
