Avion: 7      Iteracion: 71

Num Ruta: 62
Ingresos: 2943.525
Costos: 553.252290726
Utilidad Ruta: 2390.27270927
Costo Reducido: 107.473514022
Nodos: [107, 16, 51, 9, 44, 14, 49, 3, 38, 23, 22, 57, 18, 58, 53, 28, 31, 63, 19, 66, 54, 13, 48, 4, 2, 39, 37, 717]
q: [0.0, 9.0, -9.0, 11.0, -11.0, 0.0, 0.0, 13.0, -13.0, 5.0, 10.0, -10.0, 10.0, -5.0, -10.0, 6.0, 9.0, -6.0, 6.0, -9.0, -6.0, 15.0, -15.0, 3.0, 10.0, -3.0, -10.0, 0.0]
Q: [0.0, 9.0, 0.0, 11.0, 0.0, 0.0, 0.0, 13.0, 0.0, 5.0, 15.0, 5.0, 15.0, 10.0, 0.0, 6.0, 15.0, 9.0, 15.0, 6.0, 0.0, 15.0, 0.0, 3.0, 13.0, 10.0, 0.0, 0.0]
B: [0.0, 40.0989101099, 49.723001547539994, 79.77985770384, 109.30709470634, 119.56390142184, 131.58561319684, 256.0, 261.08428175852, 267.0, 299.0, 320.7546861389, 334.15512273630003, 359.594434146, 369.51996571867005, 378.6534684969001, 406.0, 426.4968799577, 439.0326732314, 455.1338900798, 477.5520543668, 481.77967367322003, 498.66282462322005, 529.0, 556.3715326023, 565.8259991129, 599.0192098946001, 626.3793441413001]
