Avion: 6      Iteracion: 78

Num Ruta: 57
Ingresos: 1299.887
Costos: 336.329842969
Utilidad Ruta: 963.557157031
Costo Reducido: 14.0989851403
Nodos: [106, 1, 11, 46, 36, 35, 70, 18, 53, 22, 57, 33, 6, 41, 5, 40, 68, 716]
q: [0, 7.0, 6.0, -6.0, -7.0, 8.0, -8.0, 10.0, -10.0, 10.0, -10.0, 5.0, 4.0, -4.0, 9.0, -9.0, -5.0, 0]
Q: [0, 7.0, 13.0, 7.0, 0.0, 8.0, 0.0, 10.0, 0.0, 10.0, 0.0, 5.0, 9.0, 5.0, 14.0, 5.0, 0.0, 0]
B: [0.0, 175.0, 193.6808285951, 197.73489544211, 232.05062478011, 270.0, 281.922738989, 302.3408921131, 326.15912836179996, 341.64197577429996, 363.3966619132, 437.0, 463.1548069196, 466.84709631779, 485.23595653258997, 486.35764543777, 515.37002005617, 539.26246398727]
