Avion: 4      Iteracion: 0

Num Ruta: 1
Ingresos: 637.593
Costos: 311.329161507
Utilidad Ruta: 326.263838493
Costo Reducido: -
Nodos: [104, 10, 45, 13, 48, 29, 64, 714]
q: [0, 12.0, -12.0, 15.0, -15.0, 9.0, -9.0, 0]
Q: [0, 12.0, 0.0, 15.0, 0.0, 9.0, 0.0, 0]
B: [0.0, 96.0, 125.5195107344, 423.0, 439.88315095, 549.0, 582.7797797802, 609.550209829]
