Avion: 6      Iteracion: 43

Num Ruta: 37
Ingresos: 612.752
Costos: 253.554689207
Utilidad Ruta: 359.197310793
Costo Reducido: 61.3861676501
Nodos: [106, 10, 45, 32, 67, 33, 6, 41, 13, 48, 68, 716]
q: [0.0, 12.0, -12.0, 11.0, -11.0, 5.0, 0.0, 0.0, 10.0, -10.0, -5.0, 0.0]
Q: [0.0, 12.0, 0.0, 11.0, 0.0, 5.0, 5.0, 5.0, 15.0, 5.0, 0.0, 0.0]
B: [0.0, 96.0, 125.5195107344, 309.0, 319.4016530417, 437.0, 463.1548069196, 466.84709631779, 480.25716242499, 497.14031337499, 502.48836367393, 526.38080760503]
