Avion: 5      Iteracion: 0

Num Ruta: 2
Ingresos: 2366.606
Costos: 599.333498018
Utilidad Ruta: 1767.27250198
Costo Reducido: -
Nodos: [105, 17, 52, 24, 59, 14, 49, 11, 46, 1, 36, 3, 38, 23, 35, 70, 32, 67, 26, 61, 58, 34, 69, 715]
q: [0.0, 5.0, -5.0, 11.0, -11.0, 8.0, -8.0, 6.0, -6.0, 7.0, -7.0, 13.0, -13.0, 10.0, 5.0, -5.0, 5.0, -5.0, 5.0, -5.0, -10.0, 8.0, -8.0, 0.0]
Q: [0.0, 5.0, 0.0, 11.0, 0.0, 8.0, 0.0, 6.0, 0.0, 7.0, 0.0, 13.0, 0.0, 10.0, 15.0, 10.0, 15.0, 10.0, 15.0, 10.0, 0.0, 8.0, 0.0, 0.0]
B: [0.0, 35.8094227823, 70.65197656359999, 87.21025986829999, 125.72321017079999, 154.3695794695, 166.3912912445, 195.8397203537, 199.89378720071, 222.56323873801, 256.80332426651, 263.89987617571, 268.98415793423, 272.34664525763, 282.81004972272996, 294.73278871172994, 309.0, 319.4016530417, 332.1221722921, 349.7014002615, 352.76847264408, 367.02741965988, 403.46754987368, 422.00192812058003]
