Avion: 6      Iteracion: 66

Num Ruta: 50
Ingresos: 1599.915
Costos: 437.03139385
Utilidad Ruta: 1162.88360615
Costo Reducido: 19.0019583962
Nodos: [106, 30, 65, 16, 51, 10, 45, 35, 70, 32, 67, 26, 34, 61, 69, 8, 33, 6, 41, 43, 13, 48, 68, 716]
q: [0.0, 11.0, -11.0, 9.0, -9.0, 12.0, -12.0, 8.0, -8.0, 11.0, -11.0, 7.0, 8.0, -7.0, -8.0, 8.0, 5.0, 0.0, 0.0, -8.0, 10.0, -10.0, -5.0, 0.0]
Q: [0.0, 11.0, 0.0, 9.0, 0.0, 12.0, 0.0, 8.0, 0.0, 11.0, 0.0, 7.0, 15.0, 8.0, 0.0, 8.0, 13.0, 13.0, 13.0, 5.0, 15.0, 5.0, 0.0, 0.0]
B: [0.0, 64.0, 82.7140226568, 93.53069441849999, 103.15478585614, 118.98406306644, 148.50357380084, 270.0, 281.922738989, 309.0, 319.4016530417, 332.1221722921, 348.0493993263, 362.9626454183, 387.9493993691, 414.0, 437.0, 463.1548069196, 466.84709631779, 479.71309880498995, 481.92377494589994, 498.80692589589995, 504.15497619483995, 528.04742012594]
