Avion: 2      Iteracion: 12

Num Ruta: 11
Ingresos: 1313.681
Costos: 482.344976998
Utilidad Ruta: 831.336023002
Costo Reducido: 67.2497677538
Nodos: [102, 16, 51, 30, 65, 23, 26, 61, 58, 31, 66, 712]
q: [0.0, 0.0, 0.0, 11.0, -11.0, 10.0, 5.0, -5.0, -10.0, 9.0, -9.0, 0.0]
Q: [0.0, 0.0, 0.0, 11.0, 0.0, 10.0, 15.0, 10.0, 0.0, 9.0, 0.0, 0.0]
B: [0.0, 36.0, 45.624091437640004, 64.0, 82.7140226568, 267.0, 301.4413435423, 319.0205715117, 322.08764389428, 406.0, 434.325479078, 460.2185387852]
