Avion: 1      Iteracion: 16

Num Ruta: 14
Ingresos: 2088.571
Costos: 444.705847379
Utilidad Ruta: 1643.86515262
Costo Reducido: 197.16256527
Nodos: [101, 30, 65, 24, 59, 1, 36, 22, 57, 8, 33, 5, 40, 43, 68, 21, 4, 39, 56, 711]
q: [0.0, 11.0, -11.0, 11.0, -11.0, 0.0, 0.0, 10.0, -10.0, 8.0, 5.0, 2.0, -2.0, -8.0, -5.0, 12.0, 3.0, -3.0, -12.0, 0.0]
Q: [0.0, 11.0, 0.0, 11.0, 0.0, 0.0, 0.0, 10.0, 0.0, 8.0, 13.0, 15.0, 13.0, 5.0, 0.0, 12.0, 15.0, 12.0, 0.0, 0.0]
B: [0.0, 64.0, 82.7140226568, 107.4479935471, 145.9609438496, 175.0, 209.2400855285, 299.0, 320.7546861389, 414.0, 437.0, 469.0, 470.12168890518, 480.59966590458, 502.55654694448, 513.43602432168, 529.0, 549.4257496801999, 566.2286940948, 588.4711797696999]
