Avion: 5      Iteracion: 12

Num Ruta: 15
Ingresos: 981.751
Costos: 393.012418367
Utilidad Ruta: 588.738581633
Costo Reducido: 126.647933023
Nodos: [105, 9, 44, 14, 49, 4, 2, 39, 37, 715]
q: [0, 11.0, -11.0, 8.0, -8.0, 3.0, 10.0, -3.0, -10.0, 0]
Q: [0, 11.0, 0.0, 8.0, 0.0, 3.0, 13.0, 10.0, 0.0, 0]
B: [0.0, 31.4915482312, 61.0187852337, 112.0, 124.021711775, 529.0, 556.3715326023, 565.8259991129, 599.0192098946001, 635.0237530107]
