Avion: 7      Iteracion: 31

Num Ruta: 33
Ingresos: 1052.47
Costos: 165.346911755
Utilidad Ruta: 887.123088245
Costo Reducido: 102.623654547
Nodos: [107, 14, 49, 3, 38, 23, 18, 53, 58, 22, 57, 717]
q: [0.0, 8.0, -8.0, 13.0, -13.0, 5.0, 10.0, -10.0, -5.0, 10.0, -10.0, 0.0]
Q: [0.0, 8.0, 0.0, 13.0, 0.0, 5.0, 15.0, 5.0, 0.0, 10.0, 0.0, 0.0]
B: [0.0, 112.0, 124.021711775, 256.0, 261.08428175852, 267.0, 293.0, 316.8182362487, 326.74376782137, 342.50019181287, 364.25487795177, 366.22166670504004]
