Avion: 6      Iteracion: 0

Num Ruta: 2
Ingresos: 4370.855
Costos: 653.662320493
Utilidad Ruta: 3717.19267951
Costo Reducido: -
Nodos: [106, 17, 52, 30, 16, 51, 65, 24, 59, 1, 11, 46, 36, 3, 38, 23, 58, 26, 61, 22, 57, 19, 8, 33, 54, 43, 13, 48, 68, 21, 56, 27, 62, 4, 39, 716]
q: [0.0, 5.0, -5.0, 11.0, 4.0, -4.0, -11.0, 11.0, -11.0, 7.0, 6.0, -6.0, -7.0, 13.0, -13.0, 10.0, -10.0, 10.0, -10.0, 10.0, -10.0, 7.0, 3.0, 5.0, -7.0, -3.0, 10.0, -10.0, -5.0, 12.0, -12.0, 6.0, -6.0, 3.0, -3.0, 0.0]
Q: [0.0, 5.0, 0.0, 11.0, 15.0, 11.0, 0.0, 11.0, 0.0, 7.0, 13.0, 7.0, 0.0, 13.0, 0.0, 10.0, 0.0, 10.0, 0.0, 10.0, 0.0, 7.0, 10.0, 15.0, 8.0, 5.0, 15.0, 5.0, 0.0, 12.0, 0.0, 6.0, 0.0, 3.0, 0.0, 0.0]
B: [0.0, 24.0, 58.8425537813, 64.0, 72.20259129788, 81.82668273552001, 84.69783929691, 109.43181018721, 147.94476048971, 175.0, 193.6808285951, 197.73489544211, 232.05062478011, 256.0, 261.08428175852, 267.0, 306.733842905, 326.4202156791, 343.9994436485, 357.6336242986, 379.3883104375, 402.0, 425.1608815463, 438.92553635490003, 460.4739301233, 463.40204931486, 465.61272545577, 482.49587640577, 487.84392670471, 498.72340408190996, 539.4621947611099, 552.6396429587099, 569.6705053268099, 585.7577059845099, 606.18345566471, 620.86057050381]
