Avion: 7      Iteracion: 32

Num Ruta: 34
Ingresos: 1686.253
Costos: 452.5196148
Utilidad Ruta: 1233.7333852
Costo Reducido: 67.5400133241
Nodos: [107, 1, 36, 3, 38, 23, 35, 70, 58, 34, 26, 61, 69, 33, 6, 41, 68, 717]
q: [0.0, 7.0, -7.0, 0.0, 0.0, 7.0, 8.0, -8.0, -7.0, 8.0, 7.0, -7.0, -8.0, 5.0, 4.0, -4.0, -5.0, 0.0]
Q: [0.0, 7.0, 0.0, 0.0, 0.0, 7.0, 15.0, 7.0, 0.0, 8.0, 15.0, 8.0, 0.0, 5.0, 9.0, 5.0, 0.0, 0.0]
B: [0.0, 175.0, 209.2400855285, 256.0, 261.08428175852, 267.0, 277.4634044651, 289.38614345409997, 313.15284696969997, 327.41179398549997, 343.33902101969994, 360.91824898909994, 385.90500293989993, 437.0, 463.1548069196, 466.84709631779, 497.92495713539, 532.46070552749]
