Avion: 2      Iteracion: 5

Num Ruta: 5
Ingresos: 1559.475
Costos: 556.002840457
Utilidad Ruta: 1003.47215954
Costo Reducido: 941.989296994
Nodos: [102, 16, 51, 30, 65, 23, 35, 70, 26, 61, 58, 18, 53, 31, 66, 8, 43, 712]
q: [0.0, 0.0, 0.0, 11.0, -11.0, 5.0, 8.0, -8.0, 10.0, -10.0, -5.0, 10.0, -10.0, 9.0, -9.0, 8.0, -8.0, 0.0]
Q: [0.0, 0.0, 0.0, 11.0, 0.0, 5.0, 13.0, 5.0, 15.0, 5.0, 0.0, 10.0, 0.0, 9.0, 0.0, 8.0, 0.0, 0.0]
B: [0.0, 36.0, 45.624091437640004, 64.0, 82.7140226568, 267.0, 277.4634044651, 289.38614345409997, 303.7370056233, 321.3162335927, 324.38330597528, 349.82261738498, 373.64085363367997, 406.0, 434.325479078, 443.10832519984, 463.87672181584, 490.59121026314006]
