Avion: 5      Iteracion: 47

Num Ruta: 39
Ingresos: 932.674
Costos: 407.322564485
Utilidad Ruta: 525.351435515
Costo Reducido: 4.45771012187
Nodos: [105, 30, 16, 51, 65, 35, 70, 18, 53, 31, 33, 66, 68, 715]
q: [0.0, 6.0, 9.0, -9.0, -6.0, 8.0, -8.0, 10.0, -10.0, 9.0, 5.0, -9.0, -5.0, 0.0]
Q: [0.0, 6.0, 15.0, 6.0, 0.0, 8.0, 0.0, 10.0, 0.0, 9.0, 14.0, 5.0, 0.0, 0.0]
B: [0.0, 64.0, 72.20259129788, 81.82668273552001, 84.69783929691, 270.0, 281.922738989, 302.3408921131, 326.15912836179996, 406.0, 443.5012702852, 465.8994317276, 496.8512225805, 540.611549019]
