Avion: 6      Iteracion: 32

Num Ruta: 29
Ingresos: 132.56
Costos: 113.047634302
Utilidad Ruta: 19.5123656976
Costo Reducido: 3.7984055578
Nodos: [106, 6, 41, 27, 62, 716]
q: [0, 4.0, -4.0, 6.0, -6.0, 0]
Q: [0, 4.0, 0.0, 6.0, 0.0, 0]
B: [0.0, 436.0, 439.69228939819, 538.0, 555.0308623681, 564.73653272104]
