Avion: 5      Iteracion: 24

Num Ruta: 27
Ingresos: 802.895
Costos: 346.918946205
Utilidad Ruta: 455.976053795
Costo Reducido: 62.263555558
Nodos: [105, 32, 67, 2, 37, 4, 39, 715]
q: [0, 11.0, -11.0, 10.0, -10.0, 3.0, -3.0, 0]
Q: [0, 11.0, 0.0, 10.0, 0.0, 3.0, 0.0, 0]
B: [0.0, 309.0, 319.4016530417, 522.0, 562.7349620474, 576.1857178626, 596.6114675428, 634.3255588748]
