Avion: 1      Iteracion: 65

Num Ruta: 52
Ingresos: 2788.57
Costos: 531.063802848
Utilidad Ruta: 2257.50619715
Costo Reducido: 26.3741292264
Nodos: [101, 30, 16, 51, 65, 24, 59, 1, 36, 23, 35, 70, 58, 34, 22, 57, 69, 8, 19, 54, 43, 5, 33, 40, 68, 29, 4, 27, 64, 39, 62, 711]
q: [0.0, 6.0, 9.0, -9.0, -6.0, 11.0, -11.0, 0.0, 0.0, 7.0, 8.0, -8.0, -7.0, 8.0, 7.0, -7.0, -8.0, 8.0, 7.0, -7.0, -8.0, 9.0, 5.0, -9.0, -5.0, 6.0, 3.0, 6.0, -6.0, -3.0, -6.0, 0.0]
Q: [0.0, 6.0, 15.0, 6.0, 0.0, 11.0, 0.0, 0.0, 0.0, 7.0, 15.0, 7.0, 0.0, 8.0, 15.0, 8.0, 0.0, 8.0, 15.0, 8.0, 0.0, 9.0, 14.0, 5.0, 0.0, 6.0, 9.0, 15.0, 9.0, 6.0, 0.0, 0.0]
B: [0.0, 64.0, 72.20259129788, 81.82668273552001, 84.69783929691, 109.43181018721, 147.94476048971, 175.0, 209.2400855285, 267.0, 277.4634044651, 289.38614345409997, 313.15284696969997, 327.41179398549997, 355.4754773681, 377.230163507, 387.82041383449996, 414.0, 437.1608815463, 463.7879978378, 466.71611702935996, 476.46892790622996, 490.16709508292996, 503.45727378752997, 532.46964840593, 549.0, 569.7100026316, 587.3247771689, 595.54120516408, 607.76027620078, 613.1755347357, 627.2929258899001]
