Avion: 2      Iteracion: 75

Num Ruta: 48
Ingresos: 1244.827
Costos: 481.81855724
Utilidad Ruta: 763.00844276
Costo Reducido: 64.0568432137
Nodos: [102, 16, 51, 32, 67, 26, 61, 34, 69, 8, 33, 43, 13, 68, 48, 712]
q: [0.0, 9.0, -9.0, 11.0, -11.0, 10.0, -10.0, 8.0, -8.0, 8.0, 5.0, -8.0, 10.0, -5.0, -10.0, 0.0]
Q: [0.0, 9.0, 0.0, 11.0, 0.0, 10.0, 0.0, 8.0, 0.0, 8.0, 13.0, 5.0, 15.0, 10.0, 0.0, 0.0]
B: [0.0, 36.0, 45.624091437640004, 309.0, 319.4016530417, 332.1221722921, 349.7014002615, 364.6146463535, 401.0547765673, 414.0, 437.0, 460.2743670161, 462.48504315700995, 482.45587278420993, 487.8039230831499, 503.19439935904995]
