Avion: 2      Iteracion: 29

Num Ruta: 24
Ingresos: 452.278
Costos: 482.434744414
Utilidad Ruta: -30.1567444138
Costo Reducido: 24.8572450687
Nodos: [102, 16, 51, 9, 24, 44, 59, 10, 45, 712]
q: [0.0, 0.0, 0.0, 11.0, 4.0, -11.0, -4.0, 12.0, -12.0, 0.0]
Q: [0.0, 0.0, 0.0, 11.0, 15.0, 4.0, 0.0, 12.0, 0.0, 0.0]
B: [0.0, 36.0, 45.624091437640004, 75.68094759394, 82.11782463176, 106.25807452686, 131.31363794096, 143.09956862126, 172.61907935566, 228.52366414976]
