Avion: 7      Iteracion: 84

Num Ruta: 68
Ingresos: 2564.479
Costos: 482.092502245
Utilidad Ruta: 2082.38649775
Costo Reducido: 2.95291165557
Nodos: [107, 11, 46, 1, 36, 3, 38, 23, 35, 70, 34, 58, 22, 57, 69, 8, 33, 43, 6, 41, 68, 29, 4, 39, 64, 717]
q: [0.0, 6.0, -6.0, 7.0, -7.0, 13.0, -13.0, 7.0, 8.0, -8.0, 8.0, -7.0, 7.0, -7.0, -8.0, 8.0, 5.0, -8.0, 4.0, -4.0, -5.0, 9.0, 3.0, -3.0, -9.0, 0.0]
Q: [0.0, 6.0, 0.0, 7.0, 0.0, 13.0, 0.0, 7.0, 15.0, 7.0, 15.0, 8.0, 15.0, 8.0, 0.0, 8.0, 13.0, 5.0, 9.0, 5.0, 0.0, 9.0, 12.0, 9.0, 0.0, 0.0]
B: [0.0, 169.0, 173.05406684701, 195.72351838431, 229.96360391281002, 256.0, 261.08428175852, 267.0, 277.4634044651, 289.38614345409997, 322.0, 336.2589470158, 352.0153710073, 373.77005714620003, 384.3603074737, 414.0, 437.0, 460.2743670161, 469.46503864552994, 473.15732804371993, 504.23518886131995, 549.0, 569.7100026316, 590.1357523117999, 602.3548233485, 639.8192121064]
