Avion: 2      Iteracion: 3

Num Ruta: 4
Ingresos: 2146.958
Costos: 723.646377892
Utilidad Ruta: 1423.31162211
Costo Reducido: 1473.38102478
Nodos: [102, 16, 51, 17, 52, 14, 49, 11, 46, 1, 36, 3, 38, 35, 70, 22, 57, 18, 53, 28, 8, 43, 63, 712]
q: [0, 9.0, -9.0, 5.0, -5.0, 8.0, -8.0, 6.0, -6.0, 7.0, -7.0, 13.0, -13.0, 8.0, -8.0, 10.0, -10.0, 10.0, -10.0, 6.0, 8.0, -8.0, -6.0, 0]
Q: [0, 9.0, 0.0, 5.0, 0.0, 8.0, 0.0, 6.0, 0.0, 7.0, 0.0, 13.0, 0.0, 8.0, 0.0, 10.0, 0.0, 10.0, 0.0, 6.0, 14.0, 6.0, 0.0, 0]
B: [0.0, 36.0, 45.624091437640004, 78.34191948294, 113.18447326424, 125.62302611414, 137.64473788914, 169.0, 173.05406684701, 195.72351838431, 229.96360391281002, 256.0, 261.08428175852, 274.08526633661995, 286.00800532561993, 303.7313161055199, 325.4860022444199, 338.88643884181994, 362.7046750905199, 378.0, 414.0, 434.768396616, 469.0460766571, 477.07901845945]
