Avion: 4      Iteracion: 72

Num Ruta: 64
Ingresos: 2713.707
Costos: 492.739473726
Utilidad Ruta: 2220.96752627
Costo Reducido: 55.9448348711
Nodos: [104, 17, 52, 9, 44, 32, 67, 26, 61, 34, 28, 69, 19, 63, 25, 60, 54, 5, 40, 2, 37, 29, 64, 714]
q: [0.0, 5.0, -5.0, 11.0, -11.0, 11.0, -11.0, 10.0, -10.0, 8.0, 6.0, -8.0, 7.0, -6.0, 0.0, 0.0, -7.0, 9.0, -9.0, 10.0, -10.0, 9.0, -9.0, 0.0]
Q: [0.0, 5.0, 0.0, 11.0, 0.0, 11.0, 0.0, 10.0, 0.0, 8.0, 14.0, 6.0, 13.0, 7.0, 7.0, 7.0, 0.0, 9.0, 0.0, 10.0, 0.0, 9.0, 0.0, 0.0]
B: [0.0, 24.0, 58.8425537813, 81.72911018459999, 111.25634718709999, 309.0, 319.4016530417, 332.1221722921, 349.7014002615, 364.6146463535, 380.64753417820003, 415.26274774100006, 435.80256400110005, 448.33835727480005, 451.67173589116004, 468.85671820126004, 485.64357463716004, 493.49388787932, 494.61557678450004, 522.0, 562.7349620474, 572.53970258451, 606.31948236471, 633.08991241351]
