Avion: 3      Iteracion: 21

Num Ruta: 21
Ingresos: 371.012
Costos: 202.009012381
Utilidad Ruta: 169.002987619
Costo Reducido: 77.207652272
Nodos: [103, 11, 46, 35, 70, 33, 68, 713]
q: [0, 6.0, -6.0, 8.0, -8.0, 5.0, -5.0, 0]
Q: [0, 6.0, 0.0, 8.0, 0.0, 5.0, 0.0, 0]
B: [0.0, 169.0, 173.05406684701, 270.0, 281.922738989, 437.0, 478.9526650524, 482.64754055775]
