Avion: 5      Iteracion: 3

Num Ruta: 7
Ingresos: 2767.968
Costos: 610.460446246
Utilidad Ruta: 2157.50755375
Costo Reducido: 2000.66877087
Nodos: [105, 17, 16, 51, 52, 14, 49, 3, 38, 22, 57, 18, 53, 28, 63, 25, 60, 8, 43, 6, 41, 4, 27, 62, 2, 39, 37, 715]
q: [0, 5.0, 9.0, -9.0, -5.0, 8.0, -8.0, 13.0, -13.0, 10.0, -10.0, 10.0, -10.0, 6.0, -6.0, 10.0, -10.0, 8.0, -8.0, 4.0, -4.0, 3.0, 6.0, -6.0, 10.0, -3.0, -10.0, 0]
Q: [0, 5.0, 14.0, 5.0, 0.0, 8.0, 0.0, 13.0, 0.0, 10.0, 0.0, 10.0, 0.0, 6.0, 0.0, 10.0, 0.0, 8.0, 0.0, 4.0, 0.0, 3.0, 9.0, 3.0, 13.0, 10.0, 0.0, 0]
B: [0.0, 35.8094227823, 70.6108997625, 80.23499120014, 94.88275997224, 112.0, 124.021711775, 256.0, 261.08428175852, 299.0, 320.7546861389, 334.15512273630003, 357.973358985, 378.0, 414.0266187839, 417.35999740026, 434.54497971036, 460.36557956786, 481.13397618386, 490.32464781328997, 494.01693721147996, 529.0, 546.6147745373, 563.6456369054, 575.0977099928, 584.5521765034, 617.7453872851, 653.7499304012]
