Avion: 2      Iteracion: 14

Num Ruta: 13
Ingresos: 332.247
Costos: 354.173920952
Utilidad Ruta: -21.9269209524
Costo Reducido: 89.1460967058
Nodos: [102, 16, 51, 26, 61, 712]
q: [0, 9.0, -9.0, 10.0, -10.0, 0]
Q: [0, 9.0, 0.0, 10.0, 0.0, 0]
B: [0.0, 36.0, 45.624091437640004, 300.0, 317.5792279694, 344.0266158177]
