Avion: 7      Iteracion: 42

Num Ruta: 42
Ingresos: 2390.902
Costos: 384.097905244
Utilidad Ruta: 2006.80409476
Costo Reducido: 76.8490422746
Nodos: [107, 14, 49, 3, 38, 23, 35, 70, 26, 61, 58, 22, 57, 19, 33, 54, 13, 48, 68, 29, 4, 39, 64, 717]
q: [0.0, 0.0, 0.0, 13.0, -13.0, 7.0, 8.0, -8.0, 8.0, -8.0, -7.0, 10.0, -10.0, 7.0, 5.0, -7.0, 10.0, -10.0, -5.0, 9.0, 3.0, -3.0, -9.0, 0.0]
Q: [0.0, 0.0, 0.0, 13.0, 0.0, 7.0, 15.0, 7.0, 15.0, 7.0, 0.0, 10.0, 0.0, 7.0, 12.0, 5.0, 15.0, 5.0, 0.0, 9.0, 12.0, 9.0, 0.0, 0.0]
B: [0.0, 112.0, 124.021711775, 256.0, 261.08428175852, 267.0, 277.4634044651, 289.38614345409997, 303.7370056233, 321.3162335927, 324.38330597528, 340.13972996678, 361.89441610568, 402.0, 438.5935603624, 460.1419541308, 464.36957343722, 481.25272438722004, 486.60077468616004, 549.0, 569.7100026316, 590.1357523117999, 602.3548233485, 639.8192121064]
