Avion: 7      Iteracion: 2

Num Ruta: 6
Ingresos: 2686.19
Costos: 696.998032457
Utilidad Ruta: 1989.19196754
Costo Reducido: 2125.87111046
Nodos: [107, 9, 44, 24, 59, 10, 45, 1, 36, 3, 38, 23, 18, 53, 58, 26, 61, 28, 31, 66, 63, 25, 60, 29, 4, 64, 39, 717]
q: [0.0, 11.0, -11.0, 11.0, -11.0, 12.0, -12.0, 7.0, -7.0, 13.0, -13.0, 0.0, 10.0, -10.0, 0.0, 10.0, -10.0, 6.0, 9.0, -9.0, -6.0, 10.0, -10.0, 9.0, 3.0, -9.0, -3.0, 0.0]
Q: [0.0, 11.0, 0.0, 11.0, 0.0, 12.0, 0.0, 7.0, 0.0, 13.0, 0.0, 0.0, 10.0, 0.0, 0.0, 10.0, 0.0, 6.0, 15.0, 6.0, 0.0, 10.0, 0.0, 9.0, 12.0, 3.0, 0.0, 0.0]
B: [0.0, 46.0648734938, 75.5921104963, 99.7323603914, 138.2453106939, 150.0312413742, 179.5507521086, 217.9700932794, 252.2101788079, 259.3067307171, 264.39101247561996, 267.75349979901995, 293.0, 316.8182362487, 326.74376782137, 346.43014059547, 364.00936856487, 378.0, 406.0, 434.325479078, 462.7399107809, 466.07328939726, 483.25827170736, 549.0, 569.7100026316, 592.5834067727, 604.8024778094, 633.549945524]
