Avion: 4      Iteracion: 81

Num Ruta: 70
Ingresos: 1900.24
Costos: 442.544358558
Utilidad Ruta: 1457.69564144
Costo Reducido: 2.75054315686
Nodos: [104, 17, 52, 9, 44, 11, 46, 23, 35, 70, 34, 58, 22, 69, 57, 8, 33, 43, 13, 68, 48, 714]
q: [0.0, 0.0, 0.0, 11.0, -11.0, 6.0, -6.0, 7.0, 8.0, -8.0, 8.0, -7.0, 7.0, -8.0, -7.0, 8.0, 5.0, -8.0, 10.0, -5.0, -10.0, 0.0]
Q: [0.0, 0.0, 0.0, 11.0, 0.0, 6.0, 0.0, 7.0, 15.0, 7.0, 15.0, 8.0, 15.0, 7.0, 0.0, 8.0, 13.0, 5.0, 15.0, 10.0, 0.0, 0.0]
B: [0.0, 24.0, 58.8425537813, 81.72911018459999, 111.25634718709999, 169.0, 173.05406684701, 267.0, 277.4634044651, 289.38614345409997, 322.0, 336.2589470158, 352.0153710073, 366.5845376616, 377.17478798909997, 414.0, 437.0, 460.2743670161, 462.48504315700995, 482.45587278420993, 487.8039230831499, 499.48322378994993]
