Avion: 3      Iteracion: 81

Num Ruta: 50
Ingresos: 1054.71
Costos: 272.120278824
Utilidad Ruta: 782.589721176
Costo Reducido: 3.74458209272
Nodos: [103, 11, 46, 22, 57, 32, 67, 33, 8, 43, 13, 48, 68, 713]
q: [0.0, 6.0, -6.0, 10.0, -10.0, 11.0, -11.0, 5.0, 8.0, -8.0, 10.0, -10.0, -5.0, 0.0]
Q: [0.0, 6.0, 0.0, 10.0, 0.0, 11.0, 0.0, 5.0, 13.0, 5.0, 15.0, 5.0, 0.0, 0.0]
B: [0.0, 169.0, 173.05406684701, 299.0, 320.7546861389, 354.75446344700003, 365.15611648870004, 437.0, 450.76465480859997, 471.5330514246, 473.74372756550997, 490.62687851551, 495.97492881445, 499.6698043198]
