Avion: 1      Iteracion: 19

Num Ruta: 17
Ingresos: 2259.022
Costos: 577.480597789
Utilidad Ruta: 1681.54140221
Costo Reducido: 314.061750573
Nodos: [101, 30, 65, 16, 51, 10, 45, 26, 34, 61, 22, 57, 69, 33, 6, 41, 68, 4, 27, 62, 2, 39, 37, 711]
q: [0.0, 11.0, -11.0, 9.0, -9.0, 12.0, -12.0, 7.0, 8.0, -7.0, 7.0, -7.0, -8.0, 5.0, 4.0, -4.0, -5.0, 3.0, 6.0, -6.0, 10.0, -3.0, -10.0, 0.0]
Q: [0.0, 11.0, 0.0, 9.0, 0.0, 12.0, 0.0, 7.0, 15.0, 8.0, 15.0, 8.0, 0.0, 5.0, 9.0, 5.0, 0.0, 3.0, 9.0, 3.0, 13.0, 10.0, 0.0, 0.0]
B: [0.0, 64.0, 82.7140226568, 93.53069441849999, 103.15478585614, 118.98406306644, 148.50357380084, 300.0, 322.0, 336.913246092, 350.5474267421, 372.302112881, 382.8923632085, 437.0, 463.1548069196, 466.84709631779, 497.92495713539, 529.0, 546.6147745373, 563.6456369054, 575.0977099928, 584.5521765034, 617.7453872851, 634.6950544795001]
