Avion: 1      Iteracion: 72

Num Ruta: 54
Ingresos: 1337.421
Costos: 348.751414911
Utilidad Ruta: 988.669585089
Costo Reducido: 108.955540491
Nodos: [101, 1, 36, 3, 38, 35, 70, 32, 67, 26, 34, 61, 69, 8, 19, 54, 43, 711]
q: [0.0, 7.0, -7.0, 13.0, -13.0, 8.0, -8.0, 11.0, -11.0, 7.0, 8.0, -7.0, -8.0, 0.0, 7.0, -7.0, 0.0, 0.0]
Q: [0.0, 7.0, 0.0, 13.0, 0.0, 8.0, 0.0, 11.0, 0.0, 7.0, 15.0, 8.0, 0.0, 0.0, 7.0, 0.0, 0.0, 0.0]
B: [0.0, 175.0, 209.2400855285, 256.0, 261.08428175852, 274.08526633661995, 286.00800532561993, 309.0, 319.4016530417, 332.1221722921, 348.0493993263, 362.9626454183, 387.9493993691, 414.0, 437.1608815463, 463.7879978378, 466.71611702935996, 472.42524831178997]
