Avion: 4      Iteracion: 56

Num Ruta: 53
Ingresos: 2592.75
Costos: 416.226201506
Utilidad Ruta: 2176.52379849
Costo Reducido: 85.1034588329
Nodos: [104, 17, 52, 9, 44, 1, 36, 23, 35, 70, 32, 67, 26, 61, 58, 28, 13, 48, 63, 25, 60, 29, 64, 714]
q: [0.0, 5.0, -5.0, 11.0, -11.0, 7.0, -7.0, 5.0, 8.0, -8.0, 10.0, -10.0, 10.0, -10.0, -5.0, 6.0, 9.0, -9.0, -6.0, 10.0, -10.0, 9.0, -9.0, 0.0]
Q: [0.0, 5.0, 0.0, 11.0, 0.0, 7.0, 0.0, 5.0, 13.0, 5.0, 15.0, 5.0, 15.0, 5.0, 0.0, 6.0, 15.0, 6.0, 0.0, 10.0, 0.0, 9.0, 0.0, 0.0]
B: [0.0, 24.0, 58.8425537813, 81.72911018459999, 111.25634718709999, 175.0, 209.2400855285, 267.0, 277.4634044651, 289.38614345409997, 309.0, 319.4016530417, 332.1221722921, 349.7014002615, 352.76847264408, 378.0, 423.0, 439.88315095, 462.92158097460003, 466.25495959096, 483.43994190106, 549.0, 582.7797797802, 609.550209829]
