Avion: 5      Iteracion: 16

Num Ruta: 19
Ingresos: 1878.476
Costos: 434.490919513
Utilidad Ruta: 1443.98508049
Costo Reducido: 151.000966397
Nodos: [105, 24, 59, 28, 63, 21, 56, 27, 2, 62, 37, 715]
q: [0.0, 11.0, -11.0, 6.0, -6.0, 12.0, -12.0, 5.0, 10.0, -5.0, -10.0, 0.0]
Q: [0.0, 11.0, 0.0, 6.0, 0.0, 12.0, 0.0, 5.0, 15.0, 10.0, 0.0, 0.0]
B: [0.0, 61.0, 99.5129503025, 378.0, 414.0266187839, 477.0, 517.7387906792, 538.0, 563.7839683718, 575.2360414592, 604.5765718055, 640.5811149215999]
