Avion: 3      Iteracion: 27

Num Ruta: 24
Ingresos: 943.137
Costos: 143.536023655
Utilidad Ruta: 799.600976345
Costo Reducido: 61.4103224085
Nodos: [103, 11, 46, 21, 4, 39, 56, 27, 62, 713]
q: [0, 6.0, -6.0, 12.0, 3.0, -3.0, -12.0, 6.0, -6.0, 0]
Q: [0, 6.0, 0.0, 12.0, 15.0, 12.0, 0.0, 6.0, 0.0, 0]
B: [0.0, 169.0, 173.05406684701, 477.0, 529.0, 549.4257496801999, 566.2286940948, 579.4061422924, 596.4370046605, 624.7077249378]
