Avion: 4      Iteracion: 38

Num Ruta: 36
Ingresos: 2485.29
Costos: 439.052536459
Utilidad Ruta: 2046.23746354
Costo Reducido: 134.012284198
Nodos: [104, 17, 52, 9, 44, 14, 49, 3, 38, 35, 70, 26, 34, 61, 22, 57, 69, 8, 33, 43, 13, 48, 68, 29, 64, 714]
q: [0.0, 5.0, -5.0, 11.0, -11.0, 8.0, -8.0, 13.0, -13.0, 8.0, -8.0, 10.0, 5.0, -10.0, 10.0, -10.0, -5.0, 8.0, 5.0, -8.0, 10.0, -10.0, -5.0, 9.0, -9.0, 0.0]
Q: [0.0, 5.0, 0.0, 11.0, 0.0, 8.0, 0.0, 13.0, 0.0, 8.0, 0.0, 10.0, 15.0, 5.0, 15.0, 5.0, 0.0, 8.0, 13.0, 5.0, 15.0, 5.0, 0.0, 9.0, 0.0, 0.0]
B: [0.0, 24.0, 58.8425537813, 81.72911018459999, 111.25634718709999, 121.5131539026, 133.5348656776, 256.0, 261.08428175852, 274.08526633661995, 286.00800532561993, 300.35886749481995, 322.0, 336.913246092, 350.5474267421, 372.302112881, 382.8923632085, 414.0, 437.0, 460.2743670161, 462.48504315700995, 479.36819410700997, 484.71624440594996, 549.0, 582.7797797802, 609.550209829]
