Avion: 4      Iteracion: 11

Num Ruta: 11
Ingresos: 1615.759
Costos: 447.408391557
Utilidad Ruta: 1168.35060844
Costo Reducido: 289.607335726
Nodos: [104, 17, 52, 30, 16, 51, 65, 14, 49, 3, 38, 18, 53, 19, 25, 60, 33, 5, 40, 54, 68, 29, 64, 714]
q: [0.0, 0.0, 0.0, 11.0, 4.0, -4.0, -11.0, 8.0, -8.0, 13.0, -13.0, 10.0, -10.0, 7.0, 8.0, -8.0, 5.0, 3.0, -3.0, -7.0, -5.0, 9.0, -9.0, 0.0]
Q: [0.0, 0.0, 0.0, 11.0, 15.0, 11.0, 0.0, 8.0, 0.0, 13.0, 0.0, 10.0, 0.0, 7.0, 15.0, 7.0, 12.0, 15.0, 12.0, 5.0, 0.0, 9.0, 0.0, 0.0]
B: [0.0, 24.0, 58.8425537813, 64.0, 72.20259129788, 81.82668273552001, 84.69783929691, 112.49377995381, 124.51549172881, 256.0, 261.08428175852, 293.0, 316.8182362487, 402.0, 411.3920072402, 428.57698955029997, 464.0943947624, 477.7925619391, 478.91425084428, 487.27018693786, 509.17563176326, 549.0, 582.7797797802, 609.550209829]
