Avion: 4      Iteracion: 75

Num Ruta: 66
Ingresos: 2091.035
Costos: 426.626964598
Utilidad Ruta: 1664.4080354
Costo Reducido: 12.0229004912
Nodos: [104, 17, 52, 9, 44, 18, 53, 34, 69, 19, 25, 60, 33, 54, 68, 29, 64, 714]
q: [0.0, 5.0, -5.0, 11.0, -11.0, 10.0, -10.0, 8.0, -8.0, 7.0, 8.0, -8.0, 5.0, -7.0, -5.0, 9.0, -9.0, 0.0]
Q: [0.0, 5.0, 0.0, 11.0, 0.0, 10.0, 0.0, 8.0, 0.0, 7.0, 15.0, 7.0, 12.0, 5.0, 0.0, 9.0, 0.0, 0.0]
B: [0.0, 24.0, 58.8425537813, 81.72911018459999, 111.25634718709999, 293.0, 316.8182362487, 340.28894720939996, 376.72907742319995, 402.0, 411.3920072402, 428.57698955029997, 464.0943947624, 485.6427885308, 507.5482333562, 549.0, 582.7797797802, 609.550209829]
