Avion: 1      Iteracion: 62

Num Ruta: 49
Ingresos: 1519.676
Costos: 365.157605726
Utilidad Ruta: 1154.51839427
Costo Reducido: 7.56208633932
Nodos: [101, 30, 16, 51, 65, 24, 59, 1, 36, 3, 38, 23, 35, 70, 32, 67, 26, 58, 61, 711]
q: [0.0, 6.0, 9.0, -9.0, -6.0, 11.0, -11.0, 7.0, -7.0, 13.0, -13.0, 4.0, 8.0, -8.0, 11.0, -11.0, 10.0, -4.0, -10.0, 0.0]
Q: [0.0, 6.0, 15.0, 6.0, 0.0, 11.0, 0.0, 7.0, 0.0, 13.0, 0.0, 4.0, 12.0, 4.0, 15.0, 4.0, 14.0, 10.0, 0.0, 0.0]
B: [0.0, 64.0, 72.20259129788, 81.82668273552001, 84.69783929691, 109.43181018721, 147.94476048971, 175.0, 209.2400855285, 256.0, 261.08428175852, 267.0, 277.4634044651, 289.38614345409997, 309.0, 319.4016530417, 332.1221722921, 351.8085450662, 354.87561744878, 362.52938521374]
