Avion: 7      Iteracion: 62

Num Ruta: 57
Ingresos: 1881.054
Costos: 348.694860137
Utilidad Ruta: 1532.35913986
Costo Reducido: 27.7784332885
Nodos: [107, 30, 16, 51, 65, 14, 49, 3, 38, 23, 18, 53, 58, 22, 57, 19, 25, 60, 31, 54, 66, 717]
q: [0.0, 6.0, 9.0, -9.0, -6.0, 0.0, 0.0, 13.0, -13.0, 5.0, 10.0, -10.0, -5.0, 10.0, -10.0, 6.0, 9.0, -9.0, 9.0, -6.0, -9.0, 0.0]
Q: [0.0, 6.0, 15.0, 6.0, 0.0, 0.0, 0.0, 13.0, 0.0, 5.0, 15.0, 5.0, 0.0, 10.0, 0.0, 6.0, 15.0, 6.0, 15.0, 9.0, 0.0, 0.0]
B: [0.0, 64.0, 72.20259129788, 81.82668273552001, 84.69783929691, 112.49377995381, 124.51549172881, 256.0, 261.08428175852, 267.0, 293.0, 316.8182362487, 326.74376782137, 342.50019181287, 364.25487795177, 402.0, 411.3920072402, 428.57698955029997, 433.39863615700995, 450.50467558760994, 472.92283987460996, 476.55756187222994]
