Avion: 5      Iteracion: 67

Num Ruta: 47
Ingresos: 1221.556
Costos: 362.946293062
Utilidad Ruta: 858.609706938
Costo Reducido: 28.6448817384
Nodos: [105, 16, 51, 35, 70, 22, 57, 18, 53, 28, 31, 63, 66, 715]
q: [0, 9.0, -9.0, 8.0, -8.0, 10.0, -10.0, 10.0, -10.0, 6.0, 9.0, -6.0, -9.0, 0]
Q: [0, 9.0, 0.0, 8.0, 0.0, 10.0, 0.0, 10.0, 0.0, 6.0, 15.0, 9.0, 0.0, 0]
B: [0.0, 36.0, 45.624091437640004, 270.0, 281.922738989, 299.64604976889996, 321.40073590779997, 334.8011725052, 358.61940875389996, 378.0, 406.0, 426.4968799577, 454.9113116606, 468.6640554232]
