Avion: 5      Iteracion: 14

Num Ruta: 17
Ingresos: 640.853
Costos: 373.823831088
Utilidad Ruta: 267.029168912
Costo Reducido: 166.58129868
Nodos: [105, 9, 44, 3, 38, 8, 43, 4, 39, 715]
q: [0, 11.0, -11.0, 13.0, -13.0, 8.0, -8.0, 3.0, -3.0, 0]
Q: [0, 11.0, 0.0, 13.0, 0.0, 8.0, 0.0, 3.0, 0.0, 0]
B: [0.0, 31.4915482312, 61.0187852337, 256.0, 261.08428175852, 414.0, 434.768396616, 529.0, 549.4257496801999, 587.1398410121999]
