Avion: 6      Iteracion: 20

Num Ruta: 19
Ingresos: 1590.436
Costos: 426.604681659
Utilidad Ruta: 1163.83131834
Costo Reducido: 200.831911005
Nodos: [106, 17, 52, 9, 44, 35, 70, 33, 6, 41, 13, 48, 68, 4, 27, 39, 62, 29, 64, 716]
q: [0.0, 5.0, -5.0, 11.0, -11.0, 8.0, -8.0, 5.0, 4.0, -4.0, 10.0, -10.0, -5.0, 3.0, 6.0, -3.0, -6.0, 9.0, -9.0, 0.0]
Q: [0.0, 5.0, 0.0, 11.0, 0.0, 8.0, 0.0, 5.0, 9.0, 5.0, 15.0, 5.0, 0.0, 3.0, 9.0, 6.0, 0.0, 9.0, 0.0, 0.0]
B: [0.0, 24.0, 58.8425537813, 81.72911018459999, 111.25634718709999, 270.0, 281.922738989, 437.0, 463.1548069196, 466.84709631779, 480.25716242499, 497.14031337499, 502.48836367393, 529.0, 546.6147745373, 562.9655871165, 568.38084565142, 603.39799116612, 637.17777094632, 657.57497823062]
