Avion: 4      Iteracion: 57

Num Ruta: 54
Ingresos: 1347.224
Costos: 314.52314505
Utilidad Ruta: 1032.70085495
Costo Reducido: 62.747865991
Nodos: [104, 17, 52, 30, 16, 51, 65, 24, 59, 11, 46, 25, 60, 29, 64, 714]
q: [0.0, 5.0, -5.0, 6.0, 9.0, -9.0, -6.0, 11.0, -11.0, 6.0, -6.0, 10.0, -10.0, 9.0, -9.0, 0.0]
Q: [0.0, 5.0, 0.0, 6.0, 15.0, 6.0, 0.0, 11.0, 0.0, 6.0, 0.0, 10.0, 0.0, 9.0, 0.0, 0.0]
B: [0.0, 24.0, 58.8425537813, 64.0, 72.20259129788, 81.82668273552001, 84.69783929691, 109.43181018721, 147.94476048971, 169.0, 173.05406684701, 410.0, 427.1849823101, 549.0, 582.7797797802, 609.550209829]
