Avion: 6      Iteracion: 36

Num Ruta: 31
Ingresos: 1288.743
Costos: 276.133095355
Utilidad Ruta: 1012.60990465
Costo Reducido: 38.2216096777
Nodos: [106, 17, 52, 30, 16, 51, 65, 33, 68, 29, 27, 64, 62, 716]
q: [0.0, 5.0, -5.0, 11.0, 4.0, -4.0, -11.0, 5.0, -5.0, 9.0, 6.0, -9.0, -6.0, 0.0]
Q: [0.0, 5.0, 0.0, 11.0, 15.0, 11.0, 0.0, 5.0, 0.0, 9.0, 15.0, 6.0, 0.0, 0.0]
B: [0.0, 24.0, 58.8425537813, 64.0, 72.20259129788, 81.82668273552001, 84.69783929691, 437.0, 478.9526650524, 549.0, 574.6018082369, 582.8182362320799, 598.26561380888, 607.97128416182]
