Avion: 1      Iteracion: 49

Num Ruta: 42
Ingresos: 1097.216
Costos: 265.669268571
Utilidad Ruta: 831.546731429
Costo Reducido: 30.2424093293
Nodos: [101, 30, 16, 51, 65, 24, 59, 1, 36, 8, 19, 25, 60, 54, 43, 711]
q: [0.0, 0.0, 9.0, -9.0, 0.0, 11.0, -11.0, 7.0, -7.0, 0.0, 5.0, 10.0, -10.0, -5.0, 0.0, 0.0]
Q: [0.0, 0.0, 9.0, 0.0, 0.0, 11.0, 0.0, 7.0, 0.0, 0.0, 5.0, 15.0, 5.0, 0.0, 0.0, 0.0]
B: [0.0, 64.0, 72.20259129788, 81.82668273552001, 84.69783929691, 109.43181018721, 147.94476048971, 175.0, 209.2400855285, 414.0, 437.1608815463, 446.5528887865, 463.7378710966, 480.5247275325, 483.45284672405995, 489.16197800648996]
