Avion: 6      Iteracion: 3

Num Ruta: 6
Ingresos: 2876.701
Costos: 573.799315253
Utilidad Ruta: 2302.90168475
Costo Reducido: 1904.2556535
Nodos: [106, 17, 52, 9, 44, 14, 49, 3, 38, 35, 70, 22, 57, 18, 53, 28, 63, 8, 33, 43, 68, 4, 39, 2, 37, 716]
q: [0, 5.0, -5.0, 11.0, -11.0, 8.0, -8.0, 13.0, -13.0, 8.0, -8.0, 10.0, -10.0, 10.0, -10.0, 6.0, -6.0, 8.0, 5.0, -8.0, -5.0, 3.0, -3.0, 10.0, -10.0, 0]
Q: [0, 5.0, 0.0, 11.0, 0.0, 8.0, 0.0, 13.0, 0.0, 8.0, 0.0, 10.0, 0.0, 10.0, 0.0, 6.0, 0.0, 8.0, 13.0, 5.0, 0.0, 3.0, 0.0, 10.0, 0.0, 0]
B: [0.0, 24.0, 58.8425537813, 81.72911018459999, 111.25634718709999, 121.5131539026, 133.5348656776, 256.0, 261.08428175852, 274.08526633661995, 286.00800532561993, 303.7313161055199, 325.4860022444199, 338.88643884181994, 362.7046750905199, 378.0, 414.0266187839, 448.6194490382, 462.38410384680003, 485.6584708629, 507.6153519028, 529.0, 549.4257496801999, 558.8802161908, 599.6151782382, 620.0408157068]
