Avion: 1      Iteracion: 0

Num Ruta: 2
Ingresos: 4548.709
Costos: 611.601765111
Utilidad Ruta: 3937.10723489
Costo Reducido: -
Nodos: [101, 17, 52, 30, 16, 51, 65, 24, 59, 1, 36, 3, 38, 23, 58, 26, 61, 22, 57, 8, 19, 54, 43, 21, 5, 40, 27, 56, 2, 62, 37, 711]
q: [0.0, 5.0, -5.0, 11.0, 4.0, -4.0, -11.0, 11.0, -11.0, 7.0, -7.0, 13.0, -13.0, 10.0, -10.0, 10.0, -10.0, 10.0, -10.0, 8.0, 7.0, -7.0, -8.0, 12.0, 3.0, -3.0, 3.0, -12.0, 10.0, -3.0, -10.0, 0.0]
Q: [0.0, 5.0, 0.0, 11.0, 15.0, 11.0, 0.0, 11.0, 0.0, 7.0, 0.0, 13.0, 0.0, 10.0, 0.0, 10.0, 0.0, 10.0, 0.0, 8.0, 15.0, 8.0, 0.0, 12.0, 15.0, 12.0, 15.0, 3.0, 13.0, 10.0, 0.0, 0.0]
B: [0.0, 24.0, 58.8425537813, 64.0, 72.20259129788, 81.82668273552001, 84.69783929691, 109.43181018721, 147.94476048971, 175.0, 209.2400855285, 256.0, 261.08428175852, 267.0, 306.733842905, 326.4202156791, 343.9994436485, 357.6336242986, 379.3883104375, 414.0, 437.1608815463, 463.7879978378, 466.71611702935996, 491.68028873606, 520.29841196246, 521.42010086764, 538.40243669044, 551.57988488804, 575.4308986191401, 586.88297170654, 616.2235020528401, 633.1731692472401]
