Avion: 7      Iteracion: 60

Num Ruta: 56
Ingresos: 1416.087
Costos: 269.793624447
Utilidad Ruta: 1146.29337555
Costo Reducido: 9.89303293289
Nodos: [107, 14, 49, 3, 38, 23, 35, 70, 58, 28, 31, 63, 25, 60, 66, 717]
q: [0.0, 8.0, -8.0, 13.0, -13.0, 7.0, 8.0, -8.0, -7.0, 6.0, 9.0, -6.0, 6.0, -6.0, -9.0, 0.0]
Q: [0.0, 8.0, 0.0, 13.0, 0.0, 7.0, 15.0, 7.0, 0.0, 6.0, 15.0, 9.0, 15.0, 9.0, 0.0, 0.0]
B: [0.0, 112.0, 124.021711775, 256.0, 261.08428175852, 267.0, 277.4634044651, 289.38614345409997, 313.15284696969997, 378.0, 406.0, 426.4968799577, 429.83025857406, 447.01524088416, 471.08977940516, 474.72450140278]
