Avion: 5      Iteracion: 20

Num Ruta: 23
Ingresos: 823.637
Costos: 334.232305227
Utilidad Ruta: 489.404694773
Costo Reducido: 121.378125831
Nodos: [105, 18, 53, 13, 48, 25, 60, 29, 64, 715]
q: [0, 10.0, -10.0, 15.0, -15.0, 10.0, -10.0, 9.0, -9.0, 0]
Q: [0, 10.0, 0.0, 15.0, 0.0, 10.0, 0.0, 9.0, 0.0, 0]
B: [0.0, 293.0, 316.8182362487, 423.0, 439.88315095, 463.8957169312, 481.0806992413, 549.0, 582.7797797802, 630.090723715]
