Avion: 6      Iteracion: 45

Num Ruta: 39
Ingresos: 533.642
Costos: 231.898556233
Utilidad Ruta: 301.743443767
Costo Reducido: 1.68850677949
Nodos: [106, 10, 45, 32, 67, 33, 5, 40, 68, 716]
q: [0, 12.0, -12.0, 11.0, -11.0, 5.0, 9.0, -9.0, -5.0, 0]
Q: [0, 12.0, 0.0, 11.0, 0.0, 5.0, 14.0, 5.0, 0.0, 0]
B: [0.0, 96.0, 125.5195107344, 309.0, 319.4016530417, 437.0, 469.0, 470.12168890518, 499.13406352358, 523.02650745468]
