Avion: 4      Iteracion: 25

Num Ruta: 24
Ingresos: 1712.942
Costos: 409.904932933
Utilidad Ruta: 1303.03706707
Costo Reducido: 70.3122551165
Nodos: [104, 17, 52, 9, 44, 14, 49, 35, 70, 32, 67, 26, 34, 61, 69, 19, 25, 60, 54, 714]
q: [0.0, 5.0, -5.0, 11.0, -11.0, 8.0, -8.0, 8.0, -8.0, 11.0, -11.0, 7.0, 8.0, -7.0, -8.0, 7.0, 8.0, -8.0, -7.0, 0.0]
Q: [0.0, 5.0, 0.0, 11.0, 0.0, 8.0, 0.0, 8.0, 0.0, 11.0, 0.0, 7.0, 15.0, 8.0, 0.0, 7.0, 15.0, 7.0, 0.0, 0.0]
B: [0.0, 24.0, 58.8425537813, 81.72911018459999, 111.25634718709999, 121.5131539026, 133.5348656776, 270.0, 281.922738989, 309.0, 319.4016530417, 332.1221722921, 348.0493993263, 362.9626454183, 387.9493993691, 408.4892156292, 417.88122286939995, 435.06620517949995, 451.85306161539995, 478.10125534369996]
