Avion: 6      Iteracion: 21

Num Ruta: 20
Ingresos: 1428.731
Costos: 260.189381998
Utilidad Ruta: 1168.541618
Costo Reducido: 187.684216872
Nodos: [106, 10, 45, 1, 11, 46, 36, 23, 35, 70, 26, 61, 58, 6, 41, 5, 40, 716]
q: [0.0, 12.0, -12.0, 7.0, 6.0, -6.0, -7.0, 7.0, 8.0, -8.0, 8.0, -8.0, -7.0, 4.0, -4.0, 9.0, -9.0, 0.0]
Q: [0.0, 12.0, 0.0, 7.0, 13.0, 7.0, 0.0, 7.0, 15.0, 7.0, 15.0, 7.0, 0.0, 4.0, 0.0, 9.0, 0.0, 0.0]
B: [0.0, 96.0, 125.5195107344, 175.0, 193.6808285951, 197.73489544211, 232.05062478011, 267.0, 277.4634044651, 289.38614345409997, 303.7370056233, 321.3162335927, 324.38330597528, 436.0, 439.69228939819, 469.0, 470.12168890518, 476.84504297885]
