Avion: 3      Iteracion: 13

Num Ruta: 14
Ingresos: 474.41
Costos: 242.889490284
Utilidad Ruta: 231.520509716
Costo Reducido: 5.72135628291
Nodos: [103, 25, 60, 33, 68, 713]
q: [0, 10.0, -10.0, 5.0, -5.0, 0]
Q: [0, 10.0, 0.0, 5.0, 0.0, 0]
B: [0.0, 410.0, 427.1849823101, 462.7023875222, 504.6550525746, 508.34992807995]
