Avion: 7      Iteracion: 85

Num Ruta: 69
Ingresos: 2314.166
Costos: 420.532502985
Utilidad Ruta: 1893.63349702
Costo Reducido: 5.63376800041
Nodos: [107, 17, 30, 52, 16, 51, 65, 14, 49, 3, 38, 23, 35, 70, 26, 61, 58, 22, 57, 19, 31, 54, 6, 41, 66, 717]
q: [0.0, 5.0, 10.0, -5.0, 5.0, -5.0, -10.0, 8.0, -8.0, 0.0, 0.0, 5.0, 8.0, -8.0, 10.0, -10.0, -5.0, 10.0, -10.0, 6.0, 9.0, -6.0, 4.0, -4.0, -9.0, 0.0]
Q: [0.0, 5.0, 15.0, 10.0, 15.0, 10.0, 0.0, 8.0, 0.0, 0.0, 0.0, 5.0, 13.0, 5.0, 15.0, 5.0, 0.0, 10.0, 0.0, 6.0, 15.0, 9.0, 13.0, 9.0, 0.0, 0.0]
B: [0.0, 45.942580685, 79.556292292, 82.70074677568999, 88.03238611082999, 97.65647754847, 100.52763410985999, 128.32357476675998, 140.34528654175998, 256.0, 261.08428175852, 267.0, 277.4634044651, 289.38614345409997, 303.7370056233, 321.3162335927, 324.38330597528, 340.13972996678, 361.89441610568, 402.0, 423.4250045741, 440.5310440047, 452.32206300219997, 456.01435240038995, 493.3666437892899, 497.0013657869099]
