Avion: 2      Iteracion: 10

Num Ruta: 9
Ingresos: 423.767
Costos: 390.02683136
Utilidad Ruta: 33.7401686398
Costo Reducido: 50.1470234695
Nodos: [102, 16, 51, 22, 57, 712]
q: [0, 9.0, -9.0, 10.0, -10.0, 0]
Q: [0, 9.0, 0.0, 10.0, 0.0, 0]
B: [0.0, 36.0, 45.624091437640004, 299.0, 320.7546861389, 349.76264361610004]
