Avion: 4      Iteracion: 12

Num Ruta: 12
Ingresos: 2093.291
Costos: 490.738824636
Utilidad Ruta: 1602.55217536
Costo Reducido: 85.2937822633
Nodos: [104, 17, 24, 52, 59, 10, 45, 1, 36, 3, 38, 23, 58, 6, 41, 13, 48, 714]
q: [0.0, 4.0, 11.0, -4.0, -11.0, 12.0, -12.0, 7.0, -7.0, 13.0, -13.0, 10.0, -10.0, 4.0, -4.0, 15.0, -15.0, 0.0]
Q: [0.0, 4.0, 15.0, 11.0, 0.0, 12.0, 0.0, 7.0, 0.0, 13.0, 0.0, 10.0, 0.0, 4.0, 0.0, 15.0, 0.0, 0.0]
B: [0.0, 24.0, 75.3872421521, 91.9455254568, 114.35807098379999, 126.14400166409999, 155.6635123985, 194.0828535693, 228.3229390978, 256.0, 261.08428175852, 267.0, 306.733842905, 436.0, 439.69228939819, 453.10235550539, 469.98550645539, 481.66480716219]
