Avion: 1      Iteracion: 37

Num Ruta: 32
Ingresos: 2239.915
Costos: 388.943814742
Utilidad Ruta: 1850.97118526
Costo Reducido: 29.7267904909
Nodos: [101, 30, 65, 24, 59, 1, 36, 23, 35, 70, 26, 61, 58, 27, 2, 62, 37, 711]
q: [0.0, 11.0, -11.0, 11.0, -11.0, 7.0, -7.0, 7.0, 8.0, -8.0, 8.0, -8.0, -7.0, 5.0, 10.0, -5.0, -10.0, 0.0]
Q: [0.0, 11.0, 0.0, 11.0, 0.0, 7.0, 0.0, 7.0, 15.0, 7.0, 15.0, 7.0, 0.0, 5.0, 15.0, 10.0, 0.0, 0.0]
B: [0.0, 64.0, 82.7140226568, 107.4479935471, 145.9609438496, 175.0, 209.2400855285, 267.0, 277.4634044651, 289.38614345409997, 303.7370056233, 321.3162335927, 324.38330597528, 538.0, 563.7839683718, 575.2360414592, 604.5765718055, 621.5262389999]
