Avion: 2      Iteracion: 78

Num Ruta: 51
Ingresos: 1634.089
Costos: 571.410926639
Utilidad Ruta: 1062.67807336
Costo Reducido: 4.59838873062
Nodos: [102, 16, 51, 24, 9, 44, 59, 10, 45, 23, 35, 70, 26, 61, 58, 22, 57, 712]
q: [0.0, 0.0, 0.0, 11.0, 4.0, -4.0, -11.0, 12.0, -12.0, 10.0, 5.0, -5.0, 0.0, 0.0, -10.0, 10.0, -10.0, 0.0]
Q: [0.0, 0.0, 0.0, 11.0, 15.0, 11.0, 0.0, 12.0, 0.0, 10.0, 15.0, 10.0, 10.0, 10.0, 0.0, 10.0, 0.0, 0.0]
B: [0.0, 36.0, 45.624091437640004, 70.85029051714, 77.28716755495999, 106.81440455746, 131.86996797156, 143.65589865185999, 173.17540938626, 267.0, 277.4634044651, 289.38614345409997, 303.7370056233, 321.3162335927, 324.38330597528, 340.13972996678, 361.89441610568, 390.90237358288005]
