Avion: 5      Iteracion: 29

Num Ruta: 30
Ingresos: 598.65
Costos: 332.535191838
Utilidad Ruta: 266.114808161
Costo Reducido: 87.5394591027
Nodos: [105, 9, 44, 18, 53, 34, 69, 715]
q: [0, 11.0, -11.0, 10.0, -10.0, 8.0, -8.0, 0]
Q: [0, 11.0, 0.0, 10.0, 0.0, 8.0, 0.0, 0]
B: [0.0, 31.4915482312, 61.0187852337, 293.0, 316.8182362487, 340.28894720939996, 376.72907742319995, 395.2634556701]
