Avion: 1      Iteracion: 54

Num Ruta: 44
Ingresos: 2755.906
Costos: 536.455010896
Utilidad Ruta: 2219.4509891
Costo Reducido: 25.2726393343
Nodos: [101, 30, 65, 24, 59, 1, 36, 23, 35, 70, 32, 67, 34, 58, 28, 69, 63, 25, 60, 4, 27, 39, 2, 62, 37, 711]
q: [0.0, 11.0, -11.0, 11.0, -11.0, 7.0, -7.0, 4.0, 8.0, -8.0, 11.0, -11.0, 8.0, -4.0, 6.0, -8.0, -6.0, 10.0, -10.0, 3.0, 5.0, -3.0, 10.0, -5.0, -10.0, 0.0]
Q: [0.0, 11.0, 0.0, 11.0, 0.0, 7.0, 0.0, 4.0, 12.0, 4.0, 15.0, 4.0, 12.0, 8.0, 14.0, 6.0, 0.0, 10.0, 0.0, 3.0, 8.0, 5.0, 15.0, 10.0, 0.0, 0.0]
B: [0.0, 64.0, 82.7140226568, 107.4479935471, 145.9609438496, 175.0, 209.2400855285, 267.0, 277.4634044651, 289.38614345409997, 309.0, 319.4016530417, 346.1750898215, 360.4340368373, 378.0, 412.6152135628, 444.56576931700005, 447.89914793336004, 465.08413024346004, 529.0, 546.6147745373, 562.9655871165, 572.4200536271001, 583.8721267145, 613.2126570608, 630.1623242552]
