Avion: 6      Iteracion: 7

Num Ruta: 9
Ingresos: 612.507
Costos: 301.525292655
Utilidad Ruta: 310.981707345
Costo Reducido: 346.534594671
Nodos: [106, 16, 51, 34, 69, 28, 63, 716]
q: [0, 9.0, -9.0, 8.0, -8.0, 6.0, -6.0, 0]
Q: [0, 9.0, 0.0, 8.0, 0.0, 6.0, 0.0, 0]
B: [0.0, 36.0, 45.624091437640004, 322.0, 358.4401302138, 393.0553437766, 429.0819625605, 459.2978913564]
