Avion: 3      Iteracion: 50

Num Ruta: 38
Ingresos: 1417.547
Costos: 271.461984989
Utilidad Ruta: 1146.08501501
Costo Reducido: 22.5573302922
Nodos: [103, 11, 46, 25, 60, 33, 68, 21, 4, 39, 56, 27, 62, 713]
q: [0, 6.0, -6.0, 10.0, -10.0, 5.0, -5.0, 12.0, 3.0, -3.0, -12.0, 6.0, -6.0, 0]
Q: [0, 6.0, 0.0, 10.0, 0.0, 5.0, 0.0, 12.0, 15.0, 12.0, 0.0, 6.0, 0.0, 0]
B: [0.0, 169.0, 173.05406684701, 410.0, 427.1849823101, 462.7023875222, 504.6550525746, 515.5345299518, 530.4823183166, 550.9080679967999, 567.7110124113999, 580.8884606089999, 597.9193229770999, 626.1900432543999]
