Avion: 5      Iteracion: 11

Num Ruta: 14
Ingresos: 2159.357
Costos: 550.212456759
Utilidad Ruta: 1609.14454324
Costo Reducido: 331.263698385
Nodos: [105, 9, 44, 30, 65, 14, 49, 3, 38, 18, 53, 28, 63, 25, 19, 60, 54, 5, 33, 40, 68, 29, 27, 64, 62, 715]
q: [0.0, 11.0, -11.0, 11.0, -11.0, 8.0, -8.0, 13.0, -13.0, 10.0, -10.0, 6.0, -6.0, 8.0, 7.0, -8.0, -7.0, 9.0, 5.0, -9.0, -5.0, 9.0, 6.0, -9.0, -6.0, 0.0]
Q: [0.0, 11.0, 0.0, 11.0, 0.0, 8.0, 0.0, 13.0, 0.0, 10.0, 0.0, 6.0, 0.0, 8.0, 15.0, 7.0, 0.0, 9.0, 14.0, 5.0, 0.0, 9.0, 15.0, 6.0, 0.0, 0.0]
B: [0.0, 31.4915482312, 61.0187852337, 76.8066855691, 95.5207082259, 123.3166488828, 135.3383606578, 256.0, 261.08428175852, 293.0, 316.8182362487, 378.0, 414.0266187839, 417.35999740026, 426.75200464046, 443.42489632125995, 460.21175275715996, 469.0, 482.6981671767, 495.9883458813, 525.0007204997, 549.0, 574.6018082369, 582.8182362320799, 598.26561380888, 630.9205388585799]
