Avion: 1      Iteracion: 25

Num Ruta: 23
Ingresos: 1708.817
Costos: 411.125121857
Utilidad Ruta: 1297.69187814
Costo Reducido: 150.774573908
Nodos: [101, 30, 65, 24, 59, 1, 36, 35, 70, 8, 19, 54, 43, 33, 68, 29, 4, 27, 64, 39, 62, 711]
q: [0.0, 11.0, -11.0, 0.0, 0.0, 7.0, -7.0, 8.0, -8.0, 0.0, 7.0, -7.0, 0.0, 5.0, -5.0, 9.0, 3.0, 3.0, -9.0, -3.0, -3.0, 0.0]
Q: [0.0, 11.0, 0.0, 0.0, 0.0, 7.0, 0.0, 8.0, 0.0, 0.0, 7.0, 0.0, 0.0, 5.0, 0.0, 9.0, 12.0, 15.0, 6.0, 3.0, 0.0, 0.0]
B: [0.0, 64.0, 82.7140226568, 107.4479935471, 145.9609438496, 175.0, 209.2400855285, 270.0, 281.922738989, 414.0, 437.1608815463, 463.7879978378, 466.71611702935996, 489.99048404546, 531.94314909786, 549.0, 569.7100026316, 587.3247771689, 595.54120516408, 607.76027620078, 613.1755347357, 627.2929258899001]
