Avion: 1      Iteracion: 21

Num Ruta: 19
Ingresos: 2166.712
Costos: 434.544497129
Utilidad Ruta: 1732.16750287
Costo Reducido: 199.784809054
Nodos: [101, 30, 16, 51, 65, 24, 59, 1, 36, 23, 35, 70, 26, 61, 58, 34, 69, 19, 25, 60, 8, 54, 43, 711]
q: [0.0, 0.0, 9.0, -9.0, 0.0, 0.0, 0.0, 7.0, -7.0, 7.0, 8.0, -8.0, 8.0, -8.0, -7.0, 8.0, -8.0, 5.0, 10.0, -10.0, 8.0, -5.0, -8.0, 0.0]
Q: [0.0, 0.0, 9.0, 0.0, 0.0, 0.0, 0.0, 7.0, 0.0, 7.0, 15.0, 7.0, 15.0, 7.0, 0.0, 8.0, 0.0, 5.0, 15.0, 5.0, 13.0, 8.0, 0.0, 0.0]
B: [0.0, 64.0, 72.20259129788, 81.82668273552001, 84.69783929691, 109.43181018721, 147.94476048971, 175.0, 209.2400855285, 267.0, 277.4634044651, 289.38614345409997, 303.7370056233, 321.3162335927, 324.38330597528, 338.64225299108, 375.08238320488, 402.0, 411.3920072402, 428.57698955029997, 454.39758940779996, 472.35454883859995, 475.2826680301599, 480.99179931258993]
