Avion: 1      Iteracion: 31

Num Ruta: 28
Ingresos: 1389.735
Costos: 471.119009034
Utilidad Ruta: 918.615990966
Costo Reducido: 72.7475498192
Nodos: [101, 34, 69, 33, 6, 41, 68, 4, 27, 62, 2, 39, 37, 711]
q: [0, 8.0, -8.0, 5.0, 4.0, -4.0, -5.0, 3.0, 6.0, -6.0, 10.0, -3.0, -10.0, 0]
Q: [0, 8.0, 0.0, 5.0, 9.0, 5.0, 0.0, 3.0, 9.0, 3.0, 13.0, 10.0, 0.0, 0]
B: [0.0, 322.0, 358.4401302138, 437.0, 463.1548069196, 466.84709631779, 497.92495713539, 529.0, 546.6147745373, 563.6456369054, 575.0977099928, 584.5521765034, 617.7453872851, 634.6950544795001]
