Avion: 4      Iteracion: 84

Num Ruta: 72
Ingresos: 3036.459
Costos: 545.554127501
Utilidad Ruta: 2490.9048725
Costo Reducido: 23.515526307
Nodos: [104, 17, 52, 24, 9, 44, 59, 10, 45, 1, 36, 3, 38, 23, 35, 70, 32, 67, 58, 28, 31, 66, 63, 25, 60, 29, 64, 714]
q: [0.0, 5.0, -5.0, 11.0, 4.0, -4.0, -11.0, 12.0, -12.0, 7.0, -7.0, 13.0, -13.0, 7.0, 8.0, -8.0, 8.0, -8.0, -7.0, 6.0, 9.0, -9.0, -6.0, 10.0, -10.0, 9.0, -9.0, 0.0]
Q: [0.0, 5.0, 0.0, 11.0, 15.0, 11.0, 0.0, 12.0, 0.0, 7.0, 0.0, 13.0, 0.0, 7.0, 15.0, 7.0, 15.0, 7.0, 0.0, 6.0, 15.0, 6.0, 0.0, 10.0, 0.0, 9.0, 0.0, 0.0]
B: [0.0, 24.0, 58.8425537813, 75.400837086, 81.83771412381999, 111.36495112632, 136.42051454042, 148.20644522071998, 177.72595595511999, 216.14529712592, 250.38538265442, 257.48193456362, 262.56621632213995, 267.0, 277.4634044651, 289.38614345409997, 309.0, 319.4016530417, 351.7919881588, 378.0, 406.0, 434.325479078, 462.7399107809, 466.07328939726, 483.25827170736, 549.0, 582.7797797802, 609.550209829]
