Avion: 5      Iteracion: 25

Num Ruta: 28
Ingresos: 925.377
Costos: 362.747721785
Utilidad Ruta: 562.629278215
Costo Reducido: 57.0681910195
Nodos: [105, 19, 54, 33, 68, 29, 64, 715]
q: [0, 7.0, -7.0, 5.0, -5.0, 9.0, -9.0, 0]
Q: [0, 7.0, 0.0, 5.0, 0.0, 9.0, 0.0, 0]
B: [0.0, 402.0, 428.6271162915, 450.1755100599, 492.12817511229997, 549.0, 582.7797797802, 630.090723715]
