Avion: 2      Iteracion: 30

Num Ruta: 25
Ingresos: 446.316
Costos: 425.386071365
Utilidad Ruta: 20.9299286352
Costo Reducido: 31.8609457105
Nodos: [102, 16, 51, 10, 45, 26, 35, 70, 61, 712]
q: [0.0, 0.0, 0.0, 12.0, -12.0, 7.0, 8.0, -8.0, -7.0, 0.0]
Q: [0.0, 0.0, 0.0, 12.0, 0.0, 7.0, 15.0, 7.0, 0.0, 0.0]
B: [0.0, 36.0, 45.624091437640004, 96.0, 125.5195107344, 300.0, 325.9216408817, 337.8443798707, 358.5644656089, 385.0118534572]
