Avion: 1      Iteracion: 41

Num Ruta: 36
Ingresos: 1021.124
Costos: 408.519925704
Utilidad Ruta: 612.604074296
Costo Reducido: 67.715508571
Nodos: [101, 30, 65, 24, 59, 1, 36, 35, 70, 8, 33, 5, 40, 43, 68, 29, 4, 64, 39, 711]
q: [0.0, 0.0, 0.0, 11.0, -11.0, 0.0, 0.0, 8.0, -8.0, 0.0, 5.0, 0.0, 0.0, 0.0, -5.0, 9.0, 3.0, -9.0, -3.0, 0.0]
Q: [0.0, 0.0, 0.0, 11.0, 0.0, 0.0, 0.0, 8.0, 0.0, 0.0, 5.0, 5.0, 5.0, 5.0, 0.0, 9.0, 12.0, 3.0, 0.0, 0.0]
B: [0.0, 64.0, 82.7140226568, 107.4479935471, 145.9609438496, 175.0, 209.2400855285, 270.0, 281.922738989, 414.0, 437.0, 469.0, 470.12168890518, 480.59966590458, 502.55654694448, 549.0, 569.7100026316, 592.5834067727, 604.8024778094, 621.6115099053]
