Avion: 7      Iteracion: 59

Num Ruta: 55
Ingresos: 1845.356
Costos: 359.802852794
Utilidad Ruta: 1485.55314721
Costo Reducido: 31.2511393471
Nodos: [107, 14, 49, 3, 38, 23, 35, 70, 34, 58, 22, 57, 69, 33, 13, 48, 68, 29, 4, 27, 64, 39, 62, 717]
q: [0.0, 8.0, -8.0, 13.0, -13.0, 7.0, 8.0, -8.0, 8.0, -7.0, 0.0, 0.0, -8.0, 5.0, 10.0, -10.0, -5.0, 9.0, 3.0, 3.0, -9.0, -3.0, -3.0, 0.0]
Q: [0.0, 8.0, 0.0, 13.0, 0.0, 7.0, 15.0, 7.0, 15.0, 8.0, 8.0, 8.0, 0.0, 5.0, 15.0, 5.0, 0.0, 9.0, 12.0, 15.0, 6.0, 3.0, 0.0, 0.0]
B: [0.0, 112.0, 124.021711775, 256.0, 261.08428175852, 267.0, 277.4634044651, 289.38614345409997, 322.0, 336.2589470158, 352.0153710073, 373.77005714620003, 384.3603074737, 437.0, 462.372931896, 479.256082846, 484.60413314494, 549.0, 569.7100026316, 587.3247771689, 595.54120516408, 607.76027620078, 613.1755347357, 636.6205230488]
