Avion: 6      Iteracion: 51

Num Ruta: 42
Ingresos: 819.629
Costos: 170.40696358
Utilidad Ruta: 649.22203642
Costo Reducido: 42.0591892388
Nodos: [106, 6, 41, 5, 40, 2, 27, 37, 4, 39, 62, 716]
q: [0.0, 0.0, 0.0, 0.0, 0.0, 10.0, 5.0, -10.0, 3.0, -3.0, -5.0, 0.0]
Q: [0.0, 0.0, 0.0, 0.0, 0.0, 10.0, 15.0, 5.0, 8.0, 5.0, 0.0, 0.0]
B: [0.0, 436.0, 439.69228939819, 469.0, 470.12168890518, 522.0, 547.7839683718, 572.749620336, 586.2003761512, 606.6261258314, 612.04138436632, 621.7470547192601]
