Avion: 2      Iteracion: 49

Num Ruta: 34
Ingresos: 1601.673
Costos: 580.835385748
Utilidad Ruta: 1020.83761425
Costo Reducido: 47.1539778963
Nodos: [102, 16, 51, 9, 44, 1, 36, 23, 35, 70, 18, 53, 58, 13, 48, 31, 66, 712]
q: [0.0, 9.0, -9.0, 11.0, -11.0, 7.0, -7.0, 5.0, 8.0, -8.0, 10.0, -10.0, -5.0, 15.0, -15.0, 9.0, -9.0, 0.0]
Q: [0.0, 9.0, 0.0, 11.0, 0.0, 7.0, 0.0, 5.0, 13.0, 5.0, 15.0, 5.0, 0.0, 15.0, 0.0, 9.0, 0.0, 0.0]
B: [0.0, 36.0, 45.624091437640004, 75.68094759394, 105.20818459644, 175.0, 209.2400855285, 267.0, 277.4634044651, 289.38614345409997, 309.80429657819997, 333.62253282689994, 343.54806439956997, 423.0, 439.88315095, 444.3406643824, 472.6661434604, 498.5592031676]
