Avion: 5      Iteracion: 9

Num Ruta: 12
Ingresos: 1327.655
Costos: 479.460406067
Utilidad Ruta: 848.194593933
Costo Reducido: 114.095760658
Nodos: [105, 9, 44, 14, 49, 11, 46, 1, 36, 23, 32, 67, 26, 61, 58, 715]
q: [0.0, 11.0, -11.0, 8.0, -8.0, 6.0, -6.0, 7.0, -7.0, 5.0, 10.0, -10.0, 10.0, -10.0, -5.0, 0.0]
Q: [0.0, 11.0, 0.0, 8.0, 0.0, 6.0, 0.0, 7.0, 0.0, 5.0, 15.0, 5.0, 15.0, 5.0, 0.0, 0.0]
B: [0.0, 31.4915482312, 61.0187852337, 112.0, 124.021711775, 169.0, 173.05406684701, 195.72351838431, 229.96360391281002, 267.0, 309.0, 319.4016530417, 332.1221722921, 349.7014002615, 352.76847264408, 398.59574134948]
