Avion: 7      Iteracion: 45

Num Ruta: 44
Ingresos: 1560.97
Costos: 369.247882437
Utilidad Ruta: 1191.72211756
Costo Reducido: 104.723283005
Nodos: [107, 14, 49, 3, 38, 23, 35, 70, 26, 34, 61, 58, 22, 57, 69, 33, 13, 48, 68, 29, 4, 39, 64, 717]
q: [0.0, 0.0, 0.0, 0.0, 0.0, 0.0, 8.0, -8.0, 7.0, 8.0, -7.0, 0.0, 7.0, -7.0, -8.0, 5.0, 10.0, -10.0, -5.0, 9.0, 3.0, -3.0, -9.0, 0.0]
Q: [0.0, 0.0, 0.0, 0.0, 0.0, 0.0, 8.0, 0.0, 7.0, 15.0, 8.0, 8.0, 15.0, 8.0, 0.0, 5.0, 15.0, 5.0, 0.0, 9.0, 12.0, 9.0, 0.0, 0.0]
B: [0.0, 112.0, 124.021711775, 256.0, 261.08428175852, 267.0, 277.4634044651, 289.38614345409997, 303.7370056233, 322.0, 336.913246092, 339.98031847458003, 355.73674246608005, 377.49142860498006, 388.08167893248003, 437.0, 462.372931896, 479.256082846, 484.60413314494, 549.0, 569.7100026316, 590.1357523117999, 602.3548233485, 639.8192121064]
