Avion: 6      Iteracion: 30

Num Ruta: 28
Ingresos: 1536.022
Costos: 379.912713599
Utilidad Ruta: 1156.1092864
Costo Reducido: 47.3471745777
Nodos: [106, 35, 70, 26, 61, 34, 69, 33, 5, 40, 68, 27, 2, 62, 37, 716]
q: [0.0, 8.0, -8.0, 10.0, -10.0, 8.0, -8.0, 5.0, 9.0, -9.0, -5.0, 5.0, 10.0, -5.0, -10.0, 0.0]
Q: [0.0, 8.0, 0.0, 10.0, 0.0, 8.0, 0.0, 5.0, 14.0, 5.0, 0.0, 5.0, 15.0, 10.0, 0.0, 0.0]
B: [0.0, 270.0, 281.922738989, 300.0, 317.5792279694, 332.4924740614, 368.9326042752, 437.0, 469.0, 470.12168890518, 499.13406352358, 538.0, 563.7839683718, 575.2360414592, 604.5765718055, 625.0022092741]
