Avion: 5      Iteracion: 30

Num Ruta: 31
Ingresos: 1010.605
Costos: 393.670648251
Utilidad Ruta: 616.934351749
Costo Reducido: 31.8119293928
Nodos: [105, 30, 16, 51, 65, 35, 70, 22, 57, 18, 53, 29, 27, 64, 62, 715]
q: [0.0, 0.0, 0.0, 0.0, 0.0, 8.0, -8.0, 10.0, -10.0, 10.0, -10.0, 9.0, 6.0, -9.0, -6.0, 0.0]
Q: [0.0, 0.0, 0.0, 0.0, 0.0, 8.0, 0.0, 10.0, 0.0, 10.0, 0.0, 9.0, 15.0, 6.0, 0.0, 0.0]
B: [0.0, 64.0, 72.20259129788, 81.82668273552001, 84.69783929691, 270.0, 281.922738989, 299.64604976889996, 321.40073590779997, 334.8011725052, 358.61940875389996, 549.0, 574.6018082369, 582.8182362320799, 598.26561380888, 630.9205388585799]
