Avion: 5      Iteracion: 10

Num Ruta: 13
Ingresos: 2421.276
Costos: 537.884563578
Utilidad Ruta: 1883.39143642
Costo Reducido: 261.064860169
Nodos: [105, 10, 45, 22, 57, 18, 53, 28, 31, 63, 19, 66, 54, 6, 41, 21, 4, 56, 39, 715]
q: [0.0, 12.0, -12.0, 10.0, -10.0, 10.0, -10.0, 6.0, 9.0, -6.0, 6.0, -9.0, -6.0, 4.0, -4.0, 12.0, 3.0, -12.0, -3.0, 0.0]
Q: [0.0, 12.0, 0.0, 10.0, 0.0, 10.0, 0.0, 6.0, 15.0, 9.0, 15.0, 6.0, 0.0, 4.0, 0.0, 12.0, 15.0, 3.0, 0.0, 0.0]
B: [0.0, 96.0, 125.5195107344, 299.0, 320.7546861389, 334.15512273630003, 357.973358985, 378.0, 406.0, 426.4968799577, 439.0326732314, 455.1338900798, 477.5520543668, 489.3430733643, 493.03536276248997, 529.7166116643899, 544.6644000291899, 573.8341974401899, 590.6371418547899, 628.3512331867898]
