Avion: 4      Iteracion: 13

Num Ruta: 13
Ingresos: 2366.784
Costos: 479.033367304
Utilidad Ruta: 1887.7506327
Costo Reducido: 267.362813252
Nodos: [104, 17, 52, 30, 65, 10, 45, 1, 11, 46, 36, 35, 70, 26, 61, 22, 57, 25, 60, 29, 64, 714]
q: [0, 5.0, -5.0, 11.0, -11.0, 12.0, -12.0, 7.0, 6.0, -6.0, -7.0, 8.0, -8.0, 10.0, -10.0, 10.0, -10.0, 10.0, -10.0, 9.0, -9.0, 0]
Q: [0, 5.0, 0.0, 11.0, 0.0, 12.0, 0.0, 7.0, 13.0, 7.0, 0.0, 8.0, 0.0, 10.0, 0.0, 10.0, 0.0, 10.0, 0.0, 9.0, 0.0, 0]
B: [0.0, 24.0, 58.8425537813, 64.0, 82.7140226568, 101.4070729429, 130.92658367730002, 175.0, 193.6808285951, 197.73489544211, 232.05062478011, 270.0, 281.922738989, 300.0, 317.5792279694, 331.2134086195, 352.9680947584, 410.0, 427.1849823101, 549.0, 582.7797797802, 609.550209829]
