Avion: 2      Iteracion: 45

Num Ruta: 33
Ingresos: 525.843
Costos: 364.400833725
Utilidad Ruta: 161.442166275
Costo Reducido: 13.1959887211
Nodos: [102, 16, 51, 10, 45, 26, 61, 712]
q: [0, 9.0, -9.0, 12.0, -12.0, 10.0, -10.0, 0]
Q: [0, 9.0, 0.0, 12.0, 0.0, 10.0, 0.0, 0]
B: [0.0, 36.0, 45.624091437640004, 96.0, 125.5195107344, 300.0, 317.5792279694, 344.0266158177]
