Avion: 2      Iteracion: 28

Num Ruta: 23
Ingresos: 67.416
Costos: 385.757205656
Utilidad Ruta: -318.341205656
Costo Reducido: 5.37080486391
Nodos: [102, 70, 35, 712]
q: [0, -8.0, 8.0, 0]
Q: [0, 1, 9.0, 0]
B: [0.0, 281.0, 292.922738989, 322.6674153194]
