Avion: 4      Iteracion: 45

Num Ruta: 42
Ingresos: 1983.13
Costos: 385.089616896
Utilidad Ruta: 1598.0403831
Costo Reducido: 23.9336721218
Nodos: [104, 17, 52, 9, 44, 22, 57, 25, 60, 31, 33, 66, 68, 29, 64, 714]
q: [0, 5.0, -5.0, 11.0, -11.0, 10.0, -10.0, 10.0, -10.0, 9.0, 5.0, -9.0, -5.0, 9.0, -9.0, 0]
Q: [0, 5.0, 0.0, 11.0, 0.0, 10.0, 0.0, 10.0, 0.0, 9.0, 14.0, 5.0, 0.0, 9.0, 0.0, 0]
B: [0.0, 24.0, 58.8425537813, 81.72911018459999, 111.25634718709999, 299.0, 320.7546861389, 410.0, 427.1849823101, 432.00662891681, 469.50789920201, 491.90606064441, 522.85785149731, 549.0, 582.7797797802, 609.550209829]
