Avion: 5      Iteracion: 5

Num Ruta: 8
Ingresos: 2771.201
Costos: 594.004401933
Utilidad Ruta: 2177.19659807
Costo Reducido: 1000.6388758
Nodos: [105, 30, 65, 14, 49, 23, 22, 57, 18, 58, 53, 28, 63, 25, 60, 8, 5, 40, 43, 6, 41, 4, 27, 62, 2, 39, 37, 715]
q: [0.0, 11.0, -11.0, 8.0, -8.0, 5.0, 10.0, -10.0, 10.0, -5.0, -10.0, 6.0, -6.0, 10.0, -10.0, 8.0, 7.0, -7.0, -8.0, 4.0, -4.0, 3.0, 6.0, -6.0, 10.0, -3.0, -10.0, 0.0]
Q: [0.0, 11.0, 0.0, 8.0, 0.0, 5.0, 15.0, 5.0, 15.0, 10.0, 0.0, 6.0, 0.0, 10.0, 0.0, 8.0, 15.0, 8.0, 0.0, 4.0, 0.0, 3.0, 9.0, 3.0, 13.0, 10.0, 0.0, 0.0]
B: [0.0, 64.0, 82.7140226568, 112.0, 124.021711775, 267.0, 299.0, 320.7546861389, 334.15512273630003, 359.594434146, 369.51996571867005, 378.6534684969001, 414.6800872808001, 418.0134658971601, 435.19844820726007, 461.01904806476006, 473.94741725816004, 475.06910616334005, 485.54708316274, 494.73775479217, 498.43004419036, 529.0, 546.6147745373, 563.6456369054, 575.0977099928, 584.5521765034, 617.7453872851, 653.7499304012]
