Avion: 4      Iteracion: 22

Num Ruta: 21
Ingresos: 1698.049
Costos: 460.827875271
Utilidad Ruta: 1237.22112473
Costo Reducido: 223.100924715
Nodos: [104, 17, 52, 24, 9, 44, 59, 10, 45, 32, 67, 26, 61, 31, 66, 25, 60, 29, 4, 39, 64, 714]
q: [0.0, 0.0, 0.0, 4.0, 11.0, -11.0, -4.0, 12.0, -12.0, 11.0, -11.0, 10.0, -10.0, 9.0, -9.0, 10.0, -10.0, 9.0, 3.0, -3.0, -9.0, 0.0]
Q: [0.0, 0.0, 0.0, 4.0, 15.0, 4.0, 0.0, 12.0, 0.0, 11.0, 0.0, 10.0, 0.0, 9.0, 0.0, 10.0, 0.0, 9.0, 12.0, 9.0, 0.0, 0.0]
B: [0.0, 24.0, 58.8425537813, 75.400837086, 81.83771412381999, 111.36495112632, 136.42051454042, 148.20644522071998, 177.72595595511999, 309.0, 319.4016530417, 332.1221722921, 349.7014002615, 406.0, 434.325479078, 459.752616235, 476.9375985451, 549.0, 569.7100026316, 590.1357523117999, 602.3548233485, 629.1252533973]
