Avion: 4      Iteracion: 24

Num Ruta: 23
Ingresos: 3258.295
Costos: 550.801504463
Utilidad Ruta: 2707.49349554
Costo Reducido: 132.631850209
Nodos: [104, 17, 52, 9, 44, 3, 38, 23, 35, 70, 32, 67, 34, 58, 69, 13, 48, 25, 60, 21, 56, 2, 37, 29, 64, 714]
q: [0.0, 5.0, -5.0, 11.0, -11.0, 13.0, -13.0, 4.0, 8.0, -8.0, 11.0, -11.0, 8.0, -4.0, -8.0, 15.0, -15.0, 10.0, -10.0, 12.0, -12.0, 10.0, -10.0, 9.0, -9.0, 0.0]
Q: [0.0, 5.0, 0.0, 11.0, 0.0, 13.0, 0.0, 4.0, 12.0, 4.0, 15.0, 4.0, 12.0, 8.0, 0.0, 15.0, 0.0, 10.0, 0.0, 12.0, 0.0, 10.0, 0.0, 9.0, 0.0, 0.0]
B: [0.0, 24.0, 58.8425537813, 81.72911018459999, 111.25634718709999, 256.0, 261.08428175852, 267.0, 277.4634044651, 289.38614345409997, 309.0, 319.4016530417, 346.1750898215, 360.4340368373, 388.28712463740004, 423.0, 439.88315095, 463.8957169312, 481.0806992413, 489.2494127263, 529.9882034055, 553.8392171366, 594.5741791840001, 604.37891972111, 638.15869950131, 664.92912955011]
