Avion: 4      Iteracion: 48

Num Ruta: 45
Ingresos: 1164.449
Costos: 296.890481169
Utilidad Ruta: 867.558518831
Costo Reducido: 31.0312745652
Nodos: [104, 17, 52, 16, 51, 11, 46, 25, 60, 29, 4, 39, 64, 714]
q: [0, 5.0, -5.0, 9.0, -9.0, 6.0, -6.0, 10.0, -10.0, 9.0, 3.0, -3.0, -9.0, 0]
Q: [0, 5.0, 0.0, 9.0, 0.0, 6.0, 0.0, 10.0, 0.0, 9.0, 12.0, 9.0, 0.0, 0]
B: [0.0, 24.0, 58.8425537813, 64.17419311644, 73.79828455408, 169.0, 173.05406684701, 410.0, 427.1849823101, 549.0, 569.7100026316, 590.1357523117999, 602.3548233485, 629.1252533973]
