Avion: 2      Iteracion: 36

Num Ruta: 30
Ingresos: 640.23
Costos: 519.479037722
Utilidad Ruta: 120.750962278
Costo Reducido: 19.1692805134
Nodos: [102, 9, 12, 44, 30, 16, 51, 65, 47, 10, 45, 26, 35, 70, 61, 712]
q: [0.0, 11.0, 0.0, -11.0, 11.0, 4.0, -4.0, -11.0, 0.0, 12.0, -12.0, 0.0, 8.0, -8.0, 0.0, 0.0]
Q: [0.0, 11.0, 11.0, 0.0, 11.0, 15.0, 11.0, 0.0, 0.0, 12.0, 0.0, 0.0, 8.0, 0.0, 0.0, 0.0]
B: [0.0, 29.8362865317, 54.0, 64.7870367571, 80.5749370925, 88.77752839038, 98.40161982802, 101.27277638941, 124.06863445620999, 132.78640481335998, 162.30591554775998, 300.0, 325.9216408817, 337.8443798707, 358.5644656089, 385.0118534572]
