Avion: 1      Iteracion: 17

Num Ruta: 15
Ingresos: 2428.871
Costos: 506.161536828
Utilidad Ruta: 1922.70946317
Costo Reducido: 208.919014185
Nodos: [101, 30, 65, 24, 59, 1, 36, 3, 38, 35, 70, 19, 8, 33, 54, 43, 13, 48, 68, 21, 5, 40, 4, 56, 27, 39, 62, 711]
q: [0.0, 0.0, 0.0, 11.0, -11.0, 7.0, -7.0, 13.0, -13.0, 8.0, -8.0, 7.0, 3.0, 5.0, -7.0, -3.0, 10.0, -10.0, -5.0, 12.0, 3.0, -3.0, 3.0, -12.0, 6.0, -3.0, -6.0, 0.0]
Q: [0.0, 0.0, 0.0, 11.0, 0.0, 7.0, 0.0, 13.0, 0.0, 8.0, 0.0, 7.0, 10.0, 15.0, 8.0, 5.0, 15.0, 5.0, 0.0, 12.0, 15.0, 12.0, 15.0, 3.0, 9.0, 6.0, 0.0, 0.0]
B: [0.0, 64.0, 82.7140226568, 107.4479935471, 145.9609438496, 175.0, 209.2400855285, 256.0, 261.08428175852, 274.08526633661995, 286.00800532561993, 402.0, 425.1608815463, 438.92553635490003, 460.4739301233, 463.40204931486, 465.61272545577, 482.49587640577, 487.84392670471, 498.72340408190996, 527.34152730831, 528.46321621349, 541.75610468819, 570.92590209919, 584.10335029679, 600.45416287599, 605.86942141091, 619.9868125651101]
