Avion: 1      Iteracion: 71

Num Ruta: 53
Ingresos: 1810.134
Costos: 384.966090958
Utilidad Ruta: 1425.16790904
Costo Reducido: 11.9746190953
Nodos: [101, 30, 16, 51, 65, 24, 59, 1, 36, 8, 19, 54, 43, 33, 68, 29, 4, 64, 39, 711]
q: [0.0, 6.0, 9.0, -9.0, -6.0, 11.0, -11.0, 7.0, -7.0, 0.0, 7.0, -7.0, 0.0, 5.0, -5.0, 9.0, 3.0, -9.0, -3.0, 0.0]
Q: [0.0, 6.0, 15.0, 6.0, 0.0, 11.0, 0.0, 7.0, 0.0, 0.0, 7.0, 0.0, 0.0, 5.0, 0.0, 9.0, 12.0, 3.0, 0.0, 0.0]
B: [0.0, 64.0, 72.20259129788, 81.82668273552001, 84.69783929691, 109.43181018721, 147.94476048971, 175.0, 209.2400855285, 414.0, 437.1608815463, 463.7879978378, 466.71611702935996, 489.99048404546, 531.94314909786, 549.0, 569.7100026316, 592.5834067727, 604.8024778094, 621.6115099053]
