Avion: 7      Iteracion: 0

Num Ruta: 2
Ingresos: 4299.71
Costos: 702.353732905
Utilidad Ruta: 3597.3562671
Costo Reducido: -
Nodos: [107, 17, 16, 51, 52, 30, 65, 10, 45, 1, 36, 3, 38, 23, 58, 26, 61, 22, 57, 19, 8, 54, 43, 31, 66, 21, 4, 39, 56, 717]
q: [0, 5.0, 9.0, -9.0, -5.0, 11.0, -11.0, 12.0, -12.0, 7.0, -7.0, 13.0, -13.0, 10.0, -10.0, 10.0, -10.0, 10.0, -10.0, 7.0, 8.0, -7.0, -8.0, 9.0, -9.0, 12.0, 3.0, -3.0, -12.0, 0]
Q: [0, 5.0, 14.0, 5.0, 0.0, 11.0, 0.0, 12.0, 0.0, 7.0, 0.0, 13.0, 0.0, 10.0, 0.0, 10.0, 0.0, 10.0, 0.0, 7.0, 15.0, 8.0, 0.0, 9.0, 0.0, 12.0, 15.0, 12.0, 0.0, 0]
B: [0.0, 45.942580685, 80.7440576652, 90.36814910284001, 105.01591787494, 108.16037235863, 126.87439501543, 145.56744530153, 175.08695603593, 213.50629720673, 247.74638273523001, 256.0, 261.08428175852, 267.0, 306.733842905, 326.4202156791, 343.9994436485, 357.6336242986, 379.3883104375, 402.0, 425.1608815463, 443.1178409771, 446.04596016866, 463.15858150495995, 491.48406058295996, 514.94989926386, 529.8976876286599, 550.3234373088599, 567.1263817234599, 610.7426526896598]
