Avion: 1      Iteracion: 53

Num Ruta: 43
Ingresos: 2795.19
Costos: 513.703393438
Utilidad Ruta: 2281.48660656
Costo Reducido: 52.8551031039
Nodos: [101, 30, 65, 24, 59, 1, 36, 23, 18, 53, 58, 34, 28, 69, 63, 25, 60, 4, 2, 39, 37, 711]
q: [0.0, 11.0, -11.0, 11.0, -11.0, 7.0, -7.0, 5.0, 10.0, -10.0, -5.0, 8.0, 6.0, -8.0, -6.0, 10.0, -10.0, 3.0, 10.0, -3.0, -10.0, 0.0]
Q: [0.0, 11.0, 0.0, 11.0, 0.0, 7.0, 0.0, 5.0, 15.0, 5.0, 0.0, 8.0, 14.0, 6.0, 0.0, 10.0, 0.0, 3.0, 13.0, 10.0, 0.0, 0.0]
B: [0.0, 64.0, 82.7140226568, 107.4479935471, 145.9609438496, 175.0, 209.2400855285, 267.0, 293.0, 316.8182362487, 326.74376782137, 341.00271483717, 378.0, 412.6152135628, 444.56576931700005, 447.89914793336004, 465.08413024346004, 529.0, 556.3715326023, 565.8259991129, 599.0192098946001, 615.9688770890001]
