Avion: 7      Iteracion: 65

Num Ruta: 59
Ingresos: 2932.736
Costos: 430.197708841
Utilidad Ruta: 2502.53829116
Costo Reducido: 31.7518519163
Nodos: [107, 14, 49, 3, 38, 23, 35, 70, 34, 58, 22, 57, 69, 19, 8, 33, 54, 43, 13, 48, 68, 21, 4, 56, 27, 62, 39, 717]
q: [0.0, 8.0, -8.0, 13.0, -13.0, 7.0, 8.0, -8.0, 8.0, -7.0, 7.0, -7.0, -8.0, 7.0, 3.0, 5.0, -7.0, -3.0, 10.0, -10.0, -5.0, 12.0, 3.0, -12.0, 6.0, -6.0, -3.0, 0.0]
Q: [0.0, 8.0, 0.0, 13.0, 0.0, 7.0, 15.0, 7.0, 15.0, 8.0, 15.0, 8.0, 0.0, 7.0, 10.0, 15.0, 8.0, 5.0, 15.0, 5.0, 0.0, 12.0, 15.0, 3.0, 9.0, 3.0, 0.0, 0.0]
B: [0.0, 112.0, 124.021711775, 256.0, 261.08428175852, 267.0, 277.4634044651, 289.38614345409997, 322.0, 336.2589470158, 352.0153710073, 373.77005714620003, 384.3603074737, 404.9001237338, 428.0610052801, 441.82566008870003, 463.3740538571, 466.30217304866, 468.51284918957, 485.39600013957, 490.74405043851, 501.62352781570996, 529.0, 558.169797411, 571.3472456086, 588.3781079767, 593.79336651162, 622.54083422622]
