Avion: 1      Iteracion: 20

Num Ruta: 18
Ingresos: 2125.346
Costos: 409.746267304
Utilidad Ruta: 1715.5997327
Costo Reducido: 189.212802986
Nodos: [101, 17, 52, 30, 65, 24, 59, 1, 36, 8, 19, 54, 43, 13, 48, 4, 27, 39, 2, 62, 37, 711]
q: [0.0, 5.0, -5.0, 11.0, -11.0, 0.0, 0.0, 7.0, -7.0, 8.0, 0.0, 0.0, -8.0, 15.0, -15.0, 3.0, 5.0, -3.0, 10.0, -5.0, -10.0, 0.0]
Q: [0.0, 5.0, 0.0, 11.0, 0.0, 0.0, 0.0, 7.0, 0.0, 8.0, 8.0, 8.0, 0.0, 15.0, 0.0, 3.0, 8.0, 5.0, 15.0, 10.0, 0.0, 0.0]
B: [0.0, 24.0, 58.8425537813, 64.0, 82.7140226568, 107.4479935471, 145.9609438496, 175.0, 209.2400855285, 414.0, 437.1608815463, 463.7879978378, 466.71611702935996, 468.92679317026995, 485.80994412026996, 529.0, 546.6147745373, 562.9655871165, 572.4200536271001, 583.8721267145, 613.2126570608, 630.1623242552]
