Avion: 3      Iteracion: 60

Num Ruta: 40
Ingresos: 434.438
Costos: 232.759021052
Utilidad Ruta: 201.678978948
Costo Reducido: 5.59881058041
Nodos: [103, 11, 46, 35, 70, 32, 67, 33, 68, 713]
q: [0, 6.0, -6.0, 8.0, -8.0, 11.0, -11.0, 5.0, -5.0, 0]
Q: [0, 6.0, 0.0, 8.0, 0.0, 11.0, 0.0, 5.0, 0.0, 0]
B: [0.0, 169.0, 173.05406684701, 270.0, 281.922738989, 309.0, 319.4016530417, 437.0, 478.9526650524, 482.64754055775]
