Avion: 2      Iteracion: 13

Num Ruta: 12
Ingresos: 423.656
Costos: 429.513078279
Utilidad Ruta: -5.8570782785
Costo Reducido: 83.4139595383
Nodos: [102, 22, 70, 35, 57, 712]
q: [0.0, 10.0, -8.0, 8.0, -10.0, 0.0]
Q: [0.0, 10.0, 2.0, 10.0, 0.0, 0.0]
B: [0.0, 299.0, 316.7233107799, 328.64604976889996, 339.15114305739996, 368.1591005346]
