Avion: 6      Iteracion: 24

Num Ruta: 23
Ingresos: 1304.319
Costos: 279.410512853
Utilidad Ruta: 1024.90848715
Costo Reducido: 47.7414890418
Nodos: [106, 17, 10, 52, 45, 2, 37, 4, 39, 716]
q: [0.0, 5.0, 10.0, -5.0, -10.0, 10.0, -10.0, 3.0, -3.0, 0.0]
Q: [0.0, 5.0, 15.0, 10.0, 0.0, 10.0, 0.0, 3.0, 0.0, 0.0]
B: [0.0, 24.0, 96.0, 113.2607991993, 147.8505213867, 522.0, 562.7349620474, 576.1857178626, 596.6114675428, 611.2885823819]
