Avion: 6      Iteracion: 13

Num Ruta: 14
Ingresos: 1431.634
Costos: 345.275845579
Utilidad Ruta: 1086.35815442
Costo Reducido: 189.094984038
Nodos: [106, 17, 52, 30, 65, 10, 45, 32, 67, 26, 61, 13, 48, 25, 60, 716]
q: [0, 5.0, -5.0, 11.0, -11.0, 12.0, -12.0, 11.0, -11.0, 10.0, -10.0, 15.0, -15.0, 10.0, -10.0, 0]
Q: [0, 5.0, 0.0, 11.0, 0.0, 12.0, 0.0, 11.0, 0.0, 10.0, 0.0, 15.0, 0.0, 10.0, 0.0, 0]
B: [0.0, 24.0, 58.8425537813, 64.0, 82.7140226568, 101.4070729429, 130.92658367730002, 309.0, 319.4016530417, 332.1221722921, 349.7014002615, 423.0, 439.88315095, 463.8957169312, 481.0806992413, 498.38442707670004]
