Avion: 3      Iteracion: 10

Num Ruta: 13
Ingresos: 732.179
Costos: 262.917372199
Utilidad Ruta: 469.261627801
Costo Reducido: 109.572013694
Nodos: [103, 25, 60, 31, 66, 33, 68, 713]
q: [0, 10.0, -10.0, 9.0, -9.0, 5.0, -5.0, 0]
Q: [0, 10.0, 0.0, 9.0, 0.0, 5.0, 0.0, 0]
B: [0.0, 410.0, 427.1849823101, 432.00662891681, 460.33210799481, 482.73026943721, 524.68293448961, 528.37780999496]
