Avion: 7      Iteracion: 26

Num Ruta: 28
Ingresos: 1420.256
Costos: 296.975383432
Utilidad Ruta: 1123.28061657
Costo Reducido: 139.693999802
Nodos: [107, 14, 49, 3, 38, 23, 58, 34, 69, 33, 5, 40, 68, 717]
q: [0, 8.0, -8.0, 13.0, -13.0, 10.0, -10.0, 8.0, -8.0, 5.0, 9.0, -9.0, -5.0, 0]
Q: [0, 8.0, 0.0, 13.0, 0.0, 10.0, 0.0, 8.0, 0.0, 5.0, 14.0, 5.0, 0.0, 0]
B: [0.0, 112.0, 124.021711775, 256.0, 261.08428175852, 267.0, 306.733842905, 322.0, 358.4401302138, 437.0, 469.0, 470.12168890518, 499.13406352358, 533.6698119156799]
