Avion: 5      Iteracion: 49

Num Ruta: 41
Ingresos: 433.049
Costos: 220.517385382
Utilidad Ruta: 212.531614618
Costo Reducido: 44.4387833078
Nodos: [105, 18, 53, 31, 66, 715]
q: [0, 10.0, -10.0, 9.0, -9.0, 0]
Q: [0, 10.0, 0.0, 9.0, 0.0, 0]
B: [0.0, 293.0, 316.8182362487, 406.0, 434.325479078, 448.0782228406]
