Avion: 2      Iteracion: 23

Num Ruta: 21
Ingresos: 701.557
Costos: 435.898027923
Utilidad Ruta: 265.658972077
Costo Reducido: 18.8640332927
Nodos: [102, 16, 51, 9, 12, 44, 47, 10, 45, 26, 61, 712]
q: [0, 9.0, -9.0, 11.0, 0.0, -11.0, -0.0, 12.0, -12.0, 10.0, -10.0, 0]
Q: [0, 9.0, 0.0, 11.0, 11.0, 0.0, 0.0, 12.0, 0.0, 10.0, 0.0, 0]
B: [0.0, 36.0, 45.624091437640004, 75.68094759394, 96.51567151824, 107.30270827534, 144.23279248864, 152.95056284579, 182.47007358019, 300.0, 317.5792279694, 344.0266158177]
