Avion: 7      Iteracion: 9

Num Ruta: 12
Ingresos: 2082.253
Costos: 452.91293927
Utilidad Ruta: 1629.34006073
Costo Reducido: 285.455182116
Nodos: [107, 9, 44, 14, 49, 3, 38, 23, 22, 57, 18, 58, 53, 28, 31, 63, 66, 8, 43, 6, 41, 27, 62, 717]
q: [0.0, 11.0, -11.0, 8.0, -8.0, 0.0, 0.0, 5.0, 10.0, -10.0, 10.0, -5.0, -10.0, 6.0, 9.0, -6.0, -9.0, 8.0, -8.0, 4.0, -4.0, 6.0, -6.0, 0.0]
Q: [0.0, 11.0, 0.0, 8.0, 0.0, 0.0, 0.0, 5.0, 15.0, 5.0, 15.0, 10.0, 0.0, 6.0, 15.0, 9.0, 0.0, 8.0, 0.0, 4.0, 0.0, 6.0, 0.0, 0.0]
B: [0.0, 46.0648734938, 75.5921104963, 112.0, 124.021711775, 256.0, 261.08428175852, 267.0, 299.0, 320.7546861389, 334.15512273630003, 359.594434146, 369.51996571867005, 378.6534684969001, 406.0, 426.4968799577, 454.9113116606, 463.69415778244, 484.46255439844003, 493.65322602787, 497.34551542606, 538.0, 555.0308623681, 578.4758506812]
