Avion: 7      Iteracion: 17

Num Ruta: 20
Ingresos: 140.019
Costos: 257.560984848
Utilidad Ruta: -117.541984848
Costo Reducido: 37.7543625066
Nodos: [107, 4, 39, 717]
q: [0, 3.0, -3.0, 0]
Q: [0, 3.0, 0.0, 0]
B: [0.0, 529.0, 549.4257496801999, 578.1732173948]
