Avion: 4      Iteracion: 58

Num Ruta: 55
Ingresos: 2177.552
Costos: 461.541856714
Utilidad Ruta: 1716.01014329
Costo Reducido: 30.3627632449
Nodos: [104, 17, 52, 30, 65, 16, 51, 35, 70, 26, 34, 61, 69, 19, 25, 60, 33, 54, 68, 29, 64, 714]
q: [0.0, 5.0, -5.0, 11.0, -11.0, 9.0, -9.0, 8.0, -8.0, 7.0, 8.0, -7.0, -8.0, 5.0, 10.0, -10.0, 5.0, -5.0, -5.0, 9.0, -9.0, 0.0]
Q: [0.0, 5.0, 0.0, 11.0, 0.0, 9.0, 0.0, 8.0, 0.0, 7.0, 15.0, 8.0, 0.0, 5.0, 15.0, 5.0, 10.0, 5.0, 0.0, 9.0, 0.0, 0.0]
B: [0.0, 24.0, 58.8425537813, 64.0, 82.7140226568, 93.53069441849999, 103.15478585614, 270.0, 281.922738989, 300.0, 322.0, 336.913246092, 361.9000000428, 402.0, 411.3920072402, 428.57698955029997, 464.0943947624, 485.6427885308, 507.5482333562, 549.0, 582.7797797802, 609.550209829]
