Avion: 4      Iteracion: 55

Num Ruta: 52
Ingresos: 1556.643
Costos: 438.135512858
Utilidad Ruta: 1118.50748714
Costo Reducido: 92.9142600329
Nodos: [104, 17, 52, 9, 44, 14, 49, 3, 38, 35, 70, 32, 67, 26, 34, 61, 69, 33, 13, 48, 68, 29, 64, 714]
q: [0.0, 0.0, 0.0, 11.0, -11.0, 8.0, -8.0, 13.0, -13.0, 8.0, -8.0, 11.0, -11.0, 7.0, 8.0, -7.0, -8.0, 5.0, 10.0, -10.0, -5.0, 9.0, -9.0, 0.0]
Q: [0.0, 0.0, 0.0, 11.0, 0.0, 8.0, 0.0, 13.0, 0.0, 8.0, 0.0, 11.0, 0.0, 7.0, 15.0, 8.0, 0.0, 5.0, 15.0, 5.0, 0.0, 9.0, 0.0, 0.0]
B: [0.0, 24.0, 58.8425537813, 81.72911018459999, 111.25634718709999, 121.5131539026, 133.5348656776, 256.0, 261.08428175852, 274.08526633661995, 286.00800532561993, 309.0, 319.4016530417, 332.1221722921, 348.0493993263, 362.9626454183, 387.9493993691, 437.0, 462.372931896, 479.256082846, 484.60413314494, 549.0, 582.7797797802, 609.550209829]
