Avion: 7      Iteracion: 39

Num Ruta: 39
Ingresos: 2280.303
Costos: 438.644402843
Utilidad Ruta: 1841.65859716
Costo Reducido: 153.984255839
Nodos: [107, 14, 49, 3, 38, 23, 35, 70, 26, 34, 61, 58, 22, 57, 69, 19, 25, 60, 54, 33, 68, 21, 4, 56, 39, 717]
q: [0.0, 0.0, 0.0, 0.0, 0.0, 0.0, 8.0, -8.0, 7.0, 8.0, -7.0, 0.0, 7.0, -7.0, -8.0, 5.0, 10.0, -10.0, -5.0, 5.0, -5.0, 12.0, 3.0, -12.0, -3.0, 0.0]
Q: [0.0, 0.0, 0.0, 0.0, 0.0, 0.0, 8.0, 0.0, 7.0, 15.0, 8.0, 8.0, 15.0, 8.0, 0.0, 5.0, 15.0, 5.0, 0.0, 5.0, 0.0, 12.0, 15.0, 3.0, 0.0, 0.0]
B: [0.0, 112.0, 124.021711775, 256.0, 261.08428175852, 267.0, 277.4634044651, 289.38614345409997, 303.7370056233, 322.0, 336.913246092, 339.98031847458003, 355.73674246608005, 377.49142860498006, 388.08167893248003, 408.62149519258, 418.01350243278, 435.19848474288, 451.98534117878, 473.53373494718, 515.48639999958, 526.3658773767801, 541.31366574158, 570.48346315258, 587.28640756718, 616.0338752817801]
