Avion: 6      Iteracion: 47

Num Ruta: 40
Ingresos: 1224.728
Costos: 284.948015591
Utilidad Ruta: 939.779984409
Costo Reducido: 38.175593857
Nodos: [106, 1, 36, 35, 70, 32, 67, 2, 4, 37, 39, 716]
q: [0, 7.0, -7.0, 8.0, -8.0, 11.0, -11.0, 10.0, 3.0, -10.0, -3.0, 0]
Q: [0, 7.0, 0.0, 8.0, 0.0, 11.0, 0.0, 10.0, 13.0, 3.0, 0.0, 0]
B: [0.0, 175.0, 209.2400855285, 270.0, 281.922738989, 309.0, 319.4016530417, 522.0, 549.3715326023, 562.8222884175, 596.0154991992, 610.6926140383]
