Avion: 4      Iteracion: 21

Num Ruta: 20
Ingresos: 3280.17
Costos: 634.725847587
Utilidad Ruta: 2645.44415241
Costo Reducido: 266.89620409
Nodos: [104, 17, 52, 16, 51, 10, 45, 1, 11, 46, 36, 23, 35, 70, 26, 61, 58, 34, 69, 25, 60, 8, 33, 43, 68, 29, 4, 39, 64, 714]
q: [0.0, 5.0, -5.0, 9.0, -9.0, 12.0, -12.0, 7.0, 6.0, -6.0, -7.0, 7.0, 8.0, -8.0, 8.0, -8.0, -7.0, 8.0, -8.0, 10.0, -10.0, 8.0, 5.0, -8.0, -5.0, 9.0, 3.0, -3.0, -9.0, 0.0]
Q: [0.0, 5.0, 0.0, 9.0, 0.0, 12.0, 0.0, 7.0, 13.0, 7.0, 0.0, 7.0, 15.0, 7.0, 15.0, 7.0, 0.0, 8.0, 0.0, 10.0, 0.0, 8.0, 13.0, 5.0, 0.0, 9.0, 12.0, 9.0, 0.0, 0.0]
B: [0.0, 24.0, 58.8425537813, 64.17419311644, 73.79828455408, 96.0, 125.5195107344, 175.0, 193.6808285951, 197.73489544211, 232.05062478011, 267.0, 277.4634044651, 289.38614345409997, 303.7370056233, 321.3162335927, 324.38330597528, 338.64225299108, 375.08238320488, 410.0, 427.1849823101, 453.0055821676, 466.77023697619995, 490.0446039922999, 512.0014850322, 549.0, 569.7100026316, 590.1357523117999, 602.3548233485, 629.1252533973]
