Avion: 1      Iteracion: 9

Num Ruta: 8
Ingresos: 3382.338
Costos: 568.901888306
Utilidad Ruta: 2813.43611169
Costo Reducido: 255.112650841
Nodos: [101, 17, 52, 30, 65, 24, 59, 1, 36, 23, 58, 34, 22, 69, 57, 13, 28, 48, 63, 21, 27, 56, 62, 711]
q: [0.0, 5.0, -5.0, 11.0, -11.0, 11.0, -11.0, 7.0, -7.0, 10.0, -10.0, 8.0, 7.0, -8.0, -7.0, 9.0, 6.0, -9.0, -6.0, 9.0, 6.0, -9.0, -6.0, 0.0]
Q: [0.0, 5.0, 0.0, 11.0, 0.0, 11.0, 0.0, 7.0, 0.0, 10.0, 0.0, 8.0, 15.0, 7.0, 0.0, 9.0, 15.0, 6.0, 0.0, 9.0, 15.0, 6.0, 0.0, 0.0]
B: [0.0, 24.0, 58.8425537813, 64.0, 82.7140226568, 107.4479935471, 145.9609438496, 175.0, 209.2400855285, 267.0, 306.733842905, 322.0, 350.0636833826, 364.6328500369, 375.22310036439995, 423.0, 436.7962173439, 450.1536367429, 473.1920667675, 482.5238423756, 538.0, 551.1774481976, 572.1442374129, 586.2616285671]
