Avion: 7      Iteracion: 15

Num Ruta: 18
Ingresos: 2374.699
Costos: 496.106502076
Utilidad Ruta: 1878.59249792
Costo Reducido: 175.230509975
Nodos: [107, 1, 36, 3, 38, 23, 22, 57, 18, 58, 53, 19, 8, 33, 54, 43, 68, 29, 64, 27, 62, 717]
q: [0.0, 7.0, -7.0, 0.0, 0.0, 5.0, 10.0, -10.0, 10.0, -5.0, -10.0, 7.0, 3.0, 5.0, -7.0, -3.0, -5.0, 9.0, -9.0, 6.0, -6.0, 0.0]
Q: [0.0, 7.0, 0.0, 0.0, 0.0, 5.0, 15.0, 5.0, 15.0, 10.0, 0.0, 7.0, 10.0, 15.0, 8.0, 5.0, 0.0, 9.0, 0.0, 6.0, 0.0, 0.0]
B: [0.0, 175.0, 209.2400855285, 256.0, 261.08428175852, 267.0, 299.0, 320.7546861389, 334.15512273630003, 359.594434146, 369.51996571867005, 402.0, 425.1608815463, 438.92553635490003, 460.4739301233, 463.40204931486, 485.35893035476, 549.0, 582.7797797802, 590.99620777538, 608.0270701434799, 631.4720584565799]
