Avion: 5      Iteracion: 19

Num Ruta: 22
Ingresos: 247.656
Costos: 273.350791306
Utilidad Ruta: -25.6947913057
Costo Reducido: 68.4186466052
Nodos: [105, 34, 69, 715]
q: [0, 8.0, -8.0, 0]
Q: [0, 8.0, 0.0, 0]
B: [0.0, 322.0, 358.4401302138, 376.9745084607]
