Avion: 1      Iteracion: 59

Num Ruta: 47
Ingresos: 2910.12
Costos: 517.79927291
Utilidad Ruta: 2392.32072709
Costo Reducido: 19.910178706
Nodos: [101, 30, 16, 51, 65, 24, 59, 1, 36, 23, 35, 70, 26, 61, 58, 34, 69, 8, 19, 54, 43, 33, 68, 29, 4, 27, 64, 39, 62, 711]
q: [0.0, 6.0, 9.0, -9.0, -6.0, 11.0, -11.0, 7.0, -7.0, 7.0, 8.0, -8.0, 8.0, -8.0, -7.0, 8.0, -8.0, 0.0, 7.0, -7.0, 0.0, 5.0, -5.0, 9.0, 3.0, 3.0, -9.0, -3.0, -3.0, 0.0]
Q: [0.0, 6.0, 15.0, 6.0, 0.0, 11.0, 0.0, 7.0, 0.0, 7.0, 15.0, 7.0, 15.0, 7.0, 0.0, 8.0, 0.0, 0.0, 7.0, 0.0, 0.0, 5.0, 0.0, 9.0, 12.0, 15.0, 6.0, 3.0, 0.0, 0.0]
B: [0.0, 64.0, 72.20259129788, 81.82668273552001, 84.69783929691, 109.43181018721, 147.94476048971, 175.0, 209.2400855285, 267.0, 277.4634044651, 289.38614345409997, 303.7370056233, 321.3162335927, 324.38330597528, 338.64225299108, 375.08238320488, 414.0, 437.1608815463, 463.7879978378, 466.71611702935996, 489.99048404546, 531.94314909786, 549.0, 569.7100026316, 587.3247771689, 595.54120516408, 607.76027620078, 613.1755347357, 627.2929258899001]
