Avion: 2      Iteracion: 59

Num Ruta: 41
Ingresos: 1091.66
Costos: 496.722825682
Utilidad Ruta: 594.937174318
Costo Reducido: 35.6218777178
Nodos: [102, 16, 51, 9, 44, 14, 49, 35, 70, 32, 67, 26, 61, 13, 48, 31, 66, 712]
q: [0, 9.0, -9.0, 11.0, -11.0, 8.0, -8.0, 8.0, -8.0, 11.0, -11.0, 10.0, -10.0, 15.0, -15.0, 9.0, -9.0, 0]
Q: [0, 9.0, 0.0, 11.0, 0.0, 8.0, 0.0, 8.0, 0.0, 11.0, 0.0, 10.0, 0.0, 15.0, 0.0, 9.0, 0.0, 0]
B: [0.0, 36.0, 45.624091437640004, 75.68094759394, 105.20818459644, 115.46499131194001, 127.48670308694001, 270.0, 281.922738989, 309.0, 319.4016530417, 332.1221722921, 349.7014002615, 423.0, 439.88315095, 444.3406643824, 472.6661434604, 498.5592031676]
