Avion: 2      Iteracion: 62

Num Ruta: 43
Ingresos: 1476.743
Costos: 526.149143402
Utilidad Ruta: 950.593856598
Costo Reducido: 108.596153601
Nodos: [102, 16, 51, 10, 45, 1, 36, 3, 38, 35, 70, 32, 67, 26, 61, 13, 48, 31, 66, 712]
q: [0, 9.0, -9.0, 12.0, -12.0, 7.0, -7.0, 13.0, -13.0, 8.0, -8.0, 11.0, -11.0, 10.0, -10.0, 15.0, -15.0, 9.0, -9.0, 0]
Q: [0, 9.0, 0.0, 12.0, 0.0, 7.0, 0.0, 13.0, 0.0, 8.0, 0.0, 11.0, 0.0, 10.0, 0.0, 15.0, 0.0, 9.0, 0.0, 0]
B: [0.0, 36.0, 45.624091437640004, 96.0, 125.5195107344, 175.0, 209.2400855285, 256.0, 261.08428175852, 274.08526633661995, 286.00800532561993, 309.0, 319.4016530417, 332.1221722921, 349.7014002615, 423.0, 439.88315095, 444.3406643824, 472.6661434604, 498.5592031676]
