Avion: 5      Iteracion: 42

Num Ruta: 38
Ingresos: 1073.815
Costos: 385.219901797
Utilidad Ruta: 688.595098203
Costo Reducido: 12.8873268348
Nodos: [105, 30, 16, 51, 65, 35, 70, 32, 67, 2, 37, 4, 39, 715]
q: [0.0, 11.0, 4.0, -4.0, -11.0, 8.0, -8.0, 11.0, -11.0, 10.0, -10.0, 3.0, -3.0, 0.0]
Q: [0.0, 11.0, 15.0, 11.0, 0.0, 8.0, 0.0, 11.0, 0.0, 10.0, 0.0, 3.0, 0.0, 0.0]
B: [0.0, 64.0, 72.20259129788, 81.82668273552001, 84.69783929691, 270.0, 281.922738989, 309.0, 319.4016530417, 522.0, 562.7349620474, 576.1857178626, 596.6114675428, 634.3255588748]
