Avion: 3      Iteracion: 22

Num Ruta: 22
Ingresos: 1118.851
Costos: 233.521754006
Utilidad Ruta: 885.329245994
Costo Reducido: 70.3556817557
Nodos: [103, 9, 44, 11, 46, 21, 4, 39, 56, 27, 62, 713]
q: [0, 11.0, -11.0, 6.0, -6.0, 12.0, 3.0, -3.0, -12.0, 6.0, -6.0, 0]
Q: [0, 11.0, 0.0, 6.0, 0.0, 12.0, 15.0, 12.0, 0.0, 6.0, 0.0, 0]
B: [0.0, 37.2069129329, 66.73414993540001, 169.0, 173.05406684701, 477.0, 529.0, 549.4257496801999, 566.2286940948, 579.4061422924, 596.4370046605, 624.7077249378]
