Avion: 6      Iteracion: 40

Num Ruta: 35
Ingresos: 777.563
Costos: 242.67427876
Utilidad Ruta: 534.88872124
Costo Reducido: 69.2364390533
Nodos: [106, 1, 36, 35, 70, 33, 6, 41, 13, 48, 68, 716]
q: [0.0, 7.0, -7.0, 8.0, -8.0, 5.0, 0.0, 0.0, 10.0, -10.0, -5.0, 0.0]
Q: [0.0, 7.0, 0.0, 8.0, 0.0, 5.0, 5.0, 5.0, 15.0, 5.0, 0.0, 0.0]
B: [0.0, 175.0, 209.2400855285, 270.0, 281.922738989, 437.0, 463.1548069196, 466.84709631779, 480.25716242499, 497.14031337499, 502.48836367393, 526.38080760503]
