Avion: 1      Iteracion: 85

Num Ruta: 65
Ingresos: 2588.37
Costos: 392.590642291
Utilidad Ruta: 2195.77935771
Costo Reducido: 38.6831496805
Nodos: [101, 17, 52, 30, 65, 24, 59, 1, 36, 23, 35, 70, 26, 34, 58, 61, 22, 57, 69, 8, 19, 54, 43, 711]
q: [0.0, 5.0, -5.0, 11.0, -11.0, 11.0, -11.0, 7.0, -7.0, 0.0, 8.0, -8.0, 10.0, 5.0, 0.0, -10.0, 10.0, -10.0, -5.0, 8.0, 7.0, -7.0, -8.0, 0.0]
Q: [0.0, 5.0, 0.0, 11.0, 0.0, 11.0, 0.0, 7.0, 0.0, 0.0, 8.0, 0.0, 10.0, 15.0, 15.0, 5.0, 15.0, 5.0, 0.0, 8.0, 15.0, 8.0, 0.0, 0.0]
B: [0.0, 24.0, 58.8425537813, 64.0, 82.7140226568, 107.4479935471, 145.9609438496, 175.0, 209.2400855285, 267.0, 277.4634044651, 289.38614345409997, 303.7370056233, 322.0, 336.2589470158, 339.32601939838, 352.96020004848003, 374.71488618738005, 385.30513651488, 414.0, 437.1608815463, 463.7879978378, 466.71611702935996, 472.42524831178997]
