Avion: 2      Iteracion: 9

Num Ruta: 8
Ingresos: 1125.227
Costos: 446.704920409
Utilidad Ruta: 678.522079591
Costo Reducido: 60.1799843432
Nodos: [102, 16, 51, 23, 26, 61, 58, 18, 53, 712]
q: [0.0, 9.0, -9.0, 10.0, 5.0, -5.0, -10.0, 10.0, -10.0, 0.0]
Q: [0.0, 9.0, 0.0, 10.0, 15.0, 10.0, 0.0, 10.0, 0.0, 0.0]
B: [0.0, 36.0, 45.624091437640004, 267.0, 301.4413435423, 319.0205715117, 322.08764389428, 347.52695530398, 371.34519155268, 390.31449333217995]
