Avion: 6      Iteracion: 26

Num Ruta: 24
Ingresos: 1197.316
Costos: 317.547692803
Utilidad Ruta: 879.768307197
Costo Reducido: 46.2789914861
Nodos: [106, 34, 69, 33, 68, 27, 2, 62, 37, 716]
q: [0.0, 8.0, -8.0, 5.0, -5.0, 5.0, 10.0, -5.0, -10.0, 0.0]
Q: [0.0, 8.0, 0.0, 5.0, 0.0, 5.0, 15.0, 10.0, 0.0, 0.0]
B: [0.0, 322.0, 358.4401302138, 437.0, 478.9526650524, 538.0, 563.7839683718, 575.2360414592, 604.5765718055, 625.0022092741]
