Avion: 4      Iteracion: 52

Num Ruta: 49
Ingresos: 2470.673
Costos: 479.836605087
Utilidad Ruta: 1990.83639491
Costo Reducido: 31.3673417851
Nodos: [104, 17, 52, 9, 44, 23, 35, 70, 58, 34, 32, 67, 69, 33, 13, 48, 68, 29, 4, 39, 64, 714]
q: [0.0, 5.0, -5.0, 11.0, -11.0, 10.0, 5.0, -5.0, -10.0, 8.0, 7.0, -7.0, -8.0, 5.0, 10.0, -10.0, -5.0, 9.0, 3.0, -3.0, -9.0, 0.0]
Q: [0.0, 5.0, 0.0, 11.0, 0.0, 10.0, 15.0, 10.0, 0.0, 8.0, 15.0, 8.0, 0.0, 5.0, 15.0, 5.0, 0.0, 9.0, 12.0, 9.0, 0.0, 0.0]
B: [0.0, 24.0, 58.8425537813, 81.72911018459999, 111.25634718709999, 267.0, 277.4634044651, 289.38614345409997, 313.15284696969997, 327.41179398549997, 347.4347118798, 357.8363649215, 388.87864977619995, 437.0, 462.372931896, 479.256082846, 484.60413314494, 549.0, 569.7100026316, 590.1357523117999, 602.3548233485, 629.1252533973]
