Avion: 5      Iteracion: 64

Num Ruta: 46
Ingresos: 504.678
Costos: 339.580394287
Utilidad Ruta: 165.097605713
Costo Reducido: 23.4427977311
Nodos: [105, 10, 45, 32, 67, 34, 69, 715]
q: [0, 12.0, -12.0, 11.0, -11.0, 8.0, -8.0, 0]
Q: [0, 12.0, 0.0, 11.0, 0.0, 8.0, 0.0, 0]
B: [0.0, 96.0, 125.5195107344, 309.0, 319.4016530417, 346.1750898215, 382.6152200353, 401.14959828220003]
