Avion: 2      Iteracion: 11

Num Ruta: 10
Ingresos: 681.019
Costos: 475.886923625
Utilidad Ruta: 205.132076375
Costo Reducido: 81.5711233449
Nodos: [102, 16, 51, 30, 65, 23, 18, 53, 58, 26, 61, 712]
q: [0.0, 9.0, -9.0, 11.0, -11.0, 0.0, 10.0, -10.0, 0.0, 10.0, -10.0, 0.0]
Q: [0.0, 9.0, 0.0, 11.0, 0.0, 0.0, 10.0, 0.0, 0.0, 10.0, 0.0, 0.0]
B: [0.0, 36.0, 45.624091437640004, 64.0, 82.7140226568, 267.0, 293.0, 316.8182362487, 326.74376782137, 346.43014059547, 364.00936856487, 390.45675641317]
