Avion: 3      Iteracion: 24

Num Ruta: 23
Ingresos: 1102.788
Costos: 232.454742618
Utilidad Ruta: 870.333257382
Costo Reducido: 38.6209725991
Nodos: [103, 11, 46, 19, 25, 60, 54, 2, 37, 713]
q: [0.0, 0.0, 0.0, 7.0, 8.0, -8.0, -7.0, 10.0, -10.0, 0.0]
Q: [0.0, 0.0, 0.0, 7.0, 15.0, 7.0, 0.0, 10.0, 0.0, 0.0]
B: [0.0, 169.0, 173.05406684701, 402.0, 411.3920072402, 428.57698955029997, 445.3638459862, 522.0, 562.7349620474, 572.8298631366]
