Avion: 4      Iteracion: 16

Num Ruta: 16
Ingresos: 2881.069
Costos: 525.922015301
Utilidad Ruta: 2355.1469847
Costo Reducido: 273.074796843
Nodos: [104, 17, 52, 24, 9, 44, 59, 10, 45, 8, 33, 43, 21, 68, 56, 2, 37, 29, 64, 714]
q: [0.0, 5.0, -5.0, 11.0, 4.0, -4.0, -11.0, 12.0, -12.0, 8.0, 5.0, -8.0, 10.0, -5.0, -10.0, 10.0, -10.0, 9.0, -9.0, 0.0]
Q: [0.0, 5.0, 0.0, 11.0, 15.0, 11.0, 0.0, 12.0, 0.0, 8.0, 13.0, 5.0, 15.0, 10.0, 0.0, 10.0, 0.0, 9.0, 0.0, 0.0]
B: [0.0, 24.0, 58.8425537813, 75.400837086, 81.83771412381999, 111.36495112632, 136.42051454042, 148.20644522071998, 177.72595595511999, 414.0, 437.0, 460.2743670161, 485.23853872279994, 496.1180160999999, 530.9700549213, 554.8210686524, 595.5560306998, 605.36077123691, 639.1405510171099, 665.9109810659099]
