Avion: 3      Iteracion: 7

Num Ruta: 11
Ingresos: 475.818
Costos: 296.963874247
Utilidad Ruta: 178.854125753
Costo Reducido: 179.081603609
Nodos: [103, 24, 59, 34, 69, 713]
q: [0, 11.0, -11.0, 8.0, -8.0, 0]
Q: [0, 11.0, 0.0, 8.0, 0.0, 0]
B: [0.0, 61.0, 99.5129503025, 322.0, 358.4401302138, 387.57375302319997]
