Avion: 5      Iteracion: 13

Num Ruta: 16
Ingresos: 1669.022
Costos: 384.509886544
Utilidad Ruta: 1284.51211346
Costo Reducido: 156.702446149
Nodos: [105, 22, 57, 18, 53, 28, 63, 25, 60, 6, 41, 2, 37, 715]
q: [0, 10.0, -10.0, 10.0, -10.0, 6.0, -6.0, 10.0, -10.0, 4.0, -4.0, 10.0, -10.0, 0]
Q: [0, 10.0, 0.0, 10.0, 0.0, 6.0, 0.0, 10.0, 0.0, 4.0, 0.0, 10.0, 0.0, 0]
B: [0.0, 299.0, 320.7546861389, 334.15512273630003, 357.973358985, 378.0, 414.0266187839, 417.35999740026, 434.54497971036, 460.04675019796, 463.73903959615, 522.0, 562.7349620474, 598.7395051635]
