Avion: 7      Iteracion: 51

Num Ruta: 49
Ingresos: 1988.463
Costos: 340.08460652
Utilidad Ruta: 1648.37839348
Costo Reducido: 42.7199207695
Nodos: [107, 14, 49, 3, 38, 23, 35, 70, 34, 58, 22, 57, 69, 2, 27, 37, 4, 39, 62, 717]
q: [0.0, 0.0, 0.0, 13.0, -13.0, 7.0, 8.0, -8.0, 8.0, -7.0, 7.0, -7.0, -8.0, 10.0, 5.0, -10.0, 3.0, -3.0, -5.0, 0.0]
Q: [0.0, 0.0, 0.0, 13.0, 0.0, 7.0, 15.0, 7.0, 15.0, 8.0, 15.0, 8.0, 0.0, 10.0, 15.0, 5.0, 8.0, 5.0, 0.0, 0.0]
B: [0.0, 112.0, 124.021711775, 256.0, 261.08428175852, 267.0, 277.4634044651, 289.38614345409997, 322.0, 336.2589470158, 352.0153710073, 373.77005714620003, 384.3603074737, 522.0, 547.7839683718, 572.749620336, 586.2003761512, 606.6261258314, 612.04138436632, 635.48637267942]
