Avion: 6      Iteracion: 81

Num Ruta: 60
Ingresos: 843.799
Costos: 155.190456456
Utilidad Ruta: 688.608543544
Costo Reducido: 75.9835790629
Nodos: [106, 28, 31, 63, 66, 8, 43, 6, 41, 5, 40, 716]
q: [0, 6.0, 9.0, -6.0, -9.0, 8.0, -8.0, 4.0, -4.0, 9.0, -9.0, 0]
Q: [0, 6.0, 15.0, 9.0, 0.0, 8.0, 0.0, 4.0, 0.0, 9.0, 0.0, 0]
B: [0.0, 378.0, 406.0, 426.4968799577, 454.9113116606, 463.69415778244, 484.46255439844003, 493.65322602787, 497.34551542606, 515.73437564086, 516.85606454604, 523.5794186197099]
