Avion: 4      Iteracion: 19

Num Ruta: 19
Ingresos: 2386.453
Costos: 548.735136097
Utilidad Ruta: 1837.7178639
Costo Reducido: 261.454587422
Nodos: [104, 17, 52, 30, 16, 65, 51, 10, 45, 26, 34, 61, 22, 57, 69, 33, 6, 41, 13, 48, 68, 2, 37, 29, 64, 714]
q: [0.0, 0.0, 0.0, 11.0, 4.0, -11.0, -4.0, 12.0, -12.0, 7.0, 8.0, -7.0, 7.0, -7.0, -8.0, 5.0, 4.0, -4.0, 10.0, -10.0, -5.0, 10.0, -10.0, 9.0, -9.0, 0.0]
Q: [0.0, 0.0, 0.0, 11.0, 15.0, 4.0, 0.0, 12.0, 0.0, 7.0, 15.0, 8.0, 15.0, 8.0, 0.0, 5.0, 9.0, 5.0, 15.0, 5.0, 0.0, 10.0, 0.0, 9.0, 0.0, 0.0]
B: [0.0, 24.0, 58.8425537813, 64.0, 72.20259129788, 83.01926305958, 85.89041962097, 101.71969683127, 131.23920756567, 300.0, 322.0, 336.913246092, 350.5474267421, 372.302112881, 382.8923632085, 437.0, 463.1548069196, 466.84709631779, 480.25716242499, 497.14031337499, 502.48836367393, 545.03478183103, 585.7697438784301, 595.57448441554, 629.35426419574, 656.12469424454]
