Avion: 6      Iteracion: 44

Num Ruta: 38
Ingresos: 1636.347
Costos: 362.179069959
Utilidad Ruta: 1274.16793004
Costo Reducido: 91.7258347392
Nodos: [106, 17, 52, 16, 51, 35, 70, 32, 67, 26, 34, 61, 69, 8, 33, 6, 41, 43, 13, 48, 68, 716]
q: [0.0, 5.0, -5.0, 9.0, -9.0, 8.0, -8.0, 11.0, -11.0, 7.0, 8.0, -7.0, -8.0, 8.0, 5.0, 0.0, 0.0, -8.0, 10.0, -10.0, -5.0, 0.0]
Q: [0.0, 5.0, 0.0, 9.0, 0.0, 8.0, 0.0, 11.0, 0.0, 7.0, 15.0, 8.0, 0.0, 8.0, 13.0, 13.0, 13.0, 5.0, 15.0, 5.0, 0.0, 0.0]
B: [0.0, 24.0, 58.8425537813, 64.17419311644, 73.79828455408, 270.0, 281.922738989, 309.0, 319.4016530417, 332.1221722921, 348.0493993263, 362.9626454183, 387.9493993691, 414.0, 437.0, 463.1548069196, 466.84709631779, 479.71309880498995, 481.92377494589994, 498.80692589589995, 504.15497619483995, 528.04742012594]
