Avion: 1      Iteracion: 23

Num Ruta: 21
Ingresos: 1988.484
Costos: 430.927777193
Utilidad Ruta: 1557.55622281
Costo Reducido: 121.097536553
Nodos: [101, 17, 30, 52, 16, 51, 65, 24, 59, 1, 36, 35, 70, 26, 34, 61, 69, 19, 54, 711]
q: [0.0, 5.0, 6.0, -5.0, 9.0, -9.0, -6.0, 11.0, -11.0, 7.0, -7.0, 8.0, -8.0, 7.0, 8.0, -7.0, -8.0, 7.0, -7.0, 0.0]
Q: [0.0, 5.0, 11.0, 6.0, 15.0, 6.0, 0.0, 11.0, 0.0, 7.0, 0.0, 8.0, 0.0, 7.0, 15.0, 8.0, 0.0, 7.0, 0.0, 0.0]
B: [0.0, 24.0, 64.0, 67.14445448369, 72.47609381883, 82.10018525647, 84.97134181786, 109.70531270816, 148.21826301066, 175.0, 209.2400855285, 270.0, 281.922738989, 300.0, 322.0, 336.913246092, 361.9000000428, 402.0, 428.6271162915, 433.37264323799997]
