Avion: 4      Iteracion: 14

Num Ruta: 14
Ingresos: 2571.089
Costos: 503.541422965
Utilidad Ruta: 2067.54757703
Costo Reducido: 344.218478671
Nodos: [104, 17, 52, 9, 44, 3, 38, 23, 18, 53, 58, 32, 67, 8, 33, 43, 13, 48, 68, 21, 4, 39, 56, 714]
q: [0.0, 0.0, 0.0, 11.0, -11.0, 13.0, -13.0, 10.0, 5.0, -5.0, -10.0, 11.0, -11.0, 8.0, 5.0, -8.0, 10.0, -10.0, -5.0, 12.0, 3.0, -3.0, -12.0, 0.0]
Q: [0.0, 0.0, 0.0, 11.0, 0.0, 13.0, 0.0, 10.0, 15.0, 10.0, 0.0, 11.0, 0.0, 8.0, 13.0, 5.0, 15.0, 5.0, 0.0, 12.0, 15.0, 12.0, 0.0, 0.0]
B: [0.0, 24.0, 58.8425537813, 81.72911018459999, 111.25634718709999, 256.0, 261.08428175852, 267.0, 293.0, 316.8182362487, 326.74376782137, 349.22807365897, 359.62972670067, 414.0, 437.0, 460.2743670161, 462.48504315700995, 479.36819410700997, 484.71624440594996, 495.59572178314994, 529.0, 549.4257496801999, 566.2286940948, 595.1194999853]
