Avion: 7      Iteracion: 57

Num Ruta: 54
Ingresos: 2002.624
Costos: 446.502892614
Utilidad Ruta: 1556.12110739
Costo Reducido: 17.4325176078
Nodos: [107, 16, 51, 9, 24, 44, 59, 14, 49, 3, 38, 23, 35, 70, 26, 61, 58, 28, 63, 25, 60, 31, 66, 717]
q: [0.0, 9.0, -9.0, 4.0, 11.0, -4.0, -11.0, 0.0, 0.0, 13.0, -13.0, 7.0, 8.0, -8.0, 8.0, -8.0, -7.0, 6.0, -6.0, 10.0, -10.0, 9.0, -9.0, 0.0]
Q: [0.0, 9.0, 0.0, 4.0, 15.0, 11.0, 0.0, 0.0, 0.0, 13.0, 0.0, 7.0, 15.0, 7.0, 15.0, 7.0, 0.0, 6.0, 0.0, 10.0, 0.0, 9.0, 0.0, 0.0]
B: [0.0, 40.0989101099, 49.723001547539994, 79.77985770384, 86.21673474165999, 110.35698463675999, 135.41254805085998, 164.05891734955998, 176.08062912455998, 256.0, 261.08428175852, 267.0, 277.4634044651, 289.38614345409997, 303.7370056233, 321.3162335927, 324.38330597528, 378.0, 414.0266187839, 417.35999740026, 434.54497971036, 439.36662631707, 467.69210539507, 471.32682739268995]
