Avion: 2      Iteracion: 16

Num Ruta: 15
Ingresos: 862.192
Costos: 497.797640152
Utilidad Ruta: 364.394359848
Costo Reducido: 177.371696182
Nodos: [102, 9, 12, 44, 24, 59, 47, 10, 45, 26, 61, 712]
q: [0, 11.0, 0.0, -11.0, 11.0, -11.0, -0.0, 12.0, -12.0, 10.0, -10.0, 0]
Q: [0, 11.0, 11.0, 0.0, 11.0, 0.0, 0.0, 12.0, 0.0, 10.0, 0.0, 0]
B: [0.0, 29.8362865317, 54.0, 64.7870367571, 88.9272866522, 127.4402369547, 143.3724745251, 152.09024488224998, 181.60975561664998, 300.0, 317.5792279694, 344.0266158177]
