Avion: 6      Iteracion: 39

Num Ruta: 34
Ingresos: 1306.535
Costos: 372.535557461
Utilidad Ruta: 933.999442539
Costo Reducido: 74.4349994277
Nodos: [106, 16, 51, 24, 59, 35, 70, 33, 68, 21, 56, 716]
q: [0, 9.0, -9.0, 11.0, -11.0, 8.0, -8.0, 5.0, -5.0, 12.0, -12.0, 0]
Q: [0, 9.0, 0.0, 11.0, 0.0, 8.0, 0.0, 5.0, 0.0, 12.0, 0.0, 0]
B: [0.0, 36.0, 45.624091437640004, 70.85029051714, 109.36324081964, 270.0, 281.922738989, 437.0, 478.9526650524, 489.83214242959997, 530.5709331088, 557.2828228398]
