Avion: 2      Iteracion: 17

Num Ruta: 16
Ingresos: 261.012
Costos: 431.327789805
Utilidad Ruta: -170.315789805
Costo Reducido: 27.700259787
Nodos: [102, 10, 45, 70, 35, 712]
q: [0, 12.0, -12.0, -8.0, 8.0, 0]
Q: [0, 12.0, 0.0, 3.0, 11.0, 0]
B: [0.0, 96.0, 125.5195107344, 281.0, 292.922738989, 322.6674153194]
