Avion: 6      Iteracion: 62

Num Ruta: 48
Ingresos: 2498.506
Costos: 456.603175021
Utilidad Ruta: 2041.90282498
Costo Reducido: 73.8514606365
Nodos: [106, 30, 16, 65, 51, 10, 45, 1, 36, 3, 38, 23, 35, 70, 18, 53, 58, 34, 28, 69, 19, 63, 25, 60, 54, 6, 41, 5, 40, 716]
q: [0.0, 6.0, 9.0, -6.0, -9.0, 12.0, -12.0, 7.0, -7.0, 13.0, -13.0, 5.0, 8.0, -8.0, 10.0, -10.0, -5.0, 8.0, 6.0, -8.0, 7.0, -6.0, 8.0, -8.0, -7.0, 4.0, -4.0, 9.0, -9.0, 0.0]
Q: [0.0, 6.0, 15.0, 9.0, 0.0, 12.0, 0.0, 7.0, 0.0, 13.0, 0.0, 5.0, 13.0, 5.0, 15.0, 5.0, 0.0, 8.0, 14.0, 6.0, 13.0, 7.0, 15.0, 7.0, 0.0, 4.0, 0.0, 9.0, 0.0, 0.0]
B: [0.0, 64.0, 72.20259129788, 83.01926305958, 85.89041962097, 101.71969683127, 131.23920756567, 175.0, 209.2400855285, 256.0, 261.08428175852, 267.0, 277.4634044651, 289.38614345409997, 309.80429657819997, 333.62253282689994, 343.54806439956997, 357.80701141536997, 378.0, 412.6152135628, 433.1550298229, 445.6908230966, 449.02420171296, 466.20918402306, 482.99604045896, 494.78705945646, 498.47934885464997, 516.86820906945, 517.98989797463, 524.7132520483]
