Avion: 4      Iteracion: 80

Num Ruta: 69
Ingresos: 3043.338
Costos: 473.544140556
Utilidad Ruta: 2569.79385944
Costo Reducido: 28.4582247969
Nodos: [104, 17, 52, 24, 9, 44, 59, 28, 31, 66, 63, 25, 60, 21, 56, 2, 37, 29, 64, 714]
q: [0.0, 5.0, -5.0, 11.0, 4.0, -4.0, -11.0, 6.0, 9.0, -9.0, -6.0, 10.0, -10.0, 12.0, -12.0, 10.0, -10.0, 9.0, -9.0, 0.0]
Q: [0.0, 5.0, 0.0, 11.0, 15.0, 11.0, 0.0, 6.0, 15.0, 6.0, 0.0, 10.0, 0.0, 12.0, 0.0, 10.0, 0.0, 9.0, 0.0, 0.0]
B: [0.0, 24.0, 58.8425537813, 75.400837086, 81.83771412381999, 111.36495112632, 136.42051454042, 378.0, 406.0, 434.325479078, 462.7399107809, 466.07328939726, 483.25827170736, 491.42698519236, 532.16577587156, 556.01678960266, 596.75175165006, 606.55649218717, 640.33627196737, 667.10670201617]
