Avion: 4      Iteracion: 34

Num Ruta: 32
Ingresos: 1985.409
Costos: 527.878656334
Utilidad Ruta: 1457.53034367
Costo Reducido: 65.863450171
Nodos: [104, 17, 52, 30, 16, 65, 51, 10, 45, 32, 67, 34, 69, 33, 13, 48, 68, 5, 40, 2, 37, 29, 64, 714]
q: [0.0, 0.0, 0.0, 11.0, 4.0, -11.0, -4.0, 12.0, -12.0, 11.0, -11.0, 8.0, -8.0, 5.0, 10.0, -10.0, -5.0, 9.0, -9.0, 10.0, -10.0, 9.0, -9.0, 0.0]
Q: [0.0, 0.0, 0.0, 11.0, 15.0, 4.0, 0.0, 12.0, 0.0, 11.0, 0.0, 8.0, 0.0, 5.0, 15.0, 5.0, 0.0, 9.0, 0.0, 10.0, 0.0, 9.0, 0.0, 0.0]
B: [0.0, 24.0, 58.8425537813, 64.0, 72.20259129788, 83.01926305958, 85.89041962097, 101.71969683127, 131.23920756567, 309.0, 319.4016530417, 346.1750898215, 382.6152200353, 437.0, 462.372931896, 479.256082846, 484.60413314494, 513.57555073194, 514.69723963712, 528.77929009152, 569.51425213892, 579.31899267603, 613.09877245623, 639.86920250503]
