Avion: 7      Iteracion: 16

Num Ruta: 19
Ingresos: 1361.366
Costos: 245.955127087
Utilidad Ruta: 1115.41087291
Costo Reducido: 77.2863407122
Nodos: [107, 9, 44, 3, 38, 23, 58, 22, 57, 717]
q: [0, 11.0, -11.0, 13.0, -13.0, 10.0, -10.0, 10.0, -10.0, 0]
Q: [0, 11.0, 0.0, 13.0, 0.0, 10.0, 0.0, 10.0, 0.0, 0]
B: [0.0, 46.0648734938, 75.5921104963, 256.0, 261.08428175852, 267.0, 306.733842905, 322.49026689650003, 344.24495303540004, 346.21174178867005]
