Avion: 1      Iteracion: 15

Num Ruta: 13
Ingresos: 2234.658
Costos: 531.581779527
Utilidad Ruta: 1703.07622047
Costo Reducido: 197.528019246
Nodos: [101, 17, 52, 30, 65, 24, 59, 1, 36, 18, 53, 32, 67, 33, 5, 40, 21, 68, 4, 27, 56, 39, 62, 711]
q: [0.0, 5.0, -5.0, 0.0, 0.0, 11.0, -11.0, 7.0, -7.0, 10.0, -10.0, 11.0, -11.0, 5.0, 9.0, -9.0, 10.0, -5.0, 3.0, 2.0, -10.0, -3.0, -2.0, 0.0]
Q: [0.0, 5.0, 0.0, 0.0, 0.0, 11.0, 0.0, 7.0, 0.0, 10.0, 0.0, 11.0, 0.0, 5.0, 14.0, 5.0, 15.0, 10.0, 13.0, 15.0, 5.0, 2.0, 0.0, 0.0]
B: [0.0, 24.0, 58.8425537813, 64.0, 82.7140226568, 107.4479935471, 145.9609438496, 175.0, 209.2400855285, 293.0, 316.8182362487, 348.1029144475, 358.5045674892, 437.0, 469.0, 470.12168890518, 498.36127928818, 509.24075666538, 529.0, 546.6147745373, 559.7922227349001, 576.5951671495001, 582.01042568442, 596.1278168386201]
