Avion: 2      Iteracion: 20

Num Ruta: 18
Ingresos: 807.522
Costos: 458.493800083
Utilidad Ruta: 349.028199917
Costo Reducido: 82.1054814328
Nodos: [102, 9, 12, 44, 30, 16, 51, 65, 47, 10, 45, 26, 61, 712]
q: [0.0, 11.0, 0.0, -11.0, 11.0, 0.0, 0.0, -11.0, 0.0, 12.0, -12.0, 10.0, -10.0, 0.0]
Q: [0.0, 11.0, 11.0, 0.0, 11.0, 11.0, 11.0, 0.0, 0.0, 12.0, 0.0, 10.0, 0.0, 0.0]
B: [0.0, 29.8362865317, 54.0, 64.7870367571, 80.5749370925, 88.77752839038, 98.40161982802, 101.27277638941, 124.06863445620999, 132.78640481335998, 162.30591554775998, 300.0, 317.5792279694, 344.0266158177]
