Avion: 4      Iteracion: 17

Num Ruta: 17
Ingresos: 1919.904
Costos: 396.849146216
Utilidad Ruta: 1523.05485378
Costo Reducido: 139.102425214
Nodos: [104, 17, 52, 9, 44, 3, 38, 35, 70, 26, 61, 28, 19, 63, 25, 60, 54, 13, 48, 714]
q: [0.0, 5.0, -5.0, 11.0, -11.0, 13.0, -13.0, 8.0, -8.0, 10.0, -10.0, 6.0, 7.0, -6.0, 8.0, -8.0, -7.0, 15.0, -15.0, 0.0]
Q: [0.0, 5.0, 0.0, 11.0, 0.0, 13.0, 0.0, 8.0, 0.0, 10.0, 0.0, 6.0, 13.0, 7.0, 15.0, 7.0, 0.0, 15.0, 0.0, 0.0]
B: [0.0, 24.0, 58.8425537813, 81.72911018459999, 111.25634718709999, 256.0, 261.08428175852, 274.08526633661995, 286.00800532561993, 300.35886749481995, 317.93809546421994, 378.0, 414.065010994, 426.60080426769997, 429.93418288405996, 447.11916519415996, 463.90602163005997, 468.13364093648, 485.01679188648, 496.69609259328]
