Avion: 4      Iteracion: 10

Num Ruta: 10
Ingresos: 2984.199
Costos: 558.101925691
Utilidad Ruta: 2426.09707431
Costo Reducido: 313.145082228
Nodos: [104, 17, 52, 30, 16, 51, 65, 14, 49, 3, 38, 23, 58, 34, 22, 69, 57, 25, 60, 31, 33, 66, 68, 29, 4, 39, 64, 714]
q: [0.0, 5.0, -5.0, 0.0, 0.0, 0.0, 0.0, 8.0, -8.0, 13.0, -13.0, 10.0, -10.0, 8.0, 7.0, -8.0, -7.0, 10.0, -10.0, 9.0, 5.0, -9.0, -5.0, 9.0, 3.0, -3.0, -9.0, 0.0]
Q: [0.0, 5.0, 0.0, 0.0, 0.0, 0.0, 0.0, 8.0, 0.0, 13.0, 0.0, 10.0, 0.0, 8.0, 15.0, 7.0, 0.0, 10.0, 0.0, 9.0, 14.0, 5.0, 0.0, 9.0, 12.0, 9.0, 0.0, 0.0]
B: [0.0, 24.0, 58.8425537813, 64.0, 72.20259129788, 81.82668273552001, 84.69783929691, 112.49377995381, 124.51549172881, 256.0, 261.08428175852, 267.0, 306.733842905, 322.0, 350.0636833826, 364.6328500369, 375.22310036439995, 410.0, 427.1849823101, 432.00662891681, 469.50789920201, 491.90606064441, 522.85785149731, 549.0, 569.7100026316, 590.1357523117999, 602.3548233485, 629.1252533973]
