Avion: 4      Iteracion: 36

Num Ruta: 34
Ingresos: 2203.654
Costos: 411.42986654
Utilidad Ruta: 1792.22413346
Costo Reducido: 27.7874018933
Nodos: [104, 17, 52, 9, 44, 14, 49, 23, 35, 70, 34, 58, 22, 69, 57, 19, 25, 60, 54, 13, 48, 714]
q: [0.0, 5.0, -5.0, 11.0, -11.0, 8.0, -8.0, 7.0, 8.0, -8.0, 8.0, -7.0, 7.0, -8.0, -7.0, 7.0, 0.0, 0.0, -7.0, 15.0, -15.0, 0.0]
Q: [0.0, 5.0, 0.0, 11.0, 0.0, 8.0, 0.0, 7.0, 15.0, 7.0, 15.0, 8.0, 15.0, 7.0, 0.0, 7.0, 7.0, 7.0, 0.0, 15.0, 0.0, 0.0]
B: [0.0, 24.0, 58.8425537813, 81.72911018459999, 111.25634718709999, 121.5131539026, 133.5348656776, 267.0, 277.4634044651, 289.38614345409997, 322.0, 336.2589470158, 352.0153710073, 366.5845376616, 377.17478798909997, 402.0, 411.3920072402, 428.57698955029997, 445.3638459862, 449.59146529262, 466.47461624262, 478.15391694942]
