Avion: 2      Iteracion: 25

Num Ruta: 22
Ingresos: 844.605
Costos: 398.349809692
Utilidad Ruta: 446.255190308
Costo Reducido: 74.4934981931
Nodos: [102, 10, 45, 26, 61, 13, 48, 31, 66, 712]
q: [0, 12.0, -12.0, 10.0, -10.0, 15.0, -15.0, 9.0, -9.0, 0]
Q: [0, 12.0, 0.0, 10.0, 0.0, 15.0, 0.0, 9.0, 0.0, 0]
B: [0.0, 96.0, 125.5195107344, 300.0, 317.5792279694, 423.0, 439.88315095, 444.3406643824, 472.6661434604, 498.5592031676]
