Avion: 7      Iteracion: 49

Num Ruta: 47
Ingresos: 1844.1
Costos: 353.679562655
Utilidad Ruta: 1490.42043735
Costo Reducido: 17.0837941984
Nodos: [107, 16, 51, 9, 44, 14, 49, 3, 38, 23, 58, 22, 57, 19, 25, 60, 31, 54, 66, 717]
q: [0.0, 9.0, -9.0, 11.0, -11.0, 8.0, -8.0, 13.0, -13.0, 10.0, -10.0, 0.0, 0.0, 5.0, 10.0, -10.0, 9.0, -5.0, -9.0, 0.0]
Q: [0.0, 9.0, 0.0, 11.0, 0.0, 8.0, 0.0, 13.0, 0.0, 10.0, 0.0, 0.0, 0.0, 5.0, 15.0, 5.0, 14.0, 9.0, 0.0, 0.0]
B: [0.0, 40.0989101099, 49.723001547539994, 79.77985770384, 109.30709470634, 119.56390142184, 131.58561319684, 256.0, 261.08428175852, 267.0, 306.733842905, 322.49026689650003, 344.24495303540004, 402.0, 411.3920072402, 428.57698955029997, 433.39863615700995, 450.50467558760994, 472.92283987460996, 476.55756187222994]
