Avion: 6      Iteracion: 0

Num Ruta: 1
Ingresos: 464.373
Costos: 262.21836546
Utilidad Ruta: 202.15463454
Costo Reducido: -
Nodos: [106, 24, 59, 27, 62, 4, 39, 716]
q: [0, 11.0, -11.0, 6.0, -6.0, 3.0, -3.0, 0]
Q: [0, 11.0, 0.0, 6.0, 0.0, 3.0, 0.0, 0]
B: [0.0, 61.0, 99.5129503025, 538.0, 555.0308623681, 571.1180630258, 591.5438127059999, 606.2209275450999]
