Avion: 3      Iteracion: 2

Num Ruta: 6
Ingresos: 1231.938
Costos: 368.642309251
Utilidad Ruta: 863.295690749
Costo Reducido: 513.506697398
Nodos: [103, 1, 36, 26, 61, 28, 63, 29, 64, 713]
q: [0, 7.0, -7.0, 10.0, -10.0, 6.0, -6.0, 9.0, -9.0, 0]
Q: [0, 7.0, 0.0, 10.0, 0.0, 6.0, 0.0, 9.0, 0.0, 0]
B: [0.0, 175.0, 209.2400855285, 300.0, 317.5792279694, 378.0, 414.0266187839, 549.0, 582.7797797802, 609.1306994036]
