Avion: 3      Iteracion: 62

Num Ruta: 41
Ingresos: 1607.541
Costos: 381.175257798
Utilidad Ruta: 1226.3657422
Costo Reducido: 39.1334648825
Nodos: [103, 11, 46, 1, 36, 3, 38, 35, 70, 32, 67, 26, 34, 61, 69, 8, 33, 6, 41, 43, 13, 48, 68, 713]
q: [0.0, 6.0, -6.0, 7.0, -7.0, 13.0, -13.0, 8.0, -8.0, 11.0, -11.0, 7.0, 8.0, -7.0, -8.0, 6.0, 5.0, 4.0, -4.0, -6.0, 10.0, -10.0, -5.0, 0.0]
Q: [0.0, 6.0, 0.0, 7.0, 0.0, 13.0, 0.0, 8.0, 0.0, 11.0, 0.0, 7.0, 15.0, 8.0, 0.0, 6.0, 11.0, 15.0, 11.0, 5.0, 15.0, 5.0, 0.0, 0.0]
B: [0.0, 169.0, 173.05406684701, 195.72351838431, 229.96360391281002, 256.0, 261.08428175852, 274.08526633661995, 286.00800532561993, 309.0, 319.4016530417, 332.1221722921, 348.0493993263, 362.9626454183, 387.9493993691, 414.0, 437.0, 463.1548069196, 466.84709631779, 479.71309880498995, 481.92377494589994, 498.80692589589995, 504.15497619483995, 507.84985170018996]
