Avion: 2      Iteracion: 0

Num Ruta: 2
Ingresos: 3514.406
Costos: 769.865478263
Utilidad Ruta: 2744.54052174
Costo Reducido: -
Nodos: [102, 17, 52, 30, 16, 51, 65, 24, 59, 1, 11, 46, 36, 3, 38, 23, 35, 70, 26, 61, 58, 18, 53, 28, 31, 63, 19, 66, 8, 43, 54, 712]
q: [0.0, 5.0, -5.0, 11.0, 4.0, -4.0, -11.0, 11.0, -11.0, 7.0, 6.0, -6.0, -7.0, 13.0, -13.0, 10.0, 5.0, -5.0, 5.0, -5.0, -10.0, 10.0, -10.0, 6.0, 8.0, -6.0, 7.0, -8.0, 8.0, -8.0, -7.0, 0.0]
Q: [0.0, 5.0, 0.0, 11.0, 15.0, 11.0, 0.0, 11.0, 0.0, 7.0, 13.0, 7.0, 0.0, 13.0, 0.0, 10.0, 15.0, 10.0, 15.0, 10.0, 0.0, 10.0, 0.0, 6.0, 14.0, 8.0, 15.0, 7.0, 15.0, 7.0, 0.0, 0.0]
B: [0.0, 33.3868157212, 68.22936950249999, 71.37382398618999, 79.57641528407, 89.20050672171, 92.0716632831, 116.8056341734, 155.3185844759, 175.0, 193.6808285951, 197.73489544211, 232.05062478011, 256.0, 261.08428175852, 267.0, 277.4634044651, 289.38614345409997, 303.7370056233, 321.3162335927, 324.38330597528, 349.82261738498, 373.64085363367997, 382.77435641191, 406.0, 426.4968799577, 439.0326732314, 455.1338900798, 463.91673620164, 484.68513281764, 487.6132520092, 513.1486837267]
