Avion: 2      Iteracion: 60

Num Ruta: 42
Ingresos: 1746.102
Costos: 563.116887592
Utilidad Ruta: 1182.98511241
Costo Reducido: 58.771186282
Nodos: [102, 16, 51, 10, 45, 23, 35, 70, 32, 67, 26, 61, 58, 28, 31, 63, 19, 66, 54, 712]
q: [0.0, 9.0, -9.0, 12.0, -12.0, 7.0, 8.0, -8.0, 8.0, -8.0, 0.0, 0.0, -7.0, 6.0, 9.0, -6.0, 6.0, -9.0, -6.0, 0.0]
Q: [0.0, 9.0, 0.0, 12.0, 0.0, 7.0, 15.0, 7.0, 15.0, 7.0, 7.0, 7.0, 0.0, 6.0, 15.0, 9.0, 15.0, 6.0, 0.0, 0.0]
B: [0.0, 36.0, 45.624091437640004, 96.0, 125.5195107344, 267.0, 277.4634044651, 289.38614345409997, 309.0, 319.4016530417, 332.1221722921, 349.7014002615, 352.76847264408, 378.0, 406.0, 426.4968799577, 439.0326732314, 455.1338900798, 477.5520543668, 503.0874860843]
