Avion: 1      Iteracion: 29

Num Ruta: 27
Ingresos: 829.66
Costos: 341.570531572
Utilidad Ruta: 488.089468428
Costo Reducido: 57.3559518784
Nodos: [101, 24, 59, 1, 36, 8, 33, 43, 13, 48, 68, 711]
q: [0.0, 11.0, -11.0, 0.0, 0.0, 8.0, 5.0, -8.0, 10.0, -10.0, -5.0, 0.0]
Q: [0.0, 11.0, 0.0, 0.0, 0.0, 8.0, 13.0, 5.0, 15.0, 5.0, 0.0, 0.0]
B: [0.0, 61.0, 99.5129503025, 175.0, 209.2400855285, 414.0, 437.0, 460.2743670161, 462.48504315700995, 479.36819410700997, 484.71624440594996, 501.90841160494995]
