Avion: 5      Iteracion: 84

Num Ruta: 54
Ingresos: 1904.986
Costos: 434.890587039
Utilidad Ruta: 1470.09541296
Costo Reducido: 3.98615859447
Nodos: [105, 11, 46, 18, 53, 28, 31, 63, 19, 66, 54, 6, 41, 21, 4, 56, 39, 715]
q: [0.0, 6.0, -6.0, 10.0, -10.0, 6.0, 9.0, -6.0, 6.0, -9.0, -6.0, 4.0, -4.0, 12.0, 3.0, -12.0, -3.0, 0.0]
Q: [0.0, 6.0, 0.0, 10.0, 0.0, 6.0, 15.0, 9.0, 15.0, 6.0, 0.0, 4.0, 0.0, 12.0, 15.0, 3.0, 0.0, 0.0]
B: [0.0, 169.0, 173.05406684701, 293.0, 316.8182362487, 378.0, 406.0, 426.4968799577, 439.0326732314, 455.1338900798, 477.5520543668, 489.3430733643, 493.03536276248997, 529.7166116643899, 544.6644000291899, 573.8341974401899, 590.6371418547899, 628.3512331867898]
