Avion: 1      Iteracion: 27

Num Ruta: 25
Ingresos: 3630.844
Costos: 567.520086404
Utilidad Ruta: 3063.3239136
Costo Reducido: 112.936309895
Nodos: [101, 17, 30, 52, 16, 51, 65, 24, 59, 1, 36, 23, 35, 70, 58, 34, 22, 57, 69, 8, 19, 54, 43, 13, 48, 4, 27, 39, 2, 62, 37, 711]
q: [0.0, 5.0, 0.0, -5.0, 9.0, -9.0, 0.0, 11.0, -11.0, 7.0, -7.0, 10.0, 5.0, -5.0, -10.0, 8.0, 7.0, -7.0, -8.0, 0.0, 7.0, -7.0, 0.0, 15.0, -15.0, 3.0, 5.0, -3.0, 10.0, -5.0, -10.0, 0.0]
Q: [0.0, 5.0, 5.0, 0.0, 9.0, 0.0, 0.0, 11.0, 0.0, 7.0, 0.0, 10.0, 15.0, 10.0, 0.0, 8.0, 15.0, 8.0, 0.0, 0.0, 7.0, 0.0, 0.0, 15.0, 0.0, 3.0, 8.0, 5.0, 15.0, 10.0, 0.0, 0.0]
B: [0.0, 24.0, 64.0, 67.14445448369, 72.47609381883, 82.10018525647, 84.97134181786, 109.70531270816, 148.21826301066, 175.0, 209.2400855285, 267.0, 277.4634044651, 289.38614345409997, 313.15284696969997, 327.41179398549997, 355.4754773681, 377.230163507, 387.82041383449996, 414.0, 437.1608815463, 463.7879978378, 466.71611702935996, 468.92679317026995, 485.80994412026996, 529.0, 546.6147745373, 562.9655871165, 572.4200536271001, 583.8721267145, 613.2126570608, 630.1623242552]
