Avion: 4      Iteracion: 28

Num Ruta: 27
Ingresos: 2468.422
Costos: 479.612829337
Utilidad Ruta: 1988.80917066
Costo Reducido: 193.360914043
Nodos: [104, 17, 52, 9, 44, 11, 46, 1, 36, 3, 38, 35, 70, 26, 34, 61, 69, 5, 40, 2, 37, 29, 64, 714]
q: [0.0, 5.0, -5.0, 11.0, -11.0, 6.0, -6.0, 7.0, -7.0, 13.0, -13.0, 8.0, -8.0, 7.0, 8.0, -7.0, -8.0, 9.0, -9.0, 10.0, -10.0, 9.0, -9.0, 0.0]
Q: [0.0, 5.0, 0.0, 11.0, 0.0, 6.0, 0.0, 7.0, 0.0, 13.0, 0.0, 8.0, 0.0, 7.0, 15.0, 8.0, 0.0, 9.0, 0.0, 10.0, 0.0, 9.0, 0.0, 0.0]
B: [0.0, 24.0, 58.8425537813, 81.72911018459999, 111.25634718709999, 169.0, 173.05406684701, 195.72351838431, 229.96360391281002, 256.0, 261.08428175852, 274.08526633661995, 286.00800532561993, 300.35886749481995, 322.0, 336.913246092, 361.9000000428, 469.0, 470.12168890518, 522.0, 562.7349620474, 572.53970258451, 606.31948236471, 633.08991241351]
