Avion: 6      Iteracion: 6

Num Ruta: 8
Ingresos: 2603.509
Costos: 531.805765817
Utilidad Ruta: 2071.70323418
Costo Reducido: 1247.07519332
Nodos: [106, 17, 30, 52, 16, 51, 65, 24, 59, 22, 57, 34, 69, 31, 66, 2, 37, 29, 64, 716]
q: [0.0, 5.0, 10.0, -5.0, 5.0, -5.0, -10.0, 11.0, -11.0, 10.0, -10.0, 8.0, -8.0, 9.0, -9.0, 10.0, -10.0, 9.0, -9.0, 0.0]
Q: [0.0, 5.0, 15.0, 10.0, 15.0, 10.0, 0.0, 11.0, 0.0, 10.0, 0.0, 8.0, 0.0, 9.0, 0.0, 10.0, 0.0, 9.0, 0.0, 0.0]
B: [0.0, 24.0, 64.0, 67.14445448369, 72.47609381883, 82.10018525647, 84.97134181786, 109.70531270816, 148.21826301066, 299.0, 320.7546861389, 367.45431907110003, 403.8944492849, 431.0151933934, 459.3406724714, 522.0, 562.7349620474, 572.53970258451, 606.31948236471, 626.7166896490099]
