Avion: 7      Iteracion: 1

Num Ruta: 5
Ingresos: 3879.853
Costos: 670.234251038
Utilidad Ruta: 3209.61874896
Costo Reducido: 2336.19939843
Nodos: [107, 17, 16, 51, 52, 30, 65, 10, 45, 3, 38, 23, 58, 26, 61, 22, 57, 19, 25, 60, 54, 31, 66, 21, 4, 56, 27, 39, 62, 717]
q: [0.0, 5.0, 9.0, -9.0, -5.0, 11.0, -11.0, 12.0, -12.0, 0.0, 0.0, 10.0, -10.0, 10.0, -10.0, 10.0, -10.0, 7.0, 8.0, -8.0, -7.0, 9.0, -9.0, 12.0, 3.0, -12.0, 6.0, -3.0, -6.0, 0.0]
Q: [0.0, 5.0, 14.0, 5.0, 0.0, 11.0, 0.0, 12.0, 0.0, 0.0, 0.0, 10.0, 0.0, 10.0, 0.0, 10.0, 0.0, 7.0, 15.0, 7.0, 0.0, 9.0, 0.0, 12.0, 15.0, 3.0, 9.0, 6.0, 0.0, 0.0]
B: [0.0, 45.942580685, 80.7440576652, 90.36814910284001, 105.01591787494, 108.16037235863, 126.87439501543, 145.56744530153, 175.08695603593, 256.0, 261.08428175852, 267.0, 306.733842905, 326.4202156791, 343.9994436485, 357.6336242986, 379.3883104375, 402.0, 411.3920072402, 428.57698955029997, 445.3638459862, 462.46988541679997, 490.79536449479997, 514.2612031757, 529.2089915404999, 558.3787889514999, 571.5562371491, 587.9070497283, 593.32230826322, 616.76729657632]
