Avion: 6      Iteracion: 12

Num Ruta: 13
Ingresos: 145.92
Costos: 181.972480437
Utilidad Ruta: -36.0524804366
Costo Reducido: 63.7177390265
Nodos: [106, 14, 49, 3, 38, 716]
q: [0, 8.0, -8.0, 13.0, -13.0, 0]
Q: [0, 8.0, 0.0, 13.0, 0.0, 0]
B: [0.0, 112.0, 124.021711775, 256.0, 261.08428175852, 284.81858362312]
