Avion: 3      Iteracion: 65

Num Ruta: 44
Ingresos: 556.486
Costos: 256.294719674
Utilidad Ruta: 300.191280326
Costo Reducido: 15.851138582
Nodos: [103, 11, 46, 35, 70, 32, 67, 33, 6, 41, 13, 48, 68, 713]
q: [0.0, 6.0, -6.0, 8.0, -8.0, 11.0, -11.0, 5.0, 4.0, -4.0, 10.0, -10.0, -5.0, 0.0]
Q: [0.0, 6.0, 0.0, 8.0, 0.0, 11.0, 0.0, 5.0, 9.0, 5.0, 15.0, 5.0, 0.0, 0.0]
B: [0.0, 169.0, 173.05406684701, 270.0, 281.922738989, 309.0, 319.4016530417, 437.0, 463.1548069196, 466.84709631779, 480.25716242499, 497.14031337499, 502.48836367393, 506.18323917928]
