Avion: 5      Iteracion: 2

Num Ruta: 6
Ingresos: 1630.645
Costos: 587.827995921
Utilidad Ruta: 1042.81700408
Costo Reducido: 795.817255807
Nodos: [105, 9, 44, 24, 59, 14, 49, 11, 46, 1, 36, 3, 38, 35, 70, 32, 67, 26, 61, 28, 63, 715]
q: [0, 11.0, -11.0, 11.0, -11.0, 8.0, -8.0, 6.0, -6.0, 7.0, -7.0, 13.0, -13.0, 8.0, -8.0, 11.0, -11.0, 10.0, -10.0, 6.0, -6.0, 0]
Q: [0, 11.0, 0.0, 11.0, 0.0, 8.0, 0.0, 6.0, 0.0, 7.0, 0.0, 13.0, 0.0, 8.0, 0.0, 11.0, 0.0, 10.0, 0.0, 6.0, 0.0, 0]
B: [0.0, 31.4915482312, 61.0187852337, 85.1590351288, 123.6719854313, 152.31835473, 164.340066505, 193.7884956142, 197.84256246121, 220.51201399851, 254.75209952701002, 261.84865143621, 266.93293319472997, 279.93391777282994, 291.8566567618299, 309.0, 319.4016530417, 332.1221722921, 349.7014002615, 378.0, 414.0266187839, 451.2632406769]
