Avion: 3      Iteracion: 19

Num Ruta: 19
Ingresos: 517.706
Costos: 282.554656135
Utilidad Ruta: 235.151343865
Costo Reducido: 62.8347211469
Nodos: [103, 34, 69, 33, 68, 713]
q: [0, 8.0, -8.0, 5.0, -5.0, 0]
Q: [0, 8.0, 0.0, 5.0, 0.0, 0]
B: [0.0, 322.0, 358.4401302138, 437.0, 478.9526650524, 482.64754055775]
