Avion: 4      Iteracion: 86

Num Ruta: 73
Ingresos: 2940.79
Costos: 542.300462102
Utilidad Ruta: 2398.4895379
Costo Reducido: 1.85004854682
Nodos: [104, 17, 52, 9, 44, 10, 45, 1, 36, 35, 70, 33, 21, 68, 56, 2, 37, 29, 64, 714]
q: [0.0, 5.0, -5.0, 11.0, -11.0, 12.0, -12.0, 7.0, -7.0, 8.0, -8.0, 5.0, 10.0, -5.0, -10.0, 10.0, -10.0, 9.0, -9.0, 0.0]
Q: [0.0, 5.0, 0.0, 11.0, 0.0, 12.0, 0.0, 7.0, 0.0, 8.0, 0.0, 5.0, 15.0, 10.0, 0.0, 10.0, 0.0, 9.0, 0.0, 0.0]
B: [0.0, 24.0, 58.8425537813, 81.72911018459999, 111.25634718709999, 139.7984606337, 169.3179713681, 207.7373125389, 241.9773980674, 270.0, 281.922738989, 437.0, 477.0, 487.8794773772, 522.7315161985, 546.5825299296, 587.317491977, 597.12223251411, 630.90201229431, 657.67244234311]
