Avion: 1      Iteracion: 33

Num Ruta: 29
Ingresos: 3123.164
Costos: 563.158025485
Utilidad Ruta: 2560.00597452
Costo Reducido: 138.813654341
Nodos: [101, 30, 65, 24, 59, 1, 36, 3, 38, 23, 35, 70, 58, 34, 22, 57, 69, 8, 33, 5, 40, 43, 68, 4, 27, 62, 2, 39, 37, 711]
q: [0.0, 11.0, -11.0, 11.0, -11.0, 0.0, 0.0, 13.0, -13.0, 10.0, 5.0, -5.0, -10.0, 8.0, 7.0, -7.0, -8.0, 8.0, 5.0, 2.0, -2.0, -8.0, -5.0, 3.0, 6.0, -6.0, 10.0, -3.0, -10.0, 0.0]
Q: [0.0, 11.0, 0.0, 11.0, 0.0, 0.0, 0.0, 13.0, 0.0, 10.0, 15.0, 10.0, 0.0, 8.0, 15.0, 8.0, 0.0, 8.0, 13.0, 15.0, 13.0, 5.0, 0.0, 3.0, 9.0, 3.0, 13.0, 10.0, 0.0, 0.0]
B: [0.0, 64.0, 82.7140226568, 107.4479935471, 145.9609438496, 175.0, 209.2400855285, 256.0, 261.08428175852, 267.0, 277.4634044651, 289.38614345409997, 313.15284696969997, 327.41179398549997, 355.4754773681, 377.230163507, 387.82041383449996, 414.0, 437.0, 469.0, 470.12168890518, 480.59966590458, 502.55654694448, 529.0, 546.6147745373, 563.6456369054, 575.0977099928, 584.5521765034, 617.7453872851, 634.6950544795001]
