Avion: 3      Iteracion: 0

Num Ruta: 3
Ingresos: 4299.134
Costos: 734.060845364
Utilidad Ruta: 3565.07315464
Costo Reducido: -
Nodos: [103, 17, 52, 24, 59, 10, 45, 1, 36, 3, 38, 23, 58, 26, 61, 22, 57, 19, 8, 43, 54, 33, 68, 21, 4, 39, 56, 713]
q: [0, 5.0, -5.0, 11.0, -11.0, 12.0, -12.0, 7.0, -7.0, 13.0, -13.0, 10.0, -10.0, 10.0, -10.0, 10.0, -10.0, 7.0, 8.0, -8.0, -7.0, 5.0, -5.0, 12.0, 3.0, -3.0, -12.0, 0]
Q: [0, 5.0, 0.0, 11.0, 0.0, 12.0, 0.0, 7.0, 0.0, 13.0, 0.0, 10.0, 0.0, 10.0, 0.0, 10.0, 0.0, 7.0, 15.0, 7.0, 0.0, 5.0, 0.0, 12.0, 15.0, 12.0, 0.0, 0]
B: [0.0, 39.7453305433, 74.5878843246, 91.1461676293, 129.65911793179998, 141.44504861209998, 170.96455934649998, 209.3839005173, 243.6239860458, 256.0, 261.08428175852, 267.0, 306.733842905, 326.4202156791, 343.9994436485, 357.6336242986, 379.3883104375, 402.0, 425.1608815463, 445.9292781623, 448.85739735386, 470.40579112226, 512.35845617466, 523.23793355186, 538.18572191666, 558.6114715968599, 575.4144160114599, 606.5721618381599]
