Avion: 3      Iteracion: 45

Num Ruta: 35
Ingresos: 1162.422
Costos: 213.181009951
Utilidad Ruta: 949.240990049
Costo Reducido: 25.9325117803
Nodos: [103, 11, 46, 21, 56, 27, 29, 4, 62, 39, 64, 713]
q: [0.0, 6.0, -6.0, 12.0, -12.0, 0.0, 9.0, 3.0, 0.0, -3.0, -9.0, 0.0]
Q: [0.0, 6.0, 0.0, 12.0, 0.0, 0.0, 9.0, 12.0, 12.0, 9.0, 0.0, 0.0]
B: [0.0, 169.0, 173.05406684701, 477.0, 517.7387906792, 538.0, 563.6018082369, 584.3118108685, 600.3990115262, 605.8142700611199, 618.03334109782, 644.38426072122]
