Avion: 3      Iteracion: 80

Num Ruta: 49
Ingresos: 813.399
Costos: 171.620935897
Utilidad Ruta: 641.778064103
Costo Reducido: 4.24699989919
Nodos: [103, 11, 46, 21, 5, 40, 4, 39, 56, 27, 62, 713]
q: [0.0, 0.0, 0.0, 12.0, 0.0, 0.0, 3.0, -3.0, -12.0, 0.0, 0.0, 0.0]
Q: [0.0, 0.0, 0.0, 12.0, 12.0, 12.0, 15.0, 12.0, 0.0, 0.0, 0.0, 0.0]
B: [0.0, 169.0, 173.05406684701, 477.0, 505.61812322640003, 506.73981213158004, 529.0, 549.4257496801999, 566.2286940948, 579.4061422924, 596.4370046605, 624.7077249378]
