Avion: 6      Iteracion: 50

Num Ruta: 41
Ingresos: 2280.472
Costos: 497.273936282
Utilidad Ruta: 1783.19806372
Costo Reducido: 22.2666830173
Nodos: [106, 30, 16, 51, 65, 24, 59, 11, 46, 18, 53, 28, 63, 25, 60, 33, 5, 40, 68, 21, 4, 56, 27, 39, 62, 716]
q: [0.0, 6.0, 9.0, -9.0, -6.0, 11.0, -11.0, 6.0, -6.0, 10.0, -10.0, 6.0, -6.0, 10.0, -10.0, 5.0, 0.0, 0.0, -5.0, 12.0, 3.0, -12.0, 6.0, -3.0, -6.0, 0.0]
Q: [0.0, 6.0, 15.0, 6.0, 0.0, 11.0, 0.0, 6.0, 0.0, 10.0, 0.0, 6.0, 0.0, 10.0, 0.0, 5.0, 5.0, 5.0, 0.0, 12.0, 15.0, 3.0, 9.0, 6.0, 0.0, 0.0]
B: [0.0, 64.0, 72.20259129788, 81.82668273552001, 84.69783929691, 109.43181018721, 147.94476048971, 169.0, 173.05406684701, 293.0, 316.8182362487, 378.0, 414.0266187839, 417.35999740026, 434.54497971036, 470.06238492246, 483.76055209916, 484.88224100434, 513.89461562274, 524.7740929999401, 539.72188136474, 568.89167877574, 582.0691269733401, 598.4199395525401, 603.8351980874601, 613.5408684404001]
