Avion: 7      Iteracion: 35

Num Ruta: 37
Ingresos: 2409.093
Costos: 381.10500285
Utilidad Ruta: 2027.98799715
Costo Reducido: 84.2107361008
Nodos: [107, 14, 49, 3, 38, 23, 58, 34, 22, 57, 69, 33, 5, 40, 68, 4, 2, 39, 37, 717]
q: [0.0, 8.0, -8.0, 13.0, -13.0, 10.0, -10.0, 8.0, 7.0, -7.0, -8.0, 5.0, 9.0, -9.0, -5.0, 3.0, 10.0, -3.0, -10.0, 0.0]
Q: [0.0, 8.0, 0.0, 13.0, 0.0, 10.0, 0.0, 8.0, 15.0, 8.0, 0.0, 5.0, 14.0, 5.0, 0.0, 3.0, 13.0, 10.0, 0.0, 0.0]
B: [0.0, 112.0, 124.021711775, 256.0, 261.08428175852, 267.0, 306.733842905, 322.0, 350.0636833826, 371.8183695215, 382.408619849, 437.0, 469.0, 470.12168890518, 499.13406352358, 529.0, 556.3715326023, 565.8259991129, 599.0192098946001, 626.3793441413001]
