Avion: 1      Iteracion: 34

Num Ruta: 30
Ingresos: 1998.043
Costos: 439.243220634
Utilidad Ruta: 1558.79977937
Costo Reducido: 83.618772854
Nodos: [101, 30, 65, 24, 59, 1, 36, 23, 35, 70, 32, 67, 34, 58, 69, 33, 13, 48, 68, 711]
q: [0.0, 11.0, -11.0, 11.0, -11.0, 7.0, -7.0, 7.0, 8.0, -8.0, 8.0, -8.0, 8.0, -7.0, -8.0, 5.0, 10.0, -10.0, -5.0, 0.0]
Q: [0.0, 11.0, 0.0, 11.0, 0.0, 7.0, 0.0, 7.0, 15.0, 7.0, 15.0, 7.0, 15.0, 8.0, 0.0, 5.0, 15.0, 5.0, 0.0, 0.0]
B: [0.0, 64.0, 82.7140226568, 107.4479935471, 145.9609438496, 175.0, 209.2400855285, 267.0, 277.4634044651, 289.38614345409997, 309.0, 319.4016530417, 346.1750898215, 360.4340368373, 388.28712463740004, 437.0, 462.372931896, 479.256082846, 484.60413314494, 501.79630034394]
