Avion: 5      Iteracion: 41

Num Ruta: 37
Ingresos: 337.466
Costos: 306.398897197
Utilidad Ruta: 31.0671028034
Costo Reducido: 13.4658876219
Nodos: [105, 35, 70, 33, 68, 715]
q: [0, 8.0, -8.0, 5.0, -5.0, 0]
Q: [0, 8.0, 0.0, 5.0, 0.0, 0]
B: [0.0, 270.0, 281.922738989, 437.0, 478.9526650524, 522.7129914909]
