Avion: 5      Iteracion: 39

Num Ruta: 36
Ingresos: 1175.064
Costos: 300.231223546
Utilidad Ruta: 874.832776454
Costo Reducido: 65.8220596322
Nodos: [105, 18, 53, 28, 63, 25, 60, 21, 27, 56, 62, 715]
q: [0.0, 0.0, 0.0, 6.0, -6.0, 10.0, -10.0, 12.0, 0.0, -12.0, 0.0, 0.0]
Q: [0.0, 0.0, 0.0, 6.0, 0.0, 10.0, 0.0, 12.0, 12.0, 0.0, 0.0, 0.0]
B: [0.0, 293.0, 316.8182362487, 378.0, 414.0266187839, 417.35999740026, 434.54497971036, 477.0, 538.0, 551.1774481976, 572.1442374129, 604.7991624626]
