Avion: 1      Iteracion: 58

Num Ruta: 46
Ingresos: 1791.035
Costos: 405.273119647
Utilidad Ruta: 1385.76188035
Costo Reducido: 60.8773406009
Nodos: [101, 30, 16, 51, 65, 24, 59, 1, 36, 3, 38, 23, 35, 70, 34, 58, 28, 69, 8, 19, 25, 63, 60, 54, 43, 711]
q: [0.0, 6.0, 9.0, -9.0, -6.0, 11.0, -11.0, 0.0, 0.0, 13.0, -13.0, 7.0, 8.0, -8.0, 8.0, -7.0, 6.0, -8.0, 0.0, 0.0, 9.0, -6.0, -9.0, 0.0, 0.0, 0.0]
Q: [0.0, 6.0, 15.0, 6.0, 0.0, 11.0, 0.0, 0.0, 0.0, 13.0, 0.0, 7.0, 15.0, 7.0, 15.0, 8.0, 14.0, 6.0, 6.0, 6.0, 15.0, 9.0, 0.0, 0.0, 0.0, 0.0]
B: [0.0, 64.0, 72.20259129788, 81.82668273552001, 84.69783929691, 109.43181018721, 147.94476048971, 175.0, 209.2400855285, 256.0, 261.08428175852, 267.0, 277.4634044651, 289.38614345409997, 322.0, 336.2589470158, 378.0, 412.6152135628, 415.26138853812, 438.42227008442, 447.81427732462, 451.14765594098, 468.45374469608, 485.24060113198, 488.16872032353996, 493.87785160596997]
