Avion: 4      Iteracion: 51

Num Ruta: 48
Ingresos: 1600.654
Costos: 406.175928979
Utilidad Ruta: 1194.47807102
Costo Reducido: 22.190198143
Nodos: [104, 17, 52, 9, 44, 3, 38, 35, 70, 32, 67, 33, 13, 48, 68, 29, 4, 39, 64, 714]
q: [0.0, 5.0, -5.0, 11.0, -11.0, 13.0, -13.0, 8.0, -8.0, 11.0, -11.0, 5.0, 10.0, -10.0, -5.0, 9.0, 3.0, -3.0, -9.0, 0.0]
Q: [0.0, 5.0, 0.0, 11.0, 0.0, 13.0, 0.0, 8.0, 0.0, 11.0, 0.0, 5.0, 15.0, 5.0, 0.0, 9.0, 12.0, 9.0, 0.0, 0.0]
B: [0.0, 24.0, 58.8425537813, 81.72911018459999, 111.25634718709999, 256.0, 261.08428175852, 274.08526633661995, 286.00800532561993, 309.0, 319.4016530417, 437.0, 462.372931896, 479.256082846, 484.60413314494, 549.0, 569.7100026316, 590.1357523117999, 602.3548233485, 629.1252533973]
