Avion: 1      Iteracion: 40

Num Ruta: 35
Ingresos: 2023.987
Costos: 369.618804605
Utilidad Ruta: 1654.3681954
Costo Reducido: 12.4052515487
Nodos: [101, 30, 65, 24, 59, 1, 36, 23, 35, 70, 26, 61, 58, 28, 63, 19, 54, 711]
q: [0.0, 0.0, 0.0, 11.0, -11.0, 7.0, -7.0, 7.0, 8.0, -8.0, 8.0, -8.0, -7.0, 6.0, -6.0, 7.0, -7.0, 0.0]
Q: [0.0, 0.0, 0.0, 11.0, 0.0, 7.0, 0.0, 7.0, 15.0, 7.0, 15.0, 7.0, 0.0, 6.0, 0.0, 7.0, 0.0, 0.0]
B: [0.0, 64.0, 82.7140226568, 107.4479935471, 145.9609438496, 175.0, 209.2400855285, 267.0, 277.4634044651, 289.38614345409997, 303.7370056233, 321.3162335927, 324.38330597528, 378.0, 414.0266187839, 426.5624120576, 453.1895283491, 457.93505529559997]
