Avion: 6      Iteracion: 77

Num Ruta: 56
Ingresos: 668.482
Costos: 186.831094771
Utilidad Ruta: 481.650905229
Costo Reducido: 6.14837173874
Nodos: [106, 34, 22, 57, 69, 13, 48, 6, 41, 5, 40, 716]
q: [0.0, 8.0, 7.0, -7.0, -8.0, 15.0, -15.0, 4.0, -4.0, 9.0, -9.0, 0.0]
Q: [0.0, 8.0, 15.0, 8.0, 0.0, 15.0, 0.0, 4.0, 0.0, 9.0, 0.0, 0.0]
B: [0.0, 322.0, 350.0636833826, 371.8183695215, 382.408619849, 423.0, 439.88315095, 464.1060995732, 467.79838897139, 486.18724918619, 487.30893809137, 494.03229216504]
