Avion: 6      Iteracion: 55

Num Ruta: 44
Ingresos: 1114.679
Costos: 270.010511192
Utilidad Ruta: 844.668488808
Costo Reducido: 105.981565464
Nodos: [106, 34, 26, 61, 69, 33, 6, 41, 5, 40, 68, 29, 27, 64, 62, 716]
q: [0.0, 8.0, 7.0, -7.0, -8.0, 5.0, 0.0, 0.0, 0.0, 0.0, -5.0, 9.0, 6.0, -9.0, -6.0, 0.0]
Q: [0.0, 8.0, 15.0, 8.0, 0.0, 5.0, 5.0, 5.0, 5.0, 5.0, 0.0, 9.0, 15.0, 6.0, 0.0, 0.0]
B: [0.0, 322.0, 337.9272270342, 355.50645500359997, 380.49320895439996, 437.0, 463.1548069196, 466.84709631779, 485.23595653258997, 486.35764543777, 515.37002005617, 549.0, 574.6018082369, 582.8182362320799, 598.26561380888, 607.97128416182]
