Avion: 5      Iteracion: 76

Num Ruta: 51
Ingresos: 1267.441
Costos: 294.07692413
Utilidad Ruta: 973.36407587
Costo Reducido: 11.7644749227
Nodos: [105, 18, 53, 28, 31, 63, 19, 66, 8, 54, 43, 715]
q: [0.0, 10.0, -10.0, 6.0, 9.0, -6.0, 6.0, -9.0, 8.0, -6.0, -8.0, 0.0]
Q: [0.0, 10.0, 0.0, 6.0, 15.0, 9.0, 15.0, 6.0, 14.0, 8.0, 0.0, 0.0]
B: [0.0, 293.0, 316.8182362487, 378.0, 406.0, 426.4968799577, 439.0326732314, 455.1338900798, 463.91673620164, 481.87369563244, 484.80181482399996, 523.4075987558999]
