Avion: 7      Iteracion: 73

Num Ruta: 64
Ingresos: 1605.323
Costos: 305.63177412
Utilidad Ruta: 1299.69122588
Costo Reducido: 8.00294856137
Nodos: [107, 14, 49, 3, 38, 23, 22, 57, 18, 58, 53, 28, 13, 48, 31, 63, 66, 717]
q: [0.0, 8.0, -8.0, 0.0, 0.0, 5.0, 10.0, -10.0, 10.0, -5.0, -10.0, 6.0, 9.0, -9.0, 9.0, -6.0, -9.0, 0.0]
Q: [0.0, 8.0, 0.0, 0.0, 0.0, 5.0, 15.0, 5.0, 15.0, 10.0, 0.0, 6.0, 15.0, 6.0, 15.0, 9.0, 0.0, 0.0]
B: [0.0, 112.0, 124.021711775, 256.0, 261.08428175852, 267.0, 299.0, 320.7546861389, 334.15512273630003, 359.594434146, 369.51996571867005, 378.6534684969001, 423.0, 439.88315095, 444.3406643824, 464.8375443401, 493.251976043, 496.88669804062]
