Avion: 4      Iteracion: 49

Num Ruta: 46
Ingresos: 1886.399
Costos: 454.86846837
Utilidad Ruta: 1431.53053163
Costo Reducido: 11.5709651731
Nodos: [104, 17, 52, 16, 51, 35, 70, 18, 53, 19, 25, 60, 33, 54, 68, 29, 4, 39, 64, 714]
q: [0.0, 5.0, -5.0, 9.0, -9.0, 8.0, -8.0, 10.0, -10.0, 5.0, 10.0, -10.0, 5.0, -5.0, -5.0, 9.0, 3.0, -3.0, -9.0, 0.0]
Q: [0.0, 5.0, 0.0, 9.0, 0.0, 8.0, 0.0, 10.0, 0.0, 5.0, 15.0, 5.0, 10.0, 5.0, 0.0, 9.0, 12.0, 9.0, 0.0, 0.0]
B: [0.0, 24.0, 58.8425537813, 64.17419311644, 73.79828455408, 270.0, 281.922738989, 302.3408921131, 326.15912836179996, 402.0, 411.3920072402, 428.57698955029997, 464.0943947624, 485.6427885308, 507.5482333562, 549.0, 569.7100026316, 590.1357523117999, 602.3548233485, 629.1252533973]
