Avion: 5      Iteracion: 34

Num Ruta: 33
Ingresos: 1746.062
Costos: 389.301599783
Utilidad Ruta: 1356.76040022
Costo Reducido: 11.6406731549
Nodos: [105, 1, 36, 23, 35, 70, 58, 2, 37, 715]
q: [0.0, 7.0, -7.0, 10.0, 5.0, -5.0, -10.0, 10.0, -10.0, 0.0]
Q: [0.0, 7.0, 0.0, 10.0, 15.0, 10.0, 0.0, 10.0, 0.0, 0.0]
B: [0.0, 175.0, 209.2400855285, 267.0, 277.4634044651, 289.38614345409997, 313.15284696969997, 522.0, 562.7349620474, 598.7395051635]
