Avion: 1      Iteracion: 22

Num Ruta: 20
Ingresos: 2503.155
Costos: 516.459638299
Utilidad Ruta: 1986.6953617
Costo Reducido: 210.990038924
Nodos: [101, 30, 16, 51, 65, 24, 59, 1, 36, 23, 35, 70, 32, 67, 26, 61, 58, 31, 8, 66, 19, 54, 43, 4, 27, 39, 2, 62, 37, 711]
q: [0.0, 6.0, 9.0, -9.0, -6.0, 11.0, -11.0, 0.0, 0.0, 4.0, 8.0, -8.0, 11.0, -11.0, 10.0, -10.0, -4.0, 9.0, 0.0, -9.0, 7.0, -7.0, 0.0, 3.0, 5.0, -3.0, 10.0, -5.0, -10.0, 0.0]
Q: [0.0, 6.0, 15.0, 6.0, 0.0, 11.0, 0.0, 0.0, 0.0, 4.0, 12.0, 4.0, 15.0, 4.0, 14.0, 4.0, 0.0, 9.0, 9.0, 0.0, 7.0, 0.0, 0.0, 3.0, 8.0, 5.0, 15.0, 10.0, 0.0, 0.0]
B: [0.0, 64.0, 72.20259129788, 81.82668273552001, 84.69783929691, 109.43181018721, 147.94476048971, 175.0, 209.2400855285, 267.0, 277.4634044651, 289.38614345409997, 309.0, 319.4016530417, 332.1221722921, 349.7014002615, 352.76847264408, 406.0, 435.118175166, 443.90102128784, 460.00223813624, 486.62935442774, 489.55747361929997, 529.0, 546.6147745373, 562.9655871165, 572.4200536271001, 583.8721267145, 613.2126570608, 630.1623242552]
