Avion: 7      Iteracion: 12

Num Ruta: 15
Ingresos: 2279.67
Costos: 477.769440242
Utilidad Ruta: 1801.90055976
Costo Reducido: 278.428758218
Nodos: [107, 9, 44, 14, 49, 3, 38, 23, 18, 58, 53, 31, 66, 5, 40, 6, 41, 2, 27, 37, 4, 39, 62, 717]
q: [0.0, 11.0, -11.0, 8.0, -8.0, 13.0, -13.0, 10.0, 5.0, -10.0, -5.0, 9.0, -9.0, 9.0, -9.0, 4.0, -4.0, 10.0, 5.0, -10.0, 3.0, -3.0, -5.0, 0.0]
Q: [0.0, 11.0, 0.0, 8.0, 0.0, 13.0, 0.0, 10.0, 15.0, 5.0, 0.0, 9.0, 0.0, 9.0, 0.0, 4.0, 0.0, 10.0, 15.0, 5.0, 8.0, 5.0, 0.0, 0.0]
B: [0.0, 46.0648734938, 75.5921104963, 112.0, 124.021711775, 256.0, 261.08428175852, 267.0, 293.0, 318.4393114097, 328.36484298237, 406.0, 434.325479078, 469.0, 470.12168890518, 486.34528175638, 490.03757115457, 522.0, 547.7839683718, 572.749620336, 586.2003761512, 606.6261258314, 612.04138436632, 635.48637267942]
