Avion: 4      Iteracion: 29

Num Ruta: 28
Ingresos: 2457.529
Costos: 526.157659414
Utilidad Ruta: 1931.37134059
Costo Reducido: 204.538460514
Nodos: [104, 17, 52, 9, 44, 10, 45, 34, 22, 69, 57, 25, 60, 31, 33, 66, 68, 29, 4, 39, 64, 714]
q: [0.0, 5.0, -5.0, 11.0, -11.0, 12.0, -12.0, 8.0, 7.0, -8.0, -7.0, 10.0, -10.0, 9.0, 5.0, -9.0, -5.0, 9.0, 3.0, -3.0, -9.0, 0.0]
Q: [0.0, 5.0, 0.0, 11.0, 0.0, 12.0, 0.0, 8.0, 15.0, 7.0, 0.0, 10.0, 0.0, 9.0, 14.0, 5.0, 0.0, 9.0, 12.0, 9.0, 0.0, 0.0]
B: [0.0, 24.0, 58.8425537813, 81.72911018459999, 111.25634718709999, 139.7984606337, 169.3179713681, 322.0, 350.0636833826, 364.6328500369, 375.22310036439995, 410.0, 427.1849823101, 432.00662891681, 469.50789920201, 491.90606064441, 522.85785149731, 549.0, 569.7100026316, 590.1357523117999, 602.3548233485, 629.1252533973]
