Avion: 3      Iteracion: 42

Num Ruta: 32
Ingresos: 423.146
Costos: 207.660480474
Utilidad Ruta: 215.485519526
Costo Reducido: 13.5527276756
Nodos: [103, 11, 46, 35, 70, 33, 13, 48, 68, 713]
q: [0.0, 0.0, 0.0, 8.0, -8.0, 5.0, 10.0, -10.0, -5.0, 0.0]
Q: [0.0, 0.0, 0.0, 8.0, 0.0, 5.0, 15.0, 5.0, 0.0, 0.0]
B: [0.0, 169.0, 173.05406684701, 270.0, 281.922738989, 437.0, 462.372931896, 479.256082846, 484.60413314494, 488.29900865029003]
