Avion: 4      Iteracion: 33

Num Ruta: 31
Ingresos: 2808.43
Costos: 603.014598396
Utilidad Ruta: 2205.4154016
Costo Reducido: 126.26817851
Nodos: [104, 10, 45, 3, 38, 23, 35, 70, 58, 32, 67, 34, 69, 8, 33, 5, 40, 43, 68, 2, 37, 29, 64, 714]
q: [0.0, 12.0, -12.0, 13.0, -13.0, 10.0, 5.0, -5.0, -10.0, 11.0, -11.0, 8.0, -8.0, 8.0, 5.0, 2.0, -2.0, -8.0, -5.0, 10.0, -10.0, 9.0, -9.0, 0.0]
Q: [0.0, 12.0, 0.0, 13.0, 0.0, 10.0, 15.0, 10.0, 0.0, 11.0, 0.0, 8.0, 0.0, 8.0, 13.0, 15.0, 13.0, 5.0, 0.0, 10.0, 0.0, 9.0, 0.0, 0.0]
B: [0.0, 96.0, 125.5195107344, 256.0, 261.08428175852, 267.0, 277.4634044651, 289.38614345409997, 313.15284696969997, 335.63715280729997, 346.03880584899997, 372.8122426288, 409.2523728426, 414.0, 437.0, 469.0, 470.12168890518, 480.59966590458, 502.55654694448, 545.10296510158, 585.83792714898, 595.64266768609, 629.42244746629, 656.19287751509]
