Avion: 6      Iteracion: 75

Num Ruta: 55
Ingresos: 1543.622
Costos: 314.272985045
Utilidad Ruta: 1229.34901496
Costo Reducido: 16.1546118575
Nodos: [106, 26, 61, 34, 32, 67, 8, 69, 43, 6, 41, 5, 40, 2, 4, 37, 39, 716]
q: [0.0, 10.0, -10.0, 8.0, 7.0, -7.0, 7.0, -8.0, -7.0, 4.0, -4.0, 0.0, 0.0, 10.0, 3.0, -10.0, -3.0, 0.0]
Q: [0.0, 10.0, 0.0, 8.0, 15.0, 8.0, 15.0, 7.0, 0.0, 4.0, 0.0, 0.0, 0.0, 10.0, 13.0, 3.0, 0.0, 0.0]
B: [0.0, 300.0, 317.5792279694, 332.4924740614, 352.5153919557, 362.9170449974, 414.0, 416.64617497532, 436.87392818722, 446.06459981665, 449.75688921484, 469.0, 470.12168890518, 522.0, 549.3715326023, 562.8222884175, 596.0154991992, 610.6926140383]
