Avion: 3      Iteracion: 33

Num Ruta: 29
Ingresos: 1383.056
Costos: 261.938079937
Utilidad Ruta: 1121.11792006
Costo Reducido: 73.1717893064
Nodos: [103, 11, 46, 23, 58, 2, 37, 713]
q: [0, 6.0, -6.0, 10.0, -10.0, 10.0, -10.0, 0]
Q: [0, 6.0, 0.0, 10.0, 0.0, 10.0, 0.0, 0]
B: [0.0, 169.0, 173.05406684701, 267.0, 306.733842905, 522.0, 562.7349620474, 572.8298631366]
