Avion: 2      Iteracion: 55

Num Ruta: 38
Ingresos: 1577.251
Costos: 638.942764178
Utilidad Ruta: 938.308235822
Costo Reducido: 32.5176741234
Nodos: [102, 16, 51, 9, 44, 11, 46, 3, 38, 23, 35, 70, 18, 53, 58, 34, 69, 33, 13, 68, 48, 712]
q: [0.0, 9.0, -9.0, 11.0, -11.0, 6.0, -6.0, 13.0, -13.0, 5.0, 8.0, -8.0, 10.0, -10.0, -5.0, 8.0, -8.0, 5.0, 10.0, -5.0, -10.0, 0.0]
Q: [0.0, 9.0, 0.0, 11.0, 0.0, 6.0, 0.0, 13.0, 0.0, 5.0, 13.0, 5.0, 15.0, 5.0, 0.0, 8.0, 0.0, 5.0, 15.0, 10.0, 0.0, 0.0]
B: [0.0, 36.0, 45.624091437640004, 75.68094759394, 105.20818459644, 169.0, 173.05406684701, 256.0, 261.08428175852, 267.0, 277.4634044651, 289.38614345409997, 309.80429657819997, 333.62253282689994, 343.54806439956997, 357.80701141536997, 394.24714162916996, 437.0, 462.372931896, 482.3437615232, 487.69181182214, 503.08228809803995]
