Avion: 3      Iteracion: 0

Num Ruta: 1
Ingresos: 686.492
Costos: 336.703006649
Utilidad Ruta: 349.788993351
Costo Reducido: -
Nodos: [103, 9, 44, 25, 60, 6, 41, 33, 68, 713]
q: [0, 11.0, -11.0, 10.0, -10.0, 4.0, -4.0, 5.0, -5.0, 0]
Q: [0, 11.0, 0.0, 10.0, 0.0, 4.0, 0.0, 5.0, 0.0, 0]
B: [0.0, 37.2069129329, 66.73414993540001, 410.0, 427.1849823101, 452.6867527977, 456.37904219589, 484.79629815069, 526.74896320309, 530.44383870844]
