Avion: 5      Iteracion: 50

Num Ruta: 42
Ingresos: 508.756
Costos: 316.045846146
Utilidad Ruta: 192.710153854
Costo Reducido: 5.59592202467
Nodos: [105, 18, 53, 32, 67, 33, 68, 715]
q: [0, 10.0, -10.0, 11.0, -11.0, 5.0, -5.0, 0]
Q: [0, 10.0, 0.0, 11.0, 0.0, 5.0, 0.0, 0]
B: [0.0, 293.0, 316.8182362487, 348.1029144475, 358.5045674892, 437.0, 478.9526650524, 522.7129914909]
