Avion: 6      Iteracion: 69

Num Ruta: 52
Ingresos: 1506.562
Costos: 348.378263398
Utilidad Ruta: 1158.1837366
Costo Reducido: 19.7862237689
Nodos: [106, 10, 45, 32, 67, 26, 34, 61, 69, 33, 6, 41, 5, 40, 68, 29, 4, 27, 64, 39, 62, 716]
q: [0.0, 12.0, -12.0, 11.0, -11.0, 7.0, 8.0, -7.0, -8.0, 5.0, 4.0, -4.0, 9.0, -9.0, -5.0, 9.0, 3.0, 3.0, -9.0, -3.0, -3.0, 0.0]
Q: [0.0, 12.0, 0.0, 11.0, 0.0, 7.0, 15.0, 8.0, 0.0, 5.0, 9.0, 5.0, 14.0, 5.0, 0.0, 9.0, 12.0, 15.0, 6.0, 3.0, 0.0, 0.0]
B: [0.0, 96.0, 125.5195107344, 309.0, 319.4016530417, 332.1221722921, 348.0493993263, 362.9626454183, 387.9493993691, 437.0, 463.1548069196, 466.84709631779, 485.23595653258997, 486.35764543777, 515.37002005617, 549.0, 569.7100026316, 587.3247771689, 595.54120516408, 607.76027620078, 613.1755347357, 622.8812050886401]
