Avion: 5      Iteracion: 48

Num Ruta: 40
Ingresos: 466.595
Costos: 256.38741386
Utilidad Ruta: 210.20758614
Costo Reducido: 46.9327474897
Nodos: [105, 11, 46, 18, 53, 31, 66, 715]
q: [0, 6.0, -6.0, 10.0, -10.0, 9.0, -9.0, 0]
Q: [0, 6.0, 0.0, 10.0, 0.0, 9.0, 0.0, 0]
B: [0.0, 169.0, 173.05406684701, 293.0, 316.8182362487, 406.0, 434.325479078, 448.0782228406]
