Avion: 4      Iteracion: 27

Num Ruta: 26
Ingresos: 1805.13
Costos: 401.636889724
Utilidad Ruta: 1403.49311028
Costo Reducido: 117.778045253
Nodos: [104, 17, 52, 16, 51, 32, 67, 33, 13, 48, 68, 2, 37, 29, 64, 714]
q: [0.0, 5.0, -5.0, 9.0, -9.0, 11.0, -11.0, 5.0, 10.0, -10.0, -5.0, 10.0, -10.0, 9.0, -9.0, 0.0]
Q: [0.0, 5.0, 0.0, 9.0, 0.0, 11.0, 0.0, 5.0, 15.0, 5.0, 0.0, 10.0, 0.0, 9.0, 0.0, 0.0]
B: [0.0, 24.0, 58.8425537813, 64.17419311644, 73.79828455408, 309.0, 319.4016530417, 437.0, 462.372931896, 479.256082846, 484.60413314494, 527.1505513020401, 567.8855133494401, 577.6902538865501, 611.47003366675, 638.24046371555]
