Avion: 6      Iteracion: 28

Num Ruta: 26
Ingresos: 847.106
Costos: 233.796764989
Utilidad Ruta: 613.309235011
Costo Reducido: 26.0330540782
Nodos: [106, 34, 69, 2, 37, 716]
q: [0, 8.0, -8.0, 10.0, -10.0, 0]
Q: [0, 8.0, 0.0, 10.0, 0.0, 0]
B: [0.0, 322.0, 358.4401302138, 522.0, 562.7349620474, 583.160599516]
