Avion: 3      Iteracion: 66

Num Ruta: 45
Ingresos: 520.118
Costos: 238.410489145
Utilidad Ruta: 281.707510855
Costo Reducido: 1.89249564391
Nodos: [103, 11, 46, 35, 70, 32, 67, 33, 13, 48, 68, 713]
q: [0.0, 6.0, -6.0, 8.0, -8.0, 11.0, -11.0, 5.0, 10.0, -10.0, -5.0, 0.0]
Q: [0.0, 6.0, 0.0, 8.0, 0.0, 11.0, 0.0, 5.0, 15.0, 5.0, 0.0, 0.0]
B: [0.0, 169.0, 173.05406684701, 270.0, 281.922738989, 309.0, 319.4016530417, 437.0, 462.372931896, 479.256082846, 484.60413314494, 488.29900865029003]
