Avion: 2      Iteracion: 8

Num Ruta: 7
Ingresos: 134.943
Costos: 365.191446131
Utilidad Ruta: -230.248446131
Costo Reducido: 146.514208788
Nodos: [102, 16, 51, 70, 35, 712]
q: [0, 9.0, -9.0, -8.0, 8.0, 0]
Q: [0, 9.0, 0.0, 3.0, 11.0, 0]
B: [0.0, 36.0, 45.624091437640004, 281.0, 292.922738989, 322.6674153194]
