Avion: 2      Iteracion: 54

Num Ruta: 37
Ingresos: 892.802
Costos: 504.367665677
Utilidad Ruta: 388.434334323
Costo Reducido: 12.3852833887
Nodos: [102, 16, 51, 24, 59, 1, 36, 35, 70, 18, 53, 712]
q: [0, 9.0, -9.0, 11.0, -11.0, 7.0, -7.0, 8.0, -8.0, 10.0, -10.0, 0]
Q: [0, 9.0, 0.0, 11.0, 0.0, 7.0, 0.0, 8.0, 0.0, 10.0, 0.0, 0]
B: [0.0, 36.0, 45.624091437640004, 70.85029051714, 109.36324081964, 175.0, 209.2400855285, 270.0, 281.922738989, 302.3408921131, 326.15912836179996, 345.1284301413]
