Avion: 1      Iteracion: 18

Num Ruta: 16
Ingresos: 1781.291
Costos: 370.157919331
Utilidad Ruta: 1411.13308067
Costo Reducido: 155.324756842
Nodos: [101, 30, 65, 24, 59, 1, 36, 32, 67, 34, 69, 8, 19, 54, 43, 13, 48, 711]
q: [0, 11.0, -11.0, 11.0, -11.0, 7.0, -7.0, 11.0, -11.0, 8.0, -8.0, 8.0, 7.0, -7.0, -8.0, 15.0, -15.0, 0]
Q: [0, 11.0, 0.0, 11.0, 0.0, 7.0, 0.0, 11.0, 0.0, 8.0, 0.0, 8.0, 15.0, 8.0, 0.0, 15.0, 0.0, 0]
B: [0.0, 64.0, 82.7140226568, 107.4479935471, 145.9609438496, 175.0, 209.2400855285, 309.0, 319.4016530417, 346.1750898215, 382.6152200353, 414.0, 437.1608815463, 463.7879978378, 466.71611702935996, 468.92679317026995, 485.80994412026996, 501.06134618696996]
