Avion: 4      Iteracion: 4

Num Ruta: 5
Ingresos: 3903.49
Costos: 717.267403794
Utilidad Ruta: 3186.22259621
Costo Reducido: 897.88408785
Nodos: [104, 17, 52, 24, 9, 44, 59, 10, 45, 1, 36, 3, 38, 23, 18, 53, 58, 34, 69, 19, 8, 54, 43, 13, 48, 21, 56, 2, 37, 29, 64, 714]
q: [0.0, 0.0, 0.0, 0.0, 11.0, -11.0, 0.0, 12.0, -12.0, 7.0, -7.0, 13.0, -13.0, 5.0, 10.0, -10.0, -5.0, 8.0, -8.0, 7.0, 8.0, -7.0, -8.0, 15.0, -15.0, 12.0, -12.0, 10.0, -10.0, 9.0, -9.0, 0.0]
Q: [0.0, 0.0, 0.0, 0.0, 11.0, 0.0, 0.0, 12.0, 0.0, 7.0, 0.0, 13.0, 0.0, 5.0, 15.0, 5.0, 0.0, 8.0, 0.0, 7.0, 15.0, 8.0, 0.0, 15.0, 0.0, 12.0, 0.0, 10.0, 0.0, 9.0, 0.0, 0.0]
B: [0.0, 24.0, 58.8425537813, 75.400837086, 81.83771412381999, 111.36495112632, 136.42051454042, 148.20644522071998, 177.72595595511999, 216.14529712592, 250.38538265442, 257.48193456362, 262.56621632213995, 267.0, 293.0, 316.8182362487, 326.74376782137, 341.00271483717, 377.44284505097, 402.0, 425.1608815463, 443.1178409771, 446.04596016866, 448.25663630956996, 465.13978725956997, 480.65118365057, 521.38997432977, 545.24098806087, 585.97595010827, 595.78069064538, 629.56047042558, 656.33090047438]
