Avion: 4      Iteracion: 37

Num Ruta: 35
Ingresos: 2246.691
Costos: 441.240481537
Utilidad Ruta: 1805.45051846
Costo Reducido: 117.588365082
Nodos: [104, 17, 52, 9, 44, 14, 49, 23, 35, 70, 26, 34, 58, 61, 22, 57, 69, 2, 37, 29, 64, 714]
q: [0.0, 0.0, 0.0, 11.0, -11.0, 8.0, -8.0, 7.0, 8.0, -8.0, 0.0, 8.0, -7.0, 0.0, 7.0, -7.0, -8.0, 10.0, -10.0, 9.0, -9.0, 0.0]
Q: [0.0, 0.0, 0.0, 11.0, 0.0, 8.0, 0.0, 7.0, 15.0, 7.0, 7.0, 15.0, 8.0, 8.0, 15.0, 8.0, 0.0, 10.0, 0.0, 9.0, 0.0, 0.0]
B: [0.0, 24.0, 58.8425537813, 81.72911018459999, 111.25634718709999, 121.5131539026, 133.5348656776, 267.0, 277.4634044651, 289.38614345409997, 303.7370056233, 322.0, 336.2589470158, 339.32601939838, 352.96020004848003, 374.71488618738005, 385.30513651488, 522.0, 562.7349620474, 572.53970258451, 606.31948236471, 633.08991241351]
