Avion: 1      Iteracion: 36

Num Ruta: 31
Ingresos: 1864.472
Costos: 438.765494105
Utilidad Ruta: 1425.7065059
Costo Reducido: 25.5485399385
Nodos: [101, 30, 65, 24, 59, 1, 36, 23, 35, 70, 34, 58, 22, 57, 69, 8, 33, 43, 13, 48, 68, 711]
q: [0.0, 11.0, -11.0, 0.0, 0.0, 0.0, 0.0, 7.0, 8.0, -8.0, 8.0, -7.0, 7.0, -7.0, -8.0, 8.0, 5.0, -8.0, 10.0, -10.0, -5.0, 0.0]
Q: [0.0, 11.0, 0.0, 0.0, 0.0, 0.0, 0.0, 7.0, 15.0, 7.0, 15.0, 8.0, 15.0, 8.0, 0.0, 8.0, 13.0, 5.0, 15.0, 5.0, 0.0, 0.0]
B: [0.0, 64.0, 82.7140226568, 107.4479935471, 145.9609438496, 175.0, 209.2400855285, 267.0, 277.4634044651, 289.38614345409997, 322.0, 336.2589470158, 352.0153710073, 373.77005714620003, 384.3603074737, 414.0, 437.0, 460.2743670161, 462.48504315700995, 479.36819410700997, 484.71624440594996, 501.90841160494995]
