Avion: 6      Iteracion: 19

Num Ruta: 18
Ingresos: 1040.702
Costos: 290.296186177
Utilidad Ruta: 750.405813823
Costo Reducido: 122.653640017
Nodos: [106, 10, 45, 34, 69, 2, 37, 716]
q: [0, 12.0, -12.0, 8.0, -8.0, 10.0, -10.0, 0]
Q: [0, 12.0, 0.0, 8.0, 0.0, 10.0, 0.0, 0]
B: [0.0, 96.0, 125.5195107344, 322.0, 358.4401302138, 522.0, 562.7349620474, 583.160599516]
