Avion: 6      Iteracion: 38

Num Ruta: 33
Ingresos: 1048.123
Costos: 295.106022708
Utilidad Ruta: 753.016977292
Costo Reducido: 64.6966641991
Nodos: [106, 1, 36, 35, 70, 22, 57, 33, 68, 716]
q: [0, 7.0, -7.0, 8.0, -8.0, 10.0, -10.0, 5.0, -5.0, 0]
Q: [0, 7.0, 0.0, 8.0, 0.0, 10.0, 0.0, 5.0, 0.0, 0]
B: [0.0, 175.0, 209.2400855285, 270.0, 281.922738989, 299.64604976889996, 321.40073590779997, 437.0, 478.9526650524, 502.8451089835]
