Avion: 7      Iteracion: 50

Num Ruta: 48
Ingresos: 1474.301
Costos: 243.374620383
Utilidad Ruta: 1230.92637962
Costo Reducido: 10.9306027513
Nodos: [107, 14, 49, 3, 38, 23, 58, 28, 31, 63, 25, 60, 66, 717]
q: [0.0, 0.0, 0.0, 13.0, -13.0, 10.0, -10.0, 6.0, 5.0, -6.0, 10.0, -10.0, -5.0, 0.0]
Q: [0.0, 0.0, 0.0, 13.0, 0.0, 10.0, 0.0, 6.0, 11.0, 5.0, 15.0, 5.0, 0.0, 0.0]
B: [0.0, 112.0, 124.021711775, 256.0, 261.08428175852, 267.0, 306.733842905, 378.0, 406.0, 426.4968799577, 429.83025857406, 447.01524088416, 471.08977940516, 474.72450140278]
