Avion: 4      Iteracion: 35

Num Ruta: 33
Ingresos: 2832.811
Costos: 536.013767738
Utilidad Ruta: 2296.79723226
Costo Reducido: 58.2443872464
Nodos: [104, 17, 52, 24, 9, 44, 59, 10, 45, 32, 67, 34, 28, 69, 19, 63, 25, 60, 54, 5, 40, 2, 37, 29, 64, 714]
q: [0.0, 5.0, -5.0, 4.0, 11.0, -11.0, -4.0, 12.0, -12.0, 11.0, -11.0, 8.0, 6.0, -8.0, 5.0, -6.0, 10.0, -10.0, -5.0, 9.0, -9.0, 10.0, -10.0, 9.0, -9.0, 0.0]
Q: [0.0, 5.0, 0.0, 4.0, 15.0, 4.0, 0.0, 12.0, 0.0, 11.0, 0.0, 8.0, 14.0, 6.0, 11.0, 5.0, 15.0, 5.0, 0.0, 9.0, 0.0, 10.0, 0.0, 9.0, 0.0, 0.0]
B: [0.0, 24.0, 58.8425537813, 75.400837086, 81.83771412381999, 111.36495112632, 136.42051454042, 148.20644522071998, 177.72595595511999, 309.0, 319.4016530417, 346.1750898215, 378.0, 412.6152135628, 433.1550298229, 445.6908230966, 449.02420171296, 466.20918402306, 482.99604045896, 490.84635370112, 491.9680426063, 522.0, 562.7349620474, 572.53970258451, 606.31948236471, 633.08991241351]
