Avion: 4      Iteracion: 26

Num Ruta: 25
Ingresos: 1799.991
Costos: 477.596304151
Utilidad Ruta: 1322.39469585
Costo Reducido: 119.820052112
Nodos: [104, 17, 52, 30, 16, 65, 51, 10, 45, 32, 67, 34, 69, 33, 5, 40, 68, 29, 27, 62, 64, 714]
q: [0.0, 5.0, -5.0, 11.0, 4.0, -11.0, -4.0, 12.0, -12.0, 11.0, -11.0, 8.0, -8.0, 5.0, 9.0, -9.0, -5.0, 9.0, 6.0, -6.0, -9.0, 0.0]
Q: [0.0, 5.0, 0.0, 11.0, 15.0, 4.0, 0.0, 12.0, 0.0, 11.0, 0.0, 8.0, 0.0, 5.0, 14.0, 5.0, 0.0, 9.0, 15.0, 9.0, 0.0, 0.0]
B: [0.0, 24.0, 58.8425537813, 64.0, 72.20259129788, 83.01926305958, 85.89041962097, 101.71969683127, 131.23920756567, 309.0, 319.4016530417, 346.1750898215, 382.6152200353, 437.0, 469.0, 470.12168890518, 499.13406352358, 549.0, 574.6018082369, 591.6326706049999, 607.0800481818, 633.8504782306]
