Avion: 7      Iteracion: 28

Num Ruta: 30
Ingresos: 1207.469
Costos: 367.929690701
Utilidad Ruta: 839.539309299
Costo Reducido: 140.578557852
Nodos: [107, 9, 44, 11, 46, 1, 36, 3, 38, 23, 35, 70, 34, 58, 22, 69, 57, 717]
q: [0.0, 11.0, -11.0, 6.0, -6.0, 7.0, -7.0, 13.0, -13.0, 0.0, 8.0, -8.0, 8.0, 0.0, 7.0, -8.0, -7.0, 0.0]
Q: [0.0, 11.0, 0.0, 6.0, 0.0, 7.0, 0.0, 13.0, 0.0, 0.0, 8.0, 0.0, 8.0, 8.0, 15.0, 7.0, 0.0, 0.0]
B: [0.0, 46.0648734938, 75.5921104963, 169.0, 173.05406684701, 195.72351838431, 229.96360391281002, 256.0, 261.08428175852, 267.0, 277.4634044651, 289.38614345409997, 322.0, 336.2589470158, 352.0153710073, 366.5845376616, 377.17478798909997, 379.14157674237]
