Avion: 3      Iteracion: 3

Num Ruta: 7
Ingresos: 1275.578
Costos: 347.445897301
Utilidad Ruta: 928.132102699
Costo Reducido: 578.343109348
Nodos: [103, 17, 52, 22, 57, 8, 43, 33, 68, 713]
q: [0, 5.0, -5.0, 10.0, -10.0, 8.0, -8.0, 5.0, -5.0, 0]
Q: [0, 5.0, 0.0, 10.0, 0.0, 8.0, 0.0, 5.0, 0.0, 0]
B: [0.0, 39.7453305433, 74.5878843246, 299.0, 320.7546861389, 414.0, 434.768396616, 458.0427636321, 499.9954286845, 503.69030418985]
