Avion: 4      Iteracion: 41

Num Ruta: 39
Ingresos: 1188.41
Costos: 280.036536341
Utilidad Ruta: 908.373463659
Costo Reducido: 54.3826044098
Nodos: [104, 17, 52, 9, 44, 11, 46, 19, 25, 60, 54, 13, 48, 714]
q: [0.0, 5.0, -5.0, 11.0, -11.0, 6.0, -6.0, 5.0, 10.0, -10.0, -5.0, 15.0, -15.0, 0.0]
Q: [0.0, 5.0, 0.0, 11.0, 0.0, 6.0, 0.0, 5.0, 15.0, 5.0, 0.0, 15.0, 0.0, 0.0]
B: [0.0, 24.0, 58.8425537813, 81.72911018459999, 111.25634718709999, 169.0, 173.05406684701, 402.0, 411.3920072402, 428.57698955029997, 445.3638459862, 449.59146529262, 466.47461624262, 478.15391694942]
