Avion: 6      Iteracion: 59

Num Ruta: 46
Ingresos: 1611.391
Costos: 386.319429061
Utilidad Ruta: 1225.07157094
Costo Reducido: 20.2570849635
Nodos: [106, 17, 30, 52, 16, 65, 51, 10, 45, 32, 67, 26, 34, 61, 69, 33, 6, 41, 13, 48, 68, 716]
q: [0.0, 5.0, 6.0, -5.0, 9.0, -6.0, -9.0, 12.0, -12.0, 11.0, -11.0, 7.0, 8.0, -7.0, -8.0, 5.0, 0.0, 0.0, 10.0, -10.0, -5.0, 0.0]
Q: [0.0, 5.0, 11.0, 6.0, 15.0, 9.0, 0.0, 12.0, 0.0, 11.0, 0.0, 7.0, 15.0, 8.0, 0.0, 5.0, 5.0, 5.0, 15.0, 5.0, 0.0, 0.0]
B: [0.0, 24.0, 64.0, 67.14445448369, 72.47609381883, 83.29276558052999, 86.16392214191998, 101.99319935221999, 131.51271008662, 309.0, 319.4016530417, 332.1221722921, 348.0493993263, 362.9626454183, 387.9493993691, 437.0, 463.1548069196, 466.84709631779, 480.25716242499, 497.14031337499, 502.48836367393, 526.38080760503]
