Avion: 7      Iteracion: 14

Num Ruta: 17
Ingresos: 1331.976
Costos: 433.329011988
Utilidad Ruta: 898.646988012
Costo Reducido: 171.51958803
Nodos: [107, 3, 38, 32, 67, 8, 33, 43, 68, 21, 56, 717]
q: [0, 13.0, -13.0, 11.0, -11.0, 8.0, 5.0, -8.0, -5.0, 12.0, -12.0, 0]
Q: [0, 13.0, 0.0, 11.0, 0.0, 8.0, 13.0, 5.0, 0.0, 12.0, 0.0, 0]
B: [0.0, 256.0, 261.08428175852, 309.0, 319.4016530417, 414.0, 437.0, 460.2743670161, 482.23124805599997, 493.11072543319995, 533.8495161123999, 577.4657870785999]
