Avion: 7      Iteracion: 30

Num Ruta: 32
Ingresos: 1815.28
Costos: 352.802895271
Utilidad Ruta: 1462.47710473
Costo Reducido: 247.557909481
Nodos: [107, 14, 49, 3, 38, 23, 35, 70, 26, 34, 61, 58, 22, 57, 69, 5, 40, 2, 27, 37, 4, 39, 62, 717]
q: [0.0, 8.0, -8.0, 13.0, -13.0, 0.0, 8.0, -8.0, 10.0, 5.0, -10.0, 0.0, 10.0, -10.0, -5.0, 9.0, -9.0, 10.0, 5.0, -10.0, 3.0, -3.0, -5.0, 0.0]
Q: [0.0, 8.0, 0.0, 13.0, 0.0, 0.0, 8.0, 0.0, 10.0, 15.0, 5.0, 5.0, 15.0, 5.0, 0.0, 9.0, 0.0, 10.0, 15.0, 5.0, 8.0, 5.0, 0.0, 0.0]
B: [0.0, 112.0, 124.021711775, 256.0, 261.08428175852, 267.0, 277.4634044651, 289.38614345409997, 303.7370056233, 322.0, 336.913246092, 339.98031847458003, 355.73674246608005, 377.49142860498006, 388.08167893248003, 469.0, 470.12168890518, 522.0, 547.7839683718, 572.749620336, 586.2003761512, 606.6261258314, 612.04138436632, 635.48637267942]
