Avion: 1      Iteracion: 78

Num Ruta: 59
Ingresos: 2185.403
Costos: 338.517676003
Utilidad Ruta: 1846.885324
Costo Reducido: 75.7679748365
Nodos: [101, 30, 65, 24, 59, 1, 36, 23, 35, 70, 34, 58, 22, 57, 69, 8, 19, 54, 43, 711]
q: [0.0, 11.0, -11.0, 11.0, -11.0, 7.0, -7.0, 7.0, 8.0, -8.0, 8.0, -7.0, 7.0, -7.0, -8.0, 0.0, 7.0, -7.0, 0.0, 0.0]
Q: [0.0, 11.0, 0.0, 11.0, 0.0, 7.0, 0.0, 7.0, 15.0, 7.0, 15.0, 8.0, 15.0, 8.0, 0.0, 0.0, 7.0, 0.0, 0.0, 0.0]
B: [0.0, 64.0, 82.7140226568, 107.4479935471, 145.9609438496, 175.0, 209.2400855285, 267.0, 277.4634044651, 289.38614345409997, 322.0, 336.2589470158, 352.0153710073, 373.77005714620003, 384.3603074737, 414.0, 437.1608815463, 463.7879978378, 466.71611702935996, 472.42524831178997]
