Avion: 5      Iteracion: 57

Num Ruta: 45
Ingresos: 776.61
Costos: 350.116544748
Utilidad Ruta: 426.493455252
Costo Reducido: 59.3709177576
Nodos: [105, 30, 16, 51, 65, 24, 59, 13, 48, 31, 66, 715]
q: [0.0, 6.0, 9.0, -9.0, -6.0, 11.0, -11.0, 15.0, -15.0, 9.0, -9.0, 0.0]
Q: [0.0, 6.0, 15.0, 6.0, 0.0, 11.0, 0.0, 15.0, 0.0, 9.0, 0.0, 0.0]
B: [0.0, 64.0, 72.20259129788, 81.82668273552001, 84.69783929691, 109.43181018721, 147.94476048971, 423.0, 439.88315095, 444.3406643824, 472.6661434604, 486.418887223]
