Avion: 1      Iteracion: 74

Num Ruta: 56
Ingresos: 956.84
Costos: 390.199491998
Utilidad Ruta: 566.640508002
Costo Reducido: 64.2265091074
Nodos: [101, 30, 65, 16, 51, 32, 67, 26, 61, 34, 69, 4, 39, 711]
q: [0, 11.0, -11.0, 9.0, -9.0, 11.0, -11.0, 10.0, -10.0, 8.0, -8.0, 3.0, -3.0, 0]
Q: [0, 11.0, 0.0, 9.0, 0.0, 11.0, 0.0, 10.0, 0.0, 8.0, 0.0, 3.0, 0.0, 0]
B: [0.0, 64.0, 82.7140226568, 93.53069441849999, 103.15478585614, 309.0, 319.4016530417, 332.1221722921, 349.7014002615, 364.6146463535, 401.0547765673, 529.0, 549.4257496801999, 566.2347817760999]
