Avion: 3      Iteracion: 14

Num Ruta: 15
Ingresos: 552.186
Costos: 277.017467796
Utilidad Ruta: 275.168532204
Costo Reducido: 74.5936908399
Nodos: [103, 8, 43, 6, 41, 33, 68, 713]
q: [0, 8.0, -8.0, 4.0, -4.0, 5.0, -5.0, 0]
Q: [0, 8.0, 0.0, 4.0, 0.0, 5.0, 0.0, 0]
B: [0.0, 414.0, 434.768396616, 443.95906824543, 447.65135764362, 476.06861359842, 518.02127865082, 521.71615415617]
