Avion: 7      Iteracion: 10

Num Ruta: 13
Ingresos: 2413.237
Costos: 525.092782196
Utilidad Ruta: 1888.1442178
Costo Reducido: 179.238277602
Nodos: [107, 10, 45, 3, 38, 23, 58, 18, 53, 28, 31, 66, 63, 25, 60, 29, 4, 64, 39, 717]
q: [0, 12.0, -12.0, 13.0, -13.0, 10.0, -10.0, 10.0, -10.0, 6.0, 9.0, -9.0, -6.0, 10.0, -10.0, 9.0, 3.0, -9.0, -3.0, 0]
Q: [0, 12.0, 0.0, 13.0, 0.0, 10.0, 0.0, 10.0, 0.0, 6.0, 15.0, 6.0, 0.0, 10.0, 0.0, 9.0, 12.0, 3.0, 0.0, 0]
B: [0.0, 96.0, 125.5195107344, 256.0, 261.08428175852, 267.0, 306.733842905, 332.1731543147, 355.9913905634, 378.0, 406.0, 434.325479078, 462.7399107809, 466.07328939726, 483.25827170736, 549.0, 569.7100026316, 592.5834067727, 604.8024778094, 633.549945524]
