Avion: 1      Iteracion: 26

Num Ruta: 24
Ingresos: 3574.874
Costos: 569.637465567
Utilidad Ruta: 3005.23653443
Costo Reducido: 167.191558283
Nodos: [101, 17, 52, 30, 65, 24, 59, 1, 36, 3, 38, 23, 35, 70, 58, 34, 69, 8, 19, 54, 43, 5, 33, 40, 68, 27, 2, 62, 37, 711]
q: [0.0, 5.0, -5.0, 11.0, -11.0, 11.0, -11.0, 7.0, -7.0, 13.0, -13.0, 10.0, 5.0, -5.0, -10.0, 8.0, -8.0, 0.0, 7.0, -7.0, 0.0, 9.0, 5.0, -9.0, -5.0, 5.0, 10.0, -5.0, -10.0, 0.0]
Q: [0.0, 5.0, 0.0, 11.0, 0.0, 11.0, 0.0, 7.0, 0.0, 13.0, 0.0, 10.0, 15.0, 10.0, 0.0, 8.0, 0.0, 0.0, 7.0, 0.0, 0.0, 9.0, 14.0, 5.0, 0.0, 5.0, 15.0, 10.0, 0.0, 0.0]
B: [0.0, 24.0, 58.8425537813, 64.0, 82.7140226568, 107.4479935471, 145.9609438496, 175.0, 209.2400855285, 256.0, 261.08428175852, 267.0, 277.4634044651, 289.38614345409997, 313.15284696969997, 327.41179398549997, 363.85192419929996, 414.0, 437.1608815463, 463.7879978378, 466.71611702935996, 476.46892790622996, 490.16709508292996, 503.45727378752997, 532.46964840593, 554.35048004003, 580.13444841183, 591.58652149923, 620.9270518455301, 637.8767190399301]
