Avion: 4      Iteracion: 67

Num Ruta: 62
Ingresos: 2859.814
Costos: 551.909823454
Utilidad Ruta: 2307.90417655
Costo Reducido: 27.8799874063
Nodos: [104, 17, 52, 30, 16, 65, 51, 10, 45, 23, 35, 70, 58, 34, 22, 57, 69, 19, 33, 54, 13, 48, 68, 29, 64, 714]
q: [0.0, 5.0, -5.0, 6.0, 9.0, -6.0, -9.0, 12.0, -12.0, 7.0, 8.0, -8.0, -7.0, 8.0, 7.0, -7.0, -8.0, 7.0, 5.0, -7.0, 10.0, -10.0, -5.0, 9.0, -9.0, 0.0]
Q: [0.0, 5.0, 0.0, 6.0, 15.0, 9.0, 0.0, 12.0, 0.0, 7.0, 15.0, 7.0, 0.0, 8.0, 15.0, 8.0, 0.0, 7.0, 12.0, 5.0, 15.0, 5.0, 0.0, 9.0, 0.0, 0.0]
B: [0.0, 24.0, 58.8425537813, 64.0, 72.20259129788, 83.01926305958, 85.89041962097, 101.71969683127, 131.23920756567, 267.0, 277.4634044651, 289.38614345409997, 313.15284696969997, 327.41179398549997, 355.4754773681, 377.230163507, 387.82041383449996, 408.36023009459996, 444.95379045699997, 466.50218422539996, 470.72980353182, 487.61295448182, 492.96100478076, 549.0, 582.7797797802, 609.550209829]
