Avion: 4      Iteracion: 9

Num Ruta: 9
Ingresos: 2055.321
Costos: 506.899015668
Utilidad Ruta: 1548.42198433
Costo Reducido: 315.219750152
Nodos: [104, 17, 52, 9, 44, 10, 45, 32, 67, 26, 34, 61, 69, 13, 28, 48, 63, 29, 27, 62, 64, 714]
q: [0.0, 5.0, -5.0, 11.0, -11.0, 12.0, -12.0, 11.0, -11.0, 7.0, 8.0, -7.0, -8.0, 9.0, 6.0, -9.0, -6.0, 9.0, 6.0, -6.0, -9.0, 0.0]
Q: [0.0, 5.0, 0.0, 11.0, 0.0, 12.0, 0.0, 11.0, 0.0, 7.0, 15.0, 8.0, 0.0, 9.0, 15.0, 6.0, 0.0, 9.0, 15.0, 9.0, 0.0, 0.0]
B: [0.0, 24.0, 58.8425537813, 81.72911018459999, 111.25634718709999, 139.7984606337, 169.3179713681, 309.0, 319.4016530417, 332.1221722921, 348.0493993263, 362.9626454183, 387.9493993691, 423.0, 436.7962173439, 450.1536367429, 473.1920667675, 549.0, 574.6018082369, 591.6326706049999, 607.0800481818, 633.8504782306]
