Avion: 7      Iteracion: 22

Num Ruta: 24
Ingresos: 1752.354
Costos: 391.329025725
Utilidad Ruta: 1361.02497427
Costo Reducido: 161.712115294
Nodos: [107, 16, 51, 9, 44, 14, 49, 3, 38, 23, 35, 70, 26, 61, 58, 22, 57, 19, 25, 60, 31, 54, 66, 717]
q: [0.0, 9.0, -9.0, 11.0, -11.0, 0.0, 0.0, 0.0, 0.0, 7.0, 8.0, -8.0, 8.0, -8.0, -7.0, 0.0, 0.0, 5.0, 10.0, -10.0, 9.0, -5.0, -9.0, 0.0]
Q: [0.0, 9.0, 0.0, 11.0, 0.0, 0.0, 0.0, 0.0, 0.0, 7.0, 15.0, 7.0, 15.0, 7.0, 0.0, 0.0, 0.0, 5.0, 15.0, 5.0, 14.0, 9.0, 0.0, 0.0]
B: [0.0, 40.0989101099, 49.723001547539994, 79.77985770384, 109.30709470634, 119.56390142184, 131.58561319684, 256.0, 261.08428175852, 267.0, 277.4634044651, 289.38614345409997, 303.7370056233, 321.3162335927, 324.38330597528, 340.13972996678, 361.89441610568, 402.0, 411.3920072402, 428.57698955029997, 433.39863615700995, 450.50467558760994, 472.92283987460996, 476.55756187222994]
