Avion: 1      Iteracion: 14

Num Ruta: 12
Ingresos: 2071.661
Costos: 462.436093069
Utilidad Ruta: 1609.22490693
Costo Reducido: 300.559481717
Nodos: [101, 30, 65, 24, 59, 1, 36, 3, 38, 23, 32, 67, 26, 58, 61, 8, 33, 43, 13, 48, 68, 5, 40, 711]
q: [0.0, 11.0, -11.0, 11.0, -11.0, 7.0, -7.0, 13.0, -13.0, 4.0, 11.0, -11.0, 10.0, -4.0, -10.0, 8.0, 5.0, -8.0, 10.0, -10.0, -5.0, 9.0, -9.0, 0.0]
Q: [0.0, 11.0, 0.0, 11.0, 0.0, 7.0, 0.0, 13.0, 0.0, 4.0, 15.0, 4.0, 14.0, 10.0, 0.0, 8.0, 13.0, 5.0, 15.0, 5.0, 0.0, 9.0, 0.0, 0.0]
B: [0.0, 64.0, 82.7140226568, 107.4479935471, 145.9609438496, 175.0, 209.2400855285, 256.0, 261.08428175852, 267.0, 309.0, 319.4016530417, 332.1221722921, 351.8085450662, 354.87561744878, 414.0, 437.0, 460.2743670161, 462.48504315700995, 479.36819410700997, 484.71624440594996, 513.68766199295, 514.80935089813, 527.07079200433]
