Avion: 7      Iteracion: 72

Num Ruta: 63
Ingresos: 2057.243
Costos: 387.407874026
Utilidad Ruta: 1669.83512597
Costo Reducido: 16.2124470152
Nodos: [107, 9, 44, 14, 49, 3, 38, 23, 58, 34, 22, 57, 69, 28, 31, 63, 66, 717]
q: [0.0, 11.0, -11.0, 0.0, 0.0, 13.0, -13.0, 10.0, -10.0, 8.0, 7.0, -7.0, -8.0, 6.0, 9.0, -6.0, -9.0, 0.0]
Q: [0.0, 11.0, 0.0, 0.0, 0.0, 13.0, 0.0, 10.0, 0.0, 8.0, 15.0, 8.0, 0.0, 6.0, 15.0, 9.0, 0.0, 0.0]
B: [0.0, 46.0648734938, 75.5921104963, 112.0, 124.021711775, 256.0, 261.08428175852, 267.0, 306.733842905, 322.0, 350.0636833826, 371.8183695215, 382.408619849, 417.0238334118, 432.6400529607, 453.1369329184, 481.5513646213, 485.18608661892]
