Avion: 6      Iteracion: 15

Num Ruta: 16
Ingresos: 1093.886
Costos: 256.250760555
Utilidad Ruta: 837.635239445
Costo Reducido: 78.5212867765
Nodos: [106, 1, 36, 2, 4, 37, 39, 716]
q: [0, 7.0, -7.0, 10.0, 3.0, -10.0, -3.0, 0]
Q: [0, 7.0, 0.0, 10.0, 13.0, 3.0, 0.0, 0]
B: [0.0, 175.0, 209.2400855285, 522.0, 549.3715326023, 562.8222884175, 596.0154991992, 610.6926140383]
