Avion: 7      Iteracion: 5

Num Ruta: 8
Ingresos: 2687.008
Costos: 517.254548765
Utilidad Ruta: 2169.75345123
Costo Reducido: 977.87411181
Nodos: [107, 30, 65, 14, 49, 3, 38, 23, 18, 22, 57, 58, 53, 31, 66, 8, 33, 43, 68, 4, 27, 62, 2, 39, 37, 717]
q: [0.0, 11.0, -11.0, 8.0, -8.0, 0.0, 0.0, 10.0, 5.0, 0.0, 0.0, -10.0, -5.0, 9.0, -9.0, 8.0, 5.0, -8.0, -5.0, 3.0, 6.0, -6.0, 10.0, -3.0, -10.0, 0.0]
Q: [0.0, 11.0, 0.0, 8.0, 0.0, 0.0, 0.0, 10.0, 15.0, 15.0, 15.0, 5.0, 0.0, 9.0, 0.0, 8.0, 13.0, 5.0, 0.0, 3.0, 9.0, 3.0, 13.0, 10.0, 0.0, 0.0]
B: [0.0, 64.0, 82.7140226568, 112.0, 124.021711775, 256.0, 261.08428175852, 267.0, 293.0, 302.68569016643, 324.44037630533, 361.31663644653, 371.24216801920005, 406.0, 434.325479078, 443.10832519984, 456.87298000844, 480.14734702453995, 502.10422806443995, 529.0, 546.6147745373, 563.6456369054, 575.0977099928, 584.5521765034, 617.7453872851, 645.1055215318]
