Avion: 1      Iteracion: 10

Num Ruta: 9
Ingresos: 3363.872
Costos: 562.569715323
Utilidad Ruta: 2801.30228468
Costo Reducido: 363.928152517
Nodos: [101, 30, 65, 24, 59, 1, 36, 23, 58, 34, 22, 69, 57, 19, 25, 60, 33, 5, 40, 54, 68, 21, 4, 39, 56, 711]
q: [0.0, 0.0, 0.0, 11.0, -11.0, 7.0, -7.0, 10.0, -10.0, 8.0, 7.0, -8.0, -7.0, 5.0, 10.0, -10.0, 5.0, 5.0, -5.0, -5.0, -5.0, 12.0, 3.0, -3.0, -12.0, 0.0]
Q: [0.0, 0.0, 0.0, 11.0, 0.0, 7.0, 0.0, 10.0, 0.0, 8.0, 15.0, 7.0, 0.0, 5.0, 15.0, 5.0, 10.0, 15.0, 10.0, 5.0, 0.0, 12.0, 15.0, 12.0, 0.0, 0.0]
B: [0.0, 64.0, 82.7140226568, 107.4479935471, 145.9609438496, 175.0, 209.2400855285, 267.0, 306.733842905, 322.0, 350.0636833826, 364.6328500369, 375.22310036439995, 402.0, 411.3920072402, 428.57698955029997, 464.0943947624, 477.7925619391, 478.91425084428, 487.27018693786, 509.17563176326, 520.05510914046, 535.00289750526, 555.42864718546, 572.23159160006, 594.47407727496]
