Avion: 3      Iteracion: 63

Num Ruta: 42
Ingresos: 1173.772
Costos: 326.192987938
Utilidad Ruta: 847.579012062
Costo Reducido: 0.583460815076
Nodos: [103, 11, 46, 35, 70, 32, 67, 26, 34, 61, 69, 8, 33, 6, 41, 43, 13, 48, 68, 713]
q: [0.0, 6.0, -6.0, 8.0, -8.0, 11.0, -11.0, 7.0, 8.0, -7.0, -8.0, 6.0, 5.0, 4.0, -4.0, -6.0, 10.0, -10.0, -5.0, 0.0]
Q: [0.0, 6.0, 0.0, 8.0, 0.0, 11.0, 0.0, 7.0, 15.0, 8.0, 0.0, 6.0, 11.0, 15.0, 11.0, 5.0, 15.0, 5.0, 0.0, 0.0]
B: [0.0, 169.0, 173.05406684701, 270.0, 281.922738989, 309.0, 319.4016530417, 332.1221722921, 348.0493993263, 362.9626454183, 387.9493993691, 414.0, 437.0, 463.1548069196, 466.84709631779, 479.71309880498995, 481.92377494589994, 498.80692589589995, 504.15497619483995, 507.84985170018996]
