Avion: 3      Iteracion: 79

Num Ruta: 48
Ingresos: 1122.126
Costos: 311.660277855
Utilidad Ruta: 810.465722145
Costo Reducido: 31.3023047117
Nodos: [103, 11, 46, 35, 70, 22, 57, 32, 67, 33, 8, 43, 13, 48, 68, 713]
q: [0.0, 6.0, -6.0, 8.0, -8.0, 10.0, -10.0, 11.0, -11.0, 5.0, 8.0, -8.0, 10.0, -10.0, -5.0, 0.0]
Q: [0.0, 6.0, 0.0, 8.0, 0.0, 10.0, 0.0, 11.0, 0.0, 5.0, 13.0, 5.0, 15.0, 5.0, 0.0, 0.0]
B: [0.0, 169.0, 173.05406684701, 270.0, 281.922738989, 299.64604976889996, 321.40073590779997, 355.4005132159, 365.8021662576, 437.0, 450.76465480859997, 471.5330514246, 473.74372756550997, 490.62687851551, 495.97492881445, 499.6698043198]
