Avion: 6      Iteracion: 41

Num Ruta: 36
Ingresos: 1949.672
Costos: 337.318962375
Utilidad Ruta: 1612.35303763
Costo Reducido: 65.5717207088
Nodos: [106, 17, 52, 9, 44, 11, 46, 23, 35, 70, 58, 28, 63, 25, 19, 60, 54, 6, 41, 5, 40, 716]
q: [0.0, 5.0, -5.0, 11.0, -11.0, 6.0, -6.0, 7.0, 8.0, -8.0, -7.0, 6.0, -6.0, 10.0, 5.0, -10.0, -5.0, 0.0, 0.0, 0.0, 0.0, 0.0]
Q: [0.0, 5.0, 0.0, 11.0, 0.0, 6.0, 0.0, 7.0, 15.0, 7.0, 0.0, 6.0, 0.0, 10.0, 15.0, 5.0, 0.0, 0.0, 0.0, 0.0, 0.0, 0.0]
B: [0.0, 24.0, 58.8425537813, 81.72911018459999, 111.25634718709999, 169.0, 173.05406684701, 267.0, 277.4634044651, 289.38614345409997, 313.15284696969997, 378.0, 414.0266187839, 417.35999740026, 426.75200464046, 443.42489632125995, 460.21175275715996, 472.00277175465993, 475.6950611528499, 494.0839213676499, 495.2056102728299, 501.9289643464999]
