Avion: 2      Iteracion: 34

Num Ruta: 28
Ingresos: 500.263
Costos: 492.851971821
Utilidad Ruta: 7.41102817888
Costo Reducido: 17.2972673291
Nodos: [102, 16, 51, 9, 12, 44, 47, 10, 45, 32, 67, 712]
q: [0, 9.0, -9.0, 11.0, 0.0, -11.0, -0.0, 12.0, -12.0, 11.0, -11.0, 0]
Q: [0, 9.0, 0.0, 11.0, 11.0, 0.0, 0.0, 12.0, 0.0, 11.0, 0.0, 0]
B: [0.0, 36.0, 45.624091437640004, 75.68094759394, 96.51567151824, 107.30270827534, 144.23279248864, 152.95056284579, 182.47007358019, 309.0, 319.4016530417, 371.3771775316]
