Avion: 1      Iteracion: 46

Num Ruta: 40
Ingresos: 2889.14
Costos: 539.42006186
Utilidad Ruta: 2349.71993814
Costo Reducido: 52.6192430879
Nodos: [101, 30, 65, 24, 59, 1, 36, 3, 38, 23, 35, 70, 32, 67, 26, 34, 58, 61, 69, 8, 33, 43, 13, 48, 68, 4, 2, 39, 37, 711]
q: [0.0, 0.0, 0.0, 11.0, -11.0, 7.0, -7.0, 13.0, -13.0, 7.0, 8.0, -8.0, 8.0, -8.0, 0.0, 8.0, -7.0, 0.0, -8.0, 8.0, 5.0, -8.0, 10.0, -10.0, -5.0, 3.0, 10.0, -3.0, -10.0, 0.0]
Q: [0.0, 0.0, 0.0, 11.0, 0.0, 7.0, 0.0, 13.0, 0.0, 7.0, 15.0, 7.0, 15.0, 7.0, 7.0, 15.0, 8.0, 8.0, 0.0, 8.0, 13.0, 5.0, 15.0, 5.0, 0.0, 3.0, 13.0, 10.0, 0.0, 0.0]
B: [0.0, 64.0, 82.7140226568, 107.4479935471, 145.9609438496, 175.0, 209.2400855285, 256.0, 261.08428175852, 267.0, 277.4634044651, 289.38614345409997, 309.0, 319.4016530417, 332.1221722921, 348.0493993263, 362.3083463421, 365.37541872468, 390.36217267548, 414.0, 437.0, 460.2743670161, 462.48504315700995, 479.36819410700997, 484.71624440594996, 529.0, 556.3715326023, 565.8259991129, 599.0192098946001, 615.9688770890001]
