Avion: 1      Iteracion: 39

Num Ruta: 34
Ingresos: 767.336
Costos: 343.944562259
Utilidad Ruta: 423.391437741
Costo Reducido: 23.4353755074
Nodos: [101, 30, 65, 24, 59, 11, 46, 35, 70, 26, 61, 711]
q: [0, 11.0, -11.0, 11.0, -11.0, 6.0, -6.0, 8.0, -8.0, 10.0, -10.0, 0]
Q: [0, 11.0, 0.0, 11.0, 0.0, 6.0, 0.0, 8.0, 0.0, 10.0, 0.0, 0]
B: [0.0, 64.0, 82.7140226568, 107.4479935471, 145.9609438496, 169.0, 173.05406684701, 270.0, 281.922738989, 300.0, 317.5792279694, 325.23299573436]
