Avion: 1      Iteracion: 44

Num Ruta: 38
Ingresos: 2218.926
Costos: 504.80444453
Utilidad Ruta: 1714.12155547
Costo Reducido: 79.321887087
Nodos: [101, 17, 52, 30, 16, 51, 65, 24, 59, 1, 36, 35, 70, 32, 67, 26, 34, 61, 69, 8, 33, 43, 13, 48, 68, 711]
q: [0.0, 5.0, -5.0, 0.0, 9.0, -9.0, 0.0, 11.0, -11.0, 7.0, -7.0, 8.0, -8.0, 11.0, -11.0, 7.0, 8.0, -7.0, -8.0, 8.0, 5.0, -8.0, 10.0, -10.0, -5.0, 0.0]
Q: [0.0, 5.0, 0.0, 0.0, 9.0, 0.0, 0.0, 11.0, 0.0, 7.0, 0.0, 8.0, 0.0, 11.0, 0.0, 7.0, 15.0, 8.0, 0.0, 8.0, 13.0, 5.0, 15.0, 5.0, 0.0, 0.0]
B: [0.0, 24.0, 58.8425537813, 64.0, 72.20259129788, 81.82668273552001, 84.69783929691, 109.43181018721, 147.94476048971, 175.0, 209.2400855285, 270.0, 281.922738989, 309.0, 319.4016530417, 332.1221722921, 348.0493993263, 362.9626454183, 387.9493993691, 414.0, 437.0, 460.2743670161, 462.48504315700995, 479.36819410700997, 484.71624440594996, 501.90841160494995]
