Avion: 4      Iteracion: 42

Num Ruta: 40
Ingresos: 2261.411
Costos: 462.589170042
Utilidad Ruta: 1798.82182996
Costo Reducido: 47.7081244534
Nodos: [104, 17, 52, 30, 16, 65, 51, 35, 70, 26, 34, 61, 22, 57, 69, 33, 13, 48, 68, 29, 4, 39, 64, 714]
q: [0.0, 5.0, -5.0, 11.0, 4.0, -11.0, -4.0, 8.0, -8.0, 10.0, 5.0, -10.0, 10.0, -10.0, -5.0, 5.0, 10.0, -10.0, -5.0, 9.0, 3.0, -3.0, -9.0, 0.0]
Q: [0.0, 5.0, 0.0, 11.0, 15.0, 4.0, 0.0, 8.0, 0.0, 10.0, 15.0, 5.0, 15.0, 5.0, 0.0, 5.0, 15.0, 5.0, 0.0, 9.0, 12.0, 9.0, 0.0, 0.0]
B: [0.0, 24.0, 58.8425537813, 64.0, 72.20259129788, 83.01926305958, 85.89041962097, 270.0, 281.922738989, 300.0, 322.0, 336.913246092, 350.5474267421, 372.302112881, 382.8923632085, 437.0, 462.372931896, 479.256082846, 484.60413314494, 549.0, 569.7100026316, 590.1357523117999, 602.3548233485, 629.1252533973]
