Avion: 7      Iteracion: 29

Num Ruta: 31
Ingresos: 1031.571
Costos: 325.57781911
Utilidad Ruta: 705.99318089
Costo Reducido: 89.7102310469
Nodos: [107, 9, 44, 14, 49, 3, 38, 23, 22, 57, 18, 58, 53, 31, 66, 717]
q: [0.0, 11.0, -11.0, 8.0, -8.0, 0.0, 0.0, 0.0, 10.0, -10.0, 10.0, 0.0, -10.0, 9.0, -9.0, 0.0]
Q: [0.0, 11.0, 0.0, 8.0, 0.0, 0.0, 0.0, 0.0, 10.0, 0.0, 10.0, 10.0, 0.0, 9.0, 0.0, 0.0]
B: [0.0, 46.0648734938, 75.5921104963, 112.0, 124.021711775, 256.0, 261.08428175852, 267.0, 299.0, 320.7546861389, 334.15512273630003, 359.594434146, 369.51996571867005, 406.0, 434.325479078, 437.96020107562]
