Avion: 6      Iteracion: 29

Num Ruta: 27
Ingresos: 1795.265
Costos: 388.241316244
Utilidad Ruta: 1407.02368376
Costo Reducido: 112.269940321
Nodos: [106, 22, 57, 18, 53, 34, 69, 33, 5, 40, 68, 4, 2, 39, 37, 716]
q: [0, 10.0, -10.0, 10.0, -10.0, 8.0, -8.0, 5.0, 9.0, -9.0, -5.0, 3.0, 10.0, -3.0, -10.0, 0]
Q: [0, 10.0, 0.0, 10.0, 0.0, 8.0, 0.0, 5.0, 14.0, 5.0, 0.0, 3.0, 13.0, 10.0, 0.0, 0]
B: [0.0, 299.0, 320.7546861389, 334.15512273630003, 357.973358985, 381.4440699457, 417.8842001595, 437.0, 469.0, 470.12168890518, 499.13406352358, 529.0, 556.3715326023, 565.8259991129, 599.0192098946001, 619.4448473632001]
