Avion: 2      Iteracion: 77

Num Ruta: 50
Ingresos: 772.862
Costos: 504.880713768
Utilidad Ruta: 267.981286232
Costo Reducido: 19.3265742894
Nodos: [102, 16, 51, 9, 44, 30, 65, 22, 70, 35, 57, 712]
q: [0.0, 0.0, 0.0, 11.0, -11.0, 11.0, -11.0, 10.0, -8.0, 8.0, -10.0, 0.0]
Q: [0.0, 0.0, 0.0, 11.0, 0.0, 11.0, 0.0, 10.0, 2.0, 10.0, 0.0, 0.0]
B: [0.0, 36.0, 45.624091437640004, 75.68094759394, 105.20818459644, 120.99608493184, 139.71010758864, 299.0, 316.7233107799, 328.64604976889996, 339.15114305739996, 368.1591005346]
