Avion: 3      Iteracion: 5

Num Ruta: 9
Ingresos: 2518.979
Costos: 585.073456511
Utilidad Ruta: 1933.90554349
Costo Reducido: 1198.97427618
Nodos: [103, 30, 65, 14, 49, 23, 35, 70, 58, 26, 61, 34, 69, 31, 33, 66, 68, 29, 4, 27, 39, 62, 64, 713]
q: [0.0, 11.0, -11.0, 8.0, -8.0, 10.0, 5.0, -5.0, -10.0, 10.0, -10.0, 8.0, -8.0, 9.0, 5.0, -9.0, -5.0, 6.0, 3.0, 6.0, -3.0, -6.0, -6.0, 0.0]
Q: [0.0, 11.0, 0.0, 8.0, 0.0, 10.0, 15.0, 10.0, 0.0, 10.0, 0.0, 8.0, 0.0, 9.0, 14.0, 5.0, 0.0, 6.0, 9.0, 15.0, 12.0, 6.0, 0.0, 0.0]
B: [0.0, 64.0, 82.7140226568, 112.0, 124.021711775, 267.0, 277.4634044651, 289.38614345409997, 313.15284696969997, 332.83921974379996, 350.41844771319995, 365.33169380519996, 401.77182401899995, 428.89256812749994, 466.39383841269995, 488.79199985509996, 519.743790708, 549.0, 569.7100026316, 587.3247771689, 603.6755897481, 609.09084828302, 624.53822585982, 650.8891454832201]
