Avion: 5      Iteracion: 6

Num Ruta: 9
Ingresos: 2464.774
Costos: 654.95161332
Utilidad Ruta: 1809.82238668
Costo Reducido: 1275.79358291
Nodos: [105, 17, 52, 30, 16, 51, 65, 24, 59, 11, 46, 35, 70, 22, 57, 18, 53, 31, 19, 66, 54, 6, 41, 29, 27, 64, 62, 715]
q: [0.0, 5.0, -5.0, 11.0, 4.0, -4.0, -11.0, 11.0, -11.0, 6.0, -6.0, 8.0, -8.0, 10.0, -10.0, 10.0, -10.0, 9.0, 6.0, -9.0, -6.0, 4.0, -4.0, 9.0, 6.0, -9.0, -6.0, 0.0]
Q: [0.0, 5.0, 0.0, 11.0, 15.0, 11.0, 0.0, 11.0, 0.0, 6.0, 0.0, 8.0, 0.0, 10.0, 0.0, 10.0, 0.0, 9.0, 15.0, 6.0, 0.0, 4.0, 0.0, 9.0, 15.0, 6.0, 0.0, 0.0]
B: [0.0, 35.8094227823, 70.65197656359999, 73.79643104728999, 81.99902234516999, 91.62311378281, 94.49427034419999, 119.22824123449999, 157.741191537, 176.55362022129998, 180.60768706830999, 270.0, 281.922738989, 299.64604976889996, 321.40073590779997, 334.8011725052, 358.61940875389996, 406.0, 427.4250045741, 443.5262214225, 465.9443857095, 477.735404707, 481.42769410518997, 549.0, 574.6018082369, 582.8182362320799, 598.26561380888, 630.9205388585799]
