Avion: 5      Iteracion: 28

Num Ruta: 29
Ingresos: 530.57
Costos: 294.874084018
Utilidad Ruta: 235.695915982
Costo Reducido: 31.8550401705
Nodos: [105, 11, 46, 34, 22, 69, 57, 715]
q: [0.0, 6.0, -6.0, 8.0, 7.0, -8.0, -7.0, 0.0]
Q: [0.0, 6.0, 0.0, 8.0, 15.0, 7.0, 0.0, 0.0]
B: [0.0, 169.0, 173.05406684701, 322.0, 350.0636833826, 364.6328500369, 375.22310036439995, 384.37622928297]
