Avion: 7      Iteracion: 41

Num Ruta: 41
Ingresos: 1752.415
Costos: 346.530696721
Utilidad Ruta: 1405.88430328
Costo Reducido: 50.9571967139
Nodos: [107, 14, 49, 3, 38, 23, 35, 70, 26, 61, 58, 22, 57, 33, 13, 68, 48, 27, 4, 39, 62, 717]
q: [0.0, 0.0, 0.0, 0.0, 0.0, 7.0, 8.0, -8.0, 8.0, -8.0, -7.0, 10.0, -10.0, 5.0, 10.0, -5.0, -10.0, 6.0, 3.0, -3.0, -6.0, 0.0]
Q: [0.0, 0.0, 0.0, 0.0, 0.0, 7.0, 15.0, 7.0, 15.0, 7.0, 0.0, 10.0, 0.0, 5.0, 15.0, 10.0, 0.0, 6.0, 9.0, 6.0, 0.0, 0.0]
B: [0.0, 112.0, 124.021711775, 256.0, 261.08428175852, 267.0, 277.4634044651, 289.38614345409997, 303.7370056233, 321.3162335927, 324.38330597528, 340.13972996678, 361.89441610568, 437.0, 462.372931896, 482.3437615232, 487.69181182214, 538.0, 555.6147745373, 576.0405242175, 581.45578275242, 604.90077106552]
