Avion: 6      Iteracion: 1

Num Ruta: 5
Ingresos: 3856.863
Costos: 624.915722578
Utilidad Ruta: 3231.94727742
Costo Reducido: 2651.80114653
Nodos: [106, 17, 52, 30, 16, 51, 65, 24, 59, 11, 46, 23, 18, 53, 58, 26, 61, 28, 63, 25, 19, 54, 60, 21, 56, 29, 27, 64, 62, 716]
q: [0.0, 5.0, -5.0, 11.0, 4.0, -4.0, -11.0, 11.0, -11.0, 6.0, -6.0, 10.0, 5.0, -5.0, -10.0, 10.0, -10.0, 6.0, -6.0, 8.0, 7.0, -7.0, -8.0, 12.0, -12.0, 9.0, 6.0, -9.0, -6.0, 0.0]
Q: [0.0, 5.0, 0.0, 11.0, 15.0, 11.0, 0.0, 11.0, 0.0, 6.0, 0.0, 10.0, 15.0, 10.0, 0.0, 10.0, 0.0, 6.0, 0.0, 8.0, 15.0, 8.0, 0.0, 12.0, 0.0, 9.0, 15.0, 6.0, 0.0, 0.0]
B: [0.0, 24.0, 58.8425537813, 64.0, 72.20259129788, 81.82668273552001, 84.69783929691, 109.43181018721, 147.94476048971, 169.0, 173.05406684701, 267.0, 293.0, 316.8182362487, 326.74376782137, 346.43014059547, 364.00936856487, 378.0, 414.0266187839, 417.35999740026, 426.75200464046, 453.37912093195996, 470.16597736785997, 478.33469085286, 519.07348153206, 557.5267780097599, 583.1285862466599, 591.3450142418399, 606.7923918186399, 616.4980621715799]
