Avion: 6      Iteracion: 11

Num Ruta: 12
Ingresos: 1071.297
Costos: 322.643417441
Utilidad Ruta: 748.653582559
Costo Reducido: 201.523772747
Nodos: [106, 14, 49, 3, 38, 19, 33, 54, 68, 29, 64, 716]
q: [0, 8.0, -8.0, 13.0, -13.0, 7.0, 5.0, -7.0, -5.0, 9.0, -9.0, 0]
Q: [0, 8.0, 0.0, 13.0, 0.0, 7.0, 12.0, 5.0, 0.0, 9.0, 0.0, 0]
B: [0.0, 112.0, 124.021711775, 256.0, 261.08428175852, 402.0, 438.5935603624, 460.1419541308, 482.0473989562, 549.0, 582.7797797802, 603.1769870644999]
