Avion: 5      Iteracion: 36

Num Ruta: 34
Ingresos: 906.006
Costos: 382.146708683
Utilidad Ruta: 523.859291317
Costo Reducido: 87.3345683877
Nodos: [105, 9, 44, 35, 70, 32, 67, 2, 37, 715]
q: [0, 11.0, -11.0, 8.0, -8.0, 11.0, -11.0, 10.0, -10.0, 0]
Q: [0, 11.0, 0.0, 8.0, 0.0, 11.0, 0.0, 10.0, 0.0, 0]
B: [0.0, 31.4915482312, 61.0187852337, 270.0, 281.922738989, 309.0, 319.4016530417, 522.0, 562.7349620474, 598.7395051635]
