Avion: 4      Iteracion: 5

Num Ruta: 6
Ingresos: 3246.185
Costos: 596.314324787
Utilidad Ruta: 2649.87067521
Costo Reducido: 1241.83641989
Nodos: [104, 17, 52, 30, 16, 51, 65, 14, 49, 23, 58, 26, 61, 22, 57, 25, 60, 8, 33, 43, 68, 2, 37, 29, 64, 714]
q: [0.0, 0.0, 0.0, 11.0, 0.0, 0.0, -11.0, 8.0, -8.0, 10.0, -10.0, 10.0, -10.0, 10.0, -10.0, 10.0, -10.0, 8.0, 5.0, -8.0, -5.0, 10.0, -10.0, 9.0, -9.0, 0.0]
Q: [0.0, 0.0, 0.0, 11.0, 11.0, 11.0, 0.0, 8.0, 0.0, 10.0, 0.0, 10.0, 0.0, 10.0, 0.0, 10.0, 0.0, 8.0, 13.0, 5.0, 0.0, 10.0, 0.0, 9.0, 0.0, 0.0]
B: [0.0, 24.0, 58.8425537813, 64.0, 72.20259129788, 81.82668273552001, 84.69783929691, 112.49377995381, 124.51549172881, 267.0, 306.733842905, 326.4202156791, 343.9994436485, 357.6336242986, 379.3883104375, 410.0, 427.1849823101, 453.0055821676, 466.77023697619995, 490.0446039922999, 512.0014850322, 554.5479031893, 595.2828652367, 605.08760577381, 638.86738555401, 665.63781560281]
