Avion: 2      Iteracion: 43

Num Ruta: 32
Ingresos: 815.087
Costos: 499.388631084
Utilidad Ruta: 315.698368916
Costo Reducido: 53.3071190795
Nodos: [102, 16, 51, 9, 44, 14, 49, 35, 70, 32, 67, 26, 61, 13, 28, 48, 63, 712]
q: [0.0, 9.0, -9.0, 11.0, -11.0, 8.0, -8.0, 8.0, -8.0, 11.0, -11.0, 0.0, 0.0, 9.0, 6.0, -9.0, -6.0, 0.0]
Q: [0.0, 9.0, 0.0, 11.0, 0.0, 8.0, 0.0, 8.0, 0.0, 11.0, 0.0, 0.0, 0.0, 9.0, 15.0, 6.0, 0.0, 0.0]
B: [0.0, 36.0, 45.624091437640004, 75.68094759394, 105.20818459644, 115.46499131194001, 127.48670308694001, 270.0, 281.922738989, 309.0, 319.4016530417, 332.1221722921, 349.7014002615, 423.0, 436.7962173439, 450.1536367429, 473.1920667675, 481.22500856985005]
