Avion: 6      Iteracion: 60

Num Ruta: 47
Ingresos: 2221.941
Costos: 450.490947685
Utilidad Ruta: 1771.45005231
Costo Reducido: 39.6486473947
Nodos: [106, 17, 30, 52, 16, 51, 65, 10, 45, 23, 35, 70, 32, 67, 34, 58, 69, 8, 33, 6, 41, 43, 13, 48, 68, 716]
q: [0.0, 5.0, 6.0, -5.0, 9.0, -9.0, -6.0, 12.0, -12.0, 7.0, 8.0, -8.0, 8.0, -8.0, 8.0, -7.0, -8.0, 6.0, 5.0, 4.0, -4.0, -6.0, 10.0, -10.0, -5.0, 0.0]
Q: [0.0, 5.0, 11.0, 6.0, 15.0, 6.0, 0.0, 12.0, 0.0, 7.0, 15.0, 7.0, 15.0, 7.0, 15.0, 8.0, 0.0, 6.0, 11.0, 15.0, 11.0, 5.0, 15.0, 5.0, 0.0, 0.0]
B: [0.0, 24.0, 64.0, 67.14445448369, 72.47609381883, 82.10018525647, 84.97134181786, 103.66439210396, 133.18390283835998, 267.0, 277.4634044651, 289.38614345409997, 309.0, 319.4016530417, 346.1750898215, 360.4340368373, 388.28712463740004, 414.0, 437.0, 463.1548069196, 466.84709631779, 479.71309880498995, 481.92377494589994, 498.80692589589995, 504.15497619483995, 528.04742012594]
