Avion: 3      Iteracion: 6

Num Ruta: 10
Ingresos: 356.24
Costos: 215.0267206
Utilidad Ruta: 141.2132794
Costo Reducido: 227.131742765
Nodos: [103, 22, 57, 713]
q: [0, 10.0, -10.0, 0]
Q: [0, 10.0, 0.0, 0]
B: [0.0, 299.0, 320.7546861389, 355.24867315110004]
