Avion: 4      Iteracion: 23

Num Ruta: 22
Ingresos: 1719.628
Costos: 409.486724078
Utilidad Ruta: 1310.14127592
Costo Reducido: 171.394855381
Nodos: [104, 17, 52, 30, 16, 65, 51, 1, 36, 35, 70, 33, 5, 40, 68, 29, 4, 39, 64, 714]
q: [0.0, 5.0, -5.0, 6.0, 9.0, -6.0, -9.0, 7.0, -7.0, 8.0, -8.0, 5.0, 9.0, -9.0, -5.0, 9.0, 3.0, -3.0, -9.0, 0.0]
Q: [0.0, 5.0, 0.0, 6.0, 15.0, 9.0, 0.0, 7.0, 0.0, 8.0, 0.0, 5.0, 14.0, 5.0, 0.0, 9.0, 12.0, 9.0, 0.0, 0.0]
B: [0.0, 24.0, 58.8425537813, 64.0, 72.20259129788, 83.01926305958, 85.89041962097, 175.0, 209.2400855285, 270.0, 281.922738989, 437.0, 469.0, 470.12168890518, 499.13406352358, 549.0, 569.7100026316, 590.1357523117999, 602.3548233485, 629.1252533973]
