Avion: 1      Iteracion: 80

Num Ruta: 61
Ingresos: 2694.578
Costos: 397.441686953
Utilidad Ruta: 2297.13631305
Costo Reducido: 96.389334879
Nodos: [101, 17, 52, 30, 65, 24, 59, 1, 36, 23, 35, 70, 58, 34, 22, 57, 69, 8, 19, 54, 43, 711]
q: [0.0, 5.0, -5.0, 11.0, -11.0, 11.0, -11.0, 7.0, -7.0, 10.0, 5.0, -5.0, -10.0, 8.0, 7.0, -7.0, -8.0, 8.0, 0.0, 0.0, -8.0, 0.0]
Q: [0.0, 5.0, 0.0, 11.0, 0.0, 11.0, 0.0, 7.0, 0.0, 10.0, 15.0, 10.0, 0.0, 8.0, 15.0, 8.0, 0.0, 8.0, 8.0, 8.0, 0.0, 0.0]
B: [0.0, 24.0, 58.8425537813, 64.0, 82.7140226568, 107.4479935471, 145.9609438496, 175.0, 209.2400855285, 267.0, 277.4634044651, 289.38614345409997, 313.15284696969997, 327.41179398549997, 355.4754773681, 377.230163507, 387.82041383449996, 414.0, 437.1608815463, 463.7879978378, 466.71611702935996, 472.42524831178997]
