Avion: 4      Iteracion: 62

Num Ruta: 58
Ingresos: 1495.9
Costos: 451.276004848
Utilidad Ruta: 1044.62399515
Costo Reducido: 32.5713043371
Nodos: [104, 17, 52, 9, 44, 10, 45, 32, 67, 26, 34, 61, 28, 69, 63, 25, 60, 13, 48, 714]
q: [0.0, 0.0, 0.0, 11.0, -11.0, 12.0, -12.0, 11.0, -11.0, 7.0, 8.0, -7.0, 6.0, -8.0, -6.0, 10.0, -10.0, 15.0, -15.0, 0.0]
Q: [0.0, 0.0, 0.0, 11.0, 0.0, 12.0, 0.0, 11.0, 0.0, 7.0, 15.0, 8.0, 14.0, 6.0, 0.0, 10.0, 0.0, 15.0, 0.0, 0.0]
B: [0.0, 24.0, 58.8425537813, 81.72911018459999, 111.25634718709999, 139.7984606337, 169.3179713681, 309.0, 319.4016530417, 332.1221722921, 348.0493993263, 362.9626454183, 378.0, 412.6152135628, 444.56576931700005, 447.89914793336004, 465.08413024346004, 481.08519070836, 497.96834165836003, 509.64764236516004]
