Avion: 5      Iteracion: 17

Num Ruta: 20
Ingresos: 1593.475
Costos: 404.725826038
Utilidad Ruta: 1188.74917396
Costo Reducido: 182.18454124
Nodos: [105, 11, 46, 18, 53, 28, 31, 63, 19, 66, 8, 54, 43, 6, 41, 27, 62, 4, 39, 715]
q: [0.0, 6.0, -6.0, 10.0, -10.0, 6.0, 8.0, -6.0, 7.0, -8.0, 8.0, -7.0, -8.0, 4.0, -4.0, 6.0, -6.0, 3.0, -3.0, 0.0]
Q: [0.0, 6.0, 0.0, 10.0, 0.0, 6.0, 14.0, 8.0, 15.0, 7.0, 15.0, 8.0, 0.0, 4.0, 0.0, 6.0, 0.0, 3.0, 0.0, 0.0]
B: [0.0, 169.0, 173.05406684701, 293.0, 316.8182362487, 378.0, 406.0, 426.4968799577, 439.0326732314, 455.1338900798, 463.91673620164, 481.87369563244, 484.80181482399996, 493.99248645342993, 497.6847758516199, 538.0, 555.0308623681, 571.1180630258, 591.5438127059999, 629.2579040379999]
