Avion: 5      Iteracion: 21

Num Ruta: 24
Ingresos: 1439.853
Costos: 377.966212948
Utilidad Ruta: 1061.88678705
Costo Reducido: 144.275195367
Nodos: [105, 11, 46, 1, 36, 23, 35, 70, 26, 61, 58, 34, 69, 715]
q: [0.0, 6.0, -6.0, 7.0, -7.0, 7.0, 8.0, -8.0, 8.0, -8.0, -7.0, 8.0, -8.0, 0.0]
Q: [0.0, 6.0, 0.0, 7.0, 0.0, 7.0, 15.0, 7.0, 15.0, 7.0, 0.0, 8.0, 0.0, 0.0]
B: [0.0, 169.0, 173.05406684701, 195.72351838431, 229.96360391281002, 267.0, 277.4634044651, 289.38614345409997, 303.7370056233, 321.3162335927, 324.38330597528, 338.64225299108, 375.08238320488, 393.61676145178]
