Avion: 1      Iteracion: 11

Num Ruta: 10
Ingresos: 1407.564
Costos: 453.214631386
Utilidad Ruta: 954.349368614
Costo Reducido: 233.191033237
Nodos: [101, 30, 65, 24, 59, 1, 11, 46, 3, 36, 38, 18, 53, 19, 54, 5, 33, 40, 68, 711]
q: [0.0, 11.0, -11.0, 11.0, -11.0, 2.0, 6.0, -6.0, 13.0, -2.0, -13.0, 10.0, -10.0, 7.0, -7.0, 9.0, 5.0, -9.0, -5.0, 0.0]
Q: [0.0, 11.0, 0.0, 11.0, 0.0, 2.0, 8.0, 2.0, 15.0, 13.0, 0.0, 10.0, 0.0, 7.0, 0.0, 9.0, 14.0, 5.0, 0.0, 0.0]
B: [0.0, 64.0, 82.7140226568, 107.4479935471, 145.9609438496, 175.0, 193.6808285951, 197.73489544211, 256.0, 263.0965519092, 271.28427747861, 293.0, 316.8182362487, 402.0, 428.6271162915, 469.0, 482.6981671767, 495.9883458813, 525.0007204997, 542.1928876987]
