Avion: 1      Iteracion: 63

Num Ruta: 50
Ingresos: 2617.434
Costos: 565.16523883
Utilidad Ruta: 2052.26876117
Costo Reducido: 61.1635356812
Nodos: [101, 30, 16, 51, 65, 24, 59, 1, 36, 3, 38, 23, 35, 70, 32, 67, 26, 34, 58, 61, 69, 8, 33, 6, 41, 43, 13, 48, 68, 21, 4, 56, 39, 711]
q: [0.0, 6.0, 9.0, -9.0, -6.0, 11.0, -11.0, 0.0, 0.0, 13.0, -13.0, 4.0, 8.0, -8.0, 11.0, -11.0, 3.0, 8.0, -4.0, -3.0, -8.0, 6.0, 5.0, 4.0, -4.0, -6.0, 10.0, -10.0, -5.0, 12.0, 3.0, -12.0, -3.0, 0.0]
Q: [0.0, 6.0, 15.0, 6.0, 0.0, 11.0, 0.0, 0.0, 0.0, 13.0, 0.0, 4.0, 12.0, 4.0, 15.0, 4.0, 7.0, 15.0, 11.0, 8.0, 0.0, 6.0, 11.0, 15.0, 11.0, 5.0, 15.0, 5.0, 0.0, 12.0, 15.0, 3.0, 0.0, 0.0]
B: [0.0, 64.0, 72.20259129788, 81.82668273552001, 84.69783929691, 109.43181018721, 147.94476048971, 175.0, 209.2400855285, 256.0, 261.08428175852, 267.0, 277.4634044651, 289.38614345409997, 309.0, 319.4016530417, 332.1221722921, 348.0493993263, 362.3083463421, 365.37541872468, 390.36217267548, 414.0, 437.0, 463.1548069196, 466.84709631779, 479.71309880498995, 481.92377494589994, 498.80692589589995, 504.15497619483995, 515.03445357204, 529.98224193684, 559.15203934784, 575.95498376244, 592.7640158583399]
