Avion: 5      Iteracion: 72

Num Ruta: 50
Ingresos: 1212.073
Costos: 306.824105036
Utilidad Ruta: 905.248894964
Costo Reducido: 19.3590725058
Nodos: [105, 18, 53, 28, 63, 4, 2, 39, 37, 715]
q: [0, 10.0, -10.0, 6.0, -6.0, 3.0, 10.0, -3.0, -10.0, 0]
Q: [0, 10.0, 0.0, 6.0, 0.0, 3.0, 13.0, 10.0, 0.0, 0]
B: [0.0, 293.0, 316.8182362487, 378.0, 414.0266187839, 529.0, 556.3715326023, 565.8259991129, 599.0192098946001, 635.0237530107]
