Avion: 4      Iteracion: 47

Num Ruta: 44
Ingresos: 1846.075
Costos: 451.887754854
Utilidad Ruta: 1394.18724515
Costo Reducido: 26.3974670909
Nodos: [104, 17, 52, 16, 51, 35, 70, 32, 67, 26, 34, 61, 69, 33, 13, 48, 68, 29, 4, 39, 64, 714]
q: [0.0, 5.0, -5.0, 9.0, -9.0, 8.0, -8.0, 11.0, -11.0, 7.0, 8.0, -7.0, -8.0, 5.0, 10.0, -10.0, -5.0, 9.0, 3.0, -3.0, -9.0, 0.0]
Q: [0.0, 5.0, 0.0, 9.0, 0.0, 8.0, 0.0, 11.0, 0.0, 7.0, 15.0, 8.0, 0.0, 5.0, 15.0, 5.0, 0.0, 9.0, 12.0, 9.0, 0.0, 0.0]
B: [0.0, 24.0, 58.8425537813, 64.17419311644, 73.79828455408, 270.0, 281.922738989, 309.0, 319.4016530417, 332.1221722921, 348.0493993263, 362.9626454183, 387.9493993691, 437.0, 462.372931896, 479.256082846, 484.60413314494, 549.0, 569.7100026316, 590.1357523117999, 602.3548233485, 629.1252533973]
