Avion: 1      Iteracion: 45

Num Ruta: 39
Ingresos: 1486.363
Costos: 348.97394339
Utilidad Ruta: 1137.38905661
Costo Reducido: 22.7574429677
Nodos: [101, 30, 65, 24, 59, 1, 36, 35, 70, 32, 67, 2, 37, 711]
q: [0, 11.0, -11.0, 11.0, -11.0, 7.0, -7.0, 8.0, -8.0, 11.0, -11.0, 10.0, -10.0, 0]
Q: [0, 11.0, 0.0, 11.0, 0.0, 7.0, 0.0, 8.0, 0.0, 11.0, 0.0, 10.0, 0.0, 0]
B: [0.0, 64.0, 82.7140226568, 107.4479935471, 145.9609438496, 175.0, 209.2400855285, 270.0, 281.922738989, 309.0, 319.4016530417, 522.0, 562.7349620474, 579.6846292418]
