Avion: 1      Iteracion: 7

Num Ruta: 6
Ingresos: 2426.06
Costos: 589.355705218
Utilidad Ruta: 1836.70429478
Costo Reducido: 621.936439393
Nodos: [101, 30, 16, 51, 65, 24, 59, 1, 36, 35, 70, 22, 57, 34, 69, 13, 48, 25, 60, 21, 5, 40, 56, 27, 62, 711]
q: [0.0, 0.0, 9.0, -9.0, 0.0, 11.0, -11.0, 7.0, -7.0, 8.0, -8.0, 10.0, -10.0, 8.0, -8.0, 15.0, -15.0, 10.0, -10.0, 12.0, 3.0, -3.0, -12.0, 6.0, -6.0, 0.0]
Q: [0.0, 0.0, 9.0, 0.0, 0.0, 11.0, 0.0, 7.0, 0.0, 8.0, 0.0, 10.0, 0.0, 8.0, 0.0, 15.0, 0.0, 10.0, 0.0, 12.0, 15.0, 12.0, 0.0, 6.0, 0.0, 0.0]
B: [0.0, 64.0, 72.20259129788, 81.82668273552001, 84.69783929691, 109.43181018721, 147.94476048971, 175.0, 209.2400855285, 270.0, 281.922738989, 299.64604976889996, 321.40073590779997, 368.10036884, 404.5404990538, 425.8870144837, 442.7701654337, 466.7827314149, 483.967713725, 492.13642721, 520.7545504364, 521.87623934158, 544.61888802198, 557.79633621958, 574.82719858768, 588.94458974188]
