Avion: 5      Iteracion: 7

Num Ruta: 10
Ingresos: 2971.863
Costos: 626.043707217
Utilidad Ruta: 2345.81929278
Costo Reducido: 395.105873195
Nodos: [105, 16, 51, 24, 59, 1, 36, 35, 70, 22, 57, 18, 53, 28, 31, 63, 19, 66, 8, 54, 43, 6, 41, 21, 56, 27, 62, 715]
q: [0.0, 9.0, -9.0, 11.0, -11.0, 7.0, -7.0, 8.0, -8.0, 10.0, -10.0, 0.0, 0.0, 6.0, 9.0, -6.0, 6.0, -9.0, 8.0, -6.0, -8.0, 4.0, -4.0, 12.0, -12.0, 6.0, -6.0, 0.0]
Q: [0.0, 9.0, 0.0, 11.0, 0.0, 7.0, 0.0, 8.0, 0.0, 10.0, 0.0, 0.0, 0.0, 6.0, 15.0, 9.0, 15.0, 6.0, 14.0, 8.0, 0.0, 4.0, 0.0, 12.0, 0.0, 6.0, 0.0, 0.0]
B: [0.0, 36.0, 45.624091437640004, 70.85029051714, 109.36324081964, 175.0, 209.2400855285, 270.0, 281.922738989, 299.64604976889996, 321.40073590779997, 334.8011725052, 358.61940875389996, 378.0, 406.0, 426.4968799577, 439.0326732314, 455.1338900798, 463.91673620164, 481.87369563244, 484.80181482399996, 493.99248645342993, 497.6847758516199, 534.3660247535199, 575.1048154327199, 588.2822636303199, 605.3131259984199, 637.9680510481198]
