Avion: 4      Iteracion: 63

Num Ruta: 59
Ingresos: 3261.111
Costos: 559.529010249
Utilidad Ruta: 2701.58198975
Costo Reducido: 1.58152703838
Nodos: [104, 17, 52, 9, 44, 10, 45, 32, 67, 26, 34, 61, 69, 8, 33, 43, 21, 68, 56, 2, 37, 29, 64, 714]
q: [0.0, 5.0, -5.0, 11.0, -11.0, 12.0, -12.0, 11.0, -11.0, 7.0, 8.0, -7.0, -8.0, 8.0, 5.0, -8.0, 10.0, -5.0, -10.0, 10.0, -10.0, 9.0, -9.0, 0.0]
Q: [0.0, 5.0, 0.0, 11.0, 0.0, 12.0, 0.0, 11.0, 0.0, 7.0, 15.0, 8.0, 0.0, 8.0, 13.0, 5.0, 15.0, 10.0, 0.0, 10.0, 0.0, 9.0, 0.0, 0.0]
B: [0.0, 24.0, 58.8425537813, 81.72911018459999, 111.25634718709999, 139.7984606337, 169.3179713681, 309.0, 319.4016530417, 332.1221722921, 348.0493993263, 362.9626454183, 387.9493993691, 414.0, 437.0, 460.2743670161, 485.23853872279994, 496.1180160999999, 530.9700549213, 554.8210686524, 595.5560306998, 605.36077123691, 639.1405510171099, 665.9109810659099]
