Avion: 7      Iteracion: 6

Num Ruta: 9
Ingresos: 2274.937
Costos: 499.155879459
Utilidad Ruta: 1775.78112054
Costo Reducido: 1077.83337859
Nodos: [107, 17, 30, 52, 16, 51, 65, 14, 49, 3, 38, 23, 18, 53, 58, 22, 57, 19, 25, 60, 31, 54, 66, 29, 27, 64, 62, 717]
q: [0.0, 5.0, 10.0, -5.0, 5.0, -5.0, -10.0, 0.0, 0.0, 0.0, 0.0, 0.0, 10.0, -10.0, 0.0, 10.0, -10.0, 6.0, 9.0, -9.0, 9.0, -6.0, -9.0, 9.0, 6.0, -9.0, -6.0, 0.0]
Q: [0.0, 5.0, 15.0, 10.0, 15.0, 10.0, 0.0, 0.0, 0.0, 0.0, 0.0, 0.0, 10.0, 0.0, 0.0, 10.0, 0.0, 6.0, 15.0, 6.0, 15.0, 9.0, 0.0, 9.0, 15.0, 6.0, 0.0, 0.0]
B: [0.0, 45.942580685, 79.556292292, 82.70074677568999, 88.03238611082999, 97.65647754847, 100.52763410985999, 128.32357476675998, 140.34528654175998, 256.0, 261.08428175852, 267.0, 293.0, 316.8182362487, 326.74376782137, 342.50019181287, 364.25487795177, 402.0, 411.3920072402, 428.57698955029997, 433.39863615700995, 450.50467558760994, 472.92283987460996, 549.0, 574.6018082369, 582.8182362320799, 598.26561380888, 621.71060212198]
