Avion: 2      Iteracion: 58

Num Ruta: 40
Ingresos: 1939.289
Costos: 548.050093524
Utilidad Ruta: 1391.23890648
Costo Reducido: 66.712926987
Nodos: [102, 16, 51, 9, 44, 30, 65, 3, 38, 23, 35, 70, 58, 26, 61, 13, 48, 31, 66, 712]
q: [0.0, 9.0, -9.0, 11.0, -11.0, 11.0, -11.0, 13.0, -13.0, 10.0, 5.0, -5.0, -10.0, 10.0, -10.0, 15.0, -15.0, 9.0, -9.0, 0.0]
Q: [0.0, 9.0, 0.0, 11.0, 0.0, 11.0, 0.0, 13.0, 0.0, 10.0, 15.0, 10.0, 0.0, 10.0, 0.0, 15.0, 0.0, 9.0, 0.0, 0.0]
B: [0.0, 36.0, 45.624091437640004, 75.68094759394, 105.20818459644, 120.99608493184, 139.71010758864, 256.0, 261.08428175852, 267.0, 277.4634044651, 289.38614345409997, 313.15284696969997, 332.83921974379996, 350.41844771319995, 423.0, 439.88315095, 444.3406643824, 472.6661434604, 498.5592031676]
