Avion: 1      Iteracion: 0

Num Ruta: 1
Ingresos: 1423.607
Costos: 406.280236362
Utilidad Ruta: 1017.32676364
Costo Reducido: -
Nodos: [101, 16, 51, 23, 58, 5, 40, 2, 37, 711]
q: [0, 9.0, -9.0, 10.0, -10.0, 9.0, -9.0, 10.0, -10.0, 0]
Q: [0, 9.0, 0.0, 10.0, 0.0, 9.0, 0.0, 10.0, 0.0, 0]
B: [0.0, 36.0, 45.624091437640004, 267.0, 306.733842905, 469.0, 470.12168890518, 522.0, 562.7349620474, 579.6846292418]
