Avion: 7      Iteracion: 8

Num Ruta: 11
Ingresos: 2057.738
Costos: 528.309854309
Utilidad Ruta: 1529.42814569
Costo Reducido: 668.392203222
Nodos: [107, 30, 65, 16, 51, 14, 49, 3, 38, 35, 70, 22, 57, 18, 53, 31, 19, 66, 8, 54, 43, 13, 48, 4, 2, 39, 37, 717]
q: [0.0, 11.0, -11.0, 9.0, -9.0, 8.0, -8.0, 0.0, 0.0, 8.0, -8.0, 0.0, 0.0, 0.0, 0.0, 8.0, 7.0, -8.0, 8.0, -7.0, -8.0, 15.0, -15.0, 3.0, 10.0, -3.0, -10.0, 0.0]
Q: [0.0, 11.0, 0.0, 9.0, 0.0, 8.0, 0.0, 0.0, 0.0, 8.0, 0.0, 0.0, 0.0, 0.0, 0.0, 8.0, 15.0, 7.0, 15.0, 8.0, 0.0, 15.0, 0.0, 3.0, 13.0, 10.0, 0.0, 0.0]
B: [0.0, 64.0, 82.7140226568, 93.53069441849999, 103.15478585614, 129.94109036054, 141.96280213554, 256.0, 261.08428175852, 274.08526633661995, 286.00800532561993, 303.7313161055199, 325.4860022444199, 338.88643884181994, 362.7046750905199, 406.0, 427.4250045741, 443.5262214225, 452.30906754434, 470.26602697514, 473.19414616669997, 475.40482230760995, 492.28797325760996, 529.0, 556.3715326023, 565.8259991129, 599.0192098946001, 626.3793441413001]
