Avion: 5      Iteracion: 82

Num Ruta: 53
Ingresos: 788.081
Costos: 274.473204165
Utilidad Ruta: 513.607795835
Costo Reducido: 30.3327173777
Nodos: [105, 18, 53, 28, 63, 29, 64, 715]
q: [0, 10.0, -10.0, 6.0, -6.0, 9.0, -9.0, 0]
Q: [0, 10.0, 0.0, 6.0, 0.0, 9.0, 0.0, 0]
B: [0.0, 293.0, 316.8182362487, 378.0, 414.0266187839, 549.0, 582.7797797802, 630.090723715]
