Avion: 6      Iteracion: 10

Num Ruta: 11
Ingresos: 1851.628
Costos: 412.383706983
Utilidad Ruta: 1439.24429302
Costo Reducido: 271.681343822
Nodos: [106, 17, 52, 10, 45, 32, 67, 34, 69, 33, 68, 21, 56, 716]
q: [0, 5.0, -5.0, 12.0, -12.0, 11.0, -11.0, 8.0, -8.0, 5.0, -5.0, 12.0, -12.0, 0]
Q: [0, 5.0, 0.0, 12.0, 0.0, 11.0, 0.0, 8.0, 0.0, 5.0, 0.0, 12.0, 0.0, 0]
B: [0.0, 24.0, 58.8425537813, 96.0, 125.5195107344, 309.0, 319.4016530417, 346.1750898215, 382.6152200353, 437.0, 478.9526650524, 489.83214242959997, 530.5709331088, 557.2828228398]
