Avion: 1      Iteracion: 13

Num Ruta: 11
Ingresos: 2988.827
Costos: 554.906548289
Utilidad Ruta: 2433.92045171
Costo Reducido: 184.032104826
Nodos: [101, 17, 30, 52, 65, 24, 59, 1, 36, 35, 70, 32, 67, 26, 61, 8, 19, 54, 43, 13, 48, 21, 27, 56, 2, 62, 37, 711]
q: [0.0, 5.0, 10.0, -5.0, -10.0, 11.0, -11.0, 7.0, -7.0, 8.0, -8.0, 11.0, -11.0, 10.0, -10.0, 0.0, 0.0, 0.0, 0.0, 15.0, -15.0, 12.0, 3.0, -12.0, 10.0, -3.0, -10.0, 0.0]
Q: [0.0, 5.0, 15.0, 10.0, 0.0, 11.0, 0.0, 7.0, 0.0, 8.0, 0.0, 11.0, 0.0, 10.0, 0.0, 0.0, 0.0, 0.0, 0.0, 15.0, 0.0, 12.0, 15.0, 3.0, 13.0, 10.0, 0.0, 0.0]
B: [0.0, 24.0, 64.0, 67.14445448369, 83.24240000479, 107.97637089509, 146.48932119759002, 175.0, 209.2400855285, 270.0, 281.922738989, 309.0, 319.4016530417, 332.1221722921, 349.7014002615, 414.0, 437.1608815463, 463.7879978378, 466.71611702935996, 468.92679317026995, 485.80994412026996, 501.32134051126997, 538.0, 551.1774481976, 575.0284619287, 586.4805350161, 615.8210653624001, 632.7707325568001]
