Avion: 4      Iteracion: 31

Num Ruta: 29
Ingresos: 1732.269
Costos: 419.074304698
Utilidad Ruta: 1313.1946953
Costo Reducido: 91.1338739659
Nodos: [104, 17, 52, 9, 44, 10, 45, 32, 67, 34, 69, 13, 48, 25, 60, 29, 64, 714]
q: [0, 5.0, -5.0, 11.0, -11.0, 12.0, -12.0, 11.0, -11.0, 8.0, -8.0, 15.0, -15.0, 10.0, -10.0, 9.0, -9.0, 0]
Q: [0, 5.0, 0.0, 11.0, 0.0, 12.0, 0.0, 11.0, 0.0, 8.0, 0.0, 15.0, 0.0, 10.0, 0.0, 9.0, 0.0, 0]
B: [0.0, 24.0, 58.8425537813, 81.72911018459999, 111.25634718709999, 139.7984606337, 169.3179713681, 309.0, 319.4016530417, 346.1750898215, 382.6152200353, 423.0, 439.88315095, 463.8957169312, 481.0806992413, 549.0, 582.7797797802, 609.550209829]
