Avion: 2      Iteracion: 50

Num Ruta: 35
Ingresos: 552.711
Costos: 471.203734166
Utilidad Ruta: 81.5072658335
Costo Reducido: 12.3462263524
Nodos: [102, 16, 51, 24, 59, 10, 45, 26, 32, 67, 61, 712]
q: [0.0, 9.0, -9.0, 11.0, -11.0, 12.0, -12.0, 0.0, 11.0, -11.0, 0.0, 0.0]
Q: [0.0, 9.0, 0.0, 11.0, 0.0, 12.0, 0.0, 0.0, 11.0, 0.0, 0.0, 0.0]
B: [0.0, 36.0, 45.624091437640004, 70.85029051714, 109.36324081964, 121.14917149994, 150.66868223434, 300.0, 309.0, 319.4016530417, 349.5747438678, 376.02213171610003]
