Avion: 1      Iteracion: 79

Num Ruta: 60
Ingresos: 3319.535
Costos: 615.871772651
Utilidad Ruta: 2703.66322735
Costo Reducido: 29.6028975384
Nodos: [101, 17, 52, 30, 65, 24, 59, 1, 36, 23, 35, 70, 18, 53, 58, 34, 28, 69, 31, 63, 66, 4, 2, 39, 37, 711]
q: [0.0, 5.0, -5.0, 11.0, -11.0, 11.0, -11.0, 7.0, -7.0, 5.0, 8.0, -8.0, 10.0, -10.0, -5.0, 8.0, 6.0, -8.0, 9.0, -6.0, -9.0, 3.0, 10.0, -3.0, -10.0, 0.0]
Q: [0.0, 5.0, 0.0, 11.0, 0.0, 11.0, 0.0, 7.0, 0.0, 5.0, 13.0, 5.0, 15.0, 5.0, 0.0, 8.0, 14.0, 6.0, 15.0, 9.0, 0.0, 3.0, 13.0, 10.0, 0.0, 0.0]
B: [0.0, 24.0, 58.8425537813, 64.0, 82.7140226568, 107.4479935471, 145.9609438496, 175.0, 209.2400855285, 267.0, 277.4634044651, 289.38614345409997, 309.80429657819997, 333.62253282689994, 343.54806439956997, 357.80701141536997, 378.0, 412.6152135628, 439.7359576713, 460.232837629, 488.6472693319, 529.0, 556.3715326023, 565.8259991129, 599.0192098946001, 615.9688770890001]
