Avion: 4      Iteracion: 7

Num Ruta: 7
Ingresos: 2345.442
Costos: 544.156624222
Utilidad Ruta: 1801.28537578
Costo Reducido: 674.3244242
Nodos: [104, 17, 16, 51, 24, 52, 59, 1, 36, 35, 70, 23, 58, 34, 28, 69, 63, 25, 60, 13, 48, 714]
q: [0.0, 0.0, 9.0, -9.0, 11.0, 0.0, -11.0, 7.0, -7.0, 8.0, -8.0, 10.0, -10.0, 8.0, 6.0, -8.0, -6.0, 10.0, -10.0, 15.0, -15.0, 0.0]
Q: [0.0, 0.0, 9.0, 0.0, 11.0, 11.0, 0.0, 7.0, 0.0, 8.0, 0.0, 10.0, 0.0, 8.0, 14.0, 6.0, 0.0, 10.0, 0.0, 15.0, 0.0, 0.0]
B: [0.0, 24.0, 58.8014769802, 68.42556841784, 93.65176749733999, 110.21005080203999, 132.62259632904, 175.0, 209.2400855285, 270.0, 281.922738989, 302.04960511369995, 341.78344801869997, 356.0423950345, 378.0, 412.6152135628, 444.56576931700005, 447.89914793336004, 465.08413024346004, 481.08519070836, 497.96834165836003, 509.64764236516004]
