Avion: 1      Iteracion: 86

Num Ruta: 66
Ingresos: 2184.85
Costos: 332.591913524
Utilidad Ruta: 1852.25808648
Costo Reducido: 17.7414027635
Nodos: [101, 30, 65, 24, 59, 1, 36, 35, 70, 26, 34, 61, 22, 57, 69, 8, 19, 54, 43, 711]
q: [0.0, 11.0, -11.0, 11.0, -11.0, 7.0, -7.0, 8.0, -8.0, 10.0, 5.0, -10.0, 10.0, -10.0, -5.0, 8.0, 7.0, -7.0, -8.0, 0.0]
Q: [0.0, 11.0, 0.0, 11.0, 0.0, 7.0, 0.0, 8.0, 0.0, 10.0, 15.0, 5.0, 15.0, 5.0, 0.0, 8.0, 15.0, 8.0, 0.0, 0.0]
B: [0.0, 64.0, 82.7140226568, 107.4479935471, 145.9609438496, 175.0, 209.2400855285, 270.0, 281.922738989, 300.0, 322.0, 336.913246092, 350.5474267421, 372.302112881, 382.8923632085, 414.0, 437.1608815463, 463.7879978378, 466.71611702935996, 472.42524831178997]
