Avion: 3      Iteracion: 56

Num Ruta: 39
Ingresos: 874.535
Costos: 276.522081355
Utilidad Ruta: 598.012918645
Costo Reducido: 21.913345671
Nodos: [103, 11, 46, 1, 36, 35, 70, 32, 67, 33, 13, 48, 68, 713]
q: [0.0, 6.0, -6.0, 7.0, -7.0, 8.0, -8.0, 11.0, -11.0, 5.0, 10.0, -10.0, -5.0, 0.0]
Q: [0.0, 6.0, 0.0, 7.0, 0.0, 8.0, 0.0, 11.0, 0.0, 5.0, 15.0, 5.0, 0.0, 0.0]
B: [0.0, 169.0, 173.05406684701, 195.72351838431, 229.96360391281002, 270.0, 281.922738989, 309.0, 319.4016530417, 437.0, 462.372931896, 479.256082846, 484.60413314494, 488.29900865029003]
