Avion: 1      Iteracion: 64

Num Ruta: 51
Ingresos: 1837.576
Costos: 504.118969729
Utilidad Ruta: 1333.45703027
Costo Reducido: 66.0490676994
Nodos: [101, 30, 65, 16, 51, 10, 45, 32, 67, 34, 69, 8, 19, 54, 43, 33, 68, 4, 27, 39, 62, 711]
q: [0, 11.0, -11.0, 9.0, -9.0, 12.0, -12.0, 11.0, -11.0, 8.0, -8.0, 8.0, 7.0, -7.0, -8.0, 5.0, -5.0, 3.0, 6.0, -3.0, -6.0, 0]
Q: [0, 11.0, 0.0, 9.0, 0.0, 12.0, 0.0, 11.0, 0.0, 8.0, 0.0, 8.0, 15.0, 8.0, 0.0, 5.0, 0.0, 3.0, 9.0, 6.0, 0.0, 0]
B: [0.0, 64.0, 82.7140226568, 93.53069441849999, 103.15478585614, 118.98406306644, 148.50357380084, 309.0, 319.4016530417, 346.1750898215, 382.6152200353, 414.0, 437.1608815463, 463.7879978378, 466.71611702935996, 489.99048404546, 531.94314909786, 549.26068313136, 566.87545766866, 583.22627024786, 588.64152878278, 602.7589199369801]
