Avion: 2      Iteracion: 15

Num Ruta: 14
Ingresos: 1640.021
Costos: 622.606930989
Utilidad Ruta: 1017.41406901
Costo Reducido: 54.2844215493
Nodos: [102, 24, 59, 1, 36, 35, 70, 26, 61, 18, 53, 31, 19, 66, 8, 43, 54, 712]
q: [0.0, 11.0, -11.0, 7.0, -7.0, 8.0, -8.0, 0.0, 0.0, 10.0, -10.0, 8.0, 7.0, -8.0, 8.0, -8.0, -7.0, 0.0]
Q: [0.0, 11.0, 0.0, 7.0, 0.0, 8.0, 0.0, 0.0, 0.0, 10.0, 0.0, 8.0, 15.0, 7.0, 15.0, 7.0, 0.0, 0.0]
B: [0.0, 61.0, 99.5129503025, 175.0, 209.2400855285, 270.0, 281.922738989, 300.0, 317.5792279694, 340.8578987218, 364.67613497049996, 406.0, 427.4250045741, 443.5262214225, 452.30906754434, 473.07746416034, 476.0055833519, 501.5410150694]
