Avion: 3      Iteracion: 20

Num Ruta: 20
Ingresos: 445.215
Costos: 171.169255561
Utilidad Ruta: 274.045744439
Costo Reducido: 89.547119508
Nodos: [103, 11, 46, 29, 64, 27, 62, 713]
q: [0, 6.0, -6.0, 9.0, -9.0, 6.0, -6.0, 0]
Q: [0, 6.0, 0.0, 9.0, 0.0, 6.0, 0.0, 0]
B: [0.0, 169.0, 173.05406684701, 549.0, 582.7797797802, 590.99620777538, 608.0270701434799, 636.29779042078]
