Avion: 2      Iteracion: 39

Num Ruta: 31
Ingresos: 556.701
Costos: 469.828247217
Utilidad Ruta: 86.8727527832
Costo Reducido: 11.3515949189
Nodos: [102, 16, 51, 24, 59, 10, 45, 70, 35, 712]
q: [0, 9.0, -9.0, 11.0, -11.0, 12.0, -12.0, -8.0, 8.0, 0]
Q: [0, 9.0, 0.0, 11.0, 0.0, 12.0, 0.0, 7.0, 15.0, 0]
B: [0.0, 36.0, 45.624091437640004, 70.85029051714, 109.36324081964, 121.14917149994, 150.66868223434, 281.0, 292.922738989, 322.6674153194]
