Avion: 6      Iteracion: 83

Num Ruta: 62
Ingresos: 299.96
Costos: 140.888679973
Utilidad Ruta: 159.071320027
Costo Reducido: 27.885232263
Nodos: [106, 10, 45, 32, 67, 6, 41, 5, 40, 716]
q: [0, 12.0, -12.0, 11.0, -11.0, 4.0, -4.0, 9.0, -9.0, 0]
Q: [0, 12.0, 0.0, 11.0, 0.0, 4.0, 0.0, 9.0, 0.0, 0]
B: [0.0, 96.0, 125.5195107344, 309.0, 319.4016530417, 436.0, 439.69228939819, 469.0, 470.12168890518, 476.84504297885]
