Avion: 6      Iteracion: 80

Num Ruta: 59
Ingresos: 1415.837
Costos: 308.377067553
Utilidad Ruta: 1107.45993245
Costo Reducido: 126.236936189
Nodos: [106, 17, 10, 52, 45, 32, 67, 34, 69, 31, 66, 8, 43, 6, 41, 5, 40, 716]
q: [0.0, 5.0, 10.0, -5.0, -10.0, 11.0, -11.0, 8.0, -8.0, 9.0, -9.0, 8.0, -8.0, 4.0, -4.0, 0.0, 0.0, 0.0]
Q: [0.0, 5.0, 15.0, 10.0, 0.0, 11.0, 0.0, 8.0, 0.0, 9.0, 0.0, 8.0, 0.0, 4.0, 0.0, 0.0, 0.0, 0.0]
B: [0.0, 24.0, 96.0, 113.2607991993, 147.8505213867, 309.0, 319.4016530417, 346.1750898215, 382.6152200353, 409.7359641438, 438.0614432218, 446.84428934364, 467.61268595964003, 476.80335758907006, 480.49564698726005, 498.88450720206004, 500.00619610724004, 506.72955018091005]
