Avion: 4      Iteracion: 71

Num Ruta: 63
Ingresos: 1256.823
Costos: 310.529972192
Utilidad Ruta: 946.293027808
Costo Reducido: 23.4339481937
Nodos: [104, 17, 52, 9, 44, 19, 31, 66, 54, 13, 48, 714]
q: [0.0, 5.0, -5.0, 11.0, -11.0, 6.0, 9.0, -9.0, -6.0, 15.0, -15.0, 0.0]
Q: [0.0, 5.0, 0.0, 11.0, 0.0, 6.0, 15.0, 6.0, 0.0, 15.0, 0.0, 0.0]
B: [0.0, 24.0, 58.8425537813, 81.72911018459999, 111.25634718709999, 402.0, 423.4250045741, 451.7504836521, 474.1686479391, 478.39626724552005, 495.27941819552007, 506.9587189023201]
