Avion: 6      Iteracion: 34

Num Ruta: 30
Ingresos: 987.125
Costos: 254.55897234
Utilidad Ruta: 732.56602766
Costo Reducido: 16.2904719814
Nodos: [106, 34, 69, 4, 2, 39, 37, 716]
q: [0, 8.0, -8.0, 3.0, 10.0, -3.0, -10.0, 0]
Q: [0, 8.0, 0.0, 3.0, 13.0, 10.0, 0.0, 0]
B: [0.0, 322.0, 358.4401302138, 529.0, 556.3715326023, 565.8259991129, 599.0192098946001, 619.4448473632001]
