Avion: 1      Iteracion: 77

Num Ruta: 58
Ingresos: 3771.186
Costos: 603.867417203
Utilidad Ruta: 3167.3185828
Costo Reducido: 51.6319896659
Nodos: [101, 17, 52, 30, 65, 24, 59, 1, 36, 23, 35, 70, 34, 58, 28, 69, 63, 25, 21, 60, 56, 4, 39, 2, 37, 711]
q: [0.0, 5.0, -5.0, 11.0, -11.0, 11.0, -11.0, 7.0, -7.0, 7.0, 8.0, -8.0, 8.0, -7.0, 6.0, -8.0, -6.0, 3.0, 12.0, -3.0, -12.0, 3.0, -3.0, 10.0, -10.0, 0.0]
Q: [0.0, 5.0, 0.0, 11.0, 0.0, 11.0, 0.0, 7.0, 0.0, 7.0, 15.0, 7.0, 15.0, 8.0, 14.0, 6.0, 0.0, 3.0, 15.0, 12.0, 0.0, 3.0, 0.0, 10.0, 0.0, 0.0]
B: [0.0, 24.0, 58.8425537813, 64.0, 82.7140226568, 107.4479935471, 145.9609438496, 175.0, 209.2400855285, 267.0, 277.4634044651, 289.38614345409997, 322.0, 336.2589470158, 378.0, 412.6152135628, 444.56576931700005, 447.89914793336004, 477.0, 485.168713485, 517.9065790538, 547.0763764648, 567.5021261449999, 576.9565926555999, 617.691554703, 634.6412218974]
