Avion: 3      Iteracion: 64

Num Ruta: 43
Ingresos: 1268.335
Costos: 384.126943457
Utilidad Ruta: 884.208056543
Costo Reducido: 23.4924420711
Nodos: [103, 30, 16, 65, 51, 10, 45, 32, 67, 34, 69, 8, 33, 43, 13, 48, 68, 713]
q: [0.0, 6.0, 9.0, -6.0, -9.0, 12.0, -12.0, 11.0, -11.0, 8.0, -8.0, 8.0, 5.0, -8.0, 10.0, -10.0, -5.0, 0.0]
Q: [0.0, 6.0, 15.0, 9.0, 0.0, 12.0, 0.0, 11.0, 0.0, 8.0, 0.0, 8.0, 13.0, 5.0, 15.0, 5.0, 0.0, 0.0]
B: [0.0, 64.0, 72.20259129788, 83.01926305958, 85.89041962097, 101.71969683127, 131.23920756567, 309.0, 319.4016530417, 346.1750898215, 382.6152200353, 414.0, 437.0, 460.2743670161, 462.48504315700995, 479.36819410700997, 484.71624440594996, 488.4111199113]
