Avion: 7      Iteracion: 20

Num Ruta: 22
Ingresos: 1469.606
Costos: 462.60066709
Utilidad Ruta: 1007.00533291
Costo Reducido: 105.278555321
Nodos: [107, 14, 49, 3, 38, 23, 34, 58, 69, 31, 66, 8, 13, 43, 48, 4, 27, 62, 2, 39, 37, 717]
q: [0.0, 0.0, 0.0, 0.0, 0.0, 0.0, 8.0, 0.0, -8.0, 9.0, -9.0, 0.0, 15.0, 0.0, -15.0, 3.0, 6.0, -6.0, 10.0, -3.0, -10.0, 0.0]
Q: [0.0, 0.0, 0.0, 0.0, 0.0, 0.0, 8.0, 8.0, 0.0, 9.0, 0.0, 0.0, 15.0, 15.0, 0.0, 3.0, 9.0, 3.0, 13.0, 10.0, 0.0, 0.0]
B: [0.0, 112.0, 124.021711775, 256.0, 261.08428175852, 267.0, 322.0, 336.2589470158, 364.1120348159, 406.0, 434.325479078, 443.10832519984, 465.21850622574, 467.42918236664997, 486.46686943734994, 529.0, 546.6147745373, 563.6456369054, 575.0977099928, 584.5521765034, 617.7453872851, 645.1055215318]
