Avion: 4      Iteracion: 18

Num Ruta: 18
Ingresos: 1601.95
Costos: 422.967342994
Utilidad Ruta: 1178.98265701
Costo Reducido: 134.31414266
Nodos: [104, 17, 52, 9, 44, 10, 45, 32, 67, 28, 19, 63, 25, 60, 54, 13, 48, 714]
q: [0.0, 5.0, -5.0, 11.0, -11.0, 12.0, -12.0, 11.0, -11.0, 6.0, 7.0, -6.0, 0.0, 0.0, -7.0, 15.0, -15.0, 0.0]
Q: [0.0, 5.0, 0.0, 11.0, 0.0, 12.0, 0.0, 11.0, 0.0, 6.0, 13.0, 7.0, 7.0, 7.0, 0.0, 15.0, 0.0, 0.0]
B: [0.0, 24.0, 58.8425537813, 81.72911018459999, 111.25634718709999, 139.7984606337, 169.3179713681, 309.0, 319.4016530417, 378.0, 414.065010994, 426.60080426769997, 429.93418288405996, 447.11916519415996, 463.90602163005997, 468.13364093648, 485.01679188648, 496.69609259328]
