Avion: 3      Iteracion: 35

Num Ruta: 30
Ingresos: 632.996
Costos: 203.836041491
Utilidad Ruta: 429.159958509
Costo Reducido: 2.76920820606
Nodos: [103, 11, 46, 2, 37, 713]
q: [0, 6.0, -6.0, 10.0, -10.0, 0]
Q: [0, 6.0, 0.0, 10.0, 0.0, 0]
B: [0.0, 169.0, 173.05406684701, 522.0, 562.7349620474, 572.8298631366]
