Avion: 2      Iteracion: 21

Num Ruta: 19
Ingresos: 294.669
Costos: 406.087177791
Utilidad Ruta: -111.418177791
Costo Reducido: 16.2005597229
Nodos: [102, 16, 51, 10, 45, 11, 46, 712]
q: [0, 9.0, -9.0, 12.0, -12.0, 6.0, -6.0, 0]
Q: [0, 9.0, 0.0, 12.0, 0.0, 6.0, 0.0, 0]
B: [0.0, 36.0, 45.624091437640004, 96.0, 125.5195107344, 178.157727317, 182.21179416401, 186.72272887868002]
