Avion: 7      Iteracion: 18

Num Ruta: 21
Ingresos: 1113.952
Costos: 280.457214978
Utilidad Ruta: 833.494785022
Costo Reducido: 92.193178048
Nodos: [107, 14, 49, 23, 58, 28, 63, 717]
q: [0, 8.0, -8.0, 10.0, -10.0, 6.0, -6.0, 0]
Q: [0, 8.0, 0.0, 10.0, 0.0, 6.0, 0.0, 0]
B: [0.0, 112.0, 124.021711775, 267.0, 306.733842905, 378.0, 414.0266187839, 445.1339059205]
