Avion: 2      Iteracion: 7

Num Ruta: 6
Ingresos: 788.507
Costos: 466.526055089
Utilidad Ruta: 321.980944911
Costo Reducido: 345.463775112
Nodos: [102, 16, 51, 22, 70, 35, 57, 28, 63, 712]
q: [0.0, 9.0, -9.0, 10.0, -8.0, 8.0, -10.0, 6.0, -6.0, 0.0]
Q: [0.0, 9.0, 0.0, 10.0, 2.0, 10.0, 0.0, 6.0, 0.0, 0.0]
B: [0.0, 36.0, 45.624091437640004, 299.0, 316.7233107799, 328.64604976889996, 339.15114305739996, 382.2023067583, 418.2289255422, 426.26186734455]
