Avion: 3      Iteracion: 30

Num Ruta: 26
Ingresos: 666.866
Costos: 241.6372146
Utilidad Ruta: 425.2287854
Costo Reducido: 67.6415611031
Nodos: [103, 35, 70, 2, 37, 713]
q: [0, 8.0, -8.0, 10.0, -10.0, 0]
Q: [0, 8.0, 0.0, 10.0, 0.0, 0]
B: [0.0, 270.0, 281.922738989, 522.0, 562.7349620474, 572.8298631366]
