Avion: 2      Iteracion: 64

Num Ruta: 44
Ingresos: 678.093
Costos: 449.378699387
Utilidad Ruta: 228.714300613
Costo Reducido: 49.8406556197
Nodos: [102, 16, 51, 10, 45, 26, 32, 67, 34, 61, 69, 712]
q: [0.0, 9.0, -9.0, 12.0, -12.0, 4.0, 11.0, -11.0, 8.0, -4.0, -8.0, 0.0]
Q: [0.0, 9.0, 0.0, 12.0, 0.0, 4.0, 15.0, 4.0, 12.0, 8.0, 0.0, 0.0]
B: [0.0, 36.0, 45.624091437640004, 96.0, 125.5195107344, 300.0, 309.0, 319.4016530417, 346.1750898215, 361.08833591350003, 386.0750898643, 413.8928997889]
