Avion: 2      Iteracion: 0

Num Ruta: 1
Ingresos: 1200.417
Costos: 575.159108079
Utilidad Ruta: 625.257891921
Costo Reducido: -
Nodos: [102, 1, 11, 46, 36, 18, 53, 28, 63, 19, 54, 712]
q: [0, 7.0, 6.0, -6.0, -7.0, 10.0, -10.0, 6.0, -6.0, 7.0, -7.0, 0]
Q: [0, 7.0, 13.0, 7.0, 0.0, 10.0, 0.0, 6.0, 0.0, 7.0, 0.0, 0]
B: [0.0, 175.0, 193.6808285951, 197.73489544211, 232.05062478011, 293.0, 316.8182362487, 378.0, 414.0266187839, 426.5624120576, 453.1895283491, 478.7249600666]
