Avion: 4      Iteracion: 73

Num Ruta: 65
Ingresos: 1852.878
Costos: 412.544310968
Utilidad Ruta: 1440.33368903
Costo Reducido: 35.0083960897
Nodos: [104, 17, 52, 9, 44, 11, 46, 18, 53, 34, 26, 61, 69, 19, 25, 60, 54, 13, 48, 714]
q: [0.0, 5.0, -5.0, 11.0, -11.0, 6.0, -6.0, 10.0, -10.0, 8.0, 7.0, -7.0, -8.0, 7.0, 8.0, -8.0, -7.0, 15.0, -15.0, 0.0]
Q: [0.0, 5.0, 0.0, 11.0, 0.0, 6.0, 0.0, 10.0, 0.0, 8.0, 15.0, 8.0, 0.0, 7.0, 15.0, 7.0, 0.0, 15.0, 0.0, 0.0]
B: [0.0, 24.0, 58.8425537813, 81.72911018459999, 111.25634718709999, 169.0, 173.05406684701, 293.0, 316.8182362487, 340.28894720939996, 356.21617424359994, 373.79540221299993, 398.7821561637999, 419.3219724238999, 428.7139796640999, 445.8989619741999, 462.6858184100999, 466.9134377165199, 483.79658866651994, 495.47588937331994]
