Avion: 7      Iteracion: 25

Num Ruta: 27
Ingresos: 2097.497
Costos: 453.688249587
Utilidad Ruta: 1643.80875041
Costo Reducido: 156.302050944
Nodos: [107, 14, 49, 3, 38, 23, 18, 22, 57, 58, 53, 31, 19, 66, 33, 54, 68, 4, 27, 62, 2, 39, 37, 717]
q: [0.0, 8.0, -8.0, 0.0, 0.0, 0.0, 0.0, 10.0, -10.0, 0.0, 0.0, 8.0, 7.0, -8.0, 5.0, -7.0, -5.0, 3.0, 6.0, -6.0, 10.0, -3.0, -10.0, 0.0]
Q: [0.0, 8.0, 0.0, 0.0, 0.0, 0.0, 0.0, 10.0, 0.0, 0.0, 0.0, 8.0, 15.0, 7.0, 12.0, 5.0, 0.0, 3.0, 9.0, 3.0, 13.0, 10.0, 0.0, 0.0]
B: [0.0, 112.0, 124.021711775, 256.0, 261.08428175852, 267.0, 293.0, 302.68569016643, 324.44037630533, 361.31663644653, 371.24216801920005, 406.0, 427.4250045741, 443.5262214225, 465.9243828649, 487.4727766333, 509.3782214587, 529.0, 546.6147745373, 563.6456369054, 575.0977099928, 584.5521765034, 617.7453872851, 645.1055215318]
