Avion: 1      Iteracion: 5

Num Ruta: 4
Ingresos: 1356.08
Costos: 389.438235411
Utilidad Ruta: 966.641764589
Costo Reducido: 228.442889759
Nodos: [101, 23, 58, 5, 40, 2, 37, 711]
q: [0, 10.0, -10.0, 9.0, -9.0, 10.0, -10.0, 0]
Q: [0, 10.0, 0.0, 9.0, 0.0, 10.0, 0.0, 0]
B: [0.0, 267.0, 306.733842905, 469.0, 470.12168890518, 522.0, 562.7349620474, 579.6846292418]
