Avion: 3      Iteracion: 18

Num Ruta: 18
Ingresos: 710.147
Costos: 231.885330865
Utilidad Ruta: 478.261669135
Costo Reducido: 116.831303238
Nodos: [103, 11, 46, 1, 36, 33, 13, 48, 68, 713]
q: [0.0, 0.0, 0.0, 7.0, -7.0, 5.0, 10.0, -10.0, -5.0, 0.0]
Q: [0.0, 0.0, 0.0, 7.0, 0.0, 5.0, 15.0, 5.0, 0.0, 0.0]
B: [0.0, 169.0, 173.05406684701, 195.72351838431, 229.96360391281002, 437.0, 462.372931896, 479.256082846, 484.60413314494, 488.29900865029003]
