Avion: 2      Iteracion: 35

Num Ruta: 29
Ingresos: 758.147
Costos: 439.016246143
Utilidad Ruta: 319.130753857
Costo Reducido: 60.315228574
Nodos: [102, 16, 51, 10, 45, 26, 34, 61, 22, 69, 57, 712]
q: [0.0, 9.0, -9.0, 12.0, -12.0, 0.0, 8.0, 0.0, 7.0, -8.0, -7.0, 0.0]
Q: [0.0, 9.0, 0.0, 12.0, 0.0, 0.0, 8.0, 8.0, 15.0, 7.0, 0.0, 0.0]
B: [0.0, 36.0, 45.624091437640004, 96.0, 125.5195107344, 300.0, 322.0, 336.913246092, 350.5474267421, 365.1165933964, 375.70684372389996, 404.7148012011]
