Avion: 5      Iteracion: 70

Num Ruta: 49
Ingresos: 1217.301
Costos: 362.57326737
Utilidad Ruta: 854.72773263
Costo Reducido: 17.4175461894
Nodos: [105, 18, 53, 28, 63, 25, 19, 60, 54, 5, 33, 40, 68, 4, 39, 715]
q: [0.0, 0.0, 0.0, 6.0, -6.0, 8.0, 7.0, -8.0, -7.0, 9.0, 5.0, -9.0, -5.0, 3.0, -3.0, 0.0]
Q: [0.0, 0.0, 0.0, 6.0, 0.0, 8.0, 15.0, 7.0, 0.0, 9.0, 14.0, 5.0, 0.0, 3.0, 0.0, 0.0]
B: [0.0, 293.0, 316.8182362487, 378.0, 414.0266187839, 417.35999740026, 426.75200464046, 443.42489632125995, 460.21175275715996, 469.0, 482.6981671767, 495.9883458813, 525.0007204997, 542.3182545332, 562.7440042134001, 600.4580955454]
