Avion: 3      Iteracion: 17

Num Ruta: 17
Ingresos: 609.607
Costos: 196.185772807
Utilidad Ruta: 413.421227193
Costo Reducido: 132.91198276
Nodos: [103, 11, 46, 19, 54, 4, 39, 27, 62, 713]
q: [0, 6.0, -6.0, 7.0, -7.0, 3.0, -3.0, 6.0, -6.0, 0]
Q: [0, 6.0, 0.0, 7.0, 0.0, 3.0, 0.0, 6.0, 0.0, 0]
B: [0.0, 169.0, 173.05406684701, 402.0, 428.6271162915, 529.0, 549.4257496801999, 565.7765622594, 582.8074246274999, 611.0781449048]
