Avion: 7      Iteracion: 23

Num Ruta: 25
Ingresos: 2185.918
Costos: 393.550772845
Utilidad Ruta: 1792.36722716
Costo Reducido: 157.964624482
Nodos: [107, 14, 49, 3, 38, 23, 58, 28, 63, 25, 19, 60, 54, 5, 33, 40, 68, 29, 4, 64, 39, 717]
q: [0.0, 8.0, -8.0, 0.0, 0.0, 10.0, -10.0, 6.0, -6.0, 0.0, 7.0, 0.0, -7.0, 9.0, 5.0, -9.0, -5.0, 9.0, 3.0, -9.0, -3.0, 0.0]
Q: [0.0, 8.0, 0.0, 0.0, 0.0, 10.0, 0.0, 6.0, 0.0, 0.0, 7.0, 7.0, 0.0, 9.0, 14.0, 5.0, 0.0, 9.0, 12.0, 3.0, 0.0, 0.0]
B: [0.0, 112.0, 124.021711775, 256.0, 261.08428175852, 267.0, 306.733842905, 378.0, 414.0266187839, 417.35999740026, 426.75200464046, 443.42489632125995, 460.21175275715996, 469.0, 482.6981671767, 495.9883458813, 525.0007204997, 549.0, 569.7100026316, 592.5834067727, 604.8024778094, 633.549945524]
