Avion: 5      Iteracion: 1

Num Ruta: 5
Ingresos: 3703.591
Costos: 697.277331241
Utilidad Ruta: 3006.31366876
Costo Reducido: 2837.24083883
Nodos: [105, 17, 52, 24, 59, 10, 45, 23, 18, 53, 58, 26, 61, 28, 31, 63, 19, 66, 54, 21, 4, 56, 27, 62, 39, 715]
q: [0.0, 5.0, -5.0, 11.0, -11.0, 12.0, -12.0, 10.0, 5.0, -5.0, -10.0, 10.0, -10.0, 6.0, 8.0, -6.0, 7.0, -8.0, -7.0, 12.0, 3.0, -12.0, 6.0, -6.0, -3.0, 0.0]
Q: [0.0, 5.0, 0.0, 11.0, 0.0, 12.0, 0.0, 10.0, 15.0, 10.0, 0.0, 10.0, 0.0, 6.0, 14.0, 8.0, 15.0, 7.0, 0.0, 12.0, 15.0, 3.0, 9.0, 3.0, 0.0, 0.0]
B: [0.0, 35.8094227823, 70.65197656359999, 87.21025986829999, 125.72321017079999, 137.5091408511, 167.0286515855, 267.0, 293.0, 316.8182362487, 326.74376782137, 346.43014059547, 364.00936856487, 378.0, 406.0, 426.4968799577, 439.0326732314, 455.1338900798, 477.5520543668, 501.1589147468, 529.0, 558.169797411, 571.3472456086, 588.3781079767, 593.79336651162, 631.5074578436199]
