Avion: 4      Iteracion: 46

Num Ruta: 43
Ingresos: 2818.857
Costos: 504.662652027
Utilidad Ruta: 2314.19434797
Costo Reducido: 106.478401051
Nodos: [104, 17, 52, 9, 44, 3, 38, 23, 35, 70, 58, 32, 67, 34, 69, 8, 33, 43, 13, 48, 68, 29, 4, 39, 64, 714]
q: [0.0, 5.0, -5.0, 11.0, -11.0, 13.0, -13.0, 10.0, 5.0, -5.0, -10.0, 11.0, -11.0, 8.0, -8.0, 8.0, 5.0, -8.0, 10.0, -10.0, -5.0, 9.0, 3.0, -3.0, -9.0, 0.0]
Q: [0.0, 5.0, 0.0, 11.0, 0.0, 13.0, 0.0, 10.0, 15.0, 10.0, 0.0, 11.0, 0.0, 8.0, 0.0, 8.0, 13.0, 5.0, 15.0, 5.0, 0.0, 9.0, 12.0, 9.0, 0.0, 0.0]
B: [0.0, 24.0, 58.8425537813, 81.72911018459999, 111.25634718709999, 256.0, 261.08428175852, 267.0, 277.4634044651, 289.38614345409997, 313.15284696969997, 335.63715280729997, 346.03880584899997, 372.8122426288, 409.2523728426, 414.0, 437.0, 460.2743670161, 462.48504315700995, 479.36819410700997, 484.71624440594996, 549.0, 569.7100026316, 590.1357523117999, 602.3548233485, 629.1252533973]
