Avion: 6      Iteracion: 79

Num Ruta: 58
Ingresos: 2419.688
Costos: 488.697998856
Utilidad Ruta: 1930.99000114
Costo Reducido: 62.2430082024
Nodos: [106, 17, 52, 30, 65, 24, 59, 1, 11, 46, 36, 35, 70, 22, 57, 32, 67, 2, 4, 37, 39, 716]
q: [0, 5.0, -5.0, 11.0, -11.0, 11.0, -11.0, 7.0, 6.0, -6.0, -7.0, 8.0, -8.0, 10.0, -10.0, 11.0, -11.0, 10.0, 3.0, -10.0, -3.0, 0]
Q: [0, 5.0, 0.0, 11.0, 0.0, 11.0, 0.0, 7.0, 13.0, 7.0, 0.0, 8.0, 0.0, 10.0, 0.0, 11.0, 0.0, 10.0, 13.0, 3.0, 0.0, 0]
B: [0.0, 24.0, 58.8425537813, 64.0, 82.7140226568, 107.4479935471, 145.9609438496, 175.0, 193.6808285951, 197.73489544211, 232.05062478011, 270.0, 281.922738989, 299.64604976889996, 321.40073590779997, 355.4005132159, 365.8021662576, 522.0, 549.3715326023, 562.8222884175, 596.0154991992, 610.6926140383]
