Avion: 3      Iteracion: 29

Num Ruta: 25
Ingresos: 598.65
Costos: 328.849801103
Utilidad Ruta: 269.800198897
Costo Reducido: 43.3080074123
Nodos: [103, 9, 44, 18, 53, 34, 69, 713]
q: [0, 11.0, -11.0, 10.0, -10.0, 8.0, -8.0, 0]
Q: [0, 11.0, 0.0, 10.0, 0.0, 8.0, 0.0, 0]
B: [0.0, 37.2069129329, 66.73414993540001, 293.0, 316.8182362487, 340.28894720939996, 376.72907742319995, 405.86270023259993]
