Avion: 5      Iteracion: 37

Num Ruta: 35
Ingresos: 1424.815
Costos: 413.244734606
Utilidad Ruta: 1011.57026539
Costo Reducido: 15.0460766557
Nodos: [105, 18, 35, 70, 53, 28, 31, 63, 66, 2, 27, 62, 37, 715]
q: [0.0, 7.0, 8.0, -8.0, -7.0, 6.0, 9.0, -6.0, -9.0, 10.0, 5.0, -5.0, -10.0, 0.0]
Q: [0.0, 7.0, 15.0, 7.0, 0.0, 6.0, 15.0, 9.0, 0.0, 10.0, 15.0, 10.0, 0.0, 0.0]
B: [0.0, 293.0, 305.7525351989, 317.67527418789996, 347.44685300059996, 378.0, 406.0, 426.4968799577, 454.9113116606, 522.0, 547.7839683718, 564.8148307399, 594.1553610862, 630.1599042022999]
