Avion: 6      Iteracion: 58

Num Ruta: 45
Ingresos: 1008.59
Costos: 231.700449999
Utilidad Ruta: 776.889550001
Costo Reducido: 7.51630000789
Nodos: [106, 34, 26, 61, 69, 19, 25, 60, 54, 13, 48, 6, 41, 5, 40, 716]
q: [0.0, 8.0, 7.0, -7.0, -8.0, 5.0, 10.0, -10.0, -5.0, 15.0, -15.0, 0.0, 0.0, 0.0, 0.0, 0.0]
Q: [0.0, 8.0, 15.0, 8.0, 0.0, 5.0, 15.0, 5.0, 0.0, 15.0, 0.0, 0.0, 0.0, 0.0, 0.0, 0.0]
B: [0.0, 322.0, 337.9272270342, 355.50645500359997, 380.49320895439996, 402.0, 411.3920072402, 428.57698955029997, 445.3638459862, 449.59146529262, 466.47461624262, 490.69756486582, 494.38985426401, 512.77871447881, 513.90040338399, 520.62375745766]
