Avion: 5      Iteracion: 8

Num Ruta: 11
Ingresos: 1032.024
Costos: 455.786852886
Utilidad Ruta: 576.237147114
Costo Reducido: 201.388136636
Nodos: [105, 24, 59, 30, 65, 14, 49, 35, 70, 32, 67, 26, 34, 61, 69, 715]
q: [0.0, 11.0, -11.0, 11.0, -11.0, 8.0, -8.0, 8.0, -8.0, 11.0, -11.0, 7.0, 8.0, -7.0, -8.0, 0.0]
Q: [0.0, 11.0, 0.0, 11.0, 0.0, 8.0, 0.0, 8.0, 0.0, 11.0, 0.0, 7.0, 15.0, 8.0, 0.0, 0.0]
B: [0.0, 61.0, 99.5129503025, 119.7810717004, 138.4950943572, 166.2910350141, 178.3127467891, 270.0, 281.922738989, 309.0, 319.4016530417, 332.1221722921, 348.0493993263, 362.9626454183, 387.9493993691, 406.483777616]
