Avion: 3      Iteracion: 49

Num Ruta: 37
Ingresos: 1505.194
Costos: 326.157406593
Utilidad Ruta: 1179.03659341
Costo Reducido: 11.5582137184
Nodos: [103, 11, 46, 25, 60, 31, 33, 66, 68, 4, 39, 2, 37, 713]
q: [0, 6.0, -6.0, 10.0, -10.0, 9.0, 5.0, -9.0, -5.0, 3.0, -3.0, 10.0, -10.0, 0]
Q: [0, 6.0, 0.0, 10.0, 0.0, 9.0, 14.0, 5.0, 0.0, 3.0, 0.0, 10.0, 0.0, 0]
B: [0.0, 169.0, 173.05406684701, 410.0, 427.1849823101, 432.00662891681, 469.50789920201, 491.90606064441, 522.85785149731, 540.17538553081, 560.6011352110099, 570.05560172161, 610.79056376901, 620.88546485821]
