Avion: 7      Iteracion: 33

Num Ruta: 35
Ingresos: 3206.521
Costos: 422.615996058
Utilidad Ruta: 2783.90500394
Costo Reducido: 109.796176529
Nodos: [107, 14, 49, 3, 38, 23, 58, 22, 57, 28, 31, 63, 19, 66, 8, 54, 43, 5, 40, 2, 4, 37, 27, 39, 62, 717]
q: [0.0, 8.0, -8.0, 13.0, -13.0, 10.0, -10.0, 10.0, -10.0, 6.0, 8.0, -6.0, 7.0, -8.0, 8.0, -7.0, -8.0, 9.0, -9.0, 10.0, 3.0, -10.0, 6.0, -3.0, -6.0, 0.0]
Q: [0.0, 8.0, 0.0, 13.0, 0.0, 10.0, 0.0, 10.0, 0.0, 6.0, 14.0, 8.0, 15.0, 7.0, 15.0, 8.0, 0.0, 9.0, 0.0, 10.0, 13.0, 3.0, 9.0, 6.0, 0.0, 0.0]
B: [0.0, 112.0, 124.021711775, 256.0, 261.08428175852, 267.0, 306.733842905, 322.49026689650003, 344.24495303540004, 387.29611673630006, 406.0, 426.4968799577, 439.0326732314, 455.1338900798, 463.91673620164, 481.87369563244, 484.80181482399996, 494.55462570086996, 495.67631460604997, 522.0, 549.3715326023, 562.8222884175, 587.7879403817, 604.1387529609, 609.55401149582, 632.99899980892]
