Avion: 3      Iteracion: 44

Num Ruta: 34
Ingresos: 1198.846
Costos: 306.754256149
Utilidad Ruta: 892.091743851
Costo Reducido: 39.0085249871
Nodos: [103, 11, 46, 35, 70, 32, 67, 26, 34, 61, 69, 8, 33, 43, 13, 48, 68, 713]
q: [0.0, 6.0, -6.0, 8.0, -8.0, 11.0, -11.0, 7.0, 8.0, -7.0, -8.0, 8.0, 5.0, -8.0, 10.0, -10.0, -5.0, 0.0]
Q: [0.0, 6.0, 0.0, 8.0, 0.0, 11.0, 0.0, 7.0, 15.0, 8.0, 0.0, 8.0, 13.0, 5.0, 15.0, 5.0, 0.0, 0.0]
B: [0.0, 169.0, 173.05406684701, 270.0, 281.922738989, 309.0, 319.4016530417, 332.1221722921, 348.0493993263, 362.9626454183, 387.9493993691, 414.0, 437.0, 460.2743670161, 462.48504315700995, 479.36819410700997, 484.71624440594996, 488.4111199113]
