Avion: 4      Iteracion: 65

Num Ruta: 60
Ingresos: 1731.222
Costos: 486.272454165
Utilidad Ruta: 1244.94954584
Costo Reducido: 53.1664093513
Nodos: [104, 17, 52, 16, 51, 24, 59, 10, 45, 35, 70, 32, 67, 33, 6, 41, 13, 48, 68, 29, 64, 714]
q: [0.0, 5.0, -5.0, 9.0, -9.0, 11.0, -11.0, 12.0, -12.0, 8.0, -8.0, 11.0, -11.0, 5.0, 4.0, -4.0, 10.0, -10.0, -5.0, 9.0, -9.0, 0.0]
Q: [0.0, 5.0, 0.0, 9.0, 0.0, 11.0, 0.0, 12.0, 0.0, 8.0, 0.0, 11.0, 0.0, 5.0, 9.0, 5.0, 15.0, 5.0, 0.0, 9.0, 0.0, 0.0]
B: [0.0, 24.0, 58.8425537813, 64.17419311644, 73.79828455408, 99.02448363357999, 137.53743393608, 149.32336461638, 178.84287535078, 270.0, 281.922738989, 309.0, 319.4016530417, 437.0, 463.1548069196, 466.84709631779, 480.25716242499, 497.14031337499, 502.48836367393, 549.0, 582.7797797802, 609.550209829]
