Avion: 7      Iteracion: 21

Num Ruta: 23
Ingresos: 2426.689
Costos: 466.145601289
Utilidad Ruta: 1960.54339871
Costo Reducido: 205.503610458
Nodos: [107, 14, 49, 3, 38, 23, 35, 58, 70, 26, 61, 34, 69, 33, 8, 43, 68, 4, 2, 39, 37, 717]
q: [0.0, 8.0, -8.0, 0.0, 0.0, 7.0, 8.0, -7.0, -8.0, 10.0, -10.0, 8.0, -8.0, 5.0, 8.0, -8.0, -5.0, 3.0, 10.0, -3.0, -10.0, 0.0]
Q: [0.0, 8.0, 0.0, 0.0, 0.0, 7.0, 15.0, 8.0, 0.0, 10.0, 0.0, 8.0, 0.0, 5.0, 13.0, 5.0, 0.0, 3.0, 13.0, 10.0, 0.0, 0.0]
B: [0.0, 112.0, 124.021711775, 256.0, 261.08428175852, 267.0, 277.4634044651, 306.7341364853, 330.5008400009, 344.8517021701, 362.4309301395, 377.3441762315, 413.7843064453, 437.0, 450.76465480859997, 471.5330514246, 493.4899324645, 529.0, 556.3715326023, 565.8259991129, 599.0192098946001, 626.3793441413001]
