Avion: 4      Iteracion: 79

Num Ruta: 68
Ingresos: 2191.956
Costos: 435.728126523
Utilidad Ruta: 1756.22787348
Costo Reducido: 33.8611396006
Nodos: [104, 17, 52, 9, 44, 11, 46, 18, 53, 22, 57, 25, 60, 31, 33, 66, 68, 29, 64, 714]
q: [0, 5.0, -5.0, 11.0, -11.0, 6.0, -6.0, 10.0, -10.0, 10.0, -10.0, 10.0, -10.0, 9.0, 5.0, -9.0, -5.0, 9.0, -9.0, 0]
Q: [0, 5.0, 0.0, 11.0, 0.0, 6.0, 0.0, 10.0, 0.0, 10.0, 0.0, 10.0, 0.0, 9.0, 14.0, 5.0, 0.0, 9.0, 0.0, 0]
B: [0.0, 24.0, 58.8425537813, 81.72911018459999, 111.25634718709999, 169.0, 173.05406684701, 293.0, 316.8182362487, 332.3010836612, 354.0557698001, 410.0, 427.1849823101, 432.00662891681, 469.50789920201, 491.90606064441, 522.85785149731, 549.0, 582.7797797802, 609.550209829]
