Avion: 6      Iteracion: 74

Num Ruta: 54
Ingresos: 1867.689
Costos: 341.617498545
Utilidad Ruta: 1526.07150146
Costo Reducido: 4.50979528314
Nodos: [106, 17, 52, 30, 16, 51, 65, 26, 34, 61, 22, 57, 69, 8, 33, 6, 41, 43, 13, 48, 68, 716]
q: [0.0, 5.0, -5.0, 6.0, 9.0, -9.0, -6.0, 7.0, 8.0, -7.0, 7.0, -7.0, -8.0, 8.0, 5.0, 2.0, -2.0, -8.0, 10.0, -10.0, -5.0, 0.0]
Q: [0.0, 5.0, 0.0, 6.0, 15.0, 6.0, 0.0, 7.0, 15.0, 8.0, 15.0, 8.0, 0.0, 8.0, 13.0, 15.0, 13.0, 5.0, 15.0, 5.0, 0.0, 0.0]
B: [0.0, 24.0, 58.8425537813, 64.0, 72.20259129788, 81.82668273552001, 84.69783929691, 300.0, 322.0, 336.913246092, 350.5474267421, 372.302112881, 382.8923632085, 414.0, 437.0, 463.1548069196, 466.84709631779, 479.71309880498995, 481.92377494589994, 498.80692589589995, 504.15497619483995, 528.04742012594]
