Avion: 7      Iteracion: 7

Num Ruta: 10
Ingresos: 3059.396
Costos: 589.684073682
Utilidad Ruta: 2469.71192632
Costo Reducido: 422.074634626
Nodos: [107, 16, 51, 24, 59, 14, 49, 3, 38, 23, 22, 57, 18, 58, 53, 28, 63, 19, 8, 33, 54, 43, 68, 21, 56, 27, 62, 717]
q: [0.0, 9.0, -9.0, 11.0, -11.0, 8.0, -8.0, 0.0, 0.0, 10.0, 5.0, -5.0, 0.0, -10.0, 0.0, 6.0, -6.0, 7.0, 3.0, 5.0, -7.0, -3.0, -5.0, 12.0, -12.0, 6.0, -6.0, 0.0]
Q: [0.0, 9.0, 0.0, 11.0, 0.0, 8.0, 0.0, 0.0, 0.0, 10.0, 15.0, 10.0, 10.0, 0.0, 0.0, 6.0, 0.0, 7.0, 10.0, 15.0, 8.0, 5.0, 0.0, 12.0, 0.0, 6.0, 0.0, 0.0]
B: [0.0, 40.0989101099, 49.723001547539994, 74.94920062704, 113.46215092954, 142.10852022824, 154.13023200324, 256.0, 261.08428175852, 267.0, 299.0, 320.7546861389, 334.15512273630003, 359.594434146, 369.51996571867005, 378.6534684969001, 414.6800872808001, 427.2158805545001, 450.3767621008001, 464.14141690940005, 485.68981067780004, 488.61792986936, 510.57481090926, 521.45428828646, 562.19307896566, 575.37052716326, 592.40138953136, 615.84637784446]
