Avion: 1      Iteracion: 24

Num Ruta: 22
Ingresos: 2765.059
Costos: 577.766900901
Utilidad Ruta: 2187.2920991
Costo Reducido: 164.079901624
Nodos: [101, 17, 52, 30, 65, 24, 59, 1, 36, 3, 38, 23, 35, 70, 32, 67, 34, 58, 69, 33, 6, 41, 13, 48, 68, 29, 4, 64, 39, 711]
q: [0.0, 5.0, -5.0, 11.0, -11.0, 11.0, -11.0, 7.0, -7.0, 13.0, -13.0, 4.0, 8.0, -8.0, 11.0, -11.0, 8.0, -4.0, -8.0, 5.0, 4.0, -4.0, 10.0, -10.0, -5.0, 9.0, 3.0, -9.0, -3.0, 0.0]
Q: [0.0, 5.0, 0.0, 11.0, 0.0, 11.0, 0.0, 7.0, 0.0, 13.0, 0.0, 4.0, 12.0, 4.0, 15.0, 4.0, 12.0, 8.0, 0.0, 5.0, 9.0, 5.0, 15.0, 5.0, 0.0, 9.0, 12.0, 3.0, 0.0, 0.0]
B: [0.0, 24.0, 58.8425537813, 64.0, 82.7140226568, 107.4479935471, 145.9609438496, 175.0, 209.2400855285, 256.0, 261.08428175852, 267.0, 277.4634044651, 289.38614345409997, 309.0, 319.4016530417, 346.1750898215, 360.4340368373, 388.28712463740004, 437.0, 463.1548069196, 466.84709631779, 480.25716242499, 497.14031337499, 502.48836367393, 549.0, 569.7100026316, 592.5834067727, 604.8024778094, 621.6115099053]
