Avion: 4      Iteracion: 78

Num Ruta: 67
Ingresos: 2235.355
Costos: 420.687240429
Utilidad Ruta: 1814.66775957
Costo Reducido: 49.4358332514
Nodos: [104, 17, 52, 9, 44, 11, 46, 18, 53, 22, 57, 19, 25, 60, 33, 5, 40, 54, 68, 29, 64, 714]
q: [0.0, 5.0, -5.0, 11.0, -11.0, 6.0, -6.0, 10.0, -10.0, 10.0, -10.0, 7.0, 8.0, -8.0, 5.0, 3.0, -3.0, -7.0, -5.0, 9.0, -9.0, 0.0]
Q: [0.0, 5.0, 0.0, 11.0, 0.0, 6.0, 0.0, 10.0, 0.0, 10.0, 0.0, 7.0, 15.0, 7.0, 12.0, 15.0, 12.0, 5.0, 0.0, 9.0, 0.0, 0.0]
B: [0.0, 24.0, 58.8425537813, 81.72911018459999, 111.25634718709999, 169.0, 173.05406684701, 293.0, 316.8182362487, 332.3010836612, 354.0557698001, 402.0, 411.3920072402, 428.57698955029997, 464.0943947624, 477.7925619391, 478.91425084428, 487.27018693786, 509.17563176326, 549.0, 582.7797797802, 609.550209829]
