Avion: 4      Iteracion: 32

Num Ruta: 30
Ingresos: 1764.931
Costos: 428.707355578
Utilidad Ruta: 1336.22364442
Costo Reducido: 170.893566199
Nodos: [104, 17, 52, 9, 44, 35, 70, 32, 67, 26, 34, 61, 69, 33, 6, 41, 68, 29, 64, 714]
q: [0.0, 5.0, -5.0, 11.0, -11.0, 8.0, -8.0, 11.0, -11.0, 7.0, 8.0, -7.0, -8.0, 5.0, 4.0, -4.0, -5.0, 9.0, -9.0, 0.0]
Q: [0.0, 5.0, 0.0, 11.0, 0.0, 8.0, 0.0, 11.0, 0.0, 7.0, 15.0, 8.0, 0.0, 5.0, 9.0, 5.0, 0.0, 9.0, 0.0, 0.0]
B: [0.0, 24.0, 58.8425537813, 81.72911018459999, 111.25634718709999, 270.0, 281.922738989, 309.0, 319.4016530417, 332.1221722921, 348.0493993263, 362.9626454183, 387.9493993691, 437.0, 463.1548069196, 466.84709631779, 497.92495713539, 549.0, 582.7797797802, 609.550209829]
