Avion: 7      Iteracion: 3

Num Ruta: 7
Ingresos: 2709.65
Costos: 600.024167674
Utilidad Ruta: 2109.62583233
Costo Reducido: 1947.23621276
Nodos: [107, 17, 16, 51, 52, 14, 49, 3, 38, 18, 22, 57, 53, 28, 63, 8, 33, 43, 68, 4, 27, 62, 2, 39, 37, 717]
q: [0.0, 5.0, 9.0, -9.0, -5.0, 8.0, -8.0, 13.0, -13.0, 5.0, 10.0, -10.0, -5.0, 6.0, -6.0, 8.0, 5.0, -8.0, -5.0, 3.0, 6.0, -6.0, 10.0, -3.0, -10.0, 0.0]
Q: [0.0, 5.0, 14.0, 5.0, 0.0, 8.0, 0.0, 13.0, 0.0, 5.0, 15.0, 5.0, 0.0, 6.0, 0.0, 8.0, 13.0, 5.0, 0.0, 3.0, 9.0, 3.0, 13.0, 10.0, 0.0, 0.0]
B: [0.0, 45.942580685, 80.7440576652, 90.36814910284001, 105.01591787494, 117.45447072484001, 129.47618249984, 256.0, 261.08428175852, 293.0, 302.68569016643, 324.44037630533, 361.34118460273, 378.0, 414.0266187839, 448.6194490382, 462.38410384680003, 485.6584708629, 507.6153519028, 529.0, 546.6147745373, 563.6456369054, 575.0977099928, 584.5521765034, 617.7453872851, 645.1055215318]
