Avion: 7      Iteracion: 37

Num Ruta: 38
Ingresos: 2410.728
Costos: 418.011792823
Utilidad Ruta: 1992.71620718
Costo Reducido: 83.8463085739
Nodos: [107, 30, 16, 51, 65, 14, 49, 3, 38, 23, 35, 70, 34, 58, 22, 57, 69, 8, 33, 43, 13, 48, 68, 29, 27, 64, 62, 717]
q: [0.0, 6.0, 9.0, -9.0, -6.0, 8.0, -8.0, 13.0, -13.0, 7.0, 8.0, -8.0, 8.0, -7.0, 7.0, -7.0, -8.0, 8.0, 5.0, -8.0, 10.0, -10.0, -5.0, 9.0, 6.0, -9.0, -6.0, 0.0]
Q: [0.0, 6.0, 15.0, 6.0, 0.0, 8.0, 0.0, 13.0, 0.0, 7.0, 15.0, 7.0, 15.0, 8.0, 15.0, 8.0, 0.0, 8.0, 13.0, 5.0, 15.0, 5.0, 0.0, 9.0, 15.0, 6.0, 0.0, 0.0]
B: [0.0, 64.0, 72.20259129788, 81.82668273552001, 84.69783929691, 112.49377995381, 124.51549172881, 256.0, 261.08428175852, 267.0, 277.4634044651, 289.38614345409997, 322.0, 336.2589470158, 352.0153710073, 373.77005714620003, 384.3603074737, 414.0, 437.0, 460.2743670161, 462.48504315700995, 479.36819410700997, 484.71624440594996, 549.0, 574.6018082369, 582.8182362320799, 598.26561380888, 621.71060212198]
