Avion: 7      Iteracion: 34

Num Ruta: 36
Ingresos: 1425.848
Costos: 414.970801579
Utilidad Ruta: 1010.87719842
Costo Reducido: 26.7397848446
Nodos: [107, 9, 44, 14, 49, 3, 38, 23, 35, 70, 32, 67, 58, 34, 28, 69, 63, 717]
q: [0.0, 11.0, -11.0, 8.0, -8.0, 0.0, 0.0, 7.0, 8.0, -8.0, 8.0, -8.0, -7.0, 8.0, 6.0, -8.0, -6.0, 0.0]
Q: [0.0, 11.0, 0.0, 8.0, 0.0, 0.0, 0.0, 7.0, 15.0, 7.0, 15.0, 7.0, 0.0, 8.0, 14.0, 6.0, 0.0, 0.0]
B: [0.0, 46.0648734938, 75.5921104963, 112.0, 124.021711775, 256.0, 261.08428175852, 267.0, 277.4634044651, 289.38614345409997, 309.0, 319.4016530417, 351.7919881588, 366.0509351746, 382.0838229993, 416.69903656210005, 448.6495923163001, 479.7568794529001]
