Avion: 5      Iteracion: 85

Num Ruta: 55
Ingresos: 1526.119
Costos: 430.24399644
Utilidad Ruta: 1095.87500356
Costo Reducido: 25.8439777385
Nodos: [105, 17, 52, 24, 59, 1, 36, 35, 70, 18, 53, 28, 63, 715]
q: [0, 5.0, -5.0, 11.0, -11.0, 7.0, -7.0, 8.0, -8.0, 10.0, -10.0, 6.0, -6.0, 0]
Q: [0, 5.0, 0.0, 11.0, 0.0, 7.0, 0.0, 8.0, 0.0, 10.0, 0.0, 6.0, 0.0, 0]
B: [0.0, 35.8094227823, 70.65197656359999, 87.21025986829999, 125.72321017079999, 175.0, 209.2400855285, 270.0, 281.922738989, 302.3408921131, 326.15912836179996, 378.0, 414.0266187839, 451.2632406769]
