Avion: 6      Iteracion: 67

Num Ruta: 51
Ingresos: 2113.463
Costos: 400.610012645
Utilidad Ruta: 1712.85298736
Costo Reducido: 53.2086878574
Nodos: [106, 30, 16, 65, 51, 10, 45, 23, 35, 70, 26, 34, 58, 61, 22, 69, 57, 19, 25, 60, 54, 13, 48, 6, 41, 5, 40, 716]
q: [0.0, 6.0, 9.0, -6.0, -9.0, 12.0, -12.0, 7.0, 8.0, -8.0, 0.0, 8.0, -7.0, 0.0, 7.0, -8.0, -7.0, 7.0, 8.0, -8.0, -7.0, 15.0, -15.0, 4.0, -4.0, 0.0, 0.0, 0.0]
Q: [0.0, 6.0, 15.0, 9.0, 0.0, 12.0, 0.0, 7.0, 15.0, 7.0, 7.0, 15.0, 8.0, 8.0, 15.0, 7.0, 0.0, 7.0, 15.0, 7.0, 0.0, 15.0, 0.0, 4.0, 0.0, 0.0, 0.0, 0.0]
B: [0.0, 64.0, 72.20259129788, 83.01926305958, 85.89041962097, 101.71969683127, 131.23920756567, 267.0, 277.4634044651, 289.38614345409997, 303.7370056233, 322.0, 336.2589470158, 339.32601939838, 352.96020004848003, 367.52936670278, 378.11961703028, 402.0, 411.3920072402, 428.57698955029997, 445.3638459862, 449.59146529262, 466.47461624262, 490.69756486582, 494.38985426401, 512.77871447881, 513.90040338399, 520.62375745766]
