Avion: 5      Iteracion: 23

Num Ruta: 26
Ingresos: 931.947
Costos: 363.097696706
Utilidad Ruta: 568.849303294
Costo Reducido: 62.2315511712
Nodos: [105, 19, 54, 5, 33, 40, 68, 29, 64, 715]
q: [0, 7.0, -7.0, 9.0, 5.0, -9.0, -5.0, 9.0, -9.0, 0]
Q: [0, 7.0, 0.0, 9.0, 14.0, 5.0, 0.0, 9.0, 0.0, 0]
B: [0.0, 402.0, 428.6271162915, 469.0, 482.6981671767, 495.9883458813, 525.0007204997, 549.0, 582.7797797802, 630.090723715]
