Avion: 6      Iteracion: 63

Num Ruta: 49
Ingresos: 1689.994
Costos: 408.644085171
Utilidad Ruta: 1281.34991483
Costo Reducido: 34.2114802143
Nodos: [106, 30, 16, 65, 51, 10, 45, 34, 32, 67, 69, 33, 6, 41, 5, 40, 21, 68, 4, 27, 56, 39, 62, 716]
q: [0.0, 6.0, 9.0, -6.0, -9.0, 12.0, -12.0, 8.0, 7.0, -7.0, -8.0, 5.0, 4.0, -4.0, 9.0, -9.0, 10.0, -5.0, 3.0, 2.0, -10.0, -3.0, -2.0, 0.0]
Q: [0.0, 6.0, 15.0, 9.0, 0.0, 12.0, 0.0, 8.0, 15.0, 8.0, 0.0, 5.0, 9.0, 5.0, 14.0, 5.0, 15.0, 10.0, 13.0, 15.0, 5.0, 2.0, 0.0, 0.0]
B: [0.0, 64.0, 72.20259129788, 83.01926305958, 85.89041962097, 101.71969683127, 131.23920756567, 322.0, 342.0229178943, 352.424570936, 383.46685579070004, 437.0, 463.1548069196, 466.84709631779, 485.23595653258997, 486.35764543777, 514.5972358207699, 525.47671319797, 542.79424723147, 560.40902176877, 573.58646996637, 590.38941438097, 595.80467291589, 605.5103432688301]
