Avion: 4      Iteracion: 66

Num Ruta: 61
Ingresos: 1311.413
Costos: 301.659821897
Utilidad Ruta: 1009.7531781
Costo Reducido: 6.60184493674
Nodos: [104, 17, 52, 9, 44, 25, 60, 31, 33, 66, 68, 714]
q: [0, 5.0, -5.0, 11.0, -11.0, 10.0, -10.0, 9.0, 5.0, -9.0, -5.0, 0]
Q: [0, 5.0, 0.0, 11.0, 0.0, 10.0, 0.0, 9.0, 14.0, 5.0, 0.0, 0]
B: [0.0, 24.0, 58.8425537813, 81.72911018459999, 111.25634718709999, 410.0, 427.1849823101, 432.00662891681, 469.50789920201, 491.90606064441, 522.85785149731, 539.03226848831]
