Avion: 2      Iteracion: 53

Num Ruta: 36
Ingresos: 203.504
Costos: 396.907562932
Utilidad Ruta: -193.403562932
Costo Reducido: 12.0522415931
Nodos: [102, 16, 30, 65, 51, 712]
q: [0.0, 4.0, 11.0, -11.0, -4.0, 0.0]
Q: [0.0, 4.0, 15.0, 4.0, 0.0, 0.0]
B: [0.0, 36.0, 64.0, 82.7140226568, 85.58517921818999, 122.79389137009]
