Avion: 3      Iteracion: 0

Num Ruta: 2
Ingresos: 3218.587
Costos: 664.008432269
Utilidad Ruta: 2554.57856773
Costo Reducido: -
Nodos: [103, 9, 44, 24, 59, 10, 45, 1, 36, 3, 38, 23, 58, 26, 61, 22, 57, 19, 25, 60, 54, 6, 41, 33, 5, 40, 68, 713]
q: [0.0, 11.0, -11.0, 11.0, -11.0, 12.0, -12.0, 7.0, -7.0, 13.0, -13.0, 10.0, -10.0, 10.0, -10.0, 10.0, -10.0, 7.0, 8.0, -8.0, -7.0, 4.0, -4.0, 5.0, 9.0, -9.0, -5.0, 0.0]
Q: [0.0, 11.0, 0.0, 11.0, 0.0, 12.0, 0.0, 7.0, 0.0, 13.0, 0.0, 10.0, 0.0, 10.0, 0.0, 10.0, 0.0, 7.0, 15.0, 7.0, 0.0, 4.0, 0.0, 5.0, 14.0, 5.0, 0.0, 0.0]
B: [0.0, 37.2069129329, 66.73414993540001, 90.87439983050001, 129.387350133, 141.1732808133, 170.6927915477, 209.11213271850002, 243.35221824700002, 256.0, 261.08428175852, 267.0, 306.733842905, 326.4202156791, 343.9994436485, 357.6336242986, 379.3883104375, 402.0, 411.3920072402, 428.57698955029997, 445.3638459862, 457.15486498369995, 460.84715438188994, 489.26441033668993, 502.96257751338993, 504.08426641856994, 533.0966410369699, 536.7915165423199]
