Avion: 4      Iteracion: 39

Num Ruta: 37
Ingresos: 3388.413
Costos: 576.908062006
Utilidad Ruta: 2811.50493799
Costo Reducido: 61.8216552426
Nodos: [104, 17, 52, 24, 9, 44, 59, 10, 45, 35, 70, 26, 61, 28, 13, 48, 63, 25, 60, 21, 56, 2, 37, 29, 64, 714]
q: [0.0, 5.0, -5.0, 11.0, 4.0, -4.0, -11.0, 12.0, -12.0, 8.0, -8.0, 10.0, -10.0, 6.0, 9.0, -9.0, -6.0, 10.0, -10.0, 12.0, -12.0, 10.0, -10.0, 9.0, -9.0, 0.0]
Q: [0.0, 5.0, 0.0, 11.0, 15.0, 11.0, 0.0, 12.0, 0.0, 8.0, 0.0, 10.0, 0.0, 6.0, 15.0, 6.0, 0.0, 10.0, 0.0, 12.0, 0.0, 10.0, 0.0, 9.0, 0.0, 0.0]
B: [0.0, 24.0, 58.8425537813, 75.400837086, 81.83771412381999, 111.36495112632, 136.42051454042, 148.20644522071998, 177.72595595511999, 270.0, 281.922738989, 300.0, 317.5792279694, 378.0, 423.0, 439.88315095, 462.92158097460003, 466.25495959096, 483.43994190106, 491.60865538606004, 532.34744606526, 556.19845979636, 596.93342184376, 606.73816238087, 640.51794216107, 667.28837220987]
