Avion: 7      Iteracion: 48

Num Ruta: 46
Ingresos: 1103.45
Costos: 340.247120088
Utilidad Ruta: 763.202879912
Costo Reducido: 34.2358164291
Nodos: [107, 14, 49, 3, 38, 23, 35, 70, 18, 53, 58, 32, 67, 33, 13, 48, 68, 717]
q: [0.0, 8.0, -8.0, 0.0, 0.0, 5.0, 8.0, -8.0, 10.0, -10.0, -5.0, 11.0, -11.0, 5.0, 10.0, -10.0, -5.0, 0.0]
Q: [0.0, 8.0, 0.0, 0.0, 0.0, 5.0, 13.0, 5.0, 15.0, 5.0, 0.0, 11.0, 0.0, 5.0, 15.0, 5.0, 0.0, 0.0]
B: [0.0, 112.0, 124.021711775, 256.0, 261.08428175852, 267.0, 277.4634044651, 289.38614345409997, 309.80429657819997, 333.62253282689994, 343.54806439956997, 366.03237023716997, 376.43402327887, 437.0, 462.372931896, 479.256082846, 484.60413314494, 519.13988153704]
