Avion: 7      Iteracion: 55

Num Ruta: 53
Ingresos: 2251.355
Costos: 387.646288323
Utilidad Ruta: 1863.70871168
Costo Reducido: 8.01211683558
Nodos: [107, 14, 49, 3, 38, 23, 35, 70, 34, 58, 22, 57, 69, 33, 13, 48, 68, 21, 4, 56, 27, 62, 39, 717]
q: [0.0, 8.0, -8.0, 13.0, -13.0, 7.0, 8.0, -8.0, 8.0, -7.0, 0.0, 0.0, -8.0, 5.0, 10.0, -10.0, -5.0, 12.0, 3.0, -12.0, 6.0, -6.0, -3.0, 0.0]
Q: [0.0, 8.0, 0.0, 13.0, 0.0, 7.0, 15.0, 7.0, 15.0, 8.0, 8.0, 8.0, 0.0, 5.0, 15.0, 5.0, 0.0, 12.0, 15.0, 3.0, 9.0, 3.0, 0.0, 0.0]
B: [0.0, 112.0, 124.021711775, 256.0, 261.08428175852, 267.0, 277.4634044651, 289.38614345409997, 322.0, 336.2589470158, 352.0153710073, 373.77005714620003, 384.3603074737, 437.0, 462.372931896, 479.256082846, 484.60413314494, 495.48361052214, 529.0, 558.169797411, 571.3472456086, 588.3781079767, 593.79336651162, 622.54083422622]
