Avion: 6      Iteracion: 53

Num Ruta: 43
Ingresos: 2189.517
Costos: 425.073927369
Utilidad Ruta: 1764.44307263
Costo Reducido: 51.575819101
Nodos: [106, 30, 16, 65, 51, 24, 59, 1, 36, 23, 35, 70, 18, 53, 58, 34, 28, 69, 63, 25, 60, 6, 41, 5, 40, 716]
q: [0.0, 11.0, 4.0, -11.0, -4.0, 11.0, -11.0, 7.0, -7.0, 5.0, 8.0, -8.0, 10.0, -10.0, -5.0, 8.0, 6.0, -8.0, -6.0, 10.0, -10.0, 4.0, -4.0, 0.0, 0.0, 0.0]
Q: [0.0, 11.0, 15.0, 4.0, 0.0, 11.0, 0.0, 7.0, 0.0, 5.0, 13.0, 5.0, 15.0, 5.0, 0.0, 8.0, 14.0, 6.0, 0.0, 10.0, 0.0, 4.0, 0.0, 0.0, 0.0, 0.0]
B: [0.0, 64.0, 72.20259129788, 83.01926305958, 85.89041962097, 111.11661870046999, 149.62956900297, 175.0, 209.2400855285, 267.0, 277.4634044651, 289.38614345409997, 309.80429657819997, 333.62253282689994, 343.54806439956997, 357.80701141536997, 378.0, 412.6152135628, 444.56576931700005, 447.89914793336004, 465.08413024346004, 490.58590073106006, 494.27819012925005, 512.66705034405, 513.78873924923, 520.5120933229]
