Avion: 1      Iteracion: 73

Num Ruta: 55
Ingresos: 3210.201
Costos: 545.524312253
Utilidad Ruta: 2664.67668775
Costo Reducido: 50.9739576135
Nodos: [101, 30, 16, 51, 65, 24, 59, 1, 36, 23, 35, 70, 26, 61, 58, 34, 69, 31, 8, 66, 19, 54, 43, 4, 39, 2, 37, 711]
q: [0.0, 6.0, 9.0, -9.0, -6.0, 0.0, 0.0, 7.0, -7.0, 10.0, 5.0, -5.0, 5.0, -5.0, -10.0, 8.0, -8.0, 9.0, 6.0, -9.0, 7.0, -7.0, -6.0, 3.0, -3.0, 10.0, -10.0, 0.0]
Q: [0.0, 6.0, 15.0, 6.0, 0.0, 0.0, 0.0, 7.0, 0.0, 10.0, 15.0, 10.0, 15.0, 10.0, 0.0, 8.0, 0.0, 9.0, 15.0, 6.0, 13.0, 6.0, 0.0, 3.0, 0.0, 10.0, 0.0, 0.0]
B: [0.0, 64.0, 72.20259129788, 81.82668273552001, 84.69783929691, 109.43181018721, 147.94476048971, 175.0, 209.2400855285, 267.0, 277.4634044651, 289.38614345409997, 303.7370056233, 321.3162335927, 324.38330597528, 338.64225299108, 375.08238320488, 406.0, 435.118175166, 443.90102128784, 460.00223813624, 486.62935442774, 489.55747361929997, 529.0, 549.4257496801999, 558.8802161908, 599.6151782382, 616.5648454326]
