Avion: 7      Iteracion: 13

Num Ruta: 16
Ingresos: 1714.349
Costos: 230.449810342
Utilidad Ruta: 1483.89918966
Costo Reducido: 195.129825928
Nodos: [107, 14, 49, 3, 38, 23, 58, 22, 57, 25, 60, 31, 66, 717]
q: [0, 8.0, -8.0, 13.0, -13.0, 10.0, -10.0, 10.0, -10.0, 10.0, -10.0, 9.0, -9.0, 0]
Q: [0, 8.0, 0.0, 13.0, 0.0, 10.0, 0.0, 10.0, 0.0, 10.0, 0.0, 9.0, 0.0, 0]
B: [0.0, 112.0, 124.021711775, 256.0, 261.08428175852, 267.0, 306.733842905, 322.49026689650003, 344.24495303540004, 410.0, 427.1849823101, 432.00662891681, 460.33210799481, 463.96682999242995]
