Avion: 6      Iteracion: 5

Num Ruta: 7
Ingresos: 2445.447
Costos: 463.634875906
Utilidad Ruta: 1981.81212409
Costo Reducido: 1135.46090982
Nodos: [106, 30, 65, 23, 58, 26, 61, 34, 69, 33, 68, 4, 2, 39, 37, 716]
q: [0, 11.0, -11.0, 10.0, -10.0, 10.0, -10.0, 8.0, -8.0, 5.0, -5.0, 3.0, 10.0, -3.0, -10.0, 0]
Q: [0, 11.0, 0.0, 10.0, 0.0, 10.0, 0.0, 8.0, 0.0, 5.0, 0.0, 3.0, 13.0, 10.0, 0.0, 0]
B: [0.0, 64.0, 82.7140226568, 267.0, 306.733842905, 326.4202156791, 343.9994436485, 358.9126897405, 395.3528199543, 437.0, 478.9526650524, 529.0, 556.3715326023, 565.8259991129, 599.0192098946001, 619.4448473632001]
