Avion: 6      Iteracion: 72

Num Ruta: 53
Ingresos: 1792.132
Costos: 335.13700369
Utilidad Ruta: 1456.99499631
Costo Reducido: 28.1688177674
Nodos: [106, 34, 22, 69, 57, 19, 31, 66, 54, 6, 41, 5, 40, 2, 4, 37, 39, 716]
q: [0.0, 8.0, 7.0, -8.0, -7.0, 6.0, 9.0, -9.0, -6.0, 0.0, 0.0, 9.0, -9.0, 10.0, 3.0, -10.0, -3.0, 0.0]
Q: [0.0, 8.0, 15.0, 7.0, 0.0, 6.0, 15.0, 6.0, 0.0, 0.0, 0.0, 9.0, 0.0, 10.0, 13.0, 3.0, 0.0, 0.0]
B: [0.0, 322.0, 350.0636833826, 364.6328500369, 375.22310036439995, 402.0, 423.4250045741, 451.7504836521, 474.1686479391, 485.9596669366, 489.65195633479, 508.04081654959, 509.16250545477, 523.24455590917, 550.61608851147, 564.06684432667, 597.26005510837, 611.93716994747]
