Avion: 7      Iteracion: 54

Num Ruta: 52
Ingresos: 2384.789
Costos: 376.92459862
Utilidad Ruta: 2007.86440138
Costo Reducido: 29.1984307586
Nodos: [107, 14, 49, 3, 38, 23, 58, 34, 28, 69, 63, 25, 60, 4, 2, 39, 37, 717]
q: [0, 8.0, -8.0, 13.0, -13.0, 10.0, -10.0, 8.0, 6.0, -8.0, -6.0, 10.0, -10.0, 3.0, 10.0, -3.0, -10.0, 0]
Q: [0, 8.0, 0.0, 13.0, 0.0, 10.0, 0.0, 8.0, 14.0, 6.0, 0.0, 10.0, 0.0, 3.0, 13.0, 10.0, 0.0, 0]
B: [0.0, 112.0, 124.021711775, 256.0, 261.08428175852, 267.0, 306.733842905, 322.0, 378.0, 412.6152135628, 444.56576931700005, 447.89914793336004, 465.08413024346004, 529.0, 556.3715326023, 565.8259991129, 599.0192098946001, 626.3793441413001]
