Avion: 2      Iteracion: 57

Num Ruta: 39
Ingresos: 817.901
Costos: 446.047033699
Utilidad Ruta: 371.853966301
Costo Reducido: 36.0787140154
Nodos: [102, 16, 51, 9, 24, 44, 59, 10, 45, 26, 61, 712]
q: [0.0, 9.0, -9.0, 4.0, 11.0, -4.0, -11.0, 12.0, -12.0, 10.0, -10.0, 0.0]
Q: [0.0, 9.0, 0.0, 4.0, 15.0, 11.0, 0.0, 12.0, 0.0, 10.0, 0.0, 0.0]
B: [0.0, 36.0, 45.624091437640004, 75.68094759394, 82.11782463176, 106.25807452686, 131.31363794096, 143.09956862126, 172.61907935566, 300.0, 317.5792279694, 344.0266158177]
