Avion: 4      Iteracion: 53

Num Ruta: 50
Ingresos: 1729.332
Costos: 424.8239332
Utilidad Ruta: 1304.5080668
Costo Reducido: 74.1333015919
Nodos: [104, 17, 52, 30, 16, 65, 51, 32, 67, 34, 69, 33, 13, 48, 68, 29, 4, 39, 64, 714]
q: [0.0, 5.0, -5.0, 11.0, 4.0, -11.0, -4.0, 11.0, -11.0, 8.0, -8.0, 5.0, 10.0, -10.0, -5.0, 9.0, 3.0, -3.0, -9.0, 0.0]
Q: [0.0, 5.0, 0.0, 11.0, 15.0, 4.0, 0.0, 11.0, 0.0, 8.0, 0.0, 5.0, 15.0, 5.0, 0.0, 9.0, 12.0, 9.0, 0.0, 0.0]
B: [0.0, 24.0, 58.8425537813, 64.0, 72.20259129788, 83.01926305958, 85.89041962097, 309.0, 319.4016530417, 346.1750898215, 382.6152200353, 437.0, 462.372931896, 479.256082846, 484.60413314494, 549.0, 569.7100026316, 590.1357523117999, 602.3548233485, 629.1252533973]
