Avion: 2      Iteracion: 32

Num Ruta: 26
Ingresos: 656.685
Costos: 450.54485005
Utilidad Ruta: 206.14014995
Costo Reducido: 24.2823856951
Nodos: [102, 16, 51, 10, 45, 35, 70, 32, 67, 26, 61, 712]
q: [0, 9.0, -9.0, 12.0, -12.0, 8.0, -8.0, 11.0, -11.0, 10.0, -10.0, 0]
Q: [0, 9.0, 0.0, 12.0, 0.0, 8.0, 0.0, 11.0, 0.0, 10.0, 0.0, 0]
B: [0.0, 36.0, 45.624091437640004, 96.0, 125.5195107344, 270.0, 281.922738989, 309.0, 319.4016530417, 332.1221722921, 349.7014002615, 376.1487881098]
