Avion: 4      Iteracion: 40

Num Ruta: 38
Ingresos: 2197.126
Costos: 406.68445395
Utilidad Ruta: 1790.44154605
Costo Reducido: 11.7864676238
Nodos: [104, 17, 52, 9, 44, 14, 49, 3, 38, 23, 35, 70, 34, 58, 69, 19, 25, 60, 54, 13, 48, 714]
q: [0.0, 5.0, -5.0, 11.0, -11.0, 8.0, -8.0, 13.0, -13.0, 7.0, 8.0, -8.0, 8.0, -7.0, -8.0, 7.0, 8.0, -8.0, -7.0, 15.0, -15.0, 0.0]
Q: [0.0, 5.0, 0.0, 11.0, 0.0, 8.0, 0.0, 13.0, 0.0, 7.0, 15.0, 7.0, 15.0, 8.0, 0.0, 7.0, 15.0, 7.0, 0.0, 15.0, 0.0, 0.0]
B: [0.0, 24.0, 58.8425537813, 81.72911018459999, 111.25634718709999, 121.5131539026, 133.5348656776, 256.0, 261.08428175852, 267.0, 277.4634044651, 289.38614345409997, 322.0, 336.2589470158, 364.1120348159, 402.0, 411.3920072402, 428.57698955029997, 445.3638459862, 449.59146529262, 466.47461624262, 478.15391694942]
