Avion: 2      Iteracion: 33

Num Ruta: 27
Ingresos: 1387.251
Costos: 608.247038191
Utilidad Ruta: 779.003961809
Costo Reducido: 37.2122861229
Nodos: [102, 24, 9, 12, 44, 59, 47, 10, 45, 3, 38, 23, 35, 70, 58, 32, 67, 26, 61, 712]
q: [0.0, 4.0, 11.0, 0.0, -11.0, -4.0, 0.0, 12.0, -12.0, 13.0, -13.0, 10.0, 5.0, -5.0, -10.0, 11.0, -11.0, 0.0, 0.0, 0.0]
Q: [0.0, 4.0, 15.0, 15.0, 4.0, 0.0, 0.0, 12.0, 0.0, 13.0, 0.0, 10.0, 15.0, 10.0, 0.0, 11.0, 0.0, 0.0, 0.0, 0.0]
B: [0.0, 61.0, 67.43687703782, 88.27160096212, 99.05863771922, 124.11420113332, 140.04643870371999, 148.76420906086997, 178.28371979526997, 256.0, 261.08428175852, 267.0, 277.4634044651, 289.38614345409997, 313.15284696969997, 335.63715280729997, 346.03880584899997, 358.7593250994, 376.33855306879997, 402.7859409171]
