Avion: 1      Iteracion: 6

Num Ruta: 5
Ingresos: 2599.62
Costos: 649.529703711
Utilidad Ruta: 1950.09029629
Costo Reducido: 1356.8047748
Nodos: [101, 17, 30, 52, 16, 51, 65, 24, 59, 11, 46, 22, 57, 18, 53, 34, 69, 31, 66, 5, 40, 27, 62, 2, 37, 711]
q: [0.0, 5.0, 10.0, -5.0, 5.0, -5.0, -10.0, 11.0, -11.0, 6.0, -6.0, 10.0, -10.0, 10.0, -10.0, 8.0, -8.0, 9.0, -9.0, 9.0, -9.0, 6.0, -6.0, 10.0, -10.0, 0.0]
Q: [0.0, 5.0, 15.0, 10.0, 15.0, 10.0, 0.0, 11.0, 0.0, 6.0, 0.0, 10.0, 0.0, 10.0, 0.0, 8.0, 0.0, 9.0, 0.0, 9.0, 0.0, 6.0, 0.0, 10.0, 0.0, 0.0]
B: [0.0, 24.0, 64.0, 67.14445448369, 72.47609381883, 82.10018525647, 84.97134181786, 109.70531270816, 148.21826301066, 169.0, 173.05406684701, 299.0, 320.7546861389, 334.15512273630003, 357.973358985, 381.4440699457, 417.8842001595, 445.004944268, 473.330423346, 493.226907558, 494.34859646318, 538.0, 555.0308623681, 566.4829354555, 607.2178975029, 624.1675646973]
