Avion: 3      Iteracion: 4

Num Ruta: 8
Ingresos: 2974.615
Costos: 621.279844462
Utilidad Ruta: 2353.33515554
Costo Reducido: 1418.35380737
Nodos: [103, 9, 44, 14, 49, 3, 38, 23, 18, 53, 58, 34, 69, 19, 54, 13, 48, 31, 66, 21, 4, 39, 56, 29, 64, 713]
q: [0.0, 11.0, -11.0, 8.0, -8.0, 13.0, -13.0, 5.0, 10.0, -10.0, -5.0, 8.0, -8.0, 7.0, -7.0, 15.0, -15.0, 9.0, -9.0, 12.0, 3.0, -3.0, -12.0, 9.0, -9.0, 0.0]
Q: [0.0, 11.0, 0.0, 8.0, 0.0, 13.0, 0.0, 5.0, 15.0, 5.0, 0.0, 8.0, 0.0, 7.0, 0.0, 15.0, 0.0, 9.0, 0.0, 12.0, 15.0, 12.0, 0.0, 9.0, 0.0, 0.0]
B: [0.0, 37.2069129329, 66.73414993540001, 112.0, 124.021711775, 256.0, 261.08428175852, 267.0, 293.0, 316.8182362487, 326.74376782137, 341.00271483717, 377.44284505097, 402.0, 428.6271162915, 432.85473559792, 449.73788654792, 454.19539998032, 482.52087905832, 505.98671773922, 529.0, 549.4257496801999, 566.2286940948, 604.6819905724999, 638.4617703526999, 664.8126899760999]
