Avion: 4      Iteracion: 2

Num Ruta: 4
Ingresos: 3808.75
Costos: 749.453435008
Utilidad Ruta: 3059.29656499
Costo Reducido: 1960.77721449
Nodos: [104, 16, 51, 24, 9, 44, 59, 10, 45, 1, 36, 3, 38, 35, 70, 26, 61, 18, 53, 28, 31, 66, 63, 25, 60, 21, 56, 2, 37, 29, 64, 714]
q: [0.0, 9.0, -9.0, 4.0, 11.0, -11.0, -4.0, 12.0, -12.0, 7.0, -7.0, 13.0, -13.0, 8.0, -8.0, 10.0, -10.0, 10.0, -10.0, 6.0, 9.0, -9.0, -6.0, 10.0, -10.0, 12.0, -12.0, 10.0, -10.0, 9.0, -9.0, 0.0]
Q: [0.0, 9.0, 0.0, 4.0, 15.0, 4.0, 0.0, 12.0, 0.0, 7.0, 0.0, 13.0, 0.0, 8.0, 0.0, 10.0, 0.0, 10.0, 0.0, 6.0, 15.0, 6.0, 0.0, 10.0, 0.0, 12.0, 0.0, 10.0, 0.0, 9.0, 0.0, 0.0]
B: [0.0, 37.6306202048, 47.25471164244, 72.48091072194, 78.91778775976, 108.44502476226, 133.50058817636, 145.28651885666, 174.80602959106, 213.22537076186, 247.46545629036, 256.0, 261.08428175852, 274.08526633661995, 286.00800532561993, 300.35886749481995, 317.93809546421994, 341.21676621661993, 365.0350024653199, 378.0, 406.0, 434.325479078, 462.7399107809, 466.07328939726, 483.25827170736, 491.42698519236, 532.16577587156, 556.01678960266, 596.75175165006, 606.55649218717, 640.33627196737, 667.10670201617]
