Avion: 4      Iteracion: 50

Num Ruta: 47
Ingresos: 1764.029
Costos: 475.902839774
Utilidad Ruta: 1288.12616023
Costo Reducido: 34.0965898695
Nodos: [104, 17, 52, 24, 9, 44, 59, 10, 45, 32, 67, 28, 31, 66, 63, 25, 60, 29, 4, 39, 64, 714]
q: [0.0, 0.0, 0.0, 11.0, 4.0, -4.0, -11.0, 12.0, -12.0, 11.0, -11.0, 6.0, 9.0, -9.0, -6.0, 10.0, -10.0, 9.0, 3.0, -3.0, -9.0, 0.0]
Q: [0.0, 0.0, 0.0, 11.0, 15.0, 11.0, 0.0, 12.0, 0.0, 11.0, 0.0, 6.0, 15.0, 6.0, 0.0, 10.0, 0.0, 9.0, 12.0, 9.0, 0.0, 0.0]
B: [0.0, 24.0, 58.8425537813, 75.400837086, 81.83771412381999, 111.36495112632, 136.42051454042, 148.20644522071998, 177.72595595511999, 309.0, 319.4016530417, 378.0, 406.0, 434.325479078, 462.7399107809, 466.07328939726, 483.25827170736, 549.0, 569.7100026316, 590.1357523117999, 602.3548233485, 629.1252533973]
