Avion: 3      Iteracion: 1

Num Ruta: 5
Ingresos: 1076.9
Costos: 288.693334356
Utilidad Ruta: 788.206665644
Costo Reducido: 881.513189403
Nodos: [103, 17, 52, 21, 56, 713]
q: [0, 5.0, -5.0, 12.0, -12.0, 0]
Q: [0, 5.0, 0.0, 12.0, 0.0, 0]
B: [0.0, 39.7453305433, 74.5878843246, 477.0, 517.7387906792, 548.8965365058999]
