Avion: 5      Iteracion: 79

Num Ruta: 52
Ingresos: 1355.007
Costos: 403.651432981
Utilidad Ruta: 951.355567019
Costo Reducido: 3.63935128608
Nodos: [105, 30, 65, 24, 59, 1, 36, 35, 70, 18, 53, 22, 57, 715]
q: [0, 11.0, -11.0, 11.0, -11.0, 7.0, -7.0, 8.0, -8.0, 10.0, -10.0, 10.0, -10.0, 0]
Q: [0, 11.0, 0.0, 11.0, 0.0, 7.0, 0.0, 8.0, 0.0, 10.0, 0.0, 10.0, 0.0, 0]
B: [0.0, 64.0, 82.7140226568, 107.4479935471, 145.9609438496, 175.0, 209.2400855285, 270.0, 281.922738989, 302.3408921131, 326.15912836179996, 341.64197577429996, 363.3966619132, 372.54979083177]
