Avion: 1      Iteracion: 81

Num Ruta: 62
Ingresos: 1977.685
Costos: 392.144795783
Utilidad Ruta: 1585.54020422
Costo Reducido: 89.0863184338
Nodos: [101, 30, 65, 24, 59, 1, 36, 23, 35, 70, 32, 67, 34, 58, 28, 69, 8, 19, 63, 54, 43, 711]
q: [0.0, 11.0, -11.0, 11.0, -11.0, 7.0, -7.0, 4.0, 8.0, -8.0, 11.0, -11.0, 8.0, -4.0, 6.0, -8.0, 8.0, 0.0, -6.0, 0.0, -8.0, 0.0]
Q: [0.0, 11.0, 0.0, 11.0, 0.0, 7.0, 0.0, 4.0, 12.0, 4.0, 15.0, 4.0, 12.0, 8.0, 14.0, 6.0, 14.0, 14.0, 8.0, 8.0, 0.0, 0.0]
B: [0.0, 64.0, 82.7140226568, 107.4479935471, 145.9609438496, 175.0, 209.2400855285, 267.0, 277.4634044651, 289.38614345409997, 309.0, 319.4016530417, 346.1750898215, 360.4340368373, 378.0, 412.6152135628, 415.26138853812, 438.42227008442, 450.95806335812, 483.78814049782, 486.71625968937997, 492.42539097181]
