Avion: 6      Iteracion: 82

Num Ruta: 61
Ingresos: 498.434
Costos: 159.831743922
Utilidad Ruta: 338.602256078
Costo Reducido: 8.92616078118
Nodos: [106, 6, 41, 5, 40, 29, 4, 64, 39, 716]
q: [0, 4.0, -4.0, 9.0, -9.0, 9.0, 3.0, -9.0, -3.0, 0]
Q: [0, 4.0, 0.0, 9.0, 0.0, 9.0, 12.0, 3.0, 0.0, 0]
B: [0.0, 436.0, 439.69228939819, 469.0, 470.12168890518, 549.0, 569.7100026316, 592.5834067727, 604.8024778094, 619.4795926485]
