Avion: 3      Iteracion: 31

Num Ruta: 27
Ingresos: 305.018
Costos: 165.755017557
Utilidad Ruta: 139.262982443
Costo Reducido: 48.2749520872
Nodos: [103, 11, 46, 18, 53, 27, 62, 713]
q: [0, 6.0, -6.0, 10.0, -10.0, 6.0, -6.0, 0]
Q: [0, 6.0, 0.0, 10.0, 0.0, 6.0, 0.0, 0]
B: [0.0, 169.0, 173.05406684701, 293.0, 316.8182362487, 538.0, 555.0308623681, 583.3015826454]
