Avion: 6      Iteracion: 37

Num Ruta: 32
Ingresos: 1882.955
Costos: 400.6644354
Utilidad Ruta: 1482.2905646
Costo Reducido: 49.1146496845
Nodos: [106, 30, 16, 51, 65, 35, 70, 22, 57, 8, 33, 43, 13, 48, 68, 27, 62, 2, 37, 716]
q: [0.0, 6.0, 9.0, -9.0, -6.0, 8.0, -8.0, 10.0, -10.0, 8.0, 5.0, -8.0, 10.0, -10.0, -5.0, 6.0, -6.0, 10.0, -10.0, 0.0]
Q: [0.0, 6.0, 15.0, 6.0, 0.0, 8.0, 0.0, 10.0, 0.0, 8.0, 13.0, 5.0, 15.0, 5.0, 0.0, 6.0, 0.0, 10.0, 0.0, 0.0]
B: [0.0, 64.0, 72.20259129788, 81.82668273552001, 84.69783929691, 270.0, 281.922738989, 299.64604976889996, 321.40073590779997, 414.0, 437.0, 460.2743670161, 462.48504315700995, 479.36819410700997, 484.71624440594996, 538.0, 555.0308623681, 566.4829354555, 607.2178975029, 627.6435349715]
