Avion: 7      Iteracion: 24

Num Ruta: 26
Ingresos: 2346.314
Costos: 451.531676132
Utilidad Ruta: 1894.78232387
Costo Reducido: 146.827171156
Nodos: [107, 14, 49, 3, 38, 23, 58, 34, 32, 67, 69, 25, 19, 60, 54, 33, 68, 29, 4, 64, 39, 717]
q: [0.0, 0.0, 0.0, 13.0, -13.0, 10.0, -10.0, 8.0, 7.0, -7.0, -8.0, 8.0, 7.0, -8.0, -7.0, 5.0, -5.0, 9.0, 3.0, -9.0, -3.0, 0.0]
Q: [0.0, 0.0, 0.0, 13.0, 0.0, 10.0, 0.0, 8.0, 15.0, 8.0, 0.0, 8.0, 15.0, 7.0, 0.0, 5.0, 0.0, 9.0, 12.0, 3.0, 0.0, 0.0]
B: [0.0, 112.0, 124.021711775, 256.0, 261.08428175852, 267.0, 306.733842905, 322.0, 342.0229178943, 352.424570936, 383.46685579070004, 412.78569021500005, 422.1776974552, 438.850589136, 455.6374455719, 477.1858393403, 519.1385043927, 549.0, 569.7100026316, 592.5834067727, 604.8024778094, 633.549945524]
