Avion: 4      Iteracion: 8

Num Ruta: 8
Ingresos: 3378.347
Costos: 662.577806728
Utilidad Ruta: 2715.76919327
Costo Reducido: 632.688398248
Nodos: [104, 17, 52, 24, 9, 44, 59, 10, 45, 35, 70, 32, 67, 26, 61, 19, 8, 54, 43, 13, 48, 21, 56, 4, 2, 39, 37, 714]
q: [0.0, 5.0, -5.0, 4.0, 11.0, -11.0, -4.0, 12.0, -12.0, 8.0, -8.0, 11.0, -11.0, 10.0, -10.0, 7.0, 8.0, -7.0, -8.0, 15.0, -15.0, 12.0, -12.0, 3.0, 10.0, -3.0, -10.0, 0.0]
Q: [0.0, 5.0, 0.0, 4.0, 15.0, 4.0, 0.0, 12.0, 0.0, 8.0, 0.0, 11.0, 0.0, 10.0, 0.0, 7.0, 15.0, 8.0, 0.0, 15.0, 0.0, 12.0, 0.0, 3.0, 13.0, 10.0, 0.0, 0.0]
B: [0.0, 24.0, 58.8425537813, 75.400837086, 81.83771412381999, 111.36495112632, 136.42051454042, 148.20644522071998, 177.72595595511999, 270.0, 281.922738989, 309.0, 319.4016530417, 332.1221722921, 349.7014002615, 402.0, 425.1608815463, 443.1178409771, 446.04596016866, 448.25663630956996, 465.13978725956997, 480.65118365057, 521.38997432977, 550.55977174077, 577.93130434307, 587.38577085367, 620.57898163537, 644.94028574657]
