distancia[1,1]:0.0
distancia[1,2]:30.0130408489
distancia[1,3]:33.5389464653
distancia[1,4]:12.1748041463
distancia[1,5]:17.4866630893
distancia[1,6]:14.4973799357
distancia[1,7]:21.0323340122
distancia[1,8]:25.8522622608
distancia[1,9]:41.9980064408
distancia[1,10]:8.90016909952
distancia[1,11]:18.6808285951
distancia[1,12]:32.2306321998
distancia[1,13]:6.41016107442
distancia[1,14]:26.4108968799
distancia[1,15]:25.1206958502
distancia[1,16]:21.051600343
distancia[1,17]:17.3037407805
distancia[1,18]:20.2708332587
distancia[1,19]:26.3791610557
distancia[1,20]:15.6037637126
distancia[1,21]:19.5482551907
distancia[1,22]:10.8339424495
distancia[1,23]:36.5219642681
distancia[1,24]:35.580884826
distancia[1,25]:28.5182036251
distancia[1,26]:22.9388359992
distancia[1,27]:8.24937003655
distancia[1,28]:10.5370857451
distancia[1,29]:17.8077709161
distancia[1,30]:17.332133654
distancia[1,31]:34.2400855285
distancia[1,32]:16.7950302173
distancia[1,33]:38.5839752877
distancia[1,34]:20.8369111434
distancia[1,35]:17.9248722171
distancia[1,36]:17.4685532887
distancia[1,37]:19.9675811755
distancia[1,38]:8.59348183218
distancia[1,39]:23.93566899
distancia[1,40]:38.4193411708
distancia[1,41]:22.6694515373
distancia[1,42]:14.531553599
distancia[1,43]:10.4900663964
distancia[1,44]:35.6817292182
distancia[1,45]:10.3115054672
distancia[1,46]:23.4501714493
distancia[1,47]:19.2881035097
distancia[1,48]:6.6092384584
distancia[1,49]:9.64400746578
distancia[1,50]:32.173799356
distancia[1,51]:21.4268062249
distancia[1,52]:32.5582585529
distancia[1,53]:6.13892515022
distancia[1,54]:3.41368832789
distancia[1,55]:11.4130835886
distancia[1,56]:5.92400075962
distancia[1,57]:19.3021290276
distancia[1,58]:28.7134441856
distancia[1,59]:16.1578278553
distancia[1,60]:26.2881345287
distancia[2,1]:30.0130408489
distancia[2,2]:0.0
distancia[2,3]:28.1576845106
distancia[2,4]:27.3715326023
distancia[2,5]:13.8090020277
distancia[2,6]:21.3134429879
distancia[2,7]:35.1577733226
distancia[2,8]:20.1183599978
distancia[2,9]:33.1407230156
distancia[2,10]:21.6974407938
distancia[2,11]:41.121248838
distancia[2,12]:40.2756144708
distancia[2,13]:23.6618160334
distancia[2,14]:33.2866241755
distancia[2,15]:47.4160147313
distancia[2,16]:16.3353951896
distancia[2,17]:36.7925127166
distancia[2,18]:30.77950292
distancia[2,19]:41.3219241203
distancia[2,20]:37.6456882126
distancia[2,21]:42.3137950319
distancia[2,22]:27.1012271678
distancia[2,23]:27.2872579971
distancia[2,24]:29.3551998801
distancia[2,25]:48.8739201722
distancia[2,26]:11.2199543671
distancia[2,27]:25.7839683718
distancia[2,28]:35.5290349573
distancia[2,29]:46.3943954589
distancia[2,30]:24.1600902316
distancia[2,31]:22.4759008718
distancia[2,32]:40.7349620474
distancia[2,33]:30.6496536033
distancia[2,34]:9.4544665106
distancia[2,35]:14.0820504544
distancia[2,36]:22.7311830092
distancia[2,37]:10.1301684586
distancia[2,38]:21.4522080216
distancia[2,39]:39.9293957004
distancia[2,40]:13.568053545
distancia[2,41]:43.6538768954
distancia[2,42]:23.8855852974
distancia[2,43]:40.3269605599
distancia[2,44]:32.0669499797
distancia[2,45]:32.224563333
distancia[2,46]:7.38400975081
distancia[2,47]:21.6030805674
distancia[2,48]:36.5764626228
distancia[2,49]:20.7325299228
distancia[2,50]:7.33029726546
distancia[2,51]:23.8510137311
distancia[2,52]:31.6599374762
distancia[2,53]:28.5398827082
distancia[2,54]:33.2385976389
distancia[2,55]:36.8452505759
distancia[2,56]:25.8326288248
distancia[2,57]:11.4520730874
distancia[2,58]:50.8306807548
distancia[2,59]:20.7458873997
distancia[2,60]:5.52048005159
distancia[3,1]:33.5389464653
distancia[3,2]:28.1576845106
distancia[3,3]:0.0
distancia[3,4]:21.8888673531
distancia[3,5]:22.4083236321
distancia[3,6]:37.2843617218
distancia[3,7]:19.5603077685
distancia[3,8]:9.49422150574
distancia[3,9]:8.46984468571
distancia[3,10]:31.5972708315
distancia[3,11]:29.4106402684
distancia[3,12]:16.1363443816
distancia[3,13]:30.747186294
distancia[3,14]:12.448037275
distancia[3,15]:32.7713969492
distancia[3,16]:15.7225386309
distancia[3,17]:49.3646528297
distancia[3,18]:16.1495070203
distancia[3,19]:22.3852891873
distancia[3,20]:27.6321630713
distancia[3,21]:30.3253484234
distancia[3,22]:23.0461861704
distancia[3,23]:4.29443034639
distancia[3,24]:2.04273468664
distancia[3,25]:31.7772820109
distancia[3,26]:34.0424882316
distancia[3,27]:36.4717124906
distancia[3,28]:43.8224162045
distancia[3,29]:40.2871061383
distancia[3,30]:16.216811308
distancia[3,31]:7.0965519092
distancia[3,32]:30.7910001461
distancia[3,33]:5.08428175852
distancia[3,34]:28.4117075164
distancia[3,35]:21.2877950479
distancia[3,36]:40.700406337
distancia[3,37]:27.5878966215
distancia[3,38]:29.6688057057
distancia[3,39]:22.7045057202
distancia[3,40]:41.6118528547
distancia[3,41]:29.2152293333
distancia[3,42]:39.6198692073
distancia[3,43]:39.2225697399
distancia[3,44]:3.91159941712
distancia[3,45]:26.5798104771
distancia[3,46]:23.6871247094
distancia[3,47]:14.5282253906
distancia[3,48]:38.5123400613
distancia[3,49]:26.767914562
distancia[3,50]:35.4146250157
distancia[3,51]:44.0301717576
distancia[3,52]:4.93338119346
distancia[3,53]:37.2064382063
distancia[3,54]:36.476173182
distancia[3,55]:30.7650166423
distancia[3,56]:34.3818040393
distancia[3,57]:23.3256175267
distancia[3,58]:34.8774191276
distancia[3,59]:38.0537136821
distancia[3,60]:23.3626705023
distancia[4,1]:12.1748041463
distancia[4,2]:27.3715326023
distancia[4,3]:21.8888673531
distancia[4,4]:0.0
distancia[4,5]:13.6833707105
distancia[4,6]:21.4558354067
distancia[4,7]:10.3633732925
distancia[4,8]:15.5978472874
distancia[4,9]:30.3419464273
distancia[4,10]:14.2295051917
distancia[4,11]:13.7568099863
distancia[4,12]:20.6926890471
distancia[4,13]:11.951744517
distancia[4,14]:14.3677684419
distancia[4,15]:20.1904234725
distancia[4,16]:12.9497127767
distancia[4,17]:29.2099444197
distancia[4,18]:8.30758069476
distancia[4,19]:16.6790050663
distancia[4,20]:10.279151035
distancia[4,21]:14.9477883648
distancia[4,22]:1.38069728761
distancia[4,23]:25.2829264525
distancia[4,24]:23.907919462
distancia[4,25]:22.175183652
distancia[4,26]:24.9924069469
distancia[4,27]:17.6147745373
distancia[4,28]:22.7112102716
distancia[4,29]:20.7100026316
distancia[4,30]:6.00899667166
distancia[4,31]:23.8348652398
distancia[4,32]:13.4507558152
distancia[4,33]:26.9731326508
distancia[4,34]:20.4257496802
distancia[4,35]:13.2928884747
distancia[4,36]:25.1200949441
distancia[4,37]:19.2723609867
distancia[4,38]:12.2683675361
distancia[4,39]:14.5456889146
distancia[4,40]:39.0337759383
distancia[4,41]:16.5632422249
distancia[4,42]:22.8537426694
distancia[4,43]:17.6473568842
distancia[4,44]:23.6913616325
distancia[4,45]:5.57467927329
distancia[4,46]:19.98753404
distancia[4,47]:8.86927871926
distancia[4,48]:16.6257121652
distancia[4,49]:9.95200803858
distancia[4,50]:32.0963231072
distancia[4,51]:29.169797411
distancia[4,52]:20.4617725527
distancia[4,53]:17.1366877196
distancia[4,54]:14.7650122926
distancia[4,55]:10.4891515863
distancia[4,56]:14.9951989983
distancia[4,57]:16.0872006577
distancia[4,58]:23.7206274158
distancia[4,59]:22.8734041411
distancia[4,60]:22.2486400708
distancia[5,1]:17.4866630893
distancia[5,2]:13.8090020277
distancia[5,3]:22.4083236321
distancia[5,4]:13.6833707105
distancia[5,5]:0.0
distancia[5,6]:15.1451341691
distancia[5,7]:22.4350115667
distancia[5,8]:12.9283691934
distancia[5,9]:29.9462266237
distancia[5,10]:11.0249246709
distancia[5,11]:27.4298590044
distancia[5,12]:29.7618377457
distancia[5,13]:11.7579796309
distancia[5,14]:22.48983148
distancia[5,15]:33.8569284195
distancia[5,16]:6.6861547245
distancia[5,17]:29.0235774673
distancia[5,18]:18.467348402
distancia[5,19]:28.8542071109
distancia[5,20]:23.9123369832
distancia[5,21]:28.6181232264
distancia[5,22]:13.3190121631
distancia[5,23]:23.7414241359
distancia[5,24]:24.2486686026
distancia[5,25]:35.620049242
distancia[5,26]:12.821333823
distancia[5,27]:16.1154823694
distancia[5,28]:25.3617689052
distancia[5,29]:32.7688292894
distancia[5,30]:11.6290087712
distancia[5,31]:19.9793114246
distancia[5,32]:26.9495463784
distancia[5,33]:26.6840215297
distancia[5,34]:7.36755074635
distancia[5,35]:1.12168890518
distancia[5,36]:18.3888602148
distancia[5,37]:6.24279424617
distancia[5,38]:9.75281087687
distancia[5,39]:27.1445441295
distancia[5,40]:25.4972871106
distancia[5,41]:30.1739822529
distancia[5,42]:17.6611796888
distancia[5,43]:27.2642831008
distancia[5,44]:25.8381273702
distancia[5,45]:18.4155725678
distancia[5,46]:6.49158355103
distancia[5,47]:10.0701380825
distancia[5,48]:24.0588905189
distancia[5,49]:7.85031324216
distancia[5,50]:18.5205109271
distancia[5,51]:21.6226608215
distancia[5,52]:23.9925052048
distancia[5,53]:18.0127582563
distancia[5,54]:20.8868362851
distancia[5,55]:23.0622359063
distancia[5,56]:14.9538820712
distancia[5,57]:2.40388789256
distancia[5,58]:37.3527241443
distancia[5,59]:15.7409141094
distancia[5,60]:9.10724771816
distancia[6,1]:14.4973799357
distancia[6,2]:21.3134429879
distancia[6,3]:37.2843617218
distancia[6,4]:21.4558354067
distancia[6,5]:15.1451341691
distancia[6,6]:0.0
distancia[6,7]:31.815114537
distancia[6,8]:27.9144979715
distancia[6,9]:45.046019247
distancia[6,10]:7.24941549368
distancia[6,11]:32.3528504154
distancia[6,12]:41.6910064762
distancia[6,13]:9.86790443813
distancia[6,14]:34.7392083531
distancia[6,15]:39.0244424047
distancia[6,16]:21.6831109392
distancia[6,17]:15.4904002531
distancia[6,18]:29.261661812
distancia[6,19]:38.0404359202
distancia[6,20]:28.9329954377
distancia[6,21]:33.3560927268
distancia[6,22]:20.2389308512
distancia[6,23]:38.8658165616
distancia[6,24]:39.1958726909
distancia[6,25]:42.0477350757
distancia[6,26]:10.9207305616
distancia[6,27]:6.597364398
distancia[6,28]:15.1141978616
distancia[6,29]:32.1310194361
distancia[6,30]:23.4709468918
distancia[6,31]:35.1019644465
distancia[6,32]:30.7817282328
distancia[6,33]:41.7454800667
distancia[6,34]:12.4202638056
distancia[6,35]:16.2235928512
distancia[6,36]:3.69228939819
distancia[6,37]:12.3420264544
distancia[6,38]:9.19067162943
distancia[6,39]:35.7888013909
distancia[6,40]:25.7007799298
distancia[6,41]:36.128638668
distancia[6,42]:2.68794066155
distancia[6,43]:24.2229486232
distancia[6,44]:40.4883697498
distancia[6,45]:22.8875493227
distancia[6,46]:17.5487017184
distancia[6,47]:23.4895958671
distancia[6,48]:19.5174416869
distancia[6,49]:11.7910189975
distancia[6,50]:20.5461290271
distancia[6,51]:7.714481188
distancia[6,52]:38.2184652361
distancia[6,53]:9.62772626325
distancia[6,54]:16.4187605196
distancia[6,55]:25.5017704876
distancia[6,56]:8.57338322951
distancia[6,57]:15.1001433768
distancia[6,58]:42.6761842952
distancia[6,59]:1.66048185778
distancia[6,60]:20.1110493013
distancia[7,1]:21.0323340122
distancia[7,2]:35.1577733226
distancia[7,3]:19.5603077685
distancia[7,4]:10.3633732925
distancia[7,5]:22.4350115667
distancia[7,6]:31.815114537
distancia[7,7]:0.0
distancia[7,8]:18.0334383299
distancia[7,9]:27.0890692531
distancia[7,10]:24.5792934805
distancia[7,11]:9.886143687
distancia[7,12]:11.3899170322
distancia[7,13]:22.2039748919
distancia[7,14]:7.62001627295
distancia[7,15]:13.7672641436
distancia[7,16]:18.9768305309
distancia[7,17]:38.3169956155
distancia[7,18]:4.57988700734
distancia[7,19]:6.47210661222
distancia[7,20]:8.74295442056
distancia[7,21]:10.7674614
distancia[7,22]:11.5874748328
distancia[7,23]:23.7662985759
distancia[7,24]:21.2198348957
distancia[7,25]:14.0419829084
distancia[7,26]:34.7261467053
distancia[7,27]:27.6633233723
distancia[7,28]:31.2058707618
distancia[7,29]:21.2768523283
distancia[7,30]:11.0182574394
distancia[7,31]:24.3667953781
distancia[7,32]:11.50672612
distancia[7,33]:24.1647266279
distancia[7,34]:29.6976665077
distancia[7,35]:21.7184066174
distancia[7,36]:35.4728548048
distancia[7,37]:28.5413118129
distancia[7,38]:22.6306972053
distancia[7,39]:4.77198533108
distancia[7,40]:47.8212914297
distancia[7,41]:9.9648524826
distancia[7,42]:33.1493037634
distancia[7,43]:22.2712583614
distancia[7,44]:19.5923606031
distancia[7,45]:10.9047395659
distancia[7,46]:28.0030345677
distancia[7,47]:13.645502739
distancia[7,48]:23.3530192695
distancia[7,49]:20.263491555
distancia[7,50]:40.8372308194
distancia[7,51]:39.5295781536
distancia[7,52]:16.0061561282
distancia[7,53]:26.7392829373
distancia[7,54]:22.6877299437
distancia[7,55]:13.0957320147
distancia[7,56]:24.9848252545
distancia[7,57]:24.7245148992
distancia[7,58]:16.5619173105
distancia[7,59]:33.2366951576
distancia[7,60]:29.6854480343
distancia[8,1]:25.8522622608
distancia[8,2]:20.1183599978
distancia[8,3]:9.49422150574
distancia[8,4]:15.5978472874
distancia[8,5]:12.9283691934
distancia[8,6]:27.9144979715
distancia[8,7]:18.0334383299
distancia[8,8]:0.0
distancia[8,9]:17.1771160851
distancia[8,10]:22.5932441672
distancia[8,11]:26.7480852586
distancia[8,12]:20.3780200216
distancia[8,13]:22.1101810259
distancia[8,14]:13.8027696496
distancia[8,15]:31.7320487835
distancia[8,16]:6.25294050827
distancia[8,17]:40.643633905
distancia[8,18]:13.5173218131
distancia[8,19]:23.1608815463
distancia[8,20]:24.0423095812
distancia[8,21]:27.8582660803
distancia[8,22]:16.4059265206
distancia[8,23]:11.1135705334
distancia[8,24]:11.3210706649
distancia[8,25]:31.9648793835
distancia[8,26]:24.7031217663
distancia[8,27]:27.6126875548
distancia[8,28]:35.6647784796
distancia[8,29]:35.9721689783
distancia[8,30]:9.63708861638
distancia[8,31]:8.40731568338
distancia[8,32]:27.4313842159
distancia[8,33]:13.839653211
distancia[8,34]:19.0334781372
distancia[8,35]:11.8101239621
distancia[8,36]:31.2730584689
distancia[8,37]:18.1639113079
distancia[8,38]:20.768396616
distancia[8,39]:22.4501998655
distancia[8,40]:33.6742352549
distancia[8,41]:27.8733182273
distancia[8,42]:30.3149511957
distancia[8,43]:33.1712455148
distancia[8,44]:13.0617205605
distancia[8,45]:21.0454345881
distancia[8,46]:14.6237262351
distancia[8,47]:6.7934554536
distancia[8,48]:31.5527258569
distancia[8,49]:17.9569594308
distancia[8,50]:27.0796429999
distancia[8,51]:34.5496580157
distancia[8,52]:11.7938214333
distancia[8,53]:28.6970612084
distancia[8,54]:29.0605671658
distancia[8,55]:25.8205998575
distancia[8,56]:25.7407450747
distancia[8,57]:13.8561121892
distancia[8,58]:34.5928302543
distancia[8,59]:28.6238079402
distancia[8,60]:14.8418313223
distancia[9,1]:41.9980064408
distancia[9,2]:33.1407230156
distancia[9,3]:8.46984468571
distancia[9,4]:30.3419464273
distancia[9,5]:29.9462266237
distancia[9,6]:45.046019247
distancia[9,7]:27.0890692531
distancia[9,8]:17.1771160851
distancia[9,9]:0.0
distancia[9,10]:39.7178615361
distancia[9,11]:36.9602343066
distancia[9,12]:20.8347239243
distancia[9,13]:39.0318824552
distancia[9,14]:19.5457544495
distancia[9,15]:39.5342988429
distancia[9,16]:23.3671155687
distancia[9,17]:57.6459994275
distancia[9,18]:24.1878713822
distancia[9,19]:28.7081142711
distancia[9,20]:35.5273776826
distancia[9,21]:37.7785043643
distancia[9,22]:31.5109313096
distancia[9,23]:6.24948933914
distancia[9,24]:6.43687703782
distancia[9,25]:37.9281094309
distancia[9,26]:40.6569613474
distancia[9,27]:44.6780330476
distancia[9,28]:52.2441833796
distancia[9,29]:48.2131693627
distancia[9,30]:24.6839408928
distancia[9,31]:10.7716710867
distancia[9,32]:38.5491083295
distancia[9,33]:3.42297765111
distancia[9,34]:35.2113744833
distancia[9,35]:28.8462951694
distancia[9,36]:48.3344248026
distancia[9,37]:34.5270777362
distancia[9,38]:37.8426003995
distancia[9,39]:29.5272370025
distancia[9,40]:46.0080002717
distancia[9,41]:36.2364479771
distancia[9,42]:47.4777902287
distancia[9,43]:47.5705439321
distancia[9,44]:7.53146765246
distancia[9,45]:34.9225873039
distancia[9,46]:30.0568561563
distancia[9,47]:22.8865564033
distancia[9,48]:46.9676520597
distancia[9,49]:34.9751021299
distancia[9,50]:40.458041574
distancia[9,51]:51.450952275
distancia[9,52]:11.0950351509
distancia[9,53]:45.5440517851
distancia[9,54]:44.9458616226
distancia[9,55]:38.9567515073
distancia[9,56]:42.6732896552
distancia[9,57]:30.4990862158
distancia[9,58]:41.182660866
distancia[9,59]:45.6869868781
distancia[9,60]:29.1051224701
distancia[10,1]:8.90016909952
distancia[10,2]:21.6974407938
distancia[10,3]:31.5972708315
distancia[10,4]:14.2295051917
distancia[10,5]:11.0249246709
distancia[10,6]:7.24941549368
distancia[10,7]:24.5792934805
distancia[10,8]:22.5932441672
distancia[10,9]:39.7178615361
distancia[10,10]:0.0
distancia[10,11]:25.4039608132
distancia[10,12]:34.6334512574
distancia[10,13]:2.8612921906
distancia[10,14]:27.8098495501
distancia[10,15]:32.1213351217
distancia[10,16]:16.6495268702
distancia[10,17]:18.162384893
distancia[10,18]:22.1648649218
distancia[10,19]:30.7910590919
distancia[10,20]:21.9135647488
distancia[10,21]:26.4518649059
distancia[10,22]:12.9959169357
distancia[10,23]:33.7066882384
distancia[10,24]:33.5854903344
distancia[10,25]:34.9899597027
distancia[10,26]:14.0436420134
distancia[10,27]:5.12577330751
distancia[10,28]:14.45520536
distancia[10,29]:26.5899023127
distancia[10,30]:16.7389035782
distancia[10,31]:30.4562744439
distancia[10,32]:23.9928051299
distancia[10,33]:36.3324213479
distancia[10,34]:12.2931057101
distancia[10,35]:11.8672123938
distancia[10,36]:10.8935915106
distancia[10,37]:11.5706928055
distancia[10,38]:2.06128600636
distancia[10,39]:28.5421134466
distancia[10,40]:29.5195107344
distancia[10,41]:29.081382309
distancia[10,42]:8.71777035715
distancia[10,43]:19.3688627699
distancia[10,44]:34.5092997611
distancia[10,45]:15.8062870087
distancia[10,46]:15.8292772103
distancia[10,47]:17.2607991993
distancia[10,48]:15.1481215007
distancia[10,49]:4.95361221736
distancia[10,50]:23.3143319227
distancia[10,51]:14.9589506651
distancia[10,52]:31.9547988571
distancia[10,53]:7.12313189545
distancia[10,54]:11.7859306803
distancia[10,55]:18.8623273484
distancia[10,56]:4.18247833228
distancia[10,57]:12.0986009522
distancia[10,58]:35.7825457591
distancia[10,59]:8.7412347526
distancia[10,60]:18.6930502861
distancia[11,1]:18.6808285951
distancia[11,2]:41.121248838
distancia[11,3]:29.4106402684
distancia[11,4]:13.7568099863
distancia[11,5]:27.4298590044
distancia[11,6]:32.3528504154
distancia[11,7]:9.886143687
distancia[11,8]:26.7480852586
distancia[11,9]:36.9602343066
distancia[11,10]:25.4039608132
distancia[11,11]:0.0
distancia[11,12]:19.3256313998
distancia[11,13]:22.584472542
distancia[11,14]:17.4327400313
distancia[11,15]:6.73285771423
distancia[11,16]:26.0347892252
distancia[11,17]:34.621238135
distancia[11,18]:13.5931948415
distancia[11,19]:10.6692438814
distancia[11,20]:3.59291316344
distancia[11,21]:1.19363981167
distancia[11,22]:14.1762674918
distancia[11,23]:33.5794315765
distancia[11,24]:31.098851072
distancia[11,25]:9.83738710227
distancia[11,26]:38.1009647384
distancia[11,27]:26.7420620185
distancia[11,28]:27.0368433993
distancia[11,29]:11.8449552131
distancia[11,30]:17.9293188381
distancia[11,31]:33.8379933507
distancia[11,32]:2.44499591002
distancia[11,33]:34.0507743231
distancia[11,34]:33.9601855266
distancia[11,35]:27.0478902135
distancia[11,36]:35.7085420733
distancia[11,37]:32.8237976627
distancia[11,38]:23.8858812063
distancia[11,39]:8.54981502724
distancia[11,40]:52.6382165826
distancia[11,41]:4.05406684701
distancia[11,42]:32.9252785713
distancia[11,43]:15.2350086971
distancia[11,44]:29.4484291092
distancia[11,45]:9.69043941212
distancia[11,46]:33.7382054354
distancia[11,47]:21.0446688736
distancia[11,48]:18.0492221439
distancia[11,49]:22.4793207415
distancia[11,50]:45.7448759972
distancia[11,51]:39.7758977523
distancia[11,52]:25.8679813089
distancia[11,53]:24.811059006
distancia[11,54]:18.8124286843
distancia[11,55]:7.39189718543
distancia[11,56]:24.149733953
distancia[11,57]:29.8333060186
distancia[11,58]:10.3918392982
distancia[11,59]:33.9651717205
distancia[11,60]:35.9414314963
distancia[12,1]:32.2306321998
distancia[12,2]:40.2756144708
distancia[12,3]:16.1363443816
distancia[12,4]:20.6926890471
distancia[12,5]:29.7618377457
distancia[12,6]:41.6910064762
distancia[12,7]:11.3899170322
distancia[12,8]:20.3780200216
distancia[12,9]:20.8347239243
distancia[12,10]:34.6334512574
distancia[12,11]:19.3256313998
distancia[12,12]:0.0
distancia[12,13]:32.5813967319
distancia[12,14]:7.27215030098
distancia[12,15]:19.7628808629
distancia[12,16]:24.3348492701
distancia[12,17]:49.5328355841
distancia[12,18]:12.4772345093
distancia[12,19]:8.99674040973
distancia[12,20]:19.5255134119
distancia[12,21]:19.7396960716
distancia[12,22]:22.0520875429
distancia[12,23]:20.165231712
distancia[12,24]:16.8478274267
distancia[12,25]:17.4447624805
distancia[12,26]:42.5810007515
distancia[12,27]:38.3058865711
distancia[12,28]:42.5349911955
distancia[12,29]:31.1598914151
distancia[12,30]:18.5310629215
distancia[12,31]:22.9625628578
distancia[12,32]:21.5339022938
distancia[12,33]:18.9462143184
distancia[12,34]:37.0678071917
distancia[12,35]:28.7933970208
distancia[12,36]:45.3830774849
distancia[12,37]:35.9775853831
distancia[12,38]:32.5919651755
distancia[12,39]:10.7870367571
distancia[12,40]:53.7139352124
distancia[12,41]:17.171011764
distancia[12,42]:43.347924264
distancia[12,43]:33.4105048301
distancia[12,44]:13.8952816452
distancia[12,45]:22.2669222166
distancia[12,46]:33.9539028832
distancia[12,47]:19.7086937416
distancia[12,48]:34.7324890125
distancia[12,49]:29.9001581936
distancia[12,50]:46.9095595055
distancia[12,51]:49.3239864265
distancia[12,52]:11.2129341388
distancia[12,53]:37.7130436056
distancia[12,54]:34.0461692412
distancia[12,55]:24.2615402026
distancia[12,56]:35.6860591968
distancia[12,57]:31.6885623688
distancia[12,58]:20.7694228374
distancia[12,59]:42.9613966835
distancia[12,60]:34.8267464602
distancia[13,1]:6.41016107442
distancia[13,2]:23.6618160334
distancia[13,3]:30.747186294
distancia[13,4]:11.951744517
distancia[13,5]:11.7579796309
distancia[13,6]:9.86790443813
distancia[13,7]:22.2039748919
distancia[13,8]:22.1101810259
distancia[13,9]:39.0318824552
distancia[13,10]:2.8612921906
distancia[13,11]:22.584472542
distancia[13,12]:32.5813967319
distancia[13,13]:0.0
distancia[13,14]:25.9487384086
distancia[13,15]:29.2931231008
distancia[13,16]:16.5175376494
distancia[13,17]:18.6199102576
distancia[13,18]:20.1130091732
distancia[13,19]:28.3015296583
distancia[13,20]:19.1160734723
distancia[13,21]:23.6215970671
distancia[13,22]:10.6455023367
distancia[13,23]:33.1701315192
distancia[13,24]:32.768068756
distancia[13,25]:32.2144973731
distancia[13,26]:16.7286000012
distancia[13,27]:5.8866656946
distancia[13,28]:13.7962173439
distancia[13,29]:23.8677919381
distancia[13,30]:15.233120035
distancia[13,31]:30.2505058801
distancia[13,32]:21.1419990777
distancia[13,33]:35.6183992903
distancia[13,34]:14.4307261425
distancia[13,35]:12.4019174727
distancia[13,36]:13.4100661072
distancia[13,37]:13.5785815533
distancia[13,38]:2.21067614091
distancia[13,39]:26.0061005343
distancia[13,40]:32.1539765037
distancia[13,41]:26.2993034509
distancia[13,42]:10.950414467
distancia[13,43]:16.88315095
distancia[13,44]:33.4331844879
distancia[13,45]:13.0351294585
distancia[13,46]:17.3079050725
distancia[13,47]:16.2331791095
distancia[13,48]:12.9174190921
distancia[13,49]:4.22761930642
distancia[13,50]:25.8080995038
distancia[13,51]:17.5059855478
distancia[13,52]:30.6854151838
distancia[13,53]:6.60257533088
distancia[13,54]:9.57711318718
distancia[13,55]:16.0010604649
distancia[13,56]:3.64181520673
distancia[13,57]:13.2839917194
distancia[13,58]:32.9533692966
distancia[13,59]:11.4338092515
distancia[13,60]:20.1730006196
distancia[14,1]:26.4108968799
distancia[14,2]:33.2866241755
distancia[14,3]:12.448037275
distancia[14,4]:14.3677684419
distancia[14,5]:22.48983148
distancia[14,6]:34.7392083531
distancia[14,7]:7.62001627295
distancia[14,8]:13.8027696496
distancia[14,9]:19.5457544495
distancia[14,10]:27.8098495501
distancia[14,11]:17.4327400313
distancia[14,12]:7.27215030098
distancia[14,13]:25.9487384086
distancia[14,14]:0.0
distancia[14,15]:20.3283745046
distancia[14,16]:17.1635522256
distancia[14,17]:43.5704771261
distancia[14,18]:6.14474808271
distancia[14,19]:10.0867201805
distancia[14,20]:16.2943505547
distancia[14,21]:18.2335851933
distancia[14,22]:15.7480101918
distancia[14,23]:16.7386528729
distancia[14,24]:13.9114349008
distancia[14,25]:19.4375410996
distancia[14,26]:35.309492279
distancia[14,27]:31.7793896102
distancia[14,28]:36.915580911
distancia[14,29]:28.8924516267
distancia[14,30]:11.3657633708
distancia[14,31]:18.19909495
distancia[14,32]:19.1263590367
distancia[14,33]:16.7438502442
distancia[14,34]:29.7980808107
distancia[14,35]:21.5221815344
distancia[14,36]:38.4239086507
distancia[14,37]:28.7061210197
distancia[14,38]:25.7517480572
distancia[14,39]:10.2568067155
distancia[14,40]:46.6325209484
distancia[14,41]:16.8237608459
distancia[14,42]:36.5192337817
distancia[14,43]:29.3880106336
distancia[14,44]:12.021711775
distancia[14,45]:17.177920625
distancia[14,46]:26.7863045044
distancia[14,47]:12.4385528499
distancia[14,48]:29.8555832132
distancia[14,49]:22.9718802452
distancia[14,50]:39.7794241411
distancia[14,51]:42.3088611168
distancia[14,52]:8.45225614851
distancia[14,53]:31.4943228535
distancia[14,54]:28.6463692987
distancia[14,55]:20.3143342741
distancia[14,56]:29.2333928411
distancia[14,57]:24.4244751223
distancia[14,58]:22.4718295873
distancia[14,59]:35.9515849581
distancia[14,60]:27.7959406569
distancia[15,1]:25.1206958502
distancia[15,2]:47.4160147313
distancia[15,3]:32.7713969492
distancia[15,4]:20.1904234725
distancia[15,5]:33.8569284195
distancia[15,6]:39.0244424047
distancia[15,7]:13.7672641436
distancia[15,8]:31.7320487835
distancia[15,9]:39.5342988429
distancia[15,10]:32.1213351217
distancia[15,11]:6.73285771423
distancia[15,12]:19.7628808629
distancia[15,13]:29.2931231008
distancia[15,14]:20.3283745046
distancia[15,15]:0.0
distancia[15,16]:31.873269255
distancia[15,17]:40.3236789616
distancia[15,18]:18.2156030095
distancia[15,19]:10.9320483899
distancia[15,20]:10.3008920973
distancia[15,21]:5.67223351071
distancia[15,22]:20.7426981128
distancia[15,23]:37.0561952985
distancia[15,24]:34.2182173264
distancia[15,25]:4.16516530284
distancia[15,26]:44.7947573383
distancia[15,27]:33.2846285543
distancia[15,28]:32.7138510115
distancia[15,29]:13.9414599307
distancia[15,30]:23.6713643249
distancia[15,31]:38.0575775503
distancia[15,32]:8.32586908377
distancia[15,33]:36.9653634231
distancia[15,34]:40.5507022134
distancia[15,35]:33.4021944788
distancia[15,36]:42.3353561223
distancia[15,37]:39.406174973
distancia[15,38]:30.6177224822
distancia[15,39]:10.0780737247
distancia[15,40]:59.2047946707
distancia[15,41]:3.87738584616
distancia[15,42]:39.5121359838
distancia[15,43]:19.9570257554
distancia[15,44]:32.0478373685
distancia[15,45]:16.4211666151
distancia[15,46]:40.0526689872
distancia[15,47]:26.6758925062
distancia[15,48]:23.584020374
distancia[15,49]:29.190632196
distancia[15,50]:52.2808571181
distancia[15,51]:46.3857674831
distancia[15,52]:28.5988929856
distancia[15,53]:31.20263569
distancia[15,54]:24.8633890691
distancia[15,55]:13.7076427222
distancia[15,56]:30.7343805046
distancia[15,57]:36.2584559103
distancia[15,58]:3.66153041774
distancia[15,59]:40.6458220362
distancia[15,60]:42.1297002244
distancia[16,1]:21.051600343
distancia[16,2]:16.3353951896
distancia[16,3]:15.7225386309
distancia[16,4]:12.9497127767
distancia[16,5]:6.6861547245
distancia[16,6]:21.6831109392
distancia[16,7]:18.9768305309
distancia[16,8]:6.25294050827
distancia[16,9]:23.3671155687
distancia[16,10]:16.6495268702
distancia[16,11]:26.0347892252
distancia[16,12]:24.3348492701
distancia[16,13]:16.5175376494
distancia[16,14]:17.1635522256
distancia[16,15]:31.873269255
distancia[16,16]:0.0
distancia[16,17]:34.8014769802
distancia[16,18]:14.5066321384
distancia[16,19]:25.0190728245
distancia[16,20]:22.8297311636
distancia[16,21]:27.2158943634
distancia[16,22]:13.2779068381
distancia[16,23]:17.2151045597
distancia[16,24]:17.5726369108
distancia[16,25]:32.9045593345
distancia[16,26]:18.8885421354
distancia[16,27]:21.7443546927
distancia[16,28]:30.2818160123
distancia[16,29]:33.596166954
distancia[16,30]:8.20259129788
distancia[16,31]:13.8100117306
distancia[16,32]:26.1582722098
distancia[16,33]:20.0633925845
distancia[16,34]:13.2054398261
distancia[16,35]:5.56531625337
distancia[16,36]:25.0218827629
distancia[16,37]:12.2379799395
distancia[16,38]:14.9459205471
distancia[16,39]:23.7297841752
distancia[16,40]:29.4999905932
distancia[16,41]:28.0201528904
distancia[16,42]:24.113769697
distancia[16,43]:29.5352362442
distancia[16,44]:19.1736563284
distancia[16,45]:18.479286404
distancia[16,46]:9.62409143764
distancia[16,47]:5.33163933514
distancia[16,48]:27.2198385374
distancia[16,49]:12.2913718112
distancia[16,50]:22.6199056143
distancia[16,51]:28.3076935125
distancia[16,52]:17.4776593685
distancia[16,53]:23.1092433671
distancia[16,54]:24.407489281
distancia[16,55]:23.4041336947
distancia[16,56]:20.0797141414
distancia[16,57]:7.84492307164
distancia[16,58]:35.1104832493
distancia[16,59]:22.372476394
distancia[16,60]:10.8166717617
distancia[17,1]:17.3037407805
distancia[17,2]:36.7925127166
distancia[17,3]:49.3646528297
distancia[17,4]:29.2099444197
distancia[17,5]:29.0235774673
distancia[17,6]:15.4904002531
distancia[17,7]:38.3169956155
distancia[17,8]:40.643633905
distancia[17,9]:57.6459994275
distancia[17,10]:18.162384893
distancia[17,11]:34.621238135
distancia[17,12]:49.5328355841
distancia[17,13]:18.6199102576
distancia[17,14]:43.5704771261
distancia[17,15]:40.3236789616
distancia[17,16]:34.8014769802
distancia[17,17]:0.0
distancia[17,18]:37.4613986925
distancia[17,19]:43.434009313
distancia[17,20]:32.1020750887
distancia[17,21]:35.2359839085
distancia[17,22]:27.8323696799
distancia[17,23]:51.7411594091
distancia[17,24]:51.3872421521
distancia[17,25]:44.1854616927
distancia[17,26]:26.0667822333
distancia[17,27]:13.0575823566
distancia[17,28]:7.61185371641
distancia[17,29]:28.8581608908
distancia[17,30]:33.613711607
distancia[17,31]:48.6114160255
distancia[17,32]:32.3649781863
distancia[17,33]:54.2349376878
distancia[17,34]:27.8359198339
distancia[17,35]:29.9447201523
distancia[17,36]:14.5839418883
distancia[17,37]:27.6334611839
distancia[17,38]:19.8857135904
distancia[17,39]:40.9685394541
distancia[17,40]:39.4328460677
distancia[17,41]:38.6671383994
distancia[17,42]:12.9130734142
distancia[17,43]:20.807429923
distancia[17,44]:51.9817478063
distancia[17,45]:27.4875323374
distancia[17,46]:32.7178280453
distancia[17,47]:34.8425537813
distancia[17,48]:16.7402308825
distancia[17,49]:22.6932137213
distancia[17,50]:35.3310194871
distancia[17,51]:15.7364557636
distancia[17,52]:49.1150272829
distancia[17,53]:12.23876926
distancia[17,54]:15.9509798132
distancia[17,55]:27.2996933682
distancia[17,56]:14.9828768933
distancia[17,57]:29.6674368627
distancia[17,58]:43.6226155337
distancia[17,59]:16.1134633149
distancia[17,60]:35.4073642623
distancia[18,1]:20.2708332587
distancia[18,2]:30.77950292
distancia[18,3]:16.1495070203
distancia[18,4]:8.30758069476
distancia[18,5]:18.467348402
distancia[18,6]:29.261661812
distancia[18,7]:4.57988700734
distancia[18,8]:13.5173218131
distancia[18,9]:24.1878713822
distancia[18,10]:22.1648649218
distancia[18,11]:13.5931948415
distancia[18,12]:12.4772345093
distancia[18,13]:20.1130091732
distancia[18,14]:6.14474808271
distancia[18,15]:18.2156030095
distancia[18,16]:14.5066321384
distancia[18,17]:37.4613986925
distancia[18,18]:0.0
distancia[18,19]:10.5495911295
distancia[18,20]:11.4974075774
distancia[18,21]:14.6255546903
distancia[18,22]:9.68569016643
distancia[18,23]:20.1789501461
distancia[18,24]:17.9860001112
distancia[18,25]:18.620959508
distancia[18,26]:31.0550372082
distancia[18,27]:25.8719254212
distancia[18,28]:30.7710549868
distancia[18,29]:24.1376065508
distancia[18,30]:6.84519685619
distancia[18,31]:20.2466905938
distancia[18,32]:14.7245588389
distancia[18,33]:21.0390091497
distancia[18,34]:25.8171190686
distancia[18,35]:17.6599412513
distancia[18,36]:32.9533006086
distancia[18,37]:24.6741486783
distancia[18,38]:20.1295258017
distancia[18,39]:9.2529509347
distancia[18,40]:43.6334355397
distancia[18,41]:14.3620043169
distancia[18,42]:30.8755664725
distancia[18,43]:23.6558725901
distancia[18,44]:16.9185383825
distancia[18,45]:11.1896631763
distancia[18,46]:23.7278275449
distancia[18,47]:9.18590060909
distancia[18,48]:23.8182362487
distancia[18,49]:17.4833113854
distancia[18,50]:36.6631866864
distancia[18,51]:36.926890148
distancia[18,52]:13.4004365974
distancia[18,53]:25.4393114097
distancia[18,54]:22.5155162721
distancia[18,55]:14.8016975378
distancia[18,56]:23.2786707524
distancia[18,57]:20.6693787522
distancia[18,58]:21.1158818428
distancia[18,59]:30.569543078
distancia[18,60]:25.2808184203
distancia[19,1]:26.3791610557
distancia[19,2]:41.3219241203
distancia[19,3]:22.3852891873
distancia[19,4]:16.6790050663
distancia[19,5]:28.8542071109
distancia[19,6]:38.0404359202
distancia[19,7]:6.47210661222
distancia[19,8]:23.1608815463
distancia[19,9]:28.7081142711
distancia[19,10]:30.7910590919
distancia[19,11]:10.6692438814
distancia[19,12]:8.99674040973
distancia[19,13]:28.3015296583
distancia[19,14]:10.0867201805
distancia[19,15]:10.9320483899
distancia[19,16]:25.0190728245
distancia[19,17]:43.434009313
distancia[19,18]:10.5495911295
distancia[19,19]:0.0
distancia[19,20]:11.7036011552
distancia[19,21]:10.9168600339
distancia[19,22]:17.82191878
distancia[19,23]:26.6743101879
distancia[19,24]:23.6608315365
distancia[19,25]:9.3920072402
distancia[19,26]:41.1976889279
distancia[19,27]:33.5456847896
distancia[19,28]:36.065010994
distancia[19,29]:22.3724138394
distancia[19,30]:17.3239642403
distancia[19,31]:28.2791396086
distancia[19,32]:13.025574306
distancia[19,33]:26.2767114571
distancia[19,34]:36.1446765098
distancia[19,35]:28.1059411869
distancia[19,36]:41.6685632102
distancia[19,37]:34.9901717058
distancia[19,38]:28.8904580095
distancia[19,39]:2.46871788587
distancia[19,40]:54.1585776955
distancia[19,41]:8.17620211345
distancia[19,42]:39.2423339775
distancia[19,43]:25.5204354391
distancia[19,44]:21.2813142921
distancia[19,45]:16.0708598712
distancia[19,46]:34.2720494427
distancia[19,47]:19.7194732435
distancia[19,48]:27.5765937889
distancia[19,49]:26.6271162915
distancia[19,50]:47.1814122404
distancia[19,51]:45.7473714327
distancia[19,52]:17.9330660513
distancia[19,53]:32.3331716972
distancia[19,54]:27.5238977254
distancia[19,55]:16.6728916808
distancia[19,56]:30.8518742542
distancia[19,57]:31.1169946653
distancia[19,58]:12.5357932737
distancia[19,59]:39.5014137089
distancia[19,60]:35.8168821228
distancia[20,1]:15.6037637126
distancia[20,2]:37.6456882126
distancia[20,3]:27.6321630713
distancia[20,4]:10.279151035
distancia[20,5]:23.9123369832
distancia[20,6]:28.9329954377
distancia[20,7]:8.74295442056
distancia[20,8]:24.0423095812
distancia[20,9]:35.5273776826
distancia[20,10]:21.9135647488
distancia[20,11]:3.59291316344
distancia[20,12]:19.5255134119
distancia[20,13]:19.1160734723
distancia[20,14]:16.2943505547
distancia[20,15]:10.3008920973
distancia[20,16]:22.8297311636
distancia[20,17]:32.1020750887
distancia[20,18]:11.4974075774
distancia[20,19]:11.7036011552
distancia[20,20]:0.0
distancia[20,21]:4.74940638396
distancia[20,22]:10.6205623674
distancia[20,23]:31.6754188607
distancia[20,24]:29.4339537439
distancia[20,25]:13.1186889589
distancia[20,26]:34.5097060115
distancia[20,27]:23.494203881
distancia[20,28]:24.6048772807
distancia[20,29]:12.6865396779
distancia[20,30]:14.86592577
distancia[20,31]:31.5050610061
distancia[20,32]:3.3932536009
distancia[20,33]:32.4615898717
distancia[20,34]:30.3799897301
distancia[20,35]:23.5639591325
distancia[20,36]:32.3427845431
distancia[20,37]:29.2460073856
distancia[20,38]:20.3506372382
distancia[20,39]:9.27811791259
distancia[20,40]:49.0611301337
distancia[20,41]:7.19937587573
distancia[20,42]:29.6107504802
distancia[20,43]:13.9305852354
distancia[20,44]:28.1109295826
distancia[20,45]:6.13385205234
distancia[20,46]:30.2620098639
distancia[20,47]:18.0090069965
distancia[20,48]:15.9111339948
distancia[20,49]:18.8927707338
distancia[20,50]:42.1771424471
distancia[20,51]:36.4252917215
distancia[20,52]:24.5291141707
distancia[20,53]:21.7377511256
distancia[20,54]:16.1583593845
distancia[20,55]:4.97406966176
distancia[20,56]:20.8609023055
distancia[20,57]:26.3136495568
distancia[20,58]:13.949704979
distancia[20,59]:30.5307259167
distancia[20,60]:32.5200859931
distancia[21,1]:19.5482551907
distancia[21,2]:42.3137950319
distancia[21,3]:30.3253484234
distancia[21,4]:14.9477883648
distancia[21,5]:28.6181232264
distancia[21,6]:33.3560927268
distancia[21,7]:10.7674614
distancia[21,8]:27.8582660803
distancia[21,9]:37.7785043643
distancia[21,10]:26.4518649059
distancia[21,11]:1.19363981167
distancia[21,12]:19.7396960716
distancia[21,13]:23.6215970671
distancia[21,14]:18.2335851933
distancia[21,15]:5.67223351071
distancia[21,16]:27.2158943634
distancia[21,17]:35.2359839085
distancia[21,18]:14.6255546903
distancia[21,19]:10.9168600339
distancia[21,20]:4.74940638396
distancia[21,21]:0.0
distancia[21,22]:15.3551536625
distancia[21,23]:34.5173178129
distancia[21,24]:31.9836234658
distancia[21,25]:9.02522537115
distancia[21,26]:39.2367953075
distancia[21,27]:27.6652620627
distancia[21,28]:27.6342943641
distancia[21,29]:11.4566391232
distancia[21,30]:19.0991478868
distancia[21,31]:34.8703858596
distancia[21,32]:2.87127027638
distancia[21,33]:34.9124455746
distancia[21,34]:35.1287705023
distancia[21,35]:28.239590383
distancia[21,36]:36.6812489019
distancia[21,37]:33.9940634964
distancia[21,38]:24.9641717067
distancia[21,39]:8.96132250285
distancia[21,40]:53.809103477
distancia[21,41]:3.52820889404
distancia[21,42]:33.8740001328
distancia[21,43]:15.511396391
distancia[21,44]:30.2550349694
distancia[21,45]:10.7992681233
distancia[21,46]:34.9305918931
distancia[21,47]:22.2089135259
distancia[21,48]:18.5801934328
distancia[21,49]:23.60686038
distancia[21,50]:46.9208116724
distancia[21,51]:40.7387906792
distancia[21,52]:26.6836298318
distancia[21,53]:25.6617973844
distancia[21,54]:19.5203845505
distancia[21,55]:8.168713485
distancia[21,56]:25.0950529388
distancia[21,57]:31.0213717943
distancia[21,58]:9.3317756081
distancia[21,59]:34.9756846109
distancia[21,60]:37.1350488084
distancia[22,1]:10.8339424495
distancia[22,2]:27.1012271678
distancia[22,3]:23.0461861704
distancia[22,4]:1.38069728761
distancia[22,5]:13.3190121631
distancia[22,6]:20.2389308512
distancia[22,7]:11.5874748328
distancia[22,8]:16.4059265206
distancia[22,9]:31.5109313096
distancia[22,10]:12.9959169357
distancia[22,11]:14.1762674918
distancia[22,12]:22.0520875429
distancia[22,13]:10.6455023367
distancia[22,14]:15.7480101918
distancia[22,15]:20.7426981128
distancia[22,16]:13.2779068381
distancia[22,17]:27.8323696799
distancia[22,18]:9.68569016643
distancia[22,19]:17.82191878
distancia[22,20]:10.6205623674
distancia[22,21]:15.3551536625
distancia[22,22]:0.0
distancia[22,23]:26.3490953355
distancia[22,24]:25.0740827549
distancia[22,25]:22.9312531058
distancia[22,26]:24.1884205768
distancia[22,27]:16.263860827
distancia[22,28]:21.3658144942
distancia[22,29]:20.3248900612
distancia[22,30]:6.96903164005
distancia[22,31]:24.723367125
distancia[22,32]:13.634346519
distancia[22,33]:28.1277161533
distancia[22,34]:19.808478614
distancia[22,35]:13.0364984946
distancia[22,36]:23.8888928375
distancia[22,37]:18.6654565709
distancia[22,38]:11.070358305
distancia[22,39]:15.6284602249
distancia[22,40]:38.47309352
distancia[22,41]:17.2151361888
distancia[22,42]:21.5737961657
distancia[22,43]:16.7653342943
distancia[22,44]:24.9468212203
distancia[22,45]:5.27629339594
distancia[22,46]:19.7290160424
distancia[22,47]:9.61920121424
distancia[22,48]:15.4828474125
distancia[22,49]:8.89581907415
distancia[22,50]:31.5698096288
distancia[22,51]:27.952529653
distancia[22,52]:21.7546861389
distancia[22,53]:15.7564239915
distancia[22,54]:13.4998818143
distancia[22,55]:10.1697567326
distancia[22,56]:13.6341806501
distancia[22,57]:15.7144424018
distancia[22,58]:24.3222124816
distancia[22,59]:21.6829302909
distancia[22,60]:22.1004253805
distancia[23,1]:36.5219642681
distancia[23,2]:27.2872579971
distancia[23,3]:4.29443034639
distancia[23,4]:25.2829264525
distancia[23,5]:23.7414241359
distancia[23,6]:38.8658165616
