Avion: 4      Iteracion: 44

Num Ruta: 34
Ingresos: 13200.0
Costos: 73.3159301902
Utilidad Ruta: 13126.6840698
Costo Reducido: 0.0491192065274
Nodos: [104, 18, 53, 714]
q: [0, 11.0, -11.0, 0]
Q: [0, 11.0, 0.0, 0]
B: [0.0, 293.0, 316.8182362487, 345.45339858449995]
