Avion: 7      Iteracion: 6

Num Ruta: 9
Ingresos: 135600.0
Costos: 613.573722044
Utilidad Ruta: 134986.426278
Costo Reducido: 89029.8155892
Nodos: [107, 17, 52, 10, 45, 1, 31, 66, 36, 35, 70, 22, 57, 28, 63, 25, 60, 19, 54, 6, 41, 5, 40, 7, 20, 42, 55, 33, 68, 717]
q: [0.0, 5.0, -5.0, 12.0, -12.0, 7.0, 6.0, -6.0, -7.0, 6.0, -6.0, 10.0, -10.0, 8.0, -8.0, 10.0, -10.0, 7.0, -7.0, 5.0, -5.0, 12.0, -12.0, 10.0, 5.0, -10.0, -5.0, 10.0, -10.0, 0.0]
Q: [0.0, 5.0, 0.0, 12.0, 0.0, 7.0, 13.0, 7.0, 0.0, 6.0, 0.0, 10.0, 0.0, 8.0, 0.0, 10.0, 0.0, 7.0, 0.0, 5.0, 0.0, 12.0, 0.0, 10.0, 15.0, 5.0, 0.0, 10.0, 0.0, 0.0]
B: [0.0, 39.2872808044, 74.1298345857, 96.0, 125.5195107344, 175.0, 183.89376197118, 197.19937597428, 230.76046369508, 279.0, 298.9128833924, 314.02713802169995, 335.78182416059997, 378.8329878615, 414.8596066454, 418.19298526176, 435.37796757186, 452.05085925265996, 478.67797554415995, 490.4689945416599, 494.1612839398499, 512.55014415465, 513.67183305983, 535.3902396772299, 544.1331940977899, 573.3792014833899, 586.3428860290899, 597.1646853711899, 620.4681966087899, 641.8287908186899]
