Avion: 4      Iteracion: 1

Num Ruta: 4
Ingresos: 127200.0
Costos: 438.209394079
Utilidad Ruta: 126761.790606
Costo Reducido: 115550.299868
Nodos: [104, 17, 52, 30, 16, 51, 65, 24, 59, 1, 36, 23, 18, 53, 58, 26, 61, 25, 60, 19, 8, 54, 43, 5, 40, 714]
q: [0.0, 5.0, -5.0, 11.0, 4.0, -4.0, -11.0, 14.0, -14.0, 7.0, -7.0, 4.0, 11.0, -11.0, -4.0, 13.0, -13.0, 10.0, -10.0, 7.0, 8.0, -7.0, -8.0, 12.0, -12.0, 0.0]
Q: [0.0, 5.0, 0.0, 11.0, 15.0, 11.0, 0.0, 14.0, 0.0, 7.0, 0.0, 4.0, 15.0, 4.0, 0.0, 13.0, 0.0, 10.0, 0.0, 7.0, 15.0, 8.0, 0.0, 12.0, 0.0, 0.0]
B: [0.0, 24.0, 58.8425537813, 64.0, 72.20259129788, 81.82668273552001, 84.69783929691, 109.43181018721, 147.94476048971, 175.0, 209.2400855285, 267.0, 293.0, 316.8182362487, 326.74376782137, 346.43014059547, 364.00936856487, 410.0, 427.1849823101, 443.8578739909, 467.0187555372, 484.975714968, 487.90383415955995, 497.65664503642995, 498.77833394160996, 541.41789858521]
