Avion: 6      Iteracion: 9

Num Ruta: 12
Ingresos: 121200.0
Costos: 483.928452447
Utilidad Ruta: 120716.071548
Costo Reducido: 82589.4725178
Nodos: [106, 24, 59, 30, 65, 14, 49, 3, 38, 23, 35, 70, 58, 22, 57, 32, 19, 67, 54, 2, 29, 37, 64, 716]
q: [0.0, 14.0, -14.0, 11.0, -11.0, 8.0, -8.0, 15.0, -15.0, 9.0, 6.0, -6.0, -9.0, 10.0, -10.0, 6.0, 7.0, -6.0, -7.0, 9.0, 6.0, -9.0, -6.0, 0.0]
Q: [0.0, 14.0, 0.0, 11.0, 0.0, 8.0, 0.0, 15.0, 0.0, 9.0, 15.0, 9.0, 0.0, 10.0, 0.0, 6.0, 13.0, 7.0, 0.0, 9.0, 15.0, 6.0, 0.0, 0.0]
B: [0.0, 61.0, 99.5129503025, 119.7810717004, 138.4950943572, 166.2910350141, 178.3127467891, 256.0, 261.08428175852, 267.0, 307.4405515417, 327.3534349341, 339.9719804129, 355.7284044044, 377.4830905433, 422.0, 433.71491463899997, 461.3697862171, 478.4971626653, 522.0, 568.3943954589, 578.19913599601, 610.61353787231, 643.91074413651]
