Avion: 7      Iteracion: 8

Num Ruta: 11
Ingresos: 132000.0
Costos: 507.089167388
Utilidad Ruta: 131492.910833
Costo Reducido: 67476.7817005
Nodos: [107, 17, 52, 24, 59, 11, 46, 35, 70, 26, 61, 22, 57, 25, 60, 19, 32, 54, 67, 7, 4, 42, 39, 33, 68, 27, 62, 717]
q: [0, 5.0, -5.0, 14.0, -14.0, 8.0, -8.0, 6.0, -6.0, 13.0, -13.0, 10.0, -10.0, 10.0, -10.0, 7.0, 6.0, -7.0, -6.0, 10.0, 5.0, -10.0, -5.0, 10.0, -10.0, 6.0, -6.0, 0]
Q: [0, 5.0, 0.0, 14.0, 0.0, 8.0, 0.0, 6.0, 0.0, 13.0, 0.0, 10.0, 0.0, 10.0, 0.0, 7.0, 13.0, 6.0, 0.0, 10.0, 15.0, 5.0, 0.0, 10.0, 0.0, 6.0, 0.0, 0]
B: [0.0, 39.2872808044, 74.1298345857, 90.6881178904, 129.20106819289998, 169.0, 173.05406684701, 279.0, 298.9128833924, 308.20588877279, 325.78511674219, 339.41929739229, 361.17398353119, 410.0, 427.1849823101, 443.8578739909, 455.57278862989995, 475.14525932219993, 492.2726357703999, 517.0, 529.0, 548.2723609867, 549.43273506431, 562.0, 585.3035112376, 592.52226459258, 609.55312696068, 610.462294711978]
