Avion: 6      Iteracion: 5

Num Ruta: 8
Ingresos: 141600.0
Costos: 551.570906695
Utilidad Ruta: 141048.429093
Costo Reducido: 94849.9627788
Nodos: [106, 16, 51, 9, 44, 14, 49, 31, 1, 66, 36, 23, 34, 58, 69, 19, 32, 54, 13, 48, 67, 6, 41, 5, 40, 15, 50, 7, 42, 716]
q: [0.0, 11.0, -11.0, 11.0, -11.0, 8.0, -8.0, 6.0, 7.0, -6.0, -7.0, 3.0, 12.0, -3.0, -12.0, 7.0, 6.0, -7.0, 9.0, -9.0, -6.0, 5.0, -5.0, 12.0, -12.0, 11.0, -11.0, 10.0, -10.0, 0.0]
Q: [0.0, 11.0, 0.0, 11.0, 0.0, 8.0, 0.0, 6.0, 13.0, 7.0, 0.0, 3.0, 15.0, 12.0, 0.0, 7.0, 13.0, 6.0, 15.0, 6.0, 0.0, 5.0, 0.0, 12.0, 0.0, 11.0, 0.0, 10.0, 0.0, 0.0]
B: [0.0, 36.0, 45.624091437640004, 75.68094759394, 105.20818459644, 115.46499131194001, 127.48670308694001, 154.69877029984002, 175.0, 193.9896940997, 227.5507818205, 267.0, 308.6968644505, 345.192375421, 361.7120311075, 404.311554579, 422.0, 441.5724706923, 445.80008999872, 462.68324094872, 466.75419132916005, 487.14616310726007, 490.83845250545005, 509.22731272025004, 510.34900162543005, 543.7511961042301, 560.1723627193301, 571.07710228523, 599.61841409813, 620.85595185563]
