Avion: 6      Iteracion: 4

Num Ruta: 7
Ingresos: 124800.0
Costos: 575.479941294
Utilidad Ruta: 124224.520059
Costo Reducido: 110977.43344
Nodos: [106, 9, 44, 12, 47, 14, 49, 11, 46, 1, 36, 35, 70, 26, 61, 8, 6, 41, 43, 21, 56, 15, 50, 716]
q: [0, 11.0, -11.0, 14.0, -14.0, 8.0, -8.0, 8.0, -8.0, 7.0, -7.0, 6.0, -6.0, 13.0, -13.0, 8.0, 5.0, -5.0, -8.0, 13.0, -13.0, 11.0, -11.0, 0]
Q: [0, 11.0, 0.0, 14.0, 0.0, 8.0, 0.0, 8.0, 0.0, 7.0, 0.0, 6.0, 0.0, 13.0, 0.0, 8.0, 13.0, 8.0, 0.0, 13.0, 0.0, 11.0, 0.0, 0]
B: [0.0, 41.2454164484, 70.77265345090001, 81.559690208, 124.907614472, 161.4268482537, 173.4485600287, 202.8969891379, 206.95105598491, 229.62050752221, 263.86059305071, 299.51557489051004, 319.42845828291, 328.7214636633, 346.3006916327, 414.0, 441.9144979715, 445.60678736969, 458.47278985688996, 483.43696156359, 524.1757522427899, 570.56151972589, 586.98268634099, 617.43850458649]
