Avion: 5      Iteracion: 19

Num Ruta: 23
Ingresos: 121200.0
Costos: 452.116123565
Utilidad Ruta: 120747.883876
Costo Reducido: 159.831178153
Nodos: [105, 17, 52, 12, 47, 31, 14, 49, 66, 11, 46, 34, 69, 28, 63, 25, 21, 60, 20, 56, 55, 2, 33, 68, 37, 715]
q: [0.0, 5.0, -5.0, 14.0, -14.0, 6.0, 8.0, -8.0, -6.0, 8.0, -8.0, 12.0, -12.0, 8.0, -8.0, 10.0, 5.0, -10.0, 10.0, -5.0, -10.0, 9.0, 6.0, -6.0, -9.0, 0.0]
Q: [0.0, 5.0, 0.0, 14.0, 0.0, 6.0, 14.0, 6.0, 0.0, 8.0, 0.0, 12.0, 0.0, 8.0, 0.0, 10.0, 15.0, 5.0, 15.0, 10.0, 0.0, 9.0, 15.0, 9.0, 0.0, 0.0]
B: [0.0, 24.0, 58.8425537813, 78.5512475229, 121.8991717869, 142.8165051734, 160.3361875906, 172.3578993656, 201.423456336, 201.90233523509698, 205.956402082107, 283.0, 323.947598037, 378.0, 414.0266187839, 417.35999740026, 477.0, 485.168713485, 496.0, 532.4252917215, 553.0247123444, 560.35500960986, 574.14061053986, 597.4441217774599, 615.9629058088599, 630.5973417050599]
