Avion: 7      Iteracion: 34

Num Ruta: 35
Ingresos: 62400.0
Costos: 229.563837844
Utilidad Ruta: 62170.4361622
Costo Reducido: 40.3955219437
Nodos: [107, 9, 44, 19, 8, 43, 54, 15, 50, 20, 7, 42, 55, 717]
q: [0.0, 11.0, -11.0, 7.0, 8.0, -8.0, -7.0, 11.0, -11.0, 10.0, 5.0, -5.0, -10.0, 0.0]
Q: [0.0, 11.0, 0.0, 7.0, 15.0, 7.0, 0.0, 11.0, 0.0, 10.0, 15.0, 10.0, 0.0, 0.0]
B: [0.0, 32.6028927091, 62.1301297116, 402.0, 425.1608815463, 445.9292781623, 448.85739735386, 511.0, 527.4211666151, 533.55501866744, 542.2979730879999, 570.8392849008999, 583.8029694465998, 599.9169606963999]
