Avion: 2      Iteracion: 23

Num Ruta: 25
Ingresos: 27600.0
Costos: 124.103993606
Utilidad Ruta: 27475.8960064
Costo Reducido: 10.0516888611
Nodos: [102, 12, 47, 2, 37, 712]
q: [0, 14.0, -14.0, 9.0, -9.0, 0]
Q: [0, 14.0, 0.0, 9.0, 0.0, 0]
B: [0.0, 54.0, 97.347924264, 522.0, 562.7349620474, 565.58925740703]
