Avion: 7      Iteracion: 3

Num Ruta: 6
Ingresos: 170400.0
Costos: 567.61515615
Utilidad Ruta: 169832.384844
Costo Reducido: 121502.28143
Nodos: [107, 9, 44, 24, 59, 10, 45, 1, 36, 3, 38, 22, 57, 18, 53, 13, 48, 5, 40, 15, 50, 7, 4, 42, 39, 2, 37, 717]
q: [0, 11.0, -11.0, 14.0, -14.0, 12.0, -12.0, 7.0, -7.0, 15.0, -15.0, 10.0, -10.0, 11.0, -11.0, 15.0, -15.0, 12.0, -12.0, 11.0, -11.0, 10.0, 5.0, -10.0, -5.0, 9.0, -9.0, 0]
Q: [0, 11.0, 0.0, 14.0, 0.0, 12.0, 0.0, 7.0, 0.0, 15.0, 0.0, 10.0, 0.0, 11.0, 0.0, 15.0, 0.0, 12.0, 0.0, 11.0, 0.0, 10.0, 15.0, 5.0, 0.0, 9.0, 0.0, 0]
B: [0.0, 32.6028927091, 62.1301297116, 86.2703796067, 124.7833299092, 136.5692605895, 166.0887713239, 204.50811249470001, 238.74819802320002, 256.0, 261.08428175852, 299.0, 320.7546861389, 334.15512273630003, 357.973358985, 423.0, 439.88315095, 469.0, 470.12168890518, 511.0, 527.4211666151, 538.3259061809999, 548.6892794734999, 567.9616404602, 569.12201453781, 578.57648104841, 619.31144309581, 648.99631279401]
