Avion: 5      Iteracion: 40

Num Ruta: 41
Ingresos: 80400.0
Costos: 271.101766716
Utilidad Ruta: 80128.8982333
Costo Reducido: 1.34614365161
Nodos: [105, 17, 52, 14, 49, 18, 53, 22, 57, 19, 32, 54, 13, 67, 48, 15, 50, 715]
q: [0.0, 5.0, -5.0, 8.0, -8.0, 11.0, -11.0, 10.0, -10.0, 7.0, 6.0, -7.0, 9.0, -6.0, -9.0, 11.0, -11.0, 0.0]
Q: [0.0, 5.0, 0.0, 8.0, 0.0, 11.0, 0.0, 10.0, 0.0, 7.0, 13.0, 6.0, 15.0, 9.0, 0.0, 11.0, 0.0, 0.0]
B: [0.0, 24.0, 58.8425537813, 112.0, 124.021711775, 293.0, 316.8182362487, 332.3010836612, 354.0557698001, 402.0, 422.0, 441.5724706923, 445.80008999872, 459.64226977652004, 463.71322015696006, 511.0, 527.4211666151, 539.2736094434999]
