Avion: 6      Iteracion: 26

Num Ruta: 28
Ingresos: 78000.0
Costos: 241.759177495
Utilidad Ruta: 77758.2408225
Costo Reducido: 17.7795378541
Nodos: [106, 1, 36, 23, 18, 53, 58, 26, 61, 13, 48, 29, 64, 27, 62, 716]
q: [0.0, 7.0, -7.0, 10.0, 5.0, -5.0, -10.0, 13.0, -13.0, 15.0, -15.0, 9.0, -9.0, 6.0, -6.0, 0.0]
Q: [0.0, 7.0, 0.0, 10.0, 15.0, 10.0, 0.0, 13.0, 0.0, 15.0, 0.0, 9.0, 0.0, 6.0, 0.0, 0.0]
B: [0.0, 175.0, 209.2400855285, 267.0, 293.0, 316.8182362487, 326.74376782137, 346.43014059547, 364.00936856487, 423.0, 439.88315095, 549.0, 582.7797797802, 590.99620777538, 608.0270701434799, 625.94094680378]
