Avion: 5      Iteracion: 11

Num Ruta: 15
Ingresos: 118800.0
Costos: 587.770293827
Utilidad Ruta: 118212.229706
Costo Reducido: 13469.070491
Nodos: [105, 9, 44, 12, 47, 11, 46, 23, 58, 18, 53, 28, 32, 63, 67, 21, 56, 2, 37, 29, 64, 715]
q: [0, 11.0, -11.0, 14.0, -14.0, 8.0, -8.0, 10.0, -10.0, 11.0, -11.0, 8.0, 6.0, -8.0, -6.0, 13.0, -13.0, 9.0, -9.0, 9.0, -9.0, 0]
Q: [0, 11.0, 0.0, 14.0, 0.0, 8.0, 0.0, 10.0, 0.0, 11.0, 0.0, 8.0, 14.0, 6.0, 0.0, 13.0, 0.0, 9.0, 0.0, 9.0, 0.0, 0]
B: [0.0, 52.3609759458, 81.88821294830001, 92.6752497054, 136.0231739694, 169.0, 173.05406684701, 267.0, 306.733842905, 332.1731543147, 355.9913905634, 378.0, 422.0, 445.4551085267, 472.0058669528, 490.41779854619995, 531.1565892253999, 555.0076029564999, 595.7425650038999, 605.5473055410099, 639.3270853212099, 671.1146170436099]
