Avion: 4      Iteracion: 23

Num Ruta: 22
Ingresos: 34800.0
Costos: 148.149204449
Utilidad Ruta: 34651.8507956
Costo Reducido: 3.98430117685
Nodos: [104, 30, 16, 51, 65, 14, 49, 32, 67, 714]
q: [0.0, 11.0, 4.0, -4.0, -11.0, 8.0, -8.0, 6.0, -6.0, 0.0]
Q: [0.0, 11.0, 15.0, 11.0, 0.0, 8.0, 0.0, 6.0, 0.0, 0.0]
B: [0.0, 64.0, 72.20259129788, 81.82668273552001, 84.69783929691, 112.49377995381, 124.51549172881, 422.0, 449.8573558149, 477.9338062494]
