Avion: 7      Iteracion: 20

Num Ruta: 22
Ingresos: 46800.0
Costos: 203.031966619
Utilidad Ruta: 46596.9680334
Costo Reducido: 52.6895023062
Nodos: [107, 24, 59, 22, 57, 32, 67, 29, 64, 717]
q: [0, 14.0, -14.0, 10.0, -10.0, 6.0, -6.0, 9.0, -9.0, 0]
Q: [0, 14.0, 0.0, 10.0, 0.0, 6.0, 0.0, 9.0, 0.0, 0]
B: [0.0, 61.0, 99.5129503025, 299.0, 320.7546861389, 422.0, 449.8573558149, 549.0, 582.7797797802, 599.0926022215]
