Avion: 7      Iteracion: 4

Num Ruta: 7
Ingresos: 157200.0
Costos: 608.214186211
Utilidad Ruta: 156591.785814
Costo Reducido: 132136.017072
Nodos: [107, 9, 44, 24, 59, 31, 14, 49, 11, 46, 66, 1, 36, 35, 70, 26, 61, 28, 63, 32, 8, 43, 67, 15, 50, 20, 7, 42, 55, 33, 68, 717]
q: [0.0, 11.0, -11.0, 14.0, -14.0, 6.0, 8.0, -8.0, 8.0, -8.0, -6.0, 7.0, -7.0, 6.0, -6.0, 13.0, -13.0, 8.0, -8.0, 6.0, 8.0, -8.0, -6.0, 11.0, -11.0, 5.0, 10.0, -10.0, -5.0, 10.0, -10.0, 0.0]
Q: [0.0, 11.0, 0.0, 14.0, 0.0, 6.0, 14.0, 6.0, 14.0, 6.0, 0.0, 7.0, 0.0, 6.0, 0.0, 13.0, 0.0, 8.0, 0.0, 6.0, 14.0, 6.0, 0.0, 11.0, 0.0, 5.0, 15.0, 5.0, 0.0, 10.0, 0.0, 0.0]
B: [0.0, 32.6028927091, 62.1301297116, 86.2703796067, 124.7833299092, 136.0676876667, 153.5873700839, 165.6090818589, 195.0575109681, 199.11157781511, 202.80595638261, 221.79565048230998, 256.03573601080996, 291.69071785061, 311.60360124300996, 320.8966066234, 338.47583459279997, 378.0, 414.0266187839, 437.4817273106, 448.9286254494, 469.6970220654, 485.74612079400003, 511.0, 527.4211666151, 533.55501866744, 542.2979730879999, 570.8392849008999, 583.8029694465998, 594.6247687886998, 617.9282800262998, 639.2888742361998]
