Avion: 1      Iteracion: 8

Num Ruta: 9
Ingresos: 115200.0
Costos: 515.56053319
Utilidad Ruta: 114684.439467
Costo Reducido: 54299.8583191
Nodos: [101, 17, 52, 24, 59, 11, 46, 34, 69, 26, 61, 19, 25, 60, 6, 41, 54, 7, 27, 42, 62, 29, 64, 711]
q: [0.0, 5.0, -5.0, 14.0, -14.0, 8.0, -8.0, 12.0, -12.0, 13.0, -13.0, 7.0, 8.0, -8.0, 5.0, -5.0, -7.0, 9.0, 6.0, -9.0, -6.0, 9.0, -9.0, 0.0]
Q: [0.0, 5.0, 0.0, 14.0, 0.0, 8.0, 0.0, 12.0, 0.0, 13.0, 0.0, 7.0, 15.0, 7.0, 12.0, 7.0, 0.0, 9.0, 15.0, 6.0, 0.0, 9.0, 0.0, 0.0]
B: [0.0, 40.5842207761, 75.4267745574, 91.98505786209999, 130.49800816459998, 169.0, 173.05406684701, 283.0, 323.947598037, 358.0226741044, 375.6019020738, 406.453776328, 415.8457835682, 433.0307658783, 458.5325363659, 462.22482576409, 477.70777851868996, 517.0, 544.6633233723, 560.5030982444, 564.90301881186, 599.92016432656, 633.69994410676, 654.55097122776]
