Avion: 1      Iteracion: 31

Num Ruta: 30
Ingresos: 114000.0
Costos: 335.254931735
Utilidad Ruta: 113664.745068
Costo Reducido: 13.0733969512
Nodos: [101, 24, 59, 10, 45, 26, 61, 6, 41, 13, 48, 15, 50, 4, 20, 39, 55, 33, 68, 711]
q: [0, 14.0, -14.0, 12.0, -12.0, 13.0, -13.0, 5.0, -5.0, 15.0, -15.0, 11.0, -11.0, 5.0, 10.0, -5.0, -10.0, 10.0, -10.0, 0]
Q: [0, 14.0, 0.0, 12.0, 0.0, 13.0, 0.0, 5.0, 0.0, 15.0, 0.0, 11.0, 0.0, 5.0, 15.0, 10.0, 0.0, 10.0, 0.0, 0]
B: [0.0, 61.0, 99.5129503025, 111.2988809828, 140.8183917172, 300.0, 317.5792279694, 436.0, 439.69228939819, 453.10235550539, 469.98550645539, 511.0, 527.4211666151, 532.99584588839, 543.2749969233901, 573.65498665349, 585.51620990409, 596.33800924619, 619.64152048379, 638.4115090026901]
