Avion: 3      Iteracion: 0

Num Ruta: 1
Ingresos: 75600.0
Costos: 237.908703945
Utilidad Ruta: 75362.0912961
Costo Reducido: -
Nodos: [103, 16, 51, 3, 38, 26, 61, 22, 57, 8, 43, 32, 67, 713]
q: [0, 11.0, -11.0, 15.0, -15.0, 13.0, -13.0, 10.0, -10.0, 8.0, -8.0, 6.0, -6.0, 0]
Q: [0, 11.0, 0.0, 15.0, 0.0, 13.0, 0.0, 10.0, 0.0, 8.0, 0.0, 6.0, 0.0, 0]
B: [0.0, 36.0, 45.624091437640004, 256.0, 261.08428175852, 300.0, 317.5792279694, 331.2134086195, 352.9680947584, 414.0, 434.768396616, 457.14813131060004, 485.00548712550005, 502.58034248760003]
