Avion: 3      Iteracion: 19

Num Ruta: 20
Ingresos: 21600.0
Costos: 79.6154797571
Utilidad Ruta: 21520.3845202
Costo Reducido: 45.3237112321
Nodos: [103, 10, 45, 35, 70, 713]
q: [0, 12.0, -12.0, 6.0, -6.0, 0]
Q: [0, 12.0, 0.0, 6.0, 0.0, 0]
B: [0.0, 96.0, 125.5195107344, 279.0, 298.9128833924, 311.09899044099996]
