Avion: 5      Iteracion: 14

Num Ruta: 18
Ingresos: 103200.0
Costos: 302.386226865
Utilidad Ruta: 102897.613773
Costo Reducido: 361.897891658
Nodos: [105, 31, 66, 14, 49, 3, 38, 23, 58, 6, 41, 5, 40, 15, 20, 50, 27, 55, 2, 62, 37, 715]
q: [0.0, 6.0, -6.0, 8.0, -8.0, 15.0, -15.0, 10.0, -10.0, 5.0, -5.0, 12.0, -12.0, 11.0, 4.0, -11.0, 6.0, -4.0, 9.0, -6.0, -9.0, 0.0]
Q: [0.0, 6.0, 0.0, 8.0, 0.0, 15.0, 0.0, 10.0, 0.0, 5.0, 0.0, 12.0, 0.0, 11.0, 15.0, 4.0, 10.0, 6.0, 15.0, 9.0, 0.0, 0.0]
B: [0.0, 130.0, 143.3056140031, 160.3516205736, 172.3733323486, 256.0, 261.08428175852, 267.0, 306.733842905, 436.0, 439.69228939819, 469.0, 470.12168890518, 511.0, 521.3008920973, 527.43474414964, 545.14852965694, 571.44929301084, 578.7795902763, 590.2316633637, 619.57219371, 634.2066296062]
