Avion: 4      Iteracion: 0

Num Ruta: 1
Ingresos: 64800.0
Costos: 254.40965624
Utilidad Ruta: 64545.5903438
Costo Reducido: -
Nodos: [104, 17, 52, 30, 65, 13, 48, 25, 60, 21, 56, 714]
q: [0, 5.0, -5.0, 11.0, -11.0, 15.0, -15.0, 10.0, -10.0, 13.0, -13.0, 0]
Q: [0, 5.0, 0.0, 11.0, 0.0, 15.0, 0.0, 10.0, 0.0, 13.0, 0.0, 0]
B: [0.0, 24.0, 58.8425537813, 64.0, 82.7140226568, 423.0, 439.88315095, 463.8957169312, 481.0806992413, 489.2494127263, 529.9882034055, 583.2968807479]
