Avion: 7      Iteracion: 37

Num Ruta: 37
Ingresos: 49200.0
Costos: 129.72125777
Utilidad Ruta: 49070.2787422
Costo Reducido: 10.7734417489
Nodos: [107, 26, 61, 13, 48, 21, 56, 717]
q: [0, 13.0, -13.0, 15.0, -15.0, 13.0, -13.0, 0]
Q: [0, 13.0, 0.0, 15.0, 0.0, 13.0, 0.0, 0]
B: [0.0, 300.0, 317.5792279694, 423.0, 439.88315095, 477.0, 517.7387906792, 539.5093224136]
