Avion: 4      Iteracion: 3

Num Ruta: 6
Ingresos: 151200.0
Costos: 490.861466135
Utilidad Ruta: 150709.138534
Costo Reducido: 139234.962361
Nodos: [104, 9, 44, 24, 59, 1, 31, 66, 36, 3, 38, 23, 18, 53, 58, 22, 57, 8, 32, 67, 43, 13, 48, 5, 40, 15, 50, 714]
q: [0.0, 11.0, -11.0, 14.0, -14.0, 7.0, 6.0, -6.0, -7.0, 15.0, -15.0, 0.0, 11.0, -11.0, 0.0, 10.0, -10.0, 8.0, 6.0, -6.0, -8.0, 15.0, -15.0, 12.0, -12.0, 11.0, -11.0, 0.0]
Q: [0.0, 11.0, 0.0, 14.0, 0.0, 7.0, 13.0, 7.0, 0.0, 15.0, 0.0, 0.0, 11.0, 0.0, 0.0, 10.0, 0.0, 8.0, 14.0, 8.0, 0.0, 15.0, 0.0, 12.0, 0.0, 11.0, 0.0, 0.0]
B: [0.0, 43.2032553519, 72.7304923544, 96.8707422495, 135.383692552, 175.0, 183.89376197118, 197.19937597428, 230.76046369508, 256.0, 261.08428175852, 267.0, 293.0, 316.8182362487, 326.74376782137, 342.50019181287, 364.25487795177, 414.0, 425.4468981388, 453.3042539537, 469.35335268230006, 471.56402882321004, 488.44717977321005, 515.7114628740101, 516.8331517791901, 550.23534625799, 566.65651287309, 591.53265103799]
