Avion: 7      Iteracion: 40

Num Ruta: 40
Ingresos: 51600.0
Costos: 170.555902417
Utilidad Ruta: 51429.4440976
Costo Reducido: 7.65026947478
Nodos: [107, 8, 19, 54, 43, 13, 48, 21, 56, 717]
q: [0, 8.0, 7.0, -7.0, -8.0, 15.0, -15.0, 13.0, -13.0, 0]
Q: [0, 8.0, 15.0, 8.0, 0.0, 15.0, 0.0, 13.0, 0.0, 0]
B: [0.0, 414.0, 437.1608815463, 463.7879978378, 466.71611702935996, 468.92679317026995, 485.80994412026996, 501.32134051126997, 542.06013119047, 563.83066292487]
