Avion: 4      Iteracion: 34

Num Ruta: 29
Ingresos: 8400.0
Costos: 84.0241126663
Utilidad Ruta: 8315.97588733
Costo Reducido: 2.48645041619
Nodos: [104, 1, 36, 714]
q: [0, 7.0, -7.0, 0]
Q: [0, 7.0, 0.0, 0]
B: [0.0, 175.0, 209.2400855285, 256.9850658301]
