Avion: 7      Iteracion: 51

Num Ruta: 48
Ingresos: 57600.0
Costos: 192.702463793
Utilidad Ruta: 57407.2975362
Costo Reducido: 4.29597427012
Nodos: [107, 16, 51, 8, 32, 19, 54, 43, 13, 67, 48, 21, 56, 717]
q: [0.0, 11.0, -11.0, 2.0, 6.0, 7.0, -7.0, -2.0, 9.0, -6.0, -9.0, 13.0, -13.0, 0.0]
Q: [0.0, 11.0, 0.0, 2.0, 8.0, 15.0, 8.0, 6.0, 15.0, 9.0, 0.0, 13.0, 0.0, 0.0]
B: [0.0, 36.0, 45.624091437640004, 414.0, 425.4468981388, 437.16181277780004, 463.7889290693, 466.71704826086, 468.92772440177, 482.76990417957, 486.84085456001003, 502.35225095101003, 543.09104163021, 564.8615733646101]
