Avion: 5      Iteracion: 33

Num Ruta: 34
Ingresos: 22800.0
Costos: 58.5390830465
Utilidad Ruta: 22741.460917
Costo Reducido: 5.8950185972
Nodos: [105, 11, 46, 15, 50, 715]
q: [0, 8.0, -8.0, 11.0, -11.0, 0]
Q: [0, 8.0, 0.0, 11.0, 0.0, 0]
B: [0.0, 169.0, 173.05406684701, 511.0, 527.4211666151, 539.2736094434999]
