Avion: 1      Iteracion: 46

Num Ruta: 37
Ingresos: 76800.0
Costos: 183.399224486
Utilidad Ruta: 76616.6007755
Costo Reducido: 16.4689058094
Nodos: [101, 26, 61, 13, 48, 15, 50, 7, 4, 39, 42, 33, 68, 711]
q: [0, 13.0, -13.0, 15.0, -15.0, 11.0, -11.0, 10.0, 5.0, -5.0, -10.0, 10.0, -10.0, 0]
Q: [0, 13.0, 0.0, 15.0, 0.0, 11.0, 0.0, 10.0, 15.0, 10.0, 0.0, 10.0, 0.0, 0]
B: [0.0, 300.0, 317.5792279694, 423.0, 439.88315095, 511.0, 527.4211666151, 538.3259061809999, 548.6892794734999, 569.1150291536999, 570.2754032313098, 579.7354294469199, 603.0389406845198, 621.8089292034199]
