Avion: 3      Iteracion: 8

Num Ruta: 10
Ingresos: 94800.0
Costos: 429.01909065
Utilidad Ruta: 94370.9809093
Costo Reducido: 64949.174396
Nodos: [103, 17, 52, 24, 59, 11, 46, 34, 18, 69, 53, 25, 60, 19, 54, 6, 41, 27, 29, 64, 62, 713]
q: [0.0, 5.0, -5.0, 14.0, -14.0, 8.0, -8.0, 12.0, 3.0, -12.0, -3.0, 10.0, -10.0, 7.0, -7.0, 5.0, -5.0, 6.0, 9.0, -9.0, -6.0, 0.0]
Q: [0.0, 5.0, 0.0, 14.0, 0.0, 8.0, 0.0, 12.0, 15.0, 3.0, 0.0, 10.0, 0.0, 7.0, 0.0, 5.0, 0.0, 6.0, 15.0, 6.0, 0.0, 0.0]
B: [0.0, 29.0037544639, 63.84630824519999, 80.40459154989999, 118.91754185239999, 169.0, 173.05406684701, 283.0, 306.7154937119, 345.4540647361, 360.6066943759, 410.0, 427.1849823101, 443.8578739909, 470.48499028239996, 482.27600927989994, 485.9682986780899, 538.0, 563.6018082369, 597.3815880171, 612.8289655939, 625.2720042098999]
