Avion: 3      Iteracion: 49

Num Ruta: 41
Ingresos: 37200.0
Costos: 102.058513044
Utilidad Ruta: 37097.941487
Costo Reducido: 6.94063482918
Nodos: [103, 12, 47, 6, 41, 5, 40, 713]
q: [0, 14.0, -14.0, 5.0, -5.0, 12.0, -12.0, 0]
Q: [0, 14.0, 0.0, 5.0, 0.0, 12.0, 0.0, 0]
B: [0.0, 54.0, 97.347924264, 436.0, 439.69228939819, 469.0, 470.12168890518, 479.93139598541]
