Avion: 4      Iteracion: 19

Num Ruta: 18
Ingresos: 32400.0
Costos: 170.880876671
Utilidad Ruta: 32229.1191233
Costo Reducido: 53.0943312064
Nodos: [104, 14, 49, 23, 58, 2, 37, 714]
q: [0, 8.0, -8.0, 10.0, -10.0, 9.0, -9.0, 0]
Q: [0, 8.0, 0.0, 10.0, 0.0, 9.0, 0.0, 0]
B: [0.0, 112.0, 124.021711775, 267.0, 306.733842905, 522.0, 562.7349620474, 578.9363967061]
