Avion: 6      Iteracion: 48

Num Ruta: 41
Ingresos: 88800.0
Costos: 273.970274756
Utilidad Ruta: 88526.0297252
Costo Reducido: 9.24393903924
Nodos: [106, 10, 45, 35, 26, 70, 61, 22, 57, 32, 19, 54, 13, 67, 48, 29, 27, 62, 64, 716]
q: [0.0, 12.0, -12.0, 2.0, 13.0, -2.0, -13.0, 10.0, -10.0, 6.0, 7.0, -7.0, 9.0, -6.0, -9.0, 9.0, 6.0, -6.0, -9.0, 0.0]
Q: [0.0, 12.0, 0.0, 2.0, 15.0, 13.0, 0.0, 10.0, 0.0, 6.0, 13.0, 6.0, 15.0, 9.0, 0.0, 9.0, 15.0, 9.0, 0.0, 0.0]
B: [0.0, 96.0, 125.5195107344, 279.0, 300.0, 309.29300538039, 319.11482114938, 332.74900179948, 354.50368793838004, 422.0, 433.71491463899997, 460.34203093049996, 464.56965023692, 478.41183001472, 482.48278039516003, 549.0, 574.6018082369, 591.6326706049999, 607.0800481818, 640.3772544459999]
