Avion: 2      Iteracion: 4

Num Ruta: 8
Ingresos: 64800.0
Costos: 255.697584448
Utilidad Ruta: 64544.3024156
Costo Reducido: 39829.0001122
Nodos: [102, 24, 59, 31, 66, 14, 49, 26, 61, 21, 56, 712]
q: [0, 14.0, -14.0, 6.0, -6.0, 8.0, -8.0, 13.0, -13.0, 13.0, -13.0, 0]
Q: [0, 14.0, 0.0, 6.0, 0.0, 8.0, 0.0, 13.0, 0.0, 13.0, 0.0, 0]
B: [0.0, 61.0, 99.5129503025, 130.0, 143.3056140031, 160.3516205736, 172.3733323486, 300.0, 317.5792279694, 477.0, 517.7387906792, 555.4602718404999]
