Avion: 5      Iteracion: 10

Num Ruta: 14
Ingresos: 117600.0
Costos: 453.001933873
Utilidad Ruta: 117146.998066
Costo Reducido: 49419.608859
Nodos: [105, 17, 52, 16, 51, 12, 47, 35, 22, 70, 57, 8, 6, 41, 43, 13, 48, 15, 50, 29, 4, 64, 39, 715]
q: [0.0, 5.0, -5.0, 11.0, -11.0, 14.0, -14.0, 6.0, 9.0, -6.0, -9.0, 8.0, 5.0, -5.0, -8.0, 15.0, -15.0, 11.0, -11.0, 9.0, 5.0, -9.0, -5.0, 0.0]
Q: [0.0, 5.0, 0.0, 11.0, 0.0, 14.0, 0.0, 6.0, 15.0, 9.0, 0.0, 8.0, 13.0, 8.0, 0.0, 15.0, 0.0, 11.0, 0.0, 9.0, 14.0, 5.0, 0.0, 0.0]
B: [0.0, 24.0, 58.8425537813, 64.17419311644, 73.79828455408, 107.75218743728, 151.10011170128, 279.0, 313.6281351505, 328.74238977979996, 359.2555561183, 414.0, 441.9144979715, 445.60678736969, 458.47278985688996, 460.68346599779994, 477.56661694779996, 511.0, 527.4211666151, 549.0, 569.7100026316, 592.5834067727, 604.8024778094, 631.8496906048]
