Avion: 7      Iteracion: 0

Num Ruta: 1
Ingresos: 66000.0
Costos: 297.030749331
Utilidad Ruta: 65702.9692507
Costo Reducido: -
Nodos: [107, 24, 59, 23, 58, 5, 40, 7, 42, 2, 37, 717]
q: [0, 14.0, -14.0, 10.0, -10.0, 12.0, -12.0, 10.0, -10.0, 9.0, -9.0, 0]
Q: [0, 14.0, 0.0, 10.0, 0.0, 12.0, 0.0, 10.0, 0.0, 9.0, 0.0, 0]
B: [0.0, 61.0, 99.5129503025, 267.0, 306.733842905, 469.0, 470.12168890518, 517.0, 545.5413118129, 555.6714802715, 596.4064423189, 626.0913120171]
