Avion: 1      Iteracion: 40

Num Ruta: 34
Ingresos: 31200.0
Costos: 149.0498001
Utilidad Ruta: 31050.9501999
Costo Reducido: 0.827015872834
Nodos: [101, 24, 59, 34, 69, 711]
q: [0, 14.0, -14.0, 12.0, -12.0, 0]
Q: [0, 14.0, 0.0, 12.0, 0.0, 0]
B: [0.0, 61.0, 99.5129503025, 283.0, 323.947598037, 331.19621590526]
