Avion: 6      Iteracion: 8

Num Ruta: 11
Ingresos: 110400.0
Costos: 456.730152717
Utilidad Ruta: 109943.269847
Costo Reducido: 75715.3768607
Nodos: [106, 17, 52, 24, 59, 11, 46, 34, 69, 26, 61, 19, 25, 60, 6, 41, 54, 7, 27, 62, 4, 42, 39, 716]
q: [0.0, 5.0, -5.0, 14.0, -14.0, 8.0, -8.0, 12.0, -12.0, 13.0, -13.0, 7.0, 8.0, -8.0, 5.0, -5.0, -7.0, 9.0, 6.0, -6.0, 5.0, -9.0, -5.0, 0.0]
Q: [0.0, 5.0, 0.0, 14.0, 0.0, 8.0, 0.0, 12.0, 0.0, 13.0, 0.0, 7.0, 15.0, 7.0, 12.0, 7.0, 0.0, 9.0, 15.0, 9.0, 14.0, 5.0, 0.0, 0.0]
B: [0.0, 24.0, 58.8425537813, 75.400837086, 113.9137873885, 169.0, 173.05406684701, 283.0, 323.947598037, 358.0226741044, 375.6019020738, 406.453776328, 415.8457835682, 433.0307658783, 458.5325363659, 462.22482576409, 477.70777851868996, 517.0, 544.6633233723, 561.6941857404, 577.7813863981, 597.0537473848001, 598.21412146241, 619.88890741291]
