Avion: 1      Iteracion: 9

Num Ruta: 10
Ingresos: 124800.0
Costos: 499.029266934
Utilidad Ruta: 124300.970733
Costo Reducido: 71119.1468817
Nodos: [101, 24, 30, 59, 65, 14, 49, 3, 38, 23, 35, 70, 58, 22, 57, 32, 19, 54, 67, 20, 55, 2, 37, 29, 64, 711]
q: [0.0, 4.0, 11.0, -4.0, -11.0, 8.0, -8.0, 15.0, -15.0, 9.0, 6.0, -6.0, -9.0, 10.0, -10.0, 6.0, 7.0, -7.0, -6.0, 10.0, -10.0, 9.0, -9.0, 9.0, -9.0, 0.0]
Q: [0.0, 4.0, 15.0, 11.0, 0.0, 8.0, 0.0, 15.0, 0.0, 9.0, 15.0, 9.0, 0.0, 10.0, 0.0, 6.0, 13.0, 6.0, 0.0, 10.0, 0.0, 9.0, 0.0, 9.0, 0.0, 0.0]
B: [0.0, 61.0, 79.2569011609, 99.5250225588, 129.162583474, 156.9585241309, 168.9802359059, 256.0, 261.08428175852, 267.0, 307.4405515417, 327.3534349341, 339.9719804129, 355.7284044044, 377.4830905433, 422.0, 433.71491463899997, 460.34203093049996, 477.46940737869994, 496.0, 538.1771424471, 545.50743971256, 586.24240175996, 596.04714229707, 629.82692207727, 650.67794919827]
