Avion: 7      Iteracion: 17

Num Ruta: 20
Ingresos: 25200.0
Costos: 100.402392171
Utilidad Ruta: 25099.5976078
Costo Reducido: 57.5463792673
Nodos: [107, 9, 44, 7, 42, 717]
q: [0, 11.0, -11.0, 10.0, -10.0, 0]
Q: [0, 11.0, 0.0, 10.0, 0.0, 0]
B: [0.0, 32.6028927091, 62.1301297116, 517.0, 545.5413118129, 550.5002771283699]
