Avion: 4      Iteracion: 38

Num Ruta: 32
Ingresos: 7200.0
Costos: 38.5165064494
Utilidad Ruta: 7161.48349355
Costo Reducido: 3.35924162828
Nodos: [104, 31, 66, 714]
q: [0, 6.0, -6.0, 0]
Q: [0, 6.0, 0.0, 0]
B: [0.0, 130.0, 143.3056140031, 158.9358149295]
