Avion: 2      Iteracion: 16

Num Ruta: 18
Ingresos: 16800.0
Costos: 60.439332799
Utilidad Ruta: 16739.5606672
Costo Reducido: 22.2024401412
Nodos: [102, 24, 59, 712]
q: [0, 14.0, -14.0, 0]
Q: [0, 14.0, 0.0, 0]
B: [0.0, 61.0, 99.5129503025, 116.7917517077]
