Avion: 4      Iteracion: 37

Num Ruta: 31
Ingresos: 74400.0
Costos: 230.491968434
Utilidad Ruta: 74169.5080316
Costo Reducido: 18.5839007069
Nodos: [104, 1, 36, 18, 53, 22, 57, 8, 43, 13, 48, 15, 50, 714]
q: [0, 7.0, -7.0, 11.0, -11.0, 10.0, -10.0, 8.0, -8.0, 15.0, -15.0, 11.0, -11.0, 0]
Q: [0, 7.0, 0.0, 11.0, 0.0, 10.0, 0.0, 8.0, 0.0, 15.0, 0.0, 11.0, 0.0, 0]
B: [0.0, 175.0, 209.2400855285, 293.0, 316.8182362487, 332.3010836612, 354.0557698001, 414.0, 434.768396616, 436.97907275691, 453.86222370691, 511.0, 527.4211666151, 552.29730478]
