Avion: 5      Iteracion: 34

Num Ruta: 35
Ingresos: 130800.0
Costos: 417.491438898
Utilidad Ruta: 130382.508561
Costo Reducido: 7.84666196303
Nodos: [105, 17, 52, 30, 65, 16, 51, 31, 1, 66, 36, 3, 38, 23, 58, 28, 63, 25, 60, 15, 50, 20, 27, 55, 62, 715]
q: [0.0, 5.0, -5.0, 11.0, -11.0, 11.0, -11.0, 6.0, 7.0, -6.0, -7.0, 15.0, -15.0, 10.0, -10.0, 8.0, -8.0, 10.0, -10.0, 11.0, -11.0, 10.0, 5.0, -10.0, -5.0, 0.0]
Q: [0.0, 5.0, 0.0, 11.0, 0.0, 11.0, 0.0, 6.0, 13.0, 7.0, 0.0, 15.0, 0.0, 10.0, 0.0, 8.0, 0.0, 10.0, 0.0, 11.0, 0.0, 10.0, 15.0, 5.0, 0.0, 0.0]
B: [0.0, 24.0, 58.8425537813, 64.0, 82.7140226568, 93.53069441849999, 103.15478585614, 130.0, 175.0, 193.9896940997, 227.5507818205, 256.0, 261.08428175852, 267.0, 306.733842905, 378.0, 414.0266187839, 417.35999740026, 434.54497971036, 511.0, 527.4211666151, 533.55501866744, 557.04922254844, 583.34998590234, 599.5077517132399, 621.3892782824399]
