Avion: 6      Iteracion: 45

Num Ruta: 38
Ingresos: 80400.0
Costos: 242.19246486
Utilidad Ruta: 80157.8075351
Costo Reducido: 7.92987112672
Nodos: [106, 10, 45, 35, 26, 70, 61, 22, 57, 32, 25, 60, 67, 29, 27, 64, 62, 716]
q: [0.0, 12.0, -12.0, 6.0, 9.0, -6.0, -9.0, 10.0, -10.0, 6.0, 9.0, -9.0, -6.0, 9.0, 6.0, -9.0, -6.0, 0.0]
Q: [0.0, 12.0, 0.0, 6.0, 15.0, 9.0, 0.0, 10.0, 0.0, 6.0, 15.0, 6.0, 0.0, 9.0, 15.0, 6.0, 0.0, 0.0]
B: [0.0, 96.0, 125.5195107344, 279.0, 300.0, 309.29300538039, 319.11482114938, 332.74900179948, 354.50368793838004, 422.0, 442.6664482919, 459.851430602, 470.8364988767, 549.0, 574.6018082369, 582.8182362320799, 598.26561380888, 616.17949046918]
