Avion: 3      Iteracion: 47

Num Ruta: 39
Ingresos: 20400.0
Costos: 77.5611952518
Utilidad Ruta: 20322.4388047
Costo Reducido: 11.2659763091
Nodos: [103, 22, 57, 19, 54, 713]
q: [0, 10.0, -10.0, 7.0, -7.0, 0]
Q: [0, 10.0, 0.0, 7.0, 0.0, 0]
B: [0.0, 299.0, 320.7546861389, 402.0, 428.6271162915, 434.92584798922996]
