Avion: 1      Iteracion: 19

Num Ruta: 20
Ingresos: 22800.0
Costos: 78.8602657639
Utilidad Ruta: 22721.1397342
Costo Reducido: 41.2628980321
Nodos: [101, 35, 70, 26, 61, 711]
q: [0, 6.0, -6.0, 13.0, -13.0, 0]
Q: [0, 6.0, 0.0, 13.0, 0.0, 0]
B: [0.0, 279.0, 298.9128833924, 308.20588877279, 325.78511674219, 345.36245915628996]
