Avion: 6      Iteracion: 29

Num Ruta: 29
Ingresos: 62400.0
Costos: 207.454336875
Utilidad Ruta: 62192.5456631
Costo Reducido: 1.36448540755
Nodos: [106, 1, 36, 23, 18, 53, 58, 13, 48, 29, 64, 27, 62, 716]
q: [0.0, 7.0, -7.0, 4.0, 11.0, -11.0, -4.0, 15.0, -15.0, 9.0, -9.0, 6.0, -6.0, 0.0]
Q: [0.0, 7.0, 0.0, 4.0, 15.0, 4.0, 0.0, 15.0, 0.0, 9.0, 0.0, 6.0, 0.0, 0.0]
B: [0.0, 175.0, 209.2400855285, 267.0, 293.0, 316.8182362487, 326.74376782137, 423.0, 439.88315095, 549.0, 582.7797797802, 590.99620777538, 608.0270701434799, 625.94094680378]
