Avion: 1      Iteracion: 12

Num Ruta: 13
Ingresos: 124800.0
Costos: 410.358612044
Utilidad Ruta: 124389.641388
Costo Reducido: 254.112604196
Nodos: [101, 9, 44, 16, 51, 26, 61, 28, 63, 25, 60, 8, 43, 5, 40, 7, 21, 56, 27, 62, 42, 33, 68, 711]
q: [0.0, 11.0, -11.0, 11.0, -11.0, 13.0, -13.0, 8.0, -8.0, 10.0, -10.0, 8.0, -8.0, 12.0, -12.0, 2.0, 13.0, -13.0, 6.0, -6.0, -2.0, 10.0, -10.0, 0.0]
Q: [0.0, 11.0, 0.0, 11.0, 0.0, 13.0, 0.0, 8.0, 0.0, 10.0, 0.0, 8.0, 0.0, 12.0, 0.0, 2.0, 15.0, 2.0, 8.0, 2.0, 0.0, 10.0, 0.0, 0.0]
B: [0.0, 35.5033292242, 65.0305662267, 88.7603504019, 98.38444183954, 300.0, 317.5792279694, 378.0, 414.0266187839, 417.35999740026, 434.54497971036, 460.36557956786, 481.13397618386, 490.88678706073, 492.00847596591, 517.0, 527.7674614, 568.5062520792, 581.6837002768, 598.7145626449, 603.1144832123599, 612.5745094279699, 635.8780206655699, 654.64800918447]
