Avion: 4      Iteracion: 33

Num Ruta: 28
Ingresos: 21600.0
Costos: 66.0651515078
Utilidad Ruta: 21533.9348485
Costo Reducido: 20.3676635142
Nodos: [104, 11, 46, 25, 60, 714]
q: [0, 8.0, -8.0, 10.0, -10.0, 0]
Q: [0, 8.0, 0.0, 10.0, 0.0, 0]
B: [0.0, 169.0, 173.05406684701, 410.0, 427.1849823101, 448.2257188466]
