Avion: 2      Iteracion: 13

Num Ruta: 15
Ingresos: 49200.0
Costos: 208.636220644
Utilidad Ruta: 48991.3637794
Costo Reducido: 105.90791957
Nodos: [102, 24, 59, 30, 65, 31, 66, 20, 55, 712]
q: [0, 14.0, -14.0, 11.0, -11.0, 6.0, -6.0, 10.0, -10.0, 0]
Q: [0, 14.0, 0.0, 11.0, 0.0, 6.0, 0.0, 10.0, 0.0, 0]
B: [0.0, 61.0, 99.5129503025, 119.7810717004, 138.4950943572, 162.3894871932, 175.69510119630002, 496.0, 538.1771424471, 581.5754474486]
