Avion: 5      Iteracion: 25

Num Ruta: 29
Ingresos: 70800.0
Costos: 243.478587288
Utilidad Ruta: 70556.5214127
Costo Reducido: 59.3979627271
Nodos: [105, 17, 52, 30, 65, 8, 43, 5, 40, 21, 56, 33, 68, 715]
q: [0, 5.0, -5.0, 11.0, -11.0, 8.0, -8.0, 12.0, -12.0, 13.0, -13.0, 10.0, -10.0, 0]
Q: [0, 5.0, 0.0, 11.0, 0.0, 8.0, 0.0, 12.0, 0.0, 13.0, 0.0, 10.0, 0.0, 0]
B: [0.0, 24.0, 58.8425537813, 64.0, 82.7140226568, 414.0, 434.768396616, 469.0, 470.12168890518, 498.36127928818, 539.10006996738, 562.0, 585.3035112376, 608.9260985641]
