Avion: 4      Iteracion: 20

Num Ruta: 19
Ingresos: 72000.0
Costos: 351.810117775
Utilidad Ruta: 71648.1898822
Costo Reducido: 43.0251248126
Nodos: [104, 12, 16, 51, 47, 1, 36, 23, 18, 53, 58, 22, 57, 19, 54, 32, 67, 714]
q: [0.0, 14.0, 1.0, -1.0, -14.0, 7.0, -7.0, 10.0, 5.0, -5.0, -10.0, 10.0, -10.0, 7.0, -7.0, 6.0, -6.0, 0.0]
Q: [0.0, 14.0, 15.0, 14.0, 0.0, 7.0, 0.0, 10.0, 15.0, 10.0, 0.0, 10.0, 0.0, 7.0, 0.0, 6.0, 0.0, 0.0]
B: [0.0, 54.0, 78.3348492701, 87.95894070774, 108.19522359274, 175.0, 209.2400855285, 267.0, 293.0, 316.8182362487, 326.74376782137, 342.50019181287, 364.25487795177, 402.0, 428.6271162915, 448.1995869838, 476.0569427987, 504.13339323319997]
