Avion: 1      Iteracion: 41

Num Ruta: 35
Ingresos: 104400.0
Costos: 346.36733939
Utilidad Ruta: 104053.632661
Costo Reducido: 26.5300551004
Nodos: [101, 16, 51, 12, 47, 1, 36, 8, 19, 54, 43, 13, 48, 20, 4, 39, 55, 33, 68, 711]
q: [0, 11.0, -11.0, 14.0, -14.0, 7.0, -7.0, 8.0, 7.0, -7.0, -8.0, 15.0, -15.0, 10.0, 5.0, -5.0, -10.0, 10.0, -10.0, 0]
Q: [0, 11.0, 0.0, 14.0, 0.0, 7.0, 0.0, 8.0, 15.0, 8.0, 0.0, 15.0, 0.0, 10.0, 15.0, 10.0, 0.0, 10.0, 0.0, 0]
B: [0.0, 36.0, 45.624091437640004, 79.57799432084, 122.92591858484, 175.0, 209.2400855285, 414.0, 437.1608815463, 463.7879978378, 466.71611702935996, 468.92679317026995, 485.80994412026996, 499.74052935566993, 529.0, 549.4257496801999, 561.2869729308, 572.1087722729, 595.4122835105, 614.1822720294]
