Avion: 3      Iteracion: 23

Num Ruta: 24
Ingresos: 22800.0
Costos: 66.0229423326
Utilidad Ruta: 22733.9770577
Costo Reducido: 8.71156413176
Nodos: [103, 19, 54, 5, 40, 713]
q: [0, 7.0, -7.0, 12.0, -12.0, 0]
Q: [0, 7.0, 0.0, 12.0, 0.0, 0]
B: [0.0, 402.0, 428.6271162915, 469.0, 470.12168890518, 479.93139598541]
