Avion: 5      Iteracion: 13

Num Ruta: 17
Ingresos: 162000.0
Costos: 526.680672395
Utilidad Ruta: 161473.319328
Costo Reducido: 309.873408682
Nodos: [105, 17, 30, 52, 16, 51, 65, 24, 59, 31, 11, 46, 66, 1, 36, 23, 58, 22, 57, 19, 32, 8, 54, 43, 13, 67, 48, 20, 4, 39, 55, 33, 27, 62, 68, 715]
q: [0.0, 5.0, 10.0, -5.0, 5.0, -5.0, -10.0, 14.0, -14.0, 6.0, 8.0, -8.0, -6.0, 7.0, -7.0, 10.0, -10.0, 10.0, -10.0, 7.0, 0.0, 8.0, -7.0, -8.0, 15.0, 0.0, -15.0, 10.0, 5.0, -5.0, -10.0, 9.0, 6.0, -6.0, -9.0, 0.0]
Q: [0.0, 5.0, 15.0, 10.0, 15.0, 10.0, 0.0, 14.0, 0.0, 6.0, 14.0, 6.0, 0.0, 7.0, 0.0, 10.0, 0.0, 10.0, 0.0, 7.0, 7.0, 15.0, 8.0, 0.0, 15.0, 15.0, 0.0, 10.0, 15.0, 10.0, 0.0, 9.0, 15.0, 9.0, 0.0, 0.0]
B: [0.0, 24.0, 64.0, 67.14445448369, 72.47609381883, 82.10018525647, 84.97134181786, 109.70531270816, 148.21826301066, 159.50262076816, 172.68534996206, 176.73941680907, 180.43379537657, 199.42348947627, 233.66357500477, 267.0, 306.733842905, 322.49026689650003, 344.24495303540004, 402.0, 422.0, 433.4468981388, 451.4038575696, 454.33197676116, 456.54265290206996, 470.38483267987, 474.45578306031, 496.0, 529.0, 549.4257496801999, 561.2869729308, 572.1087722729, 588.5613631934999, 605.5922255615999, 626.1590178491999, 649.7816051757]
