Avion: 7      Iteracion: 27

Num Ruta: 29
Ingresos: 92400.0
Costos: 239.7513434
Utilidad Ruta: 92160.2486566
Costo Reducido: 26.1218547298
Nodos: [107, 16, 51, 14, 49, 3, 38, 23, 58, 6, 41, 13, 48, 21, 56, 717]
q: [0, 11.0, -11.0, 8.0, -8.0, 15.0, -15.0, 10.0, -10.0, 5.0, -5.0, 15.0, -15.0, 13.0, -13.0, 0]
Q: [0, 11.0, 0.0, 8.0, 0.0, 15.0, 0.0, 10.0, 0.0, 5.0, 0.0, 15.0, 0.0, 13.0, 0.0, 0]
B: [0.0, 36.0, 45.624091437640004, 112.0, 124.021711775, 256.0, 261.08428175852, 267.0, 306.733842905, 436.0, 439.69228939819, 453.10235550539, 469.98550645539, 485.49690284639, 526.23569352559, 548.0062252599901]
