Avion: 7      Iteracion: 14

Num Ruta: 17
Ingresos: 126000.0
Costos: 369.09667278
Utilidad Ruta: 125630.903327
Costo Reducido: 330.384580582
Nodos: [107, 12, 47, 31, 66, 14, 49, 3, 38, 23, 58, 6, 41, 5, 40, 15, 21, 50, 4, 39, 33, 56, 27, 68, 62, 717]
q: [0.0, 14.0, -14.0, 6.0, -6.0, 8.0, -8.0, 15.0, -15.0, 10.0, -10.0, 5.0, -5.0, 12.0, -12.0, 9.0, 6.0, -9.0, 5.0, -5.0, 9.0, -6.0, 6.0, -9.0, -6.0, 0.0]
Q: [0.0, 14.0, 0.0, 6.0, 0.0, 8.0, 0.0, 15.0, 0.0, 10.0, 0.0, 5.0, 0.0, 12.0, 0.0, 9.0, 15.0, 6.0, 11.0, 6.0, 15.0, 9.0, 15.0, 6.0, 0.0, 0.0]
B: [0.0, 54.0, 97.347924264, 130.0, 143.3056140031, 160.3516205736, 172.3733323486, 256.0, 261.08428175852, 267.0, 306.733842905, 436.0, 439.69228939819, 469.0, 470.12168890518, 511.0, 516.67223351071, 527.47150163401, 533.0461809073, 553.4719305875001, 562.0433960398001, 572.1989409784001, 585.3763891760001, 592.5951425309801, 613.1619348185801, 614.0711025698781]
