Avion: 4      Iteracion: 14

Num Ruta: 14
Ingresos: 13200.0
Costos: 65.4103034322
Utilidad Ruta: 13134.5896966
Costo Reducido: 81.0795107987
Nodos: [104, 15, 50, 714]
q: [0, 11.0, -11.0, 0]
Q: [0, 11.0, 0.0, 0]
B: [0.0, 511.0, 527.4211666151, 552.29730478]
