Avion: 3      Iteracion: 27

Num Ruta: 27
Ingresos: 116400.0
Costos: 336.223648075
Utilidad Ruta: 116063.776352
Costo Reducido: 55.7407805141
Nodos: [103, 30, 16, 51, 65, 24, 59, 1, 36, 3, 38, 23, 18, 53, 58, 28, 63, 21, 56, 33, 68, 713]
q: [0.0, 11.0, 4.0, -4.0, -11.0, 14.0, -14.0, 7.0, -7.0, 15.0, -15.0, 10.0, 5.0, -5.0, -10.0, 8.0, -8.0, 13.0, -13.0, 10.0, -10.0, 0.0]
Q: [0.0, 11.0, 15.0, 11.0, 0.0, 14.0, 0.0, 7.0, 0.0, 15.0, 0.0, 10.0, 15.0, 10.0, 0.0, 8.0, 0.0, 13.0, 0.0, 10.0, 0.0, 0.0]
B: [0.0, 64.0, 72.20259129788, 81.82668273552001, 84.69783929691, 109.43181018721, 147.94476048971, 175.0, 209.2400855285, 256.0, 261.08428175852, 267.0, 293.0, 316.8182362487, 326.74376782137, 378.0, 414.0266187839, 477.0, 517.7387906792, 562.0, 585.3035112376, 598.7591057989999]
