Avion: 2      Iteracion: 48

Num Ruta: 40
Ingresos: 22800.0
Costos: 78.9883618613
Utilidad Ruta: 22721.0116381
Costo Reducido: 0.348823609347
Nodos: [102, 14, 49, 18, 53, 712]
q: [0, 8.0, -8.0, 11.0, -11.0, 0]
Q: [0, 8.0, 0.0, 11.0, 0.0, 0]
B: [0.0, 112.0, 124.021711775, 293.0, 316.8182362487, 333.69095994699995]
