Avion: 5      Iteracion: 0

Num Ruta: 2
Ingresos: 193200.0
Costos: 659.191826722
Utilidad Ruta: 192540.808173
Costo Reducido: -
Nodos: [105, 16, 51, 12, 47, 10, 45, 1, 11, 46, 36, 3, 38, 23, 18, 53, 58, 26, 61, 28, 63, 25, 60, 13, 48, 21, 56, 15, 50, 29, 64, 715]
q: [0.0, 11.0, -11.0, 14.0, -14.0, 12.0, -12.0, 7.0, 8.0, -8.0, -7.0, 15.0, -15.0, 4.0, 11.0, -11.0, -4.0, 13.0, -13.0, 8.0, -8.0, 10.0, -10.0, 15.0, -15.0, 13.0, -13.0, 11.0, -11.0, 9.0, -9.0, 0.0]
Q: [0.0, 11.0, 0.0, 14.0, 0.0, 12.0, 0.0, 7.0, 15.0, 7.0, 0.0, 15.0, 0.0, 4.0, 15.0, 4.0, 0.0, 13.0, 0.0, 8.0, 0.0, 10.0, 0.0, 15.0, 0.0, 13.0, 0.0, 11.0, 0.0, 9.0, 0.0, 0.0]
B: [0.0, 36.0, 45.624091437640004, 79.57799432084, 122.92591858484, 131.64368894199, 161.16319967639, 199.58254084719002, 218.26336944229, 222.31743628930002, 256.6331656273, 263.7297175365, 268.81399929502, 272.17648661842, 293.0, 316.8182362487, 326.74376782137, 346.43014059547, 364.00936856487, 378.0, 414.0266187839, 417.35999740026, 434.54497971036, 450.54604017526, 467.42919112526, 482.94058751626, 523.67937819546, 570.06514567856, 586.48631229366, 601.6241891593601, 635.4039689395601, 667.19150066196]
