Avion: 3      Iteracion: 17

Num Ruta: 18
Ingresos: 60000.0
Costos: 228.367117861
Utilidad Ruta: 59771.6328821
Costo Reducido: 73.8337575206
Nodos: [103, 30, 16, 51, 65, 14, 49, 34, 69, 29, 27, 64, 62, 713]
q: [0.0, 11.0, 4.0, -4.0, -11.0, 8.0, -8.0, 12.0, -12.0, 9.0, 6.0, -9.0, -6.0, 0.0]
Q: [0.0, 11.0, 15.0, 11.0, 0.0, 8.0, 0.0, 12.0, 0.0, 9.0, 15.0, 6.0, 0.0, 0.0]
B: [0.0, 64.0, 72.20259129788, 81.82668273552001, 84.69783929691, 112.49377995381, 124.51549172881, 283.0, 323.947598037, 549.0, 574.6018082369, 582.8182362320799, 598.26561380888, 610.7086524248799]
