Avion: 5      Iteracion: 7

Num Ruta: 11
Ingresos: 115200.0
Costos: 539.095035663
Utilidad Ruta: 114660.904964
Costo Reducido: 91092.2374892
Nodos: [105, 16, 51, 30, 24, 65, 59, 14, 49, 1, 36, 23, 18, 53, 58, 22, 57, 8, 6, 41, 43, 20, 7, 42, 27, 62, 55, 715]
q: [0.0, 11.0, -11.0, 11.0, 0.0, -11.0, 0.0, 8.0, -8.0, 7.0, -7.0, 4.0, 11.0, -11.0, -4.0, 10.0, -10.0, 8.0, 5.0, -5.0, -8.0, 9.0, 6.0, -6.0, 6.0, -6.0, -9.0, 0.0]
Q: [0.0, 11.0, 0.0, 11.0, 11.0, 0.0, 0.0, 8.0, 0.0, 7.0, 0.0, 4.0, 15.0, 4.0, 0.0, 10.0, 0.0, 8.0, 13.0, 8.0, 0.0, 9.0, 15.0, 9.0, 15.0, 9.0, 0.0, 0.0]
B: [0.0, 36.0, 45.624091437640004, 64.0, 82.2569011609, 106.9908720512, 136.6284329664, 165.2748022651, 177.2965140401, 212.97824325829998, 247.2183287868, 267.0, 293.0, 316.8182362487, 326.74376782137, 342.50019181287, 364.25487795177, 414.0, 441.9144979715, 445.60678736969, 458.47278985688996, 496.0, 517.0, 545.5413118129, 561.3810866849999, 578.4119490530999, 594.5697148639998, 632.4151635863998]
