Avion: 4      Iteracion: 46

Num Ruta: 35
Ingresos: 36000.0
Costos: 108.671437185
Utilidad Ruta: 35891.3285628
Costo Reducido: 12.4099059372
Nodos: [104, 1, 36, 8, 43, 13, 48, 714]
q: [0, 7.0, -7.0, 8.0, -8.0, 15.0, -15.0, 0]
Q: [0, 7.0, 0.0, 8.0, 0.0, 15.0, 0.0, 0]
B: [0.0, 175.0, 209.2400855285, 414.0, 434.768396616, 436.97907275691, 453.86222370691, 477.98498913711]
