Avion: 6      Iteracion: 38

Num Ruta: 34
Ingresos: 66000.0
Costos: 186.867001437
Utilidad Ruta: 65813.1329986
Costo Reducido: 11.2404866771
Nodos: [106, 10, 45, 35, 70, 22, 57, 19, 8, 43, 54, 5, 40, 716]
q: [0, 12.0, -12.0, 6.0, -6.0, 10.0, -10.0, 7.0, 8.0, -8.0, -7.0, 12.0, -12.0, 0]
Q: [0, 12.0, 0.0, 6.0, 0.0, 10.0, 0.0, 7.0, 15.0, 7.0, 0.0, 12.0, 0.0, 0]
B: [0.0, 96.0, 125.5195107344, 279.0, 298.9128833924, 314.02713802169995, 335.78182416059997, 402.0, 425.1608815463, 445.9292781623, 448.85739735386, 469.0, 470.12168890518, 487.46667192618]
