Avion: 5      Iteracion: 24

Num Ruta: 28
Ingresos: 178800.0
Costos: 519.734666052
Utilidad Ruta: 178280.265334
Costo Reducido: 45.4576440513
Nodos: [105, 17, 30, 52, 16, 51, 65, 31, 11, 46, 66, 1, 36, 3, 38, 23, 58, 26, 61, 22, 57, 19, 32, 8, 54, 43, 13, 67, 48, 15, 50, 20, 4, 39, 55, 33, 68, 715]
q: [0.0, 5.0, 10.0, -5.0, 5.0, -5.0, -10.0, 6.0, 8.0, -8.0, -6.0, 7.0, -7.0, 15.0, -15.0, 10.0, -10.0, 13.0, -13.0, 10.0, -10.0, 7.0, 6.0, 2.0, -7.0, -2.0, 9.0, -6.0, -9.0, 11.0, -11.0, 10.0, 5.0, -5.0, -10.0, 10.0, -10.0, 0.0]
Q: [0.0, 5.0, 15.0, 10.0, 15.0, 10.0, 0.0, 6.0, 14.0, 6.0, 0.0, 7.0, 0.0, 15.0, 0.0, 10.0, 0.0, 13.0, 0.0, 10.0, 0.0, 7.0, 13.0, 15.0, 8.0, 6.0, 15.0, 9.0, 0.0, 11.0, 0.0, 10.0, 15.0, 10.0, 0.0, 10.0, 0.0, 0.0]
B: [0.0, 24.0, 64.0, 67.14445448369, 72.47609381883, 82.10018525647, 84.97134181786, 130.0, 169.0, 173.05406684701, 176.74844541451, 195.73813951421, 229.97822504271, 256.0, 261.08428175852, 267.0, 306.733842905, 326.4202156791, 343.9994436485, 357.6336242986, 379.3883104375, 402.0, 422.0, 433.4468981388, 451.4038575696, 454.33197676116, 456.54265290206996, 470.38483267987, 474.45578306031, 511.0, 527.4211666151, 533.55501866744, 543.83416970244, 564.25991938264, 576.12114263324, 586.94294197534, 610.24645321294, 633.86904053944]
