Avion: 3      Iteracion: 1

Num Ruta: 4
Ingresos: 60000.0
Costos: 179.262899566
Utilidad Ruta: 59820.7371004
Costo Reducido: 40779.0907497
Nodos: [103, 12, 47, 26, 61, 18, 53, 5, 40, 713]
q: [0, 14.0, -14.0, 13.0, -13.0, 11.0, -11.0, 12.0, -12.0, 0]
Q: [0, 14.0, 0.0, 13.0, 0.0, 11.0, 0.0, 12.0, 0.0, 0]
B: [0.0, 54.0, 97.347924264, 300.0, 317.5792279694, 340.8578987218, 364.67613497049996, 469.0, 470.12168890518, 479.93139598541]
