Avion: 3      Iteracion: 18

Num Ruta: 19
Ingresos: 134400.0
Costos: 393.749600581
Utilidad Ruta: 134006.250399
Costo Reducido: 175.991176269
Nodos: [103, 30, 16, 51, 65, 24, 59, 1, 11, 46, 36, 3, 38, 23, 18, 53, 58, 28, 63, 20, 7, 42, 55, 33, 27, 68, 62, 713]
q: [0.0, 11.0, 4.0, -4.0, -11.0, 14.0, -14.0, 7.0, 8.0, -8.0, -7.0, 15.0, -15.0, 4.0, 11.0, -11.0, -4.0, 8.0, -8.0, 10.0, 5.0, -5.0, -10.0, 9.0, 6.0, -9.0, -6.0, 0.0]
Q: [0.0, 11.0, 15.0, 11.0, 0.0, 14.0, 0.0, 7.0, 15.0, 7.0, 0.0, 15.0, 0.0, 4.0, 15.0, 4.0, 0.0, 8.0, 0.0, 10.0, 15.0, 10.0, 0.0, 9.0, 15.0, 6.0, 0.0, 0.0]
B: [0.0, 64.0, 72.20259129788, 81.82668273552001, 84.69783929691, 109.43181018721, 147.94476048971, 175.0, 193.6808285951, 197.73489544211, 232.05062478011, 256.0, 261.08428175852, 267.0, 293.0, 316.8182362487, 326.74376782137, 378.0, 414.0266187839, 496.0, 517.0, 545.5413118129, 558.5049963585999, 569.3267957006999, 585.7793866212999, 592.9981399762798, 613.5649322638799, 626.0079708798798]
