Avion: 6      Iteracion: 22

Num Ruta: 25
Ingresos: 58800.0
Costos: 203.000917703
Utilidad Ruta: 58596.9990823
Costo Reducido: 73.8204452666
Nodos: [106, 10, 45, 35, 70, 22, 57, 32, 25, 60, 67, 27, 62, 716]
q: [0.0, 12.0, -12.0, 6.0, -6.0, 10.0, -10.0, 6.0, 9.0, -9.0, -6.0, 6.0, -6.0, 0.0]
Q: [0.0, 12.0, 0.0, 6.0, 0.0, 10.0, 0.0, 6.0, 15.0, 6.0, 0.0, 6.0, 0.0, 0.0]
B: [0.0, 96.0, 125.5195107344, 279.0, 298.9128833924, 314.02713802169995, 335.78182416059997, 422.0, 442.6664482919, 459.851430602, 470.8364988767, 538.0, 555.0308623681, 572.9447390284]
