Avion: 5      Iteracion: 45

Num Ruta: 44
Ingresos: 129600.0
Costos: 417.114613607
Utilidad Ruta: 129182.885386
Costo Reducido: 19.3198837406
Nodos: [105, 17, 30, 52, 16, 51, 65, 24, 59, 31, 66, 11, 46, 34, 69, 28, 63, 25, 21, 60, 20, 56, 55, 2, 33, 68, 37, 715]
q: [0.0, 5.0, 10.0, -5.0, 5.0, -5.0, -10.0, 14.0, -14.0, 6.0, -6.0, 8.0, -8.0, 12.0, -12.0, 8.0, -8.0, 10.0, 5.0, -10.0, 10.0, -5.0, -10.0, 9.0, 6.0, -6.0, -9.0, 0.0]
Q: [0.0, 5.0, 15.0, 10.0, 15.0, 10.0, 0.0, 14.0, 0.0, 6.0, 0.0, 8.0, 0.0, 12.0, 0.0, 8.0, 0.0, 10.0, 15.0, 5.0, 15.0, 10.0, 0.0, 9.0, 15.0, 9.0, 0.0, 0.0]
B: [0.0, 24.0, 64.0, 67.14445448369, 72.47609381883, 82.10018525647, 84.97134181786, 109.70531270816, 148.21826301066, 159.50262076816, 172.80823477126, 173.287113670357, 177.341180517367, 283.0, 323.947598037, 378.0, 414.0266187839, 417.35999740026, 477.0, 485.168713485, 496.0, 532.4252917215, 553.0247123444, 560.35500960986, 574.14061053986, 597.4441217774599, 615.9629058088599, 630.5973417050599]
