Avion: 2      Iteracion: 28

Num Ruta: 28
Ingresos: 36000.0
Costos: 120.235889294
Utilidad Ruta: 35879.7641107
Costo Reducido: 16.7770737904
Nodos: [102, 9, 44, 14, 49, 18, 53, 712]
q: [0, 11.0, -11.0, 8.0, -8.0, 11.0, -11.0, 0]
Q: [0, 11.0, 0.0, 8.0, 0.0, 11.0, 0.0, 0]
B: [0.0, 28.0, 57.5272370025, 112.0, 124.021711775, 293.0, 316.8182362487, 333.69095994699995]
