Avion: 6      Iteracion: 47

Num Ruta: 40
Ingresos: 76800.0
Costos: 243.146633153
Utilidad Ruta: 76556.8533668
Costo Reducido: 13.6709833737
Nodos: [106, 31, 11, 66, 46, 34, 69, 28, 63, 25, 19, 60, 54, 4, 7, 39, 42, 716]
q: [0.0, 6.0, 8.0, -6.0, -8.0, 12.0, -12.0, 8.0, -8.0, 8.0, 7.0, -8.0, -7.0, 5.0, 10.0, -5.0, -10.0, 0.0]
Q: [0.0, 6.0, 14.0, 8.0, 0.0, 12.0, 0.0, 8.0, 0.0, 8.0, 15.0, 7.0, 0.0, 5.0, 15.0, 10.0, 0.0, 0.0]
B: [0.0, 130.0, 169.0, 169.478878899097, 173.173257466597, 283.0, 323.947598037, 378.0, 414.0266187839, 417.35999740026, 426.75200464046, 443.42489632125995, 460.21175275715996, 529.0, 539.3633732925, 569.0610398002, 570.2214138778099, 591.45895163531]
