Avion: 6      Iteracion: 10

Num Ruta: 13
Ingresos: 127200.0
Costos: 489.361928913
Utilidad Ruta: 126710.638071
Costo Reducido: 51108.5505967
Nodos: [106, 17, 52, 16, 51, 12, 47, 26, 35, 70, 61, 22, 57, 8, 6, 41, 43, 13, 48, 15, 7, 50, 29, 4, 42, 39, 33, 68, 64, 716]
q: [0.0, 5.0, -5.0, 11.0, -11.0, 14.0, -14.0, 0.0, 6.0, -6.0, 0.0, 10.0, -10.0, 8.0, 5.0, -5.0, -8.0, 15.0, -15.0, 11.0, 1.0, -11.0, 9.0, 5.0, -1.0, -5.0, 6.0, -6.0, -9.0, 0.0]
Q: [0.0, 5.0, 0.0, 11.0, 0.0, 14.0, 0.0, 0.0, 6.0, 0.0, 0.0, 10.0, 0.0, 8.0, 13.0, 8.0, 0.0, 15.0, 0.0, 11.0, 12.0, 1.0, 10.0, 15.0, 14.0, 9.0, 15.0, 9.0, 0.0, 0.0]
B: [0.0, 24.0, 58.8425537813, 64.17419311644, 73.79828455408, 107.75218743728, 151.10011170128, 300.0, 310.6272145927, 330.5400979851, 340.36191375409, 353.99609440419, 375.75078054309, 414.0, 441.9144979715, 445.60678736969, 458.47278985688996, 460.68346599779994, 477.56661694779996, 511.0, 524.7672641436, 535.6720037094999, 550.8098805751999, 571.5198832067999, 590.7922441935, 591.9526182711099, 600.52408372341, 623.8275949610099, 639.2420108435099, 672.5392171077099]
