Avion: 1      Iteracion: 3

Num Ruta: 5
Ingresos: 49200.0
Costos: 133.986328752
Utilidad Ruta: 49066.0136712
Costo Reducido: 32104.8995666
Nodos: [101, 3, 38, 18, 53, 13, 48, 711]
q: [0, 15.0, -15.0, 11.0, -11.0, 15.0, -15.0, 0]
Q: [0, 15.0, 0.0, 11.0, 0.0, 15.0, 0.0, 0]
B: [0.0, 256.0, 261.08428175852, 293.0, 316.8182362487, 423.0, 439.88315095, 462.6581425856]
