Avion: 7      Iteracion: 33

Num Ruta: 34
Ingresos: 66000.0
Costos: 213.066593059
Utilidad Ruta: 65786.9334069
Costo Reducido: 31.2633107307
Nodos: [107, 35, 70, 22, 57, 8, 19, 54, 43, 13, 48, 29, 64, 717]
q: [0, 6.0, -6.0, 10.0, -10.0, 8.0, 7.0, -7.0, -8.0, 15.0, -15.0, 9.0, -9.0, 0]
Q: [0, 6.0, 0.0, 10.0, 0.0, 8.0, 15.0, 8.0, 0.0, 15.0, 0.0, 9.0, 0.0, 0]
B: [0.0, 279.0, 298.9128833924, 314.02713802169995, 335.78182416059997, 414.0, 437.1608815463, 463.7879978378, 466.71611702935996, 468.92679317026995, 485.80994412026996, 549.0, 582.7797797802, 599.0926022215]
