Avion: 5      Iteracion: 15

Num Ruta: 19
Ingresos: 60000.0
Costos: 306.533357656
Utilidad Ruta: 59693.4666423
Costo Reducido: 98.983711212
Nodos: [105, 17, 52, 9, 44, 18, 53, 19, 32, 54, 67, 20, 55, 715]
q: [0, 5.0, -5.0, 11.0, -11.0, 11.0, -11.0, 7.0, 6.0, -7.0, -6.0, 10.0, -10.0, 0]
Q: [0, 5.0, 0.0, 11.0, 0.0, 11.0, 0.0, 7.0, 13.0, 6.0, 0.0, 10.0, 0.0, 0]
B: [0.0, 24.0, 58.8425537813, 81.72911018459999, 111.25634718709999, 293.0, 316.8182362487, 402.0, 422.0, 441.5724706923, 458.69984714049997, 496.0, 538.1771424471, 576.0225911695]
