Avion: 6      Iteracion: 19

Num Ruta: 22
Ingresos: 84000.0
Costos: 268.579629331
Utilidad Ruta: 83731.4203707
Costo Reducido: 66.3824655519
Nodos: [106, 14, 49, 23, 18, 53, 58, 26, 61, 13, 48, 29, 64, 33, 68, 716]
q: [0.0, 8.0, -8.0, 10.0, 5.0, -5.0, -10.0, 13.0, -13.0, 15.0, -15.0, 9.0, -9.0, 10.0, -10.0, 0.0]
Q: [0.0, 8.0, 0.0, 10.0, 15.0, 10.0, 0.0, 13.0, 0.0, 15.0, 0.0, 9.0, 0.0, 10.0, 0.0, 0.0]
B: [0.0, 112.0, 124.021711775, 267.0, 293.0, 316.8182362487, 326.74376782137, 346.43014059547, 364.00936856487, 423.0, 439.88315095, 549.0, 582.7797797802, 591.6312714624, 614.9347827, 650.9882792017]
