Avion: 5      Iteracion: 47

Num Ruta: 46
Ingresos: 96000.0
Costos: 304.141273688
Utilidad Ruta: 95695.8587263
Costo Reducido: 4.45288925886
Nodos: [105, 17, 30, 52, 16, 51, 65, 31, 11, 46, 66, 19, 32, 54, 13, 67, 48, 20, 7, 42, 55, 2, 37, 715]
q: [0.0, 5.0, 10.0, -5.0, 5.0, -5.0, -10.0, 6.0, 8.0, -8.0, -6.0, 7.0, 6.0, -7.0, 9.0, -6.0, -9.0, 10.0, 5.0, -5.0, -10.0, 9.0, -9.0, 0.0]
Q: [0.0, 5.0, 15.0, 10.0, 15.0, 10.0, 0.0, 6.0, 14.0, 6.0, 0.0, 7.0, 13.0, 6.0, 15.0, 9.0, 0.0, 10.0, 15.0, 10.0, 0.0, 9.0, 0.0, 0.0]
B: [0.0, 24.0, 64.0, 67.14445448369, 72.47609381883, 82.10018525647, 84.97134181786, 130.0, 169.0, 173.05406684701, 176.74844541451, 402.0, 422.0, 441.5724706923, 445.80008999872, 459.64226977652004, 463.71322015696006, 496.0, 517.0, 545.5413118129, 558.5049963585999, 565.8352936240599, 606.5702556714599, 621.2046915676599]
