Avion: 6      Iteracion: 11

Num Ruta: 14
Ingresos: 50400.0
Costos: 235.804834321
Utilidad Ruta: 50164.1951657
Costo Reducido: 2535.40114293
Nodos: [106, 9, 44, 22, 57, 18, 53, 6, 41, 4, 39, 716]
q: [0, 11.0, -11.0, 10.0, -10.0, 11.0, -11.0, 5.0, -5.0, 5.0, -5.0, 0]
Q: [0, 11.0, 0.0, 10.0, 0.0, 11.0, 0.0, 5.0, 0.0, 5.0, 0.0, 0]
B: [0.0, 41.2454164484, 70.77265345090001, 299.0, 320.7546861389, 334.15512273630003, 357.973358985, 436.0, 439.69228939819, 529.0, 549.4257496801999, 571.1005356306999]
