Avion: 3      Iteracion: 16

Num Ruta: 17
Ingresos: 87600.0
Costos: 241.94660421
Utilidad Ruta: 87358.0533958
Costo Reducido: 60.9577258497
Nodos: [103, 30, 16, 51, 65, 24, 59, 1, 31, 66, 11, 46, 36, 8, 43, 6, 41, 33, 68, 713]
q: [0.0, 11.0, 4.0, -4.0, -11.0, 14.0, -14.0, 7.0, 6.0, -6.0, 8.0, -8.0, -7.0, 8.0, -8.0, 5.0, -5.0, 10.0, -10.0, 0.0]
Q: [0.0, 11.0, 15.0, 11.0, 0.0, 14.0, 0.0, 7.0, 13.0, 7.0, 15.0, 7.0, 0.0, 8.0, 0.0, 5.0, 0.0, 10.0, 0.0, 0.0]
B: [0.0, 64.0, 72.20259129788, 81.82668273552001, 84.69783929691, 109.43181018721, 147.94476048971, 175.0, 183.89376197118, 197.19937597428, 197.678254873377, 201.732321720387, 236.048051058387, 414.0, 434.768396616, 443.95906824543, 447.65135764362, 562.0, 585.3035112376, 598.7591057989999]
