Avion: 2      Iteracion: 0

Num Ruta: 2
Ingresos: 188400.0
Costos: 589.087516784
Utilidad Ruta: 187810.912483
Costo Reducido: -
Nodos: [102, 9, 44, 12, 47, 31, 66, 14, 49, 11, 46, 3, 38, 23, 18, 53, 58, 26, 61, 28, 63, 25, 60, 19, 54, 13, 48, 5, 40, 4, 20, 39, 55, 712]
q: [0.0, 11.0, -11.0, 14.0, -14.0, 6.0, -6.0, 8.0, -8.0, 8.0, -8.0, 15.0, -15.0, 10.0, 5.0, -5.0, -10.0, 13.0, -13.0, 8.0, -8.0, 10.0, -10.0, 7.0, -7.0, 15.0, -15.0, 12.0, -12.0, 5.0, 10.0, -5.0, -10.0, 0.0]
Q: [0.0, 11.0, 0.0, 14.0, 0.0, 6.0, 0.0, 8.0, 0.0, 8.0, 0.0, 15.0, 0.0, 10.0, 15.0, 10.0, 0.0, 13.0, 0.0, 8.0, 0.0, 10.0, 0.0, 7.0, 0.0, 15.0, 0.0, 12.0, 0.0, 5.0, 15.0, 10.0, 0.0, 0.0]
B: [0.0, 28.0, 57.5272370025, 68.3142737596, 111.6621980236, 132.5795314101, 145.8851454132, 162.9311519837, 174.9528637587, 204.4012928679, 208.45535971491, 256.0, 261.08428175852, 267.0, 293.0, 316.8182362487, 326.74376782137, 346.43014059547, 364.00936856487, 378.0, 414.0266187839, 417.35999740026, 434.54497971036, 451.21787139116, 477.84498768265996, 482.07260698908, 498.95575793908, 526.22004103988, 527.34172994506, 540.63461841976, 550.9137694547601, 581.29375918486, 593.15498243546, 636.5532874369601]
