Avion: 5      Iteracion: 22

Num Ruta: 26
Ingresos: 87600.0
Costos: 345.520659094
Utilidad Ruta: 87254.4793409
Costo Reducido: 45.9166646067
Nodos: [105, 1, 11, 46, 36, 23, 26, 61, 58, 28, 63, 25, 32, 67, 60, 15, 21, 50, 4, 39, 56, 715]
q: [0.0, 7.0, 8.0, -8.0, -7.0, 10.0, 5.0, -5.0, -10.0, 8.0, -8.0, 9.0, 6.0, -6.0, -9.0, 5.0, 10.0, -5.0, 5.0, -5.0, -10.0, 0.0]
Q: [0.0, 7.0, 15.0, 7.0, 0.0, 10.0, 15.0, 10.0, 0.0, 8.0, 0.0, 9.0, 15.0, 9.0, 0.0, 5.0, 15.0, 10.0, 15.0, 10.0, 0.0, 0.0]
B: [0.0, 175.0, 193.6808285951, 197.73489544211, 232.05062478011, 267.0, 301.4413435423, 319.0205715117, 322.08764389428, 378.0, 414.0266187839, 417.35999740026, 438.02644569216, 465.88380150706, 476.86886978176, 511.0, 516.67223351071, 527.47150163401, 533.0461809073, 553.4719305875001, 570.2748750021001, 608.4174128437]
