Avion: 7      Iteracion: 49

Num Ruta: 47
Ingresos: 54000.0
Costos: 208.559391929
Utilidad Ruta: 53791.4406081
Costo Reducido: 8.23900760099
Nodos: [107, 9, 44, 14, 49, 18, 53, 20, 7, 55, 42, 717]
q: [0.0, 11.0, -11.0, 8.0, -8.0, 11.0, -11.0, 10.0, 5.0, -10.0, -5.0, 0.0]
Q: [0.0, 11.0, 0.0, 8.0, 0.0, 11.0, 0.0, 10.0, 15.0, 5.0, 0.0, 0.0]
B: [0.0, 32.6028927091, 62.1301297116, 112.0, 124.021711775, 293.0, 316.8182362487, 496.0, 517.0, 557.8372308194, 570.8009153651, 575.75988068057]
