Avion: 1      Iteracion: 18

Num Ruta: 19
Ingresos: 13200.0
Costos: 78.7418554597
Utilidad Ruta: 13121.2581445
Costo Reducido: 28.4656576677
Nodos: [101, 18, 53, 711]
q: [0, 11.0, -11.0, 0]
Q: [0, 11.0, 0.0, 0]
B: [0.0, 293.0, 316.8182362487, 336.1770304777]
