Avion: 4      Iteracion: 32

Num Ruta: 27
Ingresos: 19200.0
Costos: 70.6520055017
Utilidad Ruta: 19129.3479945
Costo Reducido: 23.3148080882
Nodos: [104, 31, 66, 25, 60, 714]
q: [0, 6.0, -6.0, 10.0, -10.0, 0]
Q: [0, 6.0, 0.0, 10.0, 0.0, 0]
B: [0.0, 130.0, 143.3056140031, 410.0, 427.1849823101, 448.2257188466]
