Avion: 5      Iteracion: 20

Num Ruta: 24
Ingresos: 115200.0
Costos: 427.702507862
Utilidad Ruta: 114772.297492
Costo Reducido: 96.4045249845
Nodos: [105, 17, 52, 9, 44, 14, 49, 23, 18, 53, 58, 22, 57, 32, 19, 54, 13, 67, 48, 15, 50, 4, 29, 64, 39, 715]
q: [0.0, 5.0, -5.0, 11.0, -11.0, 8.0, -8.0, 10.0, 5.0, -5.0, -10.0, 10.0, -10.0, 6.0, 7.0, -7.0, 9.0, -6.0, -9.0, 11.0, -11.0, 5.0, 9.0, -9.0, -5.0, 0.0]
Q: [0.0, 5.0, 0.0, 11.0, 0.0, 8.0, 0.0, 10.0, 15.0, 10.0, 0.0, 10.0, 0.0, 6.0, 13.0, 6.0, 15.0, 9.0, 0.0, 11.0, 0.0, 5.0, 14.0, 5.0, 0.0, 0.0]
B: [0.0, 24.0, 58.8425537813, 81.72911018459999, 111.25634718709999, 121.5131539026, 133.5348656776, 267.0, 293.0, 316.8182362487, 326.74376782137, 342.50019181287, 364.25487795177, 422.0, 433.71491463899997, 460.34203093049996, 464.56965023692, 478.41183001472, 482.48278039516003, 511.0, 527.4211666151, 532.99584588839, 553.70584851999, 587.48562830019, 599.70469933689, 626.75191213229]
