Avion: 4      Iteracion: 25

Num Ruta: 23
Ingresos: 26400.0
Costos: 112.411033652
Utilidad Ruta: 26287.5889663
Costo Reducido: 22.9690616141
Nodos: [104, 10, 45, 33, 68, 714]
q: [0, 12.0, -12.0, 10.0, -10.0, 0]
Q: [0, 12.0, 0.0, 10.0, 0.0, 0]
B: [0.0, 96.0, 125.5195107344, 562.0, 585.3035112376, 618.4436307455]
