Avion: 3      Iteracion: 9

Num Ruta: 11
Ingresos: 129600.0
Costos: 467.31364459
Utilidad Ruta: 129132.686355
Costo Reducido: 90752.3617944
Nodos: [103, 30, 65, 24, 59, 3, 38, 23, 35, 70, 58, 22, 57, 32, 19, 54, 67, 21, 20, 56, 55, 2, 33, 68, 37, 713]
q: [0.0, 11.0, -11.0, 14.0, -14.0, 15.0, -15.0, 9.0, 6.0, -6.0, -9.0, 10.0, -10.0, 6.0, 7.0, -7.0, -6.0, 5.0, 10.0, -5.0, -10.0, 9.0, 6.0, -6.0, -9.0, 0.0]
Q: [0.0, 11.0, 0.0, 14.0, 0.0, 15.0, 0.0, 9.0, 15.0, 9.0, 0.0, 10.0, 0.0, 6.0, 13.0, 6.0, 0.0, 5.0, 15.0, 10.0, 0.0, 9.0, 15.0, 9.0, 0.0, 0.0]
B: [0.0, 64.0, 82.7140226568, 107.4479935471, 145.9609438496, 256.0, 261.08428175852, 267.0, 307.4405515417, 327.3534349341, 339.9719804129, 355.7284044044, 377.4830905433, 422.0, 433.71491463899997, 460.34203093049996, 477.46940737869994, 495.8813389720999, 500.6307453560599, 537.05603707756, 557.6554577004599, 564.9857549659199, 578.7713558959199, 602.0748671335199, 620.5936511649198, 637.4916769963198]
