Avion: 4      Iteracion: 0

Num Ruta: 2
Ingresos: 177600.0
Costos: 518.557389458
Utilidad Ruta: 177081.442611
Costo Reducido: -
Nodos: [104, 17, 52, 30, 16, 51, 65, 24, 59, 1, 31, 66, 11, 46, 36, 3, 38, 23, 18, 53, 58, 26, 61, 13, 48, 25, 60, 5, 40, 21, 56, 714]
q: [0.0, 5.0, -5.0, 4.0, 11.0, -11.0, -4.0, 14.0, -14.0, 7.0, 6.0, -6.0, 8.0, -8.0, -7.0, 15.0, -15.0, 4.0, 11.0, -11.0, -4.0, 13.0, -13.0, 15.0, -15.0, 10.0, -10.0, 12.0, -12.0, 13.0, -13.0, 0.0]
Q: [0.0, 5.0, 0.0, 4.0, 15.0, 4.0, 0.0, 14.0, 0.0, 7.0, 13.0, 7.0, 15.0, 7.0, 0.0, 15.0, 0.0, 4.0, 15.0, 4.0, 0.0, 13.0, 0.0, 15.0, 0.0, 10.0, 0.0, 12.0, 0.0, 13.0, 0.0, 0.0]
B: [0.0, 24.0, 58.8425537813, 64.0, 72.20259129788, 81.82668273552001, 84.69783929691, 109.43181018721, 147.94476048971, 175.0, 183.89376197118, 197.19937597428, 197.678254873377, 201.732321720387, 236.048051058387, 256.0, 261.08428175852, 267.0, 293.0, 316.8182362487, 326.74376782137, 346.43014059547, 364.00936856487, 423.0, 439.88315095, 463.8957169312, 481.0806992413, 504.1429351476, 505.26462405278, 533.50421443578, 574.24300511498, 627.5516824573799]
