Avion: 5      Iteracion: 0

Num Ruta: 1
Ingresos: 56400.0
Costos: 278.827033987
Utilidad Ruta: 56121.172966
Costo Reducido: -
Nodos: [105, 10, 45, 1, 11, 46, 36, 15, 50, 29, 64, 715]
q: [0, 12.0, -12.0, 7.0, 8.0, -8.0, -7.0, 11.0, -11.0, 9.0, -9.0, 0]
Q: [0, 12.0, 0.0, 7.0, 15.0, 7.0, 0.0, 11.0, 0.0, 9.0, 0.0, 0]
B: [0.0, 96.0, 125.5195107344, 175.0, 193.6808285951, 197.73489544211, 232.05062478011, 511.0, 527.4211666151, 549.0, 582.7797797802, 614.5673115026]
