Avion: 4      Iteracion: 10

Num Ruta: 11
Ingresos: 37200.0
Costos: 223.442109295
Utilidad Ruta: 36976.5578907
Costo Reducido: 24374.6095493
Nodos: [104, 17, 52, 16, 51, 26, 35, 70, 61, 29, 64, 714]
q: [0.0, 5.0, -5.0, 11.0, -11.0, 0.0, 6.0, -6.0, 0.0, 9.0, -9.0, 0.0]
Q: [0.0, 5.0, 0.0, 11.0, 0.0, 0.0, 6.0, 0.0, 0.0, 9.0, 0.0, 0.0]
B: [0.0, 24.0, 58.8425537813, 64.17419311644, 73.79828455408, 300.0, 310.6272145927, 330.5400979851, 340.36191375409, 549.0, 582.7797797802, 630.7952275028]
