Avion: 1      Iteracion: 29

Num Ruta: 29
Ingresos: 21600.0
Costos: 63.5226573362
Utilidad Ruta: 21536.4773427
Costo Reducido: 2.41576559669
Nodos: [101, 26, 61, 6, 41, 711]
q: [0, 13.0, -13.0, 5.0, -5.0, 0]
Q: [0, 13.0, 0.0, 5.0, 0.0, 0]
B: [0.0, 300.0, 317.5792279694, 436.0, 439.69228939819, 458.84097073659]
