Avion: 6      Iteracion: 7

Num Ruta: 10
Ingresos: 80400.0
Costos: 384.46983898
Utilidad Ruta: 80015.530161
Costo Reducido: 50364.2447114
Nodos: [106, 17, 52, 30, 65, 16, 51, 14, 49, 1, 36, 34, 57, 18, 22, 53, 69, 716]
q: [0.0, 5.0, -5.0, 11.0, -11.0, 11.0, -11.0, 8.0, -8.0, 7.0, -7.0, 10.0, -10.0, 5.0, 10.0, -5.0, -10.0, 0.0]
Q: [0.0, 5.0, 0.0, 11.0, 0.0, 11.0, 0.0, 8.0, 0.0, 7.0, 0.0, 10.0, 0.0, 5.0, 15.0, 10.0, 0.0, 0.0]
B: [0.0, 24.0, 58.8425537813, 64.0, 82.7140226568, 93.53069441849999, 103.15478585614, 129.94109036054, 141.96280213554, 177.64453135373998, 211.88461688223998, 283.0, 320.0, 333.4004365974, 343.08612676383, 358.56897417633, 373.72160381613, 426.13207729233005]
