Avion: 6      Iteracion: 33

Num Ruta: 31
Ingresos: 88800.0
Costos: 270.720283921
Utilidad Ruta: 88529.2797161
Costo Reducido: 35.3246846411
Nodos: [106, 10, 45, 35, 26, 70, 61, 22, 57, 32, 19, 54, 13, 67, 48, 29, 15, 50, 64, 716]
q: [0.0, 12.0, -12.0, 6.0, 9.0, -6.0, -9.0, 10.0, -10.0, 6.0, 7.0, -7.0, 9.0, -6.0, -9.0, 9.0, 6.0, -6.0, -9.0, 0.0]
Q: [0.0, 12.0, 0.0, 6.0, 15.0, 9.0, 0.0, 10.0, 0.0, 6.0, 13.0, 6.0, 15.0, 9.0, 0.0, 9.0, 15.0, 9.0, 0.0, 0.0]
B: [0.0, 96.0, 125.5195107344, 279.0, 300.0, 309.29300538039, 319.11482114938, 332.74900179948, 354.50368793838004, 422.0, 433.71491463899997, 460.34203093049996, 464.56965023692, 478.41183001472, 482.48278039516003, 549.0, 562.9414599307, 579.3626265458, 603.8300573468, 637.127263611]
