Avion: 1      Iteracion: 32

Num Ruta: 31
Ingresos: 32400.0
Costos: 162.029894121
Utilidad Ruta: 32237.9701059
Costo Reducido: 10.9583062189
Nodos: [101, 32, 8, 43, 67, 21, 56, 711]
q: [0, 6.0, 8.0, -8.0, -6.0, 13.0, -13.0, 0]
Q: [0, 6.0, 14.0, 6.0, 0.0, 13.0, 0.0, 0]
B: [0.0, 422.0, 433.4468981388, 454.2152947548, 470.2643934834, 488.6763250768, 529.415115756, 549.1950651998]
