Avion: 2      Iteracion: 10

Num Ruta: 12
Ingresos: 24000.0
Costos: 126.86026044
Utilidad Ruta: 23873.1397396
Costo Reducido: 20731.815178
Nodos: [102, 15, 50, 29, 64, 712]
q: [0, 11.0, -11.0, 9.0, -9.0, 0]
Q: [0, 11.0, 0.0, 9.0, 0.0, 0]
B: [0.0, 511.0, 527.4211666151, 549.0, 582.7797797802, 614.6159456455]
