Avion: 2      Iteracion: 2

Num Ruta: 6
Ingresos: 127200.0
Costos: 460.015343785
Utilidad Ruta: 126739.984656
Costo Reducido: 60767.1269903
Nodos: [102, 9, 44, 16, 51, 30, 65, 10, 45, 11, 46, 3, 38, 18, 34, 53, 69, 28, 63, 25, 19, 32, 54, 67, 60, 712]
q: [0.0, 11.0, -11.0, 11.0, -11.0, 11.0, -11.0, 12.0, -12.0, 8.0, -8.0, 15.0, -15.0, 11.0, 4.0, -11.0, -4.0, 8.0, -8.0, 2.0, 7.0, 6.0, -7.0, -6.0, -2.0, 0.0]
Q: [0.0, 11.0, 0.0, 11.0, 0.0, 11.0, 0.0, 12.0, 0.0, 8.0, 0.0, 15.0, 0.0, 11.0, 15.0, 4.0, 0.0, 8.0, 0.0, 2.0, 9.0, 15.0, 8.0, 2.0, 0.0, 0.0]
B: [0.0, 28.0, 57.5272370025, 81.2570211777, 90.88111261534, 107.86640625424, 126.58042891104, 145.27347919714, 174.79298993154, 227.43120651414, 231.48527336115, 260.70050269445, 265.78478445297, 293.0, 316.7154937119, 344.9475311871, 360.10016082690004, 378.0, 414.0266187839, 417.35999740026, 426.75200464046, 438.46691927945994, 458.03938997175993, 475.1667664199599, 486.1518346946599, 492.0905703345099]
