Avion: 2      Iteracion: 18

Num Ruta: 20
Ingresos: 13200.0
Costos: 54.0803157941
Utilidad Ruta: 13145.9196842
Costo Reducido: 37.0414264615
Nodos: [102, 18, 53, 712]
q: [0, 11.0, -11.0, 0]
Q: [0, 11.0, 0.0, 0]
B: [0.0, 293.0, 316.8182362487, 333.69095994699995]
