Avion: 4      Iteracion: 21

Num Ruta: 20
Ingresos: 15600.0
Costos: 112.695253547
Utilidad Ruta: 15487.3047465
Costo Reducido: 0.641065760134
Nodos: [104, 21, 56, 714]
q: [0, 13.0, -13.0, 0]
Q: [0, 13.0, 0.0, 0]
B: [0.0, 477.0, 517.7387906792, 571.0474680215999]
