Avion: 6      Iteracion: 24

Num Ruta: 27
Ingresos: 42000.0
Costos: 128.125446844
Utilidad Ruta: 41871.8745532
Costo Reducido: 26.5040428157
Nodos: [106, 31, 66, 11, 46, 15, 21, 50, 56, 27, 62, 716]
q: [0.0, 6.0, -6.0, 8.0, -8.0, 2.0, 13.0, -2.0, -13.0, 6.0, -6.0, 0.0]
Q: [0.0, 6.0, 0.0, 8.0, 0.0, 2.0, 15.0, 13.0, 0.0, 6.0, 0.0, 0.0]
B: [0.0, 130.0, 143.3056140031, 169.0, 173.05406684701, 511.0, 516.67223351071, 527.47150163401, 557.92094974071, 571.09839793831, 588.12926030641, 606.04313696671]
