Avion: 6      Iteracion: 12

Num Ruta: 15
Ingresos: 46800.0
Costos: 146.249196837
Utilidad Ruta: 46653.7508032
Costo Reducido: 72.5243272133
Nodos: [106, 17, 52, 16, 51, 26, 61, 22, 57, 716]
q: [0, 5.0, -5.0, 11.0, -11.0, 13.0, -13.0, 10.0, -10.0, 0]
Q: [0, 5.0, 0.0, 11.0, 0.0, 13.0, 0.0, 10.0, 0.0, 0]
B: [0.0, 24.0, 58.8425537813, 64.17419311644, 73.79828455408, 300.0, 317.5792279694, 331.2134086195, 352.9680947584, 369.4228747326]
