Avion: 1      Iteracion: 7

Num Ruta: 8
Ingresos: 36000.0
Costos: 267.123273083
Utilidad Ruta: 35732.8767269
Costo Reducido: 24884.3536436
Nodos: [101, 34, 69, 8, 43, 20, 55, 711]
q: [0, 12.0, -12.0, 8.0, -8.0, 10.0, -10.0, 0]
Q: [0, 12.0, 0.0, 8.0, 0.0, 10.0, 0.0, 0]
B: [0.0, 283.0, 323.947598037, 414.0, 434.768396616, 496.0, 538.1771424471, 578.0375334386999]
