Avion: 7      Iteracion: 47

Num Ruta: 45
Ingresos: 28800.0
Costos: 91.4289369369
Utilidad Ruta: 28708.5710631
Costo Reducido: 10.0256390686
Nodos: [107, 2, 37, 7, 4, 42, 39, 717]
q: [0, 9.0, -9.0, 10.0, 5.0, -10.0, -5.0, 0]
Q: [0, 9.0, 0.0, 10.0, 15.0, 5.0, 0.0, 0]
B: [0.0, 522.0, 562.7349620474, 574.2416881674001, 584.6050614599001, 603.8774224466001, 605.0377965242101, 610.9194140738301]
