Avion: 7      Iteracion: 39

Num Ruta: 39
Ingresos: 84000.0
Costos: 206.743657371
Utilidad Ruta: 83793.2563426
Costo Reducido: 2.97727902372
Nodos: [107, 16, 51, 14, 49, 3, 38, 8, 43, 13, 48, 21, 56, 717]
q: [0, 11.0, -11.0, 8.0, -8.0, 15.0, -15.0, 8.0, -8.0, 15.0, -15.0, 13.0, -13.0, 0]
Q: [0, 11.0, 0.0, 8.0, 0.0, 15.0, 0.0, 8.0, 0.0, 15.0, 0.0, 13.0, 0.0, 0]
B: [0.0, 36.0, 45.624091437640004, 112.0, 124.021711775, 256.0, 261.08428175852, 414.0, 434.768396616, 436.97907275691, 453.86222370691, 477.0, 517.7387906792, 539.5093224136]
