Avion: 5      Iteracion: 27

Num Ruta: 30
Ingresos: 100800.0
Costos: 309.704597953
Utilidad Ruta: 100490.295402
Costo Reducido: 56.6962468344
Nodos: [105, 17, 52, 14, 49, 3, 38, 23, 18, 53, 58, 28, 63, 25, 60, 21, 56, 33, 68, 715]
q: [0.0, 5.0, -5.0, 8.0, -8.0, 15.0, -15.0, 10.0, 5.0, -5.0, -10.0, 8.0, -8.0, 10.0, -10.0, 13.0, -13.0, 10.0, -10.0, 0.0]
Q: [0.0, 5.0, 0.0, 8.0, 0.0, 15.0, 0.0, 10.0, 15.0, 10.0, 0.0, 8.0, 0.0, 10.0, 0.0, 13.0, 0.0, 10.0, 0.0, 0.0]
B: [0.0, 24.0, 58.8425537813, 112.0, 124.021711775, 256.0, 261.08428175852, 267.0, 293.0, 316.8182362487, 326.74376782137, 378.0, 414.0266187839, 417.35999740026, 434.54497971036, 477.0, 517.7387906792, 562.0, 585.3035112376, 608.9260985641]
