Avion: 6      Iteracion: 20

Num Ruta: 23
Ingresos: 38400.0
Costos: 178.500483422
Utilidad Ruta: 38221.4995166
Costo Reducido: 41.6940016581
Nodos: [106, 9, 44, 12, 47, 1, 36, 716]
q: [0, 11.0, -11.0, 14.0, -14.0, 7.0, -7.0, 0]
Q: [0, 11.0, 0.0, 14.0, 0.0, 7.0, 0.0, 0]
B: [0.0, 41.2454164484, 70.77265345090001, 81.559690208, 124.907614472, 175.0, 209.2400855285, 214.06131535086]
