Avion: 5      Iteracion: 1

Num Ruta: 5
Ingresos: 175200.0
Costos: 582.075841958
Utilidad Ruta: 174617.924158
Costo Reducido: 169885.018161
Nodos: [105, 16, 51, 24, 65, 30, 59, 10, 45, 1, 36, 23, 18, 53, 58, 26, 61, 25, 60, 19, 8, 54, 43, 5, 40, 15, 50, 7, 4, 42, 39, 715]
q: [0.0, 11.0, -11.0, 14.0, -11.0, 11.0, -14.0, 12.0, -12.0, 7.0, -7.0, 4.0, 11.0, -11.0, -4.0, 13.0, -13.0, 10.0, -10.0, 7.0, 8.0, -7.0, -8.0, 12.0, -12.0, 11.0, -11.0, 10.0, 5.0, -10.0, -5.0, 0.0]
Q: [0.0, 11.0, 0.0, 14.0, 3.0, 14.0, 0.0, 12.0, 0.0, 7.0, 0.0, 4.0, 15.0, 4.0, 0.0, 13.0, 0.0, 10.0, 0.0, 7.0, 15.0, 8.0, 0.0, 12.0, 0.0, 11.0, 0.0, 10.0, 15.0, 5.0, 0.0, 0.0]
B: [0.0, 36.0, 45.624091437640004, 70.85029051714, 95.58426140744, 114.29828406424, 134.56640546213998, 146.35233614243998, 175.87184687683998, 214.29118804764, 248.53127357614, 267.0, 293.0, 316.8182362487, 326.74376782137, 346.43014059547, 364.00936856487, 410.0, 427.1849823101, 443.8578739909, 467.0187555372, 484.975714968, 487.90383415955995, 497.65664503642995, 498.77833394160996, 532.1805284204099, 548.6016950355099, 559.5064346014099, 569.8698078939099, 589.1421688806099, 590.3025429582199, 617.3497557536199]
