Avion: 7      Iteracion: 18

Num Ruta: 21
Ingresos: 56400.0
Costos: 221.643502881
Utilidad Ruta: 56178.3564971
Costo Reducido: 101.029585328
Nodos: [107, 24, 59, 1, 36, 18, 53, 7, 27, 42, 62, 717]
q: [0.0, 14.0, -14.0, 7.0, -7.0, 11.0, -11.0, 10.0, 5.0, -10.0, -5.0, 0.0]
Q: [0.0, 14.0, 0.0, 7.0, 0.0, 11.0, 0.0, 10.0, 15.0, 5.0, 0.0, 0.0]
B: [0.0, 61.0, 99.5129503025, 175.0, 209.2400855285, 293.0, 316.8182362487, 517.0, 544.6633233723, 560.5030982444, 564.90301881186, 565.812186563158]
