Avion: 6      Iteracion: 3

Num Ruta: 6
Ingresos: 175200.0
Costos: 553.947161629
Utilidad Ruta: 174646.052838
Costo Reducido: 146506.472409
Nodos: [106, 9, 44, 24, 59, 10, 45, 1, 36, 3, 38, 18, 53, 22, 57, 8, 43, 13, 48, 6, 41, 5, 40, 15, 50, 7, 4, 42, 39, 716]
q: [0, 11.0, -11.0, 14.0, -14.0, 12.0, -12.0, 7.0, -7.0, 15.0, -15.0, 11.0, -11.0, 10.0, -10.0, 8.0, -8.0, 15.0, -15.0, 5.0, -5.0, 12.0, -12.0, 11.0, -11.0, 10.0, 5.0, -10.0, -5.0, 0]
Q: [0, 11.0, 0.0, 14.0, 0.0, 12.0, 0.0, 7.0, 0.0, 15.0, 0.0, 11.0, 0.0, 10.0, 0.0, 8.0, 0.0, 15.0, 0.0, 5.0, 0.0, 12.0, 0.0, 11.0, 0.0, 10.0, 15.0, 5.0, 0.0, 0]
B: [0.0, 41.2454164484, 70.77265345090001, 94.91290334600001, 133.4258536485, 145.2117843288, 174.7312950632, 213.15063623400002, 247.39072176250002, 256.0, 261.08428175852, 293.0, 316.8182362487, 332.3010836612, 354.0557698001, 414.0, 434.768396616, 436.97907275691, 453.86222370691, 478.08517233011, 481.7774617283, 500.1663219431, 501.28801084828, 534.69020532708, 551.11137194218, 562.0161115080799, 572.3794848005799, 591.65184578728, 592.8122198648899, 614.4870058153899]
