Avion: 3      Iteracion: 10

Num Ruta: 12
Ingresos: 106800.0
Costos: 390.901559306
Utilidad Ruta: 106409.098441
Costo Reducido: 42989.0809193
Nodos: [103, 17, 52, 16, 51, 12, 47, 35, 70, 22, 57, 8, 43, 13, 48, 15, 50, 29, 64, 713]
q: [0, 5.0, -5.0, 11.0, -11.0, 14.0, -14.0, 6.0, -6.0, 10.0, -10.0, 8.0, -8.0, 15.0, -15.0, 11.0, -11.0, 9.0, -9.0, 0]
Q: [0, 5.0, 0.0, 11.0, 0.0, 14.0, 0.0, 6.0, 0.0, 10.0, 0.0, 8.0, 0.0, 15.0, 0.0, 11.0, 0.0, 9.0, 0.0, 0]
B: [0.0, 29.0037544639, 63.84630824519999, 69.17794758033999, 78.80203901798, 112.75594190118, 156.10386616518, 279.0, 298.9128833924, 314.02713802169995, 335.78182416059997, 414.0, 434.768396616, 436.97907275691, 453.86222370691, 511.0, 527.4211666151, 549.0, 582.7797797802, 602.156490853]
