Avion: 7      Iteracion: 10

Num Ruta: 13
Ingresos: 112800.0
Costos: 386.299288399
Utilidad Ruta: 112413.700712
Costo Reducido: 48039.0043448
Nodos: [107, 16, 51, 24, 12, 59, 47, 35, 70, 22, 57, 8, 6, 41, 43, 13, 48, 15, 50, 29, 4, 64, 39, 717]
q: [0.0, 11.0, -11.0, 0.0, 14.0, 0.0, -14.0, 6.0, -6.0, 10.0, -10.0, 8.0, 5.0, -5.0, -8.0, 15.0, -15.0, 11.0, -11.0, 9.0, 5.0, -9.0, -5.0, 0.0]
Q: [0.0, 11.0, 0.0, 0.0, 14.0, 14.0, 0.0, 6.0, 0.0, 10.0, 0.0, 8.0, 13.0, 8.0, 0.0, 15.0, 0.0, 11.0, 0.0, 9.0, 14.0, 5.0, 0.0, 0.0]
B: [0.0, 36.0, 45.624091437640004, 70.85029051714, 87.69811794384, 121.74428718504001, 137.67652475544, 279.0, 298.9128833924, 314.02713802169995, 335.78182416059997, 414.0, 441.9144979715, 445.60678736969, 458.47278985688996, 460.68346599779994, 477.56661694779996, 511.0, 527.4211666151, 549.0, 569.7100026316, 592.5834067727, 604.8024778094, 610.68409535902]
