Avion: 5      Iteracion: 3

Num Ruta: 7
Ingresos: 166800.0
Costos: 564.037705307
Utilidad Ruta: 166235.962295
Costo Reducido: 145482.697786
Nodos: [105, 17, 52, 24, 9, 44, 59, 10, 45, 1, 36, 3, 38, 18, 53, 22, 57, 8, 32, 67, 43, 13, 48, 15, 50, 7, 4, 42, 39, 2, 37, 715]
q: [0.0, 5.0, -5.0, 4.0, 11.0, -11.0, -4.0, 12.0, -12.0, 7.0, -7.0, 15.0, -15.0, 11.0, -11.0, 10.0, -10.0, 8.0, 6.0, -6.0, -8.0, 15.0, -15.0, 11.0, -11.0, 10.0, 5.0, -10.0, -5.0, 9.0, -9.0, 0.0]
Q: [0.0, 5.0, 0.0, 4.0, 15.0, 4.0, 0.0, 12.0, 0.0, 7.0, 0.0, 15.0, 0.0, 11.0, 0.0, 10.0, 0.0, 8.0, 14.0, 8.0, 0.0, 15.0, 0.0, 11.0, 0.0, 10.0, 15.0, 5.0, 0.0, 9.0, 0.0, 0.0]
B: [0.0, 24.0, 58.8425537813, 75.400837086, 81.83771412381999, 111.36495112632, 136.42051454042, 148.20644522071998, 177.72595595511999, 216.14529712592, 250.38538265442, 257.48193456362, 262.56621632213995, 293.0, 316.8182362487, 332.3010836612, 354.0557698001, 414.0, 425.4468981388, 453.3042539537, 469.35335268230006, 471.56402882321004, 488.44717977321005, 511.0, 527.4211666151, 538.3259061809999, 548.6892794734999, 567.9616404602, 569.12201453781, 578.57648104841, 619.31144309581, 633.94587899201]
