Avion: 5      Iteracion: 6

Num Ruta: 10
Ingresos: 120000.0
Costos: 575.290963142
Utilidad Ruta: 119424.709037
Costo Reducido: 93727.911869
Nodos: [105, 17, 52, 24, 16, 51, 59, 10, 45, 1, 36, 22, 57, 28, 63, 25, 60, 19, 54, 6, 41, 5, 40, 7, 4, 42, 39, 2, 37, 715]
q: [0.0, 5.0, -5.0, 0.0, 0.0, 0.0, 0.0, 12.0, -12.0, 7.0, -7.0, 10.0, -10.0, 8.0, -8.0, 10.0, -10.0, 7.0, -7.0, 5.0, -5.0, 12.0, -12.0, 10.0, 5.0, -10.0, -5.0, 9.0, -9.0, 0.0]
Q: [0.0, 5.0, 0.0, 0.0, 0.0, 0.0, 0.0, 12.0, 0.0, 7.0, 0.0, 10.0, 0.0, 8.0, 0.0, 10.0, 0.0, 7.0, 0.0, 5.0, 0.0, 12.0, 0.0, 10.0, 15.0, 5.0, 0.0, 9.0, 0.0, 0.0]
B: [0.0, 24.0, 58.8425537813, 75.400837086, 92.9734739968, 102.59756543444, 129.38684935544, 141.17278003574, 170.69229077014, 209.11163194094001, 243.35171746944002, 299.0, 320.7546861389, 378.0, 414.0266187839, 417.35999740026, 434.54497971036, 451.21787139116, 477.84498768265996, 489.63600668015994, 493.3282960783499, 511.7171562931499, 512.8388451983299, 534.5572518157298, 544.9206251082298, 564.1929860949299, 565.3533601725399, 574.8078266831399, 615.5427887305399, 630.1772246267399]
