Avion: 7      Iteracion: 42

Num Ruta: 41
Ingresos: 52800.0
Costos: 193.037829235
Utilidad Ruta: 52606.9621708
Costo Reducido: 9.94011477951
Nodos: [107, 24, 59, 1, 36, 8, 43, 4, 7, 39, 42, 717]
q: [0, 14.0, -14.0, 7.0, -7.0, 8.0, -8.0, 5.0, 10.0, -5.0, -10.0, 0]
Q: [0, 14.0, 0.0, 7.0, 0.0, 8.0, 0.0, 5.0, 15.0, 10.0, 0.0, 0]
B: [0.0, 61.0, 99.5129503025, 175.0, 209.2400855285, 414.0, 434.768396616, 529.0, 539.3633732925, 569.0610398002, 570.2214138778099, 575.1803791932799]
