Avion: 3      Iteracion: 0

Num Ruta: 2
Ingresos: 156000.0
Costos: 482.441684168
Utilidad Ruta: 155517.558316
Costo Reducido: -
Nodos: [103, 16, 51, 24, 59, 10, 45, 1, 11, 46, 36, 3, 38, 23, 58, 26, 61, 22, 57, 19, 8, 54, 43, 13, 32, 48, 67, 713]
q: [0.0, 11.0, -11.0, 14.0, -14.0, 12.0, -12.0, 7.0, 8.0, -8.0, -7.0, 15.0, -15.0, 10.0, -10.0, 13.0, -13.0, 10.0, -10.0, 7.0, 8.0, -7.0, -8.0, 15.0, 0.0, -15.0, 0.0, 0.0]
Q: [0.0, 11.0, 0.0, 14.0, 0.0, 12.0, 0.0, 7.0, 15.0, 7.0, 0.0, 15.0, 0.0, 10.0, 0.0, 13.0, 0.0, 10.0, 0.0, 7.0, 15.0, 8.0, 0.0, 15.0, 15.0, 0.0, 0.0, 0.0]
B: [0.0, 36.0, 45.624091437640004, 70.85029051714, 109.36324081964, 121.14917149994, 150.66868223434, 189.08802340514, 207.76885200024, 211.82291884725, 246.13864818525002, 256.0, 261.08428175852, 267.0, 306.733842905, 326.4202156791, 343.9994436485, 357.6336242986, 379.3883104375, 402.0, 425.1608815463, 443.1178409771, 446.04596016866, 448.25663630956996, 470.91750319497, 498.29665676116997, 502.36760714161, 519.94246250371]
