Avion: 2      Iteracion: 6

Num Ruta: 9
Ingresos: 55200.0
Costos: 205.509662013
Utilidad Ruta: 54994.490338
Costo Reducido: 21171.664051
Nodos: [102, 12, 47, 10, 45, 22, 57, 25, 60, 712]
q: [0, 14.0, -14.0, 12.0, -12.0, 10.0, -10.0, 10.0, -10.0, 0]
Q: [0, 14.0, 0.0, 12.0, 0.0, 10.0, 0.0, 10.0, 0.0, 0]
B: [0.0, 54.0, 97.347924264, 106.06569462115, 135.58520535555, 299.0, 320.7546861389, 410.0, 427.1849823101, 433.12371794995]
