Avion: 2      Iteracion: 20

Num Ruta: 22
Ingresos: 20400.0
Costos: 96.2248049171
Utilidad Ruta: 20303.7751951
Costo Reducido: 16.6374519368
Nodos: [102, 9, 44, 32, 67, 712]
q: [0, 11.0, -11.0, 6.0, -6.0, 0]
Q: [0, 11.0, 0.0, 6.0, 0.0, 0]
B: [0.0, 28.0, 57.5272370025, 422.0, 449.8573558149, 466.72619412700004]
