Avion: 3      Iteracion: 34

Num Ruta: 34
Ingresos: 18000.0
Costos: 85.6480678743
Utilidad Ruta: 17914.3519321
Costo Reducido: 8.24839053683
Nodos: [103, 1, 36, 8, 43, 713]
q: [0, 7.0, -7.0, 8.0, -8.0, 0]
Q: [0, 7.0, 0.0, 8.0, 0.0, 0]
B: [0.0, 175.0, 209.2400855285, 414.0, 434.768396616, 443.67348083795]
