Avion: 4      Iteracion: 9

Num Ruta: 10
Ingresos: 40800.0
Costos: 176.72259424
Utilidad Ruta: 40623.2774058
Costo Reducido: 32445.7846358
Nodos: [104, 24, 59, 30, 65, 2, 37, 714]
q: [0, 14.0, -14.0, 11.0, -11.0, 9.0, -9.0, 0]
Q: [0, 14.0, 0.0, 11.0, 0.0, 9.0, 0.0, 0]
B: [0.0, 61.0, 99.5129503025, 119.7810717004, 138.4950943572, 522.0, 562.7349620474, 578.9363967061]
