Avion: 4      Iteracion: 13

Num Ruta: 13
Ingresos: 54000.0
Costos: 186.282655197
Utilidad Ruta: 53813.7173448
Costo Reducido: 84.2751886122
Nodos: [104, 17, 52, 30, 16, 51, 65, 23, 58, 13, 48, 714]
q: [0.0, 5.0, -5.0, 11.0, 4.0, -4.0, -11.0, 10.0, -10.0, 15.0, -15.0, 0.0]
Q: [0.0, 5.0, 0.0, 11.0, 15.0, 11.0, 0.0, 10.0, 0.0, 15.0, 0.0, 0.0]
B: [0.0, 24.0, 58.8425537813, 64.0, 72.20259129788, 81.82668273552001, 84.69783929691, 267.0, 306.733842905, 423.0, 439.88315095, 464.0059163802]
