Avion: 1      Iteracion: 6

Num Ruta: 7
Ingresos: 144000.0
Costos: 626.350278766
Utilidad Ruta: 143373.649721
Costo Reducido: 106844.055605
Nodos: [101, 12, 47, 10, 45, 1, 31, 66, 36, 35, 70, 22, 57, 28, 63, 25, 60, 6, 41, 5, 40, 20, 7, 42, 4, 39, 55, 33, 68, 711]
q: [0.0, 14.0, -14.0, 12.0, -12.0, 7.0, 6.0, -6.0, -7.0, 6.0, -6.0, 10.0, -10.0, 8.0, -8.0, 10.0, -10.0, 5.0, -5.0, 12.0, -12.0, 5.0, 10.0, -10.0, 5.0, -5.0, -5.0, 10.0, -10.0, 0.0]
Q: [0.0, 14.0, 0.0, 12.0, 0.0, 7.0, 13.0, 7.0, 0.0, 6.0, 0.0, 10.0, 0.0, 8.0, 0.0, 10.0, 0.0, 5.0, 0.0, 12.0, 0.0, 5.0, 15.0, 5.0, 10.0, 5.0, 0.0, 10.0, 0.0, 0.0]
B: [0.0, 54.0, 97.347924264, 106.06569462115, 135.58520535555, 175.0, 183.89376197118, 197.19937597428, 230.76046369508, 279.0, 298.9128833924, 314.02713802169995, 335.78182416059997, 378.8329878615, 414.8596066454, 418.19298526176, 435.37796757186, 460.87973805946, 464.57202745765, 482.96088767245, 484.08257657763, 507.64653571012997, 517.0, 545.5413118129, 564.8136727996, 585.2394224797999, 597.1006457304, 607.9224450725, 631.2259563101, 649.995944829]
