Avion: 2      Iteracion: 3

Num Ruta: 7
Ingresos: 170400.0
Costos: 556.496380732
Utilidad Ruta: 169843.503619
Costo Reducido: 152777.203542
Nodos: [102, 9, 44, 24, 59, 31, 66, 14, 49, 1, 36, 3, 38, 23, 18, 22, 53, 58, 57, 8, 43, 13, 48, 6, 41, 5, 40, 15, 50, 7, 4, 42, 39, 712]
q: [0.0, 11.0, -11.0, 14.0, -14.0, 6.0, -6.0, 8.0, -8.0, 7.0, -7.0, 15.0, -15.0, 0.0, 11.0, 4.0, -11.0, 0.0, -4.0, 8.0, -8.0, 15.0, -15.0, 5.0, -5.0, 12.0, -12.0, 11.0, -11.0, 10.0, 5.0, -10.0, -5.0, 0.0]
Q: [0.0, 11.0, 0.0, 14.0, 0.0, 6.0, 0.0, 8.0, 0.0, 7.0, 0.0, 15.0, 0.0, 0.0, 11.0, 15.0, 4.0, 4.0, 0.0, 8.0, 0.0, 15.0, 0.0, 5.0, 0.0, 12.0, 0.0, 11.0, 0.0, 10.0, 15.0, 5.0, 0.0, 0.0]
B: [0.0, 28.0, 57.5272370025, 81.6674868976, 120.1804372001, 131.4647949576, 144.7704089607, 161.8164155312, 173.8381273062, 209.51985652439998, 243.7599420529, 256.0, 261.08428175852, 267.0, 293.0, 302.68569016643, 318.16853757893, 328.0940691516, 364.97032929280005, 414.0, 434.768396616, 436.97907275691, 453.86222370691, 478.08517233011, 481.7774617283, 500.1663219431, 501.28801084828, 534.69020532708, 551.11137194218, 562.0161115080799, 572.3794848005799, 591.65184578728, 592.8122198648899, 624.42938134409]
