Avion: 3      Iteracion: 42

Num Ruta: 36
Ingresos: 92400.0
Costos: 268.819788207
Utilidad Ruta: 92131.1802118
Costo Reducido: 16.0380960201
Nodos: [103, 14, 49, 3, 38, 18, 53, 22, 57, 32, 8, 43, 67, 29, 64, 33, 68, 713]
q: [0, 8.0, -8.0, 15.0, -15.0, 11.0, -11.0, 10.0, -10.0, 6.0, 8.0, -8.0, -6.0, 9.0, -9.0, 10.0, -10.0, 0]
Q: [0, 8.0, 0.0, 15.0, 0.0, 11.0, 0.0, 10.0, 0.0, 6.0, 14.0, 6.0, 0.0, 9.0, 0.0, 10.0, 0.0, 0]
B: [0.0, 112.0, 124.021711775, 256.0, 261.08428175852, 293.0, 316.8182362487, 332.3010836612, 354.0557698001, 422.0, 433.4468981388, 454.2152947548, 470.2643934834, 549.0, 582.7797797802, 591.6312714624, 614.9347827, 628.3903772614]
