Avion: 7      Iteracion: 48

Num Ruta: 46
Ingresos: 14400.0
Costos: 20.0166319509
Utilidad Ruta: 14379.983368
Costo Reducido: 2.24155169015
Nodos: [107, 5, 40, 717]
q: [0, 12.0, -12.0, 0]
Q: [0, 12.0, 0.0, 0]
B: [0.0, 469.0, 470.12168890518, 473.1997267542]
