Avion: 5      Iteracion: 12

Num Ruta: 16
Ingresos: 105600.0
Costos: 354.523048298
Utilidad Ruta: 105245.476952
Costo Reducido: 247.51434022
Nodos: [105, 17, 52, 16, 51, 26, 61, 28, 63, 25, 60, 8, 43, 5, 40, 7, 20, 42, 55, 27, 62, 715]
q: [0.0, 5.0, -5.0, 11.0, -11.0, 13.0, -13.0, 8.0, -8.0, 10.0, -10.0, 8.0, -8.0, 12.0, -12.0, 5.0, 10.0, -5.0, -10.0, 6.0, -6.0, 0.0]
Q: [0.0, 5.0, 0.0, 11.0, 0.0, 13.0, 0.0, 8.0, 0.0, 10.0, 0.0, 8.0, 0.0, 12.0, 0.0, 5.0, 15.0, 10.0, 0.0, 6.0, 0.0, 0.0]
B: [0.0, 24.0, 58.8425537813, 64.17419311644, 73.79828455408, 300.0, 317.5792279694, 378.0, 414.0266187839, 417.35999740026, 434.54497971036, 460.36557956786, 481.13397618386, 490.88678706073, 492.00847596591, 517.0, 525.74295442056, 554.98896180616, 567.9526463518599, 594.25340970576, 611.2842720738599, 633.1657986430599]
