Avion: 1      Iteracion: 0

Num Ruta: 1
Ingresos: 39600.0
Costos: 193.655817383
Utilidad Ruta: 39406.3441826
Costo Reducido: -
Nodos: [101, 35, 70, 34, 69, 6, 41, 33, 68, 711]
q: [0, 6.0, -6.0, 12.0, -12.0, 5.0, -5.0, 10.0, -10.0, 0]
Q: [0, 6.0, 0.0, 12.0, 0.0, 5.0, 0.0, 10.0, 0.0, 0]
B: [0.0, 279.0, 298.9128833924, 340.34711220139997, 381.29471023839994, 436.0, 439.69228939819, 562.0, 585.3035112376, 604.0734997565]
