Avion: 1      Iteracion: 28

Num Ruta: 28
Ingresos: 72000.0
Costos: 262.480204319
Utilidad Ruta: 71737.5197957
Costo Reducido: 1.61255512224
Nodos: [101, 24, 59, 22, 57, 18, 53, 20, 7, 42, 55, 33, 68, 711]
q: [0.0, 14.0, -14.0, 10.0, -10.0, 11.0, -11.0, 10.0, 5.0, -5.0, -10.0, 10.0, -10.0, 0.0]
Q: [0.0, 14.0, 0.0, 10.0, 0.0, 11.0, 0.0, 10.0, 15.0, 10.0, 0.0, 10.0, 0.0, 0.0]
B: [0.0, 61.0, 99.5129503025, 299.0, 320.7546861389, 334.15512273630003, 357.973358985, 496.0, 517.0, 545.5413118129, 558.5049963585999, 569.3267957006999, 592.6303069382999, 611.4002954572]
