Avion: 2      Iteracion: 34

Num Ruta: 34
Ingresos: 111600.0
Costos: 345.321760723
Utilidad Ruta: 111254.678239
Costo Reducido: 14.5706227118
Nodos: [102, 9, 44, 14, 49, 3, 38, 23, 58, 28, 63, 25, 19, 54, 60, 15, 50, 20, 7, 4, 42, 55, 39, 712]
q: [0.0, 11.0, -11.0, 8.0, -8.0, 15.0, -15.0, 10.0, -10.0, 8.0, -8.0, 8.0, 7.0, -7.0, -8.0, 11.0, -11.0, 10.0, 5.0, 0.0, -5.0, -10.0, 0.0, 0.0]
Q: [0.0, 11.0, 0.0, 8.0, 0.0, 15.0, 0.0, 10.0, 0.0, 8.0, 0.0, 8.0, 15.0, 8.0, 0.0, 11.0, 0.0, 10.0, 15.0, 15.0, 10.0, 0.0, 0.0, 0.0]
B: [0.0, 28.0, 57.5272370025, 112.0, 124.021711775, 256.0, 261.08428175852, 267.0, 306.733842905, 378.0, 414.0266187839, 417.35999740026, 426.75200464046, 453.37912093195996, 470.16597736785997, 511.0, 527.4211666151, 533.55501866744, 542.2979730879999, 552.6613463804999, 571.9337073672, 584.8973919128999, 596.7586151634999, 628.3757766427]
