Avion: 2      Iteracion: 43

Num Ruta: 38
Ingresos: 58800.0
Costos: 136.725613267
Utilidad Ruta: 58663.2743867
Costo Reducido: 10.6873906785
Nodos: [102, 14, 49, 3, 38, 23, 18, 58, 53, 15, 50, 712]
q: [0.0, 8.0, -8.0, 15.0, -15.0, 10.0, 5.0, -10.0, -5.0, 11.0, -11.0, 0.0]
Q: [0.0, 8.0, 0.0, 15.0, 0.0, 10.0, 15.0, 5.0, 0.0, 11.0, 0.0, 0.0]
B: [0.0, 112.0, 124.021711775, 256.0, 261.08428175852, 267.0, 293.0, 318.4393114097, 328.36484298237, 511.0, 527.4211666151, 534.86056773347]
