Avion: 1      Iteracion: 24

Num Ruta: 25
Ingresos: 64800.0
Costos: 216.436535103
Utilidad Ruta: 64583.5634649
Costo Reducido: 72.181457238
Nodos: [101, 26, 61, 22, 57, 32, 67, 20, 4, 39, 55, 33, 68, 711]
q: [0, 13.0, -13.0, 10.0, -10.0, 6.0, -6.0, 10.0, 5.0, -5.0, -10.0, 10.0, -10.0, 0]
Q: [0, 13.0, 0.0, 10.0, 0.0, 6.0, 0.0, 10.0, 15.0, 10.0, 0.0, 10.0, 0.0, 0]
B: [0.0, 300.0, 317.5792279694, 331.2134086195, 352.9680947584, 422.0, 449.8573558149, 496.0, 529.0, 549.4257496801999, 561.2869729308, 572.1087722729, 595.4122835105, 614.1822720294]
