Avion: 4      Iteracion: 12

Num Ruta: 12
Ingresos: 120000.0
Costos: 399.419259172
Utilidad Ruta: 119600.580741
Costo Reducido: 181.278224139
Nodos: [104, 16, 51, 24, 59, 1, 36, 3, 38, 23, 58, 28, 63, 25, 60, 5, 40, 21, 56, 714]
q: [0, 11.0, -11.0, 14.0, -14.0, 7.0, -7.0, 15.0, -15.0, 10.0, -10.0, 8.0, -8.0, 10.0, -10.0, 12.0, -12.0, 13.0, -13.0, 0]
Q: [0, 11.0, 0.0, 14.0, 0.0, 7.0, 0.0, 15.0, 0.0, 10.0, 0.0, 8.0, 0.0, 10.0, 0.0, 12.0, 0.0, 13.0, 0.0, 0]
B: [0.0, 36.0, 45.624091437640004, 70.85029051714, 109.36324081964, 175.0, 209.2400855285, 256.0, 261.08428175852, 267.0, 306.733842905, 378.0, 414.0266187839, 417.35999740026, 434.54497971036, 469.0, 470.12168890518, 498.36127928818, 539.10006996738, 592.40874730978]
