Avion: 1      Iteracion: 16

Num Ruta: 17
Ingresos: 76800.0
Costos: 280.937318599
Utilidad Ruta: 76519.0626814
Costo Reducido: 55.1398993209
Nodos: [101, 16, 51, 12, 47, 10, 45, 26, 61, 6, 41, 29, 64, 711]
q: [0, 11.0, -11.0, 14.0, -14.0, 12.0, -12.0, 13.0, -13.0, 5.0, -5.0, 9.0, -9.0, 0]
Q: [0, 11.0, 0.0, 14.0, 0.0, 12.0, 0.0, 13.0, 0.0, 5.0, 0.0, 9.0, 0.0, 0]
B: [0.0, 36.0, 45.624091437640004, 79.57799432084, 122.92591858484, 131.64368894199, 161.16319967639, 300.0, 317.5792279694, 436.0, 439.69228939819, 549.0, 582.7797797802, 603.6308069012]
