Avion: 3      Iteracion: 22

Num Ruta: 23
Ingresos: 122400.0
Costos: 354.528425844
Utilidad Ruta: 122045.471574
Costo Reducido: 65.275132338
Nodos: [103, 30, 16, 51, 65, 24, 59, 1, 11, 46, 36, 23, 18, 53, 58, 13, 48, 21, 56, 33, 27, 68, 62, 713]
q: [0.0, 11.0, 4.0, -4.0, -11.0, 14.0, -14.0, 7.0, 8.0, -8.0, -7.0, 4.0, 11.0, -11.0, -4.0, 15.0, -15.0, 13.0, -13.0, 9.0, 6.0, -9.0, -6.0, 0.0]
Q: [0.0, 11.0, 15.0, 11.0, 0.0, 14.0, 0.0, 7.0, 15.0, 7.0, 0.0, 4.0, 15.0, 4.0, 0.0, 15.0, 0.0, 13.0, 0.0, 9.0, 15.0, 6.0, 0.0, 0.0]
B: [0.0, 64.0, 72.20259129788, 81.82668273552001, 84.69783929691, 109.43181018721, 147.94476048971, 175.0, 193.6808285951, 197.73489544211, 232.05062478011, 267.0, 293.0, 316.8182362487, 326.74376782137, 423.0, 439.88315095, 477.0, 517.7387906792, 562.0, 578.4525909206, 585.6713442755799, 606.23813656318, 618.68117517918]
