Avion: 2      Iteracion: 9

Num Ruta: 11
Ingresos: 24000.0
Costos: 82.1972499491
Utilidad Ruta: 23917.8027501
Costo Reducido: 20839.1027951
Nodos: [102, 30, 65, 2, 37, 712]
q: [0, 11.0, -11.0, 9.0, -9.0, 0]
Q: [0, 11.0, 0.0, 9.0, 0.0, 0]
B: [0.0, 64.0, 82.7140226568, 522.0, 562.7349620474, 565.58925740703]
