Avion: 5      Iteracion: 31

Num Ruta: 32
Ingresos: 146400.0
Costos: 463.725385196
Utilidad Ruta: 145936.274615
Costo Reducido: 42.4017986318
Nodos: [105, 17, 30, 52, 16, 51, 65, 24, 31, 59, 11, 66, 46, 34, 69, 28, 63, 19, 8, 54, 43, 13, 48, 15, 20, 50, 4, 39, 55, 2, 37, 715]
q: [0.0, 5.0, 10.0, -5.0, 5.0, -5.0, -10.0, 14.0, 1.0, -14.0, 8.0, -1.0, -8.0, 12.0, -12.0, 8.0, -8.0, 7.0, 8.0, -7.0, -8.0, 15.0, -15.0, 5.0, 10.0, -5.0, 5.0, -5.0, -10.0, 9.0, -9.0, 0.0]
Q: [0.0, 5.0, 15.0, 10.0, 15.0, 10.0, 0.0, 14.0, 15.0, 1.0, 9.0, 8.0, 0.0, 12.0, 0.0, 8.0, 0.0, 7.0, 15.0, 8.0, 0.0, 15.0, 0.0, 5.0, 15.0, 10.0, 15.0, 10.0, 0.0, 9.0, 0.0, 0.0]
B: [0.0, 24.0, 64.0, 67.14445448369, 72.47609381883, 82.10018525647, 84.97134181786, 109.70531270816, 137.15193918576, 148.43629694326, 169.0, 169.478878899097, 173.173257466597, 283.0, 323.947598037, 378.0, 414.0266187839, 426.5624120576, 449.7232936039, 467.6802530347, 470.60837222626, 472.81904836716996, 489.70219931716997, 511.0, 521.3008920973, 527.43474414964, 533.00942342293, 553.43517310313, 565.29639635373, 572.62669361919, 613.36165566659, 627.99609156279]
