Avion: 6      Iteracion: 15

Num Ruta: 18
Ingresos: 122400.0
Costos: 425.895095401
Utilidad Ruta: 121974.104905
Costo Reducido: 193.618437679
Nodos: [106, 17, 52, 16, 51, 10, 45, 35, 26, 70, 61, 18, 53, 19, 54, 13, 32, 67, 48, 15, 50, 20, 4, 55, 39, 716]
q: [0.0, 5.0, -5.0, 11.0, -11.0, 12.0, -12.0, 6.0, 9.0, -6.0, -9.0, 11.0, -11.0, 7.0, -7.0, 9.0, 6.0, -6.0, -9.0, 11.0, -11.0, 10.0, 5.0, -10.0, -5.0, 0.0]
Q: [0.0, 5.0, 0.0, 11.0, 0.0, 12.0, 0.0, 6.0, 15.0, 9.0, 0.0, 11.0, 0.0, 7.0, 0.0, 9.0, 15.0, 9.0, 0.0, 11.0, 0.0, 10.0, 15.0, 5.0, 0.0, 0.0]
B: [0.0, 24.0, 58.8425537813, 64.17419311644, 73.79828455408, 96.0, 125.5195107344, 279.0, 300.0, 309.29300538039, 319.11482114938, 342.39349190178, 366.21172815048, 402.0, 428.6271162915, 432.85473559792, 455.51560248332004, 483.37295829822006, 487.4439086786601, 511.0, 527.4211666151, 533.55501866744, 543.83416970244, 575.93049280964, 587.79171606024, 609.46650201074]
