Avion: 5      Iteracion: 18

Num Ruta: 22
Ingresos: 55200.0
Costos: 220.010637672
Utilidad Ruta: 54979.9893623
Costo Reducido: 120.288609782
Nodos: [105, 1, 11, 46, 36, 18, 53, 22, 57, 7, 42, 715]
q: [0, 7.0, 8.0, -8.0, -7.0, 11.0, -11.0, 10.0, -10.0, 10.0, -10.0, 0]
Q: [0, 7.0, 15.0, 7.0, 0.0, 11.0, 0.0, 10.0, 0.0, 10.0, 0.0, 0]
B: [0.0, 175.0, 193.6808285951, 197.73489544211, 232.05062478011, 293.0, 316.8182362487, 332.3010836612, 354.0557698001, 517.0, 545.5413118129, 571.4472163907999]
