Avion: 6      Iteracion: 42

Num Ruta: 36
Ingresos: 8400.0
Costos: 44.7555570914
Utilidad Ruta: 8355.24444291
Costo Reducido: 2.95317603621
Nodos: [106, 1, 36, 716]
q: [0, 7.0, -7.0, 0]
Q: [0, 7.0, 0.0, 0]
B: [0.0, 175.0, 209.2400855285, 214.06131535086]
