Avion: 7      Iteracion: 46

Num Ruta: 44
Ingresos: 45600.0
Costos: 93.4573056331
Utilidad Ruta: 45506.5426944
Costo Reducido: 17.5300461947
Nodos: [107, 16, 51, 5, 40, 7, 4, 39, 42, 717]
q: [0, 11.0, -11.0, 12.0, -12.0, 10.0, 5.0, -5.0, -10.0, 0]
Q: [0, 11.0, 0.0, 12.0, 0.0, 10.0, 15.0, 10.0, 0.0, 0]
B: [0.0, 36.0, 45.624091437640004, 469.0, 470.12168890518, 517.0, 529.0, 549.4257496801999, 550.5861237578099, 555.5450890732799]
