Avion: 3      Iteracion: 6

Num Ruta: 8
Ingresos: 66000.0
Costos: 313.02126777
Utilidad Ruta: 65686.9787322
Costo Reducido: 48143.802791
Nodos: [103, 12, 47, 10, 45, 1, 31, 66, 36, 35, 70, 22, 57, 713]
q: [0, 14.0, -14.0, 12.0, -12.0, 7.0, 6.0, -6.0, -7.0, 6.0, -6.0, 10.0, -10.0, 0]
Q: [0, 14.0, 0.0, 12.0, 0.0, 7.0, 13.0, 7.0, 0.0, 6.0, 0.0, 10.0, 0.0, 0]
B: [0.0, 54.0, 97.347924264, 106.06569462115, 135.58520535555, 175.0, 183.89376197118, 197.19937597428, 230.76046369508, 279.0, 298.9128833924, 314.02713802169995, 335.78182416059997, 357.59117318799997]
