Avion: 2      Iteracion: 22

Num Ruta: 24
Ingresos: 34800.0
Costos: 99.0686467922
Utilidad Ruta: 34700.9313532
Costo Reducido: 23.4482751026
Nodos: [102, 12, 47, 13, 48, 712]
q: [0, 14.0, -14.0, 15.0, -15.0, 0]
Q: [0, 14.0, 0.0, 15.0, 0.0, 0]
B: [0.0, 54.0, 97.347924264, 423.0, 439.88315095, 454.4890814236]
