Avion: 6      Iteracion: 13

Num Ruta: 16
Ingresos: 27600.0
Costos: 113.667098694
Utilidad Ruta: 27486.3329013
Costo Reducido: 24.424395517
Nodos: [106, 30, 65, 45, 10, 716]
q: [0, 11.0, -11.0, -12.0, 12.0, 0]
Q: [0, 11.0, 0.0, 3.0, 15.0, 0]
B: [0.0, 64.0, 82.7140226568, 125.0, 154.5195107344, 183.7206500615]
