Avion: 2      Iteracion: 15

Num Ruta: 17
Ingresos: 32400.0
Costos: 180.89048652
Utilidad Ruta: 32219.1095135
Costo Reducido: 79.9903891224
Nodos: [102, 9, 44, 32, 67, 20, 55, 712]
q: [0, 11.0, -11.0, 6.0, -6.0, 10.0, -10.0, 0]
Q: [0, 11.0, 0.0, 6.0, 0.0, 10.0, 0.0, 0]
B: [0.0, 28.0, 57.5272370025, 422.0, 449.8573558149, 496.0, 538.1771424471, 581.5754474486]
