Avion: 7      Iteracion: 0

Num Ruta: 2
Ingresos: 202800.0
Costos: 621.118784248
Utilidad Ruta: 202178.881216
Costo Reducido: -
Nodos: [107, 16, 51, 24, 59, 10, 45, 1, 11, 46, 36, 3, 38, 23, 58, 26, 61, 22, 57, 19, 54, 13, 48, 5, 40, 15, 50, 7, 4, 42, 39, 2, 37, 717]
q: [0, 11.0, -11.0, 14.0, -14.0, 12.0, -12.0, 7.0, 8.0, -8.0, -7.0, 15.0, -15.0, 10.0, -10.0, 13.0, -13.0, 10.0, -10.0, 7.0, -7.0, 15.0, -15.0, 12.0, -12.0, 11.0, -11.0, 10.0, 5.0, -10.0, -5.0, 9.0, -9.0, 0]
Q: [0, 11.0, 0.0, 14.0, 0.0, 12.0, 0.0, 7.0, 15.0, 7.0, 0.0, 15.0, 0.0, 10.0, 0.0, 13.0, 0.0, 10.0, 0.0, 7.0, 0.0, 15.0, 0.0, 12.0, 0.0, 11.0, 0.0, 10.0, 15.0, 5.0, 0.0, 9.0, 0.0, 0]
B: [0.0, 36.0, 45.624091437640004, 70.85029051714, 109.36324081964, 121.14917149994, 150.66868223434, 189.08802340514, 207.76885200024, 211.82291884725, 246.13864818525002, 256.0, 261.08428175852, 267.0, 306.733842905, 326.4202156791, 343.9994436485, 357.6336242986, 379.3883104375, 402.0, 428.6271162915, 432.85473559792, 449.73788654792, 477.00216964872004, 478.12385855390005, 511.5260530327, 527.9472196478, 538.8519592137, 549.2153325062, 568.4876934929, 569.64806757051, 579.10253408111, 619.83749612851, 649.52236582671]
