Avion: 4      Iteracion: 22

Num Ruta: 21
Ingresos: 18000.0
Costos: 49.4520599381
Utilidad Ruta: 17950.5479401
Costo Reducido: 26.4251288462
Nodos: [104, 13, 48, 714]
q: [0, 15.0, -15.0, 0]
Q: [0, 15.0, 0.0, 0]
B: [0.0, 423.0, 439.88315095, 464.0059163802]
