Avion: 3      Iteracion: 7

Num Ruta: 9
Ingresos: 100800.0
Costos: 459.434079755
Utilidad Ruta: 100340.56592
Costo Reducido: 89575.7409381
Nodos: [103, 17, 30, 65, 16, 51, 52, 14, 49, 1, 36, 18, 34, 53, 69, 6, 41, 8, 43, 27, 4, 7, 42, 39, 62, 713]
q: [0.0, 4.0, 11.0, -11.0, 11.0, -11.0, -4.0, 8.0, -8.0, 7.0, -7.0, 11.0, 4.0, -11.0, -4.0, 5.0, -5.0, 8.0, -8.0, 6.0, 5.0, 4.0, -4.0, -5.0, -6.0, 0.0]
Q: [0.0, 4.0, 15.0, 4.0, 15.0, 4.0, 0.0, 8.0, 0.0, 7.0, 0.0, 11.0, 15.0, 4.0, 0.0, 5.0, 0.0, 8.0, 0.0, 6.0, 11.0, 15.0, 11.0, 6.0, 0.0, 0.0]
B: [0.0, 29.0037544639, 64.0, 82.7140226568, 93.53069441849999, 103.15478585614, 117.80255462823999, 130.24110747813998, 142.26281925313998, 177.94454847133997, 212.18463399983997, 293.0, 316.7154937119, 344.9475311871, 360.10016082690004, 436.0, 439.69228939819, 470.96534786709, 491.73374448309, 538.0, 555.6147745373, 565.9781478298, 594.5194596427, 595.67983372031, 601.0950922552299, 613.5381308712299]
