Avion: 2      Iteracion: 29

Num Ruta: 29
Ingresos: 24000.0
Costos: 70.175464185
Utilidad Ruta: 23929.8245358
Costo Reducido: 26.0606331579
Nodos: [102, 24, 59, 31, 66, 712]
q: [0, 14.0, -14.0, 6.0, -6.0, 0]
Q: [0, 14.0, 0.0, 6.0, 0.0, 0]
B: [0.0, 61.0, 99.5129503025, 130.0, 143.3056140031, 145.73057503371]
