Avion: 4      Iteracion: 35

Num Ruta: 30
Ingresos: 28800.0
Costos: 101.679705258
Utilidad Ruta: 28698.3202947
Costo Reducido: 2.37690902255
Nodos: [104, 30, 16, 51, 65, 2, 37, 714]
q: [0.0, 11.0, 4.0, -4.0, -11.0, 9.0, -9.0, 0.0]
Q: [0.0, 11.0, 15.0, 11.0, 0.0, 9.0, 0.0, 0.0]
B: [0.0, 64.0, 72.20259129788, 81.82668273552001, 84.69783929691, 522.0, 562.7349620474, 578.9363967061]
