Avion: 5      Iteracion: 21

Num Ruta: 25
Ingresos: 144000.0
Costos: 398.227183177
Utilidad Ruta: 143601.772817
Costo Reducido: 88.1951968541
Nodos: [105, 30, 16, 51, 65, 3, 38, 23, 18, 53, 58, 22, 57, 8, 19, 54, 43, 13, 48, 15, 50, 7, 4, 42, 39, 2, 37, 715]
q: [0.0, 11.0, 4.0, -4.0, -11.0, 15.0, -15.0, 10.0, 5.0, -5.0, -10.0, 10.0, -10.0, 8.0, 7.0, -7.0, -8.0, 15.0, -15.0, 11.0, -11.0, 10.0, 5.0, -10.0, -5.0, 9.0, -9.0, 0.0]
Q: [0.0, 11.0, 15.0, 11.0, 0.0, 15.0, 0.0, 10.0, 15.0, 10.0, 0.0, 10.0, 0.0, 8.0, 15.0, 8.0, 0.0, 15.0, 0.0, 11.0, 0.0, 10.0, 15.0, 5.0, 0.0, 9.0, 0.0, 0.0]
B: [0.0, 64.0, 72.20259129788, 81.82668273552001, 84.69783929691, 256.0, 261.08428175852, 267.0, 293.0, 316.8182362487, 326.74376782137, 342.50019181287, 364.25487795177, 414.0, 437.1608815463, 463.7879978378, 466.71611702935996, 468.92679317026995, 485.80994412026996, 511.0, 527.4211666151, 538.3259061809999, 548.6892794734999, 567.9616404602, 569.12201453781, 578.57648104841, 619.31144309581, 633.94587899201]
