Avion: 6      Iteracion: 0

Num Ruta: 4
Ingresos: 0
Costos: 31.602986014
Utilidad Ruta: -31.602986014
Costo Reducido: -
Nodos: [106, 716]
q: [0, 0]
Q: [0, 0]
B: [0, 0]
