Avion: 7      Iteracion: 32

Num Ruta: 33
Ingresos: 57600.0
Costos: 204.452355076
Utilidad Ruta: 57395.5476449
Costo Reducido: 14.0112201784
Nodos: [107, 31, 66, 25, 60, 32, 67, 15, 50, 7, 4, 42, 39, 717]
q: [0, 6.0, -6.0, 10.0, -10.0, 6.0, -6.0, 11.0, -11.0, 10.0, 5.0, -10.0, -5.0, 0]
Q: [0, 6.0, 0.0, 10.0, 0.0, 6.0, 0.0, 11.0, 0.0, 10.0, 15.0, 5.0, 0.0, 0]
B: [0.0, 130.0, 143.3056140031, 410.0, 427.1849823101, 445.7299117519, 473.5872675668, 511.0, 527.4211666151, 538.3259061809999, 548.6892794734999, 567.9616404602, 569.12201453781, 575.00363208743]
