Avion: 3      Iteracion: 26

Num Ruta: 26
Ingresos: 36000.0
Costos: 85.3685509806
Utilidad Ruta: 35914.631449
Costo Reducido: 15.2198641139
Nodos: [103, 30, 65, 26, 61, 27, 62, 713]
q: [0, 11.0, -11.0, 13.0, -13.0, 6.0, -6.0, 0]
Q: [0, 11.0, 0.0, 13.0, 0.0, 6.0, 0.0, 0]
B: [0.0, 64.0, 82.7140226568, 300.0, 317.5792279694, 538.0, 555.0308623681, 567.4739009840999]
