Avion: 6      Iteracion: 0

Num Ruta: 2
Ingresos: 175200.0
Costos: 571.631867296
Utilidad Ruta: 174628.368133
Costo Reducido: -
Nodos: [106, 9, 44, 12, 47, 10, 45, 1, 11, 46, 36, 3, 38, 23, 18, 53, 58, 26, 61, 13, 48, 5, 40, 21, 56, 27, 62, 4, 39, 716]
q: [0.0, 11.0, -11.0, 14.0, -14.0, 12.0, -12.0, 7.0, 8.0, -8.0, -7.0, 15.0, -15.0, 4.0, 11.0, -11.0, -4.0, 13.0, -13.0, 15.0, -15.0, 12.0, -12.0, 13.0, -13.0, 6.0, -6.0, 5.0, -5.0, 0.0]
Q: [0.0, 11.0, 0.0, 14.0, 0.0, 12.0, 0.0, 7.0, 15.0, 7.0, 0.0, 15.0, 0.0, 4.0, 15.0, 4.0, 0.0, 13.0, 0.0, 15.0, 0.0, 12.0, 0.0, 13.0, 0.0, 6.0, 0.0, 5.0, 0.0, 0.0]
B: [0.0, 41.2454164484, 70.77265345090001, 81.559690208, 124.907614472, 133.62538482915, 163.14489556355, 201.56423673435, 220.24506532945, 224.29913217646, 258.61486151446, 265.71141342366, 270.79569518218, 274.15818250558, 294.33713265168, 318.15536890038, 328.08090047305, 347.76727324715, 365.34650121655, 423.0, 439.88315095, 469.0, 470.12168890518, 498.36127928818, 539.10006996738, 552.27751816498, 569.30838053308, 585.39558119078, 605.8213308709801, 627.4961168214801]
