Avion: 2      Iteracion: 30

Num Ruta: 30
Ingresos: 12000.0
Costos: 51.7970608489
Utilidad Ruta: 11948.2029392
Costo Reducido: 4.14030801933
Nodos: [102, 25, 60, 712]
q: [0, 10.0, -10.0, 0]
Q: [0, 10.0, 0.0, 0]
B: [0.0, 410.0, 427.1849823101, 433.12371794995]
