Avion: 7      Iteracion: 13

Num Ruta: 16
Ingresos: 74400.0
Costos: 296.641071273
Utilidad Ruta: 74103.3589287
Costo Reducido: 227.414826964
Nodos: [107, 24, 59, 1, 31, 66, 36, 23, 58, 4, 20, 39, 55, 33, 68, 717]
q: [0, 14.0, -14.0, 7.0, 6.0, -6.0, -7.0, 10.0, -10.0, 5.0, 10.0, -5.0, -10.0, 10.0, -10.0, 0]
Q: [0, 14.0, 0.0, 7.0, 13.0, 7.0, 0.0, 10.0, 0.0, 5.0, 15.0, 10.0, 0.0, 10.0, 0.0, 0]
B: [0.0, 61.0, 99.5129503025, 175.0, 183.89376197118, 197.19937597428, 230.76046369508, 267.0, 306.733842905, 529.0, 539.279151035, 569.6591407651, 581.5203640157, 592.3421633578, 615.6456745954, 637.0062688053]
