Avion: 1      Iteracion: 20

Num Ruta: 21
Ingresos: 55200.0
Costos: 259.640413763
Utilidad Ruta: 54940.3595862
Costo Reducido: 74.0115697586
Nodos: [101, 24, 59, 1, 36, 22, 57, 32, 67, 29, 64, 711]
q: [0, 14.0, -14.0, 7.0, -7.0, 10.0, -10.0, 6.0, -6.0, 9.0, -9.0, 0]
Q: [0, 14.0, 0.0, 7.0, 0.0, 10.0, 0.0, 6.0, 0.0, 9.0, 0.0, 0]
B: [0.0, 61.0, 99.5129503025, 175.0, 209.2400855285, 299.0, 320.7546861389, 422.0, 449.8573558149, 549.0, 582.7797797802, 603.6308069012]
