Avion: 2      Iteracion: 17

Num Ruta: 19
Ingresos: 13200.0
Costos: 48.9004788601
Utilidad Ruta: 13151.0995211
Costo Reducido: 8.72894037303
Nodos: [102, 9, 44, 712]
q: [0, 11.0, -11.0, 0]
Q: [0, 11.0, 0.0, 0]
B: [0.0, 28.0, 57.5272370025, 66.07984338886]
