Avion: 2      Iteracion: 19

Num Ruta: 21
Ingresos: 32400.0
Costos: 130.802967593
Utilidad Ruta: 32269.1970324
Costo Reducido: 49.8441929722
Nodos: [102, 11, 46, 20, 55, 2, 37, 712]
q: [0, 8.0, -8.0, 10.0, -10.0, 9.0, -9.0, 0]
Q: [0, 8.0, 0.0, 10.0, 0.0, 9.0, 0.0, 0]
B: [0.0, 169.0, 173.05406684701, 496.0, 538.1771424471, 545.50743971256, 586.24240175996, 589.09669711959]
