Avion: 1      Iteracion: 0

Num Ruta: 3
Ingresos: 168000.0
Costos: 529.930480857
Utilidad Ruta: 167470.069519
Costo Reducido: -
Nodos: [101, 16, 51, 24, 30, 59, 10, 65, 45, 11, 46, 3, 38, 26, 61, 13, 48, 6, 41, 5, 40, 21, 56, 27, 4, 62, 39, 33, 68, 711]
q: [0.0, 11.0, -11.0, 12.0, 3.0, -12.0, 12.0, -3.0, -12.0, 8.0, -8.0, 15.0, -15.0, 13.0, -13.0, 15.0, -15.0, 5.0, -5.0, 12.0, -12.0, 13.0, -13.0, 6.0, 5.0, -6.0, -5.0, 10.0, -10.0, 0.0]
Q: [0.0, 11.0, 0.0, 12.0, 15.0, 3.0, 15.0, 12.0, 0.0, 8.0, 0.0, 15.0, 0.0, 13.0, 0.0, 15.0, 0.0, 5.0, 0.0, 12.0, 0.0, 13.0, 0.0, 6.0, 11.0, 5.0, 0.0, 10.0, 0.0, 0.0]
B: [0.0, 36.0, 45.624091437640004, 70.85029051714, 89.10719167804, 109.37531307594, 121.16124375624, 139.85429404234, 158.75509193554, 211.39330851814, 215.44737536515, 256.0, 261.08428175852, 300.0, 317.5792279694, 423.0, 439.88315095, 464.1060995732, 467.79838897139, 486.18724918619, 487.30893809137, 515.54852847437, 556.2873191535699, 569.4647673511699, 587.07954188847, 603.16674254617, 608.58200108109, 617.15346653339, 640.45697777099, 659.22696628989]
