Avion: 3      Iteracion: 30

Num Ruta: 30
Ingresos: 13200.0
Costos: 51.4093950285
Utilidad Ruta: 13148.590605
Costo Reducido: 3.02713479228
Nodos: [103, 18, 53, 713]
q: [0, 11.0, -11.0, 0]
Q: [0, 11.0, 0.0, 0]
B: [0.0, 293.0, 316.8182362487, 333.6565635409]
