Avion: 2      Iteracion: 0

Num Ruta: 1
Ingresos: 76800.0
Costos: 349.447840578
Utilidad Ruta: 76450.5521594
Costo Reducido: -
Nodos: [102, 12, 47, 31, 66, 14, 49, 18, 53, 28, 63, 19, 54, 20, 55, 712]
q: [0, 14.0, -14.0, 6.0, -6.0, 8.0, -8.0, 11.0, -11.0, 8.0, -8.0, 7.0, -7.0, 10.0, -10.0, 0]
Q: [0, 14.0, 0.0, 6.0, 0.0, 8.0, 0.0, 11.0, 0.0, 8.0, 0.0, 7.0, 0.0, 10.0, 0.0, 0]
B: [0.0, 54.0, 97.347924264, 130.0, 143.3056140031, 160.3516205736, 172.3733323486, 293.0, 316.8182362487, 378.0, 414.0266187839, 426.5624120576, 453.1895283491, 496.0, 538.1771424471, 581.5754474486]
