Avion: 7      Iteracion: 5

Num Ruta: 8
Ingresos: 157200.0
Costos: 590.629334895
Utilidad Ruta: 156609.370665
Costo Reducido: 96485.6018941
Nodos: [107, 16, 51, 9, 44, 14, 49, 31, 1, 66, 36, 34, 69, 26, 61, 19, 32, 54, 6, 41, 13, 67, 48, 15, 50, 20, 7, 42, 55, 33, 68, 717]
q: [0.0, 11.0, -11.0, 11.0, -11.0, 8.0, -8.0, 6.0, 7.0, -6.0, -7.0, 12.0, -12.0, 13.0, -13.0, 7.0, 6.0, -7.0, 5.0, -5.0, 9.0, -6.0, -9.0, 11.0, -11.0, 5.0, 10.0, -10.0, -5.0, 10.0, -10.0, 0.0]
Q: [0.0, 11.0, 0.0, 11.0, 0.0, 8.0, 0.0, 6.0, 13.0, 7.0, 0.0, 12.0, 0.0, 13.0, 0.0, 7.0, 13.0, 6.0, 11.0, 6.0, 15.0, 9.0, 0.0, 11.0, 0.0, 5.0, 15.0, 5.0, 0.0, 10.0, 0.0, 0.0]
B: [0.0, 36.0, 45.624091437640004, 75.68094759394, 105.20818459644, 115.46499131194001, 127.48670308694001, 154.69877029984002, 175.0, 193.9896940997, 227.5507818205, 283.0, 323.947598037, 358.0226741044, 375.6019020738, 406.453776328, 422.0, 441.5724706923, 453.36348968979996, 457.05577908798995, 470.46584519518996, 484.30802497299, 488.37897535343, 511.0, 527.4211666151, 533.55501866744, 542.2979730879999, 570.8392849008999, 583.8029694465998, 594.6247687886998, 617.9282800262998, 639.2888742361998]
