Avion: 6      Iteracion: 17

Num Ruta: 20
Ingresos: 106800.0
Costos: 406.740327252
Utilidad Ruta: 106393.259673
Costo Reducido: 135.847350809
Nodos: [106, 17, 52, 24, 59, 31, 14, 49, 66, 34, 69, 28, 63, 25, 60, 15, 50, 7, 27, 62, 42, 716]
q: [0.0, 5.0, -5.0, 14.0, -14.0, 6.0, 8.0, -8.0, -6.0, 12.0, -12.0, 8.0, -8.0, 10.0, -10.0, 11.0, -11.0, 10.0, 5.0, -5.0, -10.0, 0.0]
Q: [0.0, 5.0, 0.0, 14.0, 0.0, 6.0, 14.0, 6.0, 0.0, 12.0, 0.0, 8.0, 0.0, 10.0, 0.0, 11.0, 0.0, 10.0, 15.0, 10.0, 0.0, 0.0]
B: [0.0, 24.0, 58.8425537813, 75.400837086, 113.9137873885, 130.0, 147.5196824172, 159.5413941922, 188.60695116259998, 283.0, 323.947598037, 378.0, 414.0266187839, 417.35999740026, 434.54497971036, 511.0, 527.4211666151, 538.3259061809999, 565.9892295533, 583.0200919214, 587.4200124888599, 608.65755024636]
