Avion: 4      Iteracion: 7

Num Ruta: 8
Ingresos: 63600.0
Costos: 301.446207359
Utilidad Ruta: 63298.5537926
Costo Reducido: 56666.6187871
Nodos: [104, 17, 52, 30, 16, 51, 65, 14, 49, 23, 18, 53, 58, 20, 55, 714]
q: [0.0, 5.0, -5.0, 11.0, 4.0, -4.0, -11.0, 8.0, -8.0, 4.0, 11.0, -11.0, -4.0, 10.0, -10.0, 0.0]
Q: [0.0, 5.0, 0.0, 11.0, 15.0, 11.0, 0.0, 8.0, 0.0, 4.0, 15.0, 4.0, 0.0, 10.0, 0.0, 0.0]
B: [0.0, 24.0, 58.8425537813, 64.0, 72.20259129788, 81.82668273552001, 84.69783929691, 112.49377995381, 124.51549172881, 267.0, 293.0, 316.8182362487, 326.74376782137, 496.0, 538.1771424471, 599.3967161959999]
