Avion: 3      Iteracion: 46

Num Ruta: 38
Ingresos: 105600.0
Costos: 271.518264114
Utilidad Ruta: 105328.481736
Costo Reducido: 2.68054789114
Nodos: [103, 30, 16, 51, 65, 24, 59, 1, 31, 66, 11, 46, 36, 8, 43, 13, 48, 29, 27, 64, 62, 713]
q: [0.0, 11.0, 4.0, -4.0, -11.0, 14.0, -14.0, 7.0, 6.0, -6.0, 8.0, -8.0, -7.0, 8.0, -8.0, 15.0, -15.0, 9.0, 6.0, -9.0, -6.0, 0.0]
Q: [0.0, 11.0, 15.0, 11.0, 0.0, 14.0, 0.0, 7.0, 13.0, 7.0, 15.0, 7.0, 0.0, 8.0, 0.0, 15.0, 0.0, 9.0, 15.0, 6.0, 0.0, 0.0]
B: [0.0, 64.0, 72.20259129788, 81.82668273552001, 84.69783929691, 109.43181018721, 147.94476048971, 175.0, 183.89376197118, 197.19937597428, 197.678254873377, 201.732321720387, 236.048051058387, 414.0, 434.768396616, 436.97907275691, 453.86222370691, 549.0, 574.6018082369, 582.8182362320799, 598.26561380888, 610.7086524248799]
