Avion: 7      Iteracion: 29

Num Ruta: 31
Ingresos: 39600.0
Costos: 141.46345506
Utilidad Ruta: 39458.5365449
Costo Reducido: 15.3828983342
Nodos: [107, 26, 61, 18, 53, 29, 64, 717]
q: [0, 13.0, -13.0, 11.0, -11.0, 9.0, -9.0, 0]
Q: [0, 13.0, 0.0, 11.0, 0.0, 9.0, 0.0, 0]
B: [0.0, 300.0, 317.5792279694, 340.8578987218, 364.67613497049996, 549.0, 582.7797797802, 599.0926022215]
