Avion: 2      Iteracion: 11

Num Ruta: 13
Ingresos: 50400.0
Costos: 266.838781619
Utilidad Ruta: 50133.1612184
Costo Reducido: 8176.53584719
Nodos: [102, 11, 46, 18, 23, 58, 53, 32, 67, 21, 56, 712]
q: [0.0, 8.0, -8.0, 5.0, 10.0, -10.0, -5.0, 6.0, -6.0, 13.0, -13.0, 0.0]
Q: [0.0, 8.0, 0.0, 5.0, 15.0, 5.0, 0.0, 6.0, 0.0, 13.0, 0.0, 0.0]
B: [0.0, 169.0, 173.05406684701, 293.0, 313.1789501461, 352.91279305110004, 362.83832462377006, 422.0, 449.8573558149, 477.0, 517.7387906792, 555.4602718404999]
