Avion: 5      Iteracion: 4

Num Ruta: 8
Ingresos: 135600.0
Costos: 586.144712039
Utilidad Ruta: 135013.855288
Costo Reducido: 98888.200582
Nodos: [105, 9, 44, 24, 59, 1, 31, 66, 11, 46, 36, 35, 70, 26, 61, 28, 8, 43, 63, 21, 56, 15, 50, 29, 64, 715]
q: [0.0, 11.0, -11.0, 14.0, -14.0, 7.0, 6.0, -6.0, 8.0, -8.0, -7.0, 6.0, -6.0, 13.0, -13.0, 7.0, 8.0, -8.0, -7.0, 13.0, -13.0, 11.0, -11.0, 9.0, -9.0, 0.0]
Q: [0.0, 11.0, 0.0, 14.0, 0.0, 7.0, 13.0, 7.0, 15.0, 7.0, 0.0, 6.0, 0.0, 13.0, 0.0, 7.0, 15.0, 7.0, 0.0, 13.0, 0.0, 11.0, 0.0, 9.0, 0.0, 0.0]
B: [0.0, 52.3609759458, 81.88821294830001, 106.0284628434, 144.5414131459, 175.0, 183.89376197118, 197.19937597428, 197.678254873377, 201.732321720387, 236.048051058387, 279.0, 298.9128833924, 308.20588877279, 325.78511674219, 378.0, 414.0, 434.768396616, 469.0460766571, 478.3778522652, 519.1166429443999, 565.5024104275, 581.9235770426, 597.0614539083, 630.8412336885, 662.6287654109]
