Avion: 1      Iteracion: 22

Num Ruta: 23
Ingresos: 18000.0
Costos: 80.9609805657
Utilidad Ruta: 17919.0390194
Costo Reducido: 26.7270159678
Nodos: [101, 6, 41, 33, 68, 711]
q: [0, 5.0, -5.0, 10.0, -10.0, 0]
Q: [0, 5.0, 0.0, 10.0, 0.0, 0]
B: [0.0, 436.0, 439.69228939819, 562.0, 585.3035112376, 604.0734997565]
