Avion: 6      Iteracion: 39

Num Ruta: 35
Ingresos: 40800.0
Costos: 123.477251152
Utilidad Ruta: 40676.5227488
Costo Reducido: 8.45694309651
Nodos: [106, 13, 48, 21, 56, 27, 62, 716]
q: [0, 15.0, -15.0, 13.0, -13.0, 6.0, -6.0, 0]
Q: [0, 15.0, 0.0, 13.0, 0.0, 6.0, 0.0, 0]
B: [0.0, 423.0, 439.88315095, 477.0, 517.7387906792, 538.0, 555.0308623681, 572.9447390284]
