Avion: 6      Iteracion: 2

Num Ruta: 5
Ingresos: 124800.0
Costos: 397.420031267
Utilidad Ruta: 124402.579969
Costo Reducido: 118234.611754
Nodos: [106, 16, 51, 9, 44, 30, 65, 14, 49, 11, 46, 3, 38, 18, 57, 22, 53, 28, 63, 15, 50, 716]
q: [0.0, 11.0, -11.0, 11.0, -11.0, 11.0, -11.0, 8.0, -8.0, 8.0, -8.0, 15.0, -15.0, 11.0, -10.0, 10.0, -11.0, 8.0, -8.0, 11.0, -11.0, 0.0]
Q: [0.0, 11.0, 0.0, 11.0, 0.0, 11.0, 0.0, 8.0, 0.0, 8.0, 0.0, 15.0, 0.0, 11.0, 1.0, 11.0, 0.0, 8.0, 0.0, 11.0, 0.0, 0.0]
B: [0.0, 36.0, 45.624091437640004, 75.68094759394, 105.20818459644, 120.99608493184, 139.71010758864, 167.50604824554, 179.52776002054, 208.97618912974, 213.03025597675, 256.0, 261.08428175852, 293.0, 320.0, 341.7546861389, 357.2375335514, 378.0, 414.0266187839, 511.0, 527.4211666151, 557.8769848606]
