Avion: 1      Iteracion: 10

Num Ruta: 11
Ingresos: 106800.0
Costos: 410.606746614
Utilidad Ruta: 106389.393253
Costo Reducido: 38580.1962689
Nodos: [101, 17, 52, 16, 51, 35, 70, 22, 57, 8, 43, 6, 41, 13, 48, 20, 15, 7, 50, 4, 42, 39, 55, 2, 37, 711]
q: [0.0, 5.0, -5.0, 11.0, -11.0, 6.0, -6.0, 10.0, -10.0, 8.0, -8.0, 5.0, -5.0, 15.0, -15.0, 0.0, 11.0, 4.0, -11.0, 5.0, -4.0, -5.0, 0.0, 9.0, -9.0, 0.0]
Q: [0.0, 5.0, 0.0, 11.0, 0.0, 6.0, 0.0, 10.0, 0.0, 8.0, 0.0, 5.0, 0.0, 15.0, 0.0, 0.0, 11.0, 15.0, 4.0, 9.0, 5.0, 0.0, 0.0, 9.0, 0.0, 0.0]
B: [0.0, 40.5842207761, 75.4267745574, 80.75841389253999, 90.38250533018, 279.0, 298.9128833924, 314.02713802169995, 335.78182416059997, 414.0, 434.768396616, 443.95906824543, 447.65135764362, 461.06142375082, 477.94457470082, 496.0, 511.0, 524.7672641436, 535.6720037094999, 541.2466829827899, 560.51904396949, 561.6794180471, 573.5406412977, 580.8709385631599, 621.60590061056, 656.6589225202599]
