Avion: 3      Iteracion: 35

Num Ruta: 35
Ingresos: 21600.0
Costos: 68.1695834825
Utilidad Ruta: 21531.8304165
Costo Reducido: 7.41081083855
Nodos: [103, 22, 57, 8, 43, 713]
q: [0, 10.0, -10.0, 8.0, -8.0, 0]
Q: [0, 10.0, 0.0, 8.0, 0.0, 0]
B: [0.0, 299.0, 320.7546861389, 414.0, 434.768396616, 443.67348083795]
