Avion: 6      Iteracion: 32

Num Ruta: 30
Ingresos: 69600.0
Costos: 238.796159723
Utilidad Ruta: 69361.2038403
Costo Reducido: 27.2425637716
Nodos: [106, 10, 45, 26, 61, 22, 57, 32, 8, 43, 67, 29, 64, 716]
q: [0, 12.0, -12.0, 13.0, -13.0, 10.0, -10.0, 6.0, 8.0, -8.0, -6.0, 9.0, -9.0, 0]
Q: [0, 12.0, 0.0, 13.0, 0.0, 10.0, 0.0, 6.0, 14.0, 6.0, 0.0, 9.0, 0.0, 0]
B: [0.0, 96.0, 125.5195107344, 300.0, 317.5792279694, 331.2134086195, 352.9680947584, 422.0, 433.4468981388, 454.2152947548, 470.2643934834, 549.0, 582.7797797802, 616.0769860444]
