Avion: 2      Iteracion: 1

Num Ruta: 5
Ingresos: 110400.0
Costos: 423.769285568
Utilidad Ruta: 109976.230714
Costo Reducido: 87361.6099269
Nodos: [102, 9, 44, 12, 47, 10, 45, 34, 69, 26, 61, 25, 60, 8, 43, 5, 40, 712]
q: [0, 11.0, -11.0, 14.0, -14.0, 12.0, -12.0, 12.0, -12.0, 13.0, -13.0, 10.0, -10.0, 8.0, -8.0, 12.0, -12.0, 0]
Q: [0, 11.0, 0.0, 14.0, 0.0, 12.0, 0.0, 12.0, 0.0, 13.0, 0.0, 10.0, 0.0, 8.0, 0.0, 12.0, 0.0, 0]
B: [0.0, 28.0, 57.5272370025, 68.3142737596, 111.6621980236, 120.37996838075, 149.89947911515, 283.0, 323.947598037, 358.0226741044, 375.6019020738, 410.0, 427.1849823101, 453.0055821676, 473.7739787836, 483.52678966047, 484.64847856565, 509.36004901355]
