Avion: 7      Iteracion: 25

Num Ruta: 27
Ingresos: 67200.0
Costos: 165.337347254
Utilidad Ruta: 67034.6626527
Costo Reducido: 77.9595000214
Nodos: [107, 16, 51, 10, 45, 35, 70, 5, 40, 7, 4, 39, 42, 717]
q: [0, 11.0, -11.0, 12.0, -12.0, 6.0, -6.0, 12.0, -12.0, 10.0, 5.0, -5.0, -10.0, 0]
Q: [0, 11.0, 0.0, 12.0, 0.0, 6.0, 0.0, 12.0, 0.0, 10.0, 15.0, 10.0, 0.0, 0]
B: [0.0, 36.0, 45.624091437640004, 96.0, 125.5195107344, 279.0, 298.9128833924, 469.0, 470.12168890518, 517.0, 529.0, 549.4257496801999, 550.5861237578099, 555.5450890732799]
