Avion: 3      Iteracion: 5

Num Ruta: 7
Ingresos: 145200.0
Costos: 545.085963868
Utilidad Ruta: 144654.914036
Costo Reducido: 108343.62274
Nodos: [103, 16, 51, 9, 44, 14, 49, 31, 1, 66, 36, 34, 69, 26, 61, 19, 32, 54, 6, 41, 13, 67, 48, 15, 50, 7, 27, 62, 42, 713]
q: [0.0, 11.0, -11.0, 11.0, -11.0, 8.0, -8.0, 6.0, 7.0, -6.0, -7.0, 12.0, -12.0, 13.0, -13.0, 7.0, 6.0, -7.0, 5.0, -5.0, 9.0, -6.0, -9.0, 11.0, -11.0, 10.0, 5.0, -5.0, -10.0, 0.0]
Q: [0.0, 11.0, 0.0, 11.0, 0.0, 8.0, 0.0, 6.0, 13.0, 7.0, 0.0, 12.0, 0.0, 13.0, 0.0, 7.0, 13.0, 6.0, 11.0, 6.0, 15.0, 9.0, 0.0, 11.0, 0.0, 10.0, 15.0, 10.0, 0.0, 0.0]
B: [0.0, 36.0, 45.624091437640004, 75.68094759394, 105.20818459644, 115.46499131194001, 127.48670308694001, 154.69877029984002, 175.0, 193.9896940997, 227.5507818205, 283.0, 323.947598037, 358.0226741044, 375.6019020738, 406.453776328, 422.0, 441.5724706923, 453.36348968979996, 457.05577908798995, 470.46584519518996, 484.30802497299, 488.37897535343, 511.0, 527.4211666151, 538.3259061809999, 565.9892295533, 583.0200919214, 587.4200124888599, 602.8426999654599]
