Avion: 6      Iteracion: 18

Num Ruta: 21
Ingresos: 86400.0
Costos: 286.145031706
Utilidad Ruta: 86113.8549683
Costo Reducido: 117.499633325
Nodos: [106, 10, 45, 35, 26, 61, 70, 22, 57, 19, 8, 54, 6, 41, 43, 27, 7, 62, 42, 716]
q: [0.0, 12.0, -12.0, 6.0, 9.0, -9.0, -6.0, 10.0, -10.0, 7.0, 8.0, -7.0, 5.0, -5.0, -8.0, 5.0, 10.0, -5.0, -10.0, 0.0]
Q: [0.0, 12.0, 0.0, 6.0, 15.0, 6.0, 0.0, 10.0, 0.0, 7.0, 15.0, 8.0, 13.0, 8.0, 0.0, 5.0, 15.0, 10.0, 0.0, 0.0]
B: [0.0, 96.0, 125.5195107344, 279.0, 300.0, 317.5792279694, 327.40104373839, 342.51529836769, 364.26998450659, 402.0, 425.1608815463, 443.1178409771, 454.9088599746, 458.60114937278996, 471.46715185998994, 538.0, 565.6633233723, 590.3878382715001, 594.78775883896, 616.0252965964601]
