Avion: 1      Iteracion: 11

Num Ruta: 12
Ingresos: 60000.0
Costos: 322.093981291
Utilidad Ruta: 59677.9060187
Costo Reducido: 10500.434874
Nodos: [101, 12, 47, 11, 46, 32, 67, 21, 56, 29, 64, 711]
q: [0, 14.0, -14.0, 8.0, -8.0, 6.0, -6.0, 13.0, -13.0, 9.0, -9.0, 0]
Q: [0, 14.0, 0.0, 8.0, 0.0, 6.0, 0.0, 13.0, 0.0, 9.0, 0.0, 0]
B: [0.0, 54.0, 97.347924264, 169.0, 173.05406684701, 422.0, 449.8573558149, 477.0, 517.7387906792, 556.1920871568999, 589.9718669370999, 610.8228940580999]
