Avion: 7      Iteracion: 38

Num Ruta: 38
Ingresos: 67200.0
Costos: 240.172728747
Utilidad Ruta: 66959.8272713
Costo Reducido: 17.4422915795
Nodos: [107, 24, 59, 1, 36, 23, 58, 22, 57, 7, 4, 42, 39, 717]
q: [0, 14.0, -14.0, 7.0, -7.0, 10.0, -10.0, 10.0, -10.0, 10.0, 5.0, -10.0, -5.0, 0]
Q: [0, 14.0, 0.0, 7.0, 0.0, 10.0, 0.0, 10.0, 0.0, 10.0, 15.0, 5.0, 0.0, 0]
B: [0.0, 61.0, 99.5129503025, 175.0, 209.2400855285, 267.0, 306.733842905, 322.49026689650003, 344.24495303540004, 517.0, 529.0, 548.2723609867, 549.43273506431, 555.31435261393]
