Avion: 1      Iteracion: 39

Num Ruta: 33
Ingresos: 90000.0
Costos: 308.233276487
Utilidad Ruta: 89691.7667235
Costo Reducido: 26.608475604
Nodos: [101, 35, 70, 22, 57, 18, 53, 28, 63, 25, 19, 54, 60, 20, 4, 39, 55, 33, 68, 711]
q: [0.0, 6.0, -6.0, 10.0, -10.0, 11.0, -11.0, 8.0, -8.0, 8.0, 7.0, -7.0, -8.0, 10.0, 5.0, -5.0, -10.0, 10.0, -10.0, 0.0]
Q: [0.0, 6.0, 0.0, 10.0, 0.0, 11.0, 0.0, 8.0, 0.0, 8.0, 15.0, 8.0, 0.0, 10.0, 15.0, 10.0, 0.0, 10.0, 0.0, 0.0]
B: [0.0, 279.0, 298.9128833924, 314.02713802169995, 335.78182416059997, 349.182260758, 373.00049700669996, 382.13399978493, 418.16061856883, 421.49399718519, 430.88600442538996, 457.51312071688994, 474.29997715278995, 496.0, 529.0, 549.4257496801999, 561.2869729308, 572.1087722729, 595.4122835105, 614.1822720294]
