Avion: 5      Iteracion: 2

Num Ruta: 6
Ingresos: 182400.0
Costos: 619.732494819
Utilidad Ruta: 181780.267505
Costo Reducido: 146149.043524
Nodos: [105, 17, 52, 30, 65, 16, 51, 10, 45, 31, 11, 66, 46, 3, 38, 23, 18, 53, 58, 22, 57, 28, 32, 63, 25, 60, 67, 15, 50, 29, 27, 64, 62, 33, 68, 715]
q: [0.0, 5.0, -5.0, 11.0, -11.0, 11.0, -11.0, 12.0, -12.0, 6.0, 8.0, -6.0, -8.0, 15.0, -15.0, 10.0, 5.0, -5.0, -10.0, 10.0, -10.0, 8.0, 6.0, -8.0, 9.0, -9.0, -6.0, 11.0, -11.0, 9.0, 6.0, -9.0, -6.0, 10.0, -10.0, 0.0]
Q: [0.0, 5.0, 0.0, 11.0, 0.0, 11.0, 0.0, 12.0, 0.0, 6.0, 14.0, 8.0, 0.0, 15.0, 0.0, 10.0, 15.0, 10.0, 0.0, 10.0, 0.0, 8.0, 14.0, 6.0, 15.0, 6.0, 0.0, 11.0, 0.0, 9.0, 15.0, 6.0, 0.0, 10.0, 0.0, 0.0]
B: [0.0, 24.0, 58.8425537813, 64.0, 82.7140226568, 93.53069441849999, 103.15478585614, 118.98406306644, 148.50357380084, 188.11172813804, 201.29445733194, 201.773336231037, 205.467714798537, 256.0, 261.08428175852, 267.0, 293.0, 316.8182362487, 326.74376782137, 342.50019181287, 364.25487795177, 407.30604165267005, 441.35211597847007, 464.80722450517004, 468.14060312153003, 485.32558543163003, 496.31065370633, 519.60609326003, 536.02725987513, 551.16513674083, 576.76694497773, 584.9833729729099, 600.43075054971, 614.2779205494099, 637.5814317870099, 661.20401911351]
