Avion: 3      Iteracion: 11

Num Ruta: 13
Ingresos: 104400.0
Costos: 483.037436874
Utilidad Ruta: 103916.962563
Costo Reducido: 11761.9037484
Nodos: [103, 9, 44, 12, 47, 11, 46, 23, 58, 18, 53, 28, 63, 32, 6, 41, 67, 29, 4, 64, 39, 713]
q: [0, 11.0, -11.0, 14.0, -14.0, 8.0, -8.0, 10.0, -10.0, 11.0, -11.0, 8.0, -8.0, 6.0, 5.0, -5.0, -6.0, 9.0, 5.0, -9.0, -5.0, 0]
Q: [0, 11.0, 0.0, 14.0, 0.0, 8.0, 0.0, 10.0, 0.0, 11.0, 0.0, 8.0, 0.0, 6.0, 11.0, 6.0, 0.0, 9.0, 14.0, 5.0, 0.0, 0]
B: [0.0, 28.8572183864, 58.3844553889, 69.171492146, 112.51941641, 169.0, 173.05406684701, 267.0, 306.733842905, 332.1731543147, 355.9913905634, 378.0, 414.0266187839, 437.4817273106, 468.8022006467, 472.49449004489, 495.15186169299, 549.0, 569.7100026316, 592.5834067727, 604.8024778094, 621.3733996003]
