Avion: 5      Iteracion: 17

Num Ruta: 21
Ingresos: 105600.0
Costos: 346.091013257
Utilidad Ruta: 105253.908987
Costo Reducido: 75.7994010545
Nodos: [105, 17, 52, 9, 44, 14, 49, 3, 38, 8, 32, 19, 54, 43, 13, 67, 48, 15, 20, 50, 7, 42, 55, 715]
q: [0.0, 5.0, -5.0, 11.0, -11.0, 8.0, -8.0, 15.0, -15.0, 2.0, 6.0, 7.0, -7.0, -2.0, 9.0, -6.0, -9.0, 10.0, 5.0, -10.0, 10.0, -10.0, -5.0, 0.0]
Q: [0.0, 5.0, 0.0, 11.0, 0.0, 8.0, 0.0, 15.0, 0.0, 2.0, 8.0, 15.0, 8.0, 6.0, 15.0, 9.0, 0.0, 10.0, 15.0, 5.0, 15.0, 5.0, 0.0, 0.0]
B: [0.0, 24.0, 58.8425537813, 81.72911018459999, 111.25634718709999, 121.5131539026, 133.5348656776, 256.0, 261.08428175852, 414.0, 425.4468981388, 437.16181277780004, 463.7889290693, 466.71704826086, 468.92772440177, 482.76990417957, 486.84085456001003, 511.0, 521.3008920973, 527.43474414964, 538.3394837155399, 566.8807955284399, 579.8444800741398, 617.6899287965398]
