Avion: 7      Iteracion: 7

Num Ruta: 10
Ingresos: 118800.0
Costos: 500.465257434
Utilidad Ruta: 118299.534743
Costo Reducido: 87460.9666644
Nodos: [107, 16, 51, 30, 24, 65, 59, 10, 45, 1, 36, 23, 58, 18, 53, 8, 43, 6, 41, 2, 4, 37, 7, 42, 39, 717]
q: [0.0, 11.0, -11.0, 11.0, 0.0, -11.0, 0.0, 12.0, -12.0, 7.0, -7.0, 10.0, -10.0, 11.0, -11.0, 8.0, -8.0, 5.0, -5.0, 9.0, 5.0, -9.0, 10.0, -10.0, -5.0, 0.0]
Q: [0.0, 11.0, 0.0, 11.0, 11.0, 0.0, 0.0, 12.0, 0.0, 7.0, 0.0, 10.0, 0.0, 11.0, 0.0, 8.0, 0.0, 5.0, 0.0, 9.0, 14.0, 5.0, 15.0, 5.0, 0.0, 0.0]
B: [0.0, 36.0, 45.624091437640004, 64.0, 82.2569011609, 106.9908720512, 136.6284329664, 148.4143636467, 177.9338743811, 216.3532155519, 250.5933010804, 267.0, 306.733842905, 332.1731543147, 355.9913905634, 414.0, 434.768396616, 443.95906824543, 447.65135764362, 522.0, 549.3715326023, 562.8222884175, 574.3290145375, 602.8703263504, 604.0307004280099, 609.91231797763]
