Avion: 2      Iteracion: 40

Num Ruta: 36
Ingresos: 104400.0
Costos: 290.626507728
Utilidad Ruta: 104109.373492
Costo Reducido: 13.666898608
Nodos: [102, 14, 49, 3, 38, 23, 18, 53, 58, 28, 63, 25, 19, 54, 60, 15, 50, 7, 4, 42, 39, 712]
q: [0.0, 8.0, -8.0, 15.0, -15.0, 4.0, 11.0, -11.0, -4.0, 8.0, -8.0, 8.0, 7.0, -7.0, -8.0, 11.0, -11.0, 10.0, 5.0, -10.0, -5.0, 0.0]
Q: [0.0, 8.0, 0.0, 15.0, 0.0, 4.0, 15.0, 4.0, 0.0, 8.0, 0.0, 8.0, 15.0, 8.0, 0.0, 11.0, 0.0, 10.0, 15.0, 5.0, 0.0, 0.0]
B: [0.0, 112.0, 124.021711775, 256.0, 261.08428175852, 267.0, 293.0, 316.8182362487, 326.74376782137, 378.0, 414.0266187839, 417.35999740026, 426.75200464046, 453.37912093195996, 470.16597736785997, 511.0, 527.4211666151, 538.3259061809999, 548.6892794734999, 567.9616404602, 569.12201453781, 600.73917601701]
