Avion: 4      Iteracion: 48

Num Ruta: 36
Ingresos: 27600.0
Costos: 125.985751889
Utilidad Ruta: 27474.0142481
Costo Reducido: 14.9096217738
Nodos: [104, 21, 56, 33, 68, 714]
q: [0, 13.0, -13.0, 10.0, -10.0, 0]
Q: [0, 13.0, 0.0, 10.0, 0.0, 0]
B: [0.0, 477.0, 517.7387906792, 562.0, 585.3035112376, 618.4436307455]
