Avion: 1      Iteracion: 13

Num Ruta: 14
Ingresos: 62400.0
Costos: 233.285110536
Utilidad Ruta: 62166.7148895
Costo Reducido: 195.195025952
Nodos: [101, 24, 59, 31, 66, 11, 46, 7, 4, 42, 39, 29, 64, 711]
q: [0, 14.0, -14.0, 6.0, -6.0, 8.0, -8.0, 10.0, 5.0, -10.0, -5.0, 9.0, -9.0, 0]
Q: [0, 14.0, 0.0, 6.0, 0.0, 8.0, 0.0, 10.0, 15.0, 5.0, 0.0, 9.0, 0.0, 0]
B: [0.0, 61.0, 99.5129503025, 130.0, 143.3056140031, 169.0, 173.05406684701, 517.0, 529.0, 548.2723609867, 549.43273506431, 587.25058070631, 621.03036048651, 641.88138760751]
