Avion: 6      Iteracion: 43

Num Ruta: 37
Ingresos: 90000.0
Costos: 315.138099397
Utilidad Ruta: 89684.8619006
Costo Reducido: 10.8583481672
Nodos: [106, 31, 11, 66, 46, 34, 69, 28, 63, 25, 19, 32, 54, 67, 60, 15, 50, 20, 27, 62, 55, 716]
q: [0.0, 6.0, 8.0, -6.0, -8.0, 12.0, -12.0, 8.0, -8.0, 2.0, 7.0, 6.0, -7.0, -6.0, -2.0, 11.0, -11.0, 10.0, 5.0, -5.0, -10.0, 0.0]
Q: [0.0, 6.0, 14.0, 8.0, 0.0, 12.0, 0.0, 8.0, 0.0, 2.0, 9.0, 15.0, 8.0, 2.0, 0.0, 11.0, 0.0, 10.0, 15.0, 10.0, 0.0, 0.0]
B: [0.0, 130.0, 169.0, 169.478878899097, 173.173257466597, 283.0, 323.947598037, 378.0, 414.0266187839, 417.35999740026, 426.75200464046, 438.46691927945994, 458.03938997175993, 475.1667664199599, 486.1518346946599, 511.0, 527.4211666151, 533.55501866744, 557.04922254844, 574.0800849165399, 590.2378507274399, 615.7547012580399]
