Avion: 7      Iteracion: 21

Num Ruta: 23
Ingresos: 54000.0
Costos: 184.189293566
Utilidad Ruta: 53815.8107064
Costo Reducido: 52.2861745826
Nodos: [107, 16, 51, 9, 44, 25, 60, 21, 56, 717]
q: [0, 11.0, -11.0, 11.0, -11.0, 10.0, -10.0, 13.0, -13.0, 0]
Q: [0, 11.0, 0.0, 11.0, 0.0, 10.0, 0.0, 13.0, 0.0, 0]
B: [0.0, 36.0, 45.624091437640004, 75.68094759394, 105.20818459644, 410.0, 427.1849823101, 477.0, 517.7387906792, 539.5093224136]
