Avion: 7      Iteracion: 1

Num Ruta: 5
Ingresos: 176400.0
Costos: 600.947054966
Utilidad Ruta: 175799.052945
Costo Reducido: 105333.316412
Nodos: [107, 16, 51, 24, 65, 30, 59, 10, 45, 1, 36, 23, 18, 53, 58, 26, 61, 25, 60, 19, 54, 5, 40, 15, 50, 7, 4, 42, 39, 2, 37, 717]
q: [0.0, 11.0, -11.0, 14.0, -11.0, 11.0, -14.0, 12.0, -12.0, 7.0, -7.0, 4.0, 11.0, -11.0, -4.0, 13.0, -13.0, 10.0, -10.0, 7.0, -7.0, 12.0, -12.0, 11.0, -11.0, 10.0, 5.0, -10.0, -5.0, 9.0, -9.0, 0.0]
Q: [0.0, 11.0, 0.0, 14.0, 3.0, 14.0, 0.0, 12.0, 0.0, 7.0, 0.0, 4.0, 15.0, 4.0, 0.0, 13.0, 0.0, 10.0, 0.0, 7.0, 0.0, 12.0, 0.0, 11.0, 0.0, 10.0, 15.0, 5.0, 0.0, 9.0, 0.0, 0.0]
B: [0.0, 36.0, 45.624091437640004, 70.85029051714, 95.58426140744, 114.29828406424, 134.56640546213998, 146.35233614243998, 175.87184687683998, 214.29118804764, 248.53127357614, 267.0, 293.0, 316.8182362487, 326.74376782137, 346.43014059547, 364.00936856487, 410.0, 427.1849823101, 443.8578739909, 470.48499028239996, 478.33530352455995, 479.45699242973996, 512.85918690854, 529.28035352364, 540.1850930895399, 550.5484663820399, 569.82082736874, 570.9812014463499, 580.4356679569499, 621.17063000435, 650.85549970255]
