Avion: 5      Iteracion: 5

Num Ruta: 9
Ingresos: 133200.0
Costos: 593.603966248
Utilidad Ruta: 132606.396034
Costo Reducido: 103207.984623
Nodos: [105, 17, 52, 16, 51, 14, 49, 31, 66, 1, 36, 23, 34, 58, 69, 25, 60, 32, 19, 54, 67, 15, 50, 29, 27, 64, 62, 33, 68, 715]
q: [0.0, 5.0, -5.0, 11.0, -11.0, 8.0, -8.0, 6.0, -6.0, 7.0, -7.0, 3.0, 12.0, -3.0, -12.0, 10.0, -10.0, 6.0, 7.0, -7.0, -6.0, 11.0, -11.0, 9.0, 6.0, -9.0, -6.0, 10.0, -10.0, 0.0]
Q: [0.0, 5.0, 0.0, 11.0, 0.0, 8.0, 0.0, 6.0, 0.0, 7.0, 0.0, 3.0, 15.0, 12.0, 0.0, 10.0, 0.0, 6.0, 13.0, 6.0, 0.0, 11.0, 0.0, 9.0, 15.0, 6.0, 0.0, 10.0, 0.0, 0.0]
B: [0.0, 24.0, 58.8425537813, 64.17419311644, 73.79828455408, 112.0, 124.021711775, 151.2337789879, 164.539392991, 183.5290870907, 217.7691726192, 267.0, 308.6968644505, 345.192375421, 361.7120311075, 410.0, 427.1849823101, 445.7299117519, 457.44482639089995, 484.07194268239994, 501.1993191305999, 524.4947586842999, 540.9159252993999, 556.0538021650999, 581.6556104019999, 589.8720383971798, 605.3194159739799, 619.1665859736798, 642.4700972112798, 666.0926845377799]
