Avion: 3      Iteracion: 15

Num Ruta: 16
Ingresos: 27600.0
Costos: 35.5429469737
Utilidad Ruta: 27564.457053
Costo Reducido: 51.3138043816
Nodos: [103, 16, 51, 5, 40, 713]
q: [0, 11.0, -11.0, 12.0, -12.0, 0]
Q: [0, 11.0, 0.0, 12.0, 0.0, 0]
B: [0.0, 36.0, 45.624091437640004, 469.0, 470.12168890518, 479.93139598541]
