Avion: 1      Iteracion: 17

Num Ruta: 18
Ingresos: 37200.0
Costos: 149.877389343
Utilidad Ruta: 37050.1226107
Costo Reducido: 41.3468419662
Nodos: [101, 9, 44, 7, 42, 33, 68, 711]
q: [0, 11.0, -11.0, 10.0, -10.0, 10.0, -10.0, 0]
Q: [0, 11.0, 0.0, 10.0, 0.0, 10.0, 0.0, 0]
B: [0.0, 35.5033292242, 65.0305662267, 517.0, 545.5413118129, 562.0, 585.3035112376, 604.0734997565]
