Avion: 4      Iteracion: 18

Num Ruta: 17
Ingresos: 44400.0
Costos: 143.398746041
Utilidad Ruta: 44256.601254
Costo Reducido: 98.9613663741
Nodos: [104, 1, 36, 3, 38, 23, 18, 53, 58, 714]
q: [0.0, 7.0, -7.0, 15.0, -15.0, 4.0, 11.0, -11.0, -4.0, 0.0]
Q: [0.0, 7.0, 0.0, 15.0, 0.0, 4.0, 15.0, 4.0, 0.0, 0.0]
B: [0.0, 175.0, 209.2400855285, 256.0, 261.08428175852, 267.0, 293.0, 316.8182362487, 326.74376782137, 364.39734253877]
