Avion: 7      Iteracion: 16

Num Ruta: 19
Ingresos: 102000.0
Costos: 276.837201042
Utilidad Ruta: 101723.162799
Costo Reducido: 123.335560433
Nodos: [107, 16, 51, 24, 59, 14, 49, 3, 38, 8, 43, 6, 41, 13, 48, 29, 64, 717]
q: [0, 11.0, -11.0, 14.0, -14.0, 8.0, -8.0, 15.0, -15.0, 8.0, -8.0, 5.0, -5.0, 15.0, -15.0, 9.0, -9.0, 0]
Q: [0, 11.0, 0.0, 14.0, 0.0, 8.0, 0.0, 15.0, 0.0, 8.0, 0.0, 5.0, 0.0, 15.0, 0.0, 9.0, 0.0, 0]
B: [0.0, 36.0, 45.624091437640004, 70.85029051714, 109.36324081964, 138.00961011834, 150.03132189334, 256.0, 261.08428175852, 414.0, 434.768396616, 443.95906824543, 447.65135764362, 461.06142375082, 477.94457470082, 549.0, 582.7797797802, 599.0926022215]
