Avion: 5      Iteracion: 48

Num Ruta: 47
Ingresos: 49200.0
Costos: 225.733418193
Utilidad Ruta: 48974.2665818
Costo Reducido: 21.2239938414
Nodos: [105, 17, 52, 14, 49, 32, 19, 54, 67, 29, 27, 64, 62, 715]
q: [0, 5.0, -5.0, 8.0, -8.0, 6.0, 7.0, -7.0, -6.0, 9.0, 6.0, -9.0, -6.0, 0]
Q: [0, 5.0, 0.0, 8.0, 0.0, 6.0, 13.0, 6.0, 0.0, 9.0, 15.0, 6.0, 0.0, 0]
B: [0.0, 24.0, 58.8425537813, 112.0, 124.021711775, 422.0, 433.71491463899997, 460.34203093049996, 477.46940737869994, 549.0, 574.6018082369, 582.8182362320799, 598.26561380888, 620.1471403780799]
