Avion: 1      Iteracion: 14

Num Ruta: 15
Ingresos: 25200.0
Costos: 140.506714652
Utilidad Ruta: 25059.4932853
Costo Reducido: 111.382803799
Nodos: [101, 14, 49, 21, 56, 711]
q: [0, 8.0, -8.0, 13.0, -13.0, 0]
Q: [0, 8.0, 0.0, 13.0, 0.0, 0]
B: [0.0, 112.0, 124.021711775, 477.0, 517.7387906792, 537.5187401229999]
