Avion: 5      Iteracion: 43

Num Ruta: 43
Ingresos: 93600.0
Costos: 316.835237611
Utilidad Ruta: 93283.1647624
Costo Reducido: 9.4323292437
Nodos: [105, 17, 52, 14, 49, 3, 38, 23, 18, 58, 53, 19, 32, 54, 13, 67, 48, 21, 56, 715]
q: [0.0, 5.0, -5.0, 8.0, -8.0, 15.0, -15.0, 10.0, 5.0, -10.0, -5.0, 7.0, 6.0, -7.0, 9.0, -6.0, -9.0, 13.0, -13.0, 0.0]
Q: [0.0, 5.0, 0.0, 8.0, 0.0, 15.0, 0.0, 10.0, 15.0, 5.0, 0.0, 7.0, 13.0, 6.0, 15.0, 9.0, 0.0, 13.0, 0.0, 0.0]
B: [0.0, 24.0, 58.8425537813, 112.0, 124.021711775, 256.0, 261.08428175852, 267.0, 293.0, 318.4393114097, 328.36484298237, 402.0, 422.0, 441.5724706923, 445.80008999872, 459.64226977652004, 463.71322015696006, 479.22461654796007, 519.96340722716, 558.10594506876]
