Avion: 7      Iteracion: 11

Num Ruta: 14
Ingresos: 40800.0
Costos: 218.022721068
Utilidad Ruta: 40581.9772789
Costo Reducido: 6688.445393
Nodos: [107, 23, 18, 53, 58, 32, 67, 21, 56, 717]
q: [0.0, 10.0, 5.0, -5.0, -10.0, 6.0, -6.0, 13.0, -13.0, 0.0]
Q: [0.0, 10.0, 15.0, 10.0, 0.0, 6.0, 0.0, 13.0, 0.0, 0.0]
B: [0.0, 267.0, 293.0, 316.8182362487, 326.74376782137, 422.0, 449.8573558149, 477.0, 517.7387906792, 539.5093224136]
