Avion: 6      Iteracion: 14

Num Ruta: 17
Ingresos: 90000.0
Costos: 273.355827773
Utilidad Ruta: 89726.6441722
Costo Reducido: 169.470594944
Nodos: [106, 31, 14, 49, 66, 11, 46, 22, 57, 18, 53, 25, 19, 60, 54, 6, 41, 5, 40, 716]
q: [0.0, 6.0, 8.0, -8.0, -6.0, 8.0, -8.0, 10.0, -10.0, 11.0, -11.0, 10.0, 5.0, -10.0, -5.0, 5.0, -5.0, 12.0, -12.0, 0.0]
Q: [0.0, 6.0, 14.0, 6.0, 0.0, 8.0, 0.0, 10.0, 0.0, 11.0, 0.0, 10.0, 15.0, 5.0, 0.0, 5.0, 0.0, 12.0, 0.0, 0.0]
B: [0.0, 130.0, 147.5196824172, 159.5413941922, 188.60695116259998, 189.08583006169698, 193.139896908707, 299.0, 320.7546861389, 334.15512273630003, 357.973358985, 410.0, 419.3920072402, 436.06489892099995, 452.85175535689996, 464.64277435439993, 468.3350637525899, 486.7239239673899, 487.8456128725699, 505.19059589356993]
