Avion: 7      Iteracion: 9

Num Ruta: 12
Ingresos: 40800.0
Costos: 182.682052201
Utilidad Ruta: 40617.3179478
Costo Reducido: 14972.0703515
Nodos: [107, 24, 59, 30, 65, 2, 37, 717]
q: [0, 14.0, -14.0, 11.0, -11.0, 9.0, -9.0, 0]
Q: [0, 14.0, 0.0, 11.0, 0.0, 9.0, 0.0, 0]
B: [0.0, 61.0, 99.5129503025, 119.7810717004, 138.4950943572, 522.0, 562.7349620474, 592.4198317456]
