Avion: 2      Iteracion: 14

Num Ruta: 16
Ingresos: 22800.0
Costos: 77.2872686338
Utilidad Ruta: 22722.7127314
Costo Reducido: 121.404765491
Nodos: [102, 14, 49, 15, 50, 712]
q: [0, 8.0, -8.0, 11.0, -11.0, 0]
Q: [0, 8.0, 0.0, 11.0, 0.0, 0]
B: [0.0, 112.0, 124.021711775, 511.0, 527.4211666151, 534.86056773347]
