Avion: 7      Iteracion: 43

Num Ruta: 42
Ingresos: 55200.0
Costos: 213.294803494
Utilidad Ruta: 54986.7051965
Costo Reducido: 2.39084518888
Nodos: [107, 24, 59, 1, 36, 23, 58, 4, 7, 39, 42, 717]
q: [0, 14.0, -14.0, 7.0, -7.0, 10.0, -10.0, 5.0, 10.0, -5.0, -10.0, 0]
Q: [0, 14.0, 0.0, 7.0, 0.0, 10.0, 0.0, 5.0, 15.0, 10.0, 0.0, 0]
B: [0.0, 61.0, 99.5129503025, 175.0, 209.2400855285, 267.0, 306.733842905, 529.0, 539.3633732925, 569.0610398002, 570.2214138778099, 575.1803791932799]
