Avion: 6      Iteracion: 51

Num Ruta: 43
Ingresos: 96000.0
Costos: 293.115681524
Utilidad Ruta: 95706.8843185
Costo Reducido: 18.2444981734
Nodos: [106, 10, 45, 35, 26, 70, 61, 22, 57, 8, 32, 19, 54, 43, 13, 67, 48, 21, 56, 27, 62, 716]
q: [0.0, 12.0, -12.0, 6.0, 9.0, -6.0, -9.0, 10.0, -10.0, 2.0, 6.0, 7.0, -7.0, -2.0, 9.0, -6.0, -9.0, 13.0, -13.0, 6.0, -6.0, 0.0]
Q: [0.0, 12.0, 0.0, 6.0, 15.0, 9.0, 0.0, 10.0, 0.0, 2.0, 8.0, 15.0, 8.0, 6.0, 15.0, 9.0, 0.0, 13.0, 0.0, 6.0, 0.0, 0.0]
B: [0.0, 96.0, 125.5195107344, 279.0, 300.0, 309.29300538039, 319.11482114938, 332.74900179948, 354.50368793838004, 414.0, 425.4468981388, 437.16181277780004, 463.7889290693, 466.71704826086, 468.92772440177, 482.76990417957, 486.84085456001003, 502.35225095101003, 543.09104163021, 556.2684898278101, 573.29935219591, 591.2132288562101]
