Avion: 6      Iteracion: 23

Num Ruta: 26
Ingresos: 48000.0
Costos: 218.229891206
Utilidad Ruta: 47781.7701088
Costo Reducido: 59.7861198079
Nodos: [106, 10, 45, 35, 70, 32, 19, 54, 67, 29, 64, 716]
q: [0, 12.0, -12.0, 6.0, -6.0, 6.0, 7.0, -7.0, -6.0, 9.0, -9.0, 0]
Q: [0, 12.0, 0.0, 6.0, 0.0, 6.0, 13.0, 6.0, 0.0, 9.0, 0.0, 0]
B: [0.0, 96.0, 125.5195107344, 279.0, 298.9128833924, 422.0, 433.71491463899997, 460.34203093049996, 477.46940737869994, 549.0, 582.7797797802, 616.0769860444]
