Avion: 2      Iteracion: 8

Num Ruta: 10
Ingresos: 26400.0
Costos: 172.770112022
Utilidad Ruta: 26227.229888
Costo Reducido: 25808.7843144
Nodos: [102, 34, 69, 7, 42, 712]
q: [0, 12.0, -12.0, 10.0, -10.0, 0]
Q: [0, 12.0, 0.0, 10.0, 0.0, 0]
B: [0.0, 283.0, 323.947598037, 517.0, 545.5413118129, 576.021126248]
