Avion: 5      Iteracion: 32

Num Ruta: 33
Ingresos: 121200.0
Costos: 370.054481981
Utilidad Ruta: 120829.945518
Costo Reducido: 3.23184691461
Nodos: [105, 17, 16, 51, 52, 18, 53, 22, 57, 8, 19, 54, 43, 13, 48, 15, 50, 7, 4, 42, 39, 2, 37, 715]
q: [0.0, 5.0, 10.0, -10.0, -5.0, 11.0, -11.0, 10.0, -10.0, 8.0, 7.0, -7.0, -8.0, 15.0, -15.0, 11.0, -11.0, 10.0, 5.0, -10.0, -5.0, 9.0, -9.0, 0.0]
Q: [0.0, 5.0, 15.0, 5.0, 0.0, 11.0, 0.0, 10.0, 0.0, 8.0, 15.0, 8.0, 0.0, 15.0, 0.0, 11.0, 0.0, 10.0, 15.0, 5.0, 0.0, 9.0, 0.0, 0.0]
B: [0.0, 24.0, 58.8014769802, 68.42556841784, 83.07333718993999, 293.0, 316.8182362487, 332.3010836612, 354.0557698001, 414.0, 437.1608815463, 463.7879978378, 466.71611702935996, 468.92679317026995, 485.80994412026996, 511.0, 527.4211666151, 538.3259061809999, 548.6892794734999, 567.9616404602, 569.12201453781, 578.57648104841, 619.31144309581, 633.94587899201]
