Avion: 1      Iteracion: 26

Num Ruta: 27
Ingresos: 22800.0
Costos: 112.831679399
Utilidad Ruta: 22687.1683206
Costo Reducido: 10.2930398228
Nodos: [101, 33, 68, 29, 64, 711]
q: [0, 10.0, -10.0, 9.0, -9.0, 0]
Q: [0, 10.0, 0.0, 9.0, 0.0, 0]
B: [0.0, 562.0, 585.3035112376, 603.6868304428, 637.466610223, 658.317637344]
