Avion: 1      Iteracion: 4

Num Ruta: 6
Ingresos: 126000.0
Costos: 604.423897067
Utilidad Ruta: 125395.576103
Costo Reducido: 102878.909063
Nodos: [101, 24, 12, 59, 47, 14, 49, 11, 46, 1, 36, 35, 70, 26, 61, 28, 8, 43, 63, 21, 56, 15, 50, 29, 64, 711]
q: [0.0, 14.0, 1.0, -14.0, -1.0, 8.0, -8.0, 8.0, -8.0, 7.0, -7.0, 6.0, -6.0, 13.0, -13.0, 7.0, 8.0, -8.0, -7.0, 13.0, -13.0, 11.0, -11.0, 9.0, -9.0, 0.0]
Q: [0.0, 14.0, 15.0, 1.0, 0.0, 8.0, 0.0, 8.0, 0.0, 7.0, 0.0, 6.0, 0.0, 13.0, 0.0, 7.0, 15.0, 7.0, 0.0, 13.0, 0.0, 11.0, 0.0, 9.0, 0.0, 0.0]
B: [0.0, 61.0, 77.84782742670001, 111.89399666790001, 127.82623423830002, 164.34546802000003, 176.36717979500003, 205.81560890420002, 209.86967575121002, 232.53912728851003, 266.77921281701003, 302.43419465681006, 322.34707804921004, 331.64008342960005, 349.21931139900005, 378.0, 414.0, 434.768396616, 469.0460766571, 478.3778522652, 519.1166429443999, 565.5024104275, 581.9235770426, 597.0614539083, 630.8412336885, 651.6922608095]
