Avion: 3      Iteracion: 31

Num Ruta: 31
Ingresos: 67200.0
Costos: 221.956303411
Utilidad Ruta: 66978.0436966
Costo Reducido: 11.2481390637
Nodos: [103, 24, 59, 1, 36, 3, 38, 18, 53, 29, 64, 713]
q: [0, 14.0, -14.0, 7.0, -7.0, 15.0, -15.0, 11.0, -11.0, 9.0, -9.0, 0]
Q: [0, 14.0, 0.0, 7.0, 0.0, 15.0, 0.0, 11.0, 0.0, 9.0, 0.0, 0]
B: [0.0, 61.0, 99.5129503025, 175.0, 209.2400855285, 256.0, 261.08428175852, 293.0, 316.8182362487, 549.0, 582.7797797802, 602.156490853]
