Avion: 2      Iteracion: 32

Num Ruta: 32
Ingresos: 135600.0
Costos: 391.400145768
Utilidad Ruta: 135208.599854
Costo Reducido: 31.7526562593
Nodos: [102, 9, 44, 12, 47, 31, 66, 14, 49, 3, 38, 23, 18, 53, 58, 28, 63, 25, 60, 15, 50, 7, 4, 42, 39, 712]
q: [0.0, 11.0, -11.0, 14.0, -14.0, 6.0, -6.0, 8.0, -8.0, 15.0, -15.0, 10.0, 5.0, -5.0, -10.0, 8.0, -8.0, 10.0, -10.0, 11.0, -11.0, 10.0, 5.0, -10.0, -5.0, 0.0]
Q: [0.0, 11.0, 0.0, 14.0, 0.0, 6.0, 0.0, 8.0, 0.0, 15.0, 0.0, 10.0, 15.0, 10.0, 0.0, 8.0, 0.0, 10.0, 0.0, 11.0, 0.0, 10.0, 15.0, 5.0, 0.0, 0.0]
B: [0.0, 28.0, 57.5272370025, 68.3142737596, 111.6621980236, 132.5795314101, 145.8851454132, 162.9311519837, 174.9528637587, 256.0, 261.08428175852, 267.0, 293.0, 316.8182362487, 326.74376782137, 378.0, 414.0266187839, 417.35999740026, 434.54497971036, 511.0, 527.4211666151, 538.3259061809999, 548.6892794734999, 567.9616404602, 569.12201453781, 600.73917601701]
