Avion: 5      Iteracion: 9

Num Ruta: 13
Ingresos: 90000.0
Costos: 388.711856969
Utilidad Ruta: 89611.288143
Costo Reducido: 69366.5066442
Nodos: [105, 30, 65, 24, 59, 3, 38, 19, 54, 20, 55, 2, 37, 29, 64, 715]
q: [0, 11.0, -11.0, 14.0, -14.0, 15.0, -15.0, 7.0, -7.0, 10.0, -10.0, 9.0, -9.0, 9.0, -9.0, 0]
Q: [0, 11.0, 0.0, 14.0, 0.0, 15.0, 0.0, 7.0, 0.0, 10.0, 0.0, 9.0, 0.0, 9.0, 0.0, 0]
B: [0.0, 64.0, 82.7140226568, 107.4479935471, 145.9609438496, 256.0, 261.08428175852, 402.0, 428.6271162915, 496.0, 538.1771424471, 545.50743971256, 586.24240175996, 596.04714229707, 629.82692207727, 661.61445379967]
