Avion: 6      Iteracion: 21

Num Ruta: 24
Ingresos: 15600.0
Costos: 103.50223842
Utilidad Ruta: 15496.4977616
Costo Reducido: 27.3148769
Nodos: [106, 21, 56, 716]
q: [0, 13.0, -13.0, 0]
Q: [0, 13.0, 0.0, 0]
B: [0.0, 477.0, 517.7387906792, 556.1844126535999]
