Avion: 2      Iteracion: 36

Num Ruta: 35
Ingresos: 75600.0
Costos: 199.175362202
Utilidad Ruta: 75400.8246378
Costo Reducido: 15.903457409
Nodos: [102, 24, 59, 14, 49, 3, 38, 23, 18, 58, 53, 15, 50, 712]
q: [0.0, 14.0, -14.0, 8.0, -8.0, 15.0, -15.0, 10.0, 5.0, -10.0, -5.0, 11.0, -11.0, 0.0]
Q: [0.0, 14.0, 0.0, 8.0, 0.0, 15.0, 0.0, 10.0, 15.0, 5.0, 0.0, 11.0, 0.0, 0.0]
B: [0.0, 61.0, 99.5129503025, 128.1593196012, 140.1810313762, 256.0, 261.08428175852, 267.0, 293.0, 318.4393114097, 328.36484298237, 511.0, 527.4211666151, 534.86056773347]
