Avion: 5      Iteracion: 38

Num Ruta: 39
Ingresos: 142800.0
Costos: 390.288621135
Utilidad Ruta: 142409.711379
Costo Reducido: 14.2514467721
Nodos: [105, 17, 16, 51, 52, 14, 49, 3, 38, 23, 18, 53, 58, 22, 57, 8, 19, 54, 43, 13, 48, 15, 50, 7, 4, 42, 39, 715]
q: [0.0, 5.0, 10.0, -10.0, -5.0, 8.0, -8.0, 15.0, -15.0, 10.0, 5.0, -5.0, -10.0, 10.0, -10.0, 8.0, 7.0, -7.0, -8.0, 15.0, -15.0, 11.0, -11.0, 10.0, 5.0, -10.0, -5.0, 0.0]
Q: [0.0, 5.0, 15.0, 5.0, 0.0, 8.0, 0.0, 15.0, 0.0, 10.0, 15.0, 10.0, 0.0, 10.0, 0.0, 8.0, 15.0, 8.0, 0.0, 15.0, 0.0, 11.0, 0.0, 10.0, 15.0, 5.0, 0.0, 0.0]
B: [0.0, 24.0, 58.8014769802, 68.42556841784, 83.07333718993999, 112.0, 124.021711775, 256.0, 261.08428175852, 267.0, 293.0, 316.8182362487, 326.74376782137, 342.50019181287, 364.25487795177, 414.0, 437.1608815463, 463.7879978378, 466.71611702935996, 468.92679317026995, 485.80994412026996, 511.0, 527.4211666151, 538.3259061809999, 548.6892794734999, 567.9616404602, 569.12201453781, 596.16922733321]
