Avion: 3      Iteracion: 43

Num Ruta: 37
Ingresos: 28800.0
Costos: 119.613731989
Utilidad Ruta: 28680.386268
Costo Reducido: 5.80864889028
Nodos: [103, 18, 53, 21, 56, 713]
q: [0, 11.0, -11.0, 13.0, -13.0, 0]
Q: [0, 11.0, 0.0, 13.0, 0.0, 0]
B: [0.0, 293.0, 316.8182362487, 477.0, 517.7387906792, 543.4624708202999]
