Avion: 6      Iteracion: 35

Num Ruta: 32
Ingresos: 72000.0
Costos: 232.966771182
Utilidad Ruta: 71767.0332288
Costo Reducido: 13.9971921324
Nodos: [106, 31, 11, 66, 46, 34, 69, 28, 63, 15, 50, 20, 27, 62, 55, 716]
q: [0.0, 6.0, 8.0, -6.0, -8.0, 12.0, -12.0, 8.0, -8.0, 11.0, -11.0, 10.0, 5.0, -5.0, -10.0, 0.0]
Q: [0.0, 6.0, 14.0, 8.0, 0.0, 12.0, 0.0, 8.0, 0.0, 11.0, 0.0, 10.0, 15.0, 10.0, 0.0, 0.0]
B: [0.0, 130.0, 169.0, 169.478878899097, 173.173257466597, 283.0, 323.947598037, 378.0, 414.0266187839, 511.0, 527.4211666151, 533.55501866744, 557.04922254844, 574.0800849165399, 590.2378507274399, 615.7547012580399]
