Avion: 4      Iteracion: 6

Num Ruta: 7
Ingresos: 38400.0
Costos: 166.152329905
Utilidad Ruta: 38233.8476701
Costo Reducido: 38264.3407445
Nodos: [104, 10, 45, 22, 57, 25, 60, 714]
q: [0, 12.0, -12.0, 10.0, -10.0, 10.0, -10.0, 0]
Q: [0, 12.0, 0.0, 10.0, 0.0, 10.0, 0.0, 0]
B: [0.0, 96.0, 125.5195107344, 299.0, 320.7546861389, 410.0, 427.1849823101, 448.2257188466]
