Avion: 7      Iteracion: 45

Num Ruta: 43
Ingresos: 67200.0
Costos: 203.732389188
Utilidad Ruta: 66996.2676108
Costo Reducido: 6.35697328695
Nodos: [107, 16, 51, 30, 65, 14, 49, 18, 53, 7, 4, 39, 42, 717]
q: [0, 11.0, -11.0, 11.0, -11.0, 8.0, -8.0, 11.0, -11.0, 10.0, 5.0, -5.0, -10.0, 0]
Q: [0, 11.0, 0.0, 11.0, 0.0, 8.0, 0.0, 11.0, 0.0, 10.0, 15.0, 10.0, 0.0, 0]
B: [0.0, 36.0, 45.624091437640004, 64.0, 82.7140226568, 112.0, 124.021711775, 293.0, 316.8182362487, 517.0, 529.0, 549.4257496801999, 550.5861237578099, 555.5450890732799]
