Avion: 6      Iteracion: 0

Num Ruta: 1
Ingresos: 26400.0
Costos: 177.167252107
Utilidad Ruta: 26222.8327479
Costo Reducido: -
Nodos: [106, 9, 44, 27, 62, 4, 39, 716]
q: [0, 11.0, -11.0, 6.0, -6.0, 5.0, -5.0, 0]
Q: [0, 11.0, 0.0, 6.0, 0.0, 5.0, 0.0, 0]
B: [0.0, 41.2454164484, 70.77265345090001, 538.0, 555.0308623681, 571.1180630258, 591.5438127059999, 613.2185986564999]
