Avion: 5      Iteracion: 35

Num Ruta: 36
Ingresos: 159600.0
Costos: 458.546266813
Utilidad Ruta: 159141.453733
Costo Reducido: 34.1948356912
Nodos: [105, 17, 30, 52, 16, 51, 65, 24, 59, 31, 1, 66, 11, 46, 36, 3, 38, 23, 18, 53, 58, 22, 57, 32, 8, 43, 13, 67, 48, 29, 27, 64, 62, 715]
q: [0.0, 5.0, 10.0, -5.0, 5.0, -5.0, -10.0, 14.0, -14.0, 6.0, 7.0, -6.0, 8.0, -8.0, -7.0, 15.0, -15.0, 10.0, 5.0, -5.0, -10.0, 10.0, -10.0, 6.0, 8.0, -8.0, 9.0, -6.0, -9.0, 9.0, 6.0, -9.0, -6.0, 0.0]
Q: [0.0, 5.0, 15.0, 10.0, 15.0, 10.0, 0.0, 14.0, 0.0, 6.0, 13.0, 7.0, 15.0, 7.0, 0.0, 15.0, 0.0, 10.0, 15.0, 10.0, 0.0, 10.0, 0.0, 6.0, 14.0, 6.0, 15.0, 9.0, 0.0, 9.0, 15.0, 6.0, 0.0, 0.0]
B: [0.0, 24.0, 64.0, 67.14445448369, 72.47609381883, 82.10018525647, 84.97134181786, 109.70531270816, 148.21826301066, 159.50262076816, 175.0, 193.9896940997, 194.468572998797, 198.522639845807, 232.838369183807, 256.0, 261.08428175852, 267.0, 293.0, 316.8182362487, 326.74376782137, 342.50019181287, 364.25487795177, 422.0, 433.4468981388, 454.2152947548, 456.42597089571, 470.26815067351004, 474.33910105395006, 549.0, 574.6018082369, 582.8182362320799, 598.26561380888, 620.1471403780799]
