Avion: 6      Iteracion: 46

Num Ruta: 39
Ingresos: 91200.0
Costos: 265.360908232
Utilidad Ruta: 90934.6390918
Costo Reducido: 7.46968243916
Nodos: [106, 16, 51, 9, 44, 19, 32, 54, 13, 48, 67, 6, 41, 5, 40, 7, 4, 39, 42, 716]
q: [0.0, 11.0, -11.0, 11.0, -11.0, 7.0, 6.0, -7.0, 9.0, -9.0, -6.0, 5.0, -5.0, 12.0, -12.0, 10.0, 5.0, -5.0, -10.0, 0.0]
Q: [0.0, 11.0, 0.0, 11.0, 0.0, 7.0, 13.0, 6.0, 15.0, 6.0, 0.0, 5.0, 0.0, 12.0, 0.0, 10.0, 15.0, 10.0, 0.0, 0.0]
B: [0.0, 36.0, 45.624091437640004, 75.68094759394, 105.20818459644, 402.0, 422.0, 441.5724706923, 445.80008999872, 462.68324094872, 466.75419132916005, 487.14616310726007, 490.83845250545005, 509.22731272025004, 510.34900162543005, 532.0674082428301, 542.4307815353301, 562.8565312155301, 564.0169052931401, 585.2544430506401]
