Avion: 2      Iteracion: 25

Num Ruta: 26
Ingresos: 52800.0
Costos: 153.722528574
Utilidad Ruta: 52646.2774714
Costo Reducido: 63.0285998691
Nodos: [102, 12, 47, 10, 45, 35, 70, 5, 40, 712]
q: [0, 14.0, -14.0, 12.0, -12.0, 6.0, -6.0, 12.0, -12.0, 0]
Q: [0, 14.0, 0.0, 12.0, 0.0, 6.0, 0.0, 12.0, 0.0, 0]
B: [0.0, 54.0, 97.347924264, 106.06569462115, 135.58520535555, 279.0, 298.9128833924, 469.0, 470.12168890518, 494.83325935308]
