Avion: 7      Iteracion: 12

Num Ruta: 15
Ingresos: 93600.0
Costos: 248.539715585
Utilidad Ruta: 93351.4602844
Costo Reducido: 158.916095858
Nodos: [107, 16, 51, 26, 61, 28, 63, 25, 60, 5, 40, 2, 4, 37, 7, 42, 39, 717]
q: [0, 11.0, -11.0, 13.0, -13.0, 8.0, -8.0, 10.0, -10.0, 12.0, -12.0, 9.0, 5.0, -9.0, 10.0, -10.0, -5.0, 0]
Q: [0, 11.0, 0.0, 13.0, 0.0, 8.0, 0.0, 10.0, 0.0, 12.0, 0.0, 9.0, 14.0, 5.0, 15.0, 5.0, 0.0, 0]
B: [0.0, 36.0, 45.624091437640004, 300.0, 317.5792279694, 378.0, 414.0266187839, 417.35999740026, 434.54497971036, 469.0, 470.12168890518, 522.0, 549.3715326023, 562.8222884175, 574.3290145375, 602.8703263504, 604.0307004280099, 609.91231797763]
