Avion: 5      Iteracion: 36

Num Ruta: 37
Ingresos: 50400.0
Costos: 218.528404298
Utilidad Ruta: 50181.4715957
Costo Reducido: 9.49943535506
Nodos: [105, 17, 52, 14, 49, 32, 8, 43, 67, 29, 27, 64, 62, 715]
q: [0, 5.0, -5.0, 8.0, -8.0, 6.0, 8.0, -8.0, -6.0, 9.0, 6.0, -9.0, -6.0, 0]
Q: [0, 5.0, 0.0, 8.0, 0.0, 6.0, 14.0, 6.0, 0.0, 9.0, 15.0, 6.0, 0.0, 0]
B: [0.0, 24.0, 58.8425537813, 112.0, 124.021711775, 422.0, 433.4468981388, 454.2152947548, 470.2643934834, 549.0, 574.6018082369, 582.8182362320799, 598.26561380888, 620.1471403780799]
