Avion: 3      Iteracion: 12

Num Ruta: 14
Ingresos: 38400.0
Costos: 167.337897758
Utilidad Ruta: 38232.6621022
Costo Reducido: 28.3696181646
Nodos: [103, 16, 51, 12, 47, 1, 36, 713]
q: [0, 11.0, -11.0, 14.0, -14.0, 7.0, -7.0, 0]
Q: [0, 11.0, 0.0, 14.0, 0.0, 7.0, 0.0, 0]
B: [0.0, 36.0, 45.624091437640004, 79.57799432084, 122.92591858484, 175.0, 209.2400855285, 232.384549575]
