Avion: 7      Iteracion: 35

Num Ruta: 36
Ingresos: 99600.0
Costos: 314.895946334
Utilidad Ruta: 99285.1040537
Costo Reducido: 30.9209146059
Nodos: [107, 16, 51, 24, 65, 30, 59, 1, 36, 23, 18, 53, 58, 22, 57, 7, 27, 42, 62, 717]
q: [0.0, 11.0, -11.0, 14.0, -11.0, 11.0, -14.0, 7.0, -7.0, 10.0, 5.0, -5.0, -10.0, 10.0, -10.0, 9.0, 6.0, -9.0, -6.0, 0.0]
Q: [0.0, 11.0, 0.0, 14.0, 3.0, 14.0, 0.0, 7.0, 0.0, 10.0, 15.0, 10.0, 0.0, 10.0, 0.0, 9.0, 15.0, 6.0, 0.0, 0.0]
B: [0.0, 36.0, 45.624091437640004, 70.85029051714, 95.58426140744, 114.29828406424, 134.56640546213998, 175.0, 209.2400855285, 267.0, 293.0, 316.8182362487, 326.74376782137, 342.50019181287, 364.25487795177, 517.0, 544.6633233723, 560.5030982444, 564.90301881186, 565.812186563158]
