Avion: 7      Iteracion: 15

Num Ruta: 18
Ingresos: 32400.0
Costos: 175.388430007
Utilidad Ruta: 32224.61157
Costo Reducido: 82.0296643829
Nodos: [107, 9, 44, 32, 67, 20, 55, 717]
q: [0, 11.0, -11.0, 6.0, -6.0, 10.0, -10.0, 0]
Q: [0, 11.0, 0.0, 6.0, 0.0, 10.0, 0.0, 0]
B: [0.0, 32.6028927091, 62.1301297116, 422.0, 449.8573558149, 496.0, 538.1771424471, 554.2911336969]
