Avion: 6      Iteracion: 16

Num Ruta: 19
Ingresos: 142800.0
Costos: 427.517534912
Utilidad Ruta: 142372.482465
Costo Reducido: 102.383318359
Nodos: [106, 16, 51, 24, 59, 10, 45, 3, 38, 23, 18, 53, 58, 26, 61, 6, 41, 13, 48, 29, 64, 33, 68, 716]
q: [0.0, 11.0, -11.0, 14.0, -14.0, 12.0, -12.0, 15.0, -15.0, 10.0, 5.0, -5.0, -10.0, 13.0, -13.0, 5.0, -5.0, 15.0, -15.0, 9.0, -9.0, 10.0, -10.0, 0.0]
Q: [0.0, 11.0, 0.0, 14.0, 0.0, 12.0, 0.0, 15.0, 0.0, 10.0, 15.0, 10.0, 0.0, 13.0, 0.0, 5.0, 0.0, 15.0, 0.0, 9.0, 0.0, 10.0, 0.0, 0.0]
B: [0.0, 36.0, 45.624091437640004, 70.85029051714, 109.36324081964, 121.14917149994, 150.66868223434, 256.0, 261.08428175852, 267.0, 293.0, 316.8182362487, 326.74376782137, 346.43014059547, 364.00936856487, 436.0, 439.69228939819, 453.10235550539, 469.98550645539, 549.0, 582.7797797802, 591.6312714624, 614.9347827, 650.9882792017]
