Avion: 1      Iteracion: 34

Num Ruta: 32
Ingresos: 30000.0
Costos: 136.86234473
Utilidad Ruta: 29863.1376553
Costo Reducido: 3.67808641214
Nodos: [101, 9, 44, 12, 47, 711]
q: [0, 11.0, -11.0, 14.0, -14.0, 0]
Q: [0, 11.0, 0.0, 14.0, 0.0, 0]
B: [0.0, 35.5033292242, 65.0305662267, 75.8176029838, 119.1655272478, 136.86234473]
