Avion: 5      Iteracion: 8

Num Ruta: 12
Ingresos: 87600.0
Costos: 337.523482514
Utilidad Ruta: 87262.4765175
Costo Reducido: 62719.7341687
Nodos: [105, 11, 46, 34, 69, 26, 61, 25, 60, 19, 8, 54, 43, 29, 27, 64, 62, 715]
q: [0, 8.0, -8.0, 12.0, -12.0, 13.0, -13.0, 10.0, -10.0, 7.0, 8.0, -7.0, -8.0, 9.0, 6.0, -9.0, -6.0, 0]
Q: [0, 8.0, 0.0, 12.0, 0.0, 13.0, 0.0, 10.0, 0.0, 7.0, 15.0, 8.0, 0.0, 9.0, 15.0, 6.0, 0.0, 0]
B: [0.0, 169.0, 173.05406684701, 283.0, 323.947598037, 358.0226741044, 375.6019020738, 410.0, 427.1849823101, 443.8578739909, 467.0187555372, 484.975714968, 487.90383415955995, 549.0, 574.6018082369, 582.8182362320799, 598.26561380888, 620.1471403780799]
