Avion: 4      Iteracion: 2

Num Ruta: 5
Ingresos: 118800.0
Costos: 403.866738646
Utilidad Ruta: 118396.133261
Costo Reducido: 113611.677582
Nodos: [104, 17, 52, 30, 16, 51, 65, 14, 49, 31, 11, 66, 46, 3, 38, 23, 18, 53, 58, 22, 57, 19, 54, 25, 60, 714]
q: [0.0, 5.0, -5.0, 11.0, 4.0, -4.0, -11.0, 8.0, -8.0, 6.0, 8.0, -6.0, -8.0, 15.0, -15.0, 4.0, 11.0, -11.0, -4.0, 10.0, -10.0, 7.0, -7.0, 10.0, -10.0, 0.0]
Q: [0.0, 5.0, 0.0, 11.0, 15.0, 11.0, 0.0, 8.0, 0.0, 6.0, 14.0, 8.0, 0.0, 15.0, 0.0, 4.0, 15.0, 4.0, 0.0, 10.0, 0.0, 7.0, 0.0, 10.0, 0.0, 0.0]
B: [0.0, 24.0, 58.8425537813, 64.0, 72.20259129788, 81.82668273552001, 84.69783929691, 112.49377995381, 124.51549172881, 151.72755894171002, 169.0, 169.478878899097, 173.173257466597, 256.0, 261.08428175852, 267.0, 293.0, 316.8182362487, 326.74376782137, 342.50019181287, 364.25487795177, 402.0, 428.6271162915, 460.3028294169, 477.487811727, 498.5285482635]
