Avion: 3      Iteracion: 3

Num Ruta: 6
Ingresos: 136800.0
Costos: 473.472509101
Utilidad Ruta: 136326.527491
Costo Reducido: 134657.746977
Nodos: [103, 9, 44, 24, 59, 10, 45, 1, 36, 3, 38, 22, 57, 18, 53, 13, 48, 8, 43, 15, 50, 713]
q: [0, 11.0, -11.0, 14.0, -14.0, 12.0, -12.0, 7.0, -7.0, 15.0, -15.0, 10.0, -10.0, 11.0, -11.0, 15.0, -15.0, 8.0, -8.0, 11.0, -11.0, 0]
Q: [0, 11.0, 0.0, 14.0, 0.0, 12.0, 0.0, 7.0, 0.0, 15.0, 0.0, 10.0, 0.0, 11.0, 0.0, 15.0, 0.0, 8.0, 0.0, 11.0, 0.0, 0]
B: [0.0, 28.8572183864, 58.3844553889, 82.52470528399999, 121.0376555865, 132.8235862668, 162.3430970012, 200.762438172, 235.0025237005, 256.0, 261.08428175852, 299.0, 320.7546861389, 334.15512273630003, 357.973358985, 423.0, 439.88315095, 473.0543964648, 493.8227930808, 524.440515563, 540.8616821781, 549.27065750212]
