Avion: 3      Iteracion: 20

Num Ruta: 21
Ingresos: 27600.0
Costos: 43.5461436994
Utilidad Ruta: 27556.4538563
Costo Reducido: 20.161963757
Nodos: [103, 30, 65, 5, 40, 713]
q: [0, 11.0, -11.0, 12.0, -12.0, 0]
Q: [0, 11.0, 0.0, 12.0, 0.0, 0]
B: [0.0, 64.0, 82.7140226568, 469.0, 470.12168890518, 479.93139598541]
