Avion: 2      Iteracion: 41

Num Ruta: 37
Ingresos: 50400.0
Costos: 122.577726808
Utilidad Ruta: 50277.4222732
Costo Reducido: 8.05210448874
Nodos: [102, 12, 47, 26, 61, 13, 48, 712]
q: [0, 14.0, -14.0, 13.0, -13.0, 15.0, -15.0, 0]
Q: [0, 14.0, 0.0, 13.0, 0.0, 15.0, 0.0, 0]
B: [0.0, 54.0, 97.347924264, 300.0, 317.5792279694, 423.0, 439.88315095, 454.4890814236]
