Avion: 1      Iteracion: 48

Num Ruta: 38
Ingresos: 68400.0
Costos: 207.902638152
Utilidad Ruta: 68192.0973618
Costo Reducido: 10.5352024966
Nodos: [101, 26, 61, 28, 63, 15, 50, 20, 7, 42, 55, 33, 68, 711]
q: [0.0, 13.0, -13.0, 8.0, -8.0, 11.0, -11.0, 10.0, 5.0, -5.0, -10.0, 10.0, -10.0, 0.0]
Q: [0.0, 13.0, 0.0, 8.0, 0.0, 11.0, 0.0, 10.0, 15.0, 10.0, 0.0, 10.0, 0.0, 0.0]
B: [0.0, 300.0, 317.5792279694, 378.0, 414.0266187839, 511.0, 527.4211666151, 533.55501866744, 542.2979730879999, 570.8392849008999, 583.8029694465998, 594.6247687886998, 617.9282800262998, 636.6982685451999]
