Avion: 5      Iteracion: 0

Num Ruta: 3
Ingresos: 194400.0
Costos: 644.846984519
Utilidad Ruta: 193755.153015
Costo Reducido: -
Nodos: [105, 16, 51, 24, 59, 10, 45, 1, 11, 46, 36, 3, 38, 23, 18, 53, 58, 26, 61, 28, 63, 25, 60, 13, 48, 21, 56, 15, 50, 33, 68, 715]
q: [0.0, 11.0, -11.0, 14.0, -14.0, 12.0, -12.0, 7.0, 8.0, -8.0, -7.0, 15.0, -15.0, 4.0, 11.0, -11.0, -4.0, 13.0, -13.0, 8.0, -8.0, 10.0, -10.0, 15.0, -15.0, 13.0, -13.0, 11.0, -11.0, 10.0, -10.0, 0.0]
Q: [0.0, 11.0, 0.0, 14.0, 0.0, 12.0, 0.0, 7.0, 15.0, 7.0, 0.0, 15.0, 0.0, 4.0, 15.0, 4.0, 0.0, 13.0, 0.0, 8.0, 0.0, 10.0, 0.0, 15.0, 0.0, 13.0, 0.0, 11.0, 0.0, 10.0, 0.0, 0.0]
B: [0.0, 36.0, 45.624091437640004, 70.85029051714, 109.36324081964, 121.14917149994, 150.66868223434, 189.08802340514, 207.76885200024, 211.82291884725, 246.13864818525002, 256.0, 261.08428175852, 267.0, 293.0, 316.8182362487, 326.74376782137, 346.43014059547, 364.00936856487, 378.0, 414.0266187839, 417.35999740026, 434.54497971036, 450.54604017526, 467.42919112526, 482.94058751626, 523.67937819546, 570.06514567856, 586.48631229366, 616.41507733666, 639.71858857426, 663.34117590076]
