Avion: 3      Iteracion: 29

Num Ruta: 29
Ingresos: 54000.0
Costos: 174.031875121
Utilidad Ruta: 53825.9681249
Costo Reducido: 8.21305999687
Nodos: [103, 12, 47, 26, 61, 22, 57, 8, 43, 713]
q: [0, 14.0, -14.0, 13.0, -13.0, 10.0, -10.0, 8.0, -8.0, 0]
Q: [0, 14.0, 0.0, 13.0, 0.0, 10.0, 0.0, 8.0, 0.0, 0]
B: [0.0, 54.0, 97.347924264, 300.0, 317.5792279694, 331.2134086195, 352.9680947584, 414.0, 434.768396616, 443.67348083795]
