Avion: 4      Iteracion: 8

Num Ruta: 9
Ingresos: 82800.0
Costos: 386.842850112
Utilidad Ruta: 82413.1571499
Costo Reducido: 50729.2031898
Nodos: [104, 17, 52, 24, 59, 11, 46, 34, 69, 26, 61, 19, 54, 7, 42, 714]
q: [0, 5.0, -5.0, 14.0, -14.0, 8.0, -8.0, 12.0, -12.0, 13.0, -13.0, 7.0, -7.0, 10.0, -10.0, 0]
Q: [0, 5.0, 0.0, 14.0, 0.0, 8.0, 0.0, 12.0, 0.0, 13.0, 0.0, 7.0, 0.0, 10.0, 0.0, 0]
B: [0.0, 24.0, 58.8425537813, 75.400837086, 113.9137873885, 169.0, 173.05406684701, 283.0, 323.947598037, 358.0226741044, 375.6019020738, 406.453776328, 433.0808926195, 517.0, 545.5413118129, 593.805650874]
