Avion: 4      Iteracion: 17

Num Ruta: 16
Ingresos: 14400.0
Costos: 110.242449203
Utilidad Ruta: 14289.7575508
Costo Reducido: 27.6963529462
Nodos: [104, 34, 69, 714]
q: [0, 12.0, -12.0, 0]
Q: [0, 12.0, 0.0, 0]
B: [0.0, 283.0, 323.947598037, 363.9130540334]
