Avion: 1      Iteracion: 15

Num Ruta: 16
Ingresos: 38400.0
Costos: 138.671362833
Utilidad Ruta: 38261.3286372
Costo Reducido: 64.5777699178
Nodos: [101, 5, 40, 20, 55, 33, 68, 711]
q: [0, 12.0, -12.0, 10.0, -10.0, 10.0, -10.0, 0]
Q: [0, 12.0, 0.0, 10.0, 0.0, 10.0, 0.0, 0]
B: [0.0, 469.0, 470.12168890518, 496.0, 538.1771424471, 562.0, 585.3035112376, 604.0734997565]
