Avion: 2      Iteracion: 45

Num Ruta: 39
Ingresos: 63600.0
Costos: 187.250990322
Utilidad Ruta: 63412.7490097
Costo Reducido: 1.99107124953
Nodos: [102, 24, 59, 22, 57, 18, 53, 28, 63, 25, 60, 712]
q: [0, 14.0, -14.0, 10.0, -10.0, 11.0, -11.0, 8.0, -8.0, 10.0, -10.0, 0]
Q: [0, 14.0, 0.0, 10.0, 0.0, 11.0, 0.0, 8.0, 0.0, 10.0, 0.0, 0]
B: [0.0, 61.0, 99.5129503025, 299.0, 320.7546861389, 334.15512273630003, 357.973358985, 378.0, 414.0266187839, 417.35999740026, 434.54497971036, 440.48371535021]
