Avion: 5      Iteracion: 16

Num Ruta: 20
Ingresos: 85200.0
Costos: 276.6465418
Utilidad Ruta: 84923.3534582
Costo Reducido: 166.631057689
Nodos: [105, 17, 52, 14, 49, 3, 38, 8, 32, 43, 6, 41, 13, 67, 48, 29, 7, 42, 64, 715]
q: [0.0, 5.0, -5.0, 8.0, -8.0, 15.0, -15.0, 8.0, 6.0, -8.0, 5.0, -5.0, 9.0, -6.0, -9.0, 9.0, 6.0, -6.0, -9.0, 0.0]
Q: [0.0, 5.0, 0.0, 8.0, 0.0, 15.0, 0.0, 8.0, 14.0, 6.0, 11.0, 6.0, 15.0, 9.0, 0.0, 9.0, 15.0, 9.0, 0.0, 0.0]
B: [0.0, 24.0, 58.8425537813, 112.0, 124.021711775, 256.0, 261.08428175852, 414.0, 425.4468981388, 447.8266328334, 457.01730446283, 460.70959386102, 474.11965996822, 487.96183974602, 492.03279012646004, 549.0, 570.2768523283, 598.8181641412, 611.1149679942, 642.9024997166]
