Avion: 2      Iteracion: 12

Num Ruta: 14
Ingresos: 55200.0
Costos: 231.605918918
Utilidad Ruta: 54968.3940811
Costo Reducido: 161.941632882
Nodos: [102, 9, 44, 12, 47, 28, 63, 21, 56, 712]
q: [0, 11.0, -11.0, 14.0, -14.0, 8.0, -8.0, 13.0, -13.0, 0]
Q: [0, 11.0, 0.0, 14.0, 0.0, 8.0, 0.0, 13.0, 0.0, 0]
B: [0.0, 28.0, 57.5272370025, 68.3142737596, 111.6621980236, 378.0, 414.0266187839, 477.0, 517.7387906792, 555.4602718404999]
