Avion: 7      Iteracion: 22

Num Ruta: 24
Ingresos: 60000.0
Costos: 233.786476531
Utilidad Ruta: 59766.2135235
Costo Reducido: 34.5715418223
Nodos: [107, 24, 59, 1, 36, 8, 43, 27, 4, 62, 39, 33, 68, 717]
q: [0, 14.0, -14.0, 7.0, -7.0, 8.0, -8.0, 6.0, 5.0, -6.0, -5.0, 10.0, -10.0, 0]
Q: [0, 14.0, 0.0, 7.0, 0.0, 8.0, 0.0, 6.0, 11.0, 5.0, 0.0, 10.0, 0.0, 0]
B: [0.0, 61.0, 99.5129503025, 175.0, 209.2400855285, 414.0, 434.768396616, 538.0, 555.6147745373, 571.701975195, 577.11723372992, 585.68869918222, 608.99221041982, 630.35280462972]
