Avion: 2      Iteracion: 0

Num Ruta: 3
Ingresos: 188400.0
Costos: 549.537352976
Utilidad Ruta: 187850.462647
Costo Reducido: -
Nodos: [102, 16, 51, 24, 59, 31, 66, 14, 49, 11, 46, 3, 38, 23, 18, 53, 58, 26, 61, 28, 63, 25, 60, 19, 54, 13, 48, 5, 40, 4, 7, 39, 42, 712]
q: [0.0, 11.0, -11.0, 14.0, -14.0, 6.0, -6.0, 8.0, -8.0, 8.0, -8.0, 15.0, -15.0, 10.0, 5.0, -5.0, -10.0, 13.0, -13.0, 8.0, -8.0, 10.0, -10.0, 7.0, -7.0, 15.0, -15.0, 12.0, -12.0, 5.0, 10.0, -5.0, -10.0, 0.0]
Q: [0.0, 11.0, 0.0, 14.0, 0.0, 6.0, 0.0, 8.0, 0.0, 8.0, 0.0, 15.0, 0.0, 10.0, 15.0, 10.0, 0.0, 13.0, 0.0, 8.0, 0.0, 10.0, 0.0, 7.0, 0.0, 15.0, 0.0, 12.0, 0.0, 5.0, 15.0, 10.0, 0.0, 0.0]
B: [0.0, 36.0, 45.624091437640004, 70.85029051714, 109.36324081964, 130.0, 143.3056140031, 160.3516205736, 172.3733323486, 201.8217614578, 205.87582830481, 256.0, 261.08428175852, 267.0, 293.0, 316.8182362487, 326.74376782137, 346.43014059547, 364.00936856487, 378.0, 414.0266187839, 417.35999740026, 434.54497971036, 451.21787139116, 477.84498768265996, 482.07260698908, 498.95575793908, 526.22004103988, 527.34172994506, 540.63461841976, 550.99799171226, 580.69565821996, 581.85603229757, 612.33584673267]
