Avion: 4      Iteracion: 31

Num Ruta: 26
Ingresos: 12000.0
Costos: 65.8943415445
Utilidad Ruta: 11934.1056585
Costo Reducido: 8.69675766477
Nodos: [104, 25, 60, 714]
q: [0, 10.0, -10.0, 0]
Q: [0, 10.0, 0.0, 0]
B: [0.0, 410.0, 427.1849823101, 448.2257188466]
