Avion: 2      Iteracion: 21

Num Ruta: 23
Ingresos: 13200.0
Costos: 53.5458390477
Utilidad Ruta: 13146.454161
Costo Reducido: 1.26323157193
Nodos: [102, 15, 50, 712]
q: [0, 11.0, -11.0, 0]
Q: [0, 11.0, 0.0, 0]
B: [0.0, 511.0, 527.4211666151, 534.86056773347]
