Avion: 3      Iteracion: 13

Num Ruta: 15
Ingresos: 123600.0
Costos: 377.662205844
Utilidad Ruta: 123222.337794
Costo Reducido: 274.21455294
Nodos: [103, 30, 16, 51, 65, 24, 59, 1, 31, 66, 11, 46, 36, 23, 58, 13, 48, 21, 56, 29, 27, 64, 62, 713]
q: [0.0, 11.0, 4.0, -4.0, -11.0, 14.0, -14.0, 7.0, 6.0, -6.0, 8.0, -8.0, -7.0, 10.0, -10.0, 15.0, -15.0, 13.0, -13.0, 9.0, 6.0, -9.0, -6.0, 0.0]
Q: [0.0, 11.0, 15.0, 11.0, 0.0, 14.0, 0.0, 7.0, 13.0, 7.0, 15.0, 7.0, 0.0, 10.0, 0.0, 15.0, 0.0, 13.0, 0.0, 9.0, 15.0, 6.0, 0.0, 0.0]
B: [0.0, 64.0, 72.20259129788, 81.82668273552001, 84.69783929691, 109.43181018721, 147.94476048971, 175.0, 183.89376197118, 197.19937597428, 197.678254873377, 201.732321720387, 236.048051058387, 267.0, 306.733842905, 423.0, 439.88315095, 477.0, 517.7387906792, 556.1920871568999, 581.7938953937999, 590.0103233889798, 605.4577009657798, 617.9007395817798]
