Avion: 7      Iteracion: 26

Num Ruta: 28
Ingresos: 91200.0
Costos: 274.556258539
Utilidad Ruta: 90925.4437415
Costo Reducido: 54.0614268397
Nodos: [107, 26, 61, 28, 63, 19, 25, 60, 54, 13, 48, 29, 27, 62, 64, 33, 68, 717]
q: [0.0, 13.0, -13.0, 8.0, -8.0, 7.0, 8.0, -8.0, -7.0, 15.0, -15.0, 9.0, 6.0, -6.0, -9.0, 10.0, -10.0, 0.0]
Q: [0.0, 13.0, 0.0, 8.0, 0.0, 7.0, 15.0, 7.0, 0.0, 15.0, 0.0, 9.0, 15.0, 9.0, 0.0, 10.0, 0.0, 0.0]
B: [0.0, 300.0, 317.5792279694, 378.0, 414.0266187839, 426.5624120576, 435.9544192978, 453.13940160789997, 469.9262580438, 474.15387735022, 491.03702830022, 549.0, 574.6018082369, 591.6326706049999, 607.0800481818, 615.931539864, 639.2350511016, 660.5956453115]
