Avion: 4      Iteracion: 29

Num Ruta: 24
Ingresos: 94800.0
Costos: 367.512916396
Utilidad Ruta: 94432.4870836
Costo Reducido: 23.397635751
Nodos: [104, 17, 52, 30, 16, 51, 65, 24, 59, 1, 36, 23, 18, 53, 58, 22, 57, 19, 32, 54, 67, 714]
q: [0.0, 5.0, -5.0, 11.0, 4.0, -4.0, -11.0, 14.0, -14.0, 7.0, -7.0, 4.0, 11.0, -11.0, -4.0, 10.0, -10.0, 7.0, 6.0, -7.0, -6.0, 0.0]
Q: [0.0, 5.0, 0.0, 11.0, 15.0, 11.0, 0.0, 14.0, 0.0, 7.0, 0.0, 4.0, 15.0, 4.0, 0.0, 10.0, 0.0, 7.0, 13.0, 6.0, 0.0, 0.0]
B: [0.0, 24.0, 58.8425537813, 64.0, 72.20259129788, 81.82668273552001, 84.69783929691, 109.43181018721, 147.94476048971, 175.0, 209.2400855285, 267.0, 293.0, 316.8182362487, 326.74376782137, 342.50019181287, 364.25487795177, 402.0, 422.0, 441.5724706923, 458.69984714049997, 486.77629757499994]
