Avion: 6      Iteracion: 6

Num Ruta: 9
Ingresos: 31200.0
Costos: 163.957895612
Utilidad Ruta: 31036.0421044
Costo Reducido: 19312.1908874
Nodos: [106, 12, 47, 45, 10, 716]
q: [0, 14.0, -14.0, -12.0, 12.0, 0]
Q: [0, 14.0, 0.0, 3.0, 15.0, 0]
B: [0.0, 54.0, 97.347924264, 125.0, 154.5195107344, 183.7206500615]
