Avion: 5      Iteracion: 23

Num Ruta: 27
Ingresos: 114000.0
Costos: 373.529015234
Utilidad Ruta: 113626.470985
Costo Reducido: 66.7692133699
Nodos: [105, 30, 16, 51, 65, 24, 59, 1, 36, 8, 32, 19, 54, 43, 13, 67, 48, 15, 50, 7, 4, 42, 39, 2, 37, 715]
q: [0.0, 11.0, 4.0, -4.0, -11.0, 14.0, -14.0, 7.0, -7.0, 2.0, 6.0, 7.0, -7.0, -2.0, 9.0, -6.0, -9.0, 11.0, -11.0, 10.0, 5.0, -10.0, -5.0, 9.0, -9.0, 0.0]
Q: [0.0, 11.0, 15.0, 11.0, 0.0, 14.0, 0.0, 7.0, 0.0, 2.0, 8.0, 15.0, 8.0, 6.0, 15.0, 9.0, 0.0, 11.0, 0.0, 10.0, 15.0, 5.0, 0.0, 9.0, 0.0, 0.0]
B: [0.0, 64.0, 72.20259129788, 81.82668273552001, 84.69783929691, 109.43181018721, 147.94476048971, 175.0, 209.2400855285, 414.0, 425.4468981388, 437.16181277780004, 463.7889290693, 466.71704826086, 468.92772440177, 482.76990417957, 486.84085456001003, 511.0, 527.4211666151, 538.3259061809999, 548.6892794734999, 567.9616404602, 569.12201453781, 578.57648104841, 619.31144309581, 633.94587899201]
