Avion: 5      Iteracion: 46

Num Ruta: 45
Ingresos: 130800.0
Costos: 431.55310523
Utilidad Ruta: 130368.446895
Costo Reducido: 16.8865383909
Nodos: [105, 17, 30, 52, 16, 51, 65, 24, 59, 1, 36, 23, 18, 53, 58, 22, 57, 32, 8, 43, 6, 41, 13, 67, 48, 29, 27, 64, 62, 715]
q: [0.0, 5.0, 10.0, -5.0, 5.0, -5.0, -10.0, 14.0, -14.0, 7.0, -7.0, 10.0, 5.0, -5.0, -10.0, 10.0, -10.0, 6.0, 8.0, -8.0, 5.0, -5.0, 9.0, -6.0, -9.0, 9.0, 6.0, -9.0, -6.0, 0.0]
Q: [0.0, 5.0, 15.0, 10.0, 15.0, 10.0, 0.0, 14.0, 0.0, 7.0, 0.0, 10.0, 15.0, 10.0, 0.0, 10.0, 0.0, 6.0, 14.0, 6.0, 11.0, 6.0, 15.0, 9.0, 0.0, 9.0, 15.0, 6.0, 0.0, 0.0]
B: [0.0, 24.0, 64.0, 67.14445448369, 72.47609381883, 82.10018525647, 84.97134181786, 109.70531270816, 148.21826301066, 175.0, 209.2400855285, 267.0, 293.0, 316.8182362487, 326.74376782137, 342.50019181287, 364.25487795177, 422.0, 433.4468981388, 454.2152947548, 463.40596638423006, 467.09825578242004, 480.50832188962005, 494.3505016674201, 498.4214520478601, 549.0, 574.6018082369, 582.8182362320799, 598.26561380888, 620.1471403780799]
