Avion: 6      Iteracion: 37

Num Ruta: 33
Ingresos: 116400.0
Costos: 343.570496204
Utilidad Ruta: 116056.429504
Costo Reducido: 24.2043182399
Nodos: [106, 17, 52, 12, 47, 10, 45, 35, 26, 70, 61, 13, 48, 25, 60, 15, 50, 7, 4, 42, 39, 716]
q: [0.0, 5.0, -5.0, 14.0, -14.0, 12.0, -12.0, 2.0, 13.0, -2.0, -13.0, 15.0, -15.0, 10.0, -10.0, 11.0, -11.0, 10.0, 5.0, -10.0, -5.0, 0.0]
Q: [0.0, 5.0, 0.0, 14.0, 0.0, 12.0, 0.0, 2.0, 15.0, 13.0, 0.0, 15.0, 0.0, 10.0, 0.0, 11.0, 0.0, 10.0, 15.0, 5.0, 0.0, 0.0]
B: [0.0, 24.0, 58.8425537813, 78.5512475229, 121.8991717869, 130.61694214405, 160.13645287845, 279.0, 300.0, 309.29300538039, 319.11482114938, 423.0, 439.88315095, 463.8957169312, 481.0806992413, 511.0, 527.4211666151, 538.3259061809999, 548.6892794734999, 567.9616404602, 569.12201453781, 590.7968004883099]
