Avion: 1      Iteracion: 43

Num Ruta: 36
Ingresos: 45600.0
Costos: 148.43062874
Utilidad Ruta: 45451.5693713
Costo Reducido: 1.61626530265
Nodos: [101, 26, 61, 20, 4, 39, 55, 33, 68, 711]
q: [0, 13.0, -13.0, 10.0, 5.0, -5.0, -10.0, 10.0, -10.0, 0]
Q: [0, 13.0, 0.0, 10.0, 15.0, 10.0, 0.0, 10.0, 0.0, 0]
B: [0.0, 300.0, 317.5792279694, 496.0, 529.0, 549.4257496801999, 561.2869729308, 572.1087722729, 595.4122835105, 614.1822720294]
