Avion: 3      Iteracion: 28

Num Ruta: 28
Ingresos: 111600.0
Costos: 295.613368465
Utilidad Ruta: 111304.386632
Costo Reducido: 7.08110083539
Nodos: [103, 16, 51, 9, 44, 14, 49, 3, 38, 23, 58, 26, 61, 22, 57, 19, 8, 54, 43, 713]
q: [0, 11.0, -11.0, 11.0, -11.0, 8.0, -8.0, 15.0, -15.0, 10.0, -10.0, 13.0, -13.0, 10.0, -10.0, 7.0, 8.0, -7.0, -8.0, 0]
Q: [0, 11.0, 0.0, 11.0, 0.0, 8.0, 0.0, 15.0, 0.0, 10.0, 0.0, 13.0, 0.0, 10.0, 0.0, 7.0, 15.0, 8.0, 0.0, 0]
B: [0.0, 36.0, 45.624091437640004, 75.68094759394, 105.20818459644, 115.46499131194001, 127.48670308694001, 256.0, 261.08428175852, 267.0, 306.733842905, 326.4202156791, 343.9994436485, 357.6336242986, 379.3883104375, 402.0, 425.1608815463, 443.1178409771, 446.04596016866, 454.95104439061]
