Avion: 7      Iteracion: 24

Num Ruta: 26
Ingresos: 70800.0
Costos: 206.093936391
Utilidad Ruta: 70593.9060636
Costo Reducido: 41.3460925181
Nodos: [107, 3, 38, 23, 58, 28, 63, 15, 50, 20, 4, 55, 39, 717]
q: [0, 15.0, -15.0, 10.0, -10.0, 8.0, -8.0, 11.0, -11.0, 10.0, 5.0, -10.0, -5.0, 0]
Q: [0, 15.0, 0.0, 10.0, 0.0, 8.0, 0.0, 11.0, 0.0, 10.0, 15.0, 5.0, 0.0, 0]
B: [0.0, 256.0, 261.08428175852, 267.0, 306.733842905, 378.0, 414.0266187839, 511.0, 527.4211666151, 533.55501866744, 543.83416970244, 575.93049280964, 587.79171606024, 593.67333360986]
