Avion: 6      Iteracion: 50

Num Ruta: 42
Ingresos: 76800.0
Costos: 253.746942248
Utilidad Ruta: 76546.2530578
Costo Reducido: 8.75774144566
Nodos: [106, 31, 11, 66, 46, 34, 69, 28, 63, 25, 19, 54, 60, 20, 4, 39, 55, 716]
q: [0.0, 6.0, 8.0, -6.0, -8.0, 12.0, -12.0, 8.0, -8.0, 8.0, 7.0, -7.0, -8.0, 10.0, 5.0, -5.0, -10.0, 0.0]
Q: [0.0, 6.0, 14.0, 8.0, 0.0, 12.0, 0.0, 8.0, 0.0, 8.0, 15.0, 8.0, 0.0, 10.0, 15.0, 10.0, 0.0, 0.0]
B: [0.0, 130.0, 169.0, 169.478878899097, 173.173257466597, 283.0, 323.947598037, 378.0, 414.0266187839, 417.35999740026, 426.75200464046, 453.37912093195996, 470.16597736785997, 496.0, 529.0, 549.4257496801999, 561.2869729308, 586.8038234613999]
