Avion: 7      Iteracion: 28

Num Ruta: 30
Ingresos: 78000.0
Costos: 249.492912631
Utilidad Ruta: 77750.5070874
Costo Reducido: 20.9138421518
Nodos: [107, 24, 59, 10, 45, 26, 61, 18, 53, 7, 4, 39, 42, 717]
q: [0, 14.0, -14.0, 12.0, -12.0, 13.0, -13.0, 11.0, -11.0, 10.0, 5.0, -5.0, -10.0, 0]
Q: [0, 14.0, 0.0, 12.0, 0.0, 13.0, 0.0, 11.0, 0.0, 10.0, 15.0, 10.0, 0.0, 0]
B: [0.0, 61.0, 99.5129503025, 111.2988809828, 140.8183917172, 300.0, 317.5792279694, 340.8578987218, 364.67613497049996, 517.0, 529.0, 549.4257496801999, 550.5861237578099, 555.5450890732799]
