Avion: 4      Iteracion: 39

Num Ruta: 33
Ingresos: 22800.0
Costos: 121.464730999
Utilidad Ruta: 22678.535269
Costo Reducido: 9.00603920961
Nodos: [104, 20, 55, 2, 37, 714]
q: [0, 10.0, -10.0, 9.0, -9.0, 0]
Q: [0, 10.0, 0.0, 9.0, 0.0, 0]
B: [0.0, 496.0, 538.1771424471, 545.50743971256, 586.24240175996, 602.44383641866]
