Avion: 2      Iteracion: 31

Num Ruta: 31
Ingresos: 105600.0
Costos: 260.920218435
Utilidad Ruta: 105339.079782
Costo Reducido: 45.0887338308
Nodos: [102, 14, 49, 3, 38, 23, 18, 53, 58, 13, 48, 25, 60, 15, 50, 4, 2, 39, 37, 712]
q: [0.0, 8.0, -8.0, 15.0, -15.0, 4.0, 11.0, -11.0, -4.0, 15.0, -15.0, 10.0, -10.0, 11.0, -11.0, 5.0, 9.0, -5.0, -9.0, 0.0]
Q: [0.0, 8.0, 0.0, 15.0, 0.0, 4.0, 15.0, 4.0, 0.0, 15.0, 0.0, 10.0, 0.0, 11.0, 0.0, 5.0, 14.0, 9.0, 0.0, 0.0]
B: [0.0, 112.0, 124.021711775, 256.0, 261.08428175852, 267.0, 293.0, 316.8182362487, 326.74376782137, 423.0, 439.88315095, 463.8957169312, 481.0806992413, 511.0, 527.4211666151, 532.99584588839, 560.36737849069, 569.8218450012901, 603.0150557829901, 605.8693511426201]
