Avion: 5      Iteracion: 37

Num Ruta: 38
Ingresos: 145200.0
Costos: 459.591339809
Utilidad Ruta: 144740.40866
Costo Reducido: 33.7207491729
Nodos: [105, 17, 30, 52, 16, 51, 65, 24, 59, 1, 36, 18, 53, 22, 57, 8, 32, 43, 13, 67, 48, 15, 50, 20, 4, 39, 55, 33, 68, 715]
q: [0.0, 5.0, 10.0, -5.0, 5.0, -5.0, -10.0, 14.0, -14.0, 7.0, -7.0, 11.0, -11.0, 10.0, -10.0, 8.0, 6.0, -8.0, 9.0, -6.0, -9.0, 11.0, -11.0, 10.0, 5.0, -5.0, -10.0, 10.0, -10.0, 0.0]
Q: [0.0, 5.0, 15.0, 10.0, 15.0, 10.0, 0.0, 14.0, 0.0, 7.0, 0.0, 11.0, 0.0, 10.0, 0.0, 8.0, 14.0, 6.0, 15.0, 9.0, 0.0, 11.0, 0.0, 10.0, 15.0, 10.0, 0.0, 10.0, 0.0, 0.0]
B: [0.0, 24.0, 64.0, 67.14445448369, 72.47609381883, 82.10018525647, 84.97134181786, 109.70531270816, 148.21826301066, 175.0, 209.2400855285, 293.0, 316.8182362487, 332.3010836612, 354.0557698001, 414.0, 425.4468981388, 447.8266328334, 450.03730897431, 463.87948875211003, 467.95043913255006, 511.0, 527.4211666151, 533.55501866744, 543.83416970244, 564.25991938264, 576.12114263324, 586.94294197534, 610.24645321294, 633.86904053944]
