Avion: 3      Iteracion: 25

Num Ruta: 25
Ingresos: 28800.0
Costos: 77.8960266046
Utilidad Ruta: 28722.1039734
Costo Reducido: 3.44951433529
Nodos: [103, 10, 45, 5, 40, 713]
q: [0, 12.0, -12.0, 12.0, -12.0, 0]
Q: [0, 12.0, 0.0, 12.0, 0.0, 0]
B: [0.0, 96.0, 125.5195107344, 469.0, 470.12168890518, 479.93139598541]
