Avion: 7      Iteracion: 0

Num Ruta: 3
Ingresos: 207600.0
Costos: 606.170030428
Utilidad Ruta: 206993.82997
Costo Reducido: -
Nodos: [107, 16, 51, 24, 59, 10, 45, 1, 11, 46, 36, 3, 38, 23, 58, 26, 61, 22, 57, 25, 60, 13, 48, 5, 40, 15, 50, 7, 4, 42, 39, 33, 68, 717]
q: [0, 11.0, -11.0, 14.0, -14.0, 12.0, -12.0, 7.0, 8.0, -8.0, -7.0, 15.0, -15.0, 10.0, -10.0, 13.0, -13.0, 10.0, -10.0, 10.0, -10.0, 15.0, -15.0, 12.0, -12.0, 11.0, -11.0, 10.0, 5.0, -10.0, -5.0, 10.0, -10.0, 0]
Q: [0, 11.0, 0.0, 14.0, 0.0, 12.0, 0.0, 7.0, 15.0, 7.0, 0.0, 15.0, 0.0, 10.0, 0.0, 13.0, 0.0, 10.0, 0.0, 10.0, 0.0, 15.0, 0.0, 12.0, 0.0, 11.0, 0.0, 10.0, 15.0, 5.0, 0.0, 10.0, 0.0, 0]
B: [0.0, 36.0, 45.624091437640004, 70.85029051714, 109.36324081964, 121.14917149994, 150.66868223434, 189.08802340514, 207.76885200024, 211.82291884725, 246.13864818525002, 256.0, 261.08428175852, 267.0, 306.733842905, 326.4202156791, 343.9994436485, 357.6336242986, 379.3883104375, 410.0, 427.1849823101, 443.186042775, 460.069193725, 487.3334768258, 488.45516573098, 521.85736020978, 538.27852682488, 549.18326639078, 559.54663968328, 578.81900066998, 579.97937474759, 588.55084019989, 611.85435143749, 633.21494564739]
