Avion: 4      Iteracion: 16

Num Ruta: 15
Ingresos: 80400.0
Costos: 251.970810604
Utilidad Ruta: 80148.0291894
Costo Reducido: 90.9193073552
Nodos: [104, 30, 16, 51, 65, 14, 49, 3, 38, 23, 18, 53, 58, 8, 32, 43, 67, 714]
q: [0.0, 11.0, 4.0, -4.0, -11.0, 8.0, -8.0, 15.0, -15.0, 10.0, 5.0, -5.0, -10.0, 8.0, 6.0, -8.0, -6.0, 0.0]
Q: [0.0, 11.0, 15.0, 11.0, 0.0, 8.0, 0.0, 15.0, 0.0, 10.0, 15.0, 10.0, 0.0, 8.0, 14.0, 6.0, 0.0, 0.0]
B: [0.0, 64.0, 72.20259129788, 81.82668273552001, 84.69783929691, 112.49377995381, 124.51549172881, 256.0, 261.08428175852, 267.0, 293.0, 316.8182362487, 326.74376782137, 414.0, 425.4468981388, 447.8266328334, 463.87573156200006, 491.95218199650003]
