Avion: 5      Iteracion: 30

Num Ruta: 31
Ingresos: 164400.0
Costos: 502.738748039
Utilidad Ruta: 163897.261252
Costo Reducido: 38.9231805982
Nodos: [105, 17, 30, 52, 16, 51, 65, 24, 59, 31, 11, 46, 66, 22, 57, 18, 53, 25, 60, 19, 32, 54, 13, 67, 48, 15, 50, 20, 7, 42, 55, 33, 68, 715]
q: [0.0, 5.0, 10.0, -5.0, 5.0, -5.0, -10.0, 14.0, -14.0, 6.0, 8.0, -8.0, -6.0, 10.0, -10.0, 11.0, -11.0, 10.0, -10.0, 7.0, 6.0, -7.0, 9.0, -6.0, -9.0, 11.0, -11.0, 10.0, 5.0, -5.0, -10.0, 10.0, -10.0, 0.0]
Q: [0.0, 5.0, 15.0, 10.0, 15.0, 10.0, 0.0, 14.0, 0.0, 6.0, 14.0, 6.0, 0.0, 10.0, 0.0, 11.0, 0.0, 10.0, 0.0, 7.0, 13.0, 6.0, 15.0, 9.0, 0.0, 11.0, 0.0, 10.0, 15.0, 10.0, 0.0, 10.0, 0.0, 0.0]
B: [0.0, 24.0, 64.0, 67.14445448369, 72.47609381883, 82.10018525647, 84.97134181786, 109.70531270816, 148.21826301066, 159.50262076816, 172.68534996206, 176.73941680907, 180.43379537657, 299.0, 320.7546861389, 334.15512273630003, 357.973358985, 410.0, 427.1849823101, 443.8578739909, 455.57278862989995, 475.14525932219993, 479.37287862861996, 493.21505840642, 497.28600878686, 517.24303454226, 533.66420115736, 539.7980532097, 548.54100763026, 577.0823194431599, 590.0460039888599, 600.8678033309599, 624.1713145685599, 647.7939018950599]
