Avion: 3      Iteracion: 2

Num Ruta: 5
Ingresos: 129600.0
Costos: 490.373374578
Utilidad Ruta: 129109.626625
Costo Reducido: 129111.866773
Nodos: [103, 17, 30, 65, 16, 51, 52, 14, 49, 31, 11, 66, 46, 3, 38, 18, 34, 53, 69, 28, 19, 54, 63, 15, 7, 42, 50, 713]
q: [0.0, 4.0, 11.0, -11.0, 11.0, -11.0, -4.0, 8.0, -8.0, 6.0, 8.0, -6.0, -8.0, 15.0, -15.0, 11.0, 4.0, -11.0, -4.0, 8.0, 7.0, -7.0, -8.0, 5.0, 10.0, -10.0, -5.0, 0.0]
Q: [0.0, 4.0, 15.0, 4.0, 15.0, 4.0, 0.0, 8.0, 0.0, 6.0, 14.0, 8.0, 0.0, 15.0, 0.0, 11.0, 15.0, 4.0, 0.0, 8.0, 15.0, 8.0, 0.0, 5.0, 15.0, 5.0, 0.0, 0.0]
B: [0.0, 29.0037544639, 64.0, 82.7140226568, 93.53069441849999, 103.15478585614, 117.80255462823999, 130.24110747813998, 142.26281925313998, 169.47488646603998, 182.65761565993998, 183.13649455903698, 186.83087312653697, 256.0, 261.08428175852, 293.0, 316.7154937119, 344.9475311871, 360.10016082690004, 378.0, 414.065010994, 440.69212728549996, 473.52220442519996, 511.0, 524.7672641436, 553.3085759564999, 576.7134605961999, 585.1224359202199]
