Avion: 2      Iteracion: 33

Num Ruta: 33
Ingresos: 82800.0
Costos: 224.999088331
Utilidad Ruta: 82575.0009117
Costo Reducido: 16.4386621801
Nodos: [102, 9, 44, 12, 47, 10, 45, 35, 26, 70, 61, 6, 41, 5, 40, 712]
q: [0.0, 11.0, -11.0, 14.0, -14.0, 12.0, -12.0, 6.0, 9.0, -6.0, -9.0, 5.0, -5.0, 12.0, -12.0, 0.0]
Q: [0.0, 11.0, 0.0, 14.0, 0.0, 12.0, 0.0, 6.0, 15.0, 9.0, 0.0, 5.0, 0.0, 12.0, 0.0, 0.0]
B: [0.0, 28.0, 57.5272370025, 68.3142737596, 111.6621980236, 120.37996838075, 149.89947911515, 279.0, 300.0, 309.29300538039, 319.11482114938, 436.0, 439.69228939819, 469.0, 470.12168890518, 494.83325935308]
