Avion: 4      Iteracion: 30

Num Ruta: 25
Ingresos: 94800.0
Costos: 380.574029577
Utilidad Ruta: 94419.4259704
Costo Reducido: 19.9047461474
Nodos: [104, 17, 52, 30, 16, 51, 65, 24, 59, 1, 36, 23, 18, 53, 58, 25, 60, 19, 32, 54, 67, 714]
q: [0.0, 5.0, -5.0, 11.0, 4.0, -4.0, -11.0, 14.0, -14.0, 7.0, -7.0, 10.0, 5.0, -5.0, -10.0, 10.0, -10.0, 7.0, 6.0, -7.0, -6.0, 0.0]
Q: [0.0, 5.0, 0.0, 11.0, 15.0, 11.0, 0.0, 14.0, 0.0, 7.0, 0.0, 10.0, 15.0, 10.0, 0.0, 10.0, 0.0, 7.0, 13.0, 6.0, 0.0, 0.0]
B: [0.0, 24.0, 58.8425537813, 64.0, 72.20259129788, 81.82668273552001, 84.69783929691, 109.43181018721, 147.94476048971, 175.0, 209.2400855285, 267.0, 293.0, 316.8182362487, 326.74376782137, 410.0, 427.1849823101, 443.8578739909, 455.57278862989995, 475.14525932219993, 492.2726357703999, 520.3490862048999]
