Avion: 3      Iteracion: 21

Num Ruta: 22
Ingresos: 40800.0
Costos: 95.4675863056
Utilidad Ruta: 40704.5324137
Costo Reducido: 24.9836418169
Nodos: [103, 30, 65, 3, 38, 8, 43, 713]
q: [0, 11.0, -11.0, 15.0, -15.0, 8.0, -8.0, 0]
Q: [0, 11.0, 0.0, 15.0, 0.0, 8.0, 0.0, 0]
B: [0.0, 64.0, 82.7140226568, 256.0, 261.08428175852, 414.0, 434.768396616, 443.67348083795]
