Avion: 2      Iteracion: 27

Num Ruta: 27
Ingresos: 22800.0
Costos: 96.6501244133
Utilidad Ruta: 22703.3498756
Costo Reducido: 1.93057361328
Nodos: [102, 12, 47, 6, 41, 712]
q: [0, 14.0, -14.0, 5.0, -5.0, 0]
Q: [0, 14.0, 0.0, 5.0, 0.0, 0]
B: [0.0, 54.0, 97.347924264, 436.0, 439.69228939819, 473.33303285018997]
