Avion: 6      Iteracion: 91

Num Ruta: 85
Ingresos: 2517.179
Costos: 453.760569473
Utilidad Ruta: 2063.41843053
Costo Reducido: 63.0575289344
Nodos: [106, 30, 16, 51, 65, 24, 59, 1, 11, 46, 36, 23, 35, 70, 26, 34, 58, 61, 22, 57, 69, 8, 33, 43, 13, 48, 68, 5, 40, 716]
q: [0.0, 11.0, 4.0, -4.0, -11.0, 11.0, -11.0, 7.0, 6.0, -6.0, -7.0, 7.0, 8.0, -8.0, 0.0, 8.0, -7.0, 0.0, 7.0, -7.0, -8.0, 8.0, 5.0, -8.0, 10.0, -10.0, -5.0, 9.0, -9.0, 0.0]
Q: [0.0, 11.0, 15.0, 11.0, 0.0, 11.0, 0.0, 7.0, 13.0, 7.0, 0.0, 7.0, 15.0, 7.0, 7.0, 15.0, 8.0, 8.0, 15.0, 8.0, 0.0, 8.0, 13.0, 5.0, 15.0, 5.0, 0.0, 9.0, 0.0, 0.0]
B: [0.0, 64.0, 72.20259129788, 81.82668273552001, 84.69783929691, 109.43181018721, 147.94476048971, 175.0, 193.6808285951, 197.73489544211, 232.05062478011, 267.0, 277.4634044651, 289.38614345409997, 303.7370056233, 322.0, 336.2589470158, 339.32601939838, 352.96020004848003, 374.71488618738005, 385.30513651488, 414.0, 437.0, 460.2743670161, 462.48504315700995, 479.36819410700997, 484.71624440594996, 513.68766199295, 514.80935089813, 521.5327049718]
