Avion: 5      Iteracion: 28

Num Ruta: 26
Ingresos: 67.527
Costos: 243.890427503
Utilidad Ruta: -176.363427503
Costo Reducido: 1.68671096749
Nodos: [105, 16, 51, 715]
q: [0, 9.0, -9.0, 0]
Q: [0, 9.0, 0.0, 0]
B: [0.0, 36.0, 45.624091437640004, 78.51205768674001]
