Avion: 6      Iteracion: 73

Num Ruta: 67
Ingresos: 2383.887
Costos: 413.588269145
Utilidad Ruta: 1970.29873085
Costo Reducido: 62.2784187741
Nodos: [106, 1, 36, 35, 70, 26, 61, 19, 8, 33, 54, 43, 13, 48, 68, 21, 4, 56, 27, 39, 62, 716]
q: [0.0, 7.0, -7.0, 8.0, -8.0, 10.0, -10.0, 7.0, 3.0, 5.0, -7.0, -3.0, 10.0, -10.0, -5.0, 12.0, 3.0, -12.0, 6.0, -3.0, -6.0, 0.0]
Q: [0.0, 7.0, 0.0, 8.0, 0.0, 10.0, 0.0, 7.0, 10.0, 15.0, 8.0, 5.0, 15.0, 5.0, 0.0, 12.0, 15.0, 3.0, 9.0, 6.0, 0.0, 0.0]
B: [0.0, 175.0, 209.2400855285, 270.0, 281.922738989, 300.0, 317.5792279694, 402.0, 425.1608815463, 438.92553635490003, 460.4739301233, 463.40204931486, 465.61272545577, 482.49587640577, 487.84392670471, 498.72340408190996, 529.0, 558.169797411, 571.3472456086, 587.6980581878, 593.11331672272, 602.8189870756601]
