Avion: 2      Iteracion: 48

Num Ruta: 39
Ingresos: 2649.258
Costos: 698.993821786
Utilidad Ruta: 1950.26417821
Costo Reducido: 22.8402277907
Nodos: [102, 16, 51, 9, 24, 44, 59, 10, 45, 26, 61, 34, 69, 19, 33, 54, 13, 48, 68, 20, 5, 40, 55, 2, 37, 29, 64, 712]
q: [0.0, 9.0, -9.0, 11.0, 4.0, -11.0, -4.0, 12.0, -12.0, 10.0, -10.0, 8.0, -8.0, 7.0, 5.0, -7.0, 10.0, -10.0, -5.0, 0.0, 9.0, -9.0, 0.0, 10.0, -10.0, 9.0, -9.0, 0.0]
Q: [0.0, 9.0, 0.0, 11.0, 15.0, 4.0, 0.0, 12.0, 0.0, 10.0, 0.0, 8.0, 0.0, 7.0, 12.0, 5.0, 15.0, 5.0, 0.0, 0.0, 9.0, 0.0, 0.0, 10.0, 0.0, 9.0, 0.0, 0.0]
B: [0.0, 36.0, 45.624091437640004, 75.68094759394, 82.11782463176, 106.25807452686, 131.31363794096, 143.09956862126, 172.61907935566, 300.0, 317.5792279694, 332.4924740614, 368.9326042752, 402.0, 438.5935603624, 460.1419541308, 464.36957343722, 481.25272438722004, 486.60077468616004, 497.19155714076004, 521.10389412396, 522.22558302914, 541.36521826604, 548.6955155315, 589.4304775789, 599.23521811601, 633.0149978962099, 669.5009833701099]
