Avion: 5      Iteracion: 44

Num Ruta: 36
Ingresos: 404.034
Costos: 321.568987436
Utilidad Ruta: 82.4650125639
Costo Reducido: 32.7479846451
Nodos: [105, 14, 49, 35, 70, 33, 68, 715]
q: [0, 8.0, -8.0, 8.0, -8.0, 5.0, -5.0, 0]
Q: [0, 8.0, 0.0, 8.0, 0.0, 5.0, 0.0, 0]
B: [0.0, 112.0, 124.021711775, 270.0, 281.922738989, 437.0, 478.9526650524, 522.7129914909]
