Avion: 3      Iteracion: 17

Num Ruta: 14
Ingresos: 2066.686
Costos: 437.2369722
Utilidad Ruta: 1629.4490278
Costo Reducido: 124.180892415
Nodos: [103, 30, 16, 51, 65, 24, 59, 1, 11, 46, 36, 35, 70, 33, 68, 21, 4, 56, 27, 62, 39, 713]
q: [0.0, 11.0, 4.0, -4.0, -11.0, 11.0, -11.0, 7.0, 6.0, -6.0, -7.0, 8.0, -8.0, 5.0, -5.0, 12.0, 3.0, -12.0, 6.0, -6.0, -3.0, 0.0]
Q: [0.0, 11.0, 15.0, 11.0, 0.0, 11.0, 0.0, 7.0, 13.0, 7.0, 0.0, 8.0, 0.0, 5.0, 0.0, 12.0, 15.0, 3.0, 9.0, 3.0, 0.0, 0.0]
B: [0.0, 64.0, 72.20259129788, 81.82668273552001, 84.69783929691, 109.43181018721, 147.94476048971, 175.0, 193.6808285951, 197.73489544211, 232.05062478011, 270.0, 281.922738989, 437.0, 478.9526650524, 489.83214242959997, 529.0, 558.169797411, 571.3472456086, 588.3781079767, 593.79336651162, 624.47981658332]
