Avion: 2      Iteracion: 73

Num Ruta: 56
Ingresos: 1427.335
Costos: 384.291823571
Utilidad Ruta: 1043.04317643
Costo Reducido: 81.9354992869
Nodos: [102, 16, 51, 35, 70, 26, 61, 13, 33, 68, 48, 20, 4, 39, 55, 2, 37, 712]
q: [0.0, 0.0, 0.0, 8.0, -8.0, 10.0, -10.0, 10.0, 5.0, -5.0, -10.0, 0.0, 3.0, -3.0, 0.0, 10.0, -10.0, 0.0]
Q: [0.0, 0.0, 0.0, 8.0, 0.0, 10.0, 0.0, 10.0, 15.0, 10.0, 0.0, 0.0, 3.0, 0.0, 0.0, 10.0, 0.0, 0.0]
B: [0.0, 36.0, 45.624091437640004, 270.0, 281.922738989, 300.0, 317.5792279694, 423.0, 448.372931896, 490.3255969484, 495.67364724734, 509.60423248274, 529.0, 549.4257496801999, 561.2869729308, 568.6172701962599, 609.35223224366, 613.46797871301]
