Avion: 1      Iteracion: 0

Num Ruta: 2
Ingresos: 3735.51
Costos: 633.97012399
Utilidad Ruta: 3101.53987601
Costo Reducido: -
Nodos: [101, 17, 52, 30, 16, 51, 65, 24, 59, 1, 36, 3, 38, 23, 58, 26, 61, 22, 57, 6, 41, 8, 43, 21, 4, 39, 56, 711]
q: [0.0, 5.0, -5.0, 11.0, 4.0, -4.0, -11.0, 11.0, -11.0, 7.0, -7.0, 13.0, -13.0, 10.0, -10.0, 10.0, -10.0, 10.0, -10.0, 4.0, -4.0, 8.0, -8.0, 12.0, 3.0, -3.0, -12.0, 0.0]
Q: [0.0, 5.0, 0.0, 11.0, 15.0, 11.0, 0.0, 11.0, 0.0, 7.0, 0.0, 13.0, 0.0, 10.0, 0.0, 10.0, 0.0, 10.0, 0.0, 4.0, 0.0, 8.0, 0.0, 12.0, 15.0, 12.0, 0.0, 0.0]
B: [0.0, 24.0, 58.8425537813, 64.0, 72.20259129788, 81.82668273552001, 84.69783929691, 109.43181018721, 147.94476048971, 175.0, 209.2400855285, 256.0, 261.08428175852, 267.0, 306.733842905, 326.4202156791, 343.9994436485, 357.6336242986, 379.3883104375, 436.0, 439.69228939819, 470.96534786709, 491.73374448309, 516.69791618979, 531.64570455459, 552.07145423479, 568.8743986493901, 591.11688432429]
