Avion: 6      Iteracion: 79

Num Ruta: 73
Ingresos: 3202.679
Costos: 670.884578152
Utilidad Ruta: 2531.79442185
Costo Reducido: 126.543345324
Nodos: [106, 16, 51, 24, 59, 10, 45, 1, 36, 23, 35, 70, 18, 53, 58, 34, 69, 19, 54, 6, 41, 13, 48, 21, 56, 29, 64, 716]
q: [0.0, 9.0, -9.0, 11.0, -11.0, 12.0, -12.0, 7.0, -7.0, 5.0, 8.0, -8.0, 10.0, -10.0, -5.0, 8.0, -8.0, 7.0, -7.0, 4.0, -4.0, 15.0, -15.0, 12.0, -12.0, 9.0, -9.0, 0.0]
Q: [0.0, 9.0, 0.0, 11.0, 0.0, 12.0, 0.0, 7.0, 0.0, 5.0, 13.0, 5.0, 15.0, 5.0, 0.0, 8.0, 0.0, 7.0, 0.0, 4.0, 0.0, 15.0, 0.0, 12.0, 0.0, 9.0, 0.0, 0.0]
B: [0.0, 36.0, 45.624091437640004, 70.85029051714, 109.36324081964, 121.14917149994, 150.66868223434, 189.08802340514, 223.32810893364, 267.0, 277.4634044651, 289.38614345409997, 309.80429657819997, 333.62253282689994, 343.54806439956997, 357.80701141536997, 394.24714162916996, 414.78695788926996, 441.41407418076994, 453.2050931782699, 456.8973825764599, 470.3074486836599, 487.19059963365993, 502.70199602465993, 543.4407867038599, 581.8940831815598, 615.6738629617598, 636.0710702460598]
