Avion: 3      Iteracion: 15

Num Ruta: 12
Ingresos: 861.209
Costos: 336.052886028
Utilidad Ruta: 525.156113972
Costo Reducido: 78.1386705053
Nodos: [103, 30, 16, 51, 65, 14, 49, 11, 46, 18, 70, 35, 57, 22, 53, 713]
q: [0.0, 6.0, 9.0, -9.0, -6.0, 8.0, -8.0, 6.0, -6.0, 10.0, -8.0, 8.0, -10.0, 10.0, -10.0, 0.0]
Q: [0.0, 6.0, 15.0, 6.0, 0.0, 8.0, 0.0, 6.0, 0.0, 10.0, 2.0, 10.0, 0.0, 10.0, 0.0, 0.0]
B: [0.0, 64.0, 72.20259129788, 81.82668273552001, 84.69783929691, 112.49377995381, 124.51549172881, 169.0, 173.05406684701, 293.0, 313.4181531241, 325.3408921131, 335.8459854016, 357.6006715405, 373.083518953, 379.315968311]
