Avion: 6      Iteracion: 65

Num Ruta: 62
Ingresos: 883.644
Costos: 212.809306219
Utilidad Ruta: 670.834693781
Costo Reducido: 11.059012449
Nodos: [106, 17, 52, 30, 16, 65, 51, 33, 6, 41, 68, 5, 40, 716]
q: [0.0, 5.0, -5.0, 11.0, 4.0, -11.0, -4.0, 5.0, 0.0, 0.0, -5.0, 9.0, -9.0, 0.0]
Q: [0.0, 5.0, 0.0, 11.0, 15.0, 4.0, 0.0, 5.0, 5.0, 5.0, 0.0, 9.0, 0.0, 0.0]
B: [0.0, 24.0, 58.8425537813, 64.0, 72.20259129788, 83.01926305958, 85.89041962097, 437.0, 463.1548069196, 466.84709631779, 497.92495713539, 526.89637472239, 528.01806362757, 534.7414177012399]
