Avion: 4      Iteracion: 77

Num Ruta: 64
Ingresos: 2043.146
Costos: 457.81716899
Utilidad Ruta: 1585.32883101
Costo Reducido: 140.440967452
Nodos: [104, 17, 52, 30, 65, 16, 51, 14, 49, 3, 38, 35, 70, 32, 67, 22, 57, 8, 43, 25, 60, 29, 64, 714]
q: [0, 5.0, -5.0, 11.0, -11.0, 9.0, -9.0, 8.0, -8.0, 13.0, -13.0, 8.0, -8.0, 11.0, -11.0, 10.0, -10.0, 8.0, -8.0, 10.0, -10.0, 9.0, -9.0, 0]
Q: [0, 5.0, 0.0, 11.0, 0.0, 9.0, 0.0, 8.0, 0.0, 13.0, 0.0, 8.0, 0.0, 11.0, 0.0, 10.0, 0.0, 8.0, 0.0, 10.0, 0.0, 9.0, 0.0, 0]
B: [0.0, 24.0, 58.8425537813, 64.0, 82.7140226568, 93.53069441849999, 103.15478585614, 129.94109036054, 141.96280213554, 256.0, 261.08428175852, 274.08526633661995, 286.00800532561993, 309.0, 319.4016530417, 353.8662667781, 375.620952917, 414.0, 434.768396616, 468.12895782230004, 485.31394013240003, 549.0, 582.7797797802, 609.550209829]
