Avion: 5      Iteracion: 26

Num Ruta: 24
Ingresos: 128.52
Costos: 264.156930496
Utilidad Ruta: -135.636930496
Costo Reducido: 11.9165396083
Nodos: [105, 13, 48, 715]
q: [0, 15.0, -15.0, 0]
Q: [0, 15.0, 0.0, 0]
B: [0.0, 423.0, 439.88315095, 485.97208133460003]
