Avion: 4      Iteracion: 24

Num Ruta: 24
Ingresos: 2022.362
Costos: 562.895589704
Utilidad Ruta: 1459.4664103
Costo Reducido: 254.169618149
Nodos: [104, 17, 52, 24, 9, 44, 59, 10, 45, 32, 67, 22, 57, 25, 60, 31, 66, 33, 5, 40, 68, 29, 27, 62, 64, 714]
q: [0.0, 0.0, 0.0, 4.0, 11.0, -11.0, -4.0, 12.0, -12.0, 11.0, -11.0, 10.0, -10.0, 10.0, -10.0, 9.0, -9.0, 5.0, 9.0, -9.0, -5.0, 9.0, 6.0, -6.0, -9.0, 0.0]
Q: [0.0, 0.0, 0.0, 4.0, 15.0, 4.0, 0.0, 12.0, 0.0, 11.0, 0.0, 10.0, 0.0, 10.0, 0.0, 9.0, 0.0, 5.0, 14.0, 5.0, 0.0, 9.0, 15.0, 9.0, 0.0, 0.0]
B: [0.0, 24.0, 58.8425537813, 75.400837086, 81.83771412381999, 111.36495112632, 136.42051454042, 148.20644522071998, 177.72595595511999, 309.0, 319.4016530417, 353.8662667781, 375.620952917, 410.0, 427.1849823101, 432.00662891681, 460.33210799481, 482.73026943721, 496.42843661391, 497.55012551909, 526.56250013749, 549.0, 574.6018082369, 591.6326706049999, 607.0800481818, 633.8504782306]
