Avion: 6      Iteracion: 31

Num Ruta: 31
Ingresos: 1588.564
Costos: 414.47069721
Utilidad Ruta: 1174.09330279
Costo Reducido: 97.8927010821
Nodos: [106, 30, 65, 16, 51, 10, 45, 1, 36, 35, 70, 33, 5, 40, 68, 29, 4, 39, 64, 716]
q: [0, 11.0, -11.0, 9.0, -9.0, 12.0, -12.0, 7.0, -7.0, 8.0, -8.0, 5.0, 9.0, -9.0, -5.0, 9.0, 3.0, -3.0, -9.0, 0]
Q: [0, 11.0, 0.0, 9.0, 0.0, 12.0, 0.0, 7.0, 0.0, 8.0, 0.0, 5.0, 14.0, 5.0, 0.0, 9.0, 12.0, 9.0, 0.0, 0]
B: [0.0, 64.0, 82.7140226568, 93.53069441849999, 103.15478585614, 118.98406306644, 148.50357380084, 186.92291497164, 221.16300050014001, 270.0, 281.922738989, 437.0, 469.0, 470.12168890518, 499.13406352358, 549.0, 569.7100026316, 590.1357523117999, 602.3548233485, 622.7520306327999]
