Avion: 2      Iteracion: 45

Num Ruta: 36
Ingresos: 1283.719
Costos: 412.716672026
Utilidad Ruta: 871.002327974
Costo Reducido: 83.0284911193
Nodos: [102, 16, 51, 10, 45, 35, 70, 33, 13, 48, 68, 20, 4, 39, 55, 2, 37, 712]
q: [0.0, 9.0, -9.0, 12.0, -12.0, 8.0, -8.0, 5.0, 10.0, -10.0, -5.0, 0.0, 0.0, 0.0, 0.0, 10.0, -10.0, 0.0]
Q: [0.0, 9.0, 0.0, 12.0, 0.0, 8.0, 0.0, 5.0, 15.0, 5.0, 0.0, 0.0, 0.0, 0.0, 0.0, 10.0, 0.0, 0.0]
B: [0.0, 36.0, 45.624091437640004, 96.0, 125.5195107344, 270.0, 281.922738989, 437.0, 462.372931896, 479.256082846, 484.60413314494, 496.0, 529.0, 549.4257496801999, 561.2869729308, 568.6172701962599, 609.35223224366, 613.46797871301]
