Avion: 4      Iteracion: 14

Num Ruta: 15
Ingresos: 1800.232
Costos: 454.894974659
Utilidad Ruta: 1345.33702534
Costo Reducido: 354.335457445
Nodos: [104, 17, 52, 30, 16, 51, 65, 14, 49, 3, 38, 18, 53, 31, 66, 25, 60, 21, 4, 39, 56, 714]
q: [0.0, 0.0, 0.0, 11.0, 4.0, -4.0, -11.0, 8.0, -8.0, 13.0, -13.0, 10.0, -10.0, 9.0, -9.0, 10.0, -10.0, 12.0, 3.0, -3.0, -12.0, 0.0]
Q: [0.0, 0.0, 0.0, 11.0, 15.0, 11.0, 0.0, 8.0, 0.0, 13.0, 0.0, 10.0, 0.0, 9.0, 0.0, 10.0, 0.0, 12.0, 15.0, 12.0, 0.0, 0.0]
B: [0.0, 24.0, 58.8425537813, 64.0, 72.20259129788, 81.82668273552001, 84.69783929691, 112.49377995381, 124.51549172881, 256.0, 261.08428175852, 293.0, 316.8182362487, 406.0, 434.325479078, 459.752616235, 476.9375985451, 485.1063120301, 529.0, 549.4257496801999, 566.2286940948, 595.1194999853]
