Avion: 3      Iteracion: 16

Num Ruta: 13
Ingresos: 2316.741
Costos: 540.126476502
Utilidad Ruta: 1776.6145235
Costo Reducido: 274.934465857
Nodos: [103, 17, 30, 52, 65, 24, 59, 1, 11, 46, 36, 3, 38, 35, 70, 32, 67, 28, 63, 25, 19, 60, 54, 13, 48, 713]
q: [0.0, 5.0, 10.0, -5.0, -10.0, 11.0, -11.0, 7.0, 6.0, -6.0, -7.0, 13.0, -13.0, 8.0, -8.0, 11.0, -11.0, 6.0, -6.0, 8.0, 7.0, -8.0, -7.0, 15.0, -15.0, 0.0]
Q: [0.0, 5.0, 15.0, 10.0, 0.0, 11.0, 0.0, 7.0, 13.0, 7.0, 0.0, 13.0, 0.0, 8.0, 0.0, 11.0, 0.0, 6.0, 0.0, 8.0, 15.0, 7.0, 0.0, 15.0, 0.0, 0.0]
B: [0.0, 39.7453305433, 73.3590421503, 76.50349663399, 92.60144215509, 117.33541304539, 155.84836334789, 175.0, 193.6808285951, 197.73489544211, 232.05062478011, 256.0, 261.08428175852, 274.08526633661995, 286.00800532561993, 309.0, 319.4016530417, 378.0, 414.0266187839, 417.35999740026, 426.75200464046, 443.42489632125995, 460.21175275715996, 464.43937206358, 481.32252301358, 484.09701125468]
