Avion: 5      Iteracion: 47

Num Ruta: 37
Ingresos: 1088.419
Costos: 349.040712856
Utilidad Ruta: 739.378287144
Costo Reducido: 153.077009608
Nodos: [105, 30, 65, 2, 37, 29, 64, 715]
q: [0, 11.0, -11.0, 10.0, -10.0, 9.0, -9.0, 0]
Q: [0, 11.0, 0.0, 10.0, 0.0, 9.0, 0.0, 0]
B: [0.0, 64.0, 82.7140226568, 522.0, 562.7349620474, 572.53970258451, 606.31948236471, 653.63042629951]
