Avion: 6      Iteracion: 8

Num Ruta: 10
Ingresos: 3661.404
Costos: 611.276834177
Utilidad Ruta: 3050.12716582
Costo Reducido: 689.49762293
Nodos: [106, 17, 52, 9, 44, 14, 49, 11, 46, 1, 36, 23, 18, 53, 58, 26, 61, 34, 69, 8, 43, 6, 41, 5, 40, 21, 56, 29, 64, 716]
q: [0.0, 5.0, -5.0, 11.0, -11.0, 8.0, -8.0, 6.0, -6.0, 7.0, -7.0, 10.0, 5.0, -5.0, -10.0, 10.0, -10.0, 8.0, -8.0, 8.0, -8.0, 4.0, -4.0, 9.0, -9.0, 12.0, -12.0, 9.0, -9.0, 0.0]
Q: [0.0, 5.0, 0.0, 11.0, 0.0, 8.0, 0.0, 6.0, 0.0, 7.0, 0.0, 10.0, 15.0, 10.0, 0.0, 10.0, 0.0, 8.0, 0.0, 8.0, 0.0, 4.0, 0.0, 9.0, 0.0, 12.0, 0.0, 9.0, 0.0, 0.0]
B: [0.0, 24.0, 58.8425537813, 81.72911018459999, 111.25634718709999, 121.5131539026, 133.5348656776, 169.0, 173.05406684701, 195.72351838431, 229.96360391281002, 267.0, 293.0, 316.8182362487, 326.74376782137, 346.43014059547, 364.00936856487, 378.92261465687, 415.36274487067, 418.00891984598996, 438.77731646199, 447.96798809142, 451.66027748961, 470.04913770441, 471.17082660959, 499.41041699259, 540.14920767179, 578.60250414949, 612.38228392969, 632.7794912139899]
