Avion: 7      Iteracion: 13

Num Ruta: 11
Ingresos: 257.769
Costos: 235.317862988
Utilidad Ruta: 22.4511370123
Costo Reducido: 38.0118769087
Nodos: [107, 31, 66, 717]
q: [0, 9.0, -9.0, 0]
Q: [0, 9.0, 0.0, 0]
B: [0.0, 406.0, 434.325479078, 437.96020107562]
