Avion: 4      Iteracion: 66

Num Ruta: 54
Ingresos: 1756.368
Costos: 340.681899295
Utilidad Ruta: 1415.68610071
Costo Reducido: 52.4664452001
Nodos: [104, 17, 52, 9, 44, 25, 60, 8, 33, 5, 40, 43, 68, 29, 4, 39, 64, 714]
q: [0.0, 5.0, -5.0, 11.0, -11.0, 10.0, -10.0, 8.0, 5.0, 2.0, -2.0, -8.0, -5.0, 9.0, 3.0, -3.0, -9.0, 0.0]
Q: [0.0, 5.0, 0.0, 11.0, 0.0, 10.0, 0.0, 8.0, 13.0, 15.0, 13.0, 5.0, 0.0, 9.0, 12.0, 9.0, 0.0, 0.0]
B: [0.0, 24.0, 58.8425537813, 81.72911018459999, 111.25634718709999, 410.0, 427.1849823101, 453.0055821676, 466.77023697619995, 480.46840415289995, 481.59009305807996, 492.06807005748, 514.02495109738, 549.0, 569.7100026316, 590.1357523117999, 602.3548233485, 629.1252533973]
