Avion: 4      Iteracion: 67

Num Ruta: 55
Ingresos: 2412.875
Costos: 494.535245298
Utilidad Ruta: 1918.3397547
Costo Reducido: 69.0572427322
Nodos: [104, 17, 52, 35, 70, 26, 34, 61, 69, 19, 54, 13, 33, 48, 68, 21, 4, 39, 56, 714]
q: [0.0, 5.0, -5.0, 8.0, -8.0, 7.0, 8.0, -7.0, -8.0, 7.0, -7.0, 10.0, 5.0, -10.0, -5.0, 12.0, 3.0, -3.0, -12.0, 0.0]
Q: [0.0, 5.0, 0.0, 8.0, 0.0, 7.0, 15.0, 8.0, 0.0, 7.0, 0.0, 10.0, 15.0, 5.0, 0.0, 12.0, 15.0, 12.0, 0.0, 0.0]
B: [0.0, 24.0, 58.8425537813, 270.0, 281.922738989, 300.0, 322.0, 336.913246092, 361.9000000428, 402.0, 428.6271162915, 432.85473559792, 458.22766749392, 498.98366809502, 504.33171839396, 515.21119577116, 530.1589841359599, 550.58473381616, 567.38767823076, 596.27848412126]
