Avion: 6      Iteracion: 68

Num Ruta: 65
Ingresos: 1126.387
Costos: 219.084645509
Utilidad Ruta: 907.302354491
Costo Reducido: 27.1644693874
Nodos: [106, 6, 41, 33, 5, 40, 68, 21, 4, 39, 56, 716]
q: [0, 4.0, -4.0, 5.0, 9.0, -9.0, -5.0, 12.0, 3.0, -3.0, -12.0, 0]
Q: [0, 4.0, 0.0, 5.0, 14.0, 5.0, 0.0, 12.0, 15.0, 12.0, 0.0, 0]
B: [0.0, 436.0, 439.69228939819, 468.10954535299, 481.80771252969, 482.92940143487, 511.94177605326996, 522.8212534304699, 537.7690417952699, 558.1947914754699, 574.9977358900699, 601.7096256210699]
