Avion: 5      Iteracion: 0

Num Ruta: 2
Ingresos: 3117.894
Costos: 740.62973193
Utilidad Ruta: 2377.26426807
Costo Reducido: -
Nodos: [105, 17, 16, 51, 52, 30, 65, 14, 49, 11, 46, 1, 36, 3, 38, 23, 35, 70, 32, 67, 26, 61, 58, 34, 69, 19, 8, 33, 54, 43, 6, 41, 68, 715]
q: [0.0, 5.0, 9.0, -9.0, -5.0, 11.0, -11.0, 8.0, -8.0, 6.0, -6.0, 7.0, -7.0, 13.0, -13.0, 10.0, 5.0, -5.0, 5.0, -5.0, 5.0, -5.0, -10.0, 8.0, -8.0, 7.0, 3.0, 5.0, -7.0, -3.0, 4.0, -4.0, -5.0, 0.0]
Q: [0.0, 5.0, 14.0, 5.0, 0.0, 11.0, 0.0, 8.0, 0.0, 6.0, 0.0, 7.0, 0.0, 13.0, 0.0, 10.0, 15.0, 10.0, 15.0, 10.0, 15.0, 10.0, 0.0, 8.0, 0.0, 7.0, 10.0, 15.0, 8.0, 5.0, 9.0, 5.0, 0.0, 0.0]
B: [0.0, 35.8094227823, 70.6108997625, 80.23499120014, 94.88275997224, 98.02721445593, 116.74123711272999, 144.53717776962998, 156.55888954462998, 186.00731865382997, 190.06138550083998, 212.73083703813998, 246.97092256663998, 256.0, 261.08428175852, 267.0, 277.4634044651, 289.38614345409997, 309.0, 319.4016530417, 332.1221722921, 349.7014002615, 352.76847264408, 367.02741965988, 403.46754987368, 424.00736613378, 447.16824768008, 460.93290248868004, 482.48129625708003, 485.40941544864, 494.60008707807003, 498.29237647626, 529.37023729386, 573.13056373236]
