Avion: 2      Iteracion: 20

Num Ruta: 21
Ingresos: 657.261
Costos: 449.63517444
Utilidad Ruta: 207.62582556
Costo Reducido: 165.784450109
Nodos: [102, 16, 51, 32, 67, 13, 48, 31, 66, 4, 39, 712]
q: [0, 9.0, -9.0, 11.0, -11.0, 15.0, -15.0, 9.0, -9.0, 3.0, -3.0, 0]
Q: [0, 9.0, 0.0, 11.0, 0.0, 15.0, 0.0, 9.0, 0.0, 3.0, 0.0, 0]
B: [0.0, 36.0, 45.624091437640004, 309.0, 319.4016530417, 423.0, 439.88315095, 444.3406643824, 472.6661434604, 529.0, 549.4257496801999, 586.6476967678999]
