Avion: 1      Iteracion: 39

Num Ruta: 39
Ingresos: 2671.045
Costos: 515.352809862
Utilidad Ruta: 2155.69219014
Costo Reducido: 97.9798045989
Nodos: [101, 30, 16, 51, 65, 24, 59, 1, 36, 3, 38, 35, 70, 22, 57, 19, 54, 33, 68, 21, 4, 56, 39, 711]
q: [0.0, 6.0, 9.0, -9.0, -6.0, 11.0, -11.0, 7.0, -7.0, 13.0, -13.0, 8.0, -8.0, 10.0, -10.0, 7.0, -7.0, 5.0, -5.0, 12.0, 3.0, -12.0, -3.0, 0.0]
Q: [0.0, 6.0, 15.0, 6.0, 0.0, 11.0, 0.0, 7.0, 0.0, 13.0, 0.0, 8.0, 0.0, 10.0, 0.0, 7.0, 0.0, 5.0, 0.0, 12.0, 15.0, 3.0, 0.0, 0.0]
B: [0.0, 64.0, 72.20259129788, 81.82668273552001, 84.69783929691, 109.43181018721, 147.94476048971, 175.0, 209.2400855285, 256.0, 261.08428175852, 274.08526633661995, 286.00800532561993, 303.7313161055199, 325.4860022444199, 402.0, 428.6271162915, 450.1755100599, 492.12817511229997, 503.00765248949995, 529.0, 558.169797411, 574.9727418256, 591.7817739215]
