Avion: 6      Iteracion: 1

Num Ruta: 4
Ingresos: 3747.267
Costos: 642.653748177
Utilidad Ruta: 3104.61325182
Costo Reducido: 3001.54476413
Nodos: [106, 17, 52, 16, 51, 24, 59, 10, 45, 3, 38, 23, 18, 53, 58, 26, 61, 34, 69, 8, 43, 31, 66, 5, 40, 2, 37, 29, 64, 716]
q: [0.0, 5.0, -5.0, 9.0, -9.0, 11.0, -11.0, 12.0, -12.0, 13.0, -13.0, 10.0, 5.0, -5.0, -10.0, 10.0, -10.0, 8.0, -8.0, 8.0, -8.0, 9.0, -9.0, 9.0, -9.0, 10.0, -10.0, 9.0, -9.0, 0.0]
Q: [0.0, 5.0, 0.0, 9.0, 0.0, 11.0, 0.0, 12.0, 0.0, 13.0, 0.0, 10.0, 15.0, 10.0, 0.0, 10.0, 0.0, 8.0, 0.0, 8.0, 0.0, 9.0, 0.0, 9.0, 0.0, 10.0, 0.0, 9.0, 0.0, 0.0]
B: [0.0, 24.0, 58.8425537813, 64.17419311644, 73.79828455408, 99.02448363357999, 137.53743393608, 149.32336461638, 178.84287535078, 256.0, 261.08428175852, 267.0, 293.0, 316.8182362487, 326.74376782137, 346.43014059547, 364.00936856487, 378.92261465687, 415.36274487067, 418.00891984598996, 438.77731646199, 455.88993779828996, 484.21541687628996, 504.11190108829, 505.23358999347, 522.0, 562.7349620474, 572.53970258451, 606.31948236471, 626.7166896490099]
