Avion: 7      Iteracion: 27

Num Ruta: 23
Ingresos: 386.289
Costos: 270.185999726
Utilidad Ruta: 116.103000274
Costo Reducido: 23.6053623324
Nodos: [107, 13, 48, 31, 66, 717]
q: [0, 15.0, -15.0, 9.0, -9.0, 0]
Q: [0, 15.0, 0.0, 9.0, 0.0, 0]
B: [0.0, 423.0, 439.88315095, 444.3406643824, 472.6661434604, 476.30086545802]
