Avion: 6      Iteracion: 22

Num Ruta: 23
Ingresos: 990.168
Costos: 277.46757463
Utilidad Ruta: 712.70042537
Costo Reducido: 95.8615894738
Nodos: [106, 34, 32, 67, 69, 19, 33, 54, 13, 48, 68, 5, 40, 716]
q: [0.0, 8.0, 7.0, -7.0, -8.0, 7.0, 5.0, -7.0, 10.0, -10.0, -5.0, 9.0, -9.0, 0.0]
Q: [0.0, 8.0, 15.0, 8.0, 0.0, 7.0, 12.0, 5.0, 15.0, 5.0, 0.0, 9.0, 0.0, 0.0]
B: [0.0, 322.0, 342.0229178943, 352.424570936, 383.46685579070004, 404.00667205080003, 440.60023241320005, 462.14862618160004, 466.37624548802006, 483.2593964380201, 488.60744673696007, 517.57886432396, 518.70055322914, 525.42390730281]
