Avion: 1      Iteracion: 62

Num Ruta: 58
Ingresos: 2740.714
Costos: 541.899179406
Utilidad Ruta: 2198.81482059
Costo Reducido: 39.5821770363
Nodos: [101, 30, 65, 24, 59, 1, 36, 3, 38, 23, 18, 53, 58, 34, 69, 19, 54, 33, 13, 48, 68, 21, 4, 39, 56, 711]
q: [0.0, 0.0, 0.0, 0.0, 0.0, 7.0, -7.0, 13.0, -13.0, 5.0, 10.0, -10.0, -5.0, 8.0, -8.0, 7.0, -7.0, 5.0, 10.0, -10.0, -5.0, 12.0, 3.0, -3.0, -12.0, 0.0]
Q: [0.0, 0.0, 0.0, 0.0, 0.0, 7.0, 0.0, 13.0, 0.0, 5.0, 15.0, 5.0, 0.0, 8.0, 0.0, 7.0, 0.0, 5.0, 15.0, 5.0, 0.0, 12.0, 15.0, 12.0, 0.0, 0.0]
B: [0.0, 64.0, 82.7140226568, 107.4479935471, 145.9609438496, 175.0, 209.2400855285, 256.0, 261.08428175852, 267.0, 293.0, 316.8182362487, 326.74376782137, 341.00271483717, 377.44284505097, 402.0, 428.6271162915, 450.1755100599, 475.5484419559, 492.4315929059, 497.77964320484, 508.65912058204, 529.0, 549.4257496801999, 566.2286940948, 588.4711797696999]
