Avion: 7      Iteracion: 71

Num Ruta: 37
Ingresos: 517.706
Costos: 299.064307419
Utilidad Ruta: 218.641692581
Costo Reducido: 84.6195969592
Nodos: [107, 14, 49, 3, 38, 23, 58, 34, 22, 57, 69, 33, 68, 717]
q: [0.0, 0.0, 0.0, 0.0, 0.0, 0.0, 0.0, 8.0, 0.0, 0.0, -8.0, 5.0, -5.0, 0.0]
Q: [0.0, 0.0, 0.0, 0.0, 0.0, 0.0, 0.0, 8.0, 8.0, 8.0, 0.0, 5.0, 0.0, 0.0]
B: [0.0, 112.0, 124.021711775, 256.0, 261.08428175852, 267.0, 306.733842905, 322.0, 350.0636833826, 371.8183695215, 382.408619849, 437.0, 478.9526650524, 513.4884134445]
