Avion: 5      Iteracion: 74

Num Ruta: 46
Ingresos: 812.454
Costos: 251.924317949
Utilidad Ruta: 560.529682051
Costo Reducido: 31.4386681571
Nodos: [105, 18, 53, 28, 63, 19, 54, 715]
q: [0, 10.0, -10.0, 6.0, -6.0, 7.0, -7.0, 0]
Q: [0, 10.0, 0.0, 6.0, 0.0, 7.0, 0.0, 0]
B: [0.0, 293.0, 316.8182362487, 378.0, 414.0266187839, 426.5624120576, 453.1895283491, 488.8712121238]
