Avion: 1      Iteracion: 87

Num Ruta: 78
Ingresos: 2699.47
Costos: 418.49014242
Utilidad Ruta: 2280.97985758
Costo Reducido: 46.4163202235
Nodos: [101, 17, 30, 52, 16, 51, 65, 24, 59, 1, 36, 3, 38, 23, 35, 70, 32, 67, 34, 58, 69, 8, 19, 54, 43, 711]
q: [0.0, 5.0, 6.0, -5.0, 9.0, -9.0, -6.0, 11.0, -11.0, 7.0, -7.0, 13.0, -13.0, 7.0, 8.0, -8.0, 8.0, -8.0, 8.0, -7.0, -8.0, 8.0, 7.0, -7.0, -8.0, 0.0]
Q: [0.0, 5.0, 11.0, 6.0, 15.0, 6.0, 0.0, 11.0, 0.0, 7.0, 0.0, 13.0, 0.0, 7.0, 15.0, 7.0, 15.0, 7.0, 15.0, 8.0, 0.0, 8.0, 15.0, 8.0, 0.0, 0.0]
B: [0.0, 24.0, 64.0, 67.14445448369, 72.47609381883, 82.10018525647, 84.97134181786, 109.70531270816, 148.21826301066, 175.0, 209.2400855285, 256.0, 261.08428175852, 267.0, 277.4634044651, 289.38614345409997, 309.0, 319.4016530417, 346.1750898215, 360.4340368373, 388.28712463740004, 414.0, 437.1608815463, 463.7879978378, 466.71611702935996, 472.42524831178997]
