Avion: 1      Iteracion: 1

Num Ruta: 5
Ingresos: 3661.431
Costos: 750.974396338
Utilidad Ruta: 2910.45660366
Costo Reducido: 3139.58856714
Nodos: [101, 17, 52, 16, 51, 24, 59, 10, 45, 3, 38, 23, 18, 53, 58, 26, 61, 34, 69, 8, 43, 31, 66, 4, 27, 62, 2, 39, 37, 711]
q: [0.0, 5.0, -5.0, 9.0, -9.0, 11.0, -11.0, 12.0, -12.0, 13.0, -13.0, 10.0, 5.0, -5.0, -10.0, 10.0, -10.0, 8.0, -8.0, 8.0, -8.0, 9.0, -9.0, 3.0, 6.0, -6.0, 10.0, -3.0, -10.0, 0.0]
Q: [0.0, 5.0, 0.0, 9.0, 0.0, 11.0, 0.0, 12.0, 0.0, 13.0, 0.0, 10.0, 15.0, 10.0, 0.0, 10.0, 0.0, 8.0, 0.0, 8.0, 0.0, 9.0, 0.0, 3.0, 9.0, 3.0, 13.0, 10.0, 0.0, 0.0]
B: [0.0, 24.0, 58.8425537813, 64.17419311644, 73.79828455408, 99.02448363357999, 137.53743393608, 149.32336461638, 178.84287535078, 256.0, 261.08428175852, 267.0, 293.0, 316.8182362487, 326.74376782137, 346.43014059547, 364.00936856487, 378.92261465687, 415.36274487067, 418.00891984598996, 438.77731646199, 455.88993779828996, 484.21541687628996, 529.0, 546.6147745373, 563.6456369054, 575.0977099928, 584.5521765034, 617.7453872851, 634.6950544795001]
