Avion: 6      Iteracion: 6

Num Ruta: 8
Ingresos: 795.346
Costos: 285.893042402
Utilidad Ruta: 509.452957598
Costo Reducido: 504.829825122
Nodos: [106, 19, 54, 4, 39, 29, 64, 716]
q: [0, 7.0, -7.0, 3.0, -3.0, 9.0, -9.0, 0]
Q: [0, 7.0, 0.0, 3.0, 0.0, 9.0, 0.0, 0]
B: [0.0, 402.0, 428.6271162915, 529.0, 549.4257496801999, 587.2435953221999, 621.0233751023999, 641.4205823866998]
