Avion: 1      Iteracion: 56

Num Ruta: 53
Ingresos: 3372.615
Costos: 563.85316117
Utilidad Ruta: 2808.76183883
Costo Reducido: 98.3594023807
Nodos: [101, 17, 52, 30, 16, 51, 65, 24, 59, 1, 36, 23, 35, 70, 18, 53, 58, 34, 69, 8, 19, 54, 43, 13, 48, 4, 2, 39, 37, 711]
q: [0.0, 5.0, -5.0, 0.0, 9.0, -9.0, 0.0, 11.0, -11.0, 7.0, -7.0, 5.0, 8.0, -8.0, 10.0, -10.0, -5.0, 8.0, -8.0, 8.0, 7.0, -7.0, -8.0, 15.0, -15.0, 3.0, 10.0, -3.0, -10.0, 0.0]
Q: [0.0, 5.0, 0.0, 0.0, 9.0, 0.0, 0.0, 11.0, 0.0, 7.0, 0.0, 5.0, 13.0, 5.0, 15.0, 5.0, 0.0, 8.0, 0.0, 8.0, 15.0, 8.0, 0.0, 15.0, 0.0, 3.0, 13.0, 10.0, 0.0, 0.0]
B: [0.0, 24.0, 58.8425537813, 64.0, 72.20259129788, 81.82668273552001, 84.69783929691, 109.43181018721, 147.94476048971, 175.0, 209.2400855285, 267.0, 277.4634044651, 289.38614345409997, 309.80429657819997, 333.62253282689994, 343.54806439956997, 357.80701141536997, 394.24714162916996, 414.0, 437.1608815463, 463.7879978378, 466.71611702935996, 468.92679317026995, 485.80994412026996, 529.0, 556.3715326023, 565.8259991129, 599.0192098946001, 615.9688770890001]
