Avion: 4      Iteracion: 27

Num Ruta: 27
Ingresos: 1169.883
Costos: 298.970580243
Utilidad Ruta: 870.912419757
Costo Reducido: 121.090342978
Nodos: [104, 17, 52, 9, 44, 25, 60, 13, 48, 31, 66, 714]
q: [0, 5.0, -5.0, 11.0, -11.0, 10.0, -10.0, 15.0, -15.0, 9.0, -9.0, 0]
Q: [0, 5.0, 0.0, 11.0, 0.0, 10.0, 0.0, 15.0, 0.0, 9.0, 0.0, 0]
B: [0.0, 24.0, 58.8425537813, 81.72911018459999, 111.25634718709999, 410.0, 427.1849823101, 443.186042775, 460.069193725, 464.5267071574, 492.8521862354, 536.3430268343]
