Avion: 6      Iteracion: 63

Num Ruta: 60
Ingresos: 2550.138
Costos: 502.497327859
Utilidad Ruta: 2047.64067214
Costo Reducido: 22.868613798
Nodos: [106, 17, 10, 52, 45, 35, 70, 26, 61, 34, 69, 33, 5, 40, 68, 21, 4, 39, 56, 29, 64, 716]
q: [0.0, 5.0, 10.0, -5.0, -10.0, 8.0, -8.0, 10.0, -10.0, 8.0, -8.0, 5.0, 9.0, -9.0, -5.0, 12.0, 3.0, -3.0, -12.0, 9.0, -9.0, 0.0]
Q: [0.0, 5.0, 15.0, 10.0, 0.0, 8.0, 0.0, 10.0, 0.0, 8.0, 0.0, 5.0, 14.0, 5.0, 0.0, 12.0, 15.0, 12.0, 0.0, 9.0, 0.0, 0.0]
B: [0.0, 24.0, 96.0, 113.2607991993, 147.8505213867, 270.0, 281.922738989, 300.0, 317.5792279694, 332.4924740614, 368.9326042752, 437.0, 469.0, 470.12168890518, 499.13406352358, 510.01354090077996, 529.0, 549.4257496801999, 566.2286940948, 604.6819905724999, 638.4617703526999, 658.8589776369998]
