Avion: 1      Iteracion: 37

Num Ruta: 37
Ingresos: 1824.272
Costos: 382.305343994
Utilidad Ruta: 1441.96665601
Costo Reducido: 138.438540699
Nodos: [101, 30, 65, 16, 51, 1, 36, 35, 70, 32, 67, 26, 61, 34, 69, 8, 19, 54, 43, 711]
q: [0, 11.0, -11.0, 9.0, -9.0, 7.0, -7.0, 8.0, -8.0, 11.0, -11.0, 10.0, -10.0, 8.0, -8.0, 8.0, 7.0, -7.0, -8.0, 0]
Q: [0, 11.0, 0.0, 9.0, 0.0, 7.0, 0.0, 8.0, 0.0, 11.0, 0.0, 10.0, 0.0, 8.0, 0.0, 8.0, 15.0, 8.0, 0.0, 0]
B: [0.0, 64.0, 82.7140226568, 93.53069441849999, 103.15478585614, 175.0, 209.2400855285, 270.0, 281.922738989, 309.0, 319.4016530417, 332.1221722921, 349.7014002615, 364.6146463535, 401.0547765673, 414.0, 437.1608815463, 463.7879978378, 466.71611702935996, 472.42524831178997]
