Avion: 7      Iteracion: 0

Num Ruta: 2
Ingresos: 2839.83
Costos: 575.08568408
Utilidad Ruta: 2264.74431592
Costo Reducido: -
Nodos: [107, 9, 44, 24, 59, 11, 46, 1, 36, 3, 38, 23, 58, 26, 61, 22, 57, 31, 66, 19, 54, 717]
q: [0, 11.0, -11.0, 11.0, -11.0, 6.0, -6.0, 7.0, -7.0, 13.0, -13.0, 10.0, -10.0, 10.0, -10.0, 10.0, -10.0, 9.0, -9.0, 7.0, -7.0, 0]
Q: [0, 11.0, 0.0, 11.0, 0.0, 6.0, 0.0, 7.0, 0.0, 13.0, 0.0, 10.0, 0.0, 10.0, 0.0, 10.0, 0.0, 9.0, 0.0, 7.0, 0.0, 0]
B: [0.0, 46.0648734938, 75.5921104963, 99.7323603914, 138.2453106939, 169.0, 173.05406684701, 195.72351838431, 229.96360391281002, 256.0, 261.08428175852, 267.0, 306.733842905, 326.4202156791, 343.9994436485, 357.6336242986, 379.3883104375, 411.9830438311, 440.3085229091, 456.4097397575, 483.036856049, 508.5210197983]
