Avion: 2      Iteracion: 79

Num Ruta: 62
Ingresos: 3779.587
Costos: 725.722536665
Utilidad Ruta: 3053.86446334
Costo Reducido: 72.4603029444
Nodos: [102, 16, 51, 24, 59, 10, 45, 1, 36, 23, 35, 70, 26, 61, 58, 18, 53, 19, 33, 54, 13, 48, 68, 21, 20, 56, 55, 2, 37, 712]
q: [0.0, 9.0, -9.0, 11.0, -11.0, 12.0, -12.0, 7.0, -7.0, 10.0, 5.0, -5.0, 0.0, 0.0, -10.0, 10.0, -10.0, 7.0, 5.0, -7.0, 10.0, -10.0, -5.0, 12.0, 0.0, -12.0, 0.0, 10.0, -10.0, 0.0]
Q: [0.0, 9.0, 0.0, 11.0, 0.0, 12.0, 0.0, 7.0, 0.0, 10.0, 15.0, 10.0, 10.0, 10.0, 0.0, 10.0, 0.0, 7.0, 12.0, 5.0, 15.0, 5.0, 0.0, 12.0, 12.0, 0.0, 0.0, 10.0, 0.0, 0.0]
B: [0.0, 36.0, 45.624091437640004, 70.85029051714, 109.36324081964, 121.14917149994, 150.66868223434, 189.08802340514, 223.32810893364, 267.0, 277.4634044651, 289.38614345409997, 303.7370056233, 321.3162335927, 324.38330597528, 349.82261738498, 373.64085363367997, 402.0, 438.5935603624, 460.1419541308, 464.36957343722, 481.25272438722004, 486.60077468616004, 497.48025206336, 502.22965844732, 538.65495016882, 559.25437079172, 566.58466805718, 607.31963010458, 611.4353765739301]
