Avion: 2      Iteracion: 25

Num Ruta: 23
Ingresos: 441.815
Costos: 369.41159792
Utilidad Ruta: 72.4034020804
Costo Reducido: 35.6176488971
Nodos: [102, 16, 51, 8, 43, 13, 48, 712]
q: [0, 9.0, -9.0, 8.0, -8.0, 15.0, -15.0, 0]
Q: [0, 9.0, 0.0, 8.0, 0.0, 15.0, 0.0, 0]
B: [0.0, 36.0, 45.624091437640004, 414.0, 434.768396616, 436.97907275691, 453.86222370691, 469.25269998281]
