Avion: 1      Iteracion: 4

Num Ruta: 8
Ingresos: 2807.228
Costos: 617.705841672
Utilidad Ruta: 2189.52215833
Costo Reducido: 1317.14578165
Nodos: [101, 17, 52, 30, 65, 24, 59, 1, 36, 23, 18, 53, 58, 26, 61, 34, 69, 31, 66, 5, 40, 27, 62, 2, 37, 711]
q: [0.0, 5.0, -5.0, 11.0, -11.0, 11.0, -11.0, 7.0, -7.0, 0.0, 10.0, -10.0, 0.0, 10.0, -10.0, 8.0, -8.0, 9.0, -9.0, 9.0, -9.0, 6.0, -6.0, 10.0, -10.0, 0.0]
Q: [0.0, 5.0, 0.0, 11.0, 0.0, 11.0, 0.0, 7.0, 0.0, 0.0, 10.0, 0.0, 0.0, 10.0, 0.0, 8.0, 0.0, 9.0, 0.0, 9.0, 0.0, 6.0, 0.0, 10.0, 0.0, 0.0]
B: [0.0, 24.0, 58.8425537813, 64.0, 82.7140226568, 107.4479935471, 145.9609438496, 175.0, 209.2400855285, 267.0, 293.0, 316.8182362487, 326.74376782137, 346.43014059547, 364.00936856487, 378.92261465687, 415.36274487067, 442.48348897917, 470.80896805717, 490.70545226917, 491.82714117435, 538.0, 555.0308623681, 566.4829354555, 607.2178975029, 624.1675646973]
