Avion: 1      Iteracion: 9

Num Ruta: 13
Ingresos: 2707.087
Costos: 616.592020191
Utilidad Ruta: 2090.49497981
Costo Reducido: 121.705999267
Nodos: [101, 10, 45, 1, 36, 3, 38, 18, 53, 34, 69, 19, 8, 54, 43, 31, 66, 21, 4, 56, 39, 711]
q: [0, 12.0, -12.0, 7.0, -7.0, 13.0, -13.0, 10.0, -10.0, 8.0, -8.0, 7.0, 8.0, -7.0, -8.0, 9.0, -9.0, 12.0, 3.0, -12.0, -3.0, 0]
Q: [0, 12.0, 0.0, 7.0, 0.0, 13.0, 0.0, 10.0, 0.0, 8.0, 0.0, 7.0, 15.0, 8.0, 0.0, 9.0, 0.0, 12.0, 15.0, 3.0, 0.0, 0]
B: [0.0, 96.0, 125.5195107344, 175.0, 209.2400855285, 256.0, 261.08428175852, 293.0, 316.8182362487, 340.28894720939996, 376.72907742319995, 402.0, 425.1608815463, 443.1178409771, 446.04596016866, 463.15858150495995, 491.48406058295996, 514.94989926386, 529.8976876286599, 559.0674850396599, 575.8704294542599, 592.6794615501599]
