Avion: 6      Iteracion: 76

Num Ruta: 70
Ingresos: 2782.456
Costos: 510.159175666
Utilidad Ruta: 2272.29682433
Costo Reducido: 74.4131209201
Nodos: [106, 17, 52, 9, 44, 11, 46, 1, 36, 3, 38, 23, 35, 70, 26, 58, 61, 32, 67, 33, 8, 5, 40, 43, 6, 41, 68, 29, 27, 62, 64, 716]
q: [0.0, 5.0, -5.0, 11.0, -11.0, 6.0, -6.0, 7.0, -7.0, 13.0, -13.0, 5.0, 8.0, -8.0, 10.0, -5.0, -10.0, 11.0, -11.0, 5.0, 8.0, 2.0, -2.0, -8.0, 4.0, -4.0, -5.0, 9.0, 6.0, -6.0, -9.0, 0.0]
Q: [0.0, 5.0, 0.0, 11.0, 0.0, 6.0, 0.0, 7.0, 0.0, 13.0, 0.0, 5.0, 13.0, 5.0, 15.0, 10.0, 0.0, 11.0, 0.0, 5.0, 13.0, 15.0, 13.0, 5.0, 9.0, 5.0, 0.0, 9.0, 15.0, 9.0, 0.0, 0.0]
B: [0.0, 24.0, 58.8425537813, 81.72911018459999, 111.25634718709999, 169.0, 173.05406684701, 195.72351838431, 229.96360391281002, 256.0, 261.08428175852, 267.0, 277.4634044651, 289.38614345409997, 303.7370056233, 323.4233783974, 326.49045077998, 346.54163588208, 356.94328892378, 437.0, 450.76465480859997, 469.0, 470.12168890518, 480.59966590458, 489.79033753400995, 493.48262693219993, 524.5604877497999, 549.0, 574.6018082369, 591.6326706049999, 607.0800481818, 627.4772554660999]
