Avion: 4      Iteracion: 8

Num Ruta: 10
Ingresos: 2717.741
Costos: 619.509753554
Utilidad Ruta: 2098.23124645
Costo Reducido: 596.555990297
Nodos: [104, 17, 52, 30, 16, 51, 65, 14, 49, 11, 46, 1, 36, 35, 70, 32, 67, 26, 61, 34, 28, 69, 8, 43, 63, 21, 56, 714]
q: [0.0, 5.0, -5.0, 0.0, 0.0, 0.0, 0.0, 8.0, -8.0, 6.0, -6.0, 7.0, -7.0, 8.0, -8.0, 11.0, -11.0, 10.0, -10.0, 8.0, 6.0, -8.0, 8.0, -8.0, -6.0, 12.0, -12.0, 0.0]
Q: [0.0, 5.0, 0.0, 0.0, 0.0, 0.0, 0.0, 8.0, 0.0, 6.0, 0.0, 7.0, 0.0, 8.0, 0.0, 11.0, 0.0, 10.0, 0.0, 8.0, 14.0, 6.0, 14.0, 6.0, 0.0, 12.0, 0.0, 0.0]
B: [0.0, 24.0, 58.8425537813, 64.0, 72.20259129788, 81.82668273552001, 84.69783929691, 112.49377995381, 124.51549172881, 169.0, 173.05406684701, 195.72351838431, 229.96360391281002, 270.0, 281.922738989, 309.0, 319.4016530417, 332.1221722921, 349.7014002615, 364.6146463535, 380.64753417820003, 415.26274774100006, 417.90892271632003, 438.67731933232005, 472.95499937342004, 482.28677498152, 523.02556566072, 551.91637155122]
