Avion: 6      Iteracion: 28

Num Ruta: 28
Ingresos: 1518.769
Costos: 361.074396969
Utilidad Ruta: 1157.69460303
Costo Reducido: 113.761218227
Nodos: [106, 16, 51, 9, 44, 25, 60, 31, 66, 21, 4, 39, 56, 716]
q: [0, 9.0, -9.0, 11.0, -11.0, 10.0, -10.0, 9.0, -9.0, 12.0, 3.0, -3.0, -12.0, 0]
Q: [0, 9.0, 0.0, 11.0, 0.0, 10.0, 0.0, 9.0, 0.0, 12.0, 15.0, 12.0, 0.0, 0]
B: [0.0, 36.0, 45.624091437640004, 75.68094759394, 105.20818459644, 410.0, 427.1849823101, 432.00662891681, 460.33210799481, 483.79794667570997, 529.0, 549.4257496801999, 566.2286940948, 592.9405838258]
