Avion: 6      Iteracion: 33

Num Ruta: 33
Ingresos: 1722.519
Costos: 396.75812849
Utilidad Ruta: 1325.76087151
Costo Reducido: 128.19101375
Nodos: [106, 17, 52, 24, 9, 44, 59, 10, 45, 32, 67, 34, 69, 31, 19, 66, 54, 6, 41, 5, 40, 716]
q: [0.0, 5.0, -5.0, 4.0, 11.0, -11.0, -4.0, 12.0, -12.0, 11.0, -11.0, 8.0, -8.0, 9.0, 6.0, -9.0, -6.0, 0.0, 0.0, 9.0, -9.0, 0.0]
Q: [0.0, 5.0, 0.0, 4.0, 15.0, 4.0, 0.0, 12.0, 0.0, 11.0, 0.0, 8.0, 0.0, 9.0, 15.0, 6.0, 0.0, 0.0, 0.0, 9.0, 0.0, 0.0]
B: [0.0, 24.0, 58.8425537813, 75.400837086, 81.83771412381999, 111.36495112632, 136.42051454042, 148.20644522071998, 177.72595595511999, 309.0, 319.4016530417, 346.1750898215, 382.6152200353, 409.7359641438, 431.1609687179, 447.2621855663, 469.6803498533, 481.4713688508, 485.16365824899, 503.55251846378997, 504.67420736897, 511.39756144264]
