Avion: 6      Iteracion: 81

Num Ruta: 75
Ingresos: 1944.721
Costos: 369.731396022
Utilidad Ruta: 1574.98960398
Costo Reducido: 120.135829685
Nodos: [106, 17, 52, 16, 51, 24, 59, 10, 45, 26, 61, 18, 53, 31, 19, 66, 54, 6, 41, 5, 40, 716]
q: [0.0, 5.0, -5.0, 9.0, -9.0, 11.0, -11.0, 12.0, -12.0, 10.0, -10.0, 10.0, -10.0, 8.0, 7.0, -8.0, -7.0, 4.0, -4.0, 9.0, -9.0, 0.0]
Q: [0.0, 5.0, 0.0, 9.0, 0.0, 11.0, 0.0, 12.0, 0.0, 10.0, 0.0, 10.0, 0.0, 8.0, 15.0, 7.0, 0.0, 4.0, 0.0, 9.0, 0.0, 0.0]
B: [0.0, 24.0, 58.8425537813, 64.17419311644, 73.79828455408, 99.02448363357999, 137.53743393608, 149.32336461638, 178.84287535078, 300.0, 317.5792279694, 340.8578987218, 364.67613497049996, 406.0, 427.4250045741, 443.5262214225, 465.9443857095, 477.735404707, 481.42769410518997, 499.81655431998996, 500.93824322516997, 507.66159729884]
