Avion: 7      Iteracion: 37

Num Ruta: 26
Ingresos: 433.769
Costos: 246.752435102
Utilidad Ruta: 187.016564898
Costo Reducido: 34.1960012128
Nodos: [107, 1, 36, 3, 38, 717]
q: [0, 7.0, -7.0, 13.0, -13.0, 0]
Q: [0, 7.0, 0.0, 13.0, 0.0, 0]
B: [0.0, 175.0, 209.2400855285, 256.0, 261.08428175852, 269.27348715343]
