Avion: 3      Iteracion: 20

Num Ruta: 17
Ingresos: 397.788
Costos: 251.851724285
Utilidad Ruta: 145.936275715
Costo Reducido: 87.5989070439
Nodos: [103, 31, 66, 4, 39, 713]
q: [0, 9.0, -9.0, 3.0, -3.0, 0]
Q: [0, 9.0, 0.0, 3.0, 0.0, 0]
B: [0.0, 406.0, 434.325479078, 529.0, 549.4257496801999, 580.1121997519]
