Avion: 1      Iteracion: 58

Num Ruta: 55
Ingresos: 2828.364
Costos: 581.973858383
Utilidad Ruta: 2246.39014162
Costo Reducido: 34.5966843159
Nodos: [101, 17, 52, 30, 16, 51, 65, 24, 59, 1, 36, 35, 70, 18, 53, 31, 33, 66, 68, 21, 4, 56, 27, 62, 39, 711]
q: [0.0, 5.0, -5.0, 6.0, 9.0, -9.0, -6.0, 11.0, -11.0, 7.0, -7.0, 8.0, -8.0, 10.0, -10.0, 9.0, 5.0, -9.0, -5.0, 12.0, 3.0, -12.0, 6.0, -6.0, -3.0, 0.0]
Q: [0.0, 5.0, 0.0, 6.0, 15.0, 6.0, 0.0, 11.0, 0.0, 7.0, 0.0, 8.0, 0.0, 10.0, 0.0, 9.0, 14.0, 5.0, 0.0, 12.0, 15.0, 3.0, 9.0, 3.0, 0.0, 0.0]
B: [0.0, 24.0, 58.8425537813, 64.0, 72.20259129788, 81.82668273552001, 84.69783929691, 109.43181018721, 147.94476048971, 175.0, 209.2400855285, 270.0, 281.922738989, 302.3408921131, 326.15912836179996, 406.0, 443.5012702852, 465.8994317276, 496.8512225805, 507.7306999577, 529.0, 558.169797411, 571.3472456086, 588.3781079767, 593.79336651162, 610.60239860752]
