Avion: 4      Iteracion: 2

Num Ruta: 4
Ingresos: 2962.448
Costos: 662.515318972
Utilidad Ruta: 2299.93268103
Costo Reducido: 1992.58289517
Nodos: [104, 17, 52, 30, 16, 51, 65, 24, 59, 1, 11, 46, 36, 35, 70, 18, 53, 28, 63, 19, 33, 54, 68, 21, 4, 39, 56, 29, 64, 714]
q: [0.0, 0.0, 0.0, 0.0, 9.0, -9.0, 0.0, 11.0, -11.0, 7.0, 6.0, -6.0, -7.0, 8.0, -8.0, 10.0, -10.0, 6.0, -6.0, 7.0, 5.0, -7.0, -5.0, 12.0, 3.0, -3.0, -12.0, 9.0, -9.0, 0.0]
Q: [0.0, 0.0, 0.0, 0.0, 9.0, 0.0, 0.0, 11.0, 0.0, 7.0, 13.0, 7.0, 0.0, 8.0, 0.0, 10.0, 0.0, 6.0, 0.0, 7.0, 12.0, 5.0, 0.0, 12.0, 15.0, 12.0, 0.0, 9.0, 0.0, 0.0]
B: [0.0, 24.0, 58.8425537813, 64.0, 72.20259129788, 81.82668273552001, 84.69783929691, 109.43181018721, 147.94476048971, 175.0, 193.6808285951, 197.73489544211, 232.05062478011, 270.0, 281.922738989, 302.3408921131, 326.15912836179996, 378.0, 414.0266187839, 426.5624120576, 463.15597242, 484.7043661884, 506.6098110138, 517.4892883910001, 532.4370767558, 552.862826436, 569.6657708506, 608.1190673282999, 641.8988471084999, 668.6692771572999]
