Avion: 6      Iteracion: 47

Num Ruta: 45
Ingresos: 2149.848
Costos: 389.776564679
Utilidad Ruta: 1760.07143532
Costo Reducido: 171.877973874
Nodos: [106, 17, 52, 30, 65, 24, 59, 11, 46, 18, 35, 70, 26, 61, 53, 28, 31, 63, 19, 66, 54, 6, 41, 5, 40, 716]
q: [0.0, 5.0, -5.0, 11.0, -11.0, 11.0, -11.0, 6.0, -6.0, 7.0, 8.0, -8.0, 8.0, -8.0, -7.0, 6.0, 8.0, -6.0, 7.0, -8.0, -7.0, 4.0, -4.0, 9.0, -9.0, 0.0]
Q: [0.0, 5.0, 0.0, 11.0, 0.0, 11.0, 0.0, 6.0, 0.0, 7.0, 15.0, 7.0, 15.0, 7.0, 0.0, 6.0, 14.0, 8.0, 15.0, 7.0, 0.0, 4.0, 0.0, 9.0, 0.0, 0.0]
B: [0.0, 24.0, 58.8425537813, 64.0, 82.7140226568, 107.4479935471, 145.9609438496, 169.0, 173.05406684701, 293.0, 305.7525351989, 317.67527418789996, 332.0261363571, 349.60536432649997, 361.0401537867, 378.0, 406.0, 426.4968799577, 439.0326732314, 455.1338900798, 477.5520543668, 489.3430733643, 493.03536276248997, 511.42422297728996, 512.5459118824699, 519.2692659561399]
