Avion: 2      Iteracion: 7

Num Ruta: 10
Ingresos: 371.761
Costos: 417.398992621
Utilidad Ruta: -45.6379926207
Costo Reducido: 242.553367354
Nodos: [102, 16, 51, 9, 44, 13, 48, 712]
q: [0, 9.0, -9.0, 11.0, -11.0, 15.0, -15.0, 0]
Q: [0, 9.0, 0.0, 11.0, 0.0, 15.0, 0.0, 0]
B: [0.0, 36.0, 45.624091437640004, 75.68094759394, 105.20818459644, 423.0, 439.88315095, 455.2736272259]
