Avion: 1      Iteracion: 74

Num Ruta: 68
Ingresos: 1326.825
Costos: 326.004422742
Utilidad Ruta: 1000.82057726
Costo Reducido: 4.31484743829
Nodos: [101, 30, 65, 24, 59, 1, 36, 35, 70, 8, 19, 25, 60, 43, 54, 711]
q: [0.0, 11.0, -11.0, 11.0, -11.0, 7.0, -7.0, 8.0, -8.0, 0.0, 7.0, 8.0, -8.0, 0.0, -7.0, 0.0]
Q: [0.0, 11.0, 0.0, 11.0, 0.0, 7.0, 0.0, 8.0, 0.0, 0.0, 7.0, 15.0, 7.0, 7.0, 0.0, 0.0]
B: [0.0, 64.0, 82.7140226568, 107.4479935471, 145.9609438496, 175.0, 209.2400855285, 270.0, 281.922738989, 414.0, 437.1608815463, 446.5528887865, 463.7378710966, 481.345871125, 484.27399031655995, 489.0195172630599]
