Avion: 3      Iteracion: 86

Num Ruta: 46
Ingresos: 1545.08
Costos: 299.085795723
Utilidad Ruta: 1245.99420428
Costo Reducido: 52.6392154399
Nodos: [103, 11, 46, 18, 32, 67, 26, 61, 53, 28, 63, 25, 60, 21, 56, 27, 62, 713]
q: [0.0, 6.0, -6.0, 10.0, 5.0, -5.0, 5.0, -5.0, -10.0, 6.0, -6.0, 10.0, -10.0, 12.0, -12.0, 0.0, 0.0, 0.0]
Q: [0.0, 6.0, 0.0, 10.0, 15.0, 10.0, 15.0, 10.0, 0.0, 6.0, 0.0, 10.0, 0.0, 12.0, 0.0, 0.0, 0.0, 0.0]
B: [0.0, 169.0, 173.05406684701, 293.0, 323.1702827299, 333.5719357716, 346.292455022, 363.8716829914, 375.30647245160003, 384.43997522983005, 420.46659401373006, 423.79997263009005, 440.98495494019005, 477.0, 517.7387906792, 538.0, 555.0308623681, 583.3015826454]
