Avion: 2      Iteracion: 4

Num Ruta: 7
Ingresos: 955.69
Costos: 418.619309876
Utilidad Ruta: 537.070690124
Costo Reducido: 313.475893388
Nodos: [102, 22, 57, 2, 37, 712]
q: [0, 10.0, -10.0, 10.0, -10.0, 0]
Q: [0, 10.0, 0.0, 10.0, 0.0, 0]
B: [0.0, 299.0, 320.7546861389, 522.0, 562.7349620474, 566.85070851675]
