Avion: 5      Iteracion: 43

Num Ruta: 35
Ingresos: 517.528
Costos: 345.912990011
Utilidad Ruta: 171.615009989
Costo Reducido: 66.9274299475
Nodos: [105, 30, 65, 35, 70, 5, 40, 33, 68, 715]
q: [0, 11.0, -11.0, 8.0, -8.0, 9.0, -9.0, 5.0, -5.0, 0]
Q: [0, 11.0, 0.0, 8.0, 0.0, 9.0, 0.0, 5.0, 0.0, 0]
B: [0.0, 64.0, 82.7140226568, 270.0, 281.922738989, 469.0, 470.12168890518, 483.41186760978, 525.3645326621801, 569.12485910068]
