Avion: 1      Iteracion: 79

Num Ruta: 73
Ingresos: 2407.793
Costos: 482.889297172
Utilidad Ruta: 1924.90370283
Costo Reducido: 89.9634099437
Nodos: [101, 30, 16, 51, 65, 24, 59, 1, 36, 23, 35, 70, 58, 18, 53, 19, 54, 33, 13, 48, 68, 711]
q: [0.0, 6.0, 9.0, -9.0, -6.0, 11.0, -11.0, 7.0, -7.0, 10.0, 5.0, -5.0, -10.0, 10.0, -10.0, 7.0, -7.0, 5.0, 10.0, -10.0, -5.0, 0.0]
Q: [0.0, 6.0, 15.0, 6.0, 0.0, 11.0, 0.0, 7.0, 0.0, 10.0, 15.0, 10.0, 0.0, 10.0, 0.0, 7.0, 0.0, 5.0, 15.0, 5.0, 0.0, 0.0]
B: [0.0, 64.0, 72.20259129788, 81.82668273552001, 84.69783929691, 109.43181018721, 147.94476048971, 175.0, 209.2400855285, 267.0, 277.4634044651, 289.38614345409997, 313.15284696969997, 338.59215837939996, 362.41039462809994, 402.0, 428.6271162915, 450.1755100599, 475.5484419559, 492.4315929059, 497.77964320484, 514.97181040384]
