Avion: 6      Iteracion: 74

Num Ruta: 68
Ingresos: 1402.553
Costos: 274.820980845
Utilidad Ruta: 1127.73201916
Costo Reducido: 82.3271837519
Nodos: [106, 17, 30, 52, 16, 65, 51, 35, 70, 26, 61, 19, 54, 13, 48, 6, 41, 5, 40, 716]
q: [0.0, 5.0, 6.0, -5.0, 9.0, -6.0, -9.0, 8.0, -8.0, 10.0, -10.0, 7.0, -7.0, 15.0, -15.0, 4.0, -4.0, 0.0, 0.0, 0.0]
Q: [0.0, 5.0, 11.0, 6.0, 15.0, 9.0, 0.0, 8.0, 0.0, 10.0, 0.0, 7.0, 0.0, 15.0, 0.0, 4.0, 0.0, 0.0, 0.0, 0.0]
B: [0.0, 24.0, 64.0, 67.14445448369, 72.47609381883, 83.29276558052999, 86.16392214191998, 270.0, 281.922738989, 300.0, 317.5792279694, 402.0, 428.6271162915, 432.85473559792, 449.73788654792, 473.96083517112004, 477.65312456931, 496.04198478411, 497.16367368929, 503.88702776296003]
