Avion: 1      Iteracion: 24

Num Ruta: 25
Ingresos: 1681.836
Costos: 378.509895877
Utilidad Ruta: 1303.32610412
Costo Reducido: 149.455602414
Nodos: [101, 30, 65, 24, 59, 1, 36, 32, 67, 26, 61, 31, 66, 19, 54, 711]
q: [0, 11.0, -11.0, 11.0, -11.0, 7.0, -7.0, 11.0, -11.0, 10.0, -10.0, 9.0, -9.0, 7.0, -7.0, 0]
Q: [0, 11.0, 0.0, 11.0, 0.0, 7.0, 0.0, 11.0, 0.0, 10.0, 0.0, 9.0, 0.0, 7.0, 0.0, 0]
B: [0.0, 64.0, 82.7140226568, 107.4479935471, 145.9609438496, 175.0, 209.2400855285, 309.0, 319.4016530417, 332.1221722921, 349.7014002615, 406.0, 434.325479078, 450.4266959264, 477.0538122179, 481.79933916439995]
