Avion: 4      Iteracion: 0

Num Ruta: 2
Ingresos: 4714.202
Costos: 714.702201369
Utilidad Ruta: 3999.49979863
Costo Reducido: -
Nodos: [104, 17, 52, 30, 16, 51, 65, 24, 59, 1, 11, 46, 36, 3, 38, 23, 26, 58, 61, 18, 53, 28, 63, 19, 54, 13, 48, 21, 56, 2, 37, 29, 64, 714]
q: [0.0, 5.0, -5.0, 11.0, 4.0, -4.0, -11.0, 11.0, -11.0, 7.0, 6.0, -6.0, -7.0, 13.0, -13.0, 10.0, 5.0, -10.0, -5.0, 10.0, -10.0, 6.0, -6.0, 7.0, -7.0, 15.0, -15.0, 12.0, -12.0, 10.0, -10.0, 9.0, -9.0, 0.0]
Q: [0.0, 5.0, 0.0, 11.0, 15.0, 11.0, 0.0, 11.0, 0.0, 7.0, 13.0, 7.0, 0.0, 13.0, 0.0, 10.0, 15.0, 5.0, 0.0, 10.0, 0.0, 6.0, 0.0, 7.0, 0.0, 15.0, 0.0, 12.0, 0.0, 10.0, 0.0, 9.0, 0.0, 0.0]
B: [0.0, 24.0, 58.8425537813, 64.0, 72.20259129788, 81.82668273552001, 84.69783929691, 109.43181018721, 147.94476048971, 175.0, 193.6808285951, 197.73489544211, 232.05062478011, 256.0, 261.08428175852, 267.0, 301.4413435423, 321.1277163164, 324.19478869898, 347.47345945138, 371.29169570007997, 380.42519847831, 416.45181726221, 428.98761053591, 455.61472682741, 459.84234613383, 476.72549708383, 492.23689347483, 532.97568415403, 556.82669788513, 597.56165993253, 607.36640046964, 641.14618024984, 667.91661029864]
