Avion: 5      Iteracion: 8

Num Ruta: 10
Ingresos: 1104.21
Costos: 456.129361442
Utilidad Ruta: 648.080638558
Costo Reducido: 454.121654793
Nodos: [105, 9, 44, 14, 49, 35, 70, 26, 61, 34, 69, 8, 6, 41, 43, 715]
q: [0, 11.0, -11.0, 8.0, -8.0, 8.0, -8.0, 10.0, -10.0, 8.0, -8.0, 8.0, 4.0, -4.0, -8.0, 0]
Q: [0, 11.0, 0.0, 8.0, 0.0, 8.0, 0.0, 10.0, 0.0, 8.0, 0.0, 8.0, 12.0, 8.0, 0.0, 0]
B: [0.0, 31.4915482312, 61.0187852337, 112.0, 124.021711775, 270.0, 281.922738989, 300.0, 317.5792279694, 332.4924740614, 368.9326042752, 414.0, 441.9144979715, 445.60678736969, 458.47278985688996, 497.07857378879]
