Avion: 1      Iteracion: 88

Num Ruta: 79
Ingresos: 3142.734
Costos: 520.850810517
Utilidad Ruta: 2621.88318948
Costo Reducido: 68.2861870879
Nodos: [101, 17, 52, 30, 65, 24, 59, 1, 36, 23, 18, 53, 58, 28, 31, 66, 63, 25, 60, 21, 56, 711]
q: [0.0, 5.0, -5.0, 11.0, -11.0, 11.0, -11.0, 7.0, -7.0, 5.0, 10.0, -10.0, -5.0, 6.0, 9.0, -9.0, -6.0, 10.0, -10.0, 12.0, -12.0, 0.0]
Q: [0.0, 5.0, 0.0, 11.0, 0.0, 11.0, 0.0, 7.0, 0.0, 5.0, 15.0, 5.0, 0.0, 6.0, 15.0, 6.0, 0.0, 10.0, 0.0, 12.0, 0.0, 0.0]
B: [0.0, 24.0, 58.8425537813, 64.0, 82.7140226568, 107.4479935471, 145.9609438496, 175.0, 209.2400855285, 267.0, 293.0, 316.8182362487, 326.74376782137, 378.0, 406.0, 434.325479078, 462.7399107809, 466.07328939726, 483.25827170736, 491.42698519236, 532.16577587156, 554.4082615464599]
