Avion: 6      Iteracion: 2

Num Ruta: 5
Ingresos: 2502.991
Costos: 586.573477011
Utilidad Ruta: 1916.41752299
Costo Reducido: 1521.03730481
Nodos: [106, 16, 51, 24, 59, 10, 45, 34, 69, 28, 63, 19, 54, 21, 4, 39, 56, 29, 64, 716]
q: [0, 9.0, -9.0, 11.0, -11.0, 12.0, -12.0, 8.0, -8.0, 6.0, -6.0, 7.0, -7.0, 12.0, 3.0, -3.0, -12.0, 9.0, -9.0, 0]
Q: [0, 9.0, 0.0, 11.0, 0.0, 12.0, 0.0, 8.0, 0.0, 6.0, 0.0, 7.0, 0.0, 12.0, 15.0, 12.0, 0.0, 9.0, 0.0, 0]
B: [0.0, 36.0, 45.624091437640004, 70.85029051714, 109.36324081964, 121.14917149994, 150.66868223434, 322.0, 358.4401302138, 393.0553437766, 429.0819625605, 441.6177558342, 468.2448721257, 491.8517325057, 529.0, 549.4257496801999, 566.2286940948, 604.6819905724999, 638.4617703526999, 658.8589776369998]
