Avion: 1      Iteracion: 34

Num Ruta: 34
Ingresos: 1665.778
Costos: 437.614819126
Utilidad Ruta: 1228.16318087
Costo Reducido: 104.748073343
Nodos: [101, 30, 16, 51, 65, 24, 59, 1, 36, 35, 70, 32, 67, 34, 28, 69, 63, 19, 54, 711]
q: [0.0, 0.0, 9.0, -9.0, 0.0, 11.0, -11.0, 7.0, -7.0, 8.0, -8.0, 11.0, -11.0, 8.0, 6.0, -8.0, -6.0, 7.0, -7.0, 0.0]
Q: [0.0, 0.0, 9.0, 0.0, 0.0, 11.0, 0.0, 7.0, 0.0, 8.0, 0.0, 11.0, 0.0, 8.0, 14.0, 6.0, 0.0, 7.0, 0.0, 0.0]
B: [0.0, 64.0, 72.20259129788, 81.82668273552001, 84.69783929691, 109.43181018721, 147.94476048971, 175.0, 209.2400855285, 270.0, 281.922738989, 309.0, 319.4016530417, 346.1750898215, 378.0, 412.6152135628, 444.56576931700005, 457.10156259070004, 483.72867888220003, 488.4742058287]
