Avion: 1      Iteracion: 78

Num Ruta: 72
Ingresos: 2845.082
Costos: 465.472646851
Utilidad Ruta: 2379.60935315
Costo Reducido: 87.8965457819
Nodos: [101, 17, 52, 30, 65, 16, 51, 14, 49, 1, 36, 23, 18, 53, 58, 22, 57, 8, 19, 54, 43, 711]
q: [0.0, 5.0, -5.0, 11.0, -11.0, 9.0, -9.0, 8.0, -8.0, 7.0, -7.0, 10.0, 5.0, -5.0, -10.0, 10.0, -10.0, 8.0, 7.0, -7.0, -8.0, 0.0]
Q: [0.0, 5.0, 0.0, 11.0, 0.0, 9.0, 0.0, 8.0, 0.0, 7.0, 0.0, 10.0, 15.0, 10.0, 0.0, 10.0, 0.0, 8.0, 15.0, 8.0, 0.0, 0.0]
B: [0.0, 24.0, 58.8425537813, 64.0, 82.7140226568, 93.53069441849999, 103.15478585614, 129.94109036054, 141.96280213554, 177.64453135373998, 211.88461688223998, 267.0, 293.0, 316.8182362487, 326.74376782137, 342.50019181287, 364.25487795177, 414.0, 437.1608815463, 463.7879978378, 466.71611702935996, 472.42524831178997]
