Avion: 2      Iteracion: 0

Num Ruta: 2
Ingresos: 4720.337
Costos: 788.951205279
Utilidad Ruta: 3931.38579472
Costo Reducido: -
Nodos: [102, 16, 51, 17, 52, 30, 65, 10, 45, 1, 36, 23, 58, 26, 61, 22, 57, 19, 8, 33, 54, 43, 13, 48, 68, 21, 56, 27, 62, 2, 37, 712]
q: [0.0, 9.0, -9.0, 5.0, -5.0, 11.0, -11.0, 12.0, -12.0, 7.0, -7.0, 10.0, -10.0, 10.0, -10.0, 10.0, -10.0, 7.0, 3.0, 5.0, -7.0, -3.0, 10.0, -10.0, -5.0, 12.0, -12.0, 6.0, -6.0, 10.0, -10.0, 0.0]
Q: [0.0, 9.0, 0.0, 5.0, 0.0, 11.0, 0.0, 12.0, 0.0, 7.0, 0.0, 10.0, 0.0, 10.0, 0.0, 10.0, 0.0, 7.0, 10.0, 15.0, 8.0, 5.0, 15.0, 5.0, 0.0, 12.0, 0.0, 6.0, 0.0, 10.0, 0.0, 0.0]
B: [0.0, 36.0, 45.624091437640004, 78.34191948294, 113.18447326424, 116.32892774793, 135.04295040473, 153.73600069083, 183.25551142523, 221.67485259603, 255.91493812453, 267.0, 306.733842905, 326.4202156791, 343.9994436485, 357.6336242986, 379.3883104375, 402.0, 425.1608815463, 438.92553635490003, 460.4739301233, 463.40204931486, 465.61272545577, 482.49587640577, 487.84392670471, 498.72340408190996, 539.4621947611099, 552.6396429587099, 569.6705053268099, 581.1225784142099, 621.8575404616099, 625.97328693096]
