Avion: 4      Iteracion: 36

Num Ruta: 36
Ingresos: 1170.445
Costos: 351.195858063
Utilidad Ruta: 819.249141937
Costo Reducido: 41.600372308
Nodos: [104, 17, 52, 30, 16, 51, 65, 32, 67, 26, 61, 5, 40, 33, 68, 714]
q: [0.0, 5.0, -5.0, 6.0, 9.0, -9.0, -6.0, 11.0, -11.0, 10.0, -10.0, 9.0, -9.0, 5.0, -5.0, 0.0]
Q: [0.0, 5.0, 0.0, 6.0, 15.0, 6.0, 0.0, 11.0, 0.0, 10.0, 0.0, 9.0, 0.0, 5.0, 0.0, 0.0]
B: [0.0, 24.0, 58.8425537813, 64.0, 72.20259129788, 81.82668273552001, 84.69783929691, 309.0, 319.4016530417, 332.1221722921, 349.7014002615, 469.0, 470.12168890518, 483.41186760978, 525.3645326621801, 541.5389496531801]
