Avion: 7      Iteracion: 18

Num Ruta: 16
Ingresos: 485.931
Costos: 299.645228073
Utilidad Ruta: 186.285771927
Costo Reducido: 16.3262157868
Nodos: [107, 24, 59, 31, 66, 717]
q: [0, 11.0, -11.0, 9.0, -9.0, 0]
Q: [0, 11.0, 0.0, 9.0, 0.0, 0]
B: [0.0, 61.0, 99.5129503025, 406.0, 434.325479078, 437.96020107562]
