Avion: 5      Iteracion: 34

Num Ruta: 30
Ingresos: 291.315
Costos: 247.239917874
Utilidad Ruta: 44.0750821257
Costo Reducido: 17.9709434678
Nodos: [105, 11, 46, 31, 66, 715]
q: [0, 6.0, -6.0, 9.0, -9.0, 0]
Q: [0, 6.0, 0.0, 9.0, 0.0, 0]
B: [0.0, 169.0, 173.05406684701, 406.0, 434.325479078, 448.0782228406]
