Avion: 6      Iteracion: 51

Num Ruta: 49
Ingresos: 2397.796
Costos: 396.840773319
Utilidad Ruta: 2000.95522668
Costo Reducido: 128.378596768
Nodos: [106, 17, 52, 16, 51, 24, 59, 10, 45, 26, 34, 61, 22, 69, 57, 19, 25, 60, 8, 54, 43, 6, 41, 5, 40, 716]
q: [0.0, 5.0, -5.0, 9.0, -9.0, 11.0, -11.0, 12.0, -12.0, 10.0, 5.0, -10.0, 10.0, -5.0, -10.0, 5.0, 10.0, -10.0, 8.0, -5.0, -8.0, 4.0, -4.0, 0.0, 0.0, 0.0]
Q: [0.0, 5.0, 0.0, 9.0, 0.0, 11.0, 0.0, 12.0, 0.0, 10.0, 15.0, 5.0, 15.0, 10.0, 0.0, 5.0, 15.0, 5.0, 13.0, 8.0, 0.0, 4.0, 0.0, 0.0, 0.0, 0.0]
B: [0.0, 24.0, 58.8425537813, 64.17419311644, 73.79828455408, 99.02448363357999, 137.53743393608, 149.32336461638, 178.84287535078, 300.0, 322.0, 336.913246092, 350.5474267421, 365.1165933964, 375.70684372389996, 402.0, 411.3920072402, 428.57698955029997, 454.39758940779996, 472.35454883859995, 475.2826680301599, 484.4733396595899, 488.1656290577799, 506.5544892725799, 507.6761781777599, 514.3995322514298]
