Avion: 5      Iteracion: 22

Num Ruta: 20
Ingresos: 966.813
Costos: 377.280784362
Utilidad Ruta: 589.532215638
Costo Reducido: 94.7426093816
Nodos: [105, 1, 36, 35, 70, 34, 28, 69, 63, 15, 50, 715]
q: [0, 7.0, -7.0, 8.0, -8.0, 8.0, 6.0, -8.0, -6.0, 0.0, -0.0, 0]
Q: [0, 7.0, 0.0, 8.0, 0.0, 8.0, 14.0, 6.0, 0.0, 0.0, 0.0, 0]
B: [0.0, 175.0, 209.2400855285, 270.0, 281.922738989, 322.0, 378.0, 412.6152135628, 444.56576931700005, 511.0, 527.4211666151, 560.9947556696]
