Avion: 4      Iteracion: 71

Num Ruta: 58
Ingresos: 1995.819
Costos: 454.210041958
Utilidad Ruta: 1541.60895804
Costo Reducido: 44.6900179251
Nodos: [104, 17, 52, 35, 70, 34, 69, 33, 13, 68, 48, 5, 40, 2, 37, 29, 64, 714]
q: [0.0, 5.0, -5.0, 8.0, -8.0, 8.0, -8.0, 5.0, 10.0, -5.0, -10.0, 9.0, -9.0, 10.0, -10.0, 9.0, -9.0, 0.0]
Q: [0.0, 5.0, 0.0, 8.0, 0.0, 8.0, 0.0, 5.0, 15.0, 10.0, 0.0, 9.0, 0.0, 10.0, 0.0, 9.0, 0.0, 0.0]
B: [0.0, 24.0, 58.8425537813, 270.0, 281.922738989, 322.0, 358.4401302138, 437.0, 462.372931896, 482.3437615232, 487.69181182214, 514.95609492294, 516.07778382812, 530.15983428252, 570.89479632992, 580.69953686703, 614.47931664723, 641.24974669603]
