Avion: 2      Iteracion: 19

Num Ruta: 20
Ingresos: 458.316
Costos: 385.596179166
Utilidad Ruta: 72.7198208341
Costo Reducido: 21.9617576679
Nodos: [102, 10, 45, 26, 61, 712]
q: [0, 12.0, -12.0, 10.0, -10.0, 0]
Q: [0, 12.0, 0.0, 10.0, 0.0, 0]
B: [0.0, 96.0, 125.5195107344, 300.0, 317.5792279694, 344.0266158177]
