Avion: 6      Iteracion: 55

Num Ruta: 53
Ingresos: 1417.459
Costos: 362.659051287
Utilidad Ruta: 1054.79994871
Costo Reducido: 45.3464380365
Nodos: [106, 10, 45, 1, 11, 46, 36, 35, 70, 33, 6, 41, 5, 40, 68, 29, 4, 39, 64, 716]
q: [0, 12.0, -12.0, 7.0, 6.0, -6.0, -7.0, 8.0, -8.0, 5.0, 4.0, -4.0, 9.0, -9.0, -5.0, 9.0, 3.0, -3.0, -9.0, 0]
Q: [0, 12.0, 0.0, 7.0, 13.0, 7.0, 0.0, 8.0, 0.0, 5.0, 9.0, 5.0, 14.0, 5.0, 0.0, 9.0, 12.0, 9.0, 0.0, 0]
B: [0.0, 96.0, 125.5195107344, 175.0, 193.6808285951, 197.73489544211, 232.05062478011, 270.0, 281.922738989, 437.0, 463.1548069196, 466.84709631779, 485.23595653258997, 486.35764543777, 515.37002005617, 549.0, 569.7100026316, 590.1357523117999, 602.3548233485, 622.7520306327999]
