Avion: 4      Iteracion: 31

Num Ruta: 31
Ingresos: 2581.76
Costos: 623.387878514
Utilidad Ruta: 1958.37212149
Costo Reducido: 77.7194084733
Nodos: [104, 17, 52, 30, 16, 51, 65, 10, 45, 1, 36, 35, 70, 32, 67, 26, 34, 61, 69, 13, 48, 31, 66, 5, 40, 2, 37, 29, 64, 714]
q: [0.0, 0.0, 0.0, 6.0, 9.0, -9.0, -6.0, 12.0, -12.0, 7.0, -7.0, 8.0, -8.0, 11.0, -11.0, 7.0, 8.0, -7.0, -8.0, 15.0, -15.0, 9.0, -9.0, 9.0, -9.0, 10.0, -10.0, 9.0, -9.0, 0.0]
Q: [0.0, 0.0, 0.0, 6.0, 15.0, 6.0, 0.0, 12.0, 0.0, 7.0, 0.0, 8.0, 0.0, 11.0, 0.0, 7.0, 15.0, 8.0, 0.0, 15.0, 0.0, 9.0, 0.0, 9.0, 0.0, 10.0, 0.0, 9.0, 0.0, 0.0]
B: [0.0, 24.0, 58.8425537813, 64.0, 72.20259129788, 81.82668273552001, 84.69783929691, 103.39088958301001, 132.91040031741, 175.0, 209.2400855285, 270.0, 281.922738989, 309.0, 319.4016530417, 332.1221722921, 348.0493993263, 362.9626454183, 387.9493993691, 423.0, 439.88315095, 444.3406643824, 472.6661434604, 492.5626276724, 493.68431657758003, 522.0, 562.7349620474, 572.53970258451, 606.31948236471, 633.08991241351]
