Avion: 4      Iteracion: 79

Num Ruta: 66
Ingresos: 914.014
Costos: 362.039289672
Utilidad Ruta: 551.974710328
Costo Reducido: 35.6789178232
Nodos: [104, 17, 52, 16, 51, 18, 53, 13, 33, 48, 68, 29, 64, 714]
q: [0.0, 0.0, 0.0, 9.0, -9.0, 10.0, -10.0, 10.0, 5.0, -10.0, -5.0, 9.0, -9.0, 0.0]
Q: [0.0, 0.0, 0.0, 9.0, 0.0, 10.0, 0.0, 10.0, 15.0, 5.0, 0.0, 9.0, 0.0, 0.0]
B: [0.0, 24.0, 58.8425537813, 64.17419311644, 73.79828455408, 293.0, 316.8182362487, 423.0, 448.372931896, 489.1289324971, 494.47698279604, 549.0, 582.7797797802, 609.550209829]
