Avion: 2      Iteracion: 36

Num Ruta: 30
Ingresos: 1928.508
Costos: 549.094785428
Utilidad Ruta: 1379.41321457
Costo Reducido: 29.8296334843
Nodos: [102, 16, 51, 9, 24, 44, 59, 10, 45, 26, 61, 22, 57, 19, 8, 33, 54, 43, 13, 48, 68, 712]
q: [0.0, 9.0, -9.0, 11.0, 4.0, -11.0, -4.0, 12.0, -12.0, 10.0, -10.0, 10.0, -10.0, 7.0, 3.0, 5.0, -7.0, -3.0, 10.0, -10.0, -5.0, 0.0]
Q: [0.0, 9.0, 0.0, 11.0, 15.0, 4.0, 0.0, 12.0, 0.0, 10.0, 0.0, 10.0, 0.0, 7.0, 10.0, 15.0, 8.0, 5.0, 15.0, 5.0, 0.0, 0.0]
B: [0.0, 36.0, 45.624091437640004, 75.68094759394, 82.11782463176, 106.25807452686, 131.31363794096, 143.09956862126, 172.61907935566, 300.0, 317.5792279694, 331.2134086195, 352.9680947584, 402.0, 425.1608815463, 438.92553635490003, 460.4739301233, 463.40204931486, 465.61272545577, 482.49587640577, 487.84392670471, 498.17320673770996]
