Avion: 2      Iteracion: 82

Num Ruta: 63
Ingresos: 2118.92
Costos: 499.951102309
Utilidad Ruta: 1618.96889769
Costo Reducido: 1.14593546089
Nodos: [102, 16, 51, 30, 65, 10, 45, 26, 61, 34, 32, 67, 69, 33, 6, 41, 13, 48, 68, 20, 4, 39, 55, 2, 37, 712]
q: [0.0, 9.0, -9.0, 11.0, -11.0, 12.0, -12.0, 10.0, -10.0, 8.0, 7.0, -7.0, -8.0, 5.0, 4.0, -4.0, 10.0, -10.0, -5.0, 0.0, 3.0, -3.0, 0.0, 10.0, -10.0, 0.0]
Q: [0.0, 9.0, 0.0, 11.0, 0.0, 12.0, 0.0, 10.0, 0.0, 8.0, 15.0, 8.0, 0.0, 5.0, 9.0, 5.0, 15.0, 5.0, 0.0, 0.0, 3.0, 0.0, 0.0, 10.0, 0.0, 0.0]
B: [0.0, 36.0, 45.624091437640004, 64.0, 82.7140226568, 101.4070729429, 130.92658367730002, 300.0, 317.5792279694, 332.4924740614, 352.5153919557, 362.9170449974, 393.95932985210004, 437.0, 463.1548069196, 466.84709631779, 480.25716242499, 497.14031337499, 502.48836367393, 513.0791461285299, 529.0, 549.4257496801999, 561.2869729308, 568.6172701962599, 609.35223224366, 613.46797871301]
