Avion: 4      Iteracion: 76

Num Ruta: 63
Ingresos: 2365.677
Costos: 518.736980043
Utilidad Ruta: 1846.94001996
Costo Reducido: 22.3603185486
Nodos: [104, 17, 52, 9, 44, 11, 46, 1, 36, 3, 38, 18, 53, 25, 60, 31, 33, 66, 68, 29, 27, 62, 64, 714]
q: [0, 5.0, -5.0, 11.0, -11.0, 6.0, -6.0, 7.0, -7.0, 13.0, -13.0, 10.0, -10.0, 10.0, -10.0, 9.0, 5.0, -9.0, -5.0, 9.0, 6.0, -6.0, -9.0, 0]
Q: [0, 5.0, 0.0, 11.0, 0.0, 6.0, 0.0, 7.0, 0.0, 13.0, 0.0, 10.0, 0.0, 10.0, 0.0, 9.0, 14.0, 5.0, 0.0, 9.0, 15.0, 9.0, 0.0, 0]
B: [0.0, 24.0, 58.8425537813, 81.72911018459999, 111.25634718709999, 169.0, 173.05406684701, 195.72351838431, 229.96360391281002, 256.0, 261.08428175852, 293.0, 316.8182362487, 410.0, 427.1849823101, 432.00662891681, 469.50789920201, 491.90606064441, 522.85785149731, 549.0, 574.6018082369, 591.6326706049999, 607.0800481818, 633.8504782306]
