Avion: 4      Iteracion: 48

Num Ruta: 43
Ingresos: 1841.758
Costos: 440.697993587
Utilidad Ruta: 1401.06000641
Costo Reducido: 11.2745538654
Nodos: [104, 17, 52, 9, 44, 14, 49, 35, 70, 26, 34, 61, 69, 19, 33, 54, 13, 48, 68, 714]
q: [0.0, 5.0, -5.0, 11.0, -11.0, 8.0, -8.0, 8.0, -8.0, 7.0, 8.0, -7.0, -8.0, 7.0, 5.0, -7.0, 10.0, -10.0, -5.0, 0.0]
Q: [0.0, 5.0, 0.0, 11.0, 0.0, 8.0, 0.0, 8.0, 0.0, 7.0, 15.0, 8.0, 0.0, 7.0, 12.0, 5.0, 15.0, 5.0, 0.0, 0.0]
B: [0.0, 24.0, 58.8425537813, 81.72911018459999, 111.25634718709999, 121.5131539026, 133.5348656776, 270.0, 281.922738989, 300.0, 322.0, 336.913246092, 361.9000000428, 402.0, 438.5935603624, 460.1419541308, 464.36957343722, 481.25272438722004, 486.60077468616004, 502.77519167716]
