Avion: 6      Iteracion: 59

Num Ruta: 56
Ingresos: 1650.362
Costos: 327.164896135
Utilidad Ruta: 1323.19710387
Costo Reducido: 121.390118248
Nodos: [106, 17, 30, 52, 16, 65, 51, 10, 45, 1, 36, 35, 70, 26, 61, 13, 48, 6, 41, 5, 40, 716]
q: [0.0, 5.0, 10.0, -5.0, 5.0, -10.0, -5.0, 12.0, -12.0, 7.0, -7.0, 8.0, -8.0, 10.0, -10.0, 15.0, -15.0, 4.0, -4.0, 9.0, -9.0, 0.0]
Q: [0.0, 5.0, 15.0, 10.0, 15.0, 5.0, 0.0, 12.0, 0.0, 7.0, 0.0, 8.0, 0.0, 10.0, 0.0, 15.0, 0.0, 4.0, 0.0, 9.0, 0.0, 0.0]
B: [0.0, 24.0, 64.0, 67.14445448369, 72.47609381883, 83.29276558052999, 86.16392214191998, 101.99319935221999, 131.51271008662, 175.0, 209.2400855285, 270.0, 281.922738989, 300.0, 317.5792279694, 423.0, 439.88315095, 464.1060995732, 467.79838897139, 486.18724918619, 487.30893809137, 494.03229216504]
