Avion: 6      Iteracion: 20

Num Ruta: 21
Ingresos: 1853.012
Costos: 398.732973768
Utilidad Ruta: 1454.27902623
Costo Reducido: 67.8095501415
Nodos: [106, 17, 52, 24, 59, 10, 45, 32, 67, 22, 57, 33, 8, 43, 13, 48, 68, 5, 40, 716]
q: [0.0, 5.0, -5.0, 11.0, -11.0, 12.0, -12.0, 11.0, -11.0, 10.0, -10.0, 5.0, 8.0, -8.0, 10.0, -10.0, -5.0, 9.0, -9.0, 0.0]
Q: [0.0, 5.0, 0.0, 11.0, 0.0, 12.0, 0.0, 11.0, 0.0, 10.0, 0.0, 5.0, 13.0, 5.0, 15.0, 5.0, 0.0, 9.0, 0.0, 0.0]
B: [0.0, 24.0, 58.8425537813, 75.400837086, 113.9137873885, 125.6997180688, 155.2192288032, 309.0, 319.4016530417, 353.8662667781, 375.620952917, 437.0, 450.76465480859997, 471.5330514246, 473.74372756550997, 490.62687851551, 495.97492881445, 524.94634640145, 526.06803530663, 532.7913893803]
