Avion: 6      Iteracion: 34

Num Ruta: 34
Ingresos: 1260.603
Costos: 459.050060198
Utilidad Ruta: 801.552939802
Costo Reducido: 50.0378064552
Nodos: [106, 16, 51, 9, 24, 44, 59, 10, 45, 35, 70, 32, 67, 34, 69, 33, 13, 48, 68, 5, 40, 716]
q: [0.0, 9.0, -9.0, 11.0, 4.0, -11.0, -4.0, 12.0, -12.0, 8.0, -8.0, 11.0, -11.0, 8.0, -8.0, 5.0, 10.0, -10.0, -5.0, 9.0, -9.0, 0.0]
Q: [0.0, 9.0, 0.0, 11.0, 15.0, 4.0, 0.0, 12.0, 0.0, 8.0, 0.0, 11.0, 0.0, 8.0, 0.0, 5.0, 15.0, 5.0, 0.0, 9.0, 0.0, 0.0]
B: [0.0, 36.0, 45.624091437640004, 75.68094759394, 82.11782463176, 106.25807452686, 131.31363794096, 143.09956862126, 172.61907935566, 270.0, 281.922738989, 309.0, 319.4016530417, 346.1750898215, 382.6152200353, 437.0, 462.372931896, 479.256082846, 484.60413314494, 513.57555073194, 514.69723963712, 521.42059371079]
