Avion: 6      Iteracion: 46

Num Ruta: 44
Ingresos: 1280.679
Costos: 333.666084667
Utilidad Ruta: 947.012915333
Costo Reducido: 47.1558706806
Nodos: [106, 1, 11, 46, 36, 3, 38, 35, 70, 26, 34, 61, 69, 33, 6, 41, 5, 40, 68, 716]
q: [0.0, 7.0, 6.0, -6.0, -7.0, 13.0, -13.0, 8.0, -8.0, 7.0, 8.0, -7.0, -8.0, 5.0, 4.0, -4.0, 9.0, -9.0, -5.0, 0.0]
Q: [0.0, 7.0, 13.0, 7.0, 0.0, 13.0, 0.0, 8.0, 0.0, 7.0, 15.0, 8.0, 0.0, 5.0, 9.0, 5.0, 14.0, 5.0, 0.0, 0.0]
B: [0.0, 175.0, 193.6808285951, 197.73489544211, 232.05062478011, 256.0, 261.08428175852, 274.08526633661995, 286.00800532561993, 300.35886749481995, 322.0, 336.913246092, 361.9000000428, 437.0, 463.1548069196, 466.84709631779, 485.23595653258997, 486.35764543777, 515.37002005617, 539.26246398727]
