Avion: 1      Iteracion: 38

Num Ruta: 38
Ingresos: 1293.973
Costos: 353.953458308
Utilidad Ruta: 940.019541692
Costo Reducido: 95.7143345681
Nodos: [101, 30, 16, 51, 65, 24, 59, 1, 36, 35, 70, 32, 67, 26, 34, 61, 69, 8, 19, 54, 43, 711]
q: [0.0, 6.0, 9.0, -9.0, -6.0, 11.0, -11.0, 0.0, 0.0, 8.0, -8.0, 11.0, -11.0, 7.0, 8.0, -7.0, -8.0, 0.0, 7.0, -7.0, 0.0, 0.0]
Q: [0.0, 6.0, 15.0, 6.0, 0.0, 11.0, 0.0, 0.0, 0.0, 8.0, 0.0, 11.0, 0.0, 7.0, 15.0, 8.0, 0.0, 0.0, 7.0, 0.0, 0.0, 0.0]
B: [0.0, 64.0, 72.20259129788, 81.82668273552001, 84.69783929691, 109.43181018721, 147.94476048971, 175.0, 209.2400855285, 270.0, 281.922738989, 309.0, 319.4016530417, 332.1221722921, 348.0493993263, 362.9626454183, 387.9493993691, 414.0, 437.1608815463, 463.7879978378, 466.71611702935996, 472.42524831178997]
