Avion: 4      Iteracion: 32

Num Ruta: 32
Ingresos: 1519.845
Costos: 469.51383023
Utilidad Ruta: 1050.33116977
Costo Reducido: 112.529465708
Nodos: [104, 17, 52, 9, 44, 14, 49, 35, 70, 26, 34, 61, 22, 69, 57, 25, 60, 31, 33, 66, 68, 714]
q: [0.0, 0.0, 0.0, 11.0, -11.0, 8.0, -8.0, 8.0, -8.0, 7.0, 8.0, -7.0, 7.0, -8.0, -7.0, 0.0, 0.0, 9.0, 5.0, -9.0, -5.0, 0.0]
Q: [0.0, 0.0, 0.0, 11.0, 0.0, 8.0, 0.0, 8.0, 0.0, 7.0, 15.0, 8.0, 15.0, 7.0, 0.0, 0.0, 0.0, 9.0, 14.0, 5.0, 0.0, 0.0]
B: [0.0, 24.0, 58.8425537813, 81.72911018459999, 111.25634718709999, 121.5131539026, 133.5348656776, 270.0, 281.922738989, 300.0, 322.0, 336.913246092, 350.5474267421, 365.1165933964, 375.70684372389996, 410.0, 427.1849823101, 432.00662891681, 469.50789920201, 491.90606064441, 522.85785149731, 539.03226848831]
