Avion: 4      Iteracion: 11

Num Ruta: 13
Ingresos: 1849.131
Costos: 312.436548626
Utilidad Ruta: 1536.69445137
Costo Reducido: 443.90137699
Nodos: [104, 17, 52, 9, 44, 23, 58, 25, 60, 29, 64, 714]
q: [0, 5.0, -5.0, 11.0, -11.0, 10.0, -10.0, 10.0, -10.0, 9.0, -9.0, 0]
Q: [0, 5.0, 0.0, 11.0, 0.0, 10.0, 0.0, 10.0, 0.0, 9.0, 0.0, 0]
B: [0.0, 24.0, 58.8425537813, 81.72911018459999, 111.25634718709999, 267.0, 306.733842905, 410.0, 427.1849823101, 549.0, 582.7797797802, 609.550209829]
