Avion: 1      Iteracion: 91

Num Ruta: 81
Ingresos: 2959.941
Costos: 461.875341014
Utilidad Ruta: 2498.06565899
Costo Reducido: 28.8732117475
Nodos: [101, 30, 65, 24, 59, 1, 36, 23, 35, 70, 32, 67, 34, 58, 69, 8, 19, 54, 43, 6, 41, 27, 62, 2, 37, 711]
q: [0.0, 11.0, -11.0, 11.0, -11.0, 7.0, -7.0, 7.0, 8.0, -8.0, 8.0, -8.0, 8.0, -7.0, -8.0, 8.0, 7.0, -7.0, -8.0, 4.0, -4.0, 6.0, -6.0, 10.0, -10.0, 0.0]
Q: [0.0, 11.0, 0.0, 11.0, 0.0, 7.0, 0.0, 7.0, 15.0, 7.0, 15.0, 7.0, 15.0, 8.0, 0.0, 8.0, 15.0, 8.0, 0.0, 4.0, 0.0, 6.0, 0.0, 10.0, 0.0, 0.0]
B: [0.0, 64.0, 82.7140226568, 107.4479935471, 145.9609438496, 175.0, 209.2400855285, 267.0, 277.4634044651, 289.38614345409997, 309.0, 319.4016530417, 346.1750898215, 360.4340368373, 388.28712463740004, 414.0, 437.1608815463, 463.7879978378, 466.71611702935996, 475.90678865879, 479.59907805698, 538.0, 555.0308623681, 566.4829354555, 607.2178975029, 624.1675646973]
