Avion: 4      Iteracion: 4

Num Ruta: 6
Ingresos: 3485.767
Costos: 636.391322746
Utilidad Ruta: 2849.37567725
Costo Reducido: 1549.28245171
Nodos: [104, 17, 52, 30, 65, 24, 59, 1, 11, 46, 36, 22, 57, 18, 53, 28, 63, 25, 60, 31, 66, 5, 40, 2, 27, 62, 37, 29, 64, 714]
q: [0.0, 5.0, -5.0, 11.0, -11.0, 11.0, -11.0, 7.0, 6.0, -6.0, -7.0, 10.0, -10.0, 10.0, -10.0, 6.0, -6.0, 10.0, -10.0, 9.0, -9.0, 9.0, -9.0, 10.0, 5.0, -5.0, -10.0, 9.0, -9.0, 0.0]
Q: [0.0, 5.0, 0.0, 11.0, 0.0, 11.0, 0.0, 7.0, 13.0, 7.0, 0.0, 10.0, 0.0, 10.0, 0.0, 6.0, 0.0, 10.0, 0.0, 9.0, 0.0, 9.0, 0.0, 10.0, 15.0, 10.0, 0.0, 9.0, 0.0, 0.0]
B: [0.0, 24.0, 58.8425537813, 64.0, 82.7140226568, 107.4479935471, 145.9609438496, 175.0, 193.6808285951, 197.73489544211, 232.05062478011, 299.0, 320.7546861389, 334.15512273630003, 357.973358985, 378.0, 414.0266187839, 417.35999740026, 434.54497971036, 439.36662631707, 467.69210539507, 487.58858960707, 488.71027851225, 522.0, 547.7839683718, 564.8148307399, 594.1553610862, 603.9601016233099, 637.7398814035099, 664.5103114523099]
