Avion: 3      Iteracion: 50

Num Ruta: 36
Ingresos: 1510.736
Costos: 236.045305077
Utilidad Ruta: 1274.69069492
Costo Reducido: 72.6705167647
Nodos: [103, 11, 46, 25, 60, 21, 56, 2, 37, 713]
q: [0, 6.0, -6.0, 10.0, -10.0, 12.0, -12.0, 10.0, -10.0, 0]
Q: [0, 6.0, 0.0, 10.0, 0.0, 12.0, 0.0, 10.0, 0.0, 0]
B: [0.0, 169.0, 173.05406684701, 410.0, 427.1849823101, 477.0, 517.7387906792, 541.5898044103, 582.3247664577, 592.4196675469]
