Avion: 5      Iteracion: 40

Num Ruta: 32
Ingresos: 854.034
Costos: 346.639331435
Utilidad Ruta: 507.394668565
Costo Reducido: 8.39595333017
Nodos: [105, 14, 49, 1, 36, 18, 53, 31, 66, 715]
q: [0, 8.0, -8.0, 7.0, -7.0, 10.0, -10.0, 9.0, -9.0, 0]
Q: [0, 8.0, 0.0, 7.0, 0.0, 10.0, 0.0, 9.0, 0.0, 0]
B: [0.0, 112.0, 124.021711775, 175.0, 209.2400855285, 293.0, 316.8182362487, 406.0, 434.325479078, 448.0782228406]
