Avion: 6      Iteracion: 64

Num Ruta: 61
Ingresos: 1723.554
Costos: 403.062668366
Utilidad Ruta: 1320.49133163
Costo Reducido: 32.7580961751
Nodos: [106, 17, 10, 52, 14, 49, 45, 26, 34, 61, 69, 33, 6, 41, 13, 48, 68, 29, 64, 716]
q: [0.0, 5.0, 7.0, -5.0, 8.0, -8.0, -7.0, 7.0, 8.0, -7.0, -8.0, 5.0, 4.0, -4.0, 10.0, -10.0, -5.0, 9.0, -9.0, 0.0]
Q: [0.0, 5.0, 12.0, 7.0, 15.0, 7.0, 0.0, 7.0, 15.0, 8.0, 0.0, 5.0, 9.0, 5.0, 15.0, 5.0, 0.0, 9.0, 0.0, 0.0]
B: [0.0, 24.0, 96.0, 113.2607991993, 125.6993520492, 137.7210638242, 183.2441460573, 300.0, 322.0, 336.913246092, 361.9000000428, 437.0, 463.1548069196, 466.84709631779, 480.25716242499, 497.14031337499, 502.48836367393, 549.0, 582.7797797802, 603.1769870644999]
