Avion: 6      Iteracion: 72

Num Ruta: 66
Ingresos: 862.51
Costos: 280.709707524
Utilidad Ruta: 581.800292476
Costo Reducido: 65.3180835223
Nodos: [106, 10, 45, 35, 70, 33, 8, 43, 13, 48, 68, 716]
q: [0.0, 12.0, -12.0, 8.0, -8.0, 5.0, 8.0, -8.0, 10.0, -10.0, -5.0, 0.0]
Q: [0.0, 12.0, 0.0, 8.0, 0.0, 5.0, 13.0, 5.0, 15.0, 5.0, 0.0, 0.0]
B: [0.0, 96.0, 125.5195107344, 270.0, 281.922738989, 437.0, 450.76465480859997, 471.5330514246, 473.74372756550997, 490.62687851551, 495.97492881445, 519.86737274555]
