Avion: 6      Iteracion: 87

Num Ruta: 81
Ingresos: 2214.682
Costos: 396.524551715
Utilidad Ruta: 1818.15744829
Costo Reducido: 110.219858375
Nodos: [106, 17, 30, 52, 16, 51, 65, 1, 36, 3, 38, 23, 18, 53, 58, 32, 67, 33, 8, 43, 13, 48, 68, 5, 40, 716]
q: [0.0, 5.0, 6.0, -5.0, 9.0, -9.0, -6.0, 7.0, -7.0, 13.0, -13.0, 5.0, 10.0, -10.0, -5.0, 11.0, -11.0, 5.0, 8.0, -8.0, 10.0, -10.0, -5.0, 0.0, 0.0, 0.0]
Q: [0.0, 5.0, 11.0, 6.0, 15.0, 6.0, 0.0, 7.0, 0.0, 13.0, 0.0, 5.0, 15.0, 5.0, 0.0, 11.0, 0.0, 5.0, 13.0, 5.0, 15.0, 5.0, 0.0, 0.0, 0.0, 0.0]
B: [0.0, 24.0, 64.0, 67.14445448369, 72.47609381883, 82.10018525647, 84.97134181786, 175.0, 209.2400855285, 256.0, 261.08428175852, 267.0, 293.0, 316.8182362487, 326.74376782137, 349.22807365897, 359.62972670067, 437.0, 450.76465480859997, 471.5330514246, 473.74372756550997, 490.62687851551, 495.97492881445, 524.94634640145, 526.06803530663, 532.7913893803]
