Avion: 1      Iteracion: 35

Num Ruta: 35
Ingresos: 1662.388
Costos: 480.728172935
Utilidad Ruta: 1181.65982707
Costo Reducido: 149.179899748
Nodos: [101, 30, 65, 24, 59, 1, 36, 35, 70, 32, 67, 34, 69, 31, 33, 66, 68, 711]
q: [0, 11.0, -11.0, 11.0, -11.0, 7.0, -7.0, 8.0, -8.0, 11.0, -11.0, 8.0, -8.0, 9.0, 5.0, -9.0, -5.0, 0]
Q: [0, 11.0, 0.0, 11.0, 0.0, 7.0, 0.0, 8.0, 0.0, 11.0, 0.0, 8.0, 0.0, 9.0, 14.0, 5.0, 0.0, 0]
B: [0.0, 64.0, 82.7140226568, 107.4479935471, 145.9609438496, 175.0, 209.2400855285, 270.0, 281.922738989, 309.0, 319.4016530417, 346.1750898215, 382.6152200353, 409.7359641438, 447.237234429, 469.6353958714, 500.5871867243, 517.7793539233]
