Avion: 7      Iteracion: 52

Num Ruta: 32
Ingresos: 1252.053
Costos: 374.625154702
Utilidad Ruta: 877.427845298
Costo Reducido: 123.145188692
Nodos: [107, 9, 44, 11, 46, 1, 36, 35, 70, 26, 61, 22, 57, 717]
q: [0, 11.0, -11.0, 6.0, -6.0, 7.0, -7.0, 8.0, -8.0, 10.0, -10.0, 10.0, -10.0, 0]
Q: [0, 11.0, 0.0, 6.0, 0.0, 7.0, 0.0, 8.0, 0.0, 10.0, 0.0, 10.0, 0.0, 0]
B: [0.0, 46.0648734938, 75.5921104963, 169.0, 173.05406684701, 195.72351838431, 229.96360391281002, 270.0, 281.922738989, 300.0, 317.5792279694, 331.2134086195, 352.9680947584, 354.93488351167]
