Avion: 4      Iteracion: 53

Num Ruta: 48
Ingresos: 3046.851
Costos: 554.247215054
Utilidad Ruta: 2492.60378495
Costo Reducido: 80.4294661614
Nodos: [104, 17, 52, 9, 44, 14, 49, 11, 46, 1, 36, 35, 70, 26, 61, 28, 63, 25, 60, 31, 66, 5, 40, 2, 37, 29, 64, 714]
q: [0, 5.0, -5.0, 11.0, -11.0, 8.0, -8.0, 6.0, -6.0, 7.0, -7.0, 8.0, -8.0, 10.0, -10.0, 6.0, -6.0, 10.0, -10.0, 9.0, -9.0, 9.0, -9.0, 10.0, -10.0, 9.0, -9.0, 0]
Q: [0, 5.0, 0.0, 11.0, 0.0, 8.0, 0.0, 6.0, 0.0, 7.0, 0.0, 8.0, 0.0, 10.0, 0.0, 6.0, 0.0, 10.0, 0.0, 9.0, 0.0, 9.0, 0.0, 10.0, 0.0, 9.0, 0.0, 0]
B: [0.0, 24.0, 58.8425537813, 81.72911018459999, 111.25634718709999, 121.5131539026, 133.5348656776, 169.0, 173.05406684701, 195.72351838431, 229.96360391281002, 270.0, 281.922738989, 300.0, 317.5792279694, 378.0, 414.0266187839, 417.35999740026, 434.54497971036, 439.36662631707, 467.69210539507, 487.58858960707, 488.71027851225, 522.0, 562.7349620474, 572.53970258451, 606.31948236471, 633.08991241351]
