Avion: 3      Iteracion: 8

Num Ruta: 8
Ingresos: 1735.079
Costos: 468.160671747
Utilidad Ruta: 1266.91832825
Costo Reducido: 403.67268884
Nodos: [103, 9, 44, 14, 49, 11, 46, 1, 36, 23, 35, 70, 58, 26, 61, 34, 69, 713]
q: [0.0, 11.0, -11.0, 8.0, -8.0, 6.0, -6.0, 7.0, -7.0, 7.0, 8.0, -8.0, -7.0, 10.0, -10.0, 8.0, -8.0, 0.0]
Q: [0.0, 11.0, 0.0, 8.0, 0.0, 6.0, 0.0, 7.0, 0.0, 7.0, 15.0, 7.0, 0.0, 10.0, 0.0, 8.0, 0.0, 0.0]
B: [0.0, 37.2069129329, 66.73414993540001, 112.0, 124.021711775, 169.0, 173.05406684701, 195.72351838431, 229.96360391281002, 267.0, 277.4634044651, 289.38614345409997, 313.15284696969997, 332.83921974379996, 350.41844771319995, 365.33169380519996, 401.77182401899995, 430.90544682839993]
