Avion: 1      Iteracion: 50

Num Ruta: 48
Ingresos: 2511.856
Costos: 486.588038706
Utilidad Ruta: 2025.26796129
Costo Reducido: 101.064106058
Nodos: [101, 17, 52, 30, 65, 24, 59, 1, 36, 3, 38, 35, 70, 33, 6, 41, 13, 48, 68, 21, 4, 39, 56, 711]
q: [0.0, 5.0, -5.0, 11.0, -11.0, 11.0, -11.0, 7.0, -7.0, 13.0, -13.0, 8.0, -8.0, 5.0, 4.0, -4.0, 10.0, -10.0, -5.0, 12.0, 3.0, -3.0, -12.0, 0.0]
Q: [0.0, 5.0, 0.0, 11.0, 0.0, 11.0, 0.0, 7.0, 0.0, 13.0, 0.0, 8.0, 0.0, 5.0, 9.0, 5.0, 15.0, 5.0, 0.0, 12.0, 15.0, 12.0, 0.0, 0.0]
B: [0.0, 24.0, 58.8425537813, 64.0, 82.7140226568, 107.4479935471, 145.9609438496, 175.0, 209.2400855285, 256.0, 261.08428175852, 274.08526633661995, 286.00800532561993, 437.0, 463.1548069196, 466.84709631779, 480.25716242499, 497.14031337499, 502.48836367393, 513.36784105113, 529.0, 549.4257496801999, 566.2286940948, 588.4711797696999]
