Avion: 3      Iteracion: 21

Num Ruta: 18
Ingresos: 616.878
Costos: 245.959589558
Utilidad Ruta: 370.918410442
Costo Reducido: 35.2153937454
Nodos: [103, 14, 49, 23, 18, 53, 58, 713]
q: [0.0, 8.0, -8.0, 5.0, 10.0, -10.0, -5.0, 0.0]
Q: [0.0, 8.0, 0.0, 5.0, 15.0, 5.0, 0.0, 0.0]
B: [0.0, 112.0, 124.021711775, 267.0, 293.0, 316.8182362487, 326.74376782137, 342.18856429136997]
