Avion: 3      Iteracion: 35

Num Ruta: 29
Ingresos: 691.198
Costos: 305.590170388
Utilidad Ruta: 385.607829612
Costo Reducido: 31.5778784094
Nodos: [103, 30, 65, 34, 69, 33, 68, 713]
q: [0, 11.0, -11.0, 8.0, -8.0, 5.0, -5.0, 0]
Q: [0, 11.0, 0.0, 8.0, 0.0, 5.0, 0.0, 0]
B: [0.0, 64.0, 82.7140226568, 322.0, 358.4401302138, 437.0, 478.9526650524, 482.64754055775]
