Avion: 4      Iteracion: 49

Num Ruta: 44
Ingresos: 3155.623
Costos: 504.739569293
Utilidad Ruta: 2650.88343071
Costo Reducido: 75.7193488858
Nodos: [104, 17, 52, 9, 44, 14, 49, 3, 38, 23, 35, 70, 34, 58, 69, 8, 33, 43, 13, 48, 68, 21, 56, 29, 64, 714]
q: [0.0, 5.0, -5.0, 11.0, -11.0, 8.0, -8.0, 13.0, -13.0, 7.0, 8.0, -8.0, 8.0, -7.0, -8.0, 8.0, 5.0, -8.0, 10.0, -10.0, -5.0, 12.0, -12.0, 9.0, -9.0, 0.0]
Q: [0.0, 5.0, 0.0, 11.0, 0.0, 8.0, 0.0, 13.0, 0.0, 7.0, 15.0, 7.0, 15.0, 8.0, 0.0, 8.0, 13.0, 5.0, 15.0, 5.0, 0.0, 12.0, 0.0, 9.0, 0.0, 0.0]
B: [0.0, 24.0, 58.8425537813, 81.72911018459999, 111.25634718709999, 121.5131539026, 133.5348656776, 256.0, 261.08428175852, 267.0, 277.4634044651, 289.38614345409997, 322.0, 336.2589470158, 364.1120348159, 414.0, 437.0, 460.2743670161, 462.48504315700995, 479.36819410700997, 484.71624440594996, 495.59572178314994, 536.33451246235, 574.7878089400499, 608.5675887202499, 635.3380187690499]
