Avion: 1      Iteracion: 70

Num Ruta: 65
Ingresos: 1906.936
Costos: 398.889088466
Utilidad Ruta: 1508.04691153
Costo Reducido: 34.9263343292
Nodos: [101, 30, 65, 24, 59, 1, 36, 35, 70, 33, 68, 21, 4, 56, 39, 711]
q: [0, 11.0, -11.0, 11.0, -11.0, 7.0, -7.0, 8.0, -8.0, 5.0, -5.0, 12.0, 3.0, -12.0, -3.0, 0]
Q: [0, 11.0, 0.0, 11.0, 0.0, 7.0, 0.0, 8.0, 0.0, 5.0, 0.0, 12.0, 15.0, 3.0, 0.0, 0]
B: [0.0, 64.0, 82.7140226568, 107.4479935471, 145.9609438496, 175.0, 209.2400855285, 270.0, 281.922738989, 437.0, 478.9526650524, 489.83214242959997, 529.0, 558.169797411, 574.9727418256, 591.7817739215]
