Avion: 5      Iteracion: 3

Num Ruta: 5
Ingresos: 814.878
Costos: 432.627757843
Utilidad Ruta: 382.250242157
Costo Reducido: 376.277221482
Nodos: [105, 11, 46, 3, 38, 35, 70, 26, 61, 32, 67, 33, 6, 41, 68, 715]
q: [0, 6.0, -6.0, 13.0, -13.0, 8.0, -8.0, 10.0, -10.0, 11.0, -11.0, 5.0, 4.0, -4.0, -5.0, 0]
Q: [0, 6.0, 0.0, 13.0, 0.0, 8.0, 0.0, 10.0, 0.0, 11.0, 0.0, 5.0, 9.0, 5.0, 0.0, 0]
B: [0.0, 169.0, 173.05406684701, 256.0, 261.08428175852, 274.08526633661995, 286.00800532561993, 300.35886749481995, 317.93809546421994, 337.98928056631996, 348.39093360801996, 437.0, 463.1548069196, 466.84709631779, 497.92495713539, 541.68528357389]
