Avion: 1      Iteracion: 59

Num Ruta: 56
Ingresos: 3019.023
Costos: 669.884694939
Utilidad Ruta: 2349.13830506
Costo Reducido: 133.785706149
Nodos: [101, 17, 52, 30, 65, 10, 45, 1, 36, 35, 70, 26, 61, 18, 53, 28, 31, 63, 19, 66, 54, 13, 48, 29, 27, 62, 64, 711]
q: [0.0, 5.0, -5.0, 11.0, -11.0, 12.0, -12.0, 7.0, -7.0, 8.0, -8.0, 10.0, -10.0, 10.0, -10.0, 6.0, 9.0, -6.0, 6.0, -9.0, -6.0, 15.0, -15.0, 9.0, 6.0, -6.0, -9.0, 0.0]
Q: [0.0, 5.0, 0.0, 11.0, 0.0, 12.0, 0.0, 7.0, 0.0, 8.0, 0.0, 10.0, 0.0, 10.0, 0.0, 6.0, 15.0, 9.0, 15.0, 6.0, 0.0, 15.0, 0.0, 9.0, 15.0, 9.0, 0.0, 0.0]
B: [0.0, 24.0, 58.8425537813, 64.0, 82.7140226568, 101.4070729429, 130.92658367730002, 175.0, 209.2400855285, 270.0, 281.922738989, 300.0, 317.5792279694, 340.8578987218, 364.67613497049996, 378.0, 406.0, 426.4968799577, 439.0326732314, 455.1338900798, 477.5520543668, 481.77967367322003, 498.66282462322005, 549.0, 574.6018082369, 591.6326706049999, 607.0800481818, 623.1805571489]
