Avion: 6      Iteracion: 32

Num Ruta: 32
Ingresos: 971.732
Costos: 265.173140192
Utilidad Ruta: 706.558859808
Costo Reducido: 78.6534256315
Nodos: [106, 28, 31, 63, 66, 33, 5, 40, 68, 4, 39, 716]
q: [0, 6.0, 9.0, -6.0, -9.0, 5.0, 9.0, -9.0, -5.0, 3.0, -3.0, 0]
Q: [0, 6.0, 15.0, 9.0, 0.0, 5.0, 14.0, 5.0, 0.0, 3.0, 0.0, 0]
B: [0.0, 378.0, 406.0, 426.4968799577, 454.9113116606, 477.309473103, 491.0076402797, 492.12932918488, 521.14170380328, 538.4592378367801, 558.8849875169801, 573.5621023560801]
