Avion: 2      Iteracion: 78

Num Ruta: 61
Ingresos: 3434.645
Costos: 642.504980091
Utilidad Ruta: 2792.14001991
Costo Reducido: 150.93179705
Nodos: [102, 16, 51, 17, 52, 30, 65, 10, 45, 1, 36, 23, 18, 53, 58, 32, 67, 33, 8, 43, 13, 48, 68, 20, 4, 39, 55, 2, 37, 712]
q: [0.0, 9.0, -9.0, 5.0, -5.0, 11.0, -11.0, 12.0, -12.0, 7.0, -7.0, 10.0, 5.0, -5.0, -10.0, 11.0, -11.0, 5.0, 8.0, -8.0, 10.0, -10.0, -5.0, 0.0, 3.0, -3.0, 0.0, 10.0, -10.0, 0.0]
Q: [0.0, 9.0, 0.0, 5.0, 0.0, 11.0, 0.0, 12.0, 0.0, 7.0, 0.0, 10.0, 15.0, 10.0, 0.0, 11.0, 0.0, 5.0, 13.0, 5.0, 15.0, 5.0, 0.0, 0.0, 3.0, 0.0, 0.0, 10.0, 0.0, 0.0]
B: [0.0, 36.0, 45.624091437640004, 78.34191948294, 113.18447326424, 116.32892774793, 135.04295040473, 153.73600069083, 183.25551142523, 221.67485259603, 255.91493812453, 267.0, 293.0, 316.8182362487, 326.74376782137, 349.22807365897, 359.62972670067, 437.0, 450.76465480859997, 471.5330514246, 473.74372756550997, 490.62687851551, 495.97492881445, 506.56571126905, 529.0, 549.4257496801999, 561.2869729308, 568.6172701962599, 609.35223224366, 613.46797871301]
