Avion: 6      Iteracion: 17

Num Ruta: 18
Ingresos: 932.506
Costos: 284.38373283
Utilidad Ruta: 648.12226717
Costo Reducido: 132.926028229
Nodos: [106, 10, 45, 35, 70, 32, 67, 33, 8, 43, 13, 48, 68, 5, 40, 716]
q: [0.0, 12.0, -12.0, 8.0, -8.0, 11.0, -11.0, 5.0, 8.0, -8.0, 10.0, -10.0, -5.0, 9.0, -9.0, 0.0]
Q: [0.0, 12.0, 0.0, 8.0, 0.0, 11.0, 0.0, 5.0, 13.0, 5.0, 15.0, 5.0, 0.0, 9.0, 0.0, 0.0]
B: [0.0, 96.0, 125.5195107344, 270.0, 281.922738989, 309.0, 319.4016530417, 437.0, 450.76465480859997, 471.5330514246, 473.74372756550997, 490.62687851551, 495.97492881445, 524.94634640145, 526.06803530663, 532.7913893803]
