Avion: 6      Iteracion: 49

Num Ruta: 47
Ingresos: 2166.766
Costos: 411.273692348
Utilidad Ruta: 1755.49230765
Costo Reducido: 60.5271374927
Nodos: [106, 17, 52, 9, 44, 14, 49, 3, 38, 23, 35, 70, 34, 58, 69, 8, 33, 43, 13, 68, 48, 716]
q: [0.0, 5.0, -5.0, 11.0, -11.0, 8.0, -8.0, 13.0, -13.0, 7.0, 8.0, -8.0, 8.0, -7.0, -8.0, 8.0, 5.0, -8.0, 10.0, -5.0, -10.0, 0.0]
Q: [0.0, 5.0, 0.0, 11.0, 0.0, 8.0, 0.0, 13.0, 0.0, 7.0, 15.0, 7.0, 15.0, 8.0, 0.0, 8.0, 13.0, 5.0, 15.0, 10.0, 0.0, 0.0]
B: [0.0, 24.0, 58.8425537813, 81.72911018459999, 111.25634718709999, 121.5131539026, 133.5348656776, 256.0, 261.08428175852, 267.0, 277.4634044651, 289.38614345409997, 322.0, 336.2589470158, 364.1120348159, 414.0, 437.0, 460.2743670161, 462.48504315700995, 482.45587278420993, 487.8039230831499, 511.1773593944499]
