Avion: 1      Iteracion: 8

Num Ruta: 12
Ingresos: 3001.763
Costos: 682.307554949
Utilidad Ruta: 2319.45544505
Costo Reducido: 668.08528864
Nodos: [101, 17, 52, 9, 44, 14, 49, 11, 46, 1, 36, 23, 35, 70, 32, 67, 26, 61, 58, 34, 69, 8, 43, 6, 41, 21, 56, 711]
q: [0.0, 5.0, -5.0, 11.0, -11.0, 8.0, -8.0, 6.0, -6.0, 7.0, -7.0, 5.0, 8.0, -8.0, 10.0, -10.0, 10.0, -10.0, -5.0, 8.0, -8.0, 8.0, -8.0, 4.0, -4.0, 12.0, -12.0, 0.0]
Q: [0.0, 5.0, 0.0, 11.0, 0.0, 8.0, 0.0, 6.0, 0.0, 7.0, 0.0, 5.0, 13.0, 5.0, 15.0, 5.0, 15.0, 5.0, 0.0, 8.0, 0.0, 8.0, 0.0, 4.0, 0.0, 12.0, 0.0, 0.0]
B: [0.0, 24.0, 58.8425537813, 81.72911018459999, 111.25634718709999, 121.5131539026, 133.5348656776, 169.0, 173.05406684701, 195.72351838431, 229.96360391281002, 267.0, 277.4634044651, 289.38614345409997, 309.0, 319.4016530417, 332.1221722921, 349.7014002615, 352.76847264408, 367.02741965988, 403.46754987368, 414.0, 434.768396616, 443.95906824543, 447.65135764362, 484.33260654552, 525.0713972247199, 547.3138828996199]
