Avion: 5      Iteracion: 11

Num Ruta: 13
Ingresos: 204.36
Costos: 246.23460825
Utilidad Ruta: -41.8746082503
Costo Reducido: 115.393206554
Nodos: [105, 25, 60, 715]
q: [0, 10.0, -10.0, 0]
Q: [0, 10.0, 0.0, 0]
B: [0.0, 410.0, 427.1849823101, 464.3278896007]
