Avion: 6      Iteracion: 67

Num Ruta: 64
Ingresos: 1135.11
Costos: 274.493927794
Utilidad Ruta: 860.616072206
Costo Reducido: 51.5285813233
Nodos: [106, 34, 26, 61, 69, 19, 33, 54, 13, 48, 68, 5, 40, 716]
q: [0.0, 8.0, 7.0, -7.0, -8.0, 7.0, 5.0, -7.0, 10.0, -10.0, -5.0, 9.0, -9.0, 0.0]
Q: [0.0, 8.0, 15.0, 8.0, 0.0, 7.0, 12.0, 5.0, 15.0, 5.0, 0.0, 9.0, 0.0, 0.0]
B: [0.0, 322.0, 337.9272270342, 355.50645500359997, 380.49320895439996, 402.0, 438.5935603624, 460.1419541308, 464.36957343722, 481.25272438722004, 486.60077468616004, 515.57219227316, 516.69388117834, 523.41723525201]
