Avion: 2      Iteracion: 11

Num Ruta: 14
Ingresos: 204.36
Costos: 408.644128915
Utilidad Ruta: -204.284128915
Costo Reducido: 78.7454241534
Nodos: [102, 25, 60, 712]
q: [0, 10.0, -10.0, 0]
Q: [0, 10.0, 0.0, 0]
B: [0.0, 410.0, 427.1849823101, 436.54638145766]
