Avion: 1      Iteracion: 54

Num Ruta: 52
Ingresos: 3030.148
Costos: 609.864912659
Utilidad Ruta: 2420.28308734
Costo Reducido: 44.8472860494
Nodos: [101, 17, 30, 52, 16, 51, 65, 24, 59, 1, 36, 35, 70, 22, 57, 18, 53, 31, 6, 41, 33, 66, 68, 21, 4, 56, 39, 711]
q: [0.0, 5.0, 0.0, -5.0, 9.0, -9.0, 0.0, 11.0, -11.0, 7.0, -7.0, 8.0, -8.0, 10.0, -10.0, 10.0, -10.0, 9.0, 4.0, -4.0, 5.0, -9.0, -5.0, 12.0, 3.0, -12.0, -3.0, 0.0]
Q: [0.0, 5.0, 5.0, 0.0, 9.0, 0.0, 0.0, 11.0, 0.0, 7.0, 0.0, 8.0, 0.0, 10.0, 0.0, 10.0, 0.0, 9.0, 13.0, 9.0, 14.0, 5.0, 0.0, 12.0, 15.0, 3.0, 0.0, 0.0]
B: [0.0, 24.0, 64.0, 67.14445448369, 72.47609381883, 82.10018525647, 84.97134181786, 109.70531270816, 148.21826301066, 175.0, 209.2400855285, 270.0, 281.922738989, 299.64604976889996, 321.40073590779997, 334.8011725052, 358.61940875389996, 406.0, 436.0, 439.69228939819, 468.10954535299, 490.50770679539, 521.45949764829, 532.3389750254901, 547.28676339029, 576.45656080129, 593.25950521589, 610.06853731179]
