Avion: 3      Iteracion: 23

Num Ruta: 20
Ingresos: 315.477
Costos: 214.827594382
Utilidad Ruta: 100.649405618
Costo Reducido: 36.7456466254
Nodos: [103, 29, 64, 713]
q: [0, 9.0, -9.0, 0]
Q: [0, 9.0, 0.0, 0]
B: [0.0, 549.0, 582.7797797802, 609.1306994036]
