Avion: 4      Iteracion: 81

Num Ruta: 67
Ingresos: 2174.387
Costos: 431.58684112
Utilidad Ruta: 1742.80015888
Costo Reducido: 28.2814963578
Nodos: [104, 17, 52, 9, 44, 18, 53, 25, 60, 31, 66, 5, 40, 2, 27, 62, 37, 29, 64, 714]
q: [0.0, 5.0, -5.0, 11.0, -11.0, 10.0, -10.0, 10.0, -10.0, 9.0, -9.0, 9.0, -9.0, 9.0, 6.0, -6.0, -9.0, 9.0, -9.0, 0.0]
Q: [0.0, 5.0, 0.0, 11.0, 0.0, 10.0, 0.0, 10.0, 0.0, 9.0, 0.0, 9.0, 0.0, 9.0, 15.0, 9.0, 0.0, 9.0, 0.0, 0.0]
B: [0.0, 24.0, 58.8425537813, 81.72911018459999, 111.25634718709999, 293.0, 316.8182362487, 410.0, 427.1849823101, 432.00662891681, 460.33210799481, 480.22859220681, 481.35028111199, 522.0, 547.7839683718, 564.8148307399, 594.1553610862, 603.9601016233099, 637.7398814035099, 664.5103114523099]
