Avion: 3      Iteracion: 89

Num Ruta: 48
Ingresos: 1007.478
Costos: 159.843459052
Utilidad Ruta: 847.634540948
Costo Reducido: 13.4817514739
Nodos: [103, 11, 46, 25, 60, 21, 56, 27, 62, 713]
q: [0, 6.0, -6.0, 10.0, -10.0, 12.0, -12.0, 6.0, -6.0, 0]
Q: [0, 6.0, 0.0, 10.0, 0.0, 12.0, 0.0, 6.0, 0.0, 0]
B: [0.0, 169.0, 173.05406684701, 410.0, 427.1849823101, 477.0, 517.7387906792, 538.0, 555.0308623681, 583.3015826454]
