Avion: 6      Iteracion: 52

Num Ruta: 50
Ingresos: 2126.767
Costos: 455.160166649
Utilidad Ruta: 1671.60683335
Costo Reducido: 61.0219948588
Nodos: [106, 17, 52, 16, 51, 10, 45, 1, 11, 46, 36, 18, 53, 26, 61, 34, 8, 69, 43, 13, 48, 6, 41, 5, 40, 716]
q: [0.0, 5.0, -5.0, 9.0, -9.0, 12.0, -12.0, 7.0, 6.0, -6.0, -7.0, 10.0, -10.0, 10.0, -10.0, 8.0, 7.0, -8.0, -7.0, 15.0, -15.0, 4.0, -4.0, 9.0, -9.0, 0.0]
Q: [0.0, 5.0, 0.0, 9.0, 0.0, 12.0, 0.0, 7.0, 13.0, 7.0, 0.0, 10.0, 0.0, 10.0, 0.0, 8.0, 15.0, 7.0, 0.0, 15.0, 0.0, 4.0, 0.0, 9.0, 0.0, 0.0]
B: [0.0, 24.0, 58.8425537813, 64.17419311644, 73.79828455408, 96.0, 125.5195107344, 175.0, 193.6808285951, 197.73489544211, 232.05062478011, 293.0, 316.8182362487, 345.81975307109997, 363.39898104049996, 378.31222713249997, 414.63857046619995, 417.28474544151993, 437.5124986534199, 439.7231747943299, 456.6063257443299, 480.82927436752993, 484.5215637657199, 502.9104239805199, 504.0321128856999, 510.7554669593699]
