Avion: 7      Iteracion: 17

Num Ruta: 15
Ingresos: 462.129
Costos: 242.141930787
Utilidad Ruta: 219.987069213
Costo Reducido: 16.0819229223
Nodos: [107, 25, 60, 31, 66, 717]
q: [0, 10.0, -10.0, 9.0, -9.0, 0]
Q: [0, 10.0, 0.0, 9.0, 0.0, 0]
B: [0.0, 410.0, 427.1849823101, 432.00662891681, 460.33210799481, 463.96682999242995]
