Avion: 2      Iteracion: 29

Num Ruta: 25
Ingresos: 1226.152
Costos: 413.939716825
Utilidad Ruta: 812.212283175
Costo Reducido: 110.573282705
Nodos: [102, 16, 51, 32, 67, 33, 13, 48, 68, 4, 39, 2, 37, 712]
q: [0.0, 9.0, -9.0, 11.0, -11.0, 5.0, 10.0, -10.0, -5.0, 3.0, -3.0, 10.0, -10.0, 0.0]
Q: [0.0, 9.0, 0.0, 11.0, 0.0, 5.0, 15.0, 5.0, 0.0, 3.0, 0.0, 10.0, 0.0, 0.0]
B: [0.0, 36.0, 45.624091437640004, 309.0, 319.4016530417, 437.0, 462.372931896, 479.256082846, 484.60413314494, 529.0, 549.4257496801999, 558.8802161908, 599.6151782382, 603.73092470755]
