Avion: 5      Iteracion: 59

Num Ruta: 43
Ingresos: 1690.651
Costos: 415.310939086
Utilidad Ruta: 1275.34006091
Costo Reducido: 31.1633811704
Nodos: [105, 1, 36, 3, 38, 23, 35, 70, 26, 61, 58, 18, 53, 28, 13, 48, 63, 715]
q: [0.0, 7.0, -7.0, 13.0, -13.0, 5.0, 8.0, -8.0, 10.0, -10.0, -5.0, 10.0, -10.0, 6.0, 9.0, -9.0, -6.0, 0.0]
Q: [0.0, 7.0, 0.0, 13.0, 0.0, 5.0, 13.0, 5.0, 15.0, 5.0, 0.0, 10.0, 0.0, 6.0, 15.0, 6.0, 0.0, 0.0]
B: [0.0, 175.0, 209.2400855285, 256.0, 261.08428175852, 267.0, 277.4634044651, 289.38614345409997, 303.7370056233, 321.3162335927, 324.38330597528, 349.82261738498, 373.64085363367997, 382.77435641191, 423.0, 439.88315095, 462.92158097460003, 500.15820286760004]
