Avion: 5      Iteracion: 5

Num Ruta: 7
Ingresos: 1687.026
Costos: 441.817903912
Utilidad Ruta: 1245.20809609
Costo Reducido: 1129.42117106
Nodos: [105, 30, 65, 23, 58, 34, 69, 33, 8, 43, 68, 715]
q: [0, 11.0, -11.0, 10.0, -10.0, 8.0, -8.0, 5.0, 8.0, -8.0, -5.0, 0]
Q: [0, 11.0, 0.0, 10.0, 0.0, 8.0, 0.0, 5.0, 13.0, 5.0, 0.0, 0]
B: [0.0, 64.0, 82.7140226568, 267.0, 306.733842905, 322.0, 358.4401302138, 437.0, 450.76465480859997, 471.5330514246, 493.4899324645, 537.250258903]
