Avion: 7      Iteracion: 68

Num Ruta: 36
Ingresos: 356.24
Costos: 192.600922151
Utilidad Ruta: 163.639077849
Costo Reducido: 15.3314516252
Nodos: [107, 22, 57, 717]
q: [0, 10.0, -10.0, 0]
Q: [0, 10.0, 0.0, 0]
B: [0.0, 299.0, 320.7546861389, 322.72147489217]
