Avion: 2      Iteracion: 6

Num Ruta: 9
Ingresos: 2419.879
Costos: 716.302205
Utilidad Ruta: 1703.576795
Costo Reducido: 1205.39028557
Nodos: [102, 30, 65, 14, 49, 3, 38, 35, 70, 32, 67, 26, 61, 25, 60, 19, 8, 54, 43, 2, 37, 29, 64, 712]
q: [0, 11.0, -11.0, 8.0, -8.0, 13.0, -13.0, 8.0, -8.0, 11.0, -11.0, 10.0, -10.0, 10.0, -10.0, 7.0, 8.0, -7.0, -8.0, 10.0, -10.0, 9.0, -9.0, 0]
Q: [0, 11.0, 0.0, 8.0, 0.0, 13.0, 0.0, 8.0, 0.0, 11.0, 0.0, 10.0, 0.0, 10.0, 0.0, 7.0, 15.0, 8.0, 0.0, 10.0, 0.0, 9.0, 0.0, 0]
B: [0.0, 64.0, 82.7140226568, 112.0, 124.021711775, 256.0, 261.08428175852, 274.08526633661995, 286.00800532561993, 309.0, 319.4016530417, 332.1221722921, 349.7014002615, 410.0, 427.1849823101, 443.8578739909, 467.0187555372, 484.975714968, 487.90383415955995, 522.0, 562.7349620474, 572.53970258451, 606.31948236471, 642.80546783861]
