Avion: 3      Iteracion: 14

Num Ruta: 11
Ingresos: 2108.434
Costos: 473.67615679
Utilidad Ruta: 1634.75784321
Costo Reducido: 445.580243977
Nodos: [103, 30, 65, 16, 51, 14, 49, 3, 38, 18, 35, 70, 26, 61, 53, 31, 66, 25, 60, 21, 4, 39, 56, 27, 62, 713]
q: [0.0, 11.0, -11.0, 9.0, -9.0, 8.0, -8.0, 13.0, -13.0, 10.0, 5.0, -5.0, 5.0, -5.0, -10.0, 9.0, -9.0, 10.0, -10.0, 12.0, 3.0, -3.0, -12.0, 6.0, -6.0, 0.0]
Q: [0.0, 11.0, 0.0, 9.0, 0.0, 8.0, 0.0, 13.0, 0.0, 10.0, 15.0, 10.0, 15.0, 10.0, 0.0, 9.0, 0.0, 10.0, 0.0, 12.0, 15.0, 12.0, 0.0, 6.0, 0.0, 0.0]
B: [0.0, 64.0, 82.7140226568, 93.53069441849999, 103.15478585614, 129.94109036054, 141.96280213554, 256.0, 261.08428175852, 293.0, 305.7525351989, 317.67527418789996, 332.0261363571, 349.60536432649997, 361.0401537867, 406.0, 434.325479078, 459.752616235, 476.9375985451, 485.1063120301, 529.0, 549.4257496801999, 566.2286940948, 579.4061422924, 596.4370046605, 624.7077249378]
