Avion: 1      Iteracion: 12

Num Ruta: 15
Ingresos: 2492.808
Costos: 515.540209548
Utilidad Ruta: 1977.26779045
Costo Reducido: 369.072735801
Nodos: [101, 30, 65, 24, 59, 1, 36, 23, 18, 53, 58, 26, 61, 13, 33, 48, 68, 4, 2, 39, 37, 711]
q: [0.0, 0.0, 0.0, 11.0, -11.0, 7.0, -7.0, 5.0, 10.0, -10.0, -5.0, 10.0, -10.0, 10.0, 5.0, -10.0, -5.0, 3.0, 10.0, -3.0, -10.0, 0.0]
Q: [0.0, 0.0, 0.0, 11.0, 0.0, 7.0, 0.0, 5.0, 15.0, 5.0, 0.0, 10.0, 0.0, 10.0, 15.0, 5.0, 0.0, 3.0, 13.0, 10.0, 0.0, 0.0]
B: [0.0, 64.0, 82.7140226568, 107.4479935471, 145.9609438496, 175.0, 209.2400855285, 267.0, 293.0, 316.8182362487, 326.74376782137, 346.43014059547, 364.00936856487, 423.0, 448.372931896, 489.1289324971, 494.47698279604, 529.0, 556.3715326023, 565.8259991129, 599.0192098946001, 615.9688770890001]
