Avion: 4      Iteracion: 51

Num Ruta: 46
Ingresos: 1239.09
Costos: 240.161649249
Utilidad Ruta: 998.928350751
Costo Reducido: 3.27478580489
Nodos: [104, 17, 52, 9, 44, 25, 60, 29, 4, 39, 64, 714]
q: [0, 5.0, -5.0, 11.0, -11.0, 10.0, -10.0, 9.0, 3.0, -3.0, -9.0, 0]
Q: [0, 5.0, 0.0, 11.0, 0.0, 10.0, 0.0, 9.0, 12.0, 9.0, 0.0, 0]
B: [0.0, 24.0, 58.8425537813, 81.72911018459999, 111.25634718709999, 410.0, 427.1849823101, 549.0, 569.7100026316, 590.1357523117999, 602.3548233485, 629.1252533973]
