Avion: 3      Iteracion: 84

Num Ruta: 44
Ingresos: 1131.495
Costos: 358.876233573
Utilidad Ruta: 772.618766427
Costo Reducido: 15.0547335919
Nodos: [103, 14, 49, 1, 11, 46, 36, 18, 53, 28, 63, 25, 60, 713]
q: [0, 8.0, -8.0, 7.0, 6.0, -6.0, -7.0, 10.0, -10.0, 6.0, -6.0, 10.0, -10.0, 0]
Q: [0, 8.0, 0.0, 7.0, 13.0, 7.0, 0.0, 10.0, 0.0, 6.0, 0.0, 10.0, 0.0, 0]
B: [0.0, 112.0, 124.021711775, 175.0, 193.6808285951, 197.73489544211, 232.05062478011, 293.0, 316.8182362487, 378.0, 414.0266187839, 417.35999740026, 434.54497971036, 441.00115295772997]
