Avion: 1      Iteracion: 48

Num Ruta: 46
Ingresos: 3122.536
Costos: 698.199750096
Utilidad Ruta: 2424.3362499
Costo Reducido: 108.417873373
Nodos: [101, 17, 52, 9, 44, 14, 49, 11, 46, 1, 36, 35, 70, 26, 61, 34, 69, 19, 54, 33, 13, 48, 68, 21, 4, 39, 56, 711]
q: [0.0, 5.0, -5.0, 11.0, -11.0, 8.0, -8.0, 6.0, -6.0, 7.0, -7.0, 8.0, -8.0, 10.0, -10.0, 8.0, -8.0, 7.0, -7.0, 5.0, 10.0, -10.0, -5.0, 12.0, 3.0, -3.0, -12.0, 0.0]
Q: [0.0, 5.0, 0.0, 11.0, 0.0, 8.0, 0.0, 6.0, 0.0, 7.0, 0.0, 8.0, 0.0, 10.0, 0.0, 8.0, 0.0, 7.0, 0.0, 5.0, 15.0, 5.0, 0.0, 12.0, 15.0, 12.0, 0.0, 0.0]
B: [0.0, 24.0, 58.8425537813, 81.72911018459999, 111.25634718709999, 121.5131539026, 133.5348656776, 169.0, 173.05406684701, 195.72351838431, 229.96360391281002, 270.0, 281.922738989, 300.0, 317.5792279694, 332.4924740614, 368.9326042752, 402.0, 428.6271162915, 450.1755100599, 475.5484419559, 492.4315929059, 497.77964320484, 508.65912058204, 529.0, 549.4257496801999, 566.2286940948, 588.4711797696999]
