Avion: 2      Iteracion: 66

Num Ruta: 50
Ingresos: 669.025
Costos: 385.969077184
Utilidad Ruta: 283.055922816
Costo Reducido: 78.0705582669
Nodos: [102, 16, 51, 8, 33, 43, 13, 48, 68, 712]
q: [0.0, 9.0, -9.0, 8.0, 5.0, -8.0, 10.0, -10.0, -5.0, 0.0]
Q: [0.0, 9.0, 0.0, 8.0, 13.0, 5.0, 15.0, 5.0, 0.0, 0.0]
B: [0.0, 36.0, 45.624091437640004, 414.0, 437.0, 460.2743670161, 462.48504315700995, 479.36819410700997, 484.71624440594996, 495.04552443894994]
