Avion: 1      Iteracion: 67

Num Ruta: 63
Ingresos: 1103.146
Costos: 334.946656244
Utilidad Ruta: 768.199343756
Costo Reducido: 68.1321102788
Nodos: [101, 30, 65, 35, 70, 8, 19, 54, 43, 33, 5, 40, 68, 711]
q: [0, 11.0, -11.0, 8.0, -8.0, 8.0, 7.0, -7.0, -8.0, 5.0, 9.0, -9.0, -5.0, 0]
Q: [0, 11.0, 0.0, 8.0, 0.0, 8.0, 15.0, 8.0, 0.0, 5.0, 14.0, 5.0, 0.0, 0]
B: [0.0, 64.0, 82.7140226568, 270.0, 281.922738989, 414.0, 437.1608815463, 463.7879978378, 466.71611702935996, 489.99048404546, 503.68865122216, 504.81034012734, 533.82271474574, 551.01488194474]
