Avion: 2      Iteracion: 0

Num Ruta: 1
Ingresos: 1021.394
Costos: 404.552038068
Utilidad Ruta: 616.841961932
Costo Reducido: -
Nodos: [102, 16, 51, 1, 36, 2, 37, 712]
q: [0, 9.0, -9.0, 7.0, -7.0, 10.0, -10.0, 0]
Q: [0, 9.0, 0.0, 7.0, 0.0, 10.0, 0.0, 0]
B: [0.0, 36.0, 45.624091437640004, 175.0, 209.2400855285, 522.0, 562.7349620474, 566.85070851675]
