Avion: 3      Iteracion: 22

Num Ruta: 19
Ingresos: 400.892
Costos: 264.808622515
Utilidad Ruta: 136.083377485
Costo Reducido: 105.229241138
Nodos: [103, 35, 70, 32, 67, 33, 68, 713]
q: [0, 8.0, -8.0, 11.0, -11.0, 5.0, -5.0, 0]
Q: [0, 8.0, 0.0, 11.0, 0.0, 5.0, 0.0, 0]
B: [0.0, 270.0, 281.922738989, 309.0, 319.4016530417, 437.0, 478.9526650524, 482.64754055775]
