Avion: 7      Iteracion: 43

Num Ruta: 30
Ingresos: 953.797
Costos: 313.912029294
Utilidad Ruta: 639.884970706
Costo Reducido: 40.983794913
Nodos: [107, 14, 49, 35, 70, 26, 61, 28, 31, 63, 66, 717]
q: [0, 8.0, -8.0, 8.0, -8.0, 10.0, -10.0, 6.0, 9.0, -6.0, -9.0, 0]
Q: [0, 8.0, 0.0, 8.0, 0.0, 10.0, 0.0, 6.0, 15.0, 9.0, 0.0, 0]
B: [0.0, 112.0, 124.021711775, 270.0, 281.922738989, 300.0, 317.5792279694, 378.0, 406.0, 426.4968799577, 454.9113116606, 458.54603365822]
