Avion: 3      Iteracion: 82

Num Ruta: 42
Ingresos: 2200.783
Costos: 524.458186512
Utilidad Ruta: 1676.32481349
Costo Reducido: 1.94317590359
Nodos: [103, 30, 51, 16, 65, 10, 45, 1, 11, 46, 36, 35, 70, 18, 53, 31, 66, 25, 60, 21, 56, 713]
q: [0.0, 11.0, -9.0, 9.0, -11.0, 12.0, -12.0, 7.0, 6.0, -6.0, -7.0, 8.0, -8.0, 10.0, -10.0, 9.0, -9.0, 10.0, -10.0, 12.0, -12.0, 0.0]
Q: [0.0, 11.0, 2.0, 11.0, 0.0, 12.0, 0.0, 7.0, 13.0, 7.0, 0.0, 8.0, 0.0, 10.0, 0.0, 9.0, 0.0, 10.0, 0.0, 12.0, 0.0, 0.0]
B: [0.0, 64.0, 80.9852936389, 90.60938507654001, 101.42605683824002, 120.11910712434002, 149.63861785874002, 188.05795902954003, 206.73878762464003, 210.79285447165003, 245.10858380965004, 270.0, 281.922738989, 302.3408921131, 326.15912836179996, 406.0, 434.325479078, 459.752616235, 476.9375985451, 485.1063120301, 525.8451027093, 557.002848536]
