Avion: 5      Iteracion: 6

Num Ruta: 8
Ingresos: 585.618
Costos: 291.582937837
Utilidad Ruta: 294.035062163
Costo Reducido: 502.953728591
Nodos: [105, 19, 54, 8, 43, 715]
q: [0, 7.0, -7.0, 8.0, -8.0, 0]
Q: [0, 7.0, 0.0, 8.0, 0.0, 0]
B: [0.0, 402.0, 428.6271162915, 446.5840757223, 467.3524723383, 505.9582562702]
