Avion: 7      Iteracion: 74

Num Ruta: 38
Ingresos: 643.446
Costos: 331.610826659
Utilidad Ruta: 311.835173341
Costo Reducido: 51.2481861189
Nodos: [107, 11, 46, 19, 54, 33, 68, 717]
q: [0, 6.0, -6.0, 7.0, -7.0, 5.0, -5.0, 0]
Q: [0, 6.0, 0.0, 7.0, 0.0, 5.0, 0.0, 0]
B: [0.0, 169.0, 173.05406684701, 402.0, 428.6271162915, 450.1755100599, 492.12817511229997, 526.6639235043999]
