Avion: 1      Iteracion: 20

Num Ruta: 22
Ingresos: 3034.381
Costos: 604.767516866
Utilidad Ruta: 2429.61348313
Costo Reducido: 238.45288578
Nodos: [101, 17, 52, 24, 59, 1, 36, 3, 38, 22, 57, 18, 53, 31, 33, 66, 68, 21, 4, 56, 27, 62, 39, 711]
q: [0, 5.0, -5.0, 11.0, -11.0, 7.0, -7.0, 13.0, -13.0, 10.0, -10.0, 10.0, -10.0, 9.0, 5.0, -9.0, -5.0, 12.0, 3.0, -12.0, 6.0, -6.0, -3.0, 0]
Q: [0, 5.0, 0.0, 11.0, 0.0, 7.0, 0.0, 13.0, 0.0, 10.0, 0.0, 10.0, 0.0, 9.0, 14.0, 5.0, 0.0, 12.0, 15.0, 3.0, 9.0, 3.0, 0.0, 0]
B: [0.0, 24.0, 58.8425537813, 75.400837086, 113.9137873885, 175.0, 209.2400855285, 256.0, 261.08428175852, 299.0, 320.7546861389, 334.15512273630003, 357.973358985, 406.0, 443.5012702852, 465.8994317276, 496.8512225805, 507.7306999577, 529.0, 558.169797411, 571.3472456086, 588.3781079767, 593.79336651162, 610.60239860752]
