Avion: 1      Iteracion: 80

Num Ruta: 74
Ingresos: 2157.585
Costos: 495.747630236
Utilidad Ruta: 1661.83736976
Costo Reducido: 52.0762642721
Nodos: [101, 30, 16, 51, 65, 24, 59, 1, 36, 18, 53, 31, 6, 41, 33, 66, 68, 21, 56, 711]
q: [0.0, 6.0, 9.0, -9.0, -6.0, 11.0, -11.0, 7.0, -7.0, 10.0, -10.0, 9.0, 4.0, -4.0, 5.0, -9.0, -5.0, 12.0, -12.0, 0.0]
Q: [0.0, 6.0, 15.0, 6.0, 0.0, 11.0, 0.0, 7.0, 0.0, 10.0, 0.0, 9.0, 13.0, 9.0, 14.0, 5.0, 0.0, 12.0, 0.0, 0.0]
B: [0.0, 64.0, 72.20259129788, 81.82668273552001, 84.69783929691, 109.43181018721, 147.94476048971, 175.0, 209.2400855285, 293.0, 316.8182362487, 406.0, 436.0, 439.69228939819, 468.10954535299, 490.50770679539, 521.45949764829, 532.3389750254901, 573.07776570469, 595.32025137959]
