Avion: 7      Iteracion: 67

Num Ruta: 35
Ingresos: 688.376
Costos: 260.083813736
Utilidad Ruta: 428.292186264
Costo Reducido: 35.7301162497
Nodos: [107, 35, 70, 26, 61, 22, 57, 717]
q: [0, 8.0, -8.0, 10.0, -10.0, 10.0, -10.0, 0]
Q: [0, 8.0, 0.0, 10.0, 0.0, 10.0, 0.0, 0]
B: [0.0, 270.0, 281.922738989, 300.0, 317.5792279694, 331.2134086195, 352.9680947584, 354.93488351167]
