Avion: 7      Iteracion: 42

Num Ruta: 29
Ingresos: 415.97
Costos: 247.581300104
Utilidad Ruta: 168.388699896
Costo Reducido: 35.8587683695
Nodos: [107, 14, 49, 3, 38, 33, 68, 717]
q: [0, 8.0, -8.0, 13.0, -13.0, 5.0, -5.0, 0]
Q: [0, 8.0, 0.0, 13.0, 0.0, 5.0, 0.0, 0]
B: [0.0, 112.0, 124.021711775, 256.0, 261.08428175852, 437.0, 478.9526650524, 513.4884134445]
