Avion: 6      Iteracion: 89

Num Ruta: 83
Ingresos: 2517.045
Costos: 502.091652573
Utilidad Ruta: 2014.95334743
Costo Reducido: 38.6802362333
Nodos: [106, 17, 52, 24, 9, 44, 59, 1, 11, 46, 36, 23, 35, 70, 18, 53, 58, 34, 69, 8, 33, 43, 13, 68, 48, 716]
q: [0.0, 5.0, -5.0, 4.0, 11.0, -11.0, -4.0, 7.0, 6.0, -6.0, -7.0, 5.0, 8.0, -8.0, 10.0, -10.0, -5.0, 8.0, -8.0, 8.0, 5.0, -8.0, 10.0, -5.0, -10.0, 0.0]
Q: [0.0, 5.0, 0.0, 4.0, 15.0, 4.0, 0.0, 7.0, 13.0, 7.0, 0.0, 5.0, 13.0, 5.0, 15.0, 5.0, 0.0, 8.0, 0.0, 8.0, 13.0, 5.0, 15.0, 10.0, 0.0, 0.0]
B: [0.0, 24.0, 58.8425537813, 75.400837086, 81.83771412381999, 111.36495112632, 136.42051454042, 175.0, 193.6808285951, 197.73489544211, 232.05062478011, 267.0, 277.4634044651, 289.38614345409997, 309.80429657819997, 333.62253282689994, 343.54806439956997, 357.80701141536997, 394.24714162916996, 414.0, 437.0, 460.2743670161, 462.48504315700995, 482.45587278420993, 487.8039230831499, 511.1773593944499]
