Avion: 6      Iteracion: 30

Num Ruta: 30
Ingresos: 861.155
Costos: 299.824759246
Utilidad Ruta: 561.330240754
Costo Reducido: 14.0314330388
Nodos: [106, 34, 69, 31, 66, 33, 13, 48, 68, 716]
q: [0.0, 8.0, -8.0, 9.0, -9.0, 5.0, 10.0, -10.0, -5.0, 0.0]
Q: [0.0, 8.0, 0.0, 9.0, 0.0, 5.0, 15.0, 5.0, 0.0, 0.0]
B: [0.0, 322.0, 358.4401302138, 406.0, 434.325479078, 456.7236405204, 482.0965724164, 498.97972336640004, 504.32777366534003, 528.2202175964401]
