Avion: 7      Iteracion: 11

Num Ruta: 9
Ingresos: 1217.089
Costos: 368.159803332
Utilidad Ruta: 848.929196668
Costo Reducido: 112.273118214
Nodos: [107, 9, 44, 11, 46, 23, 58, 31, 66, 717]
q: [0, 11.0, -11.0, 6.0, -6.0, 10.0, -10.0, 9.0, -9.0, 0]
Q: [0, 11.0, 0.0, 6.0, 0.0, 10.0, 0.0, 9.0, 0.0, 0]
B: [0.0, 46.0648734938, 75.5921104963, 169.0, 173.05406684701, 267.0, 306.733842905, 406.0, 434.325479078, 437.96020107562]
