Avion: 1      Iteracion: 52

Num Ruta: 50
Ingresos: 3507.507
Costos: 683.78690752
Utilidad Ruta: 2823.72009248
Costo Reducido: 40.3228637294
Nodos: [101, 17, 52, 16, 51, 10, 45, 1, 36, 35, 70, 26, 61, 34, 28, 8, 69, 63, 19, 54, 43, 21, 27, 56, 2, 62, 37, 711]
q: [0.0, 5.0, -5.0, 9.0, -9.0, 12.0, -12.0, 7.0, -7.0, 8.0, -8.0, 10.0, -10.0, 8.0, 6.0, 1.0, -8.0, -6.0, 7.0, -7.0, -1.0, 10.0, 5.0, -10.0, 10.0, -5.0, -10.0, 0.0]
Q: [0.0, 5.0, 0.0, 9.0, 0.0, 12.0, 0.0, 7.0, 0.0, 8.0, 0.0, 10.0, 0.0, 8.0, 14.0, 15.0, 7.0, 1.0, 8.0, 1.0, 0.0, 10.0, 15.0, 5.0, 15.0, 10.0, 0.0, 0.0]
B: [0.0, 24.0, 58.8425537813, 64.17419311644, 73.79828455408, 96.0, 125.5195107344, 175.0, 209.2400855285, 270.0, 281.922738989, 300.0, 317.5792279694, 332.4924740614, 378.0, 414.0, 416.64617497532, 448.59673072952, 461.13252400322, 487.75964029472, 490.68775948627996, 515.65193119298, 543.31719325568, 556.49464145328, 580.34565518438, 591.79772827178, 621.13825861808, 638.0879258124801]
