Avion: 4      Iteracion: 35

Num Ruta: 35
Ingresos: 847.062
Costos: 276.753487723
Utilidad Ruta: 570.308512277
Costo Reducido: 81.6216951381
Nodos: [104, 17, 52, 30, 65, 33, 68, 714]
q: [0, 5.0, -5.0, 11.0, -11.0, 5.0, -5.0, 0]
Q: [0, 5.0, 0.0, 11.0, 0.0, 5.0, 0.0, 0]
B: [0.0, 24.0, 58.8425537813, 64.0, 82.7140226568, 437.0, 478.9526650524, 495.1270820434]
