Avion: 1      Iteracion: 51

Num Ruta: 49
Ingresos: 2665.594
Costos: 569.295614466
Utilidad Ruta: 2096.29838553
Costo Reducido: 5.00144374546
Nodos: [101, 17, 52, 30, 65, 16, 51, 10, 45, 26, 61, 34, 28, 69, 63, 25, 60, 21, 4, 39, 56, 711]
q: [0, 5.0, -5.0, 11.0, -11.0, 9.0, -9.0, 12.0, -12.0, 10.0, -10.0, 8.0, 6.0, -8.0, -6.0, 10.0, -10.0, 12.0, 3.0, -3.0, -12.0, 0]
Q: [0, 5.0, 0.0, 11.0, 0.0, 9.0, 0.0, 12.0, 0.0, 10.0, 0.0, 8.0, 14.0, 6.0, 0.0, 10.0, 0.0, 12.0, 15.0, 12.0, 0.0, 0]
B: [0.0, 24.0, 58.8425537813, 64.0, 82.7140226568, 93.53069441849999, 103.15478585614, 118.98406306644, 148.50357380084, 300.0, 317.5792279694, 332.4924740614, 378.0, 412.6152135628, 444.56576931700005, 447.89914793336004, 465.08413024346004, 477.0, 529.0, 549.4257496801999, 566.2286940948, 588.4711797696999]
