Avion: 5      Iteracion: 1

Num Ruta: 4
Ingresos: 2615.002
Costos: 650.362128718
Utilidad Ruta: 1964.63987128
Costo Reducido: 2035.01849409
Nodos: [105, 17, 52, 16, 51, 24, 59, 11, 46, 3, 38, 23, 35, 70, 32, 67, 26, 61, 58, 28, 63, 8, 33, 43, 6, 41, 68, 715]
q: [0.0, 5.0, -5.0, 9.0, -9.0, 11.0, -11.0, 6.0, -6.0, 13.0, -13.0, 10.0, 5.0, -5.0, 5.0, -5.0, 5.0, -5.0, -10.0, 6.0, -6.0, 8.0, 5.0, -8.0, 4.0, -4.0, -5.0, 0.0]
Q: [0.0, 5.0, 0.0, 9.0, 0.0, 11.0, 0.0, 6.0, 0.0, 13.0, 0.0, 10.0, 15.0, 10.0, 15.0, 10.0, 15.0, 10.0, 0.0, 6.0, 0.0, 8.0, 13.0, 5.0, 9.0, 5.0, 0.0, 0.0]
B: [0.0, 35.8094227823, 70.65197656359999, 75.98361589873998, 85.60770733637999, 110.83390641588, 149.34685671838, 169.0, 173.05406684701, 256.0, 261.08428175852, 267.0, 277.4634044651, 289.38614345409997, 309.0, 319.4016530417, 332.1221722921, 349.7014002615, 352.76847264408, 378.0, 414.0266187839, 448.6194490382, 462.38410384680003, 485.6584708629, 494.84914249233, 498.54143189051996, 529.6192927081199, 573.3796191466199]
