Avion: 6      Iteracion: 82

Num Ruta: 76
Ingresos: 1800.313
Costos: 421.559024529
Utilidad Ruta: 1378.75397547
Costo Reducido: 7.46992916709
Nodos: [106, 30, 16, 51, 65, 10, 45, 1, 11, 46, 36, 23, 35, 70, 32, 67, 26, 61, 58, 6, 41, 13, 48, 716]
q: [0.0, 11.0, 4.0, -4.0, -11.0, 12.0, -12.0, 7.0, 6.0, -6.0, -7.0, 7.0, 8.0, -8.0, 8.0, -8.0, 8.0, -8.0, -7.0, 4.0, -4.0, 15.0, -15.0, 0.0]
Q: [0.0, 11.0, 15.0, 11.0, 0.0, 12.0, 0.0, 7.0, 13.0, 7.0, 0.0, 7.0, 15.0, 7.0, 15.0, 7.0, 15.0, 7.0, 0.0, 4.0, 0.0, 15.0, 0.0, 0.0]
B: [0.0, 64.0, 72.20259129788, 81.82668273552001, 84.69783929691, 103.39088958301001, 132.91040031741, 175.0, 193.6808285951, 197.73489544211, 232.05062478011, 267.0, 277.4634044651, 289.38614345409997, 309.0, 319.4016530417, 332.1221722921, 349.7014002615, 352.76847264408, 436.0, 439.69228939819, 453.10235550539, 469.98550645539, 493.35894276669]
