Avion: 1      Iteracion: 84

Num Ruta: 76
Ingresos: 2019.72
Costos: 402.409977262
Utilidad Ruta: 1617.31002274
Costo Reducido: 4.05581852129
Nodos: [101, 30, 65, 24, 59, 1, 36, 3, 38, 23, 18, 58, 53, 31, 66, 19, 54, 6, 41, 711]
q: [0.0, 11.0, -11.0, 11.0, -11.0, 7.0, -7.0, 13.0, -13.0, 5.0, 10.0, -5.0, -10.0, 9.0, -9.0, 7.0, -7.0, 4.0, -4.0, 0.0]
Q: [0.0, 11.0, 0.0, 11.0, 0.0, 7.0, 0.0, 13.0, 0.0, 5.0, 15.0, 10.0, 0.0, 9.0, 0.0, 7.0, 0.0, 4.0, 0.0, 0.0]
B: [0.0, 64.0, 82.7140226568, 107.4479935471, 145.9609438496, 175.0, 209.2400855285, 256.0, 261.08428175852, 267.0, 293.0, 318.4393114097, 328.36484298237, 406.0, 434.325479078, 450.4266959264, 477.0538122179, 488.84483121539995, 492.53712061358993, 510.68714540698994]
