Avion: 5      Iteracion: 13

Num Ruta: 15
Ingresos: 778.666
Costos: 339.423093106
Utilidad Ruta: 439.242906894
Costo Reducido: 101.572035846
Nodos: [105, 18, 53, 34, 69, 33, 13, 48, 68, 715]
q: [0.0, 10.0, -10.0, 8.0, -8.0, 5.0, 10.0, -10.0, -5.0, 0.0]
Q: [0.0, 10.0, 0.0, 8.0, 0.0, 5.0, 15.0, 5.0, 0.0, 0.0]
B: [0.0, 293.0, 316.8182362487, 340.28894720939996, 376.72907742319995, 437.0, 462.372931896, 479.256082846, 484.60413314494, 528.3644595834401]
