Avion: 5      Iteracion: 78

Num Ruta: 48
Ingresos: 1172.868
Costos: 297.10066759
Utilidad Ruta: 875.76733241
Costo Reducido: 25.5330238418
Nodos: [105, 14, 49, 23, 58, 22, 57, 715]
q: [0, 8.0, -8.0, 10.0, -10.0, 10.0, -10.0, 0]
Q: [0, 8.0, 0.0, 10.0, 0.0, 10.0, 0.0, 0]
B: [0.0, 112.0, 124.021711775, 267.0, 306.733842905, 322.49026689650003, 344.24495303540004, 353.39808195397006]
