Avion: 7      Iteracion: 15

Num Ruta: 13
Ingresos: 422.808
Costos: 188.256222517
Utilidad Ruta: 234.551777483
Costo Reducido: 134.113917077
Nodos: [107, 14, 49, 22, 57, 717]
q: [0, 8.0, -8.0, 10.0, -10.0, 0]
Q: [0, 8.0, 0.0, 10.0, 0.0, 0]
B: [0.0, 112.0, 124.021711775, 299.0, 320.7546861389, 322.72147489217]
