Avion: 1      Iteracion: 57

Num Ruta: 54
Ingresos: 2456.805
Costos: 527.996781651
Utilidad Ruta: 1928.80821835
Costo Reducido: 31.0068878002
Nodos: [101, 30, 16, 51, 65, 24, 59, 1, 36, 23, 3, 38, 35, 70, 18, 53, 58, 31, 66, 19, 54, 6, 41, 5, 40, 2, 37, 711]
q: [0.0, 6.0, 9.0, -9.0, -6.0, 11.0, -11.0, 7.0, -7.0, 2.0, 13.0, -13.0, 8.0, -8.0, 10.0, -10.0, -2.0, 9.0, -9.0, 7.0, -7.0, 4.0, -4.0, 9.0, -9.0, 10.0, -10.0, 0.0]
Q: [0.0, 6.0, 15.0, 6.0, 0.0, 11.0, 0.0, 7.0, 0.0, 2.0, 15.0, 2.0, 10.0, 2.0, 12.0, 2.0, 0.0, 9.0, 0.0, 7.0, 0.0, 4.0, 0.0, 9.0, 0.0, 10.0, 0.0, 0.0]
B: [0.0, 64.0, 72.20259129788, 81.82668273552001, 84.69783929691, 109.43181018721, 147.94476048971, 175.0, 209.2400855285, 267.0, 271.29443034639, 276.37871210491, 289.37969668300997, 301.30243567200995, 321.72058879610995, 345.5388250448099, 355.46435661747995, 406.0, 434.325479078, 450.4266959264, 477.0538122179, 488.84483121539995, 492.53712061358993, 510.9259808283899, 512.0476697335699, 526.12972018797, 566.86468223537, 583.81434942977]
