Avion: 1      Iteracion: 18

Num Ruta: 20
Ingresos: 1675.738
Costos: 383.776003507
Utilidad Ruta: 1291.96199649
Costo Reducido: 261.009428446
Nodos: [101, 30, 65, 24, 59, 1, 36, 3, 38, 35, 70, 18, 53, 31, 66, 19, 54, 711]
q: [0, 11.0, -11.0, 11.0, -11.0, 7.0, -7.0, 13.0, -13.0, 8.0, -8.0, 10.0, -10.0, 9.0, -9.0, 7.0, -7.0, 0]
Q: [0, 11.0, 0.0, 11.0, 0.0, 7.0, 0.0, 13.0, 0.0, 8.0, 0.0, 10.0, 0.0, 9.0, 0.0, 7.0, 0.0, 0]
B: [0.0, 64.0, 82.7140226568, 107.4479935471, 145.9609438496, 175.0, 209.2400855285, 256.0, 261.08428175852, 274.08526633661995, 286.00800532561993, 306.42615844971994, 330.2443946984199, 406.0, 434.325479078, 450.4266959264, 477.0538122179, 481.79933916439995]
