Avion: 6      Iteracion: 26

Num Ruta: 26
Ingresos: 1433.124
Costos: 267.966844275
Utilidad Ruta: 1165.15715572
Costo Reducido: 89.470761538
Nodos: [106, 10, 45, 26, 61, 22, 57, 19, 25, 60, 54, 13, 48, 6, 41, 5, 40, 716]
q: [0.0, 12.0, -12.0, 10.0, -10.0, 10.0, -10.0, 5.0, 10.0, -10.0, -5.0, 15.0, -15.0, 4.0, -4.0, 9.0, -9.0, 0.0]
Q: [0.0, 12.0, 0.0, 10.0, 0.0, 10.0, 0.0, 5.0, 15.0, 5.0, 0.0, 15.0, 0.0, 4.0, 0.0, 9.0, 0.0, 0.0]
B: [0.0, 96.0, 125.5195107344, 300.0, 317.5792279694, 331.2134086195, 352.9680947584, 402.0, 411.3920072402, 428.57698955029997, 445.3638459862, 449.59146529262, 466.47461624262, 490.69756486582, 494.38985426401, 512.77871447881, 513.90040338399, 520.62375745766]
