Avion: 7      Iteracion: 83

Num Ruta: 42
Ingresos: 1125.805
Costos: 214.249343299
Utilidad Ruta: 911.555656701
Costo Reducido: 27.9208476277
Nodos: [107, 14, 49, 3, 38, 23, 58, 13, 31, 48, 66, 717]
q: [0.0, 8.0, -8.0, 0.0, 0.0, 10.0, -10.0, 6.0, 9.0, -6.0, -9.0, 0.0]
Q: [0.0, 8.0, 0.0, 0.0, 0.0, 10.0, 0.0, 6.0, 15.0, 9.0, 0.0, 0.0]
B: [0.0, 112.0, 124.021711775, 256.0, 261.08428175852, 267.0, 306.733842905, 423.0, 438.1372157281, 442.5947291605, 475.3319081624, 478.96663016002]
