Avion: 6      Iteracion: 13

Num Ruta: 15
Ingresos: 1917.951
Costos: 431.476539835
Utilidad Ruta: 1486.47446016
Costo Reducido: 303.054655281
Nodos: [106, 17, 30, 52, 16, 65, 51, 10, 45, 32, 67, 34, 69, 33, 6, 41, 13, 48, 68, 29, 4, 64, 39, 716]
q: [0.0, 5.0, 6.0, -5.0, 9.0, -6.0, -9.0, 12.0, -12.0, 11.0, -11.0, 8.0, -8.0, 5.0, 4.0, -4.0, 10.0, -10.0, -5.0, 9.0, 3.0, -9.0, -3.0, 0.0]
Q: [0.0, 5.0, 11.0, 6.0, 15.0, 9.0, 0.0, 12.0, 0.0, 11.0, 0.0, 8.0, 0.0, 5.0, 9.0, 5.0, 15.0, 5.0, 0.0, 9.0, 12.0, 3.0, 0.0, 0.0]
B: [0.0, 24.0, 64.0, 67.14445448369, 72.47609381883, 83.29276558052999, 86.16392214191998, 101.99319935221999, 131.51271008662, 309.0, 319.4016530417, 346.1750898215, 382.6152200353, 437.0, 463.1548069196, 466.84709631779, 480.25716242499, 497.14031337499, 502.48836367393, 549.0, 569.7100026316, 592.5834067727, 604.8024778094, 619.4795926485]
