Avion: 4      Iteracion: 78

Num Ruta: 65
Ingresos: 3158.262
Costos: 481.123743758
Utilidad Ruta: 2677.13825624
Costo Reducido: 97.206562429
Nodos: [104, 17, 52, 9, 44, 14, 49, 23, 18, 53, 58, 22, 57, 19, 25, 60, 31, 54, 66, 33, 68, 29, 64, 714]
q: [0.0, 5.0, -5.0, 11.0, -11.0, 8.0, -8.0, 10.0, 5.0, -5.0, -10.0, 10.0, -10.0, 6.0, 9.0, -9.0, 9.0, -6.0, -9.0, 5.0, -5.0, 9.0, -9.0, 0.0]
Q: [0.0, 5.0, 0.0, 11.0, 0.0, 8.0, 0.0, 10.0, 15.0, 10.0, 0.0, 10.0, 0.0, 6.0, 15.0, 6.0, 15.0, 9.0, 0.0, 5.0, 0.0, 9.0, 0.0, 0.0]
B: [0.0, 24.0, 58.8425537813, 81.72911018459999, 111.25634718709999, 121.5131539026, 133.5348656776, 267.0, 293.0, 316.8182362487, 326.74376782137, 342.50019181287, 364.25487795177, 402.0, 411.3920072402, 428.57698955029997, 433.39863615700995, 450.50467558760994, 472.92283987460996, 495.32100131701, 537.27366636941, 549.0, 582.7797797802, 609.550209829]
