Avion: 3      Iteracion: 0

Num Ruta: 1
Ingresos: 641.703
Costos: 290.286871321
Utilidad Ruta: 351.416128679
Costo Reducido: -
Nodos: [103, 28, 63, 25, 60, 4, 39, 713]
q: [0, 6.0, -6.0, 10.0, -10.0, 3.0, -3.0, 0]
Q: [0, 6.0, 0.0, 10.0, 0.0, 3.0, 0.0, 0]
B: [0.0, 378.0, 414.0266187839, 417.35999740026, 434.54497971036, 529.0, 549.4257496801999, 580.1121997519]
