Avion: 7      Iteracion: 47

Num Ruta: 31
Ingresos: 914.927
Costos: 357.443488225
Utilidad Ruta: 557.483511775
Costo Reducido: 3.1323440109
Nodos: [107, 2, 37, 29, 64, 717]
q: [0, 10.0, -10.0, 9.0, -9.0, 0]
Q: [0, 10.0, 0.0, 9.0, 0.0, 0]
B: [0.0, 522.0, 562.7349620474, 572.53970258451, 606.31948236471, 643.78387112261]
