Avion: 4      Iteracion: 52

Num Ruta: 47
Ingresos: 2701.494
Costos: 536.401134222
Utilidad Ruta: 2165.09286578
Costo Reducido: 97.9399826016
Nodos: [104, 17, 52, 9, 44, 11, 46, 1, 36, 35, 70, 26, 61, 34, 69, 19, 25, 60, 31, 54, 66, 33, 68, 29, 64, 714]
q: [0.0, 5.0, -5.0, 11.0, -11.0, 6.0, -6.0, 7.0, -7.0, 8.0, -8.0, 10.0, -10.0, 8.0, -8.0, 7.0, 0.0, 0.0, 8.0, -7.0, -8.0, 5.0, -5.0, 9.0, -9.0, 0.0]
Q: [0.0, 5.0, 0.0, 11.0, 0.0, 6.0, 0.0, 7.0, 0.0, 8.0, 0.0, 10.0, 0.0, 8.0, 0.0, 7.0, 7.0, 7.0, 15.0, 8.0, 0.0, 5.0, 0.0, 9.0, 0.0, 0.0]
B: [0.0, 24.0, 58.8425537813, 81.72911018459999, 111.25634718709999, 169.0, 173.05406684701, 195.72351838431, 229.96360391281002, 270.0, 281.922738989, 300.0, 317.5792279694, 332.4924740614, 368.9326042752, 402.0, 411.3920072402, 428.57698955029997, 433.39863615700995, 450.50467558760994, 472.92283987460996, 495.32100131701, 537.27366636941, 549.0, 582.7797797802, 609.550209829]
