Avion: 1      Iteracion: 30

Num Ruta: 31
Ingresos: 2419.876
Costos: 526.195644133
Utilidad Ruta: 1893.68035587
Costo Reducido: 217.942286563
Nodos: [101, 30, 65, 24, 59, 1, 36, 35, 70, 26, 34, 61, 22, 57, 69, 8, 43, 13, 48, 31, 66, 4, 29, 64, 39, 711]
q: [0.0, 0.0, 0.0, 11.0, -11.0, 7.0, -7.0, 8.0, -8.0, 7.0, 8.0, -7.0, 7.0, -7.0, -8.0, 8.0, -8.0, 15.0, -15.0, 9.0, -9.0, 3.0, 9.0, -9.0, -3.0, 0.0]
Q: [0.0, 0.0, 0.0, 11.0, 0.0, 7.0, 0.0, 8.0, 0.0, 7.0, 15.0, 8.0, 15.0, 8.0, 0.0, 8.0, 0.0, 15.0, 0.0, 9.0, 0.0, 3.0, 12.0, 3.0, 0.0, 0.0]
B: [0.0, 64.0, 82.7140226568, 107.4479935471, 145.9609438496, 175.0, 209.2400855285, 270.0, 281.922738989, 300.0, 322.0, 336.913246092, 350.5474267421, 372.302112881, 382.8923632085, 414.0, 434.768396616, 436.97907275691, 453.86222370691, 458.31973713931, 486.64521621731, 529.0, 549.7100026316, 583.4897824118, 595.7088534485, 612.5178855444]
