Avion: 3      Iteracion: 40

Num Ruta: 33
Ingresos: 1246.209
Costos: 297.819484174
Utilidad Ruta: 948.389515826
Costo Reducido: 49.2424821772
Nodos: [103, 14, 49, 33, 68, 21, 4, 39, 56, 27, 62, 713]
q: [0, 8.0, -8.0, 5.0, -5.0, 12.0, 3.0, -3.0, -12.0, 6.0, -6.0, 0]
Q: [0, 8.0, 0.0, 5.0, 0.0, 12.0, 15.0, 12.0, 0.0, 6.0, 0.0, 0]
B: [0.0, 112.0, 124.021711775, 437.0, 478.9526650524, 489.83214242959997, 529.0, 549.4257496801999, 566.2286940948, 579.4061422924, 596.4370046605, 624.7077249378]
