Avion: 6      Iteracion: 50

Num Ruta: 48
Ingresos: 2299.418
Costos: 517.347900854
Utilidad Ruta: 1782.07009915
Costo Reducido: 106.910351262
Nodos: [106, 17, 52, 16, 51, 24, 59, 10, 45, 1, 36, 3, 38, 25, 60, 6, 41, 5, 40, 33, 68, 29, 4, 64, 39, 716]
q: [0, 5.0, -5.0, 9.0, -9.0, 11.0, -11.0, 12.0, -12.0, 7.0, -7.0, 13.0, -13.0, 10.0, -10.0, 4.0, -4.0, 9.0, -9.0, 5.0, -5.0, 9.0, 3.0, -9.0, -3.0, 0]
Q: [0, 5.0, 0.0, 9.0, 0.0, 11.0, 0.0, 12.0, 0.0, 7.0, 0.0, 13.0, 0.0, 10.0, 0.0, 4.0, 0.0, 9.0, 0.0, 5.0, 0.0, 9.0, 12.0, 3.0, 0.0, 0]
B: [0.0, 24.0, 58.8425537813, 64.17419311644, 73.79828455408, 99.02448363357999, 137.53743393608, 149.32336461638, 178.84287535078, 217.26221652158, 251.50230205008, 258.59885395928, 263.6831357178, 410.0, 427.1849823101, 452.6867527977, 456.37904219589, 474.76790241069, 475.88959131587, 489.17977002047, 531.1324350728701, 549.0, 569.7100026316, 592.5834067727, 604.8024778094, 619.4795926485]
