Avion: 4      Iteracion: 87

Num Ruta: 71
Ingresos: 1694.565
Costos: 365.881479932
Utilidad Ruta: 1328.68352007
Costo Reducido: 1.38420832224
Nodos: [104, 17, 52, 30, 16, 65, 51, 1, 36, 3, 38, 18, 53, 25, 60, 29, 64, 714]
q: [0.0, 5.0, -5.0, 6.0, 9.0, -6.0, -9.0, 7.0, -7.0, 13.0, -13.0, 10.0, -10.0, 10.0, -10.0, 9.0, -9.0, 0.0]
Q: [0.0, 5.0, 0.0, 6.0, 15.0, 9.0, 0.0, 7.0, 0.0, 13.0, 0.0, 10.0, 0.0, 10.0, 0.0, 9.0, 0.0, 0.0]
B: [0.0, 24.0, 58.8425537813, 64.0, 72.20259129788, 83.01926305958, 85.89041962097, 175.0, 209.2400855285, 256.0, 261.08428175852, 293.0, 316.8182362487, 410.0, 427.1849823101, 549.0, 582.7797797802, 609.550209829]
