Avion: 3      Iteracion: 83

Num Ruta: 43
Ingresos: 1306.397
Costos: 368.593362908
Utilidad Ruta: 937.803637092
Costo Reducido: 79.0188789209
Nodos: [103, 30, 16, 51, 65, 24, 59, 35, 70, 18, 53, 21, 56, 27, 62, 713]
q: [0.0, 6.0, 9.0, -9.0, -6.0, 11.0, -11.0, 8.0, -8.0, 10.0, -10.0, 12.0, -12.0, 0.0, 0.0, 0.0]
Q: [0.0, 6.0, 15.0, 6.0, 0.0, 11.0, 0.0, 8.0, 0.0, 10.0, 0.0, 12.0, 0.0, 0.0, 0.0, 0.0]
B: [0.0, 64.0, 72.20259129788, 81.82668273552001, 84.69783929691, 109.43181018721, 147.94476048971, 270.0, 281.922738989, 302.3408921131, 326.15912836179996, 477.0, 517.7387906792, 538.0, 555.0308623681, 583.3015826454]
