Avion: 4      Iteracion: 16

Num Ruta: 17
Ingresos: 1397.884
Costos: 343.259621693
Utilidad Ruta: 1054.62437831
Costo Reducido: 239.137252618
Nodos: [104, 17, 52, 9, 44, 14, 49, 3, 38, 25, 60, 19, 54, 13, 48, 714]
q: [0, 5.0, -5.0, 11.0, -11.0, 8.0, -8.0, 13.0, -13.0, 10.0, -10.0, 7.0, -7.0, 15.0, -15.0, 0]
Q: [0, 5.0, 0.0, 11.0, 0.0, 8.0, 0.0, 13.0, 0.0, 10.0, 0.0, 7.0, 0.0, 15.0, 0.0, 0]
B: [0.0, 24.0, 58.8425537813, 81.72911018459999, 111.25634718709999, 121.5131539026, 133.5348656776, 256.0, 261.08428175852, 410.0, 427.1849823101, 443.8578739909, 470.48499028239996, 474.71260958882, 491.59576053882, 503.27506124562]
