Avion: 1      Iteracion: 14

Num Ruta: 16
Ingresos: 1867.371
Costos: 547.826111371
Utilidad Ruta: 1319.54488863
Costo Reducido: 350.55807133
Nodos: [101, 16, 51, 30, 65, 24, 59, 1, 36, 23, 3, 38, 18, 53, 58, 31, 66, 25, 60, 21, 4, 56, 27, 62, 39, 711]
q: [0.0, 9.0, -9.0, 11.0, -11.0, 0.0, 0.0, 0.0, 0.0, 0.0, 13.0, -13.0, 10.0, -10.0, 0.0, 9.0, -9.0, 10.0, -10.0, 12.0, 3.0, -12.0, 6.0, -6.0, -3.0, 0.0]
Q: [0.0, 9.0, 0.0, 11.0, 0.0, 0.0, 0.0, 0.0, 0.0, 0.0, 13.0, 0.0, 10.0, 0.0, 0.0, 9.0, 0.0, 10.0, 0.0, 12.0, 15.0, 3.0, 9.0, 3.0, 0.0, 0.0]
B: [0.0, 36.0, 45.624091437640004, 64.0, 82.7140226568, 107.4479935471, 145.9609438496, 175.0, 209.2400855285, 267.0, 271.29443034639, 276.37871210491, 297.41772125461, 321.23595750331, 331.16148907598, 406.0, 434.325479078, 459.752616235, 476.9375985451, 485.1063120301, 529.0, 558.169797411, 571.3472456086, 588.3781079767, 593.79336651162, 610.60239860752]
