Avion: 1      Iteracion: 19

Num Ruta: 21
Ingresos: 1911.021
Costos: 415.946224083
Utilidad Ruta: 1495.07477592
Costo Reducido: 177.000536558
Nodos: [101, 30, 65, 24, 59, 1, 36, 3, 38, 23, 32, 67, 26, 61, 58, 28, 63, 25, 19, 60, 8, 54, 43, 711]
q: [0.0, 11.0, -11.0, 11.0, -11.0, 7.0, -7.0, 13.0, -13.0, 0.0, 11.0, -11.0, 10.0, -10.0, 0.0, 6.0, -6.0, 10.0, 0.0, -10.0, 8.0, 0.0, -8.0, 0.0]
Q: [0.0, 11.0, 0.0, 11.0, 0.0, 7.0, 0.0, 13.0, 0.0, 0.0, 11.0, 0.0, 10.0, 0.0, 0.0, 6.0, 0.0, 10.0, 10.0, 0.0, 8.0, 8.0, 0.0, 0.0]
B: [0.0, 64.0, 82.7140226568, 107.4479935471, 145.9609438496, 175.0, 209.2400855285, 256.0, 261.08428175852, 267.0, 309.0, 319.4016530417, 332.1221722921, 349.7014002615, 352.76847264408, 378.0, 414.0266187839, 417.35999740026, 426.75200464046, 443.42489632125995, 469.24549617875994, 487.20245560955993, 490.1305748011199, 495.8397060835499]
