Avion: 4      Iteracion: 5

Num Ruta: 7
Ingresos: 2019.479
Costos: 454.799380885
Utilidad Ruta: 1564.67961912
Costo Reducido: 1258.50244644
Nodos: [104, 17, 52, 30, 16, 51, 65, 14, 49, 3, 38, 23, 35, 70, 58, 34, 28, 69, 63, 25, 60, 13, 48, 714]
q: [0.0, 0.0, 0.0, 11.0, 4.0, -4.0, -11.0, 8.0, -8.0, 13.0, -13.0, 10.0, 5.0, -5.0, -10.0, 8.0, 6.0, -8.0, -6.0, 10.0, -10.0, 15.0, -15.0, 0.0]
Q: [0.0, 0.0, 0.0, 11.0, 15.0, 11.0, 0.0, 8.0, 0.0, 13.0, 0.0, 10.0, 15.0, 10.0, 0.0, 8.0, 14.0, 6.0, 0.0, 10.0, 0.0, 15.0, 0.0, 0.0]
B: [0.0, 24.0, 58.8425537813, 64.0, 72.20259129788, 81.82668273552001, 84.69783929691, 112.49377995381, 124.51549172881, 256.0, 261.08428175852, 267.0, 277.4634044651, 289.38614345409997, 313.15284696969997, 327.41179398549997, 378.0, 412.6152135628, 444.56576931700005, 447.89914793336004, 465.08413024346004, 481.08519070836, 497.96834165836003, 509.64764236516004]
