Avion: 1      Iteracion: 36

Num Ruta: 36
Ingresos: 1142.917
Costos: 434.692264059
Utilidad Ruta: 708.224735941
Costo Reducido: 24.2675152487
Nodos: [101, 30, 65, 16, 51, 1, 36, 35, 70, 32, 67, 33, 5, 40, 68, 4, 39, 711]
q: [0, 11.0, -11.0, 9.0, -9.0, 7.0, -7.0, 8.0, -8.0, 11.0, -11.0, 5.0, 9.0, -9.0, -5.0, 3.0, -3.0, 0]
Q: [0, 11.0, 0.0, 9.0, 0.0, 7.0, 0.0, 8.0, 0.0, 11.0, 0.0, 5.0, 14.0, 5.0, 0.0, 3.0, 0.0, 0]
B: [0.0, 64.0, 82.7140226568, 93.53069441849999, 103.15478585614, 175.0, 209.2400855285, 270.0, 281.922738989, 309.0, 319.4016530417, 437.0, 469.0, 470.12168890518, 499.13406352358, 529.0, 549.4257496801999, 566.2347817760999]
