Avion: 2      Iteracion: 1

Num Ruta: 4
Ingresos: 3519.305
Costos: 731.978621531
Utilidad Ruta: 2787.32637847
Costo Reducido: 3165.13639709
Nodos: [102, 16, 51, 17, 52, 10, 45, 3, 38, 23, 18, 53, 58, 26, 61, 28, 31, 63, 66, 8, 43, 6, 41, 4, 27, 62, 39, 2, 37, 712]
q: [0.0, 9.0, -9.0, 5.0, -5.0, 12.0, -12.0, 13.0, -13.0, 10.0, 5.0, -5.0, -10.0, 10.0, -10.0, 6.0, 9.0, -6.0, -9.0, 8.0, -8.0, 4.0, -4.0, 3.0, 6.0, -6.0, -3.0, 10.0, -10.0, 0.0]
Q: [0.0, 9.0, 0.0, 5.0, 0.0, 12.0, 0.0, 13.0, 0.0, 10.0, 15.0, 10.0, 0.0, 10.0, 0.0, 6.0, 15.0, 9.0, 0.0, 8.0, 0.0, 4.0, 0.0, 3.0, 9.0, 3.0, 0.0, 10.0, 0.0, 0.0]
B: [0.0, 36.0, 45.624091437640004, 78.34191948294, 113.18447326424, 130.44527246354, 159.96478319794, 256.0, 261.08428175852, 267.0, 293.0, 316.8182362487, 326.74376782137, 346.43014059547, 364.00936856487, 378.0, 406.0, 426.4968799577, 454.9113116606, 463.69415778244, 484.46255439844003, 493.65322602787, 497.34551542606, 529.0, 546.6147745373, 563.6456369054, 569.06089544032, 578.51536195092, 619.25032399832, 623.36607046767]
