Avion: 7      Iteracion: 81

Num Ruta: 40
Ingresos: 499.617
Costos: 258.804461606
Utilidad Ruta: 240.812538394
Costo Reducido: 8.47588471193
Nodos: [107, 14, 49, 18, 53, 31, 66, 717]
q: [0, 8.0, -8.0, 10.0, -10.0, 9.0, -9.0, 0]
Q: [0, 8.0, 0.0, 10.0, 0.0, 9.0, 0.0, 0]
B: [0.0, 112.0, 124.021711775, 293.0, 316.8182362487, 406.0, 434.325479078, 437.96020107562]
