Avion: 3      Iteracion: 31

Num Ruta: 27
Ingresos: 243.241
Costos: 259.143058497
Utilidad Ruta: -15.9020584965
Costo Reducido: 22.7645871099
Nodos: [103, 16, 51, 9, 44, 713]
q: [0, 9.0, -9.0, 11.0, -11.0, 0]
Q: [0, 9.0, 0.0, 11.0, 0.0, 0]
B: [0.0, 36.0, 45.624091437640004, 75.68094759394, 105.20818459644, 125.58484305654001]
