Avion: 6      Iteracion: 85

Num Ruta: 79
Ingresos: 1646.762
Costos: 364.445323983
Utilidad Ruta: 1282.31667602
Costo Reducido: 94.3995615608
Nodos: [106, 30, 16, 51, 65, 14, 49, 23, 35, 70, 18, 53, 58, 34, 69, 19, 54, 13, 48, 6, 41, 5, 40, 716]
q: [0.0, 11.0, 4.0, -4.0, -11.0, 8.0, -8.0, 5.0, 8.0, -8.0, 10.0, -10.0, -5.0, 8.0, -8.0, 7.0, -7.0, 15.0, -15.0, 4.0, -4.0, 9.0, -9.0, 0.0]
Q: [0.0, 11.0, 15.0, 11.0, 0.0, 8.0, 0.0, 5.0, 13.0, 5.0, 15.0, 5.0, 0.0, 8.0, 0.0, 7.0, 0.0, 15.0, 0.0, 4.0, 0.0, 9.0, 0.0, 0.0]
B: [0.0, 64.0, 72.20259129788, 81.82668273552001, 84.69783929691, 112.49377995381, 124.51549172881, 267.0, 277.4634044651, 289.38614345409997, 309.80429657819997, 333.62253282689994, 343.54806439956997, 357.80701141536997, 394.24714162916996, 414.78695788926996, 441.41407418076994, 445.64169348718997, 462.52484443719, 486.74779306039, 490.44008245858, 508.82894267337997, 509.95063157856, 516.6739856522299]
