Avion: 3      Iteracion: 4

Num Ruta: 5
Ingresos: 2468.338
Costos: 515.66150448
Utilidad Ruta: 1952.67649552
Costo Reducido: 1173.90469057
Nodos: [103, 17, 30, 52, 65, 24, 59, 1, 11, 46, 36, 18, 57, 22, 53, 28, 31, 66, 63, 25, 60, 713]
q: [0.0, 5.0, 10.0, -5.0, -10.0, 11.0, -11.0, 7.0, 6.0, -6.0, -7.0, 10.0, -10.0, 10.0, -10.0, 6.0, 9.0, -9.0, -6.0, 10.0, -10.0, 0.0]
Q: [0.0, 5.0, 15.0, 10.0, 0.0, 11.0, 0.0, 7.0, 13.0, 7.0, 0.0, 10.0, 0.0, 10.0, 0.0, 6.0, 15.0, 6.0, 0.0, 10.0, 0.0, 0.0]
B: [0.0, 39.7453305433, 73.3590421503, 76.50349663399, 92.60144215509, 117.33541304539, 155.84836334789, 175.0, 193.6808285951, 197.73489544211, 232.05062478011, 293.0, 320.0, 341.7546861389, 357.2375335514, 378.0, 406.0, 434.325479078, 462.7399107809, 466.07328939726, 483.25827170736, 489.71444495472997]
