Avion: 4      Iteracion: 6

Num Ruta: 8
Ingresos: 2426.449
Costos: 528.46713796
Utilidad Ruta: 1897.98186204
Costo Reducido: 1327.41430548
Nodos: [104, 17, 52, 30, 16, 51, 65, 14, 49, 3, 38, 35, 70, 32, 67, 26, 61, 25, 60, 19, 8, 54, 43, 5, 40, 2, 37, 29, 64, 714]
q: [0.0, 0.0, 0.0, 11.0, 0.0, 0.0, -11.0, 8.0, -8.0, 13.0, -13.0, 8.0, -8.0, 11.0, -11.0, 10.0, -10.0, 10.0, -10.0, 7.0, 8.0, -7.0, -8.0, 9.0, -9.0, 10.0, -10.0, 9.0, -9.0, 0.0]
Q: [0.0, 0.0, 0.0, 11.0, 11.0, 11.0, 0.0, 8.0, 0.0, 13.0, 0.0, 8.0, 0.0, 11.0, 0.0, 10.0, 0.0, 10.0, 0.0, 7.0, 15.0, 8.0, 0.0, 9.0, 0.0, 10.0, 0.0, 9.0, 0.0, 0.0]
B: [0.0, 24.0, 58.8425537813, 64.0, 72.20259129788, 81.82668273552001, 84.69783929691, 112.49377995381, 124.51549172881, 256.0, 261.08428175852, 274.08526633661995, 286.00800532561993, 309.0, 319.4016530417, 332.1221722921, 349.7014002615, 410.0, 427.1849823101, 443.8578739909, 467.0187555372, 484.975714968, 487.90383415955995, 497.65664503642995, 498.77833394160996, 522.0, 562.7349620474, 572.53970258451, 606.31948236471, 633.08991241351]
