Avion: 7      Iteracion: 35

Num Ruta: 25
Ingresos: 529.732
Costos: 236.432466817
Utilidad Ruta: 293.299533183
Costo Reducido: 55.4243220994
Nodos: [107, 30, 65, 22, 57, 717]
q: [0, 11.0, -11.0, 10.0, -10.0, 0]
Q: [0, 11.0, 0.0, 10.0, 0.0, 0]
B: [0.0, 64.0, 82.7140226568, 299.0, 320.7546861389, 322.72147489217]
