Avion: 4      Iteracion: 30

Num Ruta: 30
Ingresos: 3148.661
Costos: 552.608285936
Utilidad Ruta: 2596.05271406
Costo Reducido: 136.479719846
Nodos: [104, 17, 52, 9, 44, 14, 49, 35, 70, 22, 57, 18, 53, 31, 66, 8, 33, 5, 40, 43, 68, 21, 4, 39, 56, 29, 64, 714]
q: [0.0, 5.0, -5.0, 11.0, -11.0, 8.0, -8.0, 8.0, -8.0, 10.0, -10.0, 10.0, -10.0, 9.0, -9.0, 8.0, 5.0, 2.0, -2.0, -8.0, -5.0, 12.0, 3.0, -3.0, -12.0, 9.0, -9.0, 0.0]
Q: [0.0, 5.0, 0.0, 11.0, 0.0, 8.0, 0.0, 8.0, 0.0, 10.0, 0.0, 10.0, 0.0, 9.0, 0.0, 8.0, 13.0, 15.0, 13.0, 5.0, 0.0, 12.0, 15.0, 12.0, 0.0, 9.0, 0.0, 0.0]
B: [0.0, 24.0, 58.8425537813, 81.72911018459999, 111.25634718709999, 121.5131539026, 133.5348656776, 270.0, 281.922738989, 299.64604976889996, 321.40073590779997, 334.8011725052, 358.61940875389996, 406.0, 434.325479078, 443.10832519984, 456.87298000844, 470.57114718514, 471.69283609032, 482.17081308972, 504.12769412962, 515.00717150682, 529.95495987162, 550.38070955182, 567.18365396642, 605.63695044412, 639.41673022432, 666.18716027312]
