Avion: 1      Iteracion: 0

Num Ruta: 1
Ingresos: 1183.678
Costos: 436.934328683
Utilidad Ruta: 746.743671317
Costo Reducido: -
Nodos: [101, 24, 59, 6, 41, 8, 43, 21, 56, 711]
q: [0, 11.0, -11.0, 4.0, -4.0, 8.0, -8.0, 12.0, -12.0, 0]
Q: [0, 11.0, 0.0, 4.0, 0.0, 8.0, 0.0, 12.0, 0.0, 0]
B: [0.0, 61.0, 99.5129503025, 436.0, 439.69228939819, 470.96534786709, 491.73374448309, 516.69791618979, 557.43670686899, 579.6791925438899]
