Avion: 7      Iteracion: 12

Num Ruta: 10
Ingresos: 291.315
Costos: 246.28320619
Utilidad Ruta: 45.0317938097
Costo Reducido: 32.3411593066
Nodos: [107, 11, 46, 31, 66, 717]
q: [0, 6.0, -6.0, 9.0, -9.0, 0]
Q: [0, 6.0, 0.0, 9.0, 0.0, 0]
B: [0.0, 169.0, 173.05406684701, 406.0, 434.325479078, 437.96020107562]
