Avion: 6      Iteracion: 24

Num Ruta: 25
Ingresos: 759.517
Costos: 189.606048642
Utilidad Ruta: 569.910951358
Costo Reducido: 131.406881417
Nodos: [106, 6, 41, 5, 40, 33, 68, 29, 4, 27, 64, 39, 62, 716]
q: [0.0, 4.0, -4.0, 9.0, -9.0, 5.0, -5.0, 6.0, 3.0, 6.0, -6.0, -3.0, -6.0, 0.0]
Q: [0.0, 4.0, 0.0, 9.0, 0.0, 5.0, 0.0, 6.0, 9.0, 15.0, 9.0, 6.0, 0.0, 0.0]
B: [0.0, 436.0, 439.69228939819, 469.0, 470.12168890518, 483.41186760978, 525.3645326621801, 549.0, 569.7100026316, 587.3247771689, 595.54120516408, 607.76027620078, 613.1755347357, 622.8812050886401]
