Avion: 3      Iteracion: 12

Num Ruta: 10
Ingresos: 1894.117
Costos: 587.099070349
Utilidad Ruta: 1307.01792965
Costo Reducido: 324.76540475
Nodos: [103, 9, 44, 24, 59, 10, 45, 1, 11, 46, 36, 32, 67, 26, 61, 34, 69, 25, 60, 13, 48, 713]
q: [0, 11.0, -11.0, 11.0, -11.0, 12.0, -12.0, 7.0, 6.0, -6.0, -7.0, 11.0, -11.0, 10.0, -10.0, 8.0, -8.0, 10.0, -10.0, 15.0, -15.0, 0]
Q: [0, 11.0, 0.0, 11.0, 0.0, 12.0, 0.0, 7.0, 13.0, 7.0, 0.0, 11.0, 0.0, 10.0, 0.0, 8.0, 0.0, 10.0, 0.0, 15.0, 0.0, 0]
B: [0.0, 37.2069129329, 66.73414993540001, 90.87439983050001, 129.387350133, 141.1732808133, 170.6927915477, 209.11213271850002, 227.79296131360002, 231.84702816061002, 266.16275749861, 309.0, 319.4016530417, 332.1221722921, 349.7014002615, 364.6146463535, 401.0547765673, 430.3736109916, 447.5585933017, 463.5596537666, 480.4428047166, 483.2172929577]
