Avion: 6      Iteracion: 60

Num Ruta: 57
Ingresos: 2600.238
Costos: 380.686327699
Utilidad Ruta: 2219.5516723
Costo Reducido: 130.117369377
Nodos: [106, 17, 30, 52, 16, 65, 51, 1, 36, 3, 38, 23, 35, 70, 34, 58, 22, 69, 57, 19, 54, 13, 48, 6, 41, 5, 40, 716]
q: [0.0, 5.0, 6.0, -5.0, 9.0, -6.0, -9.0, 7.0, -7.0, 13.0, -13.0, 7.0, 8.0, -8.0, 8.0, -7.0, 7.0, -8.0, -7.0, 7.0, -7.0, 15.0, -15.0, 4.0, -4.0, 9.0, -9.0, 0.0]
Q: [0.0, 5.0, 11.0, 6.0, 15.0, 9.0, 0.0, 7.0, 0.0, 13.0, 0.0, 7.0, 15.0, 7.0, 15.0, 8.0, 15.0, 7.0, 0.0, 7.0, 0.0, 15.0, 0.0, 4.0, 0.0, 9.0, 0.0, 0.0]
B: [0.0, 24.0, 64.0, 67.14445448369, 72.47609381883, 83.29276558052999, 86.16392214191998, 175.0, 209.2400855285, 256.0, 261.08428175852, 267.0, 277.4634044651, 289.38614345409997, 322.0, 336.2589470158, 352.0153710073, 366.5845376616, 377.17478798909997, 402.0, 428.6271162915, 432.85473559792, 449.73788654792, 473.96083517112004, 477.65312456931, 496.04198478411, 497.16367368929, 503.88702776296003]
