Avion: 2      Iteracion: 44

Num Ruta: 35
Ingresos: 1038.686
Costos: 511.836899953
Utilidad Ruta: 526.849100047
Costo Reducido: 13.0513894974
Nodos: [102, 16, 51, 10, 45, 1, 36, 35, 70, 33, 13, 68, 48, 712]
q: [0.0, 9.0, -9.0, 12.0, -12.0, 7.0, -7.0, 8.0, -8.0, 5.0, 10.0, -5.0, -10.0, 0.0]
Q: [0.0, 9.0, 0.0, 12.0, 0.0, 7.0, 0.0, 8.0, 0.0, 5.0, 15.0, 10.0, 0.0, 0.0]
B: [0.0, 36.0, 45.624091437640004, 96.0, 125.5195107344, 175.0, 209.2400855285, 270.0, 281.922738989, 437.0, 462.372931896, 482.3437615232, 487.69181182214, 503.08228809803995]
