Avion: 6      Iteracion: 56

Num Ruta: 54
Ingresos: 2504.185
Costos: 463.739712223
Utilidad Ruta: 2040.44528778
Costo Reducido: 105.951334822
Nodos: [106, 17, 52, 9, 44, 11, 46, 35, 70, 18, 53, 28, 31, 63, 19, 66, 54, 6, 41, 5, 40, 2, 4, 37, 39, 716]
q: [0.0, 5.0, -5.0, 11.0, -11.0, 6.0, -6.0, 8.0, -8.0, 10.0, -10.0, 6.0, 8.0, -6.0, 7.0, -8.0, -7.0, 4.0, -4.0, 9.0, -9.0, 10.0, 3.0, -10.0, -3.0, 0.0]
Q: [0.0, 5.0, 0.0, 11.0, 0.0, 6.0, 0.0, 8.0, 0.0, 10.0, 0.0, 6.0, 14.0, 8.0, 15.0, 7.0, 0.0, 4.0, 0.0, 9.0, 0.0, 10.0, 13.0, 3.0, 0.0, 0.0]
B: [0.0, 24.0, 58.8425537813, 81.72911018459999, 111.25634718709999, 169.0, 173.05406684701, 270.0, 281.922738989, 302.3408921131, 326.15912836179996, 378.0, 406.0, 426.4968799577, 439.0326732314, 455.1338900798, 477.5520543668, 489.3430733643, 493.03536276248997, 511.42422297728996, 512.5459118824699, 526.6279623368699, 553.99949493917, 567.4502507543699, 600.6434615360699, 615.3205763751699]
