Avion: 3      Iteracion: 48

Num Ruta: 35
Ingresos: 1272.83
Costos: 239.936670314
Utilidad Ruta: 1032.89332969
Costo Reducido: 9.87995427674
Nodos: [103, 21, 56, 2, 37, 713]
q: [0, 12.0, -12.0, 10.0, -10.0, 0]
Q: [0, 12.0, 0.0, 10.0, 0.0, 0]
B: [0.0, 477.0, 517.7387906792, 541.5898044103, 582.3247664577, 592.4196675469]
