Avion: 1      Iteracion: 2

Num Ruta: 6
Ingresos: 3164.669
Costos: 766.026770505
Utilidad Ruta: 2398.6422295
Costo Reducido: 1455.38593304
Nodos: [101, 16, 51, 9, 24, 44, 59, 10, 45, 1, 36, 35, 70, 18, 53, 34, 69, 19, 54, 8, 33, 5, 40, 43, 68, 21, 4, 56, 27, 39, 62, 711]
q: [0.0, 9.0, -9.0, 4.0, 11.0, -4.0, -11.0, 12.0, -12.0, 7.0, -7.0, 8.0, -8.0, 10.0, -10.0, 8.0, -8.0, 7.0, -7.0, 8.0, 5.0, 2.0, -2.0, -8.0, -5.0, 12.0, 3.0, -12.0, 6.0, -3.0, -6.0, 0.0]
Q: [0.0, 9.0, 0.0, 4.0, 15.0, 11.0, 0.0, 12.0, 0.0, 7.0, 0.0, 8.0, 0.0, 10.0, 0.0, 8.0, 0.0, 7.0, 0.0, 8.0, 13.0, 15.0, 13.0, 5.0, 0.0, 12.0, 15.0, 3.0, 9.0, 6.0, 0.0, 0.0]
B: [0.0, 36.0, 45.624091437640004, 75.68094759394, 82.11782463176, 106.25807452686, 131.31363794096, 143.09956862126, 172.61907935566, 211.03842052646002, 245.27850605496002, 270.0, 281.922738989, 302.3408921131, 326.15912836179996, 349.62983932249995, 386.06996953629994, 406.60978579639993, 433.2369020878999, 451.1938615186999, 464.9585163272999, 478.6566835039999, 479.7783724091799, 490.2563494085799, 512.21323044848, 523.09270782568, 538.04049619048, 567.21029360148, 580.38774179908, 596.73855437828, 602.1538129132, 616.2712040674]
