Avion: 2      Iteracion: 32

Num Ruta: 27
Ingresos: 1144.462
Costos: 414.998493806
Utilidad Ruta: 729.463506194
Costo Reducido: 51.4702620272
Nodos: [102, 16, 51, 35, 70, 33, 13, 48, 68, 4, 39, 2, 37, 712]
q: [0.0, 9.0, -9.0, 8.0, -8.0, 5.0, 0.0, 0.0, -5.0, 3.0, -3.0, 10.0, -10.0, 0.0]
Q: [0.0, 9.0, 0.0, 8.0, 0.0, 5.0, 5.0, 5.0, 0.0, 3.0, 0.0, 10.0, 0.0, 0.0]
B: [0.0, 36.0, 45.624091437640004, 270.0, 281.922738989, 437.0, 462.372931896, 479.256082846, 484.60413314494, 529.0, 549.4257496801999, 558.8802161908, 599.6151782382, 603.73092470755]
