Avion: 4      Iteracion: 57

Num Ruta: 50
Ingresos: 2517.861
Costos: 493.802443626
Utilidad Ruta: 2024.05855637
Costo Reducido: 33.7621086412
Nodos: [104, 17, 52, 9, 44, 11, 46, 1, 36, 3, 38, 35, 70, 22, 57, 25, 60, 31, 33, 66, 68, 29, 64, 714]
q: [0, 5.0, -5.0, 11.0, -11.0, 6.0, -6.0, 7.0, -7.0, 13.0, -13.0, 8.0, -8.0, 10.0, -10.0, 10.0, -10.0, 9.0, 5.0, -9.0, -5.0, 9.0, -9.0, 0]
Q: [0, 5.0, 0.0, 11.0, 0.0, 6.0, 0.0, 7.0, 0.0, 13.0, 0.0, 8.0, 0.0, 10.0, 0.0, 10.0, 0.0, 9.0, 14.0, 5.0, 0.0, 9.0, 0.0, 0]
B: [0.0, 24.0, 58.8425537813, 81.72911018459999, 111.25634718709999, 169.0, 173.05406684701, 195.72351838431, 229.96360391281002, 256.0, 261.08428175852, 274.08526633661995, 286.00800532561993, 303.7313161055199, 325.4860022444199, 410.0, 427.1849823101, 432.00662891681, 469.50789920201, 491.90606064441, 522.85785149731, 549.0, 582.7797797802, 609.550209829]
