Avion: 7      Iteracion: 23

Num Ruta: 19
Ingresos: 1191.064
Costos: 239.582067044
Utilidad Ruta: 951.481932956
Costo Reducido: 40.0765210935
Nodos: [107, 14, 49, 3, 38, 23, 58, 13, 28, 48, 63, 717]
q: [0.0, 8.0, -8.0, 0.0, 0.0, 10.0, -10.0, 9.0, 6.0, -9.0, -6.0, 0.0]
Q: [0.0, 8.0, 0.0, 0.0, 0.0, 10.0, 0.0, 9.0, 15.0, 6.0, 0.0, 0.0]
B: [0.0, 112.0, 124.021711775, 256.0, 261.08428175852, 267.0, 306.733842905, 423.0, 436.7962173439, 450.1536367429, 473.1920667675, 504.29935390410003]
