Avion: 6      Iteracion: 35

Num Ruta: 35
Ingresos: 1412.409
Costos: 338.604843185
Utilidad Ruta: 1073.80415682
Costo Reducido: 147.024448009
Nodos: [106, 17, 52, 30, 16, 65, 51, 10, 45, 32, 67, 34, 69, 31, 66, 6, 41, 5, 40, 716]
q: [0.0, 5.0, -5.0, 11.0, 4.0, -11.0, -4.0, 12.0, -12.0, 11.0, -11.0, 8.0, -8.0, 9.0, -9.0, 4.0, -4.0, 9.0, -9.0, 0.0]
Q: [0.0, 5.0, 0.0, 11.0, 15.0, 4.0, 0.0, 12.0, 0.0, 11.0, 0.0, 8.0, 0.0, 9.0, 0.0, 4.0, 0.0, 9.0, 0.0, 0.0]
B: [0.0, 24.0, 58.8425537813, 64.0, 72.20259129788, 83.01926305958, 85.89041962097, 101.71969683127, 131.23920756567, 309.0, 319.4016530417, 346.1750898215, 382.6152200353, 409.7359641438, 438.0614432218, 471.8178236705, 475.51011306869, 493.89897328348997, 495.02066218867, 501.74401626234]
