Avion: 4      Iteracion: 91

Num Ruta: 72
Ingresos: 3541.596
Costos: 633.646717303
Utilidad Ruta: 2907.9492827
Costo Reducido: 34.5813885735
Nodos: [104, 17, 52, 30, 16, 51, 65, 24, 59, 1, 11, 46, 36, 23, 35, 70, 32, 67, 34, 58, 69, 8, 33, 5, 40, 43, 68, 2, 37, 29, 64, 714]
q: [0.0, 5.0, -5.0, 11.0, 4.0, -4.0, -11.0, 11.0, -11.0, 7.0, 6.0, -6.0, -7.0, 7.0, 8.0, -8.0, 8.0, -8.0, 8.0, -7.0, -8.0, 8.0, 5.0, 2.0, -2.0, -8.0, -5.0, 10.0, -10.0, 9.0, -9.0, 0.0]
Q: [0.0, 5.0, 0.0, 11.0, 15.0, 11.0, 0.0, 11.0, 0.0, 7.0, 13.0, 7.0, 0.0, 7.0, 15.0, 7.0, 15.0, 7.0, 15.0, 8.0, 0.0, 8.0, 13.0, 15.0, 13.0, 5.0, 0.0, 10.0, 0.0, 9.0, 0.0, 0.0]
B: [0.0, 24.0, 58.8425537813, 64.0, 72.20259129788, 81.82668273552001, 84.69783929691, 109.43181018721, 147.94476048971, 175.0, 193.6808285951, 197.73489544211, 232.05062478011, 267.0, 277.4634044651, 289.38614345409997, 309.0, 319.4016530417, 346.1750898215, 360.4340368373, 388.28712463740004, 414.0, 437.0, 469.0, 470.12168890518, 480.59966590458, 502.55654694448, 545.10296510158, 585.83792714898, 595.64266768609, 629.42244746629, 656.19287751509]
