Avion: 2      Iteracion: 57

Num Ruta: 44
Ingresos: 2132.313
Costos: 510.281580091
Utilidad Ruta: 1622.03141991
Costo Reducido: 87.6807798322
Nodos: [102, 16, 51, 9, 24, 44, 59, 10, 45, 26, 61, 22, 57, 33, 6, 41, 13, 48, 68, 20, 4, 39, 55, 2, 37, 712]
q: [0.0, 9.0, -9.0, 11.0, 4.0, -11.0, -4.0, 12.0, -12.0, 10.0, -10.0, 10.0, -10.0, 5.0, 4.0, -4.0, 10.0, -10.0, -5.0, 0.0, 0.0, 0.0, 0.0, 10.0, -10.0, 0.0]
Q: [0.0, 9.0, 0.0, 11.0, 15.0, 4.0, 0.0, 12.0, 0.0, 10.0, 0.0, 10.0, 0.0, 5.0, 9.0, 5.0, 15.0, 5.0, 0.0, 0.0, 0.0, 0.0, 0.0, 10.0, 0.0, 0.0]
B: [0.0, 36.0, 45.624091437640004, 75.68094759394, 82.11782463176, 106.25807452686, 131.31363794096, 143.09956862126, 172.61907935566, 300.0, 317.5792279694, 331.2134086195, 352.9680947584, 437.0, 463.1548069196, 466.84709631779, 480.25716242499, 497.14031337499, 502.48836367393, 513.0791461285299, 529.0, 549.4257496801999, 561.2869729308, 568.6172701962599, 609.35223224366, 613.46797871301]
