Avion: 1      Iteracion: 92

Num Ruta: 82
Ingresos: 1726.173
Costos: 462.656775231
Utilidad Ruta: 1263.51622477
Costo Reducido: 32.860683857
Nodos: [101, 30, 65, 24, 59, 11, 46, 22, 57, 18, 53, 28, 63, 25, 60, 31, 66, 711]
q: [0, 11.0, -11.0, 11.0, -11.0, 6.0, -6.0, 10.0, -10.0, 10.0, -10.0, 6.0, -6.0, 10.0, -10.0, 9.0, -9.0, 0]
Q: [0, 11.0, 0.0, 11.0, 0.0, 6.0, 0.0, 10.0, 0.0, 10.0, 0.0, 6.0, 0.0, 10.0, 0.0, 9.0, 0.0, 0]
B: [0.0, 64.0, 82.7140226568, 107.4479935471, 145.9609438496, 169.0, 173.05406684701, 299.0, 320.7546861389, 334.15512273630003, 357.973358985, 378.0, 414.0266187839, 417.35999740026, 434.54497971036, 439.36662631707, 467.69210539507, 490.00589736327]
