Avion: 3      Iteracion: 26

Num Ruta: 23
Ingresos: 128.52
Costos: 187.419324911
Utilidad Ruta: -58.8993249108
Costo Reducido: 55.9290652984
Nodos: [103, 13, 48, 713]
q: [0, 15.0, -15.0, 0]
Q: [0, 15.0, 0.0, 0]
B: [0.0, 423.0, 439.88315095, 442.65763919110003]
