Avion: 7      Iteracion: 56

Num Ruta: 33
Ingresos: 894.703
Costos: 305.019035204
Utilidad Ruta: 589.683964796
Costo Reducido: 46.729508195
Nodos: [107, 17, 52, 16, 51, 35, 70, 22, 57, 717]
q: [0, 5.0, -5.0, 9.0, -9.0, 8.0, -8.0, 10.0, -10.0, 0]
Q: [0, 5.0, 0.0, 9.0, 0.0, 8.0, 0.0, 10.0, 0.0, 0]
B: [0.0, 45.942580685, 80.78513446630001, 86.11677380144, 95.74086523908001, 270.0, 281.922738989, 299.64604976889996, 321.40073590779997, 323.36752466107]
