Avion: 6      Iteracion: 75

Num Ruta: 69
Ingresos: 1409.857
Costos: 288.332355541
Utilidad Ruta: 1121.52464446
Costo Reducido: 69.6737352478
Nodos: [106, 17, 30, 52, 16, 51, 65, 3, 38, 23, 35, 70, 32, 67, 26, 58, 61, 716]
q: [0.0, 5.0, 6.0, -5.0, 9.0, -9.0, -6.0, 13.0, -13.0, 5.0, 8.0, -8.0, 10.0, -10.0, 10.0, -5.0, -10.0, 0.0]
Q: [0.0, 5.0, 11.0, 6.0, 15.0, 6.0, 0.0, 13.0, 0.0, 5.0, 13.0, 5.0, 15.0, 5.0, 15.0, 10.0, 0.0, 0.0]
B: [0.0, 24.0, 64.0, 67.14445448369, 72.47609381883, 82.10018525647, 84.97134181786, 256.0, 261.08428175852, 267.0, 277.4634044651, 289.38614345409997, 309.0, 319.4016530417, 332.1221722921, 351.8085450662, 354.87561744878, 370.41196724528004]
