Avion: 1      Iteracion: 64

Num Ruta: 60
Ingresos: 1530.295
Costos: 406.57404387
Utilidad Ruta: 1123.72095613
Costo Reducido: 9.5671075447
Nodos: [101, 1, 36, 3, 38, 35, 70, 33, 13, 48, 68, 21, 56, 711]
q: [0.0, 7.0, -7.0, 13.0, -13.0, 8.0, -8.0, 5.0, 10.0, -10.0, -5.0, 12.0, -12.0, 0.0]
Q: [0.0, 7.0, 0.0, 13.0, 0.0, 8.0, 0.0, 5.0, 15.0, 5.0, 0.0, 12.0, 0.0, 0.0]
B: [0.0, 175.0, 209.2400855285, 256.0, 261.08428175852, 274.08526633661995, 286.00800532561993, 437.0, 462.372931896, 479.256082846, 484.60413314494, 495.48361052214, 536.22240120134, 558.4648868762399]
