Avion: 3      Iteracion: 88

Num Ruta: 47
Ingresos: 1800.953
Costos: 335.34887056
Utilidad Ruta: 1465.60412944
Costo Reducido: 46.817894073
Nodos: [103, 1, 36, 18, 53, 28, 63, 25, 60, 21, 56, 27, 62, 713]
q: [0, 7.0, -7.0, 10.0, -10.0, 6.0, -6.0, 10.0, -10.0, 12.0, -12.0, 6.0, -6.0, 0]
Q: [0, 7.0, 0.0, 10.0, 0.0, 6.0, 0.0, 10.0, 0.0, 12.0, 0.0, 6.0, 0.0, 0]
B: [0.0, 175.0, 209.2400855285, 293.0, 316.8182362487, 378.0, 414.0266187839, 417.35999740026, 434.54497971036, 477.0, 517.7387906792, 538.0, 555.0308623681, 583.3015826454]
