Avion: 5      Iteracion: 64

Num Ruta: 44
Ingresos: 578.969
Costos: 286.50571642
Utilidad Ruta: 292.46328358
Costo Reducido: 23.9117129928
Nodos: [105, 14, 49, 3, 38, 18, 53, 31, 66, 715]
q: [0, 8.0, -8.0, 13.0, -13.0, 10.0, -10.0, 9.0, -9.0, 0]
Q: [0, 8.0, 0.0, 13.0, 0.0, 10.0, 0.0, 9.0, 0.0, 0]
B: [0.0, 112.0, 124.021711775, 256.0, 261.08428175852, 293.0, 316.8182362487, 406.0, 434.325479078, 448.0782228406]
