Avion: 4      Iteracion: 86

Num Ruta: 70
Ingresos: 1669.514
Costos: 403.478333965
Utilidad Ruta: 1266.03566603
Costo Reducido: 47.6329372039
Nodos: [104, 17, 52, 9, 44, 18, 53, 19, 25, 60, 31, 54, 66, 33, 68, 29, 64, 714]
q: [0.0, 0.0, 0.0, 11.0, -11.0, 10.0, -10.0, 6.0, 9.0, -9.0, 9.0, -6.0, -9.0, 5.0, -5.0, 9.0, -9.0, 0.0]
Q: [0.0, 0.0, 0.0, 11.0, 0.0, 10.0, 0.0, 6.0, 15.0, 6.0, 15.0, 9.0, 0.0, 5.0, 0.0, 9.0, 0.0, 0.0]
B: [0.0, 24.0, 58.8425537813, 81.72911018459999, 111.25634718709999, 293.0, 316.8182362487, 402.0, 411.3920072402, 428.57698955029997, 433.39863615700995, 450.50467558760994, 472.92283987460996, 495.32100131701, 537.27366636941, 549.0, 582.7797797802, 609.550209829]
