Avion: 2      Iteracion: 83

Num Ruta: 64
Ingresos: 3187.002
Costos: 696.597412934
Utilidad Ruta: 2490.40458707
Costo Reducido: 54.357387121
Nodos: [102, 16, 51, 9, 44, 30, 65, 23, 35, 70, 18, 53, 58, 34, 69, 8, 43, 13, 48, 31, 66, 21, 20, 56, 55, 2, 37, 712]
q: [0.0, 9.0, -9.0, 11.0, -11.0, 11.0, -11.0, 5.0, 8.0, -8.0, 10.0, -10.0, -5.0, 8.0, -8.0, 8.0, -8.0, 15.0, -15.0, 9.0, -9.0, 12.0, 0.0, -12.0, 0.0, 10.0, -10.0, 0.0]
Q: [0.0, 9.0, 0.0, 11.0, 0.0, 11.0, 0.0, 5.0, 13.0, 5.0, 15.0, 5.0, 0.0, 8.0, 0.0, 8.0, 0.0, 15.0, 0.0, 9.0, 0.0, 12.0, 12.0, 0.0, 0.0, 10.0, 0.0, 0.0]
B: [0.0, 36.0, 45.624091437640004, 75.68094759394, 105.20818459644, 120.99608493184, 139.71010758864, 267.0, 277.4634044651, 289.38614345409997, 309.80429657819997, 333.62253282689994, 343.54806439956997, 357.80701141536997, 394.24714162916996, 414.0, 434.768396616, 436.97907275691, 453.86222370691, 458.31973713931, 486.64521621731, 510.11105489821, 514.86046128217, 551.28575300367, 571.88517362657, 579.21547089203, 619.95043293943, 624.06617940878]
