Avion: 5      Iteracion: 50

Num Ruta: 40
Ingresos: 856.915
Costos: 369.485204214
Utilidad Ruta: 487.429795786
Costo Reducido: 38.4806905151
Nodos: [105, 1, 36, 3, 38, 35, 70, 33, 13, 48, 68, 715]
q: [0.0, 7.0, -7.0, 13.0, -13.0, 8.0, -8.0, 5.0, 10.0, -10.0, -5.0, 0.0]
Q: [0.0, 7.0, 0.0, 13.0, 0.0, 8.0, 0.0, 5.0, 15.0, 5.0, 0.0, 0.0]
B: [0.0, 175.0, 209.2400855285, 256.0, 261.08428175852, 274.08526633661995, 286.00800532561993, 437.0, 462.372931896, 479.256082846, 484.60413314494, 528.3644595834401]
