Avion: 4      Iteracion: 34

Num Ruta: 34
Ingresos: 1408.27
Costos: 555.863683958
Utilidad Ruta: 852.406316042
Costo Reducido: 59.7843417271
Nodos: [104, 9, 44, 10, 45, 34, 28, 69, 63, 31, 66, 4, 27, 62, 39, 714]
q: [0, 11.0, -11.0, 12.0, -12.0, 8.0, 6.0, -8.0, -6.0, 9.0, -9.0, 3.0, 6.0, -6.0, -3.0, 0]
Q: [0, 11.0, 0.0, 12.0, 0.0, 8.0, 14.0, 6.0, 0.0, 9.0, 0.0, 3.0, 9.0, 3.0, 0.0, 0]
B: [0.0, 57.4296024799, 86.9568394824, 115.498952929, 145.01846366339998, 322.0, 378.0, 412.6152135628, 444.56576931700005, 465.06264927470005, 493.38812835270005, 529.0, 546.6147745373, 563.6456369054, 569.06089544032, 604.96690619062]
