Avion: 4      Iteracion: 28

Num Ruta: 28
Ingresos: 2810.017
Costos: 574.644982469
Utilidad Ruta: 2235.37201753
Costo Reducido: 70.8492873015
Nodos: [104, 17, 52, 9, 44, 1, 36, 35, 70, 22, 57, 18, 53, 28, 63, 25, 60, 31, 66, 5, 40, 2, 27, 62, 37, 29, 64, 714]
q: [0.0, 0.0, 0.0, 11.0, -11.0, 7.0, -7.0, 8.0, -8.0, 10.0, -10.0, 10.0, -10.0, 6.0, -6.0, 10.0, -10.0, 9.0, -9.0, 9.0, -9.0, 10.0, 0.0, 0.0, -10.0, 9.0, -9.0, 0.0]
Q: [0.0, 0.0, 0.0, 11.0, 0.0, 7.0, 0.0, 8.0, 0.0, 10.0, 0.0, 10.0, 0.0, 6.0, 0.0, 10.0, 0.0, 9.0, 0.0, 9.0, 0.0, 10.0, 10.0, 10.0, 0.0, 9.0, 0.0, 0.0]
B: [0.0, 24.0, 58.8425537813, 81.72911018459999, 111.25634718709999, 175.0, 209.2400855285, 270.0, 281.922738989, 299.64604976889996, 321.40073590779997, 334.8011725052, 358.61940875389996, 378.0, 414.0266187839, 417.35999740026, 434.54497971036, 439.36662631707, 467.69210539507, 487.58858960707, 488.71027851225, 522.0, 547.7839683718, 564.8148307399, 594.1553610862, 603.9601016233099, 637.7398814035099, 664.5103114523099]
