Avion: 2      Iteracion: 10

Num Ruta: 13
Ingresos: 297.324
Costos: 414.994740964
Utilidad Ruta: -117.670740964
Costo Reducido: 53.7751787861
Nodos: [102, 28, 63, 712]
q: [0, 6.0, -6.0, 0]
Q: [0, 6.0, 0.0, 0]
B: [0.0, 378.0, 414.0266187839, 422.05956058625003]
