Avion: 5      Iteracion: 4

Num Ruta: 6
Ingresos: 2552.989
Costos: 699.94222534
Utilidad Ruta: 1853.04677466
Costo Reducido: 1282.61082275
Nodos: [105, 9, 44, 30, 65, 24, 59, 1, 11, 46, 36, 18, 53, 26, 61, 34, 8, 69, 25, 60, 43, 27, 62, 2, 37, 715]
q: [0.0, 11.0, -11.0, 11.0, -11.0, 11.0, -11.0, 7.0, 6.0, -6.0, -7.0, 10.0, -10.0, 10.0, -10.0, 8.0, 0.0, -8.0, 10.0, -10.0, 0.0, 6.0, -6.0, 10.0, -10.0, 0.0]
Q: [0.0, 11.0, 0.0, 11.0, 0.0, 11.0, 0.0, 7.0, 13.0, 7.0, 0.0, 10.0, 0.0, 10.0, 0.0, 8.0, 8.0, 0.0, 10.0, 0.0, 0.0, 6.0, 0.0, 10.0, 0.0, 0.0]
B: [0.0, 31.4915482312, 61.0187852337, 76.8066855691, 95.5207082259, 120.2546791162, 158.76762941869998, 175.0, 193.6808285951, 197.73489544211, 232.05062478011, 293.0, 316.8182362487, 345.81975307109997, 363.39898104049996, 378.31222713249997, 414.63857046619995, 417.28474544151993, 446.60357986581994, 463.78856217591994, 481.39656220431993, 538.0, 555.0308623681, 566.4829354555, 607.2178975029, 643.2224406189999]
