Avion: 7      Iteracion: 26

Num Ruta: 22
Ingresos: 502.16
Costos: 160.432998626
Utilidad Ruta: 341.727001374
Costo Reducido: 41.2720795374
Nodos: [107, 14, 49, 3, 38, 22, 57, 717]
q: [0, 8.0, -8.0, 13.0, -13.0, 10.0, -10.0, 0]
Q: [0, 8.0, 0.0, 13.0, 0.0, 10.0, 0.0, 0]
B: [0.0, 112.0, 124.021711775, 256.0, 261.08428175852, 299.0, 320.7546861389, 322.72147489217]
