Avion: 3      Iteracion: 60

Num Ruta: 39
Ingresos: 598.108
Costos: 188.198584014
Utilidad Ruta: 409.909415986
Costo Reducido: 34.0690155948
Nodos: [103, 11, 46, 19, 54, 13, 48, 27, 62, 713]
q: [0, 6.0, -6.0, 7.0, -7.0, 15.0, -15.0, 6.0, -6.0, 0]
Q: [0, 6.0, 0.0, 7.0, 0.0, 15.0, 0.0, 6.0, 0.0, 0]
B: [0.0, 169.0, 173.05406684701, 402.0, 428.6271162915, 432.85473559792, 449.73788654792, 538.0, 555.0308623681, 583.3015826454]
