Avion: 1      Iteracion: 22

Num Ruta: 23
Ingresos: 1958.913
Costos: 477.396755413
Utilidad Ruta: 1481.51624459
Costo Reducido: 219.533325089
Nodos: [101, 17, 52, 30, 65, 24, 59, 1, 36, 35, 70, 32, 67, 26, 34, 61, 28, 69, 63, 19, 54, 711]
q: [0.0, 5.0, -5.0, 0.0, 0.0, 0.0, 0.0, 7.0, -7.0, 8.0, -8.0, 11.0, -11.0, 7.0, 8.0, -7.0, 6.0, -8.0, -6.0, 7.0, -7.0, 0.0]
Q: [0.0, 5.0, 0.0, 0.0, 0.0, 0.0, 0.0, 7.0, 0.0, 8.0, 0.0, 11.0, 0.0, 7.0, 15.0, 8.0, 14.0, 6.0, 0.0, 7.0, 0.0, 0.0]
B: [0.0, 24.0, 58.8425537813, 64.0, 82.7140226568, 107.4479935471, 145.9609438496, 175.0, 209.2400855285, 270.0, 281.922738989, 309.0, 319.4016530417, 332.1221722921, 348.0493993263, 362.9626454183, 378.0, 412.6152135628, 444.56576931700005, 457.10156259070004, 483.72867888220003, 488.4742058287]
