Avion: 6      Iteracion: 84

Num Ruta: 78
Ingresos: 2094.311
Costos: 385.377409799
Utilidad Ruta: 1708.9335902
Costo Reducido: 99.0522476945
Nodos: [106, 17, 30, 52, 16, 51, 65, 14, 49, 3, 38, 23, 18, 53, 58, 34, 32, 67, 69, 19, 54, 13, 48, 6, 41, 5, 40, 716]
q: [0.0, 5.0, 10.0, -5.0, 5.0, -5.0, -10.0, 8.0, -8.0, 13.0, -13.0, 5.0, 10.0, -10.0, -5.0, 8.0, 7.0, -7.0, -8.0, 7.0, -7.0, 15.0, -15.0, 4.0, -4.0, 9.0, -9.0, 0.0]
Q: [0.0, 5.0, 15.0, 10.0, 15.0, 10.0, 0.0, 8.0, 0.0, 13.0, 0.0, 5.0, 15.0, 5.0, 0.0, 8.0, 15.0, 8.0, 0.0, 7.0, 0.0, 15.0, 0.0, 4.0, 0.0, 9.0, 0.0, 0.0]
B: [0.0, 24.0, 64.0, 67.14445448369, 72.47609381883, 82.10018525647, 84.97134181786, 112.76728247476, 124.78899424976, 256.0, 261.08428175852, 267.0, 293.0, 316.8182362487, 326.74376782137, 341.00271483717, 361.02563273147, 371.42728577317, 402.46957062787, 423.00938688797, 449.63650317946997, 453.86412248589, 470.74727343589, 494.97022205909, 498.66251145728, 517.05137167208, 518.17306057726, 524.89641465093]
