Avion: 2      Iteracion: 89

Num Ruta: 68
Ingresos: 2833.304
Costos: 592.400353324
Utilidad Ruta: 2240.90364668
Costo Reducido: 19.0830055371
Nodos: [102, 16, 51, 10, 45, 1, 11, 46, 36, 23, 18, 53, 58, 34, 26, 61, 69, 33, 8, 43, 13, 48, 68, 20, 4, 39, 55, 2, 37, 712]
q: [0.0, 9.0, -9.0, 12.0, -12.0, 7.0, 6.0, -6.0, -7.0, 5.0, 10.0, -10.0, -5.0, 8.0, 7.0, -7.0, -8.0, 5.0, 8.0, -8.0, 10.0, -10.0, -5.0, 0.0, 0.0, 0.0, 0.0, 10.0, -10.0, 0.0]
Q: [0.0, 9.0, 0.0, 12.0, 0.0, 7.0, 13.0, 7.0, 0.0, 5.0, 15.0, 5.0, 0.0, 8.0, 15.0, 8.0, 0.0, 5.0, 13.0, 5.0, 15.0, 5.0, 0.0, 0.0, 0.0, 0.0, 0.0, 10.0, 0.0, 0.0]
B: [0.0, 36.0, 45.624091437640004, 96.0, 125.5195107344, 175.0, 193.6808285951, 197.73489544211, 232.05062478011, 267.0, 293.0, 316.8182362487, 326.74376782137, 341.00271483717, 356.92994187137, 374.50916984076997, 399.49592379156996, 437.0, 450.76465480859997, 471.5330514246, 473.74372756550997, 490.62687851551, 495.97492881445, 506.56571126905, 529.0, 549.4257496801999, 561.2869729308, 568.6172701962599, 609.35223224366, 613.46797871301]
