Avion: 2      Iteracion: 67

Num Ruta: 51
Ingresos: 2548.202
Costos: 560.627215273
Utilidad Ruta: 1987.57478473
Costo Reducido: 85.8074383464
Nodos: [102, 16, 51, 35, 70, 26, 61, 34, 69, 19, 33, 54, 13, 48, 68, 21, 20, 56, 55, 2, 37, 712]
q: [0.0, 0.0, 0.0, 8.0, -8.0, 10.0, -10.0, 8.0, -8.0, 7.0, 5.0, -7.0, 10.0, -10.0, -5.0, 12.0, 0.0, -12.0, 0.0, 10.0, -10.0, 0.0]
Q: [0.0, 0.0, 0.0, 8.0, 0.0, 10.0, 0.0, 8.0, 0.0, 7.0, 12.0, 5.0, 15.0, 5.0, 0.0, 12.0, 12.0, 0.0, 0.0, 10.0, 0.0, 0.0]
B: [0.0, 36.0, 45.624091437640004, 270.0, 281.922738989, 300.0, 317.5792279694, 332.4924740614, 368.9326042752, 402.0, 438.5935603624, 460.1419541308, 464.36957343722, 481.25272438722004, 486.60077468616004, 497.48025206336, 502.22965844732, 538.65495016882, 559.25437079172, 566.58466805718, 607.31963010458, 611.4353765739301]
