Avion: 1      Iteracion: 5

Num Ruta: 9
Ingresos: 2244.364
Costos: 581.249939472
Utilidad Ruta: 1663.11406053
Costo Reducido: 1531.13421392
Nodos: [101, 16, 51, 9, 44, 30, 65, 14, 49, 3, 38, 23, 35, 70, 58, 34, 32, 67, 69, 8, 33, 43, 13, 48, 68, 711]
q: [0.0, 9.0, -9.0, 11.0, -11.0, 11.0, -11.0, 8.0, -8.0, 13.0, -13.0, 10.0, 5.0, -5.0, -10.0, 8.0, 7.0, -7.0, -8.0, 8.0, 5.0, -8.0, 10.0, -10.0, -5.0, 0.0]
Q: [0.0, 9.0, 0.0, 11.0, 0.0, 11.0, 0.0, 8.0, 0.0, 13.0, 0.0, 10.0, 15.0, 10.0, 0.0, 8.0, 15.0, 8.0, 0.0, 8.0, 13.0, 5.0, 15.0, 5.0, 0.0, 0.0]
B: [0.0, 36.0, 45.624091437640004, 75.68094759394, 105.20818459644, 120.99608493184, 139.71010758864, 167.50604824554, 179.52776002054, 256.0, 261.08428175852, 267.0, 277.4634044651, 289.38614345409997, 313.15284696969997, 327.41179398549997, 347.4347118798, 357.8363649215, 388.87864977619995, 414.0, 437.0, 460.2743670161, 462.48504315700995, 479.36819410700997, 484.71624440594996, 501.90841160494995]
