Avion: 6      Iteracion: 3

Num Ruta: 6
Ingresos: 2750.262
Costos: 675.660274104
Utilidad Ruta: 2074.6017259
Costo Reducido: 1899.64357747
Nodos: [106, 9, 44, 10, 45, 1, 11, 46, 36, 3, 38, 35, 70, 22, 57, 34, 69, 33, 13, 48, 68, 21, 5, 40, 2, 56, 37, 716]
q: [0.0, 11.0, -11.0, 12.0, -12.0, 7.0, 6.0, -6.0, -7.0, 13.0, -13.0, 8.0, -8.0, 10.0, -10.0, 8.0, -8.0, 5.0, 10.0, -10.0, -5.0, 5.0, 9.0, -9.0, 10.0, -5.0, -10.0, 0.0]
Q: [0.0, 11.0, 0.0, 12.0, 0.0, 7.0, 13.0, 7.0, 0.0, 13.0, 0.0, 8.0, 0.0, 10.0, 0.0, 8.0, 0.0, 5.0, 15.0, 5.0, 0.0, 5.0, 14.0, 5.0, 15.0, 10.0, 0.0, 0.0]
B: [0.0, 51.9831585901, 81.51039559259999, 110.05250903919999, 139.5720197736, 177.99136094440001, 196.6721895395, 200.72625638651002, 235.04198572451003, 256.0, 261.08428175852, 274.08526633661995, 286.00800532561993, 303.7313161055199, 325.4860022444199, 372.18563517661994, 408.62576539041993, 437.0, 462.372931896, 479.256082846, 484.60413314494, 495.48361052214, 524.10173374854, 525.22342265372, 539.30547310812, 563.1564868392201, 601.24214431022, 621.6677817788201]
