Avion: 1      Iteracion: 33

Num Ruta: 33
Ingresos: 2178.119
Costos: 632.736111486
Utilidad Ruta: 1545.38288851
Costo Reducido: 87.1605080681
Nodos: [101, 30, 65, 16, 51, 10, 45, 1, 36, 35, 70, 32, 67, 34, 28, 69, 31, 63, 66, 4, 29, 64, 39, 711]
q: [0, 11.0, -11.0, 9.0, -9.0, 12.0, -12.0, 7.0, -7.0, 8.0, -8.0, 11.0, -11.0, 8.0, 6.0, -8.0, 9.0, -6.0, -9.0, 3.0, 9.0, -9.0, -3.0, 0]
Q: [0, 11.0, 0.0, 9.0, 0.0, 12.0, 0.0, 7.0, 0.0, 8.0, 0.0, 11.0, 0.0, 8.0, 14.0, 6.0, 15.0, 9.0, 0.0, 3.0, 12.0, 3.0, 0.0, 0]
B: [0.0, 64.0, 82.7140226568, 93.53069441849999, 103.15478585614, 118.98406306644, 148.50357380084, 186.92291497164, 221.16300050014001, 270.0, 281.922738989, 309.0, 319.4016530417, 346.1750898215, 378.0, 412.6152135628, 439.7359576713, 460.232837629, 488.6472693319, 529.0, 549.7100026316, 583.4897824118, 595.7088534485, 612.5178855444]
