Avion: 1      Iteracion: 7

Num Ruta: 11
Ingresos: 2710.817
Costos: 543.205900596
Utilidad Ruta: 2167.6110994
Costo Reducido: 442.644738803
Nodos: [101, 17, 52, 30, 16, 51, 65, 24, 59, 1, 36, 35, 70, 32, 67, 26, 61, 31, 8, 66, 19, 54, 43, 4, 2, 39, 37, 711]
q: [0.0, 5.0, -5.0, 6.0, 9.0, -9.0, -6.0, 11.0, -11.0, 0.0, 0.0, 8.0, -8.0, 11.0, -11.0, 10.0, -10.0, 9.0, 6.0, -9.0, 7.0, -7.0, -6.0, 3.0, 10.0, -3.0, -10.0, 0.0]
Q: [0.0, 5.0, 0.0, 6.0, 15.0, 6.0, 0.0, 11.0, 0.0, 0.0, 0.0, 8.0, 0.0, 11.0, 0.0, 10.0, 0.0, 9.0, 15.0, 6.0, 13.0, 6.0, 0.0, 3.0, 13.0, 10.0, 0.0, 0.0]
B: [0.0, 24.0, 58.8425537813, 64.0, 72.20259129788, 81.82668273552001, 84.69783929691, 109.43181018721, 147.94476048971, 175.0, 209.2400855285, 270.0, 281.922738989, 309.0, 319.4016530417, 332.1221722921, 349.7014002615, 406.0, 435.118175166, 443.90102128784, 460.00223813624, 486.62935442774, 489.55747361929997, 529.0, 556.3715326023, 565.8259991129, 599.0192098946001, 615.9688770890001]
