Avion: 6      Iteracion: 11

Num Ruta: 13
Ingresos: 2534.058
Costos: 574.46025093
Utilidad Ruta: 1959.59774907
Costo Reducido: 399.769028833
Nodos: [106, 17, 52, 9, 44, 10, 45, 3, 38, 23, 35, 70, 58, 32, 67, 25, 60, 33, 5, 40, 6, 41, 68, 29, 64, 716]
q: [0.0, 5.0, -5.0, 11.0, -11.0, 12.0, -12.0, 13.0, -13.0, 10.0, 5.0, -5.0, -10.0, 11.0, -11.0, 10.0, -10.0, 5.0, 0.0, 0.0, 4.0, -4.0, -5.0, 9.0, -9.0, 0.0]
Q: [0.0, 5.0, 0.0, 11.0, 0.0, 12.0, 0.0, 13.0, 0.0, 10.0, 15.0, 10.0, 0.0, 11.0, 0.0, 10.0, 0.0, 5.0, 5.0, 5.0, 9.0, 5.0, 0.0, 9.0, 0.0, 0.0]
B: [0.0, 24.0, 58.8425537813, 81.72911018459999, 111.25634718709999, 139.7984606337, 169.3179713681, 256.0, 261.08428175852, 267.0, 277.4634044651, 289.38614345409997, 313.15284696969997, 335.63715280729997, 346.03880584899997, 410.0, 427.1849823101, 462.7023875222, 476.4005546989, 477.52224360408, 493.74583645528, 497.43812585347, 528.51598667107, 549.0, 582.7797797802, 603.1769870644999]
