Avion: 6      Iteracion: 0

Num Ruta: 1
Ingresos: 296.358
Costos: 193.289512306
Utilidad Ruta: 103.068487694
Costo Reducido: -
Nodos: [106, 10, 45, 5, 40, 27, 62, 716]
q: [0, 12.0, -12.0, 9.0, -9.0, 6.0, -6.0, 0]
Q: [0, 12.0, 0.0, 9.0, 0.0, 6.0, 0.0, 0]
B: [0.0, 96.0, 125.5195107344, 469.0, 470.12168890518, 538.0, 555.0308623681, 564.73653272104]
