Avion: 4      Iteracion: 22

Num Ruta: 23
Ingresos: 2109.002
Costos: 439.291163158
Utilidad Ruta: 1669.71083684
Costo Reducido: 148.479505086
Nodos: [104, 17, 52, 9, 44, 35, 70, 32, 67, 33, 68, 21, 4, 39, 56, 29, 64, 714]
q: [0, 5.0, -5.0, 11.0, -11.0, 8.0, -8.0, 11.0, -11.0, 5.0, -5.0, 12.0, 3.0, -3.0, -12.0, 9.0, -9.0, 0]
Q: [0, 5.0, 0.0, 11.0, 0.0, 8.0, 0.0, 11.0, 0.0, 5.0, 0.0, 12.0, 15.0, 12.0, 0.0, 9.0, 0.0, 0]
B: [0.0, 24.0, 58.8425537813, 81.72911018459999, 111.25634718709999, 270.0, 281.922738989, 309.0, 319.4016530417, 437.0, 478.9526650524, 489.83214242959997, 529.0, 549.4257496801999, 566.2286940948, 604.6819905724999, 638.4617703526999, 665.2322004014999]
