Avion: 7      Iteracion: 82

Num Ruta: 41
Ingresos: 694.061
Costos: 378.890441056
Utilidad Ruta: 315.170558944
Costo Reducido: 51.9252742937
Nodos: [107, 10, 45, 35, 70, 18, 53, 31, 66, 717]
q: [0, 12.0, -12.0, 8.0, -8.0, 10.0, -10.0, 9.0, -9.0, 0]
Q: [0, 12.0, 0.0, 8.0, 0.0, 10.0, 0.0, 9.0, 0.0, 0]
B: [0.0, 96.0, 125.5195107344, 270.0, 281.922738989, 302.3408921131, 326.15912836179996, 406.0, 434.325479078, 437.96020107562]
