Avion: 2      Iteracion: 71

Num Ruta: 55
Ingresos: 1868.698
Costos: 418.477056832
Utilidad Ruta: 1450.22094317
Costo Reducido: 85.2479671232
Nodos: [102, 16, 51, 10, 45, 26, 61, 34, 69, 33, 13, 48, 68, 20, 4, 39, 55, 2, 37, 712]
q: [0.0, 9.0, -9.0, 12.0, -12.0, 10.0, -10.0, 8.0, -8.0, 5.0, 10.0, -10.0, -5.0, 0.0, 3.0, -3.0, 0.0, 10.0, -10.0, 0.0]
Q: [0.0, 9.0, 0.0, 12.0, 0.0, 10.0, 0.0, 8.0, 0.0, 5.0, 15.0, 5.0, 0.0, 0.0, 3.0, 0.0, 0.0, 10.0, 0.0, 0.0]
B: [0.0, 36.0, 45.624091437640004, 96.0, 125.5195107344, 300.0, 317.5792279694, 332.4924740614, 368.9326042752, 437.0, 462.372931896, 479.256082846, 484.60413314494, 496.0, 529.0, 549.4257496801999, 561.2869729308, 568.6172701962599, 609.35223224366, 613.46797871301]
