Avion: 2      Iteracion: 77

Num Ruta: 60
Ingresos: 1653.216
Costos: 565.688137977
Utilidad Ruta: 1087.52786202
Costo Reducido: 67.843571666
Nodos: [102, 16, 51, 30, 65, 14, 49, 3, 38, 23, 35, 70, 26, 61, 58, 32, 67, 8, 6, 41, 43, 13, 48, 712]
q: [0.0, 9.0, -9.0, 11.0, -11.0, 8.0, -8.0, 13.0, -13.0, 10.0, 5.0, -5.0, 0.0, 0.0, -10.0, 11.0, -11.0, 8.0, 4.0, -4.0, -8.0, 15.0, -15.0, 0.0]
Q: [0.0, 9.0, 0.0, 11.0, 0.0, 8.0, 0.0, 13.0, 0.0, 10.0, 15.0, 10.0, 10.0, 10.0, 0.0, 11.0, 0.0, 8.0, 12.0, 8.0, 0.0, 15.0, 0.0, 0.0]
B: [0.0, 36.0, 45.624091437640004, 64.0, 82.7140226568, 112.0, 124.021711775, 256.0, 261.08428175852, 267.0, 277.4634044651, 289.38614345409997, 303.7370056233, 321.3162335927, 324.38330597528, 346.86761181288, 357.26926485458, 414.0, 441.9144979715, 445.60678736969, 458.47278985688996, 460.68346599779994, 477.56661694779996, 492.9570932237]
