Avion: 2      Iteracion: 47

Num Ruta: 38
Ingresos: 2721.545
Costos: 713.471935161
Utilidad Ruta: 2008.07306484
Costo Reducido: 294.959843026
Nodos: [102, 24, 59, 30, 65, 14, 49, 35, 70, 26, 61, 13, 48, 25, 60, 21, 56, 2, 37, 29, 64, 712]
q: [0, 11.0, -11.0, 11.0, -11.0, 8.0, -8.0, 8.0, -8.0, 10.0, -10.0, 15.0, -15.0, 10.0, -10.0, 12.0, -12.0, 10.0, -10.0, 9.0, -9.0, 0]
Q: [0, 11.0, 0.0, 11.0, 0.0, 8.0, 0.0, 8.0, 0.0, 10.0, 0.0, 15.0, 0.0, 10.0, 0.0, 12.0, 0.0, 10.0, 0.0, 9.0, 0.0, 0]
B: [0.0, 61.0, 99.5129503025, 119.7810717004, 138.4950943572, 166.2910350141, 178.3127467891, 270.0, 281.922738989, 300.0, 317.5792279694, 423.0, 439.88315095, 463.8957169312, 481.0806992413, 489.2494127263, 529.9882034055, 553.8392171366, 594.5741791840001, 604.37891972111, 638.15869950131, 674.64468497521]
