Avion: 2      Iteracion: 21

Num Ruta: 22
Ingresos: 1579.836
Costos: 471.959882059
Utilidad Ruta: 1107.87611794
Costo Reducido: 159.435977555
Nodos: [102, 16, 51, 10, 45, 32, 67, 8, 33, 43, 13, 48, 68, 4, 39, 2, 37, 712]
q: [0.0, 9.0, -9.0, 12.0, -12.0, 11.0, -11.0, 8.0, 5.0, -8.0, 0.0, 0.0, -5.0, 3.0, -3.0, 10.0, -10.0, 0.0]
Q: [0.0, 9.0, 0.0, 12.0, 0.0, 11.0, 0.0, 8.0, 13.0, 5.0, 5.0, 5.0, 0.0, 3.0, 0.0, 10.0, 0.0, 0.0]
B: [0.0, 36.0, 45.624091437640004, 96.0, 125.5195107344, 309.0, 319.4016530417, 414.0, 437.0, 460.2743670161, 462.48504315700995, 479.36819410700997, 484.71624440594996, 529.0, 549.4257496801999, 558.8802161908, 599.6151782382, 603.73092470755]
