Avion: 6      Iteracion: 7

Num Ruta: 9
Ingresos: 140.019
Costos: 158.004984334
Utilidad Ruta: -17.9859843338
Costo Reducido: 65.7950376233
Nodos: [106, 4, 39, 716]
q: [0, 3.0, -3.0, 0]
Q: [0, 3.0, 0.0, 0]
B: [0.0, 529.0, 549.4257496801999, 564.1028645192999]
