Avion: 4      Iteracion: 18

Num Ruta: 19
Ingresos: 2119.608
Costos: 581.70577738
Utilidad Ruta: 1537.90222262
Costo Reducido: 226.717773744
Nodos: [104, 17, 52, 24, 9, 44, 59, 10, 45, 3, 38, 35, 70, 26, 34, 61, 69, 25, 60, 31, 66, 33, 5, 40, 68, 29, 64, 714]
q: [0.0, 0.0, 0.0, 11.0, 4.0, -4.0, -11.0, 12.0, -12.0, 13.0, -13.0, 8.0, -8.0, 7.0, 8.0, -7.0, -8.0, 10.0, -10.0, 9.0, -9.0, 5.0, 9.0, -9.0, -5.0, 9.0, -9.0, 0.0]
Q: [0.0, 0.0, 0.0, 11.0, 15.0, 11.0, 0.0, 12.0, 0.0, 13.0, 0.0, 8.0, 0.0, 7.0, 15.0, 8.0, 0.0, 10.0, 0.0, 9.0, 0.0, 5.0, 14.0, 5.0, 0.0, 9.0, 0.0, 0.0]
B: [0.0, 24.0, 58.8425537813, 75.400837086, 81.83771412381999, 111.36495112632, 136.42051454042, 148.20644522071998, 177.72595595511999, 256.0, 261.08428175852, 274.08526633661995, 286.00800532561993, 300.35886749481995, 322.0, 336.913246092, 361.9000000428, 410.0, 427.1849823101, 432.00662891681, 460.33210799481, 482.73026943721, 496.42843661391, 497.55012551909, 526.56250013749, 549.0, 582.7797797802, 609.550209829]
