Avion: 1      Iteracion: 17

Num Ruta: 19
Ingresos: 2284.496
Costos: 531.800728763
Utilidad Ruta: 1752.69527124
Costo Reducido: 81.9866667889
Nodos: [101, 10, 45, 1, 36, 35, 70, 19, 54, 8, 33, 43, 68, 21, 4, 56, 39, 711]
q: [0, 12.0, -12.0, 7.0, -7.0, 8.0, -8.0, 7.0, -7.0, 8.0, 5.0, -8.0, -5.0, 12.0, 3.0, -12.0, -3.0, 0]
Q: [0, 12.0, 0.0, 7.0, 0.0, 8.0, 0.0, 7.0, 0.0, 8.0, 13.0, 5.0, 0.0, 12.0, 15.0, 3.0, 0.0, 0]
B: [0.0, 96.0, 125.5195107344, 175.0, 209.2400855285, 270.0, 281.922738989, 402.0, 428.6271162915, 446.5840757223, 460.34873053089996, 483.62309754699993, 505.5799785868999, 516.4594559640999, 531.4072443288999, 560.5770417398999, 577.3799861544999, 594.1890182503998]
