Avion: 7      Iteracion: 0

Num Ruta: 1
Ingresos: 1913.179
Costos: 448.055844495
Utilidad Ruta: 1465.1231555
Costo Reducido: -
Nodos: [107, 9, 44, 11, 46, 23, 58, 22, 57, 31, 66, 19, 54, 717]
q: [0, 11.0, -11.0, 6.0, -6.0, 10.0, -10.0, 10.0, -10.0, 9.0, -9.0, 7.0, -7.0, 0]
Q: [0, 11.0, 0.0, 6.0, 0.0, 10.0, 0.0, 10.0, 0.0, 9.0, 0.0, 7.0, 0.0, 0]
B: [0.0, 46.0648734938, 75.5921104963, 169.0, 173.05406684701, 267.0, 306.733842905, 322.49026689650003, 344.24495303540004, 406.0, 434.325479078, 450.4266959264, 477.0538122179, 502.5379759672]
