Avion: 2      Iteracion: 53

Num Ruta: 41
Ingresos: 2299.959
Costos: 518.656341531
Utilidad Ruta: 1781.30265847
Costo Reducido: 52.1080017002
Nodos: [102, 16, 51, 30, 65, 10, 45, 26, 61, 34, 69, 31, 66, 33, 13, 48, 68, 20, 4, 39, 55, 2, 37, 712]
q: [0.0, 9.0, -9.0, 11.0, -11.0, 12.0, -12.0, 10.0, -10.0, 8.0, -8.0, 9.0, -9.0, 5.0, 10.0, -10.0, -5.0, 0.0, 3.0, -3.0, 0.0, 10.0, -10.0, 0.0]
Q: [0.0, 9.0, 0.0, 11.0, 0.0, 12.0, 0.0, 10.0, 0.0, 8.0, 0.0, 9.0, 0.0, 5.0, 15.0, 5.0, 0.0, 0.0, 3.0, 0.0, 0.0, 10.0, 0.0, 0.0]
B: [0.0, 36.0, 45.624091437640004, 64.0, 82.7140226568, 101.4070729429, 130.92658367730002, 300.0, 317.5792279694, 332.4924740614, 368.9326042752, 406.0, 434.325479078, 456.7236405204, 482.0965724164, 498.97972336640004, 504.32777366534003, 514.91855611994, 529.0, 549.4257496801999, 561.2869729308, 568.6172701962599, 609.35223224366, 613.46797871301]
