Avion: 1      Iteracion: 90

Num Ruta: 80
Ingresos: 2197.714
Costos: 441.104080137
Utilidad Ruta: 1756.60991986
Costo Reducido: 5.94883749424
Nodos: [101, 30, 65, 24, 59, 1, 36, 23, 35, 70, 26, 58, 61, 18, 53, 31, 66, 25, 60, 711]
q: [0.0, 11.0, -11.0, 11.0, -11.0, 7.0, -7.0, 7.0, 8.0, -8.0, 8.0, -7.0, -8.0, 10.0, -10.0, 9.0, -9.0, 10.0, -10.0, 0.0]
Q: [0.0, 11.0, 0.0, 11.0, 0.0, 7.0, 0.0, 7.0, 15.0, 7.0, 15.0, 8.0, 0.0, 10.0, 0.0, 9.0, 0.0, 10.0, 0.0, 0.0]
B: [0.0, 64.0, 82.7140226568, 107.4479935471, 145.9609438496, 175.0, 209.2400855285, 267.0, 277.4634044651, 289.38614345409997, 303.7370056233, 323.4233783974, 326.49045077998, 349.76912153238, 373.58735778107996, 406.0, 434.325479078, 459.752616235, 476.9375985451, 489.05048115]
