Avion: 7      Iteracion: 22

Num Ruta: 18
Ingresos: 1451.073
Costos: 227.196152638
Utilidad Ruta: 1223.87684736
Costo Reducido: 111.742816217
Nodos: [107, 14, 49, 3, 38, 23, 58, 28, 31, 63, 66, 717]
q: [0, 8.0, -8.0, 13.0, -13.0, 10.0, -10.0, 6.0, 9.0, -6.0, -9.0, 0]
Q: [0, 8.0, 0.0, 13.0, 0.0, 10.0, 0.0, 6.0, 15.0, 9.0, 0.0, 0]
B: [0.0, 112.0, 124.021711775, 256.0, 261.08428175852, 267.0, 306.733842905, 378.0, 406.0, 426.4968799577, 454.9113116606, 458.54603365822]
