Avion: 1      Iteracion: 6

Num Ruta: 10
Ingresos: 2404.125
Costos: 516.241488814
Utilidad Ruta: 1887.88351119
Costo Reducido: 1072.63723927
Nodos: [101, 30, 65, 24, 59, 1, 36, 23, 3, 38, 18, 53, 58, 26, 61, 31, 8, 66, 19, 54, 43, 5, 40, 4, 2, 39, 37, 711]
q: [0.0, 11.0, -11.0, 0.0, 0.0, 7.0, -7.0, 0.0, 13.0, -13.0, 0.0, 0.0, 0.0, 10.0, -10.0, 7.0, 8.0, -7.0, 7.0, -7.0, -8.0, 9.0, -9.0, 3.0, 10.0, -3.0, -10.0, 0.0]
Q: [0.0, 11.0, 0.0, 0.0, 0.0, 7.0, 0.0, 0.0, 13.0, 0.0, 0.0, 0.0, 0.0, 10.0, 0.0, 7.0, 15.0, 8.0, 15.0, 8.0, 0.0, 9.0, 0.0, 3.0, 13.0, 10.0, 0.0, 0.0]
B: [0.0, 64.0, 82.7140226568, 107.4479935471, 145.9609438496, 175.0, 209.2400855285, 267.0, 271.29443034639, 276.37871210491, 297.41772125461, 321.23595750331, 331.16148907598, 350.84786185008, 368.42708981948, 406.0, 435.118175166, 443.90102128784, 460.00223813624, 486.62935442774, 489.55747361929997, 499.31028449616997, 500.43197340135, 529.0, 556.3715326023, 565.8259991129, 599.0192098946001, 615.9688770890001]
