Avion: 1      Iteracion: 77

Num Ruta: 71
Ingresos: 1936.277
Costos: 472.364642944
Utilidad Ruta: 1463.91235706
Costo Reducido: 128.295608481
Nodos: [101, 30, 65, 16, 51, 14, 49, 3, 38, 23, 35, 58, 22, 70, 57, 8, 19, 25, 60, 54, 43, 6, 41, 5, 40, 711]
q: [0.0, 11.0, -11.0, 9.0, -9.0, 8.0, -8.0, 13.0, -13.0, 10.0, 5.0, -10.0, 10.0, -5.0, -10.0, 5.0, 0.0, 10.0, -10.0, 0.0, -5.0, 4.0, -4.0, 9.0, -9.0, 0.0]
Q: [0.0, 11.0, 0.0, 9.0, 0.0, 8.0, 0.0, 13.0, 0.0, 10.0, 15.0, 5.0, 15.0, 10.0, 0.0, 5.0, 5.0, 15.0, 5.0, 5.0, 0.0, 4.0, 0.0, 9.0, 0.0, 0.0]
B: [0.0, 64.0, 82.7140226568, 93.53069441849999, 103.15478585614, 129.94109036054, 141.96280213554, 256.0, 261.08428175852, 267.0, 277.4634044651, 306.7341364853, 322.4905604768, 340.2138712567, 362.64041236319997, 414.0, 437.1608815463, 446.5528887865, 463.7378710966, 480.5247275325, 483.45284672405995, 492.64351835349, 496.33580775167997, 514.72466796648, 515.84635687166, 528.10779797786]
