Avion: 4      Iteracion: 68

Num Ruta: 56
Ingresos: 2922.059
Costos: 549.510803143
Utilidad Ruta: 2372.54819686
Costo Reducido: 50.1228243622
Nodos: [104, 17, 52, 16, 51, 10, 45, 26, 34, 61, 69, 19, 33, 54, 13, 48, 68, 21, 4, 39, 56, 29, 64, 714]
q: [0.0, 5.0, -5.0, 9.0, -9.0, 12.0, -12.0, 7.0, 8.0, -7.0, -8.0, 7.0, 5.0, -7.0, 10.0, -10.0, -5.0, 12.0, 3.0, -3.0, -12.0, 9.0, -9.0, 0.0]
Q: [0.0, 5.0, 0.0, 9.0, 0.0, 12.0, 0.0, 7.0, 15.0, 8.0, 0.0, 7.0, 12.0, 5.0, 15.0, 5.0, 0.0, 12.0, 15.0, 12.0, 0.0, 9.0, 0.0, 0.0]
B: [0.0, 24.0, 58.8425537813, 64.17419311644, 73.79828455408, 96.0, 125.5195107344, 300.0, 322.0, 336.913246092, 361.9000000428, 402.0, 438.5935603624, 460.1419541308, 464.36957343722, 481.25272438722004, 486.60077468616004, 497.48025206336, 529.0, 549.4257496801999, 566.2286940948, 604.6819905724999, 638.4617703526999, 665.2322004014999]
