Avion: 4      Iteracion: 7

Num Ruta: 9
Ingresos: 2422.637
Costos: 549.817544089
Utilidad Ruta: 1872.81945591
Costo Reducido: 465.948214024
Nodos: [104, 17, 52, 30, 16, 51, 65, 24, 59, 11, 46, 35, 70, 32, 67, 26, 61, 13, 48, 31, 66, 21, 4, 39, 56, 714]
q: [0.0, 5.0, -5.0, 6.0, 9.0, -9.0, -6.0, 11.0, -11.0, 6.0, -6.0, 8.0, -8.0, 11.0, -11.0, 10.0, -10.0, 15.0, -15.0, 9.0, -9.0, 12.0, 3.0, -3.0, -12.0, 0.0]
Q: [0.0, 5.0, 0.0, 6.0, 15.0, 6.0, 0.0, 11.0, 0.0, 6.0, 0.0, 8.0, 0.0, 11.0, 0.0, 10.0, 0.0, 15.0, 0.0, 9.0, 0.0, 12.0, 15.0, 12.0, 0.0, 0.0]
B: [0.0, 24.0, 58.8425537813, 64.0, 72.20259129788, 81.82668273552001, 84.69783929691, 109.43181018721, 147.94476048971, 169.0, 173.05406684701, 270.0, 281.922738989, 309.0, 319.4016530417, 332.1221722921, 349.7014002615, 423.0, 439.88315095, 444.3406643824, 472.6661434604, 496.1319821413, 529.0, 549.4257496801999, 566.2286940948, 595.1194999853]
