Avion: 6      Iteracion: 10

Num Ruta: 12
Ingresos: 1135.099
Costos: 155.529716882
Utilidad Ruta: 979.569283118
Costo Reducido: 296.36665007
Nodos: [106, 28, 31, 63, 19, 66, 8, 54, 43, 6, 41, 5, 40, 716]
q: [0.0, 6.0, 9.0, -6.0, 6.0, -9.0, 8.0, -6.0, -8.0, 4.0, -4.0, 9.0, -9.0, 0.0]
Q: [0.0, 6.0, 15.0, 9.0, 15.0, 6.0, 14.0, 8.0, 0.0, 4.0, 0.0, 9.0, 0.0, 0.0]
B: [0.0, 378.0, 406.0, 426.4968799577, 439.0326732314, 455.1338900798, 463.91673620164, 481.87369563244, 484.80181482399996, 493.99248645342993, 497.6847758516199, 516.0736360664199, 517.1953249715999, 523.9186790452699]
