Avion: 3      Iteracion: 2

Num Ruta: 4
Ingresos: 3090.354
Costos: 695.674439694
Utilidad Ruta: 2394.67956031
Costo Reducido: 1554.439076
Nodos: [103, 24, 51, 16, 59, 10, 45, 1, 11, 46, 36, 35, 70, 18, 53, 28, 63, 25, 60, 19, 54, 21, 4, 39, 56, 29, 64, 713]
q: [0.0, 11.0, -9.0, 9.0, -11.0, 12.0, -12.0, 7.0, 6.0, -6.0, -7.0, 8.0, -8.0, 10.0, -10.0, 6.0, -6.0, 10.0, -10.0, 7.0, -7.0, 12.0, 3.0, -3.0, -12.0, 9.0, -9.0, 0.0]
Q: [0.0, 11.0, 2.0, 11.0, 0.0, 12.0, 0.0, 7.0, 13.0, 7.0, 0.0, 8.0, 0.0, 10.0, 0.0, 6.0, 0.0, 10.0, 0.0, 7.0, 0.0, 12.0, 15.0, 12.0, 0.0, 9.0, 0.0, 0.0]
B: [0.0, 61.0, 86.22619907949999, 95.85029051714, 120.25777979813999, 132.04371047844, 161.56322121284, 199.98256238364002, 218.66339097874, 222.71745782575002, 257.03318716375003, 270.0, 281.922738989, 302.3408921131, 326.15912836179996, 378.0, 414.0266187839, 417.35999740026, 434.54497971036, 451.21787139116, 477.84498768265996, 501.45184806265996, 529.0, 549.4257496801999, 566.2286940948, 604.6819905724999, 638.4617703526999, 664.8126899760999]
