Avion: 5      Iteracion: 7

Num Ruta: 9
Ingresos: 578.237
Costos: 397.36524872
Utilidad Ruta: 180.87175128
Costo Reducido: 348.718096671
Nodos: [105, 9, 44, 14, 49, 35, 70, 13, 48, 4, 39, 715]
q: [0, 11.0, -11.0, 8.0, -8.0, 8.0, -8.0, 15.0, -15.0, 3.0, -3.0, 0]
Q: [0, 11.0, 0.0, 8.0, 0.0, 8.0, 0.0, 15.0, 0.0, 3.0, 0.0, 0]
B: [0.0, 31.4915482312, 61.0187852337, 112.0, 124.021711775, 270.0, 281.922738989, 423.0, 439.88315095, 529.0, 549.4257496801999, 587.1398410121999]
