Avion: 6      Iteracion: 53

Num Ruta: 51
Ingresos: 817.679
Costos: 240.524604117
Utilidad Ruta: 577.154395883
Costo Reducido: 0.388021051179
Nodos: [106, 1, 11, 46, 36, 35, 70, 33, 13, 48, 68, 5, 40, 716]
q: [0.0, 7.0, 6.0, -6.0, -7.0, 8.0, -8.0, 5.0, 10.0, -10.0, -5.0, 9.0, -9.0, 0.0]
Q: [0.0, 7.0, 13.0, 7.0, 0.0, 8.0, 0.0, 5.0, 15.0, 5.0, 0.0, 9.0, 0.0, 0.0]
B: [0.0, 175.0, 193.6808285951, 197.73489544211, 232.05062478011, 270.0, 281.922738989, 437.0, 462.372931896, 479.256082846, 484.60413314494, 513.57555073194, 514.69723963712, 521.42059371079]
