Avion: 6      Iteracion: 37

Num Ruta: 37
Ingresos: 1830.215
Costos: 418.625329417
Utilidad Ruta: 1411.58967058
Costo Reducido: 186.514995064
Nodos: [106, 1, 11, 46, 36, 35, 70, 32, 67, 26, 34, 61, 69, 19, 8, 33, 5, 40, 54, 43, 6, 41, 68, 4, 39, 716]
q: [0.0, 7.0, 6.0, -6.0, -7.0, 8.0, -8.0, 11.0, -11.0, 7.0, 8.0, -7.0, -8.0, 7.0, 3.0, 5.0, 0.0, 0.0, -7.0, -3.0, 4.0, -4.0, -5.0, 3.0, -3.0, 0.0]
Q: [0.0, 7.0, 13.0, 7.0, 0.0, 8.0, 0.0, 11.0, 0.0, 7.0, 15.0, 8.0, 0.0, 7.0, 10.0, 15.0, 15.0, 15.0, 8.0, 5.0, 9.0, 5.0, 0.0, 3.0, 0.0, 0.0]
B: [0.0, 175.0, 193.6808285951, 197.73489544211, 232.05062478011, 270.0, 281.922738989, 309.0, 319.4016530417, 332.1221722921, 348.0493993263, 362.9626454183, 387.9493993691, 408.4892156292, 431.6500971755, 445.4147519841, 469.0, 470.12168890518, 478.47762499876, 481.40574419032, 490.59641581974995, 494.28870521793993, 525.3665660355399, 542.6841000690399, 563.1098497492399, 577.7869645883399]
