Avion: 3      Iteracion: 11

Num Ruta: 9
Ingresos: 2102.668
Costos: 591.519469421
Utilidad Ruta: 1511.14853058
Costo Reducido: 365.763593141
Nodos: [103, 9, 44, 24, 59, 10, 45, 11, 46, 23, 35, 70, 58, 32, 67, 25, 60, 29, 64, 27, 62, 713]
q: [0.0, 11.0, -11.0, 11.0, -11.0, 12.0, -12.0, 6.0, -6.0, 10.0, 5.0, -5.0, -10.0, 11.0, -11.0, 10.0, -10.0, 9.0, -9.0, 6.0, -6.0, 0.0]
Q: [0.0, 11.0, 0.0, 11.0, 0.0, 12.0, 0.0, 6.0, 0.0, 10.0, 15.0, 10.0, 0.0, 11.0, 0.0, 10.0, 0.0, 9.0, 0.0, 6.0, 0.0, 0.0]
B: [0.0, 37.2069129329, 66.73414993540001, 90.87439983050001, 129.387350133, 141.1732808133, 170.6927915477, 223.3310081303, 227.38507497731, 267.0, 277.4634044651, 289.38614345409997, 313.15284696969997, 335.63715280729997, 346.03880584899997, 410.0, 427.1849823101, 549.0, 582.7797797802, 590.99620777538, 608.0270701434799, 636.29779042078]
