Avion: 1      Iteracion: 72

Num Ruta: 67
Ingresos: 1303.14
Costos: 323.042954704
Utilidad Ruta: 980.097045296
Costo Reducido: 42.2161705268
Nodos: [101, 30, 16, 51, 65, 24, 59, 1, 36, 35, 70, 19, 8, 54, 43, 711]
q: [0.0, 0.0, 9.0, -9.0, 0.0, 11.0, -11.0, 7.0, -7.0, 8.0, -8.0, 7.0, 8.0, -7.0, -8.0, 0.0]
Q: [0.0, 0.0, 9.0, 0.0, 0.0, 11.0, 0.0, 7.0, 0.0, 8.0, 0.0, 7.0, 15.0, 8.0, 0.0, 0.0]
B: [0.0, 64.0, 72.20259129788, 81.82668273552001, 84.69783929691, 109.43181018721, 147.94476048971, 175.0, 209.2400855285, 270.0, 281.922738989, 402.0, 425.1608815463, 443.1178409771, 446.04596016866, 451.75509145109]
