Avion: 6      Iteracion: 5

Num Ruta: 7
Ingresos: 96.192
Costos: 135.229144216
Utilidad Ruta: -39.0371442157
Costo Reducido: 85.8161987788
Nodos: [106, 27, 62, 716]
q: [0, 6.0, -6.0, 0]
Q: [0, 6.0, 0.0, 0]
B: [0.0, 538.0, 555.0308623681, 564.73653272104]
