Avion: 3      Iteracion: 18

Num Ruta: 15
Ingresos: 1254.941
Costos: 437.890792238
Utilidad Ruta: 817.050207762
Costo Reducido: 136.31954862
Nodos: [103, 24, 59, 10, 45, 34, 69, 33, 68, 29, 64, 713]
q: [0, 11.0, -11.0, 12.0, -12.0, 8.0, -8.0, 5.0, -5.0, 9.0, -9.0, 0]
Q: [0, 11.0, 0.0, 12.0, 0.0, 8.0, 0.0, 5.0, 0.0, 9.0, 0.0, 0]
B: [0.0, 61.0, 99.5129503025, 111.2988809828, 140.8183917172, 322.0, 358.4401302138, 437.0, 478.9526650524, 549.0, 582.7797797802, 609.1306994036]
