Avion: 6      Iteracion: 88

Num Ruta: 82
Ingresos: 2971.157
Costos: 523.358432441
Utilidad Ruta: 2447.79856756
Costo Reducido: 63.8987546502
Nodos: [106, 17, 10, 52, 30, 65, 45, 1, 36, 23, 18, 53, 58, 34, 69, 28, 63, 25, 60, 21, 5, 40, 56, 716]
q: [0.0, 5.0, 10.0, -5.0, 5.0, -5.0, -10.0, 7.0, -7.0, 5.0, 10.0, -10.0, -5.0, 8.0, -8.0, 6.0, -6.0, 10.0, -10.0, 12.0, 0.0, 0.0, -12.0, 0.0]
Q: [0.0, 5.0, 15.0, 10.0, 15.0, 10.0, 0.0, 7.0, 0.0, 5.0, 15.0, 5.0, 0.0, 8.0, 0.0, 6.0, 0.0, 10.0, 0.0, 12.0, 12.0, 12.0, 0.0, 0.0]
B: [0.0, 24.0, 96.0, 113.2607991993, 116.40525368299, 135.11927633979, 154.02007423299, 192.43941540379, 226.67950093229, 267.0, 293.0, 316.8182362487, 326.74376782137, 341.00271483717, 377.44284505097, 412.05805861377, 448.08467739767, 451.41805601403, 468.60303832413, 477.0, 505.61812322640003, 506.73981213158004, 529.48246081198, 556.19435054298]
