Avion: 1      Iteracion: 27

Num Ruta: 28
Ingresos: 1339.435
Costos: 483.866551792
Utilidad Ruta: 855.568448208
Costo Reducido: 157.419996437
Nodos: [101, 17, 10, 52, 30, 65, 45, 35, 70, 33, 6, 41, 13, 48, 68, 4, 27, 62, 39, 711]
q: [0.0, 5.0, 10.0, -5.0, 5.0, -5.0, -10.0, 8.0, -8.0, 5.0, 4.0, -4.0, 10.0, -10.0, -5.0, 3.0, 6.0, -6.0, -3.0, 0.0]
Q: [0.0, 5.0, 15.0, 10.0, 15.0, 10.0, 0.0, 8.0, 0.0, 5.0, 9.0, 5.0, 15.0, 5.0, 0.0, 3.0, 9.0, 3.0, 0.0, 0.0]
B: [0.0, 24.0, 96.0, 113.2607991993, 116.40525368299, 135.11927633979, 154.02007423299, 270.0, 281.922738989, 437.0, 463.1548069196, 466.84709631779, 480.25716242499, 497.14031337499, 502.48836367393, 529.0, 546.6147745373, 563.6456369054, 569.06089544032, 585.86992753622]
