Avion: 5      Iteracion: 41

Num Ruta: 33
Ingresos: 468.37
Costos: 281.4514985
Utilidad Ruta: 186.9185015
Costo Reducido: 34.0201525407
Nodos: [105, 19, 54, 13, 48, 715]
q: [0, 7.0, -7.0, 15.0, -15.0, 0]
Q: [0, 7.0, 0.0, 15.0, 0.0, 0]
B: [0.0, 402.0, 428.6271162915, 432.85473559792, 449.73788654792, 495.82681693252005]
