Avion: 4      Iteracion: 55

Num Ruta: 49
Ingresos: 2555.587
Costos: 488.37500967
Utilidad Ruta: 2067.21199033
Costo Reducido: 27.9951512453
Nodos: [104, 17, 52, 9, 44, 11, 46, 1, 36, 35, 70, 33, 6, 41, 13, 48, 68, 21, 4, 39, 56, 29, 64, 714]
q: [0.0, 5.0, -5.0, 11.0, -11.0, 6.0, -6.0, 7.0, -7.0, 8.0, -8.0, 5.0, 4.0, -4.0, 10.0, -10.0, -5.0, 12.0, 3.0, -3.0, -12.0, 9.0, -9.0, 0.0]
Q: [0.0, 5.0, 0.0, 11.0, 0.0, 6.0, 0.0, 7.0, 0.0, 8.0, 0.0, 5.0, 9.0, 5.0, 15.0, 5.0, 0.0, 12.0, 15.0, 12.0, 0.0, 9.0, 0.0, 0.0]
B: [0.0, 24.0, 58.8425537813, 81.72911018459999, 111.25634718709999, 169.0, 173.05406684701, 195.72351838431, 229.96360391281002, 270.0, 281.922738989, 437.0, 463.1548069196, 466.84709631779, 480.25716242499, 497.14031337499, 502.48836367393, 513.36784105113, 529.0, 549.4257496801999, 566.2286940948, 604.6819905724999, 638.4617703526999, 665.2322004014999]
