Avion: 5      Iteracion: 32

Num Ruta: 29
Ingresos: 309.698
Costos: 316.117113281
Utilidad Ruta: -6.4191132807
Costo Reducido: 13.1838693744
Nodos: [105, 9, 44, 14, 49, 35, 70, 715]
q: [0, 11.0, -11.0, 8.0, -8.0, 8.0, -8.0, 0]
Q: [0, 11.0, 0.0, 8.0, 0.0, 8.0, 0.0, 0]
B: [0.0, 31.4915482312, 61.0187852337, 112.0, 124.021711775, 270.0, 281.922738989, 310.9187060362]
