Avion: 1      Iteracion: 65

Num Ruta: 61
Ingresos: 2212.016
Costos: 467.128276593
Utilidad Ruta: 1744.88772341
Costo Reducido: 22.9141227017
Nodos: [101, 30, 65, 24, 59, 28, 63, 25, 19, 54, 13, 48, 60, 21, 56, 2, 37, 711]
q: [0.0, 11.0, -11.0, 0.0, 0.0, 6.0, -6.0, 0.0, 7.0, -7.0, 15.0, -15.0, 0.0, 12.0, -12.0, 10.0, -10.0, 0.0]
Q: [0.0, 11.0, 0.0, 0.0, 0.0, 6.0, 0.0, 0.0, 7.0, 0.0, 15.0, 0.0, 0.0, 12.0, 0.0, 10.0, 0.0, 0.0]
B: [0.0, 64.0, 82.7140226568, 107.4479935471, 145.9609438496, 378.0, 414.0266187839, 417.35999740026, 426.75200464046, 453.37912093195996, 457.60674023838, 474.48989118838, 483.66822883743, 491.83694232243, 532.5757330016299, 556.42674673273, 597.16170878013, 614.11137597453]
