Avion: 4      Iteracion: 50

Num Ruta: 45
Ingresos: 2629.67
Costos: 382.105216909
Utilidad Ruta: 2247.56478309
Costo Reducido: 53.9059062057
Nodos: [104, 17, 52, 9, 44, 25, 60, 31, 66, 21, 56, 2, 37, 29, 64, 714]
q: [0, 5.0, -5.0, 11.0, -11.0, 10.0, -10.0, 9.0, -9.0, 12.0, -12.0, 10.0, -10.0, 9.0, -9.0, 0]
Q: [0, 5.0, 0.0, 11.0, 0.0, 10.0, 0.0, 9.0, 0.0, 12.0, 0.0, 10.0, 0.0, 9.0, 0.0, 0]
B: [0.0, 24.0, 58.8425537813, 81.72911018459999, 111.25634718709999, 410.0, 427.1849823101, 432.00662891681, 460.33210799481, 483.79794667570997, 524.53673735491, 548.38775108601, 589.12271313341, 598.92745367052, 632.70723345072, 659.47766349952]
