Avion: 4      Iteracion: 13

Num Ruta: 14
Ingresos: 2766.555
Costos: 529.917960967
Utilidad Ruta: 2236.63703903
Costo Reducido: 180.154232743
Nodos: [104, 17, 52, 10, 45, 32, 67, 34, 69, 33, 68, 21, 56, 2, 37, 29, 64, 714]
q: [0, 5.0, -5.0, 12.0, -12.0, 11.0, -11.0, 8.0, -8.0, 5.0, -5.0, 12.0, -12.0, 10.0, -10.0, 9.0, -9.0, 0]
Q: [0, 5.0, 0.0, 12.0, 0.0, 11.0, 0.0, 8.0, 0.0, 5.0, 0.0, 12.0, 0.0, 10.0, 0.0, 9.0, 0.0, 0]
B: [0.0, 24.0, 58.8425537813, 96.0, 125.5195107344, 309.0, 319.4016530417, 346.1750898215, 382.6152200353, 437.0, 478.9526650524, 489.83214242959997, 530.5709331088, 554.4219468399, 595.1569088873, 604.96164942441, 638.74142920461, 665.51185925341]
