Avion: 4      Iteracion: 92

Num Ruta: 73
Ingresos: 2568.273
Costos: 443.410065946
Utilidad Ruta: 2124.86293405
Costo Reducido: 34.8349106794
Nodos: [104, 17, 52, 9, 44, 14, 49, 3, 38, 23, 32, 67, 26, 61, 58, 28, 31, 66, 63, 25, 60, 29, 4, 39, 64, 714]
q: [0.0, 5.0, -5.0, 11.0, -11.0, 8.0, -8.0, 13.0, -13.0, 4.0, 11.0, -11.0, 10.0, -10.0, -4.0, 6.0, 9.0, -9.0, -6.0, 10.0, -10.0, 9.0, 3.0, -3.0, -9.0, 0.0]
Q: [0.0, 5.0, 0.0, 11.0, 0.0, 8.0, 0.0, 13.0, 0.0, 4.0, 15.0, 4.0, 14.0, 4.0, 0.0, 6.0, 15.0, 6.0, 0.0, 10.0, 0.0, 9.0, 12.0, 9.0, 0.0, 0.0]
B: [0.0, 24.0, 58.8425537813, 81.72911018459999, 111.25634718709999, 121.5131539026, 133.5348656776, 256.0, 261.08428175852, 267.0, 309.0, 319.4016530417, 332.1221722921, 349.7014002615, 352.76847264408, 378.0, 406.0, 434.325479078, 462.7399107809, 466.07328939726, 483.25827170736, 549.0, 569.7100026316, 590.1357523117999, 602.3548233485, 629.1252533973]
