Avion: 1      Iteracion: 3

Num Ruta: 7
Ingresos: 2310.184
Costos: 669.406895066
Utilidad Ruta: 1640.77710493
Costo Reducido: 1621.7909233
Nodos: [101, 9, 16, 51, 44, 10, 45, 1, 36, 3, 38, 35, 70, 22, 57, 33, 68, 21, 4, 39, 56, 711]
q: [0.0, 11.0, 0.0, 0.0, -11.0, 12.0, -12.0, 7.0, -7.0, 13.0, -13.0, 8.0, -8.0, 10.0, -10.0, 5.0, -5.0, 12.0, 3.0, -3.0, -12.0, 0.0]
Q: [0.0, 11.0, 11.0, 11.0, 0.0, 12.0, 0.0, 7.0, 0.0, 13.0, 0.0, 8.0, 0.0, 10.0, 0.0, 5.0, 0.0, 12.0, 15.0, 12.0, 0.0, 0.0]
B: [0.0, 44.6232980628, 67.9904136315, 77.61450506914001, 110.38538789214002, 138.92750133874, 168.44701207314, 206.86635324394, 241.10643877244001, 256.0, 261.08428175852, 274.08526633661995, 286.00800532561993, 303.7313161055199, 325.4860022444199, 437.0, 478.9526650524, 489.83214242959997, 529.0, 549.4257496801999, 566.2286940948, 588.4711797696999]
