Avion: 4      Iteracion: 39

Num Ruta: 38
Ingresos: 1027.987
Costos: 316.66849677
Utilidad Ruta: 711.31850323
Costo Reducido: 27.6872956562
Nodos: [104, 17, 52, 1, 36, 33, 68, 714]
q: [0, 5.0, -5.0, 7.0, -7.0, 5.0, -5.0, 0]
Q: [0, 5.0, 0.0, 7.0, 0.0, 5.0, 0.0, 0]
B: [0.0, 24.0, 58.8425537813, 175.0, 209.2400855285, 437.0, 478.9526650524, 495.1270820434]
