Avion: 6      Iteracion: 61

Num Ruta: 58
Ingresos: 1234.624
Costos: 275.212687841
Utilidad Ruta: 959.411312159
Costo Reducido: 20.0985030302
Nodos: [106, 10, 45, 26, 34, 61, 69, 8, 33, 43, 13, 48, 68, 5, 40, 716]
q: [0.0, 12.0, -12.0, 7.0, 8.0, -7.0, -8.0, 8.0, 5.0, -8.0, 10.0, -10.0, -5.0, 9.0, -9.0, 0.0]
Q: [0.0, 12.0, 0.0, 7.0, 15.0, 8.0, 0.0, 8.0, 13.0, 5.0, 15.0, 5.0, 0.0, 9.0, 0.0, 0.0]
B: [0.0, 96.0, 125.5195107344, 300.0, 322.0, 336.913246092, 361.9000000428, 414.0, 437.0, 460.2743670161, 462.48504315700995, 479.36819410700997, 484.71624440594996, 513.68766199295, 514.80935089813, 521.5327049718]
