Avion: 4      Iteracion: 3

Num Ruta: 5
Ingresos: 3160.767
Costos: 723.137282278
Utilidad Ruta: 2437.62971772
Costo Reducido: 1889.24398417
Nodos: [104, 17, 52, 30, 16, 65, 51, 10, 45, 1, 11, 46, 36, 3, 38, 35, 70, 26, 34, 61, 22, 69, 57, 31, 33, 66, 68, 21, 4, 39, 56, 29, 64, 714]
q: [0.0, 0.0, 0.0, 0.0, 0.0, 0.0, 0.0, 12.0, -12.0, 7.0, 6.0, -6.0, -7.0, 13.0, -13.0, 8.0, -8.0, 10.0, 5.0, -10.0, 10.0, -5.0, -10.0, 9.0, 5.0, -9.0, -5.0, 12.0, 3.0, -3.0, -12.0, 9.0, -9.0, 0.0]
Q: [0.0, 0.0, 0.0, 0.0, 0.0, 0.0, 0.0, 12.0, 0.0, 7.0, 13.0, 7.0, 0.0, 13.0, 0.0, 8.0, 0.0, 10.0, 15.0, 5.0, 15.0, 10.0, 0.0, 9.0, 14.0, 5.0, 0.0, 12.0, 15.0, 12.0, 0.0, 9.0, 0.0, 0.0]
B: [0.0, 24.0, 58.8425537813, 64.0, 72.20259129788, 83.01926305958, 85.89041962097, 101.71969683127, 131.23920756567, 175.0, 193.6808285951, 197.73489544211, 232.05062478011, 256.0, 261.08428175852, 274.08526633661995, 286.00800532561993, 300.35886749481995, 322.0, 336.913246092, 350.5474267421, 365.1165933964, 375.70684372389996, 408.30157711749996, 445.80284740269997, 468.2010088451, 499.15279969799997, 510.03227707519994, 529.0, 549.4257496801999, 566.2286940948, 604.6819905724999, 638.4617703526999, 665.2322004014999]
