Avion: 4      Iteracion: 75

Num Ruta: 62
Ingresos: 3012.004
Costos: 493.502795764
Utilidad Ruta: 2518.50120424
Costo Reducido: 19.9377204809
Nodos: [104, 17, 52, 30, 16, 51, 65, 3, 38, 23, 35, 70, 26, 61, 34, 58, 28, 69, 63, 25, 60, 21, 4, 39, 56, 714]
q: [0.0, 5.0, -5.0, 6.0, 9.0, -9.0, -6.0, 13.0, -13.0, 7.0, 8.0, -8.0, 8.0, -8.0, 8.0, -7.0, 6.0, -8.0, -6.0, 10.0, -10.0, 12.0, 3.0, -3.0, -12.0, 0.0]
Q: [0.0, 5.0, 0.0, 6.0, 15.0, 6.0, 0.0, 13.0, 0.0, 7.0, 15.0, 7.0, 15.0, 7.0, 15.0, 8.0, 14.0, 6.0, 0.0, 10.0, 0.0, 12.0, 15.0, 12.0, 0.0, 0.0]
B: [0.0, 24.0, 58.8425537813, 64.0, 72.20259129788, 81.82668273552001, 84.69783929691, 256.0, 261.08428175852, 267.0, 277.4634044651, 289.38614345409997, 303.7370056233, 321.3162335927, 336.2294796847, 350.4884267005, 378.0, 412.6152135628, 444.56576931700005, 447.89914793336004, 465.08413024346004, 477.0, 529.0, 549.4257496801999, 566.2286940948, 595.1194999853]
