Avion: 4      Iteracion: 65

Num Ruta: 53
Ingresos: 1758.1
Costos: 398.978087376
Utilidad Ruta: 1359.12191262
Costo Reducido: 41.5873116585
Nodos: [104, 17, 52, 30, 16, 51, 65, 19, 33, 54, 13, 48, 68, 29, 4, 39, 64, 714]
q: [0.0, 5.0, -5.0, 11.0, 4.0, -4.0, -11.0, 7.0, 5.0, -7.0, 10.0, -10.0, -5.0, 9.0, 3.0, -3.0, -9.0, 0.0]
Q: [0.0, 5.0, 0.0, 11.0, 15.0, 11.0, 0.0, 7.0, 12.0, 5.0, 15.0, 5.0, 0.0, 9.0, 12.0, 9.0, 0.0, 0.0]
B: [0.0, 24.0, 58.8425537813, 64.0, 72.20259129788, 81.82668273552001, 84.69783929691, 402.0, 438.5935603624, 460.1419541308, 464.36957343722, 481.25272438722004, 486.60077468616004, 549.0, 569.7100026316, 590.1357523117999, 602.3548233485, 629.1252533973]
