Avion: 6      Iteracion: 18

Num Ruta: 19
Ingresos: 1557.125
Costos: 416.041726297
Utilidad Ruta: 1141.0832737
Costo Reducido: 201.393519771
Nodos: [106, 24, 59, 10, 45, 3, 38, 35, 70, 26, 34, 61, 69, 31, 19, 66, 54, 6, 41, 5, 40, 716]
q: [0.0, 11.0, -11.0, 12.0, -12.0, 13.0, -13.0, 8.0, -8.0, 7.0, 8.0, -7.0, -8.0, 9.0, 6.0, -9.0, -6.0, 0.0, 0.0, 9.0, -9.0, 0.0]
Q: [0.0, 11.0, 0.0, 12.0, 0.0, 13.0, 0.0, 8.0, 0.0, 7.0, 15.0, 8.0, 0.0, 9.0, 15.0, 6.0, 0.0, 0.0, 0.0, 9.0, 0.0, 0.0]
B: [0.0, 61.0, 99.5129503025, 111.2988809828, 140.8183917172, 256.0, 261.08428175852, 274.08526633661995, 286.00800532561993, 300.35886749481995, 322.0, 336.913246092, 361.9000000428, 406.0, 427.4250045741, 443.5262214225, 465.9443857095, 477.735404707, 481.42769410518997, 499.81655431998996, 500.93824322516997, 507.66159729884]
