Avion: 5      Iteracion: 15

Num Ruta: 17
Ingresos: 1158.418
Costos: 419.913281196
Utilidad Ruta: 738.504718804
Costo Reducido: 37.4951472518
Nodos: [105, 14, 49, 35, 70, 18, 53, 34, 69, 8, 33, 43, 13, 48, 68, 715]
q: [0.0, 8.0, -8.0, 8.0, -8.0, 10.0, -10.0, 8.0, -8.0, 8.0, 5.0, -8.0, 10.0, -10.0, -5.0, 0.0]
Q: [0.0, 8.0, 0.0, 8.0, 0.0, 10.0, 0.0, 8.0, 0.0, 8.0, 13.0, 5.0, 15.0, 5.0, 0.0, 0.0]
B: [0.0, 112.0, 124.021711775, 270.0, 281.922738989, 302.3408921131, 326.15912836179996, 349.62983932249995, 386.06996953629994, 414.0, 437.0, 460.2743670161, 462.48504315700995, 479.36819410700997, 484.71624440594996, 528.47657084445]
