Avion: 2      Iteracion: 54

Num Ruta: 42
Ingresos: 2056.031
Costos: 483.132186951
Utilidad Ruta: 1572.89881305
Costo Reducido: 109.817487597
Nodos: [102, 16, 51, 9, 24, 44, 59, 1, 36, 35, 70, 18, 53, 26, 61, 13, 48, 20, 4, 39, 55, 2, 37, 712]
q: [0.0, 9.0, -9.0, 11.0, 4.0, -11.0, -4.0, 7.0, -7.0, 8.0, -8.0, 10.0, -10.0, 10.0, -10.0, 15.0, -15.0, 0.0, 3.0, -3.0, 0.0, 10.0, -10.0, 0.0]
Q: [0.0, 9.0, 0.0, 11.0, 15.0, 4.0, 0.0, 7.0, 0.0, 8.0, 0.0, 10.0, 0.0, 10.0, 0.0, 15.0, 0.0, 0.0, 3.0, 0.0, 0.0, 10.0, 0.0, 0.0]
B: [0.0, 36.0, 45.624091437640004, 75.68094759394, 82.11782463176, 106.25807452686, 131.31363794096, 175.0, 209.2400855285, 270.0, 281.922738989, 302.3408921131, 326.15912836179996, 355.16064518419995, 372.73987315359994, 423.0, 439.88315095, 496.0, 529.0, 549.4257496801999, 561.2869729308, 568.6172701962599, 609.35223224366, 613.46797871301]
