Avion: 2      Iteracion: 9

Num Ruta: 12
Ingresos: 599.45
Costos: 351.655603814
Utilidad Ruta: 247.794396186
Costo Reducido: 20.9125171448
Nodos: [102, 2, 37, 712]
q: [0, 10.0, -10.0, 0]
Q: [0, 10.0, 0.0, 0]
B: [0.0, 522.0, 562.7349620474, 566.85070851675]
