Avion: 3      Iteracion: 37

Num Ruta: 30
Ingresos: 658.013
Costos: 226.233862773
Utilidad Ruta: 431.779137227
Costo Reducido: 63.3424198091
Nodos: [103, 11, 46, 1, 36, 33, 68, 713]
q: [0, 6.0, -6.0, 7.0, -7.0, 5.0, -5.0, 0]
Q: [0, 6.0, 0.0, 7.0, 0.0, 5.0, 0.0, 0]
B: [0.0, 169.0, 173.05406684701, 195.72351838431, 229.96360391281002, 437.0, 478.9526650524, 482.64754055775]
