Avion: 1      Iteracion: 45

Num Ruta: 43
Ingresos: 1409.773
Costos: 367.728720606
Utilidad Ruta: 1042.04427939
Costo Reducido: 83.6548417115
Nodos: [101, 30, 16, 51, 65, 24, 59, 1, 36, 35, 70, 31, 66, 19, 54, 711]
q: [0.0, 6.0, 9.0, -9.0, -6.0, 11.0, -11.0, 7.0, -7.0, 8.0, -8.0, 9.0, -9.0, 7.0, -7.0, 0.0]
Q: [0.0, 6.0, 15.0, 6.0, 0.0, 11.0, 0.0, 7.0, 0.0, 8.0, 0.0, 9.0, 0.0, 7.0, 0.0, 0.0]
B: [0.0, 64.0, 72.20259129788, 81.82668273552001, 84.69783929691, 109.43181018721, 147.94476048971, 175.0, 209.2400855285, 270.0, 281.922738989, 406.0, 434.325479078, 450.4266959264, 477.0538122179, 481.79933916439995]
