Avion: 6      Iteracion: 14

Num Ruta: 16
Ingresos: 1837.747
Costos: 423.938240901
Utilidad Ruta: 1413.8087591
Costo Reducido: 300.131376766
Nodos: [106, 30, 65, 16, 51, 14, 49, 3, 38, 18, 53, 31, 66, 25, 60, 21, 4, 39, 56, 716]
q: [0, 11.0, -11.0, 9.0, -9.0, 8.0, -8.0, 13.0, -13.0, 10.0, -10.0, 9.0, -9.0, 10.0, -10.0, 12.0, 3.0, -3.0, -12.0, 0]
Q: [0, 11.0, 0.0, 9.0, 0.0, 8.0, 0.0, 13.0, 0.0, 10.0, 0.0, 9.0, 0.0, 10.0, 0.0, 12.0, 15.0, 12.0, 0.0, 0]
B: [0.0, 64.0, 82.7140226568, 93.53069441849999, 103.15478585614, 129.94109036054, 141.96280213554, 256.0, 261.08428175852, 293.0, 316.8182362487, 406.0, 434.325479078, 459.752616235, 476.9375985451, 485.1063120301, 529.0, 549.4257496801999, 566.2286940948, 592.9405838258]
