Avion: 6      Iteracion: 66

Num Ruta: 63
Ingresos: 1327.191
Costos: 272.165102282
Utilidad Ruta: 1055.02589772
Costo Reducido: 32.6385598673
Nodos: [106, 1, 36, 8, 33, 5, 40, 43, 68, 29, 4, 39, 64, 716]
q: [0.0, 7.0, -7.0, 8.0, 5.0, 2.0, -2.0, -8.0, -5.0, 9.0, 3.0, -3.0, -9.0, 0.0]
Q: [0.0, 7.0, 0.0, 8.0, 13.0, 15.0, 13.0, 5.0, 0.0, 9.0, 12.0, 9.0, 0.0, 0.0]
B: [0.0, 175.0, 209.2400855285, 414.0, 437.0, 469.0, 470.12168890518, 480.59966590458, 502.55654694448, 549.0, 569.7100026316, 590.1357523117999, 602.3548233485, 622.7520306327999]
