Avion: 1      Iteracion: 63

Num Ruta: 59
Ingresos: 2700.03
Costos: 483.569621441
Utilidad Ruta: 2216.46037856
Costo Reducido: 27.9488110617
Nodos: [101, 30, 65, 24, 59, 1, 36, 35, 70, 18, 53, 34, 69, 8, 19, 54, 43, 13, 48, 4, 2, 39, 37, 711]
q: [0, 11.0, -11.0, 11.0, -11.0, 7.0, -7.0, 8.0, -8.0, 10.0, -10.0, 8.0, -8.0, 8.0, 7.0, -7.0, -8.0, 15.0, -15.0, 3.0, 10.0, -3.0, -10.0, 0]
Q: [0, 11.0, 0.0, 11.0, 0.0, 7.0, 0.0, 8.0, 0.0, 10.0, 0.0, 8.0, 0.0, 8.0, 15.0, 8.0, 0.0, 15.0, 0.0, 3.0, 13.0, 10.0, 0.0, 0]
B: [0.0, 64.0, 82.7140226568, 107.4479935471, 145.9609438496, 175.0, 209.2400855285, 270.0, 281.922738989, 302.3408921131, 326.15912836179996, 349.62983932249995, 386.06996953629994, 414.0, 437.1608815463, 463.7879978378, 466.71611702935996, 468.92679317026995, 485.80994412026996, 529.0, 556.3715326023, 565.8259991129, 599.0192098946001, 615.9688770890001]
