Avion: 7      Iteracion: 2

Num Ruta: 6
Ingresos: 1786.372
Costos: 534.984064001
Utilidad Ruta: 1251.387936
Costo Reducido: 1175.24115917
Nodos: [107, 24, 59, 34, 69, 28, 63, 19, 54, 21, 56, 717]
q: [0, 11.0, -11.0, 8.0, -8.0, 6.0, -6.0, 7.0, -7.0, 12.0, -12.0, 0]
Q: [0, 11.0, 0.0, 8.0, 0.0, 6.0, 0.0, 7.0, 0.0, 12.0, 0.0, 0]
B: [0.0, 61.0, 99.5129503025, 322.0, 358.4401302138, 393.0553437766, 429.0819625605, 441.6177558342, 468.2448721257, 491.8517325057, 532.5905231849, 576.2067941511]
