Avion: 1      Iteracion: 53

Num Ruta: 51
Ingresos: 1817.111
Costos: 379.104113487
Utilidad Ruta: 1438.00688651
Costo Reducido: 85.7724458987
Nodos: [101, 30, 65, 24, 59, 1, 36, 35, 70, 26, 61, 34, 28, 69, 8, 19, 25, 63, 60, 54, 43, 711]
q: [0.0, 11.0, -11.0, 11.0, -11.0, 7.0, -7.0, 8.0, -8.0, 10.0, -10.0, 8.0, 6.0, -8.0, 0.0, 0.0, 9.0, -6.0, -9.0, 0.0, 0.0, 0.0]
Q: [0.0, 11.0, 0.0, 11.0, 0.0, 7.0, 0.0, 8.0, 0.0, 10.0, 0.0, 8.0, 14.0, 6.0, 6.0, 6.0, 15.0, 9.0, 0.0, 0.0, 0.0, 0.0]
B: [0.0, 64.0, 82.7140226568, 107.4479935471, 145.9609438496, 175.0, 209.2400855285, 270.0, 281.922738989, 300.0, 317.5792279694, 332.4924740614, 378.0, 412.6152135628, 415.26138853812, 438.42227008442, 447.81427732462, 451.14765594098, 468.45374469608, 485.24060113198, 488.16872032353996, 493.87785160596997]
