Avion: 5      Iteracion: 0

Num Ruta: 1
Ingresos: 1636.2
Costos: 551.842449424
Utilidad Ruta: 1084.35755058
Costo Reducido: -
Nodos: [105, 17, 52, 30, 65, 14, 49, 3, 38, 35, 70, 32, 67, 26, 61, 34, 69, 33, 68, 715]
q: [0, 5.0, -5.0, 11.0, -11.0, 8.0, -8.0, 13.0, -13.0, 8.0, -8.0, 11.0, -11.0, 10.0, -10.0, 8.0, -8.0, 5.0, -5.0, 0]
Q: [0, 5.0, 0.0, 11.0, 0.0, 8.0, 0.0, 13.0, 0.0, 8.0, 0.0, 11.0, 0.0, 10.0, 0.0, 8.0, 0.0, 5.0, 0.0, 0]
B: [0.0, 35.8094227823, 70.65197656359999, 73.79643104728999, 92.51045370408998, 120.30639436098998, 132.32810613598997, 256.0, 261.08428175852, 274.08526633661995, 286.00800532561993, 309.0, 319.4016530417, 332.1221722921, 349.7014002615, 364.6146463535, 401.0547765673, 437.0, 478.9526650524, 522.7129914909]
