Avion: 6      Iteracion: 42

Num Ruta: 41
Ingresos: 1655.124
Costos: 354.081508326
Utilidad Ruta: 1301.04249167
Costo Reducido: 125.947656923
Nodos: [106, 17, 52, 16, 51, 24, 59, 1, 36, 8, 33, 43, 13, 68, 48, 716]
q: [0.0, 5.0, -5.0, 9.0, -9.0, 11.0, -11.0, 7.0, -7.0, 8.0, 5.0, -8.0, 10.0, -5.0, -10.0, 0.0]
Q: [0.0, 5.0, 0.0, 9.0, 0.0, 11.0, 0.0, 7.0, 0.0, 8.0, 13.0, 5.0, 15.0, 10.0, 0.0, 0.0]
B: [0.0, 24.0, 58.8425537813, 64.17419311644, 73.79828455408, 99.02448363357999, 137.53743393608, 175.0, 209.2400855285, 414.0, 437.0, 460.2743670161, 462.48504315700995, 482.45587278420993, 487.8039230831499, 511.1773593944499]
