Avion: 1      Iteracion: 10

Num Ruta: 14
Ingresos: 3253.566
Costos: 517.017361275
Utilidad Ruta: 2736.54863873
Costo Reducido: 430.502270988
Nodos: [101, 30, 65, 24, 59, 1, 36, 23, 35, 70, 32, 67, 26, 61, 58, 28, 31, 63, 19, 66, 8, 54, 43, 6, 41, 21, 56, 711]
q: [0.0, 11.0, -11.0, 11.0, -11.0, 7.0, -7.0, 4.0, 8.0, -8.0, 11.0, -11.0, 10.0, -10.0, -4.0, 6.0, 9.0, -6.0, 6.0, -9.0, 8.0, -6.0, -8.0, 4.0, -4.0, 12.0, -12.0, 0.0]
Q: [0.0, 11.0, 0.0, 11.0, 0.0, 7.0, 0.0, 4.0, 12.0, 4.0, 15.0, 4.0, 14.0, 4.0, 0.0, 6.0, 15.0, 9.0, 15.0, 6.0, 14.0, 8.0, 0.0, 4.0, 0.0, 12.0, 0.0, 0.0]
B: [0.0, 64.0, 82.7140226568, 107.4479935471, 145.9609438496, 175.0, 209.2400855285, 267.0, 277.4634044651, 289.38614345409997, 309.0, 319.4016530417, 332.1221722921, 349.7014002615, 352.76847264408, 378.0, 406.0, 426.4968799577, 439.0326732314, 455.1338900798, 463.91673620164, 481.87369563244, 484.80181482399996, 493.99248645342993, 497.6847758516199, 534.3660247535199, 575.1048154327199, 597.3473011076198]
