Avion: 5      Iteracion: 56

Num Ruta: 42
Ingresos: 676.964
Costos: 234.740992826
Utilidad Ruta: 442.223007174
Costo Reducido: 25.0687471593
Nodos: [105, 18, 53, 28, 63, 25, 60, 715]
q: [0, 10.0, -10.0, 6.0, -6.0, 10.0, -10.0, 0]
Q: [0, 10.0, 0.0, 6.0, 0.0, 10.0, 0.0, 0]
B: [0.0, 293.0, 316.8182362487, 378.0, 414.0266187839, 417.35999740026, 434.54497971036, 471.68788700096]
