Avion: 4      Iteracion: 41

Num Ruta: 40
Ingresos: 365.438
Costos: 290.860983257
Utilidad Ruta: 74.5770167427
Costo Reducido: 86.8308698255
Nodos: [104, 17, 52, 30, 16, 51, 65, 32, 67, 13, 48, 714]
q: [0.0, 0.0, 0.0, 11.0, 0.0, 0.0, -11.0, 11.0, -11.0, 15.0, -15.0, 0.0]
Q: [0.0, 0.0, 0.0, 11.0, 11.0, 11.0, 0.0, 11.0, 0.0, 15.0, 0.0, 0.0]
B: [0.0, 24.0, 58.8425537813, 64.0, 72.20259129788, 81.82668273552001, 84.69783929691, 309.0, 319.4016530417, 423.0, 439.88315095, 451.5624516568]
