Avion: 5      Iteracion: 53

Num Ruta: 41
Ingresos: 616.284
Costos: 301.557354089
Utilidad Ruta: 314.726645911
Costo Reducido: 5.47331670637
Nodos: [105, 14, 49, 18, 53, 13, 28, 48, 63, 15, 50, 715]
q: [0.0, 8.0, -8.0, 10.0, -10.0, 9.0, 6.0, -9.0, -6.0, 0.0, 0.0, 0.0]
Q: [0.0, 8.0, 0.0, 10.0, 0.0, 9.0, 15.0, 6.0, 0.0, 0.0, 0.0, 0.0]
B: [0.0, 112.0, 124.021711775, 293.0, 316.8182362487, 423.0, 436.7962173439, 450.1536367429, 473.1920667675, 511.0, 527.4211666151, 560.9947556696]
