Avion: 6      Iteracion: 78

Num Ruta: 72
Ingresos: 724.657
Costos: 174.696127716
Utilidad Ruta: 549.960872284
Costo Reducido: 20.6341129791
Nodos: [106, 6, 41, 5, 40, 33, 68, 29, 27, 64, 62, 716]
q: [0, 4.0, -4.0, 9.0, -9.0, 5.0, -5.0, 9.0, 6.0, -9.0, -6.0, 0]
Q: [0, 4.0, 0.0, 9.0, 0.0, 5.0, 0.0, 9.0, 15.0, 6.0, 0.0, 0]
B: [0.0, 436.0, 439.69228939819, 469.0, 470.12168890518, 483.41186760978, 525.3645326621801, 549.0, 574.6018082369, 582.8182362320799, 598.26561380888, 607.97128416182]
