Avion: 4      Iteracion: 74

Num Ruta: 61
Ingresos: 1396.627
Costos: 298.708358953
Utilidad Ruta: 1097.91864105
Costo Reducido: 28.0532227775
Nodos: [104, 17, 52, 9, 44, 11, 46, 25, 19, 54, 13, 48, 60, 29, 64, 714]
q: [0.0, 5.0, -5.0, 11.0, -11.0, 6.0, -6.0, 0.0, 7.0, -7.0, 15.0, -15.0, 0.0, 9.0, -9.0, 0.0]
Q: [0.0, 5.0, 0.0, 11.0, 0.0, 6.0, 0.0, 0.0, 7.0, 0.0, 15.0, 0.0, 0.0, 9.0, 0.0, 0.0]
B: [0.0, 24.0, 58.8425537813, 81.72911018459999, 111.25634718709999, 169.0, 173.05406684701, 410.0, 419.3920072402, 446.01912353169996, 450.24674283812, 467.12989378812, 476.30823143717, 549.0, 582.7797797802, 609.550209829]
