Avion: 1      Iteracion: 46

Num Ruta: 44
Ingresos: 2012.834
Costos: 443.424265193
Utilidad Ruta: 1569.40973481
Costo Reducido: 60.1173061138
Nodos: [101, 30, 65, 24, 59, 1, 36, 3, 38, 35, 70, 26, 61, 34, 69, 31, 66, 19, 54, 711]
q: [0, 11.0, -11.0, 11.0, -11.0, 7.0, -7.0, 13.0, -13.0, 8.0, -8.0, 10.0, -10.0, 8.0, -8.0, 9.0, -9.0, 7.0, -7.0, 0]
Q: [0, 11.0, 0.0, 11.0, 0.0, 7.0, 0.0, 13.0, 0.0, 8.0, 0.0, 10.0, 0.0, 8.0, 0.0, 9.0, 0.0, 7.0, 0.0, 0]
B: [0.0, 64.0, 82.7140226568, 107.4479935471, 145.9609438496, 175.0, 209.2400855285, 256.0, 261.08428175852, 274.08526633661995, 286.00800532561993, 300.35886749481995, 317.93809546421994, 332.85134155621995, 369.29147177001994, 406.0, 434.325479078, 450.4266959264, 477.0538122179, 481.79933916439995]
