Avion: 6      Iteracion: 36

Num Ruta: 36
Ingresos: 896.219
Costos: 345.237586413
Utilidad Ruta: 550.981413587
Costo Reducido: 50.5238316148
Nodos: [106, 16, 51, 9, 24, 44, 59, 10, 45, 32, 67, 33, 6, 41, 68, 5, 40, 716]
q: [0.0, 9.0, -9.0, 11.0, 4.0, -11.0, -4.0, 12.0, -12.0, 11.0, -11.0, 5.0, 4.0, -4.0, -5.0, 9.0, -9.0, 0.0]
Q: [0.0, 9.0, 0.0, 11.0, 15.0, 4.0, 0.0, 12.0, 0.0, 11.0, 0.0, 5.0, 9.0, 5.0, 0.0, 9.0, 0.0, 0.0]
B: [0.0, 36.0, 45.624091437640004, 75.68094759394, 82.11782463176, 106.25807452686, 131.31363794096, 143.09956862126, 172.61907935566, 309.0, 319.4016530417, 437.0, 463.1548069196, 466.84709631779, 497.92495713539, 526.89637472239, 528.01806362757, 534.7414177012399]
