Avion: 3      Iteracion: 73

Num Ruta: 41
Ingresos: 691.883
Costos: 272.077692289
Utilidad Ruta: 419.805307711
Costo Reducido: 14.7757643932
Nodos: [103, 1, 36, 35, 70, 33, 68, 713]
q: [0, 7.0, -7.0, 8.0, -8.0, 5.0, -5.0, 0]
Q: [0, 7.0, 0.0, 8.0, 0.0, 5.0, 0.0, 0]
B: [0.0, 175.0, 209.2400855285, 270.0, 281.922738989, 437.0, 478.9526650524, 482.64754055775]
