Avion: 2      Iteracion: 69

Num Ruta: 53
Ingresos: 2067.638
Costos: 465.978754574
Utilidad Ruta: 1601.65924543
Costo Reducido: 84.6205820733
Nodos: [102, 16, 51, 3, 38, 35, 70, 26, 61, 34, 69, 8, 33, 43, 13, 48, 68, 20, 4, 39, 55, 2, 37, 712]
q: [0.0, 9.0, -9.0, 13.0, -13.0, 8.0, -8.0, 10.0, -10.0, 8.0, -8.0, 8.0, 5.0, -8.0, 10.0, -10.0, -5.0, 0.0, 3.0, -3.0, 0.0, 10.0, -10.0, 0.0]
Q: [0.0, 9.0, 0.0, 13.0, 0.0, 8.0, 0.0, 10.0, 0.0, 8.0, 0.0, 8.0, 13.0, 5.0, 15.0, 5.0, 0.0, 0.0, 3.0, 0.0, 0.0, 10.0, 0.0, 0.0]
B: [0.0, 36.0, 45.624091437640004, 256.0, 261.08428175852, 274.08526633661995, 286.00800532561993, 300.35886749481995, 317.93809546421994, 332.85134155621995, 369.29147177001994, 414.0, 437.0, 460.2743670161, 462.48504315700995, 479.36819410700997, 484.71624440594996, 496.0, 529.0, 549.4257496801999, 561.2869729308, 568.6172701962599, 609.35223224366, 613.46797871301]
