Avion: 1      Iteracion: 15

Num Ruta: 17
Ingresos: 1831.081
Costos: 407.022384002
Utilidad Ruta: 1424.058616
Costo Reducido: 114.127115283
Nodos: [101, 30, 65, 16, 51, 10, 45, 26, 34, 61, 22, 57, 69, 8, 19, 54, 43, 13, 48, 711]
q: [0.0, 11.0, -11.0, 9.0, -9.0, 12.0, -12.0, 7.0, 8.0, -7.0, 7.0, -7.0, -8.0, 8.0, 7.0, -7.0, -8.0, 15.0, -15.0, 0.0]
Q: [0.0, 11.0, 0.0, 9.0, 0.0, 12.0, 0.0, 7.0, 15.0, 8.0, 15.0, 8.0, 0.0, 8.0, 15.0, 8.0, 0.0, 15.0, 0.0, 0.0]
B: [0.0, 64.0, 82.7140226568, 93.53069441849999, 103.15478585614, 118.98406306644, 148.50357380084, 300.0, 322.0, 336.913246092, 350.5474267421, 372.302112881, 382.8923632085, 414.0, 437.1608815463, 463.7879978378, 466.71611702935996, 468.92679317026995, 485.80994412026996, 501.06134618696996]
