Avion: 3      Iteracion: 27

Num Ruta: 24
Ingresos: 689.885
Costos: 253.36345037
Utilidad Ruta: 436.52154963
Costo Reducido: 98.527450961
Nodos: [103, 11, 46, 13, 48, 31, 66, 33, 68, 713]
q: [0, 6.0, -6.0, 15.0, -15.0, 9.0, -9.0, 5.0, -5.0, 0]
Q: [0, 6.0, 0.0, 15.0, 0.0, 9.0, 0.0, 5.0, 0.0, 0]
B: [0.0, 169.0, 173.05406684701, 423.0, 439.88315095, 444.3406643824, 472.6661434604, 495.0643049028, 537.0169699552, 540.71184546055]
