Avion: 4      Iteracion: 29

Num Ruta: 29
Ingresos: 2181.127
Costos: 451.003433117
Utilidad Ruta: 1730.12356688
Costo Reducido: 93.4009321674
Nodos: [104, 17, 52, 30, 16, 51, 65, 35, 70, 32, 67, 33, 13, 48, 68, 21, 4, 39, 56, 29, 64, 714]
q: [0.0, 5.0, -5.0, 6.0, 9.0, -9.0, -6.0, 8.0, -8.0, 11.0, -11.0, 5.0, 10.0, -10.0, -5.0, 12.0, 3.0, -3.0, -12.0, 9.0, -9.0, 0.0]
Q: [0.0, 5.0, 0.0, 6.0, 15.0, 6.0, 0.0, 8.0, 0.0, 11.0, 0.0, 5.0, 15.0, 5.0, 0.0, 12.0, 15.0, 12.0, 0.0, 9.0, 0.0, 0.0]
B: [0.0, 24.0, 58.8425537813, 64.0, 72.20259129788, 81.82668273552001, 84.69783929691, 270.0, 281.922738989, 309.0, 319.4016530417, 437.0, 462.372931896, 479.256082846, 484.60413314494, 495.48361052214, 529.0, 549.4257496801999, 566.2286940948, 604.6819905724999, 638.4617703526999, 665.2322004014999]
