Avion: 2      Iteracion: 5

Num Ruta: 8
Ingresos: 1999.851
Costos: 613.42613564
Utilidad Ruta: 1386.42486436
Costo Reducido: 1430.89771474
Nodos: [102, 16, 51, 30, 65, 23, 58, 32, 67, 34, 69, 8, 33, 43, 13, 48, 68, 27, 62, 2, 37, 712]
q: [0.0, 9.0, -9.0, 11.0, -11.0, 10.0, -10.0, 11.0, -11.0, 8.0, -8.0, 8.0, 5.0, -8.0, 10.0, -10.0, -5.0, 6.0, -6.0, 0.0, 0.0, 0.0]
Q: [0.0, 9.0, 0.0, 11.0, 0.0, 10.0, 0.0, 11.0, 0.0, 8.0, 0.0, 8.0, 13.0, 5.0, 15.0, 5.0, 0.0, 6.0, 0.0, 0.0, 0.0, 0.0]
B: [0.0, 36.0, 45.624091437640004, 64.0, 82.7140226568, 267.0, 306.733842905, 329.2181487426, 339.6198017843, 366.39323856410005, 402.83336877790003, 414.0, 437.0, 460.2743670161, 462.48504315700995, 479.36819410700997, 484.71624440594996, 538.0, 555.0308623681, 566.4829354555, 607.2178975029, 611.33364397225]
