Avion: 4      Iteracion: 15

Num Ruta: 16
Ingresos: 2471.57
Costos: 548.563346117
Utilidad Ruta: 1923.00665388
Costo Reducido: 135.563814157
Nodos: [104, 17, 52, 16, 51, 14, 49, 35, 70, 18, 53, 34, 28, 69, 63, 25, 60, 13, 48, 21, 4, 39, 56, 714]
q: [0, 5.0, -5.0, 9.0, -9.0, 8.0, -8.0, 8.0, -8.0, 10.0, -10.0, 8.0, 6.0, -8.0, -6.0, 10.0, -10.0, 15.0, -15.0, 12.0, 3.0, -3.0, -12.0, 0]
Q: [0, 5.0, 0.0, 9.0, 0.0, 8.0, 0.0, 8.0, 0.0, 10.0, 0.0, 8.0, 14.0, 6.0, 0.0, 10.0, 0.0, 15.0, 0.0, 12.0, 15.0, 12.0, 0.0, 0]
B: [0.0, 24.0, 58.8425537813, 64.17419311644, 73.79828455408, 112.0, 124.021711775, 270.0, 281.922738989, 302.3408921131, 326.15912836179996, 349.62983932249995, 378.0, 412.6152135628, 444.56576931700005, 447.89914793336004, 465.08413024346004, 481.08519070836, 497.96834165836003, 513.47973804936, 529.0, 549.4257496801999, 566.2286940948, 595.1194999853]
