Avion: 1      Iteracion: 16

Num Ruta: 18
Ingresos: 2620.488
Costos: 532.363950565
Utilidad Ruta: 2088.12404943
Costo Reducido: 387.522626311
Nodos: [101, 17, 52, 30, 65, 24, 59, 1, 36, 3, 38, 18, 53, 28, 63, 25, 60, 19, 54, 13, 48, 4, 27, 62, 39, 711]
q: [0, 5.0, -5.0, 11.0, -11.0, 11.0, -11.0, 7.0, -7.0, 13.0, -13.0, 10.0, -10.0, 6.0, -6.0, 10.0, -10.0, 7.0, -7.0, 15.0, -15.0, 3.0, 6.0, -6.0, -3.0, 0]
Q: [0, 5.0, 0.0, 11.0, 0.0, 11.0, 0.0, 7.0, 0.0, 13.0, 0.0, 10.0, 0.0, 6.0, 0.0, 10.0, 0.0, 7.0, 0.0, 15.0, 0.0, 3.0, 9.0, 3.0, 0.0, 0]
B: [0.0, 24.0, 58.8425537813, 64.0, 82.7140226568, 107.4479935471, 145.9609438496, 175.0, 209.2400855285, 256.0, 261.08428175852, 293.0, 316.8182362487, 378.0, 414.0266187839, 417.35999740026, 434.54497971036, 451.21787139116, 477.84498768265996, 482.07260698908, 498.95575793908, 529.0, 546.6147745373, 563.6456369054, 569.06089544032, 585.86992753622]
