Avion: 2      Iteracion: 3

Num Ruta: 6
Ingresos: 1272.83
Costos: 444.960005181
Utilidad Ruta: 827.869994819
Costo Reducido: 547.352622325
Nodos: [102, 21, 56, 2, 37, 712]
q: [0, 12.0, -12.0, 10.0, -10.0, 0]
Q: [0, 12.0, 0.0, 10.0, 0.0, 0]
B: [0.0, 477.0, 517.7387906792, 541.5898044103, 582.3247664577, 586.44051292705]
