Avion: 2      Iteracion: 18

Num Ruta: 19
Ingresos: 1249.611
Costos: 573.322790363
Utilidad Ruta: 676.288209637
Costo Reducido: 160.166035909
Nodos: [102, 24, 59, 10, 45, 26, 61, 34, 69, 29, 64, 712]
q: [0, 11.0, -11.0, 12.0, -12.0, 10.0, -10.0, 8.0, -8.0, 9.0, -9.0, 0]
Q: [0, 11.0, 0.0, 12.0, 0.0, 10.0, 0.0, 8.0, 0.0, 9.0, 0.0, 0]
B: [0.0, 61.0, 99.5129503025, 111.2988809828, 140.8183917172, 300.0, 317.5792279694, 332.4924740614, 368.9326042752, 549.0, 582.7797797802, 619.2657652541]
