Avion: 6      Iteracion: 12

Num Ruta: 14
Ingresos: 1661.394
Costos: 505.779153632
Utilidad Ruta: 1155.61484637
Costo Reducido: 404.033116237
Nodos: [106, 24, 9, 44, 59, 10, 45, 35, 26, 61, 70, 32, 67, 33, 6, 41, 13, 48, 68, 29, 4, 64, 39, 716]
q: [0.0, 11.0, 4.0, -4.0, -11.0, 12.0, -12.0, 0.0, 10.0, -10.0, 0.0, 11.0, -11.0, 5.0, 4.0, -4.0, 10.0, -10.0, -5.0, 9.0, 3.0, -9.0, -3.0, 0.0]
Q: [0.0, 11.0, 15.0, 11.0, 0.0, 12.0, 0.0, 0.0, 10.0, 0.0, 0.0, 11.0, 0.0, 5.0, 9.0, 5.0, 15.0, 5.0, 0.0, 9.0, 12.0, 3.0, 0.0, 0.0]
B: [0.0, 61.0, 67.43687703782, 96.96411404032, 122.01967745441999, 133.80560813472, 163.32511886912, 270.0, 300.0, 317.5792279694, 338.2993137076, 349.8980948936, 360.2997479353, 437.0, 463.1548069196, 466.84709631779, 480.25716242499, 497.14031337499, 502.48836367393, 549.0, 569.7100026316, 592.5834067727, 604.8024778094, 619.4795926485]
