Avion: 6      Iteracion: 27

Num Ruta: 27
Ingresos: 1349.155
Costos: 329.557924153
Utilidad Ruta: 1019.59707585
Costo Reducido: 106.477175753
Nodos: [106, 17, 52, 35, 70, 26, 61, 31, 66, 33, 13, 48, 68, 716]
q: [0.0, 5.0, -5.0, 8.0, -8.0, 10.0, -10.0, 9.0, -9.0, 5.0, 10.0, -10.0, -5.0, 0.0]
Q: [0.0, 5.0, 0.0, 8.0, 0.0, 10.0, 0.0, 9.0, 0.0, 5.0, 15.0, 5.0, 0.0, 0.0]
B: [0.0, 24.0, 58.8425537813, 270.0, 281.922738989, 300.0, 317.5792279694, 406.0, 434.325479078, 456.7236405204, 482.0965724164, 498.97972336640004, 504.32777366534003, 528.2202175964401]
