Avion: 6      Iteracion: 41

Num Ruta: 40
Ingresos: 926.834
Costos: 341.496837762
Utilidad Ruta: 585.337162238
Costo Reducido: 134.75581169
Nodos: [106, 30, 65, 35, 70, 32, 67, 13, 48, 31, 5, 40, 66, 4, 27, 62, 39, 716]
q: [0.0, 11.0, -11.0, 8.0, -8.0, 11.0, -11.0, 15.0, -15.0, 9.0, 0.0, 0.0, -9.0, 3.0, 6.0, -6.0, -3.0, 0.0]
Q: [0.0, 11.0, 0.0, 8.0, 0.0, 11.0, 0.0, 15.0, 0.0, 9.0, 9.0, 9.0, 0.0, 3.0, 9.0, 3.0, 0.0, 0.0]
B: [0.0, 64.0, 82.7140226568, 270.0, 281.922738989, 309.0, 319.4016530417, 423.0, 439.88315095, 444.3406643824, 469.0, 470.12168890518, 488.93639618428, 529.0, 546.6147745373, 563.6456369054, 569.06089544032, 583.73801027942]
