Avion: 5      Iteracion: 42

Num Ruta: 34
Ingresos: 270.05
Costos: 299.382111839
Utilidad Ruta: -29.3321118388
Costo Reducido: 15.1921110549
Nodos: [105, 33, 68, 715]
q: [0, 5.0, -5.0, 0]
Q: [0, 5.0, 0.0, 0]
B: [0.0, 437.0, 478.9526650524, 522.7129914909]
