Avion: 1      Iteracion: 49

Num Ruta: 47
Ingresos: 2704.735
Costos: 571.314972275
Utilidad Ruta: 2133.42002772
Costo Reducido: 161.005391232
Nodos: [101, 30, 65, 10, 45, 34, 28, 69, 63, 25, 60, 21, 56, 2, 37, 29, 64, 711]
q: [0, 11.0, -11.0, 12.0, -12.0, 8.0, 6.0, -8.0, -6.0, 10.0, -10.0, 12.0, -12.0, 10.0, -10.0, 9.0, -9.0, 0]
Q: [0, 11.0, 0.0, 12.0, 0.0, 8.0, 14.0, 6.0, 0.0, 10.0, 0.0, 12.0, 0.0, 10.0, 0.0, 9.0, 0.0, 0]
B: [0.0, 64.0, 82.7140226568, 101.4070729429, 130.92658367730002, 322.0, 378.0, 412.6152135628, 444.56576931700005, 447.89914793336004, 465.08413024346004, 477.0, 517.7387906792, 541.5898044103, 582.3247664577, 592.12950699481, 625.90928677501, 642.00979574211]
