Avion: 6      Iteracion: 43

Num Ruta: 42
Ingresos: 1258.428
Costos: 425.290444049
Utilidad Ruta: 833.137555951
Costo Reducido: 37.1582196033
Nodos: [106, 16, 51, 24, 9, 44, 59, 10, 45, 35, 70, 33, 6, 41, 13, 48, 68, 29, 64, 716]
q: [0.0, 9.0, -9.0, 4.0, 11.0, -11.0, -4.0, 12.0, -12.0, 8.0, -8.0, 5.0, 0.0, 0.0, 10.0, -10.0, -5.0, 9.0, -9.0, 0.0]
Q: [0.0, 9.0, 0.0, 4.0, 15.0, 4.0, 0.0, 12.0, 0.0, 8.0, 0.0, 5.0, 5.0, 5.0, 15.0, 5.0, 0.0, 9.0, 0.0, 0.0]
B: [0.0, 36.0, 45.624091437640004, 70.85029051714, 77.28716755495999, 106.81440455746, 131.86996797156, 143.65589865185999, 173.17540938626, 270.0, 281.922738989, 437.0, 463.1548069196, 466.84709631779, 480.25716242499, 497.14031337499, 502.48836367393, 549.0, 582.7797797802, 603.1769870644999]
