Avion: 2      Iteracion: 8

Num Ruta: 11
Ingresos: 247.656
Costos: 429.741174882
Utilidad Ruta: -182.085174882
Costo Reducido: 115.222813844
Nodos: [102, 34, 69, 712]
q: [0, 8.0, -8.0, 0]
Q: [0, 8.0, 0.0, 0]
B: [0.0, 322.0, 358.4401302138, 386.2579401384]
