Avion: 1      Iteracion: 29

Num Ruta: 30
Ingresos: 2975.172
Costos: 536.252289336
Utilidad Ruta: 2438.91971066
Costo Reducido: 133.991662207
Nodos: [101, 30, 16, 51, 65, 24, 59, 1, 36, 23, 35, 70, 32, 67, 26, 61, 58, 31, 66, 19, 54, 13, 48, 4, 2, 39, 37, 711]
q: [0.0, 6.0, 9.0, -9.0, -6.0, 11.0, -11.0, 7.0, -7.0, 5.0, 8.0, -8.0, 10.0, -10.0, 10.0, -10.0, -5.0, 9.0, -9.0, 7.0, -7.0, 15.0, -15.0, 3.0, 10.0, -3.0, -10.0, 0.0]
Q: [0.0, 6.0, 15.0, 6.0, 0.0, 11.0, 0.0, 7.0, 0.0, 5.0, 13.0, 5.0, 15.0, 5.0, 15.0, 5.0, 0.0, 9.0, 0.0, 7.0, 0.0, 15.0, 0.0, 3.0, 13.0, 10.0, 0.0, 0.0]
B: [0.0, 64.0, 72.20259129788, 81.82668273552001, 84.69783929691, 109.43181018721, 147.94476048971, 175.0, 209.2400855285, 267.0, 277.4634044651, 289.38614345409997, 309.0, 319.4016530417, 332.1221722921, 349.7014002615, 352.76847264408, 406.0, 434.325479078, 450.4266959264, 477.0538122179, 481.28143152432, 498.16458247432, 529.0, 556.3715326023, 565.8259991129, 599.0192098946001, 615.9688770890001]
