Avion: 5      Iteracion: 49

Num Ruta: 39
Ingresos: 255.066
Costos: 275.211139375
Utilidad Ruta: -20.1451393748
Costo Reducido: 6.35820109131
Nodos: [105, 9, 44, 3, 38, 715]
q: [0, 11.0, -11.0, 13.0, -13.0, 0]
Q: [0, 11.0, 0.0, 13.0, 0.0, 0]
B: [0.0, 31.4915482312, 61.0187852337, 256.0, 261.08428175852, 267.48784842094]
