Avion: 4      Iteracion: 73

Num Ruta: 60
Ingresos: 1559.727
Costos: 320.978351915
Utilidad Ruta: 1238.74864809
Costo Reducido: 23.4585382211
Nodos: [104, 17, 52, 9, 44, 35, 70, 26, 61, 13, 48, 25, 60, 29, 64, 714]
q: [0, 5.0, -5.0, 11.0, -11.0, 8.0, -8.0, 10.0, -10.0, 15.0, -15.0, 10.0, -10.0, 9.0, -9.0, 0]
Q: [0, 5.0, 0.0, 11.0, 0.0, 8.0, 0.0, 10.0, 0.0, 15.0, 0.0, 10.0, 0.0, 9.0, 0.0, 0]
B: [0.0, 24.0, 58.8425537813, 81.72911018459999, 111.25634718709999, 270.0, 281.922738989, 300.0, 317.5792279694, 423.0, 439.88315095, 463.8957169312, 481.0806992413, 549.0, 582.7797797802, 609.550209829]
