Avion: 2      Iteracion: 46

Num Ruta: 37
Ingresos: 1950.675
Costos: 466.303887517
Utilidad Ruta: 1484.37111248
Costo Reducido: 110.315551344
Nodos: [102, 16, 51, 10, 45, 26, 61, 34, 69, 19, 25, 60, 54, 13, 6, 41, 48, 20, 4, 39, 55, 2, 37, 712]
q: [0.0, 9.0, -9.0, 12.0, -12.0, 10.0, -10.0, 8.0, -8.0, 5.0, 10.0, -10.0, -5.0, 11.0, 4.0, -4.0, -11.0, 0.0, 0.0, 0.0, 0.0, 10.0, -10.0, 0.0]
Q: [0.0, 9.0, 0.0, 12.0, 0.0, 10.0, 0.0, 8.0, 0.0, 5.0, 15.0, 5.0, 0.0, 11.0, 15.0, 11.0, 0.0, 0.0, 0.0, 0.0, 0.0, 10.0, 0.0, 0.0]
B: [0.0, 36.0, 45.624091437640004, 96.0, 125.5195107344, 300.0, 317.5792279694, 332.4924740614, 368.9326042752, 402.0, 411.3920072402, 428.57698955029997, 445.3638459862, 449.59146529262, 459.45936973075, 463.15165912893997, 489.77953409113996, 503.71011932653994, 529.0, 549.4257496801999, 561.2869729308, 568.6172701962599, 609.35223224366, 613.46797871301]
