Avion: 2      Iteracion: 76

Num Ruta: 59
Ingresos: 2401.237
Costos: 493.657646031
Utilidad Ruta: 1907.57935397
Costo Reducido: 40.2322748947
Nodos: [102, 16, 51, 30, 65, 10, 45, 26, 61, 13, 48, 25, 60, 21, 56, 27, 62, 2, 37, 712]
q: [0, 9.0, -9.0, 11.0, -11.0, 12.0, -12.0, 10.0, -10.0, 15.0, -15.0, 10.0, -10.0, 12.0, -12.0, 6.0, -6.0, 10.0, -10.0, 0]
Q: [0, 9.0, 0.0, 11.0, 0.0, 12.0, 0.0, 10.0, 0.0, 15.0, 0.0, 10.0, 0.0, 12.0, 0.0, 6.0, 0.0, 10.0, 0.0, 0]
B: [0.0, 36.0, 45.624091437640004, 64.0, 82.7140226568, 101.4070729429, 130.92658367730002, 300.0, 317.5792279694, 423.0, 439.88315095, 463.8957169312, 481.0806992413, 489.2494127263, 529.9882034055, 543.1656516031001, 560.1965139712, 571.6485870586, 612.383549106, 616.4992955753501]
