Avion: 3      Iteracion: 5

Num Ruta: 6
Ingresos: 1520.61
Costos: 364.18903795
Utilidad Ruta: 1156.42096205
Costo Reducido: 1098.5654258
Nodos: [103, 30, 65, 3, 38, 23, 58, 34, 69, 33, 68, 713]
q: [0, 11.0, -11.0, 13.0, -13.0, 10.0, -10.0, 8.0, -8.0, 5.0, -5.0, 0]
Q: [0, 11.0, 0.0, 13.0, 0.0, 10.0, 0.0, 8.0, 0.0, 5.0, 0.0, 0]
B: [0.0, 64.0, 82.7140226568, 256.0, 261.08428175852, 267.0, 306.733842905, 322.0, 358.4401302138, 437.0, 478.9526650524, 482.64754055775]
