Avion: 6      Iteracion: 77

Num Ruta: 71
Ingresos: 2652.883
Costos: 474.822092011
Utilidad Ruta: 2178.06090799
Costo Reducido: 97.5587802012
Nodos: [106, 16, 51, 30, 65, 24, 59, 1, 36, 3, 38, 23, 35, 70, 58, 22, 57, 8, 33, 43, 13, 68, 48, 716]
q: [0.0, 9.0, -9.0, 11.0, -11.0, 11.0, -11.0, 7.0, -7.0, 13.0, -13.0, 10.0, 5.0, -5.0, -10.0, 10.0, -10.0, 8.0, 5.0, -8.0, 10.0, -5.0, -10.0, 0.0]
Q: [0.0, 9.0, 0.0, 11.0, 0.0, 11.0, 0.0, 7.0, 0.0, 13.0, 0.0, 10.0, 15.0, 10.0, 0.0, 10.0, 0.0, 8.0, 13.0, 5.0, 15.0, 10.0, 0.0, 0.0]
B: [0.0, 36.0, 45.624091437640004, 64.0, 82.7140226568, 107.4479935471, 145.9609438496, 175.0, 209.2400855285, 256.0, 261.08428175852, 267.0, 277.4634044651, 289.38614345409997, 313.15284696969997, 328.9092709612, 350.6639571001, 414.0, 437.0, 460.2743670161, 462.48504315700995, 482.45587278420993, 487.8039230831499, 511.1773593944499]
