Avion: 1      Iteracion: 82

Num Ruta: 75
Ingresos: 2923.142
Costos: 561.340040665
Utilidad Ruta: 2361.80195933
Costo Reducido: 95.4389944464
Nodos: [101, 30, 65, 24, 59, 1, 36, 23, 35, 70, 18, 53, 58, 34, 69, 33, 6, 41, 13, 48, 68, 21, 4, 56, 27, 62, 39, 711]
q: [0.0, 11.0, -11.0, 11.0, -11.0, 7.0, -7.0, 5.0, 8.0, -8.0, 10.0, -10.0, -5.0, 8.0, -8.0, 5.0, 4.0, -4.0, 10.0, -10.0, -5.0, 12.0, 3.0, -12.0, 6.0, -6.0, -3.0, 0.0]
Q: [0.0, 11.0, 0.0, 11.0, 0.0, 7.0, 0.0, 5.0, 13.0, 5.0, 15.0, 5.0, 0.0, 8.0, 0.0, 5.0, 9.0, 5.0, 15.0, 5.0, 0.0, 12.0, 15.0, 3.0, 9.0, 3.0, 0.0, 0.0]
B: [0.0, 64.0, 82.7140226568, 107.4479935471, 145.9609438496, 175.0, 209.2400855285, 267.0, 277.4634044651, 289.38614345409997, 309.80429657819997, 333.62253282689994, 343.54806439956997, 357.80701141536997, 394.24714162916996, 437.0, 463.1548069196, 466.84709631779, 480.25716242499, 497.14031337499, 502.48836367393, 513.36784105113, 529.0, 558.169797411, 571.3472456086, 588.3781079767, 593.79336651162, 610.60239860752]
