Avion: 7      Iteracion: 24

Num Ruta: 20
Ingresos: 1172.868
Costos: 185.447446318
Utilidad Ruta: 987.420553682
Costo Reducido: 22.7683929153
Nodos: [107, 14, 49, 23, 58, 22, 57, 717]
q: [0, 8.0, -8.0, 10.0, -10.0, 10.0, -10.0, 0]
Q: [0, 8.0, 0.0, 10.0, 0.0, 10.0, 0.0, 0]
B: [0.0, 112.0, 124.021711775, 267.0, 306.733842905, 322.49026689650003, 344.24495303540004, 346.21174178867005]
