Avion: 7      Iteracion: 25

Num Ruta: 21
Ingresos: 429.072
Costos: 296.350756449
Utilidad Ruta: 132.721243551
Costo Reducido: 80.3643160248
Nodos: [107, 25, 60, 13, 48, 27, 62, 717]
q: [0, 10.0, -10.0, 15.0, -15.0, 6.0, -6.0, 0]
Q: [0, 10.0, 0.0, 15.0, 0.0, 6.0, 0.0, 0]
B: [0.0, 410.0, 427.1849823101, 443.186042775, 460.069193725, 538.0, 555.0308623681, 578.4758506812]
