Avion: 2      Iteracion: 35

Num Ruta: 29
Ingresos: 1700.877
Costos: 489.294213483
Utilidad Ruta: 1211.58278652
Costo Reducido: 205.166283724
Nodos: [102, 16, 51, 30, 65, 10, 45, 26, 32, 67, 34, 61, 69, 33, 13, 48, 68, 20, 4, 39, 55, 2, 37, 712]
q: [0.0, 9.0, -9.0, 11.0, -11.0, 12.0, -12.0, 0.0, 11.0, -11.0, 8.0, 0.0, -8.0, 5.0, 10.0, -10.0, -5.0, 0.0, 0.0, 0.0, 0.0, 10.0, -10.0, 0.0]
Q: [0.0, 9.0, 0.0, 11.0, 0.0, 12.0, 0.0, 0.0, 11.0, 0.0, 8.0, 8.0, 0.0, 5.0, 15.0, 5.0, 0.0, 0.0, 0.0, 0.0, 0.0, 10.0, 0.0, 0.0]
B: [0.0, 36.0, 45.624091437640004, 64.0, 82.7140226568, 101.4070729429, 130.92658367730002, 300.0, 309.0, 319.4016530417, 346.1750898215, 361.08833591350003, 386.0750898643, 437.0, 462.372931896, 479.256082846, 484.60413314494, 496.0, 529.0, 549.4257496801999, 561.2869729308, 568.6172701962599, 609.35223224366, 613.46797871301]
