Avion: 3      Iteracion: 7

Num Ruta: 7
Ingresos: 1426.323
Costos: 401.12177332
Utilidad Ruta: 1025.20122668
Costo Reducido: 191.331480614
Nodos: [103, 17, 30, 52, 16, 51, 65, 24, 59, 11, 46, 18, 70, 35, 57, 22, 53, 713]
q: [0.0, 5.0, 6.0, -5.0, 9.0, -9.0, -6.0, 11.0, -11.0, 6.0, -6.0, 10.0, -8.0, 8.0, -10.0, 10.0, -10.0, 0.0]
Q: [0.0, 5.0, 11.0, 6.0, 15.0, 6.0, 0.0, 11.0, 0.0, 6.0, 0.0, 10.0, 2.0, 10.0, 0.0, 10.0, 0.0, 0.0]
B: [0.0, 39.7453305433, 73.3590421503, 76.50349663399, 81.83513596913, 91.45922740677, 94.33038396815999, 119.06435485845999, 157.57730516096, 176.38973384526, 180.44380069227, 293.0, 313.4181531241, 325.3408921131, 335.8459854016, 357.6006715405, 373.083518953, 379.315968311]
