Avion: 3      Iteracion: 85

Num Ruta: 45
Ingresos: 817.393
Costos: 233.737184607
Utilidad Ruta: 583.655815393
Costo Reducido: 54.1077082661
Nodos: [103, 11, 46, 19, 54, 13, 48, 29, 64, 713]
q: [0, 6.0, -6.0, 7.0, -7.0, 15.0, -15.0, 9.0, -9.0, 0]
Q: [0, 6.0, 0.0, 7.0, 0.0, 15.0, 0.0, 9.0, 0.0, 0]
B: [0.0, 169.0, 173.05406684701, 402.0, 428.6271162915, 432.85473559792, 449.73788654792, 549.0, 582.7797797802, 609.1306994036]
