Avion: 2      Iteracion: 15

Num Ruta: 16
Ingresos: 1597.661
Costos: 458.500743784
Utilidad Ruta: 1139.16025622
Costo Reducido: 219.285573452
Nodos: [102, 16, 51, 10, 45, 26, 61, 34, 69, 13, 48, 27, 62, 2, 37, 712]
q: [0, 9.0, -9.0, 12.0, -12.0, 10.0, -10.0, 8.0, -8.0, 15.0, -15.0, 6.0, -6.0, 10.0, -10.0, 0]
Q: [0, 9.0, 0.0, 12.0, 0.0, 10.0, 0.0, 8.0, 0.0, 15.0, 0.0, 6.0, 0.0, 10.0, 0.0, 0]
B: [0.0, 36.0, 45.624091437640004, 96.0, 125.5195107344, 300.0, 317.5792279694, 332.4924740614, 368.9326042752, 423.0, 439.88315095, 538.0, 555.0308623681, 566.4829354555, 607.2178975029, 611.33364397225]
