Avion: 6      Iteracion: 0

Num Ruta: 2
Ingresos: 4392.679
Costos: 667.633609205
Utilidad Ruta: 3725.04539079
Costo Reducido: -
Nodos: [106, 17, 30, 52, 24, 65, 59, 10, 45, 1, 36, 3, 38, 23, 58, 26, 61, 22, 57, 19, 8, 33, 54, 43, 13, 48, 68, 21, 5, 40, 4, 56, 27, 39, 62, 716]
q: [0.0, 5.0, 4.0, -5.0, 11.0, -4.0, -11.0, 12.0, -12.0, 7.0, -7.0, 13.0, -13.0, 10.0, -10.0, 10.0, -10.0, 10.0, -10.0, 7.0, 3.0, 5.0, -7.0, -3.0, 10.0, -10.0, -5.0, 12.0, 3.0, -3.0, 3.0, -12.0, 6.0, -3.0, -6.0, 0.0]
Q: [0.0, 5.0, 9.0, 4.0, 15.0, 11.0, 0.0, 12.0, 0.0, 7.0, 0.0, 13.0, 0.0, 10.0, 0.0, 10.0, 0.0, 10.0, 0.0, 7.0, 10.0, 15.0, 8.0, 5.0, 15.0, 5.0, 0.0, 12.0, 15.0, 12.0, 15.0, 3.0, 9.0, 6.0, 0.0, 0.0]
B: [0.0, 24.0, 64.0, 67.14445448369, 83.70273778839, 108.43670867869, 138.07426959389, 149.86020027419, 179.37971100859, 217.79905217939, 252.03913770789, 259.13568961709, 264.21997137561, 267.58245869901, 307.31630160401, 327.00267437811, 344.58190234751, 358.21608299761, 379.97076913651, 402.0, 425.1608815463, 438.92553635490003, 460.4739301233, 463.40204931486, 465.61272545577, 482.49587640577, 487.84392670471, 498.72340408190996, 527.34152730831, 528.46321621349, 541.75610468819, 570.92590209919, 584.10335029679, 600.45416287599, 605.86942141091, 615.5750917638501]
