Avion: 7      Iteracion: 1

Num Ruta: 5
Ingresos: 2737.261
Costos: 551.290670864
Utilidad Ruta: 2185.97032914
Costo Reducido: 1272.2174053
Nodos: [107, 17, 52, 24, 59, 14, 49, 11, 46, 3, 38, 23, 58, 26, 61, 22, 57, 28, 31, 63, 66, 717]
q: [0, 5.0, -5.0, 11.0, -11.0, 8.0, -8.0, 6.0, -6.0, 13.0, -13.0, 10.0, -10.0, 10.0, -10.0, 10.0, -10.0, 6.0, 9.0, -6.0, -9.0, 0]
Q: [0, 5.0, 0.0, 11.0, 0.0, 8.0, 0.0, 6.0, 0.0, 13.0, 0.0, 10.0, 0.0, 10.0, 0.0, 10.0, 0.0, 6.0, 15.0, 9.0, 0.0, 0]
B: [0.0, 45.942580685, 80.78513446630001, 97.343417771, 135.8563680735, 164.5027373722, 176.5244491472, 205.97287825639998, 210.02694510341, 256.0, 261.08428175852, 267.0, 306.733842905, 326.4202156791, 343.9994436485, 357.6336242986, 379.3883104375, 422.43947413840004, 438.05569368730005, 458.55257364500005, 486.96700534790006, 490.60172734552003]
