Avion: 5      Iteracion: 92

Num Ruta: 51
Ingresos: 985.235
Costos: 340.30765785
Utilidad Ruta: 644.92734215
Costo Reducido: 1.86906365407
Nodos: [105, 18, 53, 31, 66, 8, 33, 43, 6, 41, 68, 715]
q: [0, 10.0, -10.0, 9.0, -9.0, 8.0, 5.0, -8.0, 4.0, -4.0, -5.0, 0]
Q: [0, 10.0, 0.0, 9.0, 0.0, 8.0, 13.0, 5.0, 9.0, 5.0, 0.0, 0]
B: [0.0, 293.0, 316.8182362487, 406.0, 434.325479078, 443.10832519984, 456.87298000844, 480.14734702453995, 489.3380186539699, 493.0303080521599, 524.1081688697599, 567.8684953082599]
