Avion: 7      Iteracion: 20

Num Ruta: 17
Ingresos: 1012.077
Costos: 347.914609124
Utilidad Ruta: 664.162390876
Costo Reducido: 23.1946934588
Nodos: [107, 22, 57, 8, 33, 43, 68, 4, 39, 717]
q: [0, 10.0, -10.0, 8.0, 5.0, -8.0, -5.0, 3.0, -3.0, 0]
Q: [0, 10.0, 0.0, 8.0, 13.0, 5.0, 0.0, 3.0, 0.0, 0]
B: [0.0, 299.0, 320.7546861389, 414.0, 437.0, 460.2743670161, 482.23124805599997, 529.0, 549.4257496801999, 578.1732173948]
