Avion: 4      Iteracion: 83

Num Ruta: 69
Ingresos: 1933.977
Costos: 424.495804101
Utilidad Ruta: 1509.4811959
Costo Reducido: 88.4880469104
Nodos: [104, 17, 52, 9, 44, 11, 46, 18, 35, 70, 34, 53, 69, 8, 33, 43, 13, 48, 68, 29, 64, 714]
q: [0.0, 5.0, -5.0, 11.0, -11.0, 0.0, 0.0, 7.0, 8.0, -8.0, 8.0, -7.0, -8.0, 8.0, 5.0, -8.0, 10.0, -10.0, -5.0, 9.0, -9.0, 0.0]
Q: [0.0, 5.0, 0.0, 11.0, 0.0, 0.0, 0.0, 7.0, 15.0, 7.0, 15.0, 8.0, 0.0, 8.0, 13.0, 5.0, 15.0, 5.0, 0.0, 9.0, 0.0, 0.0]
B: [0.0, 24.0, 58.8425537813, 81.72911018459999, 111.25634718709999, 169.0, 173.05406684701, 293.0, 305.7525351989, 317.67527418789996, 345.42839426469993, 368.8991052253999, 398.8459570966999, 414.0, 437.0, 460.2743670161, 462.48504315700995, 479.36819410700997, 484.71624440594996, 549.0, 582.7797797802, 609.550209829]
