Avion: 3      Iteracion: 58

Num Ruta: 38
Ingresos: 1091.688
Costos: 283.842455798
Utilidad Ruta: 807.845544202
Costo Reducido: 7.33814312693
Nodos: [103, 10, 45, 13, 48, 21, 56, 27, 62, 713]
q: [0, 12.0, -12.0, 15.0, -15.0, 12.0, -12.0, 6.0, -6.0, 0]
Q: [0, 12.0, 0.0, 15.0, 0.0, 12.0, 0.0, 6.0, 0.0, 0]
B: [0.0, 96.0, 125.5195107344, 423.0, 439.88315095, 477.0, 517.7387906792, 538.0, 555.0308623681, 583.3015826454]
