Avion: 6      Iteracion: 80

Num Ruta: 74
Ingresos: 2966.172
Costos: 515.124925234
Utilidad Ruta: 2451.04707477
Costo Reducido: 81.1103321937
Nodos: [106, 30, 16, 51, 65, 24, 59, 1, 11, 46, 36, 18, 53, 26, 61, 28, 31, 63, 19, 66, 8, 54, 43, 6, 41, 5, 40, 2, 37, 716]
q: [0.0, 6.0, 9.0, -9.0, -6.0, 11.0, -11.0, 7.0, 6.0, -6.0, -7.0, 10.0, -10.0, 10.0, -10.0, 6.0, 8.0, -6.0, 7.0, -8.0, 8.0, -7.0, -8.0, 4.0, -4.0, 0.0, 0.0, 10.0, -10.0, 0.0]
Q: [0.0, 6.0, 15.0, 6.0, 0.0, 11.0, 0.0, 7.0, 13.0, 7.0, 0.0, 10.0, 0.0, 10.0, 0.0, 6.0, 14.0, 8.0, 15.0, 7.0, 15.0, 8.0, 0.0, 4.0, 0.0, 0.0, 0.0, 10.0, 0.0, 0.0]
B: [0.0, 64.0, 72.20259129788, 81.82668273552001, 84.69783929691, 109.43181018721, 147.94476048971, 175.0, 193.6808285951, 197.73489544211, 232.05062478011, 293.0, 316.8182362487, 345.81975307109997, 363.39898104049996, 378.0, 406.0, 426.4968799577, 439.0326732314, 455.1338900798, 463.91673620164, 481.87369563244, 484.80181482399996, 493.99248645342993, 497.6847758516199, 516.0736360664199, 517.1953249715999, 531.2773754259999, 572.0123374734, 592.437974942]
