Avion: 3      Iteracion: 30

Num Ruta: 26
Ingresos: 748.526
Costos: 308.029897596
Utilidad Ruta: 440.496102404
Costo Reducido: 58.6576133741
Nodos: [103, 18, 53, 31, 66, 29, 64, 713]
q: [0, 10.0, -10.0, 9.0, -9.0, 9.0, -9.0, 0]
Q: [0, 10.0, 0.0, 9.0, 0.0, 9.0, 0.0, 0]
B: [0.0, 293.0, 316.8182362487, 406.0, 434.325479078, 549.0, 582.7797797802, 609.1306994036]
