Avion: 1      Iteracion: 42

Num Ruta: 42
Ingresos: 1947.246
Costos: 418.874044402
Utilidad Ruta: 1528.3719556
Costo Reducido: 331.715129693
Nodos: [101, 30, 16, 51, 65, 24, 59, 1, 36, 8, 33, 43, 13, 68, 48, 27, 62, 2, 37, 711]
q: [0.0, 0.0, 9.0, -9.0, 0.0, 11.0, -11.0, 7.0, -7.0, 8.0, 5.0, -8.0, 10.0, -5.0, -10.0, 6.0, -6.0, 10.0, -10.0, 0.0]
Q: [0.0, 0.0, 9.0, 0.0, 0.0, 11.0, 0.0, 7.0, 0.0, 8.0, 13.0, 5.0, 15.0, 10.0, 0.0, 6.0, 0.0, 10.0, 0.0, 0.0]
B: [0.0, 64.0, 72.20259129788, 81.82668273552001, 84.69783929691, 109.43181018721, 147.94476048971, 175.0, 209.2400855285, 414.0, 437.0, 460.2743670161, 462.48504315700995, 482.45587278420993, 487.8039230831499, 538.0, 555.0308623681, 566.4829354555, 607.2178975029, 624.1675646973]
