Avion: 2      Iteracion: 43

Num Ruta: 34
Ingresos: 2653.08
Costos: 616.112202552
Utilidad Ruta: 2036.96779745
Costo Reducido: 105.867259025
Nodos: [102, 16, 51, 30, 65, 10, 45, 35, 70, 26, 61, 31, 66, 33, 13, 48, 68, 21, 56, 2, 37, 712]
q: [0.0, 9.0, -9.0, 11.0, -11.0, 12.0, -12.0, 8.0, -8.0, 10.0, -10.0, 9.0, -9.0, 5.0, 10.0, -10.0, -5.0, 12.0, -12.0, 10.0, -10.0, 0.0]
Q: [0.0, 9.0, 0.0, 11.0, 0.0, 12.0, 0.0, 8.0, 0.0, 10.0, 0.0, 9.0, 0.0, 5.0, 15.0, 5.0, 0.0, 12.0, 0.0, 10.0, 0.0, 0.0]
B: [0.0, 36.0, 45.624091437640004, 64.0, 82.7140226568, 101.4070729429, 130.92658367730002, 270.0, 281.922738989, 300.0, 317.5792279694, 406.0, 434.325479078, 456.7236405204, 482.0965724164, 498.97972336640004, 504.32777366534003, 515.2072510425401, 555.94604172174, 579.79705545284, 620.53201750024, 624.6477639695901]
