Avion: 5      Iteracion: 48

Num Ruta: 38
Ingresos: 1022.386
Costos: 330.722317317
Utilidad Ruta: 691.663682683
Costo Reducido: 63.2206912792
Nodos: [105, 18, 53, 34, 69, 2, 37, 715]
q: [0, 10.0, -10.0, 8.0, -8.0, 10.0, -10.0, 0]
Q: [0, 10.0, 0.0, 8.0, 0.0, 10.0, 0.0, 0]
B: [0.0, 293.0, 316.8182362487, 340.28894720939996, 376.72907742319995, 522.0, 562.7349620474, 598.7395051635]
