Avion: 2      Iteracion: 2

Num Ruta: 5
Ingresos: 2456.526
Costos: 762.461930597
Utilidad Ruta: 1694.0640694
Costo Reducido: 1779.56235753
Nodos: [102, 24, 59, 10, 45, 34, 69, 19, 8, 33, 54, 43, 13, 48, 68, 21, 56, 27, 62, 29, 64, 712]
q: [0.0, 11.0, -11.0, 12.0, -12.0, 8.0, -8.0, 7.0, 3.0, 5.0, -7.0, -3.0, 0.0, 0.0, -5.0, 12.0, -12.0, 6.0, -6.0, 9.0, -9.0, 0.0]
Q: [0.0, 11.0, 0.0, 12.0, 0.0, 8.0, 0.0, 7.0, 10.0, 15.0, 8.0, 5.0, 5.0, 5.0, 0.0, 12.0, 0.0, 6.0, 0.0, 9.0, 0.0, 0.0]
B: [0.0, 61.0, 99.5129503025, 111.2988809828, 140.8183917172, 322.0, 358.4401302138, 402.0, 425.1608815463, 438.92553635490003, 460.4739301233, 463.40204931486, 465.61272545577, 482.49587640577, 487.84392670471, 498.72340408190996, 539.4621947611099, 552.6396429587099, 569.6705053268099, 604.6876508415099, 638.4674306217099, 674.9534160956099]
