Avion: 6      Iteracion: 62

Num Ruta: 59
Ingresos: 2729.222
Costos: 573.476447768
Utilidad Ruta: 2155.74555223
Costo Reducido: 70.2931316126
Nodos: [106, 17, 52, 9, 44, 10, 45, 1, 36, 3, 38, 23, 18, 53, 58, 34, 69, 6, 41, 5, 40, 33, 68, 29, 27, 62, 64, 716]
q: [0.0, 5.0, -5.0, 11.0, -11.0, 12.0, -12.0, 7.0, -7.0, 13.0, -13.0, 5.0, 10.0, -10.0, -5.0, 8.0, -8.0, 4.0, -4.0, 9.0, -9.0, 5.0, -5.0, 9.0, 6.0, -6.0, -9.0, 0.0]
Q: [0.0, 5.0, 0.0, 11.0, 0.0, 12.0, 0.0, 7.0, 0.0, 13.0, 0.0, 5.0, 15.0, 5.0, 0.0, 8.0, 0.0, 4.0, 0.0, 9.0, 0.0, 5.0, 0.0, 9.0, 15.0, 9.0, 0.0, 0.0]
B: [0.0, 24.0, 58.8425537813, 81.72911018459999, 111.25634718709999, 139.7984606337, 169.3179713681, 207.7373125389, 241.9773980674, 256.0, 261.08428175852, 267.0, 293.0, 316.8182362487, 326.74376782137, 341.00271483717, 377.44284505097, 436.0, 439.69228939819, 469.0, 470.12168890518, 483.41186760978, 525.3645326621801, 549.0, 574.6018082369, 591.6326706049999, 607.0800481818, 627.4772554660999]
