Avion: 3      Iteracion: 47

Num Ruta: 34
Ingresos: 1989.961
Costos: 418.098460514
Utilidad Ruta: 1571.86253949
Costo Reducido: 206.097343525
Nodos: [103, 30, 65, 24, 59, 21, 56, 2, 37, 29, 64, 713]
q: [0, 11.0, -11.0, 11.0, -11.0, 12.0, -12.0, 10.0, -10.0, 9.0, -9.0, 0]
Q: [0, 11.0, 0.0, 11.0, 0.0, 12.0, 0.0, 10.0, 0.0, 9.0, 0.0, 0]
B: [0.0, 64.0, 82.7140226568, 107.4479935471, 145.9609438496, 477.0, 517.7387906792, 541.5898044103, 582.3247664577, 592.12950699481, 625.90928677501, 652.26020639841]
