Avion: 7      Iteracion: 3

Num Ruta: 7
Ingresos: 2820.625
Costos: 731.801222733
Utilidad Ruta: 2088.82377727
Costo Reducido: 2103.08618205
Nodos: [107, 9, 44, 10, 45, 1, 11, 46, 36, 3, 38, 35, 70, 34, 22, 57, 69, 25, 60, 31, 33, 66, 68, 21, 56, 717]
q: [0.0, 11.0, -11.0, 12.0, -12.0, 7.0, 6.0, -6.0, -7.0, 13.0, -13.0, 8.0, -8.0, 5.0, 10.0, -10.0, -5.0, 10.0, -10.0, 9.0, 5.0, -9.0, -5.0, 12.0, -12.0, 0.0]
Q: [0.0, 11.0, 0.0, 12.0, 0.0, 7.0, 13.0, 7.0, 0.0, 13.0, 0.0, 8.0, 0.0, 5.0, 15.0, 5.0, 0.0, 10.0, 0.0, 9.0, 14.0, 5.0, 0.0, 12.0, 0.0, 0.0]
B: [0.0, 46.0648734938, 75.5921104963, 104.1342239429, 133.6537346773, 175.0, 193.6808285951, 197.73489544211, 232.05062478011, 256.0, 261.08428175852, 274.08526633661995, 286.00800532561993, 322.0, 350.0636833826, 371.8183695215, 382.408619849, 411.7274542733, 428.9124365834, 433.73408319010997, 471.23535347531, 493.63351491771, 524.58530577061, 535.4647831478101, 576.20357382701, 619.81984479321]
