Avion: 5      Iteracion: 10

Num Ruta: 12
Ingresos: 648.318
Costos: 296.486715872
Utilidad Ruta: 351.831284128
Costo Reducido: 117.87913541
Nodos: [105, 9, 44, 18, 53, 28, 63, 715]
q: [0, 11.0, -11.0, 10.0, -10.0, 6.0, -6.0, 0]
Q: [0, 11.0, 0.0, 10.0, 0.0, 6.0, 0.0, 0]
B: [0.0, 31.4915482312, 61.0187852337, 293.0, 316.8182362487, 378.0, 414.0266187839, 451.2632406769]
