Avion: 2      Iteracion: 88

Num Ruta: 67
Ingresos: 2061.567
Costos: 524.799000094
Utilidad Ruta: 1536.76799991
Costo Reducido: 36.5853700928
Nodos: [102, 16, 51, 17, 30, 52, 65, 10, 45, 26, 61, 34, 69, 33, 6, 41, 13, 48, 68, 20, 4, 39, 55, 2, 37, 712]
q: [0.0, 9.0, -9.0, 5.0, 10.0, -5.0, -10.0, 12.0, -12.0, 0.0, 0.0, 8.0, -8.0, 5.0, 4.0, -4.0, 10.0, -10.0, -5.0, 0.0, 0.0, 0.0, 0.0, 10.0, -10.0, 0.0]
Q: [0.0, 9.0, 0.0, 5.0, 15.0, 10.0, 0.0, 12.0, 0.0, 0.0, 0.0, 8.0, 0.0, 5.0, 9.0, 5.0, 15.0, 5.0, 0.0, 0.0, 0.0, 0.0, 0.0, 10.0, 0.0, 0.0]
B: [0.0, 36.0, 45.624091437640004, 78.34191948294, 111.95563108994, 115.10008557363, 131.19803109473, 149.89108138083, 179.41059211523, 300.0, 317.5792279694, 332.4924740614, 368.9326042752, 437.0, 463.1548069196, 466.84709631779, 480.25716242499, 497.14031337499, 502.48836367393, 513.0791461285299, 529.0, 549.4257496801999, 561.2869729308, 568.6172701962599, 609.35223224366, 613.46797871301]
