Avion: 7      Iteracion: 79

Num Ruta: 39
Ingresos: 991.908
Costos: 291.226755161
Utilidad Ruta: 700.681244839
Costo Reducido: 2.37168361803
Nodos: [107, 14, 49, 23, 58, 18, 53, 717]
q: [0, 8.0, -8.0, 10.0, -10.0, 10.0, -10.0, 0]
Q: [0, 8.0, 0.0, 10.0, 0.0, 10.0, 0.0, 0]
B: [0.0, 112.0, 124.021711775, 267.0, 306.733842905, 332.1731543147, 355.9913905634, 391.9910506312]
