Avion: 7      Iteracion: 0

Num Ruta: 3
Ingresos: 3643.297
Costos: 630.274971984
Utilidad Ruta: 3013.02202802
Costo Reducido: -
Nodos: [107, 17, 52, 24, 59, 10, 45, 1, 36, 3, 38, 23, 58, 26, 61, 22, 57, 19, 54, 21, 56, 717]
q: [0, 5.0, -5.0, 11.0, -11.0, 12.0, -12.0, 7.0, -7.0, 13.0, -13.0, 10.0, -10.0, 10.0, -10.0, 10.0, -10.0, 7.0, -7.0, 12.0, -12.0, 0]
Q: [0, 5.0, 0.0, 11.0, 0.0, 12.0, 0.0, 7.0, 0.0, 13.0, 0.0, 10.0, 0.0, 10.0, 0.0, 10.0, 0.0, 7.0, 0.0, 12.0, 0.0, 0]
B: [0.0, 45.942580685, 80.78513446630001, 97.343417771, 135.8563680735, 147.6422987538, 177.1618094882, 215.581150659, 249.8212361875, 256.9177880967, 262.00206985522, 267.0, 306.733842905, 326.4202156791, 343.9994436485, 357.6336242986, 379.3883104375, 402.0, 428.6271162915, 477.0, 517.7387906792, 561.3550616453999]
