Avion: 4      Iteracion: 82

Num Ruta: 68
Ingresos: 1609.259
Costos: 470.406383094
Utilidad Ruta: 1138.85261691
Costo Reducido: 55.7255977762
Nodos: [104, 17, 52, 30, 16, 51, 65, 10, 45, 35, 70, 32, 67, 26, 34, 61, 69, 13, 48, 25, 60, 29, 64, 714]
q: [0.0, 0.0, 0.0, 11.0, 4.0, -4.0, -11.0, 12.0, -12.0, 8.0, -8.0, 11.0, -11.0, 7.0, 8.0, -7.0, -8.0, 15.0, -15.0, 10.0, -10.0, 9.0, -9.0, 0.0]
Q: [0.0, 0.0, 0.0, 11.0, 15.0, 11.0, 0.0, 12.0, 0.0, 8.0, 0.0, 11.0, 0.0, 7.0, 15.0, 8.0, 0.0, 15.0, 0.0, 10.0, 0.0, 9.0, 0.0, 0.0]
B: [0.0, 24.0, 58.8425537813, 64.0, 72.20259129788, 81.82668273552001, 84.69783929691, 103.39088958301001, 132.91040031741, 270.0, 281.922738989, 309.0, 319.4016530417, 332.1221722921, 348.0493993263, 362.9626454183, 387.9493993691, 423.0, 439.88315095, 463.8957169312, 481.0806992413, 549.0, 582.7797797802, 609.550209829]
