Avion: 5      Iteracion: 12

Num Ruta: 14
Ingresos: 1370.896
Costos: 447.3729732
Utilidad Ruta: 923.5230268
Costo Reducido: 344.457733487
Nodos: [105, 10, 45, 32, 67, 26, 61, 34, 69, 8, 33, 43, 13, 48, 68, 715]
q: [0.0, 12.0, -12.0, 11.0, -11.0, 10.0, -10.0, 8.0, -8.0, 8.0, 5.0, -8.0, 10.0, -10.0, -5.0, 0.0]
Q: [0.0, 12.0, 0.0, 11.0, 0.0, 10.0, 0.0, 8.0, 0.0, 8.0, 13.0, 5.0, 15.0, 5.0, 0.0, 0.0]
B: [0.0, 96.0, 125.5195107344, 309.0, 319.4016530417, 332.1221722921, 349.7014002615, 364.6146463535, 401.0547765673, 414.0, 437.0, 460.2743670161, 462.48504315700995, 479.36819410700997, 484.71624440594996, 528.47657084445]
