Avion: 6      Iteracion: 40

Num Ruta: 39
Ingresos: 1611.646
Costos: 308.890622289
Utilidad Ruta: 1302.75537771
Costo Reducido: 71.3650311812
Nodos: [106, 1, 36, 35, 70, 32, 67, 33, 6, 41, 5, 40, 68, 21, 4, 56, 39, 716]
q: [0, 7.0, -7.0, 8.0, -8.0, 11.0, -11.0, 5.0, 4.0, -4.0, 9.0, -9.0, -5.0, 12.0, 3.0, -12.0, -3.0, 0]
Q: [0, 7.0, 0.0, 8.0, 0.0, 11.0, 0.0, 5.0, 9.0, 5.0, 14.0, 5.0, 0.0, 12.0, 15.0, 3.0, 0.0, 0]
B: [0.0, 175.0, 209.2400855285, 270.0, 281.922738989, 309.0, 319.4016530417, 437.0, 463.1548069196, 466.84709631779, 485.23595653258997, 486.35764543777, 515.37002005617, 526.24949743337, 541.19728579817, 570.36708320917, 587.17002762377, 601.84714246287]
