Avion: 1      Iteracion: 26

Num Ruta: 27
Ingresos: 2141.835
Costos: 400.897842391
Utilidad Ruta: 1740.93715761
Costo Reducido: 56.4948264054
Nodos: [101, 30, 65, 24, 59, 1, 36, 35, 70, 32, 67, 26, 61, 28, 63, 25, 19, 60, 8, 54, 43, 711]
q: [0.0, 11.0, -11.0, 11.0, -11.0, 7.0, -7.0, 8.0, -8.0, 11.0, -11.0, 10.0, -10.0, 6.0, -6.0, 10.0, 5.0, -10.0, 8.0, -5.0, -8.0, 0.0]
Q: [0.0, 11.0, 0.0, 11.0, 0.0, 7.0, 0.0, 8.0, 0.0, 11.0, 0.0, 10.0, 0.0, 6.0, 0.0, 10.0, 15.0, 5.0, 13.0, 8.0, 0.0, 0.0]
B: [0.0, 64.0, 82.7140226568, 107.4479935471, 145.9609438496, 175.0, 209.2400855285, 270.0, 281.922738989, 309.0, 319.4016530417, 332.1221722921, 349.7014002615, 378.0, 414.0266187839, 417.35999740026, 426.75200464046, 443.42489632125995, 469.24549617875994, 487.20245560955993, 490.1305748011199, 495.8397060835499]
