Avion: 4      Iteracion: 37

Num Ruta: 37
Ingresos: 800.181
Costos: 377.584159735
Utilidad Ruta: 422.596840265
Costo Reducido: 72.2170560647
Nodos: [104, 9, 44, 1, 36, 33, 68, 714]
q: [0, 11.0, -11.0, 7.0, -7.0, 5.0, -5.0, 0]
Q: [0, 11.0, 0.0, 7.0, 0.0, 5.0, 0.0, 0]
B: [0.0, 57.4296024799, 86.9568394824, 175.0, 209.2400855285, 437.0, 478.9526650524, 495.1270820434]
