Avion: 2      Iteracion: 12

Num Ruta: 15
Ingresos: 270.05
Costos: 400.273120781
Utilidad Ruta: -130.223120781
Costo Reducido: 64.5877530976
Nodos: [102, 33, 68, 712]
q: [0, 5.0, -5.0, 0]
Q: [0, 5.0, 0.0, 0]
B: [0.0, 437.0, 478.9526650524, 489.28194508539997]
