Avion: 2      Iteracion: 64

Num Ruta: 49
Ingresos: 1651.601
Costos: 346.788567208
Utilidad Ruta: 1304.81243279
Costo Reducido: 51.1784050144
Nodos: [102, 16, 51, 10, 45, 26, 61, 13, 48, 31, 66, 20, 4, 39, 55, 2, 37, 712]
q: [0, 9.0, -9.0, 12.0, -12.0, 10.0, -10.0, 15.0, -15.0, 9.0, -9.0, 0.0, 3.0, -3.0, -0.0, 10.0, -10.0, 0]
Q: [0, 9.0, 0.0, 12.0, 0.0, 10.0, 0.0, 15.0, 0.0, 9.0, 0.0, 0.0, 3.0, 0.0, 0.0, 10.0, 0.0, 0]
B: [0.0, 36.0, 45.624091437640004, 96.0, 125.5195107344, 300.0, 317.5792279694, 423.0, 439.88315095, 444.3406643824, 472.6661434604, 496.0, 529.0, 549.4257496801999, 561.2869729308, 568.6172701962599, 609.35223224366, 613.46797871301]
