Avion: 6      Iteracion: 21

Num Ruta: 22
Ingresos: 1411.092
Costos: 332.288806335
Utilidad Ruta: 1078.80319366
Costo Reducido: 29.7576613941
Nodos: [106, 17, 52, 24, 59, 10, 45, 32, 67, 33, 8, 43, 68, 5, 40, 716]
q: [0, 5.0, -5.0, 11.0, -11.0, 12.0, -12.0, 11.0, -11.0, 5.0, 8.0, -8.0, -5.0, 9.0, -9.0, 0]
Q: [0, 5.0, 0.0, 11.0, 0.0, 12.0, 0.0, 11.0, 0.0, 5.0, 13.0, 5.0, 0.0, 9.0, 0.0, 0]
B: [0.0, 24.0, 58.8425537813, 75.400837086, 113.9137873885, 125.6997180688, 155.2192288032, 309.0, 319.4016530417, 437.0, 450.76465480859997, 471.5330514246, 493.4899324645, 522.4613500515, 523.58303895668, 530.3063930303499]
