Avion: 1      Iteracion: 75

Num Ruta: 69
Ingresos: 3397.702
Costos: 611.216049977
Utilidad Ruta: 2786.48595002
Costo Reducido: 67.7553946676
Nodos: [101, 17, 52, 30, 16, 51, 65, 24, 59, 1, 36, 3, 38, 23, 35, 70, 18, 58, 53, 31, 33, 66, 68, 21, 4, 56, 27, 62, 39, 711]
q: [0.0, 5.0, -5.0, 6.0, 9.0, -9.0, -6.0, 11.0, -11.0, 7.0, -7.0, 13.0, -13.0, 7.0, 8.0, -8.0, 8.0, -7.0, -8.0, 9.0, 5.0, -9.0, -5.0, 12.0, 3.0, -12.0, 6.0, -6.0, -3.0, 0.0]
Q: [0.0, 5.0, 0.0, 6.0, 15.0, 6.0, 0.0, 11.0, 0.0, 7.0, 0.0, 13.0, 0.0, 7.0, 15.0, 7.0, 15.0, 8.0, 0.0, 9.0, 14.0, 5.0, 0.0, 12.0, 15.0, 3.0, 9.0, 3.0, 0.0, 0.0]
B: [0.0, 24.0, 58.8425537813, 64.0, 72.20259129788, 81.82668273552001, 84.69783929691, 109.43181018721, 147.94476048971, 175.0, 209.2400855285, 256.0, 261.08428175852, 267.0, 277.4634044651, 289.38614345409997, 309.80429657819997, 335.24360798789996, 345.16913956057, 406.0, 443.5012702852, 465.8994317276, 496.8512225805, 507.7306999577, 529.0, 558.169797411, 571.3472456086, 588.3781079767, 593.79336651162, 610.60239860752]
