Avion: 1      Iteracion: 32

Num Ruta: 32
Ingresos: 1164.182
Costos: 427.997772665
Utilidad Ruta: 736.184227335
Costo Reducido: 138.124973498
Nodos: [101, 30, 65, 24, 59, 1, 36, 23, 3, 38, 35, 70, 58, 28, 31, 63, 66, 4, 39, 711]
q: [0.0, 11.0, -11.0, 11.0, -11.0, 0.0, 0.0, 0.0, 0.0, 0.0, 8.0, -8.0, 0.0, 6.0, 9.0, -6.0, -9.0, 3.0, -3.0, 0.0]
Q: [0.0, 11.0, 0.0, 11.0, 0.0, 0.0, 0.0, 0.0, 0.0, 0.0, 8.0, 0.0, 0.0, 6.0, 15.0, 9.0, 0.0, 3.0, 0.0, 0.0]
B: [0.0, 64.0, 82.7140226568, 107.4479935471, 145.9609438496, 175.0, 209.2400855285, 267.0, 271.29443034639, 276.37871210491, 289.37969668300997, 301.30243567200995, 325.06913918760995, 378.0, 406.0, 426.4968799577, 454.9113116606, 529.0, 549.4257496801999, 566.2347817760999]
