Avion: 7      Iteracion: 14

Num Ruta: 12
Ingresos: 1185.652
Costos: 187.598750291
Utilidad Ruta: 998.053249709
Costo Reducido: 25.0209941577
Nodos: [107, 3, 38, 23, 58, 22, 57, 717]
q: [0, 13.0, -13.0, 10.0, -10.0, 10.0, -10.0, 0]
Q: [0, 13.0, 0.0, 10.0, 0.0, 10.0, 0.0, 0]
B: [0.0, 256.0, 261.08428175852, 267.0, 306.733842905, 322.49026689650003, 344.24495303540004, 346.21174178867005]
