Avion: 6      Iteracion: 48

Num Ruta: 46
Ingresos: 3195.732
Costos: 634.529775932
Utilidad Ruta: 2561.20222407
Costo Reducido: 127.6661502
Nodos: [106, 17, 52, 9, 44, 14, 49, 1, 11, 46, 36, 35, 70, 26, 61, 34, 69, 19, 33, 54, 13, 48, 68, 21, 5, 40, 2, 56, 37, 716]
q: [0.0, 5.0, -5.0, 11.0, -11.0, 8.0, -8.0, 7.0, 6.0, -6.0, -7.0, 8.0, -8.0, 10.0, -10.0, 8.0, -8.0, 7.0, 5.0, -7.0, 10.0, -10.0, -5.0, 5.0, 9.0, -9.0, 10.0, -5.0, -10.0, 0.0]
Q: [0.0, 5.0, 0.0, 11.0, 0.0, 8.0, 0.0, 7.0, 13.0, 7.0, 0.0, 8.0, 0.0, 10.0, 0.0, 8.0, 0.0, 7.0, 12.0, 5.0, 15.0, 5.0, 0.0, 5.0, 14.0, 5.0, 15.0, 10.0, 0.0, 0.0]
B: [0.0, 24.0, 58.8425537813, 81.72911018459999, 111.25634718709999, 121.5131539026, 133.5348656776, 175.0, 193.6808285951, 197.73489544211, 232.05062478011, 270.0, 281.922738989, 300.0, 317.5792279694, 332.4924740614, 368.9326042752, 402.0, 438.5935603624, 460.1419541308, 464.36957343722, 481.25272438722004, 486.60077468616004, 497.48025206336, 526.09837528976, 527.22006419494, 541.3021146493401, 565.1531283804401, 603.2387858514401, 623.6644233200401]
