Avion: 6      Iteracion: 9

Num Ruta: 11
Ingresos: 1042.57
Costos: 216.834708075
Utilidad Ruta: 825.735291925
Costo Reducido: 184.632132417
Nodos: [106, 34, 22, 69, 57, 19, 25, 60, 6, 41, 5, 40, 54, 716]
q: [0.0, 8.0, 7.0, -8.0, -7.0, 7.0, 8.0, -8.0, 4.0, -4.0, 8.0, -8.0, -7.0, 0.0]
Q: [0.0, 8.0, 15.0, 7.0, 0.0, 7.0, 15.0, 7.0, 11.0, 7.0, 15.0, 7.0, 0.0, 0.0]
B: [0.0, 322.0, 350.0636833826, 364.6328500369, 375.22310036439995, 402.0, 411.3920072402, 428.57698955029997, 454.0787600379, 457.77104943609, 476.15990965089, 477.28159855607, 485.63753464965, 493.63487433231995]
