Avion: 7      Iteracion: 41

Num Ruta: 28
Ingresos: 268.539
Costos: 300.588859497
Utilidad Ruta: -32.0498594974
Costo Reducido: 10.863169097
Nodos: [107, 13, 48, 4, 39, 717]
q: [0, 15.0, -15.0, 3.0, -3.0, 0]
Q: [0, 15.0, 0.0, 3.0, 0.0, 0]
B: [0.0, 423.0, 439.88315095, 529.0, 549.4257496801999, 578.1732173948]
