Avion: 6      Iteracion: 54

Num Ruta: 52
Ingresos: 2239.558
Costos: 513.714994506
Utilidad Ruta: 1725.84300549
Costo Reducido: 12.953198013
Nodos: [106, 17, 52, 16, 51, 24, 59, 1, 36, 35, 70, 18, 53, 34, 69, 19, 33, 54, 13, 68, 48, 716]
q: [0.0, 5.0, -5.0, 9.0, -9.0, 11.0, -11.0, 7.0, -7.0, 8.0, -8.0, 10.0, -10.0, 8.0, -8.0, 7.0, 5.0, -7.0, 10.0, -5.0, -10.0, 0.0]
Q: [0.0, 5.0, 0.0, 9.0, 0.0, 11.0, 0.0, 7.0, 0.0, 8.0, 0.0, 10.0, 0.0, 8.0, 0.0, 7.0, 12.0, 5.0, 15.0, 10.0, 0.0, 0.0]
B: [0.0, 24.0, 58.8425537813, 64.17419311644, 73.79828455408, 99.02448363357999, 137.53743393608, 175.0, 209.2400855285, 270.0, 281.922738989, 302.3408921131, 326.15912836179996, 349.62983932249995, 386.06996953629994, 406.60978579639993, 443.20334615879995, 464.75173992719994, 468.97935923361996, 488.95018886081994, 494.29823915975993, 517.67167547106]
