Avion: 6      Iteracion: 29

Num Ruta: 29
Ingresos: 1089.761
Costos: 285.406051441
Utilidad Ruta: 804.354948559
Costo Reducido: 44.7393036992
Nodos: [106, 17, 30, 52, 16, 51, 65, 35, 70, 32, 67, 26, 61, 13, 48, 716]
q: [0.0, 5.0, 6.0, -5.0, 9.0, -9.0, -6.0, 8.0, -8.0, 11.0, -11.0, 10.0, -10.0, 15.0, -15.0, 0.0]
Q: [0.0, 5.0, 11.0, 6.0, 15.0, 6.0, 0.0, 8.0, 0.0, 11.0, 0.0, 10.0, 0.0, 15.0, 0.0, 0.0]
B: [0.0, 24.0, 64.0, 67.14445448369, 72.47609381883, 82.10018525647, 84.97134181786, 270.0, 281.922738989, 309.0, 319.4016530417, 332.1221722921, 349.7014002615, 423.0, 439.88315095, 463.2565872613]
