Avion: 6      Iteracion: 44

Num Ruta: 43
Ingresos: 1573.039
Costos: 326.316618149
Utilidad Ruta: 1246.72238185
Costo Reducido: 83.4609559517
Nodos: [106, 17, 30, 52, 16, 51, 65, 1, 36, 35, 70, 33, 6, 41, 5, 40, 68, 29, 64, 716]
q: [0.0, 5.0, 6.0, -5.0, 9.0, -9.0, -6.0, 7.0, -7.0, 8.0, -8.0, 5.0, 0.0, 0.0, 0.0, 0.0, -5.0, 9.0, -9.0, 0.0]
Q: [0.0, 5.0, 11.0, 6.0, 15.0, 6.0, 0.0, 7.0, 0.0, 8.0, 0.0, 5.0, 5.0, 5.0, 5.0, 5.0, 0.0, 9.0, 0.0, 0.0]
B: [0.0, 24.0, 64.0, 67.14445448369, 72.47609381883, 82.10018525647, 84.97134181786, 175.0, 209.2400855285, 270.0, 281.922738989, 437.0, 463.1548069196, 466.84709631779, 485.23595653258997, 486.35764543777, 515.37002005617, 549.0, 582.7797797802, 603.1769870644999]
