Avion: 4      Iteracion: 17

Num Ruta: 18
Ingresos: 2383.727
Costos: 627.493187093
Utilidad Ruta: 1756.23381291
Costo Reducido: 107.225488224
Nodos: [104, 17, 52, 9, 44, 1, 11, 46, 36, 3, 38, 35, 23, 70, 32, 67, 58, 25, 60, 33, 5, 40, 68, 21, 4, 39, 56, 29, 64, 714]
q: [0.0, 0.0, 0.0, 11.0, -11.0, 7.0, 6.0, -6.0, -7.0, 13.0, -13.0, 8.0, 0.0, -8.0, 11.0, -11.0, 0.0, 10.0, -10.0, 5.0, 9.0, -9.0, -5.0, 12.0, 3.0, -3.0, -12.0, 9.0, -9.0, 0.0]
Q: [0.0, 0.0, 0.0, 11.0, 0.0, 7.0, 13.0, 7.0, 0.0, 13.0, 0.0, 8.0, 8.0, 0.0, 11.0, 0.0, 0.0, 10.0, 0.0, 5.0, 14.0, 5.0, 0.0, 12.0, 15.0, 12.0, 0.0, 9.0, 0.0, 0.0]
B: [0.0, 24.0, 58.8425537813, 81.72911018459999, 111.25634718709999, 175.0, 193.6808285951, 197.73489544211, 232.05062478011, 256.0, 261.08428175852, 274.08526633661995, 284.54867080171994, 304.6755369264199, 316.2743181124199, 326.6759711541199, 359.0663062712199, 410.0, 427.1849823101, 462.7023875222, 476.4005546989, 477.52224360408, 506.53461822248, 517.41409559968, 532.36188396448, 552.78763364468, 569.59057805928, 608.04387453698, 641.82365431718, 668.5940843659799]
