Avion: 6      Iteracion: 15

Num Ruta: 17
Ingresos: 878.599
Costos: 167.919590709
Utilidad Ruta: 710.679409291
Costo Reducido: 102.078724398
Nodos: [106, 6, 41, 5, 40, 2, 4, 37, 27, 39, 62, 716]
q: [0, 4.0, -4.0, 9.0, -9.0, 10.0, 3.0, -10.0, 6.0, -3.0, -6.0, 0]
Q: [0, 4.0, 0.0, 9.0, 0.0, 10.0, 13.0, 3.0, 9.0, 6.0, 0.0, 0]
B: [0.0, 436.0, 439.69228939819, 469.0, 470.12168890518, 522.0, 549.3715326023, 562.8222884175, 587.7879403817, 604.1387529609, 609.55401149582, 619.25968184876]
