Avion: 2      Iteracion: 34

Num Ruta: 28
Ingresos: 1393.832
Costos: 350.856693625
Utilidad Ruta: 1042.97530637
Costo Reducido: 47.1411839739
Nodos: [102, 16, 51, 10, 45, 26, 61, 13, 48, 4, 39, 2, 37, 712]
q: [0, 9.0, -9.0, 12.0, -12.0, 10.0, -10.0, 15.0, -15.0, 3.0, -3.0, 10.0, -10.0, 0]
Q: [0, 9.0, 0.0, 12.0, 0.0, 10.0, 0.0, 15.0, 0.0, 3.0, 0.0, 10.0, 0.0, 0]
B: [0.0, 36.0, 45.624091437640004, 96.0, 125.5195107344, 300.0, 317.5792279694, 423.0, 439.88315095, 529.0, 549.4257496801999, 558.8802161908, 599.6151782382, 603.73092470755]
