Avion: 4      Iteracion: 60

Num Ruta: 51
Ingresos: 3005.355
Costos: 511.180294217
Utilidad Ruta: 2494.17470578
Costo Reducido: 54.9285595892
Nodos: [104, 17, 52, 16, 51, 1, 36, 3, 38, 23, 35, 70, 34, 58, 22, 69, 57, 19, 33, 54, 13, 48, 68, 29, 64, 714]
q: [0.0, 5.0, -5.0, 9.0, -9.0, 7.0, -7.0, 13.0, -13.0, 7.0, 8.0, -8.0, 8.0, -7.0, 7.0, -8.0, -7.0, 7.0, 5.0, -7.0, 10.0, -10.0, -5.0, 9.0, -9.0, 0.0]
Q: [0.0, 5.0, 0.0, 9.0, 0.0, 7.0, 0.0, 13.0, 0.0, 7.0, 15.0, 7.0, 15.0, 8.0, 15.0, 7.0, 0.0, 7.0, 12.0, 5.0, 15.0, 5.0, 0.0, 9.0, 0.0, 0.0]
B: [0.0, 24.0, 58.8425537813, 64.17419311644, 73.79828455408, 175.0, 209.2400855285, 256.0, 261.08428175852, 267.0, 277.4634044651, 289.38614345409997, 322.0, 336.2589470158, 352.0153710073, 366.5845376616, 377.17478798909997, 402.0, 438.5935603624, 460.1419541308, 464.36957343722, 481.25272438722004, 486.60077468616004, 549.0, 582.7797797802, 609.550209829]
