Avion: 6      Iteracion: 39

Num Ruta: 38
Ingresos: 2800.803
Costos: 476.125694081
Utilidad Ruta: 2324.67730592
Costo Reducido: 38.0756969922
Nodos: [106, 17, 52, 14, 49, 3, 38, 35, 70, 22, 57, 18, 53, 31, 19, 66, 33, 54, 68, 21, 4, 39, 56, 716]
q: [0.0, 5.0, -5.0, 8.0, -8.0, 13.0, -13.0, 8.0, -8.0, 10.0, -10.0, 10.0, -10.0, 8.0, 7.0, -8.0, 5.0, -7.0, -5.0, 12.0, 3.0, -3.0, -12.0, 0.0]
Q: [0.0, 5.0, 0.0, 8.0, 0.0, 13.0, 0.0, 8.0, 0.0, 10.0, 0.0, 10.0, 0.0, 8.0, 15.0, 7.0, 12.0, 5.0, 0.0, 12.0, 15.0, 12.0, 0.0, 0.0]
B: [0.0, 24.0, 58.8425537813, 112.0, 124.021711775, 256.0, 261.08428175852, 274.08526633661995, 286.00800532561993, 303.7313161055199, 325.4860022444199, 338.88643884181994, 362.7046750905199, 406.0, 427.4250045741, 443.5262214225, 465.9243828649, 487.4727766333, 509.3782214587, 520.2576988359, 535.2054872007, 555.6312368808999, 572.4341812954999, 599.1460710265]
