Avion: 3      Iteracion: 24

Num Ruta: 21
Ingresos: 1213.114
Costos: 258.200098865
Utilidad Ruta: 954.913901135
Costo Reducido: 229.073641993
Nodos: [103, 30, 65, 33, 68, 21, 56, 27, 62, 713]
q: [0, 11.0, -11.0, 5.0, -5.0, 12.0, -12.0, 6.0, -6.0, 0]
Q: [0, 11.0, 0.0, 5.0, 0.0, 12.0, 0.0, 6.0, 0.0, 0]
B: [0.0, 64.0, 82.7140226568, 437.0, 478.9526650524, 489.83214242959997, 530.5709331088, 543.7483813064, 560.7792436745, 589.0499639518]
