Avion: 4      Iteracion: 10

Num Ruta: 12
Ingresos: 612.801
Costos: 263.935284612
Utilidad Ruta: 348.865715388
Costo Reducido: 127.630019763
Nodos: [104, 28, 63, 29, 64, 714]
q: [0, 6.0, -6.0, 9.0, -9.0, 0]
Q: [0, 6.0, 0.0, 9.0, 0.0, 0]
B: [0.0, 378.0, 414.0266187839, 549.0, 582.7797797802, 609.550209829]
