Avion: 2      Iteracion: 31

Num Ruta: 26
Ingresos: 654.363
Costos: 333.86888831
Utilidad Ruta: 320.49411169
Costo Reducido: 47.3534679561
Nodos: [102, 16, 51, 10, 45, 26, 61, 13, 48, 712]
q: [0, 9.0, -9.0, 12.0, -12.0, 10.0, -10.0, 15.0, -15.0, 0]
Q: [0, 9.0, 0.0, 12.0, 0.0, 10.0, 0.0, 15.0, 0.0, 0]
B: [0.0, 36.0, 45.624091437640004, 96.0, 125.5195107344, 300.0, 317.5792279694, 423.0, 439.88315095, 455.2736272259]
