Avion: 4      Iteracion: 20

Num Ruta: 21
Ingresos: 3159.888
Costos: 642.845847234
Utilidad Ruta: 2517.04215277
Costo Reducido: 195.396183472
Nodos: [104, 17, 52, 24, 16, 51, 59, 1, 36, 35, 70, 32, 67, 22, 57, 31, 33, 66, 68, 21, 4, 39, 56, 29, 64, 714]
q: [0.0, 5.0, -5.0, 11.0, 4.0, -4.0, -11.0, 7.0, -7.0, 8.0, -8.0, 11.0, -11.0, 10.0, -10.0, 9.0, 5.0, -9.0, -5.0, 12.0, 3.0, -3.0, -12.0, 9.0, -9.0, 0.0]
Q: [0.0, 5.0, 0.0, 11.0, 15.0, 11.0, 0.0, 7.0, 0.0, 8.0, 0.0, 11.0, 0.0, 10.0, 0.0, 9.0, 14.0, 5.0, 0.0, 12.0, 15.0, 12.0, 0.0, 9.0, 0.0, 0.0]
B: [0.0, 24.0, 58.8425537813, 75.400837086, 92.9734739968, 102.59756543444, 129.38684935544, 175.0, 209.2400855285, 270.0, 281.922738989, 309.0, 319.4016530417, 353.8662667781, 375.620952917, 408.2156863106, 445.7169565958, 468.1151180382, 499.0669088911, 509.9463862683, 529.0, 549.4257496801999, 566.2286940948, 604.6819905724999, 638.4617703526999, 665.2322004014999]
