Avion: 4      Iteracion: 70

Num Ruta: 57
Ingresos: 2264.557
Costos: 495.842487036
Utilidad Ruta: 1768.71451296
Costo Reducido: 36.0963321519
Nodos: [104, 17, 52, 30, 16, 65, 51, 10, 45, 1, 36, 35, 70, 33, 68, 21, 4, 39, 56, 714]
q: [0.0, 5.0, -5.0, 6.0, 9.0, -6.0, -9.0, 12.0, -12.0, 7.0, -7.0, 8.0, -8.0, 5.0, -5.0, 12.0, 3.0, -3.0, -12.0, 0.0]
Q: [0.0, 5.0, 0.0, 6.0, 15.0, 9.0, 0.0, 12.0, 0.0, 7.0, 0.0, 8.0, 0.0, 5.0, 0.0, 12.0, 15.0, 12.0, 0.0, 0.0]
B: [0.0, 24.0, 58.8425537813, 64.0, 72.20259129788, 83.01926305958, 85.89041962097, 101.71969683127, 131.23920756567, 175.0, 209.2400855285, 270.0, 281.922738989, 437.0, 478.9526650524, 489.83214242959997, 529.0, 549.4257496801999, 566.2286940948, 595.1194999853]
