Avion: 4      Iteracion: 72

Num Ruta: 59
Ingresos: 1139.961
Costos: 320.360603316
Utilidad Ruta: 819.600396684
Costo Reducido: 77.469179001
Nodos: [104, 17, 52, 16, 51, 35, 70, 8, 33, 43, 13, 68, 48, 714]
q: [0.0, 5.0, -5.0, 9.0, -9.0, 8.0, -8.0, 8.0, 5.0, -8.0, 10.0, -5.0, -10.0, 0.0]
Q: [0.0, 5.0, 0.0, 9.0, 0.0, 8.0, 0.0, 8.0, 13.0, 5.0, 15.0, 10.0, 0.0, 0.0]
B: [0.0, 24.0, 58.8425537813, 64.17419311644, 73.79828455408, 270.0, 281.922738989, 414.0, 437.0, 460.2743670161, 462.48504315700995, 482.45587278420993, 487.8039230831499, 499.48322378994993]
