Avion: 6      Iteracion: 86

Num Ruta: 80
Ingresos: 2161.065
Costos: 329.42362785
Utilidad Ruta: 1831.64137215
Costo Reducido: 123.276442598
Nodos: [106, 1, 11, 46, 3, 36, 23, 38, 18, 53, 58, 26, 61, 28, 31, 63, 19, 66, 54, 6, 41, 5, 40, 716]
q: [0.0, 7.0, 6.0, -6.0, 8.0, -7.0, 5.0, -8.0, 10.0, -10.0, -5.0, 10.0, -10.0, 6.0, 8.0, -6.0, 7.0, -8.0, -7.0, 4.0, -4.0, 9.0, -9.0, 0.0]
Q: [0.0, 7.0, 13.0, 7.0, 15.0, 8.0, 13.0, 5.0, 15.0, 5.0, 0.0, 10.0, 0.0, 6.0, 14.0, 8.0, 15.0, 7.0, 0.0, 4.0, 0.0, 9.0, 0.0, 0.0]
B: [0.0, 175.0, 193.6808285951, 197.73489544211, 256.0, 263.0965519092, 267.9270753798, 271.2895627032, 293.0, 316.8182362487, 326.74376782137, 346.43014059547, 364.00936856487, 378.0, 406.0, 426.4968799577, 439.0326732314, 455.1338900798, 477.5520543668, 489.3430733643, 493.03536276248997, 511.42422297728996, 512.5459118824699, 519.2692659561399]
