Avion: 1      Iteracion: 76

Num Ruta: 70
Ingresos: 2449.276
Costos: 573.172136115
Utilidad Ruta: 1876.10386388
Costo Reducido: 8.14473172212
Nodos: [101, 16, 51, 9, 44, 30, 65, 11, 46, 1, 36, 3, 38, 23, 35, 70, 32, 67, 26, 61, 58, 34, 69, 8, 19, 54, 43, 6, 41, 711]
q: [0.0, 9.0, -9.0, 11.0, -11.0, 11.0, -11.0, 6.0, -6.0, 7.0, -7.0, 13.0, -13.0, 4.0, 8.0, -8.0, 11.0, -11.0, 10.0, -10.0, -4.0, 8.0, -8.0, 8.0, 7.0, -7.0, -8.0, 4.0, -4.0, 0.0]
Q: [0.0, 9.0, 0.0, 11.0, 0.0, 11.0, 0.0, 6.0, 0.0, 7.0, 0.0, 13.0, 0.0, 4.0, 12.0, 4.0, 15.0, 4.0, 14.0, 4.0, 0.0, 8.0, 0.0, 8.0, 15.0, 8.0, 0.0, 4.0, 0.0, 0.0]
B: [0.0, 36.0, 45.624091437640004, 75.68094759394, 105.20818459644, 120.99608493184, 139.71010758864, 175.65153908494, 179.70560593195, 202.37505746925, 236.61514299775, 256.0, 261.08428175852, 267.0, 277.4634044651, 289.38614345409997, 309.0, 319.4016530417, 332.1221722921, 349.7014002615, 352.76847264408, 367.02741965988, 403.46754987368, 414.0, 437.1608815463, 463.7879978378, 466.71611702935996, 475.90678865879, 479.59907805698, 497.74910285038]
