Avion: 1      Iteracion: 60

Num Ruta: 57
Ingresos: 2476.736
Costos: 486.372847853
Utilidad Ruta: 1990.36315215
Costo Reducido: 49.2255411493
Nodos: [101, 17, 30, 52, 16, 51, 65, 24, 59, 1, 36, 3, 38, 23, 35, 70, 34, 58, 28, 69, 63, 19, 54, 711]
q: [0.0, 5.0, 6.0, -5.0, 9.0, -9.0, -6.0, 0.0, 0.0, 7.0, -7.0, 13.0, -13.0, 7.0, 8.0, -8.0, 8.0, -7.0, 6.0, -8.0, -6.0, 7.0, -7.0, 0.0]
Q: [0.0, 5.0, 11.0, 6.0, 15.0, 6.0, 0.0, 0.0, 0.0, 7.0, 0.0, 13.0, 0.0, 7.0, 15.0, 7.0, 15.0, 8.0, 14.0, 6.0, 0.0, 7.0, 0.0, 0.0]
B: [0.0, 24.0, 64.0, 67.14445448369, 72.47609381883, 82.10018525647, 84.97134181786, 109.70531270816, 148.21826301066, 175.0, 209.2400855285, 256.0, 261.08428175852, 267.0, 277.4634044651, 289.38614345409997, 322.0, 336.2589470158, 378.0, 412.6152135628, 444.56576931700005, 457.10156259070004, 483.72867888220003, 488.4742058287]
