Avion: 6      Iteracion: 58

Num Ruta: 55
Ingresos: 1676.938
Costos: 406.675091917
Utilidad Ruta: 1270.26290808
Costo Reducido: 110.957041665
Nodos: [106, 17, 52, 16, 51, 24, 59, 10, 45, 1, 36, 35, 70, 33, 13, 48, 68, 5, 40, 716]
q: [0.0, 5.0, -5.0, 9.0, -9.0, 11.0, -11.0, 12.0, -12.0, 7.0, -7.0, 8.0, -8.0, 5.0, 10.0, -10.0, -5.0, 9.0, -9.0, 0.0]
Q: [0.0, 5.0, 0.0, 9.0, 0.0, 11.0, 0.0, 12.0, 0.0, 7.0, 0.0, 8.0, 0.0, 5.0, 15.0, 5.0, 0.0, 9.0, 0.0, 0.0]
B: [0.0, 24.0, 58.8425537813, 64.17419311644, 73.79828455408, 99.02448363357999, 137.53743393608, 149.32336461638, 178.84287535078, 217.26221652158, 251.50230205008, 270.0, 281.922738989, 437.0, 462.372931896, 479.256082846, 484.60413314494, 513.57555073194, 514.69723963712, 521.42059371079]
