Avion: 1      Iteracion: 47

Num Ruta: 45
Ingresos: 2007.077
Costos: 472.16154192
Utilidad Ruta: 1534.91545808
Costo Reducido: 60.0278074723
Nodos: [101, 17, 52, 30, 65, 24, 59, 34, 22, 69, 57, 19, 25, 60, 31, 66, 54, 711]
q: [0.0, 5.0, -5.0, 11.0, -11.0, 11.0, -11.0, 8.0, 7.0, -8.0, -7.0, 5.0, 10.0, -10.0, 9.0, -9.0, -5.0, 0.0]
Q: [0.0, 5.0, 0.0, 11.0, 0.0, 11.0, 0.0, 8.0, 15.0, 7.0, 0.0, 5.0, 15.0, 5.0, 14.0, 5.0, 0.0, 0.0]
B: [0.0, 24.0, 58.8425537813, 64.0, 82.7140226568, 107.4479935471, 145.9609438496, 322.0, 350.0636833826, 364.6328500369, 375.22310036439995, 402.0, 411.3920072402, 428.57698955029997, 433.39863615700995, 461.72411523500995, 484.14227952200997, 488.88780646850995]
