Avion: 4      Iteracion: 40

Num Ruta: 39
Ingresos: 2337.491
Costos: 501.074192506
Utilidad Ruta: 1836.41680749
Costo Reducido: 80.8039823691
Nodos: [104, 17, 52, 9, 44, 14, 49, 18, 53, 26, 34, 61, 69, 33, 68, 21, 4, 39, 56, 714]
q: [0.0, 5.0, -5.0, 11.0, -11.0, 8.0, -8.0, 10.0, -10.0, 7.0, 8.0, -7.0, -8.0, 5.0, -5.0, 12.0, 3.0, -3.0, -12.0, 0.0]
Q: [0.0, 5.0, 0.0, 11.0, 0.0, 8.0, 0.0, 10.0, 0.0, 7.0, 15.0, 8.0, 0.0, 5.0, 0.0, 12.0, 15.0, 12.0, 0.0, 0.0]
B: [0.0, 24.0, 58.8425537813, 81.72911018459999, 111.25634718709999, 121.5131539026, 133.5348656776, 293.0, 316.8182362487, 345.81975307109997, 361.74698010529994, 376.66022619729995, 401.64698014809994, 437.0, 478.9526650524, 489.83214242959997, 529.0, 549.4257496801999, 566.2286940948, 595.1194999853]
