Avion: 2      Iteracion: 59

Num Ruta: 46
Ingresos: 1389.79
Costos: 327.319806096
Utilidad Ruta: 1062.4701939
Costo Reducido: 69.3673120167
Nodos: [102, 16, 30, 65, 51, 10, 45, 26, 61, 13, 48, 20, 4, 39, 55, 2, 37, 712]
q: [0.0, 4.0, 11.0, -11.0, -4.0, 12.0, -12.0, 10.0, -10.0, 15.0, -15.0, 0.0, 0.0, 0.0, 0.0, 10.0, -10.0, 0.0]
Q: [0.0, 4.0, 15.0, 4.0, 0.0, 12.0, 0.0, 10.0, 0.0, 15.0, 0.0, 0.0, 0.0, 0.0, 0.0, 10.0, 0.0, 0.0]
B: [0.0, 36.0, 64.0, 82.7140226568, 85.58517921818999, 101.41445642849, 130.93396716288999, 300.0, 317.5792279694, 423.0, 439.88315095, 496.0, 529.0, 549.4257496801999, 561.2869729308, 568.6172701962599, 609.35223224366, 613.46797871301]
