Avion: 3      Iteracion: 39

Num Ruta: 32
Ingresos: 920.045
Costos: 321.850644617
Utilidad Ruta: 598.194355383
Costo Reducido: 14.5092002111
Nodos: [103, 24, 59, 1, 36, 35, 70, 33, 68, 713]
q: [0, 11.0, -11.0, 7.0, -7.0, 8.0, -8.0, 5.0, -5.0, 0]
Q: [0, 11.0, 0.0, 7.0, 0.0, 8.0, 0.0, 5.0, 0.0, 0]
B: [0.0, 61.0, 99.5129503025, 175.0, 209.2400855285, 270.0, 281.922738989, 437.0, 478.9526650524, 482.64754055775]
