Avion: 2      Iteracion: 42

Num Ruta: 33
Ingresos: 1540.657
Costos: 499.880732806
Utilidad Ruta: 1040.77626719
Costo Reducido: 200.812517241
Nodos: [102, 16, 51, 24, 59, 10, 45, 33, 13, 48, 20, 68, 27, 62, 55, 2, 37, 712]
q: [0.0, 9.0, -9.0, 11.0, -11.0, 12.0, -12.0, 5.0, 10.0, -10.0, 0.0, -5.0, 6.0, -6.0, 0.0, 10.0, -10.0, 0.0]
Q: [0.0, 9.0, 0.0, 11.0, 0.0, 12.0, 0.0, 5.0, 15.0, 5.0, 5.0, 0.0, 6.0, 0.0, 0.0, 10.0, 0.0, 0.0]
B: [0.0, 36.0, 45.624091437640004, 70.85029051714, 109.36324081964, 121.14917149994, 150.66868223434, 437.0, 462.372931896, 479.256082846, 496.0, 506.5907824546, 538.0, 555.0308623681, 571.1886281789999, 578.5189254444599, 619.2538874918599, 623.36963396121]
