Avion: 4      Iteracion: 62

Num Ruta: 52
Ingresos: 3186.385
Costos: 586.097299063
Utilidad Ruta: 2600.28770094
Costo Reducido: 4.01349922833
Nodos: [104, 17, 52, 9, 44, 14, 49, 3, 38, 23, 18, 53, 58, 34, 69, 31, 66, 33, 5, 40, 68, 21, 4, 39, 56, 29, 64, 714]
q: [0.0, 5.0, -5.0, 11.0, -11.0, 8.0, -8.0, 13.0, -13.0, 5.0, 10.0, -10.0, -5.0, 8.0, -8.0, 9.0, -9.0, 5.0, 9.0, -9.0, -5.0, 12.0, 3.0, -3.0, -12.0, 9.0, -9.0, 0.0]
Q: [0.0, 5.0, 0.0, 11.0, 0.0, 8.0, 0.0, 13.0, 0.0, 5.0, 15.0, 5.0, 0.0, 8.0, 0.0, 9.0, 0.0, 5.0, 14.0, 5.0, 0.0, 12.0, 15.0, 12.0, 0.0, 9.0, 0.0, 0.0]
B: [0.0, 24.0, 58.8425537813, 81.72911018459999, 111.25634718709999, 121.5131539026, 133.5348656776, 256.0, 261.08428175852, 267.0, 293.0, 316.8182362487, 326.74376782137, 341.00271483717, 377.44284505097, 406.0, 434.325479078, 456.7236405204, 470.4218076971, 471.54349660228, 500.55587122068, 511.43534859787997, 529.0, 549.4257496801999, 566.2286940948, 604.6819905724999, 638.4617703526999, 665.2322004014999]
