Avion: 7      Iteracion: 9

Num Ruta: 8
Ingresos: 469.138
Costos: 224.919403178
Utilidad Ruta: 244.218596822
Costo Reducido: 106.971194908
Nodos: [107, 11, 46, 3, 38, 22, 57, 717]
q: [0, 6.0, -6.0, 13.0, -13.0, 10.0, -10.0, 0]
Q: [0, 6.0, 0.0, 13.0, 0.0, 10.0, 0.0, 0]
B: [0.0, 169.0, 173.05406684701, 256.0, 261.08428175852, 299.0, 320.7546861389, 322.72147489217]
