Avion: 4      Iteracion: 25

Num Ruta: 25
Ingresos: 1525.497
Costos: 488.525314379
Utilidad Ruta: 1036.97168562
Costo Reducido: 247.524835196
Nodos: [104, 17, 52, 16, 51, 24, 59, 1, 36, 23, 35, 70, 32, 67, 26, 58, 61, 13, 48, 25, 60, 29, 27, 62, 64, 714]
q: [0.0, 0.0, 0.0, 9.0, -9.0, 11.0, -11.0, 7.0, -7.0, 0.0, 8.0, -8.0, 11.0, -11.0, 0.0, 0.0, 0.0, 15.0, -15.0, 10.0, -10.0, 9.0, 6.0, -6.0, -9.0, 0.0]
Q: [0.0, 0.0, 0.0, 9.0, 0.0, 11.0, 0.0, 7.0, 0.0, 0.0, 8.0, 0.0, 11.0, 0.0, 0.0, 0.0, 0.0, 15.0, 0.0, 10.0, 0.0, 9.0, 15.0, 9.0, 0.0, 0.0]
B: [0.0, 24.0, 58.8425537813, 64.17419311644, 73.79828455408, 99.02448363357999, 137.53743393608, 175.0, 209.2400855285, 267.0, 277.4634044651, 289.38614345409997, 309.0, 319.4016530417, 332.1221722921, 351.8085450662, 354.87561744878, 423.0, 439.88315095, 463.8957169312, 481.0806992413, 549.0, 574.6018082369, 591.6326706049999, 607.0800481818, 633.8504782306]
