Avion: 1      Iteracion: 25

Num Ruta: 26
Ingresos: 1566.905
Costos: 488.948836768
Utilidad Ruta: 1077.95616323
Costo Reducido: 322.060599876
Nodos: [101, 30, 16, 51, 65, 24, 59, 1, 36, 23, 35, 70, 18, 53, 58, 32, 67, 8, 19, 54, 43, 13, 48, 29, 27, 64, 62, 711]
q: [0.0, 0.0, 9.0, -9.0, 0.0, 11.0, -11.0, 7.0, -7.0, 0.0, 8.0, -8.0, 0.0, 0.0, 0.0, 11.0, -11.0, 8.0, 0.0, 0.0, -8.0, 15.0, -15.0, 9.0, 6.0, -9.0, -6.0, 0.0]
Q: [0.0, 0.0, 9.0, 0.0, 0.0, 11.0, 0.0, 7.0, 0.0, 0.0, 8.0, 0.0, 0.0, 0.0, 0.0, 11.0, 0.0, 8.0, 8.0, 8.0, 0.0, 15.0, 0.0, 9.0, 15.0, 6.0, 0.0, 0.0]
B: [0.0, 64.0, 72.20259129788, 81.82668273552001, 84.69783929691, 109.43181018721, 147.94476048971, 175.0, 209.2400855285, 267.0, 277.4634044651, 289.38614345409997, 309.80429657819997, 333.62253282689994, 343.54806439956997, 366.03237023716997, 376.43402327887, 414.0, 437.1608815463, 463.7879978378, 466.71611702935996, 468.92679317026995, 485.80994412026996, 549.0, 574.6018082369, 582.8182362320799, 598.26561380888, 612.38300496308]
