Avion: 4      Iteracion: 9

Num Ruta: 11
Ingresos: 3343.953
Costos: 702.180240952
Utilidad Ruta: 2641.77275905
Costo Reducido: 92.2208197649
Nodos: [104, 17, 52, 16, 51, 14, 49, 1, 11, 46, 36, 3, 38, 26, 34, 61, 22, 69, 57, 31, 33, 66, 68, 21, 4, 39, 56, 29, 64, 714]
q: [0.0, 5.0, -5.0, 9.0, -9.0, 8.0, -8.0, 7.0, 6.0, -6.0, -7.0, 13.0, -13.0, 7.0, 8.0, -7.0, 7.0, -8.0, -7.0, 9.0, 5.0, -9.0, -5.0, 12.0, 3.0, -3.0, -12.0, 9.0, -9.0, 0.0]
Q: [0.0, 5.0, 0.0, 9.0, 0.0, 8.0, 0.0, 7.0, 13.0, 7.0, 0.0, 13.0, 0.0, 7.0, 15.0, 8.0, 15.0, 7.0, 0.0, 9.0, 14.0, 5.0, 0.0, 12.0, 15.0, 12.0, 0.0, 9.0, 0.0, 0.0]
B: [0.0, 24.0, 58.8425537813, 64.17419311644, 73.79828455408, 112.0, 124.021711775, 175.0, 193.6808285951, 197.73489544211, 232.05062478011, 256.0, 261.08428175852, 300.0, 322.0, 336.913246092, 350.5474267421, 365.1165933964, 375.70684372389996, 408.30157711749996, 445.80284740269997, 468.2010088451, 499.15279969799997, 510.03227707519994, 529.0, 549.4257496801999, 566.2286940948, 604.6819905724999, 638.4617703526999, 665.2322004014999]
