Avion: 6      Iteracion: 90

Num Ruta: 84
Ingresos: 1285.438
Costos: 301.516180885
Utilidad Ruta: 983.921819115
Costo Reducido: 118.623558118
Nodos: [106, 30, 16, 51, 65, 24, 59, 11, 46, 18, 53, 22, 57, 8, 43, 6, 41, 5, 40, 716]
q: [0.0, 11.0, 4.0, -4.0, -11.0, 11.0, -11.0, 6.0, -6.0, 10.0, -10.0, 10.0, -10.0, 8.0, -8.0, 4.0, -4.0, 9.0, -9.0, 0.0]
Q: [0.0, 11.0, 15.0, 11.0, 0.0, 11.0, 0.0, 6.0, 0.0, 10.0, 0.0, 10.0, 0.0, 8.0, 0.0, 4.0, 0.0, 9.0, 0.0, 0.0]
B: [0.0, 64.0, 72.20259129788, 81.82668273552001, 84.69783929691, 109.43181018721, 147.94476048971, 169.0, 173.05406684701, 293.0, 316.8182362487, 332.3010836612, 354.0557698001, 414.0, 434.768396616, 443.95906824543, 447.65135764362, 469.0, 470.12168890518, 476.84504297885]
