Avion: 3      Iteracion: 16

Num Ruta: 18
Ingresos: 1464.14
Costos: 327.567938225
Utilidad Ruta: 1136.57206178
Costo Reducido: 205.046575025
Nodos: [103, 11, 46, 3, 38, 35, 70, 26, 34, 61, 22, 57, 69, 8, 33, 43, 13, 48, 68, 713]
q: [0.0, 6.0, -6.0, 13.0, -13.0, 8.0, -8.0, 7.0, 8.0, -7.0, 7.0, -7.0, -8.0, 8.0, 5.0, -8.0, 10.0, -10.0, -5.0, 0.0]
Q: [0.0, 6.0, 0.0, 13.0, 0.0, 8.0, 0.0, 7.0, 15.0, 8.0, 15.0, 8.0, 0.0, 8.0, 13.0, 5.0, 15.0, 5.0, 0.0, 0.0]
B: [0.0, 169.0, 173.05406684701, 256.0, 261.08428175852, 274.08526633661995, 286.00800532561993, 300.35886749481995, 322.0, 336.913246092, 350.5474267421, 372.302112881, 382.8923632085, 414.0, 437.0, 460.2743670161, 462.48504315700995, 479.36819410700997, 484.71624440594996, 488.4111199113]
