Avion: 7      Iteracion: 12

Num Ruta: 14
Ingresos: 1595.474
Costos: 367.282623756
Utilidad Ruta: 1228.19137624
Costo Reducido: 219.841142109
Nodos: [107, 24, 59, 10, 45, 35, 70, 23, 58, 22, 57, 717]
q: [0, 11.0, -11.0, 12.0, -12.0, 8.0, -8.0, 10.0, -10.0, 10.0, -10.0, 0]
Q: [0, 11.0, 0.0, 12.0, 0.0, 8.0, 0.0, 10.0, 0.0, 10.0, 0.0, 0]
B: [0.0, 61.0, 99.5129503025, 111.2988809828, 140.8183917172, 270.0, 281.922738989, 302.04960511369995, 341.78344801869997, 357.5398720102, 379.2945581491, 381.26134690237]
