Avion: 4      Iteracion: 58

Num Ruta: 27
Ingresos: 1603.52
Costos: 421.021638151
Utilidad Ruta: 1182.49836185
Costo Reducido: 30.5021434252
Nodos: [104, 17, 52, 30, 16, 51, 65, 24, 59, 11, 46, 35, 70, 26, 61, 13, 48, 29, 64, 714]
q: [0.0, 5.0, -5.0, 6.0, 9.0, -9.0, -6.0, 11.0, -11.0, 6.0, -6.0, 8.0, -8.0, 10.0, -10.0, 15.0, -15.0, 9.0, -9.0, 0.0]
Q: [0.0, 5.0, 0.0, 6.0, 15.0, 6.0, 0.0, 11.0, 0.0, 6.0, 0.0, 8.0, 0.0, 10.0, 0.0, 15.0, 0.0, 9.0, 0.0, 0.0]
B: [0.0, 24.0, 58.8425537813, 64.0, 72.20259129788, 81.82668273552001, 84.69783929691, 109.43181018721, 147.94476048971, 169.0, 173.05406684701, 270.0, 281.922738989, 300.0, 317.5792279694, 423.0, 439.88315095, 549.0, 582.7797797802, 609.550209829]
