Avion: 1      Iteracion: 58

Num Ruta: 46
Ingresos: 1719.869
Costos: 407.466884296
Utilidad Ruta: 1312.4021157
Costo Reducido: 65.8731846586
Nodos: [101, 30, 65, 24, 59, 32, 67, 26, 34, 61, 69, 8, 19, 54, 43, 27, 4, 62, 39, 711]
q: [0.0, 11.0, -11.0, 11.0, -11.0, 11.0, -11.0, 7.0, 8.0, -7.0, -8.0, 8.0, 7.0, -7.0, -8.0, 6.0, 3.0, -6.0, -3.0, 0.0]
Q: [0.0, 11.0, 0.0, 11.0, 0.0, 11.0, 0.0, 7.0, 15.0, 8.0, 0.0, 8.0, 15.0, 8.0, 0.0, 6.0, 9.0, 3.0, 0.0, 0.0]
B: [0.0, 64.0, 82.7140226568, 107.4479935471, 145.9609438496, 309.0, 319.4016530417, 332.1221722921, 348.0493993263, 362.9626454183, 387.9493993691, 414.0, 437.1608815463, 463.7879978378, 466.71611702935996, 538.0, 555.6147745373, 571.701975195, 577.11723372992, 593.92626582582]
