Avion: 3      Iteracion: 3

Num Ruta: 7
Ingresos: 1827.108
Costos: 628.149591703
Utilidad Ruta: 1198.9584083
Costo Reducido: 478.556350444
Nodos: [103, 9, 44, 24, 59, 14, 49, 11, 46, 3, 38, 23, 18, 53, 34, 58, 69, 25, 60, 19, 54, 5, 33, 40, 68, 713]
q: [0.0, 11.0, -11.0, 11.0, -11.0, 8.0, -8.0, 6.0, -6.0, 13.0, -13.0, 0.0, 10.0, -10.0, 8.0, 0.0, -8.0, 10.0, -10.0, 7.0, -7.0, 9.0, 5.0, -9.0, -5.0, 0.0]
Q: [0.0, 11.0, 0.0, 11.0, 0.0, 8.0, 0.0, 6.0, 0.0, 13.0, 0.0, 0.0, 10.0, 0.0, 8.0, 8.0, 0.0, 10.0, 0.0, 7.0, 0.0, 9.0, 14.0, 5.0, 0.0, 0.0]
B: [0.0, 37.2069129329, 66.73414993540001, 90.87439983050001, 129.387350133, 158.0337194317, 170.0554312067, 199.5038603159, 203.55792716291, 256.0, 261.08428175852, 267.0, 293.0, 316.8182362487, 340.28894720939996, 354.54789422519997, 382.4009820253, 411.7198164496, 428.9047987597, 445.57769044049996, 472.20480673199995, 480.05511997415994, 493.75328715085993, 507.04346585545994, 536.0558404738599, 539.7507159792099]
