Avion: 5      Iteracion: 3

Num Ruta: 6
Ingresos: 821.742
Costos: 411.066867715
Utilidad Ruta: 410.675132285
Costo Reducido: 619.593798713
Nodos: [105, 14, 49, 3, 38, 35, 70, 32, 67, 34, 69, 28, 63, 715]
q: [0, 8.0, -8.0, 13.0, -13.0, 8.0, -8.0, 11.0, -11.0, 8.0, -8.0, 6.0, -6.0, 0]
Q: [0, 8.0, 0.0, 13.0, 0.0, 8.0, 0.0, 11.0, 0.0, 8.0, 0.0, 6.0, 0.0, 0]
B: [0.0, 112.0, 124.021711775, 256.0, 261.08428175852, 274.08526633661995, 286.00800532561993, 309.0, 319.4016530417, 346.1750898215, 382.6152200353, 417.23043359810003, 453.25705238200004, 490.49367427500005]
