Avion: 3      Iteracion: 31

Num Ruta: 33
Ingresos: 1600.917
Costos: 307.394632192
Utilidad Ruta: 1293.52236781
Costo Reducido: 111.419287497
Nodos: [103, 11, 46, 23, 35, 70, 58, 28, 31, 63, 19, 66, 54, 13, 48, 713]
q: [0.0, 6.0, -6.0, 7.0, 8.0, -8.0, -7.0, 6.0, 9.0, -6.0, 6.0, -9.0, -6.0, 15.0, -15.0, 0.0]
Q: [0.0, 6.0, 0.0, 7.0, 15.0, 7.0, 0.0, 6.0, 15.0, 9.0, 15.0, 6.0, 0.0, 15.0, 0.0, 0.0]
B: [0.0, 169.0, 173.05406684701, 267.0, 277.4634044651, 289.38614345409997, 313.15284696969997, 378.0, 406.0, 426.4968799577, 439.0326732314, 455.1338900798, 477.5520543668, 481.77967367322003, 498.66282462322005, 501.43731286432006]
