Avion: 6      Iteracion: 13

Num Ruta: 15
Ingresos: 1919.419
Costos: 397.402294405
Utilidad Ruta: 1522.0167056
Costo Reducido: 139.067739015
Nodos: [106, 17, 52, 9, 44, 11, 46, 22, 57, 25, 60, 5, 40, 2, 37, 4, 39, 716]
q: [0, 5.0, -5.0, 11.0, -11.0, 6.0, -6.0, 10.0, -10.0, 10.0, -10.0, 9.0, -9.0, 10.0, -10.0, 3.0, -3.0, 0]
Q: [0, 5.0, 0.0, 11.0, 0.0, 6.0, 0.0, 10.0, 0.0, 10.0, 0.0, 9.0, 0.0, 10.0, 0.0, 3.0, 0.0, 0]
B: [0.0, 24.0, 58.8425537813, 81.72911018459999, 111.25634718709999, 169.0, 173.05406684701, 299.0, 320.7546861389, 410.0, 427.1849823101, 469.0, 470.12168890518, 522.0, 562.7349620474, 576.1857178626, 596.6114675428, 611.2885823819]
