Avion: 1      Iteracion: 32

Num Ruta: 31
Ingresos: 823.634
Costos: 362.538875672
Utilidad Ruta: 461.095124328
Costo Reducido: 55.7437706164
Nodos: [101, 30, 65, 16, 51, 11, 46, 19, 31, 66, 54, 711]
q: [0.0, 11.0, -11.0, 9.0, -9.0, 6.0, -6.0, 6.0, 9.0, -9.0, -6.0, 0.0]
Q: [0.0, 11.0, 0.0, 9.0, 0.0, 6.0, 0.0, 6.0, 15.0, 6.0, 0.0, 0.0]
B: [0.0, 64.0, 82.7140226568, 93.53069441849999, 103.15478585614, 169.0, 173.05406684701, 402.0, 423.4250045741, 451.7504836521, 474.1686479391, 478.9141748856]
