Avion: 6      Iteracion: 60

Num Ruta: 50
Ingresos: 1233.38
Costos: 258.240471508
Utilidad Ruta: 975.139528492
Costo Reducido: 106.777508
Nodos: [106, 30, 65, 16, 51, 10, 45, 23, 35, 70, 58, 6, 41, 5, 40, 716]
q: [0.0, 11.0, -11.0, 9.0, -9.0, 12.0, -12.0, 10.0, 5.0, -5.0, -10.0, 0.0, 0.0, 9.0, -9.0, 0.0]
Q: [0.0, 11.0, 0.0, 9.0, 0.0, 12.0, 0.0, 10.0, 15.0, 10.0, 0.0, 0.0, 0.0, 9.0, 0.0, 0.0]
B: [0.0, 64.0, 82.7140226568, 93.53069441849999, 103.15478585614, 118.98406306644, 148.50357380084, 267.0, 277.4634044651, 289.38614345409997, 313.15284696969997, 436.0, 439.69228939819, 469.0, 470.12168890518, 476.84504297885]
