Avion: 2      Iteracion: 4

Num Ruta: 8
Ingresos: 1387.046
Costos: 581.083157273
Utilidad Ruta: 805.962842727
Costo Reducido: 971.704135451
Nodos: [102, 1, 36, 26, 61, 22, 57, 29, 27, 64, 62, 712]
q: [0, 7.0, -7.0, 10.0, -10.0, 10.0, -10.0, 9.0, 6.0, -9.0, -6.0, 0]
Q: [0, 7.0, 0.0, 10.0, 0.0, 10.0, 0.0, 9.0, 15.0, 6.0, 0.0, 0]
B: [0.0, 175.0, 209.2400855285, 300.0, 317.5792279694, 331.2134086195, 352.9680947584, 549.0, 574.6018082369, 582.8182362320799, 598.26561380888, 631.51423221628]
