Avion: 3      Iteracion: 29

Num Ruta: 31
Ingresos: 2961.278
Costos: 435.622741566
Utilidad Ruta: 2525.65525843
Costo Reducido: 175.111258668
Nodos: [103, 11, 46, 1, 36, 3, 38, 23, 32, 67, 58, 31, 19, 66, 33, 54, 68, 21, 4, 39, 56, 27, 62, 713]
q: [0.0, 0.0, 0.0, 7.0, -7.0, 13.0, -13.0, 10.0, 5.0, -5.0, -10.0, 8.0, 7.0, -8.0, 5.0, -7.0, -5.0, 12.0, 3.0, -3.0, -12.0, 6.0, -6.0, 0.0]
Q: [0.0, 0.0, 0.0, 7.0, 0.0, 13.0, 0.0, 10.0, 15.0, 10.0, 0.0, 8.0, 15.0, 7.0, 12.0, 5.0, 0.0, 12.0, 15.0, 12.0, 0.0, 6.0, 0.0, 0.0]
B: [0.0, 169.0, 173.05406684701, 195.72351838431, 229.96360391281002, 256.0, 261.08428175852, 267.0, 309.0, 319.4016530417, 351.7919881588, 406.0, 427.4250045741, 443.5262214225, 465.9243828649, 487.4727766333, 509.3782214587, 520.2576988359, 535.2054872007, 555.6312368808999, 572.4341812954999, 585.6116294930999, 602.6424918611999, 630.9132121385]
