Avion: 3      Iteracion: 22

Num Ruta: 24
Ingresos: 2149.935
Costos: 342.941275717
Utilidad Ruta: 1806.99372428
Costo Reducido: 127.002712421
Nodos: [103, 11, 46, 1, 36, 23, 35, 70, 26, 58, 61, 22, 57, 8, 33, 43, 13, 48, 68, 713]
q: [0.0, 6.0, -6.0, 7.0, -7.0, 7.0, 8.0, -8.0, 8.0, -7.0, -8.0, 10.0, -10.0, 8.0, 5.0, -8.0, 10.0, -10.0, -5.0, 0.0]
Q: [0.0, 6.0, 0.0, 7.0, 0.0, 7.0, 15.0, 7.0, 15.0, 8.0, 0.0, 10.0, 0.0, 8.0, 13.0, 5.0, 15.0, 5.0, 0.0, 0.0]
B: [0.0, 169.0, 173.05406684701, 195.72351838431, 229.96360391281002, 267.0, 277.4634044651, 289.38614345409997, 303.7370056233, 323.4233783974, 326.49045077998, 340.12463143008, 361.87931756898, 414.0, 437.0, 460.2743670161, 462.48504315700995, 479.36819410700997, 484.71624440594996, 488.4111199113]
