Avion: 7      Iteracion: 0

Num Ruta: 1
Ingresos: 1214.194
Costos: 354.495489765
Utilidad Ruta: 859.698510235
Costo Reducido: -
Nodos: [107, 1, 36, 22, 57, 8, 43, 31, 66, 717]
q: [0, 7.0, -7.0, 10.0, -10.0, 8.0, -8.0, 9.0, -9.0, 0]
Q: [0, 7.0, 0.0, 10.0, 0.0, 8.0, 0.0, 9.0, 0.0, 0]
B: [0.0, 175.0, 209.2400855285, 299.0, 320.7546861389, 414.0, 434.768396616, 451.8810179523, 480.2064970303, 483.84121902792]
