Avion: 7      Iteracion: 43

Num Ruta: 35
Ingresos: 2282.785
Costos: 361.624489528
Utilidad Ruta: 1921.16051047
Costo Reducido: 55.8420571337
Nodos: [107, 14, 49, 3, 38, 23, 35, 70, 34, 58, 22, 57, 69, 25, 60, 21, 4, 56, 27, 39, 62, 717]
q: [0.0, 0.0, 0.0, 13.0, -13.0, 7.0, 8.0, -8.0, 8.0, -7.0, 7.0, -7.0, -8.0, 10.0, -10.0, 12.0, 3.0, -12.0, 6.0, -3.0, -6.0, 0.0]
Q: [0.0, 0.0, 0.0, 13.0, 0.0, 7.0, 15.0, 7.0, 15.0, 8.0, 15.0, 8.0, 0.0, 10.0, 0.0, 12.0, 15.0, 3.0, 9.0, 6.0, 0.0, 0.0]
B: [0.0, 112.0, 124.021711775, 256.0, 261.08428175852, 267.0, 277.4634044651, 289.38614345409997, 322.0, 336.2589470158, 352.0153710073, 373.77005714620003, 384.3603074737, 413.679141898, 430.8641242081, 477.0, 529.0, 558.169797411, 571.3472456086, 587.6980581878, 593.11331672272, 616.55830503582]
