Avion: 7      Iteracion: 52

Num Ruta: 38
Ingresos: 1864.551
Costos: 301.605797961
Utilidad Ruta: 1562.94520204
Costo Reducido: 74.292305195
Nodos: [107, 14, 49, 3, 38, 23, 35, 70, 34, 58, 22, 57, 69, 8, 43, 27, 4, 39, 62, 717]
q: [0.0, 0.0, 0.0, 13.0, -13.0, 10.0, 5.0, -5.0, 5.0, -10.0, 10.0, -10.0, -5.0, 8.0, -8.0, 6.0, 3.0, -3.0, -6.0, 0.0]
Q: [0.0, 0.0, 0.0, 13.0, 0.0, 10.0, 15.0, 10.0, 15.0, 5.0, 15.0, 5.0, 0.0, 8.0, 0.0, 6.0, 9.0, 6.0, 0.0, 0.0]
B: [0.0, 112.0, 124.021711775, 256.0, 261.08428175852, 267.0, 277.4634044651, 289.38614345409997, 322.0, 336.2589470158, 352.0153710073, 373.77005714620003, 384.3603074737, 414.0, 434.768396616, 538.0, 555.6147745373, 576.0405242175, 581.45578275242, 604.90077106552]
