Avion: 6      Iteracion: 24

Num Ruta: 25
Ingresos: 1286.16
Costos: 277.380089012
Utilidad Ruta: 1008.77991099
Costo Reducido: 58.8677705052
Nodos: [106, 17, 52, 9, 44, 11, 46, 21, 56, 716]
q: [0, 5.0, -5.0, 11.0, -11.0, 6.0, -6.0, 12.0, -12.0, 0]
Q: [0, 5.0, 0.0, 11.0, 0.0, 6.0, 0.0, 12.0, 0.0, 0]
B: [0.0, 24.0, 58.8425537813, 81.72911018459999, 111.25634718709999, 169.0, 173.05406684701, 477.0, 517.7387906792, 544.4506804102]
