Avion: 6      Iteracion: 7

Num Ruta: 9
Ingresos: 2599.443
Costos: 484.605839286
Utilidad Ruta: 2114.83716071
Costo Reducido: 450.126455344
Nodos: [106, 17, 30, 52, 16, 51, 65, 14, 49, 35, 70, 32, 67, 26, 61, 28, 63, 19, 54, 6, 41, 13, 48, 21, 56, 27, 62, 716]
q: [0.0, 5.0, 6.0, -5.0, 9.0, -9.0, -6.0, 8.0, -8.0, 8.0, -8.0, 11.0, -11.0, 10.0, -10.0, 6.0, -6.0, 7.0, -7.0, 4.0, -4.0, 15.0, -15.0, 12.0, -12.0, 6.0, -6.0, 0.0]
Q: [0.0, 5.0, 11.0, 6.0, 15.0, 6.0, 0.0, 8.0, 0.0, 8.0, 0.0, 11.0, 0.0, 10.0, 0.0, 6.0, 0.0, 7.0, 0.0, 4.0, 0.0, 15.0, 0.0, 12.0, 0.0, 6.0, 0.0, 0.0]
B: [0.0, 24.0, 64.0, 67.14445448369, 72.47609381883, 82.10018525647, 84.97134181786, 112.76728247476, 124.78899424976, 270.0, 281.922738989, 309.0, 319.4016530417, 332.1221722921, 349.7014002615, 378.0, 414.0266187839, 426.5624120576, 453.1895283491, 464.98054734659996, 468.67283674478995, 482.08290285198996, 498.96605380199, 514.47745019299, 555.2162408721899, 568.39368906979, 585.4245514378899, 595.13022179083]
