Avion: 6      Iteracion: 34

Num Ruta: 32
Ingresos: 2031.633
Costos: 394.709411004
Utilidad Ruta: 1636.923589
Costo Reducido: 18.6809154524
Nodos: [106, 17, 30, 52, 16, 51, 65, 32, 67, 26, 61, 31, 66, 19, 54, 13, 48, 29, 64, 27, 62, 716]
q: [0.0, 5.0, 6.0, -5.0, 9.0, -9.0, -6.0, 11.0, -11.0, 10.0, -10.0, 9.0, -9.0, 7.0, -7.0, 15.0, -15.0, 9.0, -9.0, 6.0, -6.0, 0.0]
Q: [0.0, 5.0, 11.0, 6.0, 15.0, 6.0, 0.0, 11.0, 0.0, 10.0, 0.0, 9.0, 0.0, 7.0, 0.0, 15.0, 0.0, 9.0, 0.0, 6.0, 0.0, 0.0]
B: [0.0, 24.0, 64.0, 67.14445448369, 72.47609381883, 82.10018525647, 84.97134181786, 309.0, 319.4016530417, 332.1221722921, 349.7014002615, 406.0, 434.325479078, 450.4266959264, 477.0538122179, 481.28143152432, 498.16458247432, 549.0, 582.7797797802, 590.99620777538, 608.0270701434799, 617.73274049642]
