Avion: 7      Iteracion: 46

Num Ruta: 36
Ingresos: 2112.377
Costos: 317.923678115
Utilidad Ruta: 1794.45332189
Costo Reducido: 32.6543301949
Nodos: [107, 14, 49, 3, 38, 23, 35, 70, 58, 22, 57, 25, 60, 21, 4, 56, 39, 717]
q: [0.0, 8.0, -8.0, 13.0, -13.0, 7.0, 8.0, -8.0, -7.0, 10.0, -10.0, 10.0, -10.0, 12.0, 3.0, -12.0, -3.0, 0.0]
Q: [0.0, 8.0, 0.0, 13.0, 0.0, 7.0, 15.0, 7.0, 0.0, 10.0, 0.0, 10.0, 0.0, 12.0, 15.0, 3.0, 0.0, 0.0]
B: [0.0, 112.0, 124.021711775, 256.0, 261.08428175852, 267.0, 277.4634044651, 289.38614345409997, 313.15284696969997, 328.9092709612, 350.6639571001, 410.0, 427.1849823101, 477.0, 529.0, 558.169797411, 574.9727418256, 603.7202095402]
