Avion: 3      Iteracion: 38

Num Ruta: 39
Ingresos: 1262.656
Costos: 408.377834009
Utilidad Ruta: 854.278165991
Costo Reducido: 62.1678959717
Nodos: [103, 9, 44, 10, 45, 23, 35, 70, 32, 67, 26, 58, 61, 13, 48, 713]
q: [0.0, 11.0, -11.0, 12.0, -12.0, 5.0, 8.0, -8.0, 10.0, -10.0, 10.0, -5.0, -10.0, 15.0, -15.0, 0.0]
Q: [0.0, 11.0, 0.0, 12.0, 0.0, 5.0, 13.0, 5.0, 15.0, 5.0, 15.0, 10.0, 0.0, 15.0, 0.0, 0.0]
B: [0.0, 37.2069129329, 66.73414993540001, 96.0, 125.5195107344, 267.0, 277.4634044651, 289.38614345409997, 309.0, 319.4016530417, 332.1221722921, 351.8085450662, 354.87561744878, 423.0, 439.88315095, 442.65763919110003]
