Avion: 2      Iteracion: 14

Num Ruta: 18
Ingresos: 2049.549
Costos: 527.1579766
Utilidad Ruta: 1522.3910234
Costo Reducido: 302.058590254
Nodos: [102, 16, 51, 9, 24, 44, 59, 10, 45, 32, 67, 26, 61, 31, 66, 25, 60, 20, 4, 39, 55, 2, 37, 712]
q: [0.0, 9.0, -9.0, 11.0, 4.0, -11.0, -4.0, 12.0, -12.0, 11.0, -11.0, 10.0, -10.0, 9.0, -9.0, 10.0, -10.0, 0.0, 3.0, -3.0, 0.0, 10.0, -10.0, 0.0]
Q: [0.0, 9.0, 0.0, 11.0, 15.0, 4.0, 0.0, 12.0, 0.0, 11.0, 0.0, 10.0, 0.0, 9.0, 0.0, 10.0, 0.0, 0.0, 3.0, 0.0, 0.0, 10.0, 0.0, 0.0]
B: [0.0, 36.0, 45.624091437640004, 75.68094759394, 82.11782463176, 106.25807452686, 131.31363794096, 143.09956862126, 172.61907935566, 309.0, 319.4016530417, 332.1221722921, 349.7014002615, 406.0, 434.325479078, 459.752616235, 476.9375985451, 496.0, 529.0, 549.4257496801999, 561.2869729308, 568.6172701962599, 609.35223224366, 613.46797871301]
