Avion: 3      Iteracion: 36

Num Ruta: 37
Ingresos: 1785.723
Costos: 412.33050063
Utilidad Ruta: 1373.39249937
Costo Reducido: 25.7489705835
Nodos: [103, 14, 49, 23, 35, 70, 32, 67, 26, 61, 58, 28, 31, 63, 25, 60, 66, 33, 5, 40, 68, 713]
q: [0.0, 8.0, -8.0, 5.0, 8.0, -8.0, 10.0, -10.0, 10.0, -10.0, -5.0, 6.0, 9.0, -6.0, 6.0, -6.0, -9.0, 5.0, 9.0, -9.0, -5.0, 0.0]
Q: [0.0, 8.0, 0.0, 5.0, 13.0, 5.0, 15.0, 5.0, 15.0, 5.0, 0.0, 6.0, 15.0, 9.0, 15.0, 9.0, 0.0, 5.0, 14.0, 5.0, 0.0, 0.0]
B: [0.0, 112.0, 124.021711775, 267.0, 277.4634044651, 289.38614345409997, 309.0, 319.4016530417, 332.1221722921, 349.7014002615, 352.76847264408, 378.0, 406.0, 426.4968799577, 429.83025857406, 447.01524088416, 471.08977940516, 493.48794084756, 507.18610802426, 508.30779692944003, 537.32017154784, 541.01504705319]
