Avion: 5      Iteracion: 22

Num Ruta: 23
Ingresos: 565.066
Costos: 254.180293996
Utilidad Ruta: 310.885706004
Costo Reducido: 5.21349432827
Nodos: [105, 11, 46, 18, 53, 22, 57, 715]
q: [0, 6.0, -6.0, 10.0, -10.0, 10.0, -10.0, 0]
Q: [0, 6.0, 0.0, 10.0, 0.0, 10.0, 0.0, 0]
B: [0.0, 169.0, 173.05406684701, 293.0, 316.8182362487, 332.3010836612, 354.0557698001, 363.20889871867]
