Avion: 2      Iteracion: 31

Num Ruta: 33
Ingresos: 2070.049
Costos: 575.819741252
Utilidad Ruta: 1494.22925875
Costo Reducido: 38.0488232249
Nodos: [102, 16, 51, 9, 12, 44, 47, 10, 45, 26, 61, 28, 31, 66, 63, 21, 4, 39, 56, 712]
q: [0, 9.0, -9.0, 11.0, 0.0, -11.0, -0.0, 12.0, -12.0, 10.0, -10.0, 6.0, 9.0, -9.0, -6.0, 12.0, 3.0, -3.0, -12.0, 0]
Q: [0, 9.0, 0.0, 11.0, 11.0, 0.0, 0.0, 12.0, 0.0, 10.0, 0.0, 6.0, 15.0, 6.0, 0.0, 12.0, 15.0, 12.0, 0.0, 0]
B: [0.0, 36.0, 45.624091437640004, 75.68094759394, 96.51567151824, 107.30270827534, 144.23279248864, 152.95056284579, 182.47007358019, 300.0, 317.5792279694, 378.0, 406.0, 434.325479078, 462.7399107809, 477.0, 529.0, 549.4257496801999, 566.2286940948, 608.3254898398]
