Avion: 4      Iteracion: 29

Num Ruta: 19
Ingresos: 1318.447
Costos: 283.381734979
Utilidad Ruta: 1035.06526502
Costo Reducido: 32.7985484681
Nodos: [104, 17, 52, 2, 37, 29, 64, 714]
q: [0, 5.0, -5.0, 10.0, -10.0, 9.0, -9.0, 0]
Q: [0, 5.0, 0.0, 10.0, 0.0, 9.0, 0.0, 0]
B: [0.0, 24.0, 58.8425537813, 522.0, 562.7349620474, 572.53970258451, 606.31948236471, 633.08991241351]
