Avion: 1      Iteracion: 9

Num Ruta: 11
Ingresos: 1604.388
Costos: 439.282827341
Utilidad Ruta: 1165.10517266
Costo Reducido: 305.429031229
Nodos: [101, 30, 65, 24, 59, 1, 36, 3, 38, 32, 67, 26, 34, 61, 69, 8, 19, 54, 43, 6, 41, 27, 4, 62, 39, 711]
q: [0.0, 11.0, -11.0, 11.0, -11.0, 7.0, -7.0, 13.0, -13.0, 11.0, -11.0, 7.0, 8.0, -7.0, -8.0, 0.0, 0.0, 0.0, 0.0, 4.0, -4.0, 6.0, 3.0, -6.0, -3.0, 0.0]
Q: [0.0, 11.0, 0.0, 11.0, 0.0, 7.0, 0.0, 13.0, 0.0, 11.0, 0.0, 7.0, 15.0, 8.0, 0.0, 0.0, 0.0, 0.0, 0.0, 4.0, 0.0, 6.0, 9.0, 3.0, 0.0, 0.0]
B: [0.0, 64.0, 82.7140226568, 107.4479935471, 145.9609438496, 175.0, 209.2400855285, 256.0, 261.08428175852, 309.0, 319.4016530417, 332.1221722921, 348.0493993263, 362.9626454183, 387.9493993691, 414.0, 437.1608815463, 463.7879978378, 466.71611702935996, 475.90678865879, 479.59907805698, 538.0, 555.6147745373, 571.701975195, 577.11723372992, 593.92626582582]
