Avion: 2      Iteracion: 10

Num Ruta: 14
Ingresos: 2103.611
Costos: 651.394699054
Utilidad Ruta: 1452.21630095
Costo Reducido: 351.08989379
Nodos: [102, 16, 51, 9, 12, 44, 47, 10, 45, 26, 32, 67, 34, 61, 69, 8, 33, 6, 41, 43, 13, 48, 68, 21, 20, 4, 27, 56, 39, 55, 62, 712]
q: [0.0, 9.0, -9.0, 11.0, 0.0, -11.0, 0.0, 12.0, -12.0, 4.0, 11.0, -11.0, 8.0, -4.0, -8.0, 6.0, 5.0, 4.0, -4.0, -6.0, 10.0, -10.0, -5.0, 12.0, 0.0, 0.0, 0.0, -12.0, 0.0, 0.0, 0.0, 0.0]
Q: [0.0, 9.0, 0.0, 11.0, 11.0, 0.0, 0.0, 12.0, 0.0, 4.0, 15.0, 4.0, 12.0, 8.0, 0.0, 6.0, 11.0, 15.0, 11.0, 5.0, 15.0, 5.0, 0.0, 12.0, 12.0, 12.0, 12.0, 0.0, 0.0, 0.0, 0.0, 0.0]
B: [0.0, 36.0, 45.624091437640004, 75.68094759394, 96.51567151824, 107.30270827534, 144.23279248864, 152.95056284579, 182.47007358019, 300.0, 309.0, 319.4016530417, 346.1750898215, 361.08833591350003, 386.0750898643, 414.0, 437.0, 463.1548069196, 466.84709631779, 479.71309880498995, 481.92377494589994, 498.80692589589995, 504.15497619483995, 515.03445357204, 519.783859956, 530.063010991, 547.6777855283001, 560.8552337259001, 577.6581781405001, 589.5194013911001, 605.6771672020001, 638.9257856094001]
