Avion: 2      Iteracion: 62

Num Ruta: 56
Ingresos: 3095.039
Costos: 725.286598589
Utilidad Ruta: 2369.75240141
Costo Reducido: 7.64102355698
Nodos: [102, 16, 51, 9, 12, 44, 47, 10, 45, 35, 70, 23, 26, 61, 58, 28, 31, 63, 19, 66, 54, 13, 48, 21, 4, 39, 56, 27, 62, 712]
q: [0.0, 0.0, 0.0, 11.0, 0.0, -11.0, 0.0, 12.0, -12.0, 8.0, -8.0, 10.0, 5.0, -5.0, -10.0, 6.0, 8.0, -6.0, 7.0, -8.0, -7.0, 0.0, 0.0, 12.0, 3.0, -3.0, -12.0, 6.0, -6.0, 0.0]
Q: [0.0, 0.0, 0.0, 11.0, 11.0, 0.0, 0.0, 12.0, 0.0, 8.0, 0.0, 10.0, 15.0, 10.0, 0.0, 6.0, 14.0, 8.0, 15.0, 7.0, 0.0, 0.0, 0.0, 12.0, 15.0, 12.0, 0.0, 6.0, 0.0, 0.0]
B: [0.0, 36.0, 45.624091437640004, 75.68094759394, 96.51567151824, 107.30270827534, 144.23279248864, 152.95056284579, 182.47007358019, 270.0, 281.922738989, 302.04960511369995, 336.49094865599994, 354.07017662539994, 357.13724900797996, 378.0, 406.0, 426.4968799577, 439.0326732314, 455.1338900798, 477.5520543668, 481.77967367322003, 498.66282462322005, 514.17422101422, 529.12200937902, 549.54775905922, 566.35070347382, 579.52815167142, 596.55901403952, 629.80763244692]
