Avion: 4      Iteracion: 30

Num Ruta: 20
Ingresos: 2253.116
Costos: 465.635169779
Utilidad Ruta: 1787.48083022
Costo Reducido: 107.879440142
Nodos: [104, 17, 52, 1, 11, 46, 36, 23, 35, 70, 58, 31, 66, 27, 62, 29, 64, 714]
q: [0.0, 5.0, -5.0, 7.0, 6.0, -6.0, -7.0, 10.0, 5.0, -5.0, -10.0, 9.0, -9.0, 6.0, -6.0, 9.0, -9.0, 0.0]
Q: [0.0, 5.0, 0.0, 7.0, 13.0, 7.0, 0.0, 10.0, 15.0, 10.0, 0.0, 9.0, 0.0, 6.0, 0.0, 9.0, 0.0, 0.0]
B: [0.0, 24.0, 58.8425537813, 175.0, 193.6808285951, 197.73489544211, 232.05062478011, 267.0, 277.4634044651, 289.38614345409997, 313.15284696969997, 406.0, 434.325479078, 538.0, 555.0308623681, 590.0480078828, 623.827787663, 650.5982177118]
