Avion: 3      Iteracion: 13

Num Ruta: 15
Ingresos: 1975.239
Costos: 429.596273724
Utilidad Ruta: 1545.64272628
Costo Reducido: 160.5445565
Nodos: [103, 11, 46, 1, 36, 3, 38, 26, 34, 61, 22, 69, 57, 25, 60, 31, 33, 66, 68, 713]
q: [0.0, 6.0, -6.0, 7.0, -7.0, 13.0, -13.0, 10.0, 5.0, -10.0, 10.0, -5.0, -10.0, 10.0, -10.0, 9.0, 5.0, -9.0, -5.0, 0.0]
Q: [0.0, 6.0, 0.0, 7.0, 0.0, 13.0, 0.0, 10.0, 15.0, 5.0, 15.0, 10.0, 0.0, 10.0, 0.0, 9.0, 14.0, 5.0, 0.0, 0.0]
B: [0.0, 169.0, 173.05406684701, 195.72351838431, 229.96360391281002, 256.0, 261.08428175852, 300.0, 322.0, 336.913246092, 350.5474267421, 365.1165933964, 375.70684372389996, 410.0, 427.1849823101, 432.00662891681, 469.50789920201, 491.90606064441, 522.85785149731, 526.5527270026599]
