Avion: 3      Iteracion: 1

Num Ruta: 5
Ingresos: 2862.316
Costos: 586.554299522
Utilidad Ruta: 2275.76170048
Costo Reducido: 2363.12031213
Nodos: [103, 17, 30, 52, 16, 51, 65, 24, 59, 11, 46, 23, 35, 70, 26, 34, 58, 61, 22, 69, 57, 25, 60, 31, 33, 66, 68, 713]
q: [0.0, 5.0, 10.0, -5.0, 5.0, -5.0, -10.0, 11.0, -11.0, 0.0, 0.0, 10.0, 5.0, -5.0, 0.0, 5.0, -10.0, 0.0, 10.0, -5.0, -10.0, 10.0, -10.0, 9.0, 5.0, -9.0, -5.0, 0.0]
Q: [0.0, 5.0, 15.0, 10.0, 15.0, 10.0, 0.0, 11.0, 0.0, 0.0, 0.0, 10.0, 15.0, 10.0, 10.0, 15.0, 5.0, 5.0, 15.0, 10.0, 0.0, 10.0, 0.0, 9.0, 14.0, 5.0, 0.0, 0.0]
B: [0.0, 39.7453305433, 73.3590421503, 76.50349663399, 81.83513596913, 91.45922740677, 94.33038396815999, 119.06435485845999, 157.57730516096, 176.38973384526, 180.44380069227, 267.0, 277.4634044651, 289.38614345409997, 303.7370056233, 322.0, 336.2589470158, 339.32601939838, 352.96020004848003, 367.52936670278, 378.11961703028, 410.0, 427.1849823101, 432.00662891681, 469.50789920201, 491.90606064441, 522.85785149731, 526.5527270026599]
