Avion: 6      Iteracion: 47

Num Ruta: 40
Ingresos: 2477.407
Costos: 479.789180219
Utilidad Ruta: 1997.61781978
Costo Reducido: 49.2978070031
Nodos: [106, 10, 45, 3, 38, 23, 35, 70, 18, 53, 58, 28, 63, 25, 60, 21, 56, 29, 27, 64, 62, 716]
q: [0.0, 12.0, -12.0, 13.0, -13.0, 5.0, 8.0, -8.0, 10.0, -10.0, -5.0, 6.0, -6.0, 10.0, -10.0, 12.0, -12.0, 9.0, 6.0, -9.0, -6.0, 0.0]
Q: [0.0, 12.0, 0.0, 13.0, 0.0, 5.0, 13.0, 5.0, 15.0, 5.0, 0.0, 6.0, 0.0, 10.0, 0.0, 12.0, 0.0, 9.0, 15.0, 6.0, 0.0, 0.0]
B: [0.0, 96.0, 125.5195107344, 256.0, 261.08428175852, 267.0, 277.4634044651, 289.38614345409997, 309.80429657819997, 333.62253282689994, 343.54806439956997, 378.0, 414.0266187839, 417.35999740026, 434.54497971036, 477.0, 517.7387906792, 556.1920871568999, 581.7938953937999, 590.0103233889798, 605.4577009657798, 615.1633713187199]
