Avion: 2      Iteracion: 33

Num Ruta: 35
Ingresos: 1714.989
Costos: 588.177108133
Utilidad Ruta: 1126.81189187
Costo Reducido: 78.6315455589
Nodos: [102, 16, 51, 32, 67, 26, 34, 61, 69, 19, 33, 54, 13, 48, 68, 29, 4, 64, 39, 712]
q: [0.0, 9.0, -9.0, 11.0, -11.0, 7.0, 8.0, -7.0, -8.0, 7.0, 5.0, -7.0, 10.0, -10.0, -5.0, 9.0, 3.0, -9.0, -3.0, 0.0]
Q: [0.0, 9.0, 0.0, 11.0, 0.0, 7.0, 15.0, 8.0, 0.0, 7.0, 12.0, 5.0, 15.0, 5.0, 0.0, 9.0, 12.0, 3.0, 0.0, 0.0]
B: [0.0, 36.0, 45.624091437640004, 309.0, 319.4016530417, 332.1221722921, 348.0493993263, 362.9626454183, 387.9493993691, 408.4892156292, 445.0827759916, 466.63116976, 470.85878906642, 487.74194001642, 493.08999031536, 549.0, 569.7100026316, 592.5834067727, 604.8024778094, 642.0244248971]
