Avion: 3      Iteracion: 34

Num Ruta: 36
Ingresos: 1396.504
Costos: 368.735612633
Utilidad Ruta: 1027.76838737
Costo Reducido: 66.4213371717
Nodos: [103, 17, 30, 52, 16, 51, 65, 32, 67, 33, 13, 48, 68, 29, 64, 27, 62, 713]
q: [0.0, 5.0, 6.0, -5.0, 9.0, -9.0, -6.0, 11.0, -11.0, 5.0, 10.0, -10.0, -5.0, 9.0, -9.0, 6.0, -6.0, 0.0]
Q: [0.0, 5.0, 11.0, 6.0, 15.0, 6.0, 0.0, 11.0, 0.0, 5.0, 15.0, 5.0, 0.0, 9.0, 0.0, 6.0, 0.0, 0.0]
B: [0.0, 39.7453305433, 73.3590421503, 76.50349663399, 81.83513596913, 91.45922740677, 94.33038396815999, 309.0, 319.4016530417, 437.0, 462.372931896, 479.256082846, 484.60413314494, 549.0, 582.7797797802, 590.99620777538, 608.0270701434799, 636.29779042078]
