Avion: 1      Iteracion: 33

Num Ruta: 32
Ingresos: 885.637
Costos: 390.805764198
Utilidad Ruta: 494.831235802
Costo Reducido: 58.7377037439
Nodos: [101, 30, 65, 34, 32, 67, 69, 31, 66, 19, 54, 711]
q: [0.0, 0.0, 0.0, 8.0, 7.0, -7.0, -8.0, 9.0, -9.0, 7.0, -7.0, 0.0]
Q: [0.0, 0.0, 0.0, 8.0, 15.0, 8.0, 0.0, 9.0, 0.0, 7.0, 0.0, 0.0]
B: [0.0, 64.0, 82.7140226568, 322.0, 342.0229178943, 352.424570936, 383.46685579070004, 410.58759989920003, 438.91307897720003, 455.0142958256, 481.6414121171, 486.3869390636]
