Avion: 5      Iteracion: 21

Num Ruta: 22
Ingresos: 1272.83
Costos: 327.866140151
Utilidad Ruta: 944.963859849
Costo Reducido: 50.121597958
Nodos: [105, 21, 56, 2, 37, 715]
q: [0, 12.0, -12.0, 10.0, -10.0, 0]
Q: [0, 12.0, 0.0, 10.0, 0.0, 0]
B: [0.0, 477.0, 517.7387906792, 541.5898044103, 582.3247664577, 618.3293095738]
