Avion: 6      Iteracion: 63

Num Ruta: 52
Ingresos: 898.715
Costos: 205.604404567
Utilidad Ruta: 693.110595433
Costo Reducido: 79.3609364148
Nodos: [106, 17, 30, 52, 16, 65, 51, 10, 45, 32, 67, 6, 41, 5, 40, 716]
q: [0.0, 5.0, 10.0, -5.0, 5.0, -10.0, -5.0, 12.0, -12.0, 11.0, -11.0, 4.0, -4.0, 9.0, -9.0, 0.0]
Q: [0.0, 5.0, 15.0, 10.0, 15.0, 5.0, 0.0, 12.0, 0.0, 11.0, 0.0, 4.0, 0.0, 9.0, 0.0, 0.0]
B: [0.0, 24.0, 64.0, 67.14445448369, 72.47609381883, 83.29276558052999, 86.16392214191998, 101.99319935221999, 131.51271008662, 309.0, 319.4016530417, 436.0, 439.69228939819, 469.0, 470.12168890518, 476.84504297885]
