Avion: 5      Iteracion: 0

Num Ruta: 3
Ingresos: 3757.306
Costos: 778.204751006
Utilidad Ruta: 2979.10124899
Costo Reducido: -
Nodos: [105, 17, 16, 51, 52, 30, 65, 14, 49, 11, 46, 1, 36, 3, 38, 23, 58, 22, 57, 28, 63, 19, 54, 33, 21, 68, 56, 715]
q: [0.0, 5.0, 9.0, -9.0, -5.0, 11.0, -11.0, 8.0, -8.0, 6.0, -6.0, 7.0, -7.0, 13.0, -13.0, 10.0, -10.0, 10.0, -10.0, 6.0, -6.0, 7.0, -7.0, 3.0, 12.0, -3.0, -12.0, 0.0]
Q: [0.0, 5.0, 14.0, 5.0, 0.0, 11.0, 0.0, 8.0, 0.0, 6.0, 0.0, 7.0, 0.0, 13.0, 0.0, 10.0, 0.0, 10.0, 0.0, 6.0, 0.0, 7.0, 0.0, 3.0, 15.0, 12.0, 0.0, 0.0]
B: [0.0, 35.8094227823, 70.6108997625, 80.23499120014, 94.88275997224, 98.02721445593, 116.74123711272999, 144.53717776962998, 156.55888954462998, 186.00731865382997, 190.06138550083998, 212.73083703813998, 246.97092256663998, 256.0, 261.08428175852, 267.0, 306.733842905, 322.49026689650003, 344.24495303540004, 387.29611673630006, 423.32273552020007, 435.85852879390006, 462.48564508540005, 484.03403885380004, 523.6272468193, 534.5067241965, 569.3587630178, 622.6905074483]
