Avion: 4      Iteracion: 24

Num Ruta: 17
Ingresos: 988.857
Costos: 305.454714239
Utilidad Ruta: 683.402285761
Costo Reducido: 16.7183261553
Nodos: [104, 21, 56, 29, 64, 714]
q: [0, 12.0, -12.0, 9.0, -9.0, 0]
Q: [0, 12.0, 0.0, 9.0, 0.0, 0]
B: [0.0, 477.0, 517.7387906792, 556.1920871568999, 589.9718669370999, 616.7422969858999]
