Avion: 6      Iteracion: 12

Num Ruta: 14
Ingresos: 1904.552
Costos: 365.0608905
Utilidad Ruta: 1539.4911095
Costo Reducido: 150.475493562
Nodos: [106, 17, 52, 16, 51, 35, 70, 23, 58, 25, 60, 29, 27, 64, 62, 716]
q: [0, 5.0, -5.0, 9.0, -9.0, 8.0, -8.0, 10.0, -10.0, 10.0, -10.0, 9.0, 6.0, -9.0, -6.0, 0]
Q: [0, 5.0, 0.0, 9.0, 0.0, 8.0, 0.0, 10.0, 0.0, 10.0, 0.0, 9.0, 15.0, 6.0, 0.0, 0]
B: [0.0, 24.0, 58.8425537813, 64.17419311644, 73.79828455408, 270.0, 281.922738989, 302.04960511369995, 341.78344801869997, 410.0, 427.1849823101, 549.0, 574.6018082369, 582.8182362320799, 598.26561380888, 607.97128416182]
