Avion: 1      Iteracion: 53

Num Ruta: 44
Ingresos: 534.404
Costos: 282.750866715
Utilidad Ruta: 251.653133285
Costo Reducido: 12.2790041471
Nodos: [101, 30, 65, 26, 61, 27, 62, 711]
q: [0, 11.0, -11.0, 10.0, -10.0, 6.0, -6.0, 0]
Q: [0, 11.0, 0.0, 10.0, 0.0, 6.0, 0.0, 0]
B: [0.0, 64.0, 82.7140226568, 300.0, 317.5792279694, 538.0, 555.0308623681, 569.1482535223]
