Avion: 5      Iteracion: 19

Num Ruta: 20
Ingresos: 863.607
Costos: 438.755124545
Utilidad Ruta: 424.851875455
Costo Reducido: 135.775915894
Nodos: [105, 9, 44, 1, 36, 32, 67, 33, 68, 715]
q: [0, 11.0, -11.0, 7.0, -7.0, 11.0, -11.0, 5.0, -5.0, 0]
Q: [0, 11.0, 0.0, 7.0, 0.0, 11.0, 0.0, 5.0, 0.0, 0]
B: [0.0, 31.4915482312, 61.0187852337, 175.0, 209.2400855285, 309.0, 319.4016530417, 437.0, 478.9526650524, 522.7129914909]
