Avion: 3      Iteracion: 5

Num Ruta: 8
Ingresos: 2589.321
Costos: 642.147701816
Utilidad Ruta: 1947.17329818
Costo Reducido: 868.518394309
Nodos: [103, 17, 52, 16, 51, 10, 45, 11, 46, 1, 36, 23, 18, 53, 34, 58, 69, 25, 60, 31, 66, 5, 33, 40, 68, 713]
q: [0.0, 5.0, -5.0, 9.0, -9.0, 12.0, -12.0, 6.0, -6.0, 7.0, -7.0, 5.0, 10.0, -10.0, 8.0, -5.0, -8.0, 10.0, -10.0, 9.0, -9.0, 9.0, 5.0, -9.0, -5.0, 0.0]
Q: [0.0, 5.0, 0.0, 9.0, 0.0, 12.0, 0.0, 6.0, 0.0, 7.0, 0.0, 5.0, 15.0, 5.0, 13.0, 8.0, 0.0, 10.0, 0.0, 9.0, 0.0, 9.0, 14.0, 5.0, 0.0, 0.0]
B: [0.0, 39.7453305433, 74.5878843246, 79.91952365974, 89.54361509738, 105.37289230768, 134.89240304208, 187.53061962467999, 191.58468647169, 214.25413800899, 248.49422353749, 267.0, 293.0, 316.8182362487, 340.28894720939996, 354.54789422519997, 382.4009820253, 411.7198164496, 428.9047987597, 433.72644536640996, 462.05192444440996, 481.94840865641, 495.64657583311, 508.93675453771, 537.94912915611, 541.6440046614599]
