Avion: 1      Iteracion: 31

Num Ruta: 30
Ingresos: 257.769
Costos: 285.356723611
Utilidad Ruta: -27.5877236111
Costo Reducido: 36.3715167928
Nodos: [101, 31, 66, 711]
q: [0, 9.0, -9.0, 0]
Q: [0, 9.0, 0.0, 0]
B: [0.0, 406.0, 434.325479078, 456.6392710462]
