Avion: 6      Iteracion: 53

Num Ruta: 43
Ingresos: 1861.072
Costos: 346.30718778
Utilidad Ruta: 1514.76481222
Costo Reducido: 126.194829127
Nodos: [106, 17, 52, 30, 65, 16, 51, 23, 35, 70, 58, 32, 67, 26, 61, 27, 62, 716]
q: [0.0, 5.0, -5.0, 11.0, -11.0, 9.0, -9.0, 10.0, 5.0, -5.0, -10.0, 11.0, -11.0, 10.0, -10.0, 6.0, -6.0, 0.0]
Q: [0.0, 5.0, 0.0, 11.0, 0.0, 9.0, 0.0, 10.0, 15.0, 10.0, 0.0, 11.0, 0.0, 10.0, 0.0, 6.0, 0.0, 0.0]
B: [0.0, 24.0, 58.8425537813, 64.0, 82.7140226568, 93.53069441849999, 103.15478585614, 267.0, 277.4634044651, 289.38614345409997, 313.15284696969997, 335.63715280729997, 346.03880584899997, 358.7593250994, 376.33855306879997, 538.0, 555.0308623681, 564.73653272104]
