Avion: 5      Iteracion: 23

Num Ruta: 24
Ingresos: 614.997
Costos: 367.794836058
Utilidad Ruta: 247.202163942
Costo Reducido: 33.2055745799
Nodos: [105, 11, 46, 1, 36, 35, 70, 32, 67, 27, 62, 715]
q: [0, 6.0, -6.0, 7.0, -7.0, 8.0, -8.0, 11.0, -11.0, 6.0, -6.0, 0]
Q: [0, 6.0, 0.0, 7.0, 0.0, 8.0, 0.0, 11.0, 0.0, 6.0, 0.0, 0]
B: [0.0, 169.0, 173.05406684701, 195.72351838431, 229.96360391281002, 270.0, 281.922738989, 309.0, 319.4016530417, 538.0, 555.0308623681, 587.6857874177999]
