Avion: 4      Iteracion: 61

Num Ruta: 29
Ingresos: 1464.067
Costos: 357.118607436
Utilidad Ruta: 1106.94839256
Costo Reducido: 9.87886071794
Nodos: [104, 17, 52, 16, 51, 35, 70, 3, 38, 23, 58, 27, 62, 714]
q: [0, 5.0, -5.0, 9.0, -9.0, 8.0, -8.0, 13.0, -13.0, 10.0, -10.0, 6.0, -6.0, 0]
Q: [0, 5.0, 0.0, 9.0, 0.0, 8.0, 0.0, 13.0, 0.0, 10.0, 0.0, 6.0, 0.0, 0]
B: [0.0, 24.0, 58.8425537813, 64.17419311644, 73.79828455408, 270.0, 281.922738989, 301.6759641434, 306.76024590192, 310.12273322531996, 349.85657613032, 538.0, 555.0308623681, 590.6193251756]
