Avion: 6      Iteracion: 56

Num Ruta: 46
Ingresos: 386.786
Costos: 180.922270451
Utilidad Ruta: 205.863729549
Costo Reducido: 22.0309677547
Nodos: [106, 34, 69, 5, 40, 6, 41, 27, 62, 716]
q: [0, 8.0, -8.0, 9.0, -9.0, 4.0, -4.0, 6.0, -6.0, 0]
Q: [0, 8.0, 0.0, 9.0, 0.0, 4.0, 0.0, 6.0, 0.0, 0]
B: [0.0, 322.0, 358.4401302138, 469.0, 470.12168890518, 486.34528175638, 490.03757115457, 538.0, 555.0308623681, 564.73653272104]
