Avion: 2      Iteracion: 5

Num Ruta: 9
Ingresos: 1666.12
Costos: 600.457081419
Utilidad Ruta: 1065.66291858
Costo Reducido: 1110.40671429
Nodos: [102, 34, 69, 8, 43, 31, 66, 2, 37, 29, 64, 712]
q: [0, 8.0, -8.0, 8.0, -8.0, 9.0, -9.0, 10.0, -10.0, 9.0, -9.0, 0]
Q: [0, 8.0, 0.0, 8.0, 0.0, 9.0, 0.0, 10.0, 0.0, 9.0, 0.0, 0]
B: [0.0, 322.0, 358.4401302138, 414.0, 434.768396616, 451.8810179523, 480.2064970303, 522.0, 562.7349620474, 572.53970258451, 606.31948236471, 642.80546783861]
