Avion: 7      Iteracion: 26

Num Ruta: 24
Ingresos: 2737.069
Costos: 486.554051567
Utilidad Ruta: 2250.51494843
Costo Reducido: 65.7167166592
Nodos: [107, 17, 52, 24, 59, 10, 45, 3, 38, 23, 58, 22, 57, 19, 54, 13, 48, 31, 66, 717]
q: [0, 5.0, -5.0, 11.0, -11.0, 12.0, -12.0, 13.0, -13.0, 10.0, -10.0, 10.0, -10.0, 7.0, -7.0, 15.0, -15.0, 9.0, -9.0, 0]
Q: [0, 5.0, 0.0, 11.0, 0.0, 12.0, 0.0, 13.0, 0.0, 10.0, 0.0, 10.0, 0.0, 7.0, 0.0, 15.0, 0.0, 9.0, 0.0, 0]
B: [0.0, 45.942580685, 80.78513446630001, 97.343417771, 135.8563680735, 147.6422987538, 177.1618094882, 256.0, 261.08428175852, 267.0, 306.733842905, 322.49026689650003, 344.24495303540004, 402.0, 428.6271162915, 432.85473559792, 449.73788654792, 454.19539998032, 482.52087905832, 486.15560105594]
