Avion: 7      Iteracion: 0

Num Ruta: 3
Ingresos: 3913.347
Costos: 670.967871646
Utilidad Ruta: 3242.37912835
Costo Reducido: -
Nodos: [107, 17, 52, 24, 59, 10, 45, 1, 36, 3, 38, 23, 58, 26, 61, 22, 57, 19, 33, 54, 68, 21, 56, 717]
q: [0, 5.0, -5.0, 11.0, -11.0, 12.0, -12.0, 7.0, -7.0, 13.0, -13.0, 10.0, -10.0, 10.0, -10.0, 10.0, -10.0, 7.0, 5.0, -7.0, -5.0, 12.0, -12.0, 0]
Q: [0, 5.0, 0.0, 11.0, 0.0, 12.0, 0.0, 7.0, 0.0, 13.0, 0.0, 10.0, 0.0, 10.0, 0.0, 10.0, 0.0, 7.0, 12.0, 5.0, 0.0, 12.0, 0.0, 0]
B: [0.0, 45.942580685, 80.78513446630001, 97.343417771, 135.8563680735, 147.6422987538, 177.1618094882, 215.581150659, 249.8212361875, 256.9177880967, 262.00206985522, 267.0, 306.733842905, 326.4202156791, 343.9994436485, 357.6336242986, 379.3883104375, 402.0, 438.5935603624, 460.1419541308, 482.0473989562, 492.9268763334, 533.6656670126, 577.2819379788]
