Avion: 6      Iteracion: 19

Num Ruta: 20
Ingresos: 1473.561
Costos: 374.293456641
Utilidad Ruta: 1099.26754336
Costo Reducido: 141.091262859
Nodos: [106, 9, 44, 1, 36, 33, 68, 21, 56, 716]
q: [0, 11.0, -11.0, 7.0, -7.0, 5.0, -5.0, 12.0, -12.0, 0]
Q: [0, 11.0, 0.0, 7.0, 0.0, 5.0, 0.0, 12.0, 0.0, 0]
B: [0.0, 51.9831585901, 81.51039559259999, 175.0, 209.2400855285, 437.0, 478.9526650524, 489.83214242959997, 530.5709331088, 557.2828228398]
