Avion: 6      Iteracion: 14

Num Ruta: 16
Ingresos: 1087.181
Costos: 249.385138854
Utilidad Ruta: 837.795861146
Costo Reducido: 53.830881684
Nodos: [106, 3, 38, 23, 58, 31, 66, 716]
q: [0, 13.0, -13.0, 10.0, -10.0, 9.0, -9.0, 0]
Q: [0, 13.0, 0.0, 10.0, 0.0, 9.0, 0.0, 0]
B: [0.0, 256.0, 261.08428175852, 267.0, 306.733842905, 406.0, 434.325479078, 448.8109229442]
