Avion: 1      Iteracion: 5

Num Ruta: 7
Ingresos: 3086.44
Costos: 674.589124167
Utilidad Ruta: 2411.85087583
Costo Reducido: 1633.74869576
Nodos: [101, 17, 16, 52, 30, 65, 51, 10, 45, 1, 36, 23, 35, 70, 18, 53, 58, 34, 69, 8, 19, 54, 43, 5, 33, 40, 68, 27, 2, 62, 37, 711]
q: [0.0, 5.0, 9.0, -5.0, 0.0, 0.0, -9.0, 12.0, -12.0, 7.0, -7.0, 5.0, 8.0, -8.0, 10.0, -10.0, -5.0, 8.0, -8.0, 8.0, 0.0, 0.0, -8.0, 9.0, 5.0, -9.0, -5.0, 5.0, 10.0, -5.0, -10.0, 0.0]
Q: [0.0, 5.0, 14.0, 9.0, 9.0, 9.0, 0.0, 12.0, 0.0, 7.0, 0.0, 5.0, 13.0, 5.0, 15.0, 5.0, 0.0, 8.0, 0.0, 8.0, 8.0, 8.0, 0.0, 9.0, 14.0, 5.0, 0.0, 5.0, 15.0, 10.0, 0.0, 0.0]
B: [0.0, 24.0, 58.8014769802, 64.13311631534, 67.27757079903, 85.99159345583, 88.86275001722, 104.69202722752, 134.21153796192, 175.0, 209.2400855285, 267.0, 277.4634044651, 289.38614345409997, 309.80429657819997, 333.62253282689994, 343.54806439956997, 357.80701141536997, 394.24714162916996, 414.0, 437.1608815463, 463.7879978378, 466.71611702935996, 476.46892790622996, 490.16709508292996, 503.45727378752997, 532.46964840593, 554.35048004003, 580.13444841183, 591.58652149923, 620.9270518455301, 637.8767190399301]
