Avion: 3      Iteracion: 21

Num Ruta: 23
Ingresos: 1953.635
Costos: 447.787291703
Utilidad Ruta: 1505.8477083
Costo Reducido: 101.429336835
Nodos: [103, 9, 44, 30, 65, 1, 11, 46, 36, 3, 38, 23, 35, 70, 26, 58, 61, 13, 48, 25, 60, 713]
q: [0.0, 11.0, -11.0, 11.0, -11.0, 7.0, 6.0, -6.0, -7.0, 13.0, -13.0, 7.0, 8.0, -8.0, 8.0, -7.0, -8.0, 15.0, -15.0, 10.0, -10.0, 0.0]
Q: [0.0, 11.0, 0.0, 11.0, 0.0, 7.0, 13.0, 7.0, 0.0, 13.0, 0.0, 7.0, 15.0, 7.0, 15.0, 8.0, 0.0, 15.0, 0.0, 10.0, 0.0, 0.0]
B: [0.0, 37.2069129329, 66.73414993540001, 82.52205027080001, 101.2360729276, 175.0, 193.6808285951, 197.73489544211, 232.05062478011, 256.0, 261.08428175852, 267.0, 277.4634044651, 289.38614345409997, 303.7370056233, 323.4233783974, 326.49045077998, 423.0, 439.88315095, 463.8957169312, 481.0806992413, 487.53687248867]
