Avion: 6      Iteracion: 45

Num Ruta: 39
Ingresos: 2615.644
Costos: 391.608665838
Utilidad Ruta: 2224.03533416
Costo Reducido: 31.3306025057
Nodos: [106, 17, 52, 14, 49, 23, 35, 70, 58, 34, 22, 57, 69, 6, 41, 5, 40, 21, 4, 39, 56, 716]
q: [0.0, 5.0, -5.0, 8.0, -8.0, 10.0, 5.0, -5.0, -10.0, 8.0, 7.0, -7.0, -8.0, 4.0, -4.0, 9.0, -9.0, 12.0, 3.0, -3.0, -12.0, 0.0]
Q: [0.0, 5.0, 0.0, 8.0, 0.0, 10.0, 15.0, 10.0, 0.0, 8.0, 15.0, 8.0, 0.0, 4.0, 0.0, 9.0, 0.0, 12.0, 15.0, 12.0, 0.0, 0.0]
B: [0.0, 24.0, 58.8425537813, 112.0, 124.021711775, 267.0, 277.4634044651, 289.38614345409997, 313.15284696969997, 327.41179398549997, 355.4754773681, 377.230163507, 387.82041383449996, 436.0, 439.69228939819, 469.0, 470.12168890518, 498.36127928818, 529.0, 549.4257496801999, 566.2286940948, 592.9405838258]
