Avion: 3      Iteracion: 2

Num Ruta: 6
Ingresos: 2600.79
Costos: 618.415041535
Utilidad Ruta: 1982.37495847
Costo Reducido: 990.623701135
Nodos: [103, 9, 44, 30, 16, 51, 65, 10, 45, 11, 46, 3, 38, 23, 35, 70, 26, 34, 58, 61, 22, 69, 57, 25, 60, 31, 33, 66, 68, 713]
q: [0.0, 11.0, -11.0, 11.0, 4.0, -4.0, -11.0, 12.0, -12.0, 6.0, -6.0, 13.0, -13.0, 7.0, 8.0, -8.0, 3.0, 5.0, -7.0, -3.0, 10.0, -5.0, -10.0, 10.0, -10.0, 9.0, 5.0, -9.0, -5.0, 0.0]
Q: [0.0, 11.0, 0.0, 11.0, 15.0, 11.0, 0.0, 12.0, 0.0, 6.0, 0.0, 13.0, 0.0, 7.0, 15.0, 7.0, 10.0, 15.0, 8.0, 5.0, 15.0, 10.0, 0.0, 10.0, 0.0, 9.0, 14.0, 5.0, 0.0, 0.0]
B: [0.0, 37.2069129329, 66.73414993540001, 82.52205027080001, 90.72464156868001, 100.34873300632002, 103.21988956771001, 121.91293985381002, 151.43245058821003, 204.07066717081003, 208.12473401782003, 256.0, 261.08428175852, 267.0, 277.4634044651, 289.38614345409997, 303.7370056233, 322.0, 336.2589470158, 339.32601939838, 352.96020004848003, 367.52936670278, 378.11961703028, 410.0, 427.1849823101, 432.00662891681, 469.50789920201, 491.90606064441, 522.85785149731, 526.5527270026599]
