Avion: 6      Iteracion: 31

Num Ruta: 31
Ingresos: 494.303
Costos: 202.216568945
Utilidad Ruta: 292.086431055
Costo Reducido: 38.9603335448
Nodos: [106, 10, 45, 31, 66, 6, 41, 5, 40, 716]
q: [0, 12.0, -12.0, 9.0, -9.0, 4.0, -4.0, 9.0, -9.0, 0]
Q: [0, 12.0, 0.0, 9.0, 0.0, 4.0, 0.0, 9.0, 0.0, 0]
B: [0.0, 96.0, 125.5195107344, 406.0, 434.325479078, 468.0818595267, 471.77414892488997, 490.16300913968996, 491.28469804486997, 498.00805211854]
