Avion: 2      Iteracion: 56

Num Ruta: 51
Ingresos: 2509.316
Costos: 521.672928926
Utilidad Ruta: 1987.64307107
Costo Reducido: 55.6110763811
Nodos: [102, 16, 51, 24, 59, 10, 45, 26, 61, 13, 48, 31, 66, 21, 56, 27, 62, 2, 37, 712]
q: [0, 9.0, -9.0, 11.0, -11.0, 12.0, -12.0, 10.0, -10.0, 15.0, -15.0, 9.0, -9.0, 12.0, -12.0, 6.0, -6.0, 10.0, -10.0, 0]
Q: [0, 9.0, 0.0, 11.0, 0.0, 12.0, 0.0, 10.0, 0.0, 15.0, 0.0, 9.0, 0.0, 12.0, 0.0, 6.0, 0.0, 10.0, 0.0, 0]
B: [0.0, 36.0, 45.624091437640004, 70.85029051714, 109.36324081964, 121.14917149994, 150.66868223434, 300.0, 317.5792279694, 423.0, 439.88315095, 444.3406643824, 472.6661434604, 496.1319821413, 536.8707728205, 550.0482210181, 567.0790833862, 578.5311564735999, 619.266118521, 623.38186499035]
