Avion: 5      Iteracion: 17

Num Ruta: 19
Ingresos: 970.704
Costos: 327.878473066
Utilidad Ruta: 642.825526934
Costo Reducido: 47.5538631711
Nodos: [105, 28, 63, 21, 56, 715]
q: [0, 6.0, -6.0, 12.0, -12.0, 0]
Q: [0, 6.0, 0.0, 12.0, 0.0, 0]
B: [0.0, 378.0, 414.0266187839, 477.0, 517.7387906792, 571.0705351096999]
