Avion: 7      Iteracion: 1

Num Ruta: 5
Ingresos: 3783.284
Costos: 699.218620072
Utilidad Ruta: 3084.06537993
Costo Reducido: 2597.33070336
Nodos: [107, 17, 52, 24, 59, 10, 45, 23, 58, 26, 61, 22, 57, 31, 66, 8, 33, 43, 68, 21, 4, 56, 39, 717]
q: [0, 5.0, -5.0, 11.0, -11.0, 12.0, -12.0, 10.0, -10.0, 10.0, -10.0, 10.0, -10.0, 9.0, -9.0, 8.0, 5.0, -8.0, -5.0, 12.0, 3.0, -12.0, -3.0, 0]
Q: [0, 5.0, 0.0, 11.0, 0.0, 12.0, 0.0, 10.0, 0.0, 10.0, 0.0, 10.0, 0.0, 9.0, 0.0, 8.0, 13.0, 5.0, 0.0, 12.0, 15.0, 3.0, 0.0, 0]
B: [0.0, 45.942580685, 80.78513446630001, 97.343417771, 135.8563680735, 147.6422987538, 177.1618094882, 267.0, 306.733842905, 326.4202156791, 343.9994436485, 357.6336242986, 379.3883104375, 411.9830438311, 440.3085229091, 449.09136903094003, 462.85602383954006, 486.13039085564003, 508.08727189554, 518.96674927274, 533.91453763754, 563.08433504854, 579.88727946314, 608.63474717774]
