Avion: 6      Iteracion: 20

Num Ruta: 21
Ingresos: 1104.477
Costos: 208.038718263
Utilidad Ruta: 896.438281737
Costo Reducido: 9.03811868233
Nodos: [106, 1, 36, 23, 58, 716]
q: [0, 7.0, -7.0, 10.0, -10.0, 0]
Q: [0, 7.0, 0.0, 10.0, 0.0, 0]
B: [0.0, 175.0, 209.2400855285, 267.0, 306.733842905, 325.12594914650003]
