Avion: 4      Iteracion: 4

Num Ruta: 5
Ingresos: 671.717
Costos: 285.514473882
Utilidad Ruta: 386.202526118
Costo Reducido: 567.677095886
Nodos: [104, 22, 57, 29, 64, 714]
q: [0, 10.0, -10.0, 9.0, -9.0, 0]
Q: [0, 10.0, 0.0, 9.0, 0.0, 0]
B: [0.0, 299.0, 320.7546861389, 549.0, 582.7797797802, 609.550209829]
