Avion: 4      Iteracion: 53

Num Ruta: 25
Ingresos: 2017.711
Costos: 470.619301589
Utilidad Ruta: 1547.09169841
Costo Reducido: 108.60548899
Nodos: [104, 17, 52, 30, 16, 51, 65, 24, 59, 11, 46, 3, 38, 23, 58, 26, 61, 27, 62, 714]
q: [0.0, 5.0, -5.0, 6.0, 9.0, -9.0, -6.0, 11.0, -11.0, 6.0, -6.0, 13.0, -13.0, 10.0, -10.0, 10.0, -10.0, 6.0, -6.0, 0.0]
Q: [0.0, 5.0, 0.0, 6.0, 15.0, 6.0, 0.0, 11.0, 0.0, 6.0, 0.0, 13.0, 0.0, 10.0, 0.0, 10.0, 0.0, 6.0, 0.0, 0.0]
B: [0.0, 24.0, 58.8425537813, 64.0, 72.20259129788, 81.82668273552001, 84.69783929691, 109.43181018721, 147.94476048971, 169.0, 173.05406684701, 256.0, 261.08428175852, 267.0, 306.733842905, 326.4202156791, 343.9994436485, 538.0, 555.0308623681, 590.6193251756]
