Avion: 2      Iteracion: 16

Num Ruta: 19
Ingresos: 2695.923
Costos: 522.454863263
Utilidad Ruta: 2173.46813674
Costo Reducido: 344.471571943
Nodos: [102, 16, 51, 10, 45, 26, 61, 34, 69, 8, 33, 43, 13, 48, 68, 20, 21, 27, 56, 55, 2, 62, 37, 712]
q: [0.0, 9.0, -9.0, 12.0, -12.0, 10.0, -10.0, 8.0, -8.0, 8.0, 5.0, -8.0, 10.0, -10.0, -5.0, 0.0, 12.0, 3.0, -12.0, 0.0, 10.0, -3.0, -10.0, 0.0]
Q: [0.0, 9.0, 0.0, 12.0, 0.0, 10.0, 0.0, 8.0, 0.0, 8.0, 13.0, 5.0, 15.0, 5.0, 0.0, 0.0, 12.0, 15.0, 3.0, 3.0, 13.0, 10.0, 0.0, 0.0]
B: [0.0, 36.0, 45.624091437640004, 96.0, 125.5195107344, 300.0, 317.5792279694, 332.4924740614, 368.9326042752, 414.0, 437.0, 460.2743670161, 462.48504315700995, 479.36819410700997, 484.71624440594996, 496.0, 500.74940638396, 538.0, 551.1774481976, 571.7768688205, 579.10716608596, 590.55923917336, 619.8997695196599, 624.0155159890099]
