Avion: 2      Iteracion: 52

Num Ruta: 47
Ingresos: 1827.21
Costos: 467.944737531
Utilidad Ruta: 1359.26526247
Costo Reducido: 87.1356554655
Nodos: [102, 16, 51, 24, 59, 10, 45, 26, 61, 13, 48, 21, 20, 27, 56, 55, 2, 62, 37, 712]
q: [0.0, 0.0, 0.0, 11.0, -11.0, 12.0, -12.0, 10.0, -10.0, 0.0, 0.0, 9.0, 0.0, 6.0, -9.0, 0.0, 9.0, -6.0, -9.0, 0.0]
Q: [0.0, 0.0, 0.0, 11.0, 0.0, 12.0, 0.0, 10.0, 0.0, 0.0, 0.0, 9.0, 9.0, 15.0, 6.0, 6.0, 15.0, 9.0, 0.0, 0.0]
B: [0.0, 36.0, 45.624091437640004, 70.85029051714, 109.36324081964, 121.14917149994, 150.66868223434, 300.0, 317.5792279694, 423.0, 439.88315095, 477.0, 496.0, 538.0, 551.1774481976, 571.7768688205, 579.10716608596, 590.55923917336, 619.8997695196599, 624.0155159890099]
