Avion: 5      Iteracion: 35

Num Ruta: 33
Ingresos: 653.442
Costos: 316.579442502
Utilidad Ruta: 336.862557498
Costo Reducido: 41.9865757469
Nodos: [105, 16, 51, 32, 67, 26, 61, 31, 66, 715]
q: [0, 9.0, -9.0, 11.0, -11.0, 10.0, -10.0, 9.0, -9.0, 0]
Q: [0, 9.0, 0.0, 11.0, 0.0, 10.0, 0.0, 9.0, 0.0, 0]
B: [0.0, 36.0, 45.624091437640004, 309.0, 319.4016530417, 332.1221722921, 349.7014002615, 406.0, 434.325479078, 448.0782228406]
