Avion: 4      Iteracion: 46

Num Ruta: 23
Ingresos: 894.277
Costos: 257.341461713
Utilidad Ruta: 636.935538287
Costo Reducido: 33.1294869349
Nodos: [104, 17, 52, 18, 53, 29, 64, 714]
q: [0, 5.0, -5.0, 10.0, -10.0, 9.0, -9.0, 0]
Q: [0, 5.0, 0.0, 10.0, 0.0, 9.0, 0.0, 0]
B: [0.0, 24.0, 58.8425537813, 293.0, 316.8182362487, 549.0, 582.7797797802, 609.550209829]
