Avion: 1      Iteracion: 18

Num Ruta: 20
Ingresos: 2220.707
Costos: 433.325952539
Utilidad Ruta: 1787.38104746
Costo Reducido: 269.582933166
Nodos: [101, 30, 65, 24, 59, 1, 36, 23, 22, 57, 58, 28, 63, 19, 54, 27, 62, 711]
q: [0.0, 11.0, -11.0, 11.0, -11.0, 7.0, -7.0, 5.0, 10.0, -10.0, -5.0, 6.0, -6.0, 7.0, -7.0, 6.0, -6.0, 0.0]
Q: [0.0, 11.0, 0.0, 11.0, 0.0, 7.0, 0.0, 5.0, 15.0, 5.0, 0.0, 6.0, 0.0, 7.0, 0.0, 6.0, 0.0, 0.0]
B: [0.0, 64.0, 82.7140226568, 107.4479935471, 145.9609438496, 175.0, 209.2400855285, 267.0, 299.0, 320.7546861389, 357.63094628010003, 378.0, 414.0266187839, 426.5624120576, 453.1895283491, 538.0, 555.0308623681, 569.1482535223]
