Avion: 1      Iteracion: 21

Num Ruta: 23
Ingresos: 1712.977
Costos: 320.003953225
Utilidad Ruta: 1392.97304678
Costo Reducido: 114.576944326
Nodos: [101, 30, 65, 1, 36, 8, 19, 54, 43, 2, 37, 711]
q: [0, 11.0, -11.0, 7.0, -7.0, 8.0, 7.0, -7.0, -8.0, 10.0, -10.0, 0]
Q: [0, 11.0, 0.0, 7.0, 0.0, 8.0, 15.0, 8.0, 0.0, 10.0, 0.0, 0]
B: [0.0, 64.0, 82.7140226568, 175.0, 209.2400855285, 414.0, 437.1608815463, 463.7879978378, 466.71611702935996, 522.0, 562.7349620474, 579.6846292418]
