Avion: 1      Iteracion: 36

Num Ruta: 34
Ingresos: 315.183
Costos: 285.914195276
Utilidad Ruta: 29.2688047244
Costo Reducido: 17.0877098696
Nodos: [101, 30, 16, 51, 65, 34, 69, 8, 19, 54, 43, 711]
q: [0.0, 0.0, 9.0, -9.0, 0.0, 8.0, -8.0, 0.0, 0.0, 0.0, 0.0, 0.0]
Q: [0.0, 0.0, 9.0, 0.0, 0.0, 8.0, 0.0, 0.0, 0.0, 0.0, 0.0, 0.0]
B: [0.0, 64.0, 72.20259129788, 81.82668273552001, 84.69783929691, 322.0, 358.4401302138, 414.0, 437.1608815463, 463.7879978378, 466.71611702935996, 472.42524831178997]
