Avion: 3      Iteracion: 42

Num Ruta: 43
Ingresos: 1973.579
Costos: 401.215958027
Utilidad Ruta: 1572.36304197
Costo Reducido: 20.6103085107
Nodos: [103, 11, 46, 3, 38, 23, 35, 70, 58, 34, 69, 25, 60, 19, 54, 5, 33, 40, 68, 713]
q: [0.0, 6.0, -6.0, 13.0, -13.0, 10.0, 5.0, -5.0, -10.0, 8.0, -8.0, 10.0, -10.0, 7.0, -7.0, 9.0, 5.0, -9.0, -5.0, 0.0]
Q: [0.0, 6.0, 0.0, 13.0, 0.0, 10.0, 15.0, 10.0, 0.0, 8.0, 0.0, 10.0, 0.0, 7.0, 0.0, 9.0, 14.0, 5.0, 0.0, 0.0]
B: [0.0, 169.0, 173.05406684701, 256.0, 261.08428175852, 267.0, 277.4634044651, 289.38614345409997, 313.15284696969997, 327.41179398549997, 363.85192419929996, 410.0, 427.1849823101, 443.8578739909, 470.48499028239996, 478.33530352455995, 492.03347070125994, 505.32364940585995, 534.3360240242599, 538.0308995296099]
