Avion: 5      Iteracion: 12

Num Ruta: 14
Ingresos: 543.639
Costos: 340.960991496
Utilidad Ruta: 202.678008504
Costo Reducido: 80.9620872985
Nodos: [105, 24, 59, 29, 64, 715]
q: [0, 11.0, -11.0, 9.0, -9.0, 0]
Q: [0, 11.0, 0.0, 9.0, 0.0, 0]
B: [0.0, 61.0, 99.5129503025, 549.0, 582.7797797802, 630.090723715]
