Avion: 5      Iteracion: 16

Num Ruta: 18
Ingresos: 389.786
Costos: 237.732342206
Utilidad Ruta: 152.053657794
Costo Reducido: 30.8496366797
Nodos: [105, 11, 46, 22, 57, 715]
q: [0, 6.0, -6.0, 10.0, -10.0, 0]
Q: [0, 6.0, 0.0, 10.0, 0.0, 0]
B: [0.0, 169.0, 173.05406684701, 299.0, 320.7546861389, 329.90781505747003]
