Avion: 7      Iteracion: 33

Num Ruta: 30
Ingresos: 1873.19
Costos: 507.561655433
Utilidad Ruta: 1365.62834457
Costo Reducido: 51.9228166157
Nodos: [107, 11, 46, 34, 22, 57, 69, 19, 31, 54, 33, 66, 68, 29, 4, 27, 64, 39, 62, 717]
q: [0.0, 6.0, -6.0, 8.0, 7.0, -7.0, -8.0, 7.0, 8.0, -7.0, 5.0, -8.0, -5.0, 9.0, 3.0, 3.0, -9.0, -3.0, -3.0, 0.0]
Q: [0.0, 6.0, 0.0, 8.0, 15.0, 8.0, 0.0, 7.0, 15.0, 8.0, 13.0, 5.0, 0.0, 9.0, 12.0, 15.0, 6.0, 3.0, 0.0, 0.0]
B: [0.0, 169.0, 173.05406684701, 322.0, 350.0636833826, 371.8183695215, 382.408619849, 402.9484361091, 424.3734406832, 441.4794801138, 463.02787388219997, 485.4260353246, 516.3778261775, 549.0, 569.7100026316, 587.3247771689, 595.54120516408, 607.76027620078, 613.1755347357, 636.6205230488]
