Avion: 1      Iteracion: 16

Num Ruta: 18
Ingresos: 1579.387
Costos: 410.312793867
Utilidad Ruta: 1169.07420613
Costo Reducido: 146.056183848
Nodos: [101, 30, 16, 51, 65, 24, 59, 34, 69, 8, 19, 54, 43, 27, 62, 2, 37, 711]
q: [0.0, 6.0, 9.0, -9.0, -6.0, 11.0, -11.0, 8.0, -8.0, 8.0, 0.0, 0.0, -8.0, 6.0, -6.0, 10.0, -10.0, 0.0]
Q: [0.0, 6.0, 15.0, 6.0, 0.0, 11.0, 0.0, 8.0, 0.0, 8.0, 8.0, 8.0, 0.0, 6.0, 0.0, 10.0, 0.0, 0.0]
B: [0.0, 64.0, 72.20259129788, 81.82668273552001, 84.69783929691, 109.43181018721, 147.94476048971, 322.0, 358.4401302138, 414.0, 437.1608815463, 463.7879978378, 466.71611702935996, 538.0, 555.0308623681, 566.4829354555, 607.2178975029, 624.1675646973]
