Avion: 2      Iteracion: 6

Num Ruta: 10
Ingresos: 1719.486
Costos: 605.162099353
Utilidad Ruta: 1114.32390065
Costo Reducido: 586.094910697
Nodos: [102, 9, 44, 18, 53, 28, 31, 66, 63, 21, 20, 4, 39, 56, 55, 712]
q: [0, 11.0, -11.0, 10.0, -10.0, 6.0, 9.0, -9.0, -6.0, 12.0, 0.0, 3.0, -3.0, -12.0, -0.0, 0]
Q: [0, 11.0, 0.0, 10.0, 0.0, 6.0, 15.0, 6.0, 0.0, 12.0, 12.0, 15.0, 12.0, 0.0, 0.0, 0]
B: [0.0, 29.8362865317, 59.3635235342, 293.0, 316.8182362487, 378.0, 406.0, 434.325479078, 462.7399107809, 477.0, 496.0, 529.0, 549.4257496801999, 566.2286940948, 586.8281147176999, 635.8774225007999]
