Avion: 6      Iteracion: 2

Num Ruta: 5
Ingresos: 2906.527
Costos: 595.463099685
Utilidad Ruta: 2311.06390032
Costo Reducido: 1567.15996226
Nodos: [106, 9, 44, 30, 65, 10, 45, 3, 38, 23, 58, 26, 61, 22, 57, 28, 63, 25, 60, 29, 27, 64, 62, 716]
q: [0, 11.0, -11.0, 11.0, -11.0, 12.0, -12.0, 13.0, -13.0, 10.0, -10.0, 10.0, -10.0, 10.0, -10.0, 6.0, -6.0, 10.0, -10.0, 9.0, 6.0, -9.0, -6.0, 0]
Q: [0, 11.0, 0.0, 11.0, 0.0, 12.0, 0.0, 13.0, 0.0, 10.0, 0.0, 10.0, 0.0, 10.0, 0.0, 6.0, 0.0, 10.0, 0.0, 9.0, 15.0, 6.0, 0.0, 0]
B: [0.0, 51.9831585901, 81.51039559259999, 97.29829592799999, 116.01231858479998, 134.70536887089997, 164.22487960529998, 256.0, 261.08428175852, 267.0, 306.733842905, 326.4202156791, 343.9994436485, 357.6336242986, 379.3883104375, 422.43947413840004, 458.46609292230005, 461.79947153866004, 478.98445384876004, 549.0, 574.6018082369, 582.8182362320799, 598.26561380888, 607.97128416182]
