Avion: 6      Iteracion: 0

Num Ruta: 2
Ingresos: 4493.15
Costos: 695.60560575
Utilidad Ruta: 3797.54439425
Costo Reducido: -
Nodos: [106, 17, 52, 24, 9, 44, 59, 10, 45, 1, 36, 3, 38, 23, 58, 26, 61, 22, 57, 19, 8, 54, 43, 13, 48, 21, 56, 29, 27, 64, 62, 716]
q: [0.0, 5.0, -5.0, 11.0, 4.0, -4.0, -11.0, 12.0, -12.0, 7.0, -7.0, 13.0, -13.0, 10.0, -10.0, 10.0, -10.0, 10.0, -10.0, 7.0, 8.0, -7.0, -8.0, 15.0, -15.0, 12.0, -12.0, 9.0, 6.0, -9.0, -6.0, 0.0]
Q: [0.0, 5.0, 0.0, 11.0, 15.0, 11.0, 0.0, 12.0, 0.0, 7.0, 0.0, 13.0, 0.0, 10.0, 0.0, 10.0, 0.0, 10.0, 0.0, 7.0, 15.0, 8.0, 0.0, 15.0, 0.0, 12.0, 0.0, 9.0, 15.0, 6.0, 0.0, 0.0]
B: [0.0, 24.0, 58.8425537813, 75.400837086, 81.83771412381999, 111.36495112632, 136.42051454042, 148.20644522071998, 177.72595595511999, 216.14529712592, 250.38538265442, 257.48193456362, 262.56621632213995, 267.0, 306.733842905, 326.4202156791, 343.9994436485, 357.6336242986, 379.3883104375, 402.0, 425.1608815463, 443.1178409771, 446.04596016866, 448.25663630956996, 465.13978725956997, 480.65118365057, 521.38997432977, 559.8432708074699, 585.4450790443699, 593.6615070395499, 609.1088846163499, 618.8145549692899]
