Avion: 4      Iteracion: 3

Num Ruta: 4
Ingresos: 1869.945
Costos: 583.864091225
Utilidad Ruta: 1286.08090877
Costo Reducido: 1231.95021466
Nodos: [104, 30, 16, 51, 65, 24, 59, 18, 53, 28, 63, 19, 8, 54, 43, 33, 68, 4, 39, 714]
q: [0.0, 11.0, 0.0, 0.0, -11.0, 11.0, -11.0, 10.0, -10.0, 6.0, -6.0, 7.0, 8.0, -7.0, -8.0, 5.0, -5.0, 3.0, -3.0, 0.0]
Q: [0.0, 11.0, 11.0, 11.0, 0.0, 11.0, 0.0, 10.0, 0.0, 6.0, 0.0, 7.0, 15.0, 8.0, 0.0, 5.0, 0.0, 3.0, 0.0, 0.0]
B: [0.0, 64.0, 72.20259129788, 81.82668273552001, 84.69783929691, 109.43181018721, 147.94476048971, 293.0, 316.8182362487, 378.0, 414.0266187839, 426.5624120576, 449.7232936039, 467.6802530347, 470.60837222626, 493.88273924236, 535.83540429476, 553.15293832826, 573.57868800846, 609.4846987587599]
