Avion: 3      Iteracion: 20

Num Ruta: 22
Ingresos: 1490.85
Costos: 382.016767728
Utilidad Ruta: 1108.83323227
Costo Reducido: 178.687975628
Nodos: [103, 9, 44, 14, 49, 3, 38, 23, 58, 32, 67, 33, 13, 48, 68, 713]
q: [0.0, 11.0, -11.0, 8.0, -8.0, 13.0, -13.0, 10.0, -10.0, 11.0, -11.0, 5.0, 10.0, -10.0, -5.0, 0.0]
Q: [0.0, 11.0, 0.0, 8.0, 0.0, 13.0, 0.0, 10.0, 0.0, 11.0, 0.0, 5.0, 15.0, 5.0, 0.0, 0.0]
B: [0.0, 37.2069129329, 66.73414993540001, 112.0, 124.021711775, 256.0, 261.08428175852, 267.0, 306.733842905, 329.2181487426, 339.6198017843, 437.0, 462.372931896, 479.256082846, 484.60413314494, 488.29900865029003]
