Avion: 6      Iteracion: 26

Num Ruta: 27
Ingresos: 410.09
Costos: 119.298705489
Utilidad Ruta: 290.791294511
Costo Reducido: 29.668438613
Nodos: [106, 17, 52, 5, 40, 716]
q: [0, 5.0, -5.0, 9.0, -9.0, 0]
Q: [0, 5.0, 0.0, 9.0, 0.0, 0]
B: [0.0, 24.0, 58.8425537813, 469.0, 470.12168890518, 476.84504297885]
