Avion: 4      Iteracion: 9

Num Ruta: 8
Ingresos: 789.031
Costos: 306.151418788
Utilidad Ruta: 482.879581212
Costo Reducido: 141.390081252
Nodos: [104, 30, 16, 51, 65, 33, 68, 29, 64, 714]
q: [0.0, 11.0, 4.0, -4.0, -11.0, 5.0, -5.0, 9.0, -9.0, 0.0]
Q: [0.0, 11.0, 15.0, 11.0, 0.0, 5.0, 0.0, 9.0, 0.0, 0.0]
B: [0.0, 64.0, 72.20259129788, 81.82668273552001, 84.69783929691, 437.0, 478.9526650524, 549.0, 582.7797797802, 609.550209829]
