Avion: 7      Iteracion: 27

Num Ruta: 25
Ingresos: 1340.437
Costos: 196.289717055
Utilidad Ruta: 1144.14728295
Costo Reducido: 40.8301415614
Nodos: [107, 14, 49, 3, 38, 23, 34, 58, 22, 69, 57, 717]
q: [0.0, 0.0, 0.0, 13.0, -13.0, 10.0, 5.0, -10.0, 10.0, -5.0, -10.0, 0.0]
Q: [0.0, 0.0, 0.0, 13.0, 0.0, 10.0, 15.0, 5.0, 15.0, 10.0, 0.0, 0.0]
B: [0.0, 112.0, 124.021711775, 256.0, 261.08428175852, 267.0, 322.0, 336.2589470158, 352.0153710073, 366.5845376616, 377.17478798909997, 379.14157674237]
