Avion: 7      Iteracion: 28

Num Ruta: 26
Ingresos: 1607.41
Costos: 310.30105846
Utilidad Ruta: 1297.10894154
Costo Reducido: 40.4286388781
Nodos: [107, 24, 59, 10, 45, 3, 38, 23, 58, 22, 57, 717]
q: [0, 11.0, -11.0, 12.0, -12.0, 13.0, -13.0, 10.0, -10.0, 10.0, -10.0, 0]
Q: [0, 11.0, 0.0, 12.0, 0.0, 13.0, 0.0, 10.0, 0.0, 10.0, 0.0, 0]
B: [0.0, 61.0, 99.5129503025, 111.2988809828, 140.8183917172, 256.0, 261.08428175852, 267.0, 306.733842905, 322.49026689650003, 344.24495303540004, 346.21174178867005]
