Avion: 1      Iteracion: 35

Num Ruta: 33
Ingresos: 565.435
Costos: 267.548042454
Utilidad Ruta: 297.886957546
Costo Reducido: 40.4941128644
Nodos: [101, 30, 16, 51, 65, 32, 67, 8, 19, 54, 43, 711]
q: [0.0, 6.0, 9.0, -9.0, -6.0, 11.0, -11.0, 0.0, 7.0, -7.0, 0.0, 0.0]
Q: [0.0, 6.0, 15.0, 6.0, 0.0, 11.0, 0.0, 0.0, 7.0, 0.0, 0.0, 0.0]
B: [0.0, 64.0, 72.20259129788, 81.82668273552001, 84.69783929691, 309.0, 319.4016530417, 414.0, 437.1608815463, 463.7879978378, 466.71611702935996, 472.42524831178997]
