Avion: 6      Iteracion: 30

Num Ruta: 30
Ingresos: 1685.083
Costos: 338.766551371
Utilidad Ruta: 1346.31644863
Costo Reducido: 106.775463523
Nodos: [106, 11, 46, 18, 23, 58, 53, 31, 6, 41, 5, 40, 66, 4, 29, 64, 27, 39, 62, 716]
q: [0.0, 6.0, -6.0, 5.0, 10.0, -10.0, -5.0, 9.0, 0.0, 0.0, 6.0, -6.0, -9.0, 3.0, 9.0, -9.0, 6.0, -3.0, -6.0, 0.0]
Q: [0.0, 6.0, 0.0, 5.0, 15.0, 5.0, 0.0, 9.0, 9.0, 9.0, 15.0, 9.0, 0.0, 3.0, 12.0, 3.0, 9.0, 6.0, 0.0, 0.0]
B: [0.0, 169.0, 173.05406684701, 293.0, 313.1789501461, 352.91279305110004, 362.83832462377006, 406.0, 436.0, 439.69228939819, 469.0, 470.12168890518, 488.93639618428, 529.0, 549.7100026316, 583.4897824118, 591.70621040698, 608.05702298618, 613.4722815211, 623.17795187404]
