Avion: 2      Iteracion: 26

Num Ruta: 28
Ingresos: 3201.509
Costos: 806.002268105
Utilidad Ruta: 2395.5067319
Costo Reducido: 15.4531156543
Nodos: [102, 17, 52, 24, 59, 10, 45, 23, 35, 70, 58, 34, 26, 61, 69, 19, 33, 54, 13, 48, 68, 29, 4, 64, 39, 712]
q: [0.0, 5.0, -5.0, 11.0, -11.0, 12.0, -12.0, 10.0, 5.0, -5.0, -10.0, 8.0, 7.0, -7.0, -8.0, 7.0, 5.0, -7.0, 10.0, -10.0, -5.0, 9.0, 3.0, -9.0, -3.0, 0.0]
Q: [0.0, 5.0, 0.0, 11.0, 0.0, 12.0, 0.0, 10.0, 15.0, 10.0, 0.0, 8.0, 15.0, 8.0, 0.0, 7.0, 12.0, 5.0, 15.0, 5.0, 0.0, 9.0, 12.0, 3.0, 0.0, 0.0]
B: [0.0, 33.3868157212, 68.22936950249999, 84.78765280719999, 123.30060310969999, 135.08653379, 164.6060445244, 267.0, 277.4634044651, 289.38614345409997, 313.15284696969997, 327.41179398549997, 343.33902101969994, 360.91824898909994, 385.90500293989993, 406.4448191999999, 443.03837956239994, 464.58677333079993, 468.81439263721995, 485.69754358721997, 491.04559388615996, 549.0, 569.7100026316, 592.5834067727, 604.8024778094, 642.0244248971]
