Avion: 7      Iteracion: 3

Num Ruta: 6
Ingresos: 2805.407
Costos: 680.468121873
Utilidad Ruta: 2124.93887813
Costo Reducido: 1714.20109692
Nodos: [107, 9, 44, 24, 59, 14, 49, 3, 38, 35, 70, 18, 53, 34, 69, 19, 54, 8, 33, 43, 68, 21, 4, 56, 27, 62, 39, 717]
q: [0, 11.0, -11.0, 11.0, -11.0, 8.0, -8.0, 13.0, -13.0, 8.0, -8.0, 10.0, -10.0, 8.0, -8.0, 7.0, -7.0, 8.0, 5.0, -8.0, -5.0, 12.0, 3.0, -12.0, 6.0, -6.0, -3.0, 0]
Q: [0, 11.0, 0.0, 11.0, 0.0, 8.0, 0.0, 13.0, 0.0, 8.0, 0.0, 10.0, 0.0, 8.0, 0.0, 7.0, 0.0, 8.0, 13.0, 5.0, 0.0, 12.0, 15.0, 3.0, 9.0, 3.0, 0.0, 0]
B: [0.0, 46.0648734938, 75.5921104963, 99.7323603914, 138.2453106939, 166.8916799926, 178.9133917676, 256.0, 261.08428175852, 274.08526633661995, 286.00800532561993, 306.42615844971994, 330.2443946984199, 353.7151056591199, 390.1552358729199, 410.6950521330199, 437.3221684245199, 455.27912785531987, 469.04378266391984, 492.3181496800198, 514.2750307199199, 525.1545080971199, 540.1022964619199, 569.2720938729199, 582.4495420705199, 599.4804044386199, 604.8956629735399, 633.6431306881399]
