Avion: 3      Iteracion: 15

Num Ruta: 17
Ingresos: 2389.816
Costos: 420.250872929
Utilidad Ruta: 1969.56512707
Costo Reducido: 175.938295979
Nodos: [103, 11, 46, 1, 36, 23, 35, 70, 34, 58, 22, 69, 57, 25, 60, 31, 33, 66, 68, 713]
q: [0.0, 0.0, 0.0, 7.0, -7.0, 10.0, 5.0, -5.0, 5.0, -10.0, 10.0, -5.0, -10.0, 10.0, -10.0, 9.0, 5.0, -9.0, -5.0, 0.0]
Q: [0.0, 0.0, 0.0, 7.0, 0.0, 10.0, 15.0, 10.0, 15.0, 5.0, 15.0, 10.0, 0.0, 10.0, 0.0, 9.0, 14.0, 5.0, 0.0, 0.0]
B: [0.0, 169.0, 173.05406684701, 195.72351838431, 229.96360391281002, 267.0, 277.4634044651, 289.38614345409997, 322.0, 336.2589470158, 352.0153710073, 366.5845376616, 377.17478798909997, 410.0, 427.1849823101, 432.00662891681, 469.50789920201, 491.90606064441, 522.85785149731, 526.5527270026599]
