Avion: 2      Iteracion: 0

Num Ruta: 2
Ingresos: 4293.083
Costos: 924.414588336
Utilidad Ruta: 3368.66841166
Costo Reducido: -
Nodos: [102, 17, 52, 24, 59, 10, 45, 1, 36, 3, 38, 23, 58, 26, 61, 22, 57, 19, 8, 54, 43, 31, 66, 2, 27, 37, 4, 62, 39, 712]
q: [0.0, 5.0, -5.0, 11.0, -11.0, 12.0, -12.0, 7.0, -7.0, 13.0, -13.0, 10.0, -10.0, 10.0, -10.0, 10.0, -10.0, 7.0, 8.0, -7.0, -8.0, 9.0, -9.0, 10.0, 5.0, -10.0, 3.0, -5.0, -3.0, 0.0]
Q: [0.0, 5.0, 0.0, 11.0, 0.0, 12.0, 0.0, 7.0, 0.0, 13.0, 0.0, 10.0, 0.0, 10.0, 0.0, 10.0, 0.0, 7.0, 15.0, 8.0, 0.0, 9.0, 0.0, 10.0, 15.0, 5.0, 8.0, 3.0, 0.0, 0.0]
B: [0.0, 33.3868157212, 68.22936950249999, 84.78765280719999, 123.30060310969999, 135.08653379, 164.6060445244, 203.02538569520001, 237.26547122370002, 256.0, 261.08428175852, 267.0, 306.733842905, 326.4202156791, 343.9994436485, 357.6336242986, 379.3883104375, 402.0, 425.1608815463, 443.1178409771, 446.04596016866, 463.15858150495995, 491.48406058295996, 522.0, 547.7839683718, 572.749620336, 586.2003761512, 602.2875768089, 607.70283534382, 644.9247824315199]
