Avion: 1      Iteracion: 42

Num Ruta: 39
Ingresos: 1070.192
Costos: 282.372696812
Utilidad Ruta: 787.819303188
Costo Reducido: 64.3245921564
Nodos: [101, 30, 65, 32, 67, 34, 69, 8, 19, 54, 43, 711]
q: [0, 11.0, -11.0, 11.0, -11.0, 8.0, -8.0, 8.0, 7.0, -7.0, -8.0, 0]
Q: [0, 11.0, 0.0, 11.0, 0.0, 8.0, 0.0, 8.0, 15.0, 8.0, 0.0, 0]
B: [0.0, 64.0, 82.7140226568, 309.0, 319.4016530417, 346.1750898215, 382.6152200353, 414.0, 437.1608815463, 463.7879978378, 466.71611702935996, 472.42524831178997]
