Avion: 5      Iteracion: 57

Num Ruta: 40
Ingresos: 997.716
Costos: 316.992035544
Utilidad Ruta: 680.723964456
Costo Reducido: 8.38843884834
Nodos: [105, 23, 58, 34, 69, 715]
q: [0, 10.0, -10.0, 8.0, -8.0, 0]
Q: [0, 10.0, 0.0, 8.0, 0.0, 0]
B: [0.0, 267.0, 306.733842905, 322.0, 358.4401302138, 376.9745084607]
