Avion: 6      Iteracion: 3

Num Ruta: 6
Ingresos: 1534.474
Costos: 439.803947493
Utilidad Ruta: 1094.67005251
Costo Reducido: 1195.94936194
Nodos: [106, 9, 44, 24, 59, 34, 69, 28, 63, 19, 8, 54, 43, 716]
q: [0, 11.0, -11.0, 11.0, -11.0, 8.0, -8.0, 6.0, -6.0, 7.0, 8.0, -7.0, -8.0, 0]
Q: [0, 11.0, 0.0, 11.0, 0.0, 8.0, 0.0, 6.0, 0.0, 7.0, 15.0, 8.0, 0.0, 0]
B: [0.0, 51.9831585901, 81.51039559259999, 105.65064548769999, 144.1635957902, 322.0, 358.4401302138, 393.0553437766, 429.0819625605, 441.6177558342, 464.7786373805, 482.7355968113, 485.66371600286, 496.58833517246]
