Avion: 6      Iteracion: 44

Num Ruta: 38
Ingresos: 3305.456
Costos: 520.019247226
Utilidad Ruta: 2785.43675277
Costo Reducido: 28.6617967854
Nodos: [106, 17, 52, 14, 49, 23, 35, 70, 58, 18, 53, 28, 31, 66, 25, 63, 60, 21, 4, 39, 56, 29, 64, 716]
q: [0.0, 5.0, -5.0, 8.0, -8.0, 10.0, 5.0, -5.0, -10.0, 10.0, -10.0, 6.0, 9.0, -9.0, 9.0, -6.0, -9.0, 12.0, 3.0, -3.0, -12.0, 9.0, -9.0, 0.0]
Q: [0.0, 5.0, 0.0, 8.0, 0.0, 10.0, 15.0, 10.0, 0.0, 10.0, 0.0, 6.0, 15.0, 6.0, 15.0, 9.0, 0.0, 12.0, 15.0, 12.0, 0.0, 9.0, 0.0, 0.0]
B: [0.0, 24.0, 58.8425537813, 112.0, 124.021711775, 267.0, 277.4634044651, 289.38614345409997, 313.15284696969997, 338.59215837939996, 362.41039462809994, 378.0, 406.0, 434.325479078, 459.752616235, 463.08599485136, 480.39208360646, 488.56079709146, 529.0, 549.4257496801999, 566.2286940948, 604.6819905724999, 638.4617703526999, 658.8589776369998]
