Avion: 3      Iteracion: 28

Num Ruta: 30
Ingresos: 2314.377
Costos: 414.381193965
Utilidad Ruta: 1899.99580604
Costo Reducido: 59.2204388095
Nodos: [103, 24, 59, 1, 36, 3, 38, 23, 18, 58, 53, 31, 19, 66, 8, 43, 54, 713]
q: [0.0, 11.0, -11.0, 7.0, -7.0, 13.0, -13.0, 10.0, 5.0, -10.0, -5.0, 8.0, 7.0, -8.0, 8.0, -8.0, -7.0, 0.0]
Q: [0.0, 11.0, 0.0, 7.0, 0.0, 13.0, 0.0, 10.0, 15.0, 5.0, 0.0, 8.0, 15.0, 7.0, 15.0, 7.0, 0.0, 0.0]
B: [0.0, 61.0, 99.5129503025, 175.0, 209.2400855285, 256.0, 261.08428175852, 267.0, 293.0, 318.4393114097, 328.36484298237, 406.0, 427.4250045741, 443.5262214225, 452.30906754434, 473.07746416034, 476.0055833519, 494.782641801]
