Avion: 3      Iteracion: 0

Num Ruta: 1
Ingresos: 1023.086
Costos: 302.683942147
Utilidad Ruta: 720.402057853
Costo Reducido: -
Nodos: [103, 11, 46, 18, 53, 25, 60, 19, 54, 33, 68, 713]
q: [0, 6.0, -6.0, 10.0, -10.0, 10.0, -10.0, 7.0, -7.0, 5.0, -5.0, 0]
Q: [0, 6.0, 0.0, 10.0, 0.0, 10.0, 0.0, 7.0, 0.0, 5.0, 0.0, 0]
B: [0.0, 169.0, 173.05406684701, 293.0, 316.8182362487, 410.0, 427.1849823101, 443.8578739909, 470.48499028239996, 492.03338405079995, 533.9860491032, 537.68092460855]
