Avion: 5      Iteracion: 9

Num Ruta: 11
Ingresos: 800.307
Costos: 429.376687007
Utilidad Ruta: 370.930312993
Costo Reducido: 182.428259247
Nodos: [105, 9, 44, 30, 65, 32, 67, 34, 69, 4, 39, 715]
q: [0, 11.0, -11.0, 11.0, -11.0, 11.0, -11.0, 8.0, -8.0, 3.0, -3.0, 0]
Q: [0, 11.0, 0.0, 11.0, 0.0, 11.0, 0.0, 8.0, 0.0, 3.0, 0.0, 0]
B: [0.0, 31.4915482312, 61.0187852337, 76.8066855691, 95.5207082259, 309.0, 319.4016530417, 346.1750898215, 382.6152200353, 529.0, 549.4257496801999, 587.1398410121999]
