Avion: 1      Iteracion: 45

Num Ruta: 40
Ingresos: 1405.093
Costos: 335.720352322
Utilidad Ruta: 1069.37264768
Costo Reducido: 26.0795501971
Nodos: [101, 30, 16, 51, 65, 23, 58, 34, 69, 8, 19, 54, 43, 711]
q: [0.0, 0.0, 9.0, -9.0, 0.0, 10.0, -10.0, 8.0, -8.0, 0.0, 7.0, -7.0, 0.0, 0.0]
Q: [0.0, 0.0, 9.0, 0.0, 0.0, 10.0, 0.0, 8.0, 0.0, 0.0, 7.0, 0.0, 0.0, 0.0]
B: [0.0, 64.0, 72.20259129788, 81.82668273552001, 84.69783929691, 267.0, 306.733842905, 322.0, 358.4401302138, 414.0, 437.1608815463, 463.7879978378, 466.71611702935996, 472.42524831178997]
