Avion: 1      Iteracion: 27

Num Ruta: 27
Ingresos: 1539.918
Costos: 354.353568228
Utilidad Ruta: 1185.56443177
Costo Reducido: 109.984638867
Nodos: [101, 30, 65, 24, 59, 1, 36, 19, 54, 13, 48, 29, 64, 711]
q: [0, 11.0, -11.0, 11.0, -11.0, 7.0, -7.0, 7.0, -7.0, 15.0, -15.0, 9.0, -9.0, 0]
Q: [0, 11.0, 0.0, 11.0, 0.0, 7.0, 0.0, 7.0, 0.0, 15.0, 0.0, 9.0, 0.0, 0]
B: [0.0, 64.0, 82.7140226568, 107.4479935471, 145.9609438496, 175.0, 209.2400855285, 402.0, 428.6271162915, 432.85473559792, 449.73788654792, 549.0, 582.7797797802, 598.8802887473]
