Avion: 5      Iteracion: 50

Num Ruta: 38
Ingresos: 445.215
Costos: 286.0490935
Utilidad Ruta: 159.1659065
Costo Reducido: 0.445086279133
Nodos: [105, 11, 46, 29, 27, 64, 62, 715]
q: [0, 6.0, -6.0, 9.0, 6.0, -9.0, -6.0, 0]
Q: [0, 6.0, 0.0, 9.0, 15.0, 6.0, 0.0, 0]
B: [0.0, 169.0, 173.05406684701, 549.0, 574.6018082369, 582.8182362320799, 598.26561380888, 630.9205388585799]
