Avion: 3      Iteracion: 45

Num Ruta: 45
Ingresos: 1954.01
Costos: 334.443096186
Utilidad Ruta: 1619.56690381
Costo Reducido: 74.7674810635
Nodos: [103, 11, 46, 23, 58, 34, 22, 57, 69, 21, 56, 713]
q: [0.0, 6.0, -6.0, 10.0, -10.0, 8.0, 7.0, -7.0, -8.0, 12.0, -12.0, 0.0]
Q: [0.0, 6.0, 0.0, 10.0, 0.0, 8.0, 15.0, 8.0, 0.0, 12.0, 0.0, 0.0]
B: [0.0, 169.0, 173.05406684701, 267.0, 306.733842905, 322.0, 350.0636833826, 371.8183695215, 382.408619849, 477.0, 517.7387906792, 548.8965365058999]
