Avion: 7      Iteracion: 13

Num Ruta: 15
Ingresos: 3132.584
Costos: 584.427128675
Utilidad Ruta: 2548.15687133
Costo Reducido: 282.50828715
Nodos: [107, 9, 44, 11, 46, 1, 36, 3, 38, 23, 58, 34, 22, 57, 69, 13, 48, 25, 60, 21, 56, 27, 4, 62, 39, 717]
q: [0.0, 11.0, -11.0, 6.0, -6.0, 7.0, -7.0, 13.0, -13.0, 10.0, -10.0, 8.0, 7.0, -7.0, -8.0, 15.0, -15.0, 10.0, -10.0, 12.0, -12.0, 6.0, 3.0, -6.0, -3.0, 0.0]
Q: [0.0, 11.0, 0.0, 6.0, 0.0, 7.0, 0.0, 13.0, 0.0, 10.0, 0.0, 8.0, 15.0, 8.0, 0.0, 15.0, 0.0, 10.0, 0.0, 12.0, 0.0, 6.0, 9.0, 3.0, 0.0, 0.0]
B: [0.0, 46.0648734938, 75.5921104963, 169.0, 173.05406684701, 195.72351838431, 229.96360391281002, 256.0, 261.08428175852, 267.0, 306.733842905, 322.0, 350.0636833826, 371.8183695215, 382.408619849, 423.0, 439.88315095, 463.8957169312, 481.0806992413, 489.2494127263, 529.9882034055, 543.1656516031001, 560.7804261404001, 576.8676267981001, 582.2828853330201, 611.0303530476201]
