Avion: 2      Iteracion: 21

Num Ruta: 24
Ingresos: 1491.469
Costos: 487.114376023
Utilidad Ruta: 1004.35462398
Costo Reducido: 283.089473533
Nodos: [102, 9, 44, 30, 16, 51, 65, 11, 46, 25, 60, 6, 41, 13, 48, 20, 4, 39, 55, 2, 37, 712]
q: [0.0, 11.0, -11.0, 11.0, 0.0, 0.0, -11.0, 6.0, -6.0, 10.0, -10.0, 4.0, -4.0, 15.0, -15.0, 0.0, 3.0, -3.0, 0.0, 10.0, -10.0, 0.0]
Q: [0.0, 11.0, 0.0, 11.0, 11.0, 11.0, 0.0, 6.0, 0.0, 10.0, 0.0, 4.0, 0.0, 15.0, 0.0, 0.0, 3.0, 0.0, 0.0, 10.0, 0.0, 0.0]
B: [0.0, 29.8362865317, 59.3635235342, 75.1514238696, 83.35401516748, 92.97810660512, 95.84926316651, 169.0, 173.05406684701, 410.0, 427.1849823101, 452.6867527977, 456.37904219589, 469.78910830309, 486.67225925309003, 500.60284448849, 529.0, 549.4257496801999, 561.2869729308, 568.6172701962599, 609.35223224366, 613.46797871301]
