Avion: 2      Iteracion: 32

Num Ruta: 34
Ingresos: 1768.452
Costos: 546.017679342
Utilidad Ruta: 1222.43432066
Costo Reducido: 40.6170957043
Nodos: [102, 16, 51, 10, 45, 26, 61, 28, 31, 66, 25, 63, 60, 29, 4, 27, 64, 39, 62, 712]
q: [0.0, 9.0, -9.0, 12.0, -12.0, 10.0, -10.0, 6.0, 9.0, -9.0, 9.0, -6.0, -9.0, 9.0, 3.0, 3.0, -9.0, -3.0, -3.0, 0.0]
Q: [0.0, 9.0, 0.0, 12.0, 0.0, 10.0, 0.0, 6.0, 15.0, 6.0, 15.0, 9.0, 0.0, 9.0, 12.0, 15.0, 6.0, 3.0, 0.0, 0.0]
B: [0.0, 36.0, 45.624091437640004, 96.0, 125.5195107344, 300.0, 317.5792279694, 378.0, 406.0, 434.325479078, 459.752616235, 463.08599485136, 480.39208360646, 549.0, 569.7100026316, 587.3247771689, 595.54120516408, 607.76027620078, 613.1755347357, 646.4241531431]
