Avion: 7      Iteracion: 8

Num Ruta: 10
Ingresos: 1195.428
Costos: 394.533746806
Utilidad Ruta: 800.894253194
Costo Reducido: 174.014259072
Nodos: [107, 8, 33, 43, 68, 27, 2, 62, 37, 717]
q: [0.0, 8.0, 5.0, -8.0, -5.0, 5.0, 10.0, -5.0, -10.0, 0.0]
Q: [0.0, 8.0, 13.0, 5.0, 0.0, 5.0, 15.0, 10.0, 0.0, 0.0]
B: [0.0, 414.0, 437.0, 460.2743670161, 482.23124805599997, 538.0, 563.7839683718, 575.2360414592, 604.5765718055, 631.9367060522]
