Avion: 1      Iteracion: 11

Num Ruta: 13
Ingresos: 1135.906
Costos: 301.556500853
Utilidad Ruta: 834.349499147
Costo Reducido: 179.427744156
Nodos: [101, 17, 52, 3, 38, 35, 70, 8, 19, 54, 43, 711]
q: [0, 5.0, -5.0, 13.0, -13.0, 8.0, -8.0, 8.0, 7.0, -7.0, -8.0, 0]
Q: [0, 5.0, 0.0, 13.0, 0.0, 8.0, 0.0, 8.0, 15.0, 8.0, 0.0, 0]
B: [0.0, 24.0, 58.8425537813, 256.0, 261.08428175852, 274.08526633661995, 286.00800532561993, 414.0, 437.1608815463, 463.7879978378, 466.71611702935996, 472.42524831178997]
