Avion: 6      Iteracion: 15

Num Ruta: 17
Ingresos: 463.646
Costos: 230.069830907
Utilidad Ruta: 233.576169093
Costo Reducido: 49.774263458
Nodos: [106, 10, 45, 33, 68, 716]
q: [0, 12.0, -12.0, 5.0, -5.0, 0]
Q: [0, 12.0, 0.0, 5.0, 0.0, 0]
B: [0.0, 96.0, 125.5195107344, 437.0, 478.9526650524, 502.8451089835]
