Avion: 1      Iteracion: 14

Num Ruta: 16
Ingresos: 1321.47
Costos: 387.178568815
Utilidad Ruta: 934.291431185
Costo Reducido: 108.438949424
Nodos: [101, 30, 16, 51, 65, 24, 59, 31, 66, 21, 56, 711]
q: [0.0, 6.0, 9.0, -9.0, -6.0, 11.0, -11.0, 9.0, -9.0, 12.0, -12.0, 0.0]
Q: [0.0, 6.0, 15.0, 6.0, 0.0, 11.0, 0.0, 9.0, 0.0, 12.0, 0.0, 0.0]
B: [0.0, 64.0, 72.20259129788, 81.82668273552001, 84.69783929691, 109.43181018721, 147.94476048971, 406.0, 434.325479078, 477.0, 517.7387906792, 539.9812763540999]
