Avion: 6      Iteracion: 25

Num Ruta: 26
Ingresos: 1179.641
Costos: 282.475107748
Utilidad Ruta: 897.165892252
Costo Reducido: 44.0281485723
Nodos: [106, 33, 68, 21, 4, 39, 56, 27, 62, 716]
q: [0, 5.0, -5.0, 12.0, 3.0, -3.0, -12.0, 6.0, -6.0, 0]
Q: [0, 5.0, 0.0, 12.0, 15.0, 12.0, 0.0, 6.0, 0.0, 0]
B: [0.0, 437.0, 478.9526650524, 489.83214242959997, 529.0, 549.4257496801999, 566.2286940948, 579.4061422924, 596.4370046605, 606.14267501344]
