Avion: 6      Iteracion: 11

Num Ruta: 13
Ingresos: 1679.164
Costos: 363.233341307
Utilidad Ruta: 1315.93065869
Costo Reducido: 245.843127529
Nodos: [106, 17, 52, 3, 38, 35, 70, 21, 4, 39, 56, 29, 64, 716]
q: [0, 5.0, -5.0, 13.0, -13.0, 8.0, -8.0, 12.0, 3.0, -3.0, -12.0, 9.0, -9.0, 0]
Q: [0, 5.0, 0.0, 13.0, 0.0, 8.0, 0.0, 12.0, 15.0, 12.0, 0.0, 9.0, 0.0, 0]
B: [0.0, 24.0, 58.8425537813, 256.0, 261.08428175852, 274.08526633661995, 286.00800532561993, 477.0, 529.0, 549.4257496801999, 566.2286940948, 604.6819905724999, 638.4617703526999, 658.8589776369998]
