Avion: 7      Iteracion: 25

Num Ruta: 23
Ingresos: 2859.671
Costos: 420.116771137
Utilidad Ruta: 2439.55422886
Costo Reducido: 203.672559076
Nodos: [107, 9, 44, 14, 49, 3, 38, 23, 58, 22, 57, 8, 33, 43, 13, 48, 68, 21, 4, 56, 27, 62, 39, 717]
q: [0.0, 11.0, -11.0, 8.0, -8.0, 0.0, 0.0, 10.0, -10.0, 10.0, -10.0, 8.0, 5.0, -8.0, 10.0, -10.0, -5.0, 12.0, 3.0, -12.0, 6.0, -6.0, -3.0, 0.0]
Q: [0.0, 11.0, 0.0, 8.0, 0.0, 0.0, 0.0, 10.0, 0.0, 10.0, 0.0, 8.0, 13.0, 5.0, 15.0, 5.0, 0.0, 12.0, 15.0, 3.0, 9.0, 3.0, 0.0, 0.0]
B: [0.0, 46.0648734938, 75.5921104963, 112.0, 124.021711775, 256.0, 261.08428175852, 267.0, 306.733842905, 322.49026689650003, 344.24495303540004, 414.0, 437.0, 460.2743670161, 462.48504315700995, 479.36819410700997, 484.71624440594996, 495.59572178314994, 529.0, 558.169797411, 571.3472456086, 588.3781079767, 593.79336651162, 622.54083422622]
