Avion: 1      Iteracion: 41

Num Ruta: 38
Ingresos: 1200.362
Costos: 312.530998481
Utilidad Ruta: 887.831001519
Costo Reducido: 46.1192843555
Nodos: [101, 30, 65, 10, 45, 34, 69, 8, 19, 54, 43, 711]
q: [0, 11.0, -11.0, 12.0, -12.0, 8.0, -8.0, 8.0, 7.0, -7.0, -8.0, 0]
Q: [0, 11.0, 0.0, 12.0, 0.0, 8.0, 0.0, 8.0, 15.0, 8.0, 0.0, 0]
B: [0.0, 64.0, 82.7140226568, 101.4070729429, 130.92658367730002, 322.0, 358.4401302138, 414.0, 437.1608815463, 463.7879978378, 466.71611702935996, 472.42524831178997]
