Avion: 2      Iteracion: 7

Num Ruta: 11
Ingresos: 656.339
Costos: 462.392177895
Utilidad Ruta: 193.946822105
Costo Reducido: 224.093841393
Nodos: [102, 13, 48, 31, 66, 33, 68, 712]
q: [0, 15.0, -15.0, 9.0, -9.0, 5.0, -5.0, 0]
Q: [0, 15.0, 0.0, 9.0, 0.0, 5.0, 0.0, 0]
B: [0.0, 423.0, 439.88315095, 444.3406643824, 472.6661434604, 495.0643049028, 537.0169699552, 547.3462499882]
