Avion: 5      Iteracion: 37

Num Ruta: 34
Ingresos: 877.115
Costos: 426.078711972
Utilidad Ruta: 451.036288028
Costo Reducido: 52.8483573013
Nodos: [105, 24, 59, 32, 67, 33, 68, 29, 64, 715]
q: [0, 11.0, -11.0, 11.0, -11.0, 5.0, -5.0, 9.0, -9.0, 0]
Q: [0, 11.0, 0.0, 11.0, 0.0, 5.0, 0.0, 9.0, 0.0, 0]
B: [0.0, 61.0, 99.5129503025, 309.0, 319.4016530417, 437.0, 478.9526650524, 549.0, 582.7797797802, 630.090723715]
