Avion: 6      Iteracion: 5

Num Ruta: 7
Ingresos: 3221.444
Costos: 589.106301814
Utilidad Ruta: 2632.33769819
Costo Reducido: 1300.21654376
Nodos: [106, 17, 52, 16, 51, 10, 45, 1, 11, 46, 36, 23, 58, 34, 69, 28, 31, 66, 63, 25, 60, 29, 27, 64, 62, 716]
q: [0, 5.0, -5.0, 9.0, -9.0, 12.0, -12.0, 7.0, 6.0, -6.0, -7.0, 10.0, -10.0, 8.0, -8.0, 6.0, 9.0, -9.0, -6.0, 10.0, -10.0, 9.0, 6.0, -9.0, -6.0, 0]
Q: [0, 5.0, 0.0, 9.0, 0.0, 12.0, 0.0, 7.0, 13.0, 7.0, 0.0, 10.0, 0.0, 8.0, 0.0, 6.0, 15.0, 6.0, 0.0, 10.0, 0.0, 9.0, 15.0, 6.0, 0.0, 0]
B: [0.0, 24.0, 58.8425537813, 64.17419311644, 73.79828455408, 96.0, 125.5195107344, 175.0, 193.6808285951, 197.73489544211, 232.05062478011, 267.0, 306.733842905, 322.0, 358.4401302138, 393.0553437766, 408.6715633255, 436.9970424035, 465.4114741064, 468.74485272276, 485.92983503286, 549.0, 574.6018082369, 582.8182362320799, 598.26561380888, 607.97128416182]
