Avion: 2      Iteracion: 59

Num Ruta: 54
Ingresos: 1380.233
Costos: 556.837001832
Utilidad Ruta: 823.395998168
Costo Reducido: 2.10919792279
Nodos: [102, 16, 51, 30, 65, 10, 45, 26, 32, 67, 34, 61, 69, 19, 8, 33, 54, 43, 13, 48, 68, 712]
q: [0.0, 0.0, 0.0, 11.0, -11.0, 12.0, -12.0, 0.0, 11.0, -11.0, 8.0, 0.0, -8.0, 7.0, 3.0, 5.0, -7.0, -3.0, 0.0, 0.0, -5.0, 0.0]
Q: [0.0, 0.0, 0.0, 11.0, 0.0, 12.0, 0.0, 0.0, 11.0, 0.0, 8.0, 8.0, 0.0, 7.0, 10.0, 15.0, 8.0, 5.0, 5.0, 5.0, 0.0, 0.0]
B: [0.0, 36.0, 45.624091437640004, 64.0, 82.7140226568, 101.4070729429, 130.92658367730002, 300.0, 309.0, 319.4016530417, 346.1750898215, 361.08833591350003, 386.0750898643, 406.6149061244, 429.7757876707, 443.54044247930005, 465.08883624770004, 468.01695543926, 470.22763158017, 487.11078253017, 492.45883282911, 502.78811286211]
