Avion: 3      Iteracion: 52

Num Ruta: 50
Ingresos: 1672.134
Costos: 302.286432144
Utilidad Ruta: 1369.84756786
Costo Reducido: 26.7168093078
Nodos: [103, 11, 46, 23, 35, 70, 58, 28, 31, 63, 19, 66, 54, 713]
q: [0.0, 6.0, -6.0, 10.0, 5.0, -5.0, -10.0, 6.0, 9.0, -6.0, 6.0, -9.0, -6.0, 0.0]
Q: [0.0, 6.0, 0.0, 10.0, 15.0, 10.0, 0.0, 6.0, 15.0, 9.0, 15.0, 6.0, 0.0, 0.0]
B: [0.0, 169.0, 173.05406684701, 267.0, 277.4634044651, 289.38614345409997, 313.15284696969997, 378.0, 406.0, 426.4968799577, 439.0326732314, 455.1338900798, 477.5520543668, 496.32911281590003]
