Avion: 6      Iteracion: 6

Num Ruta: 8
Ingresos: 3460.425
Costos: 651.136066986
Utilidad Ruta: 2809.28893301
Costo Reducido: 865.445593281
Nodos: [106, 16, 51, 9, 24, 44, 59, 14, 49, 3, 38, 23, 35, 70, 58, 18, 53, 28, 31, 63, 19, 66, 54, 13, 48, 21, 4, 39, 56, 29, 64, 716]
q: [0.0, 9.0, -9.0, 11.0, 0.0, -11.0, 0.0, 8.0, -8.0, 13.0, -13.0, 10.0, 5.0, -5.0, -10.0, 10.0, -10.0, 6.0, 9.0, -6.0, 6.0, -9.0, -6.0, 15.0, -15.0, 12.0, 3.0, -3.0, -12.0, 9.0, -9.0, 0.0]
Q: [0.0, 9.0, 0.0, 11.0, 11.0, 0.0, 0.0, 8.0, 0.0, 13.0, 0.0, 10.0, 15.0, 10.0, 0.0, 10.0, 0.0, 6.0, 15.0, 9.0, 15.0, 6.0, 0.0, 15.0, 0.0, 12.0, 15.0, 12.0, 0.0, 9.0, 0.0, 0.0]
B: [0.0, 36.0, 45.624091437640004, 75.68094759394, 82.11782463176, 106.25807452686, 131.31363794096, 159.96000723966, 171.98171901466, 256.0, 261.08428175852, 267.0, 277.4634044651, 289.38614345409997, 313.15284696969997, 338.59215837939996, 362.41039462809994, 378.0, 406.0, 426.4968799577, 439.0326732314, 455.1338900798, 477.5520543668, 481.77967367322003, 498.66282462322005, 514.17422101422, 529.12200937902, 549.54775905922, 566.35070347382, 604.8039999515199, 638.5837797317199, 658.9809870160199]
