Avion: 3      Iteracion: 46

Num Ruta: 46
Ingresos: 515.244
Costos: 256.394782909
Utilidad Ruta: 258.849217091
Costo Reducido: 21.1527563822
Nodos: [103, 11, 46, 18, 53, 6, 33, 41, 68, 713]
q: [0, 6.0, -6.0, 10.0, -10.0, 4.0, 5.0, -4.0, -5.0, 0]
Q: [0, 6.0, 0.0, 10.0, 0.0, 4.0, 9.0, 5.0, 0.0, 0]
B: [0.0, 169.0, 173.05406684701, 293.0, 316.8182362487, 436.0, 462.1548069196, 490.5720628744, 521.649923692, 525.34479919735]
