Avion: 5      Iteracion: 10

Num Ruta: 12
Ingresos: 1143.636
Costos: 325.380474392
Utilidad Ruta: 818.255525608
Costo Reducido: 161.954468152
Nodos: [105, 14, 49, 3, 38, 23, 58, 34, 69, 715]
q: [0, 8.0, -8.0, 13.0, -13.0, 10.0, -10.0, 8.0, -8.0, 0]
Q: [0, 8.0, 0.0, 13.0, 0.0, 10.0, 0.0, 8.0, 0.0, 0]
B: [0.0, 112.0, 124.021711775, 256.0, 261.08428175852, 267.0, 306.733842905, 322.0, 358.4401302138, 376.9745084607]
