Avion: 2      Iteracion: 30

Num Ruta: 32
Ingresos: 1721.844
Costos: 455.23559824
Utilidad Ruta: 1266.60840176
Costo Reducido: 146.773140976
Nodos: [102, 16, 51, 10, 45, 26, 61, 18, 53, 31, 66, 33, 13, 48, 68, 20, 4, 39, 55, 2, 37, 712]
q: [0.0, 0.0, 0.0, 12.0, -12.0, 0.0, 0.0, 10.0, -10.0, 9.0, -9.0, 5.0, 10.0, -10.0, -5.0, 0.0, 3.0, -3.0, 0.0, 10.0, -10.0, 0.0]
Q: [0.0, 0.0, 0.0, 12.0, 0.0, 0.0, 0.0, 10.0, 0.0, 9.0, 0.0, 5.0, 15.0, 5.0, 0.0, 0.0, 3.0, 0.0, 0.0, 10.0, 0.0, 0.0]
B: [0.0, 36.0, 45.624091437640004, 96.0, 125.5195107344, 300.0, 317.5792279694, 340.8578987218, 364.67613497049996, 406.0, 434.325479078, 456.7236405204, 482.0965724164, 498.97972336640004, 504.32777366534003, 514.91855611994, 529.0, 549.4257496801999, 561.2869729308, 568.6172701962599, 609.35223224366, 613.46797871301]
