Avion: 1      Iteracion: 0

Num Ruta: 1
Ingresos: 889.81
Costos: 349.02280732
Utilidad Ruta: 540.78719268
Costo Reducido: -
Nodos: [101, 30, 65, 5, 40, 6, 41, 21, 56, 711]
q: [0, 11.0, -11.0, 9.0, -9.0, 4.0, -4.0, 12.0, -12.0, 0]
Q: [0, 11.0, 0.0, 9.0, 0.0, 4.0, 0.0, 12.0, 0.0, 0]
B: [0.0, 64.0, 82.7140226568, 469.0, 470.12168890518, 486.34528175638, 490.03757115457, 526.71882005647, 567.45761073567, 589.7000964105699]
