Avion: 1      Iteracion: 57

Num Ruta: 45
Ingresos: 328.146
Costos: 290.153389238
Utilidad Ruta: 37.9926107617
Costo Reducido: 1.2188781249
Nodos: [101, 32, 67, 26, 61, 711]
q: [0, 11.0, -11.0, 10.0, -10.0, 0]
Q: [0, 11.0, 0.0, 10.0, 0.0, 0]
B: [0.0, 309.0, 319.4016530417, 332.1221722921, 349.7014002615, 357.35516802646]
