Avion: 7      Iteracion: 39

Num Ruta: 33
Ingresos: 2170.327
Costos: 359.019374458
Utilidad Ruta: 1811.30762554
Costo Reducido: 49.8597414853
Nodos: [107, 14, 49, 3, 38, 23, 35, 70, 26, 61, 58, 22, 57, 33, 5, 40, 21, 68, 4, 27, 56, 39, 62, 717]
q: [0.0, 0.0, 0.0, 0.0, 0.0, 7.0, 8.0, -8.0, 8.0, -8.0, -7.0, 10.0, -10.0, 5.0, 9.0, -9.0, 10.0, -5.0, 3.0, 2.0, -10.0, -3.0, -2.0, 0.0]
Q: [0.0, 0.0, 0.0, 0.0, 0.0, 7.0, 15.0, 7.0, 15.0, 7.0, 0.0, 10.0, 0.0, 5.0, 14.0, 5.0, 15.0, 10.0, 13.0, 15.0, 5.0, 2.0, 0.0, 0.0]
B: [0.0, 112.0, 124.021711775, 256.0, 261.08428175852, 267.0, 277.4634044651, 289.38614345409997, 303.7370056233, 321.3162335927, 324.38330597528, 340.13972996678, 361.89441610568, 437.0, 469.0, 470.12168890518, 498.36127928818, 509.24075666538, 529.0, 546.6147745373, 559.7922227349001, 576.5951671495001, 582.01042568442, 605.45541399752]
