Avion: 7      Iteracion: 6

Num Ruta: 9
Ingresos: 1469.842
Costos: 437.273971545
Utilidad Ruta: 1032.56802845
Costo Reducido: 641.652748411
Nodos: [107, 18, 53, 28, 63, 31, 66, 4, 2, 39, 37, 717]
q: [0, 10.0, -10.0, 6.0, -6.0, 9.0, -9.0, 3.0, 10.0, -3.0, -10.0, 0]
Q: [0, 10.0, 0.0, 6.0, 0.0, 9.0, 0.0, 3.0, 13.0, 10.0, 0.0, 0]
B: [0.0, 293.0, 316.8182362487, 378.0, 414.0266187839, 434.5234987416, 462.8489778196, 529.0, 556.3715326023, 565.8259991129, 599.0192098946001, 626.3793441413001]
