Avion: 7      Iteracion: 35

Num Ruta: 31
Ingresos: 2347.804
Costos: 421.486144599
Utilidad Ruta: 1926.3178554
Costo Reducido: 19.7253235702
Nodos: [107, 14, 49, 3, 38, 23, 58, 34, 22, 57, 69, 31, 33, 66, 21, 68, 4, 27, 56, 39, 62, 717]
q: [0.0, 0.0, 0.0, 0.0, 0.0, 10.0, -10.0, 8.0, 7.0, -7.0, -8.0, 9.0, 5.0, -9.0, 6.0, -5.0, 3.0, 6.0, -6.0, -3.0, -6.0, 0.0]
Q: [0.0, 0.0, 0.0, 0.0, 0.0, 10.0, 0.0, 8.0, 15.0, 8.0, 0.0, 9.0, 14.0, 5.0, 11.0, 6.0, 9.0, 15.0, 9.0, 6.0, 0.0, 0.0]
B: [0.0, 112.0, 124.021711775, 256.0, 261.08428175852, 267.0, 306.733842905, 322.0, 350.0636833826, 371.8183695215, 382.408619849, 409.5293639575, 447.0306342427, 469.4287956851, 492.894634366, 503.77411174319997, 529.0, 546.6147745373, 559.7922227349001, 576.5951671495001, 582.01042568442, 605.45541399752]
