Avion: 4      Iteracion: 16

Num Ruta: 12
Ingresos: 1781.206
Costos: 422.333786739
Utilidad Ruta: 1358.87221326
Costo Reducido: 188.771569902
Nodos: [104, 17, 52, 16, 51, 35, 70, 34, 69, 2, 27, 62, 37, 29, 64, 714]
q: [0.0, 5.0, -5.0, 9.0, -9.0, 8.0, -8.0, 8.0, -8.0, 10.0, 5.0, -5.0, -10.0, 9.0, -9.0, 0.0]
Q: [0.0, 5.0, 0.0, 9.0, 0.0, 8.0, 0.0, 8.0, 0.0, 10.0, 15.0, 10.0, 0.0, 9.0, 0.0, 0.0]
B: [0.0, 24.0, 58.8425537813, 64.17419311644, 73.79828455408, 270.0, 281.922738989, 322.0, 358.4401302138, 522.0, 547.7839683718, 564.8148307399, 594.1553610862, 603.9601016233099, 637.7398814035099, 664.5103114523099]
