Avion: 1      Iteracion: 28

Num Ruta: 28
Ingresos: 987.272
Costos: 249.948199862
Utilidad Ruta: 737.323800138
Costo Reducido: 45.4617359038
Nodos: [101, 30, 65, 24, 59, 8, 19, 54, 43, 711]
q: [0, 11.0, -11.0, 11.0, -11.0, 8.0, 7.0, -7.0, -8.0, 0]
Q: [0, 11.0, 0.0, 11.0, 0.0, 8.0, 15.0, 8.0, 0.0, 0]
B: [0.0, 64.0, 82.7140226568, 107.4479935471, 145.9609438496, 414.0, 437.1608815463, 463.7879978378, 466.71611702935996, 472.42524831178997]
