Avion: 2      Iteracion: 27

Num Ruta: 29
Ingresos: 2290.927
Costos: 470.473740007
Utilidad Ruta: 1820.45325999
Costo Reducido: 172.674868977
Nodos: [102, 16, 30, 65, 51, 10, 45, 26, 61, 13, 48, 31, 66, 20, 21, 56, 55, 2, 37, 712]
q: [0.0, 0.0, 11.0, -11.0, 0.0, 12.0, -12.0, 10.0, -10.0, 15.0, -15.0, 9.0, -9.0, 0.0, 12.0, -12.0, 0.0, 10.0, -10.0, 0.0]
Q: [0.0, 0.0, 11.0, 0.0, 0.0, 12.0, 0.0, 10.0, 0.0, 15.0, 0.0, 9.0, 0.0, 0.0, 12.0, 0.0, 0.0, 10.0, 0.0, 0.0]
B: [0.0, 36.0, 64.0, 82.7140226568, 85.58517921818999, 101.41445642849, 130.93396716288999, 300.0, 317.5792279694, 423.0, 439.88315095, 444.3406643824, 472.6661434604, 496.0, 500.74940638396, 541.48819706316, 562.08761768606, 569.41791495152, 610.15287699892, 614.26862346827]
