Avion: 5      Iteracion: 1

Num Ruta: 5
Ingresos: 3542.882
Costos: 717.83277838
Utilidad Ruta: 2825.04922162
Costo Reducido: 2666.09014828
Nodos: [105, 17, 16, 51, 52, 30, 65, 10, 45, 23, 58, 32, 67, 26, 61, 28, 63, 8, 33, 43, 68, 21, 4, 56, 39, 715]
q: [0, 5.0, 9.0, -9.0, -5.0, 11.0, -11.0, 12.0, -12.0, 10.0, -10.0, 11.0, -11.0, 10.0, -10.0, 6.0, -6.0, 8.0, 5.0, -8.0, -5.0, 12.0, 3.0, -12.0, -3.0, 0]
Q: [0, 5.0, 14.0, 5.0, 0.0, 11.0, 0.0, 12.0, 0.0, 10.0, 0.0, 11.0, 0.0, 10.0, 0.0, 6.0, 0.0, 8.0, 13.0, 5.0, 0.0, 12.0, 15.0, 3.0, 0.0, 0]
B: [0.0, 35.8094227823, 70.6108997625, 80.23499120014, 94.88275997224, 98.02721445593, 116.74123711272999, 135.43428739882998, 164.95379813322998, 267.0, 306.733842905, 329.2181487426, 339.6198017843, 352.3403210347, 369.9195490041, 380.32746603870004, 416.35408482260004, 450.94691507690004, 464.7115698855, 487.9859369016, 509.9428179415, 520.8222953187, 535.7700836834999, 564.9398810944999, 581.7428255090999, 619.4569168410999]
