Avion: 1      Iteracion: 40

Num Ruta: 37
Ingresos: 1930.408
Costos: 447.392333196
Utilidad Ruta: 1483.0156668
Costo Reducido: 57.8763052713
Nodos: [101, 30, 65, 23, 58, 32, 67, 33, 68, 21, 56, 711]
q: [0, 11.0, -11.0, 10.0, -10.0, 11.0, -11.0, 5.0, -5.0, 12.0, -12.0, 0]
Q: [0, 11.0, 0.0, 10.0, 0.0, 11.0, 0.0, 5.0, 0.0, 12.0, 0.0, 0]
B: [0.0, 64.0, 82.7140226568, 267.0, 306.733842905, 329.2181487426, 339.6198017843, 437.0, 478.9526650524, 489.83214242959997, 530.5709331088, 552.8134187837]
