Avion: 1      Iteracion: 12

Num Ruta: 14
Ingresos: 702.955
Costos: 294.763589365
Utilidad Ruta: 408.191410635
Costo Reducido: 192.029598829
Nodos: [101, 30, 16, 51, 65, 24, 59, 35, 70, 8, 19, 54, 43, 711]
q: [0.0, 0.0, 9.0, -9.0, 0.0, 11.0, -11.0, 8.0, -8.0, 0.0, 7.0, -7.0, 0.0, 0.0]
Q: [0.0, 0.0, 9.0, 0.0, 0.0, 11.0, 0.0, 8.0, 0.0, 0.0, 7.0, 0.0, 0.0, 0.0]
B: [0.0, 64.0, 72.20259129788, 81.82668273552001, 84.69783929691, 109.43181018721, 147.94476048971, 270.0, 281.922738989, 414.0, 437.1608815463, 463.7879978378, 466.71611702935996, 472.42524831178997]
