Avion: 6      Iteracion: 41

Num Ruta: 36
Ingresos: 2951.697
Costos: 499.755396489
Utilidad Ruta: 2451.94160351
Costo Reducido: 22.898932674
Nodos: [106, 10, 45, 23, 35, 70, 58, 28, 25, 63, 19, 60, 54, 6, 41, 21, 4, 39, 56, 29, 64, 716]
q: [0.0, 12.0, -12.0, 10.0, 5.0, -5.0, -10.0, 6.0, 8.0, -6.0, 7.0, -8.0, -7.0, 4.0, -4.0, 12.0, 3.0, -3.0, -12.0, 9.0, -9.0, 0.0]
Q: [0.0, 12.0, 0.0, 10.0, 15.0, 10.0, 0.0, 6.0, 14.0, 8.0, 15.0, 7.0, 0.0, 4.0, 0.0, 12.0, 15.0, 12.0, 0.0, 9.0, 0.0, 0.0]
B: [0.0, 96.0, 125.5195107344, 267.0, 277.4634044651, 289.38614345409997, 313.15284696969997, 378.0, 414.5748134377, 417.90819205406, 430.44398532776, 447.11687700856, 463.90373344446, 475.69475244195996, 479.38704184014995, 516.06829074205, 531.0160791068499, 551.4418287870499, 568.2447732016499, 606.6980696793498, 640.4778494595498, 660.8750567438498]
