Avion: 2      Iteracion: 19

Num Ruta: 22
Ingresos: 1329.985
Costos: 613.103526715
Utilidad Ruta: 716.881473285
Costo Reducido: 207.600097602
Nodos: [102, 9, 44, 14, 49, 1, 36, 32, 67, 26, 61, 13, 48, 5, 33, 40, 68, 712]
q: [0, 11.0, -11.0, 8.0, -8.0, 7.0, -7.0, 11.0, -11.0, 10.0, -10.0, 15.0, -15.0, 9.0, 5.0, -9.0, -5.0, 0]
Q: [0, 11.0, 0.0, 8.0, 0.0, 7.0, 0.0, 11.0, 0.0, 10.0, 0.0, 15.0, 0.0, 9.0, 14.0, 5.0, 0.0, 0]
B: [0.0, 29.8362865317, 59.3635235342, 112.0, 124.021711775, 175.0, 209.2400855285, 309.0, 319.4016530417, 332.1221722921, 349.7014002615, 423.0, 439.88315095, 469.0, 482.6981671767, 495.9883458813, 525.0007204997, 535.3300005327001]
