Avion: 2      Iteracion: 12

Num Ruta: 16
Ingresos: 3089.75
Costos: 762.431764937
Utilidad Ruta: 2327.31823506
Costo Reducido: 334.049358433
Nodos: [102, 16, 51, 9, 24, 44, 59, 10, 45, 35, 70, 23, 26, 61, 58, 28, 63, 25, 60, 21, 56, 29, 27, 64, 62, 712]
q: [0.0, 9.0, -9.0, 4.0, 11.0, -4.0, -11.0, 12.0, -12.0, 8.0, -8.0, 10.0, 5.0, -5.0, -10.0, 6.0, -6.0, 10.0, -10.0, 12.0, -12.0, 9.0, 6.0, -9.0, -6.0, 0.0]
Q: [0.0, 9.0, 0.0, 4.0, 15.0, 11.0, 0.0, 12.0, 0.0, 8.0, 0.0, 10.0, 15.0, 10.0, 0.0, 6.0, 0.0, 10.0, 0.0, 12.0, 0.0, 9.0, 15.0, 6.0, 0.0, 0.0]
B: [0.0, 36.0, 45.624091437640004, 75.68094759394, 82.11782463176, 106.25807452686, 131.31363794096, 143.09956862126, 172.61907935566, 270.0, 281.922738989, 302.04960511369995, 336.49094865599994, 354.07017662539994, 357.13724900797996, 378.0, 414.0266187839, 417.35999740026, 434.54497971036, 477.0, 517.7387906792, 556.1920871568999, 581.7938953937999, 590.0103233889798, 605.4577009657798, 638.7063193731799]
