Avion: 7      Iteracion: 21

Num Ruta: 19
Ingresos: 2531.059
Costos: 371.172729395
Utilidad Ruta: 2159.88627061
Costo Reducido: 207.386339219
Nodos: [107, 14, 49, 3, 38, 23, 58, 22, 57, 25, 60, 6, 41, 13, 48, 21, 4, 56, 27, 39, 62, 717]
q: [0, 8.0, -8.0, 13.0, -13.0, 10.0, -10.0, 10.0, -10.0, 10.0, -10.0, 4.0, -4.0, 15.0, -15.0, 12.0, 3.0, -12.0, 6.0, -3.0, -6.0, 0]
Q: [0, 8.0, 0.0, 13.0, 0.0, 10.0, 0.0, 10.0, 0.0, 10.0, 0.0, 4.0, 0.0, 15.0, 0.0, 12.0, 15.0, 3.0, 9.0, 6.0, 0.0, 0]
B: [0.0, 112.0, 124.021711775, 256.0, 261.08428175852, 267.0, 306.733842905, 322.49026689650003, 344.24495303540004, 410.0, 427.1849823101, 452.6867527977, 456.37904219589, 469.78910830309, 486.67225925309003, 502.18365564409004, 529.0, 558.169797411, 571.3472456086, 587.6980581878, 593.11331672272, 616.55830503582]
