Avion: 2      Iteracion: 29

Num Ruta: 31
Ingresos: 1050.095
Costos: 509.665903822
Utilidad Ruta: 540.429096178
Costo Reducido: 6.76941403537
Nodos: [102, 16, 51, 10, 45, 26, 61, 32, 67, 33, 13, 48, 68, 29, 4, 64, 39, 712]
q: [0.0, 9.0, -9.0, 12.0, -12.0, 0.0, 0.0, 11.0, -11.0, 5.0, 0.0, 0.0, -5.0, 9.0, 3.0, -9.0, -3.0, 0.0]
Q: [0.0, 9.0, 0.0, 12.0, 0.0, 0.0, 0.0, 11.0, 0.0, 5.0, 5.0, 5.0, 0.0, 9.0, 12.0, 3.0, 0.0, 0.0]
B: [0.0, 36.0, 45.624091437640004, 96.0, 125.5195107344, 300.0, 317.5792279694, 337.6304130715, 348.0320661132, 437.0, 462.372931896, 479.256082846, 484.60413314494, 549.0, 569.7100026316, 592.5834067727, 604.8024778094, 642.0244248971]
