Avion: 5      Iteracion: 30

Num Ruta: 30
Ingresos: 586.949
Costos: 266.938514934
Utilidad Ruta: 320.010485066
Costo Reducido: 83.3698776642
Nodos: [105, 18, 53, 29, 27, 64, 62, 715]
q: [0, 10.0, -10.0, 9.0, 6.0, -9.0, -6.0, 0]
Q: [0, 10.0, 0.0, 9.0, 15.0, 6.0, 0.0, 0]
B: [0.0, 293.0, 316.8182362487, 549.0, 574.6018082369, 582.8182362320799, 598.26561380888, 630.9205388585799]
