Avion: 5      Iteracion: 13

Num Ruta: 15
Ingresos: 565.5
Costos: 301.745618354
Utilidad Ruta: 263.754381646
Costo Reducido: 88.2099021174
Nodos: [105, 9, 44, 11, 46, 22, 57, 715]
q: [0, 11.0, -11.0, 6.0, -6.0, 10.0, -10.0, 0]
Q: [0, 11.0, 0.0, 6.0, 0.0, 10.0, 0.0, 0]
B: [0.0, 31.4915482312, 61.0187852337, 169.0, 173.05406684701, 299.0, 320.7546861389, 329.90781505747003]
