Avion: 4      Iteracion: 54

Num Ruta: 26
Ingresos: 1064.101
Costos: 375.810302356
Utilidad Ruta: 688.290697644
Costo Reducido: 36.600041672
Nodos: [104, 9, 44, 23, 35, 70, 58, 27, 62, 714]
q: [0.0, 11.0, -11.0, 10.0, 5.0, -5.0, -10.0, 6.0, -6.0, 0.0]
Q: [0.0, 11.0, 0.0, 10.0, 15.0, 10.0, 0.0, 6.0, 0.0, 0.0]
B: [0.0, 57.4296024799, 86.9568394824, 267.0, 277.4634044651, 289.38614345409997, 313.15284696969997, 538.0, 555.0308623681, 590.6193251756]
