Avion: 6      Iteracion: 40

Num Ruta: 35
Ingresos: 2567.182
Costos: 408.221945592
Utilidad Ruta: 2158.96005441
Costo Reducido: 73.8900173465
Nodos: [106, 17, 52, 35, 23, 70, 58, 34, 32, 67, 69, 33, 5, 40, 68, 21, 4, 39, 56, 716]
q: [0.0, 5.0, -5.0, 5.0, 10.0, -5.0, -10.0, 8.0, 7.0, -7.0, -8.0, 5.0, 0.0, 0.0, -5.0, 12.0, 3.0, -3.0, -12.0, 0.0]
Q: [0.0, 5.0, 0.0, 5.0, 15.0, 10.0, 0.0, 8.0, 15.0, 8.0, 0.0, 5.0, 5.0, 5.0, 0.0, 12.0, 15.0, 12.0, 0.0, 0.0]
B: [0.0, 24.0, 58.8425537813, 270.0, 280.4634044651, 300.59027058979996, 324.35697410539996, 338.61592112119996, 358.63883901549997, 369.04049205719997, 400.08277691189994, 437.0, 469.0, 470.12168890518, 499.13406352358, 510.01354090077996, 529.0, 549.4257496801999, 566.2286940948, 592.9405838258]
