Avion: 7      Iteracion: 62

Num Ruta: 44
Ingresos: 2274.473
Costos: 413.014320494
Utilidad Ruta: 1861.45867951
Costo Reducido: 25.7754448558
Nodos: [107, 14, 49, 3, 38, 23, 35, 70, 34, 58, 22, 57, 69, 19, 33, 5, 40, 54, 21, 68, 4, 27, 56, 39, 62, 717]
q: [0.0, 0.0, 0.0, 0.0, 0.0, 7.0, 8.0, -8.0, 8.0, -7.0, 7.0, -7.0, -8.0, 7.0, 5.0, 3.0, -3.0, -7.0, 6.0, -5.0, 3.0, 6.0, -6.0, -3.0, -6.0, 0.0]
Q: [0.0, 0.0, 0.0, 0.0, 0.0, 7.0, 15.0, 7.0, 15.0, 8.0, 15.0, 8.0, 0.0, 7.0, 12.0, 15.0, 12.0, 5.0, 11.0, 6.0, 9.0, 15.0, 9.0, 6.0, 0.0, 0.0]
B: [0.0, 112.0, 124.021711775, 256.0, 261.08428175852, 267.0, 277.4634044651, 289.38614345409997, 322.0, 336.2589470158, 352.0153710073, 373.77005714620003, 384.3603074737, 404.9001237338, 441.4936840962, 469.0, 470.12168890518, 478.47762499876, 502.08448537876, 512.96396275596, 530.28149678946, 547.89627132676, 561.0737195243601, 577.8766639389601, 583.29192247388, 606.73691078698]
