Avion: 2      Iteracion: 17

Num Ruta: 20
Ingresos: 1637.801
Costos: 609.322573713
Utilidad Ruta: 1028.47842629
Costo Reducido: 224.172293826
Nodos: [102, 16, 51, 17, 52, 30, 65, 10, 45, 26, 61, 32, 67, 33, 6, 41, 13, 48, 68, 29, 27, 64, 62, 712]
q: [0.0, 0.0, 0.0, 5.0, -5.0, 11.0, -11.0, 12.0, -12.0, 0.0, 0.0, 11.0, -11.0, 5.0, 4.0, -4.0, 10.0, -10.0, -5.0, 9.0, 6.0, -9.0, -6.0, 0.0]
Q: [0.0, 0.0, 0.0, 5.0, 0.0, 11.0, 0.0, 12.0, 0.0, 0.0, 0.0, 11.0, 0.0, 5.0, 9.0, 5.0, 15.0, 5.0, 0.0, 9.0, 15.0, 6.0, 0.0, 0.0]
B: [0.0, 36.0, 45.624091437640004, 78.34191948294, 113.18447326424, 116.32892774793, 135.04295040473, 153.73600069083, 183.25551142523, 300.0, 317.5792279694, 337.6304130715, 348.0320661132, 437.0, 463.1548069196, 466.84709631779, 480.25716242499, 497.14031337499, 502.48836367393, 549.0, 574.6018082369, 582.8182362320799, 598.26561380888, 631.51423221628]
