Avion: 5      Iteracion: 26

Num Ruta: 26
Ingresos: 436.042
Costos: 273.645270994
Utilidad Ruta: 162.396729006
Costo Reducido: 42.8404739292
Nodos: [105, 19, 54, 27, 62, 715]
q: [0, 7.0, -7.0, 6.0, -6.0, 0]
Q: [0, 7.0, 0.0, 6.0, 0.0, 0]
B: [0.0, 402.0, 428.6271162915, 538.0, 555.0308623681, 587.6857874177999]
