Avion: 5      Iteracion: 28

Num Ruta: 28
Ingresos: 1185.652
Costos: 298.707591386
Utilidad Ruta: 886.944408614
Costo Reducido: 25.5865308237
Nodos: [105, 3, 38, 23, 58, 22, 57, 715]
q: [0, 13.0, -13.0, 10.0, -10.0, 10.0, -10.0, 0]
Q: [0, 13.0, 0.0, 10.0, 0.0, 10.0, 0.0, 0]
B: [0.0, 256.0, 261.08428175852, 267.0, 306.733842905, 322.49026689650003, 344.24495303540004, 353.39808195397006]
