Avion: 3      Iteracion: 10

Num Ruta: 13
Ingresos: 1726.226
Costos: 370.188562802
Utilidad Ruta: 1356.0374372
Costo Reducido: 225.835243586
Nodos: [103, 11, 46, 3, 38, 23, 58, 32, 67, 34, 69, 8, 33, 43, 6, 41, 68, 713]
q: [0, 6.0, -6.0, 13.0, -13.0, 10.0, -10.0, 11.0, -11.0, 8.0, -8.0, 8.0, 5.0, -8.0, 4.0, -4.0, -5.0, 0]
Q: [0, 6.0, 0.0, 13.0, 0.0, 10.0, 0.0, 11.0, 0.0, 8.0, 0.0, 8.0, 13.0, 5.0, 9.0, 5.0, 0.0, 0]
B: [0.0, 169.0, 173.05406684701, 256.0, 261.08428175852, 267.0, 306.733842905, 329.2181487426, 339.6198017843, 366.39323856410005, 402.83336877790003, 414.0, 437.0, 460.2743670161, 469.46503864552994, 473.15732804371993, 504.23518886131995, 507.93006436666997]
