Avion: 6      Iteracion: 52

Num Ruta: 42
Ingresos: 846.252
Costos: 215.783233762
Utilidad Ruta: 630.468766238
Costo Reducido: 23.6234510758
Nodos: [106, 23, 58, 27, 62, 716]
q: [0, 10.0, -10.0, 6.0, -6.0, 0]
Q: [0, 10.0, 0.0, 6.0, 0.0, 0]
B: [0.0, 267.0, 306.733842905, 538.0, 555.0308623681, 564.73653272104]
