Avion: 6      Iteracion: 22

Num Ruta: 23
Ingresos: 1115.609
Costos: 298.88096914
Utilidad Ruta: 816.72803086
Costo Reducido: 78.9479934092
Nodos: [106, 17, 52, 9, 44, 11, 46, 22, 57, 5, 40, 4, 39, 716]
q: [0, 5.0, -5.0, 11.0, -11.0, 6.0, -6.0, 10.0, -10.0, 9.0, -9.0, 3.0, -3.0, 0]
Q: [0, 5.0, 0.0, 11.0, 0.0, 6.0, 0.0, 10.0, 0.0, 9.0, 0.0, 3.0, 0.0, 0]
B: [0.0, 24.0, 58.8425537813, 81.72911018459999, 111.25634718709999, 169.0, 173.05406684701, 299.0, 320.7546861389, 469.0, 470.12168890518, 529.0, 549.4257496801999, 564.1028645192999]
