Avion: 7      Iteracion: 23

Num Ruta: 21
Ingresos: 456.354
Costos: 214.027033442
Utilidad Ruta: 242.326966558
Costo Reducido: 35.352676337
Nodos: [107, 14, 49, 11, 46, 22, 57, 717]
q: [0, 8.0, -8.0, 6.0, -6.0, 10.0, -10.0, 0]
Q: [0, 8.0, 0.0, 6.0, 0.0, 10.0, 0.0, 0]
B: [0.0, 112.0, 124.021711775, 169.0, 173.05406684701, 299.0, 320.7546861389, 322.72147489217]
