Avion: 4      Iteracion: 6

Num Ruta: 7
Ingresos: 3589.039
Costos: 564.120298846
Utilidad Ruta: 3024.91870115
Costo Reducido: 1154.25630968
Nodos: [104, 17, 52, 9, 44, 14, 49, 3, 38, 23, 35, 70, 58, 18, 53, 28, 31, 63, 19, 66, 54, 13, 48, 5, 40, 2, 37, 29, 64, 714]
q: [0.0, 5.0, -5.0, 11.0, -11.0, 8.0, -8.0, 13.0, -13.0, 10.0, 5.0, -5.0, -10.0, 10.0, -10.0, 6.0, 9.0, -6.0, 6.0, -9.0, -6.0, 15.0, -15.0, 9.0, -9.0, 10.0, -10.0, 9.0, -9.0, 0.0]
Q: [0.0, 5.0, 0.0, 11.0, 0.0, 8.0, 0.0, 13.0, 0.0, 10.0, 15.0, 10.0, 0.0, 10.0, 0.0, 6.0, 15.0, 9.0, 15.0, 6.0, 0.0, 15.0, 0.0, 9.0, 0.0, 10.0, 0.0, 9.0, 0.0, 0.0]
B: [0.0, 24.0, 58.8425537813, 81.72911018459999, 111.25634718709999, 121.5131539026, 133.5348656776, 256.0, 261.08428175852, 267.0, 277.4634044651, 289.38614345409997, 313.15284696969997, 338.59215837939996, 362.41039462809994, 378.0, 406.0, 426.4968799577, 439.0326732314, 455.1338900798, 477.5520543668, 481.77967367322003, 498.66282462322005, 525.9271077240201, 527.0487966292001, 541.1308470836001, 581.8658091310001, 591.6705496681101, 625.4503294483101, 652.2207594971101]
