Avion: 1      Iteracion: 19

Num Ruta: 21
Ingresos: 1026.121
Costos: 325.642606861
Utilidad Ruta: 700.478393139
Costo Reducido: 170.220502151
Nodos: [101, 30, 16, 51, 65, 24, 59, 1, 36, 8, 19, 54, 43, 33, 68, 711]
q: [0.0, 11.0, 0.0, 0.0, -11.0, 11.0, -11.0, 7.0, -7.0, 0.0, 0.0, 0.0, 0.0, 5.0, -5.0, 0.0]
Q: [0.0, 11.0, 11.0, 11.0, 0.0, 11.0, 0.0, 7.0, 0.0, 0.0, 0.0, 0.0, 0.0, 5.0, 0.0, 0.0]
B: [0.0, 64.0, 72.20259129788, 81.82668273552001, 84.69783929691, 109.43181018721, 147.94476048971, 175.0, 209.2400855285, 414.0, 437.1608815463, 463.7879978378, 466.71611702935996, 489.99048404546, 531.94314909786, 549.13531629686]
