Avion: 3      Iteracion: 58

Num Ruta: 54
Ingresos: 1696.464
Costos: 278.802832665
Utilidad Ruta: 1417.66116733
Costo Reducido: 127.577199152
Nodos: [103, 11, 46, 23, 35, 70, 32, 67, 26, 61, 58, 13, 48, 21, 56, 27, 62, 713]
q: [0.0, 6.0, -6.0, 5.0, 8.0, -8.0, 10.0, -10.0, 10.0, -10.0, -5.0, 15.0, -15.0, 12.0, -12.0, 6.0, -6.0, 0.0]
Q: [0.0, 6.0, 0.0, 5.0, 13.0, 5.0, 15.0, 5.0, 15.0, 5.0, 0.0, 15.0, 0.0, 12.0, 0.0, 6.0, 0.0, 0.0]
B: [0.0, 169.0, 173.05406684701, 267.0, 277.4634044651, 289.38614345409997, 309.0, 319.4016530417, 332.1221722921, 349.7014002615, 352.76847264408, 423.0, 439.88315095, 477.0, 517.7387906792, 538.0, 555.0308623681, 583.3015826454]
