Avion: 1      Iteracion: 62

Num Ruta: 48
Ingresos: 1322.955
Costos: 379.598770446
Utilidad Ruta: 943.356229554
Costo Reducido: 48.7924960707
Nodos: [101, 30, 65, 24, 59, 1, 36, 35, 70, 32, 67, 19, 54, 27, 62, 711]
q: [0, 11.0, -11.0, 11.0, -11.0, 7.0, -7.0, 8.0, -8.0, 11.0, -11.0, 7.0, -7.0, 6.0, -6.0, 0]
Q: [0, 11.0, 0.0, 11.0, 0.0, 7.0, 0.0, 8.0, 0.0, 11.0, 0.0, 7.0, 0.0, 6.0, 0.0, 0]
B: [0.0, 64.0, 82.7140226568, 107.4479935471, 145.9609438496, 175.0, 209.2400855285, 270.0, 281.922738989, 309.0, 319.4016530417, 402.0, 428.6271162915, 538.0, 555.0308623681, 569.1482535223]
