Avion: 3      Iteracion: 41

Num Ruta: 42
Ingresos: 2647.131
Costos: 551.982515992
Utilidad Ruta: 2095.14848401
Costo Reducido: 41.1565957284
Nodos: [103, 30, 10, 65, 45, 3, 38, 23, 35, 70, 34, 58, 22, 69, 57, 19, 25, 60, 54, 15, 21, 50, 4, 39, 56, 713]
q: [0.0, 3.0, 12.0, -3.0, -12.0, 0.0, 0.0, 7.0, 8.0, -8.0, 8.0, -7.0, 7.0, -8.0, -7.0, 7.0, 8.0, -8.0, -7.0, 0.0, 12.0, 0.0, 3.0, -3.0, -12.0, 0.0]
Q: [0.0, 3.0, 15.0, 12.0, 0.0, 0.0, 0.0, 7.0, 15.0, 7.0, 15.0, 8.0, 15.0, 7.0, 0.0, 7.0, 15.0, 7.0, 0.0, 0.0, 12.0, 12.0, 15.0, 12.0, 0.0, 0.0]
B: [0.0, 64.0, 96.0, 114.6930502861, 133.5938481793, 256.0, 261.08428175852, 267.0, 277.4634044651, 289.38614345409997, 322.0, 336.2589470158, 352.0153710073, 366.5845376616, 377.17478798909997, 402.0, 411.3920072402, 428.57698955029997, 445.3638459862, 511.0, 516.67223351071, 527.47150163401, 533.0461809073, 553.4719305875001, 570.2748750021001, 601.4326208288]
