Avion: 5      Iteracion: 5

Num Ruta: 8
Ingresos: 1525.923
Costos: 406.298198008
Utilidad Ruta: 1119.62480199
Costo Reducido: 989.982448048
Nodos: [105, 18, 53, 34, 69, 8, 43, 31, 66, 2, 37, 715]
q: [0, 10.0, -10.0, 8.0, -8.0, 8.0, -8.0, 9.0, -9.0, 10.0, -10.0, 0]
Q: [0, 10.0, 0.0, 8.0, 0.0, 8.0, 0.0, 9.0, 0.0, 10.0, 0.0, 0]
B: [0.0, 293.0, 316.8182362487, 340.28894720939996, 376.72907742319995, 414.0, 434.768396616, 451.8810179523, 480.2064970303, 522.0, 562.7349620474, 598.7395051635]
