Avion: 2      Iteracion: 18

Num Ruta: 21
Ingresos: 1453.474
Costos: 546.599097914
Utilidad Ruta: 906.874902086
Costo Reducido: 145.176490194
Nodos: [102, 16, 51, 30, 65, 24, 59, 22, 57, 19, 33, 54, 13, 48, 68, 712]
q: [0.0, 0.0, 0.0, 11.0, -11.0, 11.0, -11.0, 10.0, -10.0, 7.0, 5.0, -7.0, 10.0, -10.0, -5.0, 0.0]
Q: [0.0, 0.0, 0.0, 11.0, 0.0, 11.0, 0.0, 10.0, 0.0, 7.0, 12.0, 5.0, 15.0, 5.0, 0.0, 0.0]
B: [0.0, 36.0, 45.624091437640004, 64.0, 82.7140226568, 107.4479935471, 145.9609438496, 299.0, 320.7546861389, 402.0, 438.5935603624, 460.1419541308, 464.36957343722, 481.25272438722004, 486.60077468616004, 496.93005471916]
