Avion: 7      Iteracion: 11

Num Ruta: 13
Ingresos: 1374.834
Costos: 415.028579699
Utilidad Ruta: 959.805420301
Costo Reducido: 150.492412641
Nodos: [107, 17, 52, 8, 33, 43, 68, 29, 4, 64, 39, 717]
q: [0, 5.0, -5.0, 8.0, 5.0, -8.0, -5.0, 9.0, 3.0, -9.0, -3.0, 0]
Q: [0, 5.0, 0.0, 8.0, 13.0, 5.0, 0.0, 9.0, 12.0, 3.0, 0.0, 0]
B: [0.0, 45.942580685, 80.78513446630001, 414.0, 437.0, 460.2743670161, 482.23124805599997, 549.0, 569.7100026316, 592.5834067727, 604.8024778094, 633.549945524]
