Avion: 7      Iteracion: 51

Num Ruta: 37
Ingresos: 2546.357
Costos: 372.204414413
Utilidad Ruta: 2174.15258559
Costo Reducido: 29.530894717
Nodos: [107, 14, 49, 3, 38, 23, 58, 22, 57, 25, 60, 31, 33, 66, 21, 68, 27, 56, 62, 717]
q: [0.0, 8.0, -8.0, 0.0, 0.0, 10.0, -10.0, 10.0, -10.0, 10.0, -10.0, 9.0, 5.0, -9.0, 10.0, -5.0, 5.0, -10.0, -5.0, 0.0]
Q: [0.0, 8.0, 0.0, 0.0, 0.0, 10.0, 0.0, 10.0, 0.0, 10.0, 0.0, 9.0, 14.0, 5.0, 15.0, 10.0, 15.0, 5.0, 0.0, 0.0]
B: [0.0, 112.0, 124.021711775, 256.0, 261.08428175852, 267.0, 306.733842905, 322.49026689650003, 344.24495303540004, 410.0, 427.1849823101, 432.00662891681, 469.50789920201, 491.90606064441, 515.37189932531, 526.25137670251, 548.13220833661, 561.30965653421, 582.27644574951, 605.72143406261]
