Avion: 2      Iteracion: 9

Num Ruta: 13
Ingresos: 1224.043
Costos: 454.584205404
Utilidad Ruta: 769.458794596
Costo Reducido: 278.594059837
Nodos: [102, 30, 65, 32, 67, 34, 69, 20, 4, 39, 55, 2, 37, 712]
q: [0, 11.0, -11.0, 11.0, -11.0, 8.0, -8.0, 0.0, 3.0, -3.0, -0.0, 10.0, -10.0, 0]
Q: [0, 11.0, 0.0, 11.0, 0.0, 8.0, 0.0, 0.0, 3.0, 0.0, 0.0, 10.0, 0.0, 0]
B: [0.0, 64.0, 82.7140226568, 309.0, 319.4016530417, 346.1750898215, 382.6152200353, 496.0, 529.0, 549.4257496801999, 561.2869729308, 568.6172701962599, 609.35223224366, 613.46797871301]
