Avion: 3      Iteracion: 6

Num Ruta: 9
Ingresos: 2542.766
Costos: 595.173563098
Utilidad Ruta: 1947.5924369
Costo Reducido: 858.313018849
Nodos: [103, 16, 51, 9, 44, 14, 49, 1, 36, 3, 38, 23, 35, 70, 58, 18, 53, 28, 31, 63, 66, 5, 33, 40, 68, 713]
q: [0.0, 9.0, -9.0, 11.0, -11.0, 8.0, -8.0, 7.0, -7.0, 13.0, -13.0, 10.0, 5.0, -5.0, -10.0, 10.0, -10.0, 6.0, 9.0, -6.0, -9.0, 9.0, 5.0, -9.0, -5.0, 0.0]
Q: [0.0, 9.0, 0.0, 11.0, 0.0, 8.0, 0.0, 7.0, 0.0, 13.0, 0.0, 10.0, 15.0, 10.0, 0.0, 10.0, 0.0, 6.0, 15.0, 9.0, 0.0, 9.0, 14.0, 5.0, 0.0, 0.0]
B: [0.0, 36.0, 45.624091437640004, 75.68094759394, 105.20818459644, 115.46499131194001, 127.48670308694001, 175.0, 209.2400855285, 256.0, 261.08428175852, 267.0, 277.4634044651, 289.38614345409997, 313.15284696969997, 338.59215837939996, 362.41039462809994, 378.0, 406.0, 426.4968799577, 454.9113116606, 474.8077958726, 488.5059630493, 501.79614175390003, 530.8085163723, 534.50339187765]
