Avion: 4      Iteracion: 63

Num Ruta: 30
Ingresos: 1488.678
Costos: 351.856784686
Utilidad Ruta: 1136.82121531
Costo Reducido: 32.8747766016
Nodos: [104, 17, 52, 14, 49, 35, 70, 2, 27, 62, 37, 29, 64, 714]
q: [0.0, 5.0, -5.0, 8.0, -8.0, 8.0, -8.0, 9.0, 6.0, -6.0, -9.0, 9.0, -9.0, 0.0]
Q: [0.0, 5.0, 0.0, 8.0, 0.0, 8.0, 0.0, 9.0, 15.0, 9.0, 0.0, 9.0, 0.0, 0.0]
B: [0.0, 24.0, 58.8425537813, 112.0, 124.021711775, 270.0, 281.922738989, 522.0, 547.7839683718, 564.8148307399, 594.1553610862, 603.9601016233099, 637.7398814035099, 664.5103114523099]
