Avion: 2      Iteracion: 0

Num Ruta: 1
Ingresos: 933.065
Costos: 451.480773263
Utilidad Ruta: 481.584226738
Costo Reducido: -
Nodos: [102, 10, 45, 2, 37, 4, 39, 712]
q: [0, 12.0, -12.0, 10.0, -10.0, 3.0, -3.0, 0]
Q: [0, 12.0, 0.0, 10.0, 0.0, 3.0, 0.0, 0]
B: [0.0, 96.0, 125.5195107344, 522.0, 562.7349620474, 576.1857178626, 596.6114675428, 633.8334146305]
