Avion: 6      Iteracion: 54

Num Ruta: 44
Ingresos: 1089.493
Costos: 295.414726452
Utilidad Ruta: 794.078273548
Costo Reducido: 13.5120711547
Nodos: [106, 16, 51, 9, 44, 23, 58, 27, 62, 716]
q: [0, 9.0, -9.0, 11.0, -11.0, 10.0, -10.0, 6.0, -6.0, 0]
Q: [0, 9.0, 0.0, 11.0, 0.0, 10.0, 0.0, 6.0, 0.0, 0]
B: [0.0, 36.0, 45.624091437640004, 75.68094759394, 105.20818459644, 267.0, 306.733842905, 538.0, 555.0308623681, 564.73653272104]
