Avion: 2      Iteracion: 13

Num Ruta: 17
Ingresos: 2632.58
Costos: 715.268260318
Utilidad Ruta: 1917.31173968
Costo Reducido: 198.653035875
Nodos: [102, 16, 51, 9, 44, 11, 46, 1, 36, 3, 38, 26, 34, 61, 22, 69, 57, 25, 60, 13, 48, 21, 4, 39, 56, 712]
q: [0.0, 9.0, -9.0, 11.0, -11.0, 6.0, -6.0, 7.0, -7.0, 13.0, -13.0, 10.0, 5.0, -10.0, 10.0, -5.0, -10.0, 10.0, -10.0, 15.0, -15.0, 12.0, 3.0, -3.0, -12.0, 0.0]
Q: [0.0, 9.0, 0.0, 11.0, 0.0, 6.0, 0.0, 7.0, 0.0, 13.0, 0.0, 10.0, 15.0, 5.0, 15.0, 10.0, 0.0, 10.0, 0.0, 15.0, 0.0, 12.0, 15.0, 12.0, 0.0, 0.0]
B: [0.0, 36.0, 45.624091437640004, 75.68094759394, 105.20818459644, 169.0, 173.05406684701, 195.72351838431, 229.96360391281002, 256.0, 261.08428175852, 300.0, 322.0, 336.913246092, 350.5474267421, 365.1165933964, 375.70684372389996, 410.0, 427.1849823101, 443.186042775, 460.069193725, 477.0, 529.0, 549.4257496801999, 566.2286940948, 608.3254898398]
