Avion: 6      Iteracion: 36

Num Ruta: 33
Ingresos: 1054.787
Costos: 318.81071348
Utilidad Ruta: 735.97628652
Costo Reducido: 21.2994494999
Nodos: [106, 17, 52, 10, 45, 32, 67, 34, 69, 5, 40, 4, 39, 716]
q: [0, 5.0, -5.0, 12.0, -12.0, 11.0, -11.0, 8.0, -8.0, 9.0, -9.0, 3.0, -3.0, 0]
Q: [0, 5.0, 0.0, 12.0, 0.0, 11.0, 0.0, 8.0, 0.0, 9.0, 0.0, 3.0, 0.0, 0]
B: [0.0, 24.0, 58.8425537813, 96.0, 125.5195107344, 309.0, 319.4016530417, 346.1750898215, 382.6152200353, 469.0, 470.12168890518, 529.0, 549.4257496801999, 564.1028645192999]
