Avion: 3      Iteracion: 8

Num Ruta: 11
Ingresos: 1229.616
Costos: 447.541857975
Utilidad Ruta: 782.074142025
Costo Reducido: 404.204543372
Nodos: [103, 9, 44, 11, 46, 3, 38, 35, 70, 22, 57, 25, 60, 33, 5, 40, 6, 41, 68, 713]
q: [0, 11.0, -11.0, 6.0, -6.0, 13.0, -13.0, 8.0, -8.0, 10.0, -10.0, 10.0, -10.0, 5.0, 9.0, -9.0, 4.0, -4.0, -5.0, 0]
Q: [0, 11.0, 0.0, 6.0, 0.0, 13.0, 0.0, 8.0, 0.0, 10.0, 0.0, 10.0, 0.0, 5.0, 14.0, 5.0, 9.0, 5.0, 0.0, 0]
B: [0.0, 37.2069129329, 66.73414993540001, 169.0, 173.05406684701, 256.0, 261.08428175852, 274.08526633661995, 286.00800532561993, 303.7313161055199, 325.4860022444199, 410.0, 427.1849823101, 462.7023875222, 476.4005546989, 477.52224360408, 493.74583645528, 497.43812585347, 528.51598667107, 532.2108621764199]
