Avion: 4      Iteracion: 5

Num Ruta: 6
Ingresos: 3553.556
Costos: 669.080249965
Utilidad Ruta: 2884.47575004
Costo Reducido: 1776.70989924
Nodos: [104, 17, 52, 16, 51, 10, 45, 1, 11, 46, 36, 23, 18, 53, 58, 34, 69, 25, 60, 31, 66, 8, 43, 2, 27, 62, 37, 29, 64, 714]
q: [0.0, 5.0, -5.0, 9.0, -9.0, 12.0, -12.0, 7.0, 6.0, -6.0, -7.0, 5.0, 10.0, -10.0, -5.0, 8.0, -8.0, 10.0, -10.0, 9.0, -9.0, 8.0, -8.0, 10.0, 5.0, -5.0, -10.0, 9.0, -9.0, 0.0]
Q: [0.0, 5.0, 0.0, 9.0, 0.0, 12.0, 0.0, 7.0, 13.0, 7.0, 0.0, 5.0, 15.0, 5.0, 0.0, 8.0, 0.0, 10.0, 0.0, 9.0, 0.0, 8.0, 0.0, 10.0, 15.0, 10.0, 0.0, 9.0, 0.0, 0.0]
B: [0.0, 24.0, 58.8425537813, 64.17419311644, 73.79828455408, 96.0, 125.5195107344, 175.0, 193.6808285951, 197.73489544211, 232.05062478011, 267.0, 293.0, 316.8182362487, 326.74376782137, 341.00271483717, 377.44284505097, 410.0, 427.1849823101, 432.00662891681, 460.33210799481, 469.11495411665, 489.88335073265, 522.0, 547.7839683718, 564.8148307399, 594.1553610862, 603.9601016233099, 637.7398814035099, 664.5103114523099]
