Avion: 2      Iteracion: 40

Num Ruta: 42
Ingresos: 1839.156
Costos: 477.094255835
Utilidad Ruta: 1362.06174417
Costo Reducido: 95.9123166865
Nodos: [102, 16, 51, 23, 35, 70, 58, 32, 67, 26, 61, 28, 13, 48, 63, 25, 60, 20, 4, 39, 55, 2, 37, 712]
q: [0.0, 0.0, 0.0, 10.0, 5.0, -5.0, -10.0, 11.0, -11.0, 10.0, -10.0, 6.0, 9.0, -9.0, -6.0, 10.0, -10.0, 0.0, 3.0, -3.0, 0.0, 0.0, 0.0, 0.0]
Q: [0.0, 0.0, 0.0, 10.0, 15.0, 10.0, 0.0, 11.0, 0.0, 10.0, 0.0, 6.0, 15.0, 6.0, 0.0, 10.0, 0.0, 0.0, 3.0, 0.0, 0.0, 0.0, 0.0, 0.0]
B: [0.0, 36.0, 45.624091437640004, 267.0, 277.4634044651, 289.38614345409997, 313.15284696969997, 335.63715280729997, 346.03880584899997, 358.7593250994, 376.33855306879997, 386.7464701034, 423.0, 439.88315095, 462.92158097460003, 466.25495959096, 483.43994190106, 496.0, 529.0, 549.4257496801999, 561.2869729308, 568.6172701962599, 609.35223224366, 613.46797871301]
