Avion: 3      Iteracion: 49

Num Ruta: 49
Ingresos: 706.926
Costos: 144.777046859
Utilidad Ruta: 562.148953141
Costo Reducido: 72.4731092719
Nodos: [103, 11, 46, 21, 56, 713]
q: [0, 6.0, -6.0, 12.0, -12.0, 0]
Q: [0, 6.0, 0.0, 12.0, 0.0, 0]
B: [0.0, 169.0, 173.05406684701, 477.0, 517.7387906792, 548.8965365058999]
