Avion: 6      Iteracion: 1

Num Ruta: 4
Ingresos: 4021.127
Costos: 665.788942779
Utilidad Ruta: 3355.33805722
Costo Reducido: 3000.57064993
Nodos: [106, 17, 52, 24, 9, 44, 59, 10, 45, 23, 58, 26, 61, 22, 57, 8, 43, 13, 48, 31, 66, 21, 4, 39, 56, 29, 64, 716]
q: [0.0, 5.0, -5.0, 11.0, 4.0, -4.0, -11.0, 12.0, -12.0, 10.0, -10.0, 10.0, -10.0, 10.0, -10.0, 8.0, -8.0, 15.0, -15.0, 9.0, -9.0, 12.0, 3.0, -3.0, -12.0, 9.0, -9.0, 0.0]
Q: [0.0, 5.0, 0.0, 11.0, 15.0, 11.0, 0.0, 12.0, 0.0, 10.0, 0.0, 10.0, 0.0, 10.0, 0.0, 8.0, 0.0, 15.0, 0.0, 9.0, 0.0, 12.0, 15.0, 12.0, 0.0, 9.0, 0.0, 0.0]
B: [0.0, 24.0, 58.8425537813, 75.400837086, 81.83771412381999, 111.36495112632, 136.42051454042, 148.20644522071998, 177.72595595511999, 267.0, 306.733842905, 326.4202156791, 343.9994436485, 357.6336242986, 379.3883104375, 414.0, 434.768396616, 436.97907275691, 453.86222370691, 458.31973713931, 486.64521621731, 510.11105489821, 529.0, 549.4257496801999, 566.2286940948, 604.6819905724999, 638.4617703526999, 658.8589776369998]
