Avion: 6      Iteracion: 21

Num Ruta: 22
Ingresos: 2001.442
Costos: 362.57862909
Utilidad Ruta: 1638.86337091
Costo Reducido: 106.423562991
Nodos: [106, 17, 30, 52, 65, 35, 70, 6, 41, 13, 48, 21, 56, 2, 37, 716]
q: [0.0, 4.0, 11.0, -4.0, -11.0, 8.0, -8.0, 4.0, -4.0, 15.0, -15.0, 12.0, -12.0, 10.0, -10.0, 0.0]
Q: [0.0, 4.0, 15.0, 11.0, 0.0, 8.0, 0.0, 4.0, 0.0, 15.0, 0.0, 12.0, 0.0, 10.0, 0.0, 0.0]
B: [0.0, 24.0, 64.0, 67.14445448369, 83.24240000479, 270.0, 281.922738989, 436.0, 439.69228939819, 453.10235550539, 469.98550645539, 485.49690284639, 526.23569352559, 550.08670725669, 590.82166930409, 611.2473067726901]
