Avion: 5      Iteracion: 43

Num Ruta: 36
Ingresos: 1204.9
Costos: 329.91130154
Utilidad Ruta: 874.98869846
Costo Reducido: 6.67569296175
Nodos: [105, 18, 53, 22, 57, 21, 56, 715]
q: [0, 10.0, -10.0, 10.0, -10.0, 12.0, -12.0, 0]
Q: [0, 10.0, 0.0, 10.0, 0.0, 12.0, 0.0, 0]
B: [0.0, 293.0, 316.8182362487, 332.3010836612, 354.0557698001, 477.0, 517.7387906792, 571.0705351096999]
