Avion: 5      Iteracion: 39

Num Ruta: 35
Ingresos: 433.049
Costos: 220.517385382
Utilidad Ruta: 212.531614618
Costo Reducido: 25.7606906355
Nodos: [105, 18, 53, 31, 66, 715]
q: [0, 10.0, -10.0, 9.0, -9.0, 0]
Q: [0, 10.0, 0.0, 9.0, 0.0, 0]
B: [0.0, 293.0, 316.8182362487, 406.0, 434.325479078, 448.0782228406]
