Avion: 6      Iteracion: 55

Num Ruta: 45
Ingresos: 1090.982
Costos: 277.676561762
Utilidad Ruta: 813.305438238
Costo Reducido: 74.5361270364
Nodos: [106, 10, 45, 23, 35, 70, 32, 67, 26, 61, 58, 6, 41, 5, 40, 27, 62, 716]
q: [0.0, 12.0, -12.0, 5.0, 8.0, -8.0, 10.0, -10.0, 10.0, -10.0, -5.0, 4.0, -4.0, 0.0, 0.0, 6.0, -6.0, 0.0]
Q: [0.0, 12.0, 0.0, 5.0, 13.0, 5.0, 15.0, 5.0, 15.0, 5.0, 0.0, 4.0, 0.0, 0.0, 0.0, 6.0, 0.0, 0.0]
B: [0.0, 96.0, 125.5195107344, 267.0, 277.4634044651, 289.38614345409997, 309.0, 319.4016530417, 332.1221722921, 349.7014002615, 352.76847264408, 436.0, 439.69228939819, 469.0, 470.12168890518, 538.0, 555.0308623681, 564.73653272104]
