Avion: 3      Iteracion: 17

Num Ruta: 19
Ingresos: 1199.494
Costos: 330.603024572
Utilidad Ruta: 868.890975428
Costo Reducido: 115.428618667
Nodos: [103, 11, 46, 1, 36, 3, 38, 25, 60, 31, 33, 66, 68, 713]
q: [0, 6.0, -6.0, 7.0, -7.0, 13.0, -13.0, 10.0, -10.0, 9.0, 5.0, -9.0, -5.0, 0]
Q: [0, 6.0, 0.0, 7.0, 0.0, 13.0, 0.0, 10.0, 0.0, 9.0, 14.0, 5.0, 0.0, 0]
B: [0.0, 169.0, 173.05406684701, 195.72351838431, 229.96360391281002, 256.0, 261.08428175852, 410.0, 427.1849823101, 432.00662891681, 469.50789920201, 491.90606064441, 522.85785149731, 526.5527270026599]
