Avion: 2      Iteracion: 28

Num Ruta: 30
Ingresos: 1785.339
Costos: 620.704703735
Utilidad Ruta: 1164.63429626
Costo Reducido: 38.6107130976
Nodos: [102, 16, 51, 24, 59, 10, 45, 3, 38, 23, 18, 58, 53, 29, 4, 27, 64, 39, 62, 712]
q: [0.0, 0.0, 0.0, 11.0, -11.0, 12.0, -12.0, 13.0, -13.0, 10.0, 5.0, -10.0, -5.0, 6.0, 3.0, 6.0, -6.0, -3.0, -6.0, 0.0]
Q: [0.0, 0.0, 0.0, 11.0, 0.0, 12.0, 0.0, 13.0, 0.0, 10.0, 15.0, 5.0, 0.0, 6.0, 9.0, 15.0, 9.0, 6.0, 0.0, 0.0]
B: [0.0, 36.0, 45.624091437640004, 70.85029051714, 109.36324081964, 121.14917149994, 150.66868223434, 256.0, 261.08428175852, 267.0, 293.0, 318.4393114097, 328.36484298237, 549.0, 569.7100026316, 587.3247771689, 595.54120516408, 607.76027620078, 613.1755347357, 646.4241531431]
