Avion: 3      Iteracion: 25

Num Ruta: 27
Ingresos: 1699.401
Costos: 394.095977088
Utilidad Ruta: 1305.30502291
Costo Reducido: 92.4444568318
Nodos: [103, 9, 44, 14, 49, 23, 35, 70, 58, 32, 67, 33, 8, 43, 13, 48, 68, 713]
q: [0.0, 11.0, -11.0, 8.0, -8.0, 10.0, 5.0, -5.0, -10.0, 11.0, -11.0, 5.0, 8.0, -8.0, 10.0, -10.0, -5.0, 0.0]
Q: [0.0, 11.0, 0.0, 8.0, 0.0, 10.0, 15.0, 10.0, 0.0, 11.0, 0.0, 5.0, 13.0, 5.0, 15.0, 5.0, 0.0, 0.0]
B: [0.0, 37.2069129329, 66.73414993540001, 112.0, 124.021711775, 267.0, 277.4634044651, 289.38614345409997, 313.15284696969997, 335.63715280729997, 346.03880584899997, 437.0, 450.76465480859997, 471.5330514246, 473.74372756550997, 490.62687851551, 495.97492881445, 499.6698043198]
