Avion: 1      Iteracion: 1

Num Ruta: 4
Ingresos: 3393.893
Costos: 543.456106989
Utilidad Ruta: 2850.43689301
Costo Reducido: 2239.76796497
Nodos: [101, 17, 52, 30, 16, 51, 65, 24, 59, 1, 36, 23, 58, 26, 61, 22, 57, 8, 19, 54, 43, 13, 48, 21, 4, 39, 56, 711]
q: [0.0, 5.0, -5.0, 11.0, 4.0, -4.0, -11.0, 11.0, -11.0, 0.0, 0.0, 10.0, -10.0, 10.0, -10.0, 10.0, -10.0, 8.0, 0.0, 0.0, -8.0, 15.0, -15.0, 12.0, 3.0, -3.0, -12.0, 0.0]
Q: [0.0, 5.0, 0.0, 11.0, 15.0, 11.0, 0.0, 11.0, 0.0, 0.0, 0.0, 10.0, 0.0, 10.0, 0.0, 10.0, 0.0, 8.0, 8.0, 8.0, 0.0, 15.0, 0.0, 12.0, 15.0, 12.0, 0.0, 0.0]
B: [0.0, 24.0, 58.8425537813, 64.0, 72.20259129788, 81.82668273552001, 84.69783929691, 109.43181018721, 147.94476048971, 175.0, 209.2400855285, 267.0, 306.733842905, 326.4202156791, 343.9994436485, 357.6336242986, 379.3883104375, 414.0, 437.1608815463, 463.7879978378, 466.71611702935996, 468.92679317026995, 485.80994412026996, 501.32134051126997, 529.0, 549.4257496801999, 566.2286940948, 588.4711797696999]
