Avion: 1      Iteracion: 20

Num Ruta: 22
Ingresos: 662.876
Costos: 318.82334559
Utilidad Ruta: 344.05265441
Costo Reducido: 56.2935788215
Nodos: [101, 32, 67, 2, 37, 711]
q: [0, 11.0, -11.0, 10.0, -10.0, 0]
Q: [0, 11.0, 0.0, 10.0, 0.0, 0]
B: [0.0, 309.0, 319.4016530417, 522.0, 562.7349620474, 579.6846292418]
