Avion: 5      Iteracion: 25

Num Ruta: 25
Ingresos: 356.24
Costos: 222.10111207
Utilidad Ruta: 134.13888793
Costo Reducido: 7.49277035182
Nodos: [105, 22, 57, 715]
q: [0, 10.0, -10.0, 0]
Q: [0, 10.0, 0.0, 0]
B: [0.0, 299.0, 320.7546861389, 329.90781505747003]
