Avion: 2      Iteracion: 3

Num Ruta: 7
Ingresos: 1950.138
Costos: 698.294165577
Utilidad Ruta: 1251.84383442
Costo Reducido: 1131.06549016
Nodos: [102, 24, 59, 18, 53, 34, 69, 19, 54, 13, 48, 31, 66, 21, 20, 4, 27, 56, 39, 55, 62, 712]
q: [0.0, 11.0, -11.0, 10.0, -10.0, 8.0, -8.0, 7.0, -7.0, 15.0, -15.0, 9.0, -9.0, 6.0, 0.0, 3.0, 6.0, -6.0, -3.0, 0.0, -6.0, 0.0]
Q: [0.0, 11.0, 0.0, 10.0, 0.0, 8.0, 0.0, 7.0, 0.0, 15.0, 0.0, 9.0, 0.0, 6.0, 6.0, 9.0, 15.0, 9.0, 6.0, 6.0, 0.0, 0.0]
B: [0.0, 61.0, 99.5129503025, 293.0, 316.8182362487, 340.28894720939996, 376.72907742319995, 402.0, 428.6271162915, 432.85473559792, 449.73788654792, 454.19539998032, 482.52087905832, 505.98671773922, 510.73612412318, 529.0, 546.6147745373, 559.7922227349001, 576.5951671495001, 588.4563904001001, 604.614156211, 637.8627746184001]
