Avion: 7      Iteracion: 24

Num Ruta: 22
Ingresos: 1285.766
Costos: 209.964162565
Utilidad Ruta: 1075.80183744
Costo Reducido: 71.6091640452
Nodos: [107, 14, 49, 11, 46, 3, 38, 23, 58, 22, 57, 717]
q: [0, 8.0, -8.0, 6.0, -6.0, 13.0, -13.0, 10.0, -10.0, 10.0, -10.0, 0]
Q: [0, 8.0, 0.0, 6.0, 0.0, 13.0, 0.0, 10.0, 0.0, 10.0, 0.0, 0]
B: [0.0, 112.0, 124.021711775, 169.0, 173.05406684701, 256.0, 261.08428175852, 267.0, 306.733842905, 322.49026689650003, 344.24495303540004, 346.21174178867005]
