Avion: 3      Iteracion: 47

Num Ruta: 47
Ingresos: 1086.566
Costos: 252.25324984
Utilidad Ruta: 834.31275016
Costo Reducido: 61.9440325964
Nodos: [103, 11, 46, 18, 53, 25, 60, 21, 56, 713]
q: [0, 6.0, -6.0, 10.0, -10.0, 10.0, -10.0, 12.0, -12.0, 0]
Q: [0, 6.0, 0.0, 10.0, 0.0, 10.0, 0.0, 12.0, 0.0, 0]
B: [0.0, 169.0, 173.05406684701, 293.0, 316.8182362487, 410.0, 427.1849823101, 477.0, 517.7387906792, 548.8965365058999]
