Avion: 2      Iteracion: 54

Num Ruta: 49
Ingresos: 1652.514
Costos: 368.80232699
Utilidad Ruta: 1283.71167301
Costo Reducido: 72.100768226
Nodos: [102, 16, 51, 9, 24, 44, 59, 10, 45, 26, 61, 13, 48, 20, 4, 39, 55, 2, 37, 712]
q: [0.0, 9.0, -9.0, 11.0, 4.0, -11.0, -4.0, 12.0, -12.0, 10.0, -10.0, 15.0, -15.0, 0.0, 3.0, -3.0, 0.0, 10.0, -10.0, 0.0]
Q: [0.0, 9.0, 0.0, 11.0, 15.0, 4.0, 0.0, 12.0, 0.0, 10.0, 0.0, 15.0, 0.0, 0.0, 3.0, 0.0, 0.0, 10.0, 0.0, 0.0]
B: [0.0, 36.0, 45.624091437640004, 75.68094759394, 82.11782463176, 106.25807452686, 131.31363794096, 143.09956862126, 172.61907935566, 300.0, 317.5792279694, 423.0, 439.88315095, 496.0, 529.0, 549.4257496801999, 561.2869729308, 568.6172701962599, 609.35223224366, 613.46797871301]
