Avion: 5      Iteracion: 4

Num Ruta: 7
Ingresos: 1954.42
Costos: 534.965907037
Utilidad Ruta: 1419.45409296
Costo Reducido: 1522.13561847
Nodos: [105, 1, 36, 22, 57, 26, 61, 28, 63, 33, 68, 29, 27, 64, 62, 715]
q: [0, 7.0, -7.0, 10.0, -10.0, 10.0, -10.0, 6.0, -6.0, 5.0, -5.0, 9.0, 6.0, -9.0, -6.0, 0]
Q: [0, 7.0, 0.0, 10.0, 0.0, 10.0, 0.0, 6.0, 0.0, 5.0, 0.0, 9.0, 15.0, 6.0, 0.0, 0]
B: [0.0, 175.0, 209.2400855285, 299.0, 320.7546861389, 357.0876895518, 374.6669175212, 385.0748345558, 421.1014533397, 468.4263531389, 510.3790181913, 549.0, 574.6018082369, 582.8182362320799, 598.26561380888, 630.9205388585799]
