Avion: 2      Iteracion: 20

Num Ruta: 23
Ingresos: 1490.85
Costos: 536.39008817
Utilidad Ruta: 954.45991183
Costo Reducido: 183.314313424
Nodos: [102, 16, 51, 9, 44, 14, 49, 3, 38, 23, 26, 61, 58, 32, 67, 33, 13, 48, 68, 712]
q: [0.0, 0.0, 0.0, 11.0, -11.0, 8.0, -8.0, 13.0, -13.0, 10.0, 0.0, 0.0, -10.0, 11.0, -11.0, 5.0, 10.0, -10.0, -5.0, 0.0]
Q: [0.0, 0.0, 0.0, 11.0, 0.0, 8.0, 0.0, 13.0, 0.0, 10.0, 10.0, 10.0, 0.0, 11.0, 0.0, 5.0, 15.0, 5.0, 0.0, 0.0]
B: [0.0, 36.0, 45.624091437640004, 75.68094759394, 105.20818459644, 115.46499131194001, 127.48670308694001, 256.0, 261.08428175852, 267.0, 301.4413435423, 319.0205715117, 322.08764389428, 344.57194973188, 354.97360277358, 437.0, 462.372931896, 479.256082846, 484.60413314494, 494.93341317794]
