Avion: 3      Iteracion: 19

Num Ruta: 21
Ingresos: 1292.985
Costos: 454.06799336
Utilidad Ruta: 838.91700664
Costo Reducido: 224.86841621
Nodos: [103, 9, 44, 14, 49, 1, 36, 22, 57, 32, 67, 33, 5, 40, 68, 713]
q: [0, 11.0, -11.0, 8.0, -8.0, 7.0, -7.0, 10.0, -10.0, 11.0, -11.0, 5.0, 9.0, -9.0, -5.0, 0]
Q: [0, 11.0, 0.0, 8.0, 0.0, 7.0, 0.0, 10.0, 0.0, 11.0, 0.0, 5.0, 14.0, 5.0, 0.0, 0]
B: [0.0, 37.2069129329, 66.73414993540001, 112.0, 124.021711775, 175.0, 209.2400855285, 299.0, 320.7546861389, 354.75446344700003, 365.15611648870004, 437.0, 469.0, 470.12168890518, 499.13406352358, 502.82893902893]
