Avion: 2      Iteracion: 1

Num Ruta: 5
Ingresos: 3704.842
Costos: 806.986820549
Utilidad Ruta: 2897.85517945
Costo Reducido: 2830.58402017
Nodos: [102, 17, 30, 52, 24, 65, 59, 10, 45, 23, 58, 26, 61, 22, 57, 8, 43, 13, 48, 31, 66, 21, 20, 4, 27, 56, 39, 55, 62, 712]
q: [0.0, 5.0, 4.0, -5.0, 11.0, -4.0, -11.0, 12.0, -12.0, 10.0, -10.0, 10.0, -10.0, 10.0, -10.0, 8.0, -8.0, 15.0, -15.0, 9.0, -9.0, 12.0, 0.0, 3.0, 0.0, -12.0, -3.0, 0.0, 0.0, 0.0]
Q: [0.0, 5.0, 9.0, 4.0, 15.0, 11.0, 0.0, 12.0, 0.0, 10.0, 0.0, 10.0, 0.0, 10.0, 0.0, 8.0, 0.0, 15.0, 0.0, 9.0, 0.0, 12.0, 12.0, 15.0, 15.0, 3.0, 0.0, 0.0, 0.0, 0.0]
B: [0.0, 33.3868157212, 67.00052732820001, 70.14498181189, 86.70326511659, 111.43723600689, 141.07479692209, 152.86072760239, 182.38023833679, 267.0, 306.733842905, 326.4202156791, 343.9994436485, 357.6336242986, 379.3883104375, 414.0, 434.768396616, 436.97907275691, 453.86222370691, 458.31973713931, 486.64521621731, 510.11105489821, 514.86046128217, 529.0, 546.6147745373, 559.7922227349001, 576.5951671495001, 588.4563904001001, 604.614156211, 637.8627746184001]
