Avion: 5      Iteracion: 47

Num Ruta: 37
Ingresos: 882.206
Costos: 320.440360068
Utilidad Ruta: 561.765639932
Costo Reducido: 0.693512539861
Nodos: [105, 11, 46, 18, 53, 21, 56, 715]
q: [0, 6.0, -6.0, 10.0, -10.0, 12.0, -12.0, 0]
Q: [0, 6.0, 0.0, 10.0, 0.0, 12.0, 0.0, 0]
B: [0.0, 169.0, 173.05406684701, 293.0, 316.8182362487, 477.0, 517.7387906792, 571.0705351096999]
