Avion: 3      Iteracion: 14

Num Ruta: 16
Ingresos: 2257.839
Costos: 547.745080124
Utilidad Ruta: 1710.09391988
Costo Reducido: 202.556164138
Nodos: [103, 9, 44, 30, 16, 51, 65, 3, 38, 23, 18, 53, 58, 32, 67, 31, 33, 66, 68, 29, 64, 27, 62, 713]
q: [0.0, 11.0, -11.0, 6.0, 9.0, -9.0, -6.0, 13.0, -13.0, 10.0, 5.0, -5.0, -10.0, 11.0, -11.0, 9.0, 5.0, -9.0, -5.0, 9.0, -9.0, 6.0, -6.0, 0.0]
Q: [0.0, 11.0, 0.0, 6.0, 15.0, 6.0, 0.0, 13.0, 0.0, 10.0, 15.0, 10.0, 0.0, 11.0, 0.0, 9.0, 14.0, 5.0, 0.0, 9.0, 0.0, 6.0, 0.0, 0.0]
B: [0.0, 37.2069129329, 66.73414993540001, 82.52205027080001, 90.72464156868001, 100.34873300632002, 103.21988956771001, 256.0, 261.08428175852, 267.0, 293.0, 316.8182362487, 326.74376782137, 349.22807365897, 359.62972670067, 406.0, 443.5012702852, 465.8994317276, 496.8512225805, 549.0, 582.7797797802, 590.99620777538, 608.0270701434799, 636.29779042078]
