Avion: 2      Iteracion: 58

Num Ruta: 53
Ingresos: 1552.599
Costos: 472.696877158
Utilidad Ruta: 1079.90212284
Costo Reducido: 51.3329324121
Nodos: [102, 16, 51, 23, 35, 70, 58, 32, 67, 26, 61, 13, 48, 20, 4, 27, 39, 55, 62, 712]
q: [0.0, 9.0, -9.0, 10.0, 5.0, -5.0, -10.0, 11.0, -11.0, 10.0, -10.0, 15.0, -15.0, 0.0, 3.0, 6.0, -3.0, 0.0, -6.0, 0.0]
Q: [0.0, 9.0, 0.0, 10.0, 15.0, 10.0, 0.0, 11.0, 0.0, 10.0, 0.0, 15.0, 0.0, 0.0, 3.0, 9.0, 6.0, 6.0, 0.0, 0.0]
B: [0.0, 36.0, 45.624091437640004, 267.0, 277.4634044651, 289.38614345409997, 313.15284696969997, 335.63715280729997, 346.03880584899997, 358.7593250994, 376.33855306879997, 423.0, 439.88315095, 496.0, 529.0, 546.6147745373, 562.9655871165, 574.8268103671, 590.984576178, 624.2331945854]
