Avion: 1      Iteracion: 15

Num Ruta: 17
Ingresos: 2592.614
Costos: 425.857573818
Utilidad Ruta: 2166.75642618
Costo Reducido: 217.107851925
Nodos: [101, 17, 52, 30, 65, 24, 59, 1, 36, 23, 35, 70, 34, 58, 22, 57, 69, 8, 19, 25, 60, 54, 43, 711]
q: [0.0, 5.0, -5.0, 11.0, -11.0, 0.0, 0.0, 7.0, -7.0, 10.0, 5.0, -5.0, 5.0, -10.0, 10.0, -10.0, -5.0, 5.0, 0.0, 10.0, -10.0, 0.0, -5.0, 0.0]
Q: [0.0, 5.0, 0.0, 11.0, 0.0, 0.0, 0.0, 7.0, 0.0, 10.0, 15.0, 10.0, 15.0, 5.0, 15.0, 5.0, 0.0, 5.0, 5.0, 15.0, 5.0, 5.0, 0.0, 0.0]
B: [0.0, 24.0, 58.8425537813, 64.0, 82.7140226568, 107.4479935471, 145.9609438496, 175.0, 209.2400855285, 267.0, 277.4634044651, 289.38614345409997, 322.0, 336.2589470158, 352.0153710073, 373.77005714620003, 384.3603074737, 414.0, 437.1608815463, 446.5528887865, 463.7378710966, 480.5247275325, 483.45284672405995, 489.16197800648996]
