Avion: 3      Iteracion: 7

Num Ruta: 10
Ingresos: 1957.841
Costos: 388.136099658
Utilidad Ruta: 1569.70490034
Costo Reducido: 463.372247029
Nodos: [103, 14, 49, 35, 70, 32, 67, 26, 61, 31, 66, 19, 54, 13, 48, 21, 56, 27, 62, 713]
q: [0, 8.0, -8.0, 8.0, -8.0, 11.0, -11.0, 10.0, -10.0, 9.0, -9.0, 7.0, -7.0, 15.0, -15.0, 12.0, -12.0, 6.0, -6.0, 0]
Q: [0, 8.0, 0.0, 8.0, 0.0, 11.0, 0.0, 10.0, 0.0, 9.0, 0.0, 7.0, 0.0, 15.0, 0.0, 12.0, 0.0, 6.0, 0.0, 0]
B: [0.0, 112.0, 124.021711775, 270.0, 281.922738989, 309.0, 319.4016530417, 332.1221722921, 349.7014002615, 406.0, 434.325479078, 450.4266959264, 477.0538122179, 481.28143152432, 498.16458247432, 513.67597886532, 554.4147695445199, 567.5922177421199, 584.6230801102199, 612.89380038752]
