Avion: 4      Iteracion: 0

Num Ruta: 1
Ingresos: 672.159
Costos: 324.866762945
Utilidad Ruta: 347.292237055
Costo Reducido: -
Nodos: [104, 24, 59, 13, 48, 29, 64, 714]
q: [0, 11.0, -11.0, 15.0, -15.0, 9.0, -9.0, 0]
Q: [0, 11.0, 0.0, 15.0, 0.0, 9.0, 0.0, 0]
B: [0.0, 61.0, 99.5129503025, 423.0, 439.88315095, 549.0, 582.7797797802, 609.550209829]
