Avion: 3      Iteracion: 37

Num Ruta: 38
Ingresos: 765.725
Costos: 231.824668738
Utilidad Ruta: 533.900331262
Costo Reducido: 41.8218875966
Nodos: [103, 11, 46, 25, 60, 31, 33, 66, 68, 713]
q: [0, 6.0, -6.0, 10.0, -10.0, 9.0, 5.0, -9.0, -5.0, 0]
Q: [0, 6.0, 0.0, 10.0, 0.0, 9.0, 14.0, 5.0, 0.0, 0]
B: [0.0, 169.0, 173.05406684701, 410.0, 427.1849823101, 432.00662891681, 469.50789920201, 491.90606064441, 522.85785149731, 526.5527270026599]
