Avion: 5      Iteracion: 27

Num Ruta: 27
Ingresos: 759.296
Costos: 303.576837314
Utilidad Ruta: 455.719162686
Costo Reducido: 100.038385037
Nodos: [105, 18, 53, 13, 48, 29, 4, 64, 39, 715]
q: [0, 10.0, -10.0, 15.0, -15.0, 9.0, 3.0, -9.0, -3.0, 0]
Q: [0, 10.0, 0.0, 15.0, 0.0, 9.0, 12.0, 3.0, 0.0, 0]
B: [0.0, 293.0, 316.8182362487, 423.0, 439.88315095, 549.0, 569.7100026316, 592.5834067727, 604.8024778094, 642.5165691413999]
