Avion: 7      Iteracion: 9

Num Ruta: 11
Ingresos: 302.779
Costos: 266.105122002
Utilidad Ruta: 36.6738779985
Costo Reducido: 154.651597674
Nodos: [107, 14, 49, 4, 27, 39, 62, 717]
q: [0, 8.0, -8.0, 3.0, 6.0, -3.0, -6.0, 0]
Q: [0, 8.0, 0.0, 3.0, 9.0, 6.0, 0.0, 0]
B: [0.0, 112.0, 124.021711775, 529.0, 546.6147745373, 562.9655871165, 568.38084565142, 591.82583396452]
