Avion: 2      Iteracion: 8

Num Ruta: 12
Ingresos: 380.074
Costos: 435.434922997
Utilidad Ruta: -55.3609229971
Costo Reducido: 322.449095622
Nodos: [102, 9, 44, 25, 60, 712]
q: [0, 11.0, -11.0, 10.0, -10.0, 0]
Q: [0, 11.0, 0.0, 10.0, 0.0, 0]
B: [0.0, 29.8362865317, 59.3635235342, 410.0, 427.1849823101, 436.54638145766]
