Avion: 3      Iteracion: 48

Num Ruta: 48
Ingresos: 1967.222
Costos: 384.493997712
Utilidad Ruta: 1582.72800229
Costo Reducido: 15.6907822536
Nodos: [103, 23, 35, 70, 34, 58, 22, 69, 57, 25, 60, 21, 56, 713]
q: [0.0, 7.0, 8.0, -8.0, 8.0, -7.0, 7.0, -8.0, -7.0, 10.0, -10.0, 12.0, -12.0, 0.0]
Q: [0.0, 7.0, 15.0, 7.0, 15.0, 8.0, 15.0, 7.0, 0.0, 10.0, 0.0, 12.0, 0.0, 0.0]
B: [0.0, 267.0, 277.4634044651, 289.38614345409997, 322.0, 336.2589470158, 352.0153710073, 366.5845376616, 377.17478798909997, 410.0, 427.1849823101, 477.0, 517.7387906792, 548.8965365058999]
