Avion: 6      Iteracion: 62

Num Ruta: 51
Ingresos: 1599.089
Costos: 358.032387124
Utilidad Ruta: 1241.05661288
Costo Reducido: 56.793806609
Nodos: [106, 17, 52, 9, 44, 11, 46, 18, 53, 31, 19, 66, 8, 5, 40, 54, 43, 6, 41, 27, 4, 39, 62, 716]
q: [0.0, 5.0, -5.0, 11.0, -11.0, 6.0, -6.0, 10.0, -10.0, 8.0, 7.0, -8.0, 0.0, 8.0, -8.0, -7.0, 0.0, 0.0, 0.0, 6.0, 3.0, -3.0, -6.0, 0.0]
Q: [0.0, 5.0, 0.0, 11.0, 0.0, 6.0, 0.0, 10.0, 0.0, 8.0, 15.0, 7.0, 7.0, 15.0, 7.0, 0.0, 0.0, 0.0, 0.0, 6.0, 9.0, 6.0, 0.0, 0.0]
B: [0.0, 24.0, 58.8425537813, 81.72911018459999, 111.25634718709999, 169.0, 173.05406684701, 293.0, 316.8182362487, 406.0, 427.4250045741, 443.5262214225, 452.30906754434, 469.0, 470.12168890518, 478.47762499876, 481.40574419032, 490.59641581974995, 494.28870521793993, 538.0, 555.6147745373, 576.0405242175, 581.45578275242, 591.16145310536]
