Avion: 2      Iteracion: 35

Num Ruta: 37
Ingresos: 1211.769
Costos: 479.279337557
Utilidad Ruta: 732.489662443
Costo Reducido: 83.4043308887
Nodos: [102, 16, 51, 10, 45, 32, 67, 26, 61, 13, 48, 31, 66, 20, 4, 27, 39, 55, 62, 712]
q: [0, 9.0, -9.0, 12.0, -12.0, 11.0, -11.0, 10.0, -10.0, 15.0, -15.0, 9.0, -9.0, 0.0, 3.0, 6.0, -3.0, -0.0, -6.0, 0]
Q: [0, 9.0, 0.0, 12.0, 0.0, 11.0, 0.0, 10.0, 0.0, 15.0, 0.0, 9.0, 0.0, 0.0, 3.0, 9.0, 6.0, 6.0, 0.0, 0]
B: [0.0, 36.0, 45.624091437640004, 96.0, 125.5195107344, 309.0, 319.4016530417, 332.1221722921, 349.7014002615, 423.0, 439.88315095, 444.3406643824, 472.6661434604, 496.0, 529.0, 546.6147745373, 562.9655871165, 574.8268103671, 590.984576178, 624.2331945854]
