Avion: 1      Iteracion: 7

Num Ruta: 9
Ingresos: 1458.876
Costos: 277.568636751
Utilidad Ruta: 1181.30736325
Costo Reducido: 363.532960099
Nodos: [101, 30, 16, 51, 65, 24, 59, 1, 36, 8, 19, 54, 43, 13, 48, 711]
q: [0.0, 6.0, 9.0, -9.0, -6.0, 11.0, -11.0, 7.0, -7.0, 8.0, 7.0, -7.0, -8.0, 15.0, -15.0, 0.0]
Q: [0.0, 6.0, 15.0, 6.0, 0.0, 11.0, 0.0, 7.0, 0.0, 8.0, 15.0, 8.0, 0.0, 15.0, 0.0, 0.0]
B: [0.0, 64.0, 72.20259129788, 81.82668273552001, 84.69783929691, 109.43181018721, 147.94476048971, 175.0, 209.2400855285, 414.0, 437.1608815463, 463.7879978378, 466.71611702935996, 468.92679317026995, 485.80994412026996, 501.06134618696996]
