Avion: 7      Iteracion: 17

Num Ruta: 18
Ingresos: 3086.662
Costos: 645.711407747
Utilidad Ruta: 2440.95059225
Costo Reducido: 223.515339471
Nodos: [107, 17, 52, 30, 65, 10, 45, 1, 11, 46, 36, 3, 38, 23, 58, 22, 57, 19, 31, 54, 33, 66, 68, 21, 56, 717]
q: [0.0, 5.0, -5.0, 11.0, -11.0, 12.0, -12.0, 7.0, 6.0, -6.0, -7.0, 13.0, -13.0, 0.0, 0.0, 10.0, -10.0, 6.0, 9.0, -6.0, 5.0, -9.0, -5.0, 12.0, -12.0, 0.0]
Q: [0.0, 5.0, 0.0, 11.0, 0.0, 12.0, 0.0, 7.0, 13.0, 7.0, 0.0, 13.0, 0.0, 0.0, 0.0, 10.0, 0.0, 6.0, 15.0, 9.0, 14.0, 5.0, 0.0, 12.0, 0.0, 0.0]
B: [0.0, 45.942580685, 80.78513446630001, 83.92958894999, 102.64361160679, 121.33666189289, 150.85617262729, 189.27551379809, 207.95634239319, 212.0104092402, 246.32613857820002, 256.0, 261.08428175852, 267.0, 306.733842905, 322.49026689650003, 344.24495303540004, 402.0, 423.4250045741, 440.5310440047, 462.0794377731, 484.4775992155, 515.4293900684, 526.3088674456001, 567.0476581248, 610.663929091]
