Avion: 7      Iteracion: 22

Num Ruta: 20
Ingresos: 1830.387
Costos: 458.721698071
Utilidad Ruta: 1371.66530193
Costo Reducido: 122.808030218
Nodos: [107, 11, 46, 22, 57, 18, 53, 13, 33, 48, 68, 21, 4, 56, 27, 62, 39, 717]
q: [0.0, 6.0, -6.0, 10.0, -10.0, 10.0, -10.0, 10.0, 5.0, -10.0, -5.0, 12.0, 3.0, -12.0, 6.0, -6.0, -3.0, 0.0]
Q: [0.0, 6.0, 0.0, 10.0, 0.0, 10.0, 0.0, 10.0, 15.0, 5.0, 0.0, 12.0, 15.0, 3.0, 9.0, 3.0, 0.0, 0.0]
B: [0.0, 169.0, 173.05406684701, 299.0, 320.7546861389, 334.15512273630003, 357.973358985, 423.0, 448.372931896, 489.1289324971, 494.47698279604, 505.35646017323995, 529.0, 558.169797411, 571.3472456086, 588.3781079767, 593.79336651162, 622.54083422622]
