Avion: 3      Iteracion: 62

Num Ruta: 56
Ingresos: 2304.971
Costos: 393.511912921
Utilidad Ruta: 1911.45908708
Costo Reducido: 87.555404368
Nodos: [103, 11, 46, 35, 70, 26, 34, 61, 22, 69, 57, 19, 33, 5, 40, 54, 68, 21, 4, 39, 56, 27, 62, 713]
q: [0.0, 6.0, -6.0, 8.0, -8.0, 7.0, 8.0, -7.0, 7.0, -8.0, -7.0, 7.0, 5.0, 3.0, -3.0, -7.0, -5.0, 12.0, 3.0, -3.0, -12.0, 6.0, -6.0, 0.0]
Q: [0.0, 6.0, 0.0, 8.0, 0.0, 7.0, 15.0, 8.0, 15.0, 7.0, 0.0, 7.0, 12.0, 15.0, 12.0, 5.0, 0.0, 12.0, 15.0, 12.0, 0.0, 6.0, 0.0, 0.0]
B: [0.0, 169.0, 173.05406684701, 270.0, 281.922738989, 300.0, 322.0, 336.913246092, 350.5474267421, 365.1165933964, 375.70684372389996, 402.0, 438.5935603624, 469.0, 470.12168890518, 478.47762499876, 500.38306982416003, 511.26254720136, 529.0, 549.4257496801999, 566.2286940948, 579.4061422924, 596.4370046605, 624.7077249378]
