Avion: 2      Iteracion: 2

Num Ruta: 6
Ingresos: 2526.453
Costos: 724.709153544
Utilidad Ruta: 1801.74384646
Costo Reducido: 1734.54422173
Nodos: [102, 30, 65, 10, 45, 3, 38, 23, 58, 26, 61, 22, 57, 28, 63, 29, 27, 64, 62, 712]
q: [0, 11.0, -11.0, 12.0, -12.0, 13.0, -13.0, 10.0, -10.0, 10.0, -10.0, 10.0, -10.0, 6.0, -6.0, 9.0, 6.0, -9.0, -6.0, 0]
Q: [0, 11.0, 0.0, 12.0, 0.0, 13.0, 0.0, 10.0, 0.0, 10.0, 0.0, 10.0, 0.0, 6.0, 0.0, 9.0, 15.0, 6.0, 0.0, 0]
B: [0.0, 64.0, 82.7140226568, 101.4070729429, 130.92658367730002, 256.0, 261.08428175852, 267.0, 306.733842905, 326.4202156791, 343.9994436485, 357.6336242986, 379.3883104375, 422.43947413840004, 458.46609292230005, 549.0, 574.6018082369, 582.8182362320799, 598.26561380888, 631.51423221628]
