Avion: 6      Iteracion: 58

Num Ruta: 48
Ingresos: 1354.683
Costos: 325.431117103
Utilidad Ruta: 1029.2518829
Costo Reducido: 35.5467752856
Nodos: [106, 11, 46, 35, 70, 23, 26, 61, 58, 13, 48, 6, 41, 5, 40, 4, 27, 62, 39, 716]
q: [0.0, 6.0, -6.0, 8.0, -8.0, 10.0, 5.0, -5.0, -10.0, 15.0, -15.0, 0.0, 0.0, 9.0, -9.0, 3.0, 6.0, -6.0, -3.0, 0.0]
Q: [0.0, 6.0, 0.0, 8.0, 0.0, 10.0, 15.0, 10.0, 0.0, 15.0, 0.0, 0.0, 0.0, 9.0, 0.0, 3.0, 9.0, 3.0, 0.0, 0.0]
B: [0.0, 169.0, 173.05406684701, 270.0, 281.922738989, 302.04960511369995, 336.49094865599994, 354.07017662539994, 357.13724900797996, 423.0, 439.88315095, 464.1060995732, 467.79838897139, 486.18724918619, 487.30893809137, 529.0, 546.6147745373, 563.6456369054, 569.06089544032, 583.73801027942]
