Avion: 7      Iteracion: 54

Num Ruta: 40
Ingresos: 1496.032
Costos: 336.318479018
Utilidad Ruta: 1159.71352098
Costo Reducido: 21.0129690384
Nodos: [107, 9, 44, 14, 49, 3, 38, 23, 58, 32, 67, 26, 61, 27, 62, 717]
q: [0, 11.0, -11.0, 8.0, -8.0, 13.0, -13.0, 10.0, -10.0, 11.0, -11.0, 10.0, -10.0, 6.0, -6.0, 0]
Q: [0, 11.0, 0.0, 8.0, 0.0, 13.0, 0.0, 10.0, 0.0, 11.0, 0.0, 10.0, 0.0, 6.0, 0.0, 0]
B: [0.0, 46.0648734938, 75.5921104963, 112.0, 124.021711775, 256.0, 261.08428175852, 267.0, 306.733842905, 329.2181487426, 339.6198017843, 352.3403210347, 369.9195490041, 538.0, 555.0308623681, 578.4758506812]
