Avion: 3      Iteracion: 30

Num Ruta: 32
Ingresos: 2299.008
Costos: 430.325196257
Utilidad Ruta: 1868.68280374
Costo Reducido: 69.5667372633
Nodos: [103, 11, 46, 1, 36, 23, 18, 53, 58, 34, 69, 31, 19, 66, 54, 5, 33, 40, 68, 713]
q: [0.0, 6.0, -6.0, 7.0, -7.0, 10.0, 5.0, -5.0, -10.0, 8.0, -8.0, 9.0, 6.0, -9.0, -6.0, 9.0, 5.0, -9.0, -5.0, 0.0]
Q: [0.0, 6.0, 0.0, 7.0, 0.0, 10.0, 15.0, 10.0, 0.0, 8.0, 0.0, 9.0, 15.0, 6.0, 0.0, 9.0, 14.0, 5.0, 0.0, 0.0]
B: [0.0, 169.0, 173.05406684701, 195.72351838431, 229.96360391281002, 267.0, 293.0, 316.8182362487, 326.74376782137, 341.00271483717, 377.44284505097, 406.0, 427.4250045741, 443.5262214225, 465.9443857095, 473.79469895166, 487.49286612836, 500.78304483296, 529.79541945136, 533.4902949567099]
