Avion: 6      Iteracion: 29

Num Ruta: 29
Ingresos: 1265.831
Costos: 262.063094035
Utilidad Ruta: 1003.76790596
Costo Reducido: 5.2557085013
Nodos: [106, 22, 57, 21, 4, 39, 56, 27, 62, 716]
q: [0, 10.0, -10.0, 12.0, 3.0, -3.0, -12.0, 6.0, -6.0, 0]
Q: [0, 10.0, 0.0, 12.0, 15.0, 12.0, 0.0, 6.0, 0.0, 0]
B: [0.0, 299.0, 320.7546861389, 477.0, 529.0, 549.4257496801999, 566.2286940948, 579.4061422924, 596.4370046605, 606.14267501344]
