Avion: 1      Iteracion: 61

Num Ruta: 47
Ingresos: 1026.87
Costos: 300.86736971
Utilidad Ruta: 726.00263029
Costo Reducido: 7.40088137112
Nodos: [101, 10, 45, 34, 69, 8, 19, 54, 43, 711]
q: [0, 12.0, -12.0, 8.0, -8.0, 8.0, 7.0, -7.0, -8.0, 0]
Q: [0, 12.0, 0.0, 8.0, 0.0, 8.0, 15.0, 8.0, 0.0, 0]
B: [0.0, 96.0, 125.5195107344, 322.0, 358.4401302138, 414.0, 437.1608815463, 463.7879978378, 466.71611702935996, 472.42524831178997]
