Avion: 5      Iteracion: 60

Num Ruta: 41
Ingresos: 241.019
Costos: 265.218535953
Utilidad Ruta: -24.1995359529
Costo Reducido: 22.9848193521
Nodos: [105, 30, 65, 16, 51, 715]
q: [0, 11.0, -11.0, 9.0, -9.0, 0]
Q: [0, 11.0, 0.0, 9.0, 0.0, 0]
B: [0.0, 64.0, 82.7140226568, 93.53069441849999, 103.15478585614, 136.04275210524]
