Avion: 6      Iteracion: 17

Num Ruta: 19
Ingresos: 403.52
Costos: 145.736167878
Utilidad Ruta: 257.783832122
Costo Reducido: 7.70929879409
Nodos: [106, 17, 52, 716]
q: [0, 5.0, -5.0, 0]
Q: [0, 5.0, 0.0, 0]
B: [0.0, 24.0, 58.8425537813, 63.19519723098]
