Avion: 4      Iteracion: 31

Num Ruta: 21
Ingresos: 870.57
Costos: 329.90677608
Utilidad Ruta: 540.66322392
Costo Reducido: 65.5522724511
Nodos: [104, 28, 63, 31, 66, 29, 64, 714]
q: [0, 6.0, -6.0, 9.0, -9.0, 9.0, -9.0, 0]
Q: [0, 6.0, 0.0, 9.0, 0.0, 9.0, 0.0, 0]
B: [0.0, 378.0, 414.0266187839, 434.5234987416, 462.8489778196, 549.0, 582.7797797802, 609.550209829]
