Avion: 3      Iteracion: 23

Num Ruta: 25
Ingresos: 1662.813
Costos: 316.133068717
Utilidad Ruta: 1346.67993128
Costo Reducido: 239.077105042
Nodos: [103, 11, 46, 1, 36, 35, 70, 32, 67, 13, 28, 48, 63, 21, 56, 27, 62, 713]
q: [0.0, 6.0, -6.0, 7.0, -7.0, 8.0, -8.0, 11.0, -11.0, 9.0, 6.0, -9.0, -6.0, 12.0, -12.0, 6.0, -6.0, 0.0]
Q: [0.0, 6.0, 0.0, 7.0, 0.0, 8.0, 0.0, 11.0, 0.0, 9.0, 15.0, 6.0, 0.0, 12.0, 0.0, 6.0, 0.0, 0.0]
B: [0.0, 169.0, 173.05406684701, 195.72351838431, 229.96360391281002, 270.0, 281.922738989, 309.0, 319.4016530417, 423.0, 436.7962173439, 450.1536367429, 473.1920667675, 482.5238423756, 523.2626330548, 538.0, 555.0308623681, 583.3015826454]
