Avion: 3      Iteracion: 0

Num Ruta: 3
Ingresos: 3395.857
Costos: 623.098608259
Utilidad Ruta: 2772.75839174
Costo Reducido: -
Nodos: [103, 17, 30, 52, 16, 51, 65, 24, 59, 11, 46, 1, 36, 3, 38, 23, 35, 70, 26, 58, 61, 22, 57, 25, 60, 19, 54, 5, 33, 40, 68, 713]
q: [0.0, 5.0, 10.0, -5.0, 5.0, -5.0, -10.0, 11.0, -11.0, 6.0, -6.0, 7.0, -7.0, 13.0, -13.0, 10.0, 5.0, -5.0, 5.0, -10.0, -5.0, 10.0, -10.0, 10.0, -10.0, 7.0, -7.0, 9.0, 5.0, -9.0, -5.0, 0.0]
Q: [0.0, 5.0, 15.0, 10.0, 15.0, 10.0, 0.0, 11.0, 0.0, 6.0, 0.0, 7.0, 0.0, 13.0, 0.0, 10.0, 15.0, 10.0, 15.0, 5.0, 0.0, 10.0, 0.0, 10.0, 0.0, 7.0, 0.0, 9.0, 14.0, 5.0, 0.0, 0.0]
B: [0.0, 39.7453305433, 73.3590421503, 76.50349663399, 81.83513596913, 91.45922740677, 94.33038396815999, 119.06435485845999, 157.57730516096, 176.38973384526, 180.44380069227, 203.11325222957, 237.35333775807, 256.0, 261.08428175852, 267.0, 277.4634044651, 289.38614345409997, 303.7370056233, 323.4233783974, 326.49045077998, 340.12463143008, 361.87931756898, 410.0, 427.1849823101, 443.8578739909, 470.48499028239996, 478.33530352455995, 492.03347070125994, 505.32364940585995, 534.3360240242599, 538.0308995296099]
