Avion: 2      Iteracion: 57

Num Ruta: 52
Ingresos: 2489.621
Costos: 485.614715973
Utilidad Ruta: 2004.00628403
Costo Reducido: 95.3484728504
Nodos: [102, 16, 51, 23, 35, 70, 58, 32, 67, 26, 61, 13, 48, 20, 21, 27, 56, 55, 2, 62, 37, 712]
q: [0.0, 0.0, 0.0, 10.0, 5.0, -5.0, -10.0, 11.0, -11.0, 10.0, -10.0, 15.0, -15.0, 0.0, 10.0, 5.0, -10.0, 0.0, 10.0, -5.0, -10.0, 0.0]
Q: [0.0, 0.0, 0.0, 10.0, 15.0, 10.0, 0.0, 11.0, 0.0, 10.0, 0.0, 15.0, 0.0, 0.0, 10.0, 15.0, 5.0, 5.0, 15.0, 10.0, 0.0, 0.0]
B: [0.0, 36.0, 45.624091437640004, 267.0, 277.4634044651, 289.38614345409997, 313.15284696969997, 335.63715280729997, 346.03880584899997, 358.7593250994, 376.33855306879997, 423.0, 439.88315095, 496.0, 500.74940638396, 538.0, 551.1774481976, 571.7768688205, 579.10716608596, 590.55923917336, 619.8997695196599, 624.0155159890099]
