Avion: 6      Iteracion: 8

Num Ruta: 10
Ingresos: 2367.922
Costos: 513.822586999
Utilidad Ruta: 1854.099413
Costo Reducido: 728.653126804
Nodos: [106, 17, 52, 9, 44, 11, 46, 3, 38, 35, 70, 32, 67, 22, 57, 25, 60, 8, 43, 6, 41, 5, 40, 2, 37, 27, 62, 716]
q: [0, 5.0, -5.0, 11.0, -11.0, 6.0, -6.0, 13.0, -13.0, 8.0, -8.0, 11.0, -11.0, 10.0, -10.0, 10.0, -10.0, 8.0, -8.0, 4.0, -4.0, 9.0, -9.0, 10.0, -10.0, 6.0, -6.0, 0]
Q: [0, 5.0, 0.0, 11.0, 0.0, 6.0, 0.0, 13.0, 0.0, 8.0, 0.0, 11.0, 0.0, 10.0, 0.0, 10.0, 0.0, 8.0, 0.0, 4.0, 0.0, 9.0, 0.0, 10.0, 0.0, 6.0, 0.0, 0]
B: [0.0, 24.0, 58.8425537813, 81.72911018459999, 111.25634718709999, 169.0, 173.05406684701, 256.0, 261.08428175852, 274.08526633661995, 286.00800532561993, 309.0, 319.4016530417, 353.8662667781, 375.620952917, 410.0, 427.1849823101, 453.0055821676, 473.7739787836, 482.96465041303, 486.65693981121996, 505.04580002601995, 506.16748893119996, 522.0, 562.7349620474, 587.7006140116, 604.7314763797, 614.43714673264]
