Avion: 1      Iteracion: 24

Num Ruta: 25
Ingresos: 1204.772
Costos: 353.921581209
Utilidad Ruta: 850.850418791
Costo Reducido: 119.684336219
Nodos: [101, 30, 65, 24, 59, 11, 46, 21, 56, 27, 62, 711]
q: [0, 11.0, -11.0, 11.0, -11.0, 6.0, -6.0, 12.0, -12.0, 6.0, -6.0, 0]
Q: [0, 11.0, 0.0, 11.0, 0.0, 6.0, 0.0, 12.0, 0.0, 6.0, 0.0, 0]
B: [0.0, 64.0, 82.7140226568, 107.4479935471, 145.9609438496, 169.0, 173.05406684701, 477.0, 517.7387906792, 538.0, 555.0308623681, 569.1482535223]
