Avion: 5      Iteracion: 11

Num Ruta: 13
Ingresos: 1199.241
Costos: 460.863092034
Utilidad Ruta: 738.377907966
Costo Reducido: 180.558641398
Nodos: [105, 17, 52, 3, 38, 35, 70, 32, 67, 33, 68, 29, 64, 715]
q: [0, 5.0, -5.0, 13.0, -13.0, 8.0, -8.0, 11.0, -11.0, 5.0, -5.0, 9.0, -9.0, 0]
Q: [0, 5.0, 0.0, 13.0, 0.0, 8.0, 0.0, 11.0, 0.0, 5.0, 0.0, 9.0, 0.0, 0]
B: [0.0, 35.8094227823, 70.65197656359999, 256.0, 261.08428175852, 274.08526633661995, 286.00800532561993, 309.0, 319.4016530417, 437.0, 478.9526650524, 549.0, 582.7797797802, 630.090723715]
