Avion: 2      Iteracion: 63

Num Ruta: 57
Ingresos: 2479.787
Costos: 622.519166858
Utilidad Ruta: 1857.26783314
Costo Reducido: 77.9386793804
Nodos: [102, 16, 51, 17, 52, 30, 65, 10, 45, 35, 70, 32, 67, 33, 13, 48, 20, 21, 68, 27, 56, 55, 2, 62, 37, 712]
q: [0.0, 9.0, -9.0, 5.0, -5.0, 11.0, -11.0, 12.0, -12.0, 8.0, -8.0, 11.0, -11.0, 5.0, 0.0, 0.0, 0.0, 10.0, -5.0, 5.0, -10.0, 0.0, 10.0, -5.0, -10.0, 0.0]
Q: [0.0, 9.0, 0.0, 5.0, 0.0, 11.0, 0.0, 12.0, 0.0, 8.0, 0.0, 11.0, 0.0, 5.0, 5.0, 5.0, 5.0, 15.0, 10.0, 15.0, 5.0, 5.0, 15.0, 10.0, 0.0, 0.0]
B: [0.0, 36.0, 45.624091437640004, 78.34191948294, 113.18447326424, 116.32892774793, 135.04295040473, 153.73600069083, 183.25551142523, 270.0, 281.922738989, 309.0, 319.4016530417, 437.0, 462.372931896, 479.256082846, 496.0, 500.74940638396, 511.62888376115995, 538.0, 551.1774481976, 571.7768688205, 579.10716608596, 590.55923917336, 619.8997695196599, 624.0155159890099]
