Avion: 1      Iteracion: 52

Num Ruta: 43
Ingresos: 1580.584
Costos: 419.264107415
Utilidad Ruta: 1161.31989259
Costo Reducido: 60.2071443561
Nodos: [101, 30, 65, 35, 70, 23, 58, 34, 69, 8, 43, 27, 62, 711]
q: [0, 11.0, -11.0, 8.0, -8.0, 10.0, -10.0, 8.0, -8.0, 8.0, -8.0, 6.0, -6.0, 0]
Q: [0, 11.0, 0.0, 8.0, 0.0, 10.0, 0.0, 8.0, 0.0, 8.0, 0.0, 6.0, 0.0, 0]
B: [0.0, 64.0, 82.7140226568, 270.0, 281.922738989, 302.04960511369995, 341.78344801869997, 356.0423950345, 392.48252524829996, 414.0, 434.768396616, 538.0, 555.0308623681, 569.1482535223]
