Avion: 2      Iteracion: 11

Num Ruta: 15
Ingresos: 1429.041
Costos: 564.141829602
Utilidad Ruta: 864.899170398
Costo Reducido: 253.466139649
Nodos: [102, 16, 51, 17, 52, 3, 38, 35, 70, 33, 13, 48, 68, 29, 4, 64, 39, 712]
q: [0.0, 9.0, -9.0, 5.0, -5.0, 13.0, -13.0, 8.0, -8.0, 5.0, 10.0, -10.0, -5.0, 9.0, 3.0, -9.0, -3.0, 0.0]
Q: [0.0, 9.0, 0.0, 5.0, 0.0, 13.0, 0.0, 8.0, 0.0, 5.0, 15.0, 5.0, 0.0, 9.0, 12.0, 3.0, 0.0, 0.0]
B: [0.0, 36.0, 45.624091437640004, 78.34191948294, 113.18447326424, 256.0, 261.08428175852, 274.08526633661995, 286.00800532561993, 437.0, 462.372931896, 479.256082846, 484.60413314494, 549.0, 569.7100026316, 592.5834067727, 604.8024778094, 642.0244248971]
