Avion: 2      Iteracion: 34

Num Ruta: 36
Ingresos: 2588.482
Costos: 497.674271551
Utilidad Ruta: 2090.80772845
Costo Reducido: 55.4181063285
Nodos: [102, 16, 51, 17, 52, 10, 45, 26, 61, 13, 48, 31, 66, 21, 20, 56, 55, 2, 37, 712]
q: [0, 9.0, -9.0, 5.0, -5.0, 12.0, -12.0, 10.0, -10.0, 15.0, -15.0, 9.0, -9.0, 12.0, 0.0, -12.0, -0.0, 10.0, -10.0, 0]
Q: [0, 9.0, 0.0, 5.0, 0.0, 12.0, 0.0, 10.0, 0.0, 15.0, 0.0, 9.0, 0.0, 12.0, 12.0, 0.0, 0.0, 10.0, 0.0, 0]
B: [0.0, 36.0, 45.624091437640004, 78.34191948294, 113.18447326424, 130.44527246354, 159.96478319794, 300.0, 317.5792279694, 423.0, 439.88315095, 444.3406643824, 472.6661434604, 496.1319821413, 500.88138852526, 537.3066802467599, 557.9061008696599, 565.2363981351199, 605.9713601825199, 610.0871066518699]
