Avion: 2      Iteracion: 24

Num Ruta: 26
Ingresos: 1699.223
Costos: 577.342327771
Utilidad Ruta: 1121.88067223
Costo Reducido: 110.88443917
Nodos: [102, 16, 51, 9, 24, 44, 59, 10, 45, 26, 61, 13, 48, 21, 56, 29, 27, 64, 62, 712]
q: [0.0, 0.0, 0.0, 4.0, 11.0, -4.0, -11.0, 12.0, -12.0, 0.0, 0.0, 15.0, -15.0, 12.0, -12.0, 9.0, 6.0, -9.0, -6.0, 0.0]
Q: [0.0, 0.0, 0.0, 4.0, 15.0, 11.0, 0.0, 12.0, 0.0, 0.0, 0.0, 15.0, 0.0, 12.0, 0.0, 9.0, 15.0, 6.0, 0.0, 0.0]
B: [0.0, 36.0, 45.624091437640004, 75.68094759394, 82.11782463176, 106.25807452686, 131.31363794096, 143.09956862126, 172.61907935566, 300.0, 317.5792279694, 423.0, 439.88315095, 477.0, 517.7387906792, 556.1920871568999, 581.7938953937999, 590.0103233889798, 605.4577009657798, 638.7063193731799]
