Avion: 7      Iteracion: 37

Num Ruta: 32
Ingresos: 2033.639
Costos: 468.658414563
Utilidad Ruta: 1564.98058544
Costo Reducido: 42.19450386
Nodos: [107, 24, 59, 14, 49, 3, 38, 23, 58, 34, 32, 67, 69, 33, 13, 48, 68, 29, 27, 64, 62, 717]
q: [0.0, 11.0, -11.0, 0.0, 0.0, 0.0, 0.0, 10.0, -10.0, 8.0, 7.0, -7.0, -8.0, 5.0, 10.0, -10.0, -5.0, 9.0, 6.0, -9.0, -6.0, 0.0]
Q: [0.0, 11.0, 0.0, 0.0, 0.0, 0.0, 0.0, 10.0, 0.0, 8.0, 15.0, 8.0, 0.0, 5.0, 15.0, 5.0, 0.0, 9.0, 15.0, 6.0, 0.0, 0.0]
B: [0.0, 61.0, 99.5129503025, 128.1593196012, 140.1810313762, 256.0, 261.08428175852, 267.0, 306.733842905, 322.0, 342.0229178943, 352.424570936, 383.46685579070004, 437.0, 462.372931896, 479.256082846, 484.60413314494, 549.0, 574.6018082369, 582.8182362320799, 598.26561380888, 621.71060212198]
