Avion: 1      Iteracion: 38

Num Ruta: 35
Ingresos: 631.808
Costos: 308.151278208
Utilidad Ruta: 323.656721792
Costo Reducido: 63.9672809803
Nodos: [101, 30, 65, 10, 45, 26, 61, 711]
q: [0, 11.0, -11.0, 12.0, -12.0, 10.0, -10.0, 0]
Q: [0, 11.0, 0.0, 12.0, 0.0, 10.0, 0.0, 0]
B: [0.0, 64.0, 82.7140226568, 101.4070729429, 130.92658367730002, 300.0, 317.5792279694, 325.23299573436]
