Avion: 2      Iteracion: 41

Num Ruta: 43
Ingresos: 3029.143
Costos: 716.406562621
Utilidad Ruta: 2312.73643738
Costo Reducido: 6.98151348892
Nodos: [102, 16, 51, 10, 45, 35, 70, 23, 26, 61, 58, 28, 63, 25, 19, 54, 60, 21, 56, 29, 27, 64, 62, 712]
q: [0.0, 0.0, 0.0, 12.0, -12.0, 8.0, -8.0, 10.0, 5.0, -5.0, -10.0, 6.0, -6.0, 8.0, 7.0, -7.0, -8.0, 12.0, -12.0, 9.0, 6.0, -9.0, -6.0, 0.0]
Q: [0.0, 0.0, 0.0, 12.0, 0.0, 8.0, 0.0, 10.0, 15.0, 10.0, 0.0, 6.0, 0.0, 8.0, 15.0, 8.0, 0.0, 12.0, 0.0, 9.0, 15.0, 6.0, 0.0, 0.0]
B: [0.0, 36.0, 45.624091437640004, 96.0, 125.5195107344, 270.0, 281.922738989, 302.04960511369995, 336.49094865599994, 354.07017662539994, 357.13724900797996, 378.0, 414.0266187839, 417.35999740026, 426.75200464046, 453.37912093195996, 470.16597736785997, 478.33469085286, 519.07348153206, 557.5267780097599, 583.1285862466599, 591.3450142418399, 606.7923918186399, 640.0410102260399]
