Avion: 6      Iteracion: 9

Num Ruta: 11
Ingresos: 1377.504
Costos: 399.219174405
Utilidad Ruta: 978.284825595
Costo Reducido: 304.974859569
Nodos: [106, 17, 52, 30, 65, 14, 49, 3, 38, 32, 67, 34, 69, 25, 60, 6, 41, 5, 40, 27, 62, 716]
q: [0, 5.0, -5.0, 11.0, -11.0, 8.0, -8.0, 13.0, -13.0, 11.0, -11.0, 8.0, -8.0, 10.0, -10.0, 4.0, -4.0, 9.0, -9.0, 6.0, -6.0, 0]
Q: [0, 5.0, 0.0, 11.0, 0.0, 8.0, 0.0, 13.0, 0.0, 11.0, 0.0, 8.0, 0.0, 10.0, 0.0, 4.0, 0.0, 9.0, 0.0, 6.0, 0.0, 0]
B: [0.0, 24.0, 58.8425537813, 64.0, 82.7140226568, 112.0, 124.021711775, 256.0, 261.08428175852, 309.0, 319.4016530417, 346.1750898215, 382.6152200353, 411.9340544596, 429.1190367697, 454.62080725730004, 458.31309665549, 476.70195687029, 477.82364577547, 538.0, 555.0308623681, 564.73653272104]
