Avion: 2      Iteracion: 53

Num Ruta: 48
Ingresos: 3494.089
Costos: 643.925703662
Utilidad Ruta: 2850.16329634
Costo Reducido: 52.2667877074
Nodos: [102, 16, 51, 30, 65, 10, 45, 3, 38, 23, 58, 26, 61, 22, 57, 19, 54, 13, 48, 20, 21, 27, 56, 55, 2, 62, 37, 712]
q: [0.0, 9.0, -9.0, 11.0, -11.0, 12.0, -12.0, 13.0, -13.0, 10.0, -10.0, 10.0, -10.0, 10.0, -10.0, 7.0, -7.0, 15.0, -15.0, 0.0, 9.0, 6.0, -9.0, 0.0, 9.0, -6.0, -9.0, 0.0]
Q: [0.0, 9.0, 0.0, 11.0, 0.0, 12.0, 0.0, 13.0, 0.0, 10.0, 0.0, 10.0, 0.0, 10.0, 0.0, 7.0, 0.0, 15.0, 0.0, 0.0, 9.0, 15.0, 6.0, 6.0, 15.0, 9.0, 0.0, 0.0]
B: [0.0, 36.0, 45.624091437640004, 64.0, 82.7140226568, 101.4070729429, 130.92658367730002, 256.0, 261.08428175852, 267.0, 306.733842905, 326.4202156791, 343.9994436485, 357.6336242986, 379.3883104375, 402.0, 428.6271162915, 432.85473559792, 449.73788654792, 496.0, 500.74940638396, 538.0, 551.1774481976, 571.7768688205, 579.10716608596, 590.55923917336, 619.8997695196599, 624.0155159890099]
