Avion: 4      Iteracion: 34

Num Ruta: 22
Ingresos: 894.711
Costos: 244.026395495
Utilidad Ruta: 650.684604505
Costo Reducido: 57.2702440413
Nodos: [104, 17, 52, 9, 44, 29, 64, 714]
q: [0, 5.0, -5.0, 11.0, -11.0, 9.0, -9.0, 0]
Q: [0, 5.0, 0.0, 11.0, 0.0, 9.0, 0.0, 0]
B: [0.0, 24.0, 58.8425537813, 81.72911018459999, 111.25634718709999, 549.0, 582.7797797802, 609.550209829]
