Avion: 5      Iteracion: 63

Num Ruta: 42
Ingresos: 1059.976
Costos: 372.259824911
Utilidad Ruta: 687.716175089
Costo Reducido: 41.6578589361
Nodos: [105, 30, 16, 51, 65, 10, 45, 32, 67, 2, 37, 715]
q: [0.0, 11.0, 4.0, -4.0, -11.0, 12.0, -12.0, 11.0, -11.0, 10.0, -10.0, 0.0]
Q: [0.0, 11.0, 15.0, 11.0, 0.0, 12.0, 0.0, 11.0, 0.0, 10.0, 0.0, 0.0]
B: [0.0, 64.0, 72.20259129788, 81.82668273552001, 84.69783929691, 103.39088958301001, 132.91040031741, 309.0, 319.4016530417, 522.0, 562.7349620474, 598.7395051635]
