Avion: 4      Iteracion: 22

Num Ruta: 15
Ingresos: 719.253
Costos: 273.979984749
Utilidad Ruta: 445.273015251
Costo Reducido: 69.5711478899
Nodos: [104, 17, 52, 9, 44, 4, 39, 714]
q: [0, 5.0, -5.0, 11.0, -11.0, 3.0, -3.0, 0]
Q: [0, 5.0, 0.0, 11.0, 0.0, 3.0, 0.0, 0]
B: [0.0, 24.0, 58.8425537813, 81.72911018459999, 111.25634718709999, 529.0, 549.4257496801999, 585.3317604304999]
