Avion: 3      Iteracion: 18

Num Ruta: 20
Ingresos: 1121.965
Costos: 292.1665832
Utilidad Ruta: 829.7984168
Costo Reducido: 121.05053418
Nodos: [103, 11, 46, 22, 57, 25, 60, 31, 33, 66, 68, 713]
q: [0, 6.0, -6.0, 10.0, -10.0, 10.0, -10.0, 9.0, 5.0, -9.0, -5.0, 0]
Q: [0, 6.0, 0.0, 10.0, 0.0, 10.0, 0.0, 9.0, 14.0, 5.0, 0.0, 0]
B: [0.0, 169.0, 173.05406684701, 299.0, 320.7546861389, 410.0, 427.1849823101, 432.00662891681, 469.50789920201, 491.90606064441, 522.85785149731, 526.5527270026599]
