Avion: 1      Iteracion: 6

Num Ruta: 8
Ingresos: 1888.541
Costos: 547.401893504
Utilidad Ruta: 1341.1391065
Costo Reducido: 832.323619448
Nodos: [101, 16, 51, 9, 44, 18, 53, 28, 31, 63, 66, 2, 37, 29, 64, 711]
q: [0, 9.0, -9.0, 11.0, -11.0, 10.0, -10.0, 6.0, 9.0, -6.0, -9.0, 10.0, -10.0, 9.0, -9.0, 0]
Q: [0, 9.0, 0.0, 11.0, 0.0, 10.0, 0.0, 6.0, 15.0, 9.0, 0.0, 10.0, 0.0, 9.0, 0.0, 0]
B: [0.0, 36.0, 45.624091437640004, 75.68094759394, 105.20818459644, 293.0, 316.8182362487, 378.0, 406.0, 426.4968799577, 454.9113116606, 522.0, 562.7349620474, 572.53970258451, 606.31948236471, 622.41999133181]
