Avion: 5      Iteracion: 33

Num Ruta: 32
Ingresos: 846.945
Costos: 291.772221376
Utilidad Ruta: 555.172778624
Costo Reducido: 42.8070584859
Nodos: [105, 11, 46, 21, 4, 56, 39, 715]
q: [0, 6.0, -6.0, 12.0, 3.0, -12.0, -3.0, 0]
Q: [0, 6.0, 0.0, 12.0, 15.0, 3.0, 0.0, 0]
B: [0.0, 169.0, 173.05406684701, 477.0, 529.0, 558.169797411, 574.9727418256, 612.6868331576]
