Avion: 7      Iteracion: 60

Num Ruta: 43
Ingresos: 2029.126
Costos: 373.643398717
Utilidad Ruta: 1655.48260128
Costo Reducido: 57.8800795864
Nodos: [107, 30, 65, 16, 51, 14, 49, 3, 38, 23, 35, 70, 34, 58, 22, 57, 69, 8, 43, 13, 48, 31, 66, 717]
q: [0.0, 11.0, -11.0, 9.0, -9.0, 8.0, -8.0, 0.0, 0.0, 7.0, 8.0, -8.0, 8.0, -7.0, 7.0, -7.0, -8.0, 8.0, -8.0, 15.0, -15.0, 9.0, -9.0, 0.0]
Q: [0.0, 11.0, 0.0, 9.0, 0.0, 8.0, 0.0, 0.0, 0.0, 7.0, 15.0, 7.0, 15.0, 8.0, 15.0, 8.0, 0.0, 8.0, 0.0, 15.0, 0.0, 9.0, 0.0, 0.0]
B: [0.0, 64.0, 82.7140226568, 93.53069441849999, 103.15478585614, 129.94109036054, 141.96280213554, 256.0, 261.08428175852, 267.0, 277.4634044651, 289.38614345409997, 322.0, 336.2589470158, 352.0153710073, 373.77005714620003, 384.3603074737, 414.0, 434.768396616, 436.97907275691, 453.86222370691, 458.31973713931, 486.64521621731, 490.27993821493]
