Avion: 7      Iteracion: 31

Num Ruta: 29
Ingresos: 1690.277
Costos: 334.397768294
Utilidad Ruta: 1355.87923171
Costo Reducido: 108.964201382
Nodos: [107, 14, 49, 3, 38, 23, 58, 13, 31, 48, 66, 4, 29, 64, 27, 39, 62, 717]
q: [0.0, 0.0, 0.0, 13.0, -13.0, 10.0, -10.0, 6.0, 9.0, -6.0, -9.0, 3.0, 9.0, -9.0, 6.0, -3.0, -6.0, 0.0]
Q: [0.0, 0.0, 0.0, 13.0, 0.0, 10.0, 0.0, 6.0, 15.0, 9.0, 0.0, 3.0, 12.0, 3.0, 9.0, 6.0, 0.0, 0.0]
B: [0.0, 112.0, 124.021711775, 256.0, 261.08428175852, 267.0, 306.733842905, 423.0, 438.1372157281, 442.5947291605, 475.3319081624, 529.0, 549.7100026316, 583.4897824118, 591.70621040698, 608.05702298618, 613.4722815211, 636.9172698341999]
