Avion: 1      Iteracion: 3

Num Ruta: 5
Ingresos: 1022.961
Costos: 371.691348703
Utilidad Ruta: 651.269651297
Costo Reducido: 733.456699651
Nodos: [101, 28, 63, 19, 54, 8, 43, 4, 39, 711]
q: [0, 6.0, -6.0, 7.0, -7.0, 8.0, -8.0, 3.0, -3.0, 0]
Q: [0, 6.0, 0.0, 7.0, 0.0, 8.0, 0.0, 3.0, 0.0, 0]
B: [0.0, 378.0, 414.0266187839, 426.5624120576, 453.1895283491, 471.1464877799, 491.9148843959, 529.0, 549.4257496801999, 566.2347817760999]
