Avion: 7      Iteracion: 5

Num Ruta: 8
Ingresos: 2316.111
Costos: 707.787174833
Utilidad Ruta: 1608.32382517
Costo Reducido: 1516.66239251
Nodos: [107, 16, 51, 10, 14, 49, 45, 1, 36, 35, 70, 18, 53, 34, 69, 31, 66, 8, 33, 43, 68, 29, 27, 64, 62, 717]
q: [0.0, 9.0, -9.0, 12.0, 3.0, -3.0, -12.0, 7.0, -7.0, 8.0, -8.0, 10.0, -10.0, 8.0, -8.0, 9.0, -9.0, 8.0, 5.0, -8.0, -5.0, 9.0, 6.0, -9.0, -6.0, 0.0]
Q: [0.0, 9.0, 0.0, 12.0, 15.0, 12.0, 0.0, 7.0, 0.0, 8.0, 0.0, 10.0, 0.0, 8.0, 0.0, 9.0, 0.0, 8.0, 13.0, 5.0, 0.0, 9.0, 15.0, 6.0, 0.0, 0.0]
B: [0.0, 40.0989101099, 49.723001547539994, 96.0, 123.8098495501, 135.83156132509998, 181.3546435582, 219.773984729, 254.0140702575, 270.0, 281.922738989, 302.3408921131, 326.15912836179996, 349.62983932249995, 386.06996953629994, 413.1907136447999, 441.51619272279993, 450.29903884463994, 464.06369365323997, 487.33806066933994, 509.29494170923994, 549.0, 574.6018082369, 582.8182362320799, 598.26561380888, 621.71060212198]
