Avion: 7      Iteracion: 0

Num Ruta: 2
Ingresos: 3473.454
Costos: 588.804716248
Utilidad Ruta: 2884.64928375
Costo Reducido: -
Nodos: [107, 17, 52, 24, 59, 10, 45, 1, 36, 3, 38, 23, 58, 26, 61, 22, 57, 19, 8, 54, 43, 31, 66, 717]
q: [0, 5.0, -5.0, 11.0, -11.0, 12.0, -12.0, 7.0, -7.0, 13.0, -13.0, 10.0, -10.0, 10.0, -10.0, 10.0, -10.0, 7.0, 8.0, -7.0, -8.0, 9.0, -9.0, 0]
Q: [0, 5.0, 0.0, 11.0, 0.0, 12.0, 0.0, 7.0, 0.0, 13.0, 0.0, 10.0, 0.0, 10.0, 0.0, 10.0, 0.0, 7.0, 15.0, 8.0, 0.0, 9.0, 0.0, 0]
B: [0.0, 45.942580685, 80.78513446630001, 97.343417771, 135.8563680735, 147.6422987538, 177.1618094882, 215.581150659, 249.8212361875, 256.9177880967, 262.00206985522, 267.0, 306.733842905, 326.4202156791, 343.9994436485, 357.6336242986, 379.3883104375, 402.0, 425.1608815463, 443.1178409771, 446.04596016866, 463.15858150495995, 491.48406058295996, 495.11878258057993]
