Avion: 3      Iteracion: 12

Num Ruta: 14
Ingresos: 2874.517
Costos: 552.572812243
Utilidad Ruta: 2321.94418776
Costo Reducido: 410.897087896
Nodos: [103, 9, 44, 24, 59, 11, 46, 23, 35, 70, 32, 67, 26, 61, 58, 28, 63, 25, 60, 21, 56, 27, 29, 64, 62, 713]
q: [0.0, 11.0, -11.0, 11.0, -11.0, 6.0, -6.0, 7.0, 8.0, -8.0, 8.0, -8.0, 8.0, -8.0, -7.0, 6.0, -6.0, 10.0, -10.0, 12.0, -12.0, 6.0, 9.0, -9.0, -6.0, 0.0]
Q: [0.0, 11.0, 0.0, 11.0, 0.0, 6.0, 0.0, 7.0, 15.0, 7.0, 15.0, 7.0, 15.0, 7.0, 0.0, 6.0, 0.0, 10.0, 0.0, 12.0, 0.0, 6.0, 15.0, 6.0, 0.0, 0.0]
B: [0.0, 37.2069129329, 66.73414993540001, 90.87439983050001, 129.387350133, 169.0, 173.05406684701, 267.0, 277.4634044651, 289.38614345409997, 309.0, 319.4016530417, 332.1221722921, 349.7014002615, 352.76847264408, 378.0, 414.0266187839, 417.35999740026, 434.54497971036, 477.0, 517.7387906792, 538.0, 563.6018082369, 597.3815880171, 612.8289655939, 641.0996858712]
