Avion: 5      Iteracion: 20

Num Ruta: 21
Ingresos: 2470.683
Costos: 473.236251603
Utilidad Ruta: 1997.4467484
Costo Reducido: 91.8654283766
Nodos: [105, 23, 58, 28, 63, 19, 33, 54, 68, 21, 4, 56, 39, 715]
q: [0, 10.0, -10.0, 6.0, -6.0, 7.0, 5.0, -7.0, -5.0, 12.0, 3.0, -12.0, -3.0, 0]
Q: [0, 10.0, 0.0, 6.0, 0.0, 7.0, 12.0, 5.0, 0.0, 12.0, 15.0, 3.0, 0.0, 0]
B: [0.0, 267.0, 306.733842905, 378.0, 414.0266187839, 426.5624120576, 463.15597242, 484.7043661884, 506.6098110138, 517.4892883910001, 532.4370767558, 561.6068741668, 578.4098185814, 616.1239099134]
