Avion: 6      Iteracion: 59

Num Ruta: 49
Ingresos: 1082.56
Costos: 203.352951138
Utilidad Ruta: 879.207048862
Costo Reducido: 79.1198015773
Nodos: [106, 6, 41, 5, 40, 33, 68, 21, 56, 27, 62, 716]
q: [0, 4.0, -4.0, 9.0, -9.0, 5.0, -5.0, 12.0, -12.0, 6.0, -6.0, 0]
Q: [0, 4.0, 0.0, 9.0, 0.0, 5.0, 0.0, 12.0, 0.0, 6.0, 0.0, 0]
B: [0.0, 436.0, 439.69228939819, 469.0, 470.12168890518, 483.41186760978, 525.3645326621801, 536.2440100393801, 576.98280071858, 590.1602489161801, 607.19111128428, 616.8967816372201]
