Avion: 1      Iteracion: 4

Num Ruta: 6
Ingresos: 1856.593
Costos: 468.565634306
Utilidad Ruta: 1388.02736569
Costo Reducido: 1506.61644424
Nodos: [101, 30, 16, 51, 65, 24, 59, 1, 36, 26, 61, 22, 57, 8, 19, 54, 43, 33, 68, 29, 64, 711]
q: [0.0, 0.0, 9.0, -9.0, 0.0, 11.0, -11.0, 7.0, -7.0, 10.0, -10.0, 10.0, -10.0, 0.0, 0.0, 0.0, 0.0, 5.0, -5.0, 9.0, -9.0, 0.0]
Q: [0.0, 0.0, 9.0, 0.0, 0.0, 11.0, 0.0, 7.0, 0.0, 10.0, 0.0, 10.0, 0.0, 0.0, 0.0, 0.0, 0.0, 5.0, 0.0, 9.0, 0.0, 0.0]
B: [0.0, 64.0, 72.20259129788, 81.82668273552001, 84.69783929691, 109.43181018721, 147.94476048971, 175.0, 209.2400855285, 300.0, 317.5792279694, 331.2134086195, 352.9680947584, 414.0, 437.1608815463, 463.7879978378, 466.71611702935996, 489.99048404546, 531.94314909786, 549.0, 582.7797797802, 598.8802887473]
