Avion: 3      Iteracion: 26

Num Ruta: 28
Ingresos: 3055.044
Costos: 564.112465444
Utilidad Ruta: 2490.93153456
Costo Reducido: 20.5501501674
Nodos: [103, 17, 52, 24, 59, 1, 11, 46, 36, 23, 35, 70, 34, 58, 22, 69, 57, 25, 60, 31, 33, 66, 68, 713]
q: [0.0, 5.0, -5.0, 11.0, -11.0, 7.0, 6.0, -6.0, -7.0, 10.0, 5.0, -5.0, 5.0, -10.0, 10.0, -5.0, -10.0, 10.0, -10.0, 9.0, 5.0, -9.0, -5.0, 0.0]
Q: [0.0, 5.0, 0.0, 11.0, 0.0, 7.0, 13.0, 7.0, 0.0, 10.0, 15.0, 10.0, 15.0, 5.0, 15.0, 10.0, 0.0, 10.0, 0.0, 9.0, 14.0, 5.0, 0.0, 0.0]
B: [0.0, 39.7453305433, 74.5878843246, 91.1461676293, 129.65911793179998, 175.0, 193.6808285951, 197.73489544211, 232.05062478011, 267.0, 277.4634044651, 289.38614345409997, 322.0, 336.2589470158, 352.0153710073, 366.5845376616, 377.17478798909997, 410.0, 427.1849823101, 432.00662891681, 469.50789920201, 491.90606064441, 522.85785149731, 526.5527270026599]
