Avion: 1      Iteracion: 46

Num Ruta: 41
Ingresos: 826.526
Costos: 236.357022611
Utilidad Ruta: 590.168977389
Costo Reducido: 25.1304792528
Nodos: [101, 30, 65, 35, 70, 8, 19, 54, 43, 711]
q: [0, 11.0, -11.0, 8.0, -8.0, 8.0, 7.0, -7.0, -8.0, 0]
Q: [0, 11.0, 0.0, 8.0, 0.0, 8.0, 15.0, 8.0, 0.0, 0]
B: [0.0, 64.0, 82.7140226568, 270.0, 281.922738989, 414.0, 437.1608815463, 463.7879978378, 466.71611702935996, 472.42524831178997]
