Avion: 4      Iteracion: 23

Num Ruta: 16
Ingresos: 579.234
Costos: 237.931641048
Utilidad Ruta: 341.302358952
Costo Reducido: 31.7988297521
Nodos: [104, 17, 52, 9, 44, 714]
q: [0, 5.0, -5.0, 11.0, -11.0, 0]
Q: [0, 5.0, 0.0, 11.0, 0.0, 0]
B: [0.0, 24.0, 58.8425537813, 81.72911018459999, 111.25634718709999, 146.0854528317]
