Avion: 6      Iteracion: 57

Num Ruta: 47
Ingresos: 568.05
Costos: 184.915683877
Utilidad Ruta: 383.134316123
Costo Reducido: 45.2866651062
Nodos: [106, 34, 26, 61, 69, 13, 48, 6, 41, 5, 40, 716]
q: [0.0, 8.0, 7.0, -7.0, -8.0, 15.0, -15.0, 0.0, 0.0, 9.0, -9.0, 0.0]
Q: [0.0, 8.0, 15.0, 8.0, 0.0, 15.0, 0.0, 0.0, 0.0, 9.0, 0.0, 0.0]
B: [0.0, 322.0, 337.9272270342, 355.50645500359997, 380.49320895439996, 423.0, 439.88315095, 464.1060995732, 467.79838897139, 486.18724918619, 487.30893809137, 494.03229216504]
