Avion: 3      Iteracion: 44

Num Ruta: 44
Ingresos: 1337.68
Costos: 314.115433264
Utilidad Ruta: 1023.56456674
Costo Reducido: 32.621833231
Nodos: [103, 11, 46, 23, 58, 34, 69, 33, 6, 41, 68, 713]
q: [0, 6.0, -6.0, 10.0, -10.0, 8.0, -8.0, 5.0, 4.0, -4.0, -5.0, 0]
Q: [0, 6.0, 0.0, 10.0, 0.0, 8.0, 0.0, 5.0, 9.0, 5.0, 0.0, 0]
B: [0.0, 169.0, 173.05406684701, 267.0, 306.733842905, 322.0, 358.4401302138, 437.0, 463.1548069196, 466.84709631779, 497.92495713539, 501.61983264074]
