Avion: 6      Iteracion: 37

Num Ruta: 34
Ingresos: 1186.397
Costos: 351.716808134
Utilidad Ruta: 834.680191866
Costo Reducido: 52.0377276988
Nodos: [106, 10, 45, 32, 67, 34, 69, 33, 68, 29, 27, 64, 62, 716]
q: [0, 12.0, -12.0, 11.0, -11.0, 8.0, -8.0, 5.0, -5.0, 9.0, 6.0, -9.0, -6.0, 0]
Q: [0, 12.0, 0.0, 11.0, 0.0, 8.0, 0.0, 5.0, 0.0, 9.0, 15.0, 6.0, 0.0, 0]
B: [0.0, 96.0, 125.5195107344, 309.0, 319.4016530417, 346.1750898215, 382.6152200353, 437.0, 478.9526650524, 549.0, 574.6018082369, 582.8182362320799, 598.26561380888, 607.97128416182]
