Avion: 6      Iteracion: 42

Num Ruta: 37
Ingresos: 1868.287
Costos: 331.172560332
Utilidad Ruta: 1537.11443967
Costo Reducido: 6.46181984917
Nodos: [106, 34, 28, 69, 19, 63, 25, 60, 54, 5, 40, 21, 4, 39, 56, 716]
q: [0.0, 8.0, 6.0, -8.0, 7.0, -6.0, 8.0, -8.0, -7.0, 9.0, -9.0, 12.0, 3.0, -3.0, -12.0, 0.0]
Q: [0.0, 8.0, 14.0, 6.0, 13.0, 7.0, 15.0, 7.0, 0.0, 9.0, 0.0, 12.0, 15.0, 12.0, 0.0, 0.0]
B: [0.0, 322.0, 378.0, 412.6152135628, 433.1550298229, 445.6908230966, 449.02420171296, 466.20918402306, 482.99604045896, 490.84635370112, 491.9680426063, 520.2076329893, 535.1554213541, 555.5811710343, 572.3841154489, 599.0960051799001]
