Avion: 4      Iteracion: 13

Num Ruta: 11
Ingresos: 204.36
Costos: 231.628566011
Utilidad Ruta: -27.2685660112
Costo Reducido: 11.7431986011
Nodos: [104, 25, 60, 714]
q: [0, 10.0, -10.0, 0]
Q: [0, 10.0, 0.0, 0]
B: [0.0, 410.0, 427.1849823101, 447.9607021051]
