Avion: 7      Iteracion: 14

Num Ruta: 16
Ingresos: 2133.738
Costos: 381.172050107
Utilidad Ruta: 1752.56594989
Costo Reducido: 273.212511926
Nodos: [107, 14, 49, 3, 38, 23, 58, 18, 53, 31, 33, 66, 21, 68, 27, 56, 62, 717]
q: [0.0, 0.0, 0.0, 13.0, -13.0, 10.0, -10.0, 10.0, -10.0, 9.0, 5.0, -9.0, 9.0, -5.0, 6.0, -9.0, -6.0, 0.0]
Q: [0.0, 0.0, 0.0, 13.0, 0.0, 10.0, 0.0, 10.0, 0.0, 9.0, 14.0, 5.0, 14.0, 9.0, 15.0, 6.0, 0.0, 0.0]
B: [0.0, 112.0, 124.021711775, 256.0, 261.08428175852, 267.0, 306.733842905, 332.1731543147, 355.9913905634, 406.0, 443.5012702852, 465.8994317276, 489.3652704085, 500.2447477857, 538.0, 551.1774481976, 572.1442374129, 595.589225726]
