Avion: 5      Iteracion: 55

Num Ruta: 39
Ingresos: 271.472
Costos: 234.526283352
Utilidad Ruta: 36.9457166481
Costo Reducido: 42.4138814163
Nodos: [105, 18, 53, 27, 62, 715]
q: [0, 10.0, -10.0, 6.0, -6.0, 0]
Q: [0, 10.0, 0.0, 6.0, 0.0, 0]
B: [0.0, 293.0, 316.8182362487, 538.0, 555.0308623681, 587.6857874177999]
