Avion: 1      Iteracion: 49

Num Ruta: 42
Ingresos: 1519.031
Costos: 413.506420817
Utilidad Ruta: 1105.52457918
Costo Reducido: 25.9911001511
Nodos: [101, 30, 65, 24, 59, 13, 48, 21, 56, 29, 64, 711]
q: [0, 11.0, -11.0, 11.0, -11.0, 15.0, -15.0, 12.0, -12.0, 9.0, -9.0, 0]
Q: [0, 11.0, 0.0, 11.0, 0.0, 15.0, 0.0, 12.0, 0.0, 9.0, 0.0, 0]
B: [0.0, 64.0, 82.7140226568, 107.4479935471, 145.9609438496, 423.0, 439.88315095, 477.0, 517.7387906792, 556.1920871568999, 589.9718669370999, 606.0723759041999]
