Avion: 1      Iteracion: 8

Num Ruta: 10
Ingresos: 3304.267
Costos: 653.386538983
Utilidad Ruta: 2650.88046102
Costo Reducido: 596.17487182
Nodos: [101, 17, 30, 52, 16, 51, 65, 24, 59, 1, 36, 3, 38, 32, 67, 22, 57, 8, 43, 25, 60, 21, 56, 27, 62, 2, 37, 711]
q: [0.0, 5.0, 0.0, -5.0, 0.0, 0.0, 0.0, 11.0, -11.0, 7.0, -7.0, 13.0, -13.0, 11.0, -11.0, 10.0, -10.0, 8.0, -8.0, 10.0, -10.0, 12.0, -12.0, 6.0, -6.0, 10.0, -10.0, 0.0]
Q: [0.0, 5.0, 5.0, 0.0, 0.0, 0.0, 0.0, 11.0, 0.0, 7.0, 0.0, 13.0, 0.0, 11.0, 0.0, 10.0, 0.0, 8.0, 0.0, 10.0, 0.0, 12.0, 0.0, 6.0, 0.0, 10.0, 0.0, 0.0]
B: [0.0, 24.0, 64.0, 67.14445448369, 72.47609381883, 82.10018525647, 84.97134181786, 109.70531270816, 148.21826301066, 175.0, 209.2400855285, 256.0, 261.08428175852, 309.0, 319.4016530417, 353.8662667781, 375.620952917, 414.0, 434.768396616, 468.12895782230004, 485.31394013240003, 493.48265361740005, 534.2214442966, 547.3988924942, 564.4297548623, 575.8818279497, 616.6167899971, 633.5664571915]
