Avion: 4      Iteracion: 60

Num Ruta: 28
Ingresos: 1154.687
Costos: 395.523169088
Utilidad Ruta: 759.163830912
Costo Reducido: 52.5980666927
Nodos: [104, 30, 65, 16, 51, 35, 70, 23, 58, 27, 62, 714]
q: [0, 11.0, -11.0, 9.0, -9.0, 8.0, -8.0, 10.0, -10.0, 6.0, -6.0, 0]
Q: [0, 11.0, 0.0, 9.0, 0.0, 8.0, 0.0, 10.0, 0.0, 6.0, 0.0, 0]
B: [0.0, 64.0, 82.7140226568, 93.53069441849999, 103.15478585614, 270.0, 281.922738989, 302.04960511369995, 341.78344801869997, 538.0, 555.0308623681, 590.6193251756]
