Avion: 2      Iteracion: 36

Num Ruta: 38
Ingresos: 2088.191
Costos: 462.682608054
Utilidad Ruta: 1625.50839195
Costo Reducido: 92.4403581987
Nodos: [102, 16, 51, 10, 45, 32, 67, 26, 61, 28, 31, 66, 63, 25, 60, 20, 4, 39, 55, 2, 37, 712]
q: [0, 9.0, -9.0, 12.0, -12.0, 11.0, -11.0, 10.0, -10.0, 6.0, 9.0, -9.0, -6.0, 10.0, -10.0, 0.0, 3.0, -3.0, -0.0, 10.0, -10.0, 0]
Q: [0, 9.0, 0.0, 12.0, 0.0, 11.0, 0.0, 10.0, 0.0, 6.0, 15.0, 6.0, 0.0, 10.0, 0.0, 0.0, 3.0, 0.0, 0.0, 10.0, 0.0, 0]
B: [0.0, 36.0, 45.624091437640004, 96.0, 125.5195107344, 309.0, 319.4016530417, 332.1221722921, 349.7014002615, 378.0, 406.0, 434.325479078, 462.7399107809, 466.07328939726, 483.25827170736, 496.0, 529.0, 549.4257496801999, 561.2869729308, 568.6172701962599, 609.35223224366, 613.46797871301]
