Avion: 3      Iteracion: 39

Num Ruta: 40
Ingresos: 377.582
Costos: 203.888578029
Utilidad Ruta: 173.693421971
Costo Reducido: 36.7042183394
Nodos: [103, 11, 46, 35, 70, 33, 5, 40, 68, 713]
q: [0, 6.0, -6.0, 8.0, -8.0, 5.0, 9.0, -9.0, -5.0, 0]
Q: [0, 6.0, 0.0, 8.0, 0.0, 5.0, 14.0, 5.0, 0.0, 0]
B: [0.0, 169.0, 173.05406684701, 270.0, 281.922738989, 437.0, 469.0, 470.12168890518, 499.13406352358, 502.82893902893]
