Avion: 3      Iteracion: 40

Num Ruta: 41
Ingresos: 1528.797
Costos: 323.345977142
Utilidad Ruta: 1205.45102286
Costo Reducido: 25.3784930096
Nodos: [103, 11, 46, 23, 35, 70, 32, 67, 26, 61, 58, 28, 31, 63, 25, 66, 60, 713]
q: [0.0, 6.0, -6.0, 7.0, 8.0, -8.0, 8.0, -8.0, 8.0, -8.0, -7.0, 6.0, 5.0, -6.0, 10.0, -5.0, -10.0, 0.0]
Q: [0.0, 6.0, 0.0, 7.0, 15.0, 7.0, 15.0, 7.0, 15.0, 7.0, 0.0, 6.0, 11.0, 5.0, 15.0, 10.0, 0.0, 0.0]
B: [0.0, 169.0, 173.05406684701, 267.0, 277.4634044651, 289.38614345409997, 309.0, 319.4016530417, 332.1221722921, 349.7014002615, 352.76847264408, 378.0, 406.0, 426.4968799577, 429.83025857406, 455.25739573106, 479.33193425206, 485.78810749943]
