Avion: 2      Iteracion: 38

Num Ruta: 40
Ingresos: 2682.553
Costos: 688.86418248
Utilidad Ruta: 1993.68881752
Costo Reducido: 3.64305224094
Nodos: [102, 16, 51, 9, 12, 44, 47, 10, 45, 35, 70, 23, 26, 61, 58, 13, 48, 31, 66, 21, 56, 27, 4, 39, 62, 712]
q: [0.0, 9.0, -9.0, 11.0, 0.0, -11.0, 0.0, 12.0, -12.0, 8.0, -8.0, 10.0, 5.0, -5.0, -10.0, 15.0, -15.0, 9.0, -9.0, 12.0, -12.0, 6.0, 3.0, -3.0, -6.0, 0.0]
Q: [0.0, 9.0, 0.0, 11.0, 11.0, 0.0, 0.0, 12.0, 0.0, 8.0, 0.0, 10.0, 15.0, 10.0, 0.0, 15.0, 0.0, 9.0, 0.0, 12.0, 0.0, 6.0, 9.0, 6.0, 0.0, 0.0]
B: [0.0, 36.0, 45.624091437640004, 75.68094759394, 96.51567151824, 107.30270827534, 144.23279248864, 152.95056284579, 182.47007358019, 270.0, 281.922738989, 302.04960511369995, 336.49094865599994, 354.07017662539994, 357.13724900797996, 423.0, 439.88315095, 444.3406643824, 472.6661434604, 496.1319821413, 536.8707728205, 550.0482210181, 567.6629955554, 588.0887452356001, 593.5040037705201, 626.7526221779201]
