Avion: 3      Iteracion: 9

Num Ruta: 12
Ingresos: 1431.013
Costos: 389.979101403
Utilidad Ruta: 1041.0338986
Costo Reducido: 292.675556112
Nodos: [103, 30, 65, 32, 67, 26, 61, 34, 69, 33, 68, 29, 64, 27, 62, 713]
q: [0, 11.0, -11.0, 11.0, -11.0, 10.0, -10.0, 8.0, -8.0, 5.0, -5.0, 9.0, -9.0, 6.0, -6.0, 0]
Q: [0, 11.0, 0.0, 11.0, 0.0, 10.0, 0.0, 8.0, 0.0, 5.0, 0.0, 9.0, 0.0, 6.0, 0.0, 0]
B: [0.0, 64.0, 82.7140226568, 309.0, 319.4016530417, 332.1221722921, 349.7014002615, 364.6146463535, 401.0547765673, 437.0, 478.9526650524, 549.0, 582.7797797802, 590.99620777538, 608.0270701434799, 636.29779042078]
