Avion: 7      Iteracion: 4

Num Ruta: 7
Ingresos: 2708.302
Costos: 744.131473421
Utilidad Ruta: 1964.17052658
Costo Reducido: 1232.47555842
Nodos: [107, 9, 44, 24, 59, 14, 49, 1, 36, 35, 18, 70, 26, 61, 53, 34, 69, 33, 6, 41, 68, 21, 4, 56, 27, 39, 62, 717]
q: [0.0, 11.0, -11.0, 11.0, -11.0, 8.0, -8.0, 7.0, -7.0, 8.0, 5.0, -8.0, 10.0, -10.0, -5.0, 8.0, -8.0, 5.0, 4.0, -4.0, -5.0, 12.0, 3.0, -12.0, 6.0, -3.0, -6.0, 0.0]
Q: [0.0, 11.0, 0.0, 11.0, 0.0, 8.0, 0.0, 7.0, 0.0, 8.0, 13.0, 5.0, 15.0, 5.0, 0.0, 8.0, 0.0, 5.0, 9.0, 5.0, 0.0, 12.0, 15.0, 3.0, 9.0, 6.0, 0.0, 0.0]
B: [0.0, 46.0648734938, 75.5921104963, 99.7323603914, 138.2453106939, 166.8916799926, 178.9133917676, 214.59512098579998, 248.83520651429998, 270.0, 293.0, 313.4181531241, 327.7690152933, 345.3482432627, 356.78303272290003, 380.2537436836, 416.6938738974, 437.0, 463.1548069196, 466.84709631779, 497.92495713539, 508.80443451259, 529.0, 558.169797411, 571.3472456086, 587.6980581878, 593.11331672272, 616.55830503582]
