Avion: 6      Iteracion: 48

Num Ruta: 41
Ingresos: 1252.176
Costos: 243.59404156
Utilidad Ruta: 1008.58195844
Costo Reducido: 36.1462493684
Nodos: [106, 28, 13, 48, 63, 25, 60, 21, 5, 40, 56, 716]
q: [0.0, 6.0, 9.0, -9.0, -6.0, 10.0, -10.0, 12.0, 0.0, 0.0, -12.0, 0.0]
Q: [0.0, 6.0, 15.0, 6.0, 0.0, 10.0, 0.0, 12.0, 12.0, 12.0, 0.0, 0.0]
B: [0.0, 378.0, 423.0, 439.88315095, 462.92158097460003, 466.25495959096, 483.43994190106, 491.60865538606004, 520.2267786124601, 521.3484675176401, 544.09111619804, 570.8030059290401]
