Avion: 3      Iteracion: 61

Num Ruta: 55
Ingresos: 2726.782
Costos: 409.661118684
Utilidad Ruta: 2317.12088132
Costo Reducido: 131.669201738
Nodos: [103, 11, 46, 3, 38, 23, 35, 70, 58, 34, 22, 57, 69, 28, 31, 63, 66, 21, 56, 27, 62, 713]
q: [0.0, 6.0, -6.0, 13.0, -13.0, 10.0, 5.0, -5.0, -10.0, 8.0, 7.0, -7.0, -8.0, 6.0, 9.0, -6.0, -9.0, 12.0, -12.0, 6.0, -6.0, 0.0]
Q: [0.0, 6.0, 0.0, 13.0, 0.0, 10.0, 15.0, 10.0, 0.0, 8.0, 15.0, 8.0, 0.0, 6.0, 15.0, 9.0, 0.0, 12.0, 0.0, 6.0, 0.0, 0.0]
B: [0.0, 169.0, 173.05406684701, 256.0, 261.08428175852, 267.0, 277.4634044651, 289.38614345409997, 313.15284696969997, 327.41179398549997, 355.4754773681, 377.230163507, 387.82041383449996, 422.4356273973, 438.0518469462, 458.5487269039, 486.9631586068, 510.4289972877, 551.1677879668999, 564.3452361645, 581.3760985325999, 609.6468188099]
