Avion: 3      Iteracion: 33

Num Ruta: 35
Ingresos: 1554.902
Costos: 355.421828014
Utilidad Ruta: 1199.48017199
Costo Reducido: 67.2430556085
Nodos: [103, 11, 46, 26, 34, 61, 22, 69, 57, 19, 31, 54, 33, 66, 68, 713]
q: [0.0, 6.0, -6.0, 7.0, 8.0, -7.0, 7.0, -8.0, -7.0, 7.0, 8.0, -7.0, 5.0, -8.0, -5.0, 0.0]
Q: [0.0, 6.0, 0.0, 7.0, 15.0, 8.0, 15.0, 7.0, 0.0, 7.0, 15.0, 8.0, 13.0, 5.0, 0.0, 0.0]
B: [0.0, 169.0, 173.05406684701, 300.0, 322.0, 336.913246092, 350.5474267421, 365.1165933964, 375.70684372389996, 402.0, 423.4250045741, 440.5310440047, 462.0794377731, 484.4775992155, 515.4293900684, 519.12426557375]
