Avion: 2      Iteracion: 60

Num Ruta: 55
Ingresos: 1343.271
Costos: 490.635300974
Utilidad Ruta: 852.635699026
Costo Reducido: 65.5680449193
Nodos: [102, 16, 30, 65, 51, 10, 45, 26, 61, 13, 48, 31, 66, 20, 21, 27, 56, 55, 2, 62, 37, 712]
q: [0.0, 9.0, 6.0, -6.0, -9.0, 12.0, -12.0, 0.0, 0.0, 15.0, -15.0, 9.0, -9.0, 0.0, 9.0, 6.0, -9.0, 0.0, 0.0, -6.0, 0.0, 0.0]
Q: [0.0, 9.0, 15.0, 9.0, 0.0, 12.0, 0.0, 0.0, 0.0, 15.0, 0.0, 9.0, 0.0, 0.0, 9.0, 15.0, 6.0, 6.0, 6.0, 0.0, 0.0, 0.0]
B: [0.0, 36.0, 64.0, 82.7140226568, 85.58517921818999, 101.41445642849, 130.93396716288999, 300.0, 317.5792279694, 423.0, 439.88315095, 444.3406643824, 472.6661434604, 496.0, 500.74940638396, 538.0, 551.1774481976, 571.7768688205, 579.10716608596, 590.55923917336, 619.8997695196599, 624.0155159890099]
