Avion: 3      Iteracion: 32

Num Ruta: 34
Ingresos: 2082.929
Costos: 508.481503987
Utilidad Ruta: 1574.44749601
Costo Reducido: 99.19930007
Nodos: [103, 30, 16, 51, 65, 10, 45, 32, 67, 26, 34, 61, 69, 19, 31, 54, 33, 66, 68, 29, 64, 27, 62, 713]
q: [0.0, 6.0, 9.0, -9.0, -6.0, 12.0, -12.0, 11.0, -11.0, 7.0, 8.0, -7.0, -8.0, 6.0, 9.0, -6.0, 5.0, -9.0, -5.0, 9.0, -9.0, 6.0, -6.0, 0.0]
Q: [0.0, 6.0, 15.0, 6.0, 0.0, 12.0, 0.0, 11.0, 0.0, 7.0, 15.0, 8.0, 0.0, 6.0, 15.0, 9.0, 14.0, 5.0, 0.0, 9.0, 0.0, 6.0, 0.0, 0.0]
B: [0.0, 64.0, 72.20259129788, 81.82668273552001, 84.69783929691, 103.39088958301001, 132.91040031741, 309.0, 319.4016530417, 332.1221722921, 348.0493993263, 362.9626454183, 387.9493993691, 408.4892156292, 429.9142202033, 447.02025963389997, 468.56865340229996, 490.96681484469997, 521.9186056976, 549.0, 582.7797797802, 590.99620777538, 608.0270701434799, 636.29779042078]
