Avion: 2      Iteracion: 55

Num Ruta: 50
Ingresos: 2092.212
Costos: 460.497363051
Utilidad Ruta: 1631.71463695
Costo Reducido: 30.1361795151
Nodos: [102, 16, 51, 10, 45, 32, 67, 26, 61, 34, 69, 8, 33, 43, 13, 48, 68, 20, 4, 39, 55, 2, 37, 712]
q: [0.0, 9.0, -9.0, 12.0, -12.0, 11.0, -11.0, 10.0, -10.0, 8.0, -8.0, 8.0, 5.0, -8.0, 0.0, 0.0, -5.0, 0.0, 3.0, -3.0, 0.0, 10.0, -10.0, 0.0]
Q: [0.0, 9.0, 0.0, 12.0, 0.0, 11.0, 0.0, 10.0, 0.0, 8.0, 0.0, 8.0, 13.0, 5.0, 5.0, 5.0, 0.0, 0.0, 3.0, 0.0, 0.0, 10.0, 0.0, 0.0]
B: [0.0, 36.0, 45.624091437640004, 96.0, 125.5195107344, 309.0, 319.4016530417, 332.1221722921, 349.7014002615, 364.6146463535, 401.0547765673, 414.0, 437.0, 460.2743670161, 462.48504315700995, 479.36819410700997, 484.71624440594996, 496.0, 529.0, 549.4257496801999, 561.2869729308, 568.6172701962599, 609.35223224366, 613.46797871301]
