Avion: 1      Iteracion: 25

Num Ruta: 26
Ingresos: 2171.568
Costos: 515.362957359
Utilidad Ruta: 1656.20504264
Costo Reducido: 71.3124958935
Nodos: [101, 30, 65, 24, 59, 35, 70, 32, 67, 33, 68, 21, 56, 27, 62, 2, 37, 711]
q: [0, 11.0, -11.0, 11.0, -11.0, 8.0, -8.0, 11.0, -11.0, 5.0, -5.0, 12.0, -12.0, 6.0, -6.0, 10.0, -10.0, 0]
Q: [0, 11.0, 0.0, 11.0, 0.0, 8.0, 0.0, 11.0, 0.0, 5.0, 0.0, 12.0, 0.0, 6.0, 0.0, 10.0, 0.0, 0]
B: [0.0, 64.0, 82.7140226568, 107.4479935471, 145.9609438496, 270.0, 281.922738989, 309.0, 319.4016530417, 437.0, 478.9526650524, 489.83214242959997, 530.5709331088, 543.7483813064, 560.7792436745, 572.2313167619, 612.9662788093, 629.9159460037]
