Avion: 3      Iteracion: 27

Num Ruta: 29
Ingresos: 2163.599
Costos: 406.734304457
Utilidad Ruta: 1756.86469554
Costo Reducido: 48.3049961376
Nodos: [103, 30, 65, 1, 11, 46, 36, 23, 35, 70, 26, 58, 61, 31, 19, 66, 54, 13, 48, 713]
q: [0.0, 11.0, -11.0, 7.0, 6.0, -6.0, -7.0, 10.0, 5.0, -5.0, 5.0, -10.0, -5.0, 9.0, 6.0, -9.0, -6.0, 15.0, -15.0, 0.0]
Q: [0.0, 11.0, 0.0, 7.0, 13.0, 7.0, 0.0, 10.0, 15.0, 10.0, 15.0, 5.0, 0.0, 9.0, 15.0, 6.0, 0.0, 15.0, 0.0, 0.0]
B: [0.0, 64.0, 82.7140226568, 175.0, 193.6808285951, 197.73489544211, 232.05062478011, 267.0, 277.4634044651, 289.38614345409997, 303.7370056233, 323.4233783974, 326.49045077998, 406.0, 427.4250045741, 443.5262214225, 465.9443857095, 470.17200501592004, 487.05515596592005, 489.82964420702007]
