Avion: 4      Iteracion: 20

Num Ruta: 23
Ingresos: 88800.0
Costos: 336.097334882
Utilidad Ruta: 88463.9026651
Costo Reducido: 114.131891173
Nodos: [104, 17, 30, 57, 70, 24, 64, 11, 51, 34, 74, 22, 62, 32, 25, 65, 72, 814]
q: [0.0, 5.0, 10.0, -5.0, -10.0, 14.0, -14.0, 8.0, -8.0, 12.0, -12.0, 10.0, -10.0, 5.0, 10.0, -10.0, -5.0, 0.0]
Q: [0.0, 5.0, 15.0, 10.0, 0.0, 14.0, 0.0, 8.0, 0.0, 12.0, 0.0, 10.0, 0.0, 5.0, 15.0, 5.0, 0.0, 0.0]
B: [0.0, 24.0, 64.0, 67.14445448369, 83.24240000479, 107.97637089509, 146.48932119759002, 169.0, 173.05406684701, 283.0, 323.947598037, 353.69889745399996, 375.4535835929, 422.0, 442.6664482919, 459.851430602, 470.8364988767, 495.2026444274]
