Avion: 5      Iteracion: 19

Num Ruta: 22
Ingresos: 39600.0
Costos: 139.057839985
Utilidad Ruta: 39460.94216
Costo Reducido: 80.9356509943
Nodos: [105, 36, 76, 39, 79, 33, 73, 815]
q: [0, 15.0, -15.0, 8.0, -8.0, 10.0, -10.0, 0]
Q: [0, 15.0, 0.0, 8.0, 0.0, 10.0, 0.0, 0]
B: [0.0, 251.0, 257.94814406874, 388.0, 410.632187455, 562.0, 585.3035112376, 603.0256129753]
