Avion: 7      Iteracion: 54

Num Ruta: 49
Ingresos: 133200.0
Costos: 409.687915242
Utilidad Ruta: 132790.312085
Costo Reducido: 5.22330280478
Nodos: [107, 30, 16, 56, 70, 24, 64, 1, 31, 71, 11, 51, 41, 8, 19, 59, 48, 5, 45, 21, 38, 78, 61, 33, 73, 29, 69, 817]
q: [0.0, 4.0, 11.0, -11.0, -4.0, 14.0, -14.0, 7.0, 6.0, -6.0, 8.0, -8.0, -7.0, 8.0, 7.0, -7.0, -8.0, 12.0, -12.0, 13.0, 2.0, -2.0, -13.0, 10.0, -10.0, 9.0, -9.0, 0.0]
Q: [0.0, 4.0, 15.0, 4.0, 0.0, 14.0, 0.0, 7.0, 13.0, 7.0, 15.0, 7.0, 0.0, 8.0, 15.0, 8.0, 0.0, 12.0, 0.0, 13.0, 15.0, 13.0, 0.0, 10.0, 0.0, 9.0, 0.0, 0.0]
B: [0.0, 64.0, 72.20259129788, 81.82668273552001, 84.69783929691, 109.43181018721, 147.94476048971, 175.0, 183.89376197118, 197.19937597428, 197.678254873377, 201.732321720387, 236.048051058387, 414.0, 437.1608815463, 463.7879978378, 466.71611702935996, 476.46892790622996, 477.59061681141, 505.83020719441, 512.6531201353799, 545.5220067760799, 552.59193534715, 562.7474802857499, 586.0509915233499, 604.4343107285499, 638.2140905087499, 659.7876254532499]
