Avion: 2      Iteracion: 59

Num Ruta: 55
Ingresos: 46800.0
Costos: 157.166543801
Utilidad Ruta: 46642.8334562
Costo Reducido: 1.83809956176
Nodos: [102, 1, 41, 8, 48, 13, 53, 29, 69, 812]
q: [0, 7.0, -7.0, 8.0, -8.0, 15.0, -15.0, 9.0, -9.0, 0]
Q: [0, 7.0, 0.0, 8.0, 0.0, 15.0, 0.0, 9.0, 0.0, 0]
B: [0.0, 175.0, 209.2400855285, 414.0, 434.768396616, 436.97907275691, 453.86222370691, 549.0, 582.7797797802, 606.9046599872]
