Avion: 7      Iteracion: 26

Num Ruta: 28
Ingresos: 21600.0
Costos: 104.711362858
Utilidad Ruta: 21495.2886371
Costo Reducido: 46.3226683205
Nodos: [107, 10, 50, 27, 67, 817]
q: [0, 12.0, -12.0, 6.0, -6.0, 0]
Q: [0, 12.0, 0.0, 6.0, 0.0, 0]
B: [0.0, 96.0, 125.5195107344, 538.0, 555.0308623681, 561.7355571411699]
