Avion: 2      Iteracion: 53

Num Ruta: 50
Ingresos: 56400.0
Costos: 195.863437336
Utilidad Ruta: 56204.1365627
Costo Reducido: 12.2697450402
Nodos: [102, 22, 62, 19, 32, 59, 72, 29, 69, 37, 77, 812]
q: [0, 10.0, -10.0, 7.0, 6.0, -7.0, -6.0, 9.0, -9.0, 15.0, -15.0, 0]
Q: [0, 10.0, 0.0, 7.0, 13.0, 6.0, 0.0, 9.0, 0.0, 15.0, 0.0, 0]
B: [0.0, 299.0, 320.7546861389, 402.0, 422.0, 441.5724706923, 458.69984714049997, 549.0, 582.7797797802, 602.0609649098, 622.8556183813, 641.554853232]
