Avion: 1      Iteracion: 33

Num Ruta: 35
Ingresos: 50400.0
Costos: 174.490004068
Utilidad Ruta: 50225.5099959
Costo Reducido: 64.1973307422
Nodos: [101, 14, 54, 23, 63, 18, 58, 39, 79, 6, 46, 811]
q: [0, 8.0, -8.0, 10.0, -10.0, 11.0, -11.0, 8.0, -8.0, 5.0, -5.0, 0]
Q: [0, 8.0, 0.0, 10.0, 0.0, 11.0, 0.0, 8.0, 0.0, 5.0, 0.0, 0]
B: [0.0, 112.0, 124.021711775, 267.0, 306.733842905, 332.1731543147, 355.9913905634, 388.0, 410.632187455, 436.0, 439.69228939819, 455.73144673268996]
