Avion: 2      Iteracion: 9

Num Ruta: 11
Ingresos: 68400.0
Costos: 363.154581849
Utilidad Ruta: 68036.8454182
Costo Reducido: 66920.4689304
Nodos: [102, 12, 70, 30, 52, 14, 54, 35, 75, 39, 79, 20, 60, 812]
q: [0.0, 14.0, -11.0, 11.0, -14.0, 8.0, -8.0, 6.0, -6.0, 8.0, -8.0, 10.0, -10.0, 0.0]
Q: [0.0, 14.0, 3.0, 14.0, 0.0, 8.0, 0.0, 6.0, 0.0, 8.0, 0.0, 10.0, 0.0, 0.0]
B: [0.0, 54.0, 88.8267464602, 107.540769117, 132.9151156308, 169.43434941249998, 181.45606118749998, 279.0, 298.9128833924, 388.0, 410.632187455, 496.0, 538.1771424471, 567.6561431255]
