Avion: 2      Iteracion: 20

Num Ruta: 21
Ingresos: 57600.0
Costos: 205.180729079
Utilidad Ruta: 57394.8192709
Costo Reducido: 120.527193914
Nodos: [102, 22, 62, 32, 25, 65, 72, 38, 27, 78, 33, 73, 67, 812]
q: [0.0, 10.0, -10.0, 5.0, 10.0, -10.0, -5.0, 8.0, 6.0, -8.0, 9.0, -9.0, -6.0, 0.0]
Q: [0.0, 10.0, 0.0, 5.0, 15.0, 5.0, 0.0, 8.0, 14.0, 6.0, 15.0, 6.0, 0.0, 0.0]
B: [0.0, 299.0, 320.7546861389, 422.0, 442.6664482919, 459.851430602, 470.8364988767, 485.8669461089, 538.0, 549.5357273286, 566.1789277720001, 589.4824390096001, 610.0492312972001, 623.4656375597001]
