Avion: 1      Iteracion: 59

Num Ruta: 48
Ingresos: 51600.0
Costos: 198.985373751
Utilidad Ruta: 51401.0146262
Costo Reducido: 0.652151259303
Nodos: [101, 34, 74, 28, 68, 25, 65, 21, 61, 811]
q: [0, 12.0, -12.0, 8.0, -8.0, 10.0, -10.0, 13.0, -13.0, 0]
Q: [0, 12.0, 0.0, 8.0, 0.0, 10.0, 0.0, 13.0, 0.0, 0]
B: [0.0, 283.0, 323.947598037, 378.0, 414.0266187839, 417.35999740026, 434.54497971036, 477.0, 517.7387906792, 536.8977052882999]
