Avion: 7      Iteracion: 27

Num Ruta: 29
Ingresos: 60000.0
Costos: 196.116038408
Utilidad Ruta: 59803.8839616
Costo Reducido: 57.3122452526
Nodos: [107, 9, 49, 11, 51, 34, 74, 39, 79, 6, 46, 27, 67, 817]
q: [0, 11.0, -11.0, 8.0, -8.0, 12.0, -12.0, 8.0, -8.0, 5.0, -5.0, 6.0, -6.0, 0]
Q: [0, 11.0, 0.0, 8.0, 0.0, 12.0, 0.0, 8.0, 0.0, 5.0, 0.0, 6.0, 0.0, 0]
B: [0.0, 28.0348110926, 57.562048095099996, 169.0, 173.05406684701, 283.0, 323.947598037, 388.0, 410.632187455, 436.0, 439.69228939819, 538.0, 555.0308623681, 561.7355571411699]
