Avion: 1      Iteracion: 9

Num Ruta: 12
Ingresos: 121200.0
Costos: 420.690291236
Utilidad Ruta: 120779.309709
Costo Reducido: 59890.4084173
Nodos: [101, 16, 56, 30, 70, 40, 80, 1, 31, 71, 11, 51, 41, 18, 36, 76, 58, 39, 6, 46, 79, 20, 38, 60, 78, 811]
q: [0.0, 11.0, -11.0, 11.0, -11.0, 15.0, -15.0, 7.0, 6.0, -6.0, 8.0, -8.0, -7.0, 0.0, 15.0, -15.0, 0.0, 8.0, 5.0, -5.0, -8.0, 10.0, 5.0, -10.0, -5.0, 0.0]
Q: [0.0, 11.0, 0.0, 11.0, 0.0, 15.0, 0.0, 7.0, 13.0, 7.0, 15.0, 7.0, 0.0, 0.0, 15.0, 0.0, 0.0, 8.0, 13.0, 8.0, 0.0, 10.0, 15.0, 5.0, 0.0, 0.0]
B: [0.0, 36.0, 45.624091437640004, 64.0, 82.7140226568, 113.5238767298, 146.0933185119, 175.0, 183.89376197118, 197.19937597428, 197.678254873377, 201.732321720387, 236.048051058387, 293.0, 306.9670306436, 313.91517471234005, 328.64583746054006, 388.0, 436.0, 439.69228939819, 449.87740525418997, 496.0, 498.08106943661, 538.20307667701, 565.58008440251, 579.86950793881]
