Avion: 4      Iteracion: 55

Num Ruta: 45
Ingresos: 46800.0
Costos: 188.512107125
Utilidad Ruta: 46611.4878929
Costo Reducido: 5.0583829386
Nodos: [104, 17, 57, 14, 54, 32, 25, 65, 72, 15, 55, 814]
q: [0.0, 5.0, -5.0, 8.0, -8.0, 6.0, 9.0, -9.0, -6.0, 11.0, -11.0, 0.0]
Q: [0.0, 5.0, 0.0, 8.0, 0.0, 6.0, 15.0, 6.0, 0.0, 11.0, 0.0, 0.0]
B: [0.0, 24.0, 58.8425537813, 112.0, 124.021711775, 422.0, 442.6664482919, 459.851430602, 470.8364988767, 511.0, 527.4211666151, 542.766156286]
