Avion: 7      Iteracion: 50

Num Ruta: 47
Ingresos: 91200.0
Costos: 285.357608924
Utilidad Ruta: 90914.6423911
Costo Reducido: 0.17776972038
Nodos: [107, 12, 52, 31, 11, 71, 51, 19, 32, 59, 13, 72, 53, 15, 21, 55, 20, 38, 78, 61, 60, 817]
q: [0.0, 14.0, -14.0, 6.0, 8.0, -6.0, -8.0, 7.0, 6.0, -7.0, 9.0, -6.0, -9.0, 11.0, 4.0, -11.0, 10.0, 1.0, -1.0, -4.0, -10.0, 0.0]
Q: [0.0, 14.0, 0.0, 6.0, 14.0, 8.0, 0.0, 7.0, 13.0, 6.0, 15.0, 9.0, 0.0, 11.0, 15.0, 4.0, 14.0, 15.0, 14.0, 10.0, 0.0, 0.0]
B: [0.0, 54.0, 97.347924264, 130.0, 169.0, 169.478878899097, 173.173257466597, 402.0, 422.0, 441.5724706923, 445.80008999872, 459.64226977652004, 463.71322015696006, 511.0, 516.67223351071, 527.47150163401, 533.60535368635, 535.68642312296, 568.55530976366, 575.62523833473, 596.22465895763, 617.50050291273]
