Avion: 3      Iteracion: 1

Num Ruta: 5
Ingresos: 156000.0
Costos: 546.269490261
Utilidad Ruta: 155453.73051
Costo Reducido: 165147.764709
Nodos: [103, 24, 64, 10, 50, 31, 11, 51, 71, 1, 41, 36, 76, 34, 74, 19, 8, 59, 48, 13, 32, 53, 72, 15, 55, 7, 4, 47, 44, 813]
q: [0.0, 14.0, -14.0, 12.0, -12.0, 6.0, 8.0, -8.0, -6.0, 7.0, -7.0, 15.0, -15.0, 12.0, -12.0, 7.0, 8.0, -7.0, -8.0, 9.0, 6.0, -9.0, -6.0, 11.0, -11.0, 10.0, 5.0, -10.0, -5.0, 0.0]
Q: [0.0, 14.0, 0.0, 12.0, 0.0, 6.0, 14.0, 6.0, 0.0, 7.0, 0.0, 15.0, 0.0, 12.0, 0.0, 7.0, 15.0, 8.0, 0.0, 9.0, 15.0, 6.0, 0.0, 11.0, 0.0, 10.0, 15.0, 5.0, 0.0, 0.0]
B: [0.0, 61.0, 99.5129503025, 111.2988809828, 140.8183917172, 180.4265460544, 193.6092752483, 197.66334209531, 201.35772066281, 220.34741476251, 254.58750029101, 288.53540392291, 295.48354799165, 309.20329598495005, 350.15089402195, 402.0, 425.1608815463, 443.1178409771, 446.04596016866, 448.25663630956996, 470.91750319497, 498.29665676116997, 502.36760714161, 525.66304669531, 542.08421331041, 552.9889528763099, 563.3523261688099, 582.62468715551, 583.7850612331199, 611.3373346420199]
