Avion: 1      Iteracion: 47

Num Ruta: 43
Ingresos: 33600.0
Costos: 123.223026585
Utilidad Ruta: 33476.7769734
Costo Reducido: 11.7178619022
Nodos: [101, 14, 54, 18, 58, 29, 69, 811]
q: [0, 8.0, -8.0, 11.0, -11.0, 9.0, -9.0, 0]
Q: [0, 8.0, 0.0, 11.0, 0.0, 9.0, 0.0, 0]
B: [0.0, 112.0, 124.021711775, 293.0, 316.8182362487, 549.0, 582.7797797802, 598.7979546138]
