Avion: 5      Iteracion: 20

Num Ruta: 23
Ingresos: 19200.0
Costos: 66.8238191589
Utilidad Ruta: 19133.1761808
Costo Reducido: 82.0206500834
Nodos: [105, 33, 73, 27, 67, 815]
q: [0, 10.0, -10.0, 6.0, -6.0, 0]
Q: [0, 10.0, 0.0, 6.0, 0.0, 0]
B: [0.0, 562.0, 585.3035112376, 592.52226459258, 609.55312696068, 625.74848990818]
