Avion: 3      Iteracion: 9

Num Ruta: 13
Ingresos: 96000.0
Costos: 521.595768131
Utilidad Ruta: 95478.4042319
Costo Reducido: 71072.133116
Nodos: [103, 9, 12, 49, 52, 14, 54, 31, 11, 51, 71, 1, 41, 35, 75, 39, 79, 19, 32, 59, 72, 20, 7, 47, 60, 813]
q: [0.0, 1.0, 14.0, -1.0, -14.0, 8.0, -8.0, 6.0, 8.0, -8.0, -6.0, 7.0, -7.0, 6.0, -6.0, 8.0, -8.0, 7.0, 0.0, -7.0, 0.0, 10.0, 5.0, -5.0, -10.0, 0.0]
Q: [0.0, 1.0, 15.0, 14.0, 0.0, 8.0, 0.0, 6.0, 14.0, 6.0, 0.0, 7.0, 0.0, 6.0, 0.0, 8.0, 0.0, 7.0, 7.0, 0.0, 0.0, 10.0, 15.0, 10.0, 0.0, 0.0]
B: [0.0, 28.0, 54.0, 64.7870367571, 101.7171209704, 138.2363547521, 150.2580665271, 177.47013374, 190.6528629339, 194.70692978091, 198.40130834841, 217.39100244811, 251.63108797661, 287.28606981640996, 307.19895320880994, 388.0, 410.632187455, 442.163332772, 453.87824741099996, 473.45071810329995, 490.57809455149993, 506.53716701829995, 517.0, 545.5413118129, 558.5049963585999, 596.8778676219999]
