Avion: 1      Iteracion: 11

Num Ruta: 14
Ingresos: 115200.0
Costos: 466.465940379
Utilidad Ruta: 114733.53406
Costo Reducido: 90205.8723417
Nodos: [101, 9, 49, 30, 70, 11, 51, 36, 76, 34, 74, 22, 62, 28, 68, 32, 72, 29, 27, 69, 67, 811]
q: [0, 11.0, -11.0, 11.0, -11.0, 8.0, -8.0, 15.0, -15.0, 12.0, -12.0, 10.0, -10.0, 8.0, -8.0, 6.0, -6.0, 9.0, 6.0, -9.0, -6.0, 0]
Q: [0, 11.0, 0.0, 11.0, 0.0, 8.0, 0.0, 15.0, 0.0, 12.0, 0.0, 10.0, 0.0, 8.0, 0.0, 6.0, 0.0, 9.0, 15.0, 6.0, 0.0, 0]
B: [0.0, 28.0, 57.5272370025, 73.3151373379, 92.0291599947, 169.0, 173.05406684701, 251.0, 257.94814406874, 283.0, 323.947598037, 353.69889745399996, 375.4535835929, 418.5047472938, 454.5313660777, 477.9864746044, 505.8438304193, 549.0, 574.6018082369, 582.8182362320799, 598.26561380888, 623.26128777458]
