Avion: 3      Iteracion: 3

Num Ruta: 7
Ingresos: 118800.0
Costos: 462.515389371
Utilidad Ruta: 118337.484611
Costo Reducido: 172482.539766
Nodos: [103, 24, 64, 10, 50, 31, 11, 51, 71, 34, 74, 22, 62, 32, 6, 72, 46, 15, 55, 7, 4, 47, 44, 813]
q: [0, 14.0, -14.0, 12.0, -12.0, 6.0, 8.0, -8.0, -6.0, 12.0, -12.0, 10.0, -10.0, 6.0, 5.0, -6.0, -5.0, 11.0, -11.0, 10.0, 5.0, -10.0, -5.0, 0]
Q: [0, 14.0, 0.0, 12.0, 0.0, 6.0, 14.0, 6.0, 0.0, 12.0, 0.0, 10.0, 0.0, 6.0, 11.0, 5.0, 0.0, 11.0, 0.0, 10.0, 15.0, 5.0, 0.0, 0]
B: [0.0, 61.0, 99.5129503025, 111.2988809828, 140.8183917172, 180.4265460544, 193.6092752483, 197.66334209531, 201.35772066281, 283.0, 323.947598037, 353.69889745399996, 375.4535835929, 422.0, 453.3204733361, 473.7124451142, 496.36981676230005, 538.7051728846001, 555.1263394997001, 566.0310790656, 576.3944523581, 595.6668133448001, 596.82718742241, 624.37946083131]
