Avion: 1      Iteracion: 52

Num Ruta: 45
Ingresos: 50400.0
Costos: 159.090569997
Utilidad Ruta: 50240.90943
Costo Reducido: 3.44402658401
Nodos: [101, 18, 58, 28, 68, 25, 65, 21, 61, 811]
q: [0, 11.0, -11.0, 8.0, -8.0, 10.0, -10.0, 13.0, -13.0, 0]
Q: [0, 11.0, 0.0, 8.0, 0.0, 10.0, 0.0, 13.0, 0.0, 0]
B: [0.0, 293.0, 316.8182362487, 378.0, 414.0266187839, 417.35999740026, 434.54497971036, 477.0, 517.7387906792, 536.8977052882999]
