Avion: 7      Iteracion: 13

Num Ruta: 16
Ingresos: 96000.0
Costos: 376.746828659
Utilidad Ruta: 95623.2531713
Costo Reducido: 506.38226835
Nodos: [107, 24, 16, 56, 64, 10, 50, 35, 75, 8, 48, 6, 46, 5, 45, 21, 61, 2, 42, 817]
q: [0.0, 14.0, 1.0, -1.0, -14.0, 12.0, -12.0, 6.0, -6.0, 8.0, -8.0, 5.0, -5.0, 12.0, -12.0, 13.0, -13.0, 9.0, -9.0, 0.0]
Q: [0.0, 14.0, 15.0, 14.0, 0.0, 12.0, 0.0, 6.0, 0.0, 8.0, 0.0, 5.0, 0.0, 12.0, 0.0, 13.0, 0.0, 9.0, 0.0, 0.0]
B: [0.0, 61.0, 78.5726369108, 88.19672834844, 114.98601226944001, 126.77194294974001, 156.29145368414, 279.0, 298.9128833924, 414.0, 434.768396616, 443.95906824543, 447.65135764362, 469.0, 470.12168890518, 498.36127928818, 539.10006996738, 562.95108369848, 603.68604574588, 630.8203683097801]
