Avion: 5      Iteracion: 6

Num Ruta: 9
Ingresos: 120000.0
Costos: 461.051508388
Utilidad Ruta: 119538.948492
Costo Reducido: 173901.616192
Nodos: [105, 40, 80, 10, 50, 22, 62, 26, 66, 28, 68, 25, 65, 19, 59, 20, 60, 37, 77, 815]
q: [0, 15.0, -15.0, 12.0, -12.0, 10.0, -10.0, 13.0, -13.0, 8.0, -8.0, 10.0, -10.0, 7.0, -7.0, 10.0, -10.0, 15.0, -15.0, 0]
Q: [0, 15.0, 0.0, 12.0, 0.0, 10.0, 0.0, 13.0, 0.0, 8.0, 0.0, 10.0, 0.0, 7.0, 0.0, 10.0, 0.0, 15.0, 0.0, 0]
B: [0.0, 62.0, 94.5694417821, 111.75013586, 141.2696465944, 299.0, 320.7546861389, 357.0876895518, 374.6669175212, 385.0748345558, 421.1014533397, 424.43483195606, 441.61981426616, 458.29270594696, 484.91982223846, 503.81259297225995, 545.9897354193599, 562.0, 582.7946534714999, 604.4220983506]
