Avion: 3      Iteracion: 36

Num Ruta: 38
Ingresos: 61200.0
Costos: 166.468883234
Utilidad Ruta: 61033.5311168
Costo Reducido: 4.83608485087
Nodos: [103, 14, 54, 3, 43, 23, 18, 63, 58, 39, 79, 6, 46, 813]
q: [0.0, 8.0, -8.0, 15.0, -15.0, 4.0, 11.0, -4.0, -11.0, 8.0, -8.0, 5.0, -5.0, 0.0]
Q: [0.0, 8.0, 0.0, 15.0, 0.0, 4.0, 15.0, 11.0, 0.0, 8.0, 0.0, 5.0, 0.0, 0.0]
B: [0.0, 112.0, 124.021711775, 256.0, 261.08428175852, 267.0, 293.0, 318.4393114097, 328.36484298237, 388.0, 410.632187455, 436.0, 439.69228939819, 474.23791386789]
