Avion: 3      Iteracion: 19

Num Ruta: 23
Ingresos: 54000.0
Costos: 153.595861476
Utilidad Ruta: 53846.4041385
Costo Reducido: 120.279543313
Nodos: [103, 12, 52, 31, 71, 36, 76, 22, 62, 813]
q: [0, 14.0, -14.0, 6.0, -6.0, 15.0, -15.0, 10.0, -10.0, 0]
Q: [0, 14.0, 0.0, 6.0, 0.0, 15.0, 0.0, 10.0, 0.0, 0]
B: [0.0, 54.0, 97.347924264, 130.0, 143.3056140031, 251.0, 257.94814406874, 299.0, 320.7546861389, 333.9981076001]
