Avion: 3      Iteracion: 5

Num Ruta: 9
Ingresos: 159600.0
Costos: 577.52580858
Utilidad Ruta: 159022.474191
Costo Reducido: 147954.593449
Nodos: [103, 9, 49, 30, 70, 24, 64, 1, 31, 71, 41, 36, 76, 3, 43, 23, 18, 63, 58, 19, 32, 59, 6, 72, 46, 15, 55, 7, 47, 813]
q: [0.0, 11.0, -11.0, 11.0, -11.0, 14.0, -14.0, 7.0, 6.0, -6.0, -7.0, 15.0, -15.0, 15.0, -15.0, 4.0, 11.0, -4.0, -11.0, 7.0, 6.0, -7.0, 5.0, -6.0, -5.0, 11.0, -11.0, 10.0, -10.0, 0.0]
Q: [0.0, 11.0, 0.0, 11.0, 0.0, 14.0, 0.0, 7.0, 13.0, 7.0, 0.0, 15.0, 0.0, 15.0, 0.0, 4.0, 15.0, 11.0, 0.0, 7.0, 13.0, 6.0, 11.0, 5.0, 0.0, 11.0, 0.0, 10.0, 0.0, 0.0]
B: [0.0, 28.0, 57.5272370025, 73.3151373379, 92.0291599947, 116.763130885, 155.27608118749998, 175.0, 183.89376197118, 197.19937597428, 230.76046369508, 264.70836732698, 271.65651139572003, 308.63654874022, 313.72083049874, 317.08331782214, 337.26226796824, 362.70157937794, 372.62711095061, 402.0, 422.0, 441.5724706923, 453.36348968979996, 473.7554614679, 496.412833116, 538.7481892383, 555.1693558534, 566.0740954193, 594.6154072321999, 621.0249237366999]
