Avion: 2      Iteracion: 1

Num Ruta: 4
Ingresos: 160800.0
Costos: 570.585421255
Utilidad Ruta: 160229.414579
Costo Reducido: 169923.448778
Nodos: [102, 24, 56, 16, 64, 10, 50, 1, 11, 51, 41, 36, 76, 34, 18, 58, 74, 8, 32, 72, 48, 13, 53, 15, 21, 55, 38, 78, 61, 812]
q: [0.0, 14.0, -11.0, 11.0, -14.0, 12.0, -12.0, 7.0, 8.0, -8.0, -7.0, 15.0, -15.0, 4.0, 11.0, -11.0, -4.0, 8.0, 6.0, -6.0, -8.0, 15.0, -15.0, 11.0, 4.0, -11.0, 8.0, -8.0, -4.0, 0.0]
Q: [0.0, 14.0, 3.0, 14.0, 0.0, 12.0, 0.0, 7.0, 15.0, 7.0, 0.0, 15.0, 0.0, 4.0, 15.0, 4.0, 0.0, 8.0, 14.0, 8.0, 0.0, 15.0, 0.0, 11.0, 15.0, 4.0, 12.0, 4.0, 0.0, 0.0]
B: [0.0, 61.0, 86.22619907949999, 95.85029051714, 120.25777979813999, 132.04371047844, 161.56322121284, 199.98256238364002, 218.66339097874, 222.71745782575002, 257.03318716375003, 290.98109079565, 297.92923486439, 311.64898285769004, 335.36447656959007, 359.18271281829004, 374.33534245809005, 419.02412765079004, 430.47102578959004, 458.32838160449006, 474.37748033309003, 476.588156474, 493.47130742400003, 513.4283331794, 519.1005666901101, 529.89983481341, 533.98710052535, 566.85598716605, 573.92591573712, 604.39773269972]
