Avion: 4      Iteracion: 4

Num Ruta: 8
Ingresos: 171600.0
Costos: 587.315070954
Utilidad Ruta: 171012.684929
Costo Reducido: 153483.240785
Nodos: [104, 9, 49, 12, 52, 14, 54, 11, 51, 3, 43, 23, 18, 63, 58, 26, 66, 39, 79, 13, 53, 25, 65, 15, 55, 20, 4, 44, 60, 814]
q: [0.0, 11.0, -11.0, 14.0, -14.0, 8.0, -8.0, 8.0, -8.0, 15.0, -15.0, 4.0, 11.0, -4.0, -11.0, 13.0, -13.0, 8.0, -8.0, 15.0, -15.0, 10.0, -10.0, 11.0, -11.0, 10.0, 5.0, -5.0, -10.0, 0.0]
Q: [0.0, 11.0, 0.0, 14.0, 0.0, 8.0, 0.0, 8.0, 0.0, 15.0, 0.0, 4.0, 15.0, 11.0, 0.0, 13.0, 0.0, 8.0, 0.0, 15.0, 0.0, 10.0, 0.0, 11.0, 0.0, 10.0, 15.0, 10.0, 0.0, 0.0]
B: [0.0, 49.232321223, 78.7595582255, 89.5465949826, 132.8945192466, 169.4137530283, 181.4354648033, 210.88389391249999, 214.93796075951, 256.0, 261.08428175852, 267.0, 293.0, 318.4393114097, 328.36484298237, 357.36635980477, 374.94558777417, 394.64350596367, 417.27569341867, 423.0, 439.88315095, 463.8957169312, 481.0806992413, 511.0, 527.4211666151, 533.55501866744, 543.83416970244, 564.25991938264, 576.12114263324, 626.24019246464]
