Avion: 3      Iteracion: 8

Num Ruta: 12
Ingresos: 72000.0
Costos: 289.174288037
Utilidad Ruta: 71710.825712
Costo Reducido: 174633.358719
Nodos: [103, 40, 80, 30, 70, 25, 65, 2, 42, 7, 4, 47, 44, 813]
q: [0, 15.0, -15.0, 11.0, -11.0, 10.0, -10.0, 9.0, -9.0, 10.0, 5.0, -10.0, -5.0, 0]
Q: [0, 15.0, 0.0, 11.0, 0.0, 10.0, 0.0, 9.0, 0.0, 10.0, 15.0, 5.0, 0.0, 0]
B: [0.0, 62.0, 94.5694417821, 113.51249206450001, 132.22651472130002, 410.0, 427.1849823101, 522.0, 562.7349620474, 574.2416881674001, 584.6050614599001, 603.8774224466001, 605.0377965242101, 632.59006993311]
