Avion: 5      Iteracion: 60

Num Ruta: 50
Ingresos: 49200.0
Costos: 136.185076854
Utilidad Ruta: 49063.8149231
Costo Reducido: 5.08233574287
Nodos: [105, 16, 56, 40, 80, 37, 77, 815]
q: [0, 11.0, -11.0, 15.0, -15.0, 15.0, -15.0, 0]
Q: [0, 11.0, 0.0, 15.0, 0.0, 15.0, 0.0, 0]
B: [0.0, 36.0, 45.624091437640004, 77.27284989674001, 109.84229167884001, 562.0, 582.7946534714999, 604.4220983506]
