Avion: 4      Iteracion: 48

Num Ruta: 38
Ingresos: 114000.0
Costos: 372.413400524
Utilidad Ruta: 113627.586599
Costo Reducido: 1.81925106945
Nodos: [104, 17, 30, 57, 16, 56, 70, 40, 80, 26, 66, 22, 62, 19, 32, 59, 13, 72, 53, 21, 38, 61, 78, 814]
q: [0.0, 5.0, 10.0, -5.0, 5.0, -5.0, -10.0, 15.0, -15.0, 13.0, -13.0, 10.0, -10.0, 7.0, 6.0, -7.0, 9.0, -6.0, -9.0, 13.0, 2.0, -13.0, -2.0, 0.0]
Q: [0.0, 5.0, 15.0, 10.0, 15.0, 10.0, 0.0, 15.0, 0.0, 13.0, 0.0, 10.0, 0.0, 7.0, 13.0, 6.0, 15.0, 9.0, 0.0, 13.0, 15.0, 2.0, 0.0, 0.0]
B: [0.0, 24.0, 64.0, 67.14445448369, 72.47609381883, 82.10018525647, 84.97134181786, 115.78119589085999, 148.35063767295998, 300.0, 317.5792279694, 331.2134086195, 352.9680947584, 402.0, 422.0, 441.5724706923, 445.80008999872, 459.64226977652004, 463.71322015696006, 479.22461654796007, 486.0475294889301, 520.52990987373, 527.5998384448001, 571.6009695666]
