Avion: 6      Iteracion: 7

Num Ruta: 8
Ingresos: 135600.0
Costos: 550.722691459
Utilidad Ruta: 135049.277309
Costo Reducido: 339926.080056
Nodos: [106, 17, 57, 24, 64, 3, 43, 23, 22, 62, 18, 63, 58, 39, 79, 28, 68, 21, 61, 20, 60, 37, 77, 816]
q: [0.0, 5.0, -5.0, 14.0, -14.0, 15.0, -15.0, 5.0, 10.0, -10.0, 10.0, -5.0, -10.0, 8.0, -8.0, 8.0, -8.0, 13.0, -13.0, 10.0, -10.0, 15.0, -15.0, 0.0]
Q: [0.0, 5.0, 0.0, 14.0, 0.0, 15.0, 0.0, 5.0, 15.0, 5.0, 15.0, 10.0, 0.0, 8.0, 0.0, 8.0, 0.0, 13.0, 0.0, 10.0, 0.0, 15.0, 0.0, 0.0]
B: [0.0, 34.2933399948, 69.1358937761, 85.6941770808, 124.2071273833, 256.0, 261.08428175852, 267.0, 299.0, 320.7546861389, 334.15512273630003, 359.594434146, 369.51996571867005, 388.0, 410.632187455, 423.6226744744, 459.6492932583, 477.0, 517.7387906792, 554.1640824007, 596.3412248477999, 607.9187428028999, 628.7133962743999, 670.5334591748999]
