Avion: 3      Iteracion: 32

Num Ruta: 34
Ingresos: 43200.0
Costos: 162.39326155
Utilidad Ruta: 43037.6067384
Costo Reducido: 27.0783362129
Nodos: [103, 9, 49, 25, 65, 38, 21, 78, 61, 813]
q: [0.0, 11.0, -11.0, 10.0, -10.0, 2.0, 13.0, -2.0, -13.0, 0.0]
Q: [0.0, 11.0, 0.0, 10.0, 0.0, 2.0, 15.0, 13.0, 0.0, 0.0]
B: [0.0, 28.0, 57.5272370025, 410.0, 427.1849823101, 480.0, 486.82291294097, 525.3346514111701, 532.4045799822401, 570.9418655249401]
