Avion: 3      Iteracion: 52

Num Ruta: 50
Ingresos: 32400.0
Costos: 72.3608455716
Utilidad Ruta: 32327.6391544
Costo Reducido: 9.6151877488
Nodos: [103, 40, 80, 5, 45, 813]
q: [0, 15.0, -15.0, 12.0, -12.0, 0]
Q: [0, 15.0, 0.0, 12.0, 0.0, 0]
B: [0.0, 62.0, 94.5694417821, 469.0, 470.12168890518, 489.51114356488]
