Avion: 7      Iteracion: 45

Num Ruta: 44
Ingresos: 63600.0
Costos: 241.554271281
Utilidad Ruta: 63358.4457287
Costo Reducido: 9.74860317696
Nodos: [107, 14, 54, 23, 18, 63, 58, 21, 38, 61, 78, 29, 27, 69, 67, 817]
q: [0.0, 8.0, -8.0, 10.0, 5.0, -10.0, -5.0, 13.0, 2.0, -13.0, -2.0, 9.0, 6.0, -9.0, -6.0, 0.0]
Q: [0.0, 8.0, 0.0, 10.0, 15.0, 5.0, 0.0, 13.0, 15.0, 2.0, 0.0, 9.0, 15.0, 6.0, 0.0, 0.0]
B: [0.0, 112.0, 124.021711775, 267.0, 293.0, 318.4393114097, 328.36484298237, 477.0, 483.82291294097, 518.30529332577, 525.37522189684, 559.77139755634, 585.37320579324, 593.58963378842, 609.03701136522, 615.7417061382899]
