Avion: 2      Iteracion: 56

Num Ruta: 53
Ingresos: 62400.0
Costos: 266.013287054
Utilidad Ruta: 62133.9867129
Costo Reducido: 3.53617904116
Nodos: [102, 12, 52, 1, 41, 23, 63, 15, 55, 7, 47, 812]
q: [0, 14.0, -14.0, 7.0, -7.0, 10.0, -10.0, 11.0, -11.0, 10.0, -10.0, 0]
Q: [0, 14.0, 0.0, 7.0, 0.0, 10.0, 0.0, 11.0, 0.0, 10.0, 0.0, 0]
B: [0.0, 54.0, 97.347924264, 175.0, 209.2400855285, 267.0, 306.733842905, 511.0, 527.4211666151, 538.3259061809999, 566.8672179938999, 584.2760723501999]
