Avion: 2      Iteracion: 3

Num Ruta: 6
Ingresos: 157200.0
Costos: 583.505929387
Utilidad Ruta: 156616.494071
Costo Reducido: 208434.078865
Nodos: [102, 24, 56, 16, 64, 10, 50, 11, 51, 3, 43, 18, 34, 58, 74, 39, 19, 32, 59, 79, 6, 46, 72, 15, 21, 55, 4, 61, 27, 67, 44, 33, 73, 812]
q: [0.0, 14.0, -11.0, 11.0, -14.0, 12.0, -12.0, 8.0, -8.0, 15.0, -15.0, 3.0, 12.0, -3.0, -12.0, 2.0, 7.0, 6.0, -7.0, -2.0, 5.0, -5.0, -6.0, 5.0, 10.0, -5.0, 5.0, -10.0, 6.0, -6.0, -5.0, 10.0, -10.0, 0.0]
Q: [0.0, 14.0, 3.0, 14.0, 0.0, 12.0, 0.0, 8.0, 0.0, 15.0, 0.0, 3.0, 15.0, 12.0, 0.0, 2.0, 9.0, 15.0, 8.0, 6.0, 11.0, 6.0, 0.0, 5.0, 15.0, 10.0, 15.0, 5.0, 11.0, 5.0, 0.0, 10.0, 0.0, 0.0]
B: [0.0, 61.0, 86.22619907949999, 95.85029051714, 120.25777979813999, 132.04371047844, 161.56322121284, 214.20143779544, 218.25550464245, 256.0, 261.08428175852, 293.0, 316.7154937119, 344.9475311871, 360.10016082690004, 388.0, 423.3907399471, 435.10565458609994, 454.67812527839993, 460.9933273337599, 467.6815714979599, 471.3738608961499, 494.0312325442499, 517.3266720979499, 522.9989056086599, 533.7981737319599, 539.3728530052499, 568.5426504162499, 581.7200986138499, 598.7509609819499, 604.1662195168699, 612.7376849691699, 636.0411962067699, 655.2874033655698]
