Avion: 7      Iteracion: 46

Num Ruta: 45
Ingresos: 82800.0
Costos: 271.237943996
Utilidad Ruta: 82528.762056
Costo Reducido: 19.9841667011
Nodos: [107, 14, 54, 23, 18, 58, 63, 28, 68, 25, 21, 65, 38, 61, 78, 27, 7, 47, 67, 817]
q: [0.0, 8.0, -8.0, 10.0, 5.0, -5.0, -10.0, 8.0, -8.0, 8.0, 7.0, -8.0, 8.0, -7.0, -8.0, 5.0, 10.0, -10.0, -5.0, 0.0]
Q: [0.0, 8.0, 0.0, 10.0, 15.0, 10.0, 0.0, 8.0, 0.0, 8.0, 15.0, 7.0, 15.0, 8.0, 0.0, 5.0, 15.0, 5.0, 0.0, 0.0]
B: [0.0, 112.0, 124.021711775, 267.0, 293.0, 316.8182362487, 326.74376782137, 378.0, 414.0266187839, 417.35999740026, 477.0, 485.168713485, 489.49037624371, 523.97275662851, 531.04268519958, 542.57841252818, 570.2417359004801, 598.78304771338, 603.18296828084, 609.8876630539099]
