Avion: 6      Iteracion: 38

Num Ruta: 38
Ingresos: 88800.0
Costos: 305.139183467
Utilidad Ruta: 88494.8608165
Costo Reducido: 16.5620686629
Nodos: [106, 24, 64, 1, 41, 3, 43, 32, 19, 59, 72, 21, 38, 78, 61, 33, 73, 816]
q: [0.0, 14.0, -14.0, 7.0, -7.0, 15.0, -15.0, 6.0, 7.0, -7.0, -6.0, 7.0, 8.0, -8.0, -7.0, 10.0, -10.0, 0.0]
Q: [0.0, 14.0, 0.0, 7.0, 0.0, 15.0, 0.0, 6.0, 13.0, 6.0, 0.0, 7.0, 15.0, 7.0, 0.0, 10.0, 0.0, 0.0]
B: [0.0, 61.0, 99.5129503025, 175.0, 209.2400855285, 256.0, 261.08428175852, 422.0, 433.71491463899997, 460.34203093049996, 477.46940737869994, 495.8813389720999, 502.7042519130699, 535.5731385537699, 542.64306712484, 562.0, 585.3035112376, 599.1444684661]
