Avion: 1      Iteracion: 4

Num Ruta: 7
Ingresos: 158400.0
Costos: 544.47087699
Utilidad Ruta: 157855.529123
Costo Reducido: 145765.944469
Nodos: [101, 9, 49, 12, 52, 14, 54, 11, 51, 3, 43, 18, 22, 58, 62, 8, 48, 13, 53, 21, 61, 20, 4, 60, 44, 33, 73, 811]
q: [0.0, 11.0, -11.0, 14.0, -14.0, 8.0, -8.0, 8.0, -8.0, 15.0, -15.0, 11.0, 4.0, -11.0, -4.0, 8.0, -8.0, 15.0, -15.0, 13.0, -13.0, 10.0, 5.0, -10.0, -5.0, 10.0, -10.0, 0.0]
Q: [0.0, 11.0, 0.0, 14.0, 0.0, 8.0, 0.0, 8.0, 0.0, 15.0, 0.0, 11.0, 15.0, 4.0, 0.0, 8.0, 0.0, 15.0, 0.0, 13.0, 0.0, 10.0, 15.0, 5.0, 0.0, 10.0, 0.0, 0.0]
B: [0.0, 28.0, 57.5272370025, 68.3142737596, 111.6621980236, 148.1814318053, 160.2031435803, 189.6515726895, 193.70563953651, 256.0, 261.08428175852, 293.0, 302.68569016643, 318.16853757893, 355.06934587633, 414.0, 434.768396616, 436.97907275691, 453.86222370691, 477.0, 517.7387906792, 554.1640824007, 564.4432334357, 596.5395565429, 608.4007797935, 616.9722452458, 640.2757564834, 646.19473274623]
