Avion: 4      Iteracion: 58

Num Ruta: 47
Ingresos: 115200.0
Costos: 394.650272668
Utilidad Ruta: 114805.349727
Costo Reducido: 1.46411607129
Nodos: [104, 17, 57, 12, 52, 31, 11, 71, 51, 34, 74, 39, 6, 46, 79, 13, 53, 15, 21, 55, 38, 78, 61, 814]
q: [0.0, 5.0, -5.0, 14.0, -14.0, 6.0, 8.0, -6.0, -8.0, 12.0, -12.0, 8.0, 5.0, -5.0, -8.0, 15.0, -15.0, 8.0, 7.0, -8.0, 8.0, -8.0, -7.0, 0.0]
Q: [0.0, 5.0, 0.0, 14.0, 0.0, 6.0, 14.0, 8.0, 0.0, 12.0, 0.0, 8.0, 13.0, 8.0, 0.0, 15.0, 0.0, 8.0, 15.0, 7.0, 15.0, 7.0, 0.0, 0.0]
B: [0.0, 24.0, 58.8425537813, 78.5512475229, 121.8991717869, 142.8165051734, 169.0, 169.478878899097, 173.173257466597, 283.0, 323.947598037, 388.0, 436.0, 439.69228939819, 449.87740525418997, 453.10933904063995, 469.99248999063997, 511.0, 516.67223351071, 527.47150163401, 531.55876734595, 564.42765398665, 571.49758255772, 617.27605708452]
