Avion: 3      Iteracion: 47

Num Ruta: 47
Ingresos: 70800.0
Costos: 250.769833419
Utilidad Ruta: 70549.2301666
Costo Reducido: 12.4230479189
Nodos: [103, 9, 49, 12, 52, 28, 68, 15, 55, 29, 27, 69, 67, 813]
q: [0, 11.0, -11.0, 14.0, -14.0, 8.0, -8.0, 11.0, -11.0, 9.0, 6.0, -9.0, -6.0, 0]
Q: [0, 11.0, 0.0, 14.0, 0.0, 8.0, 0.0, 11.0, 0.0, 9.0, 15.0, 6.0, 0.0, 0]
B: [0.0, 28.0, 57.5272370025, 68.3142737596, 111.6621980236, 378.0, 414.0266187839, 511.0, 527.4211666151, 549.0, 574.6018082369, 582.8182362320799, 598.26561380888, 620.66352757338]
