Avion: 7      Iteracion: 37

Num Ruta: 36
Ingresos: 80400.0
Costos: 211.600242801
Utilidad Ruta: 80188.3997572
Costo Reducido: 18.9999752638
Nodos: [107, 30, 16, 56, 70, 24, 64, 36, 76, 15, 21, 55, 38, 78, 61, 817]
q: [0.0, 11.0, 4.0, -4.0, -11.0, 14.0, -14.0, 15.0, -15.0, 8.0, 7.0, -8.0, 8.0, -8.0, -7.0, 0.0]
Q: [0.0, 11.0, 15.0, 11.0, 0.0, 14.0, 0.0, 15.0, 0.0, 8.0, 15.0, 7.0, 15.0, 7.0, 0.0, 0.0]
B: [0.0, 64.0, 72.20259129788, 81.82668273552001, 84.69783929691, 109.43181018721, 147.94476048971, 251.0, 257.94814406874, 511.0, 516.67223351071, 527.47150163401, 531.55876734595, 564.42765398665, 571.49758255772, 598.9046476687199]
