Avion: 2      Iteracion: 23

Num Ruta: 24
Ingresos: 28800.0
Costos: 131.639165815
Utilidad Ruta: 28668.3608342
Costo Reducido: 45.2427176121
Nodos: [102, 7, 20, 47, 60, 2, 42, 812]
q: [0.0, 5.0, 10.0, -5.0, -10.0, 9.0, -9.0, 0.0]
Q: [0.0, 5.0, 15.0, 10.0, 0.0, 9.0, 0.0, 0.0]
B: [0.0, 517.0, 525.74295442056, 554.98896180616, 567.9526463518599, 575.2829436173199, 616.0179056647199, 634.32304308572]
