Avion: 2      Iteracion: 31

Num Ruta: 30
Ingresos: 52800.0
Costos: 171.419057368
Utilidad Ruta: 52628.5809426
Costo Reducido: 48.3327731562
Nodos: [102, 11, 51, 25, 19, 32, 59, 65, 72, 27, 67, 37, 77, 812]
q: [0.0, 8.0, -8.0, 2.0, 7.0, 6.0, -7.0, -2.0, -6.0, 6.0, -6.0, 15.0, -15.0, 0.0]
Q: [0.0, 8.0, 0.0, 2.0, 9.0, 15.0, 8.0, 6.0, 0.0, 6.0, 0.0, 15.0, 0.0, 0.0]
B: [0.0, 169.0, 173.05406684701, 410.0, 419.3920072402, 431.10692187919994, 450.67939257149993, 467.46624900739994, 478.4513172820999, 538.0, 555.0308623681, 562.0, 582.7946534714999, 601.4938883222]
