Avion: 2      Iteracion: 34

Num Ruta: 33
Ingresos: 76800.0
Costos: 279.621753816
Utilidad Ruta: 76520.3782462
Costo Reducido: 19.5909643296
Nodos: [102, 9, 49, 12, 52, 22, 62, 18, 58, 28, 68, 25, 65, 812]
q: [0, 11.0, -11.0, 14.0, -14.0, 10.0, -10.0, 11.0, -11.0, 8.0, -8.0, 10.0, -10.0, 0]
Q: [0, 11.0, 0.0, 14.0, 0.0, 10.0, 0.0, 11.0, 0.0, 8.0, 0.0, 10.0, 0.0, 0]
B: [0.0, 33.6128854013, 63.1401224038, 73.9271591609, 117.2750834249, 299.0, 320.7546861389, 334.15512273630003, 357.973358985, 378.0, 414.0266187839, 417.35999740026, 434.54497971036, 450.66601246266]
