Avion: 3      Iteracion: 11

Num Ruta: 15
Ingresos: 32400.0
Costos: 180.041625124
Utilidad Ruta: 32219.9583749
Costo Reducido: 50981.7185552
Nodos: [103, 34, 74, 29, 69, 27, 67, 813]
q: [0, 12.0, -12.0, 9.0, -9.0, 6.0, -6.0, 0]
Q: [0, 12.0, 0.0, 9.0, 0.0, 6.0, 0.0, 0]
B: [0.0, 283.0, 323.947598037, 549.0, 582.7797797802, 590.99620777538, 608.0270701434799, 630.4249839079799]
