Avion: 2      Iteracion: 48

Num Ruta: 46
Ingresos: 104400.0
Costos: 257.315848939
Utilidad Ruta: 104142.684151
Costo Reducido: 8.01711536155
Nodos: [102, 31, 71, 14, 54, 3, 43, 23, 63, 22, 62, 8, 48, 13, 53, 29, 27, 69, 67, 812]
q: [0, 6.0, -6.0, 8.0, -8.0, 15.0, -15.0, 10.0, -10.0, 10.0, -10.0, 8.0, -8.0, 15.0, -15.0, 9.0, 6.0, -9.0, -6.0, 0]
Q: [0, 6.0, 0.0, 8.0, 0.0, 15.0, 0.0, 10.0, 0.0, 10.0, 0.0, 8.0, 0.0, 15.0, 0.0, 9.0, 15.0, 6.0, 0.0, 0]
B: [0.0, 130.0, 143.3056140031, 160.3516205736, 172.3733323486, 256.0, 261.08428175852, 267.0, 306.733842905, 322.49026689650003, 344.24495303540004, 414.0, 434.768396616, 436.97907275691, 453.86222370691, 549.0, 574.6018082369, 582.8182362320799, 598.26561380888, 611.68202007138]
