Avion: 7      Iteracion: 9

Num Ruta: 12
Ingresos: 115200.0
Costos: 470.94943999
Utilidad Ruta: 114729.05056
Costo Reducido: 56045.7648644
Nodos: [107, 9, 49, 30, 16, 56, 70, 14, 54, 1, 31, 71, 11, 51, 41, 36, 76, 35, 75, 19, 39, 79, 6, 46, 59, 817]
q: [0.0, 11.0, -11.0, 11.0, 4.0, -4.0, -11.0, 8.0, -8.0, 7.0, 6.0, -6.0, 8.0, -8.0, -7.0, 15.0, -15.0, 6.0, -6.0, 7.0, 8.0, -8.0, 5.0, -5.0, -7.0, 0.0]
Q: [0.0, 11.0, 0.0, 11.0, 15.0, 11.0, 0.0, 8.0, 0.0, 7.0, 13.0, 7.0, 15.0, 7.0, 0.0, 15.0, 0.0, 6.0, 0.0, 7.0, 15.0, 7.0, 12.0, 7.0, 0.0, 0.0]
B: [0.0, 28.0348110926, 57.562048095099996, 73.34994843049999, 81.55253972838, 91.17663116602, 94.04778772741, 121.84372838431, 133.86544015931, 175.0, 183.89376197118, 197.19937597428, 197.678254873377, 201.732321720387, 236.048051058387, 269.99595469028696, 276.944098759027, 327.858459218527, 347.771342610927, 402.0, 437.3907399471, 460.0229274021, 466.7111715663, 470.40346096448997, 485.88641371908994, 498.04704680288995]
