Avion: 4      Iteracion: 0

Num Ruta: 2
Ingresos: 169200.0
Costos: 548.869567148
Utilidad Ruta: 168651.130433
Costo Reducido: -
Nodos: [104, 16, 56, 24, 30, 64, 10, 70, 50, 11, 51, 36, 76, 3, 43, 22, 62, 25, 65, 19, 59, 13, 53, 15, 21, 55, 38, 78, 61, 814]
q: [0.0, 11.0, -11.0, 14.0, 1.0, -14.0, 12.0, -1.0, -12.0, 8.0, -8.0, 15.0, -15.0, 15.0, -15.0, 10.0, -10.0, 10.0, -10.0, 7.0, -7.0, 15.0, -15.0, 11.0, 4.0, -11.0, 8.0, -8.0, -4.0, 0.0]
Q: [0.0, 11.0, 0.0, 14.0, 15.0, 1.0, 13.0, 12.0, 0.0, 8.0, 0.0, 15.0, 0.0, 15.0, 0.0, 10.0, 0.0, 10.0, 0.0, 7.0, 0.0, 15.0, 0.0, 11.0, 15.0, 4.0, 12.0, 4.0, 0.0, 0.0]
B: [0.0, 36.0, 45.624091437640004, 70.85029051714, 89.10719167804, 109.37531307594, 121.16124375624, 139.85429404234, 158.75509193554, 211.39330851814, 215.44737536515, 251.0, 257.94814406874, 294.92818141324, 300.01246317176, 328.14017932506, 349.89486546396, 410.0, 427.1849823101, 443.8578739909, 470.48499028239996, 474.71260958882, 491.59576053882, 511.55278629422, 517.2250198049301, 528.02428792823, 532.11155364017, 564.98044028087, 572.05036885194, 617.82884337874]
