Avion: 3      Iteracion: 39

Num Ruta: 41
Ingresos: 44400.0
Costos: 96.7762542293
Utilidad Ruta: 44303.2237458
Costo Reducido: 5.09219397491
Nodos: [103, 9, 49, 36, 76, 15, 55, 813]
q: [0, 11.0, -11.0, 15.0, -15.0, 11.0, -11.0, 0]
Q: [0, 11.0, 0.0, 15.0, 0.0, 11.0, 0.0, 0]
B: [0.0, 28.0, 57.5272370025, 251.0, 257.94814406874, 511.0, 527.4211666151, 539.3282037361]
