Avion: 6      Iteracion: 8

Num Ruta: 9
Ingresos: 48000.0
Costos: 209.01366511
Utilidad Ruta: 47790.9863349
Costo Reducido: 152054.190058
Nodos: [106, 30, 70, 40, 80, 4, 44, 2, 42, 816]
q: [0, 11.0, -11.0, 15.0, -15.0, 5.0, -5.0, 9.0, -9.0, 0]
Q: [0, 11.0, 0.0, 15.0, 0.0, 5.0, 0.0, 9.0, 0.0, 0]
B: [0.0, 64.0, 82.7140226568, 113.5238767298, 146.0933185119, 529.0, 549.4257496801999, 558.8802161908, 599.6151782382, 609.33527849488]
