Avion: 1      Iteracion: 5

Num Ruta: 8
Ingresos: 142800.0
Costos: 535.618052481
Utilidad Ruta: 142264.381948
Costo Reducido: 148017.988015
Nodos: [101, 30, 70, 40, 80, 1, 31, 71, 41, 3, 43, 18, 36, 76, 34, 58, 74, 39, 32, 72, 79, 6, 46, 15, 38, 55, 27, 78, 67, 33, 73, 811]
q: [0.0, 11.0, -11.0, 15.0, -15.0, 7.0, 6.0, -6.0, -7.0, 15.0, -15.0, 0.0, 15.0, -15.0, 0.0, 0.0, 0.0, 8.0, 6.0, -6.0, -8.0, 5.0, -5.0, 7.0, 8.0, -7.0, 6.0, -8.0, -6.0, 10.0, -10.0, 0.0]
Q: [0.0, 11.0, 0.0, 15.0, 0.0, 7.0, 13.0, 7.0, 0.0, 15.0, 0.0, 0.0, 15.0, 0.0, 0.0, 0.0, 0.0, 8.0, 14.0, 8.0, 0.0, 5.0, 0.0, 7.0, 15.0, 8.0, 14.0, 6.0, 0.0, 10.0, 0.0, 0.0]
B: [0.0, 64.0, 82.7140226568, 113.5238767298, 146.0933185119, 175.0, 183.89376197118, 197.19937597428, 230.76046369508, 256.0, 261.08428175852, 293.0, 306.9670306436, 313.91517471234005, 327.63492270564007, 355.86696018084007, 371.0195898206401, 388.0, 425.0721191868, 452.92947500170004, 468.1434572877, 474.8317014519, 478.52399085009, 520.85934697239, 533.2377219868899, 537.3249876988299, 555.0387732061299, 566.57450053473, 591.38322520973, 605.23039520943, 628.53390644703, 634.45288270986]
