Avion: 3      Iteracion: 24

Num Ruta: 28
Ingresos: 18000.0
Costos: 87.8058447794
Utilidad Ruta: 17912.1941552
Costo Reducido: 16.6520037085
Nodos: [103, 14, 54, 19, 59, 813]
q: [0, 8.0, -8.0, 7.0, -7.0, 0]
Q: [0, 8.0, 0.0, 7.0, 0.0, 0]
B: [0.0, 112.0, 124.021711775, 402.0, 428.6271162915, 447.7251870841]
