Avion: 4      Iteracion: 1

Num Ruta: 5
Ingresos: 157200.0
Costos: 573.036600604
Utilidad Ruta: 156626.963399
Costo Reducido: 119595.911006
Nodos: [104, 16, 56, 24, 30, 64, 10, 70, 50, 1, 11, 51, 41, 36, 76, 34, 74, 25, 65, 13, 53, 21, 38, 61, 78, 15, 55, 814]
q: [0.0, 11.0, -11.0, 14.0, 1.0, -14.0, 12.0, -1.0, -12.0, 7.0, 8.0, -8.0, -7.0, 15.0, -15.0, 12.0, -12.0, 10.0, -10.0, 15.0, -15.0, 13.0, 2.0, -13.0, -2.0, 11.0, -11.0, 0.0]
Q: [0.0, 11.0, 0.0, 14.0, 15.0, 1.0, 13.0, 12.0, 0.0, 7.0, 15.0, 7.0, 0.0, 15.0, 0.0, 12.0, 0.0, 10.0, 0.0, 15.0, 0.0, 13.0, 15.0, 2.0, 0.0, 11.0, 0.0, 0.0]
B: [0.0, 36.0, 45.624091437640004, 70.85029051714, 89.10719167804, 109.37531307594, 121.16124375624, 139.85429404234, 158.75509193554, 197.17443310634002, 215.85526170144, 219.90932854845002, 254.22505788645003, 288.17296151835, 295.12110558709, 308.84085358039005, 349.78845161739, 410.0, 427.1849823101, 443.186042775, 460.069193725, 477.0, 483.82291294097, 518.30529332577, 525.37522189684, 569.37923472524, 585.80040134034, 601.14539101124]
