Avion: 5      Iteracion: 16

Num Ruta: 19
Ingresos: 145200.0
Costos: 414.998055271
Utilidad Ruta: 144785.001945
Costo Reducido: 189.141613565
Nodos: [105, 16, 56, 40, 80, 14, 54, 11, 51, 34, 76, 36, 74, 39, 79, 6, 46, 5, 45, 7, 20, 47, 60, 37, 77, 815]
q: [0.0, 11.0, -11.0, 15.0, -15.0, 8.0, -8.0, 8.0, -8.0, 12.0, -12.0, 12.0, -12.0, 8.0, -8.0, 5.0, -5.0, 12.0, -12.0, 5.0, 10.0, -5.0, -10.0, 15.0, -15.0, 0.0]
Q: [0.0, 11.0, 0.0, 15.0, 0.0, 8.0, 0.0, 8.0, 0.0, 12.0, 0.0, 12.0, 0.0, 8.0, 0.0, 5.0, 0.0, 12.0, 0.0, 5.0, 15.0, 10.0, 0.0, 15.0, 0.0, 0.0]
B: [0.0, 36.0, 45.624091437640004, 77.27284989674001, 109.84229167884001, 138.42069361104, 150.44240538604, 179.89083449524, 183.94490134225, 283.0, 296.7197479933, 303.66789206204004, 333.21404341884005, 388.0, 410.632187455, 436.0, 439.69228939819, 469.0, 470.12168890518, 517.0, 525.74295442056, 554.98896180616, 567.9526463518599, 579.5301643069599, 600.3248177784599, 621.9522626575599]
