Avion: 5      Iteracion: 62

Num Ruta: 52
Ingresos: 99600.0
Costos: 300.192352147
Utilidad Ruta: 99299.8076479
Costo Reducido: 15.869799882
Nodos: [105, 16, 56, 9, 49, 34, 74, 28, 68, 15, 55, 7, 4, 47, 44, 37, 77, 815]
q: [0, 11.0, -11.0, 11.0, -11.0, 12.0, -12.0, 8.0, -8.0, 11.0, -11.0, 10.0, 5.0, -10.0, -5.0, 15.0, -15.0, 0]
Q: [0, 11.0, 0.0, 11.0, 0.0, 12.0, 0.0, 8.0, 0.0, 11.0, 0.0, 10.0, 15.0, 5.0, 0.0, 15.0, 0.0, 0]
B: [0.0, 36.0, 45.624091437640004, 75.68094759394, 105.20818459644, 283.0, 323.947598037, 378.0, 414.0266187839, 511.0, 527.4211666151, 538.3259061809999, 548.6892794734999, 567.9616404602, 569.12201453781, 576.1863866259699, 596.98104009747, 618.60848497657]
