Avion: 2      Iteracion: 15

Num Ruta: 16
Ingresos: 92400.0
Costos: 344.521423262
Utilidad Ruta: 92055.4785767
Costo Reducido: 235.524548927
Nodos: [102, 9, 49, 18, 58, 26, 66, 28, 68, 25, 65, 38, 20, 78, 60, 2, 42, 812]
q: [0.0, 11.0, -11.0, 11.0, -11.0, 13.0, -13.0, 8.0, -8.0, 10.0, -10.0, 8.0, 7.0, -8.0, -7.0, 9.0, -9.0, 0.0]
Q: [0.0, 11.0, 0.0, 11.0, 0.0, 13.0, 0.0, 8.0, 0.0, 10.0, 0.0, 8.0, 15.0, 7.0, 0.0, 9.0, 0.0, 0.0]
B: [0.0, 33.6128854013, 63.1401224038, 293.0, 316.8182362487, 345.81975307109997, 363.39898104049996, 378.0, 414.0266187839, 417.35999740026, 434.54497971036, 480.0, 496.0, 530.6263354833, 558.0033432088, 565.3336404742599, 606.06860252166, 624.37373994266]
