Avion: 6      Iteracion: 27

Num Ruta: 27
Ingresos: 120000.0
Costos: 391.420544183
Utilidad Ruta: 119608.579456
Costo Reducido: 6.84729162713
Nodos: [106, 24, 64, 1, 41, 3, 43, 36, 76, 34, 74, 39, 79, 6, 46, 20, 4, 44, 60, 2, 42, 816]
q: [0, 14.0, -14.0, 7.0, -7.0, 15.0, -15.0, 15.0, -15.0, 12.0, -12.0, 8.0, -8.0, 5.0, -5.0, 10.0, 5.0, -5.0, -10.0, 9.0, -9.0, 0]
Q: [0, 14.0, 0.0, 7.0, 0.0, 15.0, 0.0, 15.0, 0.0, 12.0, 0.0, 8.0, 0.0, 5.0, 0.0, 10.0, 15.0, 10.0, 0.0, 9.0, 0.0, 0]
B: [0.0, 61.0, 99.5129503025, 175.0, 209.2400855285, 256.0, 261.08428175852, 296.00374706082, 302.95189112956, 316.67163912286003, 357.61923715986, 388.0, 410.632187455, 436.0, 439.69228939819, 496.0, 529.0, 549.4257496801999, 561.2869729308, 568.6172701962599, 609.35223224366, 619.0723325003399]
