Avion: 5      Iteracion: 17

Num Ruta: 20
Ingresos: 78000.0
Costos: 249.915658398
Utilidad Ruta: 77750.0843416
Costo Reducido: 172.603071704
Nodos: [105, 17, 57, 24, 64, 10, 50, 35, 75, 26, 66, 13, 53, 815]
q: [0, 5.0, -5.0, 14.0, -14.0, 12.0, -12.0, 6.0, -6.0, 13.0, -13.0, 15.0, -15.0, 0]
Q: [0, 5.0, 0.0, 14.0, 0.0, 12.0, 0.0, 6.0, 0.0, 13.0, 0.0, 15.0, 0.0, 0]
B: [0.0, 24.8000597782, 59.6426135595, 76.2008968642, 114.7138471667, 126.499777847, 156.01928858140002, 279.0, 298.9128833924, 308.20588877279, 325.78511674219, 423.0, 439.88315095, 460.42029206070004]
