Avion: 2      Iteracion: 18

Num Ruta: 19
Ingresos: 118800.0
Costos: 442.147675769
Utilidad Ruta: 118357.852324
Costo Reducido: 193.624149055
Nodos: [102, 9, 49, 12, 52, 1, 41, 3, 43, 23, 63, 22, 62, 19, 59, 21, 20, 61, 60, 33, 73, 812]
q: [0.0, 11.0, -11.0, 14.0, -14.0, 7.0, -7.0, 15.0, -15.0, 10.0, -10.0, 10.0, -10.0, 7.0, -7.0, 5.0, 10.0, -5.0, -10.0, 10.0, -10.0, 0.0]
Q: [0.0, 11.0, 0.0, 14.0, 0.0, 7.0, 0.0, 15.0, 0.0, 10.0, 0.0, 10.0, 0.0, 7.0, 0.0, 5.0, 15.0, 10.0, 0.0, 10.0, 0.0, 0.0]
B: [0.0, 33.6128854013, 63.1401224038, 73.9271591609, 117.2750834249, 175.0, 209.2400855285, 256.0, 261.08428175852, 267.0, 306.733842905, 322.49026689650003, 344.24495303540004, 402.0, 428.6271162915, 477.0, 496.0, 532.4252917215, 553.0247123444, 563.8465116865, 587.1500229241, 606.3962300828999]
