Avion: 2      Iteracion: 0

Num Ruta: 1
Ingresos: 55200.0
Costos: 263.692172972
Utilidad Ruta: 54936.307827
Costo Reducido: -
Nodos: [102, 1, 41, 34, 74, 5, 45, 6, 46, 7, 47, 812]
q: [0, 7.0, -7.0, 12.0, -12.0, 12.0, -12.0, 5.0, -5.0, 10.0, -10.0, 0]
Q: [0, 7.0, 0.0, 12.0, 0.0, 12.0, 0.0, 5.0, 0.0, 10.0, 0.0, 0]
B: [0.0, 175.0, 209.2400855285, 283.0, 323.947598037, 469.0, 470.12168890518, 486.34528175638, 490.03757115457, 525.51042595937, 554.0517377722699, 571.4605921285699]
