Avion: 6      Iteracion: 31

Num Ruta: 31
Ingresos: 25200.0
Costos: 59.5958142229
Utilidad Ruta: 25140.4041858
Costo Reducido: 15.5452249209
Nodos: [106, 35, 75, 13, 53, 816]
q: [0, 6.0, -6.0, 15.0, -15.0, 0]
Q: [0, 6.0, 0.0, 15.0, 0.0, 0]
B: [0.0, 279.0, 298.9128833924, 423.0, 439.88315095, 443.9580853053]
