Avion: 6      Iteracion: 19

Num Ruta: 20
Ingresos: 52800.0
Costos: 177.883667388
Utilidad Ruta: 52622.1163326
Costo Reducido: 80.7438656101
Nodos: [106, 36, 76, 22, 62, 18, 58, 39, 79, 816]
q: [0, 15.0, -15.0, 10.0, -10.0, 11.0, -11.0, 8.0, -8.0, 0]
Q: [0, 15.0, 0.0, 10.0, 0.0, 11.0, 0.0, 8.0, 0.0, 0]
B: [0.0, 251.0, 257.94814406874, 299.0, 320.7546861389, 334.15512273630003, 357.973358985, 388.0, 410.632187455, 432.30091192140003]
