Avion: 5      Iteracion: 33

Num Ruta: 36
Ingresos: 21600.0
Costos: 85.7241701637
Utilidad Ruta: 21514.2758298
Costo Reducido: 7.94367318864
Nodos: [105, 10, 50, 35, 75, 815]
q: [0, 12.0, -12.0, 6.0, -6.0, 0]
Q: [0, 12.0, 0.0, 6.0, 0.0, 0]
B: [0.0, 96.0, 125.5195107344, 279.0, 298.9128833924, 316.41172415399996]
