Avion: 5      Iteracion: 27

Num Ruta: 30
Ingresos: 98400.0
Costos: 391.759720388
Utilidad Ruta: 98008.2402796
Costo Reducido: 72.3062547439
Nodos: [105, 17, 57, 9, 49, 34, 58, 18, 74, 39, 79, 6, 46, 4, 20, 44, 60, 37, 77, 815]
q: [0.0, 5.0, -5.0, 11.0, -11.0, 12.0, -11.0, 11.0, -12.0, 8.0, -8.0, 5.0, -5.0, 5.0, 10.0, -5.0, -10.0, 15.0, -15.0, 0.0]
Q: [0.0, 5.0, 0.0, 11.0, 0.0, 12.0, 1.0, 12.0, 0.0, 8.0, 0.0, 5.0, 0.0, 5.0, 15.0, 10.0, 0.0, 15.0, 0.0, 0.0]
B: [0.0, 24.8000597782, 59.6426135595, 82.5291699628, 112.0564069653, 283.0, 316.0, 339.8182362487, 378.55680727289996, 388.0, 410.632187455, 436.0, 439.69228939819, 529.0, 539.279151035, 569.6591407651, 581.5203640157, 593.0978819708, 613.8925354423, 635.5199803214]
