Avion: 1      Iteracion: 6

Num Ruta: 9
Ingresos: 169200.0
Costos: 626.639953653
Utilidad Ruta: 168573.360046
Costo Reducido: 213614.503521
Nodos: [101, 17, 57, 40, 80, 10, 50, 1, 41, 3, 43, 22, 18, 62, 58, 28, 68, 25, 65, 19, 59, 5, 45, 20, 60, 37, 77, 33, 73, 811]
q: [0.0, 5.0, -5.0, 15.0, -15.0, 12.0, -12.0, 7.0, -7.0, 15.0, -15.0, 10.0, 5.0, -10.0, -5.0, 8.0, -8.0, 10.0, -10.0, 7.0, -7.0, 12.0, -12.0, 10.0, -10.0, 15.0, -15.0, 10.0, -10.0, 0.0]
Q: [0.0, 5.0, 0.0, 15.0, 0.0, 12.0, 0.0, 7.0, 0.0, 15.0, 0.0, 10.0, 15.0, 5.0, 0.0, 8.0, 0.0, 10.0, 0.0, 7.0, 0.0, 12.0, 0.0, 10.0, 0.0, 15.0, 0.0, 10.0, 0.0, 0.0]
B: [0.0, 36.0038629316, 70.8464167129, 94.54538753439999, 127.11482931649999, 144.2955233944, 173.8150341288, 212.2343752996, 246.4744608281, 256.0, 261.08428175852, 299.0, 308.68569016643, 322.08612676383, 358.98693506123, 378.0, 414.0266187839, 417.35999740026, 434.54497971036, 451.21787139116, 477.84498768265996, 485.69530092481995, 486.81698982999995, 510.38094896249993, 552.5580914095999, 564.1356093646999, 584.9302628362, 619.5140176642, 642.8175289018, 648.73650516463]
