Avion: 3      Iteracion: 0

Num Ruta: 2
Ingresos: 176400.0
Costos: 578.823544509
Utilidad Ruta: 175821.176455
Costo Reducido: -
Nodos: [103, 40, 80, 30, 70, 31, 11, 51, 71, 1, 41, 36, 76, 3, 43, 26, 66, 19, 8, 59, 48, 13, 32, 53, 72, 5, 45, 4, 20, 44, 60, 813]
q: [0.0, 15.0, -15.0, 11.0, -11.0, 6.0, 8.0, -8.0, -6.0, 7.0, -7.0, 15.0, -15.0, 15.0, -15.0, 13.0, -13.0, 7.0, 8.0, -7.0, -8.0, 15.0, 0.0, -15.0, 0.0, 12.0, -12.0, 5.0, 10.0, -5.0, -10.0, 0.0]
Q: [0.0, 15.0, 0.0, 11.0, 0.0, 6.0, 14.0, 6.0, 0.0, 7.0, 0.0, 15.0, 0.0, 15.0, 0.0, 13.0, 0.0, 7.0, 15.0, 8.0, 0.0, 15.0, 15.0, 0.0, 0.0, 12.0, 0.0, 5.0, 15.0, 10.0, 0.0, 0.0]
B: [0.0, 62.0, 94.5694417821, 113.51249206450001, 132.22651472130002, 156.12090755730003, 169.30363675120003, 173.35770359821004, 177.05208216571003, 196.04177626541002, 230.28186179391002, 264.22976542581, 271.17790949455, 308.15794683905, 313.24222859757, 350.91729995787, 368.49652792727, 402.0, 425.1608815463, 443.1178409771, 446.04596016866, 448.25663630956996, 470.91750319497, 498.29665676116997, 502.36760714161, 527.30984220581, 528.43153111099, 541.72441958569, 552.0035706206901, 582.38356035079, 594.24478360139, 632.6176548647901]
