Avion: 2      Iteracion: 36

Num Ruta: 35
Ingresos: 46800.0
Costos: 143.572613678
Utilidad Ruta: 46656.4273863
Costo Reducido: 6.39989858968
Nodos: [102, 22, 62, 18, 58, 28, 68, 25, 65, 812]
q: [0, 10.0, -10.0, 11.0, -11.0, 8.0, -8.0, 10.0, -10.0, 0]
Q: [0, 10.0, 0.0, 11.0, 0.0, 8.0, 0.0, 10.0, 0.0, 0]
B: [0.0, 299.0, 320.7546861389, 334.15512273630003, 357.973358985, 378.0, 414.0266187839, 417.35999740026, 434.54497971036, 450.66601246266]
