Avion: 6      Iteracion: 29

Num Ruta: 29
Ingresos: 87600.0
Costos: 283.417045205
Utilidad Ruta: 87316.5829548
Costo Reducido: 52.5562673854
Nodos: [106, 14, 54, 3, 43, 18, 58, 22, 62, 32, 8, 48, 72, 7, 4, 47, 44, 816]
q: [0, 8.0, -8.0, 15.0, -15.0, 11.0, -11.0, 10.0, -10.0, 6.0, 8.0, -8.0, -6.0, 10.0, 5.0, -10.0, -5.0, 0]
Q: [0, 8.0, 0.0, 15.0, 0.0, 11.0, 0.0, 10.0, 0.0, 6.0, 14.0, 6.0, 0.0, 10.0, 15.0, 5.0, 0.0, 0]
B: [0.0, 112.0, 124.021711775, 256.0, 261.08428175852, 293.0, 316.8182362487, 332.3010836612, 354.0557698001, 422.0, 433.4468981388, 454.2152947548, 470.2643934834, 517.0, 529.0, 548.2723609867, 549.43273506431, 583.03144957841]
