Avion: 5      Iteracion: 0

Num Ruta: 2
Ingresos: 184800.0
Costos: 613.348749934
Utilidad Ruta: 184186.65125
Costo Reducido: -
Nodos: [105, 16, 56, 12, 52, 14, 54, 11, 51, 1, 41, 3, 43, 36, 76, 26, 66, 39, 79, 13, 53, 5, 45, 21, 61, 27, 67, 2, 42, 815]
q: [0, 11.0, -11.0, 14.0, -14.0, 8.0, -8.0, 8.0, -8.0, 7.0, -7.0, 15.0, -15.0, 15.0, -15.0, 13.0, -13.0, 8.0, -8.0, 15.0, -15.0, 12.0, -12.0, 13.0, -13.0, 6.0, -6.0, 9.0, -9.0, 0]
Q: [0, 11.0, 0.0, 14.0, 0.0, 8.0, 0.0, 8.0, 0.0, 7.0, 0.0, 15.0, 0.0, 15.0, 0.0, 13.0, 0.0, 8.0, 0.0, 15.0, 0.0, 12.0, 0.0, 13.0, 0.0, 6.0, 0.0, 9.0, 0.0, 0]
B: [0.0, 36.0, 45.624091437640004, 79.57799432084, 122.92591858484, 159.44515236654001, 171.46686414154001, 200.91529325074, 204.96936009775, 227.63881163505002, 261.87889716355005, 268.97544907275005, 274.05973083127003, 308.97919613357004, 315.92734020231006, 356.22972466031007, 373.80895262971006, 393.50687081921006, 416.1390582742101, 423.0, 439.88315095, 469.0, 470.12168890518, 498.36127928818, 539.10006996738, 552.27751816498, 569.30838053308, 580.76045362048, 621.49541566788, 636.19559267358]
