Avion: 1      Iteracion: 30

Num Ruta: 32
Ingresos: 64800.0
Costos: 187.294015059
Utilidad Ruta: 64612.7059849
Costo Reducido: 39.8821331965
Nodos: [101, 14, 54, 8, 48, 13, 53, 20, 38, 78, 33, 60, 73, 811]
q: [0.0, 8.0, -8.0, 8.0, -8.0, 15.0, -15.0, 7.0, 8.0, -8.0, 8.0, -7.0, -8.0, 0.0]
Q: [0.0, 8.0, 0.0, 8.0, 0.0, 15.0, 0.0, 7.0, 15.0, 7.0, 15.0, 8.0, 0.0, 0.0]
B: [0.0, 112.0, 124.021711775, 414.0, 434.768396616, 436.97907275691, 453.86222370691, 496.0, 498.08106943661, 530.9499560773099, 562.0, 572.8217993421, 605.3374284610001, 611.2564047238301]
