Avion: 3      Iteracion: 48

Num Ruta: 48
Ingresos: 80400.0
Costos: 262.45717601
Utilidad Ruta: 80137.542824
Costo Reducido: 2.63576024394
Nodos: [103, 40, 80, 14, 54, 3, 43, 23, 63, 20, 60, 2, 42, 813]
q: [0, 15.0, -15.0, 8.0, -8.0, 15.0, -15.0, 10.0, -10.0, 10.0, -10.0, 9.0, -9.0, 0]
Q: [0, 15.0, 0.0, 8.0, 0.0, 15.0, 0.0, 10.0, 0.0, 10.0, 0.0, 9.0, 0.0, 0]
B: [0.0, 62.0, 94.5694417821, 123.1478437143, 135.1695554893, 256.0, 261.08428175852, 267.0, 306.733842905, 496.0, 538.1771424471, 545.50743971256, 586.24240175996, 600.60017052816]
