Avion: 5      Iteracion: 18

Num Ruta: 21
Ingresos: 61200.0
Costos: 301.673372143
Utilidad Ruta: 60898.3266279
Costo Reducido: 135.778492809
Nodos: [105, 17, 57, 40, 80, 31, 71, 19, 8, 59, 48, 20, 60, 815]
q: [0, 5.0, -5.0, 15.0, -15.0, 6.0, -6.0, 7.0, 8.0, -7.0, -8.0, 10.0, -10.0, 0]
Q: [0, 5.0, 0.0, 15.0, 0.0, 6.0, 0.0, 7.0, 15.0, 8.0, 0.0, 10.0, 0.0, 0]
B: [0.0, 24.8000597782, 59.6426135595, 83.341584381, 115.9110261631, 139.2495151673, 152.5551291704, 402.0, 425.1608815463, 443.1178409771, 446.04596016866, 496.0, 538.1771424471, 570.5301628471]
