Avion: 7      Iteracion: 0

Num Ruta: 1
Ingresos: 63600.0
Costos: 243.148629898
Utilidad Ruta: 63356.8513701
Costo Reducido: -
Nodos: [107, 9, 49, 16, 56, 35, 75, 37, 77, 33, 73, 817]
q: [0, 11.0, -11.0, 11.0, -11.0, 6.0, -6.0, 15.0, -15.0, 10.0, -10.0, 0]
Q: [0, 11.0, 0.0, 11.0, 0.0, 6.0, 0.0, 15.0, 0.0, 10.0, 0.0, 0]
B: [0.0, 28.0348110926, 57.562048095099996, 81.29183227029999, 90.91592370794, 279.0, 298.9128833924, 562.0, 582.7946534714999, 617.3784082994999, 640.6819195370999, 663.7284082284]
