Avion: 6      Iteracion: 17

Num Ruta: 18
Ingresos: 139200.0
Costos: 378.616141541
Utilidad Ruta: 138821.383858
Costo Reducido: 275.916701374
Nodos: [106, 17, 57, 30, 16, 56, 70, 24, 64, 1, 31, 71, 11, 51, 41, 3, 43, 23, 18, 58, 26, 63, 66, 6, 46, 13, 53, 816]
q: [0.0, 5.0, -5.0, 11.0, 4.0, -4.0, -11.0, 14.0, -14.0, 7.0, 6.0, -6.0, 8.0, -8.0, -7.0, 15.0, -15.0, 4.0, 11.0, -11.0, 11.0, -4.0, -11.0, 5.0, -5.0, 15.0, -15.0, 0.0]
Q: [0.0, 5.0, 0.0, 11.0, 15.0, 11.0, 0.0, 14.0, 0.0, 7.0, 13.0, 7.0, 15.0, 7.0, 0.0, 15.0, 0.0, 4.0, 15.0, 4.0, 15.0, 11.0, 0.0, 5.0, 0.0, 15.0, 0.0, 0.0]
B: [0.0, 34.2933399948, 69.1358937761, 72.28034825979, 80.48293955767001, 90.10703099531001, 92.97818755670001, 117.71215844700001, 156.2251087495, 175.0, 183.89376197118, 197.19937597428, 197.678254873377, 201.732321720387, 236.048051058387, 256.0, 261.08428175852, 267.0, 293.0, 316.8182362487, 345.81975307109997, 365.50612584519996, 368.57319822778, 436.0, 439.69228939819, 453.10235550539, 469.98550645539, 474.06044081069]
