Avion: 5      Iteracion: 47

Num Ruta: 45
Ingresos: 86400.0
Costos: 303.708383145
Utilidad Ruta: 86096.2916169
Costo Reducido: 19.6332039938
Nodos: [105, 40, 80, 8, 48, 13, 53, 21, 38, 78, 61, 33, 73, 29, 69, 815]
q: [0.0, 15.0, -15.0, 8.0, -8.0, 15.0, -15.0, 13.0, 2.0, -2.0, -13.0, 10.0, -10.0, 9.0, -9.0, 0.0]
Q: [0.0, 15.0, 0.0, 8.0, 0.0, 15.0, 0.0, 13.0, 15.0, 13.0, 0.0, 10.0, 0.0, 9.0, 0.0, 0.0]
B: [0.0, 62.0, 94.5694417821, 414.0, 434.768396616, 436.97907275691, 453.86222370691, 477.0, 483.82291294097, 516.69179958167, 523.76172815274, 562.0, 585.3035112376, 603.6868304428, 637.466610223, 662.4525438858]
