Avion: 4      Iteracion: 57

Num Ruta: 46
Ingresos: 109200.0
Costos: 385.669408159
Utilidad Ruta: 108814.330592
Costo Reducido: 17.1929062791
Nodos: [104, 17, 57, 12, 52, 31, 11, 71, 51, 34, 74, 39, 28, 79, 13, 53, 68, 15, 21, 55, 38, 78, 61, 814]
q: [0.0, 5.0, -5.0, 14.0, -14.0, 6.0, 8.0, -6.0, -8.0, 12.0, -12.0, 8.0, 7.0, -8.0, 8.0, -8.0, -7.0, 8.0, 7.0, -8.0, 8.0, -8.0, -7.0, 0.0]
Q: [0.0, 5.0, 0.0, 14.0, 0.0, 6.0, 14.0, 8.0, 0.0, 12.0, 0.0, 8.0, 15.0, 7.0, 15.0, 7.0, 0.0, 8.0, 15.0, 7.0, 15.0, 7.0, 0.0, 0.0]
B: [0.0, 24.0, 58.8425537813, 78.5512475229, 121.8991717869, 142.8165051734, 169.0, 169.478878899097, 173.173257466597, 283.0, 323.947598037, 388.0, 399.3210123222, 412.3114993416, 423.0, 439.88315095, 462.92158097460003, 511.0, 516.67223351071, 527.47150163401, 531.55876734595, 564.42765398665, 571.49758255772, 617.27605708452]
