Avion: 2      Iteracion: 37

Num Ruta: 36
Ingresos: 13200.0
Costos: 40.7246265819
Utilidad Ruta: 13159.2753734
Costo Reducido: 5.3386976738
Nodos: [102, 70, 30, 812]
q: [0, -11.0, 11.0, 0]
Q: [0, 1, 12.0, 0]
B: [0.0, 82.0, 100.7140226568, 101.222350307041]
