Avion: 6      Iteracion: 32

Num Ruta: 32
Ingresos: 34800.0
Costos: 108.488540498
Utilidad Ruta: 34691.5114595
Costo Reducido: 11.9768423048
Nodos: [106, 9, 49, 11, 51, 25, 65, 816]
q: [0, 11.0, -11.0, 8.0, -8.0, 10.0, -10.0, 0]
Q: [0, 11.0, 0.0, 8.0, 0.0, 10.0, 0.0, 0]
B: [0.0, 35.5829922575, 65.11022926000001, 169.0, 173.05406684701, 410.0, 427.1849823101, 434.85478908733]
