Avion: 4      Iteracion: 3

Num Ruta: 7
Ingresos: 170400.0
Costos: 611.97939638
Utilidad Ruta: 169788.020604
Costo Reducido: 141610.564819
Nodos: [104, 16, 56, 24, 12, 64, 10, 52, 50, 11, 51, 3, 43, 23, 35, 63, 75, 26, 66, 25, 65, 39, 79, 5, 45, 15, 21, 55, 38, 78, 61, 814]
q: [0.0, 11.0, -11.0, 14.0, 1.0, -14.0, 12.0, -1.0, -12.0, 8.0, -8.0, 15.0, -15.0, 9.0, 6.0, -9.0, -6.0, 13.0, -13.0, 10.0, -10.0, 8.0, -8.0, 12.0, -12.0, 8.0, 7.0, -8.0, 8.0, -8.0, -7.0, 0.0]
Q: [0.0, 11.0, 0.0, 14.0, 15.0, 1.0, 13.0, 12.0, 0.0, 8.0, 0.0, 15.0, 0.0, 9.0, 15.0, 6.0, 0.0, 13.0, 0.0, 10.0, 0.0, 8.0, 0.0, 12.0, 0.0, 8.0, 15.0, 7.0, 15.0, 7.0, 0.0, 0.0]
B: [0.0, 36.0, 45.624091437640004, 70.85029051714, 87.69811794384, 121.74428718504001, 133.53021786534, 142.24798822249, 169.76252070989, 222.40073729249, 226.4548041395, 256.0, 261.08428175852, 267.0, 307.4405515417, 336.9605871955, 349.5791326743, 358.87213805469, 376.45136602409, 410.39973277419, 427.58471508429, 446.72592468559, 469.35811214059, 481.92264687129, 483.04433577647, 516.44653025527, 522.11876376598, 532.91803188928, 537.0052976012199, 569.8741842419199, 576.9441128129899, 622.7225873397899]
