Avion: 1      Iteracion: 2

Num Ruta: 5
Ingresos: 63600.0
Costos: 201.534969937
Utilidad Ruta: 63398.4650301
Costo Reducido: 68188.9587951
Nodos: [101, 40, 80, 36, 76, 22, 62, 26, 66, 811]
q: [0, 15.0, -15.0, 15.0, -15.0, 10.0, -10.0, 13.0, -13.0, 0]
Q: [0, 15.0, 0.0, 15.0, 0.0, 10.0, 0.0, 13.0, 0.0, 0]
B: [0.0, 62.0, 94.5694417821, 251.0, 257.94814406874, 299.0, 320.7546861389, 357.0876895518, 374.6669175212, 383.46135400116]
