Avion: 2      Iteracion: 8

Num Ruta: 10
Ingresos: 73200.0
Costos: 291.406609172
Utilidad Ruta: 72908.5933908
Costo Reducido: 201783.346789
Nodos: [102, 30, 56, 16, 70, 22, 62, 25, 39, 79, 65, 4, 44, 2, 42, 812]
q: [0.0, 11.0, -11.0, 11.0, -11.0, 10.0, -10.0, 7.0, 8.0, -8.0, -7.0, 5.0, -5.0, 9.0, -9.0, 0.0]
Q: [0.0, 11.0, 0.0, 11.0, 0.0, 10.0, 0.0, 7.0, 15.0, 7.0, 0.0, 5.0, 0.0, 9.0, 0.0, 0.0]
B: [0.0, 64.0, 80.9852936389, 90.60938507654001, 101.42605683824002, 299.0, 320.7546861389, 410.0, 442.9539526309, 465.5861400859, 484.4932512349, 529.0, 549.4257496801999, 558.8802161908, 599.6151782382, 617.9203156592]
