Avion: 6      Iteracion: 26

Num Ruta: 26
Ingresos: 94800.0
Costos: 366.389185487
Utilidad Ruta: 94433.6108145
Costo Reducido: 97.4007095884
Nodos: [106, 17, 57, 12, 52, 10, 50, 1, 41, 3, 43, 23, 18, 63, 58, 15, 55, 816]
q: [0.0, 5.0, -5.0, 14.0, -14.0, 12.0, -12.0, 7.0, -7.0, 15.0, -15.0, 4.0, 11.0, -4.0, -11.0, 11.0, -11.0, 0.0]
Q: [0.0, 5.0, 0.0, 14.0, 0.0, 12.0, 0.0, 7.0, 0.0, 15.0, 0.0, 4.0, 15.0, 11.0, 0.0, 11.0, 0.0, 0.0]
B: [0.0, 34.2933399948, 69.1358937761, 88.8445875177, 132.1925117817, 140.91028213885, 170.42979287325, 208.84913404405, 243.08921957255, 256.0, 261.08428175852, 267.0, 293.0, 318.4393114097, 328.36484298237, 511.0, 527.4211666151, 539.6288314205]
