Avion: 1      Iteracion: 56

Num Ruta: 47
Ingresos: 45600.0
Costos: 165.146449651
Utilidad Ruta: 45434.8535503
Costo Reducido: 10.6581590541
Nodos: [101, 12, 52, 6, 46, 33, 73, 29, 69, 811]
q: [0, 14.0, -14.0, 5.0, -5.0, 10.0, -10.0, 9.0, -9.0, 0]
Q: [0, 14.0, 0.0, 5.0, 0.0, 10.0, 0.0, 9.0, 0.0, 0]
B: [0.0, 54.0, 97.347924264, 436.0, 439.69228939819, 562.0, 585.3035112376, 603.6868304428, 637.466610223, 653.4847850566]
