Avion: 3      Iteracion: 16

Num Ruta: 20
Ingresos: 50400.0
Costos: 103.928536802
Utilidad Ruta: 50296.0714632
Costo Reducido: 117.868695554
Nodos: [103, 40, 80, 5, 45, 37, 77, 813]
q: [0, 15.0, -15.0, 12.0, -12.0, 15.0, -15.0, 0]
Q: [0, 15.0, 0.0, 12.0, 0.0, 15.0, 0.0, 0]
B: [0.0, 62.0, 94.5694417821, 469.0, 470.12168890518, 562.0, 582.7946534714999, 603.7964489185999]
