Avion: 3      Iteracion: 38

Num Ruta: 40
Ingresos: 52800.0
Costos: 218.003485228
Utilidad Ruta: 52581.9965148
Costo Reducido: 9.49135655902
Nodos: [103, 24, 64, 1, 41, 8, 32, 48, 72, 29, 69, 813]
q: [0, 14.0, -14.0, 7.0, -7.0, 8.0, 6.0, -8.0, -6.0, 9.0, -9.0, 0]
Q: [0, 14.0, 0.0, 7.0, 0.0, 8.0, 14.0, 6.0, 0.0, 9.0, 0.0, 0]
B: [0.0, 61.0, 99.5129503025, 175.0, 209.2400855285, 414.0, 425.4468981388, 447.8266328334, 463.87573156200006, 549.0, 582.7797797802, 614.9656450164]
