Avion: 1      Iteracion: 15

Num Ruta: 18
Ingresos: 56400.0
Costos: 207.453809655
Utilidad Ruta: 56192.5461903
Costo Reducido: 151.875742216
Nodos: [101, 9, 49, 18, 58, 38, 7, 47, 78, 33, 73, 811]
q: [0.0, 11.0, -11.0, 11.0, -11.0, 8.0, 7.0, -7.0, -8.0, 10.0, -10.0, 0.0]
Q: [0.0, 11.0, 0.0, 11.0, 0.0, 8.0, 15.0, 8.0, 0.0, 10.0, 0.0, 0.0]
B: [0.0, 28.0, 57.5272370025, 293.0, 316.8182362487, 480.0, 517.0, 545.5413118129, 567.3456051745, 583.9888056179, 607.2923168555, 613.21129311833]
