Avion: 4      Iteracion: 5

Num Ruta: 9
Ingresos: 52800.0
Costos: 258.769884213
Utilidad Ruta: 52541.2301158
Costo Reducido: 90469.8006961
Nodos: [104, 40, 80, 36, 76, 28, 68, 32, 72, 814]
q: [0, 15.0, -15.0, 15.0, -15.0, 8.0, -8.0, 6.0, -6.0, 0]
Q: [0, 15.0, 0.0, 15.0, 0.0, 8.0, 0.0, 6.0, 0.0, 0]
B: [0.0, 62.0, 94.5694417821, 251.0, 257.94814406874, 378.0, 414.0266187839, 437.4817273106, 465.3390831255, 489.7052286762]
