Avion: 3      Iteracion: 18

Num Ruta: 22
Ingresos: 102000.0
Costos: 361.434581434
Utilidad Ruta: 101638.565419
Costo Reducido: 210.530425234
Nodos: [103, 40, 80, 10, 50, 1, 31, 71, 41, 3, 43, 23, 63, 20, 60, 33, 73, 813]
q: [0, 15.0, -15.0, 12.0, -12.0, 7.0, 6.0, -6.0, -7.0, 15.0, -15.0, 10.0, -10.0, 10.0, -10.0, 10.0, -10.0, 0]
Q: [0, 15.0, 0.0, 12.0, 0.0, 7.0, 13.0, 7.0, 0.0, 15.0, 0.0, 10.0, 0.0, 10.0, 0.0, 10.0, 0.0, 0]
B: [0.0, 62.0, 94.5694417821, 111.75013586, 141.2696465944, 179.6889877652, 188.58274973638, 201.88836373948, 235.44945146028002, 256.0, 261.08428175852, 267.0, 306.733842905, 496.0, 538.1771424471, 562.0, 585.3035112376, 609.1137857005]
