Avion: 6      Iteracion: 24

Num Ruta: 25
Ingresos: 115200.0
Costos: 323.954868454
Utilidad Ruta: 114876.045132
Costo Reducido: 78.8819626641
Nodos: [106, 16, 56, 40, 80, 14, 54, 3, 43, 23, 18, 58, 63, 25, 65, 19, 32, 59, 13, 72, 53, 816]
q: [0.0, 11.0, -11.0, 15.0, -15.0, 8.0, -8.0, 15.0, -15.0, 10.0, 5.0, -5.0, -10.0, 10.0, -10.0, 7.0, 6.0, -7.0, 9.0, -6.0, -9.0, 0.0]
Q: [0.0, 11.0, 0.0, 15.0, 0.0, 8.0, 0.0, 15.0, 0.0, 10.0, 15.0, 10.0, 0.0, 10.0, 0.0, 7.0, 13.0, 6.0, 15.0, 9.0, 0.0, 0.0]
B: [0.0, 36.0, 45.624091437640004, 77.27284989674001, 109.84229167884001, 138.42069361104, 150.44240538604, 256.0, 261.08428175852, 267.0, 293.0, 316.8182362487, 326.74376782137, 410.0, 427.1849823101, 443.8578739909, 455.57278862989995, 475.14525932219993, 479.37287862861996, 493.21505840642, 497.28600878686, 501.36094314216]
