Avion: 7      Iteracion: 40

Num Ruta: 39
Ingresos: 75600.0
Costos: 224.377401142
Utilidad Ruta: 75375.6225989
Costo Reducido: 2.03961943445
Nodos: [107, 30, 16, 56, 70, 24, 64, 31, 71, 11, 51, 19, 39, 79, 6, 46, 59, 817]
q: [0.0, 11.0, 4.0, -4.0, -11.0, 14.0, -14.0, 6.0, -6.0, 8.0, -8.0, 7.0, 8.0, -8.0, 5.0, -5.0, -7.0, 0.0]
Q: [0.0, 11.0, 15.0, 11.0, 0.0, 14.0, 0.0, 6.0, 0.0, 8.0, 0.0, 7.0, 15.0, 7.0, 12.0, 7.0, 0.0, 0.0]
B: [0.0, 64.0, 72.20259129788, 81.82668273552001, 84.69783929691, 109.43181018721, 147.94476048971, 159.22911824721, 172.53473225031001, 173.013611149407, 177.06767799641702, 402.0, 437.3907399471, 460.0229274021, 466.7111715663, 470.40346096448997, 485.88641371908994, 498.04704680288995]
