Avion: 2      Iteracion: 26

Num Ruta: 27
Ingresos: 39600.0
Costos: 182.888784738
Utilidad Ruta: 39417.1112153
Costo Reducido: 63.1360028716
Nodos: [102, 10, 50, 38, 21, 78, 61, 27, 67, 812]
q: [0.0, 12.0, -12.0, 2.0, 13.0, -2.0, -13.0, 6.0, -6.0, 0.0]
Q: [0.0, 12.0, 0.0, 2.0, 15.0, 13.0, 0.0, 6.0, 0.0, 0.0]
B: [0.0, 96.0, 125.5195107344, 480.0, 486.82291294097, 525.3346514111701, 532.4045799822401, 545.5820281798401, 562.6128905479401, 576.0292968104401]
