Avion: 6      Iteracion: 37

Num Ruta: 37
Ingresos: 57600.0
Costos: 186.060837326
Utilidad Ruta: 57413.9391627
Costo Reducido: 9.50192052742
Nodos: [106, 24, 64, 36, 76, 15, 55, 38, 78, 816]
q: [0, 14.0, -14.0, 15.0, -15.0, 11.0, -11.0, 8.0, -8.0, 0]
Q: [0, 14.0, 0.0, 15.0, 0.0, 11.0, 0.0, 8.0, 0.0, 0]
B: [0.0, 61.0, 99.5129503025, 251.0, 257.94814406874, 511.0, 527.4211666151, 531.5084323270399, 564.3773189677399, 594.3891365068399]
