Avion: 4      Iteracion: 31

Num Ruta: 32
Ingresos: 96000.0
Costos: 267.920441342
Utilidad Ruta: 95732.0795587
Costo Reducido: 64.4282309796
Nodos: [104, 17, 30, 57, 16, 70, 56, 10, 50, 35, 26, 75, 66, 22, 62, 32, 8, 48, 13, 72, 53, 814]
q: [0.0, 5.0, 10.0, -5.0, 5.0, -10.0, -5.0, 12.0, -12.0, 6.0, 9.0, -6.0, -9.0, 10.0, -10.0, 6.0, 8.0, -8.0, 9.0, -6.0, -9.0, 0.0]
Q: [0.0, 5.0, 15.0, 10.0, 15.0, 5.0, 0.0, 12.0, 0.0, 6.0, 15.0, 9.0, 0.0, 10.0, 0.0, 6.0, 14.0, 6.0, 15.0, 9.0, 0.0, 0.0]
B: [0.0, 24.0, 64.0, 67.14445448369, 72.47609381883, 83.29276558052999, 86.16392214191998, 101.99319935221999, 131.51271008662, 279.0, 300.0, 309.29300538039, 319.11482114938, 332.74900179948, 354.50368793838004, 422.0, 433.4468981388, 454.2152947548, 456.42597089571, 470.26815067351004, 474.33910105395006, 495.8161809765501]
