Avion: 4      Iteracion: 23

Num Ruta: 26
Ingresos: 40800.0
Costos: 137.262939369
Utilidad Ruta: 40662.7370606
Costo Reducido: 50.4210161978
Nodos: [104, 17, 57, 24, 64, 36, 76, 814]
q: [0, 5.0, -5.0, 14.0, -14.0, 15.0, -15.0, 0]
Q: [0, 5.0, 0.0, 14.0, 0.0, 15.0, 0.0, 0]
B: [0.0, 24.0, 58.8425537813, 75.400837086, 113.9137873885, 251.0, 257.94814406874, 270.60759812494]
