Avion: 1      Iteracion: 24

Num Ruta: 26
Ingresos: 25200.0
Costos: 139.147394636
Utilidad Ruta: 25060.8526054
Costo Reducido: 26.3060998288
Nodos: [101, 34, 74, 29, 69, 811]
q: [0, 12.0, -12.0, 9.0, -9.0, 0]
Q: [0, 12.0, 0.0, 9.0, 0.0, 0]
B: [0.0, 283.0, 323.947598037, 549.0, 582.7797797802, 598.7979546138]
