Avion: 3      Iteracion: 4

Num Ruta: 8
Ingresos: 157200.0
Costos: 554.405183442
Utilidad Ruta: 156645.594817
Costo Reducido: 146556.011735
Nodos: [103, 9, 49, 12, 52, 14, 54, 11, 51, 3, 43, 22, 18, 58, 62, 19, 8, 48, 59, 13, 53, 21, 38, 78, 61, 4, 7, 44, 47, 813]
q: [0.0, 11.0, -11.0, 14.0, -14.0, 8.0, -8.0, 8.0, -8.0, 15.0, -15.0, 4.0, 11.0, -11.0, -4.0, 7.0, 8.0, -8.0, -7.0, 15.0, -15.0, 13.0, 2.0, -2.0, -13.0, 5.0, 10.0, -5.0, -10.0, 0.0]
Q: [0.0, 11.0, 0.0, 14.0, 0.0, 8.0, 0.0, 8.0, 0.0, 15.0, 0.0, 4.0, 15.0, 4.0, 0.0, 7.0, 15.0, 7.0, 0.0, 15.0, 0.0, 13.0, 15.0, 13.0, 0.0, 5.0, 15.0, 10.0, 0.0, 0.0]
B: [0.0, 28.0, 57.5272370025, 68.3142737596, 111.6621980236, 148.1814318053, 160.2031435803, 189.6515726895, 193.70563953651, 256.0, 261.08428175852, 299.0, 308.68569016643, 332.50392641512997, 369.40473471252994, 402.0, 425.1608815463, 445.9292781623, 448.85739735386, 453.08501666028, 469.96816761028003, 485.47956400128004, 492.30247694225005, 525.1713635829501, 532.2412921540201, 561.4110895650201, 571.7744628575201, 601.4721293652201, 602.6325034428301, 629.04201994733]
