Avion: 2      Iteracion: 52

Num Ruta: 49
Ingresos: 106800.0
Costos: 382.988511731
Utilidad Ruta: 106417.011488
Costo Reducido: 22.0359426062
Nodos: [102, 24, 70, 30, 64, 1, 41, 23, 18, 63, 58, 28, 68, 25, 21, 65, 20, 61, 60, 2, 42, 812]
q: [0.0, 14.0, -11.0, 11.0, -14.0, 7.0, -7.0, 10.0, 5.0, -10.0, -5.0, 8.0, -8.0, 10.0, 5.0, -10.0, 10.0, -5.0, -10.0, 9.0, -9.0, 0.0]
Q: [0.0, 14.0, 3.0, 14.0, 0.0, 7.0, 0.0, 10.0, 15.0, 5.0, 0.0, 8.0, 0.0, 10.0, 15.0, 5.0, 15.0, 10.0, 0.0, 9.0, 0.0, 0.0]
B: [0.0, 61.0, 85.7339708903, 104.4479935471, 124.716114945, 175.0, 209.2400855285, 267.0, 293.0, 318.4393114097, 328.36484298237, 378.0, 414.0266187839, 417.35999740026, 477.0, 485.168713485, 496.0, 532.4252917215, 553.0247123444, 560.35500960986, 601.08997165726, 619.39510907826]
