Avion: 7      Iteracion: 30

Num Ruta: 32
Ingresos: 34800.0
Costos: 92.7995497962
Utilidad Ruta: 34707.2004502
Costo Reducido: 4.40405728421
Nodos: [107, 31, 71, 11, 51, 19, 8, 48, 59, 817]
q: [0, 6.0, -6.0, 8.0, -8.0, 7.0, 8.0, -8.0, -7.0, 0]
Q: [0, 6.0, 0.0, 8.0, 0.0, 7.0, 15.0, 7.0, 0.0, 0]
B: [0.0, 130.0, 143.3056140031, 169.0, 173.05406684701, 402.0, 425.1608815463, 445.9292781623, 448.85739735386, 461.01803043766]
