Avion: 5      Iteracion: 22

Num Ruta: 25
Ingresos: 10800.0
Costos: 67.6975276051
Utilidad Ruta: 10732.3024724
Costo Reducido: 13.9667994261
Nodos: [105, 2, 42, 815]
q: [0, 9.0, -9.0, 0]
Q: [0, 9.0, 0.0, 0]
B: [0.0, 522.0, 562.7349620474, 577.4351390531]
