Avion: 6      Iteracion: 30

Num Ruta: 30
Ingresos: 15600.0
Costos: 45.1095952634
Utilidad Ruta: 15554.8904047
Costo Reducido: 0.417486443803
Nodos: [106, 26, 66, 816]
q: [0, 13.0, -13.0, 0]
Q: [0, 13.0, 0.0, 0]
B: [0.0, 300.0, 317.5792279694, 336.6908257571]
