Avion: 3      Iteracion: 34

Num Ruta: 36
Ingresos: 100800.0
Costos: 249.76490901
Utilidad Ruta: 100550.235091
Costo Reducido: 15.5957742666
Nodos: [103, 24, 64, 31, 71, 11, 51, 19, 8, 59, 48, 13, 53, 15, 55, 7, 4, 47, 44, 813]
q: [0, 14.0, -14.0, 6.0, -6.0, 8.0, -8.0, 7.0, 8.0, -7.0, -8.0, 15.0, -15.0, 11.0, -11.0, 10.0, 5.0, -10.0, -5.0, 0]
Q: [0, 14.0, 0.0, 6.0, 0.0, 8.0, 0.0, 7.0, 15.0, 8.0, 0.0, 15.0, 0.0, 11.0, 0.0, 10.0, 15.0, 5.0, 0.0, 0]
B: [0.0, 61.0, 99.5129503025, 130.0, 143.3056140031, 169.0, 173.05406684701, 402.0, 425.1608815463, 443.1178409771, 446.04596016866, 448.25663630956996, 465.13978725956997, 511.0, 527.4211666151, 538.3259061809999, 548.6892794734999, 567.9616404602, 569.12201453781, 596.6742879467099]
