Avion: 3      Iteracion: 50

Num Ruta: 49
Ingresos: 36000.0
Costos: 86.509333839
Utilidad Ruta: 35913.4906662
Costo Reducido: 12.4349247615
Nodos: [103, 40, 80, 37, 77, 813]
q: [0, 15.0, -15.0, 15.0, -15.0, 0]
Q: [0, 15.0, 0.0, 15.0, 0.0, 0]
B: [0.0, 62.0, 94.5694417821, 562.0, 582.7946534714999, 603.7964489185999]
