Avion: 5      Iteracion: 42

Num Ruta: 41
Ingresos: 69600.0
Costos: 271.400528006
Utilidad Ruta: 69328.599472
Costo Reducido: 24.7399193311
Nodos: [105, 31, 71, 11, 51, 34, 74, 39, 79, 38, 20, 78, 60, 2, 42, 815]
q: [0.0, 6.0, -6.0, 8.0, -8.0, 12.0, -12.0, 8.0, -8.0, 5.0, 10.0, -5.0, -10.0, 9.0, -9.0, 0.0]
Q: [0.0, 6.0, 0.0, 8.0, 0.0, 12.0, 0.0, 8.0, 0.0, 5.0, 15.0, 10.0, 0.0, 9.0, 0.0, 0.0]
B: [0.0, 130.0, 143.3056140031, 169.0, 173.05406684701, 283.0, 323.947598037, 388.0, 410.632187455, 480.0, 496.0, 530.6263354833, 558.0033432088, 565.3336404742599, 606.06860252166, 620.7687795273599]
