Avion: 6      Iteracion: 23

Num Ruta: 24
Ingresos: 129600.0
Costos: 439.151678776
Utilidad Ruta: 129160.848321
Costo Reducido: 142.180358513
Nodos: [106, 24, 64, 1, 41, 3, 43, 36, 76, 34, 74, 39, 79, 6, 46, 8, 48, 20, 7, 47, 60, 2, 42, 816]
q: [0.0, 14.0, -14.0, 7.0, -7.0, 15.0, -15.0, 15.0, -15.0, 12.0, -12.0, 8.0, -8.0, 5.0, -5.0, 8.0, -8.0, 10.0, 5.0, -5.0, -10.0, 9.0, -9.0, 0.0]
Q: [0.0, 14.0, 0.0, 7.0, 0.0, 15.0, 0.0, 15.0, 0.0, 12.0, 0.0, 8.0, 0.0, 5.0, 0.0, 8.0, 0.0, 10.0, 15.0, 10.0, 0.0, 9.0, 0.0, 0.0]
B: [0.0, 61.0, 99.5129503025, 175.0, 209.2400855285, 256.0, 261.08428175852, 296.00374706082, 302.95189112956, 316.67163912286003, 357.61923715986, 388.0, 410.632187455, 436.0, 439.69228939819, 470.96534786709, 491.73374448309, 512.08438172129, 520.82733614185, 549.3686479547499, 562.3323325004499, 569.6626297659099, 610.3975918133099, 620.1176920699899]
