Avion: 1      Iteracion: 0

Num Ruta: 3
Ingresos: 194400.0
Costos: 627.6005786
Utilidad Ruta: 193772.399421
Costo Reducido: -
Nodos: [101, 16, 56, 40, 80, 10, 50, 1, 11, 51, 41, 3, 43, 36, 76, 34, 18, 58, 74, 39, 79, 13, 53, 21, 38, 61, 78, 15, 55, 37, 77, 811]
q: [0.0, 11.0, -11.0, 15.0, -15.0, 12.0, -12.0, 7.0, 8.0, -8.0, -7.0, 15.0, -15.0, 15.0, -15.0, 12.0, 3.0, -3.0, -12.0, 8.0, -8.0, 15.0, -15.0, 13.0, 2.0, -13.0, -2.0, 11.0, -11.0, 15.0, -15.0, 0.0]
Q: [0.0, 11.0, 0.0, 15.0, 0.0, 12.0, 0.0, 7.0, 15.0, 7.0, 0.0, 15.0, 0.0, 15.0, 0.0, 12.0, 15.0, 12.0, 0.0, 8.0, 0.0, 15.0, 0.0, 13.0, 15.0, 2.0, 0.0, 11.0, 0.0, 15.0, 0.0, 0.0]
B: [0.0, 36.0, 45.624091437640004, 77.27284989674001, 109.84229167884001, 127.02298575674001, 156.54249649114, 194.96183766194002, 213.64266625704002, 217.69673310405003, 252.01246244205004, 259.10901435125004, 264.19329610977, 299.11276141207003, 306.06090548081005, 319.78065347411007, 343.4961471860101, 367.31438343471007, 382.4670130745101, 391.8036648298201, 414.4358522848201, 423.0, 439.88315095, 477.0, 483.82291294097, 518.30529332577, 525.37522189684, 569.37923472524, 585.80040134034, 613.17709599104, 633.97174946254, 676.9363431880399]
