Avion: 3      Iteracion: 6

Num Ruta: 10
Ingresos: 193200.0
Costos: 593.061650259
Utilidad Ruta: 192606.93835
Costo Reducido: 229472.669382
Nodos: [103, 40, 80, 30, 70, 10, 50, 1, 41, 3, 43, 22, 62, 26, 66, 28, 68, 25, 65, 19, 59, 5, 45, 7, 47, 33, 73, 27, 67, 37, 77, 813]
q: [0, 15.0, -15.0, 11.0, -11.0, 12.0, -12.0, 7.0, -7.0, 15.0, -15.0, 10.0, -10.0, 13.0, -13.0, 8.0, -8.0, 10.0, -10.0, 7.0, -7.0, 12.0, -12.0, 10.0, -10.0, 10.0, -10.0, 6.0, -6.0, 15.0, -15.0, 0]
Q: [0, 15.0, 0.0, 11.0, 0.0, 12.0, 0.0, 7.0, 0.0, 15.0, 0.0, 10.0, 0.0, 13.0, 0.0, 8.0, 0.0, 10.0, 0.0, 7.0, 0.0, 12.0, 0.0, 10.0, 0.0, 10.0, 0.0, 6.0, 0.0, 15.0, 0.0, 0]
B: [0.0, 62.0, 94.5694417821, 113.51249206450001, 132.22651472130002, 150.91956500740002, 180.43907574180002, 218.85841691260003, 253.09850244110004, 260.19505435030004, 265.27933610882, 299.0, 320.7546861389, 357.0876895518, 374.6669175212, 385.0748345558, 421.1014533397, 424.43483195606, 441.61981426616, 458.29270594696, 484.91982223846, 492.77013548061996, 493.89182438579996, 517.0, 545.5413118129, 562.0, 585.3035112376, 592.52226459258, 609.55312696068, 616.38909258377, 637.1837460552699, 658.1855415023699]
