Avion: 7      Iteracion: 23

Num Ruta: 25
Ingresos: 98400.0
Costos: 368.857562146
Utilidad Ruta: 98031.1424379
Costo Reducido: 113.846778955
Nodos: [107, 24, 64, 1, 41, 3, 43, 8, 6, 46, 48, 38, 21, 78, 61, 2, 42, 29, 69, 817]
q: [0.0, 14.0, -14.0, 7.0, -7.0, 15.0, -15.0, 8.0, 5.0, -5.0, -8.0, 8.0, 7.0, -8.0, -7.0, 9.0, -9.0, 9.0, -9.0, 0.0]
Q: [0.0, 14.0, 0.0, 7.0, 0.0, 15.0, 0.0, 8.0, 13.0, 8.0, 0.0, 8.0, 15.0, 7.0, 0.0, 9.0, 0.0, 9.0, 0.0, 0.0]
B: [0.0, 61.0, 99.5129503025, 175.0, 209.2400855285, 256.0, 261.08428175852, 414.0, 441.9144979715, 445.60678736969, 458.47278985688996, 480.0, 486.82291294097, 525.3346514111701, 532.4045799822401, 556.2555937133401, 596.9905557607401, 606.7952962978501, 640.5750760780501, 662.1486110225501]
