Avion: 3      Iteracion: 13

Num Ruta: 17
Ingresos: 70800.0
Costos: 254.590752456
Utilidad Ruta: 70545.4092475
Costo Reducido: 369.935492833
Nodos: [103, 24, 64, 31, 71, 14, 54, 35, 75, 8, 48, 6, 46, 5, 45, 813]
q: [0, 14.0, -14.0, 6.0, -6.0, 8.0, -8.0, 6.0, -6.0, 8.0, -8.0, 5.0, -5.0, 12.0, -12.0, 0]
Q: [0, 14.0, 0.0, 6.0, 0.0, 8.0, 0.0, 6.0, 0.0, 8.0, 0.0, 5.0, 0.0, 12.0, 0.0, 0]
B: [0.0, 61.0, 99.5129503025, 130.0, 143.3056140031, 160.3516205736, 172.3733323486, 279.0, 298.9128833924, 414.0, 434.768396616, 443.95906824543, 447.65135764362, 469.0, 470.12168890518, 489.51114356488]
