Avion: 5      Iteracion: 28

Num Ruta: 31
Ingresos: 66000.0
Costos: 279.555332171
Utilidad Ruta: 65720.4446678
Costo Reducido: 32.7849304721
Nodos: [105, 17, 57, 18, 58, 22, 62, 8, 48, 38, 21, 78, 61, 27, 67, 815]
q: [0.0, 5.0, -5.0, 11.0, -11.0, 10.0, -10.0, 8.0, -8.0, 8.0, 7.0, -8.0, -7.0, 6.0, -6.0, 0.0]
Q: [0.0, 5.0, 0.0, 11.0, 0.0, 10.0, 0.0, 8.0, 0.0, 8.0, 15.0, 7.0, 0.0, 6.0, 0.0, 0.0]
B: [0.0, 24.8000597782, 59.6426135595, 293.0, 316.8182362487, 332.3010836612, 354.0557698001, 414.0, 434.768396616, 480.0, 486.82291294097, 525.3346514111701, 532.4045799822401, 545.5820281798401, 562.6128905479401, 578.8082534954401]
