Avion: 7      Iteracion: 39

Num Ruta: 38
Ingresos: 79200.0
Costos: 214.318650436
Utilidad Ruta: 78985.6813496
Costo Reducido: 2.71482811429
Nodos: [107, 24, 64, 10, 50, 35, 26, 75, 66, 39, 79, 6, 46, 5, 45, 817]
q: [0.0, 14.0, -14.0, 12.0, -12.0, 6.0, 9.0, -6.0, -9.0, 8.0, -8.0, 5.0, -5.0, 12.0, -12.0, 0.0]
Q: [0.0, 14.0, 0.0, 12.0, 0.0, 6.0, 15.0, 9.0, 0.0, 8.0, 0.0, 5.0, 0.0, 12.0, 0.0, 0.0]
B: [0.0, 61.0, 99.5129503025, 111.2988809828, 140.8183917172, 279.0, 300.0, 309.29300538039, 319.11482114938, 388.0, 410.632187455, 436.0, 439.69228939819, 469.0, 470.12168890518, 474.86120417575]
