Avion: 3      Iteracion: 62

Num Ruta: 53
Ingresos: 81600.0
Costos: 208.209927693
Utilidad Ruta: 81391.7900723
Costo Reducido: 3.90331273305
Nodos: [103, 24, 64, 11, 51, 25, 65, 15, 55, 7, 47, 37, 77, 813]
q: [0, 14.0, -14.0, 8.0, -8.0, 10.0, -10.0, 11.0, -11.0, 10.0, -10.0, 15.0, -15.0, 0]
Q: [0, 14.0, 0.0, 8.0, 0.0, 10.0, 0.0, 11.0, 0.0, 10.0, 0.0, 15.0, 0.0, 0]
B: [0.0, 61.0, 99.5129503025, 169.0, 173.05406684701, 410.0, 427.1849823101, 511.0, 527.4211666151, 538.3259061809999, 566.8672179938999, 574.0400295068299, 594.83468297833, 615.83647842543]
