Avion: 4      Iteracion: 10

Num Ruta: 13
Ingresos: 116400.0
Costos: 417.175689327
Utilidad Ruta: 115982.824311
Costo Reducido: 46561.642297
Nodos: [104, 16, 56, 24, 64, 10, 50, 36, 76, 34, 74, 13, 53, 25, 65, 38, 78, 814]
q: [0, 11.0, -11.0, 14.0, -14.0, 12.0, -12.0, 15.0, -15.0, 12.0, -12.0, 15.0, -15.0, 10.0, -10.0, 8.0, -8.0, 0]
Q: [0, 11.0, 0.0, 14.0, 0.0, 12.0, 0.0, 15.0, 0.0, 12.0, 0.0, 15.0, 0.0, 10.0, 0.0, 8.0, 0.0, 0]
B: [0.0, 36.0, 45.624091437640004, 70.85029051714, 109.36324081964, 121.14917149994, 150.66868223434, 251.0, 257.94814406874, 283.0, 323.947598037, 423.0, 439.88315095, 463.8957169312, 481.0806992413, 485.40236200001, 518.2712486407099, 562.2723797625099]
