Avion: 1      Iteracion: 27

Num Ruta: 29
Ingresos: 78000.0
Costos: 277.720472618
Utilidad Ruta: 77722.2795274
Costo Reducido: 27.5870623143
Nodos: [101, 9, 49, 31, 71, 11, 51, 34, 74, 39, 6, 46, 79, 21, 38, 61, 78, 811]
q: [0.0, 11.0, -11.0, 6.0, -6.0, 8.0, -8.0, 12.0, -12.0, 8.0, 5.0, -5.0, -8.0, 13.0, 2.0, -13.0, -2.0, 0.0]
Q: [0.0, 11.0, 0.0, 6.0, 0.0, 8.0, 0.0, 12.0, 0.0, 8.0, 13.0, 8.0, 0.0, 13.0, 15.0, 2.0, 0.0, 0.0]
B: [0.0, 28.0, 57.5272370025, 130.0, 143.3056140031, 169.0, 173.05406684701, 283.0, 323.947598037, 388.0, 436.0, 439.69228939819, 449.87740525418997, 477.0, 483.82291294097, 518.30529332577, 525.37522189684, 539.66464543314]
