Avion: 4      Iteracion: 50

Num Ruta: 40
Ingresos: 40800.0
Costos: 155.234140235
Utilidad Ruta: 40644.7658598
Costo Reducido: 4.77360734751
Nodos: [104, 17, 30, 57, 16, 56, 70, 24, 64, 814]
q: [0.0, 5.0, 10.0, -5.0, 5.0, -5.0, -10.0, 14.0, -14.0, 0.0]
Q: [0.0, 5.0, 15.0, 10.0, 15.0, 10.0, 0.0, 14.0, 0.0, 0.0]
B: [0.0, 24.0, 64.0, 67.14445448369, 72.47609381883, 82.10018525647, 84.97134181786, 109.70531270816, 148.21826301066, 173.48415189266]
