Avion: 2      Iteracion: 7

Num Ruta: 9
Ingresos: 132000.0
Costos: 433.408403211
Utilidad Ruta: 131566.591597
Costo Reducido: 347963.11404
Nodos: [102, 17, 56, 16, 57, 36, 76, 3, 43, 23, 18, 63, 58, 28, 19, 59, 68, 15, 7, 55, 20, 47, 60, 37, 77, 812]
q: [0.0, 5.0, -5.0, 5.0, -5.0, 15.0, -15.0, 15.0, -15.0, 10.0, 5.0, -10.0, -5.0, 8.0, 7.0, -7.0, -8.0, 11.0, 4.0, -11.0, 10.0, -4.0, -10.0, 15.0, -15.0, 0.0]
Q: [0.0, 5.0, 0.0, 5.0, 0.0, 15.0, 0.0, 15.0, 0.0, 10.0, 15.0, 5.0, 0.0, 8.0, 15.0, 8.0, 0.0, 11.0, 15.0, 4.0, 14.0, 10.0, 0.0, 15.0, 0.0, 0.0]
B: [0.0, 25.145167826, 57.8629958713, 67.48708730894, 72.81872664408, 251.0, 257.94814406874, 294.92818141324, 300.01246317176, 303.37495049515996, 323.55390064126, 348.99321205096, 358.91874362363, 378.0, 414.065010994, 440.69212728549996, 473.52220442519996, 511.0, 524.7672641436, 535.6720037094999, 541.8058557618399, 571.0518631474399, 584.0155476931399, 595.5930656482399, 616.3877191197398, 635.0869539704398]
