Avion: 4      Iteracion: 14

Num Ruta: 17
Ingresos: 69600.0
Costos: 319.439828115
Utilidad Ruta: 69280.5601719
Costo Reducido: 249.246676434
Nodos: [104, 17, 57, 14, 54, 23, 63, 26, 66, 8, 48, 32, 38, 72, 78, 814]
q: [0, 5.0, -5.0, 8.0, -8.0, 10.0, -10.0, 13.0, -13.0, 8.0, -8.0, 6.0, 8.0, -6.0, -8.0, 0]
Q: [0, 5.0, 0.0, 8.0, 0.0, 10.0, 0.0, 13.0, 0.0, 8.0, 0.0, 6.0, 14.0, 8.0, 0.0, 0]
B: [0.0, 24.0, 58.8425537813, 112.0, 124.021711775, 267.0, 306.733842905, 326.4202156791, 343.9994436485, 414.0, 434.768396616, 457.14813131060004, 480.0, 495.0304472322, 517.0265259964, 561.0276571182]
