Avion: 2      Iteracion: 22

Num Ruta: 23
Ingresos: 112800.0
Costos: 287.306685948
Utilidad Ruta: 112512.693314
Costo Reducido: 98.3630162526
Nodos: [102, 31, 11, 51, 71, 36, 76, 22, 62, 18, 58, 39, 79, 25, 65, 15, 55, 7, 4, 44, 47, 812]
q: [0, 6.0, 8.0, -8.0, -6.0, 15.0, -15.0, 10.0, -10.0, 11.0, -11.0, 8.0, -8.0, 10.0, -10.0, 11.0, -11.0, 10.0, 5.0, -5.0, -10.0, 0]
Q: [0, 6.0, 14.0, 6.0, 0.0, 15.0, 0.0, 10.0, 0.0, 11.0, 0.0, 8.0, 0.0, 10.0, 0.0, 11.0, 0.0, 10.0, 15.0, 10.0, 0.0, 0]
B: [0.0, 130.0, 169.0, 173.05406684701, 176.74844541451, 251.0, 257.94814406874, 299.0, 320.7546861389, 334.15512273630003, 357.973358985, 388.0, 410.632187455, 445.9916957236, 463.1766780337, 511.0, 527.4211666151, 538.3259061809999, 548.6892794734999, 569.1150291536999, 570.2754032313098, 587.6842575876099]
