Avion: 4      Iteracion: 6

Num Ruta: 10
Ingresos: 157200.0
Costos: 645.407556657
Utilidad Ruta: 156554.592443
Costo Reducido: 220282.659319
Nodos: [104, 17, 57, 40, 80, 10, 50, 1, 41, 35, 75, 22, 18, 62, 58, 28, 68, 25, 65, 19, 59, 20, 5, 45, 60, 33, 73, 27, 67, 37, 77, 814]
q: [0.0, 5.0, -5.0, 15.0, -15.0, 12.0, -12.0, 7.0, -7.0, 6.0, -6.0, 10.0, 5.0, -10.0, -5.0, 8.0, -8.0, 10.0, -10.0, 7.0, -7.0, 10.0, 5.0, -5.0, -10.0, 10.0, -10.0, 6.0, -6.0, 15.0, -15.0, 0.0]
Q: [0.0, 5.0, 0.0, 15.0, 0.0, 12.0, 0.0, 7.0, 0.0, 6.0, 0.0, 10.0, 15.0, 5.0, 0.0, 8.0, 0.0, 10.0, 0.0, 7.0, 0.0, 10.0, 15.0, 10.0, 0.0, 10.0, 0.0, 6.0, 0.0, 15.0, 0.0, 0.0]
B: [0.0, 24.0, 58.8425537813, 82.5415246028, 115.1109663849, 132.2916604628, 161.8111711972, 200.230512368, 234.4705978965, 279.0, 298.9128833924, 314.02713802169995, 323.71282818812995, 337.11326478552996, 374.01407308292994, 383.14757586115996, 419.17419464505997, 422.50757326141996, 439.69255557151996, 456.36544725231994, 482.9925635438199, 501.8853342776199, 525.7976712608199, 526.9193601659999, 546.0589954028999, 562.0, 585.3035112376, 592.52226459258, 609.55312696068, 616.38909258377, 637.1837460552699, 671.26490543987]
