Avion: 7      Iteracion: 12

Num Ruta: 15
Ingresos: 84000.0
Costos: 340.479013061
Utilidad Ruta: 83659.5209869
Costo Reducido: 888.793061182
Nodos: [107, 12, 52, 25, 65, 19, 32, 59, 13, 72, 53, 20, 38, 78, 60, 2, 42, 817]
q: [0.0, 14.0, -14.0, 10.0, -10.0, 7.0, 6.0, -7.0, 9.0, -6.0, -9.0, 7.0, 8.0, -8.0, -7.0, 9.0, -9.0, 0.0]
Q: [0.0, 14.0, 0.0, 10.0, 0.0, 7.0, 13.0, 6.0, 15.0, 9.0, 0.0, 7.0, 15.0, 7.0, 0.0, 9.0, 0.0, 0.0]
B: [0.0, 54.0, 97.347924264, 410.0, 427.1849823101, 443.8578739909, 455.57278862989995, 475.14525932219993, 479.37287862861996, 493.21505840642, 497.28600878686, 511.21659402226, 513.29766345887, 546.16655009957, 573.54355782507, 580.87385509053, 621.60881713793, 648.74313970183]
