Avion: 1      Iteracion: 10

Num Ruta: 13
Ingresos: 142800.0
Costos: 488.397356258
Utilidad Ruta: 142311.602644
Costo Reducido: 116806.69223
Nodos: [101, 16, 56, 9, 49, 14, 54, 31, 71, 36, 76, 34, 18, 58, 74, 39, 79, 19, 25, 65, 59, 20, 7, 47, 33, 60, 2, 42, 73, 811]
q: [0.0, 11.0, -11.0, 11.0, -11.0, 8.0, -8.0, 6.0, -6.0, 15.0, -15.0, 12.0, 3.0, -3.0, -12.0, 8.0, -8.0, 5.0, 10.0, -10.0, -5.0, 5.0, 10.0, -10.0, 10.0, -5.0, 5.0, -5.0, -10.0, 0.0]
Q: [0.0, 11.0, 0.0, 11.0, 0.0, 8.0, 0.0, 6.0, 0.0, 15.0, 0.0, 12.0, 15.0, 12.0, 0.0, 8.0, 0.0, 5.0, 15.0, 5.0, 0.0, 5.0, 15.0, 5.0, 15.0, 10.0, 15.0, 10.0, 0.0, 0.0]
B: [0.0, 36.0, 45.624091437640004, 75.68094759394, 105.20818459644, 115.46499131194001, 127.48670308694001, 154.69877029984002, 168.00438430294003, 251.0, 257.94814406874, 283.0, 306.7154937119, 330.5337299606, 345.6863596004, 388.0, 410.632187455, 442.163332772, 451.55534001219996, 468.74032232229996, 485.52717875819997, 504.41994949199994, 517.0, 545.5413118129, 562.0, 572.8217993421, 580.15209660756, 620.88705865496, 639.40584268636, 645.32481894919]
