Avion: 5      Iteracion: 9

Num Ruta: 12
Ingresos: 76800.0
Costos: 428.510539942
Utilidad Ruta: 76371.4894601
Costo Reducido: 70144.399538
Nodos: [105, 16, 56, 12, 52, 14, 54, 1, 41, 35, 75, 39, 79, 20, 60, 815]
q: [0, 11.0, -11.0, 14.0, -14.0, 8.0, -8.0, 7.0, -7.0, 6.0, -6.0, 8.0, -8.0, 10.0, -10.0, 0]
Q: [0, 11.0, 0.0, 14.0, 0.0, 8.0, 0.0, 7.0, 0.0, 6.0, 0.0, 8.0, 0.0, 10.0, 0.0, 0]
B: [0.0, 36.0, 45.624091437640004, 79.57799432084, 122.92591858484, 159.44515236654001, 171.46686414154001, 207.14859335974, 241.38867888824, 279.0, 298.9128833924, 388.0, 410.632187455, 496.0, 538.1771424471, 570.5301628471]
