Avion: 6      Iteracion: 55

Num Ruta: 52
Ingresos: 97200.0
Costos: 303.733992912
Utilidad Ruta: 96896.2660071
Costo Reducido: 5.89679251533
Nodos: [106, 9, 49, 11, 51, 36, 76, 34, 74, 15, 55, 7, 4, 44, 47, 2, 42, 816]
q: [0, 11.0, -11.0, 8.0, -8.0, 15.0, -15.0, 12.0, -12.0, 11.0, -11.0, 10.0, 5.0, -5.0, -10.0, 9.0, -9.0, 0]
Q: [0, 11.0, 0.0, 8.0, 0.0, 15.0, 0.0, 12.0, 0.0, 11.0, 0.0, 10.0, 15.0, 10.0, 0.0, 9.0, 0.0, 0]
B: [0.0, 35.5829922575, 65.11022926000001, 169.0, 173.05406684701, 251.0, 257.94814406874, 283.0, 323.947598037, 511.0, 527.4211666151, 538.3259061809999, 548.6892794734999, 569.1150291536999, 570.2754032313098, 580.4055716899098, 621.1405337373099, 630.8606339939898]
