Avion: 4      Iteracion: 19

Num Ruta: 22
Ingresos: 90000.0
Costos: 292.54513337
Utilidad Ruta: 89707.4548666
Costo Reducido: 214.187667345
Nodos: [104, 17, 57, 12, 52, 31, 71, 36, 76, 34, 74, 39, 28, 79, 13, 53, 68, 814]
q: [0.0, 5.0, -5.0, 14.0, -14.0, 6.0, -6.0, 15.0, -15.0, 12.0, -12.0, 8.0, 7.0, -8.0, 8.0, -8.0, -7.0, 0.0]
Q: [0.0, 5.0, 0.0, 14.0, 0.0, 6.0, 0.0, 15.0, 0.0, 12.0, 0.0, 8.0, 15.0, 7.0, 15.0, 7.0, 0.0, 0.0]
B: [0.0, 24.0, 58.8425537813, 78.5512475229, 121.8991717869, 142.8165051734, 156.1221191765, 251.0, 257.94814406874, 283.0, 323.947598037, 388.0, 399.3210123222, 412.3114993416, 423.0, 439.88315095, 462.92158097460003, 469.18005682739005]
