Avion: 5      Iteracion: 41

Num Ruta: 40
Ingresos: 90000.0
Costos: 360.357857831
Utilidad Ruta: 89639.6421422
Costo Reducido: 26.0077988606
Nodos: [105, 17, 57, 9, 49, 34, 74, 39, 79, 13, 53, 38, 20, 78, 60, 2, 42, 815]
q: [0.0, 5.0, -5.0, 11.0, -11.0, 12.0, -12.0, 8.0, -8.0, 15.0, -15.0, 8.0, 7.0, -8.0, -7.0, 9.0, -9.0, 0.0]
Q: [0.0, 5.0, 0.0, 11.0, 0.0, 12.0, 0.0, 8.0, 0.0, 15.0, 0.0, 8.0, 15.0, 7.0, 0.0, 9.0, 0.0, 0.0]
B: [0.0, 24.8000597782, 59.6426135595, 82.5291699628, 112.0564069653, 283.0, 323.947598037, 388.0, 410.632187455, 423.0, 439.88315095, 480.0, 496.0, 530.6263354833, 558.0033432088, 565.3336404742599, 606.06860252166, 620.7687795273599]
