Avion: 7      Iteracion: 41

Num Ruta: 40
Ingresos: 151200.0
Costos: 475.217829189
Utilidad Ruta: 150724.782171
Costo Reducido: 31.2084494161
Nodos: [107, 9, 49, 12, 52, 10, 50, 35, 26, 75, 66, 22, 62, 8, 32, 19, 59, 48, 13, 72, 53, 21, 38, 78, 61, 33, 73, 29, 69, 817]
q: [0.0, 11.0, -11.0, 14.0, -14.0, 12.0, -12.0, 6.0, 9.0, -6.0, -9.0, 10.0, -10.0, 8.0, 0.0, 7.0, -7.0, -8.0, 15.0, 0.0, -15.0, 7.0, 8.0, -8.0, -7.0, 10.0, -10.0, 9.0, -9.0, 0.0]
Q: [0.0, 11.0, 0.0, 14.0, 0.0, 12.0, 0.0, 6.0, 15.0, 9.0, 0.0, 10.0, 0.0, 8.0, 8.0, 15.0, 8.0, 0.0, 15.0, 15.0, 0.0, 7.0, 15.0, 7.0, 0.0, 10.0, 0.0, 9.0, 0.0, 0.0]
B: [0.0, 28.0348110926, 57.562048095099996, 68.3490848522, 111.6970091162, 120.41477947335, 149.93429020775, 279.0, 300.0, 309.29300538039, 319.11482114938, 332.74900179948, 354.50368793838004, 414.0, 425.4468981388, 437.16181277780004, 463.7889290693, 466.71704826086, 468.92772440177, 482.76990417957, 486.84085456001003, 502.35225095101003, 509.17516389198005, 542.0440505326801, 549.1139791037501, 562.0, 585.3035112376, 603.6868304428, 637.466610223, 659.0401451675]
