Avion: 5      Iteracion: 46

Num Ruta: 44
Ingresos: 124800.0
Costos: 346.713016411
Utilidad Ruta: 124453.286984
Costo Reducido: 15.784278673
Nodos: [105, 16, 56, 9, 49, 11, 51, 34, 76, 36, 74, 39, 79, 6, 46, 5, 45, 7, 20, 47, 60, 33, 73, 815]
q: [0.0, 11.0, -11.0, 11.0, -11.0, 8.0, -8.0, 12.0, -12.0, 12.0, -12.0, 8.0, -8.0, 5.0, -5.0, 12.0, -12.0, 5.0, 10.0, -5.0, -10.0, 10.0, -10.0, 0.0]
Q: [0.0, 11.0, 0.0, 11.0, 0.0, 8.0, 0.0, 12.0, 0.0, 12.0, 0.0, 8.0, 0.0, 5.0, 0.0, 12.0, 0.0, 5.0, 15.0, 10.0, 0.0, 10.0, 0.0, 0.0]
B: [0.0, 36.0, 45.624091437640004, 75.68094759394, 105.20818459644, 169.0, 173.05406684701, 283.0, 296.7197479933, 303.66789206204004, 333.21404341884005, 388.0, 410.632187455, 436.0, 439.69228939819, 469.0, 470.12168890518, 517.0, 525.74295442056, 554.98896180616, 567.9526463518599, 578.7744456939599, 602.0779569315599, 619.8000586692599]
