Avion: 6      Iteracion: 60

Num Ruta: 56
Ingresos: 124800.0
Costos: 317.140764689
Utilidad Ruta: 124482.859235
Costo Reducido: 14.6359848515
Nodos: [106, 16, 56, 9, 49, 14, 54, 3, 43, 23, 18, 63, 58, 39, 28, 79, 13, 53, 68, 25, 65, 15, 55, 816]
q: [0.0, 11.0, -11.0, 11.0, -11.0, 8.0, -8.0, 15.0, -15.0, 10.0, 5.0, -10.0, -5.0, 8.0, 7.0, -8.0, 8.0, -8.0, -7.0, 10.0, -10.0, 11.0, -11.0, 0.0]
Q: [0.0, 11.0, 0.0, 11.0, 0.0, 8.0, 0.0, 15.0, 0.0, 10.0, 15.0, 5.0, 0.0, 8.0, 15.0, 7.0, 15.0, 7.0, 0.0, 10.0, 0.0, 11.0, 0.0, 0.0]
B: [0.0, 36.0, 45.624091437640004, 75.68094759394, 105.20818459644, 115.46499131194001, 127.48670308694001, 256.0, 261.08428175852, 267.0, 293.0, 318.4393114097, 328.36484298237, 388.0, 399.3210123222, 412.3114993416, 423.0, 439.88315095, 462.92158097460003, 466.25495959096, 483.43994190106, 511.0, 527.4211666151, 539.6288314205]
