Avion: 7      Iteracion: 6

Num Ruta: 9
Ingresos: 117600.0
Costos: 452.568768699
Utilidad Ruta: 117147.431231
Costo Reducido: 105941.660647
Nodos: [107, 24, 64, 31, 71, 35, 75, 26, 66, 22, 62, 25, 65, 5, 45, 38, 78, 33, 73, 29, 69, 817]
q: [0, 14.0, -14.0, 6.0, -6.0, 6.0, -6.0, 13.0, -13.0, 10.0, -10.0, 10.0, -10.0, 12.0, -12.0, 8.0, -8.0, 10.0, -10.0, 9.0, -9.0, 0]
Q: [0, 14.0, 0.0, 6.0, 0.0, 6.0, 0.0, 13.0, 0.0, 10.0, 0.0, 10.0, 0.0, 12.0, 0.0, 8.0, 0.0, 10.0, 0.0, 9.0, 0.0, 0]
B: [0.0, 61.0, 99.5129503025, 130.0, 143.3056140031, 279.0, 298.9128833924, 308.20588877279, 325.78511674219, 339.41929739229, 361.17398353119, 410.0, 427.1849823101, 469.0, 470.12168890518, 491.70338160988, 524.57226825058, 562.0, 585.3035112376, 603.6868304428, 637.466610223, 659.0401451675]
