Avion: 3      Iteracion: 42

Num Ruta: 44
Ingresos: 56400.0
Costos: 191.421767188
Utilidad Ruta: 56208.5782328
Costo Reducido: 11.1004912526
Nodos: [103, 40, 80, 11, 51, 19, 32, 59, 72, 15, 55, 813]
q: [0, 15.0, -15.0, 8.0, -8.0, 7.0, 6.0, -7.0, -6.0, 11.0, -11.0, 0]
Q: [0, 15.0, 0.0, 8.0, 0.0, 7.0, 13.0, 6.0, 0.0, 11.0, 0.0, 0]
B: [0.0, 62.0, 94.5694417821, 169.0, 173.05406684701, 402.0, 422.0, 441.5724706923, 458.69984714049997, 511.0, 527.4211666151, 539.3282037361]
