Avion: 7      Iteracion: 21

Num Ruta: 23
Ingresos: 111600.0
Costos: 380.083196756
Utilidad Ruta: 111219.916803
Costo Reducido: 236.221495051
Nodos: [107, 30, 70, 14, 54, 3, 43, 23, 18, 63, 58, 39, 19, 59, 79, 6, 46, 2, 15, 42, 55, 29, 69, 817]
q: [0.0, 11.0, -11.0, 8.0, -8.0, 15.0, -15.0, 10.0, 5.0, -10.0, -5.0, 8.0, 7.0, -7.0, -8.0, 5.0, -5.0, 9.0, 6.0, -9.0, -6.0, 9.0, -9.0, 0.0]
Q: [0.0, 11.0, 0.0, 8.0, 0.0, 15.0, 0.0, 10.0, 15.0, 5.0, 0.0, 8.0, 15.0, 8.0, 0.0, 5.0, 0.0, 9.0, 15.0, 6.0, 0.0, 9.0, 0.0, 0.0]
B: [0.0, 64.0, 82.7140226568, 112.0, 124.021711775, 256.0, 261.08428175852, 267.0, 293.0, 318.4393114097, 328.36484298237, 388.0, 423.3907399471, 450.01785623859996, 456.33305829395994, 463.02130245815994, 466.7135918563499, 522.0, 569.4160147313, 577.7418838150701, 586.4178866389501, 601.5557635046501, 635.3355432848501, 656.9090782293501]
