Avion: 4      Iteracion: 15

Num Ruta: 18
Ingresos: 44400.0
Costos: 166.155504714
Utilidad Ruta: 44233.8444953
Costo Reducido: 172.198048492
Nodos: [104, 1, 41, 18, 58, 28, 68, 15, 55, 814]
q: [0, 7.0, -7.0, 11.0, -11.0, 8.0, -8.0, 11.0, -11.0, 0]
Q: [0, 7.0, 0.0, 11.0, 0.0, 8.0, 0.0, 11.0, 0.0, 0]
B: [0.0, 175.0, 209.2400855285, 293.0, 316.8182362487, 378.0, 414.0266187839, 511.0, 527.4211666151, 542.766156286]
