Avion: 2      Iteracion: 38

Num Ruta: 37
Ingresos: 51600.0
Costos: 172.150458419
Utilidad Ruta: 51427.8495416
Costo Reducido: 35.0481250201
Nodos: [102, 36, 76, 19, 32, 59, 72, 29, 69, 27, 67, 812]
q: [0, 15.0, -15.0, 7.0, 6.0, -7.0, -6.0, 9.0, -9.0, 6.0, -6.0, 0]
Q: [0, 15.0, 0.0, 7.0, 13.0, 6.0, 0.0, 9.0, 0.0, 6.0, 0.0, 0]
B: [0.0, 251.0, 257.94814406874, 402.0, 422.0, 441.5724706923, 458.69984714049997, 549.0, 582.7797797802, 590.99620777538, 608.0270701434799, 621.4434764059799]
