Avion: 4      Iteracion: 29

Num Ruta: 30
Ingresos: 54000.0
Costos: 149.69235341
Utilidad Ruta: 53850.3076466
Costo Reducido: 41.9094223866
Nodos: [104, 30, 70, 8, 48, 13, 53, 15, 55, 814]
q: [0, 11.0, -11.0, 8.0, -8.0, 15.0, -15.0, 11.0, -11.0, 0]
Q: [0, 11.0, 0.0, 8.0, 0.0, 15.0, 0.0, 11.0, 0.0, 0]
B: [0.0, 64.0, 82.7140226568, 414.0, 434.768396616, 436.97907275691, 453.86222370691, 511.0, 527.4211666151, 542.766156286]
