Avion: 5      Iteracion: 5

Num Ruta: 8
Ingresos: 88800.0
Costos: 367.550570014
Utilidad Ruta: 88432.44943
Costo Reducido: 144351.874919
Nodos: [105, 30, 70, 40, 80, 36, 76, 18, 58, 28, 68, 32, 72, 38, 78, 815]
q: [0, 11.0, -11.0, 15.0, -15.0, 15.0, -15.0, 11.0, -11.0, 8.0, -8.0, 6.0, -6.0, 8.0, -8.0, 0]
Q: [0, 11.0, 0.0, 15.0, 0.0, 15.0, 0.0, 11.0, 0.0, 8.0, 0.0, 6.0, 0.0, 8.0, 0.0, 0]
B: [0.0, 64.0, 82.7140226568, 113.5238767298, 146.0933185119, 251.0, 257.94814406874, 293.0, 316.8182362487, 378.0, 414.0266187839, 437.4817273106, 465.3390831255, 480.3695303577, 513.2384169984, 545.0064689532]
