Avion: 3      Iteracion: 35

Num Ruta: 37
Ingresos: 18000.0
Costos: 70.7737265892
Utilidad Ruta: 17929.2262734
Costo Reducido: 13.5877026014
Nodos: [103, 40, 80, 813]
q: [0, 15.0, -15.0, 0]
Q: [0, 15.0, 0.0, 0]
B: [0.0, 62.0, 94.5694417821, 121.9162391266]
