Avion: 7      Iteracion: 0

Num Ruta: 2
Ingresos: 212400.0
Costos: 631.868386565
Utilidad Ruta: 211768.131613
Costo Reducido: -
Nodos: [107, 9, 49, 30, 16, 56, 70, 24, 64, 1, 31, 71, 11, 51, 41, 3, 43, 23, 35, 63, 75, 26, 66, 39, 79, 13, 53, 5, 45, 21, 61, 37, 77, 33, 73, 817]
q: [0.0, 11.0, -11.0, 11.0, 4.0, -4.0, -11.0, 14.0, -14.0, 7.0, 6.0, -6.0, 8.0, -8.0, -7.0, 15.0, -15.0, 9.0, 6.0, -9.0, -6.0, 13.0, -13.0, 8.0, -8.0, 15.0, -15.0, 12.0, -12.0, 13.0, -13.0, 15.0, -15.0, 10.0, -10.0, 0.0]
Q: [0.0, 11.0, 0.0, 11.0, 15.0, 11.0, 0.0, 14.0, 0.0, 7.0, 13.0, 7.0, 15.0, 7.0, 0.0, 15.0, 0.0, 9.0, 15.0, 6.0, 0.0, 13.0, 0.0, 8.0, 0.0, 15.0, 0.0, 12.0, 0.0, 13.0, 0.0, 15.0, 0.0, 10.0, 0.0, 0.0]
B: [0.0, 28.0348110926, 57.562048095099996, 73.34994843049999, 81.55253972838, 91.17663116602, 94.04778772741, 118.78175861771, 157.29470892020998, 175.0, 183.89376197118, 197.19937597428, 197.678254873377, 201.732321720387, 236.048051058387, 256.0, 261.08428175852, 267.0, 307.4405515417, 336.9605871955, 349.5791326743, 358.87213805469, 376.45136602409, 396.14928421359, 418.78147166859003, 423.0, 439.88315095, 469.0, 470.12168890518, 498.36127928818, 539.10006996738, 562.6793695328801, 583.4740230043801, 618.0577778323801, 641.3612890699801, 664.4077777612802]
