Avion: 1      Iteracion: 12

Num Ruta: 15
Ingresos: 126000.0
Costos: 540.773269917
Utilidad Ruta: 125459.22673
Costo Reducido: 1100.87900017
Nodos: [101, 17, 57, 12, 52, 11, 51, 36, 76, 18, 35, 75, 58, 25, 65, 32, 72, 6, 46, 5, 45, 2, 29, 42, 69, 811]
q: [0.0, 5.0, -5.0, 14.0, -14.0, 8.0, -8.0, 15.0, -15.0, 9.0, 6.0, -6.0, -9.0, 10.0, -10.0, 6.0, -6.0, 5.0, -5.0, 12.0, -12.0, 9.0, 6.0, -9.0, -6.0, 0.0]
Q: [0.0, 5.0, 0.0, 14.0, 0.0, 8.0, 0.0, 15.0, 0.0, 9.0, 15.0, 9.0, 0.0, 10.0, 0.0, 6.0, 0.0, 5.0, 0.0, 12.0, 0.0, 9.0, 15.0, 6.0, 0.0, 0.0]
B: [0.0, 36.0038629316, 70.8464167129, 90.5551104545, 133.9030347185, 169.0, 173.05406684701, 251.0, 257.94814406874, 293.0, 333.7947047789, 353.70758817129996, 374.42682486089996, 410.0, 427.1849823101, 445.7299117519, 473.5872675668, 493.9792393449, 497.67152874309, 516.06038895789, 517.18207786307, 531.2641283174701, 577.6585237763701, 587.4632643134801, 619.87766618978, 635.8958410233801]
