Avion: 5      Iteracion: 56

Num Ruta: 49
Ingresos: 30000.0
Costos: 48.2602687233
Utilidad Ruta: 29951.7397313
Costo Reducido: 4.52726960272
Nodos: [105, 26, 66, 5, 45, 815]
q: [0, 13.0, -13.0, 12.0, -12.0, 0]
Q: [0, 13.0, 0.0, 12.0, 0.0, 0]
B: [0.0, 300.0, 317.5792279694, 469.0, 470.12168890518, 483.34589368278]
