Avion: 7      Iteracion: 19

Num Ruta: 22
Ingresos: 68400.0
Costos: 228.623751331
Utilidad Ruta: 68171.3762487
Costo Reducido: 130.779197272
Nodos: [107, 12, 52, 31, 71, 36, 76, 34, 74, 22, 62, 817]
q: [0, 14.0, -14.0, 6.0, -6.0, 15.0, -15.0, 12.0, -12.0, 10.0, -10.0, 0]
Q: [0, 14.0, 0.0, 6.0, 0.0, 15.0, 0.0, 12.0, 0.0, 10.0, 0.0, 0]
B: [0.0, 54.0, 97.347924264, 130.0, 143.3056140031, 251.0, 257.94814406874, 283.0, 323.947598037, 353.69889745399996, 375.4535835929, 394.0993829322]
