Avion: 6      Iteracion: 33

Num Ruta: 33
Ingresos: 100800.0
Costos: 336.932771242
Utilidad Ruta: 100463.067229
Costo Reducido: 50.3159112873
Nodos: [106, 16, 56, 12, 52, 10, 50, 35, 75, 18, 58, 39, 79, 19, 32, 59, 13, 72, 53, 816]
q: [0.0, 11.0, -11.0, 14.0, -14.0, 12.0, -12.0, 6.0, -6.0, 11.0, -11.0, 8.0, -8.0, 7.0, 6.0, -7.0, 9.0, -6.0, -9.0, 0.0]
Q: [0.0, 11.0, 0.0, 14.0, 0.0, 12.0, 0.0, 6.0, 0.0, 11.0, 0.0, 8.0, 0.0, 7.0, 13.0, 6.0, 15.0, 9.0, 0.0, 0.0]
B: [0.0, 36.0, 45.624091437640004, 79.57799432084, 122.92591858484, 131.64368894199, 161.16319967639, 279.0, 298.9128833924, 321.80373678409995, 345.62197303279993, 388.0, 410.632187455, 442.163332772, 453.87824741099996, 473.45071810329995, 477.67833740972, 491.52051718752, 495.59146756796, 499.66640192326]
