Avion: 5      Iteracion: 4

Num Ruta: 7
Ingresos: 104400.0
Costos: 428.006628631
Utilidad Ruta: 103971.993371
Costo Reducido: 113083.977034
Nodos: [105, 12, 52, 22, 18, 58, 62, 8, 48, 13, 53, 21, 38, 78, 61, 15, 55, 29, 69, 815]
q: [0.0, 14.0, -14.0, 4.0, 11.0, -11.0, -4.0, 8.0, -8.0, 15.0, -15.0, 13.0, 2.0, -2.0, -13.0, 11.0, -11.0, 9.0, -9.0, 0.0]
Q: [0.0, 14.0, 0.0, 4.0, 15.0, 4.0, 0.0, 8.0, 0.0, 15.0, 0.0, 13.0, 15.0, 13.0, 0.0, 11.0, 0.0, 9.0, 0.0, 0.0]
B: [0.0, 54.0, 97.347924264, 299.0, 308.68569016643, 332.50392641512997, 369.40473471252994, 414.0, 434.768396616, 436.97907275691, 453.86222370691, 477.0, 483.82291294097, 516.69179958167, 523.76172815274, 570.1474956358401, 586.5686622509401, 601.7065391166401, 635.4863188968401, 660.4722525596401]
