Avion: 2      Iteracion: 51

Num Ruta: 48
Ingresos: 69600.0
Costos: 274.023571588
Utilidad Ruta: 69325.9764284
Costo Reducido: 2.97840709689
Nodos: [102, 12, 70, 30, 52, 10, 50, 35, 75, 38, 21, 78, 61, 812]
q: [0.0, 14.0, -11.0, 11.0, -14.0, 12.0, -12.0, 6.0, -6.0, 2.0, 13.0, -2.0, -13.0, 0.0]
Q: [0.0, 14.0, 3.0, 14.0, 0.0, 12.0, 0.0, 6.0, 0.0, 2.0, 15.0, 13.0, 0.0, 0.0]
B: [0.0, 54.0, 88.8267464602, 107.540769117, 132.9151156308, 141.63288598794998, 171.15239672234998, 279.0, 298.9128833924, 480.0, 486.82291294097, 525.3346514111701, 532.4045799822401, 562.87639694484]
