Avion: 6      Iteracion: 36

Num Ruta: 36
Ingresos: 84000.0
Costos: 230.193543995
Utilidad Ruta: 83769.806456
Costo Reducido: 27.0903993567
Nodos: [106, 35, 26, 75, 66, 13, 53, 25, 65, 20, 7, 47, 60, 2, 33, 73, 42, 816]
q: [0.0, 6.0, 9.0, -6.0, -9.0, 15.0, -15.0, 10.0, -10.0, 10.0, 5.0, -5.0, -10.0, 9.0, 6.0, -6.0, -9.0, 0.0]
Q: [0.0, 6.0, 15.0, 9.0, 0.0, 15.0, 0.0, 10.0, 0.0, 10.0, 15.0, 10.0, 0.0, 9.0, 15.0, 9.0, 0.0, 0.0]
B: [0.0, 279.0, 300.0, 309.29300538039, 319.11482114938, 423.0, 439.88315095, 463.8957169312, 481.0806992413, 496.0, 517.0, 545.5413118129, 558.5049963585999, 565.8352936240599, 579.6208945540599, 602.9244057916599, 621.4431898230598, 631.1632900797398]
