Avion: 2      Iteracion: 0

Num Ruta: 2
Ingresos: 196800.0
Costos: 579.68559611
Utilidad Ruta: 196220.314404
Costo Reducido: -
Nodos: [102, 16, 56, 40, 80, 10, 50, 1, 11, 51, 41, 3, 43, 36, 76, 34, 18, 58, 74, 39, 79, 13, 53, 5, 45, 6, 46, 15, 55, 7, 4, 44, 47, 812]
q: [0.0, 11.0, -11.0, 15.0, -15.0, 12.0, -12.0, 7.0, 8.0, -8.0, -7.0, 15.0, -15.0, 15.0, -15.0, 4.0, 11.0, -11.0, -4.0, 8.0, -8.0, 15.0, -15.0, 12.0, -12.0, 5.0, -5.0, 11.0, -11.0, 10.0, 5.0, -5.0, -10.0, 0.0]
Q: [0.0, 11.0, 0.0, 15.0, 0.0, 12.0, 0.0, 7.0, 15.0, 7.0, 0.0, 15.0, 0.0, 15.0, 0.0, 4.0, 15.0, 4.0, 0.0, 8.0, 0.0, 15.0, 0.0, 12.0, 0.0, 5.0, 0.0, 11.0, 0.0, 10.0, 15.0, 10.0, 0.0, 0.0]
B: [0.0, 36.0, 45.624091437640004, 77.27284989674001, 109.84229167884001, 127.02298575674001, 156.54249649114, 194.96183766194002, 213.64266625704002, 217.69673310405003, 252.01246244205004, 259.10901435125004, 264.19329610977, 299.11276141207003, 306.06090548081005, 319.78065347411007, 343.4961471860101, 367.31438343471007, 382.4670130745101, 391.8036648298201, 414.4358522848201, 423.0, 439.88315095, 469.0, 470.12168890518, 486.34528175638, 490.03757115457, 532.37292727687, 548.79409389197, 559.6988334578699, 570.0622067503699, 590.48795643057, 591.6483305081799, 609.05718486448]
