Avion: 5      Iteracion: 15

Num Ruta: 18
Ingresos: 61200.0
Costos: 190.489084711
Utilidad Ruta: 61009.5109153
Costo Reducido: 209.677858549
Nodos: [105, 26, 66, 28, 68, 15, 55, 7, 47, 2, 42, 815]
q: [0, 13.0, -13.0, 8.0, -8.0, 11.0, -11.0, 10.0, -10.0, 9.0, -9.0, 0]
Q: [0, 13.0, 0.0, 8.0, 0.0, 11.0, 0.0, 10.0, 0.0, 9.0, 0.0, 0]
B: [0.0, 300.0, 317.5792279694, 378.0, 414.0266187839, 511.0, 527.4211666151, 538.3259061809999, 566.8672179938999, 576.9973864524999, 617.7323484998999, 632.4325255055999]
