Avion: 2      Iteracion: 45

Num Ruta: 43
Ingresos: 91200.0
Costos: 211.79735285
Utilidad Ruta: 90988.2026471
Costo Reducido: 11.9286905549
Nodos: [102, 31, 11, 51, 71, 36, 76, 22, 62, 18, 58, 15, 55, 7, 4, 44, 47, 812]
q: [0, 6.0, 8.0, -8.0, -6.0, 15.0, -15.0, 10.0, -10.0, 11.0, -11.0, 11.0, -11.0, 10.0, 5.0, -5.0, -10.0, 0]
Q: [0, 6.0, 14.0, 6.0, 0.0, 15.0, 0.0, 10.0, 0.0, 11.0, 0.0, 11.0, 0.0, 10.0, 15.0, 10.0, 0.0, 0]
B: [0.0, 130.0, 169.0, 173.05406684701, 176.74844541451, 251.0, 257.94814406874, 299.0, 320.7546861389, 334.15512273630003, 357.973358985, 511.0, 527.4211666151, 538.3259061809999, 548.6892794734999, 569.1150291536999, 570.2754032313098, 587.6842575876099]
