Avion: 2      Iteracion: 57

Num Ruta: 54
Ingresos: 48000.0
Costos: 134.568096688
Utilidad Ruta: 47865.4319033
Costo Reducido: 9.55596119822
Nodos: [102, 31, 71, 21, 61, 27, 67, 37, 77, 812]
q: [0, 6.0, -6.0, 13.0, -13.0, 6.0, -6.0, 15.0, -15.0, 0]
Q: [0, 6.0, 0.0, 13.0, 0.0, 6.0, 0.0, 15.0, 0.0, 0]
B: [0.0, 130.0, 143.3056140031, 477.0, 517.7387906792, 538.0, 555.0308623681, 562.0, 582.7946534714999, 601.4938883222]
