Avion: 2      Iteracion: 25

Num Ruta: 26
Ingresos: 40800.0
Costos: 146.100017316
Utilidad Ruta: 40653.8999827
Costo Reducido: 23.7030955094
Nodos: [102, 31, 71, 11, 51, 1, 41, 8, 48, 6, 46, 812]
q: [0, 6.0, -6.0, 8.0, -8.0, 7.0, -7.0, 8.0, -8.0, 5.0, -5.0, 0]
Q: [0, 6.0, 0.0, 8.0, 0.0, 7.0, 0.0, 8.0, 0.0, 5.0, 0.0, 0]
B: [0.0, 130.0, 143.3056140031, 169.0, 173.05406684701, 195.72351838431, 229.96360391281002, 414.0, 434.768396616, 443.95906824543, 447.65135764362, 474.28357005642]
