Avion: 7      Iteracion: 38

Num Ruta: 37
Ingresos: 98400.0
Costos: 279.889058797
Utilidad Ruta: 98120.1109412
Costo Reducido: 15.908058796
Nodos: [107, 9, 49, 12, 52, 31, 71, 11, 51, 36, 76, 19, 8, 48, 6, 46, 5, 45, 59, 817]
q: [0.0, 11.0, -11.0, 14.0, -14.0, 6.0, -6.0, 8.0, -8.0, 15.0, -15.0, 7.0, 8.0, -8.0, 5.0, -5.0, 8.0, -8.0, -7.0, 0.0]
Q: [0.0, 11.0, 0.0, 14.0, 0.0, 6.0, 0.0, 8.0, 0.0, 15.0, 0.0, 7.0, 15.0, 7.0, 12.0, 7.0, 15.0, 7.0, 0.0, 0.0]
B: [0.0, 28.0348110926, 57.562048095099996, 68.3490848522, 111.6970091162, 132.6143425027, 145.9199565058, 169.0, 173.05406684701, 251.0, 257.94814406874, 402.0, 425.1608815463, 445.9292781623, 455.11994979173005, 458.81223918992004, 477.20109940472, 478.32278830990003, 486.67872440348003, 498.83935748728004]
