Avion: 1      Iteracion: 31

Num Ruta: 33
Ingresos: 40800.0
Costos: 147.19522719
Utilidad Ruta: 40652.8047728
Costo Reducido: 14.9861070821
Nodos: [101, 30, 70, 8, 48, 38, 21, 61, 78, 811]
q: [0.0, 11.0, -11.0, 8.0, -8.0, 2.0, 13.0, -13.0, -2.0, 0.0]
Q: [0.0, 11.0, 0.0, 8.0, 0.0, 2.0, 15.0, 2.0, 0.0, 0.0]
B: [0.0, 64.0, 82.7140226568, 414.0, 434.768396616, 480.0, 486.82291294097, 527.56170362017, 534.63163219124, 548.92105572754]
