Avion: 5      Iteracion: 32

Num Ruta: 35
Ingresos: 84000.0
Costos: 308.699082208
Utilidad Ruta: 83691.3009178
Costo Reducido: 22.4712385644
Nodos: [105, 17, 57, 9, 49, 25, 65, 19, 59, 5, 45, 4, 20, 44, 60, 33, 73, 815]
q: [0, 5.0, -5.0, 11.0, -11.0, 10.0, -10.0, 7.0, -7.0, 12.0, -12.0, 5.0, 10.0, -5.0, -10.0, 10.0, -10.0, 0]
Q: [0, 5.0, 0.0, 11.0, 0.0, 10.0, 0.0, 7.0, 0.0, 12.0, 0.0, 5.0, 15.0, 10.0, 0.0, 10.0, 0.0, 0]
B: [0.0, 24.8000597782, 59.6426135595, 82.5291699628, 112.0564069653, 410.0, 427.1849823101, 443.8578739909, 470.48499028239996, 478.33530352455995, 479.45699242973996, 529.0, 539.279151035, 569.6591407651, 581.5203640157, 592.3421633578, 615.6456745954, 633.3677763331]
