Avion: 7      Iteracion: 34

Num Ruta: 34
Ingresos: 90000.0
Costos: 308.270007394
Utilidad Ruta: 89691.7299926
Costo Reducido: 25.7482294039
Nodos: [107, 12, 52, 1, 41, 8, 32, 48, 6, 46, 13, 72, 53, 15, 55, 20, 7, 47, 60, 817]
q: [0.0, 14.0, -14.0, 7.0, -7.0, 8.0, 6.0, -8.0, 5.0, -5.0, 9.0, -6.0, -9.0, 11.0, -11.0, 10.0, 5.0, -5.0, -10.0, 0.0]
Q: [0.0, 14.0, 0.0, 7.0, 0.0, 8.0, 14.0, 6.0, 11.0, 6.0, 15.0, 9.0, 0.0, 11.0, 0.0, 10.0, 15.0, 10.0, 0.0, 0.0]
B: [0.0, 54.0, 97.347924264, 175.0, 209.2400855285, 414.0, 425.4468981388, 447.8266328334, 457.01730446283, 460.70959386102, 474.11965996822, 487.96183974602, 492.03279012646004, 511.98981588186007, 528.4109824969601, 534.5448345493, 543.28778896986, 571.82910078276, 584.7927853284599, 606.0686292835599]
