Avion: 2      Iteracion: 33

Num Ruta: 32
Ingresos: 13200.0
Costos: 58.3960872206
Utilidad Ruta: 13141.6039128
Costo Reducido: 13.4554710249
Nodos: [102, 18, 58, 812]
q: [0, 11.0, -11.0, 0]
Q: [0, 11.0, 0.0, 0]
B: [0.0, 293.0, 316.8182362487, 338.93328155729995]
