Avion: 5      Iteracion: 24

Num Ruta: 27
Ingresos: 27600.0
Costos: 49.0962998206
Utilidad Ruta: 27550.9037002
Costo Reducido: 17.8766604658
Nodos: [105, 16, 56, 5, 45, 815]
q: [0, 11.0, -11.0, 12.0, -12.0, 0]
Q: [0, 11.0, 0.0, 12.0, 0.0, 0]
B: [0.0, 36.0, 45.624091437640004, 469.0, 470.12168890518, 483.34589368278]
