Avion: 7      Iteracion: 11

Num Ruta: 14
Ingresos: 142800.0
Costos: 480.50561958
Utilidad Ruta: 142319.49438
Costo Reducido: 90179.0950678
Nodos: [107, 9, 49, 30, 70, 11, 51, 36, 76, 34, 74, 22, 62, 19, 32, 59, 13, 72, 53, 21, 38, 78, 61, 29, 27, 69, 67, 817]
q: [0.0, 11.0, -11.0, 11.0, -11.0, 8.0, -8.0, 15.0, -15.0, 12.0, -12.0, 10.0, -10.0, 7.0, 6.0, -7.0, 9.0, -6.0, -9.0, 7.0, 8.0, -8.0, -7.0, 9.0, 6.0, -9.0, -6.0, 0.0]
Q: [0.0, 11.0, 0.0, 11.0, 0.0, 8.0, 0.0, 15.0, 0.0, 12.0, 0.0, 10.0, 0.0, 7.0, 13.0, 6.0, 15.0, 9.0, 0.0, 7.0, 15.0, 7.0, 0.0, 9.0, 15.0, 6.0, 0.0, 0.0]
B: [0.0, 28.0348110926, 57.562048095099996, 73.34994843049999, 92.06397108729999, 169.0, 173.05406684701, 251.0, 257.94814406874, 283.0, 323.947598037, 353.69889745399996, 375.4535835929, 402.0, 422.0, 441.5724706923, 445.80008999872, 459.64226977652004, 463.71322015696006, 479.22461654796007, 486.0475294889301, 518.9164161296301, 525.9863447007001, 564.4396411784, 590.0414494153, 598.25787741048, 613.70525498728, 620.40994976035]
