Avion: 5      Iteracion: 0

Num Ruta: 3
Ingresos: 200400.0
Costos: 619.840880115
Utilidad Ruta: 199780.15912
Costo Reducido: -
Nodos: [105, 16, 56, 40, 80, 14, 54, 11, 51, 1, 41, 3, 43, 36, 76, 26, 66, 25, 65, 13, 53, 5, 45, 21, 61, 33, 73, 37, 77, 815]
q: [0, 11.0, -11.0, 15.0, -15.0, 8.0, -8.0, 8.0, -8.0, 7.0, -7.0, 15.0, -15.0, 15.0, -15.0, 13.0, -13.0, 10.0, -10.0, 15.0, -15.0, 12.0, -12.0, 13.0, -13.0, 10.0, -10.0, 15.0, -15.0, 0]
Q: [0, 11.0, 0.0, 15.0, 0.0, 8.0, 0.0, 8.0, 0.0, 7.0, 0.0, 15.0, 0.0, 15.0, 0.0, 13.0, 0.0, 10.0, 0.0, 15.0, 0.0, 12.0, 0.0, 13.0, 0.0, 10.0, 0.0, 15.0, 0.0, 0]
B: [0.0, 36.0, 45.624091437640004, 77.27284989674001, 109.84229167884001, 138.42069361104, 150.44240538604, 179.89083449524, 183.94490134225, 206.61435287955, 240.85443840805002, 256.0, 261.08428175852, 296.00374706082, 302.95189112956, 343.25427558756, 360.83350355696, 410.0, 427.1849823101, 443.186042775, 460.069193725, 487.3334768258, 488.45516573098, 516.69475611398, 557.43354679318, 567.58909173178, 590.8926029693799, 618.0511899907799, 638.8458434622798, 660.4732883413799]
