Avion: 6      Iteracion: 48

Num Ruta: 46
Ingresos: 134400.0
Costos: 372.115793034
Utilidad Ruta: 134027.884207
Costo Reducido: 15.3085137756
Nodos: [106, 40, 80, 14, 54, 3, 43, 23, 18, 63, 58, 39, 79, 13, 53, 15, 55, 20, 7, 47, 60, 33, 73, 816]
q: [0.0, 15.0, -15.0, 8.0, -8.0, 15.0, -15.0, 10.0, 5.0, -10.0, -5.0, 8.0, -8.0, 15.0, -15.0, 11.0, -11.0, 10.0, 5.0, -5.0, -10.0, 10.0, -10.0, 0.0]
Q: [0.0, 15.0, 0.0, 8.0, 0.0, 15.0, 0.0, 10.0, 15.0, 5.0, 0.0, 8.0, 0.0, 15.0, 0.0, 11.0, 0.0, 10.0, 15.0, 10.0, 0.0, 10.0, 0.0, 0.0]
B: [0.0, 62.0, 94.5694417821, 123.1478437143, 135.1695554893, 256.0, 261.08428175852, 267.0, 293.0, 318.4393114097, 328.36484298237, 388.0, 410.632187455, 423.0, 439.88315095, 511.0, 527.4211666151, 533.55501866744, 542.2979730879999, 570.8392849008999, 583.8029694465998, 594.6247687886998, 617.9282800262998, 631.7692372547998]
