Avion: 7      Iteracion: 7

Num Ruta: 10
Ingresos: 36000.0
Costos: 230.503950961
Utilidad Ruta: 35769.496049
Costo Reducido: 227952.231205
Nodos: [107, 17, 57, 22, 62, 28, 68, 19, 59, 817]
q: [0, 5.0, -5.0, 10.0, -10.0, 8.0, -8.0, 7.0, -7.0, 0]
Q: [0, 5.0, 0.0, 10.0, 0.0, 8.0, 0.0, 7.0, 0.0, 0]
B: [0.0, 33.8861846923, 68.7287384736, 299.0, 320.7546861389, 378.0, 414.0266187839, 426.5624120576, 453.1895283491, 465.3501614329]
