Avion: 3      Iteracion: 37

Num Ruta: 39
Ingresos: 13200.0
Costos: 48.1722088141
Utilidad Ruta: 13151.8277912
Costo Reducido: 2.20550404883
Nodos: [103, 9, 49, 813]
q: [0, 11.0, -11.0, 0]
Q: [0, 11.0, 0.0, 0]
B: [0.0, 28.0, 57.5272370025, 65.27971286509]
