Avion: 7      Iteracion: 31

Num Ruta: 33
Ingresos: 43200.0
Costos: 104.863531646
Utilidad Ruta: 43095.1364684
Costo Reducido: 1.30323987624
Nodos: [107, 11, 51, 36, 76, 21, 61, 817]
q: [0, 8.0, -8.0, 15.0, -15.0, 13.0, -13.0, 0]
Q: [0, 8.0, 0.0, 15.0, 0.0, 13.0, 0.0, 0]
B: [0.0, 169.0, 173.05406684701, 251.0, 257.94814406874, 477.0, 517.7387906792, 545.1458557901999]
