Avion: 6      Iteracion: 22

Num Ruta: 23
Ingresos: 68400.0
Costos: 244.948784964
Utilidad Ruta: 68155.051215
Costo Reducido: 48.513403913
Nodos: [106, 9, 49, 24, 64, 1, 31, 71, 11, 51, 41, 18, 58, 816]
q: [0, 11.0, -11.0, 14.0, -14.0, 7.0, 6.0, -6.0, 8.0, -8.0, -7.0, 11.0, -11.0, 0]
Q: [0, 11.0, 0.0, 14.0, 0.0, 7.0, 13.0, 7.0, 15.0, 7.0, 0.0, 11.0, 0.0, 0]
B: [0.0, 35.5829922575, 65.11022926000001, 89.25047915510001, 127.76342945760001, 175.0, 183.89376197118, 197.19937597428, 197.678254873377, 201.732321720387, 236.048051058387, 293.0, 316.8182362487, 325.47692552595]
