Avion: 4      Iteracion: 16

Num Ruta: 19
Ingresos: 85200.0
Costos: 328.530722911
Utilidad Ruta: 84871.4692771
Costo Reducido: 96.2901707586
Nodos: [104, 12, 52, 1, 41, 23, 18, 63, 58, 39, 79, 5, 45, 7, 4, 44, 47, 814]
q: [0.0, 14.0, -14.0, 7.0, -7.0, 10.0, 5.0, -10.0, -5.0, 8.0, -8.0, 12.0, -12.0, 10.0, 5.0, -5.0, -10.0, 0.0]
Q: [0.0, 14.0, 0.0, 7.0, 0.0, 10.0, 15.0, 5.0, 0.0, 8.0, 0.0, 12.0, 0.0, 10.0, 15.0, 10.0, 0.0, 0.0]
B: [0.0, 54.0, 97.347924264, 175.0, 209.2400855285, 267.0, 293.0, 318.4393114097, 328.36484298237, 388.0, 410.632187455, 469.0, 470.12168890518, 517.0, 529.0, 549.4257496801999, 550.5861237578099, 587.9880394975099]
