Avion: 2      Iteracion: 6

Num Ruta: 8
Ingresos: 94800.0
Costos: 351.663144476
Utilidad Ruta: 94448.3368555
Costo Reducido: 82173.0936914
Nodos: [102, 40, 80, 10, 50, 3, 43, 26, 35, 75, 66, 19, 59, 37, 77, 812]
q: [0.0, 15.0, -15.0, 12.0, -12.0, 15.0, -15.0, 9.0, 6.0, -6.0, -9.0, 7.0, -7.0, 15.0, -15.0, 0.0]
Q: [0.0, 15.0, 0.0, 12.0, 0.0, 15.0, 0.0, 9.0, 15.0, 9.0, 0.0, 7.0, 0.0, 15.0, 0.0, 0.0]
B: [0.0, 62.0, 94.5694417821, 111.75013586, 141.2696465944, 256.0, 261.08428175852, 300.0, 310.6272145927, 330.5400979851, 340.36191375409, 402.0, 428.6271162915, 562.0, 582.7946534714999, 601.4938883222]
