Avion: 5      Iteracion: 55

Num Ruta: 48
Ingresos: 57600.0
Costos: 202.458541924
Utilidad Ruta: 57397.5414581
Costo Reducido: 9.8409008537
Nodos: [105, 24, 64, 1, 41, 23, 63, 6, 46, 5, 45, 815]
q: [0, 14.0, -14.0, 7.0, -7.0, 10.0, -10.0, 5.0, -5.0, 12.0, -12.0, 0]
Q: [0, 14.0, 0.0, 7.0, 0.0, 10.0, 0.0, 5.0, 0.0, 12.0, 0.0, 0]
B: [0.0, 61.0, 99.5129503025, 175.0, 209.2400855285, 267.0, 306.733842905, 436.0, 439.69228939819, 469.0, 470.12168890518, 483.34589368278]
