Avion: 4      Iteracion: 9

Num Ruta: 12
Ingresos: 91200.0
Costos: 360.494385354
Utilidad Ruta: 90839.5056146
Costo Reducido: 35420.3532607
Nodos: [104, 16, 56, 24, 30, 64, 10, 70, 50, 11, 51, 36, 76, 19, 59, 38, 78, 814]
q: [0.0, 11.0, -11.0, 12.0, 3.0, -12.0, 12.0, -3.0, -12.0, 8.0, -8.0, 15.0, -15.0, 7.0, -7.0, 8.0, -8.0, 0.0]
Q: [0.0, 11.0, 0.0, 12.0, 15.0, 3.0, 15.0, 12.0, 0.0, 8.0, 0.0, 15.0, 0.0, 7.0, 0.0, 8.0, 0.0, 0.0]
B: [0.0, 36.0, 45.624091437640004, 70.85029051714, 89.10719167804, 109.37531307594, 121.16124375624, 139.85429404234, 158.75509193554, 211.39330851814, 215.44737536515, 251.0, 257.94814406874, 402.0, 428.6271162915, 480.0, 512.8688866407, 556.8700177625]
