Avion: 7      Iteracion: 43

Num Ruta: 42
Ingresos: 97200.0
Costos: 298.582458034
Utilidad Ruta: 96901.417542
Costo Reducido: 4.72634247894
Nodos: [107, 30, 16, 56, 70, 24, 64, 1, 41, 8, 19, 59, 48, 13, 53, 21, 38, 78, 61, 817]
q: [0.0, 11.0, 4.0, -4.0, -11.0, 14.0, -14.0, 7.0, -7.0, 8.0, 7.0, -7.0, -8.0, 15.0, -15.0, 13.0, 2.0, -2.0, -13.0, 0.0]
Q: [0.0, 11.0, 15.0, 11.0, 0.0, 14.0, 0.0, 7.0, 0.0, 8.0, 15.0, 8.0, 0.0, 15.0, 0.0, 13.0, 15.0, 13.0, 0.0, 0.0]
B: [0.0, 64.0, 72.20259129788, 81.82668273552001, 84.69783929691, 109.43181018721, 147.94476048971, 175.0, 209.2400855285, 414.0, 437.1608815463, 463.7879978378, 466.71611702935996, 468.92679317026995, 485.80994412026996, 501.32134051126997, 508.14425345224, 541.0131400929399, 548.0830686640099, 575.4901337750099]
