Avion: 7      Iteracion: 1

Num Ruta: 5
Ingresos: 184800.0
Costos: 628.84240118
Utilidad Ruta: 184171.157599
Costo Reducido: 193865.191798
Nodos: [107, 9, 49, 30, 16, 56, 70, 24, 64, 1, 31, 71, 11, 51, 41, 36, 76, 18, 23, 63, 58, 8, 32, 72, 48, 13, 53, 21, 38, 78, 61, 33, 73, 29, 69, 817]
q: [0.0, 11.0, -11.0, 4.0, 11.0, -11.0, -4.0, 14.0, -14.0, 7.0, 6.0, -6.0, 8.0, -8.0, -7.0, 15.0, -15.0, 5.0, 10.0, -10.0, -5.0, 8.0, 6.0, -6.0, -8.0, 15.0, -15.0, 13.0, 2.0, -2.0, -13.0, 10.0, -10.0, 9.0, -9.0, 0.0]
Q: [0.0, 11.0, 0.0, 4.0, 15.0, 4.0, 0.0, 14.0, 0.0, 7.0, 13.0, 7.0, 15.0, 7.0, 0.0, 15.0, 0.0, 5.0, 15.0, 5.0, 0.0, 8.0, 14.0, 8.0, 0.0, 15.0, 0.0, 13.0, 15.0, 13.0, 0.0, 10.0, 0.0, 9.0, 0.0, 0.0]
B: [0.0, 28.0348110926, 57.562048095099996, 73.34994843049999, 81.55253972838, 91.17663116602, 94.04778772741, 118.78175861771, 157.29470892020998, 175.0, 183.89376197118, 197.19937597428, 197.678254873377, 201.732321720387, 236.048051058387, 269.99595469028696, 276.944098759027, 297.82695902772696, 318.005909173827, 357.739752078827, 367.665283651497, 414.0, 425.4468981388, 453.3042539537, 469.35335268230006, 471.56402882321004, 488.44717977321005, 503.95857616421006, 510.78148910518007, 543.6503757458801, 550.7203043169501, 562.0, 585.3035112376, 603.6868304428, 637.466610223, 659.0401451675]
