Avion: 4      Iteracion: 21

Num Ruta: 24
Ingresos: 121200.0
Costos: 424.025595373
Utilidad Ruta: 120775.974405
Costo Reducido: 167.064227885
Nodos: [104, 17, 57, 30, 70, 31, 11, 71, 51, 3, 43, 23, 18, 63, 58, 19, 8, 59, 48, 21, 38, 61, 78, 15, 55, 814]
q: [0.0, 5.0, -5.0, 11.0, -11.0, 6.0, 8.0, -6.0, -8.0, 15.0, -15.0, 10.0, 5.0, -10.0, -5.0, 7.0, 8.0, -7.0, -8.0, 7.0, 8.0, -7.0, -8.0, 11.0, -11.0, 0.0]
Q: [0.0, 5.0, 0.0, 11.0, 0.0, 6.0, 14.0, 8.0, 0.0, 15.0, 0.0, 10.0, 15.0, 5.0, 0.0, 7.0, 15.0, 8.0, 0.0, 7.0, 15.0, 8.0, 0.0, 11.0, 0.0, 0.0]
B: [0.0, 24.0, 58.8425537813, 64.0, 82.7140226568, 130.0, 169.0, 169.478878899097, 173.173257466597, 256.0, 261.08428175852, 267.0, 293.0, 318.4393114097, 328.36484298237, 402.0, 425.1608815463, 443.1178409771, 446.04596016866, 477.0, 483.82291294097, 518.30529332577, 525.37522189684, 569.37923472524, 585.80040134034, 601.14539101124]
