Avion: 5      Iteracion: 48

Num Ruta: 46
Ingresos: 103200.0
Costos: 331.434883617
Utilidad Ruta: 102868.565116
Costo Reducido: 16.1718434299
Nodos: [105, 16, 56, 9, 49, 11, 51, 34, 76, 36, 74, 39, 79, 7, 20, 47, 60, 2, 42, 815]
q: [0.0, 11.0, -11.0, 11.0, -11.0, 8.0, -8.0, 12.0, -12.0, 12.0, -12.0, 8.0, -8.0, 5.0, 10.0, -5.0, -10.0, 9.0, -9.0, 0.0]
Q: [0.0, 11.0, 0.0, 11.0, 0.0, 8.0, 0.0, 12.0, 0.0, 12.0, 0.0, 8.0, 0.0, 5.0, 15.0, 10.0, 0.0, 9.0, 0.0, 0.0]
B: [0.0, 36.0, 45.624091437640004, 75.68094759394, 105.20818459644, 169.0, 173.05406684701, 283.0, 296.7197479933, 303.66789206204004, 333.21404341884005, 388.0, 410.632187455, 517.0, 525.74295442056, 554.98896180616, 567.9526463518599, 575.2829436173199, 616.0179056647199, 630.7180826704199]
