Avion: 2      Iteracion: 55

Num Ruta: 52
Ingresos: 78000.0
Costos: 278.541390237
Utilidad Ruta: 77721.4586098
Costo Reducido: 22.2127989942
Nodos: [102, 12, 52, 1, 41, 23, 63, 13, 53, 29, 69, 33, 73, 812]
q: [0, 14.0, -14.0, 7.0, -7.0, 10.0, -10.0, 15.0, -15.0, 9.0, -9.0, 10.0, -10.0, 0]
Q: [0, 14.0, 0.0, 7.0, 0.0, 10.0, 0.0, 15.0, 0.0, 9.0, 0.0, 10.0, 0.0, 0]
B: [0.0, 54.0, 97.347924264, 175.0, 209.2400855285, 267.0, 306.733842905, 423.0, 439.88315095, 549.0, 582.7797797802, 591.6312714624, 614.9347827, 634.1809898588]
