Avion: 4      Iteracion: 44

Num Ruta: 36
Ingresos: 76800.0
Costos: 256.925354945
Utilidad Ruta: 76543.0746451
Costo Reducido: 1.14641762899
Nodos: [104, 17, 30, 57, 70, 24, 64, 36, 76, 34, 74, 28, 68, 814]
q: [0.0, 5.0, 10.0, -5.0, -10.0, 14.0, -14.0, 15.0, -15.0, 12.0, -12.0, 8.0, -8.0, 0.0]
Q: [0.0, 5.0, 15.0, 10.0, 0.0, 14.0, 0.0, 15.0, 0.0, 12.0, 0.0, 8.0, 0.0, 0.0]
B: [0.0, 24.0, 64.0, 67.14445448369, 83.24240000479, 107.97637089509, 146.48932119759002, 251.0, 257.94814406874, 283.0, 323.947598037, 378.0, 414.0266187839, 420.28509463669]
