Avion: 2      Iteracion: 10

Num Ruta: 12
Ingresos: 30000.0
Costos: 143.005840486
Utilidad Ruta: 29856.9941595
Costo Reducido: 41336.5268019
Nodos: [102, 8, 25, 65, 48, 33, 73, 812]
q: [0.0, 8.0, 7.0, -7.0, -8.0, 10.0, -10.0, 0.0]
Q: [0.0, 8.0, 15.0, 8.0, 0.0, 10.0, 0.0, 0.0]
B: [0.0, 414.0, 445.9648793835, 463.1498616936, 480.757861722, 562.0, 585.3035112376, 604.5497183964]
