Avion: 3      Iteracion: 27

Num Ruta: 31
Ingresos: 60000.0
Costos: 236.529577226
Utilidad Ruta: 59763.4704228
Costo Reducido: 16.0399569871
Nodos: [103, 24, 64, 1, 41, 8, 32, 48, 72, 20, 4, 44, 60, 813]
q: [0, 14.0, -14.0, 7.0, -7.0, 8.0, 6.0, -8.0, -6.0, 10.0, 5.0, -5.0, -10.0, 0]
Q: [0, 14.0, 0.0, 7.0, 0.0, 8.0, 14.0, 6.0, 0.0, 10.0, 15.0, 10.0, 0.0, 0]
B: [0.0, 61.0, 99.5129503025, 175.0, 209.2400855285, 414.0, 425.4468981388, 447.8266328334, 463.87573156200006, 496.0, 529.0, 549.4257496801999, 561.2869729308, 599.6598441942]
