Avion: 6      Iteracion: 56

Num Ruta: 53
Ingresos: 96000.0
Costos: 327.778055852
Utilidad Ruta: 95672.2219441
Costo Reducido: 2.86795467693
Nodos: [106, 24, 64, 1, 41, 3, 43, 23, 63, 25, 65, 20, 7, 47, 60, 2, 42, 816]
q: [0.0, 14.0, -14.0, 7.0, -7.0, 15.0, -15.0, 10.0, -10.0, 10.0, -10.0, 10.0, 5.0, -5.0, -10.0, 9.0, -9.0, 0.0]
Q: [0.0, 14.0, 0.0, 7.0, 0.0, 15.0, 0.0, 10.0, 0.0, 10.0, 0.0, 10.0, 15.0, 10.0, 0.0, 9.0, 0.0, 0.0]
B: [0.0, 61.0, 99.5129503025, 175.0, 209.2400855285, 256.0, 261.08428175852, 267.0, 306.733842905, 410.0, 427.1849823101, 496.0, 517.0, 545.5413118129, 558.5049963585999, 565.8352936240599, 606.5702556714599, 616.2903559281399]
