Avion: 4      Iteracion: 26

Num Ruta: 28
Ingresos: 75600.0
Costos: 311.435848711
Utilidad Ruta: 75288.5641513
Costo Reducido: 77.1870387011
Nodos: [104, 17, 57, 10, 50, 18, 58, 22, 62, 32, 8, 48, 72, 15, 55, 814]
q: [0, 5.0, -5.0, 12.0, -12.0, 11.0, -11.0, 10.0, -10.0, 6.0, 8.0, -8.0, -6.0, 11.0, -11.0, 0]
Q: [0, 5.0, 0.0, 12.0, 0.0, 11.0, 0.0, 10.0, 0.0, 6.0, 14.0, 6.0, 0.0, 11.0, 0.0, 0]
B: [0.0, 24.0, 58.8425537813, 96.0, 125.5195107344, 293.0, 316.8182362487, 332.3010836612, 354.0557698001, 422.0, 433.4468981388, 454.2152947548, 470.2643934834, 511.0, 527.4211666151, 542.766156286]
