Avion: 4      Iteracion: 30

Num Ruta: 31
Ingresos: 57600.0
Costos: 172.965399043
Utilidad Ruta: 57427.034601
Costo Reducido: 11.2924724766
Nodos: [104, 11, 51, 36, 76, 25, 65, 21, 38, 78, 61, 814]
q: [0.0, 8.0, -8.0, 15.0, -15.0, 10.0, -10.0, 7.0, 8.0, -8.0, -7.0, 0.0]
Q: [0.0, 8.0, 0.0, 15.0, 0.0, 10.0, 0.0, 7.0, 15.0, 7.0, 0.0, 0.0]
B: [0.0, 169.0, 173.05406684701, 251.0, 257.94814406874, 410.0, 427.1849823101, 477.0, 483.82291294097, 516.69179958167, 523.76172815274, 569.54020267954]
