Avion: 7      Iteracion: 36

Num Ruta: 35
Ingresos: 169200.0
Costos: 421.411352791
Utilidad Ruta: 168778.588647
Costo Reducido: 24.0774128264
Nodos: [107, 30, 16, 56, 70, 24, 64, 1, 31, 71, 11, 51, 41, 3, 43, 23, 18, 58, 63, 6, 46, 13, 53, 15, 21, 55, 38, 20, 78, 61, 60, 37, 77, 817]
q: [0.0, 11.0, 4.0, -4.0, -11.0, 14.0, -14.0, 7.0, 6.0, -6.0, 8.0, -8.0, -7.0, 15.0, -15.0, 4.0, 11.0, -11.0, -4.0, 5.0, -5.0, 15.0, -15.0, 11.0, 0.0, -11.0, 8.0, 7.0, -8.0, 0.0, -7.0, 15.0, -15.0, 0.0]
Q: [0.0, 11.0, 15.0, 11.0, 0.0, 14.0, 0.0, 7.0, 13.0, 7.0, 15.0, 7.0, 0.0, 15.0, 0.0, 4.0, 15.0, 4.0, 0.0, 5.0, 0.0, 15.0, 0.0, 11.0, 11.0, 0.0, 8.0, 15.0, 7.0, 7.0, 0.0, 15.0, 0.0, 0.0]
B: [0.0, 64.0, 72.20259129788, 81.82668273552001, 84.69783929691, 109.43181018721, 147.94476048971, 175.0, 183.89376197118, 197.19937597428, 197.678254873377, 201.732321720387, 236.048051058387, 256.0, 261.08428175852, 267.0, 293.0, 316.8182362487, 326.74376782137, 436.0, 439.69228939819, 453.10235550539, 469.98550645539, 511.0, 516.67223351071, 527.47150163401, 531.55876734595, 533.63983678256, 568.26617226586, 575.33610083693, 595.9355214598299, 607.51303941493, 628.30769288643, 643.88208125323]
