Avion: 1      Iteracion: 22

Num Ruta: 24
Ingresos: 42000.0
Costos: 165.188668481
Utilidad Ruta: 41834.8113315
Costo Reducido: 70.5427665873
Nodos: [101, 14, 54, 8, 48, 4, 38, 78, 27, 44, 67, 811]
q: [0, 8.0, -8.0, 8.0, -8.0, 5.0, 8.0, -8.0, 6.0, -5.0, -6.0, 0]
Q: [0, 8.0, 0.0, 8.0, 0.0, 5.0, 13.0, 5.0, 11.0, 6.0, 0.0, 0]
B: [0.0, 112.0, 124.021711775, 414.0, 434.768396616, 529.0, 537.33390040737, 570.20278704807, 581.7385143766701, 598.0893269558701, 603.5045854907901, 628.5002594564901]
