Avion: 6      Iteracion: 49

Num Ruta: 47
Ingresos: 25200.0
Costos: 99.4900363526
Utilidad Ruta: 25100.5099636
Costo Reducido: 2.82989741977
Nodos: [106, 9, 49, 25, 65, 816]
q: [0, 11.0, -11.0, 10.0, -10.0, 0]
Q: [0, 11.0, 0.0, 10.0, 0.0, 0]
B: [0.0, 35.5829922575, 65.11022926000001, 410.0, 427.1849823101, 434.85478908733]
