Avion: 7      Iteracion: 61

Num Ruta: 51
Ingresos: 81600.0
Costos: 266.81954517
Utilidad Ruta: 81333.1804548
Costo Reducido: 12.6777088706
Nodos: [107, 12, 52, 31, 11, 71, 51, 34, 74, 39, 79, 6, 46, 27, 7, 47, 67, 817]
q: [0.0, 14.0, -14.0, 6.0, 8.0, -6.0, -8.0, 12.0, -12.0, 8.0, -8.0, 5.0, -5.0, 5.0, 10.0, -10.0, -5.0, 0.0]
Q: [0.0, 14.0, 0.0, 6.0, 14.0, 8.0, 0.0, 12.0, 0.0, 8.0, 0.0, 5.0, 0.0, 5.0, 15.0, 5.0, 0.0, 0.0]
B: [0.0, 54.0, 97.347924264, 130.0, 169.0, 169.478878899097, 173.173257466597, 283.0, 323.947598037, 388.0, 410.632187455, 436.0, 439.69228939819, 538.0, 565.6633233723, 594.2046351852, 598.60455575266, 605.3092505257299]
