Avion: 6      Iteracion: 51

Num Ruta: 49
Ingresos: 36000.0
Costos: 110.220328401
Utilidad Ruta: 35889.7796716
Costo Reducido: 7.00619738668
Nodos: [106, 9, 49, 11, 51, 15, 55, 816]
q: [0, 11.0, -11.0, 8.0, -8.0, 11.0, -11.0, 0]
Q: [0, 11.0, 0.0, 8.0, 0.0, 11.0, 0.0, 0]
B: [0.0, 35.5829922575, 65.11022926000001, 169.0, 173.05406684701, 511.0, 527.4211666151, 539.6288314205]
