Avion: 3      Iteracion: 20

Num Ruta: 24
Ingresos: 24000.0
Costos: 92.9649064264
Utilidad Ruta: 23907.0350936
Costo Reducido: 90.2616400284
Nodos: [103, 24, 64, 27, 67, 813]
q: [0, 14.0, -14.0, 6.0, -6.0, 0]
Q: [0, 14.0, 0.0, 6.0, 0.0, 0]
B: [0.0, 61.0, 99.5129503025, 538.0, 555.0308623681, 577.4287761326]
