Avion: 1      Iteracion: 38

Num Ruta: 39
Ingresos: 58800.0
Costos: 172.546068329
Utilidad Ruta: 58627.4539317
Costo Reducido: 23.1697974219
Nodos: [101, 9, 49, 36, 76, 21, 38, 78, 33, 61, 73, 811]
q: [0.0, 11.0, -11.0, 15.0, -15.0, 7.0, 8.0, -8.0, 8.0, -7.0, -8.0, 0.0]
Q: [0.0, 11.0, 0.0, 15.0, 0.0, 7.0, 15.0, 7.0, 15.0, 8.0, 0.0, 0.0]
B: [0.0, 28.0, 57.5272370025, 251.0, 257.94814406874, 477.0, 483.82291294097, 516.69179958167, 562.0, 572.1555449386, 592.3676345138999, 598.28661077673]
