Avion: 6      Iteracion: 58

Num Ruta: 55
Ingresos: 38400.0
Costos: 134.156703718
Utilidad Ruta: 38265.8432963
Costo Reducido: 3.28102241909
Nodos: [106, 9, 49, 25, 65, 15, 55, 816]
q: [0, 11.0, -11.0, 10.0, -10.0, 11.0, -11.0, 0]
Q: [0, 11.0, 0.0, 10.0, 0.0, 11.0, 0.0, 0]
B: [0.0, 35.5829922575, 65.11022926000001, 410.0, 427.1849823101, 511.0, 527.4211666151, 539.6288314205]
