Avion: 5      Iteracion: 38

Num Ruta: 38
Ingresos: 20400.0
Costos: 46.0000817371
Utilidad Ruta: 20353.9999183
Costo Reducido: 26.4212908574
Nodos: [105, 6, 46, 5, 45, 815]
q: [0, 5.0, -5.0, 12.0, -12.0, 0]
Q: [0, 5.0, 0.0, 12.0, 0.0, 0]
B: [0.0, 436.0, 439.69228939819, 469.0, 470.12168890518, 483.34589368278]
