Avion: 1      Iteracion: 54

Num Ruta: 46
Ingresos: 31200.0
Costos: 106.590507601
Utilidad Ruta: 31093.4094924
Costo Reducido: 7.06364252273
Nodos: [101, 18, 58, 21, 38, 61, 78, 811]
q: [0.0, 11.0, -11.0, 13.0, 2.0, -13.0, -2.0, 0.0]
Q: [0.0, 11.0, 0.0, 13.0, 15.0, 2.0, 0.0, 0.0]
B: [0.0, 293.0, 316.8182362487, 477.0, 483.82291294097, 518.30529332577, 525.37522189684, 539.66464543314]
