Avion: 4      Iteracion: 53

Num Ruta: 43
Ingresos: 105600.0
Costos: 367.080649784
Utilidad Ruta: 105232.91935
Costo Reducido: 0.583572793563
Nodos: [104, 17, 30, 57, 16, 56, 70, 24, 64, 22, 62, 18, 58, 25, 65, 15, 21, 55, 38, 78, 61, 814]
q: [0.0, 5.0, 10.0, -5.0, 5.0, -5.0, -10.0, 14.0, -14.0, 10.0, -10.0, 11.0, -11.0, 10.0, -10.0, 8.0, 7.0, -8.0, 8.0, -8.0, -7.0, 0.0]
Q: [0.0, 5.0, 15.0, 10.0, 15.0, 10.0, 0.0, 14.0, 0.0, 10.0, 0.0, 11.0, 0.0, 10.0, 0.0, 8.0, 15.0, 7.0, 15.0, 7.0, 0.0, 0.0]
B: [0.0, 24.0, 64.0, 67.14445448369, 72.47609381883, 82.10018525647, 84.97134181786, 109.70531270816, 148.21826301066, 299.0, 320.7546861389, 334.15512273630003, 357.973358985, 410.0, 427.1849823101, 511.0, 516.67223351071, 527.47150163401, 531.55876734595, 564.42765398665, 571.49758255772, 617.27605708452]
