Avion: 3      Iteracion: 7

Num Ruta: 11
Ingresos: 158400.0
Costos: 547.100746325
Utilidad Ruta: 157852.899254
Costo Reducido: 304660.730687
Nodos: [103, 17, 30, 57, 16, 70, 56, 31, 11, 71, 51, 3, 43, 36, 76, 34, 18, 58, 74, 39, 19, 59, 79, 5, 45, 15, 55, 20, 4, 37, 44, 60, 77, 813]
q: [0.0, 5.0, 4.0, -5.0, 11.0, -4.0, -11.0, 6.0, 8.0, -6.0, -8.0, 15.0, -15.0, 15.0, -15.0, 4.0, 11.0, -11.0, -4.0, 8.0, 7.0, -7.0, -8.0, 12.0, -12.0, 11.0, -11.0, 10.0, 0.0, 5.0, 0.0, -10.0, -5.0, 0.0]
Q: [0.0, 5.0, 9.0, 4.0, 15.0, 11.0, 0.0, 6.0, 14.0, 8.0, 0.0, 15.0, 0.0, 15.0, 0.0, 4.0, 15.0, 4.0, 0.0, 8.0, 15.0, 8.0, 0.0, 12.0, 0.0, 11.0, 0.0, 10.0, 10.0, 15.0, 15.0, 5.0, 0.0, 0.0]
B: [0.0, 48.6245240388, 82.23823564579999, 85.38269012948999, 90.71432946462998, 101.53100122632998, 104.40215778771997, 130.0, 169.0, 169.478878899097, 173.173257466597, 256.0, 261.08428175852, 296.00374706082, 302.95189112956, 316.67163912286003, 340.38713283476005, 364.20536908346, 379.35799872326004, 388.69465047857005, 424.0853904256701, 450.7125067171701, 457.02770877253005, 469.59224350323007, 470.7139324084101, 511.0, 527.4211666151, 533.55501866744, 543.83416970244, 566.22349602104, 573.2878681092, 585.1490913598, 616.6099795386, 637.6117749857]
