Avion: 6      Iteracion: 52

Num Ruta: 50
Ingresos: 93600.0
Costos: 292.23824936
Utilidad Ruta: 93307.7617506
Costo Reducido: 16.5076541505
Nodos: [106, 16, 56, 40, 80, 10, 50, 35, 26, 75, 66, 38, 21, 78, 61, 33, 73, 816]
q: [0.0, 11.0, -11.0, 15.0, -15.0, 12.0, -12.0, 6.0, 9.0, -6.0, -9.0, 2.0, 13.0, -2.0, -13.0, 10.0, -10.0, 0.0]
Q: [0.0, 11.0, 0.0, 15.0, 0.0, 12.0, 0.0, 6.0, 15.0, 9.0, 0.0, 2.0, 15.0, 13.0, 0.0, 10.0, 0.0, 0.0]
B: [0.0, 36.0, 45.624091437640004, 77.27284989674001, 109.84229167884001, 127.02298575674001, 156.54249649114, 279.0, 300.0, 309.29300538039, 319.11482114938, 480.0, 486.82291294097, 525.3346514111701, 532.4045799822401, 562.0, 585.3035112376, 599.1444684661]
