Avion: 3      Iteracion: 43

Num Ruta: 45
Ingresos: 61200.0
Costos: 234.380923236
Utilidad Ruta: 60965.6190768
Costo Reducido: 22.6195995488
Nodos: [103, 24, 64, 1, 41, 23, 63, 22, 62, 7, 47, 813]
q: [0, 14.0, -14.0, 7.0, -7.0, 10.0, -10.0, 10.0, -10.0, 10.0, -10.0, 0]
Q: [0, 14.0, 0.0, 7.0, 0.0, 10.0, 0.0, 10.0, 0.0, 10.0, 0.0, 0]
B: [0.0, 61.0, 99.5129503025, 175.0, 209.2400855285, 267.0, 306.733842905, 322.49026689650003, 344.24495303540004, 517.0, 545.5413118129, 571.9508283173999]
