Avion: 5      Iteracion: 3

Num Ruta: 6
Ingresos: 126000.0
Costos: 497.400424624
Utilidad Ruta: 125502.599575
Costo Reducido: 194724.248126
Nodos: [105, 16, 56, 40, 80, 10, 50, 11, 51, 35, 75, 26, 66, 22, 62, 32, 72, 21, 61, 15, 55, 815]
q: [0, 11.0, -11.0, 15.0, -15.0, 12.0, -12.0, 8.0, -8.0, 6.0, -6.0, 13.0, -13.0, 10.0, -10.0, 6.0, -6.0, 13.0, -13.0, 11.0, -11.0, 0]
Q: [0, 11.0, 0.0, 15.0, 0.0, 12.0, 0.0, 8.0, 0.0, 6.0, 0.0, 13.0, 0.0, 10.0, 0.0, 6.0, 0.0, 13.0, 0.0, 11.0, 0.0, 0]
B: [0.0, 36.0, 45.624091437640004, 77.27284989674001, 109.84229167884001, 127.02298575674001, 156.54249649114, 209.18071307374, 213.23477992075001, 279.0, 298.9128833924, 308.20588877279, 325.78511674219, 339.41929739229, 361.17398353119, 422.0, 449.8573558149, 477.0, 517.7387906792, 564.1245581623, 580.5457247774, 588.58289175339]
