Avion: 6      Iteracion: 43

Num Ruta: 42
Ingresos: 54000.0
Costos: 197.279857349
Utilidad Ruta: 53802.7201427
Costo Reducido: 4.53053478638
Nodos: [106, 24, 64, 1, 31, 71, 11, 51, 41, 23, 63, 816]
q: [0, 14.0, -14.0, 7.0, 6.0, -6.0, 8.0, -8.0, -7.0, 10.0, -10.0, 0]
Q: [0, 14.0, 0.0, 7.0, 13.0, 7.0, 15.0, 7.0, 0.0, 10.0, 0.0, 0]
B: [0.0, 61.0, 99.5129503025, 175.0, 183.89376197118, 197.19937597428, 197.678254873377, 201.732321720387, 236.048051058387, 267.0, 306.733842905, 324.9802540864]
