Avion: 1      Iteracion: 29

Num Ruta: 31
Ingresos: 56400.0
Costos: 160.516475276
Utilidad Ruta: 56239.4835247
Costo Reducido: 55.8198782754
Nodos: [101, 9, 49, 15, 55, 7, 4, 47, 44, 33, 73, 811]
q: [0, 11.0, -11.0, 11.0, -11.0, 10.0, 5.0, -10.0, -5.0, 10.0, -10.0, 0]
Q: [0, 11.0, 0.0, 11.0, 0.0, 10.0, 15.0, 5.0, 0.0, 10.0, 0.0, 0]
B: [0.0, 28.0, 57.5272370025, 511.0, 527.4211666151, 538.3259061809999, 548.6892794734999, 567.9616404602, 569.12201453781, 577.69347999011, 600.9969912277099, 606.91596749054]
