Avion: 1      Iteracion: 14

Num Ruta: 17
Ingresos: 87600.0
Costos: 298.333084029
Utilidad Ruta: 87301.666916
Costo Reducido: 312.085730163
Nodos: [101, 16, 56, 14, 54, 23, 63, 26, 66, 8, 48, 4, 38, 78, 33, 44, 73, 811]
q: [0, 11.0, -11.0, 8.0, -8.0, 10.0, -10.0, 13.0, -13.0, 8.0, -8.0, 5.0, 8.0, -8.0, 10.0, -5.0, -10.0, 0]
Q: [0, 11.0, 0.0, 8.0, 0.0, 10.0, 0.0, 13.0, 0.0, 8.0, 0.0, 5.0, 13.0, 5.0, 15.0, 10.0, 0.0, 0]
B: [0.0, 36.0, 45.624091437640004, 112.0, 124.021711775, 267.0, 306.733842905, 326.4202156791, 343.9994436485, 414.0, 434.768396616, 529.0, 537.33390040737, 570.20278704807, 586.84598749147, 595.4174529437701, 616.95536704887, 622.8743433117]
