Avion: 3      Iteracion: 56

Num Ruta: 51
Ingresos: 57600.0
Costos: 173.096693522
Utilidad Ruta: 57426.9033065
Costo Reducido: 9.04040286357
Nodos: [103, 24, 64, 1, 41, 8, 19, 48, 59, 5, 45, 813]
q: [0, 14.0, -14.0, 7.0, -7.0, 8.0, 7.0, -8.0, -7.0, 12.0, -12.0, 0]
Q: [0, 14.0, 0.0, 7.0, 0.0, 8.0, 15.0, 7.0, 0.0, 12.0, 0.0, 0]
B: [0.0, 61.0, 99.5129503025, 175.0, 209.2400855285, 414.0, 437.1608815463, 466.0513395558, 468.97945874735996, 476.82977198951994, 477.95146089469995, 497.34091555439994]
