Avion: 5      Iteracion: 31

Num Ruta: 34
Ingresos: 31200.0
Costos: 85.6187606278
Utilidad Ruta: 31114.3812394
Costo Reducido: 26.1804680088
Nodos: [105, 30, 70, 37, 77, 815]
q: [0, 11.0, -11.0, 15.0, -15.0, 0]
Q: [0, 11.0, 0.0, 15.0, 0.0, 0]
B: [0.0, 64.0, 82.7140226568, 562.0, 582.7946534714999, 604.4220983506]
