Avion: 6      Iteracion: 9

Num Ruta: 10
Ingresos: 76800.0
Costos: 416.767460934
Utilidad Ruta: 76383.2325391
Costo Reducido: 62824.5062235
Nodos: [106, 16, 56, 12, 52, 14, 54, 11, 51, 1, 41, 35, 26, 75, 66, 20, 60, 816]
q: [0.0, 11.0, -11.0, 14.0, -14.0, 8.0, -8.0, 8.0, -8.0, 7.0, -7.0, 6.0, 0.0, -6.0, 0.0, 10.0, -10.0, 0.0]
Q: [0.0, 11.0, 0.0, 14.0, 0.0, 8.0, 0.0, 8.0, 0.0, 7.0, 0.0, 6.0, 6.0, 0.0, 0.0, 10.0, 0.0, 0.0]
B: [0.0, 36.0, 45.624091437640004, 79.57799432084, 122.92591858484, 159.44515236654001, 171.46686414154001, 200.91529325074, 204.96936009775, 227.63881163505002, 261.87889716355005, 297.5338790033501, 308.1610935960501, 317.4540989764401, 327.2759147454301, 496.0, 538.1771424471, 583.4076257963]
