Avion: 4      Iteracion: 27

Num Ruta: 29
Ingresos: 100800.0
Costos: 381.107504835
Utilidad Ruta: 100418.892495
Costo Reducido: 48.1703222301
Nodos: [104, 17, 10, 57, 30, 70, 50, 35, 26, 75, 66, 18, 58, 19, 8, 48, 59, 15, 21, 55, 38, 78, 61, 814]
q: [0.0, 5.0, 10.0, -5.0, 5.0, -5.0, -10.0, 6.0, 9.0, -6.0, -9.0, 11.0, -11.0, 7.0, 8.0, -8.0, -7.0, 8.0, 7.0, -8.0, 8.0, -8.0, -7.0, 0.0]
Q: [0.0, 5.0, 15.0, 10.0, 15.0, 10.0, 0.0, 6.0, 15.0, 9.0, 0.0, 11.0, 0.0, 7.0, 15.0, 7.0, 0.0, 8.0, 15.0, 7.0, 15.0, 7.0, 0.0, 0.0]
B: [0.0, 24.0, 96.0, 113.2607991993, 116.40525368299, 135.11927633979, 154.02007423299, 279.0, 300.0, 309.29300538039, 319.11482114938, 342.39349190178, 366.21172815048, 402.0, 425.1608815463, 445.9292781623, 448.85739735386, 511.0, 516.67223351071, 527.47150163401, 531.55876734595, 564.42765398665, 571.49758255772, 617.27605708452]
