Avion: 1      Iteracion: 21

Num Ruta: 23
Ingresos: 63600.0
Costos: 190.519628374
Utilidad Ruta: 63409.4803716
Costo Reducido: 136.759755591
Nodos: [101, 3, 43, 8, 48, 15, 55, 29, 69, 33, 73, 811]
q: [0, 15.0, -15.0, 8.0, -8.0, 11.0, -11.0, 9.0, -9.0, 10.0, -10.0, 0]
Q: [0, 15.0, 0.0, 8.0, 0.0, 11.0, 0.0, 9.0, 0.0, 10.0, 0.0, 0]
B: [0.0, 256.0, 261.08428175852, 414.0, 434.768396616, 511.0, 527.4211666151, 549.0, 582.7797797802, 591.6312714624, 614.9347827, 620.85375896283]
