Avion: 2      Iteracion: 40

Num Ruta: 39
Ingresos: 40800.0
Costos: 159.422700351
Utilidad Ruta: 40640.5772996
Costo Reducido: 16.1191873017
Nodos: [102, 31, 71, 19, 32, 59, 72, 29, 69, 27, 67, 812]
q: [0, 6.0, -6.0, 7.0, 6.0, -7.0, -6.0, 9.0, -9.0, 6.0, -6.0, 0]
Q: [0, 6.0, 0.0, 7.0, 13.0, 6.0, 0.0, 9.0, 0.0, 6.0, 0.0, 0]
B: [0.0, 130.0, 143.3056140031, 402.0, 422.0, 441.5724706923, 458.69984714049997, 549.0, 582.7797797802, 590.99620777538, 608.0270701434799, 621.4434764059799]
