Avion: 5      Iteracion: 1

Num Ruta: 5
Ingresos: 175200.0
Costos: 646.179122664
Utilidad Ruta: 174553.820877
Costo Reducido: 184247.855076
Nodos: [105, 16, 56, 24, 30, 64, 10, 70, 50, 1, 11, 51, 41, 36, 76, 34, 18, 58, 74, 8, 32, 72, 48, 13, 53, 21, 38, 78, 61, 33, 73, 29, 69, 815]
q: [0.0, 11.0, -11.0, 12.0, 3.0, -12.0, 12.0, -3.0, -12.0, 7.0, 8.0, -8.0, -7.0, 15.0, -15.0, 4.0, 11.0, -11.0, -4.0, 8.0, 6.0, -6.0, -8.0, 15.0, -15.0, 13.0, 2.0, -2.0, -13.0, 10.0, -10.0, 9.0, -9.0, 0.0]
Q: [0.0, 11.0, 0.0, 12.0, 15.0, 3.0, 15.0, 12.0, 0.0, 7.0, 15.0, 7.0, 0.0, 15.0, 0.0, 4.0, 15.0, 4.0, 0.0, 8.0, 14.0, 8.0, 0.0, 15.0, 0.0, 13.0, 15.0, 13.0, 0.0, 10.0, 0.0, 9.0, 0.0, 0.0]
B: [0.0, 36.0, 45.624091437640004, 70.85029051714, 89.10719167804, 109.37531307594, 121.16124375624, 139.85429404234, 158.75509193554, 197.17443310634002, 215.85526170144, 219.90932854845002, 254.22505788645003, 288.17296151835, 295.12110558709, 308.84085358039005, 332.55634729229007, 356.37458354099005, 371.52721318079006, 416.21599837349004, 427.66289651229005, 455.52025232719006, 471.5693510557901, 473.7800271967001, 490.6631781467001, 506.1745745377001, 512.9974874786701, 545.8663741193701, 552.9363026904401, 563.0918476290401, 586.3953588666401, 604.7786780718401, 638.5584578520401, 663.5443915148401]
