Avion: 6      Iteracion: 0

Num Ruta: 1
Ingresos: 87600.0
Costos: 384.14108387
Utilidad Ruta: 87215.8589161
Costo Reducido: -
Nodos: [106, 17, 57, 40, 80, 23, 63, 13, 53, 15, 55, 38, 78, 29, 69, 816]
q: [0, 5.0, -5.0, 15.0, -15.0, 10.0, -10.0, 15.0, -15.0, 11.0, -11.0, 8.0, -8.0, 9.0, -9.0, 0]
Q: [0, 5.0, 0.0, 15.0, 0.0, 10.0, 0.0, 15.0, 0.0, 11.0, 0.0, 8.0, 0.0, 9.0, 0.0, 0]
B: [0.0, 34.2933399948, 69.1358937761, 92.8348645976, 125.4043063797, 267.0, 306.733842905, 423.0, 439.88315095, 511.0, 527.4211666151, 531.5084323270399, 564.3773189677399, 598.77349462724, 632.55327440744, 661.79344968054]
