Avion: 3      Iteracion: 22

Num Ruta: 26
Ingresos: 32400.0
Costos: 127.327746493
Utilidad Ruta: 32272.6722535
Costo Reducido: 52.4357711884
Nodos: [103, 14, 54, 8, 48, 27, 4, 44, 67, 813]
q: [0, 8.0, -8.0, 8.0, -8.0, 6.0, 5.0, -5.0, -6.0, 0]
Q: [0, 8.0, 0.0, 8.0, 0.0, 6.0, 11.0, 6.0, 0.0, 0]
B: [0.0, 112.0, 124.021711775, 414.0, 434.768396616, 538.0, 555.6147745373, 576.0405242175, 581.45578275242, 603.85369651692]
