Avion: 4      Iteracion: 51

Num Ruta: 41
Ingresos: 84000.0
Costos: 273.939813295
Utilidad Ruta: 83726.0601867
Costo Reducido: 2.39608457526
Nodos: [104, 17, 30, 57, 16, 70, 56, 10, 50, 35, 26, 75, 66, 22, 62, 32, 19, 59, 72, 814]
q: [0.0, 5.0, 10.0, -5.0, 5.0, -10.0, -5.0, 12.0, -12.0, 6.0, 9.0, -6.0, -9.0, 10.0, -10.0, 6.0, 7.0, -7.0, -6.0, 0.0]
Q: [0.0, 5.0, 15.0, 10.0, 15.0, 5.0, 0.0, 12.0, 0.0, 6.0, 15.0, 9.0, 0.0, 10.0, 0.0, 6.0, 13.0, 6.0, 0.0, 0.0]
B: [0.0, 24.0, 64.0, 67.14445448369, 72.47609381883, 83.29276558052999, 86.16392214191998, 101.99319935221999, 131.51271008662, 279.0, 300.0, 309.29300538039, 319.11482114938, 332.74900179948, 354.50368793838004, 422.0, 433.71491463899997, 460.34203093049996, 477.46940737869994, 501.83555292939997]
