Avion: 5      Iteracion: 10

Num Ruta: 13
Ingresos: 133200.0
Costos: 505.484484658
Utilidad Ruta: 132694.515515
Costo Reducido: 123021.282281
Nodos: [105, 17, 57, 9, 49, 14, 54, 31, 71, 36, 76, 34, 18, 58, 74, 25, 65, 19, 8, 59, 48, 7, 47, 33, 73, 27, 67, 815]
q: [0.0, 5.0, -5.0, 11.0, -11.0, 8.0, -8.0, 6.0, -6.0, 15.0, -15.0, 12.0, 3.0, -3.0, -12.0, 10.0, -10.0, 7.0, 8.0, -7.0, -8.0, 10.0, -10.0, 10.0, -10.0, 6.0, -6.0, 0.0]
Q: [0.0, 5.0, 0.0, 11.0, 0.0, 8.0, 0.0, 6.0, 0.0, 15.0, 0.0, 12.0, 15.0, 12.0, 0.0, 10.0, 0.0, 7.0, 15.0, 8.0, 0.0, 10.0, 0.0, 10.0, 0.0, 6.0, 0.0, 0.0]
B: [0.0, 24.8000597782, 59.6426135595, 82.5291699628, 112.0564069653, 122.3132136808, 134.3349254558, 161.5469926687, 174.8526066718, 251.0, 257.94814406874, 283.0, 306.7154937119, 330.5337299606, 345.6863596004, 410.0, 427.1849823101, 443.8578739909, 467.0187555372, 484.975714968, 487.90383415955995, 517.0, 545.5413118129, 562.0, 585.3035112376, 592.52226459258, 609.55312696068, 625.74848990818]
