Avion: 2      Iteracion: 4

Num Ruta: 7
Ingresos: 165600.0
Costos: 536.621744894
Utilidad Ruta: 165063.378255
Costo Reducido: 152804.349013
Nodos: [102, 9, 49, 12, 52, 14, 54, 11, 51, 3, 43, 23, 63, 26, 66, 22, 62, 8, 48, 13, 53, 21, 38, 61, 78, 15, 55, 812]
q: [0.0, 11.0, -11.0, 14.0, -14.0, 8.0, -8.0, 8.0, -8.0, 15.0, -15.0, 10.0, -10.0, 13.0, -13.0, 10.0, -10.0, 8.0, -8.0, 15.0, -15.0, 13.0, 2.0, -13.0, -2.0, 11.0, -11.0, 0.0]
Q: [0.0, 11.0, 0.0, 14.0, 0.0, 8.0, 0.0, 8.0, 0.0, 15.0, 0.0, 10.0, 0.0, 13.0, 0.0, 10.0, 0.0, 8.0, 0.0, 15.0, 0.0, 13.0, 15.0, 2.0, 0.0, 11.0, 0.0, 0.0]
B: [0.0, 33.6128854013, 63.1401224038, 73.9271591609, 117.2750834249, 153.7943172066, 165.8160289816, 195.2644580908, 199.31852493781, 256.0, 261.08428175852, 267.0, 306.733842905, 326.4202156791, 343.9994436485, 357.6336242986, 379.3883104375, 414.0, 434.768396616, 436.97907275691, 453.86222370691, 477.0, 483.82291294097, 518.30529332577, 525.37522189684, 569.37923472524, 585.80040134034, 597.08546957234]
