Avion: 5      Iteracion: 23

Num Ruta: 26
Ingresos: 72000.0
Costos: 209.321279142
Utilidad Ruta: 71790.6787209
Costo Reducido: 53.4196514102
Nodos: [105, 1, 41, 3, 43, 36, 76, 21, 61, 33, 73, 815]
q: [0, 7.0, -7.0, 15.0, -15.0, 15.0, -15.0, 13.0, -13.0, 10.0, -10.0, 0]
Q: [0, 7.0, 0.0, 15.0, 0.0, 15.0, 0.0, 13.0, 0.0, 10.0, 0.0, 0]
B: [0.0, 175.0, 209.2400855285, 256.0, 261.08428175852, 296.00374706082, 302.95189112956, 477.0, 517.7387906792, 562.0, 585.3035112376, 603.0256129753]
