Avion: 2      Iteracion: 19

Num Ruta: 20
Ingresos: 28800.0
Costos: 122.800503157
Utilidad Ruta: 28677.1994968
Costo Reducido: 48.1992673011
Nodos: [102, 12, 52, 33, 73, 812]
q: [0, 14.0, -14.0, 10.0, -10.0, 0]
Q: [0, 14.0, 0.0, 10.0, 0.0, 0]
B: [0.0, 54.0, 97.347924264, 562.0, 585.3035112376, 604.5497183964]
