Avion: 4      Iteracion: 46

Num Ruta: 37
Ingresos: 121200.0
Costos: 364.627334496
Utilidad Ruta: 120835.372666
Costo Reducido: 0.397422272043
Nodos: [104, 17, 30, 57, 16, 56, 70, 40, 80, 31, 11, 51, 71, 36, 76, 19, 32, 59, 13, 72, 53, 21, 38, 61, 78, 814]
q: [0.0, 5.0, 10.0, -5.0, 5.0, -5.0, -10.0, 15.0, -15.0, 6.0, 8.0, -8.0, -6.0, 15.0, -15.0, 7.0, 6.0, -7.0, 9.0, -6.0, -9.0, 7.0, 8.0, -7.0, -8.0, 0.0]
Q: [0.0, 5.0, 15.0, 10.0, 15.0, 10.0, 0.0, 15.0, 0.0, 6.0, 14.0, 6.0, 0.0, 15.0, 0.0, 7.0, 13.0, 6.0, 15.0, 9.0, 0.0, 7.0, 15.0, 8.0, 0.0, 0.0]
B: [0.0, 24.0, 64.0, 67.14445448369, 72.47609381883, 82.10018525647, 84.97134181786, 115.78119589085999, 148.35063767295998, 171.68912667715998, 184.87185587105998, 188.92592271806998, 192.62030128556998, 251.0, 257.94814406874, 402.0, 422.0, 441.5724706923, 445.80008999872, 459.64226977652004, 463.71322015696006, 479.22461654796007, 486.0475294889301, 520.52990987373, 527.5998384448001, 571.6009695666]
