Avion: 5      Iteracion: 26

Num Ruta: 29
Ingresos: 25200.0
Costos: 111.2664928
Utilidad Ruta: 25088.7335072
Costo Reducido: 70.8741589432
Nodos: [105, 10, 50, 2, 42, 815]
q: [0, 12.0, -12.0, 9.0, -9.0, 0]
Q: [0, 12.0, 0.0, 9.0, 0.0, 0]
B: [0.0, 96.0, 125.5195107344, 522.0, 562.7349620474, 577.4351390531]
