Avion: 1      Iteracion: 3

Num Ruta: 6
Ingresos: 154800.0
Costos: 577.765535136
Utilidad Ruta: 154222.234465
Costo Reducido: 207951.355287
Nodos: [101, 16, 56, 40, 80, 10, 50, 11, 51, 3, 43, 18, 34, 58, 74, 39, 79, 32, 6, 46, 72, 21, 61, 27, 4, 67, 44, 33, 73, 811]
q: [0.0, 11.0, -11.0, 15.0, -15.0, 12.0, -12.0, 8.0, -8.0, 15.0, -15.0, 3.0, 12.0, -3.0, -12.0, 8.0, -8.0, 6.0, 5.0, -5.0, -6.0, 13.0, -13.0, 6.0, 5.0, -6.0, -5.0, 10.0, -10.0, 0.0]
Q: [0.0, 11.0, 0.0, 15.0, 0.0, 12.0, 0.0, 8.0, 0.0, 15.0, 0.0, 3.0, 15.0, 12.0, 0.0, 8.0, 0.0, 6.0, 11.0, 6.0, 0.0, 13.0, 0.0, 6.0, 11.0, 5.0, 0.0, 10.0, 0.0, 0.0]
B: [0.0, 36.0, 45.624091437640004, 77.27284989674001, 109.84229167884001, 127.02298575674001, 156.54249649114, 209.18071307374, 213.23477992075001, 256.0, 261.08428175852, 293.0, 316.7154937119, 344.9475311871, 360.10016082690004, 388.0, 410.632187455, 436.244028857, 467.5645021931, 471.25679159129, 493.91416323939, 512.32609483279, 553.0648855119899, 566.24233370959, 583.85710824689, 599.94430890459, 605.35956743951, 613.93103289181, 637.23454412941, 643.15352039224]
