Avion: 1      Iteracion: 41

Num Ruta: 40
Ingresos: 100800.0
Costos: 341.325812691
Utilidad Ruta: 100458.674187
Costo Reducido: 3.26185367269
Nodos: [101, 30, 70, 40, 80, 22, 62, 18, 58, 39, 79, 6, 46, 2, 4, 42, 7, 47, 44, 811]
q: [0, 11.0, -11.0, 15.0, -15.0, 10.0, -10.0, 11.0, -11.0, 8.0, -8.0, 5.0, -5.0, 9.0, 5.0, -9.0, 10.0, -10.0, -5.0, 0]
Q: [0, 11.0, 0.0, 15.0, 0.0, 10.0, 0.0, 11.0, 0.0, 8.0, 0.0, 5.0, 0.0, 9.0, 14.0, 5.0, 15.0, 5.0, 0.0, 0]
B: [0.0, 64.0, 82.7140226568, 113.5238767298, 146.0933185119, 299.0, 320.7546861389, 334.15512273630003, 357.973358985, 388.0, 410.632187455, 436.0, 439.69228939819, 522.0, 549.3715326023, 562.8222884175, 574.3290145375, 602.8703263504, 604.0307004280099, 628.9567184814099]
