Avion: 6      Iteracion: 61

Num Ruta: 57
Ingresos: 79200.0
Costos: 230.629860896
Utilidad Ruta: 78969.3701391
Costo Reducido: 5.00674079674
Nodos: [106, 16, 30, 56, 70, 40, 80, 5, 45, 7, 4, 47, 44, 2, 42, 816]
q: [0.0, 4.0, 11.0, -4.0, -11.0, 15.0, -15.0, 12.0, -12.0, 10.0, 5.0, -10.0, -5.0, 9.0, -9.0, 0.0]
Q: [0.0, 4.0, 15.0, 11.0, 0.0, 15.0, 0.0, 12.0, 0.0, 10.0, 15.0, 5.0, 0.0, 9.0, 0.0, 0.0]
B: [0.0, 36.0, 64.0, 80.9852936389, 83.85645020029, 114.66630427329, 147.23574605539, 469.0, 470.12168890518, 517.0, 529.0, 548.2723609867, 549.43273506431, 558.88720157491, 599.62216362231, 609.34226387899]
