Avion: 6      Iteracion: 47

Num Ruta: 45
Ingresos: 79200.0
Costos: 250.346280836
Utilidad Ruta: 78949.6537192
Costo Reducido: 3.46156762852
Nodos: [106, 40, 80, 14, 54, 3, 43, 23, 18, 63, 58, 39, 6, 46, 79, 816]
q: [0.0, 15.0, -15.0, 8.0, -8.0, 15.0, -15.0, 10.0, 5.0, -10.0, -5.0, 8.0, 5.0, -5.0, -8.0, 0.0]
Q: [0.0, 15.0, 0.0, 8.0, 0.0, 15.0, 0.0, 10.0, 15.0, 5.0, 0.0, 8.0, 13.0, 8.0, 0.0, 0.0]
B: [0.0, 62.0, 94.5694417821, 123.1478437143, 135.1695554893, 256.0, 261.08428175852, 267.0, 293.0, 318.4393114097, 328.36484298237, 388.0, 436.0, 439.69228939819, 449.87740525418997, 471.54612972059]
