Avion: 2      Iteracion: 16

Num Ruta: 17
Ingresos: 55200.0
Costos: 216.545019665
Utilidad Ruta: 54983.4549803
Costo Reducido: 106.885017296
Nodos: [102, 12, 52, 1, 41, 7, 47, 37, 77, 812]
q: [0, 14.0, -14.0, 7.0, -7.0, 10.0, -10.0, 15.0, -15.0, 0]
Q: [0, 14.0, 0.0, 7.0, 0.0, 10.0, 0.0, 15.0, 0.0, 0]
B: [0.0, 54.0, 97.347924264, 175.0, 209.2400855285, 517.0, 545.5413118129, 562.0, 582.7946534714999, 601.4938883222]
