Avion: 4      Iteracion: 22

Num Ruta: 25
Ingresos: 106800.0
Costos: 361.965924997
Utilidad Ruta: 106438.034075
Costo Reducido: 100.208818513
Nodos: [104, 10, 50, 35, 26, 75, 66, 18, 58, 39, 79, 32, 8, 48, 13, 72, 53, 15, 21, 55, 4, 44, 61, 814]
q: [0.0, 12.0, -12.0, 6.0, 9.0, -6.0, -9.0, 11.0, -11.0, 8.0, -8.0, 6.0, 8.0, -8.0, 9.0, -6.0, -9.0, 5.0, 10.0, -5.0, 5.0, -5.0, -10.0, 0.0]
Q: [0.0, 12.0, 0.0, 6.0, 15.0, 9.0, 0.0, 11.0, 0.0, 8.0, 0.0, 6.0, 14.0, 6.0, 15.0, 9.0, 0.0, 5.0, 15.0, 10.0, 15.0, 10.0, 0.0, 0.0]
B: [0.0, 96.0, 125.5195107344, 279.0, 300.0, 309.29300538039, 319.11482114938, 342.39349190178, 366.21172815048, 388.0, 410.632187455, 436.244028857, 447.6909269958, 468.4593236118, 470.66999975271, 484.51217953051, 488.58312991095005, 511.0, 516.67223351071, 527.47150163401, 533.0461809073, 553.4719305875001, 570.2748750021001, 616.0533495289001]
