Avion: 3      Iteracion: 14

Num Ruta: 18
Ingresos: 66000.0
Costos: 300.009093186
Utilidad Ruta: 65699.9909068
Costo Reducido: 279.7921098
Nodos: [103, 16, 56, 17, 57, 14, 54, 8, 48, 38, 78, 4, 7, 47, 44, 813]
q: [0, 11.0, -11.0, 5.0, -5.0, 8.0, -8.0, 8.0, -8.0, 8.0, -8.0, 5.0, 10.0, -10.0, -5.0, 0]
Q: [0, 11.0, 0.0, 5.0, 0.0, 8.0, 0.0, 8.0, 0.0, 8.0, 0.0, 5.0, 15.0, 5.0, 0.0, 0]
B: [0.0, 36.0, 45.624091437640004, 78.34191948294, 113.18447326424, 125.62302611414, 137.64473788914, 414.0, 434.768396616, 480.0, 512.8688866407, 541.9885859695, 552.351959262, 580.8932710749, 582.05364515251, 609.6059185614099]
