Avion: 5      Iteracion: 30

Num Ruta: 33
Ingresos: 51600.0
Costos: 128.335188727
Utilidad Ruta: 51471.6648113
Costo Reducido: 34.4612011896
Nodos: [105, 26, 66, 13, 53, 20, 4, 44, 60, 815]
q: [0, 13.0, -13.0, 15.0, -15.0, 10.0, 5.0, -5.0, -10.0, 0]
Q: [0, 13.0, 0.0, 15.0, 0.0, 10.0, 15.0, 10.0, 0.0, 0]
B: [0.0, 300.0, 317.5792279694, 423.0, 439.88315095, 496.0, 529.0, 549.4257496801999, 561.2869729308, 593.6399933307999]
