Avion: 6      Iteracion: 42

Num Ruta: 41
Ingresos: 151200.0
Costos: 441.21348878
Utilidad Ruta: 150758.786511
Costo Reducido: 41.7431940102
Nodos: [106, 24, 64, 1, 31, 71, 11, 51, 41, 3, 43, 18, 36, 76, 34, 58, 74, 39, 28, 79, 68, 25, 65, 20, 4, 44, 60, 2, 42, 816]
q: [0.0, 14.0, -14.0, 7.0, 6.0, -6.0, 8.0, -8.0, -7.0, 15.0, -15.0, 3.0, 12.0, -12.0, 12.0, -3.0, -12.0, 8.0, 7.0, -8.0, -7.0, 10.0, -10.0, 10.0, 5.0, -5.0, -10.0, 9.0, -9.0, 0.0]
Q: [0.0, 14.0, 0.0, 7.0, 13.0, 7.0, 15.0, 7.0, 0.0, 15.0, 0.0, 3.0, 15.0, 3.0, 15.0, 12.0, 0.0, 8.0, 15.0, 7.0, 0.0, 10.0, 0.0, 10.0, 15.0, 10.0, 0.0, 9.0, 0.0, 0.0]
B: [0.0, 61.0, 99.5129503025, 175.0, 183.89376197118, 197.19937597428, 197.678254873377, 201.732321720387, 236.048051058387, 256.0, 261.08428175852, 293.0, 306.9670306436, 313.91517471234005, 327.63492270564007, 355.86696018084007, 371.0195898206401, 388.0, 399.3210123222, 412.3114993416, 448.3244104708, 451.65778908716, 468.84277139726, 496.0, 529.0, 549.4257496801999, 561.2869729308, 568.6172701962599, 609.35223224366, 619.0723325003399]
