Avion: 3      Iteracion: 17

Num Ruta: 21
Ingresos: 115200.0
Costos: 318.449966344
Utilidad Ruta: 114881.550034
Costo Reducido: 187.37492191
Nodos: [103, 30, 70, 24, 64, 1, 31, 71, 41, 3, 43, 23, 18, 63, 58, 26, 66, 13, 53, 813]
q: [0.0, 11.0, -11.0, 14.0, -14.0, 7.0, 6.0, -6.0, -7.0, 15.0, -15.0, 10.0, 5.0, -10.0, -5.0, 13.0, -13.0, 15.0, -15.0, 0.0]
Q: [0.0, 11.0, 0.0, 14.0, 0.0, 7.0, 13.0, 7.0, 0.0, 15.0, 0.0, 10.0, 15.0, 5.0, 0.0, 13.0, 0.0, 15.0, 0.0, 0.0]
B: [0.0, 64.0, 82.7140226568, 107.4479935471, 145.9609438496, 175.0, 183.89376197118, 197.19937597428, 230.76046369508, 256.0, 261.08428175852, 267.0, 293.0, 318.4393114097, 328.36484298237, 357.36635980477, 374.94558777417, 423.0, 439.88315095, 463.9855675301]
