Avion: 6      Iteracion: 20

Num Ruta: 21
Ingresos: 122400.0
Costos: 405.877476672
Utilidad Ruta: 121994.122523
Costo Reducido: 237.829416739
Nodos: [106, 24, 64, 1, 41, 3, 43, 23, 22, 63, 62, 32, 25, 65, 72, 15, 20, 55, 4, 27, 67, 44, 60, 33, 73, 816]
q: [0.0, 14.0, -14.0, 7.0, -7.0, 15.0, -15.0, 5.0, 10.0, -5.0, -10.0, 5.0, 10.0, -10.0, -5.0, 11.0, 4.0, -11.0, 5.0, 6.0, -6.0, -5.0, -4.0, 10.0, -10.0, 0.0]
Q: [0.0, 14.0, 0.0, 7.0, 0.0, 15.0, 0.0, 5.0, 15.0, 10.0, 0.0, 5.0, 15.0, 5.0, 0.0, 11.0, 15.0, 4.0, 9.0, 15.0, 9.0, 4.0, 0.0, 10.0, 0.0, 0.0]
B: [0.0, 61.0, 99.5129503025, 175.0, 209.2400855285, 256.0, 261.08428175852, 267.0, 299.0, 314.7564239915, 351.63268413270004, 422.0, 442.6664482919, 459.851430602, 470.8364988767, 511.0, 521.3008920973, 527.43474414964, 533.00942342293, 550.62419796023, 567.65506032833, 573.07031886325, 584.93154211385, 595.75334145595, 619.05685269355, 632.89780992205]
