Avion: 4      Iteracion: 12

Num Ruta: 15
Ingresos: 13200.0
Costos: 107.456132537
Utilidad Ruta: 13092.5438675
Costo Reducido: 481.153036306
Nodos: [104, 6, 46, 32, 72, 814]
q: [0, 5.0, -5.0, 6.0, -6.0, 0]
Q: [0, 5.0, 0.0, 6.0, 0.0, 0]
B: [0.0, 436.0, 439.69228939819, 474.69356853198997, 502.55092434689, 526.91706989759]
