Avion: 4      Iteracion: 52

Num Ruta: 42
Ingresos: 108000.0
Costos: 377.717295233
Utilidad Ruta: 107622.282705
Costo Reducido: 10.3313164504
Nodos: [104, 17, 30, 57, 16, 56, 70, 40, 80, 31, 11, 51, 71, 19, 8, 59, 48, 21, 38, 61, 78, 15, 55, 814]
q: [0.0, 5.0, 10.0, -5.0, 5.0, -5.0, -10.0, 15.0, -15.0, 6.0, 8.0, -8.0, -6.0, 7.0, 8.0, -7.0, -8.0, 13.0, 2.0, -13.0, -2.0, 11.0, -11.0, 0.0]
Q: [0.0, 5.0, 15.0, 10.0, 15.0, 10.0, 0.0, 15.0, 0.0, 6.0, 14.0, 6.0, 0.0, 7.0, 15.0, 8.0, 0.0, 13.0, 15.0, 2.0, 0.0, 11.0, 0.0, 0.0]
B: [0.0, 24.0, 64.0, 67.14445448369, 72.47609381883, 82.10018525647, 84.97134181786, 115.78119589085999, 148.35063767295998, 171.68912667715998, 184.87185587105998, 188.92592271806998, 192.62030128556998, 402.0, 425.1608815463, 443.1178409771, 446.04596016866, 477.0, 483.82291294097, 518.30529332577, 525.37522189684, 569.37923472524, 585.80040134034, 601.14539101124]
