Avion: 6      Iteracion: 3

Num Ruta: 6
Ingresos: 168000.0
Costos: 617.223215276
Utilidad Ruta: 167382.776785
Costo Reducido: 193299.067671
Nodos: [106, 16, 56, 40, 80, 10, 50, 11, 51, 3, 43, 23, 22, 62, 18, 63, 58, 39, 32, 72, 79, 5, 45, 15, 55, 38, 78, 29, 69, 816]
q: [0.0, 11.0, -11.0, 15.0, -15.0, 12.0, -12.0, 8.0, -8.0, 15.0, -15.0, 4.0, 10.0, -10.0, 11.0, -4.0, -11.0, 8.0, 6.0, -6.0, -8.0, 12.0, -12.0, 11.0, -11.0, 8.0, -8.0, 9.0, -9.0, 0.0]
Q: [0.0, 11.0, 0.0, 15.0, 0.0, 12.0, 0.0, 8.0, 0.0, 15.0, 0.0, 4.0, 14.0, 4.0, 15.0, 11.0, 0.0, 8.0, 14.0, 8.0, 0.0, 12.0, 0.0, 11.0, 0.0, 8.0, 0.0, 9.0, 0.0, 0.0]
B: [0.0, 36.0, 45.624091437640004, 77.27284989674001, 109.84229167884001, 127.02298575674001, 156.54249649114, 209.18071307374, 213.23477992075001, 256.0, 261.08428175852, 267.0, 299.0, 320.7546861389, 334.15512273630003, 359.594434146, 369.51996571867005, 388.0, 425.0721191868, 452.92947500170004, 468.1434572877, 480.70799201840003, 481.82968092358004, 515.2318754023801, 531.6530420174801, 535.74030772942, 568.60919437012, 603.00537002962, 636.78514980982, 666.0253250829201]
