Avion: 2      Iteracion: 39

Num Ruta: 38
Ingresos: 38400.0
Costos: 146.596483006
Utilidad Ruta: 38253.403517
Costo Reducido: 7.5914751649
Nodos: [102, 24, 70, 30, 64, 1, 41, 812]
q: [0.0, 14.0, -11.0, 11.0, -14.0, 7.0, -7.0, 0.0]
Q: [0.0, 14.0, 3.0, 14.0, 0.0, 7.0, 0.0, 0.0]
B: [0.0, 61.0, 85.7339708903, 104.4479935471, 124.716114945, 175.0, 209.2400855285, 227.2789911771]
