Avion: 2      Iteracion: 2

Num Ruta: 5
Ingresos: 141600.0
Costos: 511.76609631
Utilidad Ruta: 141088.233904
Costo Reducido: 145878.727669
Nodos: [102, 24, 70, 30, 64, 10, 50, 1, 41, 36, 76, 26, 66, 22, 62, 25, 65, 21, 38, 61, 78, 15, 55, 812]
q: [0.0, 14.0, -11.0, 11.0, -14.0, 12.0, -12.0, 7.0, -7.0, 15.0, -15.0, 13.0, -13.0, 10.0, -10.0, 10.0, -10.0, 13.0, 2.0, -13.0, -2.0, 11.0, -11.0, 0.0]
Q: [0.0, 14.0, 3.0, 14.0, 0.0, 12.0, 0.0, 7.0, 0.0, 15.0, 0.0, 13.0, 0.0, 10.0, 0.0, 10.0, 0.0, 13.0, 15.0, 2.0, 0.0, 11.0, 0.0, 0.0]
B: [0.0, 61.0, 85.7339708903, 104.4479935471, 124.716114945, 136.5020456253, 166.0215563597, 204.44089753050002, 238.68098305900003, 272.6288866909, 279.57703075964, 319.87941521764003, 337.45864318704, 351.09282383714003, 372.84750997604004, 410.0, 427.1849823101, 477.0, 483.82291294097, 518.30529332577, 525.37522189684, 569.37923472524, 585.80040134034, 597.08546957234]
