Avion: 3      Iteracion: 12

Num Ruta: 16
Ingresos: 84000.0
Costos: 475.359797291
Utilidad Ruta: 83524.6402027
Costo Reducido: 1058.02316251
Nodos: [103, 17, 57, 12, 52, 35, 75, 25, 65, 32, 6, 46, 72, 2, 42, 37, 77, 813]
q: [0, 5.0, -5.0, 14.0, -14.0, 6.0, -6.0, 10.0, -10.0, 6.0, 5.0, -5.0, -6.0, 9.0, -9.0, 15.0, -15.0, 0]
Q: [0, 5.0, 0.0, 14.0, 0.0, 6.0, 0.0, 10.0, 0.0, 6.0, 11.0, 6.0, 0.0, 9.0, 0.0, 15.0, 0.0, 0]
B: [0.0, 48.6245240388, 83.4670778201, 103.1757715617, 146.5236958257, 279.0, 298.9128833924, 410.0, 427.1849823101, 445.7299117519, 477.050385088, 480.74267448618997, 503.40004613429, 540.89923125879, 581.63419330619, 617.43822655669, 638.23288002819, 659.23467547529]
