Avion: 5      Iteracion: 25

Num Ruta: 28
Ingresos: 45600.0
Costos: 255.800907638
Utilidad Ruta: 45344.1990924
Costo Reducido: 39.1303715311
Nodos: [105, 17, 57, 10, 50, 35, 75, 32, 72, 29, 69, 815]
q: [0, 5.0, -5.0, 12.0, -12.0, 6.0, -6.0, 6.0, -6.0, 9.0, -9.0, 0]
Q: [0, 5.0, 0.0, 12.0, 0.0, 6.0, 0.0, 6.0, 0.0, 9.0, 0.0, 0]
B: [0.0, 24.8000597782, 59.6426135595, 96.0, 125.5195107344, 279.0, 298.9128833924, 422.0, 449.8573558149, 549.0, 582.7797797802, 607.765713443]
