Avion: 5      Iteracion: 12

Num Ruta: 15
Ingresos: 40800.0
Costos: 247.561592848
Utilidad Ruta: 40552.4384072
Costo Reducido: 726.155197746
Nodos: [105, 12, 52, 6, 46, 32, 72, 2, 42, 815]
q: [0, 14.0, -14.0, 5.0, -5.0, 6.0, -6.0, 9.0, -9.0, 0]
Q: [0, 14.0, 0.0, 5.0, 0.0, 6.0, 0.0, 9.0, 0.0, 0]
B: [0.0, 54.0, 97.347924264, 436.0, 439.69228939819, 474.69356853198997, 502.55092434689, 540.05010947139, 580.78507151879, 595.48524852449]
