Avion: 1      Iteracion: 0

Num Ruta: 1
Ingresos: 52800.0
Costos: 268.54092012
Utilidad Ruta: 52531.4590799
Costo Reducido: -
Nodos: [101, 10, 50, 18, 58, 39, 79, 28, 68, 4, 44, 811]
q: [0, 12.0, -12.0, 11.0, -11.0, 8.0, -8.0, 8.0, -8.0, 5.0, -5.0, 0]
Q: [0, 12.0, 0.0, 11.0, 0.0, 8.0, 0.0, 8.0, 0.0, 5.0, 0.0, 0]
B: [0.0, 96.0, 125.5195107344, 293.0, 316.8182362487, 388.0, 410.632187455, 423.6226744744, 459.6492932583, 529.0, 549.4257496801999, 574.3517677335999]
