Avion: 6      Iteracion: 13

Num Ruta: 14
Ingresos: 7200.0
Costos: 58.0202697731
Utilidad Ruta: 7141.97973023
Costo Reducido: 108.862252722
Nodos: [106, 35, 75, 816]
q: [0, 6.0, -6.0, 0]
Q: [0, 6.0, 0.0, 0]
B: [0.0, 279.0, 298.9128833924, 326.1715901299]
