Avion: 7      Iteracion: 53

Num Ruta: 48
Ingresos: 153600.0
Costos: 405.389112733
Utilidad Ruta: 153194.610887
Costo Reducido: 12.0524144603
Nodos: [107, 30, 16, 56, 70, 24, 64, 1, 31, 71, 11, 51, 41, 3, 43, 23, 18, 63, 58, 25, 65, 15, 21, 55, 38, 78, 61, 37, 77, 817]
q: [0.0, 11.0, 4.0, -4.0, -11.0, 14.0, -14.0, 7.0, 6.0, -6.0, 8.0, -8.0, -7.0, 15.0, -15.0, 10.0, 5.0, -10.0, -5.0, 10.0, -10.0, 8.0, 7.0, -8.0, 8.0, -8.0, -7.0, 15.0, -15.0, 0.0]
Q: [0.0, 11.0, 15.0, 11.0, 0.0, 14.0, 0.0, 7.0, 13.0, 7.0, 15.0, 7.0, 0.0, 15.0, 0.0, 10.0, 15.0, 5.0, 0.0, 10.0, 0.0, 8.0, 15.0, 7.0, 15.0, 7.0, 0.0, 15.0, 0.0, 0.0]
B: [0.0, 64.0, 72.20259129788, 81.82668273552001, 84.69783929691, 109.43181018721, 147.94476048971, 175.0, 183.89376197118, 197.19937597428, 197.678254873377, 201.732321720387, 236.048051058387, 256.0, 261.08428175852, 267.0, 293.0, 318.4393114097, 328.36484298237, 410.0, 427.1849823101, 511.0, 516.67223351071, 527.47150163401, 531.55876734595, 564.42765398665, 571.49758255772, 595.07688212322, 615.87153559472, 631.44592396152]
