Avion: 3      Iteracion: 40

Num Ruta: 42
Ingresos: 37200.0
Costos: 124.548130846
Utilidad Ruta: 37075.4518692
Costo Reducido: 4.0396676178
Nodos: [103, 12, 52, 31, 71, 15, 55, 813]
q: [0, 14.0, -14.0, 6.0, -6.0, 11.0, -11.0, 0]
Q: [0, 14.0, 0.0, 6.0, 0.0, 11.0, 0.0, 0]
B: [0.0, 54.0, 97.347924264, 130.0, 143.3056140031, 511.0, 527.4211666151, 539.3282037361]
