Avion: 3      Iteracion: 2

Num Ruta: 6
Ingresos: 165600.0
Costos: 565.38291271
Utilidad Ruta: 165034.617087
Costo Reducido: 129963.109404
Nodos: [103, 40, 80, 10, 50, 1, 31, 71, 41, 3, 43, 36, 76, 34, 18, 58, 74, 39, 32, 8, 48, 79, 13, 72, 53, 5, 45, 15, 55, 7, 4, 47, 44, 813]
q: [0.0, 15.0, -15.0, 12.0, -12.0, 7.0, 6.0, -6.0, -7.0, 15.0, -15.0, 15.0, -15.0, 12.0, 3.0, -3.0, -12.0, 7.0, 0.0, 8.0, -8.0, -7.0, 0.0, 0.0, 0.0, 12.0, -12.0, 11.0, -11.0, 10.0, 5.0, -10.0, -5.0, 0.0]
Q: [0.0, 15.0, 0.0, 12.0, 0.0, 7.0, 13.0, 7.0, 0.0, 15.0, 0.0, 15.0, 0.0, 12.0, 15.0, 12.0, 0.0, 7.0, 7.0, 15.0, 7.0, 0.0, 0.0, 0.0, 0.0, 12.0, 0.0, 11.0, 0.0, 10.0, 15.0, 5.0, 0.0, 0.0]
B: [0.0, 62.0, 94.5694417821, 111.75013586, 141.2696465944, 179.6889877652, 188.58274973638, 201.88836373948, 235.44945146028002, 256.0, 261.08428175852, 296.00374706082, 302.95189112956, 316.67163912286003, 340.38713283476005, 364.20536908346, 379.35799872326004, 388.69465047857005, 425.7667696653701, 437.2136678041701, 457.9820644201701, 461.3719035019001, 464.60383728835006, 478.4460170661501, 482.5169674465901, 509.78125054739013, 510.90293945257014, 544.3051339313702, 560.7263005464702, 571.6310401123701, 581.9944134048701, 601.2667743915702, 602.4271484691801, 629.9794218780801]
