Avion: 7      Iteracion: 22

Num Ruta: 24
Ingresos: 128400.0
Costos: 352.107415132
Utilidad Ruta: 128047.892585
Costo Reducido: 168.070422936
Nodos: [107, 14, 54, 31, 11, 51, 71, 36, 76, 18, 58, 25, 65, 32, 8, 48, 13, 72, 53, 15, 38, 55, 4, 78, 27, 44, 67, 817]
q: [0.0, 8.0, -8.0, 6.0, 8.0, -8.0, -6.0, 15.0, -15.0, 11.0, -11.0, 10.0, -10.0, 6.0, 8.0, -8.0, 9.0, -6.0, -9.0, 7.0, 8.0, -7.0, 5.0, -8.0, 6.0, -5.0, -6.0, 0.0]
Q: [0.0, 8.0, 0.0, 6.0, 14.0, 6.0, 0.0, 15.0, 0.0, 11.0, 0.0, 10.0, 0.0, 6.0, 14.0, 6.0, 15.0, 9.0, 0.0, 7.0, 15.0, 8.0, 13.0, 5.0, 11.0, 6.0, 0.0, 0.0]
B: [0.0, 112.0, 124.021711775, 151.2337789879, 169.0, 173.05406684701, 176.74844541451, 251.0, 257.94814406874, 293.0, 316.8182362487, 410.0, 427.1849823101, 445.7299117519, 457.1768098907, 477.9452065067, 480.15588264761, 493.99806242541, 498.06901280585004, 518.0260385612501, 530.40441357575, 534.49167928769, 540.06635856098, 569.18605788978, 580.7217852183801, 597.0725977975801, 602.4878563325001, 609.19255110557]
