Avion: 5      Iteracion: 14

Num Ruta: 17
Ingresos: 15600.0
Costos: 111.555111015
Utilidad Ruta: 15488.444889
Costo Reducido: 95.7160865985
Nodos: [105, 38, 4, 78, 44, 815]
q: [0, 8.0, 5.0, -8.0, -5.0, 0]
Q: [0, 8.0, 13.0, 5.0, 0.0, 0]
B: [0.0, 480.0, 529.0, 558.1196993288, 579.8222344111, 600.8493856685]
