Avion: 2      Iteracion: 35

Num Ruta: 34
Ingresos: 114000.0
Costos: 370.440652163
Utilidad Ruta: 113629.559348
Costo Reducido: 45.3115744595
Nodos: [102, 24, 56, 16, 64, 1, 41, 23, 18, 63, 58, 28, 68, 25, 38, 65, 20, 78, 60, 37, 77, 812]
q: [0.0, 14.0, -11.0, 11.0, -14.0, 7.0, -7.0, 10.0, 5.0, -10.0, -5.0, 8.0, -8.0, 10.0, 5.0, -10.0, 10.0, -5.0, -10.0, 15.0, -15.0, 0.0]
Q: [0.0, 14.0, 3.0, 14.0, 0.0, 7.0, 0.0, 10.0, 15.0, 5.0, 0.0, 8.0, 0.0, 10.0, 15.0, 5.0, 15.0, 10.0, 0.0, 15.0, 0.0, 0.0]
B: [0.0, 61.0, 86.22619907949999, 95.85029051714, 120.25777979813999, 175.0, 209.2400855285, 267.0, 293.0, 318.4393114097, 328.36484298237, 378.0, 414.0266187839, 417.35999740026, 480.0, 484.32166275871, 496.0, 530.6263354833, 558.0033432088, 569.5808611639, 590.3755146353999, 609.0747494860999]
