Avion: 4      Iteracion: 7

Num Ruta: 11
Ingresos: 150000.0
Costos: 516.891135387
Utilidad Ruta: 149483.108865
Costo Reducido: 287744.850942
Nodos: [104, 17, 16, 56, 57, 30, 24, 70, 64, 31, 11, 51, 71, 36, 76, 35, 26, 75, 66, 22, 62, 19, 8, 59, 48, 21, 38, 61, 78, 15, 55, 814]
q: [0.0, 5.0, 10.0, -10.0, -5.0, 11.0, 4.0, -11.0, -4.0, 6.0, 8.0, -8.0, -6.0, 15.0, -15.0, 6.0, 9.0, -6.0, -9.0, 10.0, -10.0, 7.0, 8.0, -7.0, -8.0, 7.0, 8.0, -7.0, -8.0, 11.0, -11.0, 0.0]
Q: [0.0, 5.0, 15.0, 5.0, 0.0, 11.0, 15.0, 4.0, 0.0, 6.0, 14.0, 6.0, 0.0, 15.0, 0.0, 6.0, 15.0, 9.0, 0.0, 10.0, 0.0, 7.0, 15.0, 8.0, 0.0, 7.0, 15.0, 8.0, 0.0, 11.0, 0.0, 0.0]
B: [0.0, 24.0, 58.8014769802, 68.42556841784, 83.07333718993999, 86.21779167362999, 104.47469283452999, 129.20866372483, 158.84622464003, 170.13058239753, 183.31331159143, 187.36737843844, 191.06175700594, 251.0, 257.94814406874, 308.86250452824004, 319.48971912094004, 328.78272450133005, 338.60454027032006, 352.23872092042006, 373.9934070593201, 402.0, 425.1608815463, 443.1178409771, 446.04596016866, 477.0, 483.82291294097, 518.30529332577, 525.37522189684, 569.37923472524, 585.80040134034, 601.14539101124]
