Avion: 6      Iteracion: 62

Num Ruta: 58
Ingresos: 55200.0
Costos: 195.91481617
Utilidad Ruta: 55004.0851838
Costo Reducido: 0.308152265119
Nodos: [106, 16, 56, 24, 64, 10, 50, 2, 42, 816]
q: [0, 11.0, -11.0, 14.0, -14.0, 12.0, -12.0, 9.0, -9.0, 0]
Q: [0, 11.0, 0.0, 14.0, 0.0, 12.0, 0.0, 9.0, 0.0, 0]
B: [0.0, 36.0, 45.624091437640004, 70.85029051714, 109.36324081964, 121.14917149994, 150.66868223434, 522.0, 562.7349620474, 572.45506230408]
