Avion: 5      Iteracion: 11

Num Ruta: 14
Ingresos: 141600.0
Costos: 519.693160132
Utilidad Ruta: 141080.30684
Costo Reducido: 88528.254297
Nodos: [105, 9, 49, 30, 70, 11, 51, 36, 76, 34, 74, 22, 62, 32, 72, 13, 53, 21, 38, 61, 78, 27, 67, 29, 69, 815]
q: [0.0, 11.0, -11.0, 11.0, -11.0, 8.0, -8.0, 15.0, -15.0, 12.0, -12.0, 10.0, -10.0, 6.0, -6.0, 15.0, -15.0, 7.0, 8.0, -7.0, -8.0, 6.0, -6.0, 9.0, -9.0, 0.0]
Q: [0.0, 11.0, 0.0, 11.0, 0.0, 8.0, 0.0, 15.0, 0.0, 12.0, 0.0, 10.0, 0.0, 6.0, 0.0, 15.0, 0.0, 7.0, 15.0, 8.0, 0.0, 6.0, 0.0, 9.0, 0.0, 0.0]
B: [0.0, 40.8000150123, 70.3272520148, 86.11515235019999, 104.82917500699999, 169.0, 173.05406684701, 251.0, 257.94814406874, 283.0, 323.947598037, 353.69889745399996, 375.4535835929, 422.0, 449.8573558149, 463.69953559270004, 480.58268654270006, 496.09408293370007, 502.9169958746701, 537.39937625947, 544.4693048305401, 556.0050321591401, 573.0358945272401, 608.0530400419401, 641.8328198221401, 666.8187534849401]
