Avion: 1      Iteracion: 8

Num Ruta: 11
Ingresos: 164400.0
Costos: 569.553890278
Utilidad Ruta: 163830.44611
Costo Reducido: 291911.411561
Nodos: [101, 16, 56, 30, 70, 40, 80, 31, 71, 23, 35, 75, 63, 22, 62, 25, 65, 39, 79, 5, 45, 2, 4, 42, 7, 47, 44, 37, 77, 811]
q: [0.0, 11.0, -11.0, 11.0, -11.0, 15.0, -15.0, 6.0, -6.0, 9.0, 6.0, -6.0, -9.0, 10.0, -10.0, 10.0, -10.0, 8.0, -8.0, 12.0, -12.0, 9.0, 5.0, -9.0, 10.0, -10.0, -5.0, 15.0, -15.0, 0.0]
Q: [0.0, 11.0, 0.0, 11.0, 0.0, 15.0, 0.0, 6.0, 0.0, 9.0, 15.0, 9.0, 0.0, 10.0, 0.0, 10.0, 0.0, 8.0, 0.0, 12.0, 0.0, 9.0, 14.0, 5.0, 15.0, 5.0, 0.0, 15.0, 0.0, 0.0]
B: [0.0, 36.0, 45.624091437640004, 64.0, 82.7140226568, 113.5238767298, 146.0933185119, 169.4318075161, 182.7374215192, 267.0, 307.4405515417, 327.3534349341, 339.9719804129, 355.7284044044, 377.4830905433, 410.0, 427.1849823101, 446.3261919114, 468.9583793664, 481.5229140971, 482.64460300228, 522.0, 549.3715326023, 562.8222884175, 574.3290145375, 602.8703263504, 604.0307004280099, 611.0950725161699, 631.8897259876699, 674.8543197131698]
