Avion: 6      Iteracion: 15

Num Ruta: 16
Ingresos: 66000.0
Costos: 257.31518643
Utilidad Ruta: 65742.6848136
Costo Reducido: 204.809299383
Nodos: [106, 9, 49, 18, 58, 28, 68, 25, 65, 38, 7, 47, 78, 816]
q: [0.0, 11.0, -11.0, 11.0, -11.0, 8.0, -8.0, 10.0, -10.0, 8.0, 7.0, -7.0, -8.0, 0.0]
Q: [0.0, 11.0, 0.0, 11.0, 0.0, 8.0, 0.0, 10.0, 0.0, 8.0, 15.0, 8.0, 0.0, 0.0]
B: [0.0, 35.5829922575, 65.11022926000001, 293.0, 316.8182362487, 378.0, 414.0266187839, 417.35999740026, 434.54497971036, 480.0, 517.0, 545.5413118129, 567.3456051745, 597.3574227135999]
