Avion: 6      Iteracion: 34

Num Ruta: 34
Ingresos: 16800.0
Costos: 81.2578668382
Utilidad Ruta: 16718.7421332
Costo Reducido: 1.8016296662
Nodos: [106, 24, 64, 816]
q: [0, 14.0, -14.0, 0]
Q: [0, 14.0, 0.0, 0]
B: [0.0, 61.0, 99.5129503025, 110.7634767346]
