Avion: 3      Iteracion: 10

Num Ruta: 14
Ingresos: 66000.0
Costos: 283.499468656
Utilidad Ruta: 65716.5005313
Costo Reducido: 79736.4177761
Nodos: [103, 9, 49, 14, 54, 31, 71, 34, 74, 25, 65, 8, 48, 813]
q: [0, 11.0, -11.0, 8.0, -8.0, 6.0, -6.0, 12.0, -12.0, 10.0, -10.0, 8.0, -8.0, 0]
Q: [0, 11.0, 0.0, 8.0, 0.0, 6.0, 0.0, 12.0, 0.0, 10.0, 0.0, 8.0, 0.0, 0]
B: [0.0, 28.0, 57.5272370025, 112.0, 124.021711775, 151.2337789879, 164.539392991, 283.0, 323.947598037, 410.0, 427.1849823101, 453.0055821676, 473.7739787836, 495.472404026]
