Avion: 5      Iteracion: 61

Num Ruta: 51
Ingresos: 45600.0
Costos: 115.245689273
Utilidad Ruta: 45484.7543107
Costo Reducido: 1.05132734179
Nodos: [105, 16, 56, 40, 80, 5, 45, 815]
q: [0, 11.0, -11.0, 15.0, -15.0, 12.0, -12.0, 0]
Q: [0, 11.0, 0.0, 15.0, 0.0, 12.0, 0.0, 0]
B: [0.0, 36.0, 45.624091437640004, 77.27284989674001, 109.84229167884001, 469.0, 470.12168890518, 483.34589368278]
