Avion: 2      Iteracion: 27

Num Ruta: 28
Ingresos: 12000.0
Costos: 75.9574724127
Utilidad Ruta: 11924.0425276
Costo Reducido: 8.85130733961
Nodos: [102, 17, 56, 16, 57, 812]
q: [0.0, 5.0, -5.0, 5.0, -5.0, 0.0]
Q: [0.0, 5.0, 0.0, 5.0, 0.0, 0.0]
B: [0.0, 25.145167826, 57.8629958713, 67.48708730894, 72.81872664408, 75.9574724127]
