Avion: 7      Iteracion: 18

Num Ruta: 21
Ingresos: 130800.0
Costos: 475.510161208
Utilidad Ruta: 130324.489839
Costo Reducido: 223.888843985
Nodos: [107, 9, 49, 12, 52, 10, 50, 35, 26, 75, 66, 22, 62, 19, 32, 59, 72, 21, 20, 61, 60, 33, 73, 29, 69, 817]
q: [0.0, 11.0, -11.0, 14.0, -14.0, 12.0, -12.0, 6.0, 9.0, -6.0, -9.0, 10.0, -10.0, 7.0, 6.0, -7.0, -6.0, 5.0, 10.0, -5.0, -10.0, 10.0, -10.0, 9.0, -9.0, 0.0]
Q: [0.0, 11.0, 0.0, 14.0, 0.0, 12.0, 0.0, 6.0, 15.0, 9.0, 0.0, 10.0, 0.0, 7.0, 13.0, 6.0, 0.0, 5.0, 15.0, 10.0, 0.0, 10.0, 0.0, 9.0, 0.0, 0.0]
B: [0.0, 28.0348110926, 57.562048095099996, 68.3490848522, 111.6970091162, 120.41477947335, 149.93429020775, 279.0, 300.0, 309.29300538039, 319.11482114938, 332.74900179948, 354.50368793838004, 402.0, 422.0, 441.5724706923, 458.69984714049997, 477.1117787339, 496.0, 532.4252917215, 553.0247123444, 563.8465116865, 587.1500229241, 605.5333421293, 639.3131219095, 660.886656854]
