Avion: 4      Iteracion: 25

Num Ruta: 27
Ingresos: 33600.0
Costos: 157.33379372
Utilidad Ruta: 33442.6662063
Costo Reducido: 28.7231032768
Nodos: [104, 17, 57, 14, 54, 32, 25, 72, 65, 814]
q: [0.0, 5.0, -5.0, 8.0, -8.0, 6.0, 9.0, -6.0, -9.0, 0.0]
Q: [0.0, 5.0, 0.0, 8.0, 0.0, 6.0, 15.0, 9.0, 0.0, 0.0]
B: [0.0, 24.0, 58.8425537813, 112.0, 124.021711775, 422.0, 442.6664482919, 469.8986961242, 480.8837643989, 494.7197813113]
