Avion: 1      Iteracion: 26

Num Ruta: 28
Ingresos: 100800.0
Costos: 341.50957136
Utilidad Ruta: 100458.490429
Costo Reducido: 75.5508670664
Nodos: [101, 12, 52, 10, 50, 36, 76, 34, 74, 28, 68, 25, 65, 21, 61, 811]
q: [0, 14.0, -14.0, 12.0, -12.0, 15.0, -15.0, 12.0, -12.0, 8.0, -8.0, 10.0, -10.0, 13.0, -13.0, 0]
Q: [0, 14.0, 0.0, 12.0, 0.0, 15.0, 0.0, 12.0, 0.0, 8.0, 0.0, 10.0, 0.0, 13.0, 0.0, 0]
B: [0.0, 54.0, 97.347924264, 106.06569462115, 135.58520535555, 251.0, 257.94814406874, 283.0, 323.947598037, 378.0, 414.0266187839, 417.35999740026, 434.54497971036, 477.0, 517.7387906792, 536.8977052882999]
