Avion: 1      Iteracion: 25

Num Ruta: 27
Ingresos: 86400.0
Costos: 280.061748862
Utilidad Ruta: 86119.9382511
Costo Reducido: 37.1845602589
Nodos: [101, 11, 51, 34, 74, 28, 39, 68, 19, 59, 79, 6, 46, 7, 4, 47, 44, 33, 73, 811]
q: [0.0, 8.0, -8.0, 12.0, -12.0, 7.0, 8.0, -7.0, 7.0, -7.0, -8.0, 5.0, -5.0, 10.0, 5.0, -10.0, -5.0, 10.0, -10.0, 0.0]
Q: [0.0, 8.0, 0.0, 12.0, 0.0, 7.0, 15.0, 8.0, 15.0, 8.0, 0.0, 5.0, 0.0, 10.0, 15.0, 5.0, 0.0, 10.0, 0.0, 0.0]
B: [0.0, 169.0, 173.05406684701, 283.0, 323.947598037, 378.0, 389.3210123222, 420.750419714, 433.28621298769997, 459.91332927919996, 466.22853133455993, 472.91677549875993, 476.6090648969499, 517.0, 529.0, 548.2723609867, 549.43273506431, 562.0, 585.3035112376, 591.22248750043]
