Avion: 3      Iteracion: 25

Num Ruta: 29
Ingresos: 58800.0
Costos: 237.578528797
Utilidad Ruta: 58562.4214712
Costo Reducido: 59.1385049123
Nodos: [103, 24, 64, 1, 41, 8, 32, 48, 72, 29, 4, 44, 69, 813]
q: [0, 14.0, -14.0, 7.0, -7.0, 8.0, 6.0, -8.0, -6.0, 9.0, 5.0, -5.0, -9.0, 0]
Q: [0, 14.0, 0.0, 7.0, 0.0, 8.0, 14.0, 6.0, 0.0, 9.0, 14.0, 9.0, 0.0, 0]
B: [0.0, 61.0, 99.5129503025, 175.0, 209.2400855285, 414.0, 425.4468981388, 447.8266328334, 463.87573156200006, 549.0, 569.7100026316, 590.1357523117999, 602.3548233485, 634.5406885847]
