Avion: 7      Iteracion: 28

Num Ruta: 30
Ingresos: 81600.0
Costos: 247.264861655
Utilidad Ruta: 81352.7351383
Costo Reducido: 64.4043156168
Nodos: [107, 14, 54, 3, 43, 23, 18, 63, 58, 21, 38, 61, 78, 29, 27, 69, 67, 817]
q: [0.0, 8.0, -8.0, 15.0, -15.0, 10.0, 5.0, -10.0, -5.0, 7.0, 8.0, -7.0, -8.0, 9.0, 6.0, -9.0, -6.0, 0.0]
Q: [0.0, 8.0, 0.0, 15.0, 0.0, 10.0, 15.0, 5.0, 0.0, 7.0, 15.0, 8.0, 0.0, 9.0, 15.0, 6.0, 0.0, 0.0]
B: [0.0, 112.0, 124.021711775, 256.0, 261.08428175852, 267.0, 293.0, 318.4393114097, 328.36484298237, 477.0, 483.82291294097, 518.30529332577, 525.37522189684, 559.77139755634, 585.37320579324, 593.58963378842, 609.03701136522, 615.7417061382899]
