Avion: 6      Iteracion: 57

Num Ruta: 54
Ingresos: 84000.0
Costos: 286.251749819
Utilidad Ruta: 83713.7482502
Costo Reducido: 11.7731435004
Nodos: [106, 9, 49, 14, 54, 23, 18, 63, 58, 15, 55, 20, 4, 44, 60, 33, 73, 816]
q: [0.0, 11.0, -11.0, 8.0, -8.0, 10.0, 5.0, -10.0, -5.0, 11.0, -11.0, 10.0, 5.0, -5.0, -10.0, 10.0, -10.0, 0.0]
Q: [0.0, 11.0, 0.0, 8.0, 0.0, 10.0, 15.0, 5.0, 0.0, 11.0, 0.0, 10.0, 15.0, 10.0, 0.0, 10.0, 0.0, 0.0]
B: [0.0, 35.5829922575, 65.11022926000001, 112.0, 124.021711775, 267.0, 293.0, 318.4393114097, 328.36484298237, 511.0, 527.4211666151, 533.55501866744, 543.83416970244, 564.25991938264, 576.12114263324, 586.94294197534, 610.24645321294, 624.0874104414399]
