Avion: 6      Iteracion: 0

Num Ruta: 2
Ingresos: 177600.0
Costos: 609.520203362
Utilidad Ruta: 176990.479797
Costo Reducido: -
Nodos: [106, 17, 57, 40, 80, 10, 50, 11, 51, 36, 76, 3, 43, 23, 18, 63, 58, 39, 79, 13, 53, 5, 45, 15, 55, 38, 78, 29, 69, 816]
q: [0.0, 5.0, -5.0, 15.0, -15.0, 12.0, -12.0, 8.0, -8.0, 15.0, -15.0, 15.0, -15.0, 4.0, 11.0, -4.0, -11.0, 8.0, -8.0, 15.0, -15.0, 12.0, -12.0, 11.0, -11.0, 8.0, -8.0, 9.0, -9.0, 0.0]
Q: [0.0, 5.0, 0.0, 15.0, 0.0, 12.0, 0.0, 8.0, 0.0, 15.0, 0.0, 15.0, 0.0, 4.0, 15.0, 11.0, 0.0, 8.0, 0.0, 15.0, 0.0, 12.0, 0.0, 11.0, 0.0, 8.0, 0.0, 9.0, 0.0, 0.0]
B: [0.0, 34.2933399948, 69.1358937761, 92.8348645976, 125.4043063797, 142.58500045760002, 172.10451119200002, 224.7427277746, 228.79679462161002, 251.0, 257.94814406874, 294.92818141324, 300.01246317176, 303.37495049515996, 323.55390064126, 348.99321205096, 358.91874362363, 388.0, 410.632187455, 423.0, 439.88315095, 469.0, 470.12168890518, 511.0, 527.4211666151, 531.5084323270399, 564.3773189677399, 598.77349462724, 632.55327440744, 661.79344968054]
