Avion: 3      Iteracion: 23

Num Ruta: 27
Ingresos: 51600.0
Costos: 179.039372391
Utilidad Ruta: 51420.9606276
Costo Reducido: 62.5571872766
Nodos: [103, 36, 76, 21, 61, 4, 7, 47, 44, 813]
q: [0, 15.0, -15.0, 13.0, -13.0, 5.0, 10.0, -10.0, -5.0, 0]
Q: [0, 15.0, 0.0, 13.0, 0.0, 5.0, 15.0, 5.0, 0.0, 0]
B: [0.0, 251.0, 257.94814406874, 477.0, 517.7387906792, 546.9085880901999, 557.2719613826999, 585.8132731955999, 586.9736472732098, 614.5259206821098]
