Avion: 1      Iteracion: 23

Num Ruta: 25
Ingresos: 31200.0
Costos: 143.479351837
Utilidad Ruta: 31056.5206482
Costo Reducido: 23.0434803936
Nodos: [101, 8, 48, 6, 46, 21, 61, 811]
q: [0, 8.0, -8.0, 5.0, -5.0, 13.0, -13.0, 0]
Q: [0, 8.0, 0.0, 5.0, 0.0, 13.0, 0.0, 0]
B: [0.0, 414.0, 434.768396616, 443.95906824543, 447.65135764362, 484.33260654552, 525.0713972247199, 544.2303118338199]
