Avion: 7      Iteracion: 44

Num Ruta: 43
Ingresos: 81600.0
Costos: 220.649215299
Utilidad Ruta: 81379.3507847
Costo Reducido: 10.7511575782
Nodos: [107, 30, 16, 56, 70, 24, 64, 36, 76, 15, 7, 55, 29, 69, 47, 817]
q: [0.0, 11.0, 4.0, -4.0, -11.0, 14.0, -14.0, 15.0, -15.0, 9.0, 6.0, -9.0, 9.0, -9.0, -6.0, 0.0]
Q: [0.0, 11.0, 15.0, 11.0, 0.0, 14.0, 0.0, 15.0, 0.0, 9.0, 15.0, 6.0, 15.0, 6.0, 0.0, 0.0]
B: [0.0, 64.0, 72.20259129788, 81.82668273552001, 84.69783929691, 109.43181018721, 147.94476048971, 251.0, 257.94814406874, 511.0, 524.7672641436, 535.6720037094999, 550.8098805751999, 584.5896603553999, 596.8864642084, 607.9536201665]
