Avion: 4      Iteracion: 54

Num Ruta: 44
Ingresos: 108000.0
Costos: 325.752057492
Utilidad Ruta: 107674.247943
Costo Reducido: 33.5379517088
Nodos: [104, 17, 57, 24, 64, 31, 11, 51, 71, 19, 8, 59, 48, 5, 45, 7, 4, 47, 44, 2, 33, 73, 42, 814]
q: [0.0, 5.0, -5.0, 14.0, -14.0, 6.0, 8.0, -8.0, -6.0, 7.0, 8.0, -7.0, -8.0, 12.0, -12.0, 10.0, 5.0, -10.0, -5.0, 9.0, 6.0, -6.0, -9.0, 0.0]
Q: [0.0, 5.0, 0.0, 14.0, 0.0, 6.0, 14.0, 6.0, 0.0, 7.0, 15.0, 8.0, 0.0, 12.0, 0.0, 10.0, 15.0, 5.0, 0.0, 9.0, 15.0, 9.0, 0.0, 0.0]
B: [0.0, 24.0, 58.8425537813, 75.400837086, 113.9137873885, 130.0, 169.0, 173.05406684701, 176.74844541451, 402.0, 425.1608815463, 443.1178409771, 446.04596016866, 469.0, 470.12168890518, 517.0, 529.0, 548.2723609867, 549.43273506431, 558.88720157491, 572.67280250491, 595.97631374251, 614.49509777391, 623.29273842354]
