Avion: 7      Iteracion: 24

Num Ruta: 26
Ingresos: 108000.0
Costos: 346.339778333
Utilidad Ruta: 107653.660222
Costo Reducido: 101.686873948
Nodos: [107, 14, 54, 3, 43, 18, 34, 58, 74, 25, 65, 19, 32, 59, 13, 72, 53, 29, 15, 55, 4, 44, 69, 817]
q: [0.0, 8.0, -8.0, 15.0, -15.0, 3.0, 12.0, -3.0, -12.0, 10.0, -10.0, 7.0, 6.0, -7.0, 9.0, -6.0, -9.0, 9.0, 6.0, -6.0, 5.0, -5.0, -9.0, 0.0]
Q: [0.0, 8.0, 0.0, 15.0, 0.0, 3.0, 15.0, 12.0, 0.0, 10.0, 0.0, 7.0, 13.0, 6.0, 15.0, 9.0, 0.0, 9.0, 15.0, 9.0, 14.0, 9.0, 0.0, 0.0]
B: [0.0, 112.0, 124.021711775, 256.0, 261.08428175852, 293.0, 316.7154937119, 344.9475311871, 360.10016082690004, 410.0, 427.1849823101, 443.8578739909, 455.57278862989995, 475.14525932219993, 479.37287862861996, 493.21505840642, 497.28600878686, 549.0, 562.9414599307, 579.3626265458, 584.93730581909, 605.3630554992901, 617.5821265359901, 639.1556614804902]
