Avion: 1      Iteracion: 17

Num Ruta: 19
Ingresos: 115200.0
Costos: 337.515458673
Utilidad Ruta: 114862.484541
Costo Reducido: 216.25824763
Nodos: [101, 17, 57, 24, 64, 31, 71, 14, 54, 3, 43, 23, 18, 58, 63, 26, 66, 6, 46, 13, 53, 811]
q: [0.0, 5.0, -5.0, 14.0, -14.0, 6.0, -6.0, 8.0, -8.0, 15.0, -15.0, 10.0, 5.0, -5.0, -10.0, 13.0, -13.0, 5.0, -5.0, 15.0, -15.0, 0.0]
Q: [0.0, 5.0, 0.0, 14.0, 0.0, 6.0, 0.0, 8.0, 0.0, 15.0, 0.0, 10.0, 15.0, 10.0, 0.0, 13.0, 0.0, 5.0, 0.0, 15.0, 0.0, 0.0]
B: [0.0, 36.0038629316, 70.8464167129, 87.40470001759999, 125.9176503201, 137.2020080776, 150.5076220807, 167.5536286512, 179.5753404262, 256.0, 261.08428175852, 267.0, 293.0, 316.8182362487, 326.74376782137, 346.43014059547, 364.00936856487, 436.0, 439.69228939819, 453.10235550539, 469.98550645539, 481.82004780689]
