Avion: 6      Iteracion: 14

Num Ruta: 15
Ingresos: 111600.0
Costos: 388.05279728
Utilidad Ruta: 111211.947203
Costo Reducido: 364.333639968
Nodos: [106, 16, 56, 17, 57, 14, 54, 3, 43, 23, 26, 63, 66, 22, 62, 32, 8, 48, 72, 38, 7, 4, 47, 44, 78, 816]
q: [0.0, 11.0, -11.0, 5.0, -5.0, 8.0, -8.0, 15.0, -15.0, 10.0, 5.0, -10.0, -5.0, 10.0, -10.0, 6.0, 8.0, -8.0, -6.0, 8.0, 2.0, 5.0, -2.0, -5.0, -8.0, 0.0]
Q: [0.0, 11.0, 0.0, 5.0, 0.0, 8.0, 0.0, 15.0, 0.0, 10.0, 15.0, 5.0, 0.0, 10.0, 0.0, 6.0, 14.0, 6.0, 0.0, 8.0, 10.0, 15.0, 13.0, 8.0, 0.0, 0.0]
B: [0.0, 36.0, 45.624091437640004, 78.34191948294, 113.18447326424, 125.62302611414, 137.64473788914, 256.0, 261.08428175852, 267.0, 301.4413435423, 321.1277163164, 324.19478869898, 337.82896934908, 359.58365548798, 422.0, 433.4468981388, 454.2152947548, 470.2643934834, 485.2948407156, 517.0, 529.0, 548.2723609867, 549.43273506431, 571.13527014661, 601.14708768571]
