Avion: 5      Iteracion: 13

Num Ruta: 16
Ingresos: 7200.0
Costos: 49.2406117179
Utilidad Ruta: 7150.75938828
Costo Reducido: 101.530912716
Nodos: [105, 35, 75, 815]
q: [0, 6.0, -6.0, 0]
Q: [0, 6.0, 0.0, 0]
B: [0.0, 279.0, 298.9128833924, 316.41172415399996]
