Avion: 6      Iteracion: 18

Num Ruta: 19
Ingresos: 85200.0
Costos: 268.348370016
Utilidad Ruta: 84931.65163
Costo Reducido: 162.898747021
Nodos: [106, 9, 49, 12, 52, 1, 31, 71, 11, 51, 41, 3, 43, 23, 63, 816]
q: [0, 11.0, -11.0, 14.0, -14.0, 7.0, 6.0, -6.0, 8.0, -8.0, -7.0, 15.0, -15.0, 10.0, -10.0, 0]
Q: [0, 11.0, 0.0, 14.0, 0.0, 7.0, 13.0, 7.0, 15.0, 7.0, 0.0, 15.0, 0.0, 10.0, 0.0, 0]
B: [0.0, 35.5829922575, 65.11022926000001, 75.89726601710001, 119.24519028110001, 175.0, 183.89376197118, 197.19937597428, 197.678254873377, 201.732321720387, 236.048051058387, 256.0, 261.08428175852, 267.0, 306.733842905, 324.9802540864]
