Avion: 1      Iteracion: 49

Num Ruta: 44
Ingresos: 90000.0
Costos: 295.525345172
Utilidad Ruta: 89704.4746548
Costo Reducido: 18.1404325152
Nodos: [101, 12, 52, 31, 71, 36, 76, 34, 74, 39, 6, 46, 79, 21, 38, 61, 78, 811]
q: [0.0, 14.0, -14.0, 6.0, -6.0, 15.0, -15.0, 12.0, -12.0, 8.0, 5.0, -5.0, -8.0, 7.0, 8.0, -7.0, -8.0, 0.0]
Q: [0.0, 14.0, 0.0, 6.0, 0.0, 15.0, 0.0, 12.0, 0.0, 8.0, 13.0, 8.0, 0.0, 7.0, 15.0, 8.0, 0.0, 0.0]
B: [0.0, 54.0, 97.347924264, 130.0, 143.3056140031, 251.0, 257.94814406874, 283.0, 323.947598037, 388.0, 436.0, 439.69228939819, 449.87740525418997, 477.0, 483.82291294097, 518.30529332577, 525.37522189684, 539.66464543314]
