Avion: 1      Iteracion: 60

Num Ruta: 49
Ingresos: 92400.0
Costos: 293.366549796
Utilidad Ruta: 92106.6334502
Costo Reducido: 3.78840118252
Nodos: [101, 12, 52, 1, 41, 3, 43, 23, 63, 28, 68, 25, 65, 21, 61, 811]
q: [0, 14.0, -14.0, 7.0, -7.0, 15.0, -15.0, 10.0, -10.0, 8.0, -8.0, 10.0, -10.0, 13.0, -13.0, 0]
Q: [0, 14.0, 0.0, 7.0, 0.0, 15.0, 0.0, 10.0, 0.0, 8.0, 0.0, 10.0, 0.0, 13.0, 0.0, 0]
B: [0.0, 54.0, 97.347924264, 175.0, 209.2400855285, 256.0, 261.08428175852, 267.0, 306.733842905, 378.0, 414.0266187839, 417.35999740026, 434.54497971036, 477.0, 517.7387906792, 536.8977052882999]
