Avion: 2      Iteracion: 60

Num Ruta: 56
Ingresos: 78000.0
Costos: 258.345480511
Utilidad Ruta: 77741.6545195
Costo Reducido: 13.6054769966
Nodos: [102, 1, 41, 23, 63, 28, 68, 15, 7, 55, 20, 47, 60, 37, 77, 812]
q: [0.0, 7.0, -7.0, 10.0, -10.0, 8.0, -8.0, 10.0, 5.0, -10.0, 10.0, -5.0, -10.0, 15.0, -15.0, 0.0]
Q: [0.0, 7.0, 0.0, 10.0, 0.0, 8.0, 0.0, 10.0, 15.0, 5.0, 15.0, 10.0, 0.0, 15.0, 0.0, 0.0]
B: [0.0, 175.0, 209.2400855285, 267.0, 306.733842905, 378.0, 414.0266187839, 511.0, 524.7672641436, 535.6720037094999, 541.8058557618399, 571.0518631474399, 584.0155476931399, 595.5930656482399, 616.3877191197398, 635.0869539704398]
