Avion: 4      Iteracion: 36

Num Ruta: 35
Ingresos: 94800.0
Costos: 276.064120683
Utilidad Ruta: 94523.9358793
Costo Reducido: 18.0542783313
Nodos: [104, 17, 30, 57, 16, 70, 56, 10, 50, 35, 26, 75, 66, 22, 62, 32, 19, 59, 13, 72, 53, 814]
q: [0.0, 5.0, 10.0, -5.0, 5.0, -10.0, -5.0, 12.0, -12.0, 6.0, 9.0, -6.0, -9.0, 10.0, -10.0, 6.0, 7.0, -7.0, 9.0, -6.0, -9.0, 0.0]
Q: [0.0, 5.0, 15.0, 10.0, 15.0, 5.0, 0.0, 12.0, 0.0, 6.0, 15.0, 9.0, 0.0, 10.0, 0.0, 6.0, 13.0, 6.0, 15.0, 9.0, 0.0, 0.0]
B: [0.0, 24.0, 64.0, 67.14445448369, 72.47609381883, 83.29276558052999, 86.16392214191998, 101.99319935221999, 131.51271008662, 279.0, 300.0, 309.29300538039, 319.11482114938, 332.74900179948, 354.50368793838004, 422.0, 433.71491463899997, 460.34203093049996, 464.56965023692, 478.41183001472, 482.48278039516003, 503.95986031776005]
