Avion: 5      Iteracion: 0

Num Ruta: 1
Ingresos: 60000.0
Costos: 275.865543743
Utilidad Ruta: 59724.1344563
Costo Reducido: -
Nodos: [105, 12, 52, 14, 54, 26, 66, 27, 67, 2, 42, 815]
q: [0, 14.0, -14.0, 8.0, -8.0, 13.0, -13.0, 6.0, -6.0, 9.0, -9.0, 0]
Q: [0, 14.0, 0.0, 8.0, 0.0, 13.0, 0.0, 6.0, 0.0, 9.0, 0.0, 0]
B: [0.0, 54.0, 97.347924264, 133.8671580457, 145.8888698207, 300.0, 317.5792279694, 538.0, 555.0308623681, 566.4829354555, 607.2178975029, 621.9180745086]
