Avion: 5      Iteracion: 21

Num Ruta: 24
Ingresos: 19200.0
Costos: 80.0590175529
Utilidad Ruta: 19119.9409824
Costo Reducido: 65.514074393
Nodos: [105, 6, 46, 15, 55, 815]
q: [0, 5.0, -5.0, 11.0, -11.0, 0]
Q: [0, 5.0, 0.0, 11.0, 0.0, 0]
B: [0.0, 436.0, 439.69228939819, 511.0, 527.4211666151, 535.45833359109]
