Avion: 2      Iteracion: 24

Num Ruta: 25
Ingresos: 51600.0
Costos: 204.499921801
Utilidad Ruta: 51395.5000782
Costo Reducido: 59.1948595463
Nodos: [102, 31, 71, 34, 74, 38, 21, 78, 61, 33, 73, 812]
q: [0.0, 6.0, -6.0, 12.0, -12.0, 8.0, 7.0, -8.0, -7.0, 10.0, -10.0, 0.0]
Q: [0.0, 6.0, 0.0, 12.0, 0.0, 8.0, 15.0, 7.0, 0.0, 10.0, 0.0, 0.0]
B: [0.0, 130.0, 143.3056140031, 283.0, 323.947598037, 480.0, 486.82291294097, 525.3346514111701, 532.4045799822401, 562.0, 585.3035112376, 604.5497183964]
