Avion: 1      Iteracion: 28

Num Ruta: 30
Ingresos: 58800.0
Costos: 142.920150954
Utilidad Ruta: 58657.079849
Costo Reducido: 21.0024535193
Nodos: [101, 30, 70, 16, 56, 5, 45, 38, 21, 61, 78, 811]
q: [0.0, 11.0, -11.0, 11.0, -11.0, 12.0, -12.0, 8.0, 7.0, -7.0, -8.0, 0.0]
Q: [0.0, 11.0, 0.0, 11.0, 0.0, 12.0, 0.0, 8.0, 15.0, 8.0, 0.0, 0.0]
B: [0.0, 64.0, 82.7140226568, 93.53069441849999, 103.15478585614, 469.0, 470.12168890518, 491.70338160988, 498.52629455085, 539.26508523005, 546.33501380112, 560.62443733742]
