Avion: 3      Iteracion: 29

Num Ruta: 33
Ingresos: 43200.0
Costos: 122.702290527
Utilidad Ruta: 43077.2977095
Costo Reducido: 24.0432681876
Nodos: [103, 9, 49, 7, 47, 37, 77, 813]
q: [0, 11.0, -11.0, 10.0, -10.0, 15.0, -15.0, 0]
Q: [0, 11.0, 0.0, 10.0, 0.0, 15.0, 0.0, 0]
B: [0.0, 28.0, 57.5272370025, 517.0, 545.5413118129, 562.0, 582.7946534714999, 603.7964489185999]
