Avion: 7      Iteracion: 8

Num Ruta: 11
Ingresos: 159600.0
Costos: 578.021014302
Utilidad Ruta: 159021.978986
Costo Reducido: 155272.855405
Nodos: [107, 9, 49, 40, 30, 70, 80, 10, 50, 23, 35, 75, 63, 22, 62, 25, 65, 39, 79, 5, 45, 7, 4, 47, 44, 33, 73, 37, 77, 817]
q: [0.0, 11.0, -11.0, 4.0, 11.0, -11.0, -4.0, 12.0, -12.0, 9.0, 6.0, -6.0, -9.0, 10.0, -10.0, 10.0, -10.0, 8.0, -8.0, 12.0, -12.0, 10.0, 5.0, -10.0, -5.0, 10.0, -10.0, 15.0, -15.0, 0.0]
Q: [0.0, 11.0, 0.0, 4.0, 15.0, 4.0, 0.0, 12.0, 0.0, 9.0, 15.0, 9.0, 0.0, 10.0, 0.0, 10.0, 0.0, 8.0, 0.0, 12.0, 0.0, 10.0, 15.0, 5.0, 0.0, 10.0, 0.0, 15.0, 0.0, 0.0]
B: [0.0, 28.0348110926, 57.562048095099996, 86.5208430459, 111.80287745769999, 130.5169001145, 132.56219960357, 149.74289368147, 179.26240441587, 267.0, 307.4405515417, 327.3534349341, 339.9719804129, 355.7284044044, 377.4830905433, 410.0, 427.1849823101, 446.3261919114, 468.9583793664, 481.5229140971, 482.64460300228, 517.0, 529.0, 548.2723609867, 549.43273506431, 562.0, 585.3035112376, 612.462098259, 633.2567517304999, 648.8311400972999]
