Avion: 2      Iteracion: 43

Num Ruta: 41
Ingresos: 42000.0
Costos: 142.123811128
Utilidad Ruta: 41857.8761889
Costo Reducido: 3.925991733
Nodos: [102, 24, 70, 30, 64, 22, 62, 812]
q: [0.0, 14.0, -11.0, 11.0, -14.0, 10.0, -10.0, 0.0]
Q: [0.0, 14.0, 3.0, 14.0, 0.0, 10.0, 0.0, 0.0]
B: [0.0, 61.0, 85.7339708903, 104.4479935471, 124.716114945, 299.0, 320.7546861389, 336.7201258134]
