Avion: 2      Iteracion: 47

Num Ruta: 45
Ingresos: 48000.0
Costos: 138.300985264
Utilidad Ruta: 47861.6990147
Costo Reducido: 8.65763591586
Nodos: [102, 22, 62, 18, 58, 28, 68, 15, 55, 812]
q: [0, 10.0, -10.0, 11.0, -11.0, 8.0, -8.0, 11.0, -11.0, 0]
Q: [0, 10.0, 0.0, 11.0, 0.0, 8.0, 0.0, 11.0, 0.0, 0]
B: [0.0, 299.0, 320.7546861389, 334.15512273630003, 357.973358985, 378.0, 414.0266187839, 511.0, 527.4211666151, 538.7062348471]
