Avion: 1      Iteracion: 19

Num Ruta: 21
Ingresos: 51600.0
Costos: 186.001566974
Utilidad Ruta: 51413.998433
Costo Reducido: 102.308525723
Nodos: [101, 36, 76, 34, 74, 28, 68, 39, 79, 811]
q: [0, 15.0, -15.0, 12.0, -12.0, 8.0, -8.0, 8.0, -8.0, 0]
Q: [0, 15.0, 0.0, 12.0, 0.0, 8.0, 0.0, 8.0, 0.0, 0]
B: [0.0, 251.0, 257.94814406874, 283.0, 323.947598037, 378.0, 414.0266187839, 445.4560261757, 468.0882136307, 479.6522868318]
