Avion: 4      Iteracion: 18

Num Ruta: 21
Ingresos: 100800.0
Costos: 442.916387121
Utilidad Ruta: 100357.083613
Costo Reducido: 175.745622233
Nodos: [104, 17, 57, 40, 80, 31, 11, 71, 51, 34, 74, 22, 62, 32, 19, 59, 72, 21, 20, 60, 61, 814]
q: [0.0, 5.0, -5.0, 15.0, -15.0, 6.0, 8.0, -6.0, -8.0, 12.0, -12.0, 10.0, -10.0, 6.0, 7.0, -7.0, -6.0, 5.0, 10.0, -10.0, -5.0, 0.0]
Q: [0.0, 5.0, 0.0, 15.0, 0.0, 6.0, 14.0, 8.0, 0.0, 12.0, 0.0, 10.0, 0.0, 6.0, 13.0, 6.0, 0.0, 5.0, 15.0, 5.0, 0.0, 0.0]
B: [0.0, 24.0, 58.8425537813, 82.5415246028, 115.1109663849, 138.4494553891, 169.0, 169.478878899097, 173.173257466597, 283.0, 323.947598037, 353.69889745399996, 375.4535835929, 422.0, 433.71491463899997, 460.34203093049996, 477.46940737869994, 495.8813389720999, 500.6307453560599, 542.8078878031599, 563.4073084260599, 609.1857829528599]
