Avion: 6      Iteracion: 10

Num Ruta: 11
Ingresos: 136800.0
Costos: 565.132819327
Utilidad Ruta: 136234.867181
Costo Reducido: 107891.356059
Nodos: [106, 16, 56, 17, 10, 57, 14, 54, 50, 36, 76, 18, 34, 58, 74, 39, 79, 19, 25, 65, 59, 20, 7, 47, 60, 33, 27, 67, 73, 816]
q: [0.0, 11.0, -11.0, 5.0, 7.0, -5.0, 8.0, -8.0, -7.0, 15.0, -15.0, 3.0, 12.0, -3.0, -12.0, 8.0, -8.0, 5.0, 10.0, -10.0, -5.0, 5.0, 10.0, -10.0, -5.0, 10.0, 5.0, -5.0, -10.0, 0.0]
Q: [0.0, 11.0, 0.0, 5.0, 12.0, 7.0, 15.0, 7.0, 0.0, 15.0, 0.0, 3.0, 15.0, 12.0, 0.0, 8.0, 0.0, 5.0, 15.0, 5.0, 0.0, 5.0, 15.0, 5.0, 0.0, 10.0, 15.0, 10.0, 0.0, 0.0]
B: [0.0, 36.0, 45.624091437640004, 78.34191948294, 96.50430437594, 113.76510357523999, 126.20365642514, 138.22536820014, 183.74845043324, 251.0, 257.94814406874, 293.0, 316.7154937119, 344.9475311871, 360.10016082690004, 388.0, 410.632187455, 442.163332772, 451.55534001219996, 468.74032232229996, 485.52717875819997, 504.41994949199994, 517.0, 545.5413118129, 558.5049963585999, 569.3267957006999, 585.7793866212999, 602.8102489893998, 623.3770412769999, 637.2179985054998]
