Avion: 2      Iteracion: 46

Num Ruta: 44
Ingresos: 87600.0
Costos: 221.968316342
Utilidad Ruta: 87378.0316837
Costo Reducido: 11.353795773
Nodos: [102, 31, 11, 51, 71, 36, 76, 22, 62, 18, 58, 39, 79, 27, 7, 47, 67, 812]
q: [0.0, 6.0, 8.0, -8.0, -6.0, 15.0, -15.0, 10.0, -10.0, 11.0, -11.0, 8.0, -8.0, 5.0, 10.0, -10.0, -5.0, 0.0]
Q: [0.0, 6.0, 14.0, 6.0, 0.0, 15.0, 0.0, 10.0, 0.0, 11.0, 0.0, 8.0, 0.0, 5.0, 15.0, 5.0, 0.0, 0.0]
B: [0.0, 130.0, 169.0, 173.05406684701, 176.74844541451, 251.0, 257.94814406874, 299.0, 320.7546861389, 334.15512273630003, 357.973358985, 388.0, 410.632187455, 538.0, 565.6633233723, 594.2046351852, 598.60455575266, 612.02096201516]
