Avion: 7      Iteracion: 17

Num Ruta: 20
Ingresos: 122400.0
Costos: 349.478270711
Utilidad Ruta: 122050.521729
Costo Reducido: 212.308927155
Nodos: [107, 30, 70, 16, 56, 10, 50, 35, 26, 75, 66, 13, 53, 25, 65, 20, 60, 2, 42, 29, 69, 817]
q: [0.0, 11.0, -11.0, 11.0, -11.0, 12.0, -12.0, 6.0, 9.0, -6.0, -9.0, 15.0, -15.0, 10.0, -10.0, 10.0, -10.0, 9.0, -9.0, 9.0, -9.0, 0.0]
Q: [0.0, 11.0, 0.0, 11.0, 0.0, 12.0, 0.0, 6.0, 15.0, 9.0, 0.0, 15.0, 0.0, 10.0, 0.0, 10.0, 0.0, 9.0, 0.0, 9.0, 0.0, 0.0]
B: [0.0, 64.0, 82.7140226568, 93.53069441849999, 103.15478585614, 118.98406306644, 148.50357380084, 279.0, 300.0, 309.29300538039, 319.11482114938, 423.0, 439.88315095, 463.8957169312, 481.0806992413, 496.0, 538.1771424471, 545.50743971256, 586.24240175996, 596.04714229707, 629.82692207727, 651.40045702177]
