Avion: 1      Iteracion: 13

Num Ruta: 16
Ingresos: 42000.0
Costos: 120.258092924
Utilidad Ruta: 41879.7419071
Costo Reducido: 346.37704605
Nodos: [101, 10, 50, 35, 75, 5, 45, 6, 46, 811]
q: [0, 12.0, -12.0, 6.0, -6.0, 12.0, -12.0, 5.0, -5.0, 0]
Q: [0, 12.0, 0.0, 6.0, 0.0, 12.0, 0.0, 5.0, 0.0, 0]
B: [0.0, 96.0, 125.5195107344, 279.0, 298.9128833924, 469.0, 470.12168890518, 486.34528175638, 490.03757115457, 506.07672848907]
