Avion: 4      Iteracion: 49

Num Ruta: 39
Ingresos: 118800.0
Costos: 375.112101896
Utilidad Ruta: 118424.887898
Costo Reducido: 12.2106047442
Nodos: [104, 17, 30, 57, 16, 56, 70, 40, 80, 31, 11, 71, 51, 19, 32, 8, 59, 48, 6, 46, 13, 72, 53, 21, 38, 61, 78, 814]
q: [0.0, 5.0, 10.0, -5.0, 5.0, -5.0, -10.0, 15.0, -15.0, 6.0, 8.0, -6.0, -8.0, 7.0, 0.0, 8.0, -7.0, -8.0, 5.0, -5.0, 15.0, 0.0, -15.0, 7.0, 8.0, -7.0, -8.0, 0.0]
Q: [0.0, 5.0, 15.0, 10.0, 15.0, 10.0, 0.0, 15.0, 0.0, 6.0, 14.0, 8.0, 0.0, 7.0, 7.0, 15.0, 8.0, 0.0, 5.0, 0.0, 15.0, 15.0, 0.0, 7.0, 15.0, 8.0, 0.0, 0.0]
B: [0.0, 24.0, 64.0, 67.14445448369, 72.47609381883, 82.10018525647, 84.97134181786, 115.78119589085999, 148.35063767295998, 171.68912667715998, 184.87185587105998, 185.35073477015698, 189.04511333765697, 402.0, 422.0, 433.4468981388, 451.4038575696, 454.33197676116, 463.52264839059, 467.21493778878, 480.62500389598, 494.46718367378, 498.53813405422005, 514.0495304452201, 520.8724433861901, 555.35482377099, 562.4247523420601, 606.42588346386]
