Avion: 7      Iteracion: 16

Num Ruta: 19
Ingresos: 134400.0
Costos: 418.876618249
Utilidad Ruta: 133981.123382
Costo Reducido: 177.750954069
Nodos: [107, 12, 52, 1, 11, 51, 41, 23, 18, 63, 58, 39, 79, 13, 53, 21, 38, 78, 61, 4, 7, 47, 44, 37, 77, 817]
q: [0.0, 14.0, -14.0, 7.0, 8.0, -8.0, -7.0, 10.0, 5.0, -10.0, -5.0, 8.0, -8.0, 15.0, -15.0, 13.0, 2.0, -2.0, -13.0, 5.0, 10.0, -10.0, -5.0, 15.0, -15.0, 0.0]
Q: [0.0, 14.0, 0.0, 7.0, 15.0, 7.0, 0.0, 10.0, 15.0, 5.0, 0.0, 8.0, 0.0, 15.0, 0.0, 13.0, 15.0, 13.0, 0.0, 5.0, 15.0, 5.0, 0.0, 15.0, 0.0, 0.0]
B: [0.0, 54.0, 97.347924264, 175.0, 193.6808285951, 197.73489544211, 232.05062478011, 267.0, 293.0, 318.4393114097, 328.36484298237, 388.0, 410.632187455, 423.0, 439.88315095, 477.0, 483.82291294097, 516.69179958167, 523.76172815274, 552.93152556374, 563.29489885624, 591.83621066914, 592.9965847467499, 600.0609568349099, 620.85561030641, 636.42999867321]
