Avion: 6      Iteracion: 2

Num Ruta: 5
Ingresos: 187200.0
Costos: 598.896271969
Utilidad Ruta: 186601.103728
Costo Reducido: 157715.429581
Nodos: [106, 16, 56, 40, 80, 10, 50, 1, 41, 36, 76, 3, 43, 23, 18, 63, 58, 25, 65, 39, 79, 5, 45, 15, 55, 20, 4, 44, 60, 33, 73, 816]
q: [0.0, 11.0, -11.0, 15.0, -15.0, 12.0, -12.0, 7.0, -7.0, 15.0, -15.0, 15.0, -15.0, 4.0, 11.0, -4.0, -11.0, 10.0, -10.0, 8.0, -8.0, 12.0, -12.0, 11.0, -11.0, 10.0, 5.0, -5.0, -10.0, 10.0, -10.0, 0.0]
Q: [0.0, 11.0, 0.0, 15.0, 0.0, 12.0, 0.0, 7.0, 0.0, 15.0, 0.0, 15.0, 0.0, 4.0, 15.0, 11.0, 0.0, 10.0, 0.0, 8.0, 0.0, 12.0, 0.0, 11.0, 0.0, 10.0, 15.0, 10.0, 0.0, 10.0, 0.0, 0.0]
B: [0.0, 36.0, 45.624091437640004, 77.27284989674001, 109.84229167884001, 127.02298575674001, 156.54249649114, 194.96183766194002, 229.20192319044003, 263.14982682234, 270.09797089108, 307.07800823558, 312.1622899941, 315.52477731749997, 335.7037274636, 361.1430388733, 371.06857044597, 410.0, 427.1849823101, 446.3261919114, 468.9583793664, 481.5229140971, 482.64460300228, 516.04679748108, 532.46796409618, 538.60181614852, 548.88096718352, 569.3067168637201, 581.1679401143201, 591.9897394564201, 615.2932506940201, 629.1342079225201]
