Avion: 1      Iteracion: 20

Num Ruta: 22
Ingresos: 121200.0
Costos: 352.722643158
Utilidad Ruta: 120847.277357
Costo Reducido: 243.73590599
Nodos: [101, 30, 70, 24, 64, 36, 76, 34, 74, 28, 39, 68, 25, 65, 79, 6, 46, 27, 4, 67, 44, 33, 73, 811]
q: [0.0, 11.0, -11.0, 14.0, -14.0, 15.0, -15.0, 12.0, -12.0, 8.0, 5.0, -8.0, 10.0, -10.0, -5.0, 5.0, -5.0, 6.0, 5.0, -6.0, -5.0, 10.0, -10.0, 0.0]
Q: [0.0, 11.0, 0.0, 14.0, 0.0, 15.0, 0.0, 12.0, 0.0, 8.0, 13.0, 5.0, 15.0, 5.0, 0.0, 5.0, 0.0, 6.0, 11.0, 5.0, 0.0, 10.0, 0.0, 0.0]
B: [0.0, 64.0, 82.7140226568, 107.4479935471, 145.9609438496, 251.0, 257.94814406874, 283.0, 323.947598037, 378.0, 389.3210123222, 420.750419714, 424.08379833035997, 441.26878064045997, 460.17589178945997, 466.86413595365997, 470.55642535184995, 538.0, 555.6147745373, 571.701975195, 577.11723372992, 585.68869918222, 608.99221041982, 614.91118668265]
