Avion: 6      Iteracion: 4

Num Ruta: 7
Ingresos: 181200.0
Costos: 601.165133565
Utilidad Ruta: 180598.834866
Costo Reducido: 168470.732274
Nodos: [106, 9, 49, 12, 52, 14, 54, 11, 51, 3, 43, 23, 18, 63, 58, 26, 66, 39, 79, 13, 53, 8, 48, 15, 55, 20, 4, 44, 60, 33, 73, 816]
q: [0.0, 11.0, -11.0, 14.0, -14.0, 8.0, -8.0, 8.0, -8.0, 15.0, -15.0, 4.0, 11.0, -4.0, -11.0, 13.0, -13.0, 8.0, -8.0, 15.0, -15.0, 8.0, -8.0, 11.0, -11.0, 10.0, 5.0, -5.0, -10.0, 10.0, -10.0, 0.0]
Q: [0.0, 11.0, 0.0, 14.0, 0.0, 8.0, 0.0, 8.0, 0.0, 15.0, 0.0, 4.0, 15.0, 11.0, 0.0, 13.0, 0.0, 8.0, 0.0, 15.0, 0.0, 8.0, 0.0, 11.0, 0.0, 10.0, 15.0, 10.0, 0.0, 10.0, 0.0, 0.0]
B: [0.0, 35.5829922575, 65.11022926000001, 75.89726601710001, 119.24519028110001, 155.7644240628, 167.7861358378, 197.234564947, 201.28863179401, 256.0, 261.08428175852, 267.0, 293.0, 318.4393114097, 328.36484298237, 357.36635980477, 374.94558777417, 394.64350596367, 417.27569341867, 423.0, 439.88315095, 473.0543964648, 493.8227930808, 524.440515563, 540.8616821781, 546.99553423044, 557.27468526544, 577.7004349456399, 589.5616581962399, 600.3834575383399, 623.6869687759399, 637.5279260044399]
