Avion: 1      Iteracion: 18

Num Ruta: 20
Ingresos: 15600.0
Costos: 74.5229991315
Utilidad Ruta: 15525.4770009
Costo Reducido: 36.9584092149
Nodos: [101, 21, 61, 811]
q: [0, 13.0, -13.0, 0]
Q: [0, 13.0, 0.0, 0]
B: [0.0, 477.0, 517.7387906792, 536.8977052882999]
