Avion: 4      Iteracion: 11

Num Ruta: 14
Ingresos: 58800.0
Costos: 319.382837057
Utilidad Ruta: 58480.6171629
Costo Reducido: 69493.7528562
Nodos: [104, 9, 49, 30, 70, 34, 74, 29, 69, 27, 67, 814]
q: [0, 11.0, -11.0, 11.0, -11.0, 12.0, -12.0, 9.0, -9.0, 6.0, -6.0, 0]
Q: [0, 11.0, 0.0, 11.0, 0.0, 12.0, 0.0, 9.0, 0.0, 6.0, 0.0, 0]
B: [0.0, 49.232321223, 78.7595582255, 94.5474585609, 113.2614812177, 283.0, 323.947598037, 549.0, 582.7797797802, 590.99620777538, 608.0270701434799, 642.00845328188]
