Avion: 3      Iteracion: 0

Num Ruta: 1
Ingresos: 67200.0
Costos: 286.441740307
Utilidad Ruta: 66913.5582597
Costo Reducido: -
Nodos: [103, 30, 70, 31, 71, 3, 43, 8, 48, 32, 72, 20, 60, 813]
q: [0, 11.0, -11.0, 6.0, -6.0, 15.0, -15.0, 8.0, -8.0, 6.0, -6.0, 10.0, -10.0, 0]
Q: [0, 11.0, 0.0, 6.0, 0.0, 15.0, 0.0, 8.0, 0.0, 6.0, 0.0, 10.0, 0.0, 0]
B: [0.0, 64.0, 82.7140226568, 130.0, 143.3056140031, 256.0, 261.08428175852, 414.0, 434.768396616, 457.14813131060004, 485.00548712550005, 500.9645595923001, 543.1417020394001, 581.5145733028002]
