Avion: 4      Iteracion: 0

Num Ruta: 1
Ingresos: 92400.0
Costos: 356.462025913
Utilidad Ruta: 92043.5379741
Costo Reducido: -
Nodos: [104, 24, 64, 11, 51, 36, 76, 22, 62, 25, 65, 19, 59, 21, 61, 814]
q: [0, 14.0, -14.0, 8.0, -8.0, 15.0, -15.0, 10.0, -10.0, 10.0, -10.0, 7.0, -7.0, 13.0, -13.0, 0]
Q: [0, 14.0, 0.0, 8.0, 0.0, 15.0, 0.0, 10.0, 0.0, 10.0, 0.0, 7.0, 0.0, 13.0, 0.0, 0]
B: [0.0, 61.0, 99.5129503025, 169.0, 173.05406684701, 251.0, 257.94814406874, 299.0, 320.7546861389, 410.0, 427.1849823101, 443.8578739909, 470.48499028239996, 494.09185066239996, 534.8306413416, 580.6091158684]
