Avion: 1      Iteracion: 62

Num Ruta: 50
Ingresos: 57600.0
Costos: 235.340632052
Utilidad Ruta: 57364.6593679
Costo Reducido: 6.06120038476
Nodos: [101, 14, 54, 34, 74, 39, 6, 46, 79, 38, 21, 61, 78, 811]
q: [0.0, 8.0, -8.0, 12.0, -12.0, 8.0, 5.0, -5.0, -8.0, 8.0, 7.0, -7.0, -8.0, 0.0]
Q: [0.0, 8.0, 0.0, 12.0, 0.0, 8.0, 13.0, 8.0, 0.0, 8.0, 15.0, 8.0, 0.0, 0.0]
B: [0.0, 112.0, 124.021711775, 283.0, 323.947598037, 388.0, 436.0, 439.69228939819, 449.87740525418997, 480.0, 486.82291294097, 527.56170362017, 534.63163219124, 548.92105572754]
