Avion: 6      Iteracion: 21

Num Ruta: 22
Ingresos: 74400.0
Costos: 222.95852692
Utilidad Ruta: 74177.0414731
Costo Reducido: 132.628475638
Nodos: [106, 30, 70, 14, 54, 3, 43, 23, 18, 63, 58, 39, 6, 46, 79, 816]
q: [0.0, 11.0, -11.0, 8.0, -8.0, 15.0, -15.0, 10.0, 5.0, -10.0, -5.0, 8.0, 5.0, -5.0, -8.0, 0.0]
Q: [0.0, 11.0, 0.0, 8.0, 0.0, 15.0, 0.0, 10.0, 15.0, 5.0, 0.0, 8.0, 13.0, 8.0, 0.0, 0.0]
B: [0.0, 64.0, 82.7140226568, 112.0, 124.021711775, 256.0, 261.08428175852, 267.0, 293.0, 318.4393114097, 328.36484298237, 388.0, 436.0, 439.69228939819, 449.87740525418997, 471.54612972059]
