Avion: 6      Iteracion: 53

Num Ruta: 51
Ingresos: 103200.0
Costos: 342.611777127
Utilidad Ruta: 102857.388223
Costo Reducido: 6.2270490169
Nodos: [106, 9, 49, 12, 52, 10, 50, 35, 75, 22, 62, 18, 58, 19, 32, 59, 13, 72, 53, 816]
q: [0.0, 11.0, -11.0, 14.0, -14.0, 12.0, -12.0, 6.0, -6.0, 10.0, -10.0, 11.0, -11.0, 7.0, 6.0, -7.0, 9.0, -6.0, -9.0, 0.0]
Q: [0.0, 11.0, 0.0, 14.0, 0.0, 12.0, 0.0, 6.0, 0.0, 10.0, 0.0, 11.0, 0.0, 7.0, 13.0, 6.0, 15.0, 9.0, 0.0, 0.0]
B: [0.0, 35.5829922575, 65.11022926000001, 75.89726601710001, 119.24519028110001, 127.96296063825001, 157.48247137265002, 279.0, 298.9128833924, 314.02713802169995, 335.78182416059997, 349.182260758, 373.00049700669996, 402.0, 422.0, 441.5724706923, 445.80008999872, 459.64226977652004, 463.71322015696006, 467.78815451226006]
