Avion: 6      Iteracion: 35

Num Ruta: 35
Ingresos: 66000.0
Costos: 226.503662127
Utilidad Ruta: 65773.4963379
Costo Reducido: 20.1958925165
Nodos: [106, 40, 80, 31, 71, 36, 76, 20, 60, 2, 42, 816]
q: [0, 15.0, -15.0, 6.0, -6.0, 15.0, -15.0, 10.0, -10.0, 9.0, -9.0, 0]
Q: [0, 15.0, 0.0, 6.0, 0.0, 15.0, 0.0, 10.0, 0.0, 9.0, 0.0, 0]
B: [0.0, 62.0, 94.5694417821, 130.0, 143.3056140031, 251.0, 257.94814406874, 496.0, 538.1771424471, 545.50743971256, 586.24240175996, 595.96250201664]
