Avion: 6      Iteracion: 44

Num Ruta: 43
Ingresos: 100800.0
Costos: 352.029024852
Utilidad Ruta: 100447.970975
Costo Reducido: 12.3587336546
Nodos: [106, 9, 49, 12, 52, 10, 50, 35, 75, 18, 58, 39, 79, 19, 32, 59, 13, 72, 53, 816]
q: [0.0, 11.0, -11.0, 14.0, -14.0, 12.0, -12.0, 6.0, -6.0, 11.0, -11.0, 8.0, -8.0, 7.0, 6.0, -7.0, 9.0, -6.0, -9.0, 0.0]
Q: [0.0, 11.0, 0.0, 14.0, 0.0, 12.0, 0.0, 6.0, 0.0, 11.0, 0.0, 8.0, 0.0, 7.0, 13.0, 6.0, 15.0, 9.0, 0.0, 0.0]
B: [0.0, 35.5829922575, 65.11022926000001, 75.89726601710001, 119.24519028110001, 127.96296063825001, 157.48247137265002, 279.0, 298.9128833924, 321.80373678409995, 345.62197303279993, 388.0, 410.632187455, 442.163332772, 453.87824741099996, 473.45071810329995, 477.67833740972, 491.52051718752, 495.59146756796, 499.66640192326]
