Avion: 7      Iteracion: 49

Num Ruta: 46
Ingresos: 69600.0
Costos: 201.820207298
Utilidad Ruta: 69398.1797927
Costo Reducido: 10.7102849193
Nodos: [107, 12, 52, 31, 71, 36, 76, 15, 21, 55, 38, 78, 61, 817]
q: [0.0, 14.0, -14.0, 6.0, -6.0, 15.0, -15.0, 8.0, 7.0, -8.0, 8.0, -8.0, -7.0, 0.0]
Q: [0.0, 14.0, 0.0, 6.0, 0.0, 15.0, 0.0, 8.0, 15.0, 7.0, 15.0, 7.0, 0.0, 0.0]
B: [0.0, 54.0, 97.347924264, 130.0, 143.3056140031, 251.0, 257.94814406874, 511.0, 516.67223351071, 527.47150163401, 531.55876734595, 564.42765398665, 571.49758255772, 598.9046476687199]
