Avion: 7      Iteracion: 29

Num Ruta: 31
Ingresos: 87600.0
Costos: 248.154202553
Utilidad Ruta: 87351.8457974
Costo Reducido: 67.8143903082
Nodos: [107, 30, 16, 56, 70, 40, 80, 22, 62, 8, 48, 13, 53, 7, 47, 817]
q: [0.0, 11.0, 4.0, -4.0, -11.0, 15.0, -15.0, 10.0, -10.0, 8.0, -8.0, 15.0, -15.0, 10.0, -10.0, 0.0]
Q: [0.0, 11.0, 15.0, 11.0, 0.0, 15.0, 0.0, 10.0, 0.0, 8.0, 0.0, 15.0, 0.0, 10.0, 0.0, 0.0]
B: [0.0, 64.0, 72.20259129788, 81.82668273552001, 84.69783929691, 115.50769336991, 148.07713515201, 299.0, 320.7546861389, 414.0, 434.768396616, 436.97907275691, 453.86222370691, 517.0, 545.5413118129, 556.6084677709999]
