Avion: 5      Iteracion: 7

Num Ruta: 10
Ingresos: 88800.0
Costos: 421.140842711
Utilidad Ruta: 88378.8591573
Costo Reducido: 274573.283553
Nodos: [105, 17, 57, 23, 63, 22, 62, 28, 68, 21, 38, 61, 78, 15, 55, 37, 77, 815]
q: [0.0, 5.0, -5.0, 10.0, -10.0, 10.0, -10.0, 8.0, -8.0, 13.0, 2.0, -13.0, -2.0, 11.0, -11.0, 15.0, -15.0, 0.0]
Q: [0.0, 5.0, 0.0, 10.0, 0.0, 10.0, 0.0, 8.0, 0.0, 13.0, 15.0, 2.0, 0.0, 11.0, 0.0, 15.0, 0.0, 0.0]
B: [0.0, 24.8000597782, 59.6426135595, 267.0, 306.733842905, 322.49026689650003, 344.24495303540004, 387.29611673630006, 423.32273552020007, 477.0, 483.82291294097, 518.30529332577, 525.37522189684, 569.37923472524, 585.80040134034, 613.17709599104, 633.97174946254, 655.59919434164]
