Avion: 2      Iteracion: 11

Num Ruta: 13
Ingresos: 18000.0
Costos: 92.8237027296
Utilidad Ruta: 17907.1762973
Costo Reducido: 32765.2324815
Nodos: [102, 29, 69, 27, 67, 812]
q: [0, 9.0, -9.0, 6.0, -6.0, 0]
Q: [0, 9.0, 0.0, 6.0, 0.0, 0]
B: [0.0, 549.0, 582.7797797802, 590.99620777538, 608.0270701434799, 621.4434764059799]
