Avion: 7      Iteracion: 25

Num Ruta: 27
Ingresos: 32400.0
Costos: 103.699940038
Utilidad Ruta: 32296.30006
Costo Reducido: 5.58971565908
Nodos: [107, 11, 51, 25, 65, 29, 69, 817]
q: [0, 8.0, -8.0, 10.0, -10.0, 9.0, -9.0, 0]
Q: [0, 8.0, 0.0, 10.0, 0.0, 9.0, 0.0, 0]
B: [0.0, 169.0, 173.05406684701, 410.0, 427.1849823101, 549.0, 582.7797797802, 604.3533147247]
