Avion: 2      Iteracion: 14

Num Ruta: 15
Ingresos: 22800.0
Costos: 73.011920915
Utilidad Ruta: 22726.9880791
Costo Reducido: 92.3195640695
Nodos: [102, 16, 56, 8, 48, 812]
q: [0, 11.0, -11.0, 8.0, -8.0, 0]
Q: [0, 11.0, 0.0, 8.0, 0.0, 0]
B: [0.0, 36.0, 45.624091437640004, 414.0, 434.768396616, 448.9509121193]
