Avion: 7      Iteracion: 2

Num Ruta: 6
Ingresos: 186000.0
Costos: 610.534324925
Utilidad Ruta: 185389.465675
Costo Reducido: 185577.90938
Nodos: [107, 9, 49, 30, 16, 56, 70, 24, 64, 1, 31, 71, 41, 36, 76, 26, 66, 22, 62, 8, 48, 25, 65, 21, 38, 45, 5, 78, 61, 33, 73, 29, 69, 817]
q: [0.0, 11.0, -11.0, 11.0, 4.0, -4.0, -11.0, 14.0, -14.0, 7.0, 6.0, -6.0, -7.0, 15.0, -15.0, 13.0, -13.0, 10.0, -10.0, 8.0, -8.0, 10.0, -10.0, 13.0, 2.0, -12.0, 12.0, -2.0, -13.0, 10.0, -10.0, 9.0, -9.0, 0.0]
Q: [0.0, 11.0, 0.0, 11.0, 15.0, 11.0, 0.0, 14.0, 0.0, 7.0, 13.0, 7.0, 0.0, 15.0, 0.0, 13.0, 0.0, 10.0, 0.0, 8.0, 0.0, 10.0, 0.0, 13.0, 15.0, 3.0, 15.0, 13.0, 0.0, 10.0, 0.0, 9.0, 0.0, 0.0]
B: [0.0, 28.0348110926, 57.562048095099996, 73.34994843049999, 81.55253972838, 91.17663116602, 94.04778772741, 118.78175861771, 157.29470892020998, 175.0, 183.89376197118, 197.19937597428, 230.76046369508, 264.70836732698, 271.65651139572003, 311.95889585372004, 329.53812382312003, 343.17230447322004, 364.92699061212005, 414.0, 434.768396616, 468.12895782230004, 485.31394013240003, 493.48265361740005, 500.30556655837006, 521.8872592630701, 523.0089481682501, 547.8394969539501, 554.9094255250201, 565.06497046362, 588.36848170122, 606.75180090642, 640.53158068662, 662.10511563112]
