Avion: 3      Iteracion: 21

Num Ruta: 25
Ingresos: 87600.0
Costos: 255.338779132
Utilidad Ruta: 87344.6612209
Costo Reducido: 179.230364488
Nodos: [103, 30, 70, 14, 54, 3, 43, 23, 18, 63, 58, 39, 79, 6, 46, 15, 55, 813]
q: [0.0, 11.0, -11.0, 8.0, -8.0, 15.0, -15.0, 10.0, 5.0, -10.0, -5.0, 8.0, -8.0, 5.0, -5.0, 11.0, -11.0, 0.0]
Q: [0.0, 11.0, 0.0, 8.0, 0.0, 15.0, 0.0, 10.0, 15.0, 5.0, 0.0, 8.0, 0.0, 5.0, 0.0, 11.0, 0.0, 0.0]
B: [0.0, 64.0, 82.7140226568, 112.0, 124.021711775, 256.0, 261.08428175852, 267.0, 293.0, 318.4393114097, 328.36484298237, 388.0, 410.632187455, 436.0, 439.69228939819, 511.0, 527.4211666151, 539.3282037361]
