Avion: 7      Iteracion: 4

Num Ruta: 8
Ingresos: 178800.0
Costos: 609.286100777
Utilidad Ruta: 178190.713899
Costo Reducido: 163593.025605
Nodos: [107, 9, 49, 12, 52, 14, 54, 11, 51, 3, 43, 23, 18, 63, 58, 26, 66, 39, 79, 8, 48, 13, 53, 21, 38, 78, 61, 33, 73, 29, 69, 817]
q: [0.0, 11.0, -11.0, 14.0, -14.0, 8.0, -8.0, 8.0, -8.0, 15.0, -15.0, 4.0, 11.0, -4.0, -11.0, 13.0, -13.0, 8.0, -8.0, 8.0, -8.0, 15.0, -15.0, 13.0, 2.0, -2.0, -13.0, 10.0, -10.0, 9.0, -9.0, 0.0]
Q: [0.0, 11.0, 0.0, 14.0, 0.0, 8.0, 0.0, 8.0, 0.0, 15.0, 0.0, 4.0, 15.0, 11.0, 0.0, 13.0, 0.0, 8.0, 0.0, 8.0, 0.0, 15.0, 0.0, 13.0, 15.0, 13.0, 0.0, 10.0, 0.0, 9.0, 0.0, 0.0]
B: [0.0, 28.0348110926, 57.562048095099996, 68.3490848522, 111.6970091162, 148.2162428979, 160.2379546729, 189.6863837821, 193.74045062911, 256.0, 261.08428175852, 267.0, 293.0, 318.4393114097, 328.36484298237, 357.36635980477, 374.94558777417, 394.64350596367, 417.27569341867, 441.37366322947, 462.14205984547004, 464.35273598638, 481.23588693638004, 496.74728332738005, 503.57019626835006, 536.4390829090501, 543.5090114801201, 562.0, 585.3035112376, 603.6868304428, 637.466610223, 659.0401451675]
