Avion: 6      Iteracion: 39

Num Ruta: 39
Ingresos: 103200.0
Costos: 286.658376479
Utilidad Ruta: 102913.341624
Costo Reducido: 8.77586519522
Nodos: [106, 16, 56, 9, 49, 14, 54, 3, 43, 23, 18, 63, 58, 39, 79, 28, 68, 25, 65, 816]
q: [0.0, 11.0, -11.0, 11.0, -11.0, 8.0, -8.0, 15.0, -15.0, 10.0, 5.0, -10.0, -5.0, 8.0, -8.0, 8.0, -8.0, 10.0, -10.0, 0.0]
Q: [0.0, 11.0, 0.0, 11.0, 0.0, 8.0, 0.0, 15.0, 0.0, 10.0, 15.0, 5.0, 0.0, 8.0, 0.0, 8.0, 0.0, 10.0, 0.0, 0.0]
B: [0.0, 36.0, 45.624091437640004, 75.68094759394, 105.20818459644, 115.46499131194001, 127.48670308694001, 256.0, 261.08428175852, 267.0, 293.0, 318.4393114097, 328.36484298237, 388.0, 410.632187455, 423.6226744744, 459.6492932583, 462.98267187466, 480.16765418476, 487.83746096199]
