Avion: 7      Iteracion: 55

Num Ruta: 50
Ingresos: 118800.0
Costos: 323.357847731
Utilidad Ruta: 118476.642152
Costo Reducido: 24.2815454446
Nodos: [107, 14, 54, 11, 51, 36, 76, 34, 74, 39, 28, 79, 13, 53, 68, 25, 65, 15, 21, 55, 38, 78, 61, 817]
q: [0.0, 8.0, -8.0, 8.0, -8.0, 15.0, -15.0, 12.0, -12.0, 8.0, 7.0, -8.0, 8.0, -8.0, -7.0, 10.0, -10.0, 8.0, 7.0, -8.0, 8.0, -8.0, -7.0, 0.0]
Q: [0.0, 8.0, 0.0, 8.0, 0.0, 15.0, 0.0, 12.0, 0.0, 8.0, 15.0, 7.0, 15.0, 7.0, 0.0, 10.0, 0.0, 8.0, 15.0, 7.0, 15.0, 7.0, 0.0, 0.0]
B: [0.0, 112.0, 124.021711775, 169.0, 173.05406684701, 251.0, 257.94814406874, 283.0, 323.947598037, 388.0, 399.3210123222, 412.3114993416, 423.0, 439.88315095, 462.92158097460003, 466.25495959096, 483.43994190106, 511.0, 516.67223351071, 527.47150163401, 531.55876734595, 564.42765398665, 571.49758255772, 598.9046476687199]
