Avion: 5      Iteracion: 8

Num Ruta: 11
Ingresos: 48000.0
Costos: 206.186735883
Utilidad Ruta: 47793.8132641
Costo Reducido: 166510.506444
Nodos: [105, 30, 70, 40, 80, 2, 4, 42, 44, 815]
q: [0, 11.0, -11.0, 15.0, -15.0, 9.0, 5.0, -9.0, -5.0, 0]
Q: [0, 11.0, 0.0, 15.0, 0.0, 9.0, 14.0, 5.0, 0.0, 0]
B: [0.0, 64.0, 82.7140226568, 113.5238767298, 146.0933185119, 522.0, 549.3715326023, 562.8222884175, 596.0154991992, 617.0426504566]
