Avion: 3      Iteracion: 15

Num Ruta: 19
Ingresos: 99600.0
Costos: 388.133042856
Utilidad Ruta: 99211.8669571
Costo Reducido: 277.738408806
Nodos: [103, 9, 49, 24, 64, 1, 41, 18, 58, 26, 66, 28, 68, 7, 47, 2, 42, 813]
q: [0, 11.0, -11.0, 14.0, -14.0, 7.0, -7.0, 11.0, -11.0, 13.0, -13.0, 8.0, -8.0, 10.0, -10.0, 9.0, -9.0, 0]
Q: [0, 11.0, 0.0, 14.0, 0.0, 7.0, 0.0, 11.0, 0.0, 13.0, 0.0, 8.0, 0.0, 10.0, 0.0, 9.0, 0.0, 0]
B: [0.0, 28.0, 57.5272370025, 81.6674868976, 120.1804372001, 175.0, 209.2400855285, 293.0, 316.8182362487, 345.81975307109997, 363.39898104049996, 378.0, 414.0266187839, 517.0, 545.5413118129, 555.6714802715, 596.4064423189, 610.7642110871]
