Avion: 3      Iteracion: 28

Num Ruta: 32
Ingresos: 44400.0
Costos: 153.72037773
Utilidad Ruta: 44246.2796223
Costo Reducido: 33.1544271474
Nodos: [103, 9, 49, 15, 55, 29, 27, 69, 67, 813]
q: [0, 11.0, -11.0, 11.0, -11.0, 9.0, 6.0, -9.0, -6.0, 0]
Q: [0, 11.0, 0.0, 11.0, 0.0, 9.0, 15.0, 6.0, 0.0, 0]
B: [0.0, 28.0, 57.5272370025, 511.0, 527.4211666151, 549.0, 574.6018082369, 582.8182362320799, 598.26561380888, 620.66352757338]
