Avion: 6      Iteracion: 11

Num Ruta: 12
Ingresos: 99600.0
Costos: 547.688714321
Utilidad Ruta: 99052.3112857
Costo Reducido: 75176.2485099
Nodos: [106, 9, 49, 30, 70, 11, 51, 35, 22, 75, 62, 28, 13, 32, 68, 38, 53, 72, 78, 27, 29, 69, 67, 816]
q: [0.0, 11.0, -11.0, 11.0, -11.0, 8.0, -8.0, 5.0, 10.0, -5.0, -10.0, 8.0, 1.0, 6.0, -8.0, 8.0, -1.0, -6.0, -8.0, 6.0, 9.0, -9.0, -6.0, 0.0]
Q: [0.0, 11.0, 0.0, 11.0, 0.0, 8.0, 0.0, 5.0, 15.0, 10.0, 0.0, 8.0, 9.0, 15.0, 7.0, 15.0, 14.0, 8.0, 0.0, 6.0, 15.0, 6.0, 0.0, 0.0]
B: [0.0, 35.5829922575, 65.11022926000001, 80.89812959540001, 99.6121522522, 169.0, 173.05406684701, 279.0, 313.6281351505, 328.74238977979996, 359.2555561183, 402.3067198192, 423.0, 445.6608668854, 469.1159754121, 485.1394497232, 498.6345090043, 502.70545938474004, 524.70153814894, 538.0, 563.6018082369, 597.3815880171, 612.8289655939, 643.8976238204999]
