Avion: 7      Iteracion: 14

Num Ruta: 17
Ingresos: 54000.0
Costos: 210.245282178
Utilidad Ruta: 53789.7547178
Costo Reducido: 188.717525007
Nodos: [107, 16, 56, 14, 54, 26, 66, 8, 48, 4, 44, 817]
q: [0, 11.0, -11.0, 8.0, -8.0, 13.0, -13.0, 8.0, -8.0, 5.0, -5.0, 0]
Q: [0, 11.0, 0.0, 8.0, 0.0, 13.0, 0.0, 8.0, 0.0, 5.0, 0.0, 0]
B: [0.0, 36.0, 45.624091437640004, 112.0, 124.021711775, 300.0, 317.5792279694, 414.0, 434.768396616, 529.0, 549.4257496801999, 561.4258357215999]
