Avion: 7      Iteracion: 42

Num Ruta: 41
Ingresos: 51600.0
Costos: 81.2587465114
Utilidad Ruta: 51518.7412535
Costo Reducido: 1.67438844778
Nodos: [107, 14, 54, 3, 43, 8, 48, 5, 45, 817]
q: [0, 8.0, -8.0, 15.0, -15.0, 8.0, -8.0, 12.0, -12.0, 0]
Q: [0, 8.0, 0.0, 15.0, 0.0, 8.0, 0.0, 12.0, 0.0, 0]
B: [0.0, 112.0, 124.021711775, 256.0, 261.08428175852, 414.0, 434.768396616, 469.0, 470.12168890518, 474.86120417575]
