Avion: 3      Iteracion: 46

Num Ruta: 46
Ingresos: 86400.0
Costos: 287.036694701
Utilidad Ruta: 86112.9633053
Costo Reducido: 12.4804653518
Nodos: [103, 9, 49, 11, 51, 34, 74, 39, 79, 28, 68, 25, 65, 29, 27, 69, 67, 813]
q: [0, 11.0, -11.0, 8.0, -8.0, 12.0, -12.0, 8.0, -8.0, 8.0, -8.0, 10.0, -10.0, 9.0, 6.0, -9.0, -6.0, 0]
Q: [0, 11.0, 0.0, 8.0, 0.0, 12.0, 0.0, 8.0, 0.0, 8.0, 0.0, 10.0, 0.0, 9.0, 15.0, 6.0, 0.0, 0]
B: [0.0, 28.0, 57.5272370025, 169.0, 173.05406684701, 283.0, 323.947598037, 388.0, 410.632187455, 423.6226744744, 459.6492932583, 462.98267187466, 480.16765418476, 549.0, 574.6018082369, 582.8182362320799, 598.26561380888, 620.66352757338]
