Avion: 1      Iteracion: 42

Num Ruta: 41
Ingresos: 52800.0
Costos: 136.026080664
Utilidad Ruta: 52663.9739193
Costo Reducido: 41.9549644175
Nodos: [101, 11, 51, 15, 55, 4, 20, 44, 60, 33, 73, 811]
q: [0, 8.0, -8.0, 11.0, -11.0, 5.0, 10.0, -5.0, -10.0, 10.0, -10.0, 0]
Q: [0, 8.0, 0.0, 11.0, 0.0, 5.0, 15.0, 10.0, 0.0, 10.0, 0.0, 0]
B: [0.0, 169.0, 173.05406684701, 511.0, 527.4211666151, 532.99584588839, 543.2749969233901, 573.65498665349, 585.51620990409, 596.33800924619, 619.64152048379, 625.5604967466201]
