Avion: 3      Iteracion: 33

Num Ruta: 35
Ingresos: 68400.0
Costos: 253.837190753
Utilidad Ruta: 68146.1628092
Costo Reducido: 45.1458276511
Nodos: [103, 12, 52, 26, 66, 18, 58, 20, 60, 2, 42, 813]
q: [0, 14.0, -14.0, 13.0, -13.0, 11.0, -11.0, 10.0, -10.0, 9.0, -9.0, 0]
Q: [0, 14.0, 0.0, 13.0, 0.0, 11.0, 0.0, 10.0, 0.0, 9.0, 0.0, 0]
B: [0.0, 54.0, 97.347924264, 300.0, 317.5792279694, 340.8578987218, 364.67613497049996, 496.0, 538.1771424471, 545.50743971256, 586.24240175996, 600.60017052816]
