Avion: 4      Iteracion: 0

Num Ruta: 3
Ingresos: 174000.0
Costos: 558.375802089
Utilidad Ruta: 173441.624198
Costo Reducido: -
Nodos: [104, 16, 56, 24, 30, 64, 10, 70, 50, 11, 51, 36, 76, 3, 43, 26, 66, 25, 65, 39, 79, 13, 53, 15, 21, 55, 38, 78, 61, 814]
q: [0.0, 11.0, -11.0, 14.0, 1.0, -14.0, 12.0, -1.0, -12.0, 8.0, -8.0, 15.0, -15.0, 15.0, -15.0, 13.0, -13.0, 10.0, -10.0, 8.0, -8.0, 15.0, -15.0, 11.0, 4.0, -11.0, 8.0, -8.0, -4.0, 0.0]
Q: [0.0, 11.0, 0.0, 14.0, 15.0, 1.0, 13.0, 12.0, 0.0, 8.0, 0.0, 15.0, 0.0, 15.0, 0.0, 13.0, 0.0, 10.0, 0.0, 8.0, 0.0, 15.0, 0.0, 11.0, 15.0, 4.0, 12.0, 4.0, 0.0, 0.0]
B: [0.0, 36.0, 45.624091437640004, 70.85029051714, 89.10719167804, 109.37531307594, 121.16124375624, 139.85429404234, 158.75509193554, 211.39330851814, 215.44737536515, 251.0, 257.94814406874, 294.92818141324, 300.01246317176, 337.68753453206, 355.26676250146, 410.0, 427.1849823101, 446.3261919114, 468.9583793664, 472.19031315284997, 489.07346410285, 511.0, 516.67223351071, 527.47150163401, 531.55876734595, 564.42765398665, 571.49758255772, 617.27605708452]
