Avion: 2      Iteracion: 17

Num Ruta: 18
Ingresos: 68400.0
Costos: 220.040159617
Utilidad Ruta: 68179.9598404
Costo Reducido: 125.408046692
Nodos: [102, 24, 70, 30, 64, 1, 41, 23, 63, 13, 53, 812]
q: [0.0, 14.0, -11.0, 11.0, -14.0, 7.0, -7.0, 10.0, -10.0, 15.0, -15.0, 0.0]
Q: [0.0, 14.0, 3.0, 14.0, 0.0, 7.0, 0.0, 10.0, 0.0, 15.0, 0.0, 0.0]
B: [0.0, 61.0, 85.7339708903, 104.4479935471, 124.716114945, 175.0, 209.2400855285, 267.0, 306.733842905, 423.0, 439.88315095, 463.3156405531]
