Avion: 7      Iteracion: 3

Num Ruta: 7
Ingresos: 159600.0
Costos: 588.081347011
Utilidad Ruta: 159011.918653
Costo Reducido: 215857.545433
Nodos: [107, 9, 49, 16, 56, 24, 64, 31, 71, 35, 75, 26, 66, 22, 62, 25, 65, 32, 72, 21, 38, 45, 5, 78, 61, 33, 73, 29, 69, 817]
q: [0.0, 11.0, -11.0, 11.0, -11.0, 14.0, -14.0, 6.0, -6.0, 6.0, -6.0, 13.0, -13.0, 10.0, -10.0, 10.0, -10.0, 6.0, -6.0, 13.0, 2.0, -12.0, 12.0, -2.0, -13.0, 10.0, -10.0, 9.0, -9.0, 0.0]
Q: [0.0, 11.0, 0.0, 11.0, 0.0, 14.0, 0.0, 6.0, 0.0, 6.0, 0.0, 13.0, 0.0, 10.0, 0.0, 10.0, 0.0, 6.0, 0.0, 13.0, 15.0, 3.0, 15.0, 13.0, 0.0, 10.0, 0.0, 9.0, 0.0, 0.0]
B: [0.0, 28.0348110926, 57.562048095099996, 81.29183227029999, 90.91592370794, 116.14212278744, 154.65507308994, 165.93943084744, 179.24504485054, 279.0, 298.9128833924, 308.20588877279, 325.78511674219, 339.41929739229, 361.17398353119, 410.0, 427.1849823101, 445.7299117519, 473.5872675668, 491.99919916019996, 498.82211210117, 520.40380480587, 521.52549371105, 546.35604249675, 553.42597106782, 563.58151600642, 586.88502724402, 605.26834644922, 639.04812622942, 660.62166117392]
