Avion: 4      Iteracion: 32

Num Ruta: 33
Ingresos: 145200.0
Costos: 510.688341707
Utilidad Ruta: 144689.311658
Costo Reducido: 69.7332600732
Nodos: [104, 17, 30, 57, 16, 56, 70, 24, 64, 1, 41, 18, 36, 76, 34, 58, 74, 28, 68, 25, 19, 59, 65, 21, 38, 61, 78, 27, 2, 67, 42, 814]
q: [0.0, 5.0, 10.0, -5.0, 5.0, -5.0, -10.0, 14.0, -14.0, 7.0, -7.0, 3.0, 12.0, -12.0, 12.0, -3.0, -12.0, 8.0, -8.0, 8.0, 7.0, -7.0, -8.0, 13.0, 2.0, -13.0, -2.0, 6.0, 9.0, -6.0, -9.0, 0.0]
Q: [0.0, 5.0, 15.0, 10.0, 15.0, 10.0, 0.0, 14.0, 0.0, 7.0, 0.0, 3.0, 15.0, 3.0, 15.0, 12.0, 0.0, 8.0, 0.0, 8.0, 15.0, 8.0, 0.0, 13.0, 15.0, 2.0, 0.0, 6.0, 15.0, 9.0, 0.0, 0.0]
B: [0.0, 24.0, 64.0, 67.14445448369, 72.47609381883, 82.10018525647, 84.97134181786, 109.70531270816, 148.21826301066, 175.0, 209.2400855285, 293.0, 306.9670306436, 313.91517471234005, 327.63492270564007, 355.86696018084007, 371.0195898206401, 380.19977337000006, 416.22639215390006, 419.55977077026006, 428.95177801046003, 455.57889430196, 472.36575073786, 480.53446422286004, 487.35737716383005, 521.83975754863, 528.9096861197, 540.4454134483001, 566.2293818201001, 577.6814549075001, 607.0219852538, 615.81962590343]
