Avion: 5      Iteracion: 34

Num Ruta: 37
Ingresos: 49200.0
Costos: 193.882604136
Utilidad Ruta: 49006.1173959
Costo Reducido: 15.9597762003
Nodos: [105, 31, 71, 34, 74, 28, 68, 25, 19, 65, 59, 815]
q: [0.0, 6.0, -6.0, 12.0, -12.0, 8.0, -8.0, 8.0, 7.0, -8.0, -7.0, 0.0]
Q: [0.0, 6.0, 0.0, 12.0, 0.0, 8.0, 0.0, 8.0, 15.0, 7.0, 0.0, 0.0]
B: [0.0, 130.0, 143.3056140031, 283.0, 323.947598037, 378.0, 414.0266187839, 417.35999740026, 426.75200464046, 443.42489632125995, 460.21175275715996, 472.10979578955994]
