Avion: 2      Iteracion: 32

Num Ruta: 31
Ingresos: 100800.0
Costos: 377.402899383
Utilidad Ruta: 100422.597101
Costo Reducido: 55.3627850387
Nodos: [102, 9, 49, 12, 52, 1, 41, 18, 58, 28, 68, 25, 65, 21, 61, 33, 73, 812]
q: [0, 11.0, -11.0, 14.0, -14.0, 7.0, -7.0, 11.0, -11.0, 8.0, -8.0, 10.0, -10.0, 13.0, -13.0, 10.0, -10.0, 0]
Q: [0, 11.0, 0.0, 14.0, 0.0, 7.0, 0.0, 11.0, 0.0, 8.0, 0.0, 10.0, 0.0, 13.0, 0.0, 10.0, 0.0, 0]
B: [0.0, 33.6128854013, 63.1401224038, 73.9271591609, 117.2750834249, 175.0, 209.2400855285, 293.0, 316.8182362487, 378.0, 414.0266187839, 417.35999740026, 434.54497971036, 477.0, 517.7387906792, 562.0, 585.3035112376, 604.5497183964]
