Avion: 4      Iteracion: 17

Num Ruta: 20
Ingresos: 122400.0
Costos: 371.752431892
Utilidad Ruta: 122028.247568
Costo Reducido: 259.970810768
Nodos: [104, 17, 57, 16, 56, 24, 64, 10, 50, 35, 26, 75, 66, 22, 62, 19, 32, 8, 59, 48, 6, 46, 13, 53, 72, 814]
q: [0.0, 5.0, -5.0, 11.0, -11.0, 14.0, -14.0, 12.0, -12.0, 6.0, 9.0, -6.0, -9.0, 10.0, -10.0, 7.0, 0.0, 8.0, -7.0, -8.0, 5.0, -5.0, 15.0, -15.0, 0.0, 0.0]
Q: [0.0, 5.0, 0.0, 11.0, 0.0, 14.0, 0.0, 12.0, 0.0, 6.0, 15.0, 9.0, 0.0, 10.0, 0.0, 7.0, 7.0, 15.0, 8.0, 0.0, 5.0, 0.0, 15.0, 0.0, 0.0, 0.0]
B: [0.0, 24.0, 58.8425537813, 64.17419311644, 73.79828455408, 99.02448363357999, 137.53743393608, 149.32336461638, 178.84287535078, 279.0, 300.0, 309.29300538039, 319.11482114938, 332.74900179948, 354.50368793838004, 402.0, 422.0, 433.4468981388, 451.4038575696, 454.33197676116, 463.52264839059, 467.21493778878, 480.62500389598, 497.50815484598, 501.57910522642004, 525.94525077712]
