Avion: 6      Iteracion: 50

Num Ruta: 48
Ingresos: 51600.0
Costos: 183.960608984
Utilidad Ruta: 51416.039391
Costo Reducido: 10.5942237805
Nodos: [106, 24, 64, 31, 71, 21, 61, 33, 73, 816]
q: [0, 14.0, -14.0, 6.0, -6.0, 13.0, -13.0, 10.0, -10.0, 0]
Q: [0, 14.0, 0.0, 6.0, 0.0, 13.0, 0.0, 10.0, 0.0, 0]
B: [0.0, 61.0, 99.5129503025, 130.0, 143.3056140031, 477.0, 517.7387906792, 562.0, 585.3035112376, 599.1444684661]
