Avion: 3      Iteracion: 26

Num Ruta: 30
Ingresos: 66000.0
Costos: 279.870791961
Utilidad Ruta: 65720.129208
Costo Reducido: 61.1919764808
Nodos: [103, 12, 52, 10, 50, 8, 32, 48, 72, 29, 27, 67, 69, 813]
q: [0, 14.0, -14.0, 12.0, -12.0, 8.0, 6.0, -8.0, -6.0, 9.0, 6.0, -6.0, -9.0, 0]
Q: [0, 14.0, 0.0, 12.0, 0.0, 8.0, 14.0, 6.0, 0.0, 9.0, 15.0, 9.0, 0.0, 0]
B: [0.0, 54.0, 97.347924264, 106.06569462115, 135.58520535555, 414.0, 425.4468981388, 447.8266328334, 463.87573156200006, 549.0, 574.6018082369, 591.6326706049999, 607.0800481818, 639.265913418]
