Avion: 5      Iteracion: 43

Num Ruta: 42
Ingresos: 38400.0
Costos: 138.679692608
Utilidad Ruta: 38261.3203074
Costo Reducido: 15.9989807752
Nodos: [105, 17, 57, 40, 80, 5, 45, 815]
q: [0, 5.0, -5.0, 15.0, -15.0, 12.0, -12.0, 0]
Q: [0, 5.0, 0.0, 15.0, 0.0, 12.0, 0.0, 0]
B: [0.0, 24.8000597782, 59.6426135595, 83.341584381, 115.9110261631, 469.0, 470.12168890518, 483.34589368278]
