Avion: 1      Iteracion: 44

Num Ruta: 42
Ingresos: 66000.0
Costos: 213.892311962
Utilidad Ruta: 65786.107688
Costo Reducido: 14.1850403351
Nodos: [101, 36, 76, 34, 74, 39, 6, 46, 79, 21, 38, 61, 78, 811]
q: [0.0, 15.0, -15.0, 12.0, -12.0, 8.0, 5.0, -5.0, -8.0, 13.0, 2.0, -13.0, -2.0, 0.0]
Q: [0.0, 15.0, 0.0, 12.0, 0.0, 8.0, 13.0, 8.0, 0.0, 13.0, 15.0, 2.0, 0.0, 0.0]
B: [0.0, 251.0, 257.94814406874, 283.0, 323.947598037, 388.0, 436.0, 439.69228939819, 449.87740525418997, 477.0, 483.82291294097, 518.30529332577, 525.37522189684, 539.66464543314]
