Avion: 4      Iteracion: 13

Num Ruta: 16
Ingresos: 32400.0
Costos: 208.154046264
Utilidad Ruta: 32191.8459537
Costo Reducido: 214.541153801
Nodos: [104, 35, 75, 28, 68, 21, 61, 814]
q: [0, 6.0, -6.0, 8.0, -8.0, 13.0, -13.0, 0]
Q: [0, 6.0, 0.0, 8.0, 0.0, 13.0, 0.0, 0]
B: [0.0, 279.0, 298.9128833924, 378.0, 414.0266187839, 477.0, 517.7387906792, 563.5172652059999]
