Avion: 4      Iteracion: 2

Num Ruta: 6
Ingresos: 148800.0
Costos: 565.822799386
Utilidad Ruta: 148234.177201
Costo Reducido: 136047.914617
Nodos: [104, 16, 56, 24, 30, 64, 10, 70, 50, 1, 41, 36, 76, 26, 66, 22, 62, 19, 25, 59, 65, 21, 38, 61, 78, 15, 55, 814]
q: [0.0, 11.0, -11.0, 14.0, 1.0, -14.0, 12.0, -1.0, -12.0, 7.0, -7.0, 15.0, -15.0, 13.0, -13.0, 10.0, -10.0, 5.0, 10.0, -5.0, -10.0, 13.0, 2.0, -13.0, -2.0, 11.0, -11.0, 0.0]
Q: [0.0, 11.0, 0.0, 14.0, 15.0, 1.0, 13.0, 12.0, 0.0, 7.0, 0.0, 15.0, 0.0, 13.0, 0.0, 10.0, 0.0, 5.0, 15.0, 10.0, 0.0, 13.0, 15.0, 2.0, 0.0, 11.0, 0.0, 0.0]
B: [0.0, 36.0, 45.624091437640004, 70.85029051714, 89.10719167804, 109.37531307594, 121.16124375624, 139.85429404234, 158.75509193554, 197.17443310634002, 231.41451863484002, 265.36242226674, 272.31056633548, 312.61295079348, 330.19217876288, 343.82635941298, 365.58104555188004, 402.0, 411.3920072402, 443.0677203656, 459.8545768015, 477.0, 483.82291294097, 518.30529332577, 525.37522189684, 569.37923472524, 585.80040134034, 601.14539101124]
