Avion: 2      Iteracion: 41

Num Ruta: 40
Ingresos: 22800.0
Costos: 101.211015984
Utilidad Ruta: 22698.788984
Costo Reducido: 4.76458678286
Nodos: [102, 12, 52, 6, 46, 812]
q: [0, 14.0, -14.0, 5.0, -5.0, 0]
Q: [0, 14.0, 0.0, 5.0, 0.0, 0]
B: [0.0, 54.0, 97.347924264, 436.0, 439.69228939819, 466.32450181099]
