Avion: 2      Iteracion: 21

Num Ruta: 22
Ingresos: 43200.0
Costos: 143.473427417
Utilidad Ruta: 43056.5265726
Costo Reducido: 42.7856600818
Nodos: [102, 24, 70, 30, 64, 15, 55, 812]
q: [0.0, 14.0, -11.0, 11.0, -14.0, 11.0, -11.0, 0.0]
Q: [0.0, 14.0, 3.0, 14.0, 0.0, 11.0, 0.0, 0.0]
B: [0.0, 61.0, 85.7339708903, 104.4479935471, 124.716114945, 511.0, 527.4211666151, 538.7062348471]
