Avion: 7      Iteracion: 10

Num Ruta: 13
Ingresos: 132000.0
Costos: 483.651489302
Utilidad Ruta: 131516.348511
Costo Reducido: 109489.153563
Nodos: [107, 16, 56, 9, 49, 14, 54, 31, 71, 36, 76, 34, 18, 58, 74, 25, 65, 8, 48, 7, 47, 27, 67, 33, 73, 817]
q: [0.0, 11.0, -11.0, 11.0, -11.0, 8.0, -8.0, 6.0, -6.0, 15.0, -15.0, 12.0, 3.0, -3.0, -12.0, 10.0, -10.0, 8.0, -8.0, 10.0, -10.0, 6.0, -6.0, 10.0, -10.0, 0.0]
Q: [0.0, 11.0, 0.0, 11.0, 0.0, 8.0, 0.0, 6.0, 0.0, 15.0, 0.0, 12.0, 15.0, 12.0, 0.0, 10.0, 0.0, 8.0, 0.0, 10.0, 0.0, 6.0, 0.0, 10.0, 0.0, 0.0]
B: [0.0, 36.0, 45.624091437640004, 75.68094759394, 105.20818459644, 115.46499131194001, 127.48670308694001, 154.69877029984002, 168.00438430294003, 251.0, 257.94814406874, 283.0, 306.7154937119, 330.5337299606, 345.6863596004, 410.0, 427.1849823101, 453.0055821676, 473.7739787836, 517.0, 545.5413118129, 561.3810866849999, 578.4119490530999, 592.2591190527999, 615.5626302903999, 638.6091189816998]
