Avion: 5      Iteracion: 29

Num Ruta: 32
Ingresos: 45600.0
Costos: 138.534808904
Utilidad Ruta: 45461.4651911
Costo Reducido: 47.549102663
Nodos: [105, 8, 48, 13, 53, 7, 4, 44, 47, 815]
q: [0, 8.0, -8.0, 15.0, -15.0, 10.0, 5.0, -5.0, -10.0, 0]
Q: [0, 8.0, 0.0, 15.0, 0.0, 10.0, 15.0, 10.0, 0.0, 0]
B: [0.0, 414.0, 434.768396616, 436.97907275691, 453.86222370691, 517.0, 529.0, 549.4257496801999, 550.5861237578099, 570.4541030713099]
