Avion: 2      Iteracion: 13

Num Ruta: 14
Ingresos: 69600.0
Costos: 264.229770534
Utilidad Ruta: 69335.7702295
Costo Reducido: 224.522588916
Nodos: [102, 24, 70, 30, 64, 10, 50, 35, 75, 38, 21, 78, 61, 812]
q: [0.0, 14.0, -11.0, 11.0, -14.0, 12.0, -12.0, 6.0, -6.0, 8.0, 7.0, -8.0, -7.0, 0.0]
Q: [0.0, 14.0, 3.0, 14.0, 0.0, 12.0, 0.0, 6.0, 0.0, 8.0, 15.0, 7.0, 0.0, 0.0]
B: [0.0, 61.0, 85.7339708903, 104.4479935471, 124.716114945, 136.5020456253, 166.0215563597, 279.0, 298.9128833924, 480.0, 486.82291294097, 525.3346514111701, 532.4045799822401, 562.87639694484]
