Avion: 6      Iteracion: 12

Num Ruta: 13
Ingresos: 30000.0
Costos: 162.116501421
Utilidad Ruta: 29837.8834986
Costo Reducido: 596.132413633
Nodos: [106, 12, 52, 6, 46, 32, 72, 816]
q: [0, 14.0, -14.0, 5.0, -5.0, 6.0, -6.0, 0]
Q: [0, 14.0, 0.0, 5.0, 0.0, 6.0, 0.0, 0]
B: [0.0, 54.0, 97.347924264, 436.0, 439.69228939819, 474.69356853198997, 502.55092434689, 510.58780066795]
