Avion: 6      Iteracion: 40

Num Ruta: 40
Ingresos: 45600.0
Costos: 144.679550709
Utilidad Ruta: 45455.3204493
Costo Reducido: 10.8733700304
Nodos: [106, 26, 66, 38, 21, 78, 61, 33, 73, 816]
q: [0.0, 13.0, -13.0, 8.0, 7.0, -8.0, -7.0, 10.0, -10.0, 0.0]
Q: [0.0, 13.0, 0.0, 8.0, 15.0, 7.0, 0.0, 10.0, 0.0, 0.0]
B: [0.0, 300.0, 317.5792279694, 480.0, 486.82291294097, 525.3346514111701, 532.4045799822401, 562.0, 585.3035112376, 599.1444684661]
