Avion: 1      Iteracion: 32

Num Ruta: 34
Ingresos: 42000.0
Costos: 130.818515999
Utilidad Ruta: 41869.181484
Costo Reducido: 27.685750333
Nodos: [101, 25, 65, 21, 38, 78, 61, 33, 73, 811]
q: [0.0, 10.0, -10.0, 13.0, 2.0, -2.0, -13.0, 10.0, -10.0, 0.0]
Q: [0.0, 10.0, 0.0, 13.0, 15.0, 13.0, 0.0, 10.0, 0.0, 0.0]
B: [0.0, 410.0, 427.1849823101, 477.0, 483.82291294097, 516.69179958167, 523.76172815274, 562.0, 585.3035112376, 591.22248750043]
