Avion: 6      Iteracion: 16

Num Ruta: 17
Ingresos: 85200.0
Costos: 284.024681937
Utilidad Ruta: 84915.9753181
Costo Reducido: 114.263204387
Nodos: [106, 40, 80, 14, 54, 11, 51, 36, 76, 20, 60, 37, 77, 816]
q: [0, 15.0, -15.0, 8.0, -8.0, 8.0, -8.0, 15.0, -15.0, 10.0, -10.0, 15.0, -15.0, 0]
Q: [0, 15.0, 0.0, 8.0, 0.0, 8.0, 0.0, 15.0, 0.0, 10.0, 0.0, 15.0, 0.0, 0]
B: [0.0, 62.0, 94.5694417821, 123.1478437143, 135.1695554893, 169.0, 173.05406684701, 251.0, 257.94814406874, 496.0, 538.1771424471, 562.0, 582.7946534714999, 624.614716372]
