Avion: 3      Iteracion: 41

Num Ruta: 43
Ingresos: 61200.0
Costos: 207.806703582
Utilidad Ruta: 60992.1932964
Costo Reducido: 19.0378048825
Nodos: [103, 40, 80, 22, 62, 19, 8, 59, 48, 15, 55, 813]
q: [0, 15.0, -15.0, 10.0, -10.0, 7.0, 8.0, -7.0, -8.0, 11.0, -11.0, 0]
Q: [0, 15.0, 0.0, 10.0, 0.0, 7.0, 15.0, 8.0, 0.0, 11.0, 0.0, 0]
B: [0.0, 62.0, 94.5694417821, 299.0, 320.7546861389, 402.0, 425.1608815463, 443.1178409771, 446.04596016866, 511.0, 527.4211666151, 539.3282037361]
