Avion: 7      Iteracion: 15

Num Ruta: 18
Ingresos: 80400.0
Costos: 355.479959839
Utilidad Ruta: 80044.5200402
Costo Reducido: 211.924730594
Nodos: [107, 9, 49, 1, 41, 18, 58, 28, 68, 21, 38, 78, 61, 29, 27, 69, 67, 817]
q: [0.0, 11.0, -11.0, 7.0, -7.0, 11.0, -11.0, 8.0, -8.0, 7.0, 8.0, -8.0, -7.0, 9.0, 6.0, -9.0, -6.0, 0.0]
Q: [0.0, 11.0, 0.0, 7.0, 0.0, 11.0, 0.0, 8.0, 0.0, 7.0, 15.0, 7.0, 0.0, 9.0, 15.0, 6.0, 0.0, 0.0]
B: [0.0, 28.0348110926, 57.562048095099996, 175.0, 209.2400855285, 293.0, 316.8182362487, 378.0, 414.0266187839, 477.0, 483.82291294097, 516.69179958167, 523.76172815274, 562.21502463044, 587.8168328673399, 596.0332608625199, 611.4806384393199, 618.1853332123899]
