Avion: 2      Iteracion: 54

Num Ruta: 51
Ingresos: 49200.0
Costos: 118.705262135
Utilidad Ruta: 49081.2947379
Costo Reducido: 15.1769918406
Nodos: [102, 22, 62, 18, 58, 39, 79, 5, 45, 812]
q: [0, 10.0, -10.0, 11.0, -11.0, 8.0, -8.0, 12.0, -12.0, 0]
Q: [0, 10.0, 0.0, 11.0, 0.0, 8.0, 0.0, 12.0, 0.0, 0]
B: [0.0, 299.0, 320.7546861389, 334.15512273630003, 357.973358985, 388.0, 410.632187455, 469.0, 470.12168890518, 480.52640879568]
