Avion: 1      Iteracion: 0

Num Ruta: 2
Ingresos: 174000.0
Costos: 608.053424234
Utilidad Ruta: 173391.946576
Costo Reducido: -
Nodos: [101, 16, 56, 40, 80, 10, 50, 1, 11, 51, 41, 3, 43, 36, 76, 34, 18, 58, 74, 39, 79, 28, 68, 25, 21, 65, 61, 15, 55, 4, 44, 811]
q: [0.0, 11.0, -11.0, 15.0, -15.0, 12.0, -12.0, 7.0, 8.0, -8.0, -7.0, 15.0, -15.0, 15.0, -15.0, 12.0, 3.0, -3.0, -12.0, 8.0, -8.0, 8.0, -8.0, 2.0, 13.0, -2.0, -13.0, 11.0, -11.0, 5.0, -5.0, 0.0]
Q: [0.0, 11.0, 0.0, 15.0, 0.0, 12.0, 0.0, 7.0, 15.0, 7.0, 0.0, 15.0, 0.0, 15.0, 0.0, 12.0, 15.0, 12.0, 0.0, 8.0, 0.0, 8.0, 0.0, 2.0, 15.0, 13.0, 0.0, 11.0, 0.0, 5.0, 0.0, 0.0]
B: [0.0, 36.0, 45.624091437640004, 77.27284989674001, 109.84229167884001, 127.02298575674001, 156.54249649114, 194.96183766194002, 213.64266625704002, 217.69673310405003, 252.01246244205004, 259.10901435125004, 264.19329610977, 299.11276141207003, 306.06090548081005, 319.78065347411007, 343.4961471860101, 367.31438343471007, 382.4670130745101, 391.8036648298201, 414.4358522848201, 427.4263393042201, 463.4529580881201, 466.7863367044801, 477.0, 485.168713485, 517.9065790538, 564.2923465369, 580.713513152, 586.28819242529, 606.7139421054901, 631.6399601588901]
