Avion: 1      Iteracion: 35

Num Ruta: 36
Ingresos: 39600.0
Costos: 113.681785185
Utilidad Ruta: 39486.3182148
Costo Reducido: 32.9722545704
Nodos: [101, 40, 80, 26, 66, 6, 46, 811]
q: [0, 15.0, -15.0, 13.0, -13.0, 5.0, -5.0, 0]
Q: [0, 15.0, 0.0, 13.0, 0.0, 5.0, 0.0, 0]
B: [0.0, 62.0, 94.5694417821, 300.0, 317.5792279694, 436.0, 439.69228939819, 455.73144673268996]
