Avion: 1      Iteracion: 7

Num Ruta: 10
Ingresos: 168000.0
Costos: 541.867638492
Utilidad Ruta: 167458.132362
Costo Reducido: 324471.531623
Nodos: [101, 17, 57, 30, 16, 56, 70, 24, 64, 31, 11, 71, 51, 36, 76, 23, 3, 43, 18, 63, 58, 39, 79, 28, 68, 15, 7, 55, 20, 4, 47, 44, 60, 37, 77, 811]
q: [0.0, 5.0, -5.0, 11.0, 4.0, -4.0, -11.0, 14.0, -14.0, 6.0, 8.0, -6.0, -8.0, 15.0, -15.0, 10.0, 5.0, -5.0, 5.0, -10.0, -5.0, 8.0, -8.0, 8.0, -8.0, 11.0, 0.0, -11.0, 10.0, 5.0, 0.0, -5.0, -10.0, 15.0, -15.0, 0.0]
Q: [0.0, 5.0, 0.0, 11.0, 15.0, 11.0, 0.0, 14.0, 0.0, 6.0, 14.0, 8.0, 0.0, 15.0, 0.0, 10.0, 15.0, 10.0, 15.0, 5.0, 0.0, 8.0, 0.0, 8.0, 0.0, 11.0, 11.0, 0.0, 10.0, 15.0, 15.0, 10.0, 0.0, 15.0, 0.0, 0.0]
B: [0.0, 36.0038629316, 70.8464167129, 73.99087119658999, 82.19346249447, 91.81755393211, 94.6887104935, 119.4226813838, 157.93563168629998, 169.2199894438, 182.4027186377, 182.881597536797, 186.57597610429698, 251.0, 257.94814406874, 299.00676745044, 303.30119779683, 308.38547955535, 329.42448870505, 354.86380011475, 364.78933168742003, 388.0, 410.632187455, 423.6226744744, 459.6492932583, 511.0, 524.7672641436, 535.6720037094999, 541.8058557618399, 552.0850067968399, 571.35736778354, 572.51774186115, 584.37896511175, 595.95648306685, 616.75113653835, 659.71573026385]
