Avion: 4      Iteracion: 24

Num Ruta: 26
Ingresos: 63600.0
Costos: 202.846712868
Utilidad Ruta: 63397.1532871
Costo Reducido: 101.501589213
Nodos: [104, 12, 57, 31, 11, 76, 56, 18, 3, 48, 23, 68, 63, 914]
q: [0.0, 14.0, -14.0, 6.0, 8.0, -6.0, -8.0, 5.0, 10.0, -10.0, 10.0, -10.0, -5.0, 0.0]
Q: [0.0, 14.0, 0.0, 6.0, 14.0, 8.0, 0.0, 5.0, 15.0, 5.0, 15.0, 5.0, 0.0, 0.0]
B: [0.0, 54.0, 97.347924264, 130.0, 169.0, 169.478878899097, 173.173257466597, 293.0, 309.1495070203, 314.23378877882, 317.59627610222, 357.33011900722, 367.25565057989, 376.83936953445004]
