Avion: 5      Iteracion: 76

Num Ruta: 69
Ingresos: 158400.0
Costos: 440.896440104
Utilidad Ruta: 157959.10356
Costo Reducido: 9.97288230277
Nodos: [105, 17, 30, 62, 16, 61, 75, 10, 55, 35, 26, 80, 71, 22, 67, 19, 8, 64, 53, 13, 58, 38, 21, 83, 66, 33, 27, 78, 72, 37, 82, 915]
q: [0.0, 5.0, 10.0, -5.0, 5.0, -5.0, -10.0, 12.0, -12.0, 6.0, 9.0, -6.0, -9.0, 10.0, -10.0, 7.0, 8.0, -7.0, -8.0, 15.0, -15.0, 2.0, 13.0, -2.0, -13.0, 10.0, 5.0, -10.0, -5.0, 15.0, -15.0, 0.0]
Q: [0.0, 5.0, 15.0, 10.0, 15.0, 10.0, 0.0, 12.0, 0.0, 6.0, 15.0, 9.0, 0.0, 10.0, 0.0, 7.0, 15.0, 8.0, 0.0, 15.0, 0.0, 2.0, 15.0, 13.0, 0.0, 10.0, 15.0, 5.0, 0.0, 15.0, 0.0, 0.0]
B: [0.0, 24.0, 64.0, 67.14445448369, 72.47609381883, 82.10018525647, 84.97134181786, 103.66439210396, 133.18390283835998, 279.0, 300.0, 309.29300538039, 319.11482114938, 332.74900179948, 354.50368793838004, 402.0, 425.1608815463, 443.1178409771, 446.04596016866, 448.25663630956996, 465.13978725956997, 480.0, 486.82291294097, 525.3346514111701, 532.4045799822401, 562.0, 578.4525909206, 585.6713442755799, 606.23813656318, 613.07410218627, 633.86875565777, 658.93393359447]
