Avion: 1      Iteracion: 93

Num Ruta: 60
Ingresos: 56400.0
Costos: 135.232191229
Utilidad Ruta: 56264.7678088
Costo Reducido: 0.959268382765
Nodos: [101, 16, 61, 41, 86, 21, 66, 33, 78, 911]
q: [0, 11.0, -11.0, 13.0, -13.0, 13.0, -13.0, 10.0, -10.0, 0]
Q: [0, 11.0, 0.0, 13.0, 0.0, 13.0, 0.0, 10.0, 0.0, 0]
B: [0.0, 36.0, 45.624091437640004, 446.0, 466.0411203529, 483.9041773141, 524.6429679933, 562.0, 585.3035112376, 590.98027404751]
