Avion: 3      Iteracion: 0

Num Ruta: 3
Ingresos: 211200.0
Costos: 638.762650275
Utilidad Ruta: 210561.23735
Costo Reducido: -
Nodos: [103, 16, 61, 40, 85, 10, 55, 11, 56, 3, 48, 36, 81, 26, 71, 45, 90, 13, 58, 6, 51, 41, 86, 5, 50, 27, 72, 37, 82, 33, 78, 913]
q: [0, 11.0, -11.0, 15.0, -15.0, 12.0, -12.0, 8.0, -8.0, 15.0, -15.0, 15.0, -15.0, 13.0, -13.0, 11.0, -11.0, 15.0, -15.0, 5.0, -5.0, 13.0, -13.0, 12.0, -12.0, 6.0, -6.0, 15.0, -15.0, 10.0, -10.0, 0]
Q: [0, 11.0, 0.0, 15.0, 0.0, 12.0, 0.0, 8.0, 0.0, 15.0, 0.0, 15.0, 0.0, 13.0, 0.0, 11.0, 0.0, 15.0, 0.0, 5.0, 0.0, 13.0, 0.0, 12.0, 0.0, 6.0, 0.0, 15.0, 0.0, 10.0, 0.0, 0]
B: [0.0, 36.0, 45.624091437640004, 77.27284989674001, 109.84229167884001, 127.02298575674001, 156.54249649114, 209.18071307374, 213.23477992075001, 256.0, 261.08428175852, 296.00374706082, 302.95189112956, 343.25427558756, 360.83350355696, 384.35965598356, 393.55127961598, 423.0, 439.88315095, 464.1060995732, 467.79838897139, 486.91510887829, 506.95622923119004, 518.98211734809, 520.10380625327, 538.0, 555.0308623681, 562.0, 582.7946534714999, 617.3784082994999, 640.6819195370999, 659.5206583483999]
