Avion: 3      Iteracion: 6

Num Ruta: 9
Ingresos: 141600.0
Costos: 585.716396647
Utilidad Ruta: 141014.283603
Costo Reducido: 260587.989127
Nodos: [103, 9, 54, 12, 57, 10, 55, 3, 48, 35, 80, 18, 63, 8, 53, 41, 86, 2, 47, 29, 74, 33, 78, 913]
q: [0, 11.0, -11.0, 14.0, -14.0, 12.0, -12.0, 15.0, -15.0, 6.0, -6.0, 11.0, -11.0, 8.0, -8.0, 13.0, -13.0, 9.0, -9.0, 9.0, -9.0, 10.0, -10.0, 0]
Q: [0, 11.0, 0.0, 14.0, 0.0, 12.0, 0.0, 15.0, 0.0, 6.0, 0.0, 11.0, 0.0, 8.0, 0.0, 13.0, 0.0, 9.0, 0.0, 9.0, 0.0, 10.0, 0.0, 0]
B: [0.0, 58.0169348553, 87.5441718578, 98.33120861489999, 141.6791328789, 150.39690323604998, 179.91641397044998, 256.0, 261.08428175852, 304.88260501412, 324.79548840651995, 347.6863417982199, 371.5045780469199, 414.0, 434.768396616, 450.7881267011, 470.829247054, 522.0, 562.7349620474, 572.53970258451, 606.31948236471, 615.17097404691, 638.47448528451, 657.31322409581]
