Avion: 6      Iteracion: 28

Num Ruta: 31
Ingresos: 40800.0
Costos: 98.2333527453
Utilidad Ruta: 40701.7666473
Costo Reducido: 51.3680513565
Nodos: [106, 14, 59, 36, 81, 15, 60, 916]
q: [0, 8.0, -8.0, 15.0, -15.0, 11.0, -11.0, 0]
Q: [0, 8.0, 0.0, 15.0, 0.0, 11.0, 0.0, 0]
B: [0.0, 112.0, 124.021711775, 251.0, 257.94814406874, 511.0, 527.4211666151, 538.4055353269999]
