Avion: 4      Iteracion: 20

Num Ruta: 22
Ingresos: 106800.0
Costos: 376.141330581
Utilidad Ruta: 106423.858669
Costo Reducido: 151.423023969
Nodos: [104, 12, 57, 10, 55, 31, 76, 36, 81, 34, 79, 28, 8, 53, 43, 73, 15, 88, 60, 914]
q: [0.0, 14.0, -14.0, 12.0, -12.0, 6.0, -6.0, 15.0, -15.0, 12.0, -12.0, 7.0, 8.0, -8.0, 4.0, -7.0, 11.0, -4.0, -11.0, 0.0]
Q: [0.0, 14.0, 0.0, 12.0, 0.0, 6.0, 0.0, 15.0, 0.0, 12.0, 0.0, 7.0, 15.0, 7.0, 11.0, 4.0, 15.0, 11.0, 0.0, 0.0]
B: [0.0, 54.0, 97.347924264, 106.06569462115, 135.58520535555, 175.19335969275, 188.49897369585, 251.0, 257.94814406874, 283.0, 323.947598037, 378.0, 414.0, 434.768396616, 457.33787534280003, 473.90967986130005, 511.0, 521.2530082415, 533.7945681525, 555.9754941251]
