Avion: 6      Iteracion: 22

Num Ruta: 25
Ingresos: 92400.0
Costos: 289.873017119
Utilidad Ruta: 92110.1269829
Costo Reducido: 178.049129326
Nodos: [106, 24, 69, 11, 56, 36, 81, 34, 79, 28, 45, 90, 32, 73, 19, 64, 77, 916]
q: [0.0, 14.0, -14.0, 8.0, -8.0, 15.0, -15.0, 12.0, -12.0, 8.0, 7.0, -7.0, 6.0, -8.0, 7.0, -7.0, -6.0, 0.0]
Q: [0.0, 14.0, 0.0, 8.0, 0.0, 15.0, 0.0, 12.0, 0.0, 8.0, 15.0, 8.0, 14.0, 6.0, 13.0, 6.0, 0.0, 0.0]
B: [0.0, 61.0, 99.5129503025, 169.0, 173.05406684701, 251.0, 257.94814406874, 283.0, 323.947598037, 378.0, 411.1514906603, 420.34311429272, 422.0, 445.4551085267, 457.99090180039997, 484.61801809189996, 501.74539454009994, 525.7909198826999]
