Avion: 5      Iteracion: 79

Num Ruta: 71
Ingresos: 87600.0
Costos: 258.636963101
Utilidad Ruta: 87341.3630369
Costo Reducido: 2.05623835009
Nodos: [105, 16, 61, 40, 85, 41, 86, 21, 66, 27, 72, 37, 82, 915]
q: [0, 11.0, -11.0, 15.0, -15.0, 13.0, -13.0, 13.0, -13.0, 6.0, -6.0, 15.0, -15.0, 0]
Q: [0, 11.0, 0.0, 15.0, 0.0, 13.0, 0.0, 13.0, 0.0, 6.0, 0.0, 15.0, 0.0, 0]
B: [0.0, 36.0, 45.624091437640004, 77.27284989674001, 109.84229167884001, 446.0, 466.0411203529, 483.9041773141, 524.6429679933, 538.0, 555.0308623681, 562.0, 582.7946534714999, 607.8598314082]
