Avion: 1      Iteracion: 0

Num Ruta: 1
Ingresos: 96000.0
Costos: 323.366058614
Utilidad Ruta: 95676.6339414
Costo Reducido: -
Nodos: [101, 24, 69, 14, 59, 22, 67, 26, 71, 13, 58, 25, 70, 7, 52, 911]
q: [0, 14.0, -14.0, 8.0, -8.0, 10.0, -10.0, 13.0, -13.0, 15.0, -15.0, 10.0, -10.0, 10.0, -10.0, 0]
Q: [0, 14.0, 0.0, 8.0, 0.0, 10.0, 0.0, 13.0, 0.0, 15.0, 0.0, 10.0, 0.0, 10.0, 0.0, 0]
B: [0.0, 61.0, 99.5129503025, 128.1593196012, 140.1810313762, 299.0, 320.7546861389, 357.0876895518, 374.6669175212, 423.0, 439.88315095, 463.8957169312, 481.0806992413, 517.0, 545.5413118129, 563.506319578]
