Avion: 7      Iteracion: 2

Num Ruta: 6
Ingresos: 213600.0
Costos: 611.181223044
Utilidad Ruta: 212988.818777
Costo Reducido: 772389.210936
Nodos: [107, 9, 54, 30, 75, 24, 69, 1, 31, 76, 11, 56, 46, 3, 48, 18, 36, 81, 63, 26, 71, 45, 90, 8, 25, 70, 53, 5, 50, 41, 86, 15, 60, 27, 72, 33, 78, 917]
q: [0.0, 11.0, -11.0, 11.0, -11.0, 14.0, -14.0, 7.0, 6.0, -6.0, 8.0, -8.0, -7.0, 15.0, -15.0, 11.0, 4.0, -4.0, -11.0, 13.0, -13.0, 11.0, -11.0, 5.0, 10.0, -10.0, -5.0, 12.0, -12.0, 13.0, -13.0, 11.0, -11.0, 6.0, -6.0, 10.0, -10.0, 0.0]
Q: [0.0, 11.0, 0.0, 11.0, 0.0, 14.0, 0.0, 7.0, 13.0, 7.0, 15.0, 7.0, 0.0, 15.0, 0.0, 11.0, 15.0, 11.0, 0.0, 13.0, 0.0, 11.0, 0.0, 5.0, 15.0, 5.0, 0.0, 12.0, 0.0, 13.0, 0.0, 11.0, 0.0, 6.0, 0.0, 10.0, 0.0, 0.0]
B: [0.0, 28.0, 57.5272370025, 73.3151373379, 92.0291599947, 116.763130885, 155.27608118749998, 175.0, 183.89376197118, 197.19937597428, 197.678254873377, 201.732321720387, 236.048051058387, 256.0, 261.08428175852, 293.0, 306.9670306436, 313.91517471234005, 328.64583746054006, 357.64735428294006, 375.22658225234005, 398.75273467894004, 407.94435831136, 419.49435268366, 451.45923206716, 468.64421437725997, 486.25221440565997, 496.00502528252997, 497.12671418771, 505.95295200457997, 525.9940723574799, 548.5839454203799, 565.0051120354799, 582.7188975427799, 599.7497599108799, 613.5969299105799, 636.9004411481799, 662.9736991915798]
