Avion: 3      Iteracion: 44

Num Ruta: 42
Ingresos: 104400.0
Costos: 401.961515874
Utilidad Ruta: 103998.038484
Costo Reducido: 31.0286237032
Nodos: [103, 17, 62, 40, 85, 14, 59, 42, 87, 26, 71, 39, 84, 28, 73, 25, 70, 38, 21, 66, 83, 913]
q: [0.0, 5.0, -5.0, 15.0, -15.0, 8.0, -8.0, 5.0, -5.0, 13.0, -13.0, 8.0, -8.0, 8.0, -8.0, 10.0, -10.0, 8.0, 7.0, -7.0, -8.0, 0.0]
Q: [0.0, 5.0, 0.0, 15.0, 0.0, 8.0, 0.0, 5.0, 0.0, 13.0, 0.0, 8.0, 0.0, 8.0, 0.0, 10.0, 0.0, 8.0, 15.0, 8.0, 0.0, 0.0]
B: [0.0, 24.0, 58.8425537813, 82.5415246028, 115.1109663849, 143.6893683171, 155.7110800921, 239.0, 287.0498346511, 300.0, 317.5792279694, 388.0, 410.632187455, 423.6226744744, 459.6492932583, 462.98267187466, 480.16765418476, 484.48931694347, 491.31222988444, 532.05102056364, 539.12094913471, 549.08492449598]
