Avion: 6      Iteracion: 0

Num Ruta: 3
Ingresos: 200400.0
Costos: 570.045024882
Utilidad Ruta: 199829.954975
Costo Reducido: -
Nodos: [106, 40, 85, 30, 75, 10, 55, 1, 46, 3, 48, 36, 81, 26, 71, 45, 90, 41, 86, 13, 58, 20, 15, 60, 7, 52, 65, 37, 82, 916]
q: [0.0, 15.0, -15.0, 11.0, -11.0, 12.0, -12.0, 7.0, -7.0, 15.0, -15.0, 15.0, -15.0, 13.0, -13.0, 11.0, -11.0, 13.0, -13.0, 15.0, -15.0, 4.0, 11.0, -11.0, 10.0, -10.0, -4.0, 15.0, -15.0, 0.0]
Q: [0.0, 15.0, 0.0, 11.0, 0.0, 12.0, 0.0, 7.0, 0.0, 15.0, 0.0, 15.0, 0.0, 13.0, 0.0, 11.0, 0.0, 13.0, 0.0, 15.0, 0.0, 4.0, 15.0, 4.0, 14.0, 4.0, 0.0, 15.0, 0.0, 0.0]
B: [0.0, 62.0, 94.5694417821, 113.51249206450001, 132.22651472130002, 150.91956500740002, 180.43907574180002, 218.85841691260003, 253.09850244110004, 260.19505435030004, 265.27933610882, 300.19880141112003, 307.14694547986005, 347.44932993786006, 365.02855790726005, 388.55471033386004, 397.74633396628, 446.0, 466.0411203529, 480.3821530912, 497.2653040412, 511.1958892766, 521.4967813739, 537.917947989, 548.8226875549, 577.3639993677999, 590.3276839134999, 601.9052018685999, 622.6998553400999, 643.9992078419999]
