Avion: 2      Iteracion: 9

Num Ruta: 12
Ingresos: 64800.0
Costos: 275.23321449
Utilidad Ruta: 64524.7667855
Costo Reducido: 133875.872622
Nodos: [102, 9, 54, 31, 76, 36, 81, 35, 80, 7, 52, 27, 72, 912]
q: [0, 11.0, -11.0, 6.0, -6.0, 15.0, -15.0, 6.0, -6.0, 10.0, -10.0, 6.0, -6.0, 0]
Q: [0, 11.0, 0.0, 6.0, 0.0, 15.0, 0.0, 6.0, 0.0, 10.0, 0.0, 6.0, 0.0, 0]
B: [0.0, 41.2034331094, 70.7306701119, 130.0, 143.3056140031, 251.0, 257.94814406874, 308.86250452824004, 328.77538792064, 517.0, 545.5413118129, 561.3810866849999, 578.4119490530999, 584.6559324771699]
