Avion: 4      Iteracion: 38

Num Ruta: 37
Ingresos: 61200.0
Costos: 188.311018907
Utilidad Ruta: 61011.6889811
Costo Reducido: 29.807296659
Nodos: [104, 31, 11, 76, 56, 34, 79, 22, 67, 32, 25, 70, 77, 914]
q: [0.0, 6.0, 8.0, -6.0, -8.0, 12.0, -12.0, 10.0, -10.0, 6.0, 9.0, -9.0, -6.0, 0.0]
Q: [0.0, 6.0, 14.0, 8.0, 0.0, 12.0, 0.0, 10.0, 0.0, 6.0, 15.0, 6.0, 0.0, 0.0]
B: [0.0, 130.0, 169.0, 169.478878899097, 173.173257466597, 283.0, 323.947598037, 353.69889745399996, 375.4535835929, 422.0, 442.6664482919, 459.851430602, 470.8364988767, 479.95365150237996]
