Avion: 2      Iteracion: 42

Num Ruta: 38
Ingresos: 30000.0
Costos: 99.600265415
Utilidad Ruta: 29900.3997346
Costo Reducido: 14.9856510431
Nodos: [102, 20, 65, 37, 82, 912]
q: [0, 10.0, -10.0, 15.0, -15.0, 0]
Q: [0, 10.0, 0.0, 15.0, 0.0, 0]
B: [0.0, 496.0, 538.1771424471, 562.0, 582.7946534714999, 599.6155152806]
