Avion: 1      Iteracion: 16

Num Ruta: 14
Ingresos: 67200.0
Costos: 229.775695684
Utilidad Ruta: 66970.2243043
Costo Reducido: 141.292149075
Nodos: [101, 36, 81, 34, 79, 25, 70, 29, 74, 33, 78, 911]
q: [0, 15.0, -15.0, 12.0, -12.0, 10.0, -10.0, 9.0, -9.0, 10.0, -10.0, 0]
Q: [0, 15.0, 0.0, 12.0, 0.0, 10.0, 0.0, 9.0, 0.0, 10.0, 0.0, 0]
B: [0.0, 251.0, 257.94814406874, 283.0, 323.947598037, 410.0, 427.1849823101, 549.0, 582.7797797802, 591.6312714624, 614.9347827, 620.61154550991]
