Avion: 3      Iteracion: 0

Num Ruta: 1
Ingresos: 56400.0
Costos: 281.316123769
Utilidad Ruta: 56118.6838762
Costo Reducido: -
Nodos: [103, 9, 54, 12, 57, 1, 46, 6, 51, 33, 78, 913]
q: [0, 11.0, -11.0, 14.0, -14.0, 7.0, -7.0, 5.0, -5.0, 10.0, -10.0, 0]
Q: [0, 11.0, 0.0, 14.0, 0.0, 7.0, 0.0, 5.0, 0.0, 10.0, 0.0, 0]
B: [0.0, 58.0169348553, 87.5441718578, 98.33120861489999, 141.6791328789, 175.0, 209.2400855285, 436.0, 439.69228939819, 562.0, 585.3035112376, 604.1422500489]
