Avion: 6      Iteracion: 1

Num Ruta: 5
Ingresos: 175200.0
Costos: 560.902157576
Utilidad Ruta: 174639.097842
Costo Reducido: 203280.392465
Nodos: [106, 40, 85, 30, 75, 10, 55, 44, 89, 35, 80, 22, 67, 45, 90, 19, 25, 70, 64, 5, 50, 41, 86, 43, 88, 15, 60, 4, 27, 49, 72, 916]
q: [0.0, 15.0, -15.0, 11.0, -11.0, 12.0, -12.0, 14.0, -14.0, 6.0, -6.0, 10.0, -10.0, 11.0, -11.0, 5.0, 10.0, -10.0, -5.0, 12.0, -12.0, 13.0, -13.0, 5.0, -5.0, 11.0, -11.0, 5.0, 6.0, -5.0, -6.0, 0.0]
Q: [0.0, 15.0, 0.0, 11.0, 0.0, 12.0, 0.0, 14.0, 0.0, 6.0, 0.0, 10.0, 0.0, 11.0, 0.0, 5.0, 15.0, 5.0, 0.0, 12.0, 0.0, 13.0, 0.0, 5.0, 0.0, 11.0, 0.0, 5.0, 11.0, 6.0, 0.0, 0.0]
B: [0.0, 62.0, 94.5694417821, 113.51249206450001, 132.22651472130002, 150.91956500740002, 180.43907574180002, 247.29429397490003, 301.30166837880006, 321.7178817887001, 341.63076518110006, 356.74501981040004, 378.49970594930005, 390.26238017760005, 399.45400381002, 411.29585805672, 420.68786529692, 437.87284760702, 454.65970404292, 469.0, 470.12168890518, 478.94792672205, 498.98904707495, 509.35519240485, 526.61751351185, 536.87052175335, 553.29168836845, 558.86636764174, 576.48114217904, 592.83195475824, 598.24721329316, 619.97592167636]
