Avion: 2      Iteracion: 50

Num Ruta: 41
Ingresos: 36000.0
Costos: 82.8780091436
Utilidad Ruta: 35917.1219909
Costo Reducido: 9.97549739729
Nodos: [102, 36, 81, 29, 74, 27, 72, 912]
q: [0, 15.0, -15.0, 9.0, -9.0, 6.0, -6.0, 0]
Q: [0, 15.0, 0.0, 9.0, 0.0, 6.0, 0.0, 0]
B: [0.0, 251.0, 257.94814406874, 549.0, 582.7797797802, 590.99620777538, 608.0270701434799, 614.27105356755]
