Avion: 5      Iteracion: 57

Num Ruta: 56
Ingresos: 124800.0
Costos: 352.818818131
Utilidad Ruta: 124447.181182
Costo Reducido: 16.7891349532
Nodos: [105, 1, 46, 3, 48, 23, 68, 28, 73, 19, 8, 64, 53, 5, 50, 41, 86, 20, 4, 49, 65, 2, 47, 915]
q: [0, 7.0, -7.0, 15.0, -15.0, 10.0, -10.0, 8.0, -8.0, 7.0, 8.0, -7.0, -8.0, 12.0, -12.0, 13.0, -13.0, 10.0, 5.0, -5.0, -10.0, 9.0, -9.0, 0]
Q: [0, 7.0, 0.0, 15.0, 0.0, 10.0, 0.0, 8.0, 0.0, 7.0, 15.0, 8.0, 0.0, 12.0, 0.0, 13.0, 0.0, 10.0, 15.0, 10.0, 0.0, 9.0, 0.0, 0]
B: [0.0, 175.0, 209.2400855285, 256.0, 261.08428175852, 267.0, 306.733842905, 378.0, 414.0266187839, 426.5624120576, 449.7232936039, 467.6802530347, 470.60837222626, 480.36118310313, 481.48287200831, 490.30910982518, 510.35023017808, 523.87767062338, 534.1568216583801, 554.58257133858, 566.44379458918, 573.77409185464, 614.50905390204, 625.5651375214401]
