Avion: 5      Iteracion: 71

Num Ruta: 64
Ingresos: 111600.0
Costos: 354.943063099
Utilidad Ruta: 111245.056937
Costo Reducido: 3.69311032409
Nodos: [105, 1, 46, 18, 63, 22, 67, 19, 8, 64, 53, 13, 58, 15, 21, 60, 20, 66, 65, 33, 78, 915]
q: [0.0, 7.0, -7.0, 11.0, -11.0, 10.0, -10.0, 7.0, 8.0, -7.0, -8.0, 15.0, -15.0, 10.0, 5.0, -10.0, 10.0, -5.0, -10.0, 10.0, -10.0, 0.0]
Q: [0.0, 7.0, 0.0, 11.0, 0.0, 10.0, 0.0, 7.0, 15.0, 8.0, 0.0, 15.0, 0.0, 10.0, 15.0, 5.0, 15.0, 10.0, 0.0, 10.0, 0.0, 0.0]
B: [0.0, 175.0, 209.2400855285, 293.0, 316.8182362487, 332.3010836612, 354.0557698001, 402.0, 425.1608815463, 443.1178409771, 446.04596016866, 448.25663630956996, 465.13978725956997, 511.0, 516.67223351071, 527.47150163401, 533.60535368635, 570.03064540785, 590.63006603075, 601.45186537285, 624.75537661045, 640.98796854765]
