Avion: 3      Iteracion: 29

Num Ruta: 30
Ingresos: 116400.0
Costos: 450.279434341
Utilidad Ruta: 115949.720566
Costo Reducido: 79.9533125598
Nodos: [103, 17, 62, 9, 54, 44, 89, 26, 71, 28, 39, 73, 84, 6, 51, 2, 47, 7, 4, 52, 49, 33, 78, 913]
q: [0.0, 5.0, -5.0, 11.0, -11.0, 14.0, -14.0, 13.0, -13.0, 8.0, 7.0, -8.0, -7.0, 5.0, -5.0, 9.0, -9.0, 10.0, 5.0, -10.0, -5.0, 10.0, -10.0, 0.0]
Q: [0.0, 5.0, 0.0, 11.0, 0.0, 14.0, 0.0, 13.0, 0.0, 8.0, 15.0, 7.0, 0.0, 5.0, 0.0, 9.0, 0.0, 10.0, 15.0, 5.0, 0.0, 10.0, 0.0, 0.0]
B: [0.0, 24.0, 58.8425537813, 81.72911018459999, 111.25634718709999, 211.0, 265.00737440390003, 300.0, 317.5792279694, 378.0, 389.3210123222, 420.750419714, 456.7633308432, 463.4515750074, 467.14386440558997, 522.0, 562.7349620474, 574.2416881674001, 584.6050614599001, 603.8774224466001, 605.0377965242101, 613.6092619765101, 636.9127732141101, 655.7515120254101]
