Avion: 5      Iteracion: 54

Num Ruta: 54
Ingresos: 127200.0
Costos: 354.603577987
Utilidad Ruta: 126845.396422
Costo Reducido: 18.5930935273
Nodos: [105, 14, 59, 3, 48, 23, 18, 63, 68, 22, 67, 19, 32, 64, 13, 77, 58, 15, 60, 20, 4, 49, 65, 33, 78, 915]
q: [0.0, 8.0, -8.0, 15.0, -15.0, 10.0, 5.0, -5.0, -10.0, 10.0, -10.0, 7.0, 6.0, -7.0, 9.0, -6.0, -9.0, 11.0, -11.0, 10.0, 5.0, -5.0, -10.0, 10.0, -10.0, 0.0]
Q: [0.0, 8.0, 0.0, 15.0, 0.0, 10.0, 15.0, 10.0, 0.0, 10.0, 0.0, 7.0, 13.0, 6.0, 15.0, 9.0, 0.0, 11.0, 0.0, 10.0, 15.0, 10.0, 0.0, 10.0, 0.0, 0.0]
B: [0.0, 112.0, 124.021711775, 256.0, 261.08428175852, 267.0, 293.0, 316.8182362487, 326.74376782137, 342.50019181287, 364.25487795177, 402.0, 422.0, 441.5724706923, 445.80008999872, 459.64226977652004, 463.71322015696006, 511.0, 527.4211666151, 533.55501866744, 543.83416970244, 564.25991938264, 576.12114263324, 586.94294197534, 610.24645321294, 626.47904515014]
