Avion: 5      Iteracion: 12

Num Ruta: 16
Ingresos: 144000.0
Costos: 530.76426493
Utilidad Ruta: 143469.235735
Costo Reducido: 101331.672245
Nodos: [105, 12, 24, 57, 69, 31, 76, 36, 81, 23, 18, 63, 68, 45, 90, 39, 6, 51, 84, 13, 58, 7, 4, 29, 74, 52, 49, 37, 82, 915]
q: [0.0, 14.0, 1.0, -14.0, -1.0, 6.0, -6.0, 15.0, -15.0, 4.0, 11.0, -11.0, -4.0, 11.0, -11.0, 8.0, 5.0, -5.0, -8.0, 15.0, -15.0, 1.0, 5.0, 9.0, -9.0, -1.0, -5.0, 15.0, -15.0, 0.0]
Q: [0.0, 14.0, 15.0, 1.0, 0.0, 6.0, 0.0, 15.0, 0.0, 4.0, 15.0, 4.0, 0.0, 11.0, 0.0, 8.0, 13.0, 8.0, 0.0, 15.0, 0.0, 1.0, 6.0, 15.0, 6.0, 5.0, 0.0, 15.0, 0.0, 0.0]
B: [0.0, 54.0, 70.84782742670001, 112.4021086622, 128.3343462326, 139.61870399010002, 152.92431799320002, 251.0, 257.94814406874, 299.00676745044, 319.18571759654003, 343.00395384524, 352.92948541791003, 379.31801779471004, 388.50964142713, 427.05771689143, 453.21561017433, 456.90789957251997, 467.09301542851995, 470.32494921496993, 487.20810016496995, 517.0, 529.0, 549.7100026316, 583.4897824118, 595.7865862648, 596.94696034241, 604.01133243057, 624.80598590207, 649.87116383877]
