Avion: 4      Iteracion: 60

Num Ruta: 51
Ingresos: 130800.0
Costos: 406.872755419
Utilidad Ruta: 130393.127245
Costo Reducido: 2.44417230638
Nodos: [104, 31, 11, 76, 56, 44, 42, 89, 87, 26, 71, 18, 63, 39, 84, 13, 58, 20, 5, 50, 65, 2, 47, 29, 74, 914]
q: [0.0, 6.0, 8.0, -6.0, -8.0, 10.0, 5.0, -10.0, -5.0, 13.0, -13.0, 11.0, -11.0, 8.0, -8.0, 15.0, -15.0, 10.0, 5.0, -5.0, -10.0, 9.0, -9.0, 9.0, -9.0, 0.0]
Q: [0.0, 6.0, 14.0, 8.0, 0.0, 10.0, 15.0, 5.0, 0.0, 13.0, 0.0, 11.0, 0.0, 8.0, 0.0, 15.0, 0.0, 10.0, 15.0, 10.0, 0.0, 9.0, 0.0, 9.0, 0.0, 0.0]
B: [0.0, 130.0, 169.0, 169.478878899097, 173.173257466597, 211.0, 239.0, 276.4881823646, 294.1162889277, 301.01176751878, 318.59099548818, 341.86966624058, 365.68790248927996, 388.0, 410.632187455, 423.0, 439.88315095, 496.0, 519.9123369832, 521.03402588838, 540.17366112528, 547.50395839074, 588.23892043814, 598.04366097525, 631.82344075545, 656.6318687790499]
