Avion: 4      Iteracion: 89

Num Ruta: 65
Ingresos: 109200.0
Costos: 349.512084163
Utilidad Ruta: 108850.487916
Costo Reducido: 1.95605534156
Nodos: [104, 31, 11, 76, 56, 44, 42, 89, 35, 87, 26, 80, 71, 22, 67, 32, 43, 77, 88, 15, 60, 20, 4, 49, 65, 914]
q: [0.0, 6.0, 8.0, -6.0, -8.0, 10.0, 5.0, -10.0, 6.0, -5.0, 9.0, -6.0, -9.0, 10.0, -10.0, 6.0, 5.0, -6.0, -5.0, 11.0, -11.0, 10.0, 5.0, -5.0, -10.0, 0.0]
Q: [0.0, 6.0, 14.0, 8.0, 0.0, 10.0, 15.0, 5.0, 11.0, 6.0, 15.0, 9.0, 0.0, 10.0, 0.0, 6.0, 11.0, 5.0, 0.0, 11.0, 0.0, 10.0, 15.0, 10.0, 0.0, 0.0]
B: [0.0, 130.0, 169.0, 169.478878899097, 173.173257466597, 211.0, 239.0, 276.4881823646, 296.9043957745, 300.96084557698003, 307.85632416806004, 317.14932954845005, 326.97114531744006, 340.60532596754007, 362.3600121064401, 422.0, 451.0, 474.5469186944, 488.3458735099, 511.0, 527.4211666151, 533.55501866744, 543.83416970244, 564.25991938264, 576.12114263324, 620.0127471265399]
