Avion: 7      Iteracion: 46

Num Ruta: 41
Ingresos: 45600.0
Costos: 167.756947916
Utilidad Ruta: 45432.2430521
Costo Reducido: 19.0827832254
Nodos: [107, 24, 69, 31, 76, 34, 79, 27, 72, 917]
q: [0, 14.0, -14.0, 6.0, -6.0, 12.0, -12.0, 6.0, -6.0, 0]
Q: [0, 14.0, 0.0, 6.0, 0.0, 12.0, 0.0, 6.0, 0.0, 0]
B: [0.0, 61.0, 99.5129503025, 130.0, 143.3056140031, 283.0, 323.947598037, 538.0, 555.0308623681, 560.60829851744]
