Avion: 2      Iteracion: 15

Num Ruta: 18
Ingresos: 16800.0
Costos: 97.1372099133
Utilidad Ruta: 16702.8627901
Costo Reducido: 91.7487460551
Nodos: [102, 24, 69, 912]
q: [0, 14.0, -14.0, 0]
Q: [0, 14.0, 0.0, 0]
B: [0.0, 61.0, 99.5129503025, 122.6079424004]
