Avion: 3      Iteracion: 18

Num Ruta: 21
Ingresos: 33600.0
Costos: 164.082011411
Utilidad Ruta: 33435.9179886
Costo Reducido: 102.098301125
Nodos: [103, 39, 84, 6, 51, 27, 72, 2, 47, 913]
q: [0, 8.0, -8.0, 5.0, -5.0, 6.0, -6.0, 9.0, -9.0, 0]
Q: [0, 8.0, 0.0, 5.0, 0.0, 6.0, 0.0, 9.0, 0.0, 0]
B: [0.0, 388.0, 410.632187455, 436.0, 439.69228939819, 538.0, 555.0308623681, 566.4829354555, 607.2178975029, 643.2628341515]
