Avion: 6      Iteracion: 16

Num Ruta: 19
Ingresos: 132000.0
Costos: 469.538594362
Utilidad Ruta: 131530.461406
Costo Reducido: 275.623558933
Nodos: [106, 9, 54, 12, 57, 1, 31, 76, 42, 46, 3, 48, 87, 22, 67, 25, 70, 19, 32, 64, 13, 77, 58, 29, 27, 74, 72, 916]
q: [0.0, 11.0, -11.0, 14.0, -14.0, 7.0, 6.0, -6.0, 5.0, -7.0, 10.0, -10.0, -5.0, 10.0, -10.0, 10.0, -10.0, 7.0, 6.0, -7.0, 9.0, -6.0, -9.0, 9.0, 6.0, -9.0, -6.0, 0.0]
Q: [0.0, 11.0, 0.0, 14.0, 0.0, 7.0, 13.0, 7.0, 12.0, 5.0, 15.0, 5.0, 0.0, 10.0, 0.0, 10.0, 0.0, 7.0, 13.0, 6.0, 15.0, 9.0, 0.0, 9.0, 15.0, 6.0, 0.0, 0.0]
B: [0.0, 28.0, 57.5272370025, 68.3142737596, 111.6621980236, 175.0, 183.89376197118, 197.19937597428, 239.0, 264.0626014013, 271.1591533105, 276.24343506902, 316.60247986692, 347.23500286132, 368.98968900022004, 410.0, 427.1849823101, 443.8578739909, 455.57278862989995, 475.14525932219993, 479.37287862861996, 493.21505840642, 497.28600878686, 549.0, 574.6018082369, 582.8182362320799, 598.26561380888, 619.99432219208]
