Avion: 2      Iteracion: 38

Num Ruta: 35
Ingresos: 42000.0
Costos: 173.836226818
Utilidad Ruta: 41826.1637732
Costo Reducido: 2.4866355206
Nodos: [102, 12, 57, 1, 46, 8, 53, 27, 72, 912]
q: [0, 14.0, -14.0, 7.0, -7.0, 8.0, -8.0, 6.0, -6.0, 0]
Q: [0, 14.0, 0.0, 7.0, 0.0, 8.0, 0.0, 6.0, 0.0, 0]
B: [0.0, 54.0, 97.347924264, 175.0, 209.2400855285, 414.0, 434.768396616, 538.0, 555.0308623681, 561.27484579217]
