Avion: 4      Iteracion: 12

Num Ruta: 15
Ingresos: 126000.0
Costos: 550.751562612
Utilidad Ruta: 125449.248437
Costo Reducido: 121473.030645
Nodos: [104, 12, 24, 57, 69, 31, 76, 44, 89, 23, 18, 67, 22, 68, 63, 39, 8, 53, 84, 13, 38, 58, 83, 20, 4, 65, 49, 914]
q: [0.0, 14.0, 1.0, -14.0, -1.0, 6.0, -6.0, 14.0, -14.0, 4.0, 11.0, -10.0, 10.0, -4.0, -11.0, 8.0, 7.0, -7.0, -8.0, 7.0, 8.0, -7.0, -8.0, 10.0, 5.0, -10.0, -5.0, 0.0]
Q: [0.0, 14.0, 15.0, 1.0, 0.0, 6.0, 0.0, 14.0, 0.0, 4.0, 15.0, 5.0, 15.0, 11.0, 0.0, 8.0, 15.0, 8.0, 0.0, 7.0, 15.0, 8.0, 0.0, 10.0, 15.0, 5.0, 0.0, 0.0]
B: [0.0, 54.0, 70.84782742670001, 112.4021086622, 128.3343462326, 139.61870399010002, 152.92431799320002, 211.0, 265.00737440390003, 285.83796549010003, 306.01691563620005, 320.0, 341.7546861389, 357.5111101304, 367.43664170307005, 388.0, 429.7606706843, 450.5290673003, 453.91890638203, 457.15084016848, 480.0, 493.4950592811, 519.5513442427, 554.177679726, 564.456830761, 596.5531538682, 608.4143771188, 642.3066949798999]
