Avion: 7      Iteracion: 18

Num Ruta: 18
Ingresos: 61200.0
Costos: 194.88907587
Utilidad Ruta: 61005.1109241
Costo Reducido: 152.113342864
Nodos: [107, 40, 85, 30, 75, 18, 63, 39, 84, 27, 72, 917]
q: [0, 15.0, -15.0, 11.0, -11.0, 11.0, -11.0, 8.0, -8.0, 6.0, -6.0, 0]
Q: [0, 15.0, 0.0, 11.0, 0.0, 11.0, 0.0, 8.0, 0.0, 6.0, 0.0, 0]
B: [0.0, 62.0, 94.5694417821, 113.51249206450001, 132.22651472130002, 293.0, 316.8182362487, 388.0, 410.632187455, 538.0, 555.0308623681, 560.60829851744]
