Avion: 6      Iteracion: 34

Num Ruta: 37
Ingresos: 42000.0
Costos: 163.193773554
Utilidad Ruta: 41836.8062264
Costo Reducido: 27.2641066233
Nodos: [106, 9, 54, 19, 8, 53, 64, 2, 47, 916]
q: [0, 11.0, -11.0, 7.0, 8.0, -8.0, -7.0, 9.0, -9.0, 0]
Q: [0, 11.0, 0.0, 7.0, 15.0, 7.0, 0.0, 9.0, 0.0, 0]
B: [0.0, 28.0, 57.5272370025, 402.0, 425.1608815463, 445.9292781623, 448.85739735386, 522.0, 562.7349620474, 576.5836524187]
