Avion: 7      Iteracion: 33

Num Ruta: 31
Ingresos: 50400.0
Costos: 217.370101378
Utilidad Ruta: 50182.6298986
Costo Reducido: 44.2852325937
Nodos: [107, 24, 69, 20, 65, 2, 47, 29, 74, 917]
q: [0, 14.0, -14.0, 10.0, -10.0, 9.0, -9.0, 9.0, -9.0, 0]
Q: [0, 14.0, 0.0, 10.0, 0.0, 9.0, 0.0, 9.0, 0.0, 0]
B: [0.0, 61.0, 99.5129503025, 496.0, 538.1771424471, 545.50743971256, 586.24240175996, 596.04714229707, 629.82692207727, 648.79752586317]
