Avion: 1      Iteracion: 69

Num Ruta: 50
Ingresos: 48000.0
Costos: 145.786448524
Utilidad Ruta: 47854.2135515
Costo Reducido: 4.7284677968
Nodos: [101, 14, 59, 8, 53, 13, 58, 29, 74, 911]
q: [0, 8.0, -8.0, 8.0, -8.0, 15.0, -15.0, 9.0, -9.0, 0]
Q: [0, 8.0, 0.0, 8.0, 0.0, 15.0, 0.0, 9.0, 0.0, 0]
B: [0.0, 112.0, 124.021711775, 414.0, 434.768396616, 436.97907275691, 453.86222370691, 549.0, 582.7797797802, 599.1597614957]
