Avion: 3      Iteracion: 3

Num Ruta: 7
Ingresos: 187200.0
Costos: 638.006195655
Utilidad Ruta: 186561.993804
Costo Reducido: 512815.359709
Nodos: [103, 16, 61, 24, 12, 57, 69, 1, 31, 76, 11, 56, 46, 3, 48, 18, 36, 81, 63, 26, 71, 45, 90, 19, 64, 6, 51, 41, 86, 2, 27, 47, 72, 37, 82, 913]
q: [0.0, 11.0, -11.0, 1.0, 14.0, -14.0, -1.0, 7.0, 6.0, -6.0, 8.0, -8.0, -7.0, 15.0, -15.0, 11.0, 4.0, -4.0, -11.0, 13.0, -13.0, 11.0, -11.0, 7.0, -7.0, 5.0, -5.0, 13.0, -13.0, 9.0, 6.0, -9.0, -6.0, 15.0, -15.0, 0.0]
Q: [0.0, 11.0, 0.0, 1.0, 15.0, 1.0, 0.0, 7.0, 13.0, 7.0, 15.0, 7.0, 0.0, 15.0, 0.0, 11.0, 15.0, 11.0, 0.0, 13.0, 0.0, 11.0, 0.0, 7.0, 0.0, 5.0, 0.0, 13.0, 0.0, 9.0, 15.0, 6.0, 0.0, 15.0, 0.0, 0.0]
B: [0.0, 36.0, 45.624091437640004, 70.85029051714, 87.69811794384, 131.04604220784, 146.97827977824, 175.0, 183.89376197118, 197.19937597428, 197.678254873377, 201.732321720387, 236.048051058387, 256.0, 261.08428175852, 293.0, 306.9670306436, 313.91517471234005, 328.64583746054006, 357.64735428294006, 375.22658225234005, 398.75273467894004, 407.94435831136, 419.78621255806, 446.41332884956, 458.20434784706, 461.89663724524996, 481.01335715215, 501.05447750505, 526.04283227285, 551.82680064465, 576.79245260885, 606.13298295515, 612.9689485782401, 633.76360204974, 687.1888602147401]
