Avion: 6      Iteracion: 38

Num Ruta: 40
Ingresos: 69600.0
Costos: 224.635547221
Utilidad Ruta: 69375.3644528
Costo Reducido: 38.7176581537
Nodos: [106, 40, 85, 14, 59, 8, 5, 50, 53, 6, 51, 27, 7, 52, 72, 916]
q: [0.0, 15.0, -15.0, 8.0, -8.0, 8.0, 7.0, -7.0, -8.0, 5.0, -5.0, 5.0, 10.0, -10.0, -5.0, 0.0]
Q: [0.0, 15.0, 0.0, 8.0, 0.0, 8.0, 15.0, 8.0, 0.0, 5.0, 0.0, 5.0, 15.0, 5.0, 0.0, 0.0]
B: [0.0, 62.0, 94.5694417821, 123.1478437143, 135.1695554893, 414.0, 469.0, 470.12168890518, 480.59966590458, 489.79033753400995, 493.48262693219993, 538.0, 565.6633233723, 594.2046351852, 598.60455575266, 620.33326413586]
