Avion: 7      Iteracion: 80

Num Ruta: 57
Ingresos: 32400.0
Costos: 66.3818881105
Utilidad Ruta: 32333.6181119
Costo Reducido: 0.016027585858
Nodos: [107, 40, 85, 5, 50, 917]
q: [0, 15.0, -15.0, 12.0, -12.0, 0]
Q: [0, 15.0, 0.0, 12.0, 0.0, 0]
B: [0.0, 62.0, 94.5694417821, 469.0, 470.12168890518, 477.8527450426]
