Avion: 7      Iteracion: 41

Num Ruta: 36
Ingresos: 33600.0
Costos: 141.091833825
Utilidad Ruta: 33458.9081662
Costo Reducido: 6.10872627418
Nodos: [107, 24, 69, 44, 89, 917]
q: [0, 14.0, -14.0, 14.0, -14.0, 0]
Q: [0, 14.0, 0.0, 14.0, 0.0, 0]
B: [0.0, 61.0, 99.5129503025, 211.0, 265.00737440390003, 272.96125396044005]
