Avion: 5      Iteracion: 70

Num Ruta: 63
Ingresos: 36000.0
Costos: 158.50728805
Utilidad Ruta: 35841.4927119
Costo Reducido: 12.6339309798
Nodos: [105, 10, 55, 2, 47, 29, 74, 915]
q: [0, 12.0, -12.0, 9.0, -9.0, 9.0, -9.0, 0]
Q: [0, 12.0, 0.0, 9.0, 0.0, 9.0, 0.0, 0]
B: [0.0, 96.0, 125.5195107344, 522.0, 562.7349620474, 572.53970258451, 606.31948236471, 632.10146832391]
