Avion: 2      Iteracion: 65

Num Ruta: 45
Ingresos: 39600.0
Costos: 162.813134821
Utilidad Ruta: 39437.1868652
Costo Reducido: 1.29159945758
Nodos: [102, 44, 89, 2, 47, 7, 52, 912]
q: [0, 14.0, -14.0, 9.0, -9.0, 10.0, -10.0, 0]
Q: [0, 14.0, 0.0, 9.0, 0.0, 10.0, 0.0, 0]
B: [0.0, 211.0, 265.00737440390003, 522.0, 562.7349620474, 574.2416881674001, 602.7829999803, 613.422831276]
