Avion: 1      Iteracion: 23

Num Ruta: 21
Ingresos: 62400.0
Costos: 199.127880433
Utilidad Ruta: 62200.8721196
Costo Reducido: 158.190141953
Nodos: [101, 30, 75, 16, 61, 31, 14, 59, 11, 56, 76, 38, 83, 911]
q: [0, 11.0, -11.0, 11.0, -11.0, 6.0, 8.0, -8.0, 8.0, -8.0, -6.0, 8.0, -8.0, 0]
Q: [0, 11.0, 0.0, 11.0, 0.0, 6.0, 14.0, 6.0, 14.0, 6.0, 0.0, 8.0, 0.0, 0]
B: [0.0, 64.0, 82.7140226568, 93.53069441849999, 103.15478585614, 130.0, 147.5196824172, 159.5413941922, 188.98982330139998, 193.04389014841, 196.73826871590998, 480.0, 512.8688866407, 533.6923205794]
