Avion: 2      Iteracion: 2

Num Ruta: 5
Ingresos: 196800.0
Costos: 592.917751938
Utilidad Ruta: 196207.082248
Costo Reducido: 424899.173899
Nodos: [102, 24, 69, 10, 55, 31, 11, 76, 56, 44, 89, 3, 48, 23, 68, 26, 71, 45, 90, 25, 70, 5, 50, 41, 86, 15, 60, 4, 33, 49, 78, 912]
q: [0, 14.0, -14.0, 12.0, -12.0, 6.0, 8.0, -6.0, -8.0, 14.0, -14.0, 15.0, -15.0, 10.0, -10.0, 13.0, -13.0, 11.0, -11.0, 10.0, -10.0, 12.0, -12.0, 13.0, -13.0, 11.0, -11.0, 5.0, 10.0, -5.0, -10.0, 0]
Q: [0, 14.0, 0.0, 12.0, 0.0, 6.0, 14.0, 8.0, 0.0, 14.0, 0.0, 15.0, 0.0, 10.0, 0.0, 13.0, 0.0, 11.0, 0.0, 10.0, 0.0, 12.0, 0.0, 13.0, 0.0, 11.0, 0.0, 5.0, 15.0, 10.0, 0.0, 0]
B: [0.0, 61.0, 99.5129503025, 111.2988809828, 140.8183917172, 180.4265460544, 193.6092752483, 194.088154147397, 197.782532714897, 211.0, 265.00737440390003, 287.39410424550005, 292.47838600402, 295.84087332742, 335.57471623242003, 355.26108900652, 372.84031697592, 396.36646940252, 405.55809303494, 426.58430791064, 443.76929022074, 469.0, 470.12168890518, 478.94792672205, 498.98904707495, 521.57892013785, 538.00008675295, 543.57476602624, 570.45205923074, 579.02352468304, 600.56143878814, 622.09712512504]
