Avion: 7      Iteracion: 77

Num Ruta: 55
Ingresos: 97200.0
Costos: 250.954948226
Utilidad Ruta: 96949.0450518
Costo Reducido: 3.90586095941
Nodos: [107, 14, 59, 11, 56, 44, 89, 5, 50, 41, 86, 15, 60, 7, 4, 49, 52, 917]
q: [0, 8.0, -8.0, 8.0, -8.0, 14.0, -14.0, 12.0, -12.0, 13.0, -13.0, 11.0, -11.0, 10.0, 5.0, -5.0, -10.0, 0]
Q: [0, 8.0, 0.0, 8.0, 0.0, 14.0, 0.0, 12.0, 0.0, 13.0, 0.0, 11.0, 0.0, 10.0, 15.0, 10.0, 0.0, 0]
B: [0.0, 112.0, 124.021711775, 169.0, 173.05406684701, 211.0, 265.00737440390003, 469.0, 470.12168890518, 478.94792672205, 498.98904707495, 521.57892013785, 538.00008675295, 548.9048263188499, 559.2681996113499, 579.6939492915499, 580.8543233691598, 587.5437718516598]
