Avion: 5      Iteracion: 87

Num Ruta: 76
Ingresos: 127200.0
Costos: 355.827373514
Utilidad Ruta: 126844.172626
Costo Reducido: 7.42589600282
Nodos: [105, 17, 16, 61, 62, 14, 59, 3, 48, 8, 19, 53, 64, 5, 50, 43, 21, 88, 38, 66, 83, 27, 72, 37, 82, 915]
q: [0.0, 5.0, 10.0, -10.0, -5.0, 8.0, -8.0, 15.0, -15.0, 8.0, 7.0, -8.0, -7.0, 12.0, -12.0, 5.0, 7.0, -5.0, 8.0, -7.0, -8.0, 6.0, -6.0, 15.0, -15.0, 0.0]
Q: [0.0, 5.0, 15.0, 5.0, 0.0, 8.0, 0.0, 15.0, 0.0, 8.0, 15.0, 7.0, 0.0, 12.0, 0.0, 5.0, 12.0, 7.0, 15.0, 8.0, 0.0, 6.0, 0.0, 15.0, 0.0, 0.0]
B: [0.0, 24.0, 58.8014769802, 68.42556841784, 83.07333718993999, 112.0, 124.021711775, 256.0, 261.08428175852, 414.0, 437.1608815463, 466.0513395558, 468.97945874735996, 476.82977198951994, 477.95146089469995, 499.62724148039996, 510.3685641643, 517.65157157882, 527.78673541572, 562.26911580052, 569.33904437159, 580.8747717001901, 597.90563406829, 604.7415996913801, 625.53625316288, 650.60143109958]
