Avion: 6      Iteracion: 18

Num Ruta: 21
Ingresos: 142800.0
Costos: 427.231939791
Utilidad Ruta: 142372.76806
Costo Reducido: 217.699155044
Nodos: [106, 40, 85, 30, 75, 10, 55, 35, 26, 80, 71, 18, 63, 28, 39, 73, 25, 70, 84, 5, 50, 6, 51, 27, 7, 52, 72, 916]
q: [0.0, 15.0, -15.0, 11.0, -11.0, 12.0, -12.0, 6.0, 9.0, -6.0, -9.0, 11.0, -11.0, 8.0, 7.0, -8.0, 8.0, -8.0, -7.0, 12.0, -12.0, 5.0, -5.0, 6.0, 9.0, -9.0, -6.0, 0.0]
Q: [0.0, 15.0, 0.0, 11.0, 0.0, 12.0, 0.0, 6.0, 15.0, 9.0, 0.0, 11.0, 0.0, 8.0, 15.0, 7.0, 15.0, 7.0, 0.0, 12.0, 0.0, 5.0, 0.0, 6.0, 15.0, 6.0, 0.0, 0.0]
B: [0.0, 62.0, 94.5694417821, 113.51249206450001, 132.22651472130002, 150.91956500740002, 180.43907574180002, 279.0, 300.0, 309.29300538039, 319.11482114938, 342.39349190178, 366.21172815048, 378.0, 389.3210123222, 420.750419714, 424.08379833035997, 441.26878064045997, 460.17589178945997, 472.74042652016, 473.86211542534, 490.08570827654, 493.77799767473, 538.0, 565.6633233723, 594.2046351852, 598.60455575266, 620.33326413586]
