Avion: 5      Iteracion: 48

Num Ruta: 49
Ingresos: 122400.0
Costos: 350.869695187
Utilidad Ruta: 122049.130305
Costo Reducido: 25.0806105777
Nodos: [105, 16, 61, 9, 54, 14, 59, 3, 48, 23, 18, 63, 68, 22, 67, 8, 32, 53, 13, 77, 58, 29, 74, 915]
q: [0.0, 11.0, -11.0, 11.0, -11.0, 8.0, -8.0, 15.0, -15.0, 10.0, 5.0, -5.0, -10.0, 10.0, -10.0, 8.0, 6.0, -8.0, 9.0, -6.0, -9.0, 9.0, -9.0, 0.0]
Q: [0.0, 11.0, 0.0, 11.0, 0.0, 8.0, 0.0, 15.0, 0.0, 10.0, 15.0, 10.0, 0.0, 10.0, 0.0, 8.0, 14.0, 6.0, 15.0, 9.0, 0.0, 9.0, 0.0, 0.0]
B: [0.0, 36.0, 45.624091437640004, 75.68094759394, 105.20818459644, 115.46499131194001, 127.48670308694001, 256.0, 261.08428175852, 267.0, 293.0, 316.8182362487, 326.74376782137, 342.50019181287, 364.25487795177, 414.0, 425.4468981388, 447.8266328334, 450.03730897431, 463.87948875211003, 467.95043913255006, 549.0, 582.7797797802, 608.5617657394]
