Avion: 3      Iteracion: 71

Num Ruta: 56
Ingresos: 129600.0
Costos: 351.788368502
Utilidad Ruta: 129248.211631
Costo Reducido: 25.6176800308
Nodos: [103, 17, 30, 62, 16, 61, 75, 24, 69, 36, 81, 34, 79, 39, 84, 13, 58, 29, 27, 74, 33, 72, 78, 913]
q: [0.0, 5.0, 10.0, -5.0, 5.0, -5.0, -10.0, 14.0, -14.0, 15.0, -15.0, 12.0, -12.0, 8.0, -8.0, 15.0, -15.0, 9.0, 5.0, -9.0, 10.0, -5.0, -10.0, 0.0]
Q: [0.0, 5.0, 15.0, 10.0, 15.0, 10.0, 0.0, 14.0, 0.0, 15.0, 0.0, 12.0, 0.0, 8.0, 0.0, 15.0, 0.0, 9.0, 14.0, 5.0, 15.0, 10.0, 0.0, 0.0]
B: [0.0, 24.0, 64.0, 67.14445448369, 72.47609381883, 82.10018525647, 84.97134181786, 109.70531270816, 148.21826301066, 251.0, 257.94814406874, 283.0, 323.947598037, 388.0, 410.632187455, 423.0, 439.88315095, 549.0, 574.6018082369, 582.8182362320799, 591.66972791428, 605.51689791398, 626.08369020158, 644.92242901288]
