Avion: 6      Iteracion: 49

Num Ruta: 49
Ingresos: 146400.0
Costos: 451.451434688
Utilidad Ruta: 145948.548565
Costo Reducido: 46.2420045802
Nodos: [106, 9, 54, 12, 57, 31, 11, 76, 56, 44, 42, 87, 89, 8, 32, 53, 13, 77, 58, 43, 15, 88, 60, 7, 4, 49, 52, 37, 82, 916]
q: [0.0, 11.0, -11.0, 14.0, -14.0, 6.0, 8.0, -6.0, -8.0, 10.0, 5.0, -5.0, -10.0, 8.0, 6.0, -8.0, 9.0, -6.0, -9.0, 5.0, 10.0, -5.0, -10.0, 10.0, 5.0, -5.0, -10.0, 15.0, -15.0, 0.0]
Q: [0.0, 11.0, 0.0, 14.0, 0.0, 6.0, 14.0, 8.0, 0.0, 10.0, 15.0, 10.0, 0.0, 8.0, 14.0, 6.0, 15.0, 9.0, 0.0, 5.0, 15.0, 10.0, 0.0, 10.0, 15.0, 10.0, 0.0, 15.0, 0.0, 0.0]
B: [0.0, 28.0, 57.5272370025, 68.3142737596, 111.6621980236, 132.5795314101, 169.0, 169.478878899097, 173.173257466597, 211.0, 239.0, 287.0498346511, 304.6779412142, 414.0, 425.4468981388, 447.8266328334, 450.03730897431, 463.87948875211003, 467.95043913255006, 490.16275870975005, 511.0, 521.2530082415, 533.7945681525, 544.6993077184, 555.0626810109, 575.4884306910999, 576.6488047687099, 583.8216162816399, 604.6162697531399, 625.9156222550399]
