Avion: 7      Iteracion: 0

Num Ruta: 1
Ingresos: 94800.0
Costos: 350.833583789
Utilidad Ruta: 94449.1664162
Costo Reducido: -
Nodos: [107, 16, 61, 30, 75, 40, 85, 35, 80, 18, 63, 19, 8, 64, 53, 20, 65, 917]
q: [0, 11.0, -11.0, 11.0, -11.0, 15.0, -15.0, 6.0, -6.0, 11.0, -11.0, 7.0, 8.0, -7.0, -8.0, 10.0, -10.0, 0]
Q: [0, 11.0, 0.0, 11.0, 0.0, 15.0, 0.0, 6.0, 0.0, 11.0, 0.0, 7.0, 15.0, 8.0, 0.0, 10.0, 0.0, 0]
B: [0.0, 36.0, 45.624091437640004, 64.0, 82.7140226568, 113.5238767298, 146.0933185119, 279.0, 298.9128833924, 321.80373678409995, 345.62197303279993, 402.0, 425.1608815463, 443.1178409771, 446.04596016866, 496.0, 538.1771424471, 551.05779344]
