Avion: 2      Iteracion: 3

Num Ruta: 6
Ingresos: 171600.0
Costos: 554.462189677
Utilidad Ruta: 171045.53781
Costo Reducido: 604623.596308
Nodos: [102, 12, 57, 30, 75, 14, 59, 11, 56, 36, 81, 3, 48, 18, 63, 45, 90, 32, 19, 77, 64, 41, 86, 2, 47, 37, 82, 912]
q: [0, 14.0, -14.0, 11.0, -11.0, 8.0, -8.0, 8.0, -8.0, 15.0, -15.0, 15.0, -15.0, 11.0, -11.0, 11.0, -11.0, 6.0, 7.0, -6.0, -7.0, 13.0, -13.0, 9.0, -9.0, 15.0, -15.0, 0]
Q: [0, 14.0, 0.0, 11.0, 0.0, 8.0, 0.0, 8.0, 0.0, 15.0, 0.0, 15.0, 0.0, 11.0, 0.0, 11.0, 0.0, 6.0, 13.0, 7.0, 0.0, 13.0, 0.0, 9.0, 0.0, 15.0, 0.0, 0]
B: [0.0, 54.0, 97.347924264, 122.72227077779999, 141.4362934346, 169.2322340915, 181.2539458665, 210.7023749757, 214.75644182271, 251.0, 257.94814406874, 294.92818141324, 300.01246317176, 321.05147232146, 344.86970857015996, 373.41809461915994, 382.6097182515799, 422.0, 433.71491463899997, 461.3697862171, 478.4971626653, 493.68817296739996, 513.7292933202999, 538.7176480881, 579.4526101355, 615.256643386, 636.0512968574999, 652.8721586666]
