Avion: 5      Iteracion: 11

Num Ruta: 15
Ingresos: 129600.0
Costos: 378.146625309
Utilidad Ruta: 129221.853375
Costo Reducido: 114264.435942
Nodos: [105, 9, 54, 30, 75, 3, 48, 23, 18, 63, 68, 22, 67, 45, 90, 8, 32, 19, 77, 53, 64, 5, 50, 41, 86, 915]
q: [0.0, 11.0, -11.0, 11.0, -11.0, 15.0, -15.0, 10.0, 0.0, 0.0, -10.0, 10.0, -10.0, 11.0, -11.0, 8.0, 0.0, 7.0, 0.0, -8.0, -7.0, 12.0, -12.0, 13.0, -13.0, 0.0]
Q: [0.0, 11.0, 0.0, 11.0, 0.0, 15.0, 0.0, 10.0, 10.0, 10.0, 0.0, 10.0, 0.0, 11.0, 0.0, 8.0, 8.0, 15.0, 15.0, 7.0, 0.0, 12.0, 0.0, 13.0, 0.0, 0.0]
B: [0.0, 44.8876461401, 74.4148831426, 90.202783478, 108.9168061348, 256.0, 261.08428175852, 267.0, 293.0, 316.8182362487, 326.74376782137, 342.50019181287, 364.25487795177, 376.01755218007, 385.20917581249, 414.0, 425.4468981388, 437.16181277780004, 464.81668435590007, 480.8657830845001, 483.79390227606007, 491.64421551822005, 492.76590442340006, 501.59214224027005, 521.63326259317, 527.48225925927]
