Avion: 5      Iteracion: 15

Num Ruta: 19
Ingresos: 154800.0
Costos: 473.543316435
Utilidad Ruta: 154326.456684
Costo Reducido: 696.990143196
Nodos: [105, 17, 62, 24, 69, 1, 46, 3, 48, 23, 18, 68, 63, 22, 67, 45, 90, 19, 64, 5, 50, 43, 88, 21, 66, 37, 82, 915]
q: [0.0, 5.0, -5.0, 14.0, -14.0, 7.0, -7.0, 15.0, -15.0, 10.0, 5.0, -10.0, -5.0, 10.0, -10.0, 11.0, -11.0, 7.0, -7.0, 12.0, -12.0, 5.0, -5.0, 13.0, -13.0, 15.0, -15.0, 0.0]
Q: [0.0, 5.0, 0.0, 14.0, 0.0, 7.0, 0.0, 15.0, 0.0, 10.0, 15.0, 5.0, 0.0, 10.0, 0.0, 11.0, 0.0, 7.0, 0.0, 12.0, 0.0, 5.0, 0.0, 13.0, 0.0, 15.0, 0.0, 0.0]
B: [0.0, 24.0, 58.8425537813, 75.400837086, 113.9137873885, 175.0, 209.2400855285, 256.0, 261.08428175852, 267.0, 293.0, 318.4393114097, 328.36484298237, 343.84769039487, 365.60237653377004, 377.36505076207004, 386.55667439449, 402.0, 428.6271162915, 469.0, 470.12168890518, 491.79746949088, 509.05979059788, 516.3427980124, 557.0815886915999, 580.6608882570999, 601.4555417285999, 626.5207196652999]
