Avion: 7      Iteracion: 0

Num Ruta: 2
Ingresos: 192000.0
Costos: 546.600227419
Utilidad Ruta: 191453.399773
Costo Reducido: -
Nodos: [107, 16, 61, 30, 75, 40, 85, 1, 31, 76, 11, 56, 46, 3, 48, 35, 80, 18, 63, 19, 8, 64, 53, 13, 58, 5, 50, 41, 86, 20, 4, 49, 65, 917]
q: [0, 11.0, -11.0, 11.0, -11.0, 15.0, -15.0, 7.0, 6.0, -6.0, 8.0, -8.0, -7.0, 15.0, -15.0, 6.0, -6.0, 11.0, -11.0, 7.0, 8.0, -7.0, -8.0, 15.0, -15.0, 12.0, -12.0, 13.0, -13.0, 10.0, 5.0, -5.0, -10.0, 0]
Q: [0, 11.0, 0.0, 11.0, 0.0, 15.0, 0.0, 7.0, 13.0, 7.0, 15.0, 7.0, 0.0, 15.0, 0.0, 6.0, 0.0, 11.0, 0.0, 7.0, 15.0, 8.0, 0.0, 15.0, 0.0, 12.0, 0.0, 13.0, 0.0, 10.0, 15.0, 10.0, 0.0, 0]
B: [0.0, 36.0, 45.624091437640004, 64.0, 82.7140226568, 113.5238767298, 146.0933185119, 175.0, 183.89376197118, 197.19937597428, 197.678254873377, 201.732321720387, 236.048051058387, 256.0, 261.08428175852, 304.88260501412, 324.79548840651995, 347.6863417982199, 371.5045780469199, 402.0, 425.1608815463, 443.1178409771, 446.04596016866, 448.25663630956996, 465.13978725956997, 492.40407036037, 493.52575926555, 502.35199708242, 522.3931174353199, 535.92055788062, 546.19970891562, 566.62545859582, 578.48668184642, 591.3673328393199]
