Avion: 4      Iteracion: 31

Num Ruta: 33
Ingresos: 103200.0
Costos: 328.247459871
Utilidad Ruta: 102871.75254
Costo Reducido: 4.51697465105
Nodos: [104, 1, 11, 56, 46, 3, 48, 18, 36, 81, 63, 28, 25, 73, 19, 64, 70, 15, 60, 38, 83, 914]
q: [0.0, 7.0, 8.0, -8.0, -7.0, 15.0, -15.0, 11.0, 4.0, -4.0, -11.0, 8.0, 7.0, -8.0, 7.0, -7.0, -7.0, 11.0, -11.0, 8.0, -8.0, 0.0]
Q: [0.0, 7.0, 15.0, 7.0, 0.0, 15.0, 0.0, 11.0, 15.0, 11.0, 0.0, 8.0, 15.0, 7.0, 14.0, 7.0, 0.0, 11.0, 0.0, 8.0, 0.0, 0.0]
B: [0.0, 175.0, 193.6808285951, 197.73489544211, 232.05062478011, 256.0, 261.08428175852, 293.0, 306.9670306436, 313.91517471234005, 328.64583746054006, 378.0, 414.5748134377, 417.90819205406, 430.44398532776, 457.07110161926, 473.85795805516, 511.0, 527.4211666151, 531.5084323270399, 564.3773189677399, 585.4255117880399]
