Avion: 3      Iteracion: 82

Num Ruta: 63
Ingresos: 93600.0
Costos: 275.035962556
Utilidad Ruta: 93324.9640374
Costo Reducido: 2.20719799513
Nodos: [103, 17, 30, 62, 16, 75, 61, 40, 85, 26, 71, 22, 67, 19, 8, 64, 53, 6, 51, 913]
q: [0.0, 5.0, 10.0, -5.0, 5.0, -10.0, -5.0, 15.0, -15.0, 13.0, -13.0, 10.0, -10.0, 7.0, 8.0, -7.0, -8.0, 5.0, -5.0, 0.0]
Q: [0.0, 5.0, 15.0, 10.0, 15.0, 5.0, 0.0, 15.0, 0.0, 13.0, 0.0, 10.0, 0.0, 7.0, 15.0, 8.0, 0.0, 5.0, 0.0, 0.0]
B: [0.0, 24.0, 64.0, 67.14445448369, 72.47609381883, 83.29276558052999, 86.16392214191998, 117.81268060101999, 150.38212238312, 300.0, 317.5792279694, 331.2134086195, 352.9680947584, 402.0, 425.1608815463, 443.1178409771, 446.04596016866, 455.23663179809, 458.92892119628, 475.65405964117997]
