Avion: 1      Iteracion: 39

Num Ruta: 33
Ingresos: 48000.0
Costos: 156.589918584
Utilidad Ruta: 47843.4100814
Costo Reducido: 45.7224150151
Nodos: [101, 9, 54, 12, 57, 6, 51, 33, 78, 911]
q: [0, 11.0, -11.0, 14.0, -14.0, 5.0, -5.0, 10.0, -10.0, 0]
Q: [0, 11.0, 0.0, 14.0, 0.0, 5.0, 0.0, 10.0, 0.0, 0]
B: [0.0, 28.0, 57.5272370025, 68.3142737596, 111.6621980236, 436.0, 439.69228939819, 562.0, 585.3035112376, 590.98027404751]
