Avion: 6      Iteracion: 29

Num Ruta: 32
Ingresos: 90000.0
Costos: 314.358495076
Utilidad Ruta: 89685.6415049
Costo Reducido: 79.1700052693
Nodos: [106, 9, 54, 36, 81, 34, 79, 39, 84, 43, 21, 88, 20, 66, 65, 2, 47, 916]
q: [0.0, 11.0, -11.0, 15.0, -15.0, 12.0, -12.0, 8.0, -8.0, 5.0, 5.0, -5.0, 10.0, -5.0, -10.0, 9.0, -9.0, 0.0]
Q: [0.0, 11.0, 0.0, 15.0, 0.0, 12.0, 0.0, 8.0, 0.0, 5.0, 10.0, 5.0, 15.0, 10.0, 0.0, 9.0, 0.0, 0.0]
B: [0.0, 28.0, 57.5272370025, 251.0, 257.94814406874, 283.0, 323.947598037, 388.0, 410.632187455, 451.0, 477.0, 484.28300741452, 496.0, 532.4252917215, 553.0247123444, 560.35500960986, 601.08997165726, 614.93866202856]
