Avion: 3      Iteracion: 32

Num Ruta: 33
Ingresos: 37200.0
Costos: 168.058794472
Utilidad Ruta: 37031.9412055
Costo Reducido: 31.6025968211
Nodos: [103, 17, 62, 1, 46, 45, 90, 38, 83, 913]
q: [0, 5.0, -5.0, 7.0, -7.0, 11.0, -11.0, 8.0, -8.0, 0]
Q: [0, 5.0, 0.0, 7.0, 0.0, 11.0, 0.0, 8.0, 0.0, 0]
B: [0.0, 24.0, 58.8425537813, 175.0, 209.2400855285, 371.0, 380.19162363242, 480.0, 512.8688866407, 522.8328620019699]
