Avion: 5      Iteracion: 21

Num Ruta: 24
Ingresos: 100800.0
Costos: 352.165912592
Utilidad Ruta: 100447.834087
Costo Reducido: 130.13674032
Nodos: [105, 16, 61, 40, 85, 3, 48, 23, 26, 68, 71, 32, 25, 77, 70, 21, 66, 915]
q: [0.0, 11.0, -11.0, 15.0, -15.0, 15.0, -15.0, 2.0, 13.0, -2.0, -13.0, 6.0, 9.0, -6.0, -9.0, 13.0, -13.0, 0.0]
Q: [0.0, 11.0, 0.0, 15.0, 0.0, 15.0, 0.0, 2.0, 15.0, 13.0, 0.0, 6.0, 15.0, 9.0, 0.0, 13.0, 0.0, 0.0]
B: [0.0, 36.0, 45.624091437640004, 77.27284989674001, 109.84229167884001, 256.0, 261.08428175852, 267.0, 301.4413435423, 321.1277163164, 324.19478869898, 422.0, 442.6664482919, 469.8986961242, 480.8837643989, 489.0524778839, 529.7912685631, 561.8277942799]
