Avion: 3      Iteracion: 42

Num Ruta: 40
Ingresos: 85200.0
Costos: 304.249853052
Utilidad Ruta: 84895.7501469
Costo Reducido: 21.3826804438
Nodos: [103, 17, 62, 40, 85, 26, 71, 28, 43, 73, 88, 20, 4, 65, 49, 33, 78, 913]
q: [0, 5.0, -5.0, 15.0, -15.0, 13.0, -13.0, 8.0, 5.0, -8.0, -5.0, 10.0, 5.0, -10.0, -5.0, 10.0, -10.0, 0]
Q: [0, 5.0, 0.0, 15.0, 0.0, 13.0, 0.0, 8.0, 13.0, 5.0, 0.0, 10.0, 15.0, 5.0, 0.0, 10.0, 0.0, 0]
B: [0.0, 24.0, 58.8425537813, 82.5415246028, 115.1109663849, 300.0, 317.5792279694, 378.0, 451.0, 467.5718045185, 480.63640114450004, 496.0, 529.0, 561.0963231072, 572.9575463578, 581.5290118101, 604.8325230477, 623.671261859]
