Avion: 7      Iteracion: 43

Num Ruta: 38
Ingresos: 96000.0
Costos: 290.200719764
Utilidad Ruta: 95709.7992802
Costo Reducido: 26.3043284773
Nodos: [107, 24, 69, 11, 56, 44, 89, 41, 86, 43, 88, 15, 60, 20, 7, 52, 65, 917]
q: [0.0, 14.0, -14.0, 8.0, -8.0, 14.0, -14.0, 13.0, -13.0, 5.0, -5.0, 11.0, -11.0, 10.0, 5.0, -5.0, -10.0, 0.0]
Q: [0.0, 14.0, 0.0, 8.0, 0.0, 14.0, 0.0, 13.0, 0.0, 5.0, 0.0, 11.0, 0.0, 10.0, 15.0, 10.0, 0.0, 0.0]
B: [0.0, 61.0, 99.5129503025, 169.0, 173.05406684701, 211.0, 265.00737440390003, 446.0, 466.0411203529, 476.4072656828, 493.6695867898, 511.0, 527.4211666151, 533.55501866744, 542.2979730879999, 570.8392849008999, 583.8029694465998, 596.6836204394998]
