Avion: 6      Iteracion: 45

Num Ruta: 46
Ingresos: 81600.0
Costos: 255.00494584
Utilidad Ruta: 81344.9950542
Costo Reducido: 40.5319927156
Nodos: [106, 40, 85, 10, 55, 35, 80, 6, 51, 20, 4, 49, 65, 37, 82, 916]
q: [0, 15.0, -15.0, 12.0, -12.0, 6.0, -6.0, 5.0, -5.0, 10.0, 5.0, -5.0, -10.0, 15.0, -15.0, 0]
Q: [0, 15.0, 0.0, 12.0, 0.0, 6.0, 0.0, 5.0, 0.0, 10.0, 15.0, 10.0, 0.0, 15.0, 0.0, 0]
B: [0.0, 62.0, 94.5694417821, 111.75013586, 141.2696465944, 279.0, 298.9128833924, 436.0, 439.69228939819, 496.0, 529.0, 549.4257496801999, 561.2869729308, 572.8644908859, 593.6591443574, 614.9584968593]
