Avion: 4      Iteracion: 7

Num Ruta: 11
Ingresos: 112800.0
Costos: 533.695881462
Utilidad Ruta: 112266.304119
Costo Reducido: 215558.929147
Nodos: [104, 17, 62, 40, 85, 10, 55, 1, 11, 56, 46, 23, 68, 39, 84, 25, 70, 7, 52, 29, 74, 914]
q: [0, 5.0, -5.0, 15.0, -15.0, 12.0, -12.0, 7.0, 8.0, -8.0, -7.0, 10.0, -10.0, 8.0, -8.0, 10.0, -10.0, 10.0, -10.0, 9.0, -9.0, 0]
Q: [0, 5.0, 0.0, 15.0, 0.0, 12.0, 0.0, 7.0, 15.0, 7.0, 0.0, 10.0, 0.0, 8.0, 0.0, 10.0, 0.0, 10.0, 0.0, 9.0, 0.0, 0]
B: [0.0, 26.5094038032, 61.3519575845, 85.050928406, 117.6203701881, 134.801064266, 164.3205750004, 202.7399161712, 221.4207447663, 225.47481161331, 259.79054095131, 267.0, 306.733842905, 388.0, 410.632187455, 445.9916957236, 463.1766780337, 517.0, 545.5413118129, 582.3531320477, 616.1329118279, 640.9413398515]
