Avion: 2      Iteracion: 11

Num Ruta: 14
Ingresos: 20400.0
Costos: 132.900927436
Utilidad Ruta: 20267.0990726
Costo Reducido: 56792.997338
Nodos: [102, 34, 18, 79, 63, 6, 51, 912]
q: [0.0, 12.0, 0.0, -12.0, 0.0, 5.0, -5.0, 0.0]
Q: [0.0, 12.0, 12.0, 0.0, 0.0, 5.0, 0.0, 0.0]
B: [0.0, 283.0, 306.7154937119, 345.4540647361, 360.6066943759, 436.0, 439.69228939819, 462.88870744059]
