Avion: 5      Iteracion: 25

Num Ruta: 28
Ingresos: 132000.0
Costos: 408.108727804
Utilidad Ruta: 131591.891272
Costo Reducido: 85.5217233941
Nodos: [105, 17, 62, 24, 40, 85, 69, 1, 46, 3, 48, 8, 45, 90, 19, 64, 53, 13, 58, 21, 38, 83, 66, 33, 78, 27, 72, 915]
q: [0.0, 5.0, -5.0, 14.0, 1.0, -1.0, -14.0, 7.0, -7.0, 15.0, -15.0, 8.0, 7.0, -7.0, 7.0, -7.0, -8.0, 15.0, -15.0, 7.0, 8.0, -8.0, -7.0, 10.0, -10.0, 6.0, -6.0, 0.0]
Q: [0.0, 5.0, 0.0, 14.0, 15.0, 14.0, 0.0, 7.0, 0.0, 15.0, 0.0, 8.0, 15.0, 8.0, 15.0, 8.0, 0.0, 15.0, 0.0, 7.0, 15.0, 7.0, 0.0, 10.0, 0.0, 6.0, 0.0, 0.0]
B: [0.0, 24.0, 58.8425537813, 75.400837086, 82.55418874797999, 115.12363053007999, 143.51344202997998, 175.0, 209.2400855285, 256.0, 261.08428175852, 414.0, 417.40515271317, 426.59677634559, 438.43863059229, 465.06574688379, 467.99386607534996, 470.20454221625994, 487.08769316625995, 502.59908955725996, 509.42200249823, 542.29088913893, 549.36081771, 562.0, 585.3035112376, 592.52226459258, 609.55312696068, 628.54785617698]
