Avion: 4      Iteracion: 93

Num Ruta: 66
Ingresos: 94800.0
Costos: 295.623421915
Utilidad Ruta: 94504.3765781
Costo Reducido: 1.57788345372
Nodos: [104, 31, 11, 76, 56, 44, 42, 89, 35, 87, 26, 80, 71, 6, 51, 5, 50, 2, 47, 29, 74, 914]
q: [0.0, 6.0, 8.0, -6.0, -8.0, 10.0, 5.0, -10.0, 6.0, -5.0, 9.0, -6.0, -9.0, 5.0, -5.0, 12.0, -12.0, 9.0, -9.0, 9.0, -9.0, 0.0]
Q: [0.0, 6.0, 14.0, 8.0, 0.0, 10.0, 15.0, 5.0, 11.0, 6.0, 15.0, 9.0, 0.0, 5.0, 0.0, 12.0, 0.0, 9.0, 0.0, 9.0, 0.0, 0.0]
B: [0.0, 130.0, 169.0, 169.478878899097, 173.173257466597, 211.0, 239.0, 276.4881823646, 296.9043957745, 300.96084557698003, 307.85632416806004, 317.14932954845005, 326.97114531744006, 436.0, 439.69228939819, 469.0, 470.12168890518, 522.0, 562.7349620474, 572.53970258451, 606.31948236471, 631.1279103883099]
