Avion: 2      Iteracion: 30

Num Ruta: 31
Ingresos: 28800.0
Costos: 74.3990416527
Utilidad Ruta: 28725.6009583
Costo Reducido: 23.7493704602
Nodos: [102, 30, 75, 41, 86, 912]
q: [0, 11.0, -11.0, 13.0, -13.0, 0]
Q: [0, 11.0, 0.0, 13.0, 0.0, 0]
B: [0.0, 64.0, 82.7140226568, 446.0, 466.0411203529, 475.47699429229]
