Avion: 6      Iteracion: 56

Num Ruta: 55
Ingresos: 67200.0
Costos: 156.343586664
Utilidad Ruta: 67043.6564133
Costo Reducido: 12.3737134034
Nodos: [106, 40, 85, 45, 90, 7, 4, 52, 49, 37, 82, 916]
q: [0, 15.0, -15.0, 11.0, -11.0, 10.0, 5.0, -10.0, -5.0, 15.0, -15.0, 0]
Q: [0, 15.0, 0.0, 11.0, 0.0, 10.0, 15.0, 5.0, 0.0, 15.0, 0.0, 0]
B: [0.0, 62.0, 94.5694417821, 371.0, 380.19162363242, 517.0, 529.0, 548.2723609867, 549.43273506431, 562.0, 582.7946534714999, 604.0940059733999]
