Avion: 6      Iteracion: 30

Num Ruta: 33
Ingresos: 56400.0
Costos: 110.790378728
Utilidad Ruta: 56289.2096213
Costo Reducido: 51.4421298838
Nodos: [106, 3, 48, 45, 90, 25, 70, 15, 60, 916]
q: [0, 15.0, -15.0, 11.0, -11.0, 10.0, -10.0, 11.0, -11.0, 0]
Q: [0, 15.0, 0.0, 11.0, 0.0, 10.0, 0.0, 11.0, 0.0, 0]
B: [0.0, 256.0, 261.08428175852, 371.0, 380.19162363242, 410.0, 427.1849823101, 511.0, 527.4211666151, 538.4055353269999]
