Avion: 4      Iteracion: 72

Num Ruta: 58
Ingresos: 189600.0
Costos: 525.622276337
Utilidad Ruta: 189074.377724
Costo Reducido: 3.93913837691
Nodos: [104, 30, 16, 61, 75, 24, 69, 1, 31, 76, 11, 56, 44, 46, 89, 18, 63, 22, 67, 45, 90, 19, 8, 64, 53, 5, 50, 41, 86, 43, 88, 21, 66, 33, 78, 914]
q: [0.0, 11.0, 4.0, -4.0, -11.0, 14.0, -14.0, 1.0, 6.0, -6.0, 8.0, -8.0, 14.0, -1.0, -14.0, 11.0, -11.0, 10.0, -10.0, 11.0, -11.0, 7.0, 8.0, -7.0, -8.0, 12.0, -12.0, 13.0, -13.0, 5.0, -5.0, 13.0, -13.0, 10.0, -10.0, 0.0]
Q: [0.0, 11.0, 15.0, 11.0, 0.0, 14.0, 0.0, 1.0, 7.0, 1.0, 9.0, 1.0, 15.0, 14.0, 0.0, 11.0, 0.0, 10.0, 0.0, 11.0, 0.0, 7.0, 15.0, 8.0, 0.0, 12.0, 0.0, 13.0, 0.0, 5.0, 0.0, 13.0, 0.0, 10.0, 0.0, 0.0]
B: [0.0, 64.0, 72.20259129788, 81.82668273552001, 84.69783929691, 109.43181018721, 147.94476048971, 175.0, 183.89376197118, 197.19937597428, 197.678254873377, 201.732321720387, 213.409622178987, 258.805976415887, 274.820525426087, 303.267078327987, 327.085314576687, 342.568161989187, 364.322848128087, 376.085522356387, 385.277145988807, 402.0, 425.1608815463, 443.1178409771, 446.04596016866, 469.0, 470.12168890518, 478.94792672205, 498.98904707495, 509.35519240485, 526.61751351185, 533.9005209263701, 574.63931160557, 584.79485654417, 608.09836778177, 621.31447560517]
