Avion: 5      Iteracion: 20

Num Ruta: 23
Ingresos: 172800.0
Costos: 540.276570198
Utilidad Ruta: 172259.72343
Costo Reducido: 236.498870724
Nodos: [105, 12, 57, 10, 55, 1, 31, 76, 46, 3, 48, 23, 68, 22, 67, 8, 45, 90, 32, 43, 53, 13, 77, 58, 88, 15, 21, 60, 20, 66, 65, 37, 82, 915]
q: [0.0, 14.0, -14.0, 12.0, -12.0, 7.0, 6.0, -6.0, -7.0, 15.0, -15.0, 10.0, -10.0, 10.0, -10.0, 8.0, 7.0, -7.0, 6.0, 1.0, -8.0, 8.0, -6.0, -8.0, -1.0, 10.0, 5.0, -10.0, 10.0, -5.0, -10.0, 15.0, -15.0, 0.0]
Q: [0.0, 14.0, 0.0, 12.0, 0.0, 7.0, 13.0, 7.0, 0.0, 15.0, 0.0, 10.0, 0.0, 10.0, 0.0, 8.0, 15.0, 8.0, 14.0, 15.0, 7.0, 15.0, 9.0, 1.0, 0.0, 10.0, 15.0, 5.0, 15.0, 10.0, 0.0, 15.0, 0.0, 0.0]
B: [0.0, 54.0, 97.347924264, 106.06569462115, 135.58520535555, 175.0, 183.89376197118, 197.19937597428, 230.76046369508, 256.0, 261.08428175852, 267.0, 306.733842905, 322.49026689650003, 344.24495303540004, 414.0, 417.40515271317, 426.59677634559, 428.13238729892, 451.0, 473.5694787268, 475.78015486771, 489.62233464551, 493.69328502595005, 503.74887237825004, 514.0018806197501, 519.6741141304601, 530.4733822537601, 536.6072343061, 573.0325260276, 593.6319466505, 605.2094646056, 626.0041180771, 651.0692960138]
