Avion: 7      Iteracion: 59

Num Ruta: 50
Ingresos: 40800.0
Costos: 136.562887177
Utilidad Ruta: 40663.4371128
Costo Reducido: 4.90804667291
Nodos: [107, 14, 59, 18, 63, 29, 74, 27, 72, 917]
q: [0, 8.0, -8.0, 11.0, -11.0, 9.0, -9.0, 6.0, -6.0, 0]
Q: [0, 8.0, 0.0, 11.0, 0.0, 9.0, 0.0, 6.0, 0.0, 0]
B: [0.0, 112.0, 124.021711775, 293.0, 316.8182362487, 549.0, 582.7797797802, 590.99620777538, 608.0270701434799, 613.6045062928199]
