Avion: 2      Iteracion: 44

Num Ruta: 39
Ingresos: 43200.0
Costos: 118.215642462
Utilidad Ruta: 43081.7843575
Costo Reducido: 15.6669128892
Nodos: [102, 15, 60, 20, 65, 37, 82, 912]
q: [0, 11.0, -11.0, 10.0, -10.0, 15.0, -15.0, 0]
Q: [0, 11.0, 0.0, 10.0, 0.0, 15.0, 0.0, 0]
B: [0.0, 511.0, 527.4211666151, 533.55501866744, 575.73216111454, 587.30967906964, 608.1043325411399, 624.92519435024]
