Avion: 5      Iteracion: 6

Num Ruta: 10
Ingresos: 154800.0
Costos: 502.118074741
Utilidad Ruta: 154297.881925
Costo Reducido: 349494.484722
Nodos: [105, 16, 61, 17, 30, 62, 75, 14, 59, 3, 48, 22, 18, 63, 67, 8, 53, 41, 86, 21, 66, 33, 78, 27, 72, 37, 82, 915]
q: [0.0, 11.0, -11.0, 5.0, 10.0, -5.0, -10.0, 8.0, -8.0, 15.0, -15.0, 4.0, 11.0, -11.0, -4.0, 8.0, -8.0, 13.0, -13.0, 13.0, -13.0, 10.0, -10.0, 6.0, -6.0, 15.0, -15.0, 0.0]
Q: [0.0, 11.0, 0.0, 5.0, 15.0, 10.0, 0.0, 8.0, 0.0, 15.0, 0.0, 4.0, 15.0, 4.0, 0.0, 8.0, 0.0, 13.0, 0.0, 13.0, 0.0, 10.0, 0.0, 6.0, 0.0, 15.0, 0.0, 0.0]
B: [0.0, 36.0, 45.624091437640004, 78.34191948294, 111.95563108994, 115.10008557363, 131.19803109473, 158.99397175163, 171.01568352663, 256.0, 261.08428175852, 299.0, 308.68569016643, 332.50392641512997, 369.40473471252994, 414.0, 434.768396616, 450.7881267011, 470.829247054, 488.6923040152, 529.4310946944, 562.0, 585.3035112376, 592.52226459258, 609.55312696068, 616.38909258377, 637.1837460552699, 662.24892399197]
