Avion: 7      Iteracion: 15

Num Ruta: 16
Ingresos: 16800.0
Costos: 76.6345896399
Utilidad Ruta: 16723.3654104
Costo Reducido: 142.789725199
Nodos: [107, 24, 69, 917]
q: [0, 14.0, -14.0, 0]
Q: [0, 14.0, 0.0, 0]
B: [0.0, 61.0, 99.5129503025, 127.7333238117]
