Avion: 1      Iteracion: 72

Num Ruta: 51
Ingresos: 81600.0
Costos: 188.700499943
Utilidad Ruta: 81411.2995001
Costo Reducido: 10.6289776315
Nodos: [101, 16, 61, 9, 54, 11, 56, 36, 81, 21, 66, 33, 78, 911]
q: [0, 11.0, -11.0, 11.0, -11.0, 8.0, -8.0, 15.0, -15.0, 13.0, -13.0, 10.0, -10.0, 0]
Q: [0, 11.0, 0.0, 11.0, 0.0, 8.0, 0.0, 15.0, 0.0, 13.0, 0.0, 10.0, 0.0, 0]
B: [0.0, 36.0, 45.624091437640004, 75.68094759394, 105.20818459644, 169.0, 173.05406684701, 251.0, 257.94814406874, 477.0, 517.7387906792, 562.0, 585.3035112376, 590.98027404751]
