Avion: 5      Iteracion: 4

Num Ruta: 8
Ingresos: 211200.0
Costos: 596.831757391
Utilidad Ruta: 210603.168243
Costo Reducido: 260734.012764
Nodos: [105, 16, 61, 24, 30, 69, 10, 75, 55, 11, 56, 36, 81, 3, 48, 23, 18, 63, 68, 28, 73, 25, 19, 70, 64, 13, 58, 15, 60, 4, 49, 33, 78, 27, 72, 37, 82, 915]
q: [0.0, 11.0, -11.0, 14.0, 1.0, -14.0, 12.0, -1.0, -12.0, 8.0, -8.0, 15.0, -15.0, 15.0, -15.0, 4.0, 11.0, -11.0, -4.0, 8.0, -8.0, 8.0, 7.0, -8.0, -7.0, 15.0, -15.0, 11.0, -11.0, 5.0, -5.0, 10.0, -10.0, 6.0, -6.0, 15.0, -15.0, 0.0]
Q: [0.0, 11.0, 0.0, 14.0, 15.0, 1.0, 13.0, 12.0, 0.0, 8.0, 0.0, 15.0, 0.0, 15.0, 0.0, 4.0, 15.0, 4.0, 0.0, 8.0, 0.0, 8.0, 15.0, 7.0, 0.0, 15.0, 0.0, 11.0, 0.0, 5.0, 0.0, 10.0, 0.0, 6.0, 0.0, 15.0, 0.0, 0.0]
B: [0.0, 36.0, 45.624091437640004, 70.85029051714, 89.10719167804, 109.37531307594, 121.16124375624, 139.85429404234, 158.75509193554, 211.39330851814, 215.44737536515, 251.0, 257.94814406874, 294.92818141324, 300.01246317176, 303.37495049515996, 323.55390064126, 347.37213688995996, 357.29766846263, 378.0, 414.0266187839, 417.35999740026, 426.75200464046, 443.42489632125995, 460.21175275715996, 464.43937206358, 481.32252301358, 511.0, 527.4211666151, 532.99584588839, 553.42159556859, 562.0, 585.3035112376, 592.52226459258, 609.55312696068, 616.38909258377, 637.1837460552699, 662.24892399197]
