Avion: 6      Iteracion: 74

Num Ruta: 67
Ingresos: 122400.0
Costos: 352.509323585
Utilidad Ruta: 122047.490676
Costo Reducido: 4.55034592509
Nodos: [106, 40, 85, 26, 71, 18, 63, 39, 28, 84, 73, 25, 43, 70, 88, 15, 21, 60, 38, 83, 66, 33, 78, 916]
q: [0.0, 15.0, -15.0, 13.0, -13.0, 11.0, -11.0, 8.0, 7.0, -8.0, -7.0, 10.0, 5.0, -10.0, -5.0, 8.0, 7.0, -8.0, 8.0, -8.0, -7.0, 10.0, -10.0, 0.0]
Q: [0.0, 15.0, 0.0, 13.0, 0.0, 11.0, 0.0, 8.0, 15.0, 7.0, 0.0, 10.0, 15.0, 5.0, 0.0, 8.0, 15.0, 7.0, 15.0, 7.0, 0.0, 10.0, 0.0, 0.0]
B: [0.0, 62.0, 94.5694417821, 300.0, 317.5792279694, 340.8578987218, 364.67613497049996, 388.0, 399.3210123222, 412.3114993416, 448.3244104708, 451.65778908716, 465.71894785876, 478.75616938025996, 486.50534540097, 511.0, 516.67223351071, 527.47150163401, 531.55876734595, 564.42765398665, 571.49758255772, 581.6531274963199, 604.9566387339199, 627.78441236602]
