Avion: 3      Iteracion: 31

Num Ruta: 32
Ingresos: 55200.0
Costos: 188.436235569
Utilidad Ruta: 55011.5637644
Costo Reducido: 47.8399883487
Nodos: [103, 17, 62, 40, 85, 41, 86, 21, 66, 913]
q: [0, 5.0, -5.0, 15.0, -15.0, 13.0, -13.0, 13.0, -13.0, 0]
Q: [0, 5.0, 0.0, 15.0, 0.0, 13.0, 0.0, 13.0, 0.0, 0]
B: [0.0, 24.0, 58.8425537813, 82.5415246028, 115.1109663849, 446.0, 466.0411203529, 483.9041773141, 524.6429679933, 541.6331688455999]
