Avion: 2      Iteracion: 12

Num Ruta: 15
Ingresos: 22800.0
Costos: 120.703132911
Utilidad Ruta: 22679.2968671
Costo Reducido: 28134.9974585
Nodos: [102, 12, 57, 4, 49, 912]
q: [0, 14.0, -14.0, 5.0, -5.0, 0]
Q: [0, 14.0, 0.0, 5.0, 0.0, 0]
B: [0.0, 54.0, 97.347924264, 529.0, 549.4257496801999, 561.0799500388999]
