Avion: 4      Iteracion: 50

Num Ruta: 44
Ingresos: 106800.0
Costos: 340.313163841
Utilidad Ruta: 106459.686836
Costo Reducido: 7.05857234783
Nodos: [104, 31, 1, 76, 11, 56, 42, 46, 23, 87, 35, 80, 68, 45, 90, 32, 19, 43, 64, 13, 77, 58, 88, 21, 38, 83, 66, 914]
q: [0.0, 6.0, 7.0, -6.0, 8.0, -8.0, 5.0, -7.0, 10.0, -5.0, 5.0, -5.0, -10.0, 11.0, -11.0, 6.0, 7.0, 2.0, -7.0, 7.0, -6.0, -7.0, -2.0, 13.0, 2.0, -2.0, -13.0, 0.0]
Q: [0.0, 6.0, 13.0, 7.0, 15.0, 7.0, 12.0, 5.0, 15.0, 10.0, 15.0, 10.0, 0.0, 11.0, 0.0, 6.0, 13.0, 15.0, 8.0, 15.0, 9.0, 2.0, 0.0, 13.0, 15.0, 13.0, 0.0, 0.0]
B: [0.0, 130.0, 175.0, 193.9896940997, 194.468572998797, 198.522639845807, 239.0, 264.0626014013, 268.8931248719, 305.908763729, 309.96521353148, 329.87809692388, 342.49664240268, 371.0, 380.19162363242, 422.0, 433.71491463899997, 451.0, 471.20454651800003, 475.43216582442005, 489.2743456022201, 493.3452959826601, 503.4008833349601, 510.6838907494801, 517.50680369045, 550.37569033115, 557.4456189022201, 584.5248675808201]
