Avion: 3      Iteracion: 47

Num Ruta: 44
Ingresos: 86400.0
Costos: 324.570807003
Utilidad Ruta: 86075.429193
Costo Reducido: 58.1702136838
Nodos: [103, 17, 62, 16, 61, 31, 76, 34, 79, 28, 73, 25, 19, 32, 64, 77, 70, 38, 21, 66, 83, 913]
q: [0.0, 5.0, -5.0, 11.0, -11.0, 6.0, -6.0, 12.0, -12.0, 8.0, -8.0, 2.0, 7.0, 6.0, -7.0, -6.0, -2.0, 8.0, 7.0, -7.0, -8.0, 0.0]
Q: [0.0, 5.0, 0.0, 11.0, 0.0, 6.0, 0.0, 12.0, 0.0, 8.0, 0.0, 2.0, 9.0, 15.0, 8.0, 2.0, 0.0, 8.0, 15.0, 8.0, 0.0, 0.0]
B: [0.0, 24.0, 58.8425537813, 64.17419311644, 73.79828455408, 130.0, 143.3056140031, 283.0, 323.947598037, 378.0, 414.0266187839, 417.35999740026, 426.75200464046, 438.46691927945994, 458.03938997175993, 475.1667664199599, 486.1518346946599, 490.4734974533699, 497.2964103943399, 538.0352010735398, 545.1051296446099, 555.0691050058798]
