Avion: 4      Iteracion: 37

Num Ruta: 36
Ingresos: 108000.0
Costos: 376.565108925
Utilidad Ruta: 107623.434891
Costo Reducido: 45.6056209673
Nodos: [104, 31, 11, 76, 56, 44, 42, 89, 35, 87, 26, 80, 71, 6, 51, 41, 5, 50, 86, 38, 83, 2, 47, 29, 74, 914]
q: [0.0, 6.0, 8.0, -6.0, -8.0, 10.0, 5.0, -10.0, 6.0, -5.0, 9.0, -6.0, -9.0, 5.0, -5.0, 13.0, 2.0, -2.0, -13.0, 8.0, -8.0, 9.0, -9.0, 9.0, -9.0, 0.0]
Q: [0.0, 6.0, 14.0, 8.0, 0.0, 10.0, 15.0, 5.0, 11.0, 6.0, 15.0, 9.0, 0.0, 5.0, 0.0, 13.0, 15.0, 13.0, 0.0, 8.0, 0.0, 9.0, 0.0, 9.0, 0.0, 0.0]
B: [0.0, 130.0, 169.0, 169.478878899097, 173.173257466597, 211.0, 239.0, 276.4881823646, 296.9043957745, 300.96084557698003, 307.85632416806004, 317.14932954845005, 326.97114531744006, 436.0, 439.69228939819, 458.80900930509, 469.0, 470.12168890518, 481.43821014628, 493.29244251278004, 526.16132915348, 556.01220267508, 596.74716472248, 606.55190525959, 640.3316850397899, 665.1401130633899]
