Avion: 6      Iteracion: 8

Num Ruta: 12
Ingresos: 139200.0
Costos: 522.138565706
Utilidad Ruta: 138677.861434
Costo Reducido: 166264.336802
Nodos: [106, 40, 85, 30, 75, 10, 55, 3, 48, 42, 18, 87, 63, 19, 32, 77, 64, 5, 50, 38, 83, 27, 7, 52, 72, 916]
q: [0.0, 15.0, -15.0, 11.0, -11.0, 12.0, -12.0, 15.0, -15.0, 4.0, 11.0, -4.0, -11.0, 7.0, 6.0, -6.0, -7.0, 12.0, -12.0, 8.0, -8.0, 5.0, 10.0, -10.0, -5.0, 0.0]
Q: [0.0, 15.0, 0.0, 11.0, 0.0, 12.0, 0.0, 15.0, 0.0, 4.0, 15.0, 11.0, 0.0, 7.0, 13.0, 7.0, 0.0, 12.0, 0.0, 8.0, 0.0, 5.0, 15.0, 5.0, 0.0, 0.0]
B: [0.0, 62.0, 94.5694417821, 113.51249206450001, 132.22651472130002, 150.91956500740002, 180.43907574180002, 256.0, 261.08428175852, 282.70958344432, 294.52923881152003, 331.27042144082003, 367.10360484672003, 402.0, 422.0, 449.8573558149, 466.9847322631, 474.83504550526, 475.95673441044, 497.53842711514, 530.40731375584, 541.9430410844401, 569.60636445674, 598.14767626964, 602.5475968371, 624.2763052203]
