Avion: 3      Iteracion: 14

Num Ruta: 17
Ingresos: 12000.0
Costos: 111.95572024
Utilidad Ruta: 11888.0442798
Costo Reducido: 13915.5990133
Nodos: [103, 20, 65, 913]
q: [0, 10.0, -10.0, 0]
Q: [0, 10.0, 0.0, 0]
B: [0.0, 496.0, 538.1771424471, 575.4787889657]
