Avion: 2      Iteracion: 23

Num Ruta: 26
Ingresos: 19200.0
Costos: 88.5811597034
Utilidad Ruta: 19111.4188403
Costo Reducido: 63.5494408232
Nodos: [102, 30, 75, 6, 51, 912]
q: [0, 11.0, -11.0, 5.0, -5.0, 0]
Q: [0, 11.0, 0.0, 5.0, 0.0, 0]
B: [0.0, 64.0, 82.7140226568, 436.0, 439.69228939819, 462.88870744059]
