Avion: 6      Iteracion: 32

Num Ruta: 35
Ingresos: 145200.0
Costos: 380.236930816
Utilidad Ruta: 144819.763069
Costo Reducido: 129.751972208
Nodos: [106, 9, 54, 12, 57, 1, 11, 56, 46, 3, 48, 23, 18, 63, 68, 22, 67, 45, 90, 7, 4, 52, 49, 37, 82, 916]
q: [0.0, 11.0, -11.0, 14.0, -14.0, 7.0, 8.0, -8.0, -7.0, 15.0, -15.0, 10.0, 5.0, -5.0, -10.0, 10.0, -10.0, 11.0, -11.0, 10.0, 5.0, -10.0, -5.0, 15.0, -15.0, 0.0]
Q: [0.0, 11.0, 0.0, 14.0, 0.0, 7.0, 15.0, 7.0, 0.0, 15.0, 0.0, 10.0, 15.0, 10.0, 0.0, 10.0, 0.0, 11.0, 0.0, 10.0, 15.0, 5.0, 0.0, 15.0, 0.0, 0.0]
B: [0.0, 28.0, 57.5272370025, 68.3142737596, 111.6621980236, 175.0, 193.6808285951, 197.73489544211, 232.05062478011, 256.0, 261.08428175852, 267.0, 293.0, 316.8182362487, 326.74376782137, 342.50019181287, 364.25487795177, 376.01755218007, 385.20917581249, 517.0, 529.0, 548.2723609867, 549.43273506431, 562.0, 582.7946534714999, 604.0940059733999]
