Avion: 1      Iteracion: 54

Num Ruta: 46
Ingresos: 45600.0
Costos: 119.456475214
Utilidad Ruta: 45480.5435248
Costo Reducido: 5.64459733908
Nodos: [101, 16, 61, 41, 86, 43, 88, 29, 74, 911]
q: [0, 11.0, -11.0, 13.0, -13.0, 5.0, -5.0, 9.0, -9.0, 0]
Q: [0, 11.0, 0.0, 13.0, 0.0, 5.0, 0.0, 9.0, 0.0, 0]
B: [0.0, 36.0, 45.624091437640004, 446.0, 466.0411203529, 476.4072656828, 493.6695867898, 549.0, 582.7797797802, 599.1597614957]
