Avion: 7      Iteracion: 52

Num Ruta: 47
Ingresos: 121200.0
Costos: 278.254938793
Utilidad Ruta: 120921.745061
Costo Reducido: 1.81745779165
Nodos: [107, 24, 69, 1, 31, 76, 11, 56, 46, 45, 90, 19, 8, 64, 53, 5, 50, 41, 86, 7, 4, 49, 52, 917]
q: [0, 14.0, -14.0, 7.0, 6.0, -6.0, 8.0, -8.0, -7.0, 11.0, -11.0, 7.0, 8.0, -7.0, -8.0, 12.0, -12.0, 13.0, -13.0, 10.0, 5.0, -5.0, -10.0, 0]
Q: [0, 14.0, 0.0, 7.0, 13.0, 7.0, 15.0, 7.0, 0.0, 11.0, 0.0, 7.0, 15.0, 8.0, 0.0, 12.0, 0.0, 13.0, 0.0, 10.0, 15.0, 10.0, 0.0, 0]
B: [0.0, 61.0, 99.5129503025, 175.0, 183.89376197118, 197.19937597428, 197.678254873377, 201.732321720387, 236.048051058387, 371.0, 380.19162363242, 402.0, 425.1608815463, 443.1178409771, 446.04596016866, 469.0, 470.12168890518, 478.94792672205, 498.98904707495, 517.0, 529.0, 549.4257496801999, 550.5861237578099, 557.2755722403099]
