Avion: 5      Iteracion: 37

Num Ruta: 39
Ingresos: 144000.0
Costos: 383.117944484
Utilidad Ruta: 143616.882056
Costo Reducido: 6.6515885641
Nodos: [105, 1, 46, 3, 48, 23, 18, 63, 68, 22, 67, 45, 90, 32, 19, 77, 64, 5, 50, 41, 86, 7, 4, 27, 52, 49, 2, 72, 47, 915]
q: [0.0, 7.0, -7.0, 15.0, -15.0, 10.0, 5.0, -5.0, -10.0, 10.0, -10.0, 11.0, -11.0, 6.0, 7.0, -6.0, -7.0, 12.0, -12.0, 13.0, -13.0, 10.0, 0.0, 5.0, -10.0, 0.0, 9.0, -5.0, -9.0, 0.0]
Q: [0.0, 7.0, 0.0, 15.0, 0.0, 10.0, 15.0, 10.0, 0.0, 10.0, 0.0, 11.0, 0.0, 6.0, 13.0, 7.0, 0.0, 12.0, 0.0, 13.0, 0.0, 10.0, 10.0, 15.0, 5.0, 5.0, 14.0, 9.0, 0.0, 0.0]
B: [0.0, 175.0, 209.2400855285, 256.0, 261.08428175852, 267.0, 293.0, 316.8182362487, 326.74376782137, 342.50019181287, 364.25487795177, 376.01755218007, 385.20917581249, 422.0, 433.71491463899997, 461.3697862171, 478.4971626653, 486.34747590745997, 487.46916481264, 496.29540262950997, 516.33652298241, 526.74668114641, 537.11005443891, 554.72482897621, 570.56460384831, 571.7249779259199, 581.1794444365199, 592.6315175239199, 621.97204787022, 633.02813148962]
