Avion: 1      Iteracion: 85

Num Ruta: 55
Ingresos: 64800.0
Costos: 184.466605524
Utilidad Ruta: 64615.5333945
Costo Reducido: 12.1040369492
Nodos: [101, 16, 61, 24, 69, 31, 76, 21, 66, 33, 78, 911]
q: [0, 11.0, -11.0, 14.0, -14.0, 6.0, -6.0, 13.0, -13.0, 10.0, -10.0, 0]
Q: [0, 11.0, 0.0, 14.0, 0.0, 6.0, 0.0, 13.0, 0.0, 10.0, 0.0, 0]
B: [0.0, 36.0, 45.624091437640004, 70.85029051714, 109.36324081964, 130.0, 143.3056140031, 477.0, 517.7387906792, 562.0, 585.3035112376, 590.98027404751]
