Avion: 5      Iteracion: 82

Num Ruta: 72
Ingresos: 62400.0
Costos: 183.788286592
Utilidad Ruta: 62216.2117134
Costo Reducido: 11.6036615138
Nodos: [105, 10, 55, 35, 26, 80, 71, 22, 67, 19, 8, 53, 64, 915]
q: [0.0, 12.0, -12.0, 6.0, 9.0, -6.0, -9.0, 10.0, -10.0, 7.0, 8.0, -8.0, -7.0, 0.0]
Q: [0.0, 12.0, 0.0, 6.0, 15.0, 9.0, 0.0, 10.0, 0.0, 7.0, 15.0, 7.0, 0.0, 0.0]
B: [0.0, 96.0, 125.5195107344, 279.0, 300.0, 309.29300538039, 319.11482114938, 332.74900179948, 354.50368793838004, 402.0, 425.1608815463, 445.9292781623, 448.85739735386, 461.83740602106]
