Avion: 2      Iteracion: 19

Num Ruta: 22
Ingresos: 55200.0
Costos: 212.763503205
Utilidad Ruta: 54987.2364968
Costo Reducido: 152.362218996
Nodos: [102, 11, 56, 44, 89, 18, 63, 21, 66, 912]
q: [0, 8.0, -8.0, 14.0, -14.0, 11.0, -11.0, 13.0, -13.0, 0]
Q: [0, 8.0, 0.0, 14.0, 0.0, 11.0, 0.0, 13.0, 0.0, 0]
B: [0.0, 169.0, 173.05406684701, 211.0, 265.00737440390003, 293.45392730580005, 317.2721635545, 477.0, 517.7387906792, 544.2371184944]
