Avion: 3      Iteracion: 4

Num Ruta: 8
Ingresos: 103200.0
Costos: 444.756901798
Utilidad Ruta: 102755.243098
Costo Reducido: 159072.513614
Nodos: [103, 9, 24, 54, 12, 57, 69, 1, 46, 3, 48, 36, 81, 6, 51, 2, 47, 29, 74, 33, 78, 913]
q: [0.0, 1.0, 14.0, -1.0, 1.0, -1.0, -14.0, 7.0, -7.0, 15.0, -15.0, 15.0, -15.0, 5.0, -5.0, 9.0, -9.0, 9.0, -9.0, 10.0, -10.0, 0.0]
Q: [0.0, 1.0, 15.0, 14.0, 15.0, 14.0, 0.0, 7.0, 0.0, 15.0, 0.0, 15.0, 0.0, 5.0, 0.0, 9.0, 0.0, 9.0, 0.0, 10.0, 0.0, 0.0]
B: [0.0, 58.0169348553, 64.45381189312, 88.59406178822, 99.38109854532, 142.72902280931999, 158.66126037971998, 175.0, 209.2400855285, 256.0, 261.08428175852, 296.00374706082, 302.95189112956, 436.0, 439.69228939819, 522.0, 562.7349620474, 572.53970258451, 606.31948236471, 615.17097404691, 638.47448528451, 657.31322409581]
