Avion: 5      Iteracion: 49

Num Ruta: 50
Ingresos: 133200.0
Costos: 366.117504977
Utilidad Ruta: 132833.882495
Costo Reducido: 15.2017423701
Nodos: [105, 1, 46, 3, 48, 23, 18, 63, 68, 22, 67, 8, 32, 53, 13, 77, 58, 15, 7, 60, 20, 4, 52, 49, 65, 37, 82, 915]
q: [0.0, 7.0, -7.0, 15.0, -15.0, 10.0, 5.0, -5.0, -10.0, 10.0, -10.0, 8.0, 6.0, -8.0, 9.0, -6.0, -9.0, 11.0, 4.0, -11.0, 10.0, 1.0, -4.0, -1.0, -10.0, 15.0, -15.0, 0.0]
Q: [0.0, 7.0, 0.0, 15.0, 0.0, 10.0, 15.0, 10.0, 0.0, 10.0, 0.0, 8.0, 14.0, 6.0, 15.0, 9.0, 0.0, 11.0, 15.0, 4.0, 14.0, 15.0, 11.0, 10.0, 0.0, 15.0, 0.0, 0.0]
B: [0.0, 175.0, 209.2400855285, 256.0, 261.08428175852, 267.0, 293.0, 316.8182362487, 326.74376782137, 342.50019181287, 364.25487795177, 414.0, 425.4468981388, 447.8266328334, 450.03730897431, 463.87948875211003, 467.95043913255006, 511.0, 524.7672641436, 535.6720037094999, 541.8058557618399, 552.0850067968399, 571.35736778354, 572.51774186115, 584.37896511175, 595.95648306685, 616.75113653835, 641.81631447505]
