Avion: 4      Iteracion: 17

Num Ruta: 19
Ingresos: 122400.0
Costos: 476.877494529
Utilidad Ruta: 121923.122505
Costo Reducido: 241.884393582
Nodos: [104, 11, 56, 44, 42, 89, 35, 87, 26, 80, 71, 22, 67, 39, 84, 6, 51, 41, 5, 50, 86, 38, 83, 2, 47, 29, 74, 914]
q: [0.0, 8.0, -8.0, 10.0, 5.0, -10.0, 6.0, -5.0, 9.0, -6.0, -9.0, 10.0, -10.0, 8.0, -8.0, 5.0, -5.0, 13.0, 2.0, -2.0, -13.0, 8.0, -8.0, 9.0, -9.0, 9.0, -9.0, 0.0]
Q: [0.0, 8.0, 0.0, 10.0, 15.0, 5.0, 11.0, 6.0, 15.0, 9.0, 0.0, 10.0, 0.0, 8.0, 0.0, 5.0, 0.0, 13.0, 15.0, 13.0, 0.0, 8.0, 0.0, 9.0, 0.0, 9.0, 0.0, 0.0]
B: [0.0, 169.0, 173.05406684701, 211.0, 239.0, 276.4881823646, 296.9043957745, 300.96084557698003, 307.85632416806004, 317.14932954845005, 326.97114531744006, 340.60532596754007, 362.3600121064401, 409.04656348904007, 431.6787509440401, 438.3669951082401, 442.05928450643006, 461.1760044133301, 469.5813684149701, 470.7030573201501, 482.0195785612501, 493.8738109277501, 526.7426975684501, 556.5935710900501, 597.3285331374501, 607.1332736745601, 640.9130534547601, 665.72148147836]
