Avion: 4      Iteracion: 23

Num Ruta: 25
Ingresos: 154800.0
Costos: 385.625950882
Utilidad Ruta: 154414.374049
Costo Reducido: 175.814143134
Nodos: [104, 30, 75, 16, 61, 14, 59, 31, 11, 56, 76, 36, 81, 25, 19, 70, 64, 5, 50, 41, 86, 43, 20, 88, 21, 66, 65, 33, 78, 914]
q: [0.0, 11.0, -11.0, 11.0, -11.0, 8.0, -8.0, 6.0, 8.0, -8.0, -6.0, 15.0, -15.0, 8.0, 7.0, -8.0, -7.0, 12.0, -12.0, 13.0, -13.0, 5.0, 10.0, -5.0, 5.0, -5.0, -10.0, 10.0, -10.0, 0.0]
Q: [0.0, 11.0, 0.0, 11.0, 0.0, 8.0, 0.0, 6.0, 14.0, 6.0, 0.0, 15.0, 0.0, 8.0, 15.0, 7.0, 0.0, 12.0, 0.0, 13.0, 0.0, 5.0, 15.0, 10.0, 15.0, 10.0, 0.0, 10.0, 0.0, 0.0]
B: [0.0, 64.0, 82.7140226568, 93.53069441849999, 103.15478585614, 129.94109036054, 141.96280213554, 169.17486934843998, 182.35759854233999, 186.41166538935, 190.10604395685, 251.0, 257.94814406874, 410.0, 419.3920072402, 436.06489892099995, 452.85175535689996, 469.0, 470.12168890518, 478.94792672205, 498.98904707495, 509.35519240485, 518.04819522321, 526.98842430305, 534.2714317175701, 575.01022239677, 595.60964301967, 606.43144236177, 629.73495359937, 642.95106142277]
