Avion: 5      Iteracion: 44

Num Ruta: 45
Ingresos: 136800.0
Costos: 415.899905804
Utilidad Ruta: 136384.100094
Costo Reducido: 17.2852973285
Nodos: [105, 17, 30, 62, 16, 61, 75, 40, 85, 26, 71, 22, 67, 19, 8, 53, 64, 6, 51, 13, 58, 21, 38, 66, 83, 27, 72, 915]
q: [0.0, 5.0, 10.0, -5.0, 5.0, -5.0, -10.0, 15.0, -15.0, 13.0, -13.0, 10.0, -10.0, 7.0, 8.0, -8.0, -7.0, 5.0, -5.0, 15.0, -15.0, 7.0, 8.0, -7.0, -8.0, 6.0, -6.0, 0.0]
Q: [0.0, 5.0, 15.0, 10.0, 15.0, 10.0, 0.0, 15.0, 0.0, 13.0, 0.0, 10.0, 0.0, 7.0, 15.0, 7.0, 0.0, 5.0, 0.0, 15.0, 0.0, 7.0, 15.0, 8.0, 0.0, 6.0, 0.0, 0.0]
B: [0.0, 24.0, 64.0, 67.14445448369, 72.47609381883, 82.10018525647, 84.97134181786, 115.78119589085999, 148.35063767295998, 300.0, 317.5792279694, 331.2134086195, 352.9680947584, 402.0, 425.1608815463, 445.9292781623, 448.85739735386, 460.64841635135997, 464.34070574954995, 477.75077185674996, 494.63392280675, 510.14531919775, 516.9682321387199, 551.4506125235199, 558.5205410945899, 570.05626842319, 587.08713079129, 606.08186000759]
