Avion: 5      Iteracion: 9

Num Ruta: 13
Ingresos: 156000.0
Costos: 574.961629656
Utilidad Ruta: 155425.03837
Costo Reducido: 201731.625269
Nodos: [105, 9, 54, 30, 10, 75, 55, 31, 76, 11, 56, 36, 81, 42, 18, 87, 35, 80, 63, 45, 90, 13, 58, 43, 88, 7, 27, 52, 2, 72, 47, 915]
q: [0.0, 11.0, -11.0, 3.0, 12.0, -3.0, -12.0, 6.0, -6.0, 8.0, -8.0, 15.0, -15.0, 5.0, 9.0, -5.0, 6.0, -6.0, -9.0, 11.0, -11.0, 15.0, -15.0, 5.0, -5.0, 9.0, 6.0, -9.0, 9.0, -6.0, -9.0, 0.0]
Q: [0.0, 11.0, 0.0, 3.0, 15.0, 12.0, 0.0, 6.0, 0.0, 8.0, 0.0, 15.0, 0.0, 5.0, 14.0, 9.0, 15.0, 9.0, 0.0, 11.0, 0.0, 15.0, 0.0, 5.0, 0.0, 9.0, 15.0, 6.0, 15.0, 9.0, 0.0, 0.0]
B: [0.0, 44.8876461401, 74.4148831426, 90.202783478, 106.9416870562, 125.6347373423, 144.5355352355, 184.1436895727, 197.4493035758, 197.928182474897, 201.982249321907, 251.0, 257.94814406874, 282.45112780544, 294.27078317264, 331.01196580194, 335.06841560442, 354.98129899682, 375.70053568642, 404.24892173541997, 413.44054536783995, 437.57080489813995, 454.45395584813997, 476.66627542533996, 493.92859653233995, 517.0, 544.6633233723, 560.5030982444, 570.633266703, 582.0853397904, 611.4258701367, 622.4819537561001]
