Avion: 6      Iteracion: 0

Num Ruta: 2
Ingresos: 169200.0
Costos: 614.864133398
Utilidad Ruta: 168585.135867
Costo Reducido: -
Nodos: [106, 40, 85, 30, 75, 10, 55, 1, 46, 3, 48, 42, 87, 26, 71, 45, 90, 39, 84, 13, 58, 38, 43, 88, 21, 66, 83, 29, 74, 916]
q: [0.0, 15.0, -15.0, 11.0, -11.0, 12.0, -12.0, 7.0, -7.0, 15.0, -15.0, 5.0, -5.0, 13.0, -13.0, 11.0, -11.0, 8.0, -8.0, 15.0, -15.0, 2.0, 5.0, -5.0, 13.0, -13.0, -2.0, 9.0, -9.0, 0.0]
Q: [0.0, 15.0, 0.0, 11.0, 0.0, 12.0, 0.0, 7.0, 0.0, 15.0, 0.0, 5.0, 0.0, 13.0, 0.0, 11.0, 0.0, 8.0, 0.0, 15.0, 0.0, 2.0, 7.0, 2.0, 15.0, 2.0, 0.0, 9.0, 0.0, 0.0]
B: [0.0, 62.0, 94.5694417821, 113.51249206450001, 132.22651472130002, 150.91956500740002, 180.43907574180002, 218.85841691260003, 253.09850244110004, 260.19505435030004, 265.27933610882, 286.90463779462004, 334.95447244572006, 341.84995103680006, 359.42917900620006, 382.95533143280005, 392.14695506522, 430.69503052952, 453.32721798452, 456.55915177097, 473.44230272097, 486.93736200207, 495.65467741451, 512.91699852151, 520.20000593603, 560.93879661523, 568.0087251863, 602.4049008458001, 636.184680626, 667.4479147837001]
