Avion: 1      Iteracion: 91

Num Ruta: 58
Ingresos: 45600.0
Costos: 103.742769125
Utilidad Ruta: 45496.2572309
Costo Reducido: 4.74758808332
Nodos: [101, 16, 61, 40, 85, 5, 50, 911]
q: [0, 11.0, -11.0, 15.0, -15.0, 12.0, -12.0, 0]
Q: [0, 11.0, 0.0, 15.0, 0.0, 12.0, 0.0, 0]
B: [0.0, 36.0, 45.624091437640004, 77.27284989674001, 109.84229167884001, 469.0, 470.12168890518, 485.16341413868]
