Avion: 3      Iteracion: 7

Num Ruta: 10
Ingresos: 154800.0
Costos: 623.340812114
Utilidad Ruta: 154176.659188
Costo Reducido: 246966.659607
Nodos: [103, 9, 54, 40, 85, 1, 46, 36, 81, 23, 68, 26, 71, 25, 70, 39, 84, 5, 50, 2, 47, 29, 74, 33, 78, 913]
q: [0, 11.0, -11.0, 15.0, -15.0, 7.0, -7.0, 15.0, -15.0, 10.0, -10.0, 13.0, -13.0, 10.0, -10.0, 8.0, -8.0, 12.0, -12.0, 9.0, -9.0, 9.0, -9.0, 10.0, -10.0, 0]
Q: [0, 11.0, 0.0, 15.0, 0.0, 7.0, 0.0, 15.0, 0.0, 10.0, 0.0, 13.0, 0.0, 10.0, 0.0, 8.0, 0.0, 12.0, 0.0, 9.0, 0.0, 9.0, 0.0, 10.0, 0.0, 0]
B: [0.0, 58.0169348553, 87.5441718578, 116.5029668086, 149.07240859069998, 175.0, 209.2400855285, 251.0, 257.94814406874, 299.00676745044, 338.74061035544, 358.42698312954, 376.00621109894, 410.0, 427.1849823101, 446.3261919114, 468.9583793664, 481.5229140971, 482.64460300228, 522.0, 562.7349620474, 572.53970258451, 606.31948236471, 615.17097404691, 638.47448528451, 657.31322409581]
