Avion: 5      Iteracion: 60

Num Ruta: 58
Ingresos: 120000.0
Costos: 358.204562859
Utilidad Ruta: 119641.795437
Costo Reducido: 2.71013432021
Nodos: [105, 1, 46, 3, 48, 18, 63, 22, 67, 19, 32, 64, 13, 77, 58, 15, 21, 60, 20, 66, 65, 33, 78, 915]
q: [0.0, 7.0, -7.0, 15.0, -15.0, 11.0, -11.0, 10.0, -10.0, 7.0, 6.0, -7.0, 9.0, -6.0, -9.0, 10.0, 5.0, -10.0, 10.0, -5.0, -10.0, 10.0, -10.0, 0.0]
Q: [0.0, 7.0, 0.0, 15.0, 0.0, 11.0, 0.0, 10.0, 0.0, 7.0, 13.0, 6.0, 15.0, 9.0, 0.0, 10.0, 15.0, 5.0, 15.0, 10.0, 0.0, 10.0, 0.0, 0.0]
B: [0.0, 175.0, 209.2400855285, 256.0, 261.08428175852, 293.0, 316.8182362487, 332.3010836612, 354.0557698001, 402.0, 422.0, 441.5724706923, 445.80008999872, 459.64226977652004, 463.71322015696006, 511.0, 516.67223351071, 527.47150163401, 533.60535368635, 570.03064540785, 590.63006603075, 601.45186537285, 624.75537661045, 640.98796854765]
