Avion: 1      Iteracion: 58

Num Ruta: 48
Ingresos: 43200.0
Costos: 100.062331143
Utilidad Ruta: 43099.9376689
Costo Reducido: 9.57546597443
Nodos: [101, 16, 61, 10, 55, 26, 71, 911]
q: [0, 11.0, -11.0, 12.0, -12.0, 13.0, -13.0, 0]
Q: [0, 11.0, 0.0, 12.0, 0.0, 13.0, 0.0, 0]
B: [0.0, 36.0, 45.624091437640004, 96.0, 125.5195107344, 300.0, 317.5792279694, 324.28490295407]
