Avion: 7      Iteracion: 32

Num Ruta: 30
Ingresos: 26400.0
Costos: 99.3517989282
Utilidad Ruta: 26300.6482011
Costo Reducido: 18.4779557791
Nodos: [107, 11, 56, 44, 89, 917]
q: [0, 8.0, -8.0, 14.0, -14.0, 0]
Q: [0, 8.0, 0.0, 14.0, 0.0, 0]
B: [0.0, 169.0, 173.05406684701, 211.0, 265.00737440390003, 272.96125396044005]
