Avion: 2      Iteracion: 5

Num Ruta: 8
Ingresos: 109200.0
Costos: 382.881208867
Utilidad Ruta: 108817.118791
Costo Reducido: 324195.295759
Nodos: [102, 24, 69, 42, 87, 45, 90, 8, 53, 13, 58, 41, 86, 7, 52, 37, 82, 912]
q: [0, 14.0, -14.0, 5.0, -5.0, 11.0, -11.0, 8.0, -8.0, 15.0, -15.0, 13.0, -13.0, 10.0, -10.0, 15.0, -15.0, 0]
Q: [0, 14.0, 0.0, 5.0, 0.0, 11.0, 0.0, 8.0, 0.0, 15.0, 0.0, 13.0, 0.0, 10.0, 0.0, 15.0, 0.0, 0]
B: [0.0, 61.0, 99.5129503025, 239.0, 287.0498346511, 371.0, 380.19162363242, 414.0, 434.768396616, 436.97907275691, 453.86222370691, 488.66817499401003, 508.70929534691004, 519.11945351091, 547.66076532381, 562.0, 582.7946534714999, 599.6155152806]
