Avion: 6      Iteracion: 15

Num Ruta: 18
Ingresos: 114000.0
Costos: 422.175431038
Utilidad Ruta: 113577.824569
Costo Reducido: 578.506756321
Nodos: [106, 17, 62, 24, 69, 1, 46, 3, 48, 23, 18, 63, 68, 22, 67, 45, 90, 32, 19, 64, 77, 43, 88, 916]
q: [0.0, 5.0, -5.0, 14.0, -14.0, 7.0, -7.0, 15.0, -15.0, 10.0, 5.0, -5.0, -10.0, 10.0, -10.0, 11.0, -11.0, 6.0, 7.0, -7.0, -6.0, 5.0, -5.0, 0.0]
Q: [0.0, 5.0, 0.0, 14.0, 0.0, 7.0, 0.0, 15.0, 0.0, 10.0, 15.0, 10.0, 0.0, 10.0, 0.0, 11.0, 0.0, 6.0, 13.0, 6.0, 0.0, 5.0, 0.0, 0.0]
B: [0.0, 49.2628851063, 84.1054388876, 100.6637221923, 139.17667249480002, 175.0, 209.2400855285, 256.0, 261.08428175852, 267.0, 293.0, 316.8182362487, 326.74376782137, 342.50019181287, 364.25487795177, 376.01755218007, 385.20917581249, 422.0, 433.71491463899997, 460.34203093049996, 477.46940737869994, 501.01632607309995, 518.2786471800999, 537.8779267842]
