Avion: 3      Iteracion: 45

Num Ruta: 43
Ingresos: 79200.0
Costos: 307.307421343
Utilidad Ruta: 78892.6925787
Costo Reducido: 34.7363021004
Nodos: [103, 17, 62, 14, 59, 34, 79, 39, 84, 28, 73, 25, 70, 38, 21, 66, 83, 913]
q: [0.0, 5.0, -5.0, 8.0, -8.0, 12.0, -12.0, 8.0, -8.0, 8.0, -8.0, 10.0, -10.0, 8.0, 7.0, -7.0, -8.0, 0.0]
Q: [0.0, 5.0, 0.0, 8.0, 0.0, 12.0, 0.0, 8.0, 0.0, 8.0, 0.0, 10.0, 0.0, 8.0, 15.0, 8.0, 0.0, 0.0]
B: [0.0, 24.0, 58.8425537813, 112.0, 124.021711775, 283.0, 323.947598037, 388.0, 410.632187455, 423.6226744744, 459.6492932583, 462.98267187466, 480.16765418476, 484.48931694347, 491.31222988444, 532.05102056364, 539.12094913471, 549.08492449598]
