Avion: 7      Iteracion: 39

Num Ruta: 35
Ingresos: 31200.0
Costos: 88.1935481364
Utilidad Ruta: 31111.8064519
Costo Reducido: 8.85804734291
Nodos: [107, 40, 85, 30, 75, 917]
q: [0, 15.0, -15.0, 11.0, -11.0, 0]
Q: [0, 15.0, 0.0, 11.0, 0.0, 0]
B: [0.0, 62.0, 94.5694417821, 113.51249206450001, 132.22651472130002, 133.65661961256]
