Avion: 4      Iteracion: 69

Num Ruta: 57
Ingresos: 49200.0
Costos: 157.97362467
Utilidad Ruta: 49042.0263753
Costo Reducido: 8.4433228089
Nodos: [104, 12, 57, 10, 55, 35, 26, 80, 71, 914]
q: [0.0, 14.0, -14.0, 12.0, -12.0, 6.0, 9.0, -6.0, -9.0, 0.0]
Q: [0.0, 14.0, 0.0, 12.0, 0.0, 6.0, 15.0, 9.0, 0.0, 0.0]
B: [0.0, 54.0, 97.347924264, 106.06569462115, 135.58520535555, 279.0, 300.0, 309.29300538039, 319.11482114938, 336.68796420918]
