Avion: 3      Iteracion: 96

Num Ruta: 67
Ingresos: 147600.0
Costos: 445.092873442
Utilidad Ruta: 147154.907127
Costo Reducido: 22.0575851518
Nodos: [103, 17, 30, 62, 16, 61, 75, 40, 85, 31, 11, 76, 56, 44, 42, 89, 87, 26, 71, 28, 73, 25, 43, 70, 88, 15, 21, 60, 38, 83, 66, 913]
q: [0.0, 5.0, 10.0, -5.0, 5.0, -5.0, -10.0, 15.0, -15.0, 6.0, 8.0, -6.0, -8.0, 10.0, 5.0, -10.0, -5.0, 13.0, -13.0, 8.0, -8.0, 10.0, 5.0, -10.0, -5.0, 8.0, 7.0, -8.0, 8.0, -8.0, -7.0, 0.0]
Q: [0.0, 5.0, 15.0, 10.0, 15.0, 10.0, 0.0, 15.0, 0.0, 6.0, 14.0, 8.0, 0.0, 10.0, 15.0, 5.0, 0.0, 13.0, 0.0, 8.0, 0.0, 10.0, 15.0, 5.0, 0.0, 8.0, 15.0, 7.0, 15.0, 7.0, 0.0, 0.0]
B: [0.0, 24.0, 64.0, 67.14445448369, 72.47609381883, 82.10018525647, 84.97134181786, 115.78119589085999, 148.35063767295998, 171.68912667715998, 184.87185587105998, 185.35073477015698, 189.04511333765697, 211.0, 239.0, 276.4881823646, 294.1162889277, 301.01176751878, 318.59099548818, 378.0, 414.0266187839, 417.35999740026, 451.0, 464.0372215215, 471.78639754221, 511.0, 516.67223351071, 527.47150163401, 531.55876734595, 564.42765398665, 571.49758255772, 588.4877834100199]
