Avion: 4      Iteracion: 3

Num Ruta: 7
Ingresos: 158400.0
Costos: 551.777392601
Utilidad Ruta: 157848.222607
Costo Reducido: 420732.388021
Nodos: [104, 16, 61, 40, 85, 14, 59, 1, 11, 56, 46, 3, 48, 18, 36, 81, 34, 63, 79, 28, 45, 90, 19, 73, 25, 70, 64, 15, 60, 38, 83, 914]
q: [0.0, 11.0, -11.0, 15.0, -15.0, 8.0, -8.0, 7.0, 8.0, -8.0, -7.0, 15.0, -15.0, 11.0, 4.0, -4.0, 4.0, -11.0, -4.0, 4.0, 11.0, -11.0, 7.0, -4.0, 8.0, -8.0, -7.0, 11.0, -11.0, 8.0, -8.0, 0.0]
Q: [0.0, 11.0, 0.0, 15.0, 0.0, 8.0, 0.0, 7.0, 15.0, 7.0, 0.0, 15.0, 0.0, 11.0, 15.0, 11.0, 15.0, 4.0, 0.0, 4.0, 15.0, 4.0, 11.0, 7.0, 15.0, 7.0, 0.0, 11.0, 0.0, 8.0, 0.0, 0.0]
B: [0.0, 36.0, 45.624091437640004, 77.27284989674001, 109.84229167884001, 138.42069361104, 150.44240538604, 186.12413460424, 204.80496319934, 208.85903004635, 243.17475938435, 256.0, 261.08428175852, 293.0, 306.9670306436, 313.91517471234005, 327.63492270564007, 355.86696018084007, 371.0195898206401, 380.19977337000006, 413.35126403030006, 422.54288766272003, 434.38474190942003, 446.92053518312, 450.25391379948, 467.43889610958, 484.22575254548, 513.41638474148, 529.83755135658, 533.9248170685199, 566.7937037092199, 587.8418965295199]
