Avion: 5      Iteracion: 18

Num Ruta: 21
Ingresos: 200400.0
Costos: 553.241085359
Utilidad Ruta: 199846.758915
Costo Reducido: 269.733714839
Nodos: [105, 17, 62, 16, 61, 40, 85, 10, 55, 35, 26, 80, 71, 18, 63, 28, 39, 73, 25, 70, 84, 6, 51, 5, 50, 41, 86, 7, 4, 52, 49, 33, 27, 78, 72, 37, 82, 915]
q: [0.0, 5.0, -5.0, 11.0, -11.0, 15.0, -15.0, 12.0, -12.0, 6.0, 9.0, -6.0, -9.0, 11.0, -11.0, 8.0, 7.0, -8.0, 8.0, -8.0, -7.0, 5.0, -5.0, 12.0, -12.0, 13.0, -13.0, 10.0, 5.0, -10.0, -5.0, 9.0, 6.0, -9.0, -6.0, 15.0, -15.0, 0.0]
Q: [0.0, 5.0, 0.0, 11.0, 0.0, 15.0, 0.0, 12.0, 0.0, 6.0, 15.0, 9.0, 0.0, 11.0, 0.0, 8.0, 15.0, 7.0, 15.0, 7.0, 0.0, 5.0, 0.0, 12.0, 0.0, 13.0, 0.0, 10.0, 15.0, 5.0, 0.0, 9.0, 15.0, 6.0, 0.0, 15.0, 0.0, 0.0]
B: [0.0, 24.0, 58.8425537813, 64.17419311644, 73.79828455408, 105.44704301318001, 138.01648479528, 155.19717887318, 184.71668960758, 279.0, 300.0, 309.29300538039, 319.11482114938, 342.39349190178, 366.21172815048, 378.0, 389.3210123222, 420.750419714, 424.08379833035997, 441.26878064045997, 460.17589178945997, 466.86413595365997, 470.55642535184995, 488.94528556664994, 490.06697447182995, 498.89321228869994, 518.9343326415999, 529.3444908055999, 539.7078640980999, 558.9802250847999, 560.1405991624099, 568.7120646147099, 585.1646555353099, 592.3834088902898, 612.9502011778899, 619.7861668009799, 640.58082027248, 665.64599820918]
