Avion: 7      Iteracion: 28

Num Ruta: 27
Ingresos: 45600.0
Costos: 124.247556326
Utilidad Ruta: 45475.7524437
Costo Reducido: 72.6214806095
Nodos: [107, 14, 59, 36, 81, 29, 74, 27, 72, 917]
q: [0, 8.0, -8.0, 15.0, -15.0, 9.0, -9.0, 6.0, -6.0, 0]
Q: [0, 8.0, 0.0, 15.0, 0.0, 9.0, 0.0, 6.0, 0.0, 0]
B: [0.0, 112.0, 124.021711775, 251.0, 257.94814406874, 549.0, 582.7797797802, 590.99620777538, 608.0270701434799, 613.6045062928199]
