Avion: 3      Iteracion: 35

Num Ruta: 35
Ingresos: 56400.0
Costos: 178.07002388
Utilidad Ruta: 56221.9299761
Costo Reducido: 39.0438754802
Nodos: [103, 17, 62, 24, 69, 36, 81, 21, 66, 913]
q: [0, 5.0, -5.0, 14.0, -14.0, 15.0, -15.0, 13.0, -13.0, 0]
Q: [0, 5.0, 0.0, 14.0, 0.0, 15.0, 0.0, 13.0, 0.0, 0]
B: [0.0, 24.0, 58.8425537813, 75.400837086, 113.9137873885, 251.0, 257.94814406874, 477.0, 517.7387906792, 534.7289915314999]
