Avion: 5      Iteracion: 38

Num Ruta: 40
Ingresos: 104400.0
Costos: 289.875267785
Utilidad Ruta: 104110.124732
Costo Reducido: 59.841940026
Nodos: [105, 1, 46, 45, 90, 32, 8, 53, 13, 77, 58, 21, 38, 83, 66, 33, 78, 27, 72, 37, 82, 915]
q: [0.0, 7.0, -7.0, 11.0, -11.0, 6.0, 8.0, -8.0, 9.0, -6.0, -9.0, 7.0, 8.0, -8.0, -7.0, 10.0, -10.0, 6.0, -6.0, 15.0, -15.0, 0.0]
Q: [0.0, 7.0, 0.0, 11.0, 0.0, 6.0, 14.0, 6.0, 15.0, 9.0, 0.0, 7.0, 15.0, 7.0, 0.0, 10.0, 0.0, 6.0, 0.0, 15.0, 0.0, 0.0]
B: [0.0, 175.0, 209.2400855285, 371.0, 380.19162363242, 422.0, 433.4468981388, 454.2152947548, 456.42597089571, 470.26815067351004, 474.33910105395006, 489.85049744495007, 496.6734103859201, 529.5422970266201, 536.6122255976901, 562.0, 585.3035112376, 592.52226459258, 609.55312696068, 616.38909258377, 637.1837460552699, 662.24892399197]
