Avion: 7      Iteracion: 20

Num Ruta: 20
Ingresos: 49200.0
Costos: 153.308003443
Utilidad Ruta: 49046.6919966
Costo Reducido: 118.414539415
Nodos: [107, 12, 57, 10, 55, 37, 82, 917]
q: [0, 14.0, -14.0, 12.0, -12.0, 15.0, -15.0, 0]
Q: [0, 14.0, 0.0, 12.0, 0.0, 15.0, 0.0, 0]
B: [0.0, 54.0, 97.347924264, 106.06569462115, 135.58520535555, 562.0, 582.7946534714999, 602.8663856587999]
