Avion: 1      Iteracion: 43

Num Ruta: 37
Ingresos: 58800.0
Costos: 212.866770032
Utilidad Ruta: 58587.13323
Costo Reducido: 6.87250054227
Nodos: [101, 24, 69, 34, 79, 39, 84, 6, 51, 33, 78, 911]
q: [0, 14.0, -14.0, 12.0, -12.0, 8.0, -8.0, 5.0, -5.0, 10.0, -10.0, 0]
Q: [0, 14.0, 0.0, 12.0, 0.0, 8.0, 0.0, 5.0, 0.0, 10.0, 0.0, 0]
B: [0.0, 61.0, 99.5129503025, 283.0, 323.947598037, 388.0, 410.632187455, 436.0, 439.69228939819, 562.0, 585.3035112376, 590.98027404751]
