Avion: 6      Iteracion: 37

Num Ruta: 39
Ingresos: 128400.0
Costos: 372.306132432
Utilidad Ruta: 128027.693868
Costo Reducido: 10.6856976518
Nodos: [106, 9, 54, 12, 57, 1, 46, 3, 48, 23, 18, 63, 68, 22, 67, 45, 90, 7, 4, 52, 49, 2, 47, 916]
q: [0.0, 11.0, -11.0, 14.0, -14.0, 7.0, -7.0, 15.0, -15.0, 10.0, 5.0, -5.0, -10.0, 10.0, -10.0, 11.0, -11.0, 10.0, 5.0, -10.0, -5.0, 9.0, -9.0, 0.0]
Q: [0.0, 11.0, 0.0, 14.0, 0.0, 7.0, 0.0, 15.0, 0.0, 10.0, 15.0, 10.0, 0.0, 10.0, 0.0, 11.0, 0.0, 10.0, 15.0, 5.0, 0.0, 9.0, 0.0, 0.0]
B: [0.0, 28.0, 57.5272370025, 68.3142737596, 111.6621980236, 175.0, 209.2400855285, 256.0, 261.08428175852, 267.0, 293.0, 316.8182362487, 326.74376782137, 342.50019181287, 364.25487795177, 376.01755218007, 385.20917581249, 517.0, 529.0, 548.2723609867, 549.43273506431, 558.88720157491, 599.62216362231, 613.47085399361]
