Avion: 2      Iteracion: 20

Num Ruta: 23
Ingresos: 52800.0
Costos: 166.639999108
Utilidad Ruta: 52633.3600009
Costo Reducido: 82.3958802496
Nodos: [102, 10, 55, 31, 76, 36, 81, 15, 60, 912]
q: [0, 12.0, -12.0, 6.0, -6.0, 15.0, -15.0, 11.0, -11.0, 0]
Q: [0, 12.0, 0.0, 6.0, 0.0, 15.0, 0.0, 11.0, 0.0, 0]
B: [0.0, 96.0, 125.5195107344, 165.1276650716, 178.4332790747, 251.0, 257.94814406874, 511.0, 527.4211666151, 545.3677932898]
