Avion: 1      Iteracion: 11

Num Ruta: 10
Ingresos: 79200.0
Costos: 365.789437271
Utilidad Ruta: 78834.2105627
Costo Reducido: 143980.423732
Nodos: [101, 9, 54, 34, 79, 39, 84, 19, 64, 6, 51, 21, 66, 27, 33, 72, 78, 911]
q: [0.0, 11.0, -11.0, 12.0, -12.0, 8.0, -8.0, 7.0, -7.0, 5.0, -5.0, 13.0, -13.0, 0.0, 10.0, 0.0, -10.0, 0.0]
Q: [0.0, 11.0, 0.0, 12.0, 0.0, 8.0, 0.0, 7.0, 0.0, 5.0, 0.0, 13.0, 0.0, 0.0, 10.0, 10.0, 0.0, 0.0]
B: [0.0, 28.0, 57.5272370025, 283.0, 323.947598037, 388.0, 410.632187455, 442.163332772, 468.7904490635, 480.58146806099995, 484.27375745918994, 520.9550063610899, 561.6937970402898, 574.8712452378899, 591.3238361584898, 605.1710061581898, 625.7377984457898, 631.4145612556998]
