Avion: 6      Iteracion: 26

Num Ruta: 29
Ingresos: 98400.0
Costos: 364.564069852
Utilidad Ruta: 98035.4359301
Costo Reducido: 101.062087208
Nodos: [106, 40, 85, 30, 75, 14, 59, 42, 18, 87, 35, 80, 63, 28, 39, 73, 25, 70, 84, 6, 51, 916]
q: [0.0, 15.0, -15.0, 11.0, -11.0, 8.0, -8.0, 5.0, 10.0, -5.0, 5.0, -5.0, -10.0, 8.0, 7.0, -8.0, 8.0, -8.0, -7.0, 5.0, -5.0, 0.0]
Q: [0.0, 15.0, 0.0, 11.0, 0.0, 8.0, 0.0, 5.0, 15.0, 10.0, 15.0, 10.0, 0.0, 8.0, 15.0, 7.0, 15.0, 7.0, 0.0, 5.0, 0.0, 0.0]
B: [0.0, 62.0, 94.5694417821, 113.51249206450001, 132.22651472130002, 160.02245537820002, 172.04416715320002, 239.0, 293.0, 329.7411826293, 333.79763243178, 353.71051582418, 374.42975251378, 383.56325529201, 394.88426761421, 426.31367500601, 429.64705362237, 446.83203593247, 465.73914708147, 472.42739124567, 476.11968064385997, 509.73015545455996]
