Avion: 1      Iteracion: 38

Num Ruta: 32
Ingresos: 32400.0
Costos: 102.534184451
Utilidad Ruta: 32297.4658155
Costo Reducido: 12.729660477
Nodos: [101, 31, 11, 56, 76, 21, 66, 911]
q: [0, 6.0, 8.0, -8.0, -6.0, 13.0, -13.0, 0]
Q: [0, 6.0, 14.0, 6.0, 0.0, 13.0, 0.0, 0]
B: [0.0, 130.0, 169.0, 173.05406684701, 176.74844541451, 477.0, 517.7387906792, 539.9369507156]
