Avion: 3      Iteracion: 98

Num Ruta: 68
Ingresos: 91200.0
Costos: 270.29004626
Utilidad Ruta: 90929.7099537
Costo Reducido: 2.78983221432
Nodos: [103, 17, 30, 62, 16, 75, 61, 40, 85, 22, 67, 45, 90, 19, 8, 64, 53, 6, 51, 913]
q: [0.0, 5.0, 4.0, -5.0, 11.0, -4.0, -11.0, 15.0, -15.0, 10.0, -10.0, 11.0, -11.0, 7.0, 8.0, -7.0, -8.0, 5.0, -5.0, 0.0]
Q: [0.0, 5.0, 9.0, 4.0, 15.0, 11.0, 0.0, 15.0, 0.0, 10.0, 0.0, 11.0, 0.0, 7.0, 15.0, 8.0, 0.0, 5.0, 0.0, 0.0]
B: [0.0, 24.0, 64.0, 67.14445448369, 72.47609381883, 83.29276558052999, 86.16392214191998, 117.81268060101999, 150.38212238312, 299.0, 320.7546861389, 371.0, 380.19162363242, 402.0, 425.1608815463, 443.1178409771, 446.04596016866, 455.23663179809, 458.92892119628, 475.65405964117997]
