Avion: 7      Iteracion: 48

Num Ruta: 43
Ingresos: 103200.0
Costos: 284.229452443
Utilidad Ruta: 102915.770548
Costo Reducido: 17.0908022586
Nodos: [107, 9, 54, 30, 75, 24, 69, 1, 31, 76, 11, 56, 46, 3, 48, 8, 53, 27, 72, 917]
q: [0, 11.0, -11.0, 11.0, -11.0, 14.0, -14.0, 7.0, 6.0, -6.0, 8.0, -8.0, -7.0, 15.0, -15.0, 8.0, -8.0, 6.0, -6.0, 0]
Q: [0, 11.0, 0.0, 11.0, 0.0, 14.0, 0.0, 7.0, 13.0, 7.0, 15.0, 7.0, 0.0, 15.0, 0.0, 8.0, 0.0, 6.0, 0.0, 0]
B: [0.0, 28.0, 57.5272370025, 73.3151373379, 92.0291599947, 116.763130885, 155.27608118749998, 175.0, 183.89376197118, 197.19937597428, 197.678254873377, 201.732321720387, 236.048051058387, 256.0, 261.08428175852, 414.0, 434.768396616, 538.0, 555.0308623681, 560.60829851744]
