Avion: 5      Iteracion: 1

Num Ruta: 5
Ingresos: 180000.0
Costos: 610.439504319
Utilidad Ruta: 179389.560496
Costo Reducido: 201895.137731
Nodos: [105, 16, 61, 40, 85, 10, 55, 11, 56, 44, 89, 23, 68, 22, 67, 45, 90, 19, 25, 70, 64, 41, 5, 50, 86, 21, 66, 33, 78, 27, 72, 915]
q: [0.0, 11.0, -11.0, 15.0, -15.0, 12.0, -12.0, 8.0, -8.0, 14.0, -14.0, 10.0, -10.0, 10.0, -10.0, 11.0, -11.0, 5.0, 10.0, -10.0, -5.0, 3.0, 12.0, -12.0, -3.0, 13.0, -13.0, 10.0, -10.0, 6.0, -6.0, 0.0]
Q: [0.0, 11.0, 0.0, 15.0, 0.0, 12.0, 0.0, 8.0, 0.0, 14.0, 0.0, 10.0, 0.0, 10.0, 0.0, 11.0, 0.0, 5.0, 15.0, 5.0, 0.0, 3.0, 15.0, 3.0, 0.0, 13.0, 0.0, 10.0, 0.0, 6.0, 0.0, 0.0]
B: [0.0, 36.0, 45.624091437640004, 77.27284989674001, 109.84229167884001, 127.02298575674001, 156.54249649114, 209.18071307374, 213.23477992075001, 224.91208037935002, 278.91945478325, 299.75004586945, 339.48388877445, 355.24031276595, 376.99499890485004, 388.75767313315004, 397.94929676557, 409.79115101227, 419.18315825247, 436.36814056257, 453.15499699847, 468.34600730056997, 476.75137130221, 477.87306020739, 489.18958144849, 507.05263840969, 547.79142908889, 562.0, 585.3035112376, 592.52226459258, 609.55312696068, 628.54785617698]
