Avion: 5      Iteracion: 22

Num Ruta: 25
Ingresos: 85200.0
Costos: 281.713845963
Utilidad Ruta: 84918.286154
Costo Reducido: 138.602535271
Nodos: [105, 24, 69, 10, 55, 35, 26, 80, 71, 28, 45, 90, 19, 73, 25, 70, 64, 915]
q: [0.0, 14.0, -14.0, 12.0, -12.0, 6.0, 9.0, -6.0, -9.0, 8.0, 7.0, -7.0, 7.0, -8.0, 8.0, -8.0, -7.0, 0.0]
Q: [0.0, 14.0, 0.0, 12.0, 0.0, 6.0, 15.0, 9.0, 0.0, 8.0, 15.0, 8.0, 15.0, 7.0, 15.0, 7.0, 0.0, 0.0]
B: [0.0, 61.0, 99.5129503025, 111.2988809828, 140.8183917172, 279.0, 300.0, 309.29300538039, 319.11482114938, 378.0, 411.1514906603, 420.34311429272, 432.18496853941997, 444.72076181311996, 448.05414042947996, 465.23912273957995, 482.02597917547996, 495.00598784268]
