Avion: 3      Iteracion: 30

Num Ruta: 31
Ingresos: 19200.0
Costos: 95.4705030421
Utilidad Ruta: 19104.529497
Costo Reducido: 12.1016552051
Nodos: [103, 17, 62, 30, 75, 913]
q: [0, 5.0, -5.0, 11.0, -11.0, 0]
Q: [0, 5.0, 0.0, 11.0, 0.0, 0]
B: [0.0, 24.0, 58.8425537813, 64.0, 82.7140226568, 121.0943161549]
