Avion: 5      Iteracion: 67

Num Ruta: 61
Ingresos: 133200.0
Costos: 326.818064756
Utilidad Ruta: 132873.181935
Costo Reducido: 11.0191981415
Nodos: [105, 16, 61, 9, 54, 14, 59, 3, 48, 23, 18, 63, 68, 22, 67, 8, 45, 90, 32, 53, 13, 77, 58, 15, 60, 915]
q: [0.0, 11.0, -11.0, 11.0, -11.0, 8.0, -8.0, 15.0, -15.0, 4.0, 11.0, -11.0, -4.0, 10.0, -10.0, 8.0, 7.0, -7.0, 6.0, -8.0, 9.0, -6.0, -9.0, 11.0, -11.0, 0.0]
Q: [0.0, 11.0, 0.0, 11.0, 0.0, 8.0, 0.0, 15.0, 0.0, 4.0, 15.0, 4.0, 0.0, 10.0, 0.0, 8.0, 15.0, 8.0, 14.0, 6.0, 15.0, 9.0, 0.0, 11.0, 0.0, 0.0]
B: [0.0, 36.0, 45.624091437640004, 75.68094759394, 105.20818459644, 115.46499131194001, 127.48670308694001, 256.0, 261.08428175852, 267.0, 293.0, 316.8182362487, 326.74376782137, 342.50019181287, 364.25487795177, 414.0, 417.40515271317, 426.59677634559, 428.13238729892, 450.51212199352, 452.72279813443, 466.56497791223, 470.63592829267003, 511.0, 527.4211666151, 532.20771547623]
