Avion: 3      Iteracion: 0

Num Ruta: 2
Ingresos: 208800.0
Costos: 656.827560141
Utilidad Ruta: 208143.17244
Costo Reducido: -
Nodos: [103, 9, 54, 12, 57, 10, 55, 1, 46, 3, 48, 36, 81, 26, 71, 45, 90, 13, 58, 6, 51, 41, 86, 5, 50, 27, 72, 37, 82, 33, 78, 913]
q: [0, 11.0, -11.0, 14.0, -14.0, 12.0, -12.0, 7.0, -7.0, 15.0, -15.0, 15.0, -15.0, 13.0, -13.0, 11.0, -11.0, 15.0, -15.0, 5.0, -5.0, 13.0, -13.0, 12.0, -12.0, 6.0, -6.0, 15.0, -15.0, 10.0, -10.0, 0]
Q: [0, 11.0, 0.0, 14.0, 0.0, 12.0, 0.0, 7.0, 0.0, 15.0, 0.0, 15.0, 0.0, 13.0, 0.0, 11.0, 0.0, 15.0, 0.0, 5.0, 0.0, 13.0, 0.0, 12.0, 0.0, 6.0, 0.0, 15.0, 0.0, 10.0, 0.0, 0]
B: [0.0, 58.0169348553, 87.5441718578, 98.33120861489999, 141.6791328789, 150.39690323604998, 179.91641397044998, 218.33575514125, 252.57584066975, 259.67239257895, 264.75667433747, 299.67613963977, 306.62428370851, 346.92666816651, 364.50589613591, 388.03204856251, 397.22367219493, 423.0, 439.88315095, 464.1060995732, 467.79838897139, 486.91510887829, 506.95622923119004, 518.98211734809, 520.10380625327, 538.0, 555.0308623681, 562.0, 582.7946534714999, 617.3784082994999, 640.6819195370999, 659.5206583483999]
