Avion: 7      Iteracion: 81

Num Ruta: 58
Ingresos: 74400.0
Costos: 227.055389606
Utilidad Ruta: 74172.9446104
Costo Reducido: 1.96909844002
Nodos: [107, 14, 59, 3, 48, 18, 63, 19, 32, 64, 77, 20, 7, 52, 65, 917]
q: [0.0, 8.0, -8.0, 15.0, -15.0, 11.0, -11.0, 7.0, 6.0, -7.0, -6.0, 10.0, 5.0, -5.0, -10.0, 0.0]
Q: [0.0, 8.0, 0.0, 15.0, 0.0, 11.0, 0.0, 7.0, 13.0, 6.0, 0.0, 10.0, 15.0, 10.0, 0.0, 0.0]
B: [0.0, 112.0, 124.021711775, 256.0, 261.08428175852, 293.0, 316.8182362487, 402.0, 422.0, 441.5724706923, 458.69984714049997, 496.0, 517.0, 545.5413118129, 558.5049963585999, 571.3856473514999]
