Avion: 3      Iteracion: 40

Num Ruta: 39
Ingresos: 63600.0
Costos: 209.420235911
Utilidad Ruta: 63390.5797641
Costo Reducido: 28.8089590427
Nodos: [103, 17, 62, 12, 57, 13, 58, 15, 60, 38, 83, 913]
q: [0, 5.0, -5.0, 14.0, -14.0, 15.0, -15.0, 11.0, -11.0, 8.0, -8.0, 0]
Q: [0, 5.0, 0.0, 14.0, 0.0, 15.0, 0.0, 11.0, 0.0, 8.0, 0.0, 0]
B: [0.0, 24.0, 58.8425537813, 78.5512475229, 121.8991717869, 423.0, 439.88315095, 511.0, 527.4211666151, 531.5084323270399, 564.3773189677399, 574.3412943290099]
