Avion: 3      Iteracion: 11

Num Ruta: 14
Ingresos: 122400.0
Costos: 445.001693044
Utilidad Ruta: 121954.998307
Costo Reducido: 161702.576375
Nodos: [103, 9, 54, 30, 75, 3, 48, 23, 34, 68, 79, 39, 19, 64, 84, 6, 51, 13, 58, 38, 21, 66, 83, 913]
q: [0.0, 11.0, -11.0, 11.0, -11.0, 15.0, -15.0, 3.0, 12.0, -3.0, -12.0, 8.0, 7.0, -7.0, -8.0, 5.0, -5.0, 15.0, -15.0, 2.0, 13.0, -13.0, -2.0, 0.0]
Q: [0.0, 11.0, 0.0, 11.0, 0.0, 15.0, 0.0, 3.0, 15.0, 12.0, 0.0, 8.0, 15.0, 8.0, 0.0, 5.0, 0.0, 15.0, 0.0, 2.0, 15.0, 2.0, 0.0, 0.0]
B: [0.0, 58.0169348553, 87.5441718578, 103.33207219319999, 122.04609484999999, 256.0, 261.08428175852, 267.0, 308.6968644505, 345.192375421, 361.7120311075, 388.0, 423.3907399471, 450.01785623859996, 456.33305829395994, 463.02130245815994, 466.7135918563499, 480.12365796354993, 497.00680891354995, 510.50186819464994, 517.3247811356199, 558.0635718148199, 565.1335003858899, 575.0974757471598]
