Avion: 3      Iteracion: 75

Num Ruta: 59
Ingresos: 61200.0
Costos: 168.188565257
Utilidad Ruta: 61031.8114347
Costo Reducido: 19.7011349384
Nodos: [103, 17, 30, 62, 16, 61, 75, 45, 90, 43, 21, 88, 38, 66, 83, 913]
q: [0.0, 5.0, 10.0, -5.0, 5.0, -5.0, -10.0, 11.0, -11.0, 5.0, 10.0, -5.0, 5.0, -10.0, -5.0, 0.0]
Q: [0.0, 5.0, 15.0, 10.0, 15.0, 10.0, 0.0, 11.0, 0.0, 5.0, 15.0, 10.0, 15.0, 5.0, 0.0, 0.0]
B: [0.0, 24.0, 64.0, 67.14445448369, 72.47609381883, 82.10018525647, 84.97134181786, 371.0, 380.19162363242, 451.0, 477.0, 484.28300741452, 494.41817125142, 528.90055163622, 535.97048020729, 545.93445556856]
