Avion: 6      Iteracion: 93

Num Ruta: 74
Ingresos: 114000.0
Costos: 317.033514874
Utilidad Ruta: 113682.966485
Costo Reducido: 3.57963824774
Nodos: [106, 9, 54, 14, 59, 3, 48, 23, 18, 63, 68, 28, 73, 25, 43, 70, 88, 15, 21, 60, 38, 83, 66, 916]
q: [0.0, 11.0, -11.0, 8.0, -8.0, 15.0, -15.0, 4.0, 11.0, -11.0, -4.0, 8.0, -8.0, 10.0, 5.0, -10.0, -5.0, 8.0, 7.0, -8.0, 8.0, -8.0, -7.0, 0.0]
Q: [0.0, 11.0, 0.0, 8.0, 0.0, 15.0, 0.0, 4.0, 15.0, 4.0, 0.0, 8.0, 0.0, 10.0, 15.0, 5.0, 0.0, 8.0, 15.0, 7.0, 15.0, 7.0, 0.0, 0.0]
B: [0.0, 28.0, 57.5272370025, 112.0, 124.021711775, 256.0, 261.08428175852, 267.0, 293.0, 316.8182362487, 326.74376782137, 378.0, 414.0266187839, 417.35999740026, 451.0, 464.0372215215, 471.78639754221, 511.0, 516.67223351071, 527.47150163401, 531.55876734595, 564.42765398665, 571.49758255772, 609.10811036572]
