Avion: 6      Iteracion: 48

Num Ruta: 48
Ingresos: 106800.0
Costos: 236.923817825
Utilidad Ruta: 106563.076182
Costo Reducido: 23.3667661526
Nodos: [106, 9, 54, 14, 59, 31, 11, 56, 76, 36, 81, 15, 60, 7, 4, 52, 49, 37, 82, 916]
q: [0, 11.0, -11.0, 8.0, -8.0, 6.0, 8.0, -8.0, -6.0, 15.0, -15.0, 11.0, -11.0, 10.0, 5.0, -10.0, -5.0, 15.0, -15.0, 0]
Q: [0, 11.0, 0.0, 8.0, 0.0, 6.0, 14.0, 6.0, 0.0, 15.0, 0.0, 11.0, 0.0, 10.0, 15.0, 5.0, 0.0, 15.0, 0.0, 0]
B: [0.0, 28.0, 57.5272370025, 112.0, 124.021711775, 151.2337789879, 169.0, 173.05406684701, 176.74844541451, 251.0, 257.94814406874, 511.0, 527.4211666151, 538.3259061809999, 548.6892794734999, 567.9616404602, 569.12201453781, 576.1863866259699, 596.98104009747, 618.28039259937]
