Avion: 6      Iteracion: 0

Num Ruta: 4
Ingresos: 0
Costos: 15.9792298
Utilidad Ruta: -15.9792298
Costo Reducido: -
Nodos: [106, 916]
q: [0, 0]
Q: [0, 0]
B: [0, 0]
