Avion: 4      Iteracion: 63

Num Ruta: 53
Ingresos: 116400.0
Costos: 329.579014841
Utilidad Ruta: 116070.420985
Costo Reducido: 6.39919847563
Nodos: [104, 30, 16, 75, 61, 24, 69, 36, 81, 34, 79, 39, 28, 84, 73, 25, 43, 70, 88, 15, 60, 914]
q: [0.0, 11.0, 4.0, -11.0, -4.0, 14.0, -14.0, 15.0, -15.0, 12.0, -12.0, 8.0, 7.0, -8.0, -7.0, 10.0, 5.0, -10.0, -5.0, 11.0, -11.0, 0.0]
Q: [0.0, 11.0, 15.0, 4.0, 0.0, 14.0, 0.0, 15.0, 0.0, 12.0, 0.0, 8.0, 15.0, 7.0, 0.0, 10.0, 15.0, 5.0, 0.0, 11.0, 0.0, 0.0]
B: [0.0, 64.0, 72.20259129788, 83.01926305958, 85.89041962097, 111.11661870046999, 149.62956900297, 251.0, 257.94814406874, 283.0, 323.947598037, 388.0, 399.3210123222, 412.3114993416, 448.3244104708, 451.65778908716, 465.71894785876, 478.75616938025996, 486.50534540097, 511.0, 527.4211666151, 549.6020925877]
