Avion: 4      Iteracion: 30

Num Ruta: 32
Ingresos: 108000.0
Costos: 271.722079373
Utilidad Ruta: 107728.277921
Costo Reducido: 75.7500907657
Nodos: [104, 30, 16, 75, 61, 31, 11, 56, 76, 36, 81, 34, 79, 28, 73, 25, 43, 70, 88, 15, 60, 914]
q: [0.0, 11.0, 4.0, -11.0, -4.0, 6.0, 8.0, -8.0, -6.0, 15.0, -15.0, 12.0, -12.0, 8.0, -8.0, 10.0, 5.0, -10.0, -5.0, 11.0, -11.0, 0.0]
Q: [0.0, 11.0, 15.0, 4.0, 0.0, 6.0, 14.0, 6.0, 0.0, 15.0, 0.0, 12.0, 0.0, 8.0, 0.0, 10.0, 15.0, 5.0, 0.0, 11.0, 0.0, 0.0]
B: [0.0, 64.0, 72.20259129788, 83.01926305958, 85.89041962097, 130.0, 169.0, 173.05406684701, 176.74844541451, 251.0, 257.94814406874, 283.0, 323.947598037, 378.0, 414.0266187839, 417.35999740026, 451.0, 464.0372215215, 471.78639754221, 511.0, 527.4211666151, 549.6020925877]
