Avion: 5      Iteracion: 3

Num Ruta: 7
Ingresos: 183600.0
Costos: 582.724477258
Utilidad Ruta: 183017.275523
Costo Reducido: 616564.477981
Nodos: [105, 16, 61, 12, 57, 31, 14, 59, 76, 11, 56, 36, 81, 3, 48, 23, 18, 63, 68, 45, 90, 32, 19, 77, 64, 41, 86, 2, 47, 37, 82, 915]
q: [0.0, 11.0, -11.0, 14.0, -14.0, 6.0, 8.0, -8.0, -6.0, 8.0, -8.0, 15.0, -15.0, 15.0, -15.0, 4.0, 11.0, -11.0, -4.0, 11.0, -11.0, 6.0, 7.0, -6.0, -7.0, 13.0, -13.0, 9.0, -9.0, 15.0, -15.0, 0.0]
Q: [0.0, 11.0, 0.0, 14.0, 0.0, 6.0, 14.0, 6.0, 0.0, 8.0, 0.0, 15.0, 0.0, 15.0, 0.0, 4.0, 15.0, 4.0, 0.0, 11.0, 0.0, 6.0, 13.0, 7.0, 0.0, 13.0, 0.0, 9.0, 0.0, 15.0, 0.0, 0.0]
B: [0.0, 36.0, 45.624091437640004, 79.57799432084, 122.92591858484, 143.84325197134, 161.36293438854, 173.38464616354, 202.45020313394, 202.929082033037, 206.983148880047, 251.0, 257.94814406874, 294.92818141324, 300.01246317176, 303.37495049515996, 323.55390064126, 347.37213688995996, 357.29766846263, 383.68620083943, 392.87782447185, 422.0, 433.71491463899997, 461.3697862171, 478.4971626653, 493.68817296739996, 513.7292933202999, 538.7176480881, 579.4526101355, 615.256643386, 636.0512968574999, 661.1164747941999]
