Avion: 1      Iteracion: 35

Num Ruta: 31
Ingresos: 21600.0
Costos: 76.7679066658
Utilidad Ruta: 21523.2320933
Costo Reducido: 4.46168772065
Nodos: [101, 22, 67, 8, 53, 911]
q: [0, 10.0, -10.0, 8.0, -8.0, 0]
Q: [0, 10.0, 0.0, 8.0, 0.0, 0]
B: [0.0, 299.0, 320.7546861389, 414.0, 434.768396616, 441.74110971780004]
