Avion: 5      Iteracion: 2

Num Ruta: 6
Ingresos: 192000.0
Costos: 595.040822739
Utilidad Ruta: 191404.959177
Costo Reducido: 737670.596144
Nodos: [105, 24, 30, 69, 10, 75, 55, 11, 56, 36, 81, 3, 48, 23, 18, 68, 63, 45, 90, 25, 70, 5, 41, 50, 86, 21, 66, 33, 78, 27, 72, 37, 82, 915]
q: [0.0, 14.0, 1.0, -14.0, 12.0, -1.0, -12.0, 8.0, -8.0, 15.0, -15.0, 15.0, -15.0, 4.0, 11.0, -4.0, -11.0, 11.0, -11.0, 10.0, -10.0, 12.0, 3.0, -12.0, -3.0, 13.0, -13.0, 10.0, -10.0, 6.0, -6.0, 15.0, -15.0, 0.0]
Q: [0.0, 14.0, 15.0, 1.0, 13.0, 12.0, 0.0, 8.0, 0.0, 15.0, 0.0, 15.0, 0.0, 4.0, 15.0, 11.0, 0.0, 11.0, 0.0, 10.0, 0.0, 12.0, 15.0, 3.0, 0.0, 13.0, 0.0, 10.0, 0.0, 6.0, 0.0, 15.0, 0.0, 0.0]
B: [0.0, 61.0, 79.2569011609, 99.5250225588, 111.3109532391, 130.0040035252, 148.9048014184, 201.543018001, 205.59708484801, 251.0, 257.94814406874, 294.92818141324, 300.01246317176, 303.37495049515996, 323.55390064126, 348.99321205096, 358.91874362363, 387.46712967263, 396.65875330504997, 417.68496818075, 434.86995049085, 469.0, 477.40536400164, 486.23160181851, 497.54812305961, 515.41118002081, 556.1499707000099, 566.3055156386099, 589.6090268762099, 596.8277802311899, 613.8586425992899, 620.6946082223799, 641.4892616938798, 666.5544396305799]
