Avion: 3      Iteracion: 25

Num Ruta: 27
Ingresos: 50400.0
Costos: 152.423552733
Utilidad Ruta: 50247.5764473
Costo Reducido: 31.0627367111
Nodos: [103, 39, 84, 13, 58, 29, 74, 33, 78, 913]
q: [0, 8.0, -8.0, 15.0, -15.0, 9.0, -9.0, 10.0, -10.0, 0]
Q: [0, 8.0, 0.0, 15.0, 0.0, 9.0, 0.0, 10.0, 0.0, 0]
B: [0.0, 388.0, 410.632187455, 423.0, 439.88315095, 549.0, 582.7797797802, 591.6312714624, 614.9347827, 633.7735215113]
