Avion: 6      Iteracion: 61

Num Ruta: 59
Ingresos: 122400.0
Costos: 375.021893689
Utilidad Ruta: 122024.978106
Costo Reducido: 7.39968268767
Nodos: [106, 9, 54, 14, 59, 3, 48, 23, 42, 87, 26, 71, 68, 28, 73, 25, 70, 20, 38, 83, 27, 65, 2, 72, 47, 916]
q: [0.0, 11.0, -11.0, 8.0, -8.0, 15.0, -15.0, 10.0, 5.0, -5.0, 5.0, -5.0, -10.0, 8.0, -8.0, 10.0, -10.0, 9.0, 6.0, -6.0, 6.0, -9.0, 9.0, -6.0, -9.0, 0.0]
Q: [0.0, 11.0, 0.0, 8.0, 0.0, 15.0, 0.0, 10.0, 15.0, 10.0, 15.0, 10.0, 0.0, 8.0, 0.0, 10.0, 0.0, 9.0, 15.0, 9.0, 15.0, 6.0, 15.0, 9.0, 0.0, 0.0]
B: [0.0, 28.0, 57.5272370025, 112.0, 124.021711775, 256.0, 261.08428175852, 267.0, 289.6110683074, 337.6609029585, 344.55638154958, 362.13560951898, 365.20268190156, 378.0, 414.0266187839, 417.35999740026, 434.54497971036, 496.0, 498.08106943661, 530.9499560773099, 542.48568340591, 568.78644675981, 576.11674402527, 587.56881711267, 616.9093474589699, 630.7580378302699]
