Avion: 5      Iteracion: 40

Num Ruta: 42
Ingresos: 132000.0
Costos: 403.797085121
Utilidad Ruta: 131596.202915
Costo Reducido: 48.8042752321
Nodos: [105, 16, 61, 40, 85, 26, 71, 22, 67, 19, 25, 70, 64, 6, 51, 13, 58, 21, 38, 66, 83, 27, 4, 49, 72, 915]
q: [0.0, 11.0, -11.0, 15.0, -15.0, 13.0, -13.0, 10.0, -10.0, 7.0, 8.0, -8.0, -7.0, 5.0, -5.0, 15.0, -15.0, 7.0, 8.0, -7.0, -8.0, 6.0, 5.0, -5.0, -6.0, 0.0]
Q: [0.0, 11.0, 0.0, 15.0, 0.0, 13.0, 0.0, 10.0, 0.0, 7.0, 15.0, 7.0, 0.0, 5.0, 0.0, 15.0, 0.0, 7.0, 15.0, 8.0, 0.0, 6.0, 11.0, 6.0, 0.0, 0.0]
B: [0.0, 36.0, 45.624091437640004, 77.27284989674001, 109.84229167884001, 300.0, 317.5792279694, 331.2134086195, 352.9680947584, 402.0, 411.3920072402, 428.57698955029997, 445.3638459862, 457.15486498369995, 460.84715438188994, 474.25722048908995, 491.14037143908996, 506.65176783008997, 513.47468077106, 547.95706115586, 555.02698972693, 566.56271705553, 584.17749159283, 604.6032412730301, 610.0184998079501, 629.0132290242501]
