Avion: 1      Iteracion: 82

Num Ruta: 54
Ingresos: 37200.0
Costos: 153.105746635
Utilidad Ruta: 37046.8942534
Costo Reducido: 0.499471417526
Nodos: [101, 9, 54, 34, 79, 39, 84, 911]
q: [0, 11.0, -11.0, 12.0, -12.0, 8.0, -8.0, 0]
Q: [0, 11.0, 0.0, 12.0, 0.0, 8.0, 0.0, 0]
B: [0.0, 28.0, 57.5272370025, 283.0, 323.947598037, 388.0, 410.632187455, 418.73087061956]
