Avion: 4      Iteracion: 19

Num Ruta: 21
Ingresos: 146400.0
Costos: 512.035297911
Utilidad Ruta: 145887.964702
Costo Reducido: 287.387041545
Nodos: [104, 9, 54, 30, 16, 75, 61, 10, 55, 1, 11, 56, 42, 46, 23, 87, 26, 68, 71, 13, 58, 21, 38, 83, 66, 33, 78, 29, 74, 914]
q: [0.0, 11.0, -11.0, 11.0, 4.0, -11.0, -4.0, 12.0, -12.0, 7.0, 8.0, -8.0, 5.0, -7.0, 10.0, -5.0, 5.0, -10.0, -5.0, 15.0, -15.0, 13.0, 2.0, -2.0, -13.0, 10.0, -10.0, 9.0, -9.0, 0.0]
Q: [0.0, 11.0, 0.0, 11.0, 15.0, 4.0, 0.0, 12.0, 0.0, 7.0, 15.0, 7.0, 12.0, 5.0, 15.0, 10.0, 15.0, 5.0, 0.0, 15.0, 0.0, 13.0, 15.0, 13.0, 0.0, 10.0, 0.0, 9.0, 0.0, 0.0]
B: [0.0, 34.2318085996, 63.7590456021, 79.5469459375, 87.74953723538, 98.56620899708, 101.43736555846999, 117.26664276877, 146.78615350317, 185.20549467397, 203.88632326907, 207.94039011608, 239.0, 264.0626014013, 268.8931248719, 305.908763729, 312.80424232008, 332.49061509418, 335.55768747676, 423.0, 439.88315095, 477.0, 483.82291294097, 516.69179958167, 523.76172815274, 562.0, 585.3035112376, 603.6868304428, 637.466610223, 662.2750382465999]
