Avion: 3      Iteracion: 34

Num Ruta: 34
Ingresos: 56400.0
Costos: 168.122185856
Utilidad Ruta: 56231.8778141
Costo Reducido: 22.3360960046
Nodos: [103, 17, 62, 30, 75, 8, 53, 13, 58, 38, 83, 913]
q: [0, 5.0, -5.0, 11.0, -11.0, 8.0, -8.0, 15.0, -15.0, 8.0, -8.0, 0]
Q: [0, 5.0, 0.0, 11.0, 0.0, 8.0, 0.0, 15.0, 0.0, 8.0, 0.0, 0]
B: [0.0, 24.0, 58.8425537813, 64.0, 82.7140226568, 414.0, 434.768396616, 436.97907275691, 453.86222370691, 480.0, 512.8688866407, 522.8328620019699]
