Avion: 1      Iteracion: 13

Num Ruta: 11
Ingresos: 46800.0
Costos: 228.738948728
Utilidad Ruta: 46571.2610513
Costo Reducido: 83377.480662
Nodos: [101, 44, 89, 35, 80, 26, 71, 32, 77, 911]
q: [0, 14.0, -14.0, 6.0, -6.0, 13.0, -13.0, 6.0, -6.0, 0]
Q: [0, 14.0, 0.0, 6.0, 0.0, 13.0, 0.0, 6.0, 0.0, 0]
B: [0.0, 211.0, 265.00737440390003, 285.42358781380005, 305.33647120620003, 314.62947658659004, 332.20870455599004, 422.0, 449.8573558149, 460.17952622620004]
