Avion: 5      Iteracion: 83

Num Ruta: 73
Ingresos: 25200.0
Costos: 100.196865393
Utilidad Ruta: 25099.8031346
Costo Reducido: 0.508013265207
Nodos: [105, 10, 55, 2, 47, 915]
q: [0, 12.0, -12.0, 9.0, -9.0, 0]
Q: [0, 12.0, 0.0, 9.0, 0.0, 0]
B: [0.0, 96.0, 125.5195107344, 522.0, 562.7349620474, 573.7910456668001]
