Avion: 6      Iteracion: 20

Num Ruta: 23
Ingresos: 152400.0
Costos: 485.290522939
Utilidad Ruta: 151914.709477
Costo Reducido: 327.622948594
Nodos: [106, 9, 54, 12, 57, 10, 55, 31, 76, 44, 89, 3, 48, 8, 32, 53, 77, 15, 60, 20, 4, 49, 65, 37, 82, 916]
q: [0, 11.0, -11.0, 14.0, -14.0, 12.0, -12.0, 6.0, -6.0, 14.0, -14.0, 15.0, -15.0, 8.0, 6.0, -8.0, -6.0, 11.0, -11.0, 10.0, 5.0, -5.0, -10.0, 15.0, -15.0, 0]
Q: [0, 11.0, 0.0, 14.0, 0.0, 12.0, 0.0, 6.0, 0.0, 14.0, 0.0, 15.0, 0.0, 8.0, 14.0, 6.0, 0.0, 11.0, 0.0, 10.0, 15.0, 10.0, 0.0, 15.0, 0.0, 0]
B: [0.0, 28.0, 57.5272370025, 68.3142737596, 111.6621980236, 120.37996838075, 149.89947911515, 189.50763345235, 202.81324745545, 216.98440707635, 270.99178148025, 293.37851132185, 298.46279308037, 414.0, 425.4468981388, 447.8266328334, 463.87573156200006, 511.0, 527.4211666151, 533.55501866744, 543.83416970244, 564.25991938264, 576.12114263324, 587.69866058834, 608.49331405984, 629.79266656174]
