Avion: 4      Iteracion: 2

Num Ruta: 6
Ingresos: 196800.0
Costos: 610.112320449
Utilidad Ruta: 196189.88768
Costo Reducido: 755590.279838
Nodos: [104, 9, 54, 24, 69, 10, 55, 11, 56, 36, 81, 18, 63, 26, 71, 45, 90, 25, 70, 5, 50, 41, 86, 43, 88, 21, 66, 27, 72, 33, 78, 914]
q: [0, 11.0, -11.0, 14.0, -14.0, 12.0, -12.0, 8.0, -8.0, 15.0, -15.0, 11.0, -11.0, 13.0, -13.0, 11.0, -11.0, 10.0, -10.0, 12.0, -12.0, 13.0, -13.0, 5.0, -5.0, 13.0, -13.0, 6.0, -6.0, 10.0, -10.0, 0]
Q: [0, 11.0, 0.0, 14.0, 0.0, 12.0, 0.0, 8.0, 0.0, 15.0, 0.0, 11.0, 0.0, 13.0, 0.0, 11.0, 0.0, 10.0, 0.0, 12.0, 0.0, 13.0, 0.0, 5.0, 0.0, 13.0, 0.0, 6.0, 0.0, 10.0, 0.0, 0]
B: [0.0, 34.2318085996, 63.7590456021, 87.8992954972, 126.4122457997, 138.19817648, 167.7176872144, 220.355903797, 224.40997064401, 251.0, 257.94814406874, 293.0, 316.8182362487, 345.81975307109997, 363.39898104049996, 386.92513346709995, 396.11675709951993, 417.14297197521995, 434.32795428531995, 469.0, 470.12168890518, 478.94792672205, 498.98904707495, 509.35519240485, 526.61751351185, 533.9005209263701, 574.63931160557, 587.81675980317, 604.84762217127, 618.69479217097, 641.99830340857, 655.21441123197]
