Avion: 7      Iteracion: 36

Num Ruta: 33
Ingresos: 52800.0
Costos: 126.894673939
Utilidad Ruta: 52673.1053261
Costo Reducido: 45.2156470823
Nodos: [107, 14, 59, 3, 48, 19, 8, 64, 53, 27, 72, 917]
q: [0, 8.0, -8.0, 15.0, -15.0, 7.0, 8.0, -7.0, -8.0, 6.0, -6.0, 0]
Q: [0, 8.0, 0.0, 15.0, 0.0, 7.0, 15.0, 8.0, 0.0, 6.0, 0.0, 0]
B: [0.0, 112.0, 124.021711775, 256.0, 261.08428175852, 402.0, 425.1608815463, 443.1178409771, 446.04596016866, 538.0, 555.0308623681, 560.60829851744]
