Avion: 1      Iteracion: 20

Num Ruta: 18
Ingresos: 42000.0
Costos: 132.028202717
Utilidad Ruta: 41867.9717973
Costo Reducido: 112.679026272
Nodos: [101, 10, 55, 3, 48, 8, 53, 911]
q: [0, 12.0, -12.0, 15.0, -15.0, 8.0, -8.0, 0]
Q: [0, 12.0, 0.0, 15.0, 0.0, 8.0, 0.0, 0]
B: [0.0, 96.0, 125.5195107344, 256.0, 261.08428175852, 414.0, 434.768396616, 441.74110971780004]
