Avion: 6      Iteracion: 2

Num Ruta: 6
Ingresos: 142800.0
Costos: 549.422131486
Utilidad Ruta: 142250.577869
Costo Reducido: 142250.577869
Nodos: [106, 40, 85, 30, 75, 10, 55, 1, 46, 3, 48, 23, 42, 87, 26, 68, 71, 45, 90, 39, 84, 38, 43, 88, 21, 66, 83, 916]
q: [0.0, 15.0, -15.0, 11.0, -11.0, 12.0, -12.0, 7.0, -7.0, 15.0, -15.0, 2.0, 5.0, -5.0, 13.0, -2.0, -13.0, 11.0, -11.0, 8.0, -8.0, 2.0, 5.0, -5.0, 13.0, -13.0, -2.0, 0.0]
Q: [0.0, 15.0, 0.0, 11.0, 0.0, 12.0, 0.0, 7.0, 0.0, 15.0, 0.0, 2.0, 7.0, 2.0, 15.0, 13.0, 0.0, 11.0, 0.0, 8.0, 0.0, 2.0, 7.0, 2.0, 15.0, 2.0, 0.0, 0.0]
B: [0.0, 62.0, 94.5694417821, 113.51249206450001, 132.22651472130002, 150.91956500740002, 180.43907574180002, 218.85841691260003, 253.09850244110004, 260.19505435030004, 265.27933610882, 268.64182343222, 291.25289173962, 339.30272639072, 346.1982049818, 365.8845777559, 368.95165013848003, 392.47780256508, 401.6694261975, 440.2175016618, 462.8496891168, 483.113542773, 491.83085818544, 509.09317929243997, 516.37618670696, 557.1149773861599, 564.18490595723, 602.00591287133]
