Avion: 5      Iteracion: 0

Num Ruta: 3
Ingresos: 211200.0
Costos: 600.377109822
Utilidad Ruta: 210599.62289
Costo Reducido: -
Nodos: [105, 16, 61, 40, 85, 10, 55, 11, 56, 36, 81, 3, 48, 23, 26, 68, 71, 45, 90, 25, 19, 70, 64, 13, 58, 21, 66, 33, 78, 27, 72, 37, 82, 915]
q: [0.0, 11.0, -11.0, 15.0, -15.0, 12.0, -12.0, 8.0, -8.0, 15.0, -15.0, 15.0, -15.0, 2.0, 13.0, -2.0, -13.0, 11.0, -11.0, 8.0, 7.0, -8.0, -7.0, 15.0, -15.0, 13.0, -13.0, 10.0, -10.0, 6.0, -6.0, 15.0, -15.0, 0.0]
Q: [0.0, 11.0, 0.0, 15.0, 0.0, 12.0, 0.0, 8.0, 0.0, 15.0, 0.0, 15.0, 0.0, 2.0, 15.0, 13.0, 0.0, 11.0, 0.0, 8.0, 15.0, 7.0, 0.0, 15.0, 0.0, 13.0, 0.0, 10.0, 0.0, 6.0, 0.0, 15.0, 0.0, 0.0]
B: [0.0, 36.0, 45.624091437640004, 77.27284989674001, 109.84229167884001, 127.02298575674001, 156.54249649114, 209.18071307374, 213.23477992075001, 251.0, 257.94814406874, 294.92818141324, 300.01246317176, 303.37495049515996, 337.81629403745995, 357.50266681155995, 360.56973919413997, 384.09589162073996, 393.28751525315994, 414.31373012885996, 423.70573736905993, 440.3786290498599, 457.1654854857599, 461.39310479217994, 478.27625574217996, 493.78765213317996, 534.52644281238, 562.0, 585.3035112376, 592.52226459258, 609.55312696068, 616.38909258377, 637.1837460552699, 662.24892399197]
