Avion: 7      Iteracion: 10

Num Ruta: 12
Ingresos: 67200.0
Costos: 322.601729385
Utilidad Ruta: 66877.3982706
Costo Reducido: 91186.1855194
Nodos: [107, 16, 61, 42, 87, 35, 80, 18, 63, 6, 51, 43, 88, 21, 66, 917]
q: [0, 11.0, -11.0, 5.0, -5.0, 6.0, -6.0, 11.0, -11.0, 5.0, -5.0, 5.0, -5.0, 13.0, -13.0, 0]
Q: [0, 11.0, 0.0, 5.0, 0.0, 6.0, 0.0, 11.0, 0.0, 5.0, 0.0, 5.0, 0.0, 13.0, 0.0, 0]
B: [0.0, 36.0, 45.624091437640004, 239.0, 287.0498346511, 291.10628445358003, 311.01916784598, 333.91002123768, 357.72825748637996, 436.0, 439.69228939819, 475.10323248079, 492.36555358779, 499.64856100231, 540.3873516815099, 563.9726773735099]
