Avion: 1      Iteracion: 18

Num Ruta: 16
Ingresos: 36000.0
Costos: 129.134982377
Utilidad Ruta: 35870.8650176
Costo Reducido: 133.711218668
Nodos: [101, 18, 63, 39, 84, 6, 51, 27, 72, 911]
q: [0, 11.0, -11.0, 8.0, -8.0, 5.0, -5.0, 6.0, -6.0, 0]
Q: [0, 11.0, 0.0, 8.0, 0.0, 5.0, 0.0, 6.0, 0.0, 0]
B: [0.0, 293.0, 316.8182362487, 388.0, 410.632187455, 436.0, 439.69228939819, 538.0, 555.0308623681, 571.751718955]
