Avion: 2      Iteracion: 25

Num Ruta: 28
Ingresos: 82800.0
Costos: 229.988693089
Utilidad Ruta: 82570.0113069
Costo Reducido: 92.2390764794
Nodos: [102, 11, 56, 44, 89, 26, 71, 8, 53, 13, 58, 15, 60, 912]
q: [0, 8.0, -8.0, 14.0, -14.0, 13.0, -13.0, 8.0, -8.0, 15.0, -15.0, 11.0, -11.0, 0]
Q: [0, 8.0, 0.0, 14.0, 0.0, 13.0, 0.0, 8.0, 0.0, 15.0, 0.0, 11.0, 0.0, 0]
B: [0.0, 169.0, 173.05406684701, 211.0, 265.00737440390003, 300.0, 317.5792279694, 414.0, 434.768396616, 436.97907275691, 453.86222370691, 511.0, 527.4211666151, 545.3677932898]
