Avion: 4      Iteracion: 40

Num Ruta: 39
Ingresos: 74400.0
Costos: 255.376902202
Utilidad Ruta: 74144.6230978
Costo Reducido: 36.2523991411
Nodos: [104, 22, 67, 18, 63, 28, 25, 73, 19, 64, 70, 15, 60, 38, 83, 914]
q: [0.0, 10.0, -10.0, 11.0, -11.0, 7.0, 8.0, -7.0, 7.0, -7.0, -8.0, 11.0, -11.0, 8.0, -8.0, 0.0]
Q: [0.0, 10.0, 0.0, 11.0, 0.0, 7.0, 15.0, 8.0, 15.0, 8.0, 0.0, 11.0, 0.0, 8.0, 0.0, 0.0]
B: [0.0, 299.0, 320.7546861389, 334.15512273630003, 357.973358985, 378.0, 414.5748134377, 417.90819205406, 430.44398532776, 457.07110161926, 473.85795805516, 511.0, 527.4211666151, 531.5084323270399, 564.3773189677399, 585.4255117880399]
