Avion: 3      Iteracion: 8

Num Ruta: 11
Ingresos: 46800.0
Costos: 254.301289909
Utilidad Ruta: 46545.6987101
Costo Reducido: 89728.7378759
Nodos: [103, 40, 85, 10, 55, 34, 79, 913]
q: [0, 15.0, -15.0, 12.0, -12.0, 12.0, -12.0, 0]
Q: [0, 15.0, 0.0, 12.0, 0.0, 12.0, 0.0, 0]
B: [0.0, 62.0, 94.5694417821, 111.75013586, 141.2696465944, 283.0, 323.947598037, 333.98216549159997]
