Avion: 3      Iteracion: 15

Num Ruta: 18
Ingresos: 84000.0
Costos: 381.017806548
Utilidad Ruta: 83618.9821935
Costo Reducido: 623.099453721
Nodos: [103, 17, 62, 24, 69, 1, 46, 23, 68, 45, 90, 43, 88, 2, 47, 29, 74, 913]
q: [0, 5.0, -5.0, 14.0, -14.0, 7.0, -7.0, 10.0, -10.0, 11.0, -11.0, 5.0, -5.0, 9.0, -9.0, 9.0, -9.0, 0]
Q: [0, 5.0, 0.0, 14.0, 0.0, 7.0, 0.0, 10.0, 0.0, 11.0, 0.0, 5.0, 0.0, 9.0, 0.0, 9.0, 0.0, 0]
B: [0.0, 24.0, 58.8425537813, 75.400837086, 113.9137873885, 175.0, 209.2400855285, 267.0, 306.733842905, 371.0, 380.19162363242, 451.0, 468.262321107, 522.0, 562.7349620474, 572.53970258451, 606.31948236471, 624.95664698271]
