Avion: 5      Iteracion: 24

Num Ruta: 27
Ingresos: 121200.0
Costos: 424.31896356
Utilidad Ruta: 120775.681036
Costo Reducido: 264.855983359
Nodos: [105, 12, 57, 14, 59, 3, 48, 23, 42, 87, 26, 71, 68, 6, 51, 41, 86, 43, 88, 21, 38, 83, 66, 27, 72, 915]
q: [0.0, 14.0, -14.0, 8.0, -8.0, 15.0, -15.0, 10.0, 5.0, -5.0, 5.0, -5.0, -10.0, 5.0, -5.0, 13.0, -13.0, 5.0, -5.0, 7.0, 8.0, -8.0, -7.0, 6.0, -6.0, 0.0]
Q: [0.0, 14.0, 0.0, 8.0, 0.0, 15.0, 0.0, 10.0, 15.0, 10.0, 15.0, 10.0, 0.0, 5.0, 0.0, 13.0, 0.0, 5.0, 0.0, 7.0, 15.0, 7.0, 0.0, 6.0, 0.0, 0.0]
B: [0.0, 54.0, 97.347924264, 133.8671580457, 145.8888698207, 256.0, 261.08428175852, 267.0, 289.6110683074, 337.6609029585, 344.55638154958, 362.13560951898, 365.20268190156, 436.0, 439.69228939819, 458.80900930509, 478.85012965799, 489.21627498789, 506.47859609489, 513.76160350941, 520.58451645038, 553.45340309108, 560.52333166215, 573.70077985975, 590.73164222785, 609.72637144415]
