Avion: 6      Iteracion: 39

Num Ruta: 41
Ingresos: 66000.0
Costos: 238.480468203
Utilidad Ruta: 65761.5195318
Costo Reducido: 2.09087969005
Nodos: [106, 40, 85, 30, 75, 8, 53, 38, 21, 66, 83, 27, 72, 916]
q: [0.0, 15.0, -15.0, 11.0, -11.0, 8.0, -8.0, 2.0, 13.0, -13.0, -2.0, 6.0, -6.0, 0.0]
Q: [0.0, 15.0, 0.0, 11.0, 0.0, 8.0, 0.0, 2.0, 15.0, 2.0, 0.0, 6.0, 0.0, 0.0]
B: [0.0, 62.0, 94.5694417821, 113.51249206450001, 132.22651472130002, 414.0, 434.768396616, 480.0, 486.82291294097, 527.56170362017, 534.63163219124, 546.16735951984, 563.19822188794, 584.92693027114]
