Avion: 7      Iteracion: 19

Num Ruta: 19
Ingresos: 54000.0
Costos: 170.784355387
Utilidad Ruta: 53829.2156446
Costo Reducido: 163.899518481
Nodos: [107, 9, 54, 14, 59, 18, 63, 7, 4, 49, 52, 917]
q: [0, 11.0, -11.0, 8.0, -8.0, 11.0, -11.0, 10.0, 5.0, -5.0, -10.0, 0]
Q: [0, 11.0, 0.0, 8.0, 0.0, 11.0, 0.0, 10.0, 15.0, 10.0, 0.0, 0]
B: [0.0, 28.0, 57.5272370025, 112.0, 124.021711775, 293.0, 316.8182362487, 517.0, 529.0, 549.4257496801999, 550.5861237578099, 557.2755722403099]
