Avion: 3      Iteracion: 76

Num Ruta: 60
Ingresos: 100800.0
Costos: 328.690840733
Utilidad Ruta: 100471.309159
Costo Reducido: 1.23123801351
Nodos: [103, 17, 62, 14, 59, 18, 63, 22, 67, 19, 8, 64, 53, 6, 51, 41, 5, 50, 86, 21, 38, 66, 83, 913]
q: [0.0, 5.0, -5.0, 8.0, -8.0, 11.0, -11.0, 10.0, -10.0, 7.0, 8.0, -7.0, -8.0, 5.0, -5.0, 13.0, 2.0, -2.0, -13.0, 13.0, 2.0, -13.0, -2.0, 0.0]
Q: [0.0, 5.0, 0.0, 8.0, 0.0, 11.0, 0.0, 10.0, 0.0, 7.0, 15.0, 8.0, 0.0, 5.0, 0.0, 13.0, 15.0, 13.0, 0.0, 13.0, 15.0, 2.0, 0.0, 0.0]
B: [0.0, 24.0, 58.8425537813, 112.0, 124.021711775, 293.0, 316.8182362487, 332.3010836612, 354.0557698001, 402.0, 425.1608815463, 443.1178409771, 446.04596016866, 455.23663179809, 458.92892119628, 478.04564110318, 486.45100510482, 487.57269401, 498.88921525110004, 516.7522722123, 523.57518515327, 558.05756553807, 565.12749410914, 575.09146947041]
