Avion: 1      Iteracion: 19

Num Ruta: 17
Ingresos: 80400.0
Costos: 244.697477445
Utilidad Ruta: 80155.3025226
Costo Reducido: 229.229386704
Nodos: [101, 9, 54, 14, 59, 23, 68, 13, 58, 21, 66, 33, 78, 911]
q: [0, 11.0, -11.0, 8.0, -8.0, 10.0, -10.0, 15.0, -15.0, 13.0, -13.0, 10.0, -10.0, 0]
Q: [0, 11.0, 0.0, 8.0, 0.0, 10.0, 0.0, 15.0, 0.0, 13.0, 0.0, 10.0, 0.0, 0]
B: [0.0, 28.0, 57.5272370025, 112.0, 124.021711775, 267.0, 306.733842905, 423.0, 439.88315095, 477.0, 517.7387906792, 562.0, 585.3035112376, 590.98027404751]
