Avion: 5      Iteracion: 88

Num Ruta: 77
Ingresos: 124800.0
Costos: 357.051090091
Utilidad Ruta: 124442.94891
Costo Reducido: 10.8706411954
Nodos: [105, 1, 46, 3, 48, 23, 18, 63, 68, 28, 73, 25, 19, 70, 8, 64, 53, 5, 50, 4, 7, 52, 49, 2, 47, 915]
q: [0.0, 7.0, -7.0, 15.0, -15.0, 10.0, 5.0, -5.0, -10.0, 8.0, -8.0, 8.0, 7.0, -8.0, 8.0, -7.0, -8.0, 12.0, -12.0, 5.0, 10.0, -10.0, -5.0, 9.0, -9.0, 0.0]
Q: [0.0, 7.0, 0.0, 15.0, 0.0, 10.0, 15.0, 10.0, 0.0, 8.0, 0.0, 8.0, 15.0, 7.0, 15.0, 8.0, 0.0, 12.0, 0.0, 5.0, 15.0, 5.0, 0.0, 9.0, 0.0, 0.0]
B: [0.0, 175.0, 209.2400855285, 256.0, 261.08428175852, 267.0, 293.0, 316.8182362487, 326.74376782137, 378.0, 414.0266187839, 417.35999740026, 426.75200464046, 443.42489632125995, 469.24549617875994, 487.20245560955993, 490.1305748011199, 499.8833856779899, 501.0050745831699, 529.0, 539.3633732925, 567.9046851054, 569.0650591830099, 578.5195256936099, 619.2544877410099, 630.31057136041]
