Avion: 5      Iteracion: 74

Num Ruta: 67
Ingresos: 110400.0
Costos: 348.542833814
Utilidad Ruta: 110051.457166
Costo Reducido: 0.0385266106459
Nodos: [105, 1, 46, 18, 63, 22, 67, 19, 8, 64, 53, 5, 50, 41, 86, 20, 7, 52, 65, 2, 47, 915]
q: [0.0, 7.0, -7.0, 11.0, -11.0, 10.0, -10.0, 7.0, 8.0, -7.0, -8.0, 12.0, -12.0, 13.0, -13.0, 10.0, 5.0, -5.0, -10.0, 9.0, -9.0, 0.0]
Q: [0.0, 7.0, 0.0, 11.0, 0.0, 10.0, 0.0, 7.0, 15.0, 8.0, 0.0, 12.0, 0.0, 13.0, 0.0, 10.0, 15.0, 10.0, 0.0, 9.0, 0.0, 0.0]
B: [0.0, 175.0, 209.2400855285, 293.0, 316.8182362487, 332.3010836612, 354.0557698001, 402.0, 425.1608815463, 443.1178409771, 446.04596016866, 469.0, 470.12168890518, 478.94792672205, 498.98904707495, 512.51648752025, 521.25944194081, 549.80075375371, 562.7644382994099, 570.0947355648699, 610.8296976122699, 621.88578123167]
