Avion: 6      Iteracion: 7

Num Ruta: 11
Ingresos: 88800.0
Costos: 393.737005617
Utilidad Ruta: 88406.2629944
Costo Reducido: 191855.937256
Nodos: [106, 40, 85, 10, 55, 23, 35, 80, 68, 39, 84, 32, 25, 70, 77, 29, 74, 916]
q: [0.0, 15.0, -15.0, 12.0, -12.0, 10.0, 5.0, -5.0, -10.0, 8.0, -8.0, 5.0, 10.0, -10.0, -5.0, 9.0, -9.0, 0.0]
Q: [0.0, 15.0, 0.0, 12.0, 0.0, 10.0, 15.0, 10.0, 0.0, 8.0, 0.0, 5.0, 15.0, 5.0, 0.0, 9.0, 0.0, 0.0]
B: [0.0, 62.0, 94.5694417821, 111.75013586, 141.2696465944, 267.0, 307.4405515417, 327.3534349341, 339.9719804129, 388.0, 410.632187455, 436.244028857, 456.9104771489, 474.095459459, 485.08052773369997, 549.0, 582.7797797802, 614.0430139379]
