Avion: 7      Iteracion: 22

Num Ruta: 22
Ingresos: 6000.0
Costos: 76.1135077081
Utilidad Ruta: 5923.88649229
Costo Reducido: 11.3718624763
Nodos: [107, 42, 87, 917]
q: [0, 5.0, -5.0, 0]
Q: [0, 5.0, 0.0, 0]
B: [0.0, 239.0, 287.0498346511, 301.3161858665]
