Avion: 2      Iteracion: 24

Num Ruta: 27
Ingresos: 120000.0
Costos: 371.637754972
Utilidad Ruta: 119628.362245
Costo Reducido: 223.931493729
Nodos: [102, 12, 57, 31, 11, 76, 56, 44, 89, 3, 48, 23, 68, 13, 58, 25, 70, 38, 83, 912]
q: [0, 14.0, -14.0, 6.0, 8.0, -6.0, -8.0, 14.0, -14.0, 15.0, -15.0, 10.0, -10.0, 15.0, -15.0, 10.0, -10.0, 8.0, -8.0, 0]
Q: [0, 14.0, 0.0, 6.0, 14.0, 8.0, 0.0, 14.0, 0.0, 15.0, 0.0, 10.0, 0.0, 15.0, 0.0, 10.0, 0.0, 8.0, 0.0, 0]
B: [0.0, 54.0, 97.347924264, 130.0, 169.0, 169.478878899097, 173.173257466597, 211.0, 265.00737440390003, 287.39410424550005, 292.47838600402, 295.84087332742, 335.57471623242003, 423.0, 439.88315095, 463.8957169312, 481.0806992413, 485.40236200001, 518.2712486407099, 547.7404027005099]
