Avion: 1      Iteracion: 49

Num Ruta: 42
Ingresos: 111600.0
Costos: 367.733653239
Utilidad Ruta: 111232.266347
Costo Reducido: 36.9790693875
Nodos: [101, 30, 75, 24, 69, 11, 56, 34, 79, 28, 73, 19, 8, 64, 53, 21, 50, 5, 66, 911]
q: [0.0, 11.0, -11.0, 14.0, -14.0, 8.0, -8.0, 12.0, -12.0, 8.0, -8.0, 7.0, 8.0, -7.0, -8.0, 13.0, -12.0, 12.0, -13.0, 0.0]
Q: [0.0, 11.0, 0.0, 14.0, 0.0, 8.0, 0.0, 12.0, 0.0, 8.0, 0.0, 7.0, 15.0, 8.0, 0.0, 13.0, 1.0, 13.0, 0.0, 0.0]
B: [0.0, 64.0, 82.7140226568, 107.4479935471, 145.9609438496, 169.0, 173.05406684701, 283.0, 323.947598037, 378.0, 414.0266187839, 426.5624120576, 449.7232936039, 467.6802530347, 470.60837222626, 495.57254393296, 523.81213431596, 524.93382322114, 546.5564840426399, 568.75464407904]
