Avion: 4      Iteracion: 13

Num Ruta: 16
Ingresos: 153600.0
Costos: 589.097173479
Utilidad Ruta: 153010.902827
Costo Reducido: 124123.367685
Nodos: [104, 12, 57, 30, 75, 14, 59, 44, 42, 3, 48, 23, 89, 80, 26, 87, 35, 71, 68, 39, 84, 13, 58, 43, 32, 77, 88, 15, 60, 20, 7, 4, 52, 49, 65, 914]
q: [0.0, 14.0, -14.0, 11.0, -11.0, 8.0, -8.0, 9.0, 5.0, 1.0, -1.0, 1.0, -9.0, -6.0, 13.0, -5.0, 6.0, -13.0, -1.0, 8.0, -8.0, 15.0, -15.0, 5.0, 6.0, -6.0, -5.0, 11.0, -11.0, 10.0, 5.0, 0.0, -5.0, 0.0, -10.0, 0.0]
Q: [0.0, 14.0, 0.0, 11.0, 0.0, 8.0, 0.0, 9.0, 14.0, 15.0, 14.0, 15.0, 6.0, 0.0, 13.0, 8.0, 14.0, 1.0, 0.0, 8.0, 0.0, 15.0, 0.0, 5.0, 11.0, 5.0, 0.0, 11.0, 0.0, 10.0, 15.0, 15.0, 10.0, 10.0, 0.0, 0.0]
B: [0.0, 54.0, 97.347924264, 122.72227077779999, 141.4362934346, 169.2322340915, 181.2539458665, 219.8573772295, 242.2776887572, 260.7383306204, 265.82261237892, 269.18509970232, 290.01569078852, 309.92928827872, 319.22229365911, 326.11777225019, 330.17422205267, 357.95012675437, 361.01719913695, 388.0, 410.632187455, 423.0, 439.88315095, 462.0954705272, 469.30830609998003, 497.16566191488005, 510.96461673038004, 521.21762497188, 537.63879158698, 543.77264363932, 552.51559805988, 562.87897135238, 582.15133233908, 583.31170641669, 595.17292966729, 639.0645341605899]
