Avion: 4      Iteracion: 81

Num Ruta: 63
Ingresos: 105600.0
Costos: 364.2771491
Utilidad Ruta: 105235.722851
Costo Reducido: 11.0090101293
Nodos: [104, 31, 11, 76, 56, 44, 42, 89, 35, 87, 26, 80, 71, 18, 63, 20, 5, 50, 65, 2, 47, 29, 74, 914]
q: [0.0, 6.0, 8.0, -6.0, -8.0, 10.0, 5.0, -10.0, 6.0, -5.0, 9.0, -6.0, -9.0, 11.0, -11.0, 10.0, 5.0, -5.0, -10.0, 9.0, -9.0, 9.0, -9.0, 0.0]
Q: [0.0, 6.0, 14.0, 8.0, 0.0, 10.0, 15.0, 5.0, 11.0, 6.0, 15.0, 9.0, 0.0, 11.0, 0.0, 10.0, 15.0, 10.0, 0.0, 9.0, 0.0, 9.0, 0.0, 0.0]
B: [0.0, 130.0, 169.0, 169.478878899097, 173.173257466597, 211.0, 239.0, 276.4881823646, 296.9043957745, 300.96084557698003, 307.85632416806004, 317.14932954845005, 326.97114531744006, 350.24981606984005, 374.06805231854, 496.0, 519.9123369832, 521.03402588838, 540.17366112528, 547.50395839074, 588.23892043814, 598.04366097525, 631.82344075545, 656.6318687790499]
