Avion: 5      Iteracion: 8

Num Ruta: 12
Ingresos: 141600.0
Costos: 595.054656431
Utilidad Ruta: 141004.945344
Costo Reducido: 205516.721248
Nodos: [105, 16, 61, 24, 30, 69, 10, 75, 55, 44, 89, 18, 34, 63, 79, 32, 19, 77, 64, 5, 50, 7, 52, 33, 78, 27, 72, 915]
q: [0.0, 11.0, -11.0, 14.0, 1.0, -14.0, 12.0, -1.0, -12.0, 14.0, -14.0, 3.0, 12.0, -3.0, -12.0, 6.0, 7.0, -6.0, -7.0, 12.0, -12.0, 10.0, -10.0, 10.0, -10.0, 6.0, -6.0, 0.0]
Q: [0.0, 11.0, 0.0, 14.0, 15.0, 1.0, 13.0, 12.0, 0.0, 14.0, 0.0, 3.0, 15.0, 12.0, 0.0, 6.0, 13.0, 7.0, 0.0, 12.0, 0.0, 10.0, 0.0, 10.0, 0.0, 6.0, 0.0, 0.0]
B: [0.0, 36.0, 45.624091437640004, 70.85029051714, 89.10719167804, 109.37531307594, 121.16124375624, 139.85429404234, 158.75509193554, 225.61031016864, 279.61768457254004, 308.06423747444006, 331.7797311863401, 360.0117686615401, 375.1643983013401, 422.0, 433.71491463899997, 461.3697862171, 478.4971626653, 486.34747590745997, 487.46916481264, 517.0, 545.5413118129, 562.0, 585.3035112376, 592.52226459258, 609.55312696068, 628.54785617698]
