Avion: 3      Iteracion: 9

Num Ruta: 12
Ingresos: 7200.0
Costos: 78.5641719874
Utilidad Ruta: 7121.43582801
Costo Reducido: 44404.0525495
Nodos: [103, 31, 76, 913]
q: [0, 6.0, -6.0, 0]
Q: [0, 6.0, 0.0, 0]
B: [0.0, 130.0, 143.3056140031, 182.0406405295]
