Avion: 1      Iteracion: 28

Num Ruta: 26
Ingresos: 28800.0
Costos: 88.8965965542
Utilidad Ruta: 28711.1034034
Costo Reducido: 30.1615832557
Nodos: [101, 36, 81, 29, 74, 911]
q: [0, 15.0, -15.0, 9.0, -9.0, 0]
Q: [0, 15.0, 0.0, 9.0, 0.0, 0]
B: [0.0, 251.0, 257.94814406874, 549.0, 582.7797797802, 599.1597614957]
