Avion: 2      Iteracion: 22

Num Ruta: 25
Ingresos: 54000.0
Costos: 191.169137016
Utilidad Ruta: 53808.830863
Costo Reducido: 114.243016759
Nodos: [102, 36, 81, 34, 79, 28, 73, 20, 65, 912]
q: [0, 15.0, -15.0, 12.0, -12.0, 8.0, -8.0, 10.0, -10.0, 0]
Q: [0, 15.0, 0.0, 12.0, 0.0, 8.0, 0.0, 10.0, 0.0, 0]
B: [0.0, 251.0, 257.94814406874, 283.0, 323.947598037, 378.0, 414.0266187839, 496.0, 538.1771424471, 559.7693628285]
