Avion: 1      Iteracion: 24

Num Ruta: 22
Ingresos: 39600.0
Costos: 151.798777323
Utilidad Ruta: 39448.2012227
Costo Reducido: 112.205809111
Nodos: [101, 23, 68, 13, 58, 38, 83, 911]
q: [0, 10.0, -10.0, 15.0, -15.0, 8.0, -8.0, 0]
Q: [0, 10.0, 0.0, 15.0, 0.0, 8.0, 0.0, 0]
B: [0.0, 267.0, 306.733842905, 423.0, 439.88315095, 480.0, 512.8688866407, 533.6923205794]
