Avion: 2      Iteracion: 13

Num Ruta: 16
Ingresos: 78000.0
Costos: 349.319567078
Utilidad Ruta: 77650.6804329
Costo Reducido: 106734.712292
Nodos: [102, 44, 89, 35, 80, 26, 71, 32, 77, 15, 60, 2, 33, 47, 78, 912]
q: [0.0, 14.0, -14.0, 6.0, -6.0, 13.0, -13.0, 6.0, -6.0, 11.0, -11.0, 9.0, 6.0, -9.0, -6.0, 0.0]
Q: [0.0, 14.0, 0.0, 6.0, 0.0, 13.0, 0.0, 6.0, 0.0, 11.0, 0.0, 9.0, 15.0, 6.0, 0.0, 0.0]
B: [0.0, 211.0, 265.00737440390003, 285.42358781380005, 305.33647120620003, 314.62947658659004, 332.20870455599004, 422.0, 449.8573558149, 511.0, 527.4211666151, 559.6457299481, 573.4313308781, 611.8722630468, 630.3910470781999, 651.9267334150999]
