Avion: 4      Iteracion: 4

Num Ruta: 8
Ingresos: 165600.0
Costos: 624.300395514
Utilidad Ruta: 164975.699604
Costo Reducido: 227598.30505
Nodos: [104, 16, 61, 24, 69, 10, 55, 11, 56, 44, 89, 35, 26, 80, 71, 22, 67, 28, 32, 73, 25, 70, 77, 15, 60, 4, 27, 49, 2, 72, 47, 914]
q: [0.0, 11.0, -11.0, 14.0, -14.0, 12.0, -12.0, 8.0, -8.0, 14.0, -14.0, 2.0, 13.0, -2.0, -13.0, 10.0, -10.0, 8.0, 6.0, -8.0, 9.0, -9.0, -6.0, 11.0, -11.0, 5.0, 6.0, -5.0, 9.0, -6.0, -9.0, 0.0]
Q: [0.0, 11.0, 0.0, 14.0, 0.0, 12.0, 0.0, 8.0, 0.0, 14.0, 0.0, 2.0, 15.0, 13.0, 0.0, 10.0, 0.0, 8.0, 14.0, 6.0, 15.0, 6.0, 0.0, 11.0, 0.0, 5.0, 11.0, 6.0, 15.0, 9.0, 0.0, 0.0]
B: [0.0, 36.0, 45.624091437640004, 70.85029051714, 109.36324081964, 121.14917149994, 150.66868223434, 203.30689881694, 207.36096566395, 219.03826612255, 273.04564052645003, 293.46185393635005, 304.08906852905005, 313.38207390944007, 323.2038896784301, 336.8380703285301, 358.5927564674301, 401.6439201683301, 435.68999449413013, 459.1451030208301, 462.4784816371901, 479.6634639472901, 490.6485322219901, 513.9439717756901, 530.3651383907901, 535.9398176640801, 553.5545922013802, 569.9054047805802, 579.3598712911802, 590.8119443785802, 620.1524747248802, 643.7595016448802]
