Avion: 3      Iteracion: 17

Num Ruta: 20
Ingresos: 82800.0
Costos: 272.213388007
Utilidad Ruta: 82527.786612
Costo Reducido: 185.012568071
Nodos: [103, 22, 67, 8, 53, 13, 58, 6, 51, 41, 86, 38, 83, 33, 78, 913]
q: [0, 10.0, -10.0, 8.0, -8.0, 15.0, -15.0, 5.0, -5.0, 13.0, -13.0, 8.0, -8.0, 10.0, -10.0, 0]
Q: [0, 10.0, 0.0, 8.0, 0.0, 15.0, 0.0, 5.0, 0.0, 13.0, 0.0, 8.0, 0.0, 10.0, 0.0, 0]
B: [0.0, 299.0, 320.7546861389, 414.0, 434.768396616, 436.97907275691, 453.86222370691, 478.08517233011, 481.7774617283, 500.8941816352, 520.9353019881, 532.7895343546, 565.6584209953, 582.3016214387001, 605.6051326763001, 624.4438714876001]
