Avion: 4      Iteracion: 64

Num Ruta: 54
Ingresos: 55200.0
Costos: 177.145081216
Utilidad Ruta: 55022.8549188
Costo Reducido: 11.9716465714
Nodos: [104, 12, 57, 10, 55, 35, 26, 80, 71, 6, 51, 914]
q: [0.0, 14.0, -14.0, 12.0, -12.0, 6.0, 9.0, -6.0, -9.0, 5.0, -5.0, 0.0]
Q: [0.0, 14.0, 0.0, 12.0, 0.0, 6.0, 15.0, 9.0, 0.0, 5.0, 0.0, 0.0]
B: [0.0, 54.0, 97.347924264, 106.06569462115, 135.58520535555, 279.0, 300.0, 309.29300538039, 319.11482114938, 436.0, 439.69228939819, 464.17121637629]
