Avion: 4      Iteracion: 0

Num Ruta: 2
Ingresos: 177600.0
Costos: 591.744809979
Utilidad Ruta: 177008.25519
Costo Reducido: -
Nodos: [104, 17, 62, 40, 85, 10, 55, 1, 11, 56, 46, 3, 48, 36, 81, 34, 79, 28, 45, 90, 73, 25, 70, 13, 58, 15, 60, 38, 83, 914]
q: [0.0, 5.0, -5.0, 15.0, -15.0, 12.0, -12.0, 7.0, 8.0, -8.0, -7.0, 15.0, -15.0, 15.0, -15.0, 12.0, -12.0, 4.0, 11.0, -11.0, -4.0, 10.0, -10.0, 15.0, -15.0, 11.0, -11.0, 8.0, -8.0, 0.0]
Q: [0.0, 5.0, 0.0, 15.0, 0.0, 12.0, 0.0, 7.0, 15.0, 7.0, 0.0, 15.0, 0.0, 15.0, 0.0, 12.0, 0.0, 4.0, 15.0, 4.0, 0.0, 10.0, 0.0, 15.0, 0.0, 11.0, 0.0, 8.0, 0.0, 0.0]
B: [0.0, 26.5094038032, 61.3519575845, 85.050928406, 117.6203701881, 134.801064266, 164.3205750004, 202.7399161712, 221.4207447663, 225.47481161331, 259.79054095131, 266.88709286051, 271.97137461903, 306.89083992133, 313.83898399007, 327.55873198337, 368.50633002037, 378.0, 411.1514906603, 420.34311429272, 444.27318652412, 447.60656514048, 464.79154745057997, 480.79260791547995, 497.67575886547996, 517.63278462088, 534.05395123598, 538.1412169479199, 571.0101035886199, 592.0582964089199]
