Avion: 7      Iteracion: 34

Num Ruta: 32
Ingresos: 96000.0
Costos: 267.13751717
Utilidad Ruta: 95732.8624828
Costo Reducido: 22.3357816833
Nodos: [107, 24, 69, 1, 46, 3, 48, 36, 81, 25, 70, 15, 60, 38, 83, 917]
q: [0, 14.0, -14.0, 7.0, -7.0, 15.0, -15.0, 15.0, -15.0, 10.0, -10.0, 11.0, -11.0, 8.0, -8.0, 0]
Q: [0, 14.0, 0.0, 7.0, 0.0, 15.0, 0.0, 15.0, 0.0, 10.0, 0.0, 11.0, 0.0, 8.0, 0.0, 0]
B: [0.0, 61.0, 99.5129503025, 175.0, 209.2400855285, 256.0, 261.08428175852, 296.00374706082, 302.95189112956, 410.0, 427.1849823101, 511.0, 527.4211666151, 531.5084323270399, 564.3773189677399, 592.8525125579399]
