Avion: 1      Iteracion: 26

Num Ruta: 24
Ingresos: 30000.0
Costos: 85.3008533411
Utilidad Ruta: 29914.6991467
Costo Reducido: 33.348532783
Nodos: [101, 16, 61, 24, 69, 911]
q: [0, 11.0, -11.0, 14.0, -14.0, 0]
Q: [0, 11.0, 0.0, 14.0, 0.0, 0]
B: [0.0, 36.0, 45.624091437640004, 70.85029051714, 109.36324081964, 115.98656279581]
