Avion: 5      Iteracion: 14

Num Ruta: 18
Ingresos: 146400.0
Costos: 557.14709506
Utilidad Ruta: 145842.852905
Costo Reducido: 58065.0587881
Nodos: [105, 17, 62, 30, 75, 10, 55, 31, 76, 3, 48, 26, 71, 28, 25, 73, 70, 41, 86, 38, 83, 29, 74, 37, 82, 915]
q: [0.0, 5.0, -5.0, 11.0, -11.0, 12.0, -12.0, 6.0, -6.0, 15.0, -15.0, 13.0, -13.0, 5.0, 10.0, -5.0, -10.0, 13.0, -13.0, 8.0, -8.0, 9.0, -9.0, 15.0, -15.0, 0.0]
Q: [0.0, 5.0, 0.0, 11.0, 0.0, 12.0, 0.0, 6.0, 0.0, 15.0, 0.0, 13.0, 0.0, 5.0, 15.0, 10.0, 0.0, 13.0, 0.0, 8.0, 0.0, 9.0, 0.0, 15.0, 0.0, 0.0]
B: [0.0, 24.0, 58.8425537813, 64.0, 82.7140226568, 101.4070729429, 130.92658367730002, 170.53473801450002, 183.84035201760003, 256.0, 261.08428175852, 300.0, 317.5792279694, 378.0, 414.5748134377, 417.90819205406, 435.21428080916, 466.56564538876, 486.60676574166, 498.46099810816, 531.32988474886, 565.72606040836, 599.50584018856, 618.78702531816, 639.5816787896599, 664.6468567263599]
