Avion: 1      Iteracion: 17

Num Ruta: 15
Ingresos: 67200.0
Costos: 287.389423
Utilidad Ruta: 66912.610577
Costo Reducido: 163.325622617
Nodos: [101, 16, 61, 1, 11, 56, 46, 8, 53, 6, 51, 38, 83, 2, 47, 911]
q: [0, 11.0, -11.0, 7.0, 8.0, -8.0, -7.0, 8.0, -8.0, 5.0, -5.0, 8.0, -8.0, 9.0, -9.0, 0]
Q: [0, 11.0, 0.0, 7.0, 15.0, 7.0, 0.0, 8.0, 0.0, 5.0, 0.0, 8.0, 0.0, 9.0, 0.0, 0]
B: [0.0, 36.0, 45.624091437640004, 175.0, 193.6808285951, 197.73489544211, 232.05062478011, 414.0, 434.768396616, 443.95906824543, 447.65135764362, 480.0, 512.8688866407, 542.7197601623, 583.4547222097, 599.4985288029]
