Avion: 3      Iteracion: 86

Num Ruta: 65
Ingresos: 141600.0
Costos: 389.608616598
Utilidad Ruta: 141210.391383
Costo Reducido: 26.0077177268
Nodos: [103, 17, 30, 62, 16, 61, 75, 14, 59, 3, 48, 23, 18, 63, 68, 22, 67, 19, 8, 64, 53, 6, 51, 41, 5, 50, 86, 21, 38, 66, 83, 913]
q: [0.0, 5.0, 10.0, -5.0, 5.0, -5.0, -10.0, 8.0, -8.0, 15.0, -15.0, 10.0, 5.0, -5.0, -10.0, 10.0, -10.0, 7.0, 8.0, -7.0, -8.0, 5.0, -5.0, 13.0, 2.0, -2.0, -13.0, 13.0, 2.0, -13.0, -2.0, 0.0]
Q: [0.0, 5.0, 15.0, 10.0, 15.0, 10.0, 0.0, 8.0, 0.0, 15.0, 0.0, 10.0, 15.0, 10.0, 0.0, 10.0, 0.0, 7.0, 15.0, 8.0, 0.0, 5.0, 0.0, 13.0, 15.0, 13.0, 0.0, 13.0, 15.0, 2.0, 0.0, 0.0]
B: [0.0, 24.0, 64.0, 67.14445448369, 72.47609381883, 82.10018525647, 84.97134181786, 112.76728247476, 124.78899424976, 256.0, 261.08428175852, 267.0, 293.0, 316.8182362487, 326.74376782137, 342.50019181287, 364.25487795177, 402.0, 425.1608815463, 443.1178409771, 446.04596016866, 455.23663179809, 458.92892119628, 478.04564110318, 486.45100510482, 487.57269401, 498.88921525110004, 516.7522722123, 523.57518515327, 558.05756553807, 565.12749410914, 575.09146947041]
