Avion: 7      Iteracion: 30

Num Ruta: 29
Ingresos: 116400.0
Costos: 303.154713054
Utilidad Ruta: 116096.845287
Costo Reducido: 66.0720698238
Nodos: [107, 30, 75, 24, 69, 1, 11, 56, 46, 3, 48, 45, 90, 25, 70, 15, 60, 7, 52, 917]
q: [0, 11.0, -11.0, 14.0, -14.0, 7.0, 8.0, -8.0, -7.0, 15.0, -15.0, 11.0, -11.0, 10.0, -10.0, 11.0, -11.0, 10.0, -10.0, 0]
Q: [0, 11.0, 0.0, 14.0, 0.0, 7.0, 15.0, 7.0, 0.0, 15.0, 0.0, 11.0, 0.0, 10.0, 0.0, 11.0, 0.0, 10.0, 0.0, 0]
B: [0.0, 64.0, 82.7140226568, 107.4479935471, 145.9609438496, 175.0, 193.6808285951, 197.73489544211, 232.05062478011, 256.0, 261.08428175852, 371.0, 380.19162363242, 410.0, 427.1849823101, 511.0, 527.4211666151, 538.3259061809999, 566.8672179938999, 573.5566664763999]
