Avion: 2      Iteracion: 4

Num Ruta: 7
Ingresos: 170400.0
Costos: 608.288684637
Utilidad Ruta: 169791.711315
Costo Reducido: 283775.752767
Nodos: [102, 16, 61, 30, 75, 24, 69, 1, 11, 56, 46, 36, 81, 3, 48, 23, 18, 68, 63, 8, 32, 19, 77, 53, 64, 41, 86, 2, 47, 29, 74, 912]
q: [0.0, 11.0, -11.0, 11.0, -11.0, 14.0, -14.0, 7.0, 8.0, -8.0, -7.0, 15.0, -15.0, 15.0, -15.0, 10.0, 5.0, -10.0, -5.0, 2.0, 6.0, 7.0, -6.0, -2.0, -7.0, 13.0, -13.0, 9.0, -9.0, 9.0, -9.0, 0.0]
Q: [0.0, 11.0, 0.0, 11.0, 0.0, 14.0, 0.0, 7.0, 15.0, 7.0, 0.0, 15.0, 0.0, 15.0, 0.0, 10.0, 15.0, 5.0, 0.0, 2.0, 8.0, 15.0, 9.0, 7.0, 0.0, 13.0, 0.0, 9.0, 0.0, 9.0, 0.0, 0.0]
B: [0.0, 36.0, 45.624091437640004, 64.0, 82.7140226568, 107.4479935471, 145.9609438496, 175.0, 193.6808285951, 197.73489544211, 232.05062478011, 265.99852841201, 272.94667248075, 309.92670982525, 315.01099158376996, 318.37347890716995, 338.55242905327, 363.99174046297, 373.91727203564, 414.0, 425.4468981388, 437.16181277780004, 464.81668435590007, 480.8657830845001, 483.79390227606007, 498.98491257816005, 519.0260329310601, 544.0143876988601, 584.7493497462601, 594.5540902833701, 628.3338700635701, 648.8809788869701]
