Avion: 2      Iteracion: 7

Num Ruta: 10
Ingresos: 181200.0
Costos: 589.135118026
Utilidad Ruta: 180610.864882
Costo Reducido: 281476.718162
Nodos: [102, 40, 85, 10, 55, 31, 11, 76, 56, 36, 81, 23, 68, 26, 71, 25, 70, 39, 84, 5, 50, 41, 86, 7, 52, 33, 78, 29, 74, 912]
q: [0, 15.0, -15.0, 12.0, -12.0, 6.0, 8.0, -6.0, -8.0, 15.0, -15.0, 10.0, -10.0, 13.0, -13.0, 10.0, -10.0, 8.0, -8.0, 12.0, -12.0, 13.0, -13.0, 10.0, -10.0, 10.0, -10.0, 9.0, -9.0, 0]
Q: [0, 15.0, 0.0, 12.0, 0.0, 6.0, 14.0, 8.0, 0.0, 15.0, 0.0, 10.0, 0.0, 13.0, 0.0, 10.0, 0.0, 8.0, 0.0, 12.0, 0.0, 13.0, 0.0, 10.0, 0.0, 10.0, 0.0, 9.0, 0.0, 0]
B: [0.0, 62.0, 94.5694417821, 111.75013586, 141.2696465944, 180.8778009316, 194.0605301255, 194.539409024597, 198.233787592097, 251.0, 257.94814406874, 299.00676745044, 338.74061035544, 358.42698312954, 376.00621109894, 410.0, 427.1849823101, 446.3261919114, 468.9583793664, 481.5229140971, 482.64460300228, 491.47084081915, 511.51196117205, 521.9221193360501, 550.46343114895, 562.0, 585.3035112376, 603.6868304428, 637.466610223, 658.0137190464]
