Avion: 7      Iteracion: 24

Num Ruta: 24
Ingresos: 30000.0
Costos: 80.6243931491
Utilidad Ruta: 29919.3756069
Costo Reducido: 81.3156389849
Nodos: [107, 3, 48, 23, 68, 917]
q: [0, 15.0, -15.0, 10.0, -10.0, 0]
Q: [0, 15.0, 0.0, 10.0, 0.0, 0]
B: [0.0, 256.0, 261.08428175852, 267.0, 306.733842905, 331.1853915881]
