Avion: 3      Iteracion: 20

Num Ruta: 23
Ingresos: 86400.0
Costos: 342.238670945
Utilidad Ruta: 86057.7613291
Costo Reducido: 132.020450734
Nodos: [103, 17, 62, 12, 57, 10, 55, 3, 48, 8, 53, 2, 47, 29, 74, 913]
q: [0, 5.0, -5.0, 14.0, -14.0, 12.0, -12.0, 15.0, -15.0, 8.0, -8.0, 9.0, -9.0, 9.0, -9.0, 0]
Q: [0, 5.0, 0.0, 14.0, 0.0, 12.0, 0.0, 15.0, 0.0, 8.0, 0.0, 9.0, 0.0, 9.0, 0.0, 0]
B: [0.0, 24.0, 58.8425537813, 78.5512475229, 121.8991717869, 130.61694214405, 160.13645287845, 256.0, 261.08428175852, 414.0, 434.768396616, 522.0, 562.7349620474, 572.53970258451, 606.31948236471, 624.95664698271]
