Avion: 7      Iteracion: 27

Num Ruta: 26
Ingresos: 86400.0
Costos: 233.553211516
Utilidad Ruta: 86166.4467885
Costo Reducido: 71.1741914268
Nodos: [107, 24, 69, 1, 46, 45, 90, 5, 50, 41, 86, 20, 7, 52, 65, 917]
q: [0.0, 14.0, -14.0, 7.0, -7.0, 11.0, -11.0, 12.0, -12.0, 13.0, -13.0, 10.0, 5.0, -5.0, -10.0, 0.0]
Q: [0.0, 14.0, 0.0, 7.0, 0.0, 11.0, 0.0, 12.0, 0.0, 13.0, 0.0, 10.0, 15.0, 10.0, 0.0, 0.0]
B: [0.0, 61.0, 99.5129503025, 175.0, 209.2400855285, 371.0, 380.19162363242, 469.0, 470.12168890518, 478.94792672205, 498.98904707495, 512.51648752025, 521.25944194081, 549.80075375371, 562.7644382994099, 575.6450892923099]
