Avion: 3      Iteracion: 49

Num Ruta: 46
Ingresos: 55200.0
Costos: 169.916266613
Utilidad Ruta: 55030.0837334
Costo Reducido: 19.342450751
Nodos: [103, 28, 73, 25, 43, 70, 88, 15, 21, 60, 38, 83, 66, 913]
q: [0.0, 8.0, -8.0, 10.0, 5.0, -10.0, -5.0, 8.0, 7.0, -8.0, 8.0, -8.0, -7.0, 0.0]
Q: [0.0, 8.0, 0.0, 10.0, 15.0, 5.0, 0.0, 8.0, 15.0, 7.0, 15.0, 7.0, 0.0, 0.0]
B: [0.0, 378.0, 414.0266187839, 417.35999740026, 451.0, 464.0372215215, 471.78639754221, 511.0, 516.67223351071, 527.47150163401, 531.55876734595, 564.42765398665, 571.49758255772, 588.4877834100199]
