Avion: 4      Iteracion: 5

Num Ruta: 9
Ingresos: 174000.0
Costos: 629.485714109
Utilidad Ruta: 173370.514286
Costo Reducido: 401456.996345
Nodos: [104, 16, 61, 24, 69, 14, 59, 1, 46, 36, 81, 42, 22, 87, 67, 8, 45, 90, 53, 13, 58, 41, 5, 50, 86, 15, 7, 60, 52, 37, 82, 914]
q: [0.0, 11.0, -11.0, 14.0, -14.0, 8.0, -8.0, 7.0, -7.0, 15.0, -15.0, 5.0, 10.0, -5.0, -10.0, 8.0, 7.0, -7.0, -8.0, 15.0, -15.0, 3.0, 12.0, -12.0, -3.0, 5.0, 10.0, -5.0, -10.0, 15.0, -15.0, 0.0]
Q: [0.0, 11.0, 0.0, 14.0, 0.0, 8.0, 0.0, 7.0, 0.0, 15.0, 0.0, 5.0, 15.0, 10.0, 0.0, 8.0, 15.0, 8.0, 0.0, 15.0, 0.0, 3.0, 15.0, 3.0, 0.0, 5.0, 15.0, 10.0, 0.0, 15.0, 0.0, 0.0]
B: [0.0, 36.0, 45.624091437640004, 70.85029051714, 109.36324081964, 138.00961011834, 150.03132189334, 185.71305111153998, 219.95313664004, 253.90104027194, 260.84918434068, 285.35216807738, 306.33872151048, 336.97124450488, 377.28861200328004, 414.0, 417.40515271317, 426.59677634559, 450.39738247229, 452.6080586132, 469.4912095632, 504.29716085030003, 512.70252485194, 513.82421375712, 525.14073499822, 547.7306080611199, 561.4978722047199, 572.4026117706198, 595.8074964103198, 602.9803079232498, 623.7749613947499, 673.8623868027498]
