Avion: 2      Iteracion: 10

Num Ruta: 13
Ingresos: 64800.0
Costos: 263.309996996
Utilidad Ruta: 64536.690003
Costo Reducido: 75299.3620018
Nodos: [102, 16, 61, 35, 18, 80, 63, 21, 66, 37, 82, 912]
q: [0.0, 11.0, -11.0, 6.0, 9.0, -6.0, -9.0, 13.0, -13.0, 15.0, -15.0, 0.0]
Q: [0.0, 11.0, 0.0, 6.0, 15.0, 9.0, 0.0, 13.0, 0.0, 15.0, 0.0, 0.0]
B: [0.0, 36.0, 45.624091437640004, 279.0, 319.7947047789, 342.68555817059996, 363.40479486019996, 477.0, 517.7387906792, 562.0, 582.7946534714999, 599.6155152806]
