Avion: 4      Iteracion: 16

Num Ruta: 18
Ingresos: 86400.0
Costos: 402.712915111
Utilidad Ruta: 85997.2870849
Costo Reducido: 215.096640284
Nodos: [104, 17, 62, 12, 57, 31, 11, 76, 56, 44, 42, 89, 87, 2, 27, 72, 47, 29, 74, 914]
q: [0.0, 5.0, -5.0, 14.0, -14.0, 6.0, 8.0, -6.0, -8.0, 10.0, 5.0, -10.0, -5.0, 9.0, 6.0, -6.0, -9.0, 9.0, -9.0, 0.0]
Q: [0.0, 5.0, 0.0, 14.0, 0.0, 6.0, 14.0, 8.0, 0.0, 10.0, 15.0, 5.0, 0.0, 9.0, 15.0, 9.0, 0.0, 9.0, 0.0, 0.0]
B: [0.0, 26.5094038032, 61.3519575845, 81.0606513261, 124.4085755901, 145.3259089766, 169.0, 169.478878899097, 173.173257466597, 211.0, 239.0, 276.4881823646, 294.1162889277, 522.0, 547.7839683718, 564.8148307399, 594.1553610862, 603.9601016233099, 637.7398814035099, 662.5483094271099]
