Avion: 4      Iteracion: 96

Num Ruta: 67
Ingresos: 151200.0
Costos: 490.667619125
Utilidad Ruta: 150709.332381
Costo Reducido: 3.65737701184
Nodos: [104, 30, 16, 61, 75, 24, 69, 31, 11, 76, 56, 44, 42, 89, 87, 26, 71, 22, 67, 32, 25, 70, 77, 20, 38, 83, 27, 65, 2, 72, 47, 914]
q: [0.0, 11.0, 4.0, -4.0, -11.0, 14.0, -14.0, 6.0, 8.0, -6.0, -8.0, 10.0, 5.0, -10.0, -5.0, 13.0, -13.0, 10.0, -10.0, 6.0, 9.0, -9.0, -6.0, 7.0, 8.0, -8.0, 6.0, -7.0, 9.0, -6.0, -9.0, 0.0]
Q: [0.0, 11.0, 15.0, 11.0, 0.0, 14.0, 0.0, 6.0, 14.0, 8.0, 0.0, 10.0, 15.0, 5.0, 0.0, 13.0, 0.0, 10.0, 0.0, 6.0, 15.0, 6.0, 0.0, 7.0, 15.0, 7.0, 13.0, 6.0, 15.0, 9.0, 0.0, 0.0]
B: [0.0, 64.0, 72.20259129788, 81.82668273552001, 84.69783929691, 109.43181018721, 147.94476048971, 159.22911824721, 172.41184744111, 172.890726340207, 176.585104907707, 211.0, 239.0, 276.4881823646, 294.1162889277, 301.01176751878, 318.59099548818, 332.22517613828, 353.97986227718, 422.0, 442.6664482919, 459.851430602, 470.8364988767, 496.0, 498.08106943661, 530.9499560773099, 542.48568340591, 568.78644675981, 576.11674402527, 587.56881711267, 616.9093474589699, 640.5163743789699]
