Avion: 6      Iteracion: 24

Num Ruta: 27
Ingresos: 129600.0
Costos: 449.9059167
Utilidad Ruta: 129150.094083
Costo Reducido: 310.362471904
Nodos: [106, 24, 12, 57, 69, 11, 56, 42, 3, 48, 23, 68, 35, 87, 26, 80, 71, 43, 25, 70, 88, 20, 38, 83, 27, 65, 2, 72, 47, 916]
q: [0.0, 1.0, 14.0, -14.0, -1.0, 8.0, -8.0, 5.0, 10.0, -10.0, 10.0, -10.0, 6.0, -5.0, 9.0, -6.0, -9.0, 5.0, 10.0, -10.0, -5.0, 7.0, 8.0, -8.0, 6.0, -7.0, 9.0, -6.0, -9.0, 0.0]
Q: [0.0, 1.0, 15.0, 1.0, 0.0, 8.0, 0.0, 5.0, 15.0, 5.0, 15.0, 5.0, 11.0, 6.0, 15.0, 9.0, 0.0, 5.0, 15.0, 5.0, 0.0, 7.0, 15.0, 7.0, 13.0, 6.0, 15.0, 9.0, 0.0, 0.0]
B: [0.0, 61.0, 77.84782742670001, 121.1957516907, 137.1279892611, 169.0, 173.05406684701, 239.0, 257.4606418632, 262.54492362172, 267.0, 306.733842905, 336.2538785588, 340.31032836128, 347.20580695236004, 356.49881233275005, 366.32062810174006, 451.0, 465.0611587716, 482.2461410817, 489.99531710241, 498.93554618225, 501.01661561886, 533.88550225956, 545.42122958816, 571.7219929420601, 579.0522902075201, 590.50436329492, 619.8448936412201, 633.6935840125201]
