Avion: 7      Iteracion: 11

Num Ruta: 13
Ingresos: 21600.0
Costos: 136.775253475
Utilidad Ruta: 21463.2247465
Costo Reducido: 42166.0930683
Nodos: [107, 6, 51, 21, 66, 917]
q: [0, 5.0, -5.0, 13.0, -13.0, 0]
Q: [0, 5.0, 0.0, 13.0, 0.0, 0]
B: [0.0, 436.0, 439.69228939819, 477.0, 517.7387906792, 541.3241163711999]
