Avion: 6      Iteracion: 70

Num Ruta: 65
Ingresos: 100800.0
Costos: 201.521023122
Utilidad Ruta: 100598.478977
Costo Reducido: 1.03778926055
Nodos: [106, 24, 69, 31, 11, 76, 56, 36, 81, 15, 60, 7, 4, 52, 49, 37, 82, 916]
q: [0, 14.0, -14.0, 6.0, 8.0, -6.0, -8.0, 15.0, -15.0, 11.0, -11.0, 10.0, 5.0, -10.0, -5.0, 15.0, -15.0, 0]
Q: [0, 14.0, 0.0, 6.0, 14.0, 8.0, 0.0, 15.0, 0.0, 11.0, 0.0, 10.0, 15.0, 5.0, 0.0, 15.0, 0.0, 0]
B: [0.0, 61.0, 99.5129503025, 130.0, 169.0, 169.478878899097, 173.173257466597, 251.0, 257.94814406874, 511.0, 527.4211666151, 538.3259061809999, 548.6892794734999, 567.9616404602, 569.12201453781, 576.1863866259699, 596.98104009747, 618.28039259937]
