Avion: 4      Iteracion: 55

Num Ruta: 48
Ingresos: 111600.0
Costos: 376.761770693
Utilidad Ruta: 111223.238229
Costo Reducido: 11.3639785331
Nodos: [104, 31, 11, 76, 56, 44, 42, 89, 87, 26, 71, 22, 67, 19, 43, 32, 64, 77, 88, 15, 60, 20, 7, 52, 65, 914]
q: [0.0, 6.0, 8.0, -6.0, -8.0, 10.0, 5.0, -10.0, -5.0, 13.0, -13.0, 10.0, -10.0, 7.0, 2.0, 6.0, -7.0, -6.0, -2.0, 11.0, -11.0, 10.0, 5.0, -5.0, -10.0, 0.0]
Q: [0.0, 6.0, 14.0, 8.0, 0.0, 10.0, 15.0, 5.0, 0.0, 13.0, 0.0, 10.0, 0.0, 7.0, 9.0, 15.0, 8.0, 2.0, 0.0, 11.0, 0.0, 10.0, 15.0, 10.0, 0.0, 0.0]
B: [0.0, 130.0, 169.0, 169.478878899097, 173.173257466597, 211.0, 239.0, 276.4881823646, 294.1162889277, 301.01176751878, 318.59099548818, 332.22517613828, 353.97986227718, 402.0, 451.0, 458.21283557278, 477.78530626508, 494.91268271328, 508.71163752878, 518.96464577028, 535.38581238538, 541.5196644377199, 550.2626188582799, 578.8039306711798, 591.7676152168798, 635.6592197101797]
