Avion: 4      Iteracion: 18

Num Ruta: 20
Ingresos: 100800.0
Costos: 390.047171127
Utilidad Ruta: 100409.952829
Costo Reducido: 120.674591621
Nodos: [104, 9, 54, 40, 85, 10, 55, 18, 63, 39, 84, 5, 50, 7, 27, 72, 52, 914]
q: [0.0, 11.0, -11.0, 15.0, -15.0, 12.0, -12.0, 11.0, -11.0, 8.0, -8.0, 12.0, -12.0, 9.0, 6.0, -6.0, -9.0, 0.0]
Q: [0.0, 11.0, 0.0, 15.0, 0.0, 12.0, 0.0, 11.0, 0.0, 8.0, 0.0, 12.0, 0.0, 9.0, 15.0, 9.0, 0.0, 0.0]
B: [0.0, 34.2318085996, 63.7590456021, 92.7178405529, 125.287282335, 142.4679764129, 171.9874871473, 293.0, 316.8182362487, 388.0, 410.632187455, 469.0, 470.12168890518, 517.0, 544.6633233723, 561.6941857404, 566.09410630786, 599.36216176656]
