Avion: 4      Iteracion: 58

Num Ruta: 50
Ingresos: 78000.0
Costos: 276.381855521
Utilidad Ruta: 77723.6181445
Costo Reducido: 11.1368686286
Nodos: [104, 31, 11, 76, 56, 44, 42, 89, 87, 26, 71, 6, 51, 2, 47, 29, 74, 914]
q: [0.0, 6.0, 8.0, -6.0, -8.0, 10.0, 5.0, -10.0, -5.0, 13.0, -13.0, 5.0, -5.0, 9.0, -9.0, 9.0, -9.0, 0.0]
Q: [0.0, 6.0, 14.0, 8.0, 0.0, 10.0, 15.0, 5.0, 0.0, 13.0, 0.0, 5.0, 0.0, 9.0, 0.0, 9.0, 0.0, 0.0]
B: [0.0, 130.0, 169.0, 169.478878899097, 173.173257466597, 211.0, 239.0, 276.4881823646, 294.1162889277, 301.01176751878, 318.59099548818, 436.0, 439.69228939819, 522.0, 562.7349620474, 572.53970258451, 606.31948236471, 631.1279103883099]
