Avion: 1      Iteracion: 21

Num Ruta: 19
Ingresos: 36000.0
Costos: 121.070399479
Utilidad Ruta: 35878.9296005
Costo Reducido: 80.482764356
Nodos: [101, 16, 61, 2, 47, 7, 52, 911]
q: [0, 11.0, -11.0, 9.0, -9.0, 10.0, -10.0, 0]
Q: [0, 11.0, 0.0, 9.0, 0.0, 10.0, 0.0, 0]
B: [0.0, 36.0, 45.624091437640004, 522.0, 562.7349620474, 574.2416881674001, 602.7829999803, 620.7480077454001]
