Avion: 2      Iteracion: 0

Num Ruta: 1
Ingresos: 82800.0
Costos: 308.607474717
Utilidad Ruta: 82491.3925253
Costo Reducido: -
Nodos: [102, 31, 76, 44, 89, 23, 68, 5, 50, 41, 86, 4, 49, 2, 47, 912]
q: [0, 6.0, -6.0, 14.0, -14.0, 10.0, -10.0, 12.0, -12.0, 13.0, -13.0, 5.0, -5.0, 9.0, -9.0, 0]
Q: [0, 6.0, 0.0, 14.0, 0.0, 10.0, 0.0, 12.0, 0.0, 13.0, 0.0, 5.0, 0.0, 9.0, 0.0, 0]
B: [0.0, 130.0, 143.3056140031, 211.0, 265.00737440390003, 285.83796549010003, 325.57180839510005, 469.0, 470.12168890518, 478.94792672205, 498.98904707495, 529.0, 549.4257496801999, 558.8802161908, 599.6151782382, 625.5460219575999]
