Avion: 1      Iteracion: 55

Num Ruta: 47
Ingresos: 54000.0
Costos: 144.615321426
Utilidad Ruta: 53855.3846786
Costo Reducido: 19.5478933951
Nodos: [101, 16, 61, 18, 63, 39, 84, 6, 51, 33, 78, 911]
q: [0, 11.0, -11.0, 11.0, -11.0, 8.0, -8.0, 5.0, -5.0, 10.0, -10.0, 0]
Q: [0, 11.0, 0.0, 11.0, 0.0, 8.0, 0.0, 5.0, 0.0, 10.0, 0.0, 0]
B: [0.0, 36.0, 45.624091437640004, 293.0, 316.8182362487, 388.0, 410.632187455, 436.0, 439.69228939819, 562.0, 585.3035112376, 590.98027404751]
