Avion: 1      Iteracion: 15

Num Ruta: 13
Ingresos: 46800.0
Costos: 175.849491416
Utilidad Ruta: 46624.1505086
Costo Reducido: 389.181687159
Nodos: [101, 24, 69, 45, 90, 43, 88, 29, 74, 911]
q: [0, 14.0, -14.0, 11.0, -11.0, 5.0, -5.0, 9.0, -9.0, 0]
Q: [0, 14.0, 0.0, 11.0, 0.0, 5.0, 0.0, 9.0, 0.0, 0]
B: [0.0, 61.0, 99.5129503025, 371.0, 380.19162363242, 451.0, 468.262321107, 549.0, 582.7797797802, 599.1597614957]
