Avion: 6      Iteracion: 3

Num Ruta: 7
Ingresos: 196800.0
Costos: 568.151158413
Utilidad Ruta: 196231.848842
Costo Reducido: 505737.265889
Nodos: [106, 40, 85, 30, 75, 14, 59, 1, 46, 3, 48, 18, 36, 81, 63, 26, 71, 8, 45, 90, 32, 19, 77, 53, 64, 41, 86, 15, 60, 7, 4, 52, 49, 37, 82, 916]
q: [0.0, 15.0, -15.0, 11.0, -11.0, 8.0, -8.0, 7.0, -7.0, 15.0, -15.0, 11.0, 4.0, -4.0, -11.0, 13.0, -13.0, 2.0, 11.0, -11.0, 6.0, 7.0, -6.0, -2.0, -7.0, 13.0, -13.0, 11.0, -11.0, 10.0, 5.0, -10.0, -5.0, 15.0, -15.0, 0.0]
Q: [0.0, 15.0, 0.0, 11.0, 0.0, 8.0, 0.0, 7.0, 0.0, 15.0, 0.0, 11.0, 15.0, 11.0, 0.0, 13.0, 0.0, 2.0, 13.0, 2.0, 8.0, 15.0, 9.0, 7.0, 0.0, 13.0, 0.0, 11.0, 0.0, 10.0, 15.0, 5.0, 0.0, 15.0, 0.0, 0.0]
B: [0.0, 62.0, 94.5694417821, 113.51249206450001, 132.22651472130002, 160.02245537820002, 172.04416715320002, 207.7258963714, 241.96598189990002, 256.0, 261.08428175852, 293.0, 306.9670306436, 313.91517471234005, 328.64583746054006, 357.64735428294006, 375.22658225234005, 414.0, 417.40515271317, 426.59677634559, 428.13238729892, 439.84730193791995, 467.50217351602, 483.55127224462, 486.47939143618, 501.67040173827996, 521.71152209118, 544.30139515408, 560.72256176918, 571.6273013350799, 581.9906746275799, 601.2630356142799, 602.4234096918899, 609.4877817800499, 630.2824352515499, 651.5817877534499]
