Avion: 6      Iteracion: 64

Num Ruta: 62
Ingresos: 133200.0
Costos: 418.406406751
Utilidad Ruta: 132781.593593
Costo Reducido: 4.93401806155
Nodos: [106, 40, 85, 14, 59, 3, 48, 23, 42, 87, 26, 71, 68, 28, 73, 25, 43, 70, 88, 20, 38, 83, 27, 65, 2, 72, 47, 916]
q: [0.0, 15.0, -15.0, 8.0, -8.0, 15.0, -15.0, 10.0, 5.0, -5.0, 5.0, -5.0, -10.0, 8.0, -8.0, 10.0, 5.0, -10.0, -5.0, 9.0, 6.0, -6.0, 6.0, -9.0, 9.0, -6.0, -9.0, 0.0]
Q: [0.0, 15.0, 0.0, 8.0, 0.0, 15.0, 0.0, 10.0, 15.0, 10.0, 15.0, 10.0, 0.0, 8.0, 0.0, 10.0, 15.0, 5.0, 0.0, 9.0, 15.0, 9.0, 15.0, 6.0, 15.0, 9.0, 0.0, 0.0]
B: [0.0, 62.0, 94.5694417821, 123.1478437143, 135.1695554893, 256.0, 261.08428175852, 267.0, 289.6110683074, 337.6609029585, 344.55638154958, 362.13560951898, 365.20268190156, 378.0, 414.0266187839, 417.35999740026, 451.0, 464.0372215215, 471.78639754221, 496.0, 498.08106943661, 530.9499560773099, 542.48568340591, 568.78644675981, 576.11674402527, 587.56881711267, 616.9093474589699, 630.7580378302699]
