Avion: 4      Iteracion: 9

Num Ruta: 13
Ingresos: 151200.0
Costos: 573.306724853
Utilidad Ruta: 150626.693275
Costo Reducido: 190031.642099
Nodos: [104, 9, 54, 30, 75, 10, 55, 31, 11, 76, 56, 42, 23, 80, 26, 87, 35, 68, 71, 45, 90, 13, 58, 43, 20, 88, 7, 52, 65, 27, 72, 914]
q: [0.0, 11.0, -11.0, 11.0, -11.0, 12.0, -12.0, 6.0, 8.0, -6.0, -8.0, 5.0, 10.0, -6.0, 5.0, -5.0, 6.0, -10.0, -5.0, 11.0, -11.0, 15.0, -15.0, 5.0, 5.0, -5.0, 10.0, -10.0, -5.0, 6.0, -6.0, 0.0]
Q: [0.0, 11.0, 0.0, 11.0, 0.0, 12.0, 0.0, 6.0, 14.0, 8.0, 0.0, 5.0, 15.0, 9.0, 14.0, 9.0, 15.0, 5.0, 0.0, 11.0, 0.0, 15.0, 0.0, 5.0, 10.0, 5.0, 15.0, 5.0, 0.0, 6.0, 0.0, 0.0]
B: [0.0, 34.2318085996, 63.7590456021, 79.5469459375, 98.2609685943, 116.9540188804, 146.4735296148, 186.081683952, 199.2644131459, 199.743292044997, 203.437670612497, 239.0, 267.0, 298.0, 307.29300538039, 314.18848397147, 318.24493377395004, 347.76496942775003, 350.83204181033005, 374.35819423693005, 383.54981786935, 423.0, 439.88315095, 462.0954705272, 496.0, 504.94022907984, 522.24231508124, 550.78362689414, 563.7473114398399, 590.0480747937399, 607.0789371618399, 640.6911284769399]
