Avion: 1      Iteracion: 10

Num Ruta: 9
Ingresos: 58800.0
Costos: 218.423697041
Utilidad Ruta: 58581.576303
Costo Reducido: 73970.3985095
Nodos: [101, 16, 61, 21, 66, 7, 52, 37, 82, 911]
q: [0, 11.0, -11.0, 13.0, -13.0, 10.0, -10.0, 15.0, -15.0, 0]
Q: [0, 11.0, 0.0, 13.0, 0.0, 10.0, 0.0, 15.0, 0.0, 0]
B: [0.0, 36.0, 45.624091437640004, 477.0, 517.7387906792, 557.2683688328, 585.8096806456999, 592.98249215863, 613.77714563013, 645.55472316523]
