Avion: 1      Iteracion: 44

Num Ruta: 38
Ingresos: 40800.0
Costos: 125.048593043
Utilidad Ruta: 40674.951407
Costo Reducido: 3.46281420394
Nodos: [101, 18, 63, 39, 84, 6, 51, 33, 78, 911]
q: [0, 11.0, -11.0, 8.0, -8.0, 5.0, -5.0, 10.0, -10.0, 0]
Q: [0, 11.0, 0.0, 8.0, 0.0, 5.0, 0.0, 10.0, 0.0, 0]
B: [0.0, 293.0, 316.8182362487, 388.0, 410.632187455, 436.0, 439.69228939819, 562.0, 585.3035112376, 590.98027404751]
