Avion: 6      Iteracion: 81

Num Ruta: 71
Ingresos: 141600.0
Costos: 358.615826952
Utilidad Ruta: 141241.384173
Costo Reducido: 31.9195373874
Nodos: [106, 40, 85, 14, 59, 18, 36, 81, 34, 63, 79, 39, 84, 6, 51, 5, 50, 41, 86, 7, 4, 52, 49, 37, 82, 916]
q: [0.0, 15.0, -15.0, 8.0, -8.0, 3.0, 12.0, -12.0, 12.0, -3.0, -12.0, 8.0, -8.0, 5.0, -5.0, 12.0, -12.0, 13.0, -13.0, 10.0, 5.0, -10.0, -5.0, 15.0, -15.0, 0.0]
Q: [0.0, 15.0, 0.0, 8.0, 0.0, 3.0, 15.0, 3.0, 15.0, 12.0, 0.0, 8.0, 0.0, 5.0, 0.0, 12.0, 0.0, 13.0, 0.0, 10.0, 15.0, 5.0, 0.0, 15.0, 0.0, 0.0]
B: [0.0, 62.0, 94.5694417821, 123.1478437143, 135.1695554893, 293.0, 306.9670306436, 313.91517471234005, 327.63492270564007, 355.86696018084007, 371.0195898206401, 388.0, 410.632187455, 436.0, 439.69228939819, 469.0, 470.12168890518, 478.94792672205, 498.98904707495, 517.0, 529.0, 548.2723609867, 549.43273506431, 562.0, 582.7946534714999, 604.0940059733999]
