Avion: 6      Iteracion: 4

Num Ruta: 8
Ingresos: 129600.0
Costos: 498.376807659
Utilidad Ruta: 129101.623192
Costo Reducido: 141415.378694
Nodos: [106, 30, 75, 10, 55, 44, 89, 35, 80, 22, 67, 19, 25, 70, 64, 41, 86, 43, 88, 15, 60, 4, 27, 49, 72, 916]
q: [0.0, 11.0, -11.0, 12.0, -12.0, 14.0, -14.0, 6.0, -6.0, 10.0, -10.0, 7.0, 8.0, -8.0, -7.0, 13.0, -13.0, 5.0, -5.0, 11.0, -11.0, 5.0, 6.0, -5.0, -6.0, 0.0]
Q: [0.0, 11.0, 0.0, 12.0, 0.0, 14.0, 0.0, 6.0, 0.0, 10.0, 0.0, 7.0, 15.0, 7.0, 0.0, 13.0, 0.0, 5.0, 0.0, 11.0, 0.0, 5.0, 11.0, 6.0, 0.0, 0.0]
B: [0.0, 64.0, 82.7140226568, 101.4070729429, 130.92658367730002, 211.0, 265.00737440390003, 285.42358781380005, 305.33647120620003, 320.4507258355, 342.2054119744, 402.0, 411.3920072402, 428.57698955029997, 445.3638459862, 460.55485628829996, 480.59597664119997, 490.9621219711, 508.22444307809997, 518.4774513195999, 534.8986179346999, 540.47329720799, 558.08807174529, 574.43888432449, 579.85414285941, 601.58285124261]
