Avion: 6      Iteracion: 11

Num Ruta: 15
Ingresos: 94800.0
Costos: 297.217137034
Utilidad Ruta: 94502.782863
Costo Reducido: 133563.387159
Nodos: [106, 9, 54, 34, 79, 28, 73, 19, 6, 51, 64, 5, 50, 41, 86, 15, 60, 916]
q: [0, 11.0, -11.0, 12.0, -12.0, 8.0, -8.0, 7.0, 5.0, -5.0, -7.0, 12.0, -12.0, 13.0, -13.0, 11.0, -11.0, 0]
Q: [0, 11.0, 0.0, 12.0, 0.0, 8.0, 0.0, 7.0, 12.0, 7.0, 0.0, 12.0, 0.0, 13.0, 0.0, 11.0, 0.0, 0]
B: [0.0, 28.0, 57.5272370025, 283.0, 323.947598037, 378.0, 414.0266187839, 426.5624120576, 464.6028479778, 468.29513737599, 483.77809013059, 491.62840337275, 492.75009227793, 501.57633009479997, 521.6174504477, 544.2073235106, 560.6284901257, 571.6128588375999]
