Avion: 3      Iteracion: 56

Num Ruta: 51
Ingresos: 70800.0
Costos: 277.281115437
Utilidad Ruta: 70522.7188846
Costo Reducido: 26.8594646144
Nodos: [103, 17, 16, 61, 62, 12, 57, 10, 55, 2, 47, 29, 74, 913]
q: [0.0, 5.0, 10.0, -10.0, -5.0, 14.0, -14.0, 12.0, -12.0, 9.0, -9.0, 9.0, -9.0, 0.0]
Q: [0.0, 5.0, 15.0, 5.0, 0.0, 14.0, 0.0, 12.0, 0.0, 9.0, 0.0, 9.0, 0.0, 0.0]
B: [0.0, 24.0, 58.8014769802, 68.42556841784, 83.07333718993999, 102.78203093153999, 146.12995519554, 154.84772555268998, 184.36723628708998, 522.0, 562.7349620474, 572.53970258451, 606.31948236471, 624.95664698271]
