Avion: 6      Iteracion: 27

Num Ruta: 30
Ingresos: 180000.0
Costos: 552.601945186
Utilidad Ruta: 179447.398055
Costo Reducido: 148.56024177
Nodos: [106, 24, 69, 10, 55, 1, 42, 46, 23, 87, 26, 68, 71, 22, 67, 45, 90, 19, 8, 64, 53, 5, 50, 41, 86, 15, 60, 20, 7, 52, 65, 33, 78, 916]
q: [0.0, 14.0, -14.0, 12.0, -12.0, 7.0, 5.0, -7.0, 10.0, -5.0, 5.0, -10.0, -5.0, 10.0, -10.0, 11.0, -11.0, 7.0, 8.0, -7.0, -8.0, 12.0, -12.0, 13.0, -13.0, 11.0, -11.0, 10.0, 5.0, -5.0, -10.0, 10.0, -10.0, 0.0]
Q: [0.0, 14.0, 0.0, 12.0, 0.0, 7.0, 12.0, 5.0, 15.0, 10.0, 15.0, 5.0, 0.0, 10.0, 0.0, 11.0, 0.0, 7.0, 15.0, 8.0, 0.0, 12.0, 0.0, 13.0, 0.0, 11.0, 0.0, 10.0, 15.0, 10.0, 0.0, 10.0, 0.0, 0.0]
B: [0.0, 61.0, 99.5129503025, 111.2988809828, 140.8183917172, 179.237732888, 239.0, 264.0626014013, 268.8931248719, 305.908763729, 312.80424232008, 332.49061509418, 335.55768747676, 349.19186812686, 370.94655426576, 382.70922849406, 391.90085212648, 403.74270637318, 426.90358791948, 444.86054735028, 447.78866654184, 469.0, 470.12168890518, 478.94792672205, 498.98904707495, 521.57892013785, 538.00008675295, 544.13393880529, 552.8768932258499, 581.4182050387499, 594.3818895844498, 605.2036889265498, 628.5072001641498, 651.3349737962499]
