Avion: 4      Iteracion: 21

Num Ruta: 23
Ingresos: 128400.0
Costos: 349.647649901
Utilidad Ruta: 128050.35235
Costo Reducido: 226.023003036
Nodos: [104, 30, 16, 75, 61, 40, 85, 26, 71, 22, 67, 45, 90, 32, 8, 53, 13, 77, 58, 38, 43, 88, 21, 66, 83, 914]
q: [0.0, 4.0, 11.0, -4.0, -11.0, 15.0, -15.0, 13.0, -13.0, 10.0, -10.0, 11.0, -11.0, 6.0, 8.0, -8.0, 9.0, -6.0, -9.0, 8.0, 5.0, -5.0, 7.0, -7.0, -8.0, 0.0]
Q: [0.0, 4.0, 15.0, 11.0, 0.0, 15.0, 0.0, 13.0, 0.0, 10.0, 0.0, 11.0, 0.0, 6.0, 14.0, 6.0, 15.0, 9.0, 0.0, 8.0, 13.0, 8.0, 15.0, 8.0, 0.0, 0.0]
B: [0.0, 64.0, 72.20259129788, 83.01926305958, 85.89041962097, 117.53917808007, 150.10861986217, 300.0, 317.5792279694, 331.2134086195, 352.9680947584, 371.0, 380.19162363242, 422.0, 433.4468981388, 454.2152947548, 456.42597089571, 470.26815067351004, 474.33910105395006, 487.83416033505006, 496.55147574749003, 513.8137968544901, 521.0968042690101, 561.8355949482101, 568.9055235192801, 589.9537163395801]
