Avion: 5      Iteracion: 36

Num Ruta: 38
Ingresos: 136800.0
Costos: 372.692946607
Utilidad Ruta: 136427.307053
Costo Reducido: 44.6264688719
Nodos: [105, 30, 16, 61, 75, 14, 59, 3, 48, 19, 8, 64, 53, 41, 5, 50, 86, 38, 21, 83, 66, 33, 78, 27, 72, 37, 82, 915]
q: [0.0, 11.0, 4.0, -4.0, -11.0, 8.0, -8.0, 15.0, -15.0, 7.0, 8.0, -7.0, -8.0, 13.0, 2.0, -2.0, -13.0, 8.0, 7.0, -8.0, -7.0, 10.0, -10.0, 6.0, -6.0, 15.0, -15.0, 0.0]
Q: [0.0, 11.0, 15.0, 11.0, 0.0, 8.0, 0.0, 15.0, 0.0, 7.0, 15.0, 8.0, 0.0, 13.0, 15.0, 13.0, 0.0, 8.0, 15.0, 7.0, 0.0, 10.0, 0.0, 6.0, 0.0, 15.0, 0.0, 0.0]
B: [0.0, 64.0, 72.20259129788, 81.82668273552001, 84.69783929691, 112.49377995381, 124.51549172881, 256.0, 261.08428175852, 402.0, 425.1608815463, 443.1178409771, 446.04596016866, 462.06569025375995, 470.47105425539996, 471.59274316057997, 482.90926440168, 494.76349676818, 501.58640970915, 540.09814817935, 547.16807675042, 562.0, 585.3035112376, 592.52226459258, 609.55312696068, 616.38909258377, 637.1837460552699, 662.24892399197]
