Avion: 5      Iteracion: 73

Num Ruta: 66
Ingresos: 104400.0
Costos: 282.860823014
Utilidad Ruta: 104117.139177
Costo Reducido: 9.30399309374
Nodos: [105, 17, 62, 14, 59, 3, 48, 23, 18, 63, 68, 22, 67, 8, 32, 53, 13, 77, 58, 15, 60, 915]
q: [0.0, 5.0, -5.0, 8.0, -8.0, 15.0, -15.0, 10.0, 5.0, -5.0, -10.0, 10.0, -10.0, 8.0, 6.0, -8.0, 9.0, -6.0, -9.0, 11.0, -11.0, 0.0]
Q: [0.0, 5.0, 0.0, 8.0, 0.0, 15.0, 0.0, 10.0, 15.0, 10.0, 0.0, 10.0, 0.0, 8.0, 14.0, 6.0, 15.0, 9.0, 0.0, 11.0, 0.0, 0.0]
B: [0.0, 24.0, 58.8425537813, 112.0, 124.021711775, 256.0, 261.08428175852, 267.0, 293.0, 316.8182362487, 326.74376782137, 342.50019181287, 364.25487795177, 414.0, 425.4468981388, 447.8266328334, 450.03730897431, 463.87948875211003, 467.95043913255006, 511.0, 527.4211666151, 532.20771547623]
