Avion: 4      Iteracion: 68

Num Ruta: 56
Ingresos: 134400.0
Costos: 362.33355784
Utilidad Ruta: 134037.666442
Costo Reducido: 1.5462269409
Nodos: [104, 30, 16, 75, 61, 40, 85, 31, 11, 56, 76, 36, 81, 34, 79, 39, 28, 84, 73, 25, 43, 70, 88, 15, 60, 914]
q: [0.0, 11.0, 4.0, -11.0, -4.0, 15.0, -15.0, 6.0, 8.0, -8.0, -6.0, 15.0, -15.0, 12.0, -12.0, 8.0, 7.0, -8.0, -7.0, 10.0, 5.0, -10.0, -5.0, 11.0, -11.0, 0.0]
Q: [0.0, 11.0, 15.0, 4.0, 0.0, 15.0, 0.0, 6.0, 14.0, 6.0, 0.0, 15.0, 0.0, 12.0, 0.0, 8.0, 15.0, 7.0, 0.0, 10.0, 15.0, 5.0, 0.0, 11.0, 0.0, 0.0]
B: [0.0, 64.0, 72.20259129788, 83.01926305958, 85.89041962097, 117.53917808007, 150.10861986217, 173.44710886637, 186.62983806027, 190.68390490728, 194.37828347478, 251.0, 257.94814406874, 283.0, 323.947598037, 388.0, 399.3210123222, 412.3114993416, 448.3244104708, 451.65778908716, 465.71894785876, 478.75616938025996, 486.50534540097, 511.0, 527.4211666151, 549.6020925877]
