Avion: 2      Iteracion: 39

Num Ruta: 36
Ingresos: 61200.0
Costos: 214.043737479
Utilidad Ruta: 60985.9562625
Costo Reducido: 24.8285582949
Nodos: [102, 12, 57, 31, 11, 76, 56, 34, 79, 6, 51, 27, 72, 912]
q: [0, 14.0, -14.0, 6.0, 8.0, -6.0, -8.0, 12.0, -12.0, 5.0, -5.0, 6.0, -6.0, 0]
Q: [0, 14.0, 0.0, 6.0, 14.0, 8.0, 0.0, 12.0, 0.0, 5.0, 0.0, 6.0, 0.0, 0]
B: [0.0, 54.0, 97.347924264, 130.0, 169.0, 169.478878899097, 173.173257466597, 283.0, 323.947598037, 436.0, 439.69228939819, 538.0, 555.0308623681, 561.27484579217]
