Avion: 4      Iteracion: 11

Num Ruta: 14
Ingresos: 27600.0
Costos: 132.817115153
Utilidad Ruta: 27467.1828848
Costo Reducido: 85739.8828295
Nodos: [104, 9, 54, 19, 64, 6, 51, 914]
q: [0, 11.0, -11.0, 7.0, -7.0, 5.0, -5.0, 0]
Q: [0, 11.0, 0.0, 7.0, 0.0, 5.0, 0.0, 0]
B: [0.0, 34.2318085996, 63.7590456021, 402.0, 428.6271162915, 440.41813528899996, 444.11042468718995, 468.58935166528994]
