Avion: 1      Iteracion: 86

Num Ruta: 56
Ingresos: 27600.0
Costos: 37.5933796727
Utilidad Ruta: 27562.4066203
Costo Reducido: 1.98959904318
Nodos: [101, 16, 61, 5, 50, 911]
q: [0, 11.0, -11.0, 12.0, -12.0, 0]
Q: [0, 11.0, 0.0, 12.0, 0.0, 0]
B: [0.0, 36.0, 45.624091437640004, 469.0, 470.12168890518, 485.16341413868]
