Avion: 1      Iteracion: 0

Num Ruta: 2
Ingresos: 183600.0
Costos: 566.385862447
Utilidad Ruta: 183033.614138
Costo Reducido: -
Nodos: [101, 16, 61, 24, 69, 31, 14, 59, 11, 56, 76, 1, 46, 3, 48, 22, 67, 26, 71, 39, 84, 13, 58, 25, 70, 21, 66, 27, 7, 72, 52, 911]
q: [0.0, 11.0, -11.0, 14.0, -14.0, 6.0, 8.0, -8.0, 8.0, -8.0, -6.0, 7.0, -7.0, 15.0, -15.0, 10.0, -10.0, 13.0, -13.0, 8.0, -8.0, 15.0, -15.0, 10.0, -10.0, 13.0, -13.0, 5.0, 10.0, -5.0, -10.0, 0.0]
Q: [0.0, 11.0, 0.0, 14.0, 0.0, 6.0, 14.0, 6.0, 14.0, 6.0, 0.0, 7.0, 0.0, 15.0, 0.0, 10.0, 0.0, 13.0, 0.0, 8.0, 0.0, 15.0, 0.0, 10.0, 0.0, 13.0, 0.0, 5.0, 15.0, 10.0, 0.0, 0.0]
B: [0.0, 36.0, 45.624091437640004, 70.85029051714, 109.36324081964, 130.0, 147.5196824172, 159.5413941922, 188.98982330139998, 193.04389014841, 196.73826871590998, 215.72796281560997, 249.96804834410997, 257.06460025330995, 262.1488820118299, 299.0, 320.7546861389, 357.0876895518, 374.6669175212, 394.3648357107, 416.9970231657, 423.0, 439.88315095, 463.8957169312, 481.0806992413, 489.2494127263, 529.9882034055, 543.1656516031001, 570.8289749754001, 595.5534898746001, 599.9534104420601, 617.9184182071601]
