Avion: 6      Iteracion: 44

Num Ruta: 45
Ingresos: 98400.0
Costos: 361.101668114
Utilidad Ruta: 98038.8983319
Costo Reducido: 33.5079397927
Nodos: [106, 40, 85, 30, 75, 14, 59, 42, 23, 87, 26, 71, 68, 28, 39, 73, 19, 64, 84, 27, 72, 916]
q: [0.0, 15.0, -15.0, 11.0, -11.0, 8.0, -8.0, 5.0, 10.0, -5.0, 5.0, -5.0, -10.0, 7.0, 8.0, -7.0, 7.0, -7.0, -8.0, 6.0, -6.0, 0.0]
Q: [0.0, 15.0, 0.0, 11.0, 0.0, 8.0, 0.0, 5.0, 15.0, 10.0, 15.0, 10.0, 0.0, 7.0, 15.0, 8.0, 15.0, 8.0, 0.0, 6.0, 0.0, 0.0]
B: [0.0, 62.0, 94.5694417821, 113.51249206450001, 132.22651472130002, 160.02245537820002, 172.04416715320002, 239.0, 267.0, 304.0156388571, 310.91111744818, 328.49034541758, 331.55741780016, 378.0, 389.3210123222, 420.750419714, 433.28621298769997, 459.91332927919996, 466.22853133455993, 538.0, 555.0308623681, 576.7595707513]
