Avion: 5      Iteracion: 23

Num Ruta: 26
Ingresos: 134400.0
Costos: 396.193746624
Utilidad Ruta: 134003.806253
Costo Reducido: 343.047413429
Nodos: [105, 17, 62, 30, 75, 16, 61, 31, 76, 14, 59, 3, 48, 8, 45, 90, 32, 19, 64, 53, 6, 51, 77, 20, 38, 83, 65, 33, 78, 915]
q: [0.0, 5.0, -5.0, 11.0, -11.0, 11.0, -11.0, 6.0, -6.0, 8.0, -8.0, 15.0, -15.0, 2.0, 11.0, -11.0, 6.0, 7.0, -7.0, -2.0, 5.0, -5.0, -6.0, 7.0, 8.0, -8.0, -7.0, 10.0, -10.0, 0.0]
Q: [0.0, 5.0, 0.0, 11.0, 0.0, 11.0, 0.0, 6.0, 0.0, 8.0, 0.0, 15.0, 0.0, 2.0, 13.0, 2.0, 8.0, 15.0, 8.0, 6.0, 11.0, 6.0, 0.0, 7.0, 15.0, 7.0, 0.0, 10.0, 0.0, 0.0]
B: [0.0, 24.0, 58.8425537813, 64.0, 82.7140226568, 93.53069441849999, 103.15478585614, 130.0, 143.3056140031, 160.3516205736, 172.3733323486, 256.0, 261.08428175852, 414.0, 417.40515271317, 426.59677634559, 428.13238729892, 439.84730193791995, 466.47441822941994, 469.4025374209799, 478.5932090504099, 482.28549844859987, 504.9428700966999, 520.9019425634999, 522.98301200011, 555.85189864081, 583.22890636631, 594.05070570841, 617.35421694601, 633.58680888321]
