Avion: 1      Iteracion: 0

Num Ruta: 3
Ingresos: 198000.0
Costos: 591.294045074
Utilidad Ruta: 197408.705955
Costo Reducido: -
Nodos: [101, 16, 61, 40, 85, 31, 14, 59, 11, 56, 76, 1, 46, 3, 48, 36, 81, 26, 71, 45, 90, 13, 58, 41, 86, 21, 66, 27, 33, 72, 78, 911]
q: [0.0, 11.0, -11.0, 15.0, -15.0, 6.0, 8.0, -8.0, 8.0, -8.0, -6.0, 7.0, -7.0, 15.0, -15.0, 15.0, -15.0, 13.0, -13.0, 11.0, -11.0, 15.0, -15.0, 13.0, -13.0, 13.0, -13.0, 5.0, 10.0, -5.0, -10.0, 0.0]
Q: [0.0, 11.0, 0.0, 15.0, 0.0, 6.0, 14.0, 6.0, 14.0, 6.0, 0.0, 7.0, 0.0, 15.0, 0.0, 15.0, 0.0, 13.0, 0.0, 11.0, 0.0, 15.0, 0.0, 13.0, 0.0, 13.0, 0.0, 5.0, 15.0, 10.0, 0.0, 0.0]
B: [0.0, 36.0, 45.624091437640004, 77.27284989674001, 109.84229167884001, 133.18078068304, 150.70046310024, 162.72217487524, 192.17060398444, 196.22467083145, 199.91904939895, 218.90874349864998, 253.14882902715, 260.24538093635, 265.32966269486997, 300.24912799717, 307.19727206591, 347.49965652391, 365.07888449331, 388.60503691991, 397.79666055232997, 423.0, 439.88315095, 474.68910223710003, 494.73022259000004, 512.5932795512, 553.3320702304, 566.509518428, 582.9621093485999, 596.8092793482999, 617.3760716359, 623.0528344458099]
