Avion: 3      Iteracion: 48

Num Ruta: 45
Ingresos: 109200.0
Costos: 339.111837705
Utilidad Ruta: 108860.888162
Costo Reducido: 28.7105417984
Nodos: [103, 17, 62, 30, 16, 61, 75, 24, 69, 1, 46, 3, 48, 23, 42, 87, 26, 71, 68, 6, 51, 33, 78, 913]
q: [0.0, 5.0, -5.0, 11.0, 4.0, -4.0, -11.0, 14.0, -14.0, 7.0, -7.0, 15.0, -15.0, 10.0, 5.0, -5.0, 5.0, -5.0, -10.0, 5.0, -5.0, 10.0, -10.0, 0.0]
Q: [0.0, 5.0, 0.0, 11.0, 15.0, 11.0, 0.0, 14.0, 0.0, 7.0, 0.0, 15.0, 0.0, 10.0, 15.0, 10.0, 15.0, 10.0, 0.0, 5.0, 0.0, 10.0, 0.0, 0.0]
B: [0.0, 24.0, 58.8425537813, 64.0, 72.20259129788, 81.82668273552001, 84.69783929691, 109.43181018721, 147.94476048971, 175.0, 209.2400855285, 256.0, 261.08428175852, 267.0, 289.6110683074, 337.6609029585, 344.55638154958, 362.13560951898, 365.20268190156, 436.0, 439.69228939819, 562.0, 585.3035112376, 604.1422500489]
