Avion: 6      Iteracion: 42

Num Ruta: 43
Ingresos: 136800.0
Costos: 417.264232259
Utilidad Ruta: 136382.735768
Costo Reducido: 45.0423207049
Nodos: [106, 40, 85, 10, 55, 35, 26, 80, 71, 22, 67, 19, 39, 84, 64, 5, 50, 43, 15, 88, 20, 60, 27, 65, 37, 72, 82, 916]
q: [0.0, 15.0, -15.0, 12.0, -12.0, 6.0, 9.0, -6.0, -9.0, 10.0, -10.0, 7.0, 8.0, -8.0, -7.0, 12.0, -12.0, 5.0, 5.0, -5.0, 10.0, -5.0, 5.0, -10.0, 10.0, -5.0, -10.0, 0.0]
Q: [0.0, 15.0, 0.0, 12.0, 0.0, 6.0, 15.0, 9.0, 0.0, 10.0, 0.0, 7.0, 15.0, 7.0, 0.0, 12.0, 0.0, 5.0, 10.0, 5.0, 15.0, 10.0, 15.0, 5.0, 15.0, 10.0, 0.0, 0.0]
B: [0.0, 62.0, 94.5694417821, 111.75013586, 141.2696465944, 279.0, 300.0, 309.29300538039, 319.11482114938, 332.74900179948, 354.50368793838004, 402.0, 437.3907399471, 460.0229274021, 466.33812945745996, 474.18844269961994, 475.31013160479995, 496.98591219049996, 511.0, 521.2530082415, 530.19323732134, 536.32708937368, 554.04087488098, 580.3416382348801, 591.9191561899801, 598.7551218130701, 620.4131860155701, 641.7125385174701]
