Avion: 4      Iteracion: 47

Num Ruta: 43
Ingresos: 128400.0
Costos: 367.731816594
Utilidad Ruta: 128032.268183
Costo Reducido: 57.375432719
Nodos: [104, 31, 1, 76, 11, 56, 42, 46, 3, 48, 23, 87, 35, 80, 68, 45, 90, 32, 19, 43, 64, 13, 77, 58, 88, 15, 21, 60, 38, 83, 66, 914]
q: [0.0, 6.0, 7.0, -6.0, 8.0, -8.0, 5.0, -7.0, 10.0, -10.0, 10.0, -5.0, 5.0, -5.0, -10.0, 11.0, -11.0, 6.0, 7.0, 2.0, -7.0, 7.0, -6.0, -7.0, -2.0, 8.0, 7.0, -8.0, 8.0, -8.0, -7.0, 0.0]
Q: [0.0, 6.0, 13.0, 7.0, 15.0, 7.0, 12.0, 5.0, 15.0, 5.0, 15.0, 10.0, 15.0, 10.0, 0.0, 11.0, 0.0, 6.0, 13.0, 15.0, 8.0, 15.0, 9.0, 2.0, 0.0, 8.0, 15.0, 7.0, 15.0, 7.0, 0.0, 0.0]
B: [0.0, 130.0, 175.0, 193.9896940997, 194.468572998797, 198.522639845807, 239.0, 264.0626014013, 271.1591533105, 276.24343506902, 279.60592239242, 316.62156124951997, 320.678011052, 340.59089444439996, 353.20943992319997, 379.5979723, 388.78959593241996, 422.0, 433.71491463899997, 451.0, 471.20454651800003, 475.43216582442005, 489.2743456022201, 493.3452959826601, 503.4008833349601, 513.6538915764601, 519.3261250871701, 530.1253932104701, 534.21265892241, 567.08154556311, 574.15147413418, 601.2307228127801]
