Avion: 1      Iteracion: 68

Num Ruta: 49
Ingresos: 124800.0
Costos: 395.068694723
Utilidad Ruta: 124404.931305
Costo Reducido: 1.63723522407
Nodos: [101, 16, 61, 40, 85, 31, 76, 11, 56, 44, 89, 22, 67, 19, 8, 64, 53, 21, 50, 5, 66, 911]
q: [0.0, 11.0, -11.0, 15.0, -15.0, 6.0, -6.0, 8.0, -8.0, 14.0, -14.0, 10.0, -10.0, 7.0, 8.0, -7.0, -8.0, 13.0, -12.0, 12.0, -13.0, 0.0]
Q: [0.0, 11.0, 0.0, 15.0, 0.0, 6.0, 0.0, 8.0, 0.0, 14.0, 0.0, 10.0, 0.0, 7.0, 15.0, 8.0, 0.0, 13.0, 1.0, 13.0, 0.0, 0.0]
B: [0.0, 36.0, 45.624091437640004, 77.27284989674001, 109.84229167884001, 133.18078068304, 146.48639468614002, 169.0, 173.05406684701, 211.0, 265.00737440390003, 299.0, 320.7546861389, 402.0, 425.1608815463, 443.1178409771, 446.04596016866, 477.0, 505.239590383, 506.36127928818, 527.98394010968, 550.1821001460801]
