Avion: 1      Iteracion: 95

Num Ruta: 61
Ingresos: 62400.0
Costos: 152.280608119
Utilidad Ruta: 62247.7193919
Costo Reducido: 5.10993788401
Nodos: [101, 16, 61, 41, 86, 43, 88, 21, 66, 33, 78, 911]
q: [0, 11.0, -11.0, 13.0, -13.0, 5.0, -5.0, 13.0, -13.0, 10.0, -10.0, 0]
Q: [0, 11.0, 0.0, 13.0, 0.0, 5.0, 0.0, 13.0, 0.0, 10.0, 0.0, 0]
B: [0.0, 36.0, 45.624091437640004, 446.0, 466.0411203529, 476.4072656828, 493.6695867898, 500.95259420432, 541.69138488352, 562.0, 585.3035112376, 590.98027404751]
