Avion: 5      Iteracion: 55

Num Ruta: 55
Ingresos: 118800.0
Costos: 360.506569179
Utilidad Ruta: 118439.493431
Costo Reducido: 2.05699367629
Nodos: [105, 16, 61, 40, 85, 14, 59, 3, 48, 18, 63, 25, 70, 21, 66, 33, 78, 27, 72, 915]
q: [0, 11.0, -11.0, 15.0, -15.0, 8.0, -8.0, 15.0, -15.0, 11.0, -11.0, 10.0, -10.0, 13.0, -13.0, 10.0, -10.0, 6.0, -6.0, 0]
Q: [0, 11.0, 0.0, 15.0, 0.0, 8.0, 0.0, 15.0, 0.0, 11.0, 0.0, 10.0, 0.0, 13.0, 0.0, 10.0, 0.0, 6.0, 0.0, 0]
B: [0.0, 36.0, 45.624091437640004, 77.27284989674001, 109.84229167884001, 138.42069361104, 150.44240538604, 256.0, 261.08428175852, 293.0, 316.8182362487, 410.0, 427.1849823101, 477.0, 517.7387906792, 562.0, 585.3035112376, 592.52226459258, 609.55312696068, 628.54785617698]
