Avion: 2      Iteracion: 49

Num Ruta: 40
Ingresos: 42000.0
Costos: 112.056447472
Utilidad Ruta: 41887.9435525
Costo Reducido: 6.18292970693
Nodos: [102, 25, 70, 7, 52, 37, 82, 912]
q: [0, 10.0, -10.0, 10.0, -10.0, 15.0, -15.0, 0]
Q: [0, 10.0, 0.0, 10.0, 0.0, 15.0, 0.0, 0]
B: [0.0, 410.0, 427.1849823101, 517.0, 545.5413118129, 562.0, 582.7946534714999, 599.6155152806]
