Avion: 7      Iteracion: 75

Num Ruta: 54
Ingresos: 45600.0
Costos: 110.897331437
Utilidad Ruta: 45489.1026686
Costo Reducido: 5.63104276974
Nodos: [107, 9, 54, 19, 8, 64, 53, 5, 50, 917]
q: [0, 11.0, -11.0, 7.0, 8.0, -7.0, -8.0, 12.0, -12.0, 0]
Q: [0, 11.0, 0.0, 7.0, 15.0, 8.0, 0.0, 12.0, 0.0, 0]
B: [0.0, 28.0, 57.5272370025, 402.0, 425.1608815463, 443.1178409771, 446.04596016866, 469.0, 470.12168890518, 477.8527450426]
