Avion: 7      Iteracion: 8

Num Ruta: 10
Ingresos: 91200.0
Costos: 411.146009812
Utilidad Ruta: 90788.8539902
Costo Reducido: 143630.413829
Nodos: [107, 9, 54, 40, 85, 10, 55, 44, 89, 34, 79, 5, 50, 917]
q: [0, 11.0, -11.0, 15.0, -15.0, 12.0, -12.0, 14.0, -14.0, 12.0, -12.0, 12.0, -12.0, 0]
Q: [0, 11.0, 0.0, 15.0, 0.0, 12.0, 0.0, 14.0, 0.0, 12.0, 0.0, 12.0, 0.0, 0]
B: [0.0, 28.0, 57.5272370025, 86.4860319533, 119.0554737354, 136.2361678133, 165.7556785477, 232.6108967808, 286.6182711847, 338.5634545418, 379.5110525788, 469.0, 470.12168890518, 477.8527450426]
