Avion: 7      Iteracion: 60

Num Ruta: 51
Ingresos: 40800.0
Costos: 126.28692209
Utilidad Ruta: 40673.7130779
Costo Reducido: 5.89313945058
Nodos: [107, 9, 54, 14, 59, 7, 4, 49, 52, 917]
q: [0, 11.0, -11.0, 8.0, -8.0, 10.0, 5.0, -5.0, -10.0, 0]
Q: [0, 11.0, 0.0, 8.0, 0.0, 10.0, 15.0, 10.0, 0.0, 0]
B: [0.0, 28.0, 57.5272370025, 112.0, 124.021711775, 517.0, 529.0, 549.4257496801999, 550.5861237578099, 557.2755722403099]
