Avion: 6      Iteracion: 76

Num Ruta: 68
Ingresos: 87600.0
Costos: 242.196309302
Utilidad Ruta: 87357.8036907
Costo Reducido: 13.5716140871
Nodos: [106, 24, 69, 1, 46, 8, 45, 90, 32, 19, 64, 53, 13, 77, 58, 29, 27, 74, 72, 916]
q: [0.0, 14.0, -14.0, 7.0, -7.0, 4.0, 11.0, -11.0, 4.0, 7.0, -7.0, -4.0, 11.0, -4.0, -11.0, 9.0, 6.0, -9.0, -6.0, 0.0]
Q: [0.0, 14.0, 0.0, 7.0, 0.0, 4.0, 15.0, 4.0, 8.0, 15.0, 8.0, 4.0, 15.0, 11.0, 0.0, 9.0, 15.0, 6.0, 0.0, 0.0]
B: [0.0, 61.0, 99.5129503025, 175.0, 209.2400855285, 414.0, 417.40515271317, 426.59677634559, 428.13238729892, 439.84730193791995, 466.47441822941994, 469.4025374209799, 471.6132135618899, 485.4553933396899, 489.52634372012994, 549.0, 574.6018082369, 582.8182362320799, 598.26561380888, 619.99432219208]
