Avion: 2      Iteracion: 34

Num Ruta: 34
Ingresos: 114000.0
Costos: 409.564090298
Utilidad Ruta: 113590.43591
Costo Reducido: 26.2049695729
Nodos: [102, 30, 75, 24, 69, 1, 46, 3, 48, 23, 18, 68, 63, 38, 21, 83, 66, 2, 47, 29, 74, 912]
q: [0.0, 11.0, -11.0, 14.0, -14.0, 7.0, -7.0, 15.0, -15.0, 4.0, 11.0, -4.0, -11.0, 8.0, 7.0, -8.0, -7.0, 9.0, -9.0, 9.0, -9.0, 0.0]
Q: [0.0, 11.0, 0.0, 14.0, 0.0, 7.0, 0.0, 15.0, 0.0, 4.0, 15.0, 11.0, 0.0, 8.0, 15.0, 7.0, 0.0, 9.0, 0.0, 9.0, 0.0, 0.0]
B: [0.0, 64.0, 82.7140226568, 107.4479935471, 145.9609438496, 175.0, 209.2400855285, 256.0, 261.08428175852, 267.0, 293.0, 318.4393114097, 328.36484298237, 480.0, 486.82291294097, 525.3346514111701, 532.4045799822401, 556.2555937133401, 596.9905557607401, 606.7952962978501, 640.5750760780501, 661.12218490145]
