Avion: 5      Iteracion: 19

Num Ruta: 22
Ingresos: 130800.0
Costos: 470.759532076
Utilidad Ruta: 130329.240468
Costo Reducido: 277.14787742
Nodos: [105, 17, 30, 62, 16, 61, 75, 14, 59, 23, 68, 18, 63, 8, 53, 13, 58, 21, 66, 29, 4, 49, 74, 33, 78, 915]
q: [0.0, 5.0, 10.0, -5.0, 5.0, -5.0, -10.0, 8.0, -8.0, 10.0, -10.0, 11.0, -11.0, 8.0, -8.0, 15.0, -15.0, 13.0, -13.0, 9.0, 5.0, -5.0, -9.0, 10.0, -10.0, 0.0]
Q: [0.0, 5.0, 15.0, 10.0, 15.0, 10.0, 0.0, 8.0, 0.0, 10.0, 0.0, 11.0, 0.0, 8.0, 0.0, 15.0, 0.0, 13.0, 0.0, 9.0, 14.0, 9.0, 0.0, 10.0, 0.0, 0.0]
B: [0.0, 24.0, 64.0, 67.14445448369, 72.47609381883, 82.10018525647, 84.97134181786, 112.76728247476, 124.78899424976, 267.0, 306.733842905, 332.1731543147, 355.9913905634, 414.0, 434.768396616, 436.97907275691, 453.86222370691, 477.0, 517.7387906792, 556.1920871568999, 576.9020897884999, 597.3278394687, 609.5469105054, 618.3984021876, 641.7019134252, 657.9345053624]
