Avion: 6      Iteracion: 52

Num Ruta: 51
Ingresos: 115200.0
Costos: 369.515462571
Utilidad Ruta: 114830.484537
Costo Reducido: 19.598689754
Nodos: [106, 9, 54, 12, 57, 1, 11, 56, 44, 46, 89, 45, 90, 19, 64, 13, 58, 29, 27, 74, 72, 916]
q: [0.0, 11.0, -11.0, 14.0, -14.0, 1.0, 8.0, -8.0, 14.0, -1.0, -14.0, 11.0, -11.0, 7.0, -7.0, 15.0, -15.0, 9.0, 6.0, -9.0, -6.0, 0.0]
Q: [0.0, 11.0, 0.0, 14.0, 0.0, 1.0, 9.0, 1.0, 15.0, 14.0, 0.0, 11.0, 0.0, 7.0, 0.0, 15.0, 0.0, 9.0, 15.0, 6.0, 0.0, 0.0]
B: [0.0, 28.0, 57.5272370025, 68.3142737596, 111.6621980236, 175.0, 193.6808285951, 197.73489544211, 211.0, 256.3963542369, 272.4109032471, 371.0, 380.19162363242, 402.0, 428.6271162915, 432.85473559792, 449.73788654792, 549.0, 574.6018082369, 582.8182362320799, 598.26561380888, 619.99432219208]
