Avion: 6      Iteracion: 57

Num Ruta: 56
Ingresos: 136800.0
Costos: 430.590119233
Utilidad Ruta: 136369.409881
Costo Reducido: 33.9536306357
Nodos: [106, 9, 54, 14, 59, 3, 48, 23, 42, 87, 26, 71, 68, 28, 39, 84, 73, 25, 43, 70, 88, 20, 38, 83, 27, 65, 2, 72, 47, 916]
q: [0.0, 11.0, -11.0, 8.0, -8.0, 15.0, -15.0, 10.0, 5.0, -5.0, 5.0, -5.0, -10.0, 7.0, 8.0, -8.0, -7.0, 10.0, 5.0, -10.0, -5.0, 9.0, 6.0, -6.0, 6.0, -9.0, 9.0, -6.0, -9.0, 0.0]
Q: [0.0, 11.0, 0.0, 8.0, 0.0, 15.0, 0.0, 10.0, 15.0, 10.0, 15.0, 10.0, 0.0, 7.0, 15.0, 7.0, 0.0, 10.0, 15.0, 5.0, 0.0, 9.0, 15.0, 9.0, 15.0, 6.0, 15.0, 9.0, 0.0, 0.0]
B: [0.0, 28.0, 57.5272370025, 112.0, 124.021711775, 256.0, 261.08428175852, 267.0, 289.6110683074, 337.6609029585, 344.55638154958, 362.13560951898, 365.20268190156, 378.0, 389.3210123222, 411.9531997772, 447.9661109064, 451.29948952276, 465.36064829436, 478.39786981585996, 486.14704583657, 496.0, 498.08106943661, 530.9499560773099, 542.48568340591, 568.78644675981, 576.11674402527, 587.56881711267, 616.9093474589699, 630.7580378302699]
