Avion: 5      Iteracion: 10

Num Ruta: 14
Ingresos: 140400.0
Costos: 554.013908508
Utilidad Ruta: 139845.986091
Costo Reducido: 119912.582636
Nodos: [105, 16, 61, 40, 85, 31, 76, 42, 87, 35, 80, 18, 63, 28, 73, 25, 70, 43, 32, 13, 77, 58, 88, 7, 4, 52, 49, 37, 82, 33, 78, 915]
q: [0.0, 11.0, -11.0, 15.0, -15.0, 6.0, -6.0, 5.0, -5.0, 6.0, -6.0, 11.0, -11.0, 8.0, -8.0, 10.0, -10.0, 5.0, 0.0, 0.0, 0.0, 0.0, -5.0, 10.0, 5.0, -10.0, -5.0, 15.0, -15.0, 10.0, -10.0, 0.0]
Q: [0.0, 11.0, 0.0, 15.0, 0.0, 6.0, 0.0, 5.0, 0.0, 6.0, 0.0, 11.0, 0.0, 8.0, 0.0, 10.0, 0.0, 5.0, 5.0, 5.0, 5.0, 5.0, 0.0, 10.0, 15.0, 5.0, 0.0, 15.0, 0.0, 10.0, 0.0, 0.0]
B: [0.0, 36.0, 45.624091437640004, 77.27284989674001, 109.84229167884001, 133.18078068304, 146.48639468614002, 239.0, 287.0498346511, 291.10628445358003, 311.01916784598, 333.91002123768, 357.72825748637996, 378.0, 414.0266187839, 417.35999740026, 434.54497971036, 451.0, 458.21283557278, 480.87370245818005, 494.7158822359801, 498.7868326164201, 508.8424199687201, 526.1445059701201, 536.5078792626201, 555.7802402493202, 556.9406143269301, 564.0049864150901, 584.7996398865901, 619.38339471459, 642.68690595219, 658.9194978893901]
