Avion: 3      Iteracion: 28

Num Ruta: 29
Ingresos: 50400.0
Costos: 159.512867082
Utilidad Ruta: 50240.4871329
Costo Reducido: 61.73878911
Nodos: [103, 10, 55, 35, 80, 13, 58, 29, 74, 913]
q: [0, 12.0, -12.0, 6.0, -6.0, 15.0, -15.0, 9.0, -9.0, 0]
Q: [0, 12.0, 0.0, 6.0, 0.0, 15.0, 0.0, 9.0, 0.0, 0]
B: [0.0, 96.0, 125.5195107344, 279.0, 298.9128833924, 423.0, 439.88315095, 549.0, 582.7797797802, 601.4169443982]
