Avion: 6      Iteracion: 19

Num Ruta: 22
Ingresos: 145200.0
Costos: 446.692870583
Utilidad Ruta: 144753.307129
Costo Reducido: 216.385141946
Nodos: [106, 9, 40, 54, 30, 85, 75, 14, 59, 11, 56, 36, 81, 34, 18, 63, 79, 39, 28, 84, 13, 58, 73, 21, 38, 66, 83, 15, 60, 916]
q: [0.0, 11.0, 4.0, -11.0, 11.0, -4.0, -11.0, 8.0, -8.0, 8.0, -8.0, 15.0, -15.0, 4.0, 11.0, -11.0, -4.0, 8.0, 0.0, -8.0, 15.0, -15.0, 0.0, 13.0, 2.0, -13.0, -2.0, 11.0, -11.0, 0.0]
Q: [0.0, 11.0, 15.0, 4.0, 15.0, 11.0, 0.0, 8.0, 0.0, 8.0, 0.0, 15.0, 0.0, 4.0, 15.0, 4.0, 0.0, 8.0, 8.0, 0.0, 15.0, 0.0, 0.0, 13.0, 15.0, 2.0, 0.0, 11.0, 0.0, 0.0]
B: [0.0, 28.0, 62.0, 90.9587949508, 106.7466952862, 125.68974556859999, 127.73504505766999, 155.53098571457, 167.55269748957, 197.00112659876999, 201.05519344578, 251.0, 257.94814406874, 283.0, 306.7154937119, 330.5337299606, 345.6863596004, 388.0, 399.3210123222, 412.3114993416, 423.0, 439.88315095, 462.92158097460003, 477.0, 483.82291294097, 518.30529332577, 525.37522189684, 569.37923472524, 585.80040134034, 596.78477005224]
