Avion: 4      Iteracion: 25

Num Ruta: 27
Ingresos: 190800.0
Costos: 549.217676242
Utilidad Ruta: 190250.782324
Costo Reducido: 68.9761000042
Nodos: [104, 30, 16, 61, 75, 24, 69, 1, 31, 76, 11, 56, 46, 36, 81, 18, 63, 26, 71, 19, 8, 64, 53, 5, 50, 41, 86, 43, 20, 88, 21, 66, 65, 33, 78, 914]
q: [0.0, 11.0, 4.0, -4.0, -11.0, 14.0, -14.0, 7.0, 6.0, -6.0, 8.0, -8.0, -7.0, 15.0, -15.0, 11.0, -11.0, 13.0, -13.0, 7.0, 8.0, -7.0, -8.0, 12.0, -12.0, 13.0, -13.0, 5.0, 10.0, -5.0, 5.0, -5.0, -10.0, 10.0, -10.0, 0.0]
Q: [0.0, 11.0, 15.0, 11.0, 0.0, 14.0, 0.0, 7.0, 13.0, 7.0, 15.0, 7.0, 0.0, 15.0, 0.0, 11.0, 0.0, 13.0, 0.0, 7.0, 15.0, 8.0, 0.0, 12.0, 0.0, 13.0, 0.0, 5.0, 15.0, 10.0, 15.0, 10.0, 0.0, 10.0, 0.0, 0.0]
B: [0.0, 64.0, 72.20259129788, 81.82668273552001, 84.69783929691, 109.43181018721, 147.94476048971, 175.0, 183.89376197118, 197.19937597428, 197.678254873377, 201.732321720387, 236.048051058387, 269.99595469028696, 276.944098759027, 297.82695902772696, 321.64519527642693, 350.6467120988269, 368.2259400682269, 402.0, 425.1608815463, 443.1178409771, 446.04596016866, 469.0, 470.12168890518, 478.94792672205, 498.98904707495, 509.35519240485, 518.04819522321, 526.98842430305, 534.2714317175701, 575.01022239677, 595.60964301967, 606.43144236177, 629.73495359937, 642.95106142277]
