Avion: 4      Iteracion: 29

Num Ruta: 31
Ingresos: 142800.0
Costos: 454.532955032
Utilidad Ruta: 142345.467045
Costo Reducido: 78.5092622337
Nodos: [104, 9, 54, 12, 57, 10, 55, 1, 46, 3, 48, 36, 81, 34, 79, 39, 28, 84, 13, 58, 73, 25, 70, 914]
q: [0.0, 11.0, -11.0, 14.0, -14.0, 12.0, -12.0, 7.0, -7.0, 15.0, -15.0, 15.0, -15.0, 12.0, -12.0, 8.0, 7.0, -8.0, 8.0, -8.0, -7.0, 10.0, -10.0, 0.0]
Q: [0.0, 11.0, 0.0, 14.0, 0.0, 12.0, 0.0, 7.0, 0.0, 15.0, 0.0, 15.0, 0.0, 12.0, 0.0, 8.0, 15.0, 7.0, 15.0, 7.0, 0.0, 10.0, 0.0, 0.0]
B: [0.0, 34.2318085996, 63.7590456021, 74.5460823592, 117.8940066232, 126.61177698035, 156.13128771475, 194.55062888555, 228.79071441405, 256.0, 261.08428175852, 296.00374706082, 302.95189112956, 316.67163912286003, 357.61923715986, 388.0, 399.3210123222, 412.3114993416, 423.0, 439.88315095, 462.92158097460003, 466.25495959096, 483.43994190106, 503.14636666556004]
