Avion: 5      Iteracion: 35

Num Ruta: 37
Ingresos: 117600.0
Costos: 366.563954018
Utilidad Ruta: 117233.436046
Costo Reducido: 16.2982118175
Nodos: [105, 17, 30, 62, 16, 61, 75, 14, 59, 3, 48, 23, 18, 63, 68, 22, 67, 32, 25, 77, 70, 21, 38, 83, 66, 915]
q: [0.0, 5.0, 10.0, -5.0, 5.0, -5.0, -10.0, 8.0, -8.0, 15.0, -15.0, 10.0, 5.0, -5.0, -10.0, 10.0, -10.0, 6.0, 9.0, -6.0, -9.0, 13.0, 2.0, -2.0, -13.0, 0.0]
Q: [0.0, 5.0, 15.0, 10.0, 15.0, 10.0, 0.0, 8.0, 0.0, 15.0, 0.0, 10.0, 15.0, 10.0, 0.0, 10.0, 0.0, 6.0, 15.0, 9.0, 0.0, 13.0, 15.0, 13.0, 0.0, 0.0]
B: [0.0, 24.0, 64.0, 67.14445448369, 72.47609381883, 82.10018525647, 84.97134181786, 112.76728247476, 124.78899424976, 256.0, 261.08428175852, 267.0, 293.0, 316.8182362487, 326.74376782137, 342.50019181287, 364.25487795177, 422.0, 442.6664482919, 469.8986961242, 480.8837643989, 489.0524778839, 495.87539082487, 528.74427746557, 535.81420603664, 567.8507317534401]
