Avion: 2      Iteracion: 40

Num Ruta: 37
Ingresos: 56400.0
Costos: 117.664614363
Utilidad Ruta: 56282.3353856
Costo Reducido: 18.5168485785
Nodos: [102, 36, 81, 34, 79, 39, 84, 5, 50, 912]
q: [0, 15.0, -15.0, 12.0, -12.0, 8.0, -8.0, 12.0, -12.0, 0]
Q: [0, 15.0, 0.0, 12.0, 0.0, 8.0, 0.0, 12.0, 0.0, 0]
B: [0.0, 251.0, 257.94814406874, 283.0, 323.947598037, 388.0, 410.632187455, 469.0, 470.12168890518, 473.88797354657]
