Avion: 3      Iteracion: 50

Num Ruta: 47
Ingresos: 45600.0
Costos: 153.210411381
Utilidad Ruta: 45446.7895886
Costo Reducido: 1.00295047131
Nodos: [103, 28, 73, 25, 43, 70, 88, 21, 38, 83, 66, 913]
q: [0.0, 8.0, -8.0, 10.0, 5.0, -10.0, -5.0, 13.0, 2.0, -2.0, -13.0, 0.0]
Q: [0.0, 8.0, 0.0, 10.0, 15.0, 5.0, 0.0, 13.0, 15.0, 13.0, 0.0, 0.0]
B: [0.0, 378.0, 414.0266187839, 417.35999740026, 451.0, 464.0372215215, 471.78639754221, 479.06940495673, 485.8923178977, 518.7612045384001, 525.8311331094701, 542.82133396177]
