Avion: 1      Iteracion: 46

Num Ruta: 40
Ingresos: 42000.0
Costos: 144.060238027
Utilidad Ruta: 41855.939762
Costo Reducido: 21.3373768492
Nodos: [101, 16, 61, 22, 67, 43, 88, 29, 74, 911]
q: [0, 11.0, -11.0, 10.0, -10.0, 5.0, -5.0, 9.0, -9.0, 0]
Q: [0, 11.0, 0.0, 10.0, 0.0, 5.0, 0.0, 9.0, 0.0, 0]
B: [0.0, 36.0, 45.624091437640004, 299.0, 320.7546861389, 451.0, 468.262321107, 549.0, 582.7797797802, 599.1597614957]
