Avion: 2      Iteracion: 18

Num Ruta: 21
Ingresos: 40800.0
Costos: 127.689107926
Utilidad Ruta: 40672.3108921
Costo Reducido: 118.021957814
Nodos: [102, 39, 84, 13, 58, 6, 51, 27, 72, 912]
q: [0, 8.0, -8.0, 15.0, -15.0, 5.0, -5.0, 6.0, -6.0, 0]
Q: [0, 8.0, 0.0, 15.0, 0.0, 5.0, 0.0, 6.0, 0.0, 0]
B: [0.0, 388.0, 410.632187455, 423.0, 439.88315095, 464.1060995732, 467.79838897139, 538.0, 555.0308623681, 561.27484579217]
