Avion: 5      Iteracion: 52

Num Ruta: 52
Ingresos: 132000.0
Costos: 330.839580845
Utilidad Ruta: 131669.160419
Costo Reducido: 23.9301999865
Nodos: [105, 17, 30, 75, 16, 61, 62, 14, 59, 3, 48, 23, 18, 63, 68, 22, 67, 8, 45, 90, 19, 64, 53, 13, 58, 915]
q: [0.0, 5.0, 10.0, -10.0, 10.0, -10.0, -5.0, 8.0, -8.0, 15.0, -15.0, 10.0, 5.0, -5.0, -10.0, 10.0, -10.0, 8.0, 7.0, -7.0, 7.0, -7.0, -8.0, 15.0, -15.0, 0.0]
Q: [0.0, 5.0, 15.0, 5.0, 15.0, 5.0, 0.0, 8.0, 0.0, 15.0, 0.0, 10.0, 15.0, 10.0, 0.0, 10.0, 0.0, 8.0, 15.0, 8.0, 15.0, 8.0, 0.0, 15.0, 0.0, 0.0]
B: [0.0, 24.0, 64.0, 82.7140226568, 93.53069441849999, 103.15478585614, 117.80255462823999, 130.24110747813998, 142.26281925313998, 256.0, 261.08428175852, 267.0, 293.0, 316.8182362487, 326.74376782137, 342.50019181287, 364.25487795177, 414.0, 417.40515271317, 426.59677634559, 438.43863059229, 465.06574688379, 467.99386607534996, 470.20454221625994, 487.08769316625995, 504.52022574186]
