Avion: 7      Iteracion: 45

Num Ruta: 40
Ingresos: 45600.0
Costos: 116.091330835
Utilidad Ruta: 45483.9086692
Costo Reducido: 9.76476585525
Nodos: [107, 40, 85, 41, 86, 7, 52, 917]
q: [0, 15.0, -15.0, 13.0, -13.0, 10.0, -10.0, 0]
Q: [0, 15.0, 0.0, 13.0, 0.0, 10.0, 0.0, 0]
B: [0.0, 62.0, 94.5694417821, 446.0, 466.0411203529, 517.0, 545.5413118129, 552.2307602953999]
