Avion: 1      Iteracion: 50

Num Ruta: 43
Ingresos: 42000.0
Costos: 86.7238175989
Utilidad Ruta: 41913.2761824
Costo Reducido: 17.3158046036
Nodos: [101, 16, 61, 30, 75, 41, 86, 911]
q: [0, 11.0, -11.0, 11.0, -11.0, 13.0, -13.0, 0]
Q: [0, 11.0, 0.0, 11.0, 0.0, 13.0, 0.0, 0]
B: [0.0, 36.0, 45.624091437640004, 64.0, 82.7140226568, 446.0, 466.0411203529, 478.7454749213]
