Avion: 6      Iteracion: 9

Num Ruta: 13
Ingresos: 151200.0
Costos: 566.524494498
Utilidad Ruta: 150633.475506
Costo Reducido: 201071.102614
Nodos: [106, 9, 30, 54, 10, 75, 55, 31, 11, 76, 56, 42, 23, 87, 35, 80, 68, 22, 67, 45, 90, 13, 58, 43, 88, 20, 65, 2, 27, 72, 47, 916]
q: [0.0, 11.0, 3.0, -11.0, 12.0, -3.0, -12.0, 6.0, 8.0, -6.0, -8.0, 5.0, 9.0, -5.0, 6.0, -6.0, -9.0, 10.0, -10.0, 11.0, -11.0, 15.0, -15.0, 5.0, -5.0, 10.0, -10.0, 9.0, 6.0, -6.0, -9.0, 0.0]
Q: [0.0, 11.0, 14.0, 3.0, 15.0, 12.0, 0.0, 6.0, 14.0, 8.0, 0.0, 5.0, 14.0, 9.0, 15.0, 9.0, 0.0, 10.0, 0.0, 11.0, 0.0, 15.0, 0.0, 5.0, 0.0, 10.0, 0.0, 9.0, 15.0, 9.0, 0.0, 0.0]
B: [0.0, 28.0, 64.0, 79.7879003354, 108.330013782, 127.0230640681, 145.9238619613, 185.5320162985, 198.7147454924, 199.193624391497, 202.888002958997, 239.0, 267.0, 304.0156388571, 308.07208865958, 327.98497205198, 340.60351753078, 356.35994152228, 378.11462766118, 389.87730188948, 399.0689255219, 423.1991850522, 440.0823360022, 462.2946555794, 479.5569766864, 496.0, 538.1771424471, 545.50743971256, 571.29140808436, 588.32227045246, 617.6628007987599, 631.5114911700599]
