Avion: 4      Iteracion: 27

Num Ruta: 29
Ingresos: 33600.0
Costos: 139.98997709
Utilidad Ruta: 33460.0100229
Costo Reducido: 62.0172330022
Nodos: [104, 14, 59, 42, 18, 87, 26, 71, 63, 914]
q: [0.0, 8.0, -8.0, 5.0, 10.0, -5.0, 5.0, -5.0, -10.0, 0.0]
Q: [0.0, 8.0, 0.0, 5.0, 15.0, 10.0, 15.0, 10.0, 0.0, 0.0]
B: [0.0, 112.0, 124.021711775, 239.0, 293.0, 329.7411826293, 336.63666122038, 354.21588918978, 365.65067864998, 375.23439760454005]
