Avion: 1      Iteracion: 14

Num Ruta: 12
Ingresos: 12000.0
Costos: 98.6557488441
Utilidad Ruta: 11901.3442512
Costo Reducido: 19432.1783289
Nodos: [101, 20, 65, 911]
q: [0, 10.0, -10.0, 0]
Q: [0, 10.0, 0.0, 0]
B: [0.0, 496.0, 538.1771424471, 568.7780281368999]
