Avion: 4      Iteracion: 52

Num Ruta: 46
Ingresos: 69600.0
Costos: 201.128376635
Utilidad Ruta: 69398.8716234
Costo Reducido: 9.13408387172
Nodos: [104, 30, 16, 61, 75, 14, 59, 3, 48, 23, 42, 18, 87, 26, 71, 68, 63, 914]
q: [0.0, 11.0, 4.0, -4.0, -11.0, 8.0, -8.0, 15.0, -15.0, 10.0, 5.0, 0.0, -5.0, 5.0, -5.0, -10.0, 0.0, 0.0]
Q: [0.0, 11.0, 15.0, 11.0, 0.0, 8.0, 0.0, 15.0, 0.0, 10.0, 15.0, 15.0, 10.0, 15.0, 10.0, 0.0, 0.0, 0.0]
B: [0.0, 64.0, 72.20259129788, 81.82668273552001, 84.69783929691, 112.49377995381, 124.51549172881, 256.0, 261.08428175852, 267.0, 289.6110683074, 301.4307236746, 338.1719063039, 345.06738489498, 362.64661286438, 365.71368524696004, 375.63921681963006, 385.2229357741901]
