Avion: 2      Iteracion: 16

Num Ruta: 19
Ingresos: 66000.0
Costos: 226.282574819
Utilidad Ruta: 65773.7174252
Costo Reducido: 151.540592119
Nodos: [102, 11, 44, 56, 89, 36, 81, 25, 70, 29, 74, 27, 72, 912]
q: [0.0, 1.0, 14.0, -1.0, -14.0, 15.0, -15.0, 10.0, -10.0, 9.0, -9.0, 6.0, -6.0, 0.0]
Q: [0.0, 1.0, 15.0, 14.0, 0.0, 15.0, 0.0, 10.0, 0.0, 9.0, 0.0, 6.0, 0.0, 0.0]
B: [0.0, 169.0, 211.0, 222.6773004586, 265.007497954, 304.2188844763, 311.16702854504, 410.0, 427.1849823101, 549.0, 582.7797797802, 590.99620777538, 608.0270701434799, 614.27105356755]
