Avion: 6      Iteracion: 80

Num Ruta: 70
Ingresos: 84000.0
Costos: 181.21921178
Utilidad Ruta: 83818.7807882
Costo Reducido: 4.9255577849
Nodos: [106, 24, 69, 36, 81, 15, 60, 7, 4, 52, 49, 37, 82, 916]
q: [0, 14.0, -14.0, 15.0, -15.0, 11.0, -11.0, 10.0, 5.0, -10.0, -5.0, 15.0, -15.0, 0]
Q: [0, 14.0, 0.0, 15.0, 0.0, 11.0, 0.0, 10.0, 15.0, 5.0, 0.0, 15.0, 0.0, 0]
B: [0.0, 61.0, 99.5129503025, 251.0, 257.94814406874, 511.0, 527.4211666151, 538.3259061809999, 548.6892794734999, 567.9616404602, 569.12201453781, 576.1863866259699, 596.98104009747, 618.28039259937]
