Avion: 1      Iteracion: 25

Num Ruta: 23
Ingresos: 9600.0
Costos: 38.8277510938
Utilidad Ruta: 9561.17224891
Costo Reducido: 27.439660014
Nodos: [101, 8, 53, 911]
q: [0, 8.0, -8.0, 0]
Q: [0, 8.0, 0.0, 0]
B: [0.0, 414.0, 434.768396616, 441.74110971780004]
