Avion: 7      Iteracion: 73

Num Ruta: 53
Ingresos: 40800.0
Costos: 130.217916809
Utilidad Ruta: 40669.7820832
Costo Reducido: 13.2564089349
Nodos: [107, 14, 59, 18, 63, 20, 4, 49, 65, 917]
q: [0, 8.0, -8.0, 11.0, -11.0, 10.0, 5.0, -5.0, -10.0, 0]
Q: [0, 8.0, 0.0, 11.0, 0.0, 10.0, 15.0, 10.0, 0.0, 0]
B: [0.0, 112.0, 124.021711775, 293.0, 316.8182362487, 496.0, 529.0, 549.4257496801999, 561.2869729308, 574.1676239236999]
