Avion: 6      Iteracion: 63

Num Ruta: 61
Ingresos: 92400.0
Costos: 281.655883855
Utilidad Ruta: 92118.3441161
Costo Reducido: 2.78674019617
Nodos: [106, 24, 69, 1, 46, 8, 19, 64, 53, 13, 58, 15, 60, 29, 27, 74, 72, 916]
q: [0, 14.0, -14.0, 7.0, -7.0, 8.0, 7.0, -7.0, -8.0, 15.0, -15.0, 11.0, -11.0, 9.0, 6.0, -9.0, -6.0, 0]
Q: [0, 14.0, 0.0, 7.0, 0.0, 8.0, 15.0, 8.0, 0.0, 15.0, 0.0, 11.0, 0.0, 9.0, 15.0, 6.0, 0.0, 0]
B: [0.0, 61.0, 99.5129503025, 175.0, 209.2400855285, 414.0, 437.1608815463, 463.7879978378, 466.71611702935996, 468.92679317026995, 485.80994412026996, 511.0, 527.4211666151, 549.0, 574.6018082369, 582.8182362320799, 598.26561380888, 619.99432219208]
