Avion: 6      Iteracion: 23

Num Ruta: 26
Ingresos: 133200.0
Costos: 384.228243237
Utilidad Ruta: 132815.771757
Costo Reducido: 216.402713786
Nodos: [106, 16, 61, 30, 75, 24, 69, 1, 31, 76, 11, 56, 44, 46, 89, 3, 48, 8, 45, 90, 32, 19, 64, 53, 6, 51, 77, 916]
q: [0.0, 11.0, -11.0, 11.0, -11.0, 14.0, -14.0, 1.0, 6.0, -6.0, 8.0, -8.0, 14.0, -1.0, -14.0, 15.0, -15.0, 2.0, 11.0, -11.0, 6.0, 7.0, -7.0, -2.0, 5.0, -5.0, -6.0, 0.0]
Q: [0.0, 11.0, 0.0, 11.0, 0.0, 14.0, 0.0, 1.0, 7.0, 1.0, 9.0, 1.0, 15.0, 14.0, 0.0, 15.0, 0.0, 2.0, 13.0, 2.0, 8.0, 15.0, 8.0, 6.0, 11.0, 6.0, 0.0, 0.0]
B: [0.0, 36.0, 45.624091437640004, 64.0, 82.7140226568, 107.4479935471, 145.9609438496, 175.0, 183.89376197118, 197.19937597428, 197.678254873377, 201.732321720387, 213.409622178987, 258.805976415887, 274.820525426087, 297.207255267687, 302.291537026207, 414.0, 417.40515271317, 426.59677634559, 428.13238729892, 439.84730193791995, 466.47441822941994, 469.4025374209799, 478.5932090504099, 482.28549844859987, 504.9428700966999, 528.9883954392999]
