Avion: 7      Iteracion: 51

Num Ruta: 46
Ingresos: 36000.0
Costos: 91.2587116405
Utilidad Ruta: 35908.7412884
Costo Reducido: 3.46410593869
Nodos: [107, 40, 85, 37, 82, 917]
q: [0, 15.0, -15.0, 15.0, -15.0, 0]
Q: [0, 15.0, 0.0, 15.0, 0.0, 0]
B: [0.0, 62.0, 94.5694417821, 562.0, 582.7946534714999, 602.8663856587999]
