Avion: 7      Iteracion: 64

Num Ruta: 52
Ingresos: 39600.0
Costos: 117.886585811
Utilidad Ruta: 39482.1134142
Costo Reducido: 2.21099192517
Nodos: [107, 14, 59, 18, 63, 39, 84, 27, 72, 917]
q: [0, 8.0, -8.0, 11.0, -11.0, 8.0, -8.0, 6.0, -6.0, 0]
Q: [0, 8.0, 0.0, 11.0, 0.0, 8.0, 0.0, 6.0, 0.0, 0]
B: [0.0, 112.0, 124.021711775, 293.0, 316.8182362487, 388.0, 410.632187455, 538.0, 555.0308623681, 560.60829851744]
