Avion: 5      Iteracion: 72

Num Ruta: 65
Ingresos: 30000.0
Costos: 78.2128560056
Utilidad Ruta: 29921.787144
Costo Reducido: 5.00390967715
Nodos: [105, 10, 55, 41, 86, 915]
q: [0, 12.0, -12.0, 13.0, -13.0, 0]
Q: [0, 12.0, 0.0, 13.0, 0.0, 0]
B: [0.0, 96.0, 125.5195107344, 446.0, 466.0411203529, 471.890117019]
