Avion: 7      Iteracion: 0

Num Ruta: 3
Ingresos: 205200.0
Costos: 506.663392903
Utilidad Ruta: 204693.336607
Costo Reducido: -
Nodos: [107, 16, 61, 30, 75, 40, 85, 1, 31, 76, 11, 56, 46, 3, 48, 36, 81, 26, 71, 45, 8, 90, 53, 13, 58, 5, 50, 41, 86, 7, 4, 49, 52, 917]
q: [0.0, 11.0, -11.0, 11.0, -11.0, 15.0, -15.0, 7.0, 6.0, -6.0, 8.0, -8.0, -7.0, 15.0, -15.0, 15.0, -15.0, 13.0, -13.0, 11.0, 4.0, -11.0, -4.0, 15.0, -15.0, 12.0, -12.0, 13.0, -13.0, 10.0, 5.0, -5.0, -10.0, 0.0]
Q: [0.0, 11.0, 0.0, 11.0, 0.0, 15.0, 0.0, 7.0, 13.0, 7.0, 15.0, 7.0, 0.0, 15.0, 0.0, 15.0, 0.0, 13.0, 0.0, 11.0, 15.0, 4.0, 0.0, 15.0, 0.0, 12.0, 0.0, 13.0, 0.0, 10.0, 15.0, 10.0, 0.0, 0.0]
B: [0.0, 36.0, 45.624091437640004, 64.0, 82.7140226568, 113.5238767298, 146.0933185119, 175.0, 183.89376197118, 197.19937597428, 197.678254873377, 201.732321720387, 236.048051058387, 256.0, 261.08428175852, 296.00374706082, 302.95189112956, 343.25427558756, 360.83350355696, 384.35965598356, 414.0, 425.5499943723, 449.350600499, 451.56127663991, 468.44442758991, 495.70871069071, 496.83039959589, 505.65663741276, 525.69775776566, 536.10791592966, 546.47128922216, 566.89703890236, 568.05741297997, 574.74686146247]
