Avion: 4      Iteracion: 39

Num Ruta: 38
Ingresos: 51600.0
Costos: 181.154998597
Utilidad Ruta: 51418.8450014
Costo Reducido: 4.06995397113
Nodos: [104, 30, 16, 61, 75, 14, 59, 42, 18, 87, 26, 71, 63, 914]
q: [0.0, 11.0, 4.0, -4.0, -11.0, 8.0, -8.0, 5.0, 10.0, -5.0, 5.0, -5.0, -10.0, 0.0]
Q: [0.0, 11.0, 15.0, 11.0, 0.0, 8.0, 0.0, 5.0, 15.0, 10.0, 15.0, 10.0, 0.0, 0.0]
B: [0.0, 64.0, 72.20259129788, 81.82668273552001, 84.69783929691, 112.49377995381, 124.51549172881, 239.0, 293.0, 329.7411826293, 336.63666122038, 354.21588918978, 365.65067864998, 375.23439760454005]
