Avion: 2      Iteracion: 33

Num Ruta: 33
Ingresos: 82800.0
Costos: 367.991660253
Utilidad Ruta: 82432.0083397
Costo Reducido: 40.0082977001
Nodos: [102, 24, 69, 1, 46, 23, 18, 68, 63, 25, 19, 70, 64, 2, 47, 29, 74, 912]
q: [0.0, 14.0, -14.0, 7.0, -7.0, 10.0, 5.0, -10.0, -5.0, 8.0, 7.0, -8.0, -7.0, 9.0, -9.0, 9.0, -9.0, 0.0]
Q: [0.0, 14.0, 0.0, 7.0, 0.0, 10.0, 15.0, 5.0, 0.0, 8.0, 15.0, 7.0, 0.0, 9.0, 0.0, 9.0, 0.0, 0.0]
B: [0.0, 61.0, 99.5129503025, 175.0, 209.2400855285, 267.0, 293.0, 318.4393114097, 328.36484298237, 410.0, 419.3920072402, 436.06489892099995, 452.85175535689996, 522.0, 562.7349620474, 572.53970258451, 606.31948236471, 626.86659118811]
