Avion: 3      Iteracion: 81

Num Ruta: 62
Ingresos: 108000.0
Costos: 329.712300732
Utilidad Ruta: 107670.287699
Costo Reducido: 14.2142193482
Nodos: [103, 17, 30, 75, 16, 61, 62, 14, 59, 11, 56, 44, 89, 45, 90, 32, 25, 70, 38, 77, 83, 913]
q: [0.0, 4.0, 11.0, -11.0, 11.0, -11.0, -4.0, 8.0, -8.0, 8.0, -8.0, 14.0, -14.0, 11.0, -11.0, 6.0, 9.0, -9.0, 8.0, -6.0, -8.0, 0.0]
Q: [0.0, 4.0, 15.0, 4.0, 15.0, 4.0, 0.0, 8.0, 0.0, 8.0, 0.0, 14.0, 0.0, 11.0, 0.0, 6.0, 15.0, 6.0, 14.0, 8.0, 0.0, 0.0]
B: [0.0, 24.0, 64.0, 82.7140226568, 93.53069441849999, 103.15478585614, 117.80255462823999, 130.24110747813998, 142.26281925313998, 171.71124836233997, 175.76531520934998, 211.0, 265.00737440390003, 371.0, 380.19162363242, 422.0, 442.6664482919, 459.851430602, 480.0, 495.0304472322, 517.0265259964, 526.9905013576699]
