Avion: 1      Iteracion: 48

Num Ruta: 41
Ingresos: 30000.0
Costos: 83.5264663903
Utilidad Ruta: 29916.4735336
Costo Reducido: 6.64381199927
Nodos: [101, 10, 55, 26, 71, 911]
q: [0, 12.0, -12.0, 13.0, -13.0, 0]
Q: [0, 12.0, 0.0, 13.0, 0.0, 0]
B: [0.0, 96.0, 125.5195107344, 300.0, 317.5792279694, 324.28490295407]
