Avion: 7      Iteracion: 16

Num Ruta: 17
Ingresos: 85200.0
Costos: 325.587026152
Utilidad Ruta: 84874.4129738
Costo Reducido: 163.362241225
Nodos: [107, 12, 57, 1, 31, 76, 46, 42, 87, 5, 50, 41, 86, 4, 29, 74, 49, 917]
q: [0, 14.0, -14.0, 7.0, 6.0, -6.0, -7.0, 5.0, -5.0, 12.0, -12.0, 13.0, -13.0, 5.0, 9.0, -9.0, -5.0, 0]
Q: [0, 14.0, 0.0, 7.0, 13.0, 7.0, 0.0, 5.0, 0.0, 12.0, 0.0, 13.0, 0.0, 5.0, 14.0, 5.0, 0.0, 0]
B: [0.0, 54.0, 97.347924264, 175.0, 183.89376197118, 197.19937597428, 230.76046369508, 255.82306509638, 303.87289974748, 469.0, 470.12168890518, 478.94792672205, 498.98904707495, 529.0, 549.7100026316, 583.4897824118, 595.7088534485, 602.53150344685]
