Avion: 4      Iteracion: 73

Num Ruta: 59
Ingresos: 122400.0
Costos: 371.174641441
Utilidad Ruta: 122028.825359
Costo Reducido: 23.5863140488
Nodos: [104, 31, 11, 76, 56, 44, 42, 89, 35, 87, 26, 80, 71, 22, 67, 45, 90, 32, 43, 77, 88, 15, 60, 20, 7, 4, 52, 49, 65, 914]
q: [0.0, 6.0, 8.0, -6.0, -8.0, 10.0, 5.0, -10.0, 6.0, -5.0, 9.0, -6.0, -9.0, 10.0, -10.0, 11.0, -11.0, 6.0, 5.0, -6.0, -5.0, 11.0, -11.0, 10.0, 0.0, 5.0, 0.0, -5.0, -10.0, 0.0]
Q: [0.0, 6.0, 14.0, 8.0, 0.0, 10.0, 15.0, 5.0, 11.0, 6.0, 15.0, 9.0, 0.0, 10.0, 0.0, 11.0, 0.0, 6.0, 11.0, 5.0, 0.0, 11.0, 0.0, 10.0, 10.0, 15.0, 15.0, 10.0, 0.0, 0.0]
B: [0.0, 130.0, 169.0, 169.478878899097, 173.173257466597, 211.0, 239.0, 276.4881823646, 296.9043957745, 300.96084557698003, 307.85632416806004, 317.14932954845005, 326.97114531744006, 340.60532596754007, 362.3600121064401, 374.1226863347401, 383.31430996716006, 422.0, 451.0, 474.5469186944, 488.3458735099, 511.0, 527.4211666151, 533.55501866744, 542.2979730879999, 552.6613463804999, 571.9337073672, 573.09408144481, 584.95530469541, 628.8469091887099]
