Avion: 6      Iteracion: 14

Num Ruta: 17
Ingresos: 121200.0
Costos: 543.533020934
Utilidad Ruta: 120656.466979
Costo Reducido: 56841.6994964
Nodos: [106, 17, 62, 30, 75, 10, 55, 3, 48, 26, 71, 28, 73, 25, 19, 64, 70, 38, 43, 88, 21, 66, 83, 29, 74, 916]
q: [0.0, 5.0, -5.0, 11.0, -11.0, 12.0, -12.0, 15.0, -15.0, 13.0, -13.0, 8.0, -8.0, 10.0, 5.0, -5.0, -10.0, 8.0, 5.0, -5.0, 0.0, 0.0, -8.0, 9.0, -9.0, 0.0]
Q: [0.0, 5.0, 0.0, 11.0, 0.0, 12.0, 0.0, 15.0, 0.0, 13.0, 0.0, 8.0, 0.0, 10.0, 15.0, 10.0, 0.0, 8.0, 13.0, 8.0, 8.0, 8.0, 0.0, 9.0, 0.0, 0.0]
B: [0.0, 49.2628851063, 84.1054388876, 87.24989337129, 105.96391602809, 124.65696631419, 154.17647704859002, 256.0, 261.08428175852, 300.0, 317.5792279694, 378.0, 414.0266187839, 417.35999740026, 426.75200464046, 453.37912093195996, 470.16597736785997, 480.0, 488.71731541244, 505.97963651943996, 513.2626439339599, 554.0014346131599, 561.0713631842299, 595.4675388437299, 629.2473186239299, 660.5105527816299]
