Avion: 5      Iteracion: 30

Num Ruta: 33
Ingresos: 124800.0
Costos: 323.434555971
Utilidad Ruta: 124476.565444
Costo Reducido: 127.273004148
Nodos: [105, 17, 62, 30, 16, 61, 75, 14, 59, 3, 48, 45, 90, 43, 25, 70, 88, 15, 60, 7, 4, 52, 2, 49, 47, 915]
q: [0.0, 5.0, -5.0, 11.0, 4.0, -4.0, -11.0, 8.0, -8.0, 15.0, -15.0, 11.0, -11.0, 5.0, 10.0, -10.0, -5.0, 11.0, -11.0, 10.0, 5.0, -10.0, 9.0, -5.0, -9.0, 0.0]
Q: [0.0, 5.0, 0.0, 11.0, 15.0, 11.0, 0.0, 8.0, 0.0, 15.0, 0.0, 11.0, 0.0, 5.0, 15.0, 5.0, 0.0, 11.0, 0.0, 10.0, 15.0, 5.0, 14.0, 9.0, 0.0, 0.0]
B: [0.0, 24.0, 58.8425537813, 64.0, 72.20259129788, 81.82668273552001, 84.69783929691, 112.49377995381, 124.51549172881, 256.0, 261.08428175852, 371.0, 380.19162363242, 451.0, 465.0611587716, 482.2461410817, 489.99531710241, 511.0, 527.4211666151, 538.3259061809999, 548.6892794734999, 567.9616404602, 578.0918089188, 587.5462754294, 620.7394862111, 631.7955698305001]
