Avion: 7      Iteracion: 5

Num Ruta: 8
Ingresos: 128400.0
Costos: 413.462099567
Utilidad Ruta: 127986.5379
Costo Reducido: 346715.422421
Nodos: [107, 16, 61, 30, 75, 24, 69, 42, 87, 45, 90, 19, 8, 64, 53, 13, 58, 7, 52, 37, 82, 917]
q: [0, 11.0, -11.0, 11.0, -11.0, 14.0, -14.0, 5.0, -5.0, 11.0, -11.0, 7.0, 8.0, -7.0, -8.0, 15.0, -15.0, 10.0, -10.0, 15.0, -15.0, 0]
Q: [0, 11.0, 0.0, 11.0, 0.0, 14.0, 0.0, 5.0, 0.0, 11.0, 0.0, 7.0, 15.0, 8.0, 0.0, 15.0, 0.0, 10.0, 0.0, 15.0, 0.0, 0]
B: [0.0, 36.0, 45.624091437640004, 64.0, 82.7140226568, 107.4479935471, 145.9609438496, 239.0, 287.0498346511, 371.0, 380.19162363242, 402.0, 425.1608815463, 443.1178409771, 446.04596016866, 448.25663630956996, 465.13978725956997, 517.0, 545.5413118129, 562.0, 582.7946534714999, 602.8663856587999]
