Avion: 3      Iteracion: 12

Num Ruta: 15
Ingresos: 25200.0
Costos: 187.580823314
Utilidad Ruta: 25012.4191767
Costo Reducido: 7682.84219172
Nodos: [103, 12, 24, 57, 69, 31, 76, 913]
q: [0.0, 14.0, 1.0, -14.0, -1.0, 6.0, -6.0, 0.0]
Q: [0.0, 14.0, 15.0, 1.0, 0.0, 6.0, 0.0, 0.0]
B: [0.0, 54.0, 70.84782742670001, 112.4021086622, 128.3343462326, 139.61870399010002, 152.92431799320002, 191.6593445196]
