Avion: 2      Iteracion: 26

Num Ruta: 29
Ingresos: 40800.0
Costos: 179.7961707
Utilidad Ruta: 40620.2038293
Costo Reducido: 69.7860900371
Nodos: [102, 12, 57, 1, 46, 8, 53, 6, 51, 912]
q: [0, 14.0, -14.0, 7.0, -7.0, 8.0, -8.0, 5.0, -5.0, 0]
Q: [0, 14.0, 0.0, 7.0, 0.0, 8.0, 0.0, 5.0, 0.0, 0]
B: [0.0, 54.0, 97.347924264, 175.0, 209.2400855285, 414.0, 434.768396616, 443.95906824543, 447.65135764362, 470.84777568602]
