Avion: 5      Iteracion: 17

Num Ruta: 20
Ingresos: 126000.0
Costos: 346.030853455
Utilidad Ruta: 125653.969147
Costo Reducido: 244.027657964
Nodos: [105, 11, 56, 36, 81, 22, 67, 8, 53, 41, 86, 43, 88, 21, 38, 83, 66, 33, 78, 27, 72, 37, 82, 915]
q: [0.0, 8.0, -8.0, 15.0, -15.0, 10.0, -10.0, 8.0, -8.0, 13.0, -13.0, 5.0, -5.0, 7.0, 8.0, -8.0, -7.0, 10.0, -10.0, 6.0, -6.0, 15.0, -15.0, 0.0]
Q: [0.0, 8.0, 0.0, 15.0, 0.0, 10.0, 0.0, 8.0, 0.0, 13.0, 0.0, 5.0, 0.0, 7.0, 15.0, 7.0, 0.0, 10.0, 0.0, 6.0, 0.0, 15.0, 0.0, 0.0]
B: [0.0, 169.0, 173.05406684701, 251.0, 257.94814406874, 299.0, 320.7546861389, 414.0, 434.768396616, 450.7881267011, 470.829247054, 481.1953923839, 498.4577134909, 505.74072090542, 512.56363384639, 545.43252048709, 552.50244905816, 562.65799399676, 585.96150523436, 593.1802585893399, 610.2111209574399, 617.0470865805299, 637.84174005203, 662.90691798873]
