Avion: 1      Iteracion: 74

Num Ruta: 52
Ingresos: 67200.0
Costos: 197.741187227
Utilidad Ruta: 67002.2588128
Costo Reducido: 13.6004337521
Nodos: [101, 40, 85, 41, 86, 43, 88, 21, 66, 33, 78, 911]
q: [0, 15.0, -15.0, 13.0, -13.0, 5.0, -5.0, 13.0, -13.0, 10.0, -10.0, 0]
Q: [0, 15.0, 0.0, 13.0, 0.0, 5.0, 0.0, 13.0, 0.0, 10.0, 0.0, 0]
B: [0.0, 62.0, 94.5694417821, 446.0, 466.0411203529, 476.4072656828, 493.6695867898, 500.95259420432, 541.69138488352, 562.0, 585.3035112376, 590.98027404751]
