Avion: 7      Iteracion: 13

Num Ruta: 15
Ingresos: 7200.0
Costos: 65.0033737269
Utilidad Ruta: 7134.99662627
Costo Reducido: 31743.4820773
Nodos: [107, 32, 77, 917]
q: [0, 6.0, -6.0, 0]
Q: [0, 6.0, 0.0, 0]
B: [0.0, 422.0, 449.8573558149, 482.2339707244]
