Avion: 7      Iteracion: 23

Num Ruta: 23
Ingresos: 54000.0
Costos: 169.953674443
Utilidad Ruta: 53830.0463256
Costo Reducido: 176.486363457
Nodos: [107, 30, 75, 31, 76, 14, 59, 3, 48, 6, 51, 917]
q: [0, 11.0, -11.0, 6.0, -6.0, 8.0, -8.0, 15.0, -15.0, 5.0, -5.0, 0]
Q: [0, 11.0, 0.0, 6.0, 0.0, 8.0, 0.0, 15.0, 0.0, 5.0, 0.0, 0]
B: [0.0, 64.0, 82.7140226568, 130.0, 143.3056140031, 160.3516205736, 172.3733323486, 256.0, 261.08428175852, 436.0, 439.69228939819, 461.08645703799]
