Avion: 3      Iteracion: 58

Num Ruta: 52
Ingresos: 52800.0
Costos: 197.229605719
Utilidad Ruta: 52602.7703943
Costo Reducido: 8.31003045838
Nodos: [103, 1, 46, 8, 45, 90, 19, 64, 53, 38, 21, 66, 83, 913]
q: [0.0, 7.0, -7.0, 8.0, 7.0, -7.0, 7.0, -7.0, -8.0, 2.0, 13.0, -13.0, -2.0, 0.0]
Q: [0.0, 7.0, 0.0, 8.0, 15.0, 8.0, 15.0, 8.0, 0.0, 2.0, 15.0, 2.0, 0.0, 0.0]
B: [0.0, 175.0, 209.2400855285, 414.0, 417.40515271317, 426.59677634559, 438.43863059229, 465.06574688379, 467.99386607534996, 486.29444273294996, 493.11735567392, 533.8561463531199, 540.92607492419, 550.8900502854599]
