Avion: 6      Iteracion: 25

Num Ruta: 28
Ingresos: 98400.0
Costos: 330.322402921
Utilidad Ruta: 98069.6775971
Costo Reducido: 49.867501712
Nodos: [106, 40, 85, 26, 71, 18, 63, 28, 39, 73, 25, 19, 70, 84, 64, 6, 51, 27, 7, 52, 72, 916]
q: [0.0, 15.0, -15.0, 13.0, -13.0, 11.0, -11.0, 8.0, 7.0, -8.0, 1.0, 7.0, -1.0, -7.0, -7.0, 5.0, -5.0, 5.0, 10.0, -10.0, -5.0, 0.0]
Q: [0.0, 15.0, 0.0, 13.0, 0.0, 11.0, 0.0, 8.0, 15.0, 7.0, 8.0, 15.0, 14.0, 7.0, 0.0, 5.0, 0.0, 5.0, 15.0, 5.0, 0.0, 0.0]
B: [0.0, 62.0, 94.5694417821, 300.0, 317.5792279694, 340.8578987218, 364.67613497049996, 378.0, 389.3210123222, 420.750419714, 424.08379833035997, 433.47580557055994, 450.1486972513599, 469.0558084003599, 475.3710104557199, 487.1620294532199, 490.85431885140986, 538.0, 565.6633233723, 594.2046351852, 598.60455575266, 620.33326413586]
