Avion: 6      Iteracion: 13

Num Ruta: 16
Ingresos: 37200.0
Costos: 228.555410501
Utilidad Ruta: 36971.4445895
Costo Reducido: 78628.4935575
Nodos: [106, 35, 80, 32, 77, 15, 60, 38, 83, 916]
q: [0, 6.0, -6.0, 6.0, -6.0, 11.0, -11.0, 8.0, -8.0, 0]
Q: [0, 6.0, 0.0, 6.0, 0.0, 11.0, 0.0, 8.0, 0.0, 0]
B: [0.0, 279.0, 298.9128833924, 422.0, 449.8573558149, 511.0, 527.4211666151, 531.5084323270399, 564.3773189677399, 602.19832588184]
