Avion: 5      Iteracion: 13

Num Ruta: 17
Ingresos: 151200.0
Costos: 586.970864746
Utilidad Ruta: 150613.029135
Costo Reducido: 158238.276392
Nodos: [105, 16, 61, 12, 57, 14, 59, 42, 44, 89, 87, 35, 26, 80, 71, 28, 73, 32, 8, 13, 53, 58, 77, 7, 4, 52, 49, 37, 82, 33, 78, 915]
q: [0.0, 11.0, -11.0, 14.0, -14.0, 8.0, -8.0, 1.0, 14.0, -14.0, -1.0, 6.0, 9.0, -6.0, -9.0, 8.0, -8.0, 6.0, 8.0, 1.0, -8.0, -1.0, -6.0, 10.0, 5.0, -10.0, -5.0, 15.0, -15.0, 10.0, -10.0, 0.0]
Q: [0.0, 11.0, 0.0, 14.0, 0.0, 8.0, 0.0, 1.0, 15.0, 1.0, 0.0, 6.0, 15.0, 9.0, 0.0, 8.0, 0.0, 6.0, 14.0, 15.0, 7.0, 6.0, 0.0, 10.0, 15.0, 5.0, 0.0, 15.0, 0.0, 10.0, 0.0, 0.0]
B: [0.0, 36.0, 45.624091437640004, 79.57799432084, 122.92591858484, 159.44515236654001, 171.46686414154001, 239.0, 261.4203115277, 315.42768593159997, 333.0557924947, 337.11224229718, 347.73945688988, 357.03246227027, 366.85427803926, 378.0, 414.0266187839, 437.4817273106, 448.9286254494, 471.03880647529996, 473.24948261620995, 492.2871696869099, 496.35812006734994, 519.96826623375, 530.33163952625, 549.60400051295, 550.76437459056, 562.0, 582.7946534714999, 617.3784082994999, 640.6819195370999, 656.9145114743]
