Avion: 5      Iteracion: 78

Num Ruta: 70
Ingresos: 55200.0
Costos: 141.932729443
Utilidad Ruta: 55058.0672706
Costo Reducido: 19.0049975287
Nodos: [105, 10, 55, 35, 26, 80, 71, 28, 73, 15, 60, 915]
q: [0.0, 12.0, -12.0, 6.0, 9.0, -6.0, -9.0, 8.0, -8.0, 11.0, -11.0, 0.0]
Q: [0.0, 12.0, 0.0, 6.0, 15.0, 9.0, 0.0, 8.0, 0.0, 11.0, 0.0, 0.0]
B: [0.0, 96.0, 125.5195107344, 279.0, 300.0, 309.29300538039, 319.11482114938, 378.0, 414.0266187839, 511.0, 527.4211666151, 532.20771547623]
