Avion: 6      Iteracion: 62

Num Ruta: 60
Ingresos: 86400.0
Costos: 284.529533673
Utilidad Ruta: 86115.4704663
Costo Reducido: 0.593445385341
Nodos: [106, 24, 69, 10, 55, 35, 80, 22, 67, 21, 38, 83, 66, 37, 82, 916]
q: [0.0, 14.0, -14.0, 12.0, -12.0, 6.0, -6.0, 10.0, -10.0, 13.0, 2.0, -2.0, -13.0, 15.0, -15.0, 0.0]
Q: [0.0, 14.0, 0.0, 12.0, 0.0, 6.0, 0.0, 10.0, 0.0, 13.0, 15.0, 13.0, 0.0, 15.0, 0.0, 0.0]
B: [0.0, 61.0, 99.5129503025, 111.2988809828, 140.8183917172, 279.0, 298.9128833924, 314.02713802169995, 335.78182416059997, 477.0, 483.82291294097, 516.69179958167, 523.76172815274, 562.0, 582.7946534714999, 604.0940059733999]
