Avion: 6      Iteracion: 33

Num Ruta: 36
Ingresos: 96000.0
Costos: 326.502169076
Utilidad Ruta: 95673.4978309
Costo Reducido: 49.3458393353
Nodos: [106, 24, 69, 11, 56, 42, 23, 87, 35, 80, 68, 28, 19, 73, 25, 70, 64, 37, 82, 916]
q: [0.0, 14.0, -14.0, 8.0, -8.0, 5.0, 10.0, -5.0, 5.0, -5.0, -10.0, 8.0, 7.0, -8.0, 8.0, -8.0, -7.0, 15.0, -15.0, 0.0]
Q: [0.0, 14.0, 0.0, 8.0, 0.0, 5.0, 15.0, 10.0, 15.0, 10.0, 0.0, 8.0, 15.0, 7.0, 15.0, 7.0, 0.0, 15.0, 0.0, 0.0]
B: [0.0, 61.0, 99.5129503025, 169.0, 173.05406684701, 239.0, 267.0, 304.0156388571, 308.07208865958, 327.98497205198, 340.60351753078, 378.0, 414.065010994, 426.60080426769997, 429.93418288405996, 447.11916519415996, 463.90602163005997, 562.0, 582.7946534714999, 604.0940059733999]
