Avion: 7      Iteracion: 56

Num Ruta: 49
Ingresos: 34800.0
Costos: 112.903395599
Utilidad Ruta: 34687.0966044
Costo Reducido: 6.84132087252
Nodos: [107, 14, 59, 19, 8, 64, 53, 27, 72, 917]
q: [0, 8.0, -8.0, 7.0, 8.0, -7.0, -8.0, 6.0, -6.0, 0]
Q: [0, 8.0, 0.0, 7.0, 15.0, 8.0, 0.0, 6.0, 0.0, 0]
B: [0.0, 112.0, 124.021711775, 402.0, 425.1608815463, 443.1178409771, 446.04596016866, 538.0, 555.0308623681, 560.60829851744]
