Avion: 1      Iteracion: 99

Num Ruta: 62
Ingresos: 75600.0
Costos: 188.590207368
Utilidad Ruta: 75411.4097926
Costo Reducido: 5.80267103425
Nodos: [101, 16, 61, 24, 69, 36, 81, 21, 66, 33, 78, 911]
q: [0, 11.0, -11.0, 14.0, -14.0, 15.0, -15.0, 13.0, -13.0, 10.0, -10.0, 0]
Q: [0, 11.0, 0.0, 14.0, 0.0, 15.0, 0.0, 13.0, 0.0, 10.0, 0.0, 0]
B: [0.0, 36.0, 45.624091437640004, 70.85029051714, 109.36324081964, 251.0, 257.94814406874, 477.0, 517.7387906792, 562.0, 585.3035112376, 590.98027404751]
