Avion: 7      Iteracion: 1

Num Ruta: 5
Ingresos: 181200.0
Costos: 537.270055277
Utilidad Ruta: 180662.729945
Costo Reducido: 212638.857048
Nodos: [107, 16, 61, 30, 75, 40, 85, 11, 56, 44, 89, 23, 68, 22, 67, 45, 90, 25, 70, 5, 50, 41, 86, 15, 60, 20, 4, 49, 65, 917]
q: [0, 11.0, -11.0, 11.0, -11.0, 15.0, -15.0, 8.0, -8.0, 14.0, -14.0, 10.0, -10.0, 10.0, -10.0, 11.0, -11.0, 10.0, -10.0, 12.0, -12.0, 13.0, -13.0, 11.0, -11.0, 10.0, 5.0, -5.0, -10.0, 0]
Q: [0, 11.0, 0.0, 11.0, 0.0, 15.0, 0.0, 8.0, 0.0, 14.0, 0.0, 10.0, 0.0, 10.0, 0.0, 11.0, 0.0, 10.0, 0.0, 12.0, 0.0, 13.0, 0.0, 11.0, 0.0, 10.0, 15.0, 10.0, 0.0, 0]
B: [0.0, 36.0, 45.624091437640004, 64.0, 82.7140226568, 113.5238767298, 146.0933185119, 181.8194824258, 185.87354927281, 211.0, 265.00737440390003, 285.83796549010003, 325.57180839510005, 341.32823238660006, 363.0829185255001, 374.8455927538001, 384.03721638622005, 410.0, 427.1849823101, 469.0, 470.12168890518, 478.94792672205, 498.98904707495, 521.57892013785, 538.00008675295, 544.13393880529, 554.41308984029, 574.83883952049, 586.70006277109, 599.5807137639899]
