Avion: 4      Iteracion: 56

Num Ruta: 49
Ingresos: 124800.0
Costos: 362.64961912
Utilidad Ruta: 124437.350381
Costo Reducido: 7.83316224291
Nodos: [104, 31, 11, 76, 56, 44, 42, 89, 87, 26, 71, 22, 67, 45, 90, 43, 25, 70, 88, 15, 60, 20, 7, 52, 65, 914]
q: [0.0, 6.0, 8.0, -6.0, -8.0, 10.0, 5.0, -10.0, -5.0, 13.0, -13.0, 10.0, -10.0, 11.0, -11.0, 5.0, 10.0, -10.0, -5.0, 11.0, -11.0, 10.0, 5.0, -5.0, -10.0, 0.0]
Q: [0.0, 6.0, 14.0, 8.0, 0.0, 10.0, 15.0, 5.0, 0.0, 13.0, 0.0, 10.0, 0.0, 11.0, 0.0, 5.0, 15.0, 5.0, 0.0, 11.0, 0.0, 10.0, 15.0, 10.0, 0.0, 0.0]
B: [0.0, 130.0, 169.0, 169.478878899097, 173.173257466597, 211.0, 239.0, 276.4881823646, 294.1162889277, 301.01176751878, 318.59099548818, 332.22517613828, 353.97986227718, 371.0, 380.19162363242, 451.0, 465.0611587716, 482.2461410817, 489.99531710241, 511.0, 527.4211666151, 533.55501866744, 542.2979730879999, 570.8392849008999, 583.8029694465998, 627.6945739398998]
