Avion: 6      Iteracion: 79

Num Ruta: 69
Ingresos: 117600.0
Costos: 295.194566674
Utilidad Ruta: 117304.805433
Costo Reducido: 10.3113747991
Nodos: [106, 40, 85, 8, 45, 90, 19, 64, 53, 5, 50, 41, 86, 38, 21, 83, 66, 27, 72, 37, 82, 916]
q: [0.0, 15.0, -15.0, 8.0, 7.0, -7.0, 7.0, -7.0, -8.0, 12.0, -12.0, 13.0, -13.0, 2.0, 13.0, -2.0, -13.0, 6.0, -6.0, 15.0, -15.0, 0.0]
Q: [0.0, 15.0, 0.0, 8.0, 15.0, 8.0, 15.0, 8.0, 0.0, 12.0, 0.0, 13.0, 0.0, 2.0, 15.0, 13.0, 0.0, 6.0, 0.0, 15.0, 0.0, 0.0]
B: [0.0, 62.0, 94.5694417821, 414.0, 417.40515271317, 426.59677634559, 438.43863059229, 465.06574688379, 467.99386607534996, 477.74667695221996, 478.86836585739997, 487.69460367426996, 507.73572402716997, 519.5899563936699, 526.4128693346399, 564.92460780484, 571.99453637591, 585.17198457351, 602.20284694161, 609.0388125647, 629.8334660362, 651.1328185381]
