Avion: 3      Iteracion: 77

Num Ruta: 61
Ingresos: 118800.0
Costos: 318.827425841
Utilidad Ruta: 118481.172574
Costo Reducido: 8.07939149709
Nodos: [103, 17, 30, 62, 16, 61, 75, 40, 85, 26, 71, 22, 67, 45, 90, 43, 25, 70, 21, 88, 38, 66, 83, 913]
q: [0.0, 5.0, 10.0, -5.0, 5.0, -5.0, -10.0, 15.0, -15.0, 13.0, -13.0, 10.0, -10.0, 11.0, -11.0, 5.0, 10.0, -10.0, 10.0, -5.0, 5.0, -10.0, -5.0, 0.0]
Q: [0.0, 5.0, 15.0, 10.0, 15.0, 10.0, 0.0, 15.0, 0.0, 13.0, 0.0, 10.0, 0.0, 11.0, 0.0, 5.0, 15.0, 5.0, 15.0, 10.0, 15.0, 5.0, 0.0, 0.0]
B: [0.0, 24.0, 64.0, 67.14445448369, 72.47609381883, 82.10018525647, 84.97134181786, 115.78119589085999, 148.35063767295998, 300.0, 317.5792279694, 331.2134086195, 352.9680947584, 371.0, 380.19162363242, 451.0, 465.0611587716, 482.2461410817, 490.4148545667, 497.69786198122, 507.83302581812, 542.31540620292, 549.38533477399, 559.34931013526]
