Avion: 1      Iteracion: 79

Num Ruta: 53
Ingresos: 48000.0
Costos: 137.529561106
Utilidad Ruta: 47862.4704389
Costo Reducido: 11.3607990181
Nodos: [101, 16, 61, 12, 57, 6, 51, 33, 78, 911]
q: [0, 11.0, -11.0, 14.0, -14.0, 5.0, -5.0, 10.0, -10.0, 0]
Q: [0, 11.0, 0.0, 14.0, 0.0, 5.0, 0.0, 10.0, 0.0, 0]
B: [0.0, 36.0, 45.624091437640004, 79.57799432084, 122.92591858484, 436.0, 439.69228939819, 562.0, 585.3035112376, 590.98027404751]
