Avion: 3      Iteracion: 43

Num Ruta: 41
Ingresos: 63600.0
Costos: 174.869321879
Utilidad Ruta: 63425.1306781
Costo Reducido: 9.37766768698
Nodos: [103, 10, 55, 26, 71, 13, 58, 21, 66, 913]
q: [0, 12.0, -12.0, 13.0, -13.0, 15.0, -15.0, 13.0, -13.0, 0]
Q: [0, 12.0, 0.0, 13.0, 0.0, 15.0, 0.0, 13.0, 0.0, 0]
B: [0.0, 96.0, 125.5195107344, 300.0, 317.5792279694, 423.0, 439.88315095, 477.0, 517.7387906792, 534.7289915314999]
