Avion: 5      Iteracion: 0

Num Ruta: 1
Ingresos: 57600.0
Costos: 217.998147046
Utilidad Ruta: 57382.001853
Costo Reducido: -
Nodos: [105, 11, 56, 32, 77, 21, 66, 27, 72, 37, 82, 915]
q: [0, 8.0, -8.0, 6.0, -6.0, 13.0, -13.0, 6.0, -6.0, 15.0, -15.0, 0]
Q: [0, 8.0, 0.0, 6.0, 0.0, 13.0, 0.0, 6.0, 0.0, 15.0, 0.0, 0]
B: [0.0, 169.0, 173.05406684701, 422.0, 449.8573558149, 477.0, 517.7387906792, 538.0, 555.0308623681, 562.0, 582.7946534714999, 607.8598314082]
