Avion: 5      Iteracion: 84

Num Ruta: 74
Ingresos: 100800.0
Costos: 282.849441982
Utilidad Ruta: 100517.150558
Costo Reducido: 6.47725318986
Nodos: [105, 17, 62, 30, 16, 61, 75, 8, 32, 53, 13, 77, 58, 15, 60, 20, 4, 49, 65, 37, 82, 915]
q: [0.0, 5.0, -5.0, 11.0, 4.0, -4.0, -11.0, 8.0, 6.0, -8.0, 9.0, -6.0, -9.0, 11.0, -11.0, 10.0, 5.0, -5.0, -10.0, 15.0, -15.0, 0.0]
Q: [0.0, 5.0, 0.0, 11.0, 15.0, 11.0, 0.0, 8.0, 14.0, 6.0, 15.0, 9.0, 0.0, 11.0, 0.0, 10.0, 15.0, 10.0, 0.0, 15.0, 0.0, 0.0]
B: [0.0, 24.0, 58.8425537813, 64.0, 72.20259129788, 81.82668273552001, 84.69783929691, 414.0, 425.4468981388, 447.8266328334, 450.03730897431, 463.87948875211003, 467.95043913255006, 511.0, 527.4211666151, 533.55501866744, 543.83416970244, 564.25991938264, 576.12114263324, 587.69866058834, 608.49331405984, 633.55849199654]
