Avion: 3      Iteracion: 38

Num Ruta: 38
Ingresos: 55200.0
Costos: 171.996215523
Utilidad Ruta: 55028.0037845
Costo Reducido: 8.98023479902
Nodos: [103, 10, 55, 35, 80, 13, 58, 21, 66, 913]
q: [0, 12.0, -12.0, 6.0, -6.0, 15.0, -15.0, 13.0, -13.0, 0]
Q: [0, 12.0, 0.0, 6.0, 0.0, 15.0, 0.0, 13.0, 0.0, 0]
B: [0.0, 96.0, 125.5195107344, 279.0, 298.9128833924, 423.0, 439.88315095, 477.0, 517.7387906792, 534.7289915314999]
