Avion: 6      Iteracion: 53

Num Ruta: 52
Ingresos: 70800.0
Costos: 198.503475887
Utilidad Ruta: 70601.4965241
Costo Reducido: 0.958412374865
Nodos: [106, 24, 69, 36, 81, 34, 79, 28, 73, 25, 70, 916]
q: [0, 14.0, -14.0, 15.0, -15.0, 12.0, -12.0, 8.0, -8.0, 10.0, -10.0, 0]
Q: [0, 14.0, 0.0, 15.0, 0.0, 12.0, 0.0, 8.0, 0.0, 10.0, 0.0, 0]
B: [0.0, 61.0, 99.5129503025, 251.0, 257.94814406874, 283.0, 323.947598037, 378.0, 414.0266187839, 417.35999740026, 434.54497971036, 448.82806635156]
