Avion: 3      Iteracion: 2

Num Ruta: 6
Ingresos: 212400.0
Costos: 644.332911895
Utilidad Ruta: 211755.667088
Costo Reducido: 771156.059247
Nodos: [103, 24, 69, 10, 55, 31, 11, 56, 76, 1, 46, 3, 48, 23, 18, 63, 68, 26, 71, 45, 90, 25, 70, 41, 50, 5, 86, 43, 15, 88, 38, 60, 4, 83, 27, 72, 49, 33, 78, 913]
q: [0.0, 14.0, -14.0, 12.0, -12.0, 6.0, 8.0, -8.0, -6.0, 7.0, -7.0, 15.0, -15.0, 4.0, 11.0, -11.0, -4.0, 13.0, -13.0, 11.0, -11.0, 10.0, -10.0, 13.0, -12.0, 12.0, -13.0, 5.0, 10.0, -5.0, 5.0, -10.0, 5.0, -5.0, 6.0, -6.0, -5.0, 10.0, -10.0, 0.0]
Q: [0.0, 14.0, 0.0, 12.0, 0.0, 6.0, 14.0, 6.0, 0.0, 7.0, 0.0, 15.0, 0.0, 4.0, 15.0, 4.0, 0.0, 13.0, 0.0, 11.0, 0.0, 10.0, 0.0, 13.0, 1.0, 13.0, 0.0, 5.0, 15.0, 10.0, 15.0, 5.0, 10.0, 5.0, 11.0, 5.0, 0.0, 10.0, 0.0, 0.0]
B: [0.0, 61.0, 99.5129503025, 111.2988809828, 140.8183917172, 180.4265460544, 193.6092752483, 197.66334209531, 201.35772066281, 220.34741476251, 254.58750029101, 261.68405220021, 266.76833395872995, 270.13082128212994, 293.0, 316.8182362487, 326.74376782137, 346.43014059547, 364.00936856487, 387.53552099147, 396.72714462388996, 417.75335949959, 434.93834180969, 466.28970638928996, 475.11594420615995, 476.23763311133996, 488.26352122823994, 498.62966655813995, 512.3964685106399, 522.6494767521399, 532.7846405890399, 536.8719063009798, 542.4465855742699, 571.5662849030699, 583.10201223167, 600.1328745997699, 605.5481331346899, 614.1195985869899, 637.4231098245899, 656.2618486358899]
