Avion: 3      Iteracion: 36

Num Ruta: 36
Ingresos: 57600.0
Costos: 179.060441029
Utilidad Ruta: 57420.939559
Costo Reducido: 12.9584341763
Nodos: [103, 17, 62, 14, 59, 3, 48, 18, 63, 29, 74, 913]
q: [0, 5.0, -5.0, 8.0, -8.0, 15.0, -15.0, 11.0, -11.0, 9.0, -9.0, 0]
Q: [0, 5.0, 0.0, 8.0, 0.0, 15.0, 0.0, 11.0, 0.0, 9.0, 0.0, 0]
B: [0.0, 24.0, 58.8425537813, 112.0, 124.021711775, 256.0, 261.08428175852, 293.0, 316.8182362487, 549.0, 582.7797797802, 601.4169443982]
