Avion: 5      Iteracion: 39

Num Ruta: 41
Ingresos: 73200.0
Costos: 225.745387808
Utilidad Ruta: 72974.2546122
Costo Reducido: 23.1187834583
Nodos: [105, 10, 55, 35, 26, 80, 71, 18, 63, 28, 19, 73, 25, 70, 64, 915]
q: [0.0, 12.0, -12.0, 6.0, 9.0, -6.0, -9.0, 11.0, -11.0, 8.0, 7.0, -8.0, 8.0, -8.0, -7.0, 0.0]
Q: [0.0, 12.0, 0.0, 6.0, 15.0, 9.0, 0.0, 11.0, 0.0, 8.0, 15.0, 7.0, 15.0, 7.0, 0.0, 0.0]
B: [0.0, 96.0, 125.5195107344, 279.0, 300.0, 309.29300538039, 319.11482114938, 342.39349190178, 366.21172815048, 378.0, 414.065010994, 426.60080426769997, 429.93418288405996, 447.11916519415996, 463.90602163005997, 476.88603029726]
