Avion: 6      Iteracion: 51

Num Ruta: 50
Ingresos: 55200.0
Costos: 189.128993952
Utilidad Ruta: 55010.871006
Costo Reducido: 0.64588223357
Nodos: [106, 24, 69, 1, 46, 23, 18, 63, 68, 22, 67, 916]
q: [0.0, 14.0, -14.0, 7.0, -7.0, 10.0, 5.0, -5.0, -10.0, 10.0, -10.0, 0.0]
Q: [0.0, 14.0, 0.0, 7.0, 0.0, 10.0, 15.0, 10.0, 0.0, 10.0, 0.0, 0.0]
B: [0.0, 61.0, 99.5129503025, 175.0, 209.2400855285, 267.0, 293.0, 316.8182362487, 326.74376782137, 342.50019181287, 364.25487795177, 378.19128771177003]
