Avion: 4      Iteracion: 6

Num Ruta: 10
Ingresos: 43200.0
Costos: 208.234144949
Utilidad Ruta: 42991.7658551
Costo Reducido: 187329.687343
Nodos: [104, 14, 59, 18, 63, 8, 53, 2, 47, 914]
q: [0, 8.0, -8.0, 11.0, -11.0, 8.0, -8.0, 9.0, -9.0, 0]
Q: [0, 8.0, 0.0, 11.0, 0.0, 8.0, 0.0, 9.0, 0.0, 0]
B: [0.0, 112.0, 124.021711775, 293.0, 316.8182362487, 414.0, 434.768396616, 522.0, 562.7349620474, 586.3419889674]
