Avion: 6      Iteracion: 55

Num Ruta: 54
Ingresos: 127200.0
Costos: 387.898201934
Utilidad Ruta: 126812.101798
Costo Reducido: 33.7854655562
Nodos: [106, 40, 85, 10, 55, 26, 71, 18, 63, 39, 28, 84, 73, 25, 43, 70, 88, 21, 38, 83, 66, 33, 78, 916]
q: [0.0, 15.0, -15.0, 12.0, -12.0, 13.0, -13.0, 11.0, -11.0, 8.0, 7.0, -8.0, -7.0, 10.0, 5.0, -10.0, -5.0, 13.0, 2.0, -2.0, -13.0, 10.0, -10.0, 0.0]
Q: [0.0, 15.0, 0.0, 12.0, 0.0, 13.0, 0.0, 11.0, 0.0, 8.0, 15.0, 7.0, 0.0, 10.0, 15.0, 5.0, 0.0, 13.0, 15.0, 13.0, 0.0, 10.0, 0.0, 0.0]
B: [0.0, 62.0, 94.5694417821, 111.75013586, 141.2696465944, 300.0, 317.5792279694, 340.8578987218, 364.67613497049996, 388.0, 399.3210123222, 412.3114993416, 448.3244104708, 451.65778908716, 465.71894785876, 478.75616938025996, 486.50534540097, 493.78835281549, 500.61126575646, 533.48015239716, 540.5500809682301, 562.0, 585.3035112376, 608.1312848697]
