Avion: 5      Iteracion: 31

Num Ruta: 34
Ingresos: 132000.0
Costos: 373.718037318
Utilidad Ruta: 131626.281963
Costo Reducido: 96.7565465533
Nodos: [105, 17, 62, 9, 54, 14, 59, 3, 48, 23, 35, 80, 68, 22, 67, 8, 45, 90, 32, 19, 64, 53, 13, 77, 58, 15, 60, 915]
q: [0.0, 5.0, -5.0, 11.0, -11.0, 8.0, -8.0, 15.0, -15.0, 9.0, 6.0, -6.0, -9.0, 10.0, -10.0, 2.0, 11.0, -11.0, 6.0, 7.0, -7.0, -2.0, 9.0, -6.0, -9.0, 11.0, -11.0, 0.0]
Q: [0.0, 5.0, 0.0, 11.0, 0.0, 8.0, 0.0, 15.0, 0.0, 9.0, 15.0, 9.0, 0.0, 10.0, 0.0, 2.0, 13.0, 2.0, 8.0, 15.0, 8.0, 6.0, 15.0, 9.0, 0.0, 11.0, 0.0, 0.0]
B: [0.0, 24.0, 58.8425537813, 81.72911018459999, 111.25634718709999, 121.5131539026, 133.5348656776, 256.0, 261.08428175852, 267.0, 307.4405515417, 327.3534349341, 339.9719804129, 355.7284044044, 377.4830905433, 414.0, 417.40515271317, 426.59677634559, 428.13238729892, 439.84730193791995, 466.47441822941994, 469.4025374209799, 471.6132135618899, 485.4553933396899, 489.52634372012994, 511.0, 527.4211666151, 532.20771547623]
