Avion: 7      Iteracion: 49

Num Ruta: 44
Ingresos: 79200.0
Costos: 174.908841735
Utilidad Ruta: 79025.0911583
Costo Reducido: 24.076269407
Nodos: [107, 40, 85, 30, 75, 5, 50, 41, 86, 7, 4, 49, 52, 917]
q: [0, 15.0, -15.0, 11.0, -11.0, 12.0, -12.0, 13.0, -13.0, 10.0, 5.0, -5.0, -10.0, 0]
Q: [0, 15.0, 0.0, 11.0, 0.0, 12.0, 0.0, 13.0, 0.0, 10.0, 15.0, 10.0, 0.0, 0]
B: [0.0, 62.0, 94.5694417821, 113.51249206450001, 132.22651472130002, 469.0, 470.12168890518, 478.94792672205, 498.98904707495, 517.0, 529.0, 549.4257496801999, 550.5861237578099, 557.2755722403099]
