Avion: 6      Iteracion: 10

Num Ruta: 14
Ingresos: 117600.0
Costos: 502.748828182
Utilidad Ruta: 117097.251172
Costo Reducido: 120594.545861
Nodos: [106, 40, 16, 61, 85, 10, 55, 31, 76, 42, 87, 35, 80, 18, 63, 28, 43, 73, 88, 21, 38, 83, 66, 2, 37, 82, 47, 916]
q: [0.0, 4.0, 11.0, -11.0, -4.0, 12.0, -12.0, 6.0, -6.0, 5.0, -5.0, 6.0, -6.0, 11.0, -11.0, 8.0, 5.0, -8.0, -5.0, 7.0, 8.0, -8.0, -7.0, 0.0, 15.0, -15.0, 0.0, 0.0]
Q: [0.0, 4.0, 15.0, 4.0, 0.0, 12.0, 0.0, 6.0, 0.0, 5.0, 0.0, 6.0, 0.0, 11.0, 0.0, 8.0, 13.0, 5.0, 0.0, 7.0, 15.0, 7.0, 0.0, 0.0, 15.0, 0.0, 0.0, 0.0]
B: [0.0, 62.0, 86.5836396004, 96.20773103804001, 98.20027965727002, 115.38097373517002, 144.90048446957002, 184.50863880677002, 197.81425280987003, 239.0, 287.0498346511, 291.10628445358003, 311.01916784598, 333.91002123768, 357.72825748637996, 378.0, 451.0, 467.5718045185, 480.63640114450004, 487.91940855902004, 494.74232149999006, 527.61120814069, 534.68113671176, 558.53215044286, 563.64590913877, 584.44056261027, 619.4487353703701, 633.29742574167]
