Avion: 1      Iteracion: 51

Num Ruta: 44
Ingresos: 42000.0
Costos: 141.337295885
Utilidad Ruta: 41858.6627041
Costo Reducido: 9.98361479528
Nodos: [101, 16, 61, 40, 85, 2, 47, 911]
q: [0, 11.0, -11.0, 15.0, -15.0, 9.0, -9.0, 0]
Q: [0, 11.0, 0.0, 15.0, 0.0, 9.0, 0.0, 0]
B: [0.0, 36.0, 45.624091437640004, 77.27284989674001, 109.84229167884001, 522.0, 562.7349620474, 578.7787686406]
