Avion: 7      Iteracion: 47

Num Ruta: 42
Ingresos: 74400.0
Costos: 219.902063734
Utilidad Ruta: 74180.0979363
Costo Reducido: 27.9136306028
Nodos: [107, 24, 69, 31, 76, 44, 89, 41, 86, 7, 4, 49, 52, 917]
q: [0, 14.0, -14.0, 6.0, -6.0, 14.0, -14.0, 13.0, -13.0, 10.0, 5.0, -5.0, -10.0, 0]
Q: [0, 14.0, 0.0, 6.0, 0.0, 14.0, 0.0, 13.0, 0.0, 10.0, 15.0, 10.0, 0.0, 0]
B: [0.0, 61.0, 99.5129503025, 130.0, 143.3056140031, 211.0, 265.00737440390003, 446.0, 466.0411203529, 517.0, 529.0, 549.4257496801999, 550.5861237578099, 557.2755722403099]
