Avion: 1      Iteracion: 45

Num Ruta: 39
Ingresos: 22800.0
Costos: 57.3032179359
Utilidad Ruta: 22742.6967821
Costo Reducido: 10.5909614331
Nodos: [101, 16, 61, 8, 53, 911]
q: [0, 11.0, -11.0, 8.0, -8.0, 0]
Q: [0, 11.0, 0.0, 8.0, 0.0, 0]
B: [0.0, 36.0, 45.624091437640004, 414.0, 434.768396616, 441.74110971780004]
