Avion: 5      Iteracion: 66

Num Ruta: 60
Ingresos: 74400.0
Costos: 226.750226884
Utilidad Ruta: 74173.2497731
Costo Reducido: 2.24647843189
Nodos: [105, 1, 46, 3, 48, 23, 18, 63, 68, 22, 67, 19, 8, 64, 53, 915]
q: [0.0, 7.0, -7.0, 15.0, -15.0, 4.0, 11.0, -11.0, -4.0, 10.0, -10.0, 7.0, 8.0, -7.0, -8.0, 0.0]
Q: [0.0, 7.0, 0.0, 15.0, 0.0, 4.0, 15.0, 4.0, 0.0, 10.0, 0.0, 7.0, 15.0, 8.0, 0.0, 0.0]
B: [0.0, 175.0, 209.2400855285, 256.0, 261.08428175852, 267.0, 293.0, 316.8182362487, 326.74376782137, 342.50019181287, 364.25487795177, 402.0, 425.1608815463, 443.1178409771, 446.04596016866, 461.21725665246]
