Avion: 4      Iteracion: 87

Num Ruta: 64
Ingresos: 120000.0
Costos: 422.281121133
Utilidad Ruta: 119577.718879
Costo Reducido: 8.33031367071
Nodos: [104, 12, 57, 1, 31, 76, 11, 56, 42, 46, 23, 87, 35, 80, 68, 32, 19, 43, 64, 13, 77, 58, 88, 15, 21, 60, 38, 83, 66, 914]
q: [0.0, 14.0, -14.0, 7.0, 6.0, -6.0, 8.0, -8.0, 5.0, -7.0, 10.0, -5.0, 5.0, -5.0, -10.0, 6.0, 7.0, 2.0, -7.0, 7.0, -6.0, -7.0, -2.0, 8.0, 7.0, -8.0, 8.0, -8.0, -7.0, 0.0]
Q: [0.0, 14.0, 0.0, 7.0, 13.0, 7.0, 15.0, 7.0, 12.0, 5.0, 15.0, 10.0, 15.0, 10.0, 0.0, 6.0, 13.0, 15.0, 8.0, 15.0, 9.0, 2.0, 0.0, 8.0, 15.0, 7.0, 15.0, 7.0, 0.0, 0.0]
B: [0.0, 54.0, 97.347924264, 175.0, 183.89376197118, 197.19937597428, 197.678254873377, 201.732321720387, 239.0, 264.0626014013, 268.8931248719, 305.908763729, 309.96521353148, 329.87809692388, 342.49664240268, 422.0, 433.71491463899997, 451.0, 471.20454651800003, 475.43216582442005, 489.2743456022201, 493.3452959826601, 503.4008833349601, 513.6538915764601, 519.3261250871701, 530.1253932104701, 534.21265892241, 567.08154556311, 574.15147413418, 601.2307228127801]
