Avion: 4      Iteracion: 65

Num Ruta: 55
Ingresos: 61200.0
Costos: 177.235238733
Utilidad Ruta: 61022.7647613
Costo Reducido: 1.75983403216
Nodos: [104, 31, 1, 76, 11, 56, 42, 46, 3, 48, 23, 87, 35, 26, 80, 71, 68, 914]
q: [0.0, 6.0, 7.0, -6.0, 8.0, -8.0, 5.0, -7.0, 10.0, -10.0, 10.0, -5.0, 5.0, 0.0, -5.0, 0.0, -10.0, 0.0]
Q: [0.0, 6.0, 13.0, 7.0, 15.0, 7.0, 12.0, 5.0, 15.0, 5.0, 15.0, 10.0, 15.0, 15.0, 10.0, 10.0, 0.0, 0.0]
B: [0.0, 130.0, 175.0, 193.9896940997, 194.468572998797, 198.522639845807, 239.0, 264.0626014013, 271.1591533105, 276.24343506902, 279.60592239242, 316.62156124951997, 320.678011052, 331.3052256447, 340.59823102509, 350.42004679408, 353.48711917666003, 368.29779512346005]
