Avion: 1      Iteracion: 22

Num Ruta: 20
Ingresos: 49200.0
Costos: 160.409201245
Utilidad Ruta: 49039.5907988
Costo Reducido: 94.9725251134
Nodos: [101, 24, 69, 36, 81, 34, 79, 911]
q: [0, 14.0, -14.0, 15.0, -15.0, 12.0, -12.0, 0]
Q: [0, 14.0, 0.0, 15.0, 0.0, 12.0, 0.0, 0]
B: [0.0, 61.0, 99.5129503025, 251.0, 257.94814406874, 283.0, 323.947598037, 346.3763593046]
