Avion: 3      Iteracion: 55

Num Ruta: 50
Ingresos: 134400.0
Costos: 394.580544215
Utilidad Ruta: 134005.419456
Costo Reducido: 17.2215184295
Nodos: [103, 17, 16, 61, 62, 12, 57, 10, 55, 26, 71, 18, 63, 39, 6, 51, 84, 13, 58, 15, 60, 38, 83, 913]
q: [0.0, 5.0, 10.0, -10.0, -5.0, 14.0, -14.0, 12.0, -12.0, 13.0, -13.0, 11.0, -11.0, 8.0, 5.0, -5.0, -8.0, 15.0, -15.0, 11.0, -11.0, 8.0, -8.0, 0.0]
Q: [0.0, 5.0, 15.0, 5.0, 0.0, 14.0, 0.0, 12.0, 0.0, 13.0, 0.0, 11.0, 0.0, 8.0, 13.0, 8.0, 0.0, 15.0, 0.0, 11.0, 0.0, 8.0, 0.0, 0.0]
B: [0.0, 24.0, 58.8014769802, 68.42556841784, 83.07333718993999, 102.78203093153999, 146.12995519554, 154.84772555268998, 184.36723628708998, 300.0, 317.5792279694, 340.8578987218, 364.67613497049996, 388.0, 436.0, 439.69228939819, 449.87740525418997, 453.10933904063995, 469.99248999063997, 511.0, 527.4211666151, 531.5084323270399, 564.3773189677399, 574.3412943290099]
