Avion: 2      Iteracion: 59

Num Ruta: 44
Ingresos: 31200.0
Costos: 108.65642624
Utilidad Ruta: 31091.3435738
Costo Reducido: 9.81534263318
Nodos: [102, 34, 79, 39, 84, 27, 72, 912]
q: [0, 12.0, -12.0, 8.0, -8.0, 6.0, -6.0, 0]
Q: [0, 12.0, 0.0, 8.0, 0.0, 6.0, 0.0, 0]
B: [0.0, 283.0, 323.947598037, 388.0, 410.632187455, 538.0, 555.0308623681, 561.27484579217]
