Avion: 5      Iteracion: 46

Num Ruta: 47
Ingresos: 120000.0
Costos: 380.289797837
Utilidad Ruta: 119619.710202
Costo Reducido: 11.7975275601
Nodos: [105, 30, 75, 24, 69, 1, 46, 3, 48, 23, 18, 68, 63, 22, 67, 43, 88, 21, 66, 33, 78, 915]
q: [0.0, 11.0, -11.0, 14.0, -14.0, 7.0, -7.0, 15.0, -15.0, 10.0, 5.0, -10.0, -5.0, 10.0, -10.0, 5.0, -5.0, 13.0, -13.0, 10.0, -10.0, 0.0]
Q: [0.0, 11.0, 0.0, 14.0, 0.0, 7.0, 0.0, 15.0, 0.0, 10.0, 15.0, 5.0, 0.0, 10.0, 0.0, 5.0, 0.0, 13.0, 0.0, 10.0, 0.0, 0.0]
B: [0.0, 64.0, 82.7140226568, 107.4479935471, 145.9609438496, 175.0, 209.2400855285, 256.0, 261.08428175852, 267.0, 293.0, 318.4393114097, 328.36484298237, 343.84769039487, 365.60237653377004, 451.0, 468.262321107, 477.0, 517.7387906792, 562.0, 585.3035112376, 601.5361031748]
