Avion: 3      Iteracion: 74

Num Ruta: 58
Ingresos: 93600.0
Costos: 247.347308158
Utilidad Ruta: 93352.6526918
Costo Reducido: 15.8524989928
Nodos: [103, 17, 30, 62, 16, 61, 75, 40, 85, 26, 71, 22, 67, 8, 5, 50, 53, 6, 51, 913]
q: [0.0, 5.0, 10.0, -5.0, 5.0, -5.0, -10.0, 15.0, -15.0, 13.0, -13.0, 10.0, -10.0, 8.0, 7.0, -7.0, -8.0, 5.0, -5.0, 0.0]
Q: [0.0, 5.0, 15.0, 10.0, 15.0, 10.0, 0.0, 15.0, 0.0, 13.0, 0.0, 10.0, 0.0, 8.0, 15.0, 8.0, 0.0, 5.0, 0.0, 0.0]
B: [0.0, 24.0, 64.0, 67.14445448369, 72.47609381883, 82.10018525647, 84.97134181786, 115.78119589085999, 148.35063767295998, 300.0, 317.5792279694, 331.2134086195, 352.9680947584, 414.0, 469.0, 470.12168890518, 480.59966590458, 489.79033753400995, 493.48262693219993, 510.2077653770999]
