Avion: 4      Iteracion: 8

Num Ruta: 12
Ingresos: 90000.0
Costos: 401.902898038
Utilidad Ruta: 89598.097102
Costo Reducido: 150159.474445
Nodos: [104, 9, 54, 40, 85, 10, 55, 18, 34, 63, 79, 5, 50, 7, 52, 914]
q: [0.0, 11.0, -11.0, 15.0, -15.0, 12.0, -12.0, 3.0, 12.0, -3.0, -12.0, 12.0, -12.0, 10.0, -10.0, 0.0]
Q: [0.0, 11.0, 0.0, 15.0, 0.0, 12.0, 0.0, 3.0, 15.0, 12.0, 0.0, 12.0, 0.0, 10.0, 0.0, 0.0]
B: [0.0, 34.2318085996, 63.7590456021, 92.7178405529, 125.287282335, 142.4679764129, 171.9874871473, 293.0, 316.7154937119, 344.9475311871, 360.10016082690004, 469.0, 470.12168890518, 517.0, 545.5413118129, 578.8093672716]
