Avion: 3      Iteracion: 24

Num Ruta: 26
Ingresos: 80400.0
Costos: 265.902479167
Utilidad Ruta: 80134.0975208
Costo Reducido: 180.694773096
Nodos: [103, 17, 62, 12, 57, 3, 48, 23, 68, 13, 58, 38, 83, 913]
q: [0, 5.0, -5.0, 14.0, -14.0, 15.0, -15.0, 10.0, -10.0, 15.0, -15.0, 8.0, -8.0, 0]
Q: [0, 5.0, 0.0, 14.0, 0.0, 15.0, 0.0, 10.0, 0.0, 15.0, 0.0, 8.0, 0.0, 0]
B: [0.0, 24.0, 58.8425537813, 78.5512475229, 121.8991717869, 256.0, 261.08428175852, 267.0, 306.733842905, 423.0, 439.88315095, 480.0, 512.8688866407, 522.8328620019699]
