Avion: 7      Iteracion: 42

Num Ruta: 37
Ingresos: 33600.0
Costos: 123.792678025
Utilidad Ruta: 33476.207322
Costo Reducido: 14.1011131928
Nodos: [107, 14, 59, 43, 88, 29, 74, 27, 72, 917]
q: [0, 8.0, -8.0, 5.0, -5.0, 9.0, -9.0, 6.0, -6.0, 0]
Q: [0, 8.0, 0.0, 5.0, 0.0, 9.0, 0.0, 6.0, 0.0, 0]
B: [0.0, 112.0, 124.021711775, 451.0, 468.262321107, 549.0, 582.7797797802, 590.99620777538, 608.0270701434799, 613.6045062928199]
