Avion: 3      Iteracion: 72

Num Ruta: 57
Ingresos: 93600.0
Costos: 309.084315774
Utilidad Ruta: 93290.9156842
Costo Reducido: 18.4765557382
Nodos: [103, 17, 62, 12, 57, 1, 46, 8, 45, 90, 32, 19, 64, 53, 13, 77, 58, 38, 21, 66, 83, 913]
q: [0.0, 5.0, -5.0, 14.0, -14.0, 7.0, -7.0, 4.0, 11.0, -11.0, 4.0, 7.0, -7.0, -4.0, 11.0, -4.0, -11.0, 2.0, 13.0, -13.0, -2.0, 0.0]
Q: [0.0, 5.0, 0.0, 14.0, 0.0, 7.0, 0.0, 4.0, 15.0, 4.0, 8.0, 15.0, 8.0, 4.0, 15.0, 11.0, 0.0, 2.0, 15.0, 2.0, 0.0, 0.0]
B: [0.0, 24.0, 58.8425537813, 78.5512475229, 121.8991717869, 175.0, 209.2400855285, 414.0, 417.40515271317, 426.59677634559, 428.13238729892, 439.84730193791995, 466.47441822941994, 469.4025374209799, 471.6132135618899, 485.4553933396899, 489.52634372012994, 503.02140300122994, 509.84431594219996, 550.5831066213999, 557.6530351924699, 567.6170105537399]
