Avion: 7      Iteracion: 50

Num Ruta: 45
Ingresos: 87600.0
Costos: 288.826086665
Utilidad Ruta: 87311.1739133
Costo Reducido: 9.86906688078
Nodos: [107, 30, 75, 24, 69, 1, 46, 45, 90, 19, 8, 64, 53, 20, 7, 52, 65, 917]
q: [0.0, 11.0, -11.0, 14.0, -14.0, 7.0, -7.0, 11.0, -11.0, 7.0, 8.0, -7.0, -8.0, 10.0, 5.0, -5.0, -10.0, 0.0]
Q: [0.0, 11.0, 0.0, 14.0, 0.0, 7.0, 0.0, 11.0, 0.0, 7.0, 15.0, 8.0, 0.0, 10.0, 15.0, 10.0, 0.0, 0.0]
B: [0.0, 64.0, 82.7140226568, 107.4479935471, 145.9609438496, 175.0, 209.2400855285, 371.0, 380.19162363242, 402.0, 425.1608815463, 443.1178409771, 446.04596016866, 496.0, 517.0, 545.5413118129, 558.5049963585999, 571.3856473514999]
