Avion: 7      Iteracion: 91

Num Ruta: 60
Ingresos: 73200.0
Costos: 202.784996018
Utilidad Ruta: 72997.215004
Costo Reducido: 2.94337722893
Nodos: [107, 9, 54, 11, 56, 44, 89, 41, 86, 7, 4, 49, 52, 917]
q: [0, 11.0, -11.0, 8.0, -8.0, 14.0, -14.0, 13.0, -13.0, 10.0, 5.0, -5.0, -10.0, 0]
Q: [0, 11.0, 0.0, 8.0, 0.0, 14.0, 0.0, 13.0, 0.0, 10.0, 15.0, 10.0, 0.0, 0]
B: [0.0, 28.0, 57.5272370025, 169.0, 173.05406684701, 211.0, 265.00737440390003, 446.0, 466.0411203529, 517.0, 529.0, 549.4257496801999, 550.5861237578099, 557.2755722403099]
