Avion: 3      Iteracion: 16

Num Ruta: 19
Ingresos: 124800.0
Costos: 460.773403574
Utilidad Ruta: 124339.226596
Costo Reducido: 162.811244249
Nodos: [103, 17, 62, 12, 57, 1, 46, 3, 48, 42, 87, 26, 71, 25, 70, 20, 65, 37, 82, 33, 78, 913]
q: [0, 5.0, -5.0, 14.0, -14.0, 7.0, -7.0, 15.0, -15.0, 5.0, -5.0, 13.0, -13.0, 10.0, -10.0, 10.0, -10.0, 15.0, -15.0, 10.0, -10.0, 0]
Q: [0, 5.0, 0.0, 14.0, 0.0, 7.0, 0.0, 15.0, 0.0, 5.0, 0.0, 13.0, 0.0, 10.0, 0.0, 10.0, 0.0, 15.0, 0.0, 10.0, 0.0, 0]
B: [0.0, 24.0, 58.8425537813, 78.5512475229, 121.8991717869, 175.0, 209.2400855285, 256.0, 261.08428175852, 282.70958344432, 330.75941809542, 337.6548966865, 355.2341246559, 410.0, 427.1849823101, 496.0, 538.1771424471, 562.0, 582.7946534714999, 617.3784082994999, 640.6819195370999, 659.5206583483999]
