Avion: 6      Iteracion: 5

Num Ruta: 9
Ingresos: 142800.0
Costos: 601.406042204
Utilidad Ruta: 142198.593958
Costo Reducido: 246871.813047
Nodos: [106, 40, 85, 30, 75, 14, 59, 1, 46, 42, 36, 81, 87, 45, 90, 39, 84, 13, 58, 38, 43, 88, 21, 66, 83, 29, 74, 916]
q: [0.0, 15.0, -15.0, 11.0, -11.0, 8.0, -8.0, 7.0, -7.0, 5.0, 10.0, -10.0, -5.0, 11.0, -11.0, 8.0, -8.0, 15.0, -15.0, 2.0, 5.0, -5.0, 13.0, -13.0, -2.0, 9.0, -9.0, 0.0]
Q: [0.0, 15.0, 0.0, 11.0, 0.0, 8.0, 0.0, 7.0, 0.0, 5.0, 15.0, 5.0, 0.0, 11.0, 0.0, 8.0, 0.0, 15.0, 0.0, 2.0, 7.0, 2.0, 15.0, 2.0, 0.0, 9.0, 0.0, 0.0]
B: [0.0, 62.0, 94.5694417821, 113.51249206450001, 132.22651472130002, 160.02245537820002, 172.04416715320002, 207.7258963714, 241.96598189990002, 267.0285833012, 286.1111116976, 293.05925576634, 340.21054098744, 371.0, 380.19162363242, 418.73969909671996, 441.37188655171997, 444.60382033816995, 461.48697128816997, 480.0, 488.71731541244, 505.97963651943996, 513.2626439339599, 554.0014346131599, 561.0713631842299, 595.4675388437299, 629.2473186239299, 660.5105527816299]
