Avion: 5      Iteracion: 86

Num Ruta: 75
Ingresos: 129600.0
Costos: 407.821382094
Utilidad Ruta: 129192.178618
Costo Reducido: 0.626780390754
Nodos: [105, 31, 76, 11, 56, 44, 89, 18, 63, 22, 67, 8, 45, 90, 32, 19, 64, 53, 13, 77, 58, 21, 27, 66, 2, 72, 47, 915]
q: [0.0, 6.0, -6.0, 8.0, -8.0, 14.0, -14.0, 11.0, -11.0, 10.0, -10.0, 2.0, 11.0, -11.0, 6.0, 7.0, -7.0, -2.0, 9.0, -6.0, -9.0, 13.0, 2.0, -13.0, 9.0, -2.0, -9.0, 0.0]
Q: [0.0, 6.0, 0.0, 8.0, 0.0, 14.0, 0.0, 11.0, 0.0, 10.0, 0.0, 2.0, 13.0, 2.0, 8.0, 15.0, 8.0, 6.0, 15.0, 9.0, 0.0, 13.0, 15.0, 2.0, 11.0, 9.0, 0.0, 0.0]
B: [0.0, 130.0, 143.3056140031, 169.0, 173.05406684701, 211.0, 265.00737440390003, 293.45392730580005, 317.2721635545, 332.75501096700003, 354.50969710590005, 414.0, 417.40515271317, 426.59677634559, 428.13238729892, 439.84730193791995, 466.47441822941994, 469.4025374209799, 471.6132135618899, 485.4553933396899, 489.52634372012994, 505.03774011112995, 538.0, 551.1774481976, 575.0284619287, 586.4805350161, 615.8210653624001, 626.8771489818001]
