Avion: 5      Iteracion: 93

Num Ruta: 80
Ingresos: 112800.0
Costos: 330.96221688
Utilidad Ruta: 112469.037783
Costo Reducido: 3.77254405827
Nodos: [105, 1, 46, 3, 48, 23, 18, 63, 68, 22, 67, 8, 32, 53, 13, 77, 58, 20, 4, 49, 65, 2, 47, 915]
q: [0.0, 7.0, -7.0, 15.0, -15.0, 4.0, 11.0, -11.0, -4.0, 10.0, -10.0, 8.0, 6.0, -8.0, 9.0, -6.0, -9.0, 10.0, 5.0, -5.0, -10.0, 9.0, -9.0, 0.0]
Q: [0.0, 7.0, 0.0, 15.0, 0.0, 4.0, 15.0, 4.0, 0.0, 10.0, 0.0, 8.0, 14.0, 6.0, 15.0, 9.0, 0.0, 10.0, 15.0, 10.0, 0.0, 9.0, 0.0, 0.0]
B: [0.0, 175.0, 209.2400855285, 256.0, 261.08428175852, 267.0, 293.0, 316.8182362487, 326.74376782137, 342.50019181287, 364.25487795177, 414.0, 425.4468981388, 447.8266328334, 450.03730897431, 463.87948875211003, 467.95043913255006, 496.0, 529.0, 549.4257496801999, 561.2869729308, 568.6172701962599, 609.35223224366, 620.40831586306]
