Avion: 3      Iteracion: 83

Num Ruta: 64
Ingresos: 177600.0
Costos: 540.364532598
Utilidad Ruta: 177059.635467
Costo Reducido: 7.52284812511
Nodos: [103, 17, 30, 62, 16, 61, 75, 40, 85, 31, 11, 76, 56, 44, 42, 89, 87, 35, 26, 80, 71, 18, 63, 28, 73, 25, 19, 70, 64, 5, 50, 15, 21, 60, 38, 83, 66, 913]
q: [0.0, 5.0, 10.0, -5.0, 5.0, -5.0, -10.0, 15.0, -15.0, 6.0, 8.0, -6.0, -8.0, 10.0, 5.0, -10.0, -5.0, 6.0, 9.0, -6.0, -9.0, 11.0, -11.0, 8.0, -8.0, 8.0, 7.0, -8.0, -7.0, 12.0, -12.0, 8.0, 7.0, -8.0, 8.0, -8.0, -7.0, 0.0]
Q: [0.0, 5.0, 15.0, 10.0, 15.0, 10.0, 0.0, 15.0, 0.0, 6.0, 14.0, 8.0, 0.0, 10.0, 15.0, 5.0, 0.0, 6.0, 15.0, 9.0, 0.0, 11.0, 0.0, 8.0, 0.0, 8.0, 15.0, 7.0, 0.0, 12.0, 0.0, 8.0, 15.0, 7.0, 15.0, 7.0, 0.0, 0.0]
B: [0.0, 24.0, 64.0, 67.14445448369, 72.47609381883, 82.10018525647, 84.97134181786, 115.78119589085999, 148.35063767295998, 171.68912667715998, 184.87185587105998, 185.35073477015698, 189.04511333765697, 211.0, 239.0, 276.4881823646, 294.1162889277, 298.17273873018, 308.79995332288, 318.09295870327, 327.91477447226004, 351.19344522466, 375.01168147336, 384.14518425159, 420.17180303549003, 423.50518165185, 432.89718889205, 449.57008057285, 466.35693700875, 474.20725025090996, 475.32893915609, 511.0, 516.67223351071, 527.47150163401, 531.55876734595, 564.42765398665, 571.49758255772, 588.4877834100199]
