Avion: 5      Iteracion: 59

Num Ruta: 57
Ingresos: 115200.0
Costos: 346.813807552
Utilidad Ruta: 114853.186192
Costo Reducido: 1.97010964503
Nodos: [105, 17, 62, 30, 75, 14, 59, 3, 48, 23, 18, 63, 68, 22, 67, 8, 32, 53, 13, 77, 58, 29, 74, 915]
q: [0.0, 5.0, -5.0, 11.0, -11.0, 8.0, -8.0, 15.0, -15.0, 4.0, 11.0, -11.0, -4.0, 10.0, -10.0, 8.0, 6.0, -8.0, 9.0, -6.0, -9.0, 9.0, -9.0, 0.0]
Q: [0.0, 5.0, 0.0, 11.0, 0.0, 8.0, 0.0, 15.0, 0.0, 4.0, 15.0, 4.0, 0.0, 10.0, 0.0, 8.0, 14.0, 6.0, 15.0, 9.0, 0.0, 9.0, 0.0, 0.0]
B: [0.0, 24.0, 58.8425537813, 64.0, 82.7140226568, 112.0, 124.021711775, 256.0, 261.08428175852, 267.0, 293.0, 316.8182362487, 326.74376782137, 342.50019181287, 364.25487795177, 414.0, 425.4468981388, 447.8266328334, 450.03730897431, 463.87948875211003, 467.95043913255006, 549.0, 582.7797797802, 608.5617657394]
