Avion: 6      Iteracion: 6

Num Ruta: 10
Ingresos: 141600.0
Costos: 523.898828302
Utilidad Ruta: 141076.101172
Costo Reducido: 327915.468329
Nodos: [106, 17, 30, 62, 16, 61, 75, 14, 59, 11, 56, 3, 48, 23, 18, 63, 26, 68, 71, 8, 53, 41, 86, 38, 43, 88, 21, 66, 83, 916]
q: [0.0, 5.0, 4.0, -5.0, 11.0, -11.0, -4.0, 8.0, -8.0, 8.0, -8.0, 15.0, -15.0, 2.0, 11.0, -11.0, 13.0, -2.0, -13.0, 8.0, -8.0, 13.0, -13.0, 2.0, 5.0, -5.0, 13.0, -13.0, -2.0, 0.0]
Q: [0.0, 5.0, 9.0, 4.0, 15.0, 4.0, 0.0, 8.0, 0.0, 8.0, 0.0, 15.0, 0.0, 2.0, 13.0, 2.0, 15.0, 13.0, 0.0, 8.0, 0.0, 13.0, 0.0, 2.0, 7.0, 2.0, 15.0, 2.0, 0.0, 0.0]
B: [0.0, 49.2628851063, 82.87659671329999, 86.02105119698999, 91.35269053212998, 100.97678196976999, 103.84793853115998, 131.64387918806, 143.66559096306, 173.11402007226, 177.16808691927, 256.0, 261.08428175852, 267.0, 293.0, 316.8182362487, 345.81975307109997, 365.50612584519996, 368.57319822778, 414.0, 434.768396616, 450.7881267011, 470.829247054, 482.6834794205, 491.40079483294, 508.66311593994, 515.94612335446, 556.68491403366, 563.75484260473, 601.5758495188301]
