Avion: 3      Iteracion: 10

Num Ruta: 13
Ingresos: 148800.0
Costos: 598.976418821
Utilidad Ruta: 148201.023581
Costo Reducido: 136519.25737
Nodos: [103, 16, 61, 30, 40, 85, 75, 31, 76, 42, 87, 35, 80, 18, 63, 28, 73, 25, 70, 6, 51, 5, 50, 43, 88, 21, 38, 83, 66, 37, 82, 913]
q: [0.0, 11.0, -11.0, 0.0, 15.0, -15.0, 0.0, 6.0, -6.0, 5.0, -5.0, 6.0, -6.0, 11.0, -11.0, 8.0, -8.0, 10.0, -10.0, 5.0, -5.0, 12.0, -12.0, 5.0, -5.0, 7.0, 8.0, -8.0, -7.0, 15.0, -15.0, 0.0]
Q: [0.0, 11.0, 0.0, 0.0, 15.0, 0.0, 0.0, 6.0, 0.0, 5.0, 0.0, 6.0, 0.0, 11.0, 0.0, 8.0, 0.0, 10.0, 0.0, 5.0, 0.0, 12.0, 0.0, 5.0, 0.0, 7.0, 15.0, 7.0, 0.0, 15.0, 0.0, 0.0]
B: [0.0, 36.0, 45.624091437640004, 64.0, 89.2820344118, 121.8514761939, 123.89677568297, 147.79116851897, 161.09678252207001, 239.0, 287.0498346511, 291.10628445358003, 311.01916784598, 333.91002123768, 357.72825748637996, 378.0, 414.0266187839, 417.35999740026, 434.54497971036, 460.04675019796, 463.73903959615, 482.12789981095, 483.24958871613, 504.92536930183, 522.18769040883, 529.4706978233501, 536.2936107643201, 569.1624974050201, 576.2324259760901, 599.8117255415901, 620.6063790130902, 674.0316371780903]
