Avion: 5      Iteracion: 7

Num Ruta: 11
Ingresos: 177600.0
Costos: 592.544593188
Utilidad Ruta: 177007.455407
Costo Reducido: 277102.392831
Nodos: [105, 17, 62, 40, 85, 10, 55, 11, 56, 36, 81, 23, 18, 68, 63, 39, 28, 84, 25, 73, 70, 5, 50, 41, 86, 7, 29, 74, 52, 37, 82, 915]
q: [0.0, 5.0, -5.0, 15.0, -15.0, 12.0, -12.0, 8.0, -8.0, 15.0, -15.0, 10.0, 5.0, -10.0, -5.0, 8.0, 5.0, -8.0, 10.0, -5.0, -10.0, 12.0, -12.0, 13.0, -13.0, 6.0, 9.0, -9.0, -6.0, 15.0, -15.0, 0.0]
Q: [0.0, 5.0, 0.0, 15.0, 0.0, 12.0, 0.0, 8.0, 0.0, 15.0, 0.0, 10.0, 15.0, 5.0, 0.0, 8.0, 13.0, 5.0, 15.0, 10.0, 0.0, 12.0, 0.0, 13.0, 0.0, 6.0, 15.0, 6.0, 0.0, 15.0, 0.0, 0.0]
B: [0.0, 24.0, 58.8425537813, 82.5415246028, 115.1109663849, 132.2916604628, 161.8111711972, 214.4493877798, 218.50345462681, 251.0, 257.94814406874, 299.00676745044, 319.18571759654003, 344.62502900624, 354.55056057891005, 388.0, 399.3210123222, 412.3114993416, 447.6710076102, 451.00438622656, 468.31047498166, 491.37271088795995, 492.49439979313996, 501.32063761000995, 521.3617579629099, 531.7719161269099, 553.0487684552099, 586.8285482354099, 599.12535208841, 606.29816360134, 627.09281707284, 652.1579950095401]
