Avion: 5      Iteracion: 5

Num Ruta: 9
Ingresos: 134400.0
Costos: 493.047138582
Utilidad Ruta: 133906.952861
Costo Reducido: 360929.50033
Nodos: [105, 16, 61, 24, 69, 14, 59, 42, 87, 45, 90, 19, 8, 64, 13, 58, 53, 7, 52, 33, 78, 27, 72, 37, 82, 915]
q: [0.0, 11.0, -11.0, 14.0, -14.0, 8.0, -8.0, 5.0, -5.0, 11.0, -11.0, 7.0, 8.0, -7.0, 7.0, -7.0, -8.0, 10.0, -10.0, 10.0, -10.0, 6.0, -6.0, 15.0, -15.0, 0.0]
Q: [0.0, 11.0, 0.0, 14.0, 0.0, 8.0, 0.0, 5.0, 0.0, 11.0, 0.0, 7.0, 15.0, 8.0, 15.0, 8.0, 0.0, 10.0, 0.0, 10.0, 0.0, 6.0, 0.0, 15.0, 0.0, 0.0]
B: [0.0, 36.0, 45.624091437640004, 70.85029051714, 109.36324081964, 138.00961011834, 150.03132189334, 239.0, 287.0498346511, 371.0, 380.19162363242, 402.0, 425.1608815463, 443.1178409771, 447.34546028352, 464.22861123352004, 483.26629830422, 517.0, 545.5413118129, 562.0, 585.3035112376, 592.52226459258, 609.55312696068, 616.38909258377, 637.1837460552699, 662.24892399197]
