Avion: 4      Iteracion: 42

Num Ruta: 41
Ingresos: 69600.0
Costos: 262.846094577
Utilidad Ruta: 69337.1539054
Costo Reducido: 17.0701595519
Nodos: [104, 22, 67, 18, 63, 28, 25, 73, 19, 64, 70, 20, 38, 65, 83, 914]
q: [0.0, 10.0, -10.0, 11.0, -11.0, 8.0, 7.0, -8.0, 7.0, -7.0, -7.0, 10.0, 5.0, -10.0, -5.0, 0.0]
Q: [0.0, 10.0, 0.0, 11.0, 0.0, 8.0, 15.0, 7.0, 14.0, 7.0, 0.0, 10.0, 15.0, 5.0, 0.0, 0.0]
B: [0.0, 299.0, 320.7546861389, 334.15512273630003, 357.973358985, 378.0, 414.5748134377, 417.90819205406, 430.44398532776, 457.07110161926, 473.85795805516, 496.0, 498.08106943661, 538.20307667701, 565.58008440251, 586.62827722281]
