Avion: 1      Iteracion: 30

Num Ruta: 28
Ingresos: 13200.0
Costos: 54.7877959022
Utilidad Ruta: 13145.2122041
Costo Reducido: 14.564739797
Nodos: [101, 30, 75, 911]
q: [0, 11.0, -11.0, 0]
Q: [0, 11.0, 0.0, 0]
B: [0.0, 64.0, 82.7140226568, 106.4377959022]
