Avion: 2      Iteracion: 17

Num Ruta: 20
Ingresos: 88800.0
Costos: 286.979563689
Utilidad Ruta: 88513.0204363
Costo Reducido: 224.951013495
Nodos: [102, 11, 56, 36, 81, 22, 67, 8, 53, 6, 51, 41, 86, 38, 2, 83, 47, 912]
q: [0.0, 8.0, -8.0, 15.0, -15.0, 10.0, -10.0, 8.0, -8.0, 5.0, -5.0, 13.0, -13.0, 8.0, 7.0, -8.0, -7.0, 0.0]
Q: [0.0, 8.0, 0.0, 15.0, 0.0, 10.0, 0.0, 8.0, 0.0, 5.0, 0.0, 13.0, 0.0, 8.0, 15.0, 7.0, 0.0, 0.0]
B: [0.0, 169.0, 173.05406684701, 251.0, 257.94814406874, 299.0, 320.7546861389, 414.0, 434.768396616, 443.95906824543, 447.65135764362, 466.76807755052, 486.80919790342, 498.66343026992, 534.32554351352, 564.1764170351199, 599.88434020352, 625.8151839229199]
