Avion: 4      Iteracion: 26

Num Ruta: 28
Ingresos: 22800.0
Costos: 97.2311760071
Utilidad Ruta: 22702.768824
Costo Reducido: 43.3385152975
Nodos: [104, 12, 57, 6, 51, 914]
q: [0, 14.0, -14.0, 5.0, -5.0, 0]
Q: [0, 14.0, 0.0, 5.0, 0.0, 0]
B: [0.0, 54.0, 97.347924264, 436.0, 439.69228939819, 464.17121637629]
