Avion: 4      Iteracion: 41

Num Ruta: 40
Ingresos: 121200.0
Costos: 400.575766582
Utilidad Ruta: 120799.424233
Costo Reducido: 24.3630507054
Nodos: [104, 31, 11, 76, 56, 44, 89, 18, 36, 81, 34, 63, 79, 28, 19, 73, 25, 70, 64, 43, 15, 88, 60, 38, 83, 914]
q: [0.0, 6.0, 8.0, -6.0, -8.0, 14.0, -14.0, 3.0, 12.0, -12.0, 12.0, -3.0, -12.0, 8.0, 7.0, -8.0, 8.0, -8.0, -7.0, 5.0, 10.0, -5.0, -10.0, 8.0, -8.0, 0.0]
Q: [0.0, 6.0, 14.0, 8.0, 0.0, 14.0, 0.0, 3.0, 15.0, 3.0, 15.0, 12.0, 0.0, 8.0, 15.0, 7.0, 15.0, 7.0, 0.0, 5.0, 15.0, 10.0, 0.0, 8.0, 0.0, 0.0]
B: [0.0, 130.0, 169.0, 169.478878899097, 173.173257466597, 211.0, 265.00737440390003, 293.45392730580005, 307.4209579494001, 314.3691020181401, 328.0888500114401, 356.3208874866401, 371.47351712644013, 380.6537006758001, 416.7187116698001, 429.2545049435001, 432.5878835598601, 449.77286586996007, 466.5597223058601, 486.7642688238601, 511.0, 521.2530082415, 533.7945681525, 537.88183386444, 570.75072050514, 591.7989133254399]
