Avion: 3      Iteracion: 19

Num Ruta: 22
Ingresos: 64800.0
Costos: 206.584421361
Utilidad Ruta: 64593.4155786
Costo Reducido: 155.605968025
Nodos: [103, 17, 62, 18, 63, 13, 58, 21, 66, 33, 78, 913]
q: [0, 5.0, -5.0, 11.0, -11.0, 15.0, -15.0, 13.0, -13.0, 10.0, -10.0, 0]
Q: [0, 5.0, 0.0, 11.0, 0.0, 15.0, 0.0, 13.0, 0.0, 10.0, 0.0, 0]
B: [0.0, 24.0, 58.8425537813, 293.0, 316.8182362487, 423.0, 439.88315095, 477.0, 517.7387906792, 562.0, 585.3035112376, 604.1422500489]
