Avion: 7      Iteracion: 4

Num Ruta: 7
Ingresos: 194400.0
Costos: 578.204744129
Utilidad Ruta: 193821.795256
Costo Reducido: 293451.969829
Nodos: [107, 16, 61, 30, 75, 24, 69, 1, 11, 56, 46, 3, 48, 36, 81, 26, 71, 25, 70, 13, 58, 41, 86, 15, 60, 29, 74, 33, 78, 917]
q: [0, 11.0, -11.0, 11.0, -11.0, 14.0, -14.0, 7.0, 8.0, -8.0, -7.0, 15.0, -15.0, 15.0, -15.0, 13.0, -13.0, 10.0, -10.0, 15.0, -15.0, 13.0, -13.0, 11.0, -11.0, 9.0, -9.0, 10.0, -10.0, 0]
Q: [0, 11.0, 0.0, 11.0, 0.0, 14.0, 0.0, 7.0, 15.0, 7.0, 0.0, 15.0, 0.0, 15.0, 0.0, 13.0, 0.0, 10.0, 0.0, 15.0, 0.0, 13.0, 0.0, 11.0, 0.0, 9.0, 0.0, 10.0, 0.0, 0]
B: [0.0, 36.0, 45.624091437640004, 64.0, 82.7140226568, 107.4479935471, 145.9609438496, 175.0, 193.6808285951, 197.73489544211, 232.05062478011, 256.0, 261.08428175852, 296.00374706082, 302.95189112956, 343.25427558756, 360.83350355696, 410.0, 427.1849823101, 443.186042775, 460.069193725, 494.8751450121, 514.916265365, 537.5061384278999, 553.9273050429999, 569.0651819087, 602.8449616889, 611.6964533711, 634.9999646087, 661.0732226521]
