Avion: 1      Iteracion: 41

Num Ruta: 35
Ingresos: 34800.0
Costos: 118.19844051
Utilidad Ruta: 34681.8015595
Costo Reducido: 13.716495741
Nodos: [101, 12, 57, 6, 51, 33, 78, 911]
q: [0, 14.0, -14.0, 5.0, -5.0, 10.0, -10.0, 0]
Q: [0, 14.0, 0.0, 5.0, 0.0, 10.0, 0.0, 0]
B: [0.0, 54.0, 97.347924264, 436.0, 439.69228939819, 562.0, 585.3035112376, 590.98027404751]
