Avion: 1      Iteracion: 1

Num Ruta: 5
Ingresos: 166800.0
Costos: 503.08600908
Utilidad Ruta: 166296.913991
Costo Reducido: 170582.186482
Nodos: [101, 16, 61, 40, 85, 10, 55, 11, 56, 44, 89, 23, 68, 22, 67, 45, 90, 19, 25, 70, 8, 64, 53, 41, 50, 5, 86, 911]
q: [0.0, 11.0, -11.0, 15.0, -15.0, 12.0, -12.0, 8.0, -8.0, 14.0, -14.0, 10.0, -10.0, 10.0, -10.0, 11.0, -11.0, 5.0, 10.0, -10.0, 8.0, -5.0, -8.0, 13.0, -12.0, 12.0, -13.0, 0.0]
Q: [0.0, 11.0, 0.0, 15.0, 0.0, 12.0, 0.0, 8.0, 0.0, 14.0, 0.0, 10.0, 0.0, 10.0, 0.0, 11.0, 0.0, 5.0, 15.0, 5.0, 13.0, 8.0, 0.0, 13.0, 1.0, 13.0, 0.0, 0.0]
B: [0.0, 36.0, 45.624091437640004, 77.27284989674001, 109.84229167884001, 127.02298575674001, 156.54249649114, 209.18071307374, 213.23477992075001, 224.91208037935002, 278.91945478325, 299.75004586945, 339.48388877445, 355.24031276595, 376.99499890485004, 388.75767313315004, 397.94929676557, 409.79115101227, 419.18315825247, 436.36814056257, 462.18874042006996, 480.14569985086996, 483.07381904242993, 499.0935491275299, 507.9197869443999, 509.0414758495799, 521.0673639664799, 533.7717185348799]
