Avion: 5      Iteracion: 47

Num Ruta: 48
Ingresos: 117600.0
Costos: 354.457660963
Utilidad Ruta: 117245.542339
Costo Reducido: 17.4108307475
Nodos: [105, 10, 55, 35, 26, 80, 71, 22, 67, 19, 8, 53, 64, 6, 51, 13, 58, 21, 38, 66, 83, 27, 4, 49, 72, 915]
q: [0.0, 12.0, -12.0, 6.0, 9.0, -6.0, -9.0, 10.0, -10.0, 7.0, 8.0, -8.0, -7.0, 5.0, -5.0, 15.0, -15.0, 7.0, 8.0, -7.0, -8.0, 6.0, 5.0, -5.0, -6.0, 0.0]
Q: [0.0, 12.0, 0.0, 6.0, 15.0, 9.0, 0.0, 10.0, 0.0, 7.0, 15.0, 7.0, 0.0, 5.0, 0.0, 15.0, 0.0, 7.0, 15.0, 8.0, 0.0, 6.0, 11.0, 6.0, 0.0, 0.0]
B: [0.0, 96.0, 125.5195107344, 279.0, 300.0, 309.29300538039, 319.11482114938, 332.74900179948, 354.50368793838004, 402.0, 425.1608815463, 445.9292781623, 448.85739735386, 460.64841635135997, 464.34070574954995, 477.75077185674996, 494.63392280675, 510.14531919775, 516.9682321387199, 551.4506125235199, 558.5205410945899, 570.05626842319, 587.67104296049, 608.09679264069, 613.5120511756099, 632.50678039191]
