Avion: 4      Iteracion: 44

Num Ruta: 42
Ingresos: 133200.0
Costos: 430.659497652
Utilidad Ruta: 132769.340502
Costo Reducido: 49.2507468744
Nodos: [104, 31, 11, 76, 56, 44, 42, 89, 35, 87, 26, 80, 71, 18, 63, 39, 6, 51, 84, 13, 58, 20, 65, 2, 47, 29, 74, 914]
q: [0.0, 6.0, 8.0, -6.0, -8.0, 10.0, 5.0, -10.0, 6.0, -5.0, 9.0, -6.0, -9.0, 11.0, -11.0, 8.0, 5.0, -5.0, -8.0, 15.0, -15.0, 10.0, -10.0, 9.0, -9.0, 9.0, -9.0, 0.0]
Q: [0.0, 6.0, 14.0, 8.0, 0.0, 10.0, 15.0, 5.0, 11.0, 6.0, 15.0, 9.0, 0.0, 11.0, 0.0, 8.0, 13.0, 8.0, 0.0, 15.0, 0.0, 10.0, 0.0, 9.0, 0.0, 9.0, 0.0, 0.0]
B: [0.0, 130.0, 169.0, 169.478878899097, 173.173257466597, 211.0, 239.0, 276.4881823646, 296.9043957745, 300.96084557698003, 307.85632416806004, 317.14932954845005, 326.97114531744006, 350.24981606984005, 374.06805231854, 388.0, 436.0, 439.69228939819, 449.87740525418997, 453.10933904063995, 469.99248999063997, 496.0, 538.1771424471, 545.50743971256, 586.24240175996, 596.04714229707, 629.82692207727, 654.6353501008699]
