Avion: 4      Iteracion: 32

Num Ruta: 34
Ingresos: 93600.0
Costos: 343.470504926
Utilidad Ruta: 93256.5294951
Costo Reducido: 17.7642478351
Nodos: [104, 16, 61, 11, 56, 44, 89, 35, 26, 80, 71, 22, 67, 4, 27, 49, 2, 72, 47, 914]
q: [0.0, 11.0, -11.0, 8.0, -8.0, 14.0, -14.0, 6.0, 9.0, -6.0, -9.0, 10.0, -10.0, 5.0, 6.0, -5.0, 9.0, -6.0, -9.0, 0.0]
Q: [0.0, 11.0, 0.0, 8.0, 0.0, 14.0, 0.0, 6.0, 15.0, 9.0, 0.0, 10.0, 0.0, 5.0, 11.0, 6.0, 15.0, 9.0, 0.0, 0.0]
B: [0.0, 36.0, 45.624091437640004, 169.0, 173.05406684701, 211.0, 265.00737440390003, 285.42358781380005, 300.0, 309.29300538039, 319.11482114938, 332.74900179948, 354.50368793838004, 529.0, 546.6147745373, 562.9655871165, 572.4200536271001, 583.8721267145, 613.2126570608, 636.8196839807999]
