Avion: 1      Iteracion: 92

Num Ruta: 59
Ingresos: 40800.0
Costos: 122.973779681
Utilidad Ruta: 40677.0262203
Costo Reducido: 0.697478720278
Nodos: [101, 16, 61, 40, 85, 8, 53, 911]
q: [0, 11.0, -11.0, 15.0, -15.0, 8.0, -8.0, 0]
Q: [0, 11.0, 0.0, 15.0, 0.0, 8.0, 0.0, 0]
B: [0.0, 36.0, 45.624091437640004, 77.27284989674001, 109.84229167884001, 414.0, 434.768396616, 441.74110971780004]
