Avion: 6      Iteracion: 72

Num Ruta: 66
Ingresos: 130800.0
Costos: 344.724855093
Utilidad Ruta: 130455.275145
Costo Reducido: 9.3104622461
Nodos: [106, 9, 54, 12, 57, 1, 46, 3, 48, 18, 63, 22, 67, 45, 90, 7, 4, 52, 49, 37, 82, 916]
q: [0, 11.0, -11.0, 14.0, -14.0, 7.0, -7.0, 15.0, -15.0, 11.0, -11.0, 10.0, -10.0, 11.0, -11.0, 10.0, 5.0, -10.0, -5.0, 15.0, -15.0, 0]
Q: [0, 11.0, 0.0, 14.0, 0.0, 7.0, 0.0, 15.0, 0.0, 11.0, 0.0, 10.0, 0.0, 11.0, 0.0, 10.0, 15.0, 5.0, 0.0, 15.0, 0.0, 0]
B: [0.0, 28.0, 57.5272370025, 68.3142737596, 111.6621980236, 175.0, 209.2400855285, 256.0, 261.08428175852, 293.0, 316.8182362487, 332.3010836612, 354.0557698001, 371.0, 380.19162363242, 517.0, 529.0, 548.2723609867, 549.43273506431, 562.0, 582.7946534714999, 604.0940059733999]
