Avion: 2      Iteracion: 29

Num Ruta: 30
Ingresos: 31200.0
Costos: 84.0141833679
Utilidad Ruta: 31115.9858166
Costo Reducido: 34.9442324604
Nodos: [102, 44, 89, 5, 50, 912]
q: [0, 14.0, -14.0, 12.0, -12.0, 0]
Q: [0, 14.0, 0.0, 12.0, 0.0, 0]
B: [0.0, 211.0, 265.00737440390003, 469.0, 470.12168890518, 473.88797354657]
