Avion: 1      Iteracion: 7

Num Ruta: 8
Ingresos: 129600.0
Costos: 530.679898366
Utilidad Ruta: 129069.320102
Costo Reducido: 224334.724511
Nodos: [101, 9, 54, 40, 85, 1, 11, 56, 46, 36, 81, 23, 68, 39, 84, 25, 70, 29, 74, 37, 82, 911]
q: [0, 11.0, -11.0, 15.0, -15.0, 7.0, 8.0, -8.0, -7.0, 15.0, -15.0, 10.0, -10.0, 8.0, -8.0, 10.0, -10.0, 9.0, -9.0, 15.0, -15.0, 0]
Q: [0, 11.0, 0.0, 15.0, 0.0, 7.0, 15.0, 7.0, 0.0, 15.0, 0.0, 10.0, 0.0, 8.0, 0.0, 10.0, 0.0, 9.0, 0.0, 15.0, 0.0, 0]
B: [0.0, 28.0, 57.5272370025, 86.4860319533, 119.0554737354, 175.0, 193.6808285951, 197.73489544211, 232.05062478011, 265.99852841201, 272.94667248075, 314.00529586245, 353.73913876745, 388.0, 410.632187455, 445.9916957236, 463.1766780337, 549.0, 582.7797797802, 602.0609649098, 622.8556183813, 654.6331959164]
