Avion: 3      Iteracion: 26

Num Ruta: 28
Ingresos: 63600.0
Costos: 275.663339768
Utilidad Ruta: 63324.3366602
Costo Reducido: 64.3148906611
Nodos: [103, 24, 69, 1, 46, 8, 53, 6, 51, 15, 60, 38, 83, 913]
q: [0, 14.0, -14.0, 7.0, -7.0, 8.0, -8.0, 5.0, -5.0, 11.0, -11.0, 8.0, -8.0, 0]
Q: [0, 14.0, 0.0, 7.0, 0.0, 8.0, 0.0, 5.0, 0.0, 11.0, 0.0, 8.0, 0.0, 0]
B: [0.0, 61.0, 99.5129503025, 175.0, 209.2400855285, 414.0, 434.768396616, 443.95906824543, 447.65135764362, 511.0, 527.4211666151, 531.5084323270399, 564.3773189677399, 574.3412943290099]
