Avion: 1      Iteracion: 6

Num Ruta: 7
Ingresos: 58800.0
Costos: 246.420285453
Utilidad Ruta: 58553.5797145
Costo Reducido: 202886.892234
Nodos: [101, 14, 59, 18, 63, 26, 71, 8, 53, 2, 47, 911]
q: [0, 8.0, -8.0, 11.0, -11.0, 13.0, -13.0, 8.0, -8.0, 9.0, -9.0, 0]
Q: [0, 8.0, 0.0, 11.0, 0.0, 13.0, 0.0, 8.0, 0.0, 9.0, 0.0, 0]
B: [0.0, 112.0, 124.021711775, 293.0, 316.8182362487, 345.81975307109997, 363.39898104049996, 414.0, 434.768396616, 522.0, 562.7349620474, 578.7787686406]
