Avion: 1      Iteracion: 87

Num Ruta: 57
Ingresos: 48000.0
Costos: 166.812283682
Utilidad Ruta: 47833.1877163
Costo Reducido: 0.699435253904
Nodos: [101, 16, 61, 9, 54, 43, 88, 21, 66, 911]
q: [0, 11.0, -11.0, 11.0, -11.0, 5.0, -5.0, 13.0, -13.0, 0]
Q: [0, 11.0, 0.0, 11.0, 0.0, 5.0, 0.0, 13.0, 0.0, 0]
B: [0.0, 36.0, 45.624091437640004, 75.68094759394, 105.20818459644, 451.0, 468.262321107, 477.0, 517.7387906792, 539.9369507156]
