Avion: 1      Iteracion: 34

Num Ruta: 30
Ingresos: 24000.0
Costos: 79.1011603744
Utilidad Ruta: 23920.8988396
Costo Reducido: 6.38923479185
Nodos: [101, 16, 61, 2, 47, 911]
q: [0, 11.0, -11.0, 9.0, -9.0, 0]
Q: [0, 11.0, 0.0, 9.0, 0.0, 0]
B: [0.0, 36.0, 45.624091437640004, 522.0, 562.7349620474, 578.7787686406]
