Avion: 5      Iteracion: 33

Num Ruta: 35
Ingresos: 128400.0
Costos: 413.88012155
Utilidad Ruta: 127986.119878
Costo Reducido: 45.0572314176
Nodos: [105, 17, 62, 24, 69, 14, 59, 45, 90, 19, 25, 70, 8, 64, 53, 7, 4, 52, 49, 33, 78, 27, 72, 37, 82, 915]
q: [0.0, 5.0, -5.0, 14.0, -14.0, 8.0, -8.0, 11.0, -11.0, 7.0, 8.0, -8.0, 8.0, -7.0, -8.0, 10.0, 5.0, -10.0, -5.0, 10.0, -10.0, 6.0, -6.0, 15.0, -15.0, 0.0]
Q: [0.0, 5.0, 0.0, 14.0, 0.0, 8.0, 0.0, 11.0, 0.0, 7.0, 15.0, 7.0, 15.0, 8.0, 0.0, 10.0, 15.0, 5.0, 0.0, 10.0, 0.0, 6.0, 0.0, 15.0, 0.0, 0.0]
B: [0.0, 24.0, 58.8425537813, 75.400837086, 113.9137873885, 142.5601566872, 154.5818684622, 371.0, 380.19162363242, 402.0, 411.3920072402, 428.57698955029997, 454.39758940779996, 472.35454883859995, 475.2826680301599, 517.0, 529.0, 548.2723609867, 549.43273506431, 562.0, 585.3035112376, 592.52226459258, 609.55312696068, 616.38909258377, 637.1837460552699, 662.24892399197]
