Avion: 4      Iteracion: 98

Num Ruta: 69
Ingresos: 105600.0
Costos: 347.333438619
Utilidad Ruta: 105252.666561
Costo Reducido: 2.62120465576
Nodos: [104, 31, 11, 76, 56, 44, 42, 89, 35, 87, 80, 6, 51, 13, 58, 20, 5, 50, 65, 2, 47, 29, 74, 914]
q: [0.0, 6.0, 8.0, -6.0, -8.0, 10.0, 5.0, -10.0, 6.0, -5.0, -6.0, 5.0, -5.0, 15.0, -15.0, 10.0, 5.0, -5.0, -10.0, 9.0, -9.0, 9.0, -9.0, 0.0]
Q: [0.0, 6.0, 14.0, 8.0, 0.0, 10.0, 15.0, 5.0, 11.0, 6.0, 0.0, 5.0, 0.0, 15.0, 0.0, 10.0, 15.0, 10.0, 0.0, 9.0, 0.0, 9.0, 0.0, 0.0]
B: [0.0, 130.0, 169.0, 169.478878899097, 173.173257466597, 211.0, 239.0, 276.4881823646, 296.9043957745, 300.96084557698003, 317.03505454668004, 436.0, 439.69228939819, 453.10235550539, 469.98550645539, 496.0, 519.9123369832, 521.03402588838, 540.17366112528, 547.50395839074, 588.23892043814, 598.04366097525, 631.82344075545, 656.6318687790499]
