Avion: 5      Iteracion: 51

Num Ruta: 51
Ingresos: 122400.0
Costos: 371.400793222
Utilidad Ruta: 122028.599207
Costo Reducido: 19.3269062118
Nodos: [105, 1, 46, 23, 18, 63, 68, 22, 67, 19, 32, 8, 64, 53, 13, 77, 58, 15, 7, 60, 20, 52, 65, 37, 82, 915]
q: [0.0, 7.0, -7.0, 10.0, 5.0, -5.0, -10.0, 10.0, -10.0, 7.0, 0.0, 8.0, -7.0, -8.0, 15.0, 0.0, -15.0, 10.0, 5.0, -10.0, 10.0, -5.0, -10.0, 15.0, -15.0, 0.0]
Q: [0.0, 7.0, 0.0, 10.0, 15.0, 10.0, 0.0, 10.0, 0.0, 7.0, 7.0, 15.0, 8.0, 0.0, 15.0, 15.0, 0.0, 10.0, 15.0, 5.0, 15.0, 10.0, 0.0, 15.0, 0.0, 0.0]
B: [0.0, 175.0, 209.2400855285, 267.0, 293.0, 316.8182362487, 326.74376782137, 342.50019181287, 364.25487795177, 402.0, 422.0, 433.4468981388, 451.4038575696, 454.33197676116, 456.54265290206996, 470.38483267987, 474.45578306031, 511.0, 524.7672641436, 535.6720037094999, 541.8058557618399, 571.0518631474399, 584.0155476931399, 595.5930656482399, 616.3877191197398, 641.4528970564398]
