Avion: 3      Iteracion: 22

Num Ruta: 25
Ingresos: 25200.0
Costos: 111.055307171
Utilidad Ruta: 25088.9446928
Costo Reducido: 51.1869654402
Nodos: [103, 28, 73, 21, 66, 913]
q: [0, 8.0, -8.0, 13.0, -13.0, 0]
Q: [0, 8.0, 0.0, 13.0, 0.0, 0]
B: [0.0, 378.0, 414.0266187839, 477.0, 517.7387906792, 534.7289915314999]
