Avion: 2      Iteracion: 32

Num Ruta: 32
Ingresos: 16800.0
Costos: 78.5566977589
Utilidad Ruta: 16721.4433022
Costo Reducido: 5.34022717751
Nodos: [102, 44, 89, 912]
q: [0, 14.0, -14.0, 0]
Q: [0, 14.0, 0.0, 0]
B: [0.0, 211.0, 265.00737440390003, 279.5386346727]
