Avion: 2      Iteracion: 21

Num Ruta: 24
Ingresos: 24000.0
Costos: 98.2581535148
Utilidad Ruta: 23901.7418465
Costo Reducido: 71.0233080047
Nodos: [102, 34, 79, 39, 84, 912]
q: [0, 12.0, -12.0, 8.0, -8.0, 0]
Q: [0, 12.0, 0.0, 8.0, 0.0, 0]
B: [0.0, 283.0, 323.947598037, 388.0, 410.632187455, 427.0858197895]
