Avion: 5      Iteracion: 45

Num Ruta: 46
Ingresos: 91200.0
Costos: 334.682932301
Utilidad Ruta: 90865.3170677
Costo Reducido: 7.92325918222
Nodos: [105, 16, 61, 24, 69, 1, 46, 23, 68, 22, 67, 43, 88, 29, 74, 33, 78, 915]
q: [0, 11.0, -11.0, 14.0, -14.0, 7.0, -7.0, 10.0, -10.0, 10.0, -10.0, 5.0, -5.0, 9.0, -9.0, 10.0, -10.0, 0]
Q: [0, 11.0, 0.0, 14.0, 0.0, 7.0, 0.0, 10.0, 0.0, 10.0, 0.0, 5.0, 0.0, 9.0, 0.0, 10.0, 0.0, 0]
B: [0.0, 36.0, 45.624091437640004, 70.85029051714, 109.36324081964, 175.0, 209.2400855285, 267.0, 306.733842905, 322.49026689650003, 344.24495303540004, 451.0, 468.262321107, 549.0, 582.7797797802, 591.6312714624, 614.9347827, 631.1673746372]
