Avion: 4      Iteracion: 97

Num Ruta: 68
Ingresos: 99600.0
Costos: 330.022919401
Utilidad Ruta: 99269.9770806
Costo Reducido: 2.14314475359
Nodos: [104, 31, 11, 76, 56, 44, 42, 89, 35, 87, 80, 13, 58, 20, 5, 50, 65, 2, 47, 29, 74, 914]
q: [0.0, 6.0, 8.0, -6.0, -8.0, 10.0, 5.0, -10.0, 6.0, -5.0, -6.0, 15.0, -15.0, 10.0, 5.0, -5.0, -10.0, 9.0, -9.0, 9.0, -9.0, 0.0]
Q: [0.0, 6.0, 14.0, 8.0, 0.0, 10.0, 15.0, 5.0, 11.0, 6.0, 0.0, 15.0, 0.0, 10.0, 15.0, 10.0, 0.0, 9.0, 0.0, 9.0, 0.0, 0.0]
B: [0.0, 130.0, 169.0, 169.478878899097, 173.173257466597, 211.0, 239.0, 276.4881823646, 296.9043957745, 300.96084557698003, 317.03505454668004, 423.0, 439.88315095, 496.0, 519.9123369832, 521.03402588838, 540.17366112528, 547.50395839074, 588.23892043814, 598.04366097525, 631.82344075545, 656.6318687790499]
