Avion: 6      Iteracion: 31

Num Ruta: 34
Ingresos: 105600.0
Costos: 286.090846696
Utilidad Ruta: 105313.909153
Costo Reducido: 83.0709631367
Nodos: [106, 9, 54, 12, 57, 11, 56, 36, 81, 20, 15, 60, 7, 52, 65, 37, 82, 916]
q: [0.0, 11.0, -11.0, 14.0, -14.0, 8.0, -8.0, 15.0, -15.0, 5.0, 10.0, -10.0, 10.0, -10.0, -5.0, 15.0, -15.0, 0.0]
Q: [0.0, 11.0, 0.0, 14.0, 0.0, 8.0, 0.0, 15.0, 0.0, 5.0, 15.0, 5.0, 15.0, 5.0, 0.0, 15.0, 0.0, 0.0]
B: [0.0, 28.0, 57.5272370025, 68.3142737596, 111.6621980236, 169.0, 173.05406684701, 251.0, 257.94814406874, 496.0, 511.0, 527.4211666151, 538.3259061809999, 566.8672179938999, 579.8309025395998, 591.4084204946998, 612.2030739661998, 633.5024264680998]
