Avion: 4      Iteracion: 51

Num Ruta: 45
Ingresos: 153600.0
Costos: 499.047768954
Utilidad Ruta: 153100.952231
Costo Reducido: 35.051499557
Nodos: [104, 30, 16, 61, 75, 24, 69, 31, 11, 76, 56, 44, 42, 89, 35, 87, 26, 80, 71, 22, 67, 32, 25, 70, 77, 20, 38, 83, 27, 65, 2, 72, 47, 914]
q: [0.0, 11.0, 4.0, -4.0, -11.0, 14.0, -14.0, 6.0, 8.0, -6.0, -8.0, 10.0, 5.0, -10.0, 6.0, -5.0, 9.0, -6.0, -9.0, 10.0, -10.0, 6.0, 9.0, -9.0, -6.0, 9.0, 6.0, -6.0, 6.0, -9.0, 9.0, -6.0, -9.0, 0.0]
Q: [0.0, 11.0, 15.0, 11.0, 0.0, 14.0, 0.0, 6.0, 14.0, 8.0, 0.0, 10.0, 15.0, 5.0, 11.0, 6.0, 15.0, 9.0, 0.0, 10.0, 0.0, 6.0, 15.0, 6.0, 0.0, 9.0, 15.0, 9.0, 15.0, 6.0, 15.0, 9.0, 0.0, 0.0]
B: [0.0, 64.0, 72.20259129788, 81.82668273552001, 84.69783929691, 109.43181018721, 147.94476048971, 159.22911824721, 172.41184744111, 172.890726340207, 176.585104907707, 211.0, 239.0, 276.4881823646, 296.9043957745, 300.96084557698003, 307.85632416806004, 317.14932954845005, 326.97114531744006, 340.60532596754007, 362.3600121064401, 422.0, 442.6664482919, 459.851430602, 470.8364988767, 496.0, 498.08106943661, 530.9499560773099, 542.48568340591, 568.78644675981, 576.11674402527, 587.56881711267, 616.9093474589699, 640.5163743789699]
