Avion: 3      Iteracion: 21

Num Ruta: 24
Ingresos: 40800.0
Costos: 260.471902117
Utilidad Ruta: 40539.5280979
Costo Reducido: 64.260017734
Nodos: [103, 34, 79, 21, 66, 2, 47, 913]
q: [0, 12.0, -12.0, 13.0, -13.0, 9.0, -9.0, 0]
Q: [0, 12.0, 0.0, 13.0, 0.0, 9.0, 0.0, 0]
B: [0.0, 283.0, 323.947598037, 477.0, 517.7387906792, 541.5898044103, 582.3247664577, 618.3697031063]
