Avion: 6      Iteracion: 43

Num Ruta: 44
Ingresos: 67200.0
Costos: 269.095928784
Utilidad Ruta: 66930.9040712
Costo Reducido: 14.5747559923
Nodos: [106, 24, 69, 1, 46, 23, 42, 87, 26, 68, 71, 27, 7, 52, 72, 916]
q: [0.0, 14.0, -14.0, 7.0, -7.0, 10.0, 5.0, -5.0, 5.0, -10.0, -5.0, 5.0, 10.0, -10.0, -5.0, 0.0]
Q: [0.0, 14.0, 0.0, 7.0, 0.0, 10.0, 15.0, 10.0, 15.0, 5.0, 0.0, 5.0, 15.0, 5.0, 0.0, 0.0]
B: [0.0, 61.0, 99.5129503025, 175.0, 209.2400855285, 267.0, 289.6110683074, 337.6609029585, 344.55638154958, 364.24275432368, 367.30982670626, 538.0, 565.6633233723, 594.2046351852, 598.60455575266, 620.33326413586]
