Avion: 1      Iteracion: 40

Num Ruta: 34
Ingresos: 49200.0
Costos: 161.403784693
Utilidad Ruta: 49038.5962153
Costo Reducido: 31.5807132409
Nodos: [101, 22, 67, 19, 64, 13, 58, 29, 74, 911]
q: [0, 10.0, -10.0, 7.0, -7.0, 15.0, -15.0, 9.0, -9.0, 0]
Q: [0, 10.0, 0.0, 7.0, 0.0, 15.0, 0.0, 9.0, 0.0, 0]
B: [0.0, 299.0, 320.7546861389, 402.0, 428.6271162915, 432.85473559792, 449.73788654792, 549.0, 582.7797797802, 599.1597614957]
