Avion: 7      Iteracion: 9

Num Ruta: 11
Ingresos: 20400.0
Costos: 109.703724619
Utilidad Ruta: 20290.2962754
Costo Reducido: 64352.5976593
Nodos: [107, 9, 54, 31, 76, 917]
q: [0, 11.0, -11.0, 6.0, -6.0, 0]
Q: [0, 11.0, 0.0, 6.0, 0.0, 0]
B: [0.0, 28.0, 57.5272370025, 130.0, 143.3056140031, 177.9117499475]
