Avion: 6      Iteracion: 46

Num Ruta: 47
Ingresos: 106800.0
Costos: 369.997910918
Utilidad Ruta: 106430.002089
Costo Reducido: 9.39620370146
Nodos: [106, 40, 85, 30, 75, 14, 59, 3, 48, 23, 42, 87, 26, 68, 71, 38, 43, 88, 21, 66, 83, 916]
q: [0.0, 15.0, -15.0, 11.0, -11.0, 8.0, -8.0, 15.0, -15.0, 10.0, 5.0, -5.0, 5.0, -10.0, -5.0, 8.0, 5.0, -5.0, 7.0, -7.0, -8.0, 0.0]
Q: [0.0, 15.0, 0.0, 11.0, 0.0, 8.0, 0.0, 15.0, 0.0, 10.0, 15.0, 10.0, 15.0, 5.0, 0.0, 8.0, 13.0, 8.0, 15.0, 8.0, 0.0, 0.0]
B: [0.0, 62.0, 94.5694417821, 113.51249206450001, 132.22651472130002, 160.02245537820002, 172.04416715320002, 256.0, 261.08428175852, 267.0, 289.6110683074, 337.6609029585, 344.55638154958, 364.24275432368, 367.30982670626, 480.0, 488.71731541244, 505.97963651943996, 513.2626439339599, 554.0014346131599, 561.0713631842299, 598.8923700983299]
