Avion: 1      Iteracion: 52

Num Ruta: 45
Ingresos: 26400.0
Costos: 88.2918831398
Utilidad Ruta: 26311.7081169
Costo Reducido: 9.01230407101
Nodos: [101, 10, 55, 33, 78, 911]
q: [0, 12.0, -12.0, 10.0, -10.0, 0]
Q: [0, 12.0, 0.0, 10.0, 0.0, 0]
B: [0.0, 96.0, 125.5195107344, 562.0, 585.3035112376, 590.98027404751]
