Avion: 7      Iteracion: 29

Num Ruta: 28
Ingresos: 104400.0
Costos: 297.979028232
Utilidad Ruta: 104102.020972
Costo Reducido: 49.159719447
Nodos: [107, 9, 54, 30, 75, 24, 69, 1, 31, 76, 11, 56, 46, 3, 48, 23, 68, 6, 51, 917]
q: [0, 11.0, -11.0, 11.0, -11.0, 14.0, -14.0, 7.0, 6.0, -6.0, 8.0, -8.0, -7.0, 15.0, -15.0, 10.0, -10.0, 5.0, -5.0, 0]
Q: [0, 11.0, 0.0, 11.0, 0.0, 14.0, 0.0, 7.0, 13.0, 7.0, 15.0, 7.0, 0.0, 15.0, 0.0, 10.0, 0.0, 5.0, 0.0, 0]
B: [0.0, 28.0, 57.5272370025, 73.3151373379, 92.0291599947, 116.763130885, 155.27608118749998, 175.0, 183.89376197118, 197.19937597428, 197.678254873377, 201.732321720387, 236.048051058387, 256.0, 261.08428175852, 267.0, 306.733842905, 436.0, 439.69228939819, 461.08645703799]
