Avion: 6      Iteracion: 36

Num Ruta: 38
Ingresos: 44400.0
Costos: 156.809902776
Utilidad Ruta: 44243.1900972
Costo Reducido: 3.74904667551
Nodos: [106, 3, 48, 32, 19, 64, 77, 29, 74, 916]
q: [0, 15.0, -15.0, 6.0, 7.0, -7.0, -6.0, 9.0, -9.0, 0]
Q: [0, 15.0, 0.0, 6.0, 13.0, 6.0, 0.0, 9.0, 0.0, 0]
B: [0.0, 256.0, 261.08428175852, 422.0, 433.71491463899997, 460.34203093049996, 477.46940737869994, 549.0, 582.7797797802, 614.0430139379]
