Avion: 7      Iteracion: 26

Num Ruta: 25
Ingresos: 114000.0
Costos: 363.410937582
Utilidad Ruta: 113636.589062
Costo Reducido: 95.6039202469
Nodos: [107, 16, 61, 30, 75, 24, 69, 1, 46, 45, 90, 19, 8, 64, 53, 15, 60, 20, 38, 83, 65, 917]
q: [0.0, 11.0, -11.0, 11.0, -11.0, 14.0, -14.0, 7.0, -7.0, 11.0, -11.0, 7.0, 8.0, -7.0, -8.0, 11.0, -11.0, 10.0, 5.0, -5.0, -10.0, 0.0]
Q: [0.0, 11.0, 0.0, 11.0, 0.0, 14.0, 0.0, 7.0, 0.0, 11.0, 0.0, 7.0, 15.0, 8.0, 0.0, 11.0, 0.0, 10.0, 15.0, 10.0, 0.0, 0.0]
B: [0.0, 36.0, 45.624091437640004, 64.0, 82.7140226568, 107.4479935471, 145.9609438496, 175.0, 209.2400855285, 371.0, 380.19162363242, 402.0, 425.1608815463, 443.1178409771, 446.04596016866, 511.0, 527.4211666151, 533.55501866744, 535.63608810405, 568.50497474475, 595.88198247025, 608.76263346315]
