Avion: 5      Iteracion: 29

Num Ruta: 32
Ingresos: 145200.0
Costos: 433.687285893
Utilidad Ruta: 144766.312714
Costo Reducido: 91.0701961265
Nodos: [105, 10, 55, 1, 46, 3, 48, 23, 18, 63, 68, 22, 67, 32, 19, 77, 64, 5, 50, 41, 86, 20, 4, 49, 65, 2, 47, 915]
q: [0.0, 12.0, -12.0, 7.0, -7.0, 15.0, -15.0, 10.0, 5.0, -5.0, -10.0, 10.0, -10.0, 6.0, 7.0, -6.0, -7.0, 12.0, -12.0, 13.0, -13.0, 10.0, 5.0, -5.0, -10.0, 9.0, -9.0, 0.0]
Q: [0.0, 12.0, 0.0, 7.0, 0.0, 15.0, 0.0, 10.0, 15.0, 10.0, 0.0, 10.0, 0.0, 6.0, 13.0, 7.0, 0.0, 12.0, 0.0, 13.0, 0.0, 10.0, 15.0, 10.0, 0.0, 9.0, 0.0, 0.0]
B: [0.0, 96.0, 125.5195107344, 175.0, 209.2400855285, 256.0, 261.08428175852, 267.0, 293.0, 316.8182362487, 326.74376782137, 342.50019181287, 364.25487795177, 422.0, 433.71491463899997, 461.3697862171, 478.4971626653, 486.34747590745997, 487.46916481264, 496.29540262950997, 516.33652298241, 529.86396342771, 540.1431144627101, 560.5688641429101, 572.4300873935101, 579.7603846589701, 620.4953467063701, 631.5514303257702]
