Avion: 7      Iteracion: 79

Num Ruta: 56
Ingresos: 64800.0
Costos: 180.703401931
Utilidad Ruta: 64619.2965981
Costo Reducido: 12.6352560196
Nodos: [107, 12, 57, 10, 55, 41, 86, 7, 4, 49, 52, 917]
q: [0, 14.0, -14.0, 12.0, -12.0, 13.0, -13.0, 10.0, 5.0, -5.0, -10.0, 0]
Q: [0, 14.0, 0.0, 12.0, 0.0, 13.0, 0.0, 10.0, 15.0, 10.0, 0.0, 0]
B: [0.0, 54.0, 97.347924264, 106.06569462115, 135.58520535555, 446.0, 466.0411203529, 517.0, 529.0, 549.4257496801999, 550.5861237578099, 557.2755722403099]
