Avion: 3      Iteracion: 37

Num Ruta: 37
Ingresos: 27600.0
Costos: 142.241390709
Utilidad Ruta: 27457.7586093
Costo Reducido: 8.59501602194
Nodos: [103, 1, 46, 8, 53, 38, 83, 913]
q: [0, 7.0, -7.0, 8.0, -8.0, 8.0, -8.0, 0]
Q: [0, 7.0, 0.0, 8.0, 0.0, 8.0, 0.0, 0]
B: [0.0, 175.0, 209.2400855285, 414.0, 434.768396616, 480.0, 512.8688866407, 522.8328620019699]
