Avion: 4      Iteracion: 22

Num Ruta: 24
Ingresos: 140400.0
Costos: 480.061862202
Utilidad Ruta: 139919.938138
Costo Reducido: 231.736688058
Nodos: [104, 30, 16, 61, 75, 24, 69, 1, 11, 56, 44, 42, 46, 89, 35, 87, 26, 80, 71, 28, 45, 90, 32, 73, 25, 70, 77, 4, 27, 49, 2, 72, 47, 914]
q: [0.0, 11.0, 4.0, -4.0, -11.0, 14.0, -14.0, 7.0, 8.0, -8.0, 3.0, 5.0, -7.0, -3.0, 6.0, -5.0, 9.0, -6.0, -9.0, 8.0, 7.0, -7.0, 6.0, -8.0, 9.0, -9.0, -6.0, 5.0, 6.0, -5.0, 9.0, -6.0, -9.0, 0.0]
Q: [0.0, 11.0, 15.0, 11.0, 0.0, 14.0, 0.0, 7.0, 15.0, 7.0, 10.0, 15.0, 8.0, 5.0, 11.0, 6.0, 15.0, 9.0, 0.0, 8.0, 15.0, 8.0, 14.0, 6.0, 15.0, 6.0, 0.0, 5.0, 11.0, 6.0, 15.0, 9.0, 0.0, 0.0]
B: [0.0, 64.0, 72.20259129788, 81.82668273552001, 84.69783929691, 109.43181018721, 147.94476048971, 175.0, 193.6808285951, 197.73489544211, 211.0, 239.0, 264.0626014013, 280.07715041150004, 300.49336382140007, 304.5498136238801, 311.4452922149601, 320.7382975953501, 330.5601133643401, 378.0, 411.1514906603, 420.34311429272, 422.0, 445.4551085267, 448.78848714305997, 465.97346945315996, 476.95853772785995, 529.0, 546.6147745373, 562.9655871165, 572.4200536271001, 583.8721267145, 613.2126570608, 636.8196839807999]
