Avion: 1      Iteracion: 29

Num Ruta: 27
Ingresos: 27600.0
Costos: 161.488456393
Utilidad Ruta: 27438.5115436
Costo Reducido: 23.4990815495
Nodos: [101, 44, 89, 2, 47, 911]
q: [0, 14.0, -14.0, 9.0, -9.0, 0]
Q: [0, 14.0, 0.0, 9.0, 0.0, 0]
B: [0.0, 211.0, 265.00737440390003, 522.0, 562.7349620474, 578.7787686406]
