Avion: 3      Iteracion: 69

Num Ruta: 55
Ingresos: 58800.0
Costos: 253.050332028
Utilidad Ruta: 58546.949668
Costo Reducido: 4.82432382418
Nodos: [103, 17, 62, 12, 57, 10, 55, 2, 47, 29, 74, 913]
q: [0, 5.0, -5.0, 14.0, -14.0, 12.0, -12.0, 9.0, -9.0, 9.0, -9.0, 0]
Q: [0, 5.0, 0.0, 14.0, 0.0, 12.0, 0.0, 9.0, 0.0, 9.0, 0.0, 0]
B: [0.0, 24.0, 58.8425537813, 78.5512475229, 121.8991717869, 130.61694214405, 160.13645287845, 522.0, 562.7349620474, 572.53970258451, 606.31948236471, 624.95664698271]
