Avion: 5      Iteracion: 53

Num Ruta: 53
Ingresos: 147600.0
Costos: 439.091960298
Utilidad Ruta: 147160.90804
Costo Reducido: 11.836053415
Nodos: [105, 10, 55, 1, 46, 3, 48, 23, 18, 63, 68, 22, 67, 19, 8, 64, 53, 5, 50, 41, 86, 20, 7, 52, 65, 2, 47, 915]
q: [0.0, 12.0, -12.0, 7.0, -7.0, 15.0, -15.0, 10.0, 5.0, -5.0, -10.0, 10.0, -10.0, 7.0, 8.0, -7.0, -8.0, 12.0, -12.0, 13.0, -13.0, 10.0, 5.0, -5.0, -10.0, 9.0, -9.0, 0.0]
Q: [0.0, 12.0, 0.0, 7.0, 0.0, 15.0, 0.0, 10.0, 15.0, 10.0, 0.0, 10.0, 0.0, 7.0, 15.0, 8.0, 0.0, 12.0, 0.0, 13.0, 0.0, 10.0, 15.0, 10.0, 0.0, 9.0, 0.0, 0.0]
B: [0.0, 96.0, 125.5195107344, 175.0, 209.2400855285, 256.0, 261.08428175852, 267.0, 293.0, 316.8182362487, 326.74376782137, 342.50019181287, 364.25487795177, 402.0, 425.1608815463, 443.1178409771, 446.04596016866, 469.0, 470.12168890518, 478.94792672205, 498.98904707495, 512.51648752025, 521.25944194081, 549.80075375371, 562.7644382994099, 570.0947355648699, 610.8296976122699, 621.88578123167]
