Avion: 6      Iteracion: 17

Num Ruta: 20
Ingresos: 153600.0
Costos: 449.24995649
Utilidad Ruta: 153150.750044
Costo Reducido: 233.288335469
Nodos: [106, 40, 85, 30, 75, 10, 55, 35, 26, 80, 71, 22, 67, 19, 25, 70, 64, 41, 5, 50, 86, 43, 15, 88, 38, 60, 4, 83, 33, 49, 78, 916]
q: [0.0, 15.0, -15.0, 11.0, -11.0, 12.0, -12.0, 6.0, 9.0, -6.0, -9.0, 10.0, -10.0, 7.0, 8.0, -8.0, -7.0, 13.0, 2.0, -2.0, -13.0, 5.0, 7.0, -5.0, 8.0, -7.0, 5.0, -8.0, 10.0, -5.0, -10.0, 0.0]
Q: [0.0, 15.0, 0.0, 11.0, 0.0, 12.0, 0.0, 6.0, 15.0, 9.0, 0.0, 10.0, 0.0, 7.0, 15.0, 7.0, 0.0, 13.0, 15.0, 13.0, 0.0, 5.0, 12.0, 7.0, 15.0, 8.0, 13.0, 5.0, 15.0, 10.0, 0.0, 0.0]
B: [0.0, 62.0, 94.5694417821, 113.51249206450001, 132.22651472130002, 150.91956500740002, 180.43907574180002, 279.0, 300.0, 309.29300538039, 319.11482114938, 332.74900179948, 354.50368793838004, 402.0, 411.3920072402, 428.57698955029997, 445.3638459862, 460.55485628829996, 469.0, 470.12168890518, 481.43821014628, 491.80435547618004, 511.0, 521.2530082415, 531.3881720784, 535.4754377903399, 541.05011706363, 570.16981639243, 586.81301683583, 595.38448228813, 616.92239639323, 639.75017002533]
