Avion: 7      Iteracion: 86

Num Ruta: 59
Ingresos: 62400.0
Costos: 162.240346599
Utilidad Ruta: 62237.7596534
Costo Reducido: 7.04711608505
Nodos: [107, 14, 59, 3, 48, 8, 32, 53, 77, 20, 4, 49, 65, 917]
q: [0, 8.0, -8.0, 15.0, -15.0, 8.0, 6.0, -8.0, -6.0, 10.0, 5.0, -5.0, -10.0, 0]
Q: [0, 8.0, 0.0, 15.0, 0.0, 8.0, 14.0, 6.0, 0.0, 10.0, 15.0, 10.0, 0.0, 0]
B: [0.0, 112.0, 124.021711775, 256.0, 261.08428175852, 414.0, 425.4468981388, 447.8266328334, 463.87573156200006, 496.0, 529.0, 549.4257496801999, 561.2869729308, 574.1676239236999]
