Avion: 2      Iteracion: 57

Num Ruta: 43
Ingresos: 40800.0
Costos: 98.2516506628
Utilidad Ruta: 40701.7483493
Costo Reducido: 1.836109558
Nodos: [102, 36, 81, 21, 66, 27, 72, 912]
q: [0, 15.0, -15.0, 13.0, -13.0, 6.0, -6.0, 0]
Q: [0, 15.0, 0.0, 13.0, 0.0, 6.0, 0.0, 0]
B: [0.0, 251.0, 257.94814406874, 477.0, 517.7387906792, 538.0, 555.0308623681, 561.27484579217]
