Avion: 1      Iteracion: 5

Num Ruta: 6
Ingresos: 68400.0
Costos: 295.229103568
Utilidad Ruta: 68104.7708964
Costo Reducido: 252090.431963
Nodos: [101, 24, 69, 14, 59, 42, 87, 13, 58, 37, 82, 911]
q: [0, 14.0, -14.0, 8.0, -8.0, 5.0, -5.0, 15.0, -15.0, 15.0, -15.0, 0]
Q: [0, 14.0, 0.0, 8.0, 0.0, 5.0, 0.0, 15.0, 0.0, 15.0, 0.0, 0]
B: [0.0, 61.0, 99.5129503025, 128.1593196012, 140.1810313762, 239.0, 287.0498346511, 423.0, 439.88315095, 562.0, 582.7946534714999, 614.5722310066]
