Avion: 2      Iteracion: 6

Num Ruta: 9
Ingresos: 139200.0
Costos: 578.302147919
Utilidad Ruta: 138621.697852
Costo Reducido: 362523.345214
Nodos: [102, 17, 62, 16, 61, 30, 75, 14, 59, 11, 56, 35, 80, 26, 71, 18, 63, 8, 53, 41, 86, 21, 66, 2, 47, 912]
q: [0, 5.0, -5.0, 11.0, -11.0, 11.0, -11.0, 8.0, -8.0, 8.0, -8.0, 6.0, -6.0, 13.0, -13.0, 11.0, -11.0, 8.0, -8.0, 13.0, -13.0, 13.0, -13.0, 9.0, -9.0, 0]
Q: [0, 5.0, 0.0, 11.0, 0.0, 11.0, 0.0, 8.0, 0.0, 8.0, 0.0, 6.0, 0.0, 13.0, 0.0, 11.0, 0.0, 8.0, 0.0, 13.0, 0.0, 13.0, 0.0, 9.0, 0.0, 0]
B: [0.0, 36.2584976247, 71.101051406, 76.43269074114, 86.05678217878, 103.04207581768, 121.75609847448, 149.55203913138, 161.57375090638, 191.02218001558, 195.07624686259, 279.0, 298.9128833924, 308.20588877279, 325.78511674219, 349.06378749459, 372.88202374328995, 414.0, 434.768396616, 450.7881267011, 470.829247054, 488.6923040152, 529.4310946944, 553.2821084255, 594.0170704729001, 619.9479141923]
