Avion: 5      Iteracion: 34

Num Ruta: 36
Ingresos: 132000.0
Costos: 359.860710439
Utilidad Ruta: 131640.13929
Costo Reducido: 31.2966284531
Nodos: [105, 17, 62, 9, 54, 14, 59, 3, 48, 23, 18, 63, 68, 22, 67, 8, 45, 90, 32, 53, 6, 51, 13, 77, 58, 15, 60, 915]
q: [0.0, 5.0, -5.0, 11.0, -11.0, 8.0, -8.0, 15.0, -15.0, 4.0, 11.0, -11.0, -4.0, 10.0, -10.0, 8.0, 7.0, -7.0, 6.0, -8.0, 5.0, -5.0, 9.0, -6.0, -9.0, 11.0, -11.0, 0.0]
Q: [0.0, 5.0, 0.0, 11.0, 0.0, 8.0, 0.0, 15.0, 0.0, 4.0, 15.0, 4.0, 0.0, 10.0, 0.0, 8.0, 15.0, 8.0, 14.0, 6.0, 11.0, 6.0, 15.0, 9.0, 0.0, 11.0, 0.0, 0.0]
B: [0.0, 24.0, 58.8425537813, 81.72911018459999, 111.25634718709999, 121.5131539026, 133.5348656776, 256.0, 261.08428175852, 267.0, 293.0, 316.8182362487, 326.74376782137, 342.50019181287, 364.25487795177, 414.0, 417.40515271317, 426.59677634559, 428.13238729892, 450.51212199352, 459.70279362295, 463.39508302114, 476.80514912834, 490.64732890614005, 494.71827928658007, 514.6753050419801, 531.0964716570801, 535.8830205182101]
