Avion: 3      Iteracion: 1

Num Ruta: 5
Ingresos: 194400.0
Costos: 642.390877696
Utilidad Ruta: 193757.609122
Costo Reducido: 225733.736225
Nodos: [103, 16, 61, 40, 85, 10, 55, 11, 56, 44, 89, 23, 68, 22, 67, 45, 90, 19, 25, 70, 64, 41, 50, 5, 86, 21, 4, 66, 27, 49, 72, 33, 78, 913]
q: [0.0, 11.0, -11.0, 15.0, -15.0, 12.0, -12.0, 8.0, -8.0, 14.0, -14.0, 10.0, -10.0, 10.0, -10.0, 11.0, -11.0, 5.0, 10.0, -10.0, -5.0, 13.0, -12.0, 12.0, -13.0, 10.0, 5.0, -10.0, 6.0, -5.0, -6.0, 10.0, -10.0, 0.0]
Q: [0.0, 11.0, 0.0, 15.0, 0.0, 12.0, 0.0, 8.0, 0.0, 14.0, 0.0, 10.0, 0.0, 10.0, 0.0, 11.0, 0.0, 5.0, 15.0, 5.0, 0.0, 13.0, 1.0, 13.0, 0.0, 10.0, 15.0, 5.0, 11.0, 6.0, 0.0, 10.0, 0.0, 0.0]
B: [0.0, 36.0, 45.624091437640004, 77.27284989674001, 109.84229167884001, 127.02298575674001, 156.54249649114, 209.18071307374, 213.23477992075001, 224.91208037935002, 278.91945478325, 299.75004586945, 339.48388877445, 355.24031276595, 376.99499890485004, 388.75767313315004, 397.94929676557, 409.79115101227, 419.18315825247, 436.36814056257, 453.15499699847, 468.34600730056997, 477.17224511743996, 478.29393402261996, 490.31982213951994, 508.18287910071996, 529.0, 558.169797411, 571.3472456086, 587.6980581878, 593.11331672272, 606.96048672242, 630.26399796002, 649.10273677132]
