Avion: 3      Iteracion: 88

Num Ruta: 66
Ingresos: 110400.0
Costos: 318.911769413
Utilidad Ruta: 110081.088231
Costo Reducido: 8.22967987173
Nodos: [103, 17, 10, 62, 30, 75, 55, 35, 26, 80, 71, 18, 63, 39, 28, 84, 13, 58, 73, 25, 21, 70, 38, 83, 66, 913]
q: [0.0, 5.0, 10.0, -5.0, 5.0, -5.0, -10.0, 6.0, 9.0, -6.0, -9.0, 11.0, -11.0, 8.0, 7.0, -8.0, 8.0, -8.0, -7.0, 8.0, 7.0, -8.0, 8.0, -8.0, -7.0, 0.0]
Q: [0.0, 5.0, 15.0, 10.0, 15.0, 10.0, 0.0, 6.0, 15.0, 9.0, 0.0, 11.0, 0.0, 8.0, 15.0, 7.0, 15.0, 7.0, 0.0, 8.0, 15.0, 7.0, 15.0, 7.0, 0.0, 0.0]
B: [0.0, 24.0, 96.0, 113.2607991993, 116.40525368299, 135.11927633979, 154.02007423299, 279.0, 300.0, 309.29300538039, 319.11482114938, 342.39349190178, 366.21172815048, 388.0, 399.3210123222, 412.3114993416, 423.0, 439.88315095, 462.92158097460003, 466.25495959096, 477.0, 485.168713485, 489.49037624371, 522.35926288441, 529.42919145548, 546.41939230778]
