Avion: 5      Iteracion: 28

Num Ruta: 31
Ingresos: 145200.0
Costos: 414.083109584
Utilidad Ruta: 144785.91689
Costo Reducido: 71.4016261681
Nodos: [105, 1, 46, 36, 81, 3, 48, 23, 18, 63, 68, 45, 90, 32, 19, 77, 64, 5, 50, 41, 86, 4, 27, 49, 2, 72, 47, 915]
q: [0.0, 7.0, -7.0, 15.0, -15.0, 15.0, -15.0, 10.0, 5.0, -5.0, -10.0, 11.0, -11.0, 6.0, 7.0, -6.0, -7.0, 12.0, -12.0, 13.0, -13.0, 5.0, 6.0, -5.0, 9.0, -6.0, -9.0, 0.0]
Q: [0.0, 7.0, 0.0, 15.0, 0.0, 15.0, 0.0, 10.0, 15.0, 10.0, 0.0, 11.0, 0.0, 6.0, 13.0, 7.0, 0.0, 12.0, 0.0, 13.0, 0.0, 5.0, 11.0, 6.0, 15.0, 9.0, 0.0, 0.0]
B: [0.0, 175.0, 209.2400855285, 251.0, 257.94814406874, 294.92818141324, 300.01246317176, 303.37495049515996, 323.55390064126, 347.37213688995996, 357.29766846263, 383.68620083943, 392.87782447185, 422.0, 433.71491463899997, 461.3697862171, 478.4971626653, 486.34747590745997, 487.46916481264, 496.29540262950997, 516.33652298241, 529.0, 546.6147745373, 562.9655871165, 572.4200536271001, 583.8721267145, 613.2126570608, 624.2687406802]
