Avion: 5      Iteracion: 41

Num Ruta: 43
Ingresos: 102000.0
Costos: 369.300147138
Utilidad Ruta: 101630.699853
Costo Reducido: 26.0963512587
Nodos: [105, 1, 46, 23, 42, 87, 26, 71, 68, 39, 84, 6, 51, 13, 58, 43, 88, 21, 38, 83, 66, 33, 78, 915]
q: [0.0, 7.0, -7.0, 10.0, 5.0, -5.0, 5.0, -5.0, -10.0, 8.0, -8.0, 5.0, -5.0, 15.0, -15.0, 5.0, -5.0, 7.0, 8.0, -8.0, -7.0, 10.0, -10.0, 0.0]
Q: [0.0, 7.0, 0.0, 10.0, 15.0, 10.0, 15.0, 10.0, 0.0, 8.0, 0.0, 5.0, 0.0, 15.0, 0.0, 5.0, 0.0, 7.0, 15.0, 7.0, 0.0, 10.0, 0.0, 0.0]
B: [0.0, 175.0, 209.2400855285, 267.0, 289.6110683074, 337.6609029585, 344.55638154958, 362.13560951898, 365.20268190156, 388.0, 410.632187455, 436.0, 439.69228939819, 453.10235550539, 469.98550645539, 492.19782603259, 509.46014713959, 516.74315455411, 523.56606749508, 556.43495413578, 563.50488270685, 573.66042764545, 596.96393888305, 613.19653082025]
