Avion: 3      Iteracion: 54

Num Ruta: 49
Ingresos: 73200.0
Costos: 220.574061414
Utilidad Ruta: 72979.4259386
Costo Reducido: 6.90789716075
Nodos: [103, 28, 39, 73, 19, 64, 84, 13, 58, 29, 27, 74, 33, 72, 78, 913]
q: [0.0, 7.0, 8.0, -7.0, 7.0, -7.0, -8.0, 15.0, -15.0, 9.0, 5.0, -9.0, 10.0, -5.0, -10.0, 0.0]
Q: [0.0, 7.0, 15.0, 8.0, 15.0, 8.0, 0.0, 15.0, 0.0, 9.0, 14.0, 5.0, 15.0, 10.0, 0.0, 0.0]
B: [0.0, 378.0, 389.3210123222, 420.750419714, 433.28621298769997, 459.91332927919996, 466.22853133455993, 469.4604651210099, 486.34361607100993, 549.0, 574.6018082369, 582.8182362320799, 591.66972791428, 605.51689791398, 626.08369020158, 644.92242901288]
