Avion: 7      Iteracion: 37

Num Ruta: 34
Ingresos: 52800.0
Costos: 139.603178343
Utilidad Ruta: 52660.3968217
Costo Reducido: 17.3986340138
Nodos: [107, 24, 69, 36, 81, 29, 74, 27, 72, 917]
q: [0, 14.0, -14.0, 15.0, -15.0, 9.0, -9.0, 6.0, -6.0, 0]
Q: [0, 14.0, 0.0, 15.0, 0.0, 9.0, 0.0, 6.0, 0.0, 0]
B: [0.0, 61.0, 99.5129503025, 251.0, 257.94814406874, 549.0, 582.7797797802, 590.99620777538, 608.0270701434799, 613.6045062928199]
