Avion: 6      Iteracion: 69

Num Ruta: 64
Ingresos: 97200.0
Costos: 282.544268143
Utilidad Ruta: 96917.4557319
Costo Reducido: 4.08549959949
Nodos: [106, 24, 69, 1, 42, 46, 3, 48, 23, 87, 26, 68, 71, 13, 58, 29, 27, 74, 72, 916]
q: [0.0, 14.0, -14.0, 7.0, 5.0, -7.0, 10.0, -10.0, 10.0, -5.0, 5.0, -10.0, -5.0, 15.0, -15.0, 9.0, 6.0, -9.0, -6.0, 0.0]
Q: [0.0, 14.0, 0.0, 7.0, 12.0, 5.0, 15.0, 5.0, 15.0, 10.0, 15.0, 5.0, 0.0, 15.0, 0.0, 9.0, 15.0, 6.0, 0.0, 0.0]
B: [0.0, 61.0, 99.5129503025, 175.0, 239.0, 264.0626014013, 271.1591533105, 276.24343506902, 279.60592239242, 316.62156124951997, 323.5170398406, 343.20341261469997, 346.27048499728, 423.0, 439.88315095, 549.0, 574.6018082369, 582.8182362320799, 598.26561380888, 619.99432219208]
