Avion: 2      Iteracion: 0

Num Ruta: 2
Ingresos: 202800.0
Costos: 622.610494781
Utilidad Ruta: 202177.389505
Costo Reducido: -
Nodos: [102, 40, 85, 10, 55, 31, 11, 76, 56, 44, 89, 3, 48, 23, 68, 26, 71, 45, 90, 13, 58, 5, 50, 41, 86, 15, 60, 4, 49, 2, 47, 912]
q: [0, 15.0, -15.0, 12.0, -12.0, 6.0, 8.0, -6.0, -8.0, 14.0, -14.0, 15.0, -15.0, 10.0, -10.0, 13.0, -13.0, 11.0, -11.0, 15.0, -15.0, 12.0, -12.0, 13.0, -13.0, 11.0, -11.0, 5.0, -5.0, 9.0, -9.0, 0]
Q: [0, 15.0, 0.0, 12.0, 0.0, 6.0, 14.0, 8.0, 0.0, 14.0, 0.0, 15.0, 0.0, 10.0, 0.0, 13.0, 0.0, 11.0, 0.0, 15.0, 0.0, 12.0, 0.0, 13.0, 0.0, 11.0, 0.0, 5.0, 0.0, 9.0, 0.0, 0]
B: [0.0, 62.0, 94.5694417821, 111.75013586, 141.2696465944, 180.8778009316, 194.0605301255, 194.539409024597, 198.233787592097, 211.0, 265.00737440390003, 287.39410424550005, 292.47838600402, 295.84087332742, 335.57471623242003, 355.26108900652, 372.84031697592, 396.36646940252, 405.55809303494, 429.68835256524, 446.57150351524, 473.83578661604, 474.95747552122003, 483.78371333809, 503.82483369099003, 526.4147067538901, 542.8358733689901, 548.4105526422801, 568.8363023224802, 578.2907688330802, 619.0257308804802, 644.9565745998801]
