Avion: 5      Iteracion: 43

Num Ruta: 44
Ingresos: 98400.0
Costos: 351.788284268
Utilidad Ruta: 98048.2117157
Costo Reducido: 3.49315137419
Nodos: [105, 30, 16, 61, 75, 24, 69, 1, 46, 23, 18, 68, 63, 28, 73, 25, 70, 19, 32, 64, 77, 915]
q: [0.0, 11.0, 4.0, -4.0, -11.0, 14.0, -14.0, 7.0, -7.0, 10.0, 5.0, -10.0, -5.0, 8.0, -8.0, 10.0, -10.0, 7.0, 6.0, -7.0, -6.0, 0.0]
Q: [0.0, 11.0, 15.0, 11.0, 0.0, 14.0, 0.0, 7.0, 0.0, 10.0, 15.0, 5.0, 0.0, 8.0, 0.0, 10.0, 0.0, 7.0, 13.0, 6.0, 0.0, 0.0]
B: [0.0, 64.0, 72.20259129788, 81.82668273552001, 84.69783929691, 109.43181018721, 147.94476048971, 175.0, 209.2400855285, 267.0, 293.0, 318.4393114097, 328.36484298237, 378.0, 414.0266187839, 417.35999740026, 434.54497971036, 451.21787139116, 462.93278603015995, 482.50525672245993, 499.6326331706599, 517.3496139800599]
