Avion: 4      Iteracion: 0

Num Ruta: 1
Ingresos: 70800.0
Costos: 266.528033574
Utilidad Ruta: 70533.4719664
Costo Reducido: -
Nodos: [104, 17, 62, 36, 81, 34, 79, 28, 73, 15, 60, 38, 83, 914]
q: [0, 5.0, -5.0, 15.0, -15.0, 12.0, -12.0, 8.0, -8.0, 11.0, -11.0, 8.0, -8.0, 0]
Q: [0, 5.0, 0.0, 15.0, 0.0, 12.0, 0.0, 8.0, 0.0, 11.0, 0.0, 8.0, 0.0, 0]
B: [0.0, 26.5094038032, 61.3519575845, 251.0, 257.94814406874, 283.0, 323.947598037, 378.0, 414.0266187839, 511.0, 527.4211666151, 531.5084323270399, 564.3773189677399, 585.4255117880399]
