Avion: 5      Iteracion: 92

Num Ruta: 79
Ingresos: 127200.0
Costos: 357.830310227
Utilidad Ruta: 126842.16969
Costo Reducido: 6.24682249787
Nodos: [105, 17, 62, 30, 16, 61, 75, 40, 85, 8, 45, 90, 32, 53, 13, 77, 58, 15, 60, 20, 7, 52, 65, 37, 82, 915]
q: [0.0, 5.0, -5.0, 4.0, 11.0, -11.0, -4.0, 15.0, -15.0, 8.0, 7.0, -7.0, 6.0, -8.0, 9.0, -6.0, -9.0, 11.0, -11.0, 10.0, 5.0, -5.0, -10.0, 15.0, -15.0, 0.0]
Q: [0.0, 5.0, 0.0, 4.0, 15.0, 4.0, 0.0, 15.0, 0.0, 8.0, 15.0, 8.0, 14.0, 6.0, 15.0, 9.0, 0.0, 11.0, 0.0, 10.0, 15.0, 10.0, 0.0, 15.0, 0.0, 0.0]
B: [0.0, 24.0, 58.8425537813, 64.0, 72.20259129788, 81.82668273552001, 84.69783929691, 115.50769336991, 148.07713515201, 414.0, 417.40515271317, 426.59677634559, 428.13238729892, 450.51212199352, 452.72279813443, 466.56497791223, 470.63592829267003, 511.0, 527.4211666151, 533.55501866744, 542.2979730879999, 570.8392849008999, 583.8029694465998, 595.3804874016998, 616.1751408731998, 641.2403188098998]
