Avion: 4      Iteracion: 1

Num Ruta: 5
Ingresos: 156000.0
Costos: 618.985719329
Utilidad Ruta: 155381.014281
Costo Reducido: 187374.100635
Nodos: [104, 16, 61, 40, 85, 10, 55, 11, 56, 44, 89, 35, 80, 22, 67, 45, 28, 90, 32, 73, 25, 70, 77, 21, 66, 27, 4, 72, 49, 914]
q: [0.0, 11.0, -11.0, 15.0, -15.0, 12.0, -12.0, 8.0, -8.0, 14.0, -14.0, 6.0, -6.0, 10.0, -10.0, 7.0, 8.0, -7.0, 6.0, -8.0, 9.0, -9.0, -6.0, 13.0, -13.0, 6.0, 5.0, -6.0, -5.0, 0.0]
Q: [0.0, 11.0, 0.0, 15.0, 0.0, 12.0, 0.0, 8.0, 0.0, 14.0, 0.0, 6.0, 0.0, 10.0, 0.0, 7.0, 15.0, 8.0, 14.0, 6.0, 15.0, 6.0, 0.0, 13.0, 0.0, 6.0, 11.0, 5.0, 0.0, 0.0]
B: [0.0, 36.0, 45.624091437640004, 77.27284989674001, 109.84229167884001, 127.02298575674001, 156.54249649114, 209.18071307374, 213.23477992075001, 224.91208037935002, 278.91945478325, 299.33566819315, 319.24855158555, 334.36280621484997, 356.11749235375, 371.0, 404.1514906603, 439.7327881352, 441.26839908853, 464.72350761522995, 468.05688623158994, 485.24186854168994, 496.2269368163899, 514.6388684097899, 555.3776590889898, 568.5551072865899, 586.1698818238899, 602.2570824815899, 607.6723410165099, 641.5646588776099]
