Avion: 7      Iteracion: 7

Num Ruta: 9
Ingresos: 128400.0
Costos: 497.881610911
Utilidad Ruta: 127902.118389
Costo Reducido: 231216.401683
Nodos: [107, 9, 54, 40, 85, 1, 31, 76, 11, 56, 46, 23, 68, 25, 70, 39, 84, 41, 86, 7, 52, 29, 74, 917]
q: [0, 11.0, -11.0, 15.0, -15.0, 7.0, 6.0, -6.0, 8.0, -8.0, -7.0, 10.0, -10.0, 10.0, -10.0, 8.0, -8.0, 13.0, -13.0, 10.0, -10.0, 9.0, -9.0, 0]
Q: [0, 11.0, 0.0, 15.0, 0.0, 7.0, 13.0, 7.0, 15.0, 7.0, 0.0, 10.0, 0.0, 10.0, 0.0, 8.0, 0.0, 13.0, 0.0, 10.0, 0.0, 9.0, 0.0, 0]
B: [0.0, 28.0, 57.5272370025, 86.4860319533, 119.0554737354, 175.0, 183.89376197118, 197.19937597428, 197.678254873377, 201.732321720387, 236.048051058387, 267.0, 306.733842905, 410.0, 427.1849823101, 446.3261919114, 468.9583793664, 486.6756908159, 506.7168111688, 517.1269693328001, 545.6682811457, 582.4801013805001, 616.2598811607, 635.2304849466001]
