Avion: 3      Iteracion: 59

Num Ruta: 53
Ingresos: 43200.0
Costos: 160.905361368
Utilidad Ruta: 43039.0946386
Costo Reducido: 1.28692372367
Nodos: [103, 17, 62, 9, 54, 11, 56, 34, 79, 913]
q: [0, 5.0, -5.0, 11.0, -11.0, 8.0, -8.0, 12.0, -12.0, 0]
Q: [0, 5.0, 0.0, 11.0, 0.0, 8.0, 0.0, 12.0, 0.0, 0]
B: [0.0, 24.0, 58.8425537813, 81.72911018459999, 111.25634718709999, 169.0, 173.05406684701, 283.0, 323.947598037, 333.98216549159997]
