Avion: 4      Iteracion: 15

Num Ruta: 17
Ingresos: 146400.0
Costos: 579.307172693
Utilidad Ruta: 145820.692827
Costo Reducido: 615.769652055
Nodos: [104, 17, 62, 24, 69, 31, 14, 59, 76, 1, 46, 3, 48, 23, 68, 18, 63, 45, 90, 32, 43, 77, 20, 88, 21, 66, 65, 2, 47, 914]
q: [0.0, 5.0, -5.0, 14.0, -14.0, 6.0, 8.0, -8.0, -6.0, 7.0, -7.0, 15.0, -15.0, 10.0, -10.0, 11.0, -11.0, 11.0, -11.0, 6.0, 5.0, -6.0, 10.0, -5.0, 5.0, -5.0, -10.0, 9.0, -9.0, 0.0]
Q: [0.0, 5.0, 0.0, 14.0, 0.0, 6.0, 14.0, 6.0, 0.0, 7.0, 0.0, 15.0, 0.0, 10.0, 0.0, 11.0, 0.0, 11.0, 0.0, 6.0, 11.0, 5.0, 15.0, 10.0, 15.0, 10.0, 0.0, 9.0, 0.0, 0.0]
B: [0.0, 26.5094038032, 61.3519575845, 77.9102408892, 116.4231911917, 130.0, 147.5196824172, 159.5413941922, 188.60695116259998, 207.59664526229997, 241.83673079079998, 256.0, 261.08428175852, 267.0, 306.733842905, 332.1731543147, 355.9913905634, 384.5397766124, 393.73140024481995, 422.0, 451.0, 474.5469186944, 496.0, 504.94022907984, 512.22323649436, 552.9620271735599, 573.5614477964599, 580.8917450619199, 621.6267071093199, 645.2337340293199]
