Avion: 2      Iteracion: 90

Num Ruta: 46
Ingresos: 38400.0
Costos: 99.2570294576
Utilidad Ruta: 38300.7429705
Costo Reducido: 2.62288463695
Nodos: [102, 34, 79, 39, 84, 5, 50, 912]
q: [0, 12.0, -12.0, 8.0, -8.0, 12.0, -12.0, 0]
Q: [0, 12.0, 0.0, 8.0, 0.0, 12.0, 0.0, 0]
B: [0.0, 283.0, 323.947598037, 388.0, 410.632187455, 469.0, 470.12168890518, 473.88797354657]
