Avion: 7      Iteracion: 12

Num Ruta: 14
Ingresos: 6000.0
Costos: 41.5235300108
Utilidad Ruta: 5958.47646999
Costo Reducido: 19312.7952461
Nodos: [107, 4, 49, 917]
q: [0, 5.0, -5.0, 0]
Q: [0, 5.0, 0.0, 0]
B: [0.0, 529.0, 549.4257496801999, 556.24839967855]
