Avion: 3      Iteracion: 13

Num Ruta: 16
Ingresos: 144000.0
Costos: 571.555354372
Utilidad Ruta: 143428.444646
Costo Reducido: 152032.470116
Nodos: [103, 17, 62, 16, 61, 12, 57, 44, 36, 81, 3, 48, 89, 26, 71, 28, 32, 73, 77, 6, 51, 5, 50, 15, 7, 60, 4, 52, 49, 33, 78, 913]
q: [0.0, 5.0, -5.0, 11.0, -11.0, 14.0, -14.0, 14.0, 1.0, -1.0, 1.0, -1.0, -14.0, 13.0, -13.0, 8.0, 6.0, -8.0, -6.0, 5.0, -5.0, 12.0, -12.0, 11.0, 4.0, -11.0, 5.0, -4.0, -5.0, 10.0, -10.0, 0.0]
Q: [0.0, 5.0, 0.0, 11.0, 0.0, 14.0, 0.0, 14.0, 15.0, 14.0, 15.0, 14.0, 0.0, 13.0, 0.0, 8.0, 14.0, 6.0, 0.0, 5.0, 0.0, 12.0, 0.0, 11.0, 15.0, 4.0, 9.0, 5.0, 0.0, 10.0, 0.0, 0.0]
B: [0.0, 24.0, 58.8425537813, 64.17419311644, 73.79828455408, 107.75218743728, 151.10011170128, 211.0, 251.0, 257.94814406874, 294.92818141324, 300.01246317176, 324.17682722295996, 341.97710238935997, 359.55633035875996, 378.0, 422.0, 445.4551085267, 472.0058669528, 492.3978387309, 496.09012812909, 514.47898834389, 515.60067724907, 549.00287172787, 562.77013587147, 573.6748754373699, 579.2495547106599, 598.52191569736, 599.68228977497, 608.25375522727, 631.5572664648699, 650.39600527617]
