Avion: 3      Iteracion: 52

Num Ruta: 48
Ingresos: 70800.0
Costos: 193.644824936
Utilidad Ruta: 70606.3551751
Costo Reducido: 22.3762177816
Nodos: [103, 17, 10, 62, 30, 75, 55, 35, 26, 80, 71, 13, 58, 29, 74, 913]
q: [0.0, 5.0, 10.0, -5.0, 5.0, -5.0, -10.0, 2.0, 13.0, -2.0, -13.0, 15.0, -15.0, 9.0, -9.0, 0.0]
Q: [0.0, 5.0, 15.0, 10.0, 15.0, 10.0, 0.0, 2.0, 15.0, 13.0, 0.0, 15.0, 0.0, 9.0, 0.0, 0.0]
B: [0.0, 24.0, 96.0, 113.2607991993, 116.40525368299, 135.11927633979, 154.02007423299, 279.0, 300.0, 309.29300538039, 319.11482114938, 423.0, 439.88315095, 549.0, 582.7797797802, 601.4169443982]
