Avion: 2      Iteracion: 8

Num Ruta: 11
Ingresos: 153600.0
Costos: 578.502990218
Utilidad Ruta: 153021.49701
Costo Reducido: 206457.208306
Nodos: [102, 40, 85, 10, 55, 31, 76, 44, 89, 3, 48, 18, 34, 63, 79, 19, 32, 77, 64, 5, 50, 7, 52, 33, 78, 27, 72, 912]
q: [0.0, 15.0, -15.0, 12.0, -12.0, 6.0, -6.0, 14.0, -14.0, 15.0, -15.0, 3.0, 12.0, -3.0, -12.0, 7.0, 6.0, -6.0, -7.0, 12.0, -12.0, 10.0, -10.0, 10.0, -10.0, 6.0, -6.0, 0.0]
Q: [0.0, 15.0, 0.0, 12.0, 0.0, 6.0, 0.0, 14.0, 0.0, 15.0, 0.0, 3.0, 15.0, 12.0, 0.0, 7.0, 13.0, 7.0, 0.0, 12.0, 0.0, 10.0, 0.0, 10.0, 0.0, 6.0, 0.0, 0.0]
B: [0.0, 62.0, 94.5694417821, 111.75013586, 141.2696465944, 180.8778009316, 194.1834149347, 211.0, 265.00737440390003, 287.39410424550005, 292.47838600402, 313.51739515372003, 337.23288886562005, 365.46492634082006, 380.61755598062007, 423.21707945212006, 434.93199409112003, 462.78934990602005, 479.91672635422003, 487.76703959638, 488.88872850156, 517.0, 545.5413118129, 562.0, 585.3035112376, 592.52226459258, 609.55312696068, 615.79711038475]
