Avion: 5      Iteracion: 27

Num Ruta: 30
Ingresos: 134400.0
Costos: 463.707996475
Utilidad Ruta: 133936.292004
Costo Reducido: 120.170850924
Nodos: [105, 17, 62, 14, 59, 42, 44, 89, 87, 26, 71, 8, 45, 90, 32, 19, 64, 53, 13, 77, 58, 15, 60, 20, 38, 83, 65, 33, 78, 915]
q: [0.0, 5.0, -5.0, 8.0, -8.0, 5.0, 10.0, -10.0, -5.0, 13.0, -13.0, 2.0, 11.0, -11.0, 6.0, 7.0, -7.0, -2.0, 9.0, -6.0, -9.0, 11.0, -11.0, 10.0, 5.0, -5.0, -10.0, 10.0, -10.0, 0.0]
Q: [0.0, 5.0, 0.0, 8.0, 0.0, 5.0, 15.0, 5.0, 0.0, 13.0, 0.0, 2.0, 13.0, 2.0, 8.0, 15.0, 8.0, 6.0, 15.0, 9.0, 0.0, 11.0, 0.0, 10.0, 15.0, 10.0, 0.0, 10.0, 0.0, 0.0]
B: [0.0, 24.0, 58.8425537813, 112.0, 124.021711775, 239.0, 261.4203115277, 315.42768593159997, 333.0557924947, 339.95127108578, 357.53049905518, 414.0, 417.40515271317, 426.59677634559, 428.13238729892, 439.84730193791995, 466.47441822941994, 469.4025374209799, 471.6132135618899, 485.4553933396899, 489.52634372012994, 511.0, 527.4211666151, 533.55501866744, 535.63608810405, 568.50497474475, 595.88198247025, 606.70378181235, 630.00729304995, 646.23988498715]
