Avion: 6      Iteracion: 0

Num Ruta: 1
Ingresos: 78000.0
Costos: 389.024725876
Utilidad Ruta: 77610.9752741
Costo Reducido: -
Nodos: [106, 10, 55, 3, 48, 42, 87, 45, 90, 39, 84, 43, 88, 29, 74, 916]
q: [0, 12.0, -12.0, 15.0, -15.0, 5.0, -5.0, 11.0, -11.0, 8.0, -8.0, 5.0, -5.0, 9.0, -9.0, 0]
Q: [0, 12.0, 0.0, 15.0, 0.0, 5.0, 0.0, 11.0, 0.0, 8.0, 0.0, 5.0, 0.0, 9.0, 0.0, 0]
B: [0.0, 96.0, 125.5195107344, 256.0, 261.08428175852, 282.70958344432, 330.75941809542, 371.0, 380.19162363242, 418.73969909671996, 441.37188655171997, 466.72212088991995, 483.98444199691994, 549.0, 582.7797797802, 614.0430139379]
