Avion: 4      Iteracion: 61

Num Ruta: 52
Ingresos: 49200.0
Costos: 157.198662229
Utilidad Ruta: 49042.8013378
Costo Reducido: 8.15830773428
Nodos: [104, 31, 1, 76, 11, 56, 42, 46, 23, 87, 26, 71, 68, 914]
q: [0.0, 6.0, 7.0, -6.0, 8.0, -8.0, 5.0, -7.0, 10.0, -5.0, 5.0, -5.0, -10.0, 0.0]
Q: [0.0, 6.0, 13.0, 7.0, 15.0, 7.0, 12.0, 5.0, 15.0, 10.0, 15.0, 10.0, 0.0, 0.0]
B: [0.0, 130.0, 175.0, 193.9896940997, 194.468572998797, 198.522639845807, 239.0, 264.0626014013, 268.8931248719, 305.908763729, 312.80424232008, 330.38347028948, 333.45054267206, 348.26121861886]
