Avion: 6      Iteracion: 65

Num Ruta: 63
Ingresos: 80400.0
Costos: 173.860186114
Utilidad Ruta: 80226.1398139
Costo Reducido: 5.44001471371
Nodos: [106, 9, 54, 36, 81, 15, 60, 7, 4, 52, 49, 37, 82, 916]
q: [0, 11.0, -11.0, 15.0, -15.0, 11.0, -11.0, 10.0, 5.0, -10.0, -5.0, 15.0, -15.0, 0]
Q: [0, 11.0, 0.0, 15.0, 0.0, 11.0, 0.0, 10.0, 15.0, 5.0, 0.0, 15.0, 0.0, 0]
B: [0.0, 28.0, 57.5272370025, 251.0, 257.94814406874, 511.0, 527.4211666151, 538.3259061809999, 548.6892794734999, 567.9616404602, 569.12201453781, 576.1863866259699, 596.98104009747, 618.28039259937]
