Avion: 5      Iteracion: 26

Num Ruta: 29
Ingresos: 174000.0
Costos: 593.672887747
Utilidad Ruta: 173406.327112
Costo Reducido: 137.81242119
Nodos: [105, 17, 30, 62, 16, 61, 75, 24, 69, 1, 31, 76, 44, 42, 46, 89, 35, 87, 80, 18, 63, 28, 39, 73, 25, 70, 84, 6, 51, 41, 5, 50, 86, 7, 29, 74, 52, 37, 82, 915]
q: [0.0, 5.0, 10.0, -5.0, 5.0, -5.0, -10.0, 14.0, -14.0, 7.0, 6.0, -6.0, 3.0, 5.0, -7.0, -3.0, 6.0, -5.0, -6.0, 11.0, -11.0, 8.0, 7.0, -8.0, 8.0, -8.0, -7.0, 5.0, -5.0, 13.0, 2.0, -2.0, -13.0, 6.0, 9.0, -9.0, -6.0, 15.0, -15.0, 0.0]
Q: [0.0, 5.0, 15.0, 10.0, 15.0, 10.0, 0.0, 14.0, 0.0, 7.0, 13.0, 7.0, 10.0, 15.0, 8.0, 5.0, 11.0, 6.0, 0.0, 11.0, 0.0, 8.0, 15.0, 7.0, 15.0, 7.0, 0.0, 5.0, 0.0, 13.0, 15.0, 13.0, 0.0, 6.0, 15.0, 6.0, 0.0, 15.0, 0.0, 0.0]
B: [0.0, 24.0, 64.0, 67.14445448369, 72.47609381883, 82.10018525647, 84.97134181786, 109.70531270816, 148.21826301066, 175.0, 183.89376197118, 197.19937597428, 211.37053559518, 239.0, 264.0626014013, 280.07715041150004, 300.49336382140007, 304.5498136238801, 320.6240225935801, 343.51487598528007, 367.33311223398005, 378.0, 389.3210123222, 420.750419714, 424.08379833035997, 441.26878064045997, 460.17589178945997, 466.86413595365997, 470.55642535184995, 489.67314525874997, 498.07850926039, 499.20019816557, 510.51671940667, 520.9268775706701, 549.0, 582.7797797802, 595.0765836332, 602.24939514613, 623.0440486176301, 648.1092265543301]
