Avion: 5      Iteracion: 63

Num Ruta: 59
Ingresos: 127200.0
Costos: 350.775086308
Utilidad Ruta: 126849.224914
Costo Reducido: 7.81376265382
Nodos: [105, 1, 46, 3, 48, 18, 63, 22, 67, 19, 32, 64, 13, 77, 58, 15, 60, 20, 4, 49, 65, 37, 82, 915]
q: [0.0, 7.0, -7.0, 15.0, -15.0, 11.0, -11.0, 10.0, -10.0, 7.0, 6.0, -7.0, 9.0, -6.0, -9.0, 11.0, -11.0, 10.0, 5.0, -5.0, -10.0, 15.0, -15.0, 0.0]
Q: [0.0, 7.0, 0.0, 15.0, 0.0, 11.0, 0.0, 10.0, 0.0, 7.0, 13.0, 6.0, 15.0, 9.0, 0.0, 11.0, 0.0, 10.0, 15.0, 10.0, 0.0, 15.0, 0.0, 0.0]
B: [0.0, 175.0, 209.2400855285, 256.0, 261.08428175852, 293.0, 316.8182362487, 332.3010836612, 354.0557698001, 402.0, 422.0, 441.5724706923, 445.80008999872, 459.64226977652004, 463.71322015696006, 511.0, 527.4211666151, 533.55501866744, 543.83416970244, 564.25991938264, 576.12114263324, 587.69866058834, 608.49331405984, 633.55849199654]
