Avion: 7      Iteracion: 44

Num Ruta: 39
Ingresos: 50400.0
Costos: 169.948965188
Utilidad Ruta: 50230.0510348
Costo Reducido: 3.32543911869
Nodos: [107, 40, 85, 31, 76, 15, 60, 20, 65, 917]
q: [0, 15.0, -15.0, 6.0, -6.0, 11.0, -11.0, 10.0, -10.0, 0]
Q: [0, 15.0, 0.0, 6.0, 0.0, 11.0, 0.0, 10.0, 0.0, 0]
B: [0.0, 62.0, 94.5694417821, 130.0, 143.3056140031, 511.0, 527.4211666151, 533.55501866744, 575.73216111454, 588.6128121074399]
