Avion: 7      Iteracion: 54

Num Ruta: 48
Ingresos: 56400.0
Costos: 164.838006731
Utilidad Ruta: 56235.1619933
Costo Reducido: 7.43825121494
Nodos: [107, 40, 85, 41, 86, 21, 66, 27, 72, 917]
q: [0, 15.0, -15.0, 13.0, -13.0, 13.0, -13.0, 6.0, -6.0, 0]
Q: [0, 15.0, 0.0, 13.0, 0.0, 13.0, 0.0, 6.0, 0.0, 0]
B: [0.0, 62.0, 94.5694417821, 446.0, 466.0411203529, 483.9041773141, 524.6429679933, 538.0, 555.0308623681, 560.60829851744]
