Avion: 6      Iteracion: 21

Num Ruta: 24
Ingresos: 148800.0
Costos: 526.090286434
Utilidad Ruta: 148273.909714
Costo Reducido: 309.911575352
Nodos: [106, 16, 61, 40, 85, 14, 59, 31, 11, 56, 76, 36, 81, 34, 79, 26, 71, 39, 84, 43, 32, 88, 38, 77, 83, 2, 47, 916]
q: [0, 11.0, -11.0, 15.0, -15.0, 8.0, -8.0, 6.0, 8.0, -8.0, -6.0, 15.0, -15.0, 12.0, -12.0, 13.0, -13.0, 8.0, -8.0, 5.0, 6.0, -5.0, 8.0, -6.0, -8.0, 9.0, -9.0, 0]
Q: [0, 11.0, 0.0, 15.0, 0.0, 8.0, 0.0, 6.0, 14.0, 6.0, 0.0, 15.0, 0.0, 12.0, 0.0, 13.0, 0.0, 8.0, 0.0, 5.0, 11.0, 6.0, 14.0, 8.0, 0.0, 9.0, 0.0, 0]
B: [0.0, 36.0, 45.624091437640004, 77.27284989674001, 109.84229167884001, 138.42069361104, 150.44240538604, 177.65447259894, 190.83720179284, 194.89126863985, 198.58564720735, 251.0, 257.94814406874, 283.0, 323.947598037, 358.0226741044, 375.6019020738, 395.2998202633, 417.9320077183, 451.0, 458.21283557278, 482.22254338028, 492.35770721718, 507.38815444938, 529.38423321358, 559.23510673518, 599.97006878258, 613.81875915388]
