Avion: 4      Iteracion: 0

Num Ruta: 3
Ingresos: 196800.0
Costos: 625.278653193
Utilidad Ruta: 196174.721347
Costo Reducido: -
Nodos: [104, 16, 61, 40, 85, 10, 55, 1, 11, 56, 46, 3, 48, 36, 81, 26, 71, 28, 45, 90, 73, 25, 70, 13, 58, 21, 66, 37, 82, 914]
q: [0.0, 11.0, -11.0, 15.0, -15.0, 12.0, -12.0, 7.0, 8.0, -8.0, -7.0, 15.0, -15.0, 15.0, -15.0, 13.0, -13.0, 4.0, 11.0, -11.0, -4.0, 10.0, -10.0, 15.0, -15.0, 13.0, -13.0, 15.0, -15.0, 0.0]
Q: [0.0, 11.0, 0.0, 15.0, 0.0, 12.0, 0.0, 7.0, 15.0, 7.0, 0.0, 15.0, 0.0, 15.0, 0.0, 13.0, 0.0, 4.0, 15.0, 4.0, 0.0, 10.0, 0.0, 15.0, 0.0, 13.0, 0.0, 15.0, 0.0, 0.0]
B: [0.0, 36.0, 45.624091437640004, 77.27284989674001, 109.84229167884001, 127.02298575674001, 156.54249649114, 194.96183766194002, 213.64266625704002, 217.69673310405003, 252.01246244205004, 259.10901435125004, 264.19329610977, 299.11276141207003, 306.06090548081005, 346.36328993881006, 363.94251790821005, 378.0, 411.1514906603, 420.34311429272, 444.27318652412, 447.60656514048, 464.79154745057997, 480.79260791547995, 497.67575886547996, 513.18715525648, 553.9259459356799, 577.50524550118, 598.29989897268, 648.38732438068]
