Avion: 5      Iteracion: 91

Num Ruta: 78
Ingresos: 111600.0
Costos: 336.579157161
Utilidad Ruta: 111263.420843
Costo Reducido: 8.80220849639
Nodos: [105, 1, 46, 3, 48, 23, 18, 63, 68, 22, 67, 19, 32, 64, 13, 77, 58, 20, 4, 49, 65, 2, 47, 915]
q: [0.0, 7.0, -7.0, 15.0, -15.0, 10.0, 5.0, -5.0, -10.0, 10.0, -10.0, 7.0, 6.0, -7.0, 9.0, -6.0, -9.0, 10.0, 5.0, -5.0, -10.0, 9.0, -9.0, 0.0]
Q: [0.0, 7.0, 0.0, 15.0, 0.0, 10.0, 15.0, 10.0, 0.0, 10.0, 0.0, 7.0, 13.0, 6.0, 15.0, 9.0, 0.0, 10.0, 15.0, 10.0, 0.0, 9.0, 0.0, 0.0]
B: [0.0, 175.0, 209.2400855285, 256.0, 261.08428175852, 267.0, 293.0, 316.8182362487, 326.74376782137, 342.50019181287, 364.25487795177, 402.0, 422.0, 441.5724706923, 445.80008999872, 459.64226977652004, 463.71322015696006, 496.0, 529.0, 549.4257496801999, 561.2869729308, 568.6172701962599, 609.35223224366, 620.40831586306]
